H_chr	H_start	H_end	Harbor	TE_chr	TE_start	TE_end	TE	score	TE_strand	TE_half	TE_middle_pos	TE_dis
chr1	239725062	239925062	harbor2	chr1	239786318	239786555	SINE/MIR	902	-	118	239786436	61374
chr1	239725062	239925062	harbor2	chr1	239801100	239801271	SINE/MIR	428	-	86	239801186	76124
chr1	239725062	239925062	harbor2	chr1	239812710	239812933	SINE/MIR	462	-	112	239812822	87760
chr1	240053088	240253088	harbor2	chr1	240076660	240076747	SINE/MIR	647	-	44	240076704	23616
chr1	240053088	240253088	harbor2	chr1	240079313	240079464	SINE/MIR	647	-	76	240079389	26301
chr1	240053088	240253088	harbor2	chr1	240097762	240097942	SINE/MIR	512	-	90	240097852	44764
chr1	240053088	240253088	harbor2	chr1	240111071	240111253	SINE/MIR	466	-	91	240111162	58074
chr1	240053088	240253088	harbor2	chr1	240111814	240111835	SINE/MIR	466	-	10	240111824	58736
chr1	240053088	240253088	harbor2	chr1	240147117	240147331	SINE/MIR	446	-	107	240147224	94136
chr1	240053088	240253088	harbor2	chr1	240140258	240140386	SINE/MIR	430	-	64	240140322	87234
chr1	205885423	206085423	harbor2	chr1	205919780	205919976	SINE/MIR	530	-	98	205919878	34455
chr1	205885423	206085423	harbor2	chr1	205926175	205926410	SINE/MIR	490	-	118	205926293	40870
chr1	205885423	206085423	harbor2	chr1	205928133	205928341	SINE/MIR	525	-	104	205928237	42814
chr1	205885423	206085423	harbor2	chr1	205947742	205947924	SINE/MIR	438	-	91	205947833	62410
chr1	205885423	206085423	harbor2	chr1	205960992	205961159	SINE/MIR	485	-	84	205961076	75653
chr1	205885423	206085423	harbor2	chr1	205963694	205963902	SINE/MIR	593	-	104	205963798	78375
chr1	205885423	206085423	harbor2	chr1	205969807	205969959	SINE/MIR	478	-	76	205969883	84460
chr1	205885423	206085423	harbor2	chr1	205982495	205982710	SINE/MIR	608	-	108	205982603	97180
chr1	221568264	221768264	harbor2	chr1	221647909	221648137	SINE/MIR	526	-	114	221648023	79759
chr1	221568264	221768264	harbor2	chr1	221651708	221651912	SINE/MIR	576	-	102	221651810	83546
chr1	173169202	173369202	harbor2	chr1	173184138	173184295	SINE/MIR	531	-	78	173184216	15014
chr1	173169202	173369202	harbor2	chr1	173194920	173195140	SINE/MIR	427	-	110	173195030	25828
chr1	173169202	173369202	harbor2	chr1	173214163	173214342	SINE/MIR	789	-	90	173214253	45051
chr1	173169202	173369202	harbor2	chr1	173224601	173224734	SINE/MIR	464	-	66	173224667	55465
chr1	193404752	193604752	harbor2	chr1	193413804	193413954	SINE/MIR	443	-	75	193413879	9127
chr1	193404752	193604752	harbor2	chr1	193438762	193438980	SINE/MIR	656	-	109	193438871	34119
chr1	193404752	193604752	harbor2	chr1	193460251	193460472	SINE/MIR	625	-	110	193460361	55609
chr1	204668520	204868520	harbor2	chr1	204673335	204673572	SINE/MIR	717	-	118	204673453	4933
chr1	204668520	204868520	harbor2	chr1	204677040	204677202	SINE/MIR	487	-	81	204677121	8601
chr1	204668520	204868520	harbor2	chr1	204681341	204681582	SINE/MIR	1119	-	120	204681461	12941
chr1	204668520	204868520	harbor2	chr1	204700830	204700886	SINE/MIR	553	-	28	204700858	32338
chr1	204668520	204868520	harbor2	chr1	204701192	204701334	SINE/MIR	553	-	71	204701263	32743
chr1	204668520	204868520	harbor2	chr1	204724166	204724415	SINE/MIR	846	-	124	204724290	55770
chr1	204668520	204868520	harbor2	chr1	204763277	204763502	SINE/MIR	533	-	112	204763389	94869
chr1	242463745	242663745	harbor2	chr1	242468790	242469049	SINE/MIR	978	-	130	242468920	5175
chr1	242463745	242663745	harbor2	chr1	242528582	242528813	SINE/MIR	446	-	116	242528698	64953
chr1	242463745	242663745	harbor2	chr1	242529362	242529592	SINE/MIR	574	-	115	242529477	65732
chr1	242463745	242663745	harbor2	chr1	242533359	242533560	SINE/MIR	795	-	100	242533459	69714
chr1	231377078	231577078	harbor2	chr1	231377125	231377338	SINE/MIR	431	-	106	231377231	153
chr1	231377078	231577078	harbor2	chr1	231378940	231379130	SINE/MIR	464	-	95	231379035	1957
chr1	231377078	231577078	harbor2	chr1	231390377	231390570	SINE/MIR	551	-	96	231390473	13395
chr1	231377078	231577078	harbor2	chr1	231399192	231399417	SINE/MIR	750	-	112	231399304	22226
chr1	231377078	231577078	harbor2	chr1	231399617	231399813	SINE/MIR	635	-	98	231399715	22637
chr1	231377078	231577078	harbor2	chr1	231409749	231409963	SINE/MIR	472	-	107	231409856	32778
chr1	231377078	231577078	harbor2	chr1	231415628	231415823	SINE/MIR	518	-	98	231415726	38648
chr1	231377078	231577078	harbor2	chr1	231422715	231422871	SINE/MIR	619	-	78	231422793	45715
chr1	231377078	231577078	harbor2	chr1	231424777	231424907	SINE/MIR	488	-	65	231424842	47764
chr1	180421925	180621925	harbor2	chr1	180426719	180426935	SINE/MIR	671	-	108	180426827	4902
chr1	180421925	180621925	harbor2	chr1	180496807	180497038	SINE/MIR	412	-	116	180496923	74998
chr1	180421925	180621925	harbor2	chr1	180503614	180503757	SINE/MIR	432	-	72	180503686	81761
chr1	245997606	246197606	harbor2	chr1	245999326	245999560	SINE/MIR	758	-	117	245999443	1837
chr1	245997606	246197606	harbor2	chr1	246020597	246020844	SINE/MIR	523	-	124	246020721	23115
chr1	245997606	246197606	harbor2	chr1	246041949	246042117	SINE/MIR	449	-	84	246042033	44427
chr1	244363444	244563444	harbor2	chr1	244368305	244368481	SINE/MIR	579	-	88	244368393	4949
chr1	244363444	244563444	harbor2	chr1	244380446	244380654	SINE/MIR	475	-	104	244380550	17106
chr1	244363444	244563444	harbor2	chr1	244417052	244417293	SINE/MIR	566	-	120	244417172	53728
chr1	207031304	207231304	harbor2	chr1	207033763	207033982	SINE/MIR	492	-	110	207033873	2569
chr1	207031304	207231304	harbor2	chr1	207127401	207127540	SINE/MIR	563	-	70	207127471	96167
chr1	182771213	182971213	harbor2	chr1	182792128	182792348	SINE/MIR	912	-	110	182792238	21025
chr1	182771213	182971213	harbor2	chr1	182810740	182810987	SINE/MIR	718	-	124	182810864	39651
chr1	182771213	182971213	harbor2	chr1	182860538	182860772	SINE/MIR	523	-	117	182860655	89442
chr1	155188349	155388349	harbor2	chr1	155201650	155201853	SINE/MIR	575	-	102	155201752	13403
chr1	155188349	155388349	harbor2	chr1	155259719	155259946	SINE/MIR	657	-	114	155259833	71484
chr1	240849580	241049580	harbor2	chr1	240865062	240865261	SINE/MIR	487	-	100	240865162	15582
chr1	240849580	241049580	harbor2	chr1	240888593	240888835	SINE/MIR	492	-	121	240888714	39134
chr1	240849580	241049580	harbor2	chr1	240890606	240890821	SINE/MIR	788	-	108	240890714	41134
chr1	240849580	241049580	harbor2	chr1	240905501	240905627	SINE/MIR	417	-	63	240905564	55984
chr1	240849580	241049580	harbor2	chr1	240928991	240929203	SINE/MIR	503	-	106	240929097	79517
chr1	219423544	219623544	harbor2	chr1	219424892	219424984	SINE/MIR	662	-	46	219424938	1394
chr1	219423544	219623544	harbor2	chr1	219425321	219425458	SINE/MIR	662	-	68	219425389	1845
chr1	219423544	219623544	harbor2	chr1	219447107	219447203	SINE/MIR	444	-	48	219447155	23611
chr1	231931002	232131002	harbor2	chr1	231932380	231932599	SINE/MIR	518	-	110	231932490	1488
chr1	231931002	232131002	harbor2	chr1	231983899	231984076	SINE/MIR	669	-	88	231983987	52985
chr1	231931002	232131002	harbor2	chr1	231989730	231989953	SINE/MIR	428	-	112	231989842	58840
chr1	237772572	237972572	harbor2	chr1	237782712	237782927	SINE/MIR	707	-	108	237782820	10248
chr1	237772572	237972572	harbor2	chr1	237790630	237790836	SINE/MIR	590	-	103	237790733	18161
chr1	237772572	237972572	harbor2	chr1	237812028	237812196	SINE/MIR	728	-	84	237812112	39540
chr1	237772572	237972572	harbor2	chr1	237826733	237826944	SINE/MIR	495	-	106	237826839	54267
chr1	16590078	16790078	harbor2	chr1	16590677	16590823	SINE/MIR	424	-	73	16590750	672
chr1	16590078	16790078	harbor2	chr1	16616012	16616256	SINE/MIR	462	-	122	16616134	26056
chr1	16590078	16790078	harbor2	chr1	16619309	16619456	SINE/MIR	456	-	74	16619383	29305
chr1	16590078	16790078	harbor2	chr1	16621378	16621593	SINE/MIR	530	-	108	16621486	31408
chr1	16590078	16790078	harbor2	chr1	16623030	16623201	SINE/MIR	537	-	86	16623116	33038
chr1	16590078	16790078	harbor2	chr1	16623585	16623784	SINE/MIR	569	-	100	16623685	33607
chr1	16590078	16790078	harbor2	chr1	16625572	16625696	SINE/MIR	428	-	62	16625634	35556
chr1	16590078	16790078	harbor2	chr1	16682379	16682595	SINE/MIR	452	-	108	16682487	92409
chr1	16590078	16790078	harbor2	chr1	16682807	16683029	SINE/MIR	497	-	111	16682918	92840
chr1	119497315	119697315	harbor2	chr1	119509061	119509282	SINE/MIR	815	-	110	119509171	11856
chr1	119497315	119697315	harbor2	chr1	119511830	119511958	SINE/MIR	467	-	64	119511894	14579
chr1	119497315	119697315	harbor2	chr1	119540357	119540575	SINE/MIR	894	-	109	119540466	43151
chr1	119497315	119697315	harbor2	chr1	119565594	119565824	SINE/MIR	964	-	115	119565709	68394
chr1	87815295	88015295	harbor2	chr1	87848524	87848741	SINE/MIR	717	-	108	87848632	33337
chr1	87815295	88015295	harbor2	chr1	87857139	87857362	SINE/MIR	514	-	112	87857251	41956
chr1	87815295	88015295	harbor2	chr1	87859800	87859993	SINE/MIR	784	-	96	87859896	44601
chr1	87815295	88015295	harbor2	chr1	87877315	87877515	SINE/MIR	671	-	100	87877415	62120
chr1	87815295	88015295	harbor2	chr1	87892943	87893167	SINE/MIR	730	-	112	87893055	77760
chr1	87815295	88015295	harbor2	chr1	87898348	87898527	SINE/MIR	478	-	90	87898438	83143
chr1	178829159	179029159	harbor2	chr1	178849040	178849274	SINE/MIR	915	-	117	178849157	19998
chr1	178829159	179029159	harbor2	chr1	178861005	178861161	SINE/MIR	514	-	78	178861083	31924
chr1	178829159	179029159	harbor2	chr1	178862976	178863104	SINE/MIR	526	-	64	178863040	33881
chr1	178829159	179029159	harbor2	chr1	178867165	178867399	SINE/MIR	869	-	117	178867282	38123
chr1	187609479	187809479	harbor2	chr1	187698354	187698513	SINE/MIR	469	-	80	187698434	88955
chr1	187609479	187809479	harbor2	chr1	187705096	187705266	SINE/MIR	510	-	85	187705181	95702
chr1	240690402	240890402	harbor2	chr1	240695046	240695291	SINE/MIR	433	-	122	240695168	4766
chr1	240690402	240890402	harbor2	chr1	240735462	240735650	SINE/MIR	417	-	94	240735556	45154
chr1	240690402	240890402	harbor2	chr1	240737859	240737992	SINE/MIR	474	-	66	240737925	47523
chr1	224191991	224391991	harbor2	chr1	224196382	224196465	SINE/MIR	541	-	42	224196424	4433
chr1	224191991	224391991	harbor2	chr1	224196769	224196960	SINE/MIR	541	-	96	224196865	4874
chr1	224191991	224391991	harbor2	chr1	224201215	224201398	SINE/MIR	535	-	92	224201307	9316
chr1	224191991	224391991	harbor2	chr1	224236365	224236488	SINE/MIR	494	-	62	224236427	44436
chr1	152478790	152678790	harbor2	chr1	152497278	152497437	SINE/MIR	437	-	80	152497358	18568
chr1	152478790	152678790	harbor2	chr1	152499145	152499245	SINE/MIR	422	-	50	152499195	20405
chr1	152478790	152678790	harbor2	chr1	152500279	152500479	SINE/MIR	432	-	100	152500379	21589
chr1	152478790	152678790	harbor2	chr1	152506116	152506313	SINE/MIR	555	-	98	152506214	27424
chr1	152478790	152678790	harbor2	chr1	152508457	152508674	SINE/MIR	789	-	108	152508565	29775
chr1	152478790	152678790	harbor2	chr1	152518229	152518397	SINE/MIR	416	-	84	152518313	39523
chr1	230709504	230909504	harbor2	chr1	230713329	230713448	SINE/MIR	412	-	60	230713389	3885
chr1	230709504	230909504	harbor2	chr1	230713490	230713646	SINE/MIR	477	-	78	230713568	4064
chr1	230709504	230909504	harbor2	chr1	230726169	230726382	SINE/MIR	487	-	106	230726275	16771
chr1	230709504	230909504	harbor2	chr1	230755728	230755918	SINE/MIR	599	-	95	230755823	46319
chr1	230709504	230909504	harbor2	chr1	230760952	230761106	SINE/MIR	534	-	77	230761029	51525
chr1	230709504	230909504	harbor2	chr1	230767156	230767331	SINE/MIR	514	-	88	230767244	57740
chr1	230709504	230909504	harbor2	chr1	230798351	230798503	SINE/MIR	463	-	76	230798427	88923
chr1	243259341	243459341	harbor2	chr1	243289492	243289735	SINE/MIR	720	-	122	243289614	30273
chr1	243259341	243459341	harbor2	chr1	243310303	243310451	SINE/MIR	472	-	74	243310377	51036
chr1	241178131	241378131	harbor2	chr1	241187265	241187416	SINE/MIR	461	-	76	241187341	9210
chr1	241178131	241378131	harbor2	chr1	241201645	241201886	SINE/MIR	511	-	120	241201765	23634
chr1	241178131	241378131	harbor2	chr1	241222604	241222771	SINE/MIR	466	-	84	241222688	44557
chr1	241178131	241378131	harbor2	chr1	241235130	241235318	SINE/MIR	446	-	94	241235224	57093
chr1	236818810	237018810	harbor2	chr1	236833338	236833571	SINE/MIR	912	-	116	236833454	14644
chr1	236818810	237018810	harbor2	chr1	236840218	236840437	SINE/MIR	459	-	110	236840328	21518
chr1	236818810	237018810	harbor2	chr1	236865862	236866009	SINE/MIR	433	-	74	236865936	47126
chr1	236818810	237018810	harbor2	chr1	236881763	236881984	SINE/MIR	765	-	110	236881873	63063
chr1	173238349	173438349	harbor2	chr1	173281740	173281927	SINE/MIR	664	-	94	173281834	43485
chr1	173238349	173438349	harbor2	chr1	173298650	173298889	SINE/MIR	449	-	120	173298770	60421
chr1	191379444	191579444	harbor2	chr1	191426343	191426512	SINE/MIR	547	-	84	191426427	46983
chr1	48196763	48396763	harbor2	chr1	48235395	48235548	SINE/MIR	422	-	76	48235471	38708
chr1	48196763	48396763	harbor2	chr1	48246684	48246917	SINE/MIR	477	-	116	48246800	50037
chr1	48196763	48396763	harbor2	chr1	48259298	48259402	SINE/MIR	446	-	52	48259350	62587
chr1	215226560	215426560	harbor2	chr1	215231435	215231637	SINE/MIR	685	-	101	215231536	4976
chr1	215226560	215426560	harbor2	chr1	215291142	215291396	SINE/MIR	742	-	127	215291269	64709
chr1	215226560	215426560	harbor2	chr1	215295781	215295903	SINE/MIR	450	-	61	215295842	69282
chr1	215226560	215426560	harbor2	chr1	215318209	215318373	SINE/MIR	485	-	82	215318291	91731
chr1	164790245	164990245	harbor2	chr1	164795037	164795263	SINE/MIR	550	-	113	164795150	4905
chr1	164790245	164990245	harbor2	chr1	164797743	164797941	SINE/MIR	641	-	99	164797842	7597
chr1	164790245	164990245	harbor2	chr1	164846117	164846307	SINE/MIR	459	-	95	164846212	55967
chr1	164790245	164990245	harbor2	chr1	164865515	164865722	SINE/MIR	613	-	104	164865619	75374
chr1	164790245	164990245	harbor2	chr1	164872945	164873178	SINE/MIR	587	-	116	164873061	82816
chr1	164790245	164990245	harbor2	chr1	164876990	164877224	SINE/MIR	493	-	117	164877107	86862
chr1	164790245	164990245	harbor2	chr1	164884998	164885214	SINE/MIR	530	-	108	164885106	94861
chr1	235718422	235918422	harbor2	chr1	235730256	235730404	SINE/MIR	631	-	74	235730330	11908
chr1	246720650	246920650	harbor2	chr1	246732759	246732988	SINE/MIR	726	-	114	246732873	12223
chr1	246720650	246920650	harbor2	chr1	246736804	246737024	SINE/MIR	484	-	110	246736914	16264
chr1	246720650	246920650	harbor2	chr1	246760306	246760519	SINE/MIR	861	-	106	246760412	39762
chr1	246720650	246920650	harbor2	chr1	246771375	246771571	SINE/MIR	510	-	98	246771473	50823
chr1	246720650	246920650	harbor2	chr1	246808380	246808564	SINE/MIR	462	-	92	246808472	87822
chr1	178352446	178552446	harbor2	chr1	178420968	178421184	SINE/MIR	1137	-	108	178421076	68630
chr1	178352446	178552446	harbor2	chr1	178421430	178421653	SINE/MIR	968	-	112	178421542	69096
chr1	178352446	178552446	harbor2	chr1	178423457	178423681	SINE/MIR	1006	-	112	178423569	71123
chr1	178352446	178552446	harbor2	chr1	178430574	178430830	SINE/MIR	560	-	128	178430702	78256
chr1	178352446	178552446	harbor2	chr1	178450198	178450439	SINE/MIR	728	-	120	178450318	97872
chr1	204361166	204561166	harbor2	chr1	204369147	204369389	SINE/MIR	623	-	121	204369268	8102
chr1	204361166	204561166	harbor2	chr1	204390674	204390882	SINE/MIR	508	-	104	204390778	29612
chr1	204361166	204561166	harbor2	chr1	204407671	204407803	SINE/MIR	597	-	66	204407737	46571
chr1	204361166	204561166	harbor2	chr1	204427331	204427465	SINE/MIR	512	-	67	204427398	66232
chr1	183072411	183272411	harbor2	chr1	183101570	183101794	SINE/MIR	556	-	112	183101682	29271
chr1	183072411	183272411	harbor2	chr1	183105931	183106183	SINE/MIR	1088	-	126	183106057	33646
chr1	183072411	183272411	harbor2	chr1	183110033	183110197	SINE/MIR	670	-	82	183110115	37704
chr1	183072411	183272411	harbor2	chr1	183166865	183167054	SINE/MIR	558	-	94	183166959	94548
chr1	198689580	198889580	harbor2	chr1	198727537	198727683	SINE/MIR	409	-	73	198727610	38030
chr1	237704271	237904271	harbor2	chr1	237729922	237730082	SINE/MIR	521	-	80	237730002	25731
chr1	237704271	237904271	harbor2	chr1	237764138	237764326	SINE/MIR	642	-	94	237764232	59961
chr1	237704271	237904271	harbor2	chr1	237767012	237767182	SINE/MIR	409	-	85	237767097	62826
chr1	237704271	237904271	harbor2	chr1	237782712	237782927	SINE/MIR	707	-	108	237782820	78549
chr1	237704271	237904271	harbor2	chr1	237790630	237790836	SINE/MIR	590	-	103	237790733	86462
chr1	236049308	236249308	harbor2	chr1	236049665	236049757	SINE/MIR	577	-	46	236049711	403
chr1	236049308	236249308	harbor2	chr1	236050057	236050194	SINE/MIR	577	-	68	236050125	817
chr1	236049308	236249308	harbor2	chr1	236058994	236059196	SINE/MIR	474	-	101	236059095	9787
chr1	236049308	236249308	harbor2	chr1	236066522	236066737	SINE/MIR	542	-	108	236066630	17322
chr1	236049308	236249308	harbor2	chr1	236067694	236067908	SINE/MIR	559	-	107	236067801	18493
chr1	236049308	236249308	harbor2	chr1	236082045	236082230	SINE/MIR	467	-	92	236082137	32829
chr1	236049308	236249308	harbor2	chr1	236083563	236083707	SINE/MIR	460	-	72	236083635	34327
chr1	236049308	236249308	harbor2	chr1	236100544	236100778	SINE/MIR	504	-	117	236100661	51353
chr1	236049308	236249308	harbor2	chr1	236145657	236145853	SINE/MIR	580	-	98	236145755	96447
chr1	236049308	236249308	harbor2	chr1	236109582	236109836	SINE/MIR	432	-	127	236109709	60401
chr1	245828070	246028070	harbor2	chr1	245868131	245868309	SINE/MIR	474	-	89	245868220	40150
chr1	245828070	246028070	harbor2	chr1	245880511	245880744	SINE/MIR	440	-	116	245880627	52557
chr1	245828070	246028070	harbor2	chr1	245892291	245892531	SINE/MIR	539	-	120	245892411	64341
chr1	245828070	246028070	harbor2	chr1	245899420	245899604	SINE/MIR	420	-	92	245899512	71442
chr1	241981769	242181769	harbor2	chr1	241986258	241986391	SINE/MIR	421	-	66	241986324	4555
chr1	241981769	242181769	harbor2	chr1	242073927	242074040	SINE/MIR	411	-	56	242073983	92214
chr1	220935696	221135696	harbor2	chr1	220944497	220944599	SINE/MIR	508	-	51	220944548	8852
chr1	220935696	221135696	harbor2	chr1	220961079	220961226	SINE/MIR	475	-	74	220961153	25457
chr1	220935696	221135696	harbor2	chr1	220961283	220961342	SINE/MIR	475	-	30	220961313	25617
chr1	220935696	221135696	harbor2	chr1	220990530	220990699	SINE/MIR	580	-	84	220990614	54918
chr1	220935696	221135696	harbor2	chr1	221001038	221001307	SINE/MIR	540	-	134	221001172	65476
chr1	109823463	110023463	harbor2	chr1	109825128	109825163	SINE/MIR	710	-	18	109825146	1683
chr1	109823463	110023463	harbor2	chr1	109825459	109825603	SINE/MIR	710	-	72	109825531	2068
chr1	109823463	110023463	harbor2	chr1	109826303	109826500	SINE/MIR	465	-	98	109826401	2938
chr1	109823463	110023463	harbor2	chr1	109867558	109867752	SINE/MIR	734	-	97	109867655	44192
chr1	109823463	110023463	harbor2	chr1	109874298	109874552	SINE/MIR	831	-	127	109874425	50962
chr1	109823463	110023463	harbor2	chr1	109898759	109898939	SINE/MIR	761	-	90	109898849	75386
chr1	109823463	110023463	harbor2	chr1	109903938	109904156	SINE/MIR	492	-	109	109904047	80584
chr1	109823463	110023463	harbor2	chr1	109904162	109904390	SINE/MIR	473	-	114	109904276	80813
chr1	109823463	110023463	harbor2	chr1	109905125	109905202	SINE/MIR	854	-	38	109905163	81700
chr1	109823463	110023463	harbor2	chr1	109905512	109905674	SINE/MIR	854	-	81	109905593	82130
chr1	109823463	110023463	harbor2	chr1	109908501	109908735	SINE/MIR	571	-	117	109908618	85155
chr1	109823463	110023463	harbor2	chr1	109908789	109908953	SINE/MIR	591	-	82	109908871	85408
chr1	196228220	196428220	harbor2	chr1	196314586	196314813	SINE/MIR	457	-	114	196314700	86480
chr1	203480744	203680744	harbor2	chr1	203506609	203506849	SINE/MIR	590	-	120	203506729	25985
chr1	203480744	203680744	harbor2	chr1	203507933	203508086	SINE/MIR	446	-	76	203508009	27265
chr1	203480744	203680744	harbor2	chr1	203510939	203511045	SINE/MIR	445	-	53	203510992	30248
chr1	203480744	203680744	harbor2	chr1	203511322	203511428	SINE/MIR	445	-	53	203511375	30631
chr1	203480744	203680744	harbor2	chr1	203522728	203522953	SINE/MIR	884	-	112	203522840	42096
chr1	203480744	203680744	harbor2	chr1	203528529	203528754	SINE/MIR	431	-	112	203528641	47897
chr1	203480744	203680744	harbor2	chr1	203534142	203534364	SINE/MIR	512	-	111	203534253	53509
chr1	203480744	203680744	harbor2	chr1	203537810	203537943	SINE/MIR	476	-	66	203537876	57132
chr1	177610094	177810094	harbor2	chr1	177658756	177658913	SINE/MIR	527	-	78	177658834	48740
chr1	177610094	177810094	harbor2	chr1	177659837	177659982	SINE/MIR	443	-	72	177659909	49815
chr1	177610094	177810094	harbor2	chr1	177689906	177690154	SINE/MIR	811	-	124	177690030	79936
chr1	177610094	177810094	harbor2	chr1	177704472	177704657	SINE/MIR	597	-	92	177704564	94470
chr1	74936217	75136217	harbor2	chr1	74940211	74940387	SINE/MIR	623	-	88	74940299	4082
chr1	74936217	75136217	harbor2	chr1	74968978	74969211	SINE/MIR	780	-	116	74969094	32877
chr1	74936217	75136217	harbor2	chr1	74971591	74971815	SINE/MIR	553	-	112	74971703	35486
chr1	74936217	75136217	harbor2	chr1	74981165	74981316	SINE/MIR	443	-	76	74981241	45024
chr1	74936217	75136217	harbor2	chr1	74982702	74982898	SINE/MIR	634	-	98	74982800	46583
chr1	74936217	75136217	harbor2	chr1	74986385	74986512	SINE/MIR	508	-	64	74986449	50232
chr1	74936217	75136217	harbor2	chr1	75003337	75003524	SINE/MIR	463	-	94	75003431	67214
chr1	74936217	75136217	harbor2	chr1	75011336	75011505	SINE/MIR	461	-	84	75011420	75203
chr1	74936217	75136217	harbor2	chr1	75012240	75012486	SINE/MIR	600	-	123	75012363	76146
chr1	74936217	75136217	harbor2	chr1	75018544	75018706	SINE/MIR	424	-	81	75018625	82408
chr1	74936217	75136217	harbor2	chr1	75022540	75022752	SINE/MIR	479	-	106	75022646	86429
chr1	204042223	204242223	harbor2	chr1	204042341	204042480	SINE/MIR	697	-	70	204042411	188
chr1	204042223	204242223	harbor2	chr1	204042836	204042904	SINE/MIR	697	-	34	204042870	647
chr1	204042223	204242223	harbor2	chr1	204101603	204101756	SINE/MIR	483	-	76	204101679	59456
chr1	204042223	204242223	harbor2	chr1	204102738	204102926	SINE/MIR	447	-	94	204102832	60609
chr1	204042223	204242223	harbor2	chr1	204106954	204107096	SINE/MIR	594	-	71	204107025	64802
chr1	204042223	204242223	harbor2	chr1	204107124	204107323	SINE/MIR	501	-	100	204107224	65001
chr1	204042223	204242223	harbor2	chr1	204111182	204111361	SINE/MIR	772	-	90	204111272	69049
chr1	204042223	204242223	harbor2	chr1	204113913	204114152	SINE/MIR	676	-	120	204114033	71810
chr1	204042223	204242223	harbor2	chr1	204115584	204115657	SINE/MIR	589	-	36	204115620	73397
chr1	204042223	204242223	harbor2	chr1	204115966	204116158	SINE/MIR	589	-	96	204116062	73839
chr1	204042223	204242223	harbor2	chr1	204138128	204138273	SINE/MIR	441	-	72	204138200	95977
chr1	204042223	204242223	harbor2	chr1	204138972	204139178	SINE/MIR	587	-	103	204139075	96852
chr1	57157366	57357366	harbor2	chr1	57160251	57160404	SINE/MIR	528	-	76	57160327	2961
chr1	57157366	57357366	harbor2	chr1	57165538	57165803	SINE/MIR	687	-	132	57165670	8304
chr1	57157366	57357366	harbor2	chr1	57169289	57169465	SINE/MIR	675	-	88	57169377	12011
chr1	57157366	57357366	harbor2	chr1	57170507	57170692	SINE/MIR	573	-	92	57170599	13233
chr1	57157366	57357366	harbor2	chr1	57172326	57172452	SINE/MIR	437	-	63	57172389	15023
chr1	57157366	57357366	harbor2	chr1	57172880	57172963	SINE/MIR	437	-	42	57172922	15556
chr1	57157366	57357366	harbor2	chr1	57188820	57189058	SINE/MIR	505	-	119	57188939	31573
chr1	57157366	57357366	harbor2	chr1	57190321	57190514	SINE/MIR	626	-	96	57190417	33051
chr1	57157366	57357366	harbor2	chr1	57196892	57197053	SINE/MIR	520	-	80	57196972	39606
chr1	57157366	57357366	harbor2	chr1	57197424	57197673	SINE/MIR	710	-	124	57197548	40182
chr1	57157366	57357366	harbor2	chr1	57205543	57205745	SINE/MIR	763	-	101	57205644	48278
chr1	57157366	57357366	harbor2	chr1	57208647	57208853	SINE/MIR	436	-	103	57208750	51384
chr1	57157366	57357366	harbor2	chr1	57212669	57212896	SINE/MIR	475	-	114	57212783	55417
chr1	57157366	57357366	harbor2	chr1	57216685	57216909	SINE/MIR	426	-	112	57216797	59431
chr1	57157366	57357366	harbor2	chr1	57221992	57222216	SINE/MIR	474	-	112	57222104	64738
chr1	57157366	57357366	harbor2	chr1	57231539	57231766	SINE/MIR	625	-	114	57231653	74287
chr1	57157366	57357366	harbor2	chr1	57240440	57240653	SINE/MIR	492	-	106	57240546	83180
chr1	247152841	247352841	harbor2	chr1	247153300	247153483	SINE/MIR	460	-	92	247153392	551
chr1	100205855	100405855	harbor2	chr1	100220583	100220793	SINE/MIR	623	-	105	100220688	14833
chr1	100205855	100405855	harbor2	chr1	100234542	100234734	SINE/MIR	522	-	96	100234638	28783
chr1	100205855	100405855	harbor2	chr1	100242935	100242983	SINE/MIR	434	-	24	100242959	37104
chr1	100205855	100405855	harbor2	chr1	100243289	100243314	SINE/MIR	434	-	12	100243301	37446
chr1	100205855	100405855	harbor2	chr1	100243623	100243786	SINE/MIR	434	-	82	100243705	37850
chr1	100205855	100405855	harbor2	chr1	100287285	100287544	SINE/MIR	616	-	130	100287415	81560
chr1	215166803	215366803	harbor2	chr1	215231435	215231637	SINE/MIR	685	-	101	215231536	64733
chr1	243072680	243272680	harbor2	chr1	243144212	243144368	SINE/MIR	506	-	78	243144290	71610
chr1	243072680	243272680	harbor2	chr1	243150769	243150998	SINE/MIR	450	-	114	243150883	78203
chr1	208851983	209051983	harbor2	chr1	208858338	208858556	SINE/MIR	475	-	109	208858447	6464
chr1	208851983	209051983	harbor2	chr1	208893723	208893934	SINE/MIR	501	-	106	208893829	41846
chr1	208851983	209051983	harbor2	chr1	208916803	208916989	SINE/MIR	621	-	93	208916896	64913
chr1	208851983	209051983	harbor2	chr1	208935616	208935831	SINE/MIR	543	-	108	208935724	83741
chr1	208851983	209051983	harbor2	chr1	208936350	208936540	SINE/MIR	670	-	95	208936445	84462
chr1	208851983	209051983	harbor2	chr1	208936801	208936968	SINE/MIR	422	-	84	208936885	84902
chr1	169227112	169427112	harbor2	chr1	169234506	169234722	SINE/MIR	669	-	108	169234614	7502
chr1	169227112	169427112	harbor2	chr1	169235385	169235578	SINE/MIR	469	-	96	169235481	8369
chr1	169227112	169427112	harbor2	chr1	169236173	169236418	SINE/MIR	575	-	122	169236295	9183
chr1	169227112	169427112	harbor2	chr1	169243419	169243470	SINE/MIR	455	-	26	169243445	16333
chr1	169227112	169427112	harbor2	chr1	169243825	169243962	SINE/MIR	455	-	68	169243893	16781
chr1	169227112	169427112	harbor2	chr1	169270679	169270898	SINE/MIR	860	-	110	169270789	43677
chr1	169227112	169427112	harbor2	chr1	169289403	169289564	SINE/MIR	568	-	80	169289483	62371
chr1	169227112	169427112	harbor2	chr1	169294090	169294237	SINE/MIR	441	-	74	169294164	67052
chr1	169227112	169427112	harbor2	chr1	169304617	169304809	SINE/MIR	542	-	96	169304713	77601
chr1	169227112	169427112	harbor2	chr1	169307679	169307738	SINE/MIR	513	-	30	169307709	80597
chr1	169227112	169427112	harbor2	chr1	169308037	169308141	SINE/MIR	513	-	52	169308089	80977
chr1	169227112	169427112	harbor2	chr1	169326972	169327100	SINE/MIR	451	-	64	169327036	99924
chr1	201494641	201694641	harbor2	chr1	201494873	201495101	SINE/MIR	433	-	114	201494987	346
chr1	201494641	201694641	harbor2	chr1	201532485	201532686	SINE/MIR	535	-	100	201532585	37944
chr1	201494641	201694641	harbor2	chr1	201534468	201534590	SINE/MIR	503	-	61	201534529	39888
chr1	201494641	201694641	harbor2	chr1	201537558	201537809	SINE/MIR	1056	-	126	201537684	43043
chr1	201494641	201694641	harbor2	chr1	201547493	201547661	SINE/MIR	493	-	84	201547577	52936
chr1	201494641	201694641	harbor2	chr1	201550998	201551191	SINE/MIR	709	-	96	201551094	56453
chr1	201494641	201694641	harbor2	chr1	201589839	201589883	SINE/MIR	409	-	22	201589861	95220
chr1	201494641	201694641	harbor2	chr1	201590193	201590348	SINE/MIR	409	-	78	201590271	95630
chr1	192175076	192375076	harbor2	chr1	192180241	192180448	SINE/MIR	787	-	104	192180345	5269
chr1	231713143	231913143	harbor2	chr1	231743211	231743435	SINE/MIR	845	-	112	231743323	30180
chr1	231713143	231913143	harbor2	chr1	231762897	231763044	SINE/MIR	411	-	74	231762971	49828
chr1	231713143	231913143	harbor2	chr1	231786219	231786350	SINE/MIR	487	-	66	231786285	73142
chr1	208129250	208329250	harbor2	chr1	208132759	208132963	SINE/MIR	968	-	102	208132861	3611
chr1	208129250	208329250	harbor2	chr1	208136870	208137108	SINE/MIR	647	-	119	208136989	7739
chr1	208129250	208329250	harbor2	chr1	208139166	208139334	SINE/MIR	487	-	84	208139250	10000
chr1	208129250	208329250	harbor2	chr1	208147526	208147736	SINE/MIR	632	-	105	208147631	18381
chr1	208129250	208329250	harbor2	chr1	208151631	208151850	SINE/MIR	547	-	110	208151741	22491
chr1	208129250	208329250	harbor2	chr1	208153171	208153415	SINE/MIR	870	-	122	208153293	24043
chr1	208129250	208329250	harbor2	chr1	208156379	208156593	SINE/MIR	523	-	107	208156486	27236
chr1	208129250	208329250	harbor2	chr1	208162656	208162877	SINE/MIR	1030	-	110	208162766	33516
chr1	208129250	208329250	harbor2	chr1	208165287	208165537	SINE/MIR	717	-	125	208165412	36162
chr1	208129250	208329250	harbor2	chr1	208168490	208168662	SINE/MIR	500	-	86	208168576	39326
chr1	208129250	208329250	harbor2	chr1	208173383	208173589	SINE/MIR	595	-	103	208173486	44236
chr1	208129250	208329250	harbor2	chr1	208180550	208180706	SINE/MIR	418	-	78	208180628	51378
chr1	208129250	208329250	harbor2	chr1	208187841	208188059	SINE/MIR	468	-	109	208187950	58700
chr1	208129250	208329250	harbor2	chr1	208189560	208189804	SINE/MIR	814	-	122	208189682	60432
chr1	208129250	208329250	harbor2	chr1	208191494	208191758	SINE/MIR	916	-	132	208191626	62376
chr1	208129250	208329250	harbor2	chr1	208196940	208197146	SINE/MIR	616	-	103	208197043	67793
chr1	208129250	208329250	harbor2	chr1	208201648	208201783	SINE/MIR	425	-	68	208201716	72466
chr1	208129250	208329250	harbor2	chr1	208202369	208202517	SINE/MIR	463	-	74	208202443	73193
chr1	208129250	208329250	harbor2	chr1	208214227	208214489	SINE/MIR	954	-	131	208214358	85108
chr1	208129250	208329250	harbor2	chr1	208214736	208214932	SINE/MIR	473	-	98	208214834	85584
chr1	208129250	208329250	harbor2	chr1	208227265	208227473	SINE/MIR	456	-	104	208227369	98119
chr1	79196825	79396825	harbor2	chr1	79196822	79197027	SINE/MIR	670	-	102	79196924	99
chr1	79196825	79396825	harbor2	chr1	79216182	79216392	SINE/MIR	553	-	105	79216287	19462
chr1	79196825	79396825	harbor2	chr1	79232392	79232627	SINE/MIR	559	-	118	79232510	35685
chr1	79196825	79396825	harbor2	chr1	79255890	79256021	SINE/MIR	427	-	66	79255956	59131
chr1	79196825	79396825	harbor2	chr1	79279434	79279692	SINE/MIR	591	-	129	79279563	82738
chr1	79196825	79396825	harbor2	chr1	79282491	79282624	SINE/MIR	448	-	66	79282557	85732
chr1	79196825	79396825	harbor2	chr1	79282737	79282974	SINE/MIR	678	-	118	79282855	86030
chr1	157348253	157548253	harbor2	chr1	157359359	157359549	SINE/MIR	518	-	95	157359454	11201
chr1	157348253	157548253	harbor2	chr1	157377188	157377342	SINE/MIR	491	-	77	157377265	29012
chr1	157348253	157548253	harbor2	chr1	157384119	157384347	SINE/MIR	598	-	114	157384233	35980
chr1	157348253	157548253	harbor2	chr1	157405717	157405882	SINE/MIR	455	-	82	157405799	57546
chr1	157348253	157548253	harbor2	chr1	157407257	157407465	SINE/MIR	420	-	104	157407361	59108
chr1	80833785	81033785	harbor2	chr1	80840366	80840537	SINE/MIR	442	-	86	80840452	6667
chr1	80833785	81033785	harbor2	chr1	80851417	80851595	SINE/MIR	412	-	89	80851506	17721
chr1	80833785	81033785	harbor2	chr1	80885191	80885424	SINE/MIR	420	-	116	80885307	51522
chr1	80833785	81033785	harbor2	chr1	80932347	80932514	SINE/MIR	456	-	84	80932431	98646
chr1	214163154	214363154	harbor2	chr1	214190500	214190673	SINE/MIR	411	-	86	214190586	27432
chr1	214163154	214363154	harbor2	chr1	214197659	214197850	SINE/MIR	475	-	96	214197755	34601
chr1	214163154	214363154	harbor2	chr1	214210851	214211072	SINE/MIR	574	-	110	214210961	47807
chr1	214163154	214363154	harbor2	chr1	214211333	214211519	SINE/MIR	417	-	93	214211426	48272
chr1	214163154	214363154	harbor2	chr1	214213669	214213894	SINE/MIR	628	-	112	214213781	50627
chr1	214163154	214363154	harbor2	chr1	214222941	214222987	SINE/MIR	550	-	23	214222964	59810
chr1	214163154	214363154	harbor2	chr1	214223116	214223298	SINE/MIR	550	-	91	214223207	60053
chr1	214163154	214363154	harbor2	chr1	214236549	214236726	SINE/MIR	522	-	88	214236637	73483
chr1	214163154	214363154	harbor2	chr1	214252328	214252497	SINE/MIR	448	-	84	214252412	89258
chr1	207298643	207498643	harbor2	chr1	207309412	207309607	SINE/MIR	684	-	98	207309510	10867
chr1	207298643	207498643	harbor2	chr1	207315305	207315469	SINE/MIR	643	-	82	207315387	16744
chr1	207298643	207498643	harbor2	chr1	207323781	207323990	SINE/MIR	473	-	104	207323885	25242
chr1	207298643	207498643	harbor2	chr1	207335826	207336009	SINE/MIR	479	-	92	207335918	37275
chr1	207298643	207498643	harbor2	chr1	207352830	207353007	SINE/MIR	449	-	88	207352918	54275
chr1	200909148	201109148	harbor2	chr1	200919180	200919336	SINE/MIR	419	-	78	200919258	10110
chr1	200909148	201109148	harbor2	chr1	200919340	200919514	SINE/MIR	462	-	87	200919427	10279
chr1	200909148	201109148	harbor2	chr1	200934842	200935087	SINE/MIR	561	-	122	200934964	25816
chr1	200909148	201109148	harbor2	chr1	201008412	201008523	SINE/MIR	412	-	56	201008468	99320
chr1	85453983	85653983	harbor2	chr1	85462931	85463141	SINE/MIR	524	-	105	85463036	9053
chr1	85453983	85653983	harbor2	chr1	85491951	85492202	SINE/MIR	837	-	126	85492077	38094
chr1	85453983	85653983	harbor2	chr1	85504568	85504785	SINE/MIR	502	-	108	85504676	50693
chr1	85453983	85653983	harbor2	chr1	85531721	85531910	SINE/MIR	568	-	94	85531815	77832
chr1	85453983	85653983	harbor2	chr1	85532491	85532675	SINE/MIR	725	-	92	85532583	78600
chr1	85453983	85653983	harbor2	chr1	85541598	85541644	SINE/MIR	560	-	23	85541621	87638
chr1	85453983	85653983	harbor2	chr1	85542009	85542206	SINE/MIR	608	-	98	85542107	88124
chr1	85453983	85653983	harbor2	chr1	85542883	85543071	SINE/MIR	554	-	94	85542977	88994
chr1	85453983	85653983	harbor2	chr1	85547304	85547474	SINE/MIR	449	-	85	85547389	93406
chr1	156452400	156652400	harbor2	chr1	156453722	156453857	SINE/MIR	447	-	68	156453790	1390
chr1	156452400	156652400	harbor2	chr1	156460966	156461129	SINE/MIR	432	-	82	156461048	8648
chr1	156452400	156652400	harbor2	chr1	156477885	156478090	SINE/MIR	660	-	102	156477987	25587
chr1	156452400	156652400	harbor2	chr1	156534812	156534971	SINE/MIR	481	-	80	156534892	82492
chr1	156452400	156652400	harbor2	chr1	156541530	156541720	SINE/MIR	507	-	95	156541625	89225
chr1	156452400	156652400	harbor2	chr1	156542570	156542657	SINE/MIR	515	-	44	156542614	90214
chr1	156452400	156652400	harbor2	chr1	156542980	156543045	SINE/MIR	515	-	32	156543012	90612
chr1	156452400	156652400	harbor2	chr1	156546572	156546794	SINE/MIR	558	-	111	156546683	94283
chr1	156452400	156652400	harbor2	chr1	156547719	156547964	SINE/MIR	1014	-	122	156547841	95441
chr1	156452400	156652400	harbor2	chr1	156551126	156551297	SINE/MIR	513	-	86	156551212	98812
chr1	156452400	156652400	harbor2	chr1	156551314	156551542	SINE/MIR	605	-	114	156551428	99028
chr1	234757802	234957802	harbor2	chr1	234774692	234774925	SINE/MIR	550	-	116	234774808	17006
chr1	234757802	234957802	harbor2	chr1	234777551	234777582	SINE/MIR	686	-	16	234777567	19765
chr1	234757802	234957802	harbor2	chr1	234777884	234778114	SINE/MIR	689	-	115	234777999	20197
chr1	234757802	234957802	harbor2	chr1	234833986	234834175	SINE/MIR	703	-	94	234834080	76278
chr1	234757802	234957802	harbor2	chr1	234839453	234839609	SINE/MIR	421	-	78	234839531	81729
chr1	156785551	156985551	harbor2	chr1	156825813	156826031	SINE/MIR	888	-	109	156825922	40371
chr1	156785551	156985551	harbor2	chr1	156851015	156851232	SINE/MIR	714	-	108	156851123	65572
chr1	156785551	156985551	harbor2	chr1	156853264	156853457	SINE/MIR	631	-	96	156853360	67809
chr1	156785551	156985551	harbor2	chr1	156865958	156866159	SINE/MIR	630	-	100	156866058	80507
chr1	186035148	186235148	harbor2	chr1	186084768	186085013	SINE/MIR	602	-	122	186084890	49742
chr1	146253709	146453709	harbor2	chr1	146277483	146277665	SINE/MIR	657	-	91	146277574	23865
chr1	146253709	146453709	harbor2	chr1	146292395	146292635	SINE/MIR	663	-	120	146292515	38806
chr1	146253709	146453709	harbor2	chr1	146294291	146294451	SINE/MIR	519	-	80	146294371	40662
chr1	146253709	146453709	harbor2	chr1	146294596	146294824	SINE/MIR	744	-	114	146294710	41001
chr1	146253709	146453709	harbor2	chr1	146310995	146311236	SINE/MIR	623	-	120	146311115	57406
chr1	230652266	230852266	harbor2	chr1	230674160	230674308	SINE/MIR	665	-	74	230674234	21968
chr1	230652266	230852266	harbor2	chr1	230689405	230689543	SINE/MIR	433	-	69	230689474	37208
chr1	230652266	230852266	harbor2	chr1	230713329	230713448	SINE/MIR	412	-	60	230713389	61123
chr1	230652266	230852266	harbor2	chr1	230713490	230713646	SINE/MIR	477	-	78	230713568	61302
chr1	230652266	230852266	harbor2	chr1	230726169	230726382	SINE/MIR	487	-	106	230726275	74009
chr1	233168713	233368713	harbor2	chr1	233207561	233207748	SINE/MIR	543	-	94	233207655	38942
chr1	233168713	233368713	harbor2	chr1	233217390	233217606	SINE/MIR	635	-	108	233217498	48785
chr1	233168713	233368713	harbor2	chr1	233225302	233225471	SINE/MIR	443	-	84	233225386	56673
chr1	233168713	233368713	harbor2	chr1	233243757	233243822	SINE/MIR	599	-	32	233243789	75076
chr1	233168713	233368713	harbor2	chr1	233244129	233244300	SINE/MIR	599	-	86	233244215	75502
chr1	233168713	233368713	harbor2	chr1	233256279	233256482	SINE/MIR	533	-	102	233256381	87668
chr1	231406183	231606183	harbor2	chr1	231409749	231409963	SINE/MIR	472	-	107	231409856	3673
chr1	231406183	231606183	harbor2	chr1	231415628	231415823	SINE/MIR	518	-	98	231415726	9543
chr1	231406183	231606183	harbor2	chr1	231422715	231422871	SINE/MIR	619	-	78	231422793	16610
chr1	231406183	231606183	harbor2	chr1	231424777	231424907	SINE/MIR	488	-	65	231424842	18659
chr1	231406183	231606183	harbor2	chr1	231484481	231484713	SINE/MIR	771	-	116	231484597	78414
chr1	231406183	231606183	harbor2	chr1	231484895	231484909	SINE/MIR	771	-	7	231484902	78719
chr1	231406183	231606183	harbor2	chr1	231485062	231485296	SINE/MIR	438	-	117	231485179	78996
chr1	220177444	220377444	harbor2	chr1	220216998	220217177	SINE/MIR	593	-	90	220217088	39644
chr1	220177444	220377444	harbor2	chr1	220224066	220224282	SINE/MIR	992	-	108	220224174	46730
chr1	220177444	220377444	harbor2	chr1	220234886	220235116	SINE/MIR	661	-	115	220235001	57557
chr1	220177444	220377444	harbor2	chr1	220243374	220243579	SINE/MIR	712	-	102	220243476	66032
chr1	203652400	203852400	harbor2	chr1	203706659	203706849	SINE/MIR	431	-	95	203706754	54354
chr1	203652400	203852400	harbor2	chr1	203709657	203709891	SINE/MIR	898	-	117	203709774	57374
chr1	203652400	203852400	harbor2	chr1	203713774	203713966	SINE/MIR	592	-	96	203713870	61470
chr1	203652400	203852400	harbor2	chr1	203720930	203721111	SINE/MIR	846	-	90	203721020	68620
chr1	233098992	233298992	harbor2	chr1	233099021	233099181	SINE/MIR	542	-	80	233099101	109
chr1	233098992	233298992	harbor2	chr1	233135301	233135466	SINE/MIR	410	-	82	233135383	36391
chr1	59486895	59686895	harbor2	chr1	59498123	59498310	SINE/MIR	445	-	94	59498217	11322
chr1	59486895	59686895	harbor2	chr1	59501975	59502225	SINE/MIR	674	-	125	59502100	15205
chr1	59486895	59686895	harbor2	chr1	59519677	59519895	SINE/MIR	504	-	109	59519786	32891
chr1	59486895	59686895	harbor2	chr1	59521584	59521783	SINE/MIR	432	-	100	59521684	34789
chr1	59486895	59686895	harbor2	chr1	59546153	59546333	SINE/MIR	523	-	90	59546243	59348
chr1	59486895	59686895	harbor2	chr1	59548411	59548514	SINE/MIR	454	-	52	59548463	61568
chr1	59486895	59686895	harbor2	chr1	59561600	59561812	SINE/MIR	480	-	106	59561706	74811
chr1	59486895	59686895	harbor2	chr1	59565170	59565286	SINE/MIR	474	-	58	59565228	78333
chr1	59486895	59686895	harbor2	chr1	59565584	59565644	SINE/MIR	474	-	30	59565614	78719
chr1	59486895	59686895	harbor2	chr1	59569719	59569918	SINE/MIR	489	-	100	59569819	82924
chr1	175313757	175513757	harbor2	chr1	175320913	175321103	SINE/MIR	512	-	95	175321008	7251
chr1	175313757	175513757	harbor2	chr1	175375825	175375987	SINE/MIR	545	-	81	175375906	62149
chr1	175313757	175513757	harbor2	chr1	175376287	175376493	SINE/MIR	521	-	103	175376390	62633
chr1	175313757	175513757	harbor2	chr1	175398570	175398780	SINE/MIR	504	-	105	175398675	84918
chr1	175313757	175513757	harbor2	chr1	175398769	175399022	SINE/MIR	499	-	126	175398895	85138
chr1	186314093	186514093	harbor2	chr1	186321846	186322098	SINE/MIR	719	-	126	186321972	7879
chr1	186314093	186514093	harbor2	chr1	186342963	186343179	SINE/MIR	687	-	108	186343071	28978
chr1	186314093	186514093	harbor2	chr1	186408029	186408264	SINE/MIR	934	-	118	186408147	94054
chr1	200602030	200802030	harbor2	chr1	200602936	200603126	SINE/MIR	705	-	95	200603031	1001
chr1	200602030	200802030	harbor2	chr1	200611768	200612000	SINE/MIR	851	-	116	200611884	9854
chr1	200602030	200802030	harbor2	chr1	200621115	200621318	SINE/MIR	475	-	102	200621217	19187
chr1	200602030	200802030	harbor2	chr1	200623243	200623415	SINE/MIR	583	-	86	200623329	21299
chr1	200602030	200802030	harbor2	chr1	200673625	200673854	SINE/MIR	893	-	114	200673739	71709
chr1	233993750	234193750	harbor2	chr1	233994214	233994433	SINE/MIR	508	-	110	233994324	574
chr1	233993750	234193750	harbor2	chr1	234045351	234045604	SINE/MIR	735	-	126	234045477	51727
chr1	243559652	243759652	harbor2	chr1	243636302	243636411	SINE/MIR	463	-	54	243636356	76704
chr1	219505965	219705965	harbor2	chr1	219539990	219540165	SINE/MIR	496	-	88	219540078	34113
chr1	219505965	219705965	harbor2	chr1	219579231	219579386	SINE/MIR	493	-	78	219579309	73344
chr1	219505965	219705965	harbor2	chr1	219579494	219579560	SINE/MIR	493	-	33	219579527	73562
chr1	246218848	246418848	harbor2	chr1	246252376	246252515	SINE/MIR	417	-	70	246252446	33598
chr1	246218848	246418848	harbor2	chr1	246262369	246262513	SINE/MIR	537	-	72	246262441	43593
chr1	204973204	205173204	harbor2	chr1	204974386	204974583	SINE/MIR	471	-	98	204974484	1280
chr1	204973204	205173204	harbor2	chr1	204982231	204982386	SINE/MIR	427	-	78	204982309	9105
chr1	204973204	205173204	harbor2	chr1	205013398	205013562	SINE/MIR	477	-	82	205013480	40276
chr1	204973204	205173204	harbor2	chr1	205021461	205021668	SINE/MIR	505	-	104	205021565	48361
chr1	204973204	205173204	harbor2	chr1	205039326	205039585	SINE/MIR	587	-	130	205039456	66252
chr1	204973204	205173204	harbor2	chr1	205039633	205039828	SINE/MIR	439	-	98	205039731	66527
chr1	204973204	205173204	harbor2	chr1	205057102	205057315	SINE/MIR	508	-	106	205057208	84004
chr1	204973204	205173204	harbor2	chr1	205069150	205069351	SINE/MIR	767	-	100	205069250	96046
chr1	231067764	231267764	harbor2	chr1	231090812	231090996	SINE/MIR	531	-	92	231090904	23140
chr1	231067764	231267764	harbor2	chr1	231138808	231138952	SINE/MIR	561	-	72	231138880	71116
chr1	231067764	231267764	harbor2	chr1	231148013	231148180	SINE/MIR	423	-	84	231148097	80333
chr1	231067764	231267764	harbor2	chr1	231154763	231155006	SINE/MIR	764	-	122	231154885	87121
chr1	217022700	217222700	harbor2	chr1	217024728	217024911	SINE/MIR	806	-	92	217024820	2120
chr1	217022700	217222700	harbor2	chr1	217071689	217071927	SINE/MIR	832	-	119	217071808	49108
chr1	217022700	217222700	harbor2	chr1	217072436	217072644	SINE/MIR	500	-	104	217072540	49840
chr1	217022700	217222700	harbor2	chr1	217075203	217075438	SINE/MIR	596	-	118	217075321	52621
chr1	217022700	217222700	harbor2	chr1	217079905	217080070	SINE/MIR	489	-	82	217079987	57287
chr1	217022700	217222700	harbor2	chr1	217092380	217092550	SINE/MIR	477	-	85	217092465	69765
chr1	217022700	217222700	harbor2	chr1	217098314	217098520	SINE/MIR	513	-	103	217098417	75717
chr1	217022700	217222700	harbor2	chr1	217102128	217102344	SINE/MIR	651	-	108	217102236	79536
chr1	217022700	217222700	harbor2	chr1	217105298	217105485	SINE/MIR	490	-	94	217105392	82692
chr1	217022700	217222700	harbor2	chr1	217118023	217118279	SINE/MIR	634	-	128	217118151	95451
chr1	164775365	164975365	harbor2	chr1	164795037	164795263	SINE/MIR	550	-	113	164795150	19785
chr1	164775365	164975365	harbor2	chr1	164797743	164797941	SINE/MIR	641	-	99	164797842	22477
chr1	164775365	164975365	harbor2	chr1	164846117	164846307	SINE/MIR	459	-	95	164846212	70847
chr1	164775365	164975365	harbor2	chr1	164865515	164865722	SINE/MIR	613	-	104	164865619	90254
chr1	164775365	164975365	harbor2	chr1	164872945	164873178	SINE/MIR	587	-	116	164873061	97696
chr1	96968652	97168652	harbor2	chr1	97007517	97007746	SINE/MIR	834	-	114	97007631	38979
chr1	96968652	97168652	harbor2	chr1	97011410	97011615	SINE/MIR	660	-	102	97011512	42860
chr1	96968652	97168652	harbor2	chr1	97034620	97034787	SINE/MIR	687	-	84	97034704	66052
chr1	96968652	97168652	harbor2	chr1	97035958	97036093	SINE/MIR	449	-	68	97036026	67374
chr1	96968652	97168652	harbor2	chr1	97067538	97067751	SINE/MIR	595	-	106	97067644	98992
chr1	96968652	97168652	harbor2	chr1	97068476	97068596	SINE/MIR	430	-	60	97068536	99884
chr1	223951694	224151694	harbor2	chr1	224022252	224022482	SINE/MIR	507	-	115	224022367	70673
chr1	237411472	237611472	harbor2	chr1	237411600	237411748	SINE/MIR	526	-	74	237411674	202
chr1	237411472	237611472	harbor2	chr1	237435205	237435382	SINE/MIR	623	-	88	237435293	23821
chr1	237411472	237611472	harbor2	chr1	237440792	237440993	SINE/MIR	605	-	100	237440892	29420
chr1	237411472	237611472	harbor2	chr1	237475030	237475240	SINE/MIR	677	-	105	237475135	63663
chr1	237411472	237611472	harbor2	chr1	237478584	237478835	SINE/MIR	713	-	126	237478710	67238
chr1	237411472	237611472	harbor2	chr1	237479783	237479975	SINE/MIR	439	-	96	237479879	68407
chr1	237411472	237611472	harbor2	chr1	237483312	237483498	SINE/MIR	474	-	93	237483405	71933
chr1	167887707	168087707	harbor2	chr1	167890811	167890955	SINE/MIR	434	-	72	167890883	3176
chr1	167887707	168087707	harbor2	chr1	167912138	167912175	SINE/MIR	470	-	18	167912156	24449
chr1	167887707	168087707	harbor2	chr1	167912804	167912986	SINE/MIR	470	-	91	167912895	25188
chr1	167887707	168087707	harbor2	chr1	167915766	167915960	SINE/MIR	609	-	97	167915863	28156
chr1	167887707	168087707	harbor2	chr1	167930570	167930757	SINE/MIR	489	-	94	167930664	42957
chr1	167887707	168087707	harbor2	chr1	167933858	167934072	SINE/MIR	665	-	107	167933965	46258
chr1	167887707	168087707	harbor2	chr1	167951234	167951292	SINE/MIR	425	-	29	167951263	63556
chr1	167887707	168087707	harbor2	chr1	167951596	167951732	SINE/MIR	425	-	68	167951664	63957
chr1	174187051	174387051	harbor2	chr1	174193890	174194075	SINE/MIR	552	-	92	174193982	6931
chr1	174187051	174387051	harbor2	chr1	174197074	174197304	SINE/MIR	663	-	115	174197189	10138
chr1	174187051	174387051	harbor2	chr1	174259308	174259502	SINE/MIR	437	-	97	174259405	72354
chr1	174187051	174387051	harbor2	chr1	174259745	174259837	SINE/MIR	615	-	46	174259791	72740
chr1	174187051	174387051	harbor2	chr1	174260133	174260260	SINE/MIR	615	-	64	174260197	73146
chr1	78244959	78444959	harbor2	chr1	78246088	78246224	SINE/MIR	436	-	68	78246156	1197
chr1	78244959	78444959	harbor2	chr1	78256449	78256594	SINE/MIR	446	-	72	78256521	11562
chr1	78244959	78444959	harbor2	chr1	78285400	78285632	SINE/MIR	744	-	116	78285516	40557
chr1	78244959	78444959	harbor2	chr1	78286184	78286369	SINE/MIR	455	-	92	78286276	41317
chr1	78244959	78444959	harbor2	chr1	78333765	78333971	SINE/MIR	420	-	103	78333868	88909
chr1	245986290	246186290	harbor2	chr1	245987561	245987760	SINE/MIR	519	-	100	245987661	1371
chr1	245986290	246186290	harbor2	chr1	245993103	245993344	SINE/MIR	705	-	120	245993223	6933
chr1	245986290	246186290	harbor2	chr1	245999326	245999560	SINE/MIR	758	-	117	245999443	13153
chr1	245986290	246186290	harbor2	chr1	246020597	246020844	SINE/MIR	523	-	124	246020721	34431
chr1	245986290	246186290	harbor2	chr1	246041949	246042117	SINE/MIR	449	-	84	246042033	55743
chr1	239536944	239736944	harbor2	chr1	239579732	239580020	SINE/MIR	653	-	144	239579876	42932
chr1	239536944	239736944	harbor2	chr1	239581632	239581841	SINE/MIR	702	-	104	239581736	44792
chr1	239536944	239736944	harbor2	chr1	239610556	239610725	SINE/MIR	417	-	84	239610640	73696
chr1	239536944	239736944	harbor2	chr1	239633928	239634129	SINE/MIR	464	-	100	239634028	97084
chr1	242464051	242664051	harbor2	chr1	242468790	242469049	SINE/MIR	978	-	130	242468920	4869
chr1	242464051	242664051	harbor2	chr1	242528582	242528813	SINE/MIR	446	-	116	242528698	64647
chr1	242464051	242664051	harbor2	chr1	242529362	242529592	SINE/MIR	574	-	115	242529477	65426
chr1	242464051	242664051	harbor2	chr1	242533359	242533560	SINE/MIR	795	-	100	242533459	69408
chr1	46346229	46546229	harbor2	chr1	46370940	46371082	SINE/MIR	613	-	71	46371011	24782
chr1	46346229	46546229	harbor2	chr1	46377718	46377887	SINE/MIR	630	-	84	46377802	31573
chr1	46346229	46546229	harbor2	chr1	46380562	46380799	SINE/MIR	1148	-	118	46380680	34451
chr1	46346229	46546229	harbor2	chr1	46380862	46381113	SINE/MIR	575	-	126	46380988	34759
chr1	46346229	46546229	harbor2	chr1	46418354	46418574	SINE/MIR	502	-	110	46418464	72235
chr1	46346229	46546229	harbor2	chr1	46436500	46436686	SINE/MIR	569	-	93	46436593	90364
chr1	46346229	46546229	harbor2	chr1	46444455	46444668	SINE/MIR	607	-	106	46444561	98332
chr1	102037395	102237395	harbor2	chr1	102044328	102044559	SINE/MIR	601	-	116	102044444	7049
chr1	246075828	246275828	harbor2	chr1	246128442	246128685	SINE/MIR	826	-	122	246128564	52736
chr1	246075828	246275828	harbor2	chr1	246149172	246149361	SINE/MIR	430	-	94	246149266	73438
chr1	171376014	171576014	harbor2	chr1	171385506	171385634	SINE/MIR	585	-	64	171385570	9556
chr1	171376014	171576014	harbor2	chr1	171385934	171385990	SINE/MIR	585	-	28	171385962	9948
chr1	171376014	171576014	harbor2	chr1	171386304	171386414	SINE/MIR	585	-	55	171386359	10345
chr1	220257701	220457701	harbor2	chr1	220311291	220311315	SINE/MIR	413	-	12	220311303	53602
chr1	220257701	220457701	harbor2	chr1	220311703	220311869	SINE/MIR	413	-	83	220311786	54085
chr1	220257701	220457701	harbor2	chr1	220323980	220324158	SINE/MIR	742	-	89	220324069	66368
chr1	220257701	220457701	harbor2	chr1	220352215	220352427	SINE/MIR	570	-	106	220352321	94620
chr1	220257701	220457701	harbor2	chr1	220357339	220357569	SINE/MIR	471	-	115	220357454	99753
chr1	230252696	230452696	harbor2	chr1	230264565	230264783	SINE/MIR	443	-	109	230264674	11978
chr1	231307694	231507694	harbor2	chr1	231312049	231312245	SINE/MIR	467	-	98	231312147	4453
chr1	231307694	231507694	harbor2	chr1	231377125	231377338	SINE/MIR	431	-	106	231377231	69537
chr1	231307694	231507694	harbor2	chr1	231378940	231379130	SINE/MIR	464	-	95	231379035	71341
chr1	231307694	231507694	harbor2	chr1	231390377	231390570	SINE/MIR	551	-	96	231390473	82779
chr1	231307694	231507694	harbor2	chr1	231399192	231399417	SINE/MIR	750	-	112	231399304	91610
chr1	231307694	231507694	harbor2	chr1	231399617	231399813	SINE/MIR	635	-	98	231399715	92021
chr1	65904856	66104856	harbor2	chr1	65959534	65959774	SINE/MIR	423	-	120	65959654	54798
chr1	65904856	66104856	harbor2	chr1	65998055	65998265	SINE/MIR	552	-	105	65998160	93304
chr1	231714762	231914762	harbor2	chr1	231743211	231743435	SINE/MIR	845	-	112	231743323	28561
chr1	231714762	231914762	harbor2	chr1	231762897	231763044	SINE/MIR	411	-	74	231762971	48209
chr1	231714762	231914762	harbor2	chr1	231786219	231786350	SINE/MIR	487	-	66	231786285	71523
chr1	204416219	204616219	harbor2	chr1	204427331	204427465	SINE/MIR	512	-	67	204427398	11179
chr1	204416219	204616219	harbor2	chr1	204484213	204484398	SINE/MIR	568	-	92	204484305	68086
chr1	204416219	204616219	harbor2	chr1	204487959	204488223	SINE/MIR	1010	-	132	204488091	71872
chr1	156051595	156251595	harbor2	chr1	156052625	156052745	SINE/MIR	425	-	60	156052685	1090
chr1	156051595	156251595	harbor2	chr1	156064750	156064864	SINE/MIR	426	-	57	156064807	13212
chr1	156051595	156251595	harbor2	chr1	156065161	156065274	SINE/MIR	457	-	56	156065217	13622
chr1	156051595	156251595	harbor2	chr1	156090422	156090634	SINE/MIR	572	-	106	156090528	38933
chr1	156051595	156251595	harbor2	chr1	156097419	156097618	SINE/MIR	530	-	100	156097519	45924
chr1	156051595	156251595	harbor2	chr1	156098203	156098352	SINE/MIR	509	-	74	156098277	46682
chr1	246665785	246865785	harbor2	chr1	246695232	246695395	SINE/MIR	483	-	82	246695314	29529
chr1	246665785	246865785	harbor2	chr1	246732759	246732988	SINE/MIR	726	-	114	246732873	67088
chr1	246665785	246865785	harbor2	chr1	246736804	246737024	SINE/MIR	484	-	110	246736914	71129
chr1	246665785	246865785	harbor2	chr1	246760306	246760519	SINE/MIR	861	-	106	246760412	94627
chr1	245437820	245637820	harbor2	chr1	245458043	245458257	SINE/MIR	600	-	107	245458150	20330
chr1	245437820	245637820	harbor2	chr1	245463192	245463398	SINE/MIR	594	-	103	245463295	25475
chr1	245437820	245637820	harbor2	chr1	245483231	245483421	SINE/MIR	412	-	95	245483326	45506
chr1	245437820	245637820	harbor2	chr1	245489810	245490064	SINE/MIR	636	-	127	245489937	52117
chr1	245437820	245637820	harbor2	chr1	245522957	245523193	SINE/MIR	692	-	118	245523075	85255
chr1	225820739	226020739	harbor2	chr1	225823049	225823161	SINE/MIR	530	-	56	225823105	2366
chr1	225820739	226020739	harbor2	chr1	225829305	225829513	SINE/MIR	455	-	104	225829409	8670
chr1	225820739	226020739	harbor2	chr1	225863957	225864169	SINE/MIR	902	-	106	225864063	43324
chr1	225820739	226020739	harbor2	chr1	225868080	225868229	SINE/MIR	410	-	74	225868154	47415
chr1	225820739	226020739	harbor2	chr1	225877141	225877310	SINE/MIR	521	-	84	225877225	56486
chr1	225820739	226020739	harbor2	chr1	225878130	225878307	SINE/MIR	413	-	88	225878218	57479
chr1	166085398	166285398	harbor2	chr1	166087496	166087702	SINE/MIR	580	-	103	166087599	2201
chr1	166085398	166285398	harbor2	chr1	166090840	166091057	SINE/MIR	605	-	108	166090948	5550
chr1	166085398	166285398	harbor2	chr1	166091741	166091967	SINE/MIR	601	-	113	166091854	6456
chr1	166085398	166285398	harbor2	chr1	166112745	166112934	SINE/MIR	764	-	94	166112839	27441
chr1	166085398	166285398	harbor2	chr1	166120130	166120360	SINE/MIR	839	-	115	166120245	34847
chr1	166085398	166285398	harbor2	chr1	166121655	166121865	SINE/MIR	931	-	105	166121760	36362
chr1	166085398	166285398	harbor2	chr1	166124375	166124619	SINE/MIR	990	-	122	166124497	39099
chr1	166085398	166285398	harbor2	chr1	166126749	166126881	SINE/MIR	552	-	66	166126815	41417
chr1	166085398	166285398	harbor2	chr1	166130691	166130844	SINE/MIR	443	-	76	166130767	45369
chr1	166085398	166285398	harbor2	chr1	166134297	166134418	SINE/MIR	476	-	60	166134357	48959
chr1	206639002	206839002	harbor2	chr1	206643938	206644031	SINE/MIR	565	-	46	206643984	4982
chr1	206639002	206839002	harbor2	chr1	206644334	206644390	SINE/MIR	565	-	28	206644362	5360
chr1	206639002	206839002	harbor2	chr1	206682242	206682435	SINE/MIR	534	-	96	206682338	43336
chr1	206639002	206839002	harbor2	chr1	206688220	206688351	SINE/MIR	572	-	66	206688286	49284
chr1	206639002	206839002	harbor2	chr1	206711999	206712154	SINE/MIR	463	-	78	206712077	73075
chr1	206639002	206839002	harbor2	chr1	206712218	206712439	SINE/MIR	648	-	110	206712328	73326
chr1	206639002	206839002	harbor2	chr1	206723319	206723562	SINE/MIR	638	-	122	206723441	84439
chr1	206639002	206839002	harbor2	chr1	206732141	206732328	SINE/MIR	600	-	94	206732235	93233
chr1	206639002	206839002	harbor2	chr1	206736302	206736475	SINE/MIR	433	-	86	206736388	97386
chr1	244929432	245129432	harbor2	chr1	244953441	244953707	SINE/MIR	686	-	133	244953574	24142
chr1	244929432	245129432	harbor2	chr1	244963639	244963793	SINE/MIR	440	-	77	244963716	34284
chr1	244929432	245129432	harbor2	chr1	244981409	244981574	SINE/MIR	592	-	82	244981491	52059
chr1	244929432	245129432	harbor2	chr1	245001087	245001358	SINE/MIR	456	-	136	245001223	71791
chr1	244929432	245129432	harbor2	chr1	245003405	245003512	SINE/MIR	567	-	54	245003459	74027
chr1	199463082	199663082	harbor2	chr1	199484061	199484260	SINE/MIR	610	-	100	199484161	21079
chr1	199463082	199663082	harbor2	chr1	199553352	199553567	SINE/MIR	599	-	108	199553460	90378
chr1	174021300	174221300	harbor2	chr1	174036592	174036798	SINE/MIR	572	-	103	174036695	15395
chr1	174021300	174221300	harbor2	chr1	174038970	174039213	SINE/MIR	740	-	122	174039092	17792
chr1	174021300	174221300	harbor2	chr1	174040459	174040683	SINE/MIR	672	-	112	174040571	19271
chr1	235471663	235671663	harbor2	chr1	235477828	235477991	SINE/MIR	476	-	82	235477910	6247
chr1	235471663	235671663	harbor2	chr1	235485072	235485287	SINE/MIR	622	-	108	235485180	13517
chr1	235471663	235671663	harbor2	chr1	235487378	235487565	SINE/MIR	598	-	94	235487472	15809
chr1	235471663	235671663	harbor2	chr1	235500756	235500870	SINE/MIR	421	-	57	235500813	29150
chr1	235471663	235671663	harbor2	chr1	235521687	235521886	SINE/MIR	588	-	100	235521787	50124
chr1	235471663	235671663	harbor2	chr1	235535658	235535883	SINE/MIR	737	-	112	235535770	64107
chr1	58553333	58753333	harbor2	chr1	58568703	58568928	SINE/MIR	823	-	112	58568815	15482
chr1	58553333	58753333	harbor2	chr1	58581994	58582167	SINE/MIR	617	-	86	58582080	28747
chr1	58553333	58753333	harbor2	chr1	58589292	58589454	SINE/MIR	536	-	81	58589373	36040
chr1	58553333	58753333	harbor2	chr1	58591001	58591103	SINE/MIR	594	-	51	58591052	37719
chr1	58553333	58753333	harbor2	chr1	58591612	58591772	SINE/MIR	594	-	80	58591692	38359
chr1	58553333	58753333	harbor2	chr1	58592030	58592241	SINE/MIR	509	-	106	58592136	38803
chr1	58553333	58753333	harbor2	chr1	58592451	58592628	SINE/MIR	549	-	88	58592539	39206
chr1	58553333	58753333	harbor2	chr1	58595463	58595707	SINE/MIR	742	-	122	58595585	42252
chr1	58553333	58753333	harbor2	chr1	58629438	58629608	SINE/MIR	459	-	85	58629523	76190
chr1	58553333	58753333	harbor2	chr1	58638542	58638716	SINE/MIR	468	-	87	58638629	85296
chr1	58553333	58753333	harbor2	chr1	58645469	58645675	SINE/MIR	902	-	103	58645572	92239
chr1	247233004	247433004	harbor2	chr1	247327953	247328118	SINE/MIR	428	-	82	247328035	95031
chr1	182513510	182713510	harbor2	chr1	182531792	182532015	SINE/MIR	501	-	112	182531904	18394
chr1	182513510	182713510	harbor2	chr1	182550060	182550277	SINE/MIR	831	-	108	182550168	36658
chr1	182513510	182713510	harbor2	chr1	182553583	182553751	SINE/MIR	566	-	84	182553667	40157
chr1	182513510	182713510	harbor2	chr1	182556470	182556661	SINE/MIR	488	-	96	182556566	43056
chr1	182513510	182713510	harbor2	chr1	182584564	182584799	SINE/MIR	479	-	118	182584682	71172
chr1	182513510	182713510	harbor2	chr1	182591083	182591254	SINE/MIR	669	-	86	182591169	77659
chr1	182513510	182713510	harbor2	chr1	182594619	182594868	SINE/MIR	564	-	124	182594743	81233
chr1	182513510	182713510	harbor2	chr1	182608572	182608834	SINE/MIR	874	-	131	182608703	95193
chr1	182513510	182713510	harbor2	chr1	182612262	182612390	SINE/MIR	415	-	64	182612326	98816
chr1	209241036	209441036	harbor2	chr1	209240924	209241157	SINE/MIR	558	-	116	209241040	4
chr1	209241036	209441036	harbor2	chr1	209258499	209258748	SINE/MIR	585	-	124	209258623	17587
chr1	209241036	209441036	harbor2	chr1	209296973	209297169	SINE/MIR	466	-	98	209297071	56035
chr1	209241036	209441036	harbor2	chr1	209317018	209317207	SINE/MIR	706	-	94	209317112	76076
chr1	209241036	209441036	harbor2	chr1	209327844	209328100	SINE/MIR	486	-	128	209327972	86936
chr1	113088148	113288148	harbor2	chr1	113096844	113096999	SINE/MIR	481	-	78	113096922	8774
chr1	113088148	113288148	harbor2	chr1	113134757	113134842	SINE/MIR	464	-	42	113134799	46651
chr1	113088148	113288148	harbor2	chr1	113135230	113135354	SINE/MIR	464	-	62	113135292	47144
chr1	113088148	113288148	harbor2	chr1	113145989	113146228	SINE/MIR	578	-	120	113146109	57961
chr1	113088148	113288148	harbor2	chr1	113154260	113154364	SINE/MIR	424	-	52	113154312	66164
chr1	227212491	227412491	harbor2	chr1	227218419	227218657	SINE/MIR	752	-	119	227218538	6047
chr1	227212491	227412491	harbor2	chr1	227259992	227260169	SINE/MIR	458	-	88	227260080	47589
chr1	227212491	227412491	harbor2	chr1	227294412	227294578	SINE/MIR	605	-	83	227294495	82004
chr1	227212491	227412491	harbor2	chr1	227294887	227294913	SINE/MIR	605	-	13	227294900	82409
chr1	211170860	211370860	harbor2	chr1	211179086	211179246	SINE/MIR	476	-	80	211179166	8306
chr1	211170860	211370860	harbor2	chr1	211185180	211185385	SINE/MIR	837	-	102	211185282	14422
chr1	211170860	211370860	harbor2	chr1	211267086	211267325	SINE/MIR	822	-	120	211267206	96346
chr1	44531845	44731845	harbor2	chr1	44540967	44541153	SINE/MIR	783	-	93	44541060	9215
chr1	44531845	44731845	harbor2	chr1	44541452	44541541	SINE/MIR	783	-	44	44541496	9651
chr1	44531845	44731845	harbor2	chr1	44545336	44545557	SINE/MIR	475	-	110	44545446	13601
chr1	44531845	44731845	harbor2	chr1	44558513	44558757	SINE/MIR	850	-	122	44558635	26790
chr1	44531845	44731845	harbor2	chr1	44578796	44578883	SINE/MIR	531	-	44	44578840	46995
chr1	44531845	44731845	harbor2	chr1	44579184	44579329	SINE/MIR	531	-	72	44579256	47411
chr1	44531845	44731845	harbor2	chr1	44583947	44584176	SINE/MIR	635	-	114	44584061	52216
chr1	44531845	44731845	harbor2	chr1	44592627	44592847	SINE/MIR	446	-	110	44592737	60892
chr1	44531845	44731845	harbor2	chr1	44608942	44609083	SINE/MIR	617	-	70	44609012	77167
chr1	44531845	44731845	harbor2	chr1	44616344	44616583	SINE/MIR	1071	-	120	44616464	84619
chr1	44531845	44731845	harbor2	chr1	44630246	44630449	SINE/MIR	422	-	102	44630348	98503
chr1	227070105	227270105	harbor2	chr1	227120438	227120560	SINE/MIR	422	-	61	227120499	50394
chr1	227070105	227270105	harbor2	chr1	227146103	227146338	SINE/MIR	717	-	118	227146221	76116
chr1	203511550	203711550	harbor2	chr1	203522728	203522953	SINE/MIR	884	-	112	203522840	11290
chr1	203511550	203711550	harbor2	chr1	203528529	203528754	SINE/MIR	431	-	112	203528641	17091
chr1	203511550	203711550	harbor2	chr1	203534142	203534364	SINE/MIR	512	-	111	203534253	22703
chr1	203511550	203711550	harbor2	chr1	203537810	203537943	SINE/MIR	476	-	66	203537876	26326
chr1	203511550	203711550	harbor2	chr1	203602650	203602804	SINE/MIR	433	-	77	203602727	91177
chr1	164977481	165177481	harbor2	chr1	164995159	164995380	SINE/MIR	672	-	110	164995269	17788
chr1	164977481	165177481	harbor2	chr1	165010086	165010313	SINE/MIR	511	-	114	165010200	32719
chr1	164977481	165177481	harbor2	chr1	165030818	165030992	SINE/MIR	613	-	87	165030905	53424
chr1	164977481	165177481	harbor2	chr1	165045654	165045836	SINE/MIR	415	-	91	165045745	68264
chr1	164977481	165177481	harbor2	chr1	165054348	165054584	SINE/MIR	592	-	118	165054466	76985
chr1	164977481	165177481	harbor2	chr1	165059844	165060089	SINE/MIR	929	-	122	165059966	82485
chr1	246205223	246405223	harbor2	chr1	246252376	246252515	SINE/MIR	417	-	70	246252446	47223
chr1	246205223	246405223	harbor2	chr1	246262369	246262513	SINE/MIR	537	-	72	246262441	57218
chr1	115293225	115493225	harbor2	chr1	115322949	115323140	SINE/MIR	498	-	96	115323045	29820
chr1	115293225	115493225	harbor2	chr1	115329247	115329449	SINE/MIR	505	-	101	115329348	36123
chr1	115293225	115493225	harbor2	chr1	115331122	115331322	SINE/MIR	566	-	100	115331222	37997
chr1	115293225	115493225	harbor2	chr1	115369418	115369658	SINE/MIR	494	-	120	115369538	76313
chr1	115293225	115493225	harbor2	chr1	115372759	115372884	SINE/MIR	451	-	62	115372821	79596
chr1	115293225	115493225	harbor2	chr1	115326846	115327032	SINE/MIR	508	-	93	115326939	33714
chr1	77829601	78029601	harbor2	chr1	77836230	77836360	SINE/MIR	593	-	65	77836295	6694
chr1	77829601	78029601	harbor2	chr1	77874576	77874774	SINE/MIR	655	-	99	77874675	45074
chr1	77829601	78029601	harbor2	chr1	77906263	77906405	SINE/MIR	563	-	71	77906334	76733
chr1	169740664	169940664	harbor2	chr1	169741202	169741427	SINE/MIR	563	-	112	169741314	650
chr1	169740664	169940664	harbor2	chr1	169743616	169743861	SINE/MIR	786	-	122	169743738	3074
chr1	169740664	169940664	harbor2	chr1	169773075	169773328	SINE/MIR	829	-	126	169773201	32537
chr1	169740664	169940664	harbor2	chr1	169813183	169813369	SINE/MIR	533	-	93	169813276	72612
chr1	169740664	169940664	harbor2	chr1	169821747	169821920	SINE/MIR	434	-	86	169821833	81169
chr1	169740664	169940664	harbor2	chr1	169834555	169834672	SINE/MIR	493	-	58	169834613	93949
chr1	231702696	231902696	harbor2	chr1	231743211	231743435	SINE/MIR	845	-	112	231743323	40627
chr1	231702696	231902696	harbor2	chr1	231762897	231763044	SINE/MIR	411	-	74	231762971	60275
chr1	231702696	231902696	harbor2	chr1	231786219	231786350	SINE/MIR	487	-	66	231786285	83589
chr1	245298974	245498974	harbor2	chr1	245299527	245299760	SINE/MIR	537	-	116	245299643	669
chr1	245298974	245498974	harbor2	chr1	245312569	245312793	SINE/MIR	633	-	112	245312681	13707
chr1	245298974	245498974	harbor2	chr1	245334761	245334966	SINE/MIR	558	-	102	245334863	35889
chr1	245298974	245498974	harbor2	chr1	245351522	245351745	SINE/MIR	746	-	112	245351634	52660
chr1	245298974	245498974	harbor2	chr1	245360428	245360642	SINE/MIR	693	-	107	245360535	61561
chr1	245298974	245498974	harbor2	chr1	245369510	245369686	SINE/MIR	615	-	88	245369598	70624
chr1	245298974	245498974	harbor2	chr1	245384300	245384418	SINE/MIR	516	-	59	245384359	85385
chr1	168053211	168253211	harbor2	chr1	168090024	168090236	SINE/MIR	522	-	106	168090130	36919
chr1	168053211	168253211	harbor2	chr1	168097787	168097958	SINE/MIR	421	-	86	168097873	44662
chr1	175564103	175764103	harbor2	chr1	175571324	175571543	SINE/MIR	483	-	110	175571434	7331
chr1	175564103	175764103	harbor2	chr1	175585388	175585616	SINE/MIR	580	-	114	175585502	21399
chr1	175564103	175764103	harbor2	chr1	175595785	175595948	SINE/MIR	620	-	82	175595867	31764
chr1	175564103	175764103	harbor2	chr1	175617858	175617984	SINE/MIR	417	-	63	175617921	53818
chr1	175564103	175764103	harbor2	chr1	175632647	175632904	SINE/MIR	443	-	128	175632775	68672
chr1	175564103	175764103	harbor2	chr1	175655367	175655545	SINE/MIR	617	-	89	175655456	91353
chr1	95955950	96155950	harbor2	chr1	95958318	95958513	SINE/MIR	618	-	98	95958416	2466
chr1	95955950	96155950	harbor2	chr1	96012972	96013212	SINE/MIR	451	-	120	96013092	57142
chr1	95955950	96155950	harbor2	chr1	96047979	96048190	SINE/MIR	601	-	106	96048085	92135
chr1	228963634	229163634	harbor2	chr1	229005398	229005630	SINE/MIR	466	-	116	229005514	41880
chr1	245328212	245528212	harbor2	chr1	245334761	245334966	SINE/MIR	558	-	102	245334863	6651
chr1	245328212	245528212	harbor2	chr1	245351522	245351745	SINE/MIR	746	-	112	245351634	23422
chr1	245328212	245528212	harbor2	chr1	245360428	245360642	SINE/MIR	693	-	107	245360535	32323
chr1	245328212	245528212	harbor2	chr1	245369510	245369686	SINE/MIR	615	-	88	245369598	41386
chr1	245328212	245528212	harbor2	chr1	245384300	245384418	SINE/MIR	516	-	59	245384359	56147
chr1	94636503	94836503	harbor2	chr1	94641147	94641413	SINE/MIR	912	-	133	94641280	4777
chr1	94636503	94836503	harbor2	chr1	94647657	94647754	SINE/MIR	455	-	48	94647705	11202
chr1	94636503	94836503	harbor2	chr1	94654569	94654811	SINE/MIR	489	-	121	94654690	18187
chr1	94636503	94836503	harbor2	chr1	94674514	94674748	SINE/MIR	593	-	117	94674631	38128
chr1	94636503	94836503	harbor2	chr1	94714906	94715098	SINE/MIR	649	-	96	94715002	78499
chr1	94636503	94836503	harbor2	chr1	94722727	94722947	SINE/MIR	719	-	110	94722837	86334
chr1	94636503	94836503	harbor2	chr1	94725042	94725260	SINE/MIR	624	-	109	94725151	88648
chr1	169465864	169665864	harbor2	chr1	169481136	169481349	SINE/MIR	588	-	106	169481242	15378
chr1	169465864	169665864	harbor2	chr1	169543701	169543911	SINE/MIR	603	-	105	169543806	77942
chr1	68304497	68504497	harbor2	chr1	68321019	68321214	SINE/MIR	567	-	98	68321117	16620
chr1	68304497	68504497	harbor2	chr1	68324120	68324262	SINE/MIR	420	-	71	68324191	19694
chr1	68304497	68504497	harbor2	chr1	68358846	68359013	SINE/MIR	589	-	84	68358930	54433
chr1	68304497	68504497	harbor2	chr1	68361077	68361302	SINE/MIR	531	-	112	68361189	56692
chr1	216117544	216317544	harbor2	chr1	216164857	216165052	SINE/MIR	476	-	98	216164955	47411
chr1	216117544	216317544	harbor2	chr1	216171598	216171827	SINE/MIR	506	-	114	216171712	54168
chr1	216117544	216317544	harbor2	chr1	216187721	216187932	SINE/MIR	856	-	106	216187827	70283
chr1	216087751	216287751	harbor2	chr1	216164857	216165052	SINE/MIR	476	-	98	216164955	77204
chr1	216087751	216287751	harbor2	chr1	216171598	216171827	SINE/MIR	506	-	114	216171712	83961
chr1	198256296	198456296	harbor2	chr1	198273853	198274006	SINE/MIR	469	-	76	198273929	17633
chr1	198256296	198456296	harbor2	chr1	198318132	198318301	SINE/MIR	466	-	84	198318216	61920
chr1	198256296	198456296	harbor2	chr1	198338490	198338729	SINE/MIR	732	-	120	198338610	82314
chr1	241404803	241604803	harbor2	chr1	241413244	241413382	SINE/MIR	491	-	69	241413313	8510
chr1	241404803	241604803	harbor2	chr1	241471503	241471676	SINE/MIR	416	-	86	241471589	66786
chr1	238029745	238229745	harbor2	chr1	238047989	238048172	SINE/MIR	506	-	92	238048081	18336
chr1	238029745	238229745	harbor2	chr1	238117832	238118064	SINE/MIR	846	-	116	238117948	88203
chr1	212211688	212411688	harbor2	chr1	212230758	212230990	SINE/MIR	446	-	116	212230874	19186
chr1	212211688	212411688	harbor2	chr1	212239133	212239346	SINE/MIR	672	-	106	212239239	27551
chr1	212211688	212411688	harbor2	chr1	212240394	212240550	SINE/MIR	457	-	78	212240472	28784
chr1	212211688	212411688	harbor2	chr1	212247974	212248217	SINE/MIR	830	-	122	212248096	36408
chr1	212211688	212411688	harbor2	chr1	212256843	212257079	SINE/MIR	691	-	118	212256961	45273
chr1	212211688	212411688	harbor2	chr1	212262504	212262654	SINE/MIR	447	-	75	212262579	50891
chr1	150000998	150200998	harbor2	chr1	150034040	150034147	SINE/MIR	443	-	54	150034094	33096
chr1	150000998	150200998	harbor2	chr1	150035625	150035867	SINE/MIR	564	-	121	150035746	34748
chr1	150000998	150200998	harbor2	chr1	150056507	150056687	SINE/MIR	736	-	90	150056597	55599
chr1	150000998	150200998	harbor2	chr1	150064133	150064286	SINE/MIR	567	-	76	150064209	63211
chr1	106642132	106842132	harbor2	chr1	106644341	106644546	SINE/MIR	415	-	102	106644443	2311
chr1	106642132	106842132	harbor2	chr1	106678301	106678557	SINE/MIR	558	-	128	106678429	36297
chr1	106642132	106842132	harbor2	chr1	106699253	106699499	SINE/MIR	579	-	123	106699376	57244
chr1	106642132	106842132	harbor2	chr1	106706856	106706925	SINE/MIR	414	-	34	106706890	64758
chr1	106642132	106842132	harbor2	chr1	106707058	106707222	SINE/MIR	414	-	82	106707140	65008
chr1	248058849	248258849	harbor2	chr1	248094385	248094619	SINE/MIR	432	-	117	248094502	35653
chr1	238096011	238296011	harbor2	chr1	238117832	238118064	SINE/MIR	846	-	116	238117948	21937
chr1	238096011	238296011	harbor2	chr1	238137282	238137539	SINE/MIR	565	-	128	238137410	41399
chr1	238096011	238296011	harbor2	chr1	238141697	238141940	SINE/MIR	640	-	122	238141819	45808
chr1	237409367	237609367	harbor2	chr1	237411600	237411748	SINE/MIR	526	-	74	237411674	2307
chr1	237409367	237609367	harbor2	chr1	237435205	237435382	SINE/MIR	623	-	88	237435293	25926
chr1	237409367	237609367	harbor2	chr1	237440792	237440993	SINE/MIR	605	-	100	237440892	31525
chr1	237409367	237609367	harbor2	chr1	237475030	237475240	SINE/MIR	677	-	105	237475135	65768
chr1	237409367	237609367	harbor2	chr1	237478584	237478835	SINE/MIR	713	-	126	237478710	69343
chr1	237409367	237609367	harbor2	chr1	237479783	237479975	SINE/MIR	439	-	96	237479879	70512
chr1	237409367	237609367	harbor2	chr1	237483312	237483498	SINE/MIR	474	-	93	237483405	74038
chr1	171922557	172122557	harbor2	chr1	171969788	171969891	SINE/MIR	548	-	52	171969840	47283
chr1	112868264	113068264	harbor2	chr1	112888424	112888544	SINE/MIR	652	-	60	112888484	20220
chr1	112868264	113068264	harbor2	chr1	112904766	112904952	SINE/MIR	695	-	93	112904859	36595
chr1	112868264	113068264	harbor2	chr1	112914639	112914811	SINE/MIR	562	-	86	112914725	46461
chr1	112868264	113068264	harbor2	chr1	112966331	112966515	SINE/MIR	766	-	92	112966423	98159
chr1	159811494	160011494	harbor2	chr1	159824308	159824514	SINE/MIR	562	-	103	159824411	12917
chr1	159811494	160011494	harbor2	chr1	159857032	159857239	SINE/MIR	607	-	104	159857136	45642
chr1	159811494	160011494	harbor2	chr1	159881106	159881348	SINE/MIR	414	-	121	159881227	69733
chr1	159811494	160011494	harbor2	chr1	159887484	159887740	SINE/MIR	679	-	128	159887612	76118
chr1	182959835	183159835	harbor2	chr1	182963487	182963686	SINE/MIR	593	-	100	182963587	3752
chr1	182959835	183159835	harbor2	chr1	182969477	182969695	SINE/MIR	761	-	109	182969586	9751
chr1	182959835	183159835	harbor2	chr1	183002227	183002457	SINE/MIR	725	-	115	183002342	42507
chr1	182959835	183159835	harbor2	chr1	183054172	183054389	SINE/MIR	521	-	108	183054280	94445
chr1	226731169	226931169	harbor2	chr1	226741497	226741743	SINE/MIR	943	-	123	226741620	10451
chr1	226731169	226931169	harbor2	chr1	226758078	226758257	SINE/MIR	552	-	90	226758168	26999
chr1	226731169	226931169	harbor2	chr1	226762183	226762330	SINE/MIR	469	-	74	226762257	31088
chr1	226731169	226931169	harbor2	chr1	226772850	226773019	SINE/MIR	485	-	84	226772934	41765
chr1	226731169	226931169	harbor2	chr1	226783897	226784029	SINE/MIR	558	-	66	226783963	52794
chr1	181478814	181678814	harbor2	chr1	181495839	181496062	SINE/MIR	592	-	112	181495951	17137
chr1	181478814	181678814	harbor2	chr1	181514885	181515067	SINE/MIR	521	-	91	181514976	36162
chr1	181478814	181678814	harbor2	chr1	181516433	181516595	SINE/MIR	444	-	81	181516514	37700
chr1	181478814	181678814	harbor2	chr1	181520153	181520322	SINE/MIR	475	-	84	181520237	41423
chr1	181478814	181678814	harbor2	chr1	181526151	181526373	SINE/MIR	563	-	111	181526262	47448
chr1	181478814	181678814	harbor2	chr1	181537723	181537862	SINE/MIR	653	-	70	181537793	58979
chr1	181478814	181678814	harbor2	chr1	181553899	181554017	SINE/MIR	460	-	59	181553958	75144
chr1	223003259	223203259	harbor2	chr1	223014122	223014310	SINE/MIR	604	-	94	223014216	10957
chr1	223003259	223203259	harbor2	chr1	223093676	223093862	SINE/MIR	422	-	93	223093769	90510
chr1	117649996	117849996	harbor2	chr1	117654879	117655065	SINE/MIR	510	-	93	117654972	4976
chr1	117649996	117849996	harbor2	chr1	117712935	117713200	SINE/MIR	472	-	132	117713067	63071
chr1	218441910	218641910	harbor2	chr1	218459042	218459274	SINE/MIR	488	-	116	218459158	17248
chr1	218441910	218641910	harbor2	chr1	218461071	218461288	SINE/MIR	443	-	108	218461179	19269
chr1	218441910	218641910	harbor2	chr1	218483630	218483879	SINE/MIR	1010	-	124	218483754	41844
chr1	218441910	218641910	harbor2	chr1	218493886	218494047	SINE/MIR	409	-	80	218493966	52056
chr1	240918967	241118967	harbor2	chr1	240928991	240929203	SINE/MIR	503	-	106	240929097	10130
chr1	114571013	114771013	harbor2	chr1	114607851	114608001	SINE/MIR	891	-	75	114607926	36913
chr1	114571013	114771013	harbor2	chr1	114608295	114608381	SINE/MIR	891	-	43	114608338	37325
chr1	114571013	114771013	harbor2	chr1	114642559	114642711	SINE/MIR	764	-	76	114642635	71622
chr1	114571013	114771013	harbor2	chr1	114644620	114644762	SINE/MIR	539	-	71	114644691	73678
chr1	114571013	114771013	harbor2	chr1	114647742	114647815	SINE/MIR	410	-	36	114647778	76765
chr1	114571013	114771013	harbor2	chr1	114648108	114648274	SINE/MIR	410	-	83	114648191	77178
chr1	177842334	178042334	harbor2	chr1	177852866	177853074	SINE/MIR	481	-	104	177852970	10636
chr1	177842334	178042334	harbor2	chr1	177866490	177866714	SINE/MIR	584	-	112	177866602	24268
chr1	177842334	178042334	harbor2	chr1	177873510	177873759	SINE/MIR	718	-	124	177873634	31300
chr1	177842334	178042334	harbor2	chr1	177889607	177889754	SINE/MIR	480	-	74	177889681	47347
chr1	177842334	178042334	harbor2	chr1	177899316	177899548	SINE/MIR	567	-	116	177899432	57098
chr1	177842334	178042334	harbor2	chr1	177928149	177928374	SINE/MIR	596	-	112	177928261	85927
chr1	177842334	178042334	harbor2	chr1	177930311	177930513	SINE/MIR	515	-	101	177930412	88078
chr1	177842334	178042334	harbor2	chr1	177934513	177934715	SINE/MIR	977	-	101	177934614	92280
chr1	96990780	97190780	harbor2	chr1	97007517	97007746	SINE/MIR	834	-	114	97007631	16851
chr1	96990780	97190780	harbor2	chr1	97011410	97011615	SINE/MIR	660	-	102	97011512	20732
chr1	96990780	97190780	harbor2	chr1	97034620	97034787	SINE/MIR	687	-	84	97034704	43924
chr1	96990780	97190780	harbor2	chr1	97035958	97036093	SINE/MIR	449	-	68	97036026	45246
chr1	96990780	97190780	harbor2	chr1	97067538	97067751	SINE/MIR	595	-	106	97067644	76864
chr1	96990780	97190780	harbor2	chr1	97068476	97068596	SINE/MIR	430	-	60	97068536	77756
chr1	220478557	220678557	harbor2	chr1	220480459	220480569	SINE/MIR	763	-	55	220480514	1957
chr1	220478557	220678557	harbor2	chr1	220480860	220480972	SINE/MIR	763	-	56	220480916	2359
chr1	220478557	220678557	harbor2	chr1	220485481	220485599	SINE/MIR	470	-	59	220485540	6983
chr1	220478557	220678557	harbor2	chr1	220501197	220501347	SINE/MIR	576	-	75	220501272	22715
chr1	220478557	220678557	harbor2	chr1	220563657	220563827	SINE/MIR	575	-	85	220563742	85185
chr1	220478557	220678557	harbor2	chr1	220567684	220567875	SINE/MIR	546	-	96	220567780	89223
chr1	99208777	99408777	harbor2	chr1	99235435	99235581	SINE/MIR	464	-	73	99235508	26731
chr1	99208777	99408777	harbor2	chr1	99261237	99261441	SINE/MIR	480	-	102	99261339	52562
chr1	99208777	99408777	harbor2	chr1	99267855	99268089	SINE/MIR	575	-	117	99267972	59195
chr1	99208777	99408777	harbor2	chr1	99271201	99271403	SINE/MIR	475	-	101	99271302	62525
chr1	100043221	100243221	harbor2	chr1	100051853	100052056	SINE/MIR	618	-	102	100051955	8734
chr1	100043221	100243221	harbor2	chr1	100076448	100076652	SINE/MIR	681	-	102	100076550	33329
chr1	100043221	100243221	harbor2	chr1	100101007	100101240	SINE/MIR	553	-	116	100101123	57902
chr1	100043221	100243221	harbor2	chr1	100120708	100120768	SINE/MIR	474	-	30	100120738	77517
chr1	100043221	100243221	harbor2	chr1	100121071	100121225	SINE/MIR	474	-	77	100121148	77927
chr1	100043221	100243221	harbor2	chr1	100129950	100130180	SINE/MIR	945	-	115	100130065	86844
chr1	100043221	100243221	harbor2	chr1	100135484	100135724	SINE/MIR	539	-	120	100135604	92383
chr1	238231855	238431855	harbor2	chr1	238270995	238271261	SINE/MIR	417	-	133	238271128	39273
chr1	238231855	238431855	harbor2	chr1	238289263	238289529	SINE/MIR	684	-	133	238289396	57541
chr1	238231855	238431855	harbor2	chr1	238296573	238296678	SINE/MIR	494	-	52	238296625	64770
chr1	238231855	238431855	harbor2	chr1	238299168	238299232	SINE/MIR	494	-	32	238299200	67345
chr1	47995342	48195342	harbor2	chr1	48003713	48003862	SINE/MIR	457	-	74	48003787	8445
chr1	47995342	48195342	harbor2	chr1	48004724	48004935	SINE/MIR	756	-	106	48004830	9488
chr1	47995342	48195342	harbor2	chr1	48019620	48019788	SINE/MIR	442	-	84	48019704	24362
chr1	47995342	48195342	harbor2	chr1	48038776	48038920	SINE/MIR	692	-	72	48038848	43506
chr1	47995342	48195342	harbor2	chr1	48057696	48057938	SINE/MIR	658	-	121	48057817	62475
chr1	47995342	48195342	harbor2	chr1	48073772	48073996	SINE/MIR	494	-	112	48073884	78542
chr1	215415829	215615829	harbor2	chr1	215462620	215462758	SINE/MIR	554	-	69	215462689	46860
chr1	215415829	215615829	harbor2	chr1	215501019	215501235	SINE/MIR	578	-	108	215501127	85298
chr1	89919810	90119810	harbor2	chr1	89949990	89950143	SINE/MIR	590	-	76	89950066	30256
chr1	89919810	90119810	harbor2	chr1	90010519	90010652	SINE/MIR	411	-	66	90010585	90775
chr1	89919810	90119810	harbor2	chr1	90016100	90016310	SINE/MIR	640	-	105	90016205	96395
chr1	218998799	219198799	harbor2	chr1	219047488	219047665	SINE/MIR	630	-	88	219047576	48777
chr1	187686169	187886169	harbor2	chr1	187698354	187698513	SINE/MIR	469	-	80	187698434	12265
chr1	187686169	187886169	harbor2	chr1	187705096	187705266	SINE/MIR	510	-	85	187705181	19012
chr1	187686169	187886169	harbor2	chr1	187745498	187745726	SINE/MIR	467	-	114	187745612	59443
chr1	187686169	187886169	harbor2	chr1	187752722	187752906	SINE/MIR	494	-	92	187752814	66645
chr1	235513665	235713665	harbor2	chr1	235521687	235521886	SINE/MIR	588	-	100	235521787	8122
chr1	235513665	235713665	harbor2	chr1	235535658	235535883	SINE/MIR	737	-	112	235535770	22105
chr1	235513665	235713665	harbor2	chr1	235584167	235584382	SINE/MIR	519	-	108	235584275	70610
chr1	215256336	215456336	harbor2	chr1	215291142	215291396	SINE/MIR	742	-	127	215291269	34933
chr1	215256336	215456336	harbor2	chr1	215295781	215295903	SINE/MIR	450	-	61	215295842	39506
chr1	215256336	215456336	harbor2	chr1	215318209	215318373	SINE/MIR	485	-	82	215318291	61955
chr1	176849541	177049541	harbor2	chr1	176850041	176850146	SINE/MIR	434	-	52	176850093	552
chr1	176849541	177049541	harbor2	chr1	176874676	176874946	SINE/MIR	570	-	135	176874811	25270
chr1	176849541	177049541	harbor2	chr1	176895355	176895502	SINE/MIR	440	-	74	176895429	45888
chr1	176849541	177049541	harbor2	chr1	176923255	176923442	SINE/MIR	425	-	94	176923349	73808
chr1	176849541	177049541	harbor2	chr1	176936526	176936676	SINE/MIR	497	-	75	176936601	87060
chr1	176849541	177049541	harbor2	chr1	176942173	176942394	SINE/MIR	873	-	110	176942283	92742
chr1	176849541	177049541	harbor2	chr1	176943326	176943492	SINE/MIR	420	-	83	176943409	93868
chr1	219599758	219799758	harbor2	chr1	219619714	219619901	SINE/MIR	464	-	94	219619808	20050
chr1	219599758	219799758	harbor2	chr1	219651989	219652221	SINE/MIR	668	-	116	219652105	52347
chr1	219599758	219799758	harbor2	chr1	219663551	219663807	SINE/MIR	747	-	128	219663679	63921
chr1	146814543	147014543	harbor2	chr1	146830873	146831112	SINE/MIR	869	-	120	146830993	16450
chr1	146814543	147014543	harbor2	chr1	146876715	146876974	SINE/MIR	670	-	130	146876845	62302
chr1	146814543	147014543	harbor2	chr1	146913824	146914034	SINE/MIR	465	-	105	146913929	99386
chr1	146814543	147014543	harbor2	chr1	146833293	146833483	SINE/MIR	592	-	95	146833388	18845
chr1	94183132	94383132	harbor2	chr1	94226306	94226540	SINE/MIR	815	-	117	94226423	43291
chr1	94183132	94383132	harbor2	chr1	94231802	94232004	SINE/MIR	459	-	101	94231903	48771
chr1	94183132	94383132	harbor2	chr1	94255965	94256201	SINE/MIR	523	-	118	94256083	72951
chr1	94183132	94383132	harbor2	chr1	94258702	94258926	SINE/MIR	802	-	112	94258814	75682
chr1	94183132	94383132	harbor2	chr1	94266903	94267041	SINE/MIR	587	-	69	94266972	83840
chr1	94183132	94383132	harbor2	chr1	94273951	94274124	SINE/MIR	476	-	86	94274037	90905
chr1	226058123	226258123	harbor2	chr1	226065846	226066047	SINE/MIR	604	-	100	226065946	7823
chr1	226058123	226258123	harbor2	chr1	226119261	226119346	SINE/MIR	471	-	42	226119303	61180
chr1	226058123	226258123	harbor2	chr1	226131827	226132044	SINE/MIR	792	-	108	226131935	73812
chr1	205142037	205342037	harbor2	chr1	205164805	205165026	SINE/MIR	458	-	110	205164915	22878
chr1	205142037	205342037	harbor2	chr1	205178765	205178852	SINE/MIR	496	-	44	205178809	36772
chr1	205142037	205342037	harbor2	chr1	205179142	205179246	SINE/MIR	496	-	52	205179194	37157
chr1	205142037	205342037	harbor2	chr1	205204491	205204596	SINE/MIR	422	-	52	205204543	62506
chr1	205142037	205342037	harbor2	chr1	205204868	205205010	SINE/MIR	422	-	71	205204939	62902
chr1	205142037	205342037	harbor2	chr1	205206223	205206263	SINE/MIR	523	-	20	205206243	64206
chr1	205142037	205342037	harbor2	chr1	205206868	205207024	SINE/MIR	523	-	78	205206946	64909
chr1	205142037	205342037	harbor2	chr1	205219672	205219807	SINE/MIR	478	-	68	205219740	77703
chr1	205142037	205342037	harbor2	chr1	205225152	205225372	SINE/MIR	570	-	110	205225262	83225
chr1	205142037	205342037	harbor2	chr1	205225837	205226053	SINE/MIR	756	-	108	205225945	83908
chr1	193560790	193760790	harbor2	chr1	193590438	193590608	SINE/MIR	409	-	85	193590523	29733
chr1	193560790	193760790	harbor2	chr1	193657411	193657640	SINE/MIR	592	-	114	193657525	96735
chr1	104648807	104848807	harbor2	chr1	104721498	104721720	SINE/MIR	418	-	111	104721609	72802
chr1	225698716	225898716	harbor2	chr1	225737526	225737756	SINE/MIR	744	-	115	225737641	38925
chr1	225698716	225898716	harbor2	chr1	225766328	225766498	SINE/MIR	806	-	85	225766413	67697
chr1	181855680	182055680	harbor2	chr1	181902838	181903011	SINE/MIR	429	-	86	181902924	47244
chr1	213152903	213352903	harbor2	chr1	213176866	213177090	SINE/MIR	592	-	112	213176978	24075
chr1	15893017	16093017	harbor2	chr1	15967696	15967930	SINE/MIR	776	-	117	15967813	74796
chr1	15893017	16093017	harbor2	chr1	15975180	15975399	SINE/MIR	452	-	110	15975290	82273
chr1	15893017	16093017	harbor2	chr1	15976264	15976536	SINE/MIR	841	-	136	15976400	83383
chr1	201140882	201340882	harbor2	chr1	201150371	201150625	SINE/MIR	494	-	127	201150498	9616
chr1	201140882	201340882	harbor2	chr1	201172099	201172201	SINE/MIR	411	-	51	201172150	31268
chr1	201140882	201340882	harbor2	chr1	201172758	201173001	SINE/MIR	659	-	122	201172880	31998
chr1	201140882	201340882	harbor2	chr1	201196746	201197010	SINE/MIR	659	-	132	201196878	55996
chr1	201140882	201340882	harbor2	chr1	201204848	201205041	SINE/MIR	449	-	96	201204944	64062
chr1	201140882	201340882	harbor2	chr1	201221859	201222083	SINE/MIR	592	-	112	201221971	81089
chr1	116163884	116363884	harbor2	chr1	116165171	116165340	SINE/MIR	854	-	84	116165255	1371
chr1	116163884	116363884	harbor2	chr1	116169004	116169180	SINE/MIR	523	-	88	116169092	5208
chr1	116163884	116363884	harbor2	chr1	116169638	116169834	SINE/MIR	471	-	98	116169736	5852
chr1	116163884	116363884	harbor2	chr1	116172233	116172387	SINE/MIR	427	-	77	116172310	8426
chr1	116163884	116363884	harbor2	chr1	116201846	116202098	SINE/MIR	577	-	126	116201972	38088
chr1	116163884	116363884	harbor2	chr1	116202465	116202654	SINE/MIR	557	-	94	116202559	38675
chr1	116163884	116363884	harbor2	chr1	116211072	116211304	SINE/MIR	549	-	116	116211188	47304
chr1	116163884	116363884	harbor2	chr1	116253302	116253531	SINE/MIR	465	-	114	116253416	89532
chr1	116163884	116363884	harbor2	chr1	116259272	116259504	SINE/MIR	902	-	116	116259388	95504
chr1	116163884	116363884	harbor2	chr1	116260526	116260680	SINE/MIR	428	-	77	116260603	96719
chr1	154343451	154543451	harbor2	chr1	154397948	154398156	SINE/MIR	778	-	104	154398052	54601
chr1	154343451	154543451	harbor2	chr1	154399833	154400080	SINE/MIR	937	-	124	154399957	56506
chr1	154343451	154543451	harbor2	chr1	154403248	154403416	SINE/MIR	460	-	84	154403332	59881
chr1	154343451	154543451	harbor2	chr1	154404625	154404847	SINE/MIR	480	-	111	154404736	61285
chr1	154343451	154543451	harbor2	chr1	154412673	154412884	SINE/MIR	681	-	106	154412779	69328
chr1	154343451	154543451	harbor2	chr1	154430745	154430984	SINE/MIR	563	-	120	154430865	87414
chr1	202052412	202252412	harbor2	chr1	202105459	202105692	SINE/MIR	566	-	116	202105575	53163
chr1	202052412	202252412	harbor2	chr1	202118092	202118250	SINE/MIR	691	-	79	202118171	65759
chr1	202052412	202252412	harbor2	chr1	202134857	202135027	SINE/MIR	536	-	85	202134942	82530
chr1	202052412	202252412	harbor2	chr1	202149383	202149514	SINE/MIR	425	-	66	202149449	97037
chr1	202052412	202252412	harbor2	chr1	202149649	202149770	SINE/MIR	425	-	60	202149709	97297
chr1	216853558	217053558	harbor2	chr1	216855349	216855504	SINE/MIR	511	-	78	216855427	1869
chr1	216853558	217053558	harbor2	chr1	216882026	216882219	SINE/MIR	482	-	96	216882122	28564
chr1	216853558	217053558	harbor2	chr1	216858597	216858761	SINE/MIR	480	-	82	216858679	5121
chr1	248051005	248251005	harbor2	chr1	248094385	248094619	SINE/MIR	432	-	117	248094502	43497
chr1	215893309	216093309	harbor2	chr1	215906259	215906499	SINE/MIR	419	-	120	215906379	13070
chr1	215893309	216093309	harbor2	chr1	215915001	215915205	SINE/MIR	462	-	102	215915103	21794
chr1	215893309	216093309	harbor2	chr1	215919293	215919513	SINE/MIR	438	-	110	215919403	26094
chr1	215893309	216093309	harbor2	chr1	215920489	215920665	SINE/MIR	418	-	88	215920577	27268
chr1	215893309	216093309	harbor2	chr1	215929639	215929835	SINE/MIR	556	-	98	215929737	36428
chr1	73702043	73902043	harbor2	chr1	73711262	73711489	SINE/MIR	722	-	114	73711376	9333
chr1	192878717	193078717	harbor2	chr1	192890217	192890471	SINE/MIR	687	-	127	192890344	11627
chr1	192878717	193078717	harbor2	chr1	192906341	192906590	SINE/MIR	617	-	124	192906465	27748
chr1	192878717	193078717	harbor2	chr1	192932694	192932905	SINE/MIR	441	-	106	192932800	54083
chr1	192878717	193078717	harbor2	chr1	192940563	192940728	SINE/MIR	460	-	82	192940645	61928
chr1	192878717	193078717	harbor2	chr1	192940937	192940981	SINE/MIR	801	-	22	192940959	62242
chr1	192878717	193078717	harbor2	chr1	192941252	192941438	SINE/MIR	801	-	93	192941345	62628
chr1	192878717	193078717	harbor2	chr1	192969053	192969247	SINE/MIR	462	-	97	192969150	90433
chr1	192878717	193078717	harbor2	chr1	192974075	192974268	SINE/MIR	561	-	96	192974171	95454
chr1	102484159	102684159	harbor2	chr1	102500201	102500348	SINE/MIR	550	-	74	102500275	16116
chr1	102484159	102684159	harbor2	chr1	102520592	102520834	SINE/MIR	606	-	121	102520713	36554
chr1	206211439	206411439	harbor2	chr1	206214251	206214482	SINE/MIR	503	-	116	206214367	2928
chr1	206211439	206411439	harbor2	chr1	206217552	206217755	SINE/MIR	804	-	102	206217654	6215
chr1	206211439	206411439	harbor2	chr1	206232385	206232505	SINE/MIR	439	-	60	206232445	21006
chr1	206211439	206411439	harbor2	chr1	206232791	206232913	SINE/MIR	439	-	61	206232852	21413
chr1	206211439	206411439	harbor2	chr1	206240665	206240821	SINE/MIR	537	-	78	206240743	29304
chr1	206211439	206411439	harbor2	chr1	206290674	206290905	SINE/MIR	786	-	116	206290790	79351
chr1	206211439	206411439	harbor2	chr1	206291339	206291587	SINE/MIR	691	-	124	206291463	80024
chr1	206211439	206411439	harbor2	chr1	206303682	206303888	SINE/MIR	834	-	103	206303785	92346
chr1	206211439	206411439	harbor2	chr1	206303934	206304015	SINE/MIR	834	-	40	206303974	92535
chr1	84421661	84621661	harbor2	chr1	84431815	84432092	SINE/MIR	803	-	138	84431953	10292
chr1	84421661	84621661	harbor2	chr1	84436328	84436581	SINE/MIR	706	-	126	84436454	14793
chr1	84421661	84621661	harbor2	chr1	84450739	84450940	SINE/MIR	774	-	100	84450839	29178
chr1	84421661	84621661	harbor2	chr1	84465213	84465484	SINE/MIR	979	-	136	84465349	43688
chr1	208454815	208654815	harbor2	chr1	208468515	208468741	SINE/MIR	597	-	113	208468628	13813
chr1	208454815	208654815	harbor2	chr1	208469130	208469336	SINE/MIR	515	-	103	208469233	14418
chr1	208454815	208654815	harbor2	chr1	208481121	208481339	SINE/MIR	516	-	109	208481230	26415
chr1	208454815	208654815	harbor2	chr1	208511481	208511632	SINE/MIR	427	-	76	208511557	56742
chr1	208454815	208654815	harbor2	chr1	208512342	208512583	SINE/MIR	684	-	120	208512462	57647
chr1	208454815	208654815	harbor2	chr1	208524335	208524584	SINE/MIR	678	-	124	208524459	69644
chr1	208454815	208654815	harbor2	chr1	208524594	208524803	SINE/MIR	513	-	104	208524698	69883
chr1	208454815	208654815	harbor2	chr1	208531937	208531990	SINE/MIR	429	-	26	208531963	77148
chr1	208454815	208654815	harbor2	chr1	208531991	208532241	SINE/MIR	778	-	125	208532116	77301
chr1	208454815	208654815	harbor2	chr1	208532242	208532441	SINE/MIR	429	-	100	208532342	77527
chr1	246157927	246357927	harbor2	chr1	246252376	246252515	SINE/MIR	417	-	70	246252446	94519
chr1	244323369	244523369	harbor2	chr1	244326573	244326774	SINE/MIR	423	-	100	244326673	3304
chr1	244323369	244523369	harbor2	chr1	244345334	244345519	SINE/MIR	483	-	92	244345426	22057
chr1	244323369	244523369	harbor2	chr1	244368305	244368481	SINE/MIR	579	-	88	244368393	45024
chr1	244323369	244523369	harbor2	chr1	244380446	244380654	SINE/MIR	475	-	104	244380550	57181
chr1	244323369	244523369	harbor2	chr1	244417052	244417293	SINE/MIR	566	-	120	244417172	93803
chr1	238340873	238540873	harbor2	chr1	238399878	238399916	SINE/MIR	720	-	19	238399897	59024
chr1	238340873	238540873	harbor2	chr1	238400452	238400661	SINE/MIR	720	-	104	238400556	59683
chr1	238340873	238540873	harbor2	chr1	238407017	238407224	SINE/MIR	618	-	104	238407121	66248
chr1	187375490	187575490	harbor2	chr1	187432416	187432660	SINE/MIR	680	-	122	187432538	57048
chr1	187375490	187575490	harbor2	chr1	187473481	187473685	SINE/MIR	688	-	102	187473583	98093
chr1	218004616	218204616	harbor2	chr1	218069725	218069946	SINE/MIR	451	-	110	218069835	65219
chr1	234711861	234911861	harbor2	chr1	234739853	234740014	SINE/MIR	509	-	80	234739933	28072
chr1	234711861	234911861	harbor2	chr1	234755206	234755391	SINE/MIR	678	-	92	234755298	43437
chr1	234711861	234911861	harbor2	chr1	234756934	234757110	SINE/MIR	628	-	88	234757022	45161
chr1	234711861	234911861	harbor2	chr1	234774692	234774925	SINE/MIR	550	-	116	234774808	62947
chr1	234711861	234911861	harbor2	chr1	234777551	234777582	SINE/MIR	686	-	16	234777567	65706
chr1	234711861	234911861	harbor2	chr1	234777884	234778114	SINE/MIR	689	-	115	234777999	66138
chr1	224298679	224498679	harbor2	chr1	224300004	224300147	SINE/MIR	449	-	72	224300076	1397
chr1	224298679	224498679	harbor2	chr1	224364377	224364589	SINE/MIR	674	-	106	224364483	65804
chr1	224298679	224498679	harbor2	chr1	224394407	224394505	SINE/MIR	649	-	49	224394456	95777
chr1	224298679	224498679	harbor2	chr1	224394795	224394909	SINE/MIR	649	-	57	224394852	96173
chr1	177464328	177664328	harbor2	chr1	177464719	177464853	SINE/MIR	472	-	67	177464786	458
chr1	177464328	177664328	harbor2	chr1	177466254	177466443	SINE/MIR	807	-	94	177466348	2020
chr1	177464328	177664328	harbor2	chr1	177467914	177468107	SINE/MIR	537	-	96	177468010	3682
chr1	177464328	177664328	harbor2	chr1	177501352	177501481	SINE/MIR	590	-	64	177501416	37088
chr1	177464328	177664328	harbor2	chr1	177516793	177516885	SINE/MIR	454	-	46	177516839	52511
chr1	177464328	177664328	harbor2	chr1	177516966	177517021	SINE/MIR	454	-	28	177516994	52666
chr1	177464328	177664328	harbor2	chr1	177519022	177519165	SINE/MIR	525	-	72	177519094	54766
chr1	210687508	210887508	harbor2	chr1	210691320	210691552	SINE/MIR	589	-	116	210691436	3928
chr1	210687508	210887508	harbor2	chr1	210696947	210697128	SINE/MIR	495	-	90	210697037	9529
chr1	210687508	210887508	harbor2	chr1	210698637	210698841	SINE/MIR	497	-	102	210698739	11231
chr1	210687508	210887508	harbor2	chr1	210705908	210706114	SINE/MIR	411	-	103	210706011	18503
chr1	210687508	210887508	harbor2	chr1	210706533	210706697	SINE/MIR	555	-	82	210706615	19107
chr1	210687508	210887508	harbor2	chr1	210710606	210710769	SINE/MIR	431	-	82	210710688	23180
chr1	210687508	210887508	harbor2	chr1	210746240	210746474	SINE/MIR	511	-	117	210746357	58849
chr1	210687508	210887508	harbor2	chr1	210768283	210768405	SINE/MIR	416	-	61	210768344	80836
chr1	210687508	210887508	harbor2	chr1	210770383	210770543	SINE/MIR	485	-	80	210770463	82955
chr1	210687508	210887508	harbor2	chr1	210771647	210771843	SINE/MIR	475	-	98	210771745	84237
chr1	231106840	231306840	harbor2	chr1	231138808	231138952	SINE/MIR	561	-	72	231138880	32040
chr1	231106840	231306840	harbor2	chr1	231148013	231148180	SINE/MIR	423	-	84	231148097	41257
chr1	231106840	231306840	harbor2	chr1	231154763	231155006	SINE/MIR	764	-	122	231154885	48045
chr1	231106840	231306840	harbor2	chr1	231183724	231183913	SINE/MIR	714	-	94	231183818	76978
chr1	202534924	202734924	harbor2	chr1	202542304	202542455	SINE/MIR	648	-	76	202542380	7456
chr1	202534924	202734924	harbor2	chr1	202547945	202548202	SINE/MIR	610	-	128	202548073	13149
chr1	202534924	202734924	harbor2	chr1	202576731	202576958	SINE/MIR	563	-	114	202576845	41921
chr1	202534924	202734924	harbor2	chr1	202599702	202599833	SINE/MIR	418	-	66	202599768	64844
chr1	202534924	202734924	harbor2	chr1	202600964	202601185	SINE/MIR	441	-	110	202601074	66150
chr1	202534924	202734924	harbor2	chr1	202601603	202601826	SINE/MIR	629	-	112	202601715	66791
chr1	202534924	202734924	harbor2	chr1	202606124	202606317	SINE/MIR	838	-	96	202606220	71296
chr1	245323050	245523050	harbor2	chr1	245334761	245334966	SINE/MIR	558	-	102	245334863	11813
chr1	245323050	245523050	harbor2	chr1	245351522	245351745	SINE/MIR	746	-	112	245351634	28584
chr1	245323050	245523050	harbor2	chr1	245360428	245360642	SINE/MIR	693	-	107	245360535	37485
chr1	245323050	245523050	harbor2	chr1	245369510	245369686	SINE/MIR	615	-	88	245369598	46548
chr1	245323050	245523050	harbor2	chr1	245384300	245384418	SINE/MIR	516	-	59	245384359	61309
chr2	188091667	188291667	harbor2	chr2	188117292	188117534	SINE/MIR	607	-	121	188117413	25746
chr2	97739523	97939523	harbor2	chr2	97750066	97750176	SINE/MIR	410	-	55	97750121	10598
chr2	233589012	233789012	harbor2	chr2	233687392	233687579	SINE/MIR	658	-	94	233687486	98474
chr2	218996117	219196117	harbor2	chr2	219007676	219007794	SINE/MIR	495	-	59	219007735	11618
chr2	218996117	219196117	harbor2	chr2	219019870	219019976	SINE/MIR	537	-	53	219019923	23806
chr2	218996117	219196117	harbor2	chr2	219020341	219020361	SINE/MIR	537	-	10	219020351	24234
chr2	218996117	219196117	harbor2	chr2	219020679	219020816	SINE/MIR	537	-	68	219020747	24630
chr2	218996117	219196117	harbor2	chr2	219022423	219022688	SINE/MIR	486	-	132	219022555	26438
chr2	218996117	219196117	harbor2	chr2	219062081	219062279	SINE/MIR	506	-	99	219062180	66063
chr2	239067234	239267234	harbor2	chr2	239152882	239153063	SINE/MIR	534	-	90	239152972	85738
chr2	201502385	201702385	harbor2	chr2	201511354	201511521	SINE/MIR	475	-	84	201511438	9053
chr2	201502385	201702385	harbor2	chr2	201566847	201567079	SINE/MIR	693	-	116	201566963	64578
chr2	201502385	201702385	harbor2	chr2	201570458	201570696	SINE/MIR	675	-	119	201570577	68192
chr2	201502385	201702385	harbor2	chr2	201572189	201572404	SINE/MIR	557	-	108	201572297	69912
chr2	148649890	148849890	harbor2	chr2	148651748	148651980	SINE/MIR	551	-	116	148651864	1974
chr2	148649890	148849890	harbor2	chr2	148696977	148697205	SINE/MIR	461	-	114	148697091	47201
chr2	144946065	145146065	harbor2	chr2	144954232	144954408	SINE/MIR	545	-	88	144954320	8255
chr2	144946065	145146065	harbor2	chr2	145018529	145018770	SINE/MIR	671	-	120	145018649	72584
chr2	144946065	145146065	harbor2	chr2	145019313	145019503	SINE/MIR	602	-	95	145019408	73343
chr2	144946065	145146065	harbor2	chr2	145019802	145019820	SINE/MIR	602	-	9	145019811	73746
chr2	191063338	191263338	harbor2	chr2	191070329	191070537	SINE/MIR	533	-	104	191070433	7095
chr2	191063338	191263338	harbor2	chr2	191107357	191107622	SINE/MIR	788	-	132	191107489	44151
chr2	191063338	191263338	harbor2	chr2	191143278	191143452	SINE/MIR	417	-	87	191143365	80027
chr2	191063338	191263338	harbor2	chr2	191155866	191156082	SINE/MIR	604	-	108	191155974	92636
chr2	173845788	174045788	harbor2	chr2	173860594	173860736	SINE/MIR	520	-	71	173860665	14877
chr2	173845788	174045788	harbor2	chr2	173903213	173903448	SINE/MIR	740	-	118	173903331	57543
chr2	173845788	174045788	harbor2	chr2	173905286	173905472	SINE/MIR	402	-	93	173905379	59591
chr2	173845788	174045788	harbor2	chr2	173924510	173924683	SINE/MIR	633	-	86	173924596	78808
chr2	96700455	96900455	harbor2	chr2	96716584	96716807	SINE/MIR	688	-	112	96716696	16241
chr2	96700455	96900455	harbor2	chr2	96736593	96736843	SINE/MIR	559	-	125	96736718	36263
chr2	96700455	96900455	harbor2	chr2	96798654	96798862	SINE/MIR	606	-	104	96798758	98303
chr2	179329043	179529043	harbor2	chr2	179342417	179342597	SINE/MIR	565	-	90	179342507	13464
chr2	179329043	179529043	harbor2	chr2	179355853	179356027	SINE/MIR	439	-	87	179355940	26897
chr2	179329043	179529043	harbor2	chr2	179372369	179372502	SINE/MIR	404	-	66	179372435	43392
chr2	179329043	179529043	harbor2	chr2	179423505	179423734	SINE/MIR	426	-	114	179423619	94576
chr2	179329043	179529043	harbor2	chr2	179425748	179425978	SINE/MIR	1077	-	115	179425863	96820
chr2	218432470	218632470	harbor2	chr2	218443020	218443179	SINE/MIR	492	-	80	218443100	10630
chr2	218432470	218632470	harbor2	chr2	218480578	218480673	SINE/MIR	443	-	48	218480626	48156
chr2	154137434	154337434	harbor2	chr2	154156469	154156696	SINE/MIR	439	-	114	154156583	19149
chr2	154137434	154337434	harbor2	chr2	154171394	154171636	SINE/MIR	523	-	121	154171515	34081
chr2	154137434	154337434	harbor2	chr2	154182022	154182230	SINE/MIR	421	-	104	154182126	44692
chr2	154137434	154337434	harbor2	chr2	154194649	154194859	SINE/MIR	618	-	105	154194754	57320
chr2	154137434	154337434	harbor2	chr2	154195090	154195123	SINE/MIR	618	-	16	154195106	57672
chr2	154137434	154337434	harbor2	chr2	154219173	154219415	SINE/MIR	843	-	121	154219294	81860
chr2	154137434	154337434	harbor2	chr2	154231924	154232040	SINE/MIR	506	-	58	154231982	94548
chr2	229827521	230027521	harbor2	chr2	229832584	229832751	SINE/MIR	495	-	84	229832668	5147
chr2	229827521	230027521	harbor2	chr2	229907820	229908058	SINE/MIR	586	-	119	229907939	80418
chr2	229827521	230027521	harbor2	chr2	229918880	229919046	SINE/MIR	504	-	83	229918963	91442
chr2	228308760	228508760	harbor2	chr2	228309826	228310008	SINE/MIR	692	-	91	228309917	1157
chr2	228308760	228508760	harbor2	chr2	228328788	228329019	SINE/MIR	667	-	116	228328904	20144
chr2	228308760	228508760	harbor2	chr2	228384409	228384581	SINE/MIR	542	-	86	228384495	75735
chr2	228308760	228508760	harbor2	chr2	228387965	228388190	SINE/MIR	424	-	112	228388077	79317
chr2	228308760	228508760	harbor2	chr2	228407309	228407473	SINE/MIR	429	-	82	228407391	98631
chr2	171353917	171553917	harbor2	chr2	171361520	171361747	SINE/MIR	752	-	114	171361634	7717
chr2	171353917	171553917	harbor2	chr2	171400056	171400264	SINE/MIR	412	-	104	171400160	46243
chr2	171353917	171553917	harbor2	chr2	171416636	171416864	SINE/MIR	478	-	114	171416750	62833
chr2	171353917	171553917	harbor2	chr2	171417417	171417664	SINE/MIR	526	-	124	171417541	63624
chr2	171353917	171553917	harbor2	chr2	171450768	171450980	SINE/MIR	848	-	106	171450874	96957
chr2	201676087	201876087	harbor2	chr2	201686167	201686297	SINE/MIR	620	-	65	201686232	10145
chr2	201676087	201876087	harbor2	chr2	201750228	201750412	SINE/MIR	530	-	92	201750320	74233
chr2	229281317	229481317	harbor2	chr2	229282511	229282750	SINE/MIR	828	-	120	229282631	1314
chr2	229281317	229481317	harbor2	chr2	229282913	229283142	SINE/MIR	499	-	114	229283027	1710
chr2	229281317	229481317	harbor2	chr2	229374491	229374729	SINE/MIR	667	-	119	229374610	93293
chr2	182581973	182781973	harbor2	chr2	182674025	182674211	SINE/MIR	473	-	93	182674118	92145
chr2	168617520	168817520	harbor2	chr2	168633333	168633537	SINE/MIR	460	-	102	168633435	15915
chr2	168617520	168817520	harbor2	chr2	168658624	168658843	SINE/MIR	682	-	110	168658734	41214
chr2	235579117	235779117	harbor2	chr2	235619246	235619347	SINE/MIR	442	-	50	235619296	40179
chr2	174274517	174474517	harbor2	chr2	174277094	174277295	SINE/MIR	530	-	100	174277194	2677
chr2	174274517	174474517	harbor2	chr2	174313428	174313594	SINE/MIR	459	-	83	174313511	38994
chr2	234736652	234936652	harbor2	chr2	234834991	234835186	SINE/MIR	707	-	98	234835089	98437
chr2	214641648	214841648	harbor2	chr2	214646406	214646616	SINE/MIR	445	-	105	214646511	4863
chr2	214641648	214841648	harbor2	chr2	214734859	214734888	SINE/MIR	438	-	14	214734873	93225
chr2	214641648	214841648	harbor2	chr2	214735534	214735673	SINE/MIR	438	-	70	214735604	93956
chr2	234396660	234596660	harbor2	chr2	234482747	234482862	SINE/MIR	408	-	58	234482805	86145
chr2	234396660	234596660	harbor2	chr2	234489033	234489205	SINE/MIR	491	-	86	234489119	92459
chr2	234396660	234596660	harbor2	chr2	234492125	234492327	SINE/MIR	785	-	101	234492226	95566
chr2	232266425	232466425	harbor2	chr2	232283093	232283257	SINE/MIR	469	-	82	232283175	16750
chr2	232266425	232466425	harbor2	chr2	232301052	232301251	SINE/MIR	605	-	100	232301152	34727
chr2	213880953	214080953	harbor2	chr2	213974656	213974882	SINE/MIR	553	-	113	213974769	93816
chr2	134937452	135137452	harbor2	chr2	135009694	135009756	SINE/MIR	761	-	31	135009725	72273
chr2	134937452	135137452	harbor2	chr2	135009886	135010047	SINE/MIR	761	-	80	135009966	72514
chr2	199006957	199206957	harbor2	chr2	199035302	199035398	SINE/MIR	416	-	48	199035350	28393
chr2	199006957	199206957	harbor2	chr2	199035704	199035765	SINE/MIR	416	-	30	199035734	28777
chr2	199006957	199206957	harbor2	chr2	199089322	199089556	SINE/MIR	424	-	117	199089439	82482
chr2	199006957	199206957	harbor2	chr2	199105850	199106084	SINE/MIR	465	-	117	199105967	99010
chr2	177353826	177553826	harbor2	chr2	177398309	177398567	SINE/MIR	618	-	129	177398438	44612
chr2	177353826	177553826	harbor2	chr2	177435796	177436003	SINE/MIR	445	-	104	177435900	82074
chr2	177353826	177553826	harbor2	chr2	177445140	177445280	SINE/MIR	405	-	70	177445210	91384
chr2	72253737	72453737	harbor2	chr2	72261917	72262073	SINE/MIR	522	-	78	72261995	8258
chr2	72253737	72453737	harbor2	chr2	72291103	72291249	SINE/MIR	451	-	73	72291176	37439
chr2	72253737	72453737	harbor2	chr2	72305049	72305257	SINE/MIR	818	-	104	72305153	51416
chr2	197029951	197229951	harbor2	chr2	197060307	197060378	SINE/MIR	496	-	36	197060343	30392
chr2	197029951	197229951	harbor2	chr2	197061119	197061289	SINE/MIR	496	-	85	197061204	31253
chr2	197029951	197229951	harbor2	chr2	197116937	197117184	SINE/MIR	685	-	124	197117061	87110
chr2	132934362	133134362	harbor2	chr2	132944380	132944615	SINE/MIR	706	-	118	132944498	10136
chr2	132934362	133134362	harbor2	chr2	132962250	132962478	SINE/MIR	642	-	114	132962364	28002
chr2	132934362	133134362	harbor2	chr2	132974385	132974608	SINE/MIR	442	-	112	132974497	40135
chr2	132934362	133134362	harbor2	chr2	133015118	133015303	SINE/MIR	461	-	92	133015210	80848
chr2	132934362	133134362	harbor2	chr2	133027347	133027580	SINE/MIR	860	-	116	133027463	93101
chr2	132934362	133134362	harbor2	chr2	133029278	133029443	SINE/MIR	428	-	82	133029360	94998
chr2	57469719	57669719	harbor2	chr2	57509132	57509329	SINE/MIR	477	-	98	57509230	39511
chr2	220743709	220943709	harbor2	chr2	220763703	220763888	SINE/MIR	488	-	92	220763795	20086
chr2	220743709	220943709	harbor2	chr2	220764097	220764304	SINE/MIR	477	-	104	220764201	20492
chr2	13955983	14155983	harbor2	chr2	13989114	13989247	SINE/MIR	604	-	66	13989180	33197
chr2	13955983	14155983	harbor2	chr2	14009375	14009574	SINE/MIR	722	-	100	14009475	53492
chr2	13955983	14155983	harbor2	chr2	14011048	14011258	SINE/MIR	567	-	105	14011153	55170
chr2	203777634	203977634	harbor2	chr2	203781675	203781897	SINE/MIR	692	-	111	203781786	4152
chr2	203777634	203977634	harbor2	chr2	203862348	203862595	SINE/MIR	833	-	124	203862472	84838
chr2	203777634	203977634	harbor2	chr2	203864740	203864950	SINE/MIR	455	-	105	203864845	87211
chr2	157174367	157374367	harbor2	chr2	157175007	157175237	SINE/MIR	543	-	115	157175122	755
chr2	157174367	157374367	harbor2	chr2	157183545	157183775	SINE/MIR	633	-	115	157183660	9293
chr2	157174367	157374367	harbor2	chr2	157194859	157194979	SINE/MIR	427	-	60	157194919	20552
chr2	157174367	157374367	harbor2	chr2	157239958	157240205	SINE/MIR	456	-	124	157240082	65715
chr2	157174367	157374367	harbor2	chr2	157243912	157244140	SINE/MIR	838	-	114	157244026	69659
chr2	157174367	157374367	harbor2	chr2	157266153	157266394	SINE/MIR	453	-	120	157266273	91906
chr2	157174367	157374367	harbor2	chr2	157266610	157266794	SINE/MIR	403	-	92	157266702	92335
chr2	157174367	157374367	harbor2	chr2	157268473	157268687	SINE/MIR	613	-	107	157268580	94213
chr2	225205974	225405974	harbor2	chr2	225216563	225216763	SINE/MIR	532	-	100	225216663	10689
chr2	225205974	225405974	harbor2	chr2	225234651	225234884	SINE/MIR	630	-	116	225234767	28793
chr2	225205974	225405974	harbor2	chr2	225242050	225242182	SINE/MIR	508	-	66	225242116	36142
chr2	225205974	225405974	harbor2	chr2	225253766	225253946	SINE/MIR	529	-	90	225253856	47882
chr2	225205974	225405974	harbor2	chr2	225292501	225292695	SINE/MIR	519	-	97	225292598	86624
chr2	180190418	180390418	harbor2	chr2	180248037	180248240	SINE/MIR	469	-	102	180248139	57721
chr2	180190418	180390418	harbor2	chr2	180257389	180257442	SINE/MIR	653	-	26	180257415	66997
chr2	180190418	180390418	harbor2	chr2	180257728	180257863	SINE/MIR	653	-	68	180257796	67378
chr2	210938248	211138248	harbor2	chr2	211008114	211008336	SINE/MIR	841	-	111	211008225	69977
chr2	210938248	211138248	harbor2	chr2	211037853	211038080	SINE/MIR	619	-	114	211037967	99719
chr2	214228839	214428839	harbor2	chr2	214317127	214317305	SINE/MIR	414	-	89	214317216	88377
chr2	70597744	70797744	harbor2	chr2	70607903	70608081	SINE/MIR	445	-	89	70607992	10248
chr2	70597744	70797744	harbor2	chr2	70644619	70644694	SINE/MIR	412	-	38	70644657	46913
chr2	70597744	70797744	harbor2	chr2	70644997	70645078	SINE/MIR	412	-	40	70645037	47293
chr2	235445541	235645541	harbor2	chr2	235459142	235459340	SINE/MIR	473	-	99	235459241	13700
chr2	235445541	235645541	harbor2	chr2	235473030	235473162	SINE/MIR	473	-	66	235473096	27555
chr2	235445541	235645541	harbor2	chr2	235497038	235497205	SINE/MIR	449	-	84	235497122	51581
chr2	124433387	124633387	harbor2	chr2	124438788	124438998	SINE/MIR	452	-	105	124438893	5506
chr2	124433387	124633387	harbor2	chr2	124488284	124488501	SINE/MIR	480	-	108	124488392	55005
chr2	226416283	226616283	harbor2	chr2	226471180	226471390	SINE/MIR	459	-	105	226471285	55002
chr2	226416283	226616283	harbor2	chr2	226486421	226486681	SINE/MIR	758	-	130	226486551	70268
chr2	226416283	226616283	harbor2	chr2	226507327	226507506	SINE/MIR	482	-	90	226507417	91134
chr2	223711393	223911393	harbor2	chr2	223714339	223714580	SINE/MIR	588	-	120	223714459	3066
chr2	223711393	223911393	harbor2	chr2	223722487	223722664	SINE/MIR	573	-	88	223722575	11182
chr2	223711393	223911393	harbor2	chr2	223801137	223801349	SINE/MIR	586	-	106	223801243	89850
chr2	240927621	241127621	harbor2	chr2	240990377	240990495	SINE/MIR	427	-	59	240990436	62815
chr2	72744643	72944643	harbor2	chr2	72746680	72746802	SINE/MIR	406	-	61	72746741	2098
chr2	72744643	72944643	harbor2	chr2	72779029	72779284	SINE/MIR	491	-	128	72779157	34514
chr2	72744643	72944643	harbor2	chr2	72792590	72792739	SINE/MIR	489	-	74	72792664	48021
chr2	72744643	72944643	harbor2	chr2	72800208	72800404	SINE/MIR	636	-	98	72800306	55663
chr2	72744643	72944643	harbor2	chr2	72800555	72800766	SINE/MIR	786	-	106	72800661	56018
chr2	72744643	72944643	harbor2	chr2	72828898	72829132	SINE/MIR	540	-	117	72829015	84372
chr2	72744643	72944643	harbor2	chr2	72841093	72841323	SINE/MIR	624	-	115	72841208	96565
chr2	229317158	229517158	harbor2	chr2	229374491	229374729	SINE/MIR	667	-	119	229374610	57452
chr2	229317158	229517158	harbor2	chr2	229407857	229408010	SINE/MIR	552	-	76	229407933	90775
chr2	203551851	203751851	harbor2	chr2	203568491	203568688	SINE/MIR	586	-	98	203568589	16738
chr2	203551851	203751851	harbor2	chr2	203586676	203586810	SINE/MIR	461	-	67	203586743	34892
chr2	203551851	203751851	harbor2	chr2	203595462	203595706	SINE/MIR	454	-	122	203595584	43733
chr2	203551851	203751851	harbor2	chr2	203601210	203601249	SINE/MIR	583	-	20	203601230	49379
chr2	203551851	203751851	harbor2	chr2	203601552	203601759	SINE/MIR	583	-	104	203601656	49805
chr2	203551851	203751851	harbor2	chr2	203610379	203610479	SINE/MIR	428	-	50	203610429	58578
chr2	203551851	203751851	harbor2	chr2	203629595	203629828	SINE/MIR	610	-	116	203629711	77860
chr2	203551851	203751851	harbor2	chr2	203651281	203651523	SINE/MIR	698	-	121	203651402	99551
chr2	241108461	241308461	harbor2	chr2	241109168	241109375	SINE/MIR	425	-	104	241109272	811
chr2	241108461	241308461	harbor2	chr2	241138328	241138557	SINE/MIR	527	-	114	241138442	29981
chr2	241108461	241308461	harbor2	chr2	241152121	241152310	SINE/MIR	434	-	94	241152215	43754
chr2	228801323	229001323	harbor2	chr2	228838339	228838481	SINE/MIR	462	-	71	228838410	37087
chr2	228801323	229001323	harbor2	chr2	228848264	228848430	SINE/MIR	631	-	83	228848347	47024
chr2	228801323	229001323	harbor2	chr2	228862942	228863078	SINE/MIR	490	-	68	228863010	61687
chr2	228801323	229001323	harbor2	chr2	228889163	228889390	SINE/MIR	440	-	114	228889277	87954
chr2	205106837	205306837	harbor2	chr2	205160671	205160905	SINE/MIR	501	-	117	205160788	53951
chr2	205106837	205306837	harbor2	chr2	205177737	205177940	SINE/MIR	424	-	102	205177839	71002
chr2	205106837	205306837	harbor2	chr2	205184803	205184966	SINE/MIR	493	-	82	205184885	78048
chr2	205106837	205306837	harbor2	chr2	205191229	205191366	SINE/MIR	409	-	68	205191297	84460
chr2	205106837	205306837	harbor2	chr2	205191619	205191835	SINE/MIR	709	-	108	205191727	84890
chr2	222917583	223117583	harbor2	chr2	222976208	222976462	SINE/MIR	801	-	127	222976335	58752
chr2	222917583	223117583	harbor2	chr2	223004125	223004336	SINE/MIR	412	-	106	223004231	86648
chr2	222917583	223117583	harbor2	chr2	223005204	223005431	SINE/MIR	466	-	114	223005318	87735
chr2	190765097	190965097	harbor2	chr2	190797053	190797292	SINE/MIR	780	-	120	190797173	32076
chr2	190765097	190965097	harbor2	chr2	190863391	190863556	SINE/MIR	496	-	82	190863473	98376
chr2	141673041	141873041	harbor2	chr2	141674555	141674798	SINE/MIR	501	-	122	141674677	1636
chr2	141673041	141873041	harbor2	chr2	141688284	141688530	SINE/MIR	534	-	123	141688407	15366
chr2	141673041	141873041	harbor2	chr2	141688536	141688714	SINE/MIR	540	-	89	141688625	15584
chr2	141673041	141873041	harbor2	chr2	141689226	141689366	SINE/MIR	404	-	70	141689296	16255
chr2	141673041	141873041	harbor2	chr2	141695425	141695617	SINE/MIR	514	-	96	141695521	22480
chr2	141673041	141873041	harbor2	chr2	141705021	141705143	SINE/MIR	408	-	61	141705082	32041
chr2	141673041	141873041	harbor2	chr2	141768959	141769155	SINE/MIR	445	-	98	141769057	96016
chr2	177490086	177690086	harbor2	chr2	177495357	177495479	SINE/MIR	404	-	61	177495418	5332
chr2	177490086	177690086	harbor2	chr2	177526818	177527043	SINE/MIR	457	-	112	177526930	36844
chr2	177490086	177690086	harbor2	chr2	177545833	177546002	SINE/MIR	482	-	84	177545917	55831
chr2	49297297	49497297	harbor2	chr2	49307848	49308023	SINE/MIR	478	-	88	49307936	10639
chr2	49297297	49497297	harbor2	chr2	49352441	49352668	SINE/MIR	963	-	114	49352555	55258
chr2	209531007	209731007	harbor2	chr2	209532367	209532596	SINE/MIR	669	-	114	209532481	1474
chr2	209531007	209731007	harbor2	chr2	209534172	209534404	SINE/MIR	525	-	116	209534288	3281
chr2	209531007	209731007	harbor2	chr2	209582798	209582988	SINE/MIR	411	-	95	209582893	51886
chr2	209531007	209731007	harbor2	chr2	209589180	209589408	SINE/MIR	439	-	114	209589294	58287
chr2	209531007	209731007	harbor2	chr2	209625416	209625569	SINE/MIR	491	-	76	209625492	94485
chr2	175635640	175835640	harbor2	chr2	175640678	175640903	SINE/MIR	408	-	112	175640790	5150
chr2	175635640	175835640	harbor2	chr2	175661784	175661972	SINE/MIR	639	-	94	175661878	26238
chr2	175635640	175835640	harbor2	chr2	175678690	175678905	SINE/MIR	433	-	108	175678798	43158
chr2	175635640	175835640	harbor2	chr2	175680458	175680696	SINE/MIR	688	-	119	175680577	44937
chr2	175635640	175835640	harbor2	chr2	175681476	175681636	SINE/MIR	579	-	80	175681556	45916
chr2	175635640	175835640	harbor2	chr2	175732904	175733119	SINE/MIR	429	-	108	175733012	97372
chr2	175635640	175835640	harbor2	chr2	175735437	175735636	SINE/MIR	537	-	100	175735537	99897
chr2	175515290	175715290	harbor2	chr2	175536319	175536470	SINE/MIR	423	-	76	175536395	21105
chr2	175515290	175715290	harbor2	chr2	175540518	175540657	SINE/MIR	463	-	70	175540588	25298
chr2	175515290	175715290	harbor2	chr2	175578115	175578238	SINE/MIR	461	-	62	175578177	62887
chr2	175515290	175715290	harbor2	chr2	175578882	175579124	SINE/MIR	437	-	121	175579003	63713
chr2	175515290	175715290	harbor2	chr2	175586645	175586896	SINE/MIR	887	-	126	175586771	71481
chr2	175515290	175715290	harbor2	chr2	175595930	175596055	SINE/MIR	470	-	62	175595992	80702
chr2	84989646	85189646	harbor2	chr2	85076139	85076316	SINE/MIR	467	-	88	85076227	86581
chr2	84989646	85189646	harbor2	chr2	85077220	85077252	SINE/MIR	801	-	16	85077236	87590
chr2	84989646	85189646	harbor2	chr2	85077545	85077741	SINE/MIR	801	-	98	85077643	87997
chr2	149596618	149796618	harbor2	chr2	149637278	149637522	SINE/MIR	458	-	122	149637400	40782
chr2	149596618	149796618	harbor2	chr2	149671193	149671409	SINE/MIR	467	-	108	149671301	74683
chr2	149596618	149796618	harbor2	chr2	149676570	149676732	SINE/MIR	683	-	81	149676651	80033
chr2	149596618	149796618	harbor2	chr2	149681259	149681414	SINE/MIR	460	-	78	149681337	84719
chr2	149596618	149796618	harbor2	chr2	149684245	149684424	SINE/MIR	816	-	90	149684335	87717
chr2	215840333	216040333	harbor2	chr2	215849841	215850003	SINE/MIR	561	-	81	215849922	9589
chr2	215840333	216040333	harbor2	chr2	215904938	215905191	SINE/MIR	512	-	126	215905064	64731
chr2	233170747	233370747	harbor2	chr2	233190146	233190332	SINE/MIR	610	-	93	233190239	19492
chr2	233170747	233370747	harbor2	chr2	233251177	233251337	SINE/MIR	608	-	80	233251257	80510
chr2	233170747	233370747	harbor2	chr2	233253179	233253332	SINE/MIR	473	-	76	233253255	82508
chr2	233170747	233370747	harbor2	chr2	233253646	233253703	SINE/MIR	473	-	28	233253674	82927
chr2	197048463	197248463	harbor2	chr2	197060307	197060378	SINE/MIR	496	-	36	197060343	11880
chr2	197048463	197248463	harbor2	chr2	197061119	197061289	SINE/MIR	496	-	85	197061204	12741
chr2	197048463	197248463	harbor2	chr2	197116937	197117184	SINE/MIR	685	-	124	197117061	68598
chr2	127462755	127662755	harbor2	chr2	127465802	127466023	SINE/MIR	520	-	110	127465912	3157
chr2	127462755	127662755	harbor2	chr2	127561578	127561785	SINE/MIR	545	-	104	127561682	98927
chr2	195318620	195518620	harbor2	chr2	195341591	195341763	SINE/MIR	434	-	86	195341677	23057
chr2	195318620	195518620	harbor2	chr2	195344406	195344602	SINE/MIR	647	-	98	195344504	25884
chr2	195318620	195518620	harbor2	chr2	195393895	195394071	SINE/MIR	517	-	88	195393983	75363
chr2	195318620	195518620	harbor2	chr2	195405390	195405624	SINE/MIR	661	-	117	195405507	86887
chr2	192071854	192271854	harbor2	chr2	192105392	192105623	SINE/MIR	687	-	116	192105508	33654
chr2	192071854	192271854	harbor2	chr2	192156251	192156492	SINE/MIR	823	-	120	192156371	84517
chr2	232405183	232605183	harbor2	chr2	232493248	232493479	SINE/MIR	423	-	116	232493364	88181
chr2	232405183	232605183	harbor2	chr2	232495737	232495896	SINE/MIR	632	-	80	232495817	90634
chr2	232405183	232605183	harbor2	chr2	232498734	232498921	SINE/MIR	571	-	94	232498828	93645
chr2	232405183	232605183	harbor2	chr2	232501531	232501765	SINE/MIR	799	-	117	232501648	96465
chr2	232405183	232605183	harbor2	chr2	232504510	232504665	SINE/MIR	514	-	78	232504588	99405
chr2	223624939	223824939	harbor2	chr2	223634756	223634998	SINE/MIR	865	-	121	223634877	9938
chr2	223624939	223824939	harbor2	chr2	223640639	223640787	SINE/MIR	512	-	74	223640713	15774
chr2	223624939	223824939	harbor2	chr2	223664785	223664878	SINE/MIR	449	-	46	223664831	39892
chr2	223624939	223824939	harbor2	chr2	223677730	223677967	SINE/MIR	507	-	118	223677848	52909
chr2	223624939	223824939	harbor2	chr2	223678047	223678210	SINE/MIR	571	-	82	223678129	53190
chr2	223624939	223824939	harbor2	chr2	223678530	223678589	SINE/MIR	571	-	30	223678560	53621
chr2	223624939	223824939	harbor2	chr2	223701241	223701332	SINE/MIR	626	-	46	223701287	76348
chr2	223624939	223824939	harbor2	chr2	223701618	223701770	SINE/MIR	626	-	76	223701694	76755
chr2	223624939	223824939	harbor2	chr2	223714339	223714580	SINE/MIR	588	-	120	223714459	89520
chr2	223624939	223824939	harbor2	chr2	223722487	223722664	SINE/MIR	573	-	88	223722575	97636
chr2	230038502	230238502	harbor2	chr2	230048100	230048331	SINE/MIR	653	-	116	230048216	9714
chr2	230038502	230238502	harbor2	chr2	230050724	230050876	SINE/MIR	412	-	76	230050800	12298
chr2	230038502	230238502	harbor2	chr2	230080877	230081105	SINE/MIR	786	-	114	230080991	42489
chr2	207938153	208138153	harbor2	chr2	207939559	207939718	SINE/MIR	541	-	80	207939639	1486
chr2	207938153	208138153	harbor2	chr2	207940361	207940548	SINE/MIR	710	-	94	207940455	2302
chr2	207938153	208138153	harbor2	chr2	207946854	207947023	SINE/MIR	569	-	84	207946938	8785
chr2	207938153	208138153	harbor2	chr2	207955479	207955684	SINE/MIR	524	-	102	207955581	17428
chr2	207938153	208138153	harbor2	chr2	207967705	207967944	SINE/MIR	913	-	120	207967825	29672
chr2	207938153	208138153	harbor2	chr2	207996886	207997150	SINE/MIR	752	-	132	207997018	58865
chr2	207938153	208138153	harbor2	chr2	208015050	208015256	SINE/MIR	612	-	103	208015153	77000
chr2	207938153	208138153	harbor2	chr2	208023872	208023923	SINE/MIR	750	-	26	208023898	85745
chr2	207938153	208138153	harbor2	chr2	208024197	208024356	SINE/MIR	750	-	80	208024277	86124
chr2	146617968	146817968	harbor2	chr2	146652906	146653096	SINE/MIR	512	-	95	146653001	35033
chr2	146617968	146817968	harbor2	chr2	146664026	146664253	SINE/MIR	530	-	114	146664140	46172
chr2	214947276	215147276	harbor2	chr2	215005043	215005240	SINE/MIR	558	-	98	215005141	57865
chr2	214947276	215147276	harbor2	chr2	215038216	215038409	SINE/MIR	406	-	96	215038312	91036
chr2	169728161	169928161	harbor2	chr2	169742317	169742560	SINE/MIR	741	-	122	169742439	14278
chr2	169728161	169928161	harbor2	chr2	169742858	169743115	SINE/MIR	725	-	128	169742986	14825
chr2	169728161	169928161	harbor2	chr2	169798281	169798459	SINE/MIR	467	-	89	169798370	70209
chr2	169728161	169928161	harbor2	chr2	169818757	169819046	SINE/MIR	624	-	144	169818901	90740
chr2	220648732	220848732	harbor2	chr2	220650160	220650338	SINE/MIR	407	-	89	220650249	1517
chr2	220648732	220848732	harbor2	chr2	220691800	220691957	SINE/MIR	445	-	78	220691878	43146
chr2	220648732	220848732	harbor2	chr2	220705471	220705688	SINE/MIR	592	-	108	220705579	56847
chr2	220648732	220848732	harbor2	chr2	220705777	220706027	SINE/MIR	730	-	125	220705902	57170
chr2	54896789	55096789	harbor2	chr2	54897348	54897569	SINE/MIR	538	-	110	54897458	669
chr2	54896789	55096789	harbor2	chr2	54901081	54901291	SINE/MIR	517	-	105	54901186	4397
chr2	54896789	55096789	harbor2	chr2	54957032	54957203	SINE/MIR	662	-	86	54957118	60329
chr2	187646878	187846878	harbor2	chr2	187700518	187700759	SINE/MIR	808	-	120	187700638	53760
chr2	234615400	234815400	harbor2	chr2	234620113	234620243	SINE/MIR	438	-	65	234620178	4778
chr2	209097031	209297031	harbor2	chr2	209117488	209117648	SINE/MIR	570	-	80	209117568	20537
chr2	209097031	209297031	harbor2	chr2	209117889	209118092	SINE/MIR	527	-	102	209117991	20960
chr2	231737676	231937676	harbor2	chr2	231778542	231778771	SINE/MIR	1028	-	114	231778656	40980
chr2	231737676	231937676	harbor2	chr2	231782037	231782210	SINE/MIR	607	-	86	231782123	44447
chr2	231737676	231937676	harbor2	chr2	231819808	231819933	SINE/MIR	490	-	62	231819870	82194
chr2	101324815	101524815	harbor2	chr2	101331282	101331452	SINE/MIR	744	-	85	101331367	6552
chr2	101324815	101524815	harbor2	chr2	101357638	101357841	SINE/MIR	495	-	102	101357740	32925
chr2	101324815	101524815	harbor2	chr2	101370358	101370547	SINE/MIR	481	-	94	101370452	45637
chr2	101324815	101524815	harbor2	chr2	101383233	101383410	SINE/MIR	606	-	88	101383321	58506
chr2	101324815	101524815	harbor2	chr2	101399623	101399830	SINE/MIR	486	-	104	101399727	74912
chr2	199135002	199335002	harbor2	chr2	199195550	199195783	SINE/MIR	635	-	116	199195666	60664
chr2	199135002	199335002	harbor2	chr2	199198615	199198840	SINE/MIR	550	-	112	199198727	63725
chr2	199135002	199335002	harbor2	chr2	199211392	199211620	SINE/MIR	559	-	114	199211506	76504
chr2	199135002	199335002	harbor2	chr2	199217475	199217600	SINE/MIR	498	-	62	199217537	82535
chr2	199135002	199335002	harbor2	chr2	199218023	199218124	SINE/MIR	498	-	50	199218073	83071
chr2	25668844	25868844	harbor2	chr2	25763668	25763888	SINE/MIR	970	-	110	25763778	94934
chr2	224586360	224786360	harbor2	chr2	224600737	224600806	SINE/MIR	473	-	34	224600771	14411
chr2	224586360	224786360	harbor2	chr2	224601117	224601295	SINE/MIR	473	-	89	224601206	14846
chr2	224586360	224786360	harbor2	chr2	224648593	224648788	SINE/MIR	511	-	98	224648691	62331
chr2	224586360	224786360	harbor2	chr2	224676302	224676412	SINE/MIR	409	-	55	224676357	89997
chr2	224586360	224786360	harbor2	chr2	224676479	224676685	SINE/MIR	584	-	103	224676582	90222
chr2	170347697	170547697	harbor2	chr2	170383379	170383617	SINE/MIR	523	-	119	170383498	35801
chr2	170347697	170547697	harbor2	chr2	170436948	170437217	SINE/MIR	455	-	134	170437082	89385
chr2	73635078	73835078	harbor2	chr2	73651271	73651521	SINE/MIR	473	-	125	73651396	16318
chr2	220072649	220272649	harbor2	chr2	220101268	220101467	SINE/MIR	496	-	100	220101368	28719
chr2	220072649	220272649	harbor2	chr2	220110269	220110393	SINE/MIR	848	-	62	220110331	37682
chr2	220072649	220272649	harbor2	chr2	220110529	220110684	SINE/MIR	848	-	78	220110607	37958
chr2	220072649	220272649	harbor2	chr2	220118691	220118905	SINE/MIR	498	-	107	220118798	46149
chr2	220072649	220272649	harbor2	chr2	220155269	220155482	SINE/MIR	870	-	106	220155375	82726
chr2	220072649	220272649	harbor2	chr2	220167186	220167347	SINE/MIR	582	-	80	220167266	94617
chr2	220072649	220272649	harbor2	chr2	220135361	220135584	SINE/MIR	695	-	112	220135473	62824
chr2	195630835	195830835	harbor2	chr2	195667910	195668119	SINE/MIR	574	-	104	195668014	37179
chr2	195630835	195830835	harbor2	chr2	195686569	195686811	SINE/MIR	539	-	121	195686690	55855
chr2	211421627	211621627	harbor2	chr2	211449929	211450127	SINE/MIR	874	-	99	211450028	28401
chr2	211421627	211621627	harbor2	chr2	211474323	211474457	SINE/MIR	439	-	67	211474390	52763
chr2	199218118	199418118	harbor2	chr2	199218023	199218124	SINE/MIR	498	-	50	199218073	45
chr2	199218118	199418118	harbor2	chr2	199246708	199246876	SINE/MIR	512	-	84	199246792	28674
chr2	199218118	199418118	harbor2	chr2	199254321	199254476	SINE/MIR	449	-	78	199254399	36281
chr2	199218118	199418118	harbor2	chr2	199265986	199266173	SINE/MIR	457	-	94	199266080	47962
chr2	199218118	199418118	harbor2	chr2	199277714	199277962	SINE/MIR	605	-	124	199277838	59720
chr2	186979665	187179665	harbor2	chr2	186992160	186992415	SINE/MIR	420	-	128	186992288	12623
chr2	220695013	220895013	harbor2	chr2	220705471	220705688	SINE/MIR	592	-	108	220705579	10566
chr2	220695013	220895013	harbor2	chr2	220705777	220706027	SINE/MIR	730	-	125	220705902	10889
chr2	220695013	220895013	harbor2	chr2	220763703	220763888	SINE/MIR	488	-	92	220763795	68782
chr2	220695013	220895013	harbor2	chr2	220764097	220764304	SINE/MIR	477	-	104	220764201	69188
chr2	68858427	69058427	harbor2	chr2	68869861	68870029	SINE/MIR	403	-	84	68869945	11518
chr2	68858427	69058427	harbor2	chr2	68872069	68872262	SINE/MIR	436	-	96	68872165	13738
chr2	68858427	69058427	harbor2	chr2	68880542	68880776	SINE/MIR	528	-	117	68880659	22232
chr2	68858427	69058427	harbor2	chr2	68881377	68881490	SINE/MIR	448	-	56	68881433	23006
chr2	68858427	69058427	harbor2	chr2	68954509	68954736	SINE/MIR	739	-	114	68954623	96196
chr2	178124015	178324015	harbor2	chr2	178141166	178141367	SINE/MIR	634	-	100	178141266	17251
chr2	178124015	178324015	harbor2	chr2	178142325	178142518	SINE/MIR	462	-	96	178142421	18406
chr2	178124015	178324015	harbor2	chr2	178219184	178219418	SINE/MIR	659	-	117	178219301	95286
chr2	130915569	131115569	harbor2	chr2	130959633	130959815	SINE/MIR	525	-	91	130959724	44155
chr2	162794510	162994510	harbor2	chr2	162822308	162822541	SINE/MIR	546	-	116	162822424	27914
chr2	162794510	162994510	harbor2	chr2	162854648	162854789	SINE/MIR	539	-	70	162854718	60208
chr2	208872417	209072417	harbor2	chr2	208874942	208875167	SINE/MIR	735	-	112	208875054	2637
chr2	123570999	123770999	harbor2	chr2	123578506	123578631	SINE/MIR	515	-	62	123578568	7569
chr2	123570999	123770999	harbor2	chr2	123608085	123608250	SINE/MIR	514	-	82	123608167	37168
chr2	219826320	220026320	harbor2	chr2	219837567	219837783	SINE/MIR	478	-	108	219837675	11355
chr2	219826320	220026320	harbor2	chr2	219858694	219858938	SINE/MIR	873	-	122	219858816	32496
chr2	219826320	220026320	harbor2	chr2	219863068	219863261	SINE/MIR	507	-	96	219863164	36844
chr2	219826320	220026320	harbor2	chr2	219884841	219885007	SINE/MIR	453	-	83	219884924	58604
chr2	219826320	220026320	harbor2	chr2	219893283	219893533	SINE/MIR	568	-	125	219893408	67088
chr2	219826320	220026320	harbor2	chr2	219910638	219910872	SINE/MIR	641	-	117	219910755	84435
chr2	219826320	220026320	harbor2	chr2	219915698	219915893	SINE/MIR	649	-	98	219915796	89476
chr2	119331641	119531641	harbor2	chr2	119340634	119340752	SINE/MIR	410	-	59	119340693	9052
chr2	119331641	119531641	harbor2	chr2	119399102	119399267	SINE/MIR	591	-	82	119399184	67543
chr2	119331641	119531641	harbor2	chr2	119402325	119402475	SINE/MIR	592	-	75	119402400	70759
chr2	174899698	175099698	harbor2	chr2	174971552	174971780	SINE/MIR	562	-	114	174971666	71968
chr2	223706650	223906650	harbor2	chr2	223714339	223714580	SINE/MIR	588	-	120	223714459	7809
chr2	223706650	223906650	harbor2	chr2	223722487	223722664	SINE/MIR	573	-	88	223722575	15925
chr2	223706650	223906650	harbor2	chr2	223801137	223801349	SINE/MIR	586	-	106	223801243	94593
chr2	115472111	115672111	harbor2	chr2	115472147	115472317	SINE/MIR	412	-	85	115472232	121
chr2	115472111	115672111	harbor2	chr2	115472603	115472621	SINE/MIR	412	-	9	115472612	501
chr2	228327938	228527938	harbor2	chr2	228328788	228329019	SINE/MIR	667	-	116	228328904	966
chr2	228327938	228527938	harbor2	chr2	228384409	228384581	SINE/MIR	542	-	86	228384495	56557
chr2	228327938	228527938	harbor2	chr2	228387965	228388190	SINE/MIR	424	-	112	228388077	60139
chr2	228327938	228527938	harbor2	chr2	228407309	228407473	SINE/MIR	429	-	82	228407391	79453
chr2	133457274	133657274	harbor2	chr2	133505504	133505737	SINE/MIR	686	-	116	133505620	48346
chr2	142280076	142480076	harbor2	chr2	142282375	142282530	SINE/MIR	504	-	78	142282453	2377
chr2	142280076	142480076	harbor2	chr2	142347802	142347937	SINE/MIR	419	-	68	142347870	67794
chr2	217110449	217310449	harbor2	chr2	217155545	217155752	SINE/MIR	582	-	104	217155649	45200
chr2	217110449	217310449	harbor2	chr2	217158897	217159043	SINE/MIR	409	-	73	217158970	48521
chr2	217110449	217310449	harbor2	chr2	217168968	217169150	SINE/MIR	457	-	91	217169059	58610
chr2	217110449	217310449	harbor2	chr2	217182011	217182192	SINE/MIR	542	-	90	217182101	71652
chr2	217110449	217310449	harbor2	chr2	217189676	217189902	SINE/MIR	421	-	113	217189789	79340
chr2	217110449	217310449	harbor2	chr2	217195455	217195722	SINE/MIR	596	-	134	217195589	85140
chr2	208269806	208469806	harbor2	chr2	208288155	208288354	SINE/MIR	686	-	100	208288255	18449
chr2	200856643	201056643	harbor2	chr2	200891648	200891830	SINE/MIR	585	-	91	200891739	35096
chr2	178161413	178361413	harbor2	chr2	178219184	178219418	SINE/MIR	659	-	117	178219301	57888
chr2	178161413	178361413	harbor2	chr2	178245663	178245885	SINE/MIR	544	-	111	178245774	84361
chr2	178161413	178361413	harbor2	chr2	178257569	178257783	SINE/MIR	577	-	107	178257676	96263
chr2	230188101	230388101	harbor2	chr2	230217500	230217758	SINE/MIR	761	-	129	230217629	29528
chr2	231803450	232003450	harbor2	chr2	231819808	231819933	SINE/MIR	490	-	62	231819870	16420
chr2	231803450	232003450	harbor2	chr2	231850948	231851117	SINE/MIR	686	-	84	231851032	47582
chr2	231803450	232003450	harbor2	chr2	231898771	231898924	SINE/MIR	412	-	76	231898847	95397
chr2	145008898	145208898	harbor2	chr2	145018529	145018770	SINE/MIR	671	-	120	145018649	9751
chr2	145008898	145208898	harbor2	chr2	145019313	145019503	SINE/MIR	602	-	95	145019408	10510
chr2	145008898	145208898	harbor2	chr2	145019802	145019820	SINE/MIR	602	-	9	145019811	10913
chr2	145008898	145208898	harbor2	chr2	145099933	145100138	SINE/MIR	439	-	102	145100035	91137
chr2	230141723	230341723	harbor2	chr2	230170920	230171097	SINE/MIR	530	-	88	230171008	29285
chr2	230141723	230341723	harbor2	chr2	230171391	230171415	SINE/MIR	530	-	12	230171403	29680
chr2	230141723	230341723	harbor2	chr2	230217500	230217758	SINE/MIR	761	-	129	230217629	75906
chr2	183753159	183953159	harbor2	chr2	183785625	183785842	SINE/MIR	522	-	108	183785733	32574
chr2	183753159	183953159	harbor2	chr2	183808665	183808884	SINE/MIR	556	-	110	183808775	55616
chr2	95570265	95770265	harbor2	chr2	95669581	95669784	SINE/MIR	475	-	102	95669683	99418
chr2	149577102	149777102	harbor2	chr2	149578051	149578149	SINE/MIR	425	-	49	149578100	998
chr2	149577102	149777102	harbor2	chr2	149593724	149593919	SINE/MIR	416	-	98	149593822	16720
chr2	149577102	149777102	harbor2	chr2	149637278	149637522	SINE/MIR	458	-	122	149637400	60298
chr2	149577102	149777102	harbor2	chr2	149671193	149671409	SINE/MIR	467	-	108	149671301	94199
chr2	149577102	149777102	harbor2	chr2	149676570	149676732	SINE/MIR	683	-	81	149676651	99549
chr2	150982019	151182019	harbor2	chr2	150998800	150998998	SINE/MIR	461	-	99	150998899	16880
chr2	150982019	151182019	harbor2	chr2	151014186	151014434	SINE/MIR	823	-	124	151014310	32291
chr2	150982019	151182019	harbor2	chr2	151036673	151036811	SINE/MIR	467	-	69	151036742	54723
chr2	150982019	151182019	harbor2	chr2	151039229	151039433	SINE/MIR	571	-	102	151039331	57312
chr2	150982019	151182019	harbor2	chr2	151054096	151054328	SINE/MIR	642	-	116	151054212	72193
chr2	173003780	173203780	harbor2	chr2	173007018	173007217	SINE/MIR	426	-	100	173007118	3338
chr2	173003780	173203780	harbor2	chr2	173007540	173007761	SINE/MIR	585	-	110	173007650	3870
chr2	173003780	173203780	harbor2	chr2	173012605	173012794	SINE/MIR	556	-	94	173012699	8919
chr2	173003780	173203780	harbor2	chr2	173060222	173060433	SINE/MIR	450	-	106	173060328	56548
chr2	173003780	173203780	harbor2	chr2	173063361	173063578	SINE/MIR	732	-	108	173063469	59689
chr2	173003780	173203780	harbor2	chr2	173065823	173065988	SINE/MIR	449	-	82	173065905	62125
chr2	228104609	228304609	harbor2	chr2	228130350	228130575	SINE/MIR	765	-	112	228130462	25853
chr2	148151022	148351022	harbor2	chr2	148159023	148159207	SINE/MIR	460	-	92	148159115	8093
chr2	148151022	148351022	harbor2	chr2	148246060	148246307	SINE/MIR	485	-	124	148246184	95162
chr2	148151022	148351022	harbor2	chr2	148250657	148250903	SINE/MIR	560	-	123	148250780	99758
chr2	141207846	141407846	harbor2	chr2	141296283	141296495	SINE/MIR	492	-	106	141296389	88543
chr2	217681055	217881055	harbor2	chr2	217710699	217710892	SINE/MIR	477	-	96	217710795	29740
chr2	217681055	217881055	harbor2	chr2	217742765	217742973	SINE/MIR	626	-	104	217742869	61814
chr2	217681055	217881055	harbor2	chr2	217744313	217744488	SINE/MIR	413	-	88	217744401	63346
chr2	174735903	174935903	harbor2	chr2	174757830	174758006	SINE/MIR	530	-	88	174757918	22015
chr2	174735903	174935903	harbor2	chr2	174813045	174813261	SINE/MIR	845	-	108	174813153	77250
chr2	174735903	174935903	harbor2	chr2	174816895	174817090	SINE/MIR	516	-	98	174816993	81090
chr2	192948548	193148548	harbor2	chr2	192998019	192998186	SINE/MIR	454	-	84	192998103	49555
chr2	239223067	239423067	harbor2	chr2	239279330	239279528	SINE/MIR	427	-	99	239279429	56362
chr2	239618147	239818147	harbor2	chr2	239679444	239679624	SINE/MIR	457	-	90	239679534	61387
chr2	131964762	132164762	harbor2	chr2	131971115	131971276	SINE/MIR	433	-	80	131971195	6433
chr2	202939107	203139107	harbor2	chr2	202972246	202972397	SINE/MIR	720	-	76	202972322	33215
chr2	202939107	203139107	harbor2	chr2	202972696	202972742	SINE/MIR	720	-	23	202972719	33612
chr2	202939107	203139107	harbor2	chr2	202993940	202994111	SINE/MIR	474	-	86	202994026	54919
chr2	202939107	203139107	harbor2	chr2	203016849	203017051	SINE/MIR	510	-	101	203016950	77843
chr2	202939107	203139107	harbor2	chr2	203035558	203035746	SINE/MIR	791	-	94	203035652	96545
chr2	202939107	203139107	harbor2	chr2	203035884	203036090	SINE/MIR	715	-	103	203035987	96880
chr2	185085181	185285181	harbor2	chr2	185181994	185182172	SINE/MIR	508	-	89	185182083	96902
chr2	151993138	152193138	harbor2	chr2	152000998	152001197	SINE/MIR	609	-	100	152001098	7960
chr2	151993138	152193138	harbor2	chr2	152016840	152017047	SINE/MIR	487	-	104	152016944	23806
chr2	151993138	152193138	harbor2	chr2	152063290	152063487	SINE/MIR	632	-	98	152063388	70250
chr2	151993138	152193138	harbor2	chr2	152010506	152010755	SINE/MIR	477	-	124	152010630	17492
chr2	43066399	43266399	harbor2	chr2	43068648	43068836	SINE/MIR	564	-	94	43068742	2343
chr2	43066399	43266399	harbor2	chr2	43081049	43081287	SINE/MIR	651	-	119	43081168	14769
chr2	43066399	43266399	harbor2	chr2	43092994	43093114	SINE/MIR	464	-	60	43093054	26655
chr2	43066399	43266399	harbor2	chr2	43111345	43111553	SINE/MIR	490	-	104	43111449	45050
chr2	43066399	43266399	harbor2	chr2	43111837	43111864	SINE/MIR	463	-	14	43111851	45452
chr2	43066399	43266399	harbor2	chr2	43124600	43124750	SINE/MIR	525	-	75	43124675	58276
chr2	43066399	43266399	harbor2	chr2	43128056	43128193	SINE/MIR	467	-	68	43128124	61725
chr2	43066399	43266399	harbor2	chr2	43133719	43133901	SINE/MIR	412	-	91	43133810	67411
chr2	43066399	43266399	harbor2	chr2	43156239	43156438	SINE/MIR	617	-	100	43156339	89940
chr2	43066399	43266399	harbor2	chr2	43156740	43156750	SINE/MIR	617	-	5	43156745	90346
chr2	43066399	43266399	harbor2	chr2	43157030	43157063	SINE/MIR	617	-	16	43157046	90647
chr2	43066399	43266399	harbor2	chr2	43163428	43163578	SINE/MIR	525	-	75	43163503	97104
chr2	209610584	209810584	harbor2	chr2	209625416	209625569	SINE/MIR	491	-	76	209625492	14908
chr2	209610584	209810584	harbor2	chr2	209658920	209659146	SINE/MIR	542	-	113	209659033	48449
chr2	209610584	209810584	harbor2	chr2	209672440	209672628	SINE/MIR	659	-	94	209672534	61950
chr2	209610584	209810584	harbor2	chr2	209674371	209674571	SINE/MIR	495	-	100	209674471	63887
chr2	191225204	191425204	harbor2	chr2	191225516	191225643	SINE/MIR	464	-	64	191225580	376
chr2	191225204	191425204	harbor2	chr2	191248158	191248308	SINE/MIR	505	-	75	191248233	23029
chr2	191225204	191425204	harbor2	chr2	191283488	191283734	SINE/MIR	1045	-	123	191283611	58407
chr2	191225204	191425204	harbor2	chr2	191287111	191287245	SINE/MIR	483	-	67	191287178	61974
chr2	191225204	191425204	harbor2	chr2	191287543	191287633	SINE/MIR	483	-	45	191287588	62384
chr2	191225204	191425204	harbor2	chr2	191298686	191298863	SINE/MIR	662	-	88	191298774	73570
chr2	189716195	189916195	harbor2	chr2	189757457	189757695	SINE/MIR	501	-	119	189757576	41381
chr2	189716195	189916195	harbor2	chr2	189759166	189759247	SINE/MIR	584	-	40	189759206	43011
chr2	189716195	189916195	harbor2	chr2	189759550	189759683	SINE/MIR	584	-	66	189759616	43421
chr2	189716195	189916195	harbor2	chr2	189763935	189764119	SINE/MIR	527	-	92	189764027	47832
chr2	189716195	189916195	harbor2	chr2	189788347	189788570	SINE/MIR	621	-	112	189788459	72264
chr2	189716195	189916195	harbor2	chr2	189793111	189793241	SINE/MIR	443	-	65	189793176	76981
chr2	138403142	138603142	harbor2	chr2	138431375	138431447	SINE/MIR	472	-	36	138431411	28269
chr2	138403142	138603142	harbor2	chr2	138431628	138431747	SINE/MIR	472	-	60	138431688	28546
chr2	138403142	138603142	harbor2	chr2	138435085	138435242	SINE/MIR	426	-	78	138435163	32021
chr2	138403142	138603142	harbor2	chr2	138441416	138441502	SINE/MIR	509	-	43	138441459	38317
chr2	138403142	138603142	harbor2	chr2	138441831	138441935	SINE/MIR	509	-	52	138441883	38741
chr2	138403142	138603142	harbor2	chr2	138453099	138453268	SINE/MIR	434	-	84	138453183	50041
chr2	137695810	137895810	harbor2	chr2	137742138	137742355	SINE/MIR	434	-	108	137742246	46436
chr2	137695810	137895810	harbor2	chr2	137755014	137755243	SINE/MIR	409	-	114	137755128	59318
chr2	137695810	137895810	harbor2	chr2	137763516	137763717	SINE/MIR	568	-	100	137763616	67806
chr2	162607381	162807381	harbor2	chr2	162639382	162639502	SINE/MIR	568	-	60	162639442	32061
chr2	162607381	162807381	harbor2	chr2	162664364	162664586	SINE/MIR	432	-	111	162664475	57094
chr2	162607381	162807381	harbor2	chr2	162706368	162706551	SINE/MIR	531	-	92	162706460	99079
chr2	205344147	205544147	harbor2	chr2	205353828	205353986	SINE/MIR	516	-	79	205353907	9760
chr2	205344147	205544147	harbor2	chr2	205376054	205376261	SINE/MIR	553	-	104	205376158	32011
chr2	205344147	205544147	harbor2	chr2	205420302	205420503	SINE/MIR	615	-	100	205420402	76255
chr2	217835737	218035737	harbor2	chr2	217840417	217840566	SINE/MIR	490	-	74	217840491	4754
chr2	217835737	218035737	harbor2	chr2	217868558	217868806	SINE/MIR	770	-	124	217868682	32945
chr2	217835737	218035737	harbor2	chr2	217874435	217874567	SINE/MIR	472	-	66	217874501	38764
chr2	217835737	218035737	harbor2	chr2	217874703	217874947	SINE/MIR	480	-	122	217874825	39088
chr2	217835737	218035737	harbor2	chr2	217896002	217896233	SINE/MIR	694	-	116	217896118	60381
chr2	217835737	218035737	harbor2	chr2	217906561	217906739	SINE/MIR	644	-	89	217906650	70913
chr2	217835737	218035737	harbor2	chr2	217910798	217910971	SINE/MIR	497	-	86	217910884	75147
chr2	217835737	218035737	harbor2	chr2	217911551	217911776	SINE/MIR	586	-	112	217911663	75926
chr2	217835737	218035737	harbor2	chr2	217921752	217921969	SINE/MIR	868	-	108	217921860	86123
chr2	217835737	218035737	harbor2	chr2	217924605	217924799	SINE/MIR	542	-	97	217924702	88965
chr2	217835737	218035737	harbor2	chr2	217926676	217926910	SINE/MIR	424	-	117	217926793	91056
chr2	217835737	218035737	harbor2	chr2	217930146	217930330	SINE/MIR	489	-	92	217930238	94501
chr2	217835737	218035737	harbor2	chr2	217932529	217932675	SINE/MIR	534	-	73	217932602	96865
chr2	217835737	218035737	harbor2	chr2	217933998	217934182	SINE/MIR	601	-	92	217934090	98353
chr2	217835737	218035737	harbor2	chr2	217934886	217935083	SINE/MIR	427	-	98	217934984	99247
chr2	217835737	218035737	harbor2	chr2	217923383	217923585	SINE/MIR	737	-	101	217923484	87747
chr2	224856958	225056958	harbor2	chr2	224860425	224860560	SINE/MIR	460	-	68	224860493	3535
chr2	224856958	225056958	harbor2	chr2	224860881	224860935	SINE/MIR	460	-	27	224860908	3950
chr2	224856958	225056958	harbor2	chr2	224872270	224872458	SINE/MIR	512	-	94	224872364	15406
chr2	224856958	225056958	harbor2	chr2	224878244	224878466	SINE/MIR	461	-	111	224878355	21397
chr2	224856958	225056958	harbor2	chr2	224883561	224883689	SINE/MIR	518	-	64	224883625	26667
chr2	224856958	225056958	harbor2	chr2	224900319	224900490	SINE/MIR	412	-	86	224900405	43447
chr2	224856958	225056958	harbor2	chr2	224944478	224944699	SINE/MIR	594	-	110	224944588	87630
chr2	224856958	225056958	harbor2	chr2	224950287	224950528	SINE/MIR	670	-	120	224950407	93449
chr2	80661486	80861486	harbor2	chr2	80724841	80725025	SINE/MIR	530	-	92	80724933	63447
chr2	73432808	73632808	harbor2	chr2	73493168	73493332	SINE/MIR	450	-	82	73493250	60442
chr2	148756488	148956488	harbor2	chr2	148789396	148789563	SINE/MIR	528	-	84	148789480	32992
chr2	148756488	148956488	harbor2	chr2	148852599	148852836	SINE/MIR	925	-	118	148852717	96229
chr2	76765084	76965084	harbor2	chr2	76767306	76767495	SINE/MIR	640	-	94	76767400	2316
chr2	76765084	76965084	harbor2	chr2	76788840	76789065	SINE/MIR	422	-	112	76788952	23868
chr2	76765084	76965084	harbor2	chr2	76819206	76819349	SINE/MIR	414	-	72	76819278	54194
chr2	235997299	236197299	harbor2	chr2	236017782	236017927	SINE/MIR	515	-	72	236017854	20555
chr2	235997299	236197299	harbor2	chr2	236042849	236043065	SINE/MIR	449	-	108	236042957	45658
chr2	152751904	152951904	harbor2	chr2	152789753	152789913	SINE/MIR	447	-	80	152789833	37929
chr2	152751904	152951904	harbor2	chr2	152792735	152792862	SINE/MIR	417	-	64	152792799	40895
chr2	155578211	155778211	harbor2	chr2	155656393	155656541	SINE/MIR	492	-	74	155656467	78256
chr2	155578211	155778211	harbor2	chr2	155661316	155661474	SINE/MIR	414	-	79	155661395	83184
chr2	155578211	155778211	harbor2	chr2	155661775	155661798	SINE/MIR	414	-	12	155661787	83576
chr2	181856323	182056323	harbor2	chr2	181888652	181888856	SINE/MIR	513	-	102	181888754	32431
chr2	178194991	178394991	harbor2	chr2	178219184	178219418	SINE/MIR	659	-	117	178219301	24310
chr2	178194991	178394991	harbor2	chr2	178245663	178245885	SINE/MIR	544	-	111	178245774	50783
chr2	178194991	178394991	harbor2	chr2	178257569	178257783	SINE/MIR	577	-	107	178257676	62685
chr2	178194991	178394991	harbor2	chr2	178263489	178263666	SINE/MIR	453	-	88	178263577	68586
chr2	178194991	178394991	harbor2	chr2	178270345	178270588	SINE/MIR	675	-	122	178270467	75476
chr2	178194991	178394991	harbor2	chr2	178270830	178271037	SINE/MIR	566	-	104	178270934	75943
chr2	178194991	178394991	harbor2	chr2	178274435	178274615	SINE/MIR	679	-	90	178274525	79534
chr2	178194991	178394991	harbor2	chr2	178275808	178275969	SINE/MIR	685	-	80	178275888	80897
chr3	135737425	135937425	harbor2	chr3	135772593	135772627	SINE/MIR	689	-	17	135772610	35185
chr3	135737425	135937425	harbor2	chr3	135773059	135773243	SINE/MIR	689	-	92	135773151	35726
chr3	135737425	135937425	harbor2	chr3	135777583	135777799	SINE/MIR	547	-	108	135777691	40266
chr3	135737425	135937425	harbor2	chr3	135804337	135804553	SINE/MIR	466	-	108	135804445	67020
chr3	135737425	135937425	harbor2	chr3	135807103	135807326	SINE/MIR	1048	-	112	135807215	69790
chr3	135737425	135937425	harbor2	chr3	135807858	135808005	SINE/MIR	440	-	74	135807932	70507
chr3	157350228	157550228	harbor2	chr3	157373009	157373222	SINE/MIR	426	-	106	157373115	22887
chr3	157350228	157550228	harbor2	chr3	157385006	157385161	SINE/MIR	555	-	78	157385084	34856
chr3	157350228	157550228	harbor2	chr3	157387312	157387546	SINE/MIR	549	-	117	157387429	37201
chr3	157350228	157550228	harbor2	chr3	157407780	157408014	SINE/MIR	953	-	117	157407897	57669
chr3	159804571	160004571	harbor2	chr3	159807815	159808006	SINE/MIR	593	-	96	159807911	3340
chr3	159804571	160004571	harbor2	chr3	159813224	159813396	SINE/MIR	441	-	86	159813310	8739
chr3	159804571	160004571	harbor2	chr3	159813716	159813758	SINE/MIR	441	-	21	159813737	9166
chr3	159804571	160004571	harbor2	chr3	159857733	159857948	SINE/MIR	676	-	108	159857841	53270
chr3	176067346	176267346	harbor2	chr3	176115491	176115631	SINE/MIR	391	-	70	176115561	48215
chr3	107716305	107916305	harbor2	chr3	107738404	107738646	SINE/MIR	578	-	121	107738525	22220
chr3	107716305	107916305	harbor2	chr3	107738774	107738964	SINE/MIR	648	-	95	107738869	22564
chr3	107716305	107916305	harbor2	chr3	107747303	107747559	SINE/MIR	536	-	128	107747431	31126
chr3	107716305	107916305	harbor2	chr3	107753962	107754186	SINE/MIR	491	-	112	107754074	37769
chr3	107716305	107916305	harbor2	chr3	107759963	107760205	SINE/MIR	844	-	121	107760084	43779
chr3	107716305	107916305	harbor2	chr3	107765223	107765425	SINE/MIR	590	-	101	107765324	49019
chr3	107716305	107916305	harbor2	chr3	107772170	107772352	SINE/MIR	482	-	91	107772261	55956
chr3	55922194	56122194	harbor2	chr3	55934378	55934575	SINE/MIR	552	-	98	55934476	12282
chr3	55922194	56122194	harbor2	chr3	55940235	55940386	SINE/MIR	400	-	76	55940311	18117
chr3	55922194	56122194	harbor2	chr3	55946550	55946752	SINE/MIR	617	-	101	55946651	24457
chr3	55922194	56122194	harbor2	chr3	55962592	55962806	SINE/MIR	704	-	107	55962699	40505
chr3	55922194	56122194	harbor2	chr3	55964132	55964338	SINE/MIR	635	-	103	55964235	42041
chr3	55922194	56122194	harbor2	chr3	55966465	55966695	SINE/MIR	518	-	115	55966580	44386
chr3	55922194	56122194	harbor2	chr3	56008306	56008462	SINE/MIR	526	-	78	56008384	86190
chr3	55922194	56122194	harbor2	chr3	56018143	56018341	SINE/MIR	847	-	99	56018242	96048
chr3	167855307	168055307	harbor2	chr3	167872968	167873153	SINE/MIR	825	-	92	167873060	17753
chr3	167855307	168055307	harbor2	chr3	167880849	167881073	SINE/MIR	585	-	112	167880961	25654
chr3	167855307	168055307	harbor2	chr3	167930456	167930646	SINE/MIR	585	-	95	167930551	75244
chr3	175369911	175569911	harbor2	chr3	175391888	175392146	SINE/MIR	802	-	129	175392017	22106
chr3	175369911	175569911	harbor2	chr3	175419040	175419158	SINE/MIR	404	-	59	175419099	49188
chr3	175369911	175569911	harbor2	chr3	175465920	175466139	SINE/MIR	771	-	110	175466030	96119
chr3	114928816	115128816	harbor2	chr3	114981566	114981817	SINE/MIR	903	-	126	114981692	52876
chr3	114928816	115128816	harbor2	chr3	114966433	114966642	SINE/MIR	462	-	104	114966537	37721
chr3	186053468	186253468	harbor2	chr3	186073356	186073539	SINE/MIR	511	-	92	186073448	19980
chr3	186053468	186253468	harbor2	chr3	186111609	186111819	SINE/MIR	492	-	105	186111714	58246
chr3	186053468	186253468	harbor2	chr3	186113442	186113663	SINE/MIR	770	-	110	186113552	60084
chr3	186053468	186253468	harbor2	chr3	186113754	186113980	SINE/MIR	928	-	113	186113867	60399
chr3	186053468	186253468	harbor2	chr3	186114194	186114382	SINE/MIR	439	-	94	186114288	60820
chr3	186053468	186253468	harbor2	chr3	186127757	186127935	SINE/MIR	397	-	89	186127846	74378
chr3	158110215	158310215	harbor2	chr3	158157226	158157438	SINE/MIR	413	-	106	158157332	47117
chr3	158110215	158310215	harbor2	chr3	158206959	158207150	SINE/MIR	513	-	96	158207055	96840
chr3	196283785	196483785	harbor2	chr3	196297616	196297801	SINE/MIR	767	-	92	196297708	13923
chr3	151071040	151271040	harbor2	chr3	151071106	151071301	SINE/MIR	578	-	98	151071204	164
chr3	151071040	151271040	harbor2	chr3	151101272	151101470	SINE/MIR	446	-	99	151101371	30331
chr3	151071040	151271040	harbor2	chr3	151111395	151111546	SINE/MIR	445	-	76	151111471	40431
chr3	151071040	151271040	harbor2	chr3	151135440	151135643	SINE/MIR	403	-	102	151135542	64502
chr3	151071040	151271040	harbor2	chr3	151145009	151145229	SINE/MIR	655	-	110	151145119	74079
chr3	151071040	151271040	harbor2	chr3	151152599	151152835	SINE/MIR	593	-	118	151152717	81677
chr3	151071040	151271040	harbor2	chr3	151161599	151161806	SINE/MIR	637	-	104	151161703	90663
chr3	138051657	138251657	harbor2	chr3	138109207	138109413	SINE/MIR	519	-	103	138109310	57653
chr3	138051657	138251657	harbor2	chr3	138110719	138110928	SINE/MIR	473	-	104	138110823	59166
chr3	138051657	138251657	harbor2	chr3	138112070	138112301	SINE/MIR	485	-	116	138112186	60529
chr3	194279864	194479864	harbor2	chr3	194334293	194334488	SINE/MIR	545	-	98	194334391	54527
chr3	194279864	194479864	harbor2	chr3	194366740	194366904	SINE/MIR	411	-	82	194366822	86958
chr3	194279864	194479864	harbor2	chr3	194371919	194372052	SINE/MIR	425	-	66	194371985	92121
chr3	77365189	77565189	harbor2	chr3	77378248	77378493	SINE/MIR	677	-	122	77378370	13181
chr3	77365189	77565189	harbor2	chr3	77400743	77400895	SINE/MIR	467	-	76	77400819	35630
chr3	77365189	77565189	harbor2	chr3	77427282	77427483	SINE/MIR	625	-	100	77427382	62193
chr3	77365189	77565189	harbor2	chr3	77458011	77458222	SINE/MIR	628	-	106	77458117	92928
chr3	187273367	187473367	harbor2	chr3	187274236	187274444	SINE/MIR	405	-	104	187274340	973
chr3	187273367	187473367	harbor2	chr3	187278100	187278269	SINE/MIR	441	-	84	187278184	4817
chr3	187273367	187473367	harbor2	chr3	187280892	187281082	SINE/MIR	402	-	95	187280987	7620
chr3	187273367	187473367	harbor2	chr3	187292861	187293050	SINE/MIR	591	-	94	187292955	19588
chr3	187273367	187473367	harbor2	chr3	187326482	187326622	SINE/MIR	519	-	70	187326552	53185
chr3	187273367	187473367	harbor2	chr3	187335958	187336081	SINE/MIR	419	-	62	187336020	62653
chr3	187273367	187473367	harbor2	chr3	187359464	187359624	SINE/MIR	399	-	80	187359544	86177
chr3	189944963	190144963	harbor2	chr3	190018276	190018425	SINE/MIR	485	-	74	190018350	73387
chr3	189944963	190144963	harbor2	chr3	190018724	190018737	SINE/MIR	485	-	6	190018730	73767
chr3	189944963	190144963	harbor2	chr3	190027000	190027222	SINE/MIR	781	-	111	190027111	82148
chr3	150526410	150726410	harbor2	chr3	150584297	150584463	SINE/MIR	436	-	83	150584380	57970
chr3	193056224	193256224	harbor2	chr3	193120394	193120631	SINE/MIR	805	-	118	193120512	64288
chr3	193056224	193256224	harbor2	chr3	193125238	193125380	SINE/MIR	627	-	71	193125309	69085
chr3	193056224	193256224	harbor2	chr3	193135247	193135462	SINE/MIR	452	-	108	193135355	79131
chr3	168263475	168463475	harbor2	chr3	168270837	168271068	SINE/MIR	600	-	116	168270953	7478
chr3	168263475	168463475	harbor2	chr3	168278244	168278474	SINE/MIR	467	-	115	168278359	14884
chr3	168263475	168463475	harbor2	chr3	168290246	168290399	SINE/MIR	456	-	76	168290322	26847
chr3	168263475	168463475	harbor2	chr3	168319701	168319916	SINE/MIR	404	-	108	168319809	56334
chr3	168263475	168463475	harbor2	chr3	168322525	168322758	SINE/MIR	1001	-	116	168322641	59166
chr3	168263475	168463475	harbor2	chr3	168325722	168325937	SINE/MIR	665	-	108	168325830	62355
chr3	168263475	168463475	harbor2	chr3	168332654	168332833	SINE/MIR	416	-	90	168332744	69269
chr3	168263475	168463475	harbor2	chr3	168337140	168337372	SINE/MIR	701	-	116	168337256	73781
chr3	168263475	168463475	harbor2	chr3	168280000	168280146	SINE/MIR	470	-	73	168280073	16598
chr3	169137252	169337252	harbor2	chr3	169163471	169163713	SINE/MIR	539	-	121	169163592	26340
chr3	169137252	169337252	harbor2	chr3	169190540	169190696	SINE/MIR	412	-	78	169190618	53366
chr3	169137252	169337252	harbor2	chr3	169207953	169208174	SINE/MIR	501	-	110	169208063	70811
chr3	169137252	169337252	harbor2	chr3	169180980	169181223	SINE/MIR	737	-	122	169181102	43850
chr3	129380109	129580109	harbor2	chr3	129387132	129387368	SINE/MIR	449	-	118	129387250	7141
chr3	129380109	129580109	harbor2	chr3	129419936	129420088	SINE/MIR	432	-	76	129420012	39903
chr3	129380109	129580109	harbor2	chr3	129420207	129420415	SINE/MIR	666	-	104	129420311	40202
chr3	129380109	129580109	harbor2	chr3	129423043	129423203	SINE/MIR	667	-	80	129423123	43014
chr3	129380109	129580109	harbor2	chr3	129434203	129434454	SINE/MIR	1113	-	126	129434329	54220
chr3	129380109	129580109	harbor2	chr3	129441389	129441608	SINE/MIR	856	-	110	129441499	61390
chr3	129380109	129580109	harbor2	chr3	129443052	129443226	SINE/MIR	549	-	87	129443139	63030
chr3	129380109	129580109	harbor2	chr3	129454815	129455025	SINE/MIR	646	-	105	129454920	74811
chr3	129380109	129580109	harbor2	chr3	129456038	129456223	SINE/MIR	646	-	92	129456130	76021
chr3	129380109	129580109	harbor2	chr3	129456925	129457043	SINE/MIR	476	-	59	129456984	76875
chr3	129380109	129580109	harbor2	chr3	129462318	129462539	SINE/MIR	580	-	110	129462428	82319
chr3	129380109	129580109	harbor2	chr3	129469511	129469753	SINE/MIR	948	-	121	129469632	89523
chr3	129380109	129580109	harbor2	chr3	129471870	129472087	SINE/MIR	963	-	108	129471978	91869
chr3	145842706	146042706	harbor2	chr3	145940489	145940660	SINE/MIR	460	-	86	145940575	97869
chr3	165833534	166033534	harbor2	chr3	165840919	165841074	SINE/MIR	574	-	78	165840997	7463
chr3	165833534	166033534	harbor2	chr3	165875827	165876035	SINE/MIR	467	-	104	165875931	42397
chr3	174557268	174757268	harbor2	chr3	174572847	174573050	SINE/MIR	884	-	102	174572949	15681
chr3	174557268	174757268	harbor2	chr3	174593297	174593549	SINE/MIR	698	-	126	174593423	36155
chr3	174557268	174757268	harbor2	chr3	174619857	174620002	SINE/MIR	464	-	72	174619929	62661
chr3	174557268	174757268	harbor2	chr3	174647088	174647292	SINE/MIR	524	-	102	174647190	89922
chr3	137121287	137321287	harbor2	chr3	137128138	137128357	SINE/MIR	727	-	110	137128248	6961
chr3	137121287	137321287	harbor2	chr3	137157872	137158097	SINE/MIR	534	-	112	137157984	36697
chr3	137121287	137321287	harbor2	chr3	137171393	137171527	SINE/MIR	446	-	67	137171460	50173
chr3	137121287	137321287	harbor2	chr3	137218571	137218796	SINE/MIR	646	-	112	137218683	97396
chr3	186785198	186985198	harbor2	chr3	186854937	186855143	SINE/MIR	504	-	103	186855040	69842
chr3	186785198	186985198	harbor2	chr3	186860624	186860806	SINE/MIR	648	-	91	186860715	75517
chr3	197809322	198009322	harbor2	chr3	197818209	197818360	SINE/MIR	464	-	76	197818285	8963
chr3	197809322	198009322	harbor2	chr3	197855392	197855611	SINE/MIR	537	-	110	197855502	46180
chr3	115871018	116071018	harbor2	chr3	115872662	115872843	SINE/MIR	448	-	90	115872752	1734
chr3	115871018	116071018	harbor2	chr3	115910054	115910237	SINE/MIR	413	-	92	115910146	39128
chr3	115871018	116071018	harbor2	chr3	115918820	115918921	SINE/MIR	432	-	50	115918870	47852
chr3	115871018	116071018	harbor2	chr3	115931738	115931931	SINE/MIR	430	-	96	115931834	60816
chr3	115871018	116071018	harbor2	chr3	115944584	115944837	SINE/MIR	610	-	126	115944710	73692
chr3	115871018	116071018	harbor2	chr3	115952881	115953110	SINE/MIR	443	-	114	115952995	81977
chr3	115871018	116071018	harbor2	chr3	115969645	115969876	SINE/MIR	392	-	116	115969761	98743
chr3	88889054	89089054	harbor2	chr3	88983938	88984073	SINE/MIR	402	-	68	88984006	94952
chr3	194006829	194206829	harbor2	chr3	194029771	194030003	SINE/MIR	695	-	116	194029887	23058
chr3	194006829	194206829	harbor2	chr3	194036735	194036955	SINE/MIR	855	-	110	194036845	30016
chr3	194006829	194206829	harbor2	chr3	194055856	194056074	SINE/MIR	933	-	109	194055965	49136
chr3	194006829	194206829	harbor2	chr3	194069879	194069977	SINE/MIR	456	-	49	194069928	63099
chr3	194006829	194206829	harbor2	chr3	194072673	194072874	SINE/MIR	597	-	100	194072773	65944
chr3	194006829	194206829	harbor2	chr3	194078221	194078348	SINE/MIR	430	-	64	194078285	71456
chr3	194006829	194206829	harbor2	chr3	194101324	194101512	SINE/MIR	478	-	94	194101418	94589
chr3	57459528	57659528	harbor2	chr3	57466557	57466679	SINE/MIR	393	-	61	57466618	7090
chr3	57459528	57659528	harbor2	chr3	57471859	57472083	SINE/MIR	460	-	112	57471971	12443
chr3	57459528	57659528	harbor2	chr3	57488082	57488181	SINE/MIR	719	-	50	57488132	28604
chr3	57459528	57659528	harbor2	chr3	57488489	57488637	SINE/MIR	719	-	74	57488563	29035
chr3	57459528	57659528	harbor2	chr3	57534957	57535170	SINE/MIR	632	-	106	57535063	75535
chr3	57459528	57659528	harbor2	chr3	57558202	57558408	SINE/MIR	511	-	103	57558305	98777
chr3	174325597	174525597	harbor2	chr3	174407441	174407599	SINE/MIR	595	-	79	174407520	81923
chr3	141405871	141605871	harbor2	chr3	141421047	141421189	SINE/MIR	441	-	71	141421118	15247
chr3	141405871	141605871	harbor2	chr3	141424910	141425148	SINE/MIR	613	-	119	141425029	19158
chr3	141405871	141605871	harbor2	chr3	141449011	141449202	SINE/MIR	418	-	96	141449107	43236
chr3	141405871	141605871	harbor2	chr3	141454494	141454596	SINE/MIR	392	-	51	141454545	48674
chr3	141405871	141605871	harbor2	chr3	141495124	141495355	SINE/MIR	847	-	116	141495240	89369
chr3	141405871	141605871	harbor2	chr3	141498104	141498325	SINE/MIR	394	-	110	141498214	92343
chr3	141405871	141605871	harbor2	chr3	141501412	141501627	SINE/MIR	464	-	108	141501520	95649
chr3	138510963	138710963	harbor2	chr3	138593851	138594045	SINE/MIR	432	-	97	138593948	82985
chr3	138510963	138710963	harbor2	chr3	138598031	138598291	SINE/MIR	828	-	130	138598161	87198
chr3	119051027	119251027	harbor2	chr3	119060490	119060736	SINE/MIR	674	-	123	119060613	9586
chr3	119051027	119251027	harbor2	chr3	119104507	119104708	SINE/MIR	674	-	100	119104607	53580
chr3	83733080	83933080	harbor2	chr3	83780166	83780408	SINE/MIR	480	-	121	83780287	47207
chr3	196587820	196787820	harbor2	chr3	196625141	196625273	SINE/MIR	403	-	66	196625207	37387
chr3	196587820	196787820	harbor2	chr3	196626120	196626251	SINE/MIR	475	-	66	196626186	38366
chr3	196587820	196787820	harbor2	chr3	196652323	196652571	SINE/MIR	524	-	124	196652447	64627
chr3	170366424	170566424	harbor2	chr3	170411150	170411264	SINE/MIR	490	-	57	170411207	44783
chr3	170366424	170566424	harbor2	chr3	170411530	170411696	SINE/MIR	490	-	83	170411613	45189
chr3	170366424	170566424	harbor2	chr3	170415902	170416059	SINE/MIR	418	-	78	170415980	49556
chr3	170366424	170566424	harbor2	chr3	170416857	170416906	SINE/MIR	609	-	24	170416881	50457
chr3	170366424	170566424	harbor2	chr3	170416969	170417139	SINE/MIR	609	-	85	170417054	50630
chr3	170366424	170566424	harbor2	chr3	170422286	170422411	SINE/MIR	529	-	62	170422348	55924
chr3	170366424	170566424	harbor2	chr3	170422723	170422814	SINE/MIR	529	-	46	170422769	56345
chr3	170366424	170566424	harbor2	chr3	170438757	170438942	SINE/MIR	613	-	92	170438849	72425
chr3	170366424	170566424	harbor2	chr3	170445761	170445926	SINE/MIR	474	-	82	170445843	79419
chr3	170366424	170566424	harbor2	chr3	170446056	170446182	SINE/MIR	593	-	63	170446119	79695
chr3	188647536	188847536	harbor2	chr3	188674602	188674821	SINE/MIR	745	-	110	188674712	27176
chr3	188647536	188847536	harbor2	chr3	188682020	188682185	SINE/MIR	455	-	82	188682102	34566
chr3	188647536	188847536	harbor2	chr3	188684975	188685199	SINE/MIR	687	-	112	188685087	37551
chr3	188647536	188847536	harbor2	chr3	188711226	188711435	SINE/MIR	625	-	104	188711330	63794
chr3	188647536	188847536	harbor2	chr3	188718833	188718984	SINE/MIR	449	-	76	188718909	71373
chr3	188647536	188847536	harbor2	chr3	188724076	188724262	SINE/MIR	410	-	93	188724169	76633
chr3	188647536	188847536	harbor2	chr3	188727670	188727879	SINE/MIR	663	-	104	188727774	80238
chr3	188647536	188847536	harbor2	chr3	188738288	188738477	SINE/MIR	426	-	94	188738382	90846
chr3	188647536	188847536	harbor2	chr3	188745853	188746006	SINE/MIR	402	-	76	188745929	98393
chr3	118156705	118356705	harbor2	chr3	118226674	118226859	SINE/MIR	459	-	92	118226766	70061
chr3	118156705	118356705	harbor2	chr3	118241796	118241931	SINE/MIR	415	-	68	118241864	85159
chr3	197318617	197518617	harbor2	chr3	197337302	197337551	SINE/MIR	762	-	124	197337426	18809
chr3	197318617	197518617	harbor2	chr3	197338625	197338787	SINE/MIR	420	-	81	197338706	20089
chr3	197318617	197518617	harbor2	chr3	197356550	197356792	SINE/MIR	504	-	121	197356671	38054
chr3	197318617	197518617	harbor2	chr3	197382320	197382520	SINE/MIR	520	-	100	197382420	63803
chr3	87852220	88052220	harbor2	chr3	87877525	87877747	SINE/MIR	512	-	111	87877636	25416
chr3	87852220	88052220	harbor2	chr3	87951286	87951424	SINE/MIR	408	-	69	87951355	99135
chr3	105864673	106064673	harbor2	chr3	105889961	105890175	SINE/MIR	662	-	107	105890068	25395
chr3	105864673	106064673	harbor2	chr3	105926028	105926208	SINE/MIR	422	-	90	105926118	61445
chr3	105864673	106064673	harbor2	chr3	105930641	105930813	SINE/MIR	520	-	86	105930727	66054
chr3	178365210	178565210	harbor2	chr3	178373017	178373258	SINE/MIR	642	-	120	178373137	7927
chr3	178365210	178565210	harbor2	chr3	178376678	178376889	SINE/MIR	425	-	106	178376784	11574
chr3	178365210	178565210	harbor2	chr3	178386450	178386688	SINE/MIR	854	-	119	178386569	21359
chr3	178365210	178565210	harbor2	chr3	178406859	178407059	SINE/MIR	417	-	100	178406959	41749
chr3	178365210	178565210	harbor2	chr3	178413870	178414014	SINE/MIR	504	-	72	178413942	48732
chr3	178365210	178565210	harbor2	chr3	178435808	178436041	SINE/MIR	506	-	116	178435924	70714
chr3	178365210	178565210	harbor2	chr3	178437294	178437505	SINE/MIR	483	-	106	178437400	72190
chr3	178365210	178565210	harbor2	chr3	178443928	178443993	SINE/MIR	591	-	32	178443960	78750
chr3	178365210	178565210	harbor2	chr3	178444356	178444503	SINE/MIR	591	-	74	178444430	79220
chr3	178365210	178565210	harbor2	chr3	178449364	178449461	SINE/MIR	674	-	48	178449412	84202
chr3	178365210	178565210	harbor2	chr3	178449830	178449948	SINE/MIR	674	-	59	178449889	84679
chr3	146521192	146721192	harbor2	chr3	146597226	146597391	SINE/MIR	591	-	82	146597308	76116
chr3	171116709	171316709	harbor2	chr3	171126542	171126751	SINE/MIR	502	-	104	171126646	9937
chr3	171116709	171316709	harbor2	chr3	171141196	171141394	SINE/MIR	787	-	99	171141295	24586
chr3	171116709	171316709	harbor2	chr3	171147638	171147861	SINE/MIR	762	-	112	171147750	31041
chr3	171116709	171316709	harbor2	chr3	171150231	171150412	SINE/MIR	573	-	90	171150321	33612
chr3	171116709	171316709	harbor2	chr3	171151035	171151182	SINE/MIR	643	-	74	171151109	34400
chr3	171116709	171316709	harbor2	chr3	171151462	171151709	SINE/MIR	1147	-	124	171151586	34877
chr3	171116709	171316709	harbor2	chr3	171164404	171164645	SINE/MIR	627	-	120	171164524	47815
chr3	171116709	171316709	harbor2	chr3	171184011	171184220	SINE/MIR	445	-	104	171184115	67406
chr3	171116709	171316709	harbor2	chr3	171215340	171215537	SINE/MIR	659	-	98	171215438	98729
chr3	142314744	142514744	harbor2	chr3	142335151	142335279	SINE/MIR	564	-	64	142335215	20471
chr3	142314744	142514744	harbor2	chr3	142358974	142359080	SINE/MIR	439	-	53	142359027	44283
chr3	142314744	142514744	harbor2	chr3	142368870	142369113	SINE/MIR	685	-	122	142368992	54248
chr3	142314744	142514744	harbor2	chr3	142383545	142383778	SINE/MIR	741	-	116	142383661	68917
chr3	85078702	85278702	harbor2	chr3	85140555	85140743	SINE/MIR	431	-	94	85140649	61947
chr3	125027321	125227321	harbor2	chr3	125039590	125039800	SINE/MIR	701	-	105	125039695	12374
chr3	125027321	125227321	harbor2	chr3	125040877	125041109	SINE/MIR	640	-	116	125040993	13672
chr3	125027321	125227321	harbor2	chr3	125044470	125044673	SINE/MIR	916	-	102	125044572	17251
chr3	125027321	125227321	harbor2	chr3	125045759	125045919	SINE/MIR	532	-	80	125045839	18518
chr3	125027321	125227321	harbor2	chr3	125045941	125046173	SINE/MIR	563	-	116	125046057	18736
chr3	125027321	125227321	harbor2	chr3	125047305	125047543	SINE/MIR	479	-	119	125047424	20103
chr3	125027321	125227321	harbor2	chr3	125074787	125074984	SINE/MIR	585	-	98	125074885	47564
chr3	125027321	125227321	harbor2	chr3	125120078	125120247	SINE/MIR	563	-	84	125120162	92841
chr3	125027321	125227321	harbor2	chr3	125121539	125121777	SINE/MIR	626	-	119	125121658	94337
chr3	125027321	125227321	harbor2	chr3	125125593	125125795	SINE/MIR	693	-	101	125125694	98373
chr3	193545693	193745693	harbor2	chr3	193551574	193551754	SINE/MIR	429	-	90	193551664	5971
chr3	193545693	193745693	harbor2	chr3	193557450	193557695	SINE/MIR	744	-	122	193557572	11879
chr3	193545693	193745693	harbor2	chr3	193645155	193645318	SINE/MIR	417	-	82	193645237	99544
chr3	187042236	187242236	harbor2	chr3	187065781	187065989	SINE/MIR	459	-	104	187065885	23649
chr3	187042236	187242236	harbor2	chr3	187071377	187071467	SINE/MIR	460	-	45	187071422	29186
chr3	187042236	187242236	harbor2	chr3	187071807	187071915	SINE/MIR	460	-	54	187071861	29625
chr3	122843372	123043372	harbor2	chr3	122894079	122894278	SINE/MIR	576	-	100	122894179	50807
chr3	122843372	123043372	harbor2	chr3	122914944	122915138	SINE/MIR	645	-	97	122915041	71669
chr3	122843372	123043372	harbor2	chr3	122916010	122916141	SINE/MIR	412	-	66	122916076	72704
chr3	122843372	123043372	harbor2	chr3	122916313	122916356	SINE/MIR	447	-	22	122916335	72963
chr3	122843372	123043372	harbor2	chr3	122916510	122916649	SINE/MIR	447	-	70	122916580	73208
chr3	122843372	123043372	harbor2	chr3	122920520	122920779	SINE/MIR	506	-	130	122920650	77278
chr3	122843372	123043372	harbor2	chr3	122921664	122921863	SINE/MIR	635	-	100	122921764	78392
chr3	122843372	123043372	harbor2	chr3	122922878	122923070	SINE/MIR	393	-	96	122922974	79602
chr3	122843372	123043372	harbor2	chr3	122926860	122927038	SINE/MIR	803	-	89	122926949	83577
chr3	122843372	123043372	harbor2	chr3	122927119	122927179	SINE/MIR	803	-	30	122927149	83777
chr3	122843372	123043372	harbor2	chr3	122930705	122930933	SINE/MIR	737	-	114	122930819	87447
chr3	122843372	123043372	harbor2	chr3	122939600	122939794	SINE/MIR	535	-	97	122939697	96325
chr3	67611370	67811370	harbor2	chr3	67618479	67618635	SINE/MIR	486	-	78	67618557	7187
chr3	67611370	67811370	harbor2	chr3	67619191	67619440	SINE/MIR	560	-	124	67619315	7945
chr3	67611370	67811370	harbor2	chr3	67648070	67648277	SINE/MIR	418	-	104	67648174	36804
chr3	67611370	67811370	harbor2	chr3	67656717	67656911	SINE/MIR	493	-	97	67656814	45444
chr3	67611370	67811370	harbor2	chr3	67668204	67668402	SINE/MIR	445	-	99	67668303	56933
chr3	67611370	67811370	harbor2	chr3	67671227	67671436	SINE/MIR	393	-	104	67671331	59961
chr3	67611370	67811370	harbor2	chr3	67672668	67672855	SINE/MIR	492	-	94	67672762	61392
chr3	67611370	67811370	harbor2	chr3	67680832	67680981	SINE/MIR	415	-	74	67680906	69536
chr3	178343339	178543339	harbor2	chr3	178373017	178373258	SINE/MIR	642	-	120	178373137	29798
chr3	178343339	178543339	harbor2	chr3	178376678	178376889	SINE/MIR	425	-	106	178376784	33445
chr3	178343339	178543339	harbor2	chr3	178386450	178386688	SINE/MIR	854	-	119	178386569	43230
chr3	178343339	178543339	harbor2	chr3	178406859	178407059	SINE/MIR	417	-	100	178406959	63620
chr3	178343339	178543339	harbor2	chr3	178413870	178414014	SINE/MIR	504	-	72	178413942	70603
chr3	178343339	178543339	harbor2	chr3	178435808	178436041	SINE/MIR	506	-	116	178435924	92585
chr3	178343339	178543339	harbor2	chr3	178437294	178437505	SINE/MIR	483	-	106	178437400	94061
chr3	141073010	141273010	harbor2	chr3	141074928	141075070	SINE/MIR	417	-	71	141074999	1989
chr3	141073010	141273010	harbor2	chr3	141080148	141080274	SINE/MIR	425	-	63	141080211	7201
chr3	141073010	141273010	harbor2	chr3	141086728	141086980	SINE/MIR	620	-	126	141086854	13844
chr3	141073010	141273010	harbor2	chr3	141087532	141087727	SINE/MIR	616	-	98	141087630	14620
chr3	141073010	141273010	harbor2	chr3	141093267	141093498	SINE/MIR	671	-	116	141093383	20373
chr3	141073010	141273010	harbor2	chr3	141105420	141105695	SINE/MIR	469	-	138	141105558	32548
chr3	141073010	141273010	harbor2	chr3	141110410	141110486	SINE/MIR	485	-	38	141110448	37438
chr3	141073010	141273010	harbor2	chr3	141110873	141110976	SINE/MIR	485	-	52	141110925	37915
chr3	159535986	159735986	harbor2	chr3	159585595	159585783	SINE/MIR	579	-	94	159585689	49703
chr3	159535986	159735986	harbor2	chr3	159605424	159605579	SINE/MIR	480	-	78	159605502	69516
chr3	159535986	159735986	harbor2	chr3	159609982	159610218	SINE/MIR	915	-	118	159610100	74114
chr3	159535986	159735986	harbor2	chr3	159610923	159611135	SINE/MIR	479	-	106	159611029	75043
chr3	159535986	159735986	harbor2	chr3	159613945	159614164	SINE/MIR	812	-	110	159614055	78069
chr3	159535986	159735986	harbor2	chr3	159618060	159618185	SINE/MIR	465	-	62	159618122	82136
chr3	159535986	159735986	harbor2	chr3	159627387	159627632	SINE/MIR	735	-	122	159627509	91523
chr3	184956312	185156312	harbor2	chr3	184985108	184985328	SINE/MIR	592	-	110	184985218	28906
chr3	184956312	185156312	harbor2	chr3	184990482	184990716	SINE/MIR	480	-	117	184990599	34287
chr3	184956312	185156312	harbor2	chr3	185046689	185046857	SINE/MIR	602	-	84	185046773	90461
chr3	184956312	185156312	harbor2	chr3	185047253	185047491	SINE/MIR	493	-	119	185047372	91060
chr3	184956312	185156312	harbor2	chr3	185047625	185047875	SINE/MIR	688	-	125	185047750	91438
chr3	184956312	185156312	harbor2	chr3	185051629	185051771	SINE/MIR	389	-	71	185051700	95388
chr3	184956312	185156312	harbor2	chr3	185053644	185053779	SINE/MIR	427	-	68	185053712	97400
chr3	113641073	113841073	harbor2	chr3	113662730	113662910	SINE/MIR	625	-	90	113662820	21747
chr3	113641073	113841073	harbor2	chr3	113662896	113663052	SINE/MIR	533	-	78	113662974	21901
chr3	113641073	113841073	harbor2	chr3	113736981	113737099	SINE/MIR	393	-	59	113737040	95967
chr3	134613723	134813723	harbor2	chr3	134616888	134617059	SINE/MIR	565	-	86	134616974	3251
chr3	134613723	134813723	harbor2	chr3	134628646	134628874	SINE/MIR	764	-	114	134628760	15037
chr3	134613723	134813723	harbor2	chr3	134655489	134655652	SINE/MIR	444	-	82	134655571	41848
chr3	134613723	134813723	harbor2	chr3	134660390	134660513	SINE/MIR	485	-	62	134660452	46729
chr3	134613723	134813723	harbor2	chr3	134662488	134662613	SINE/MIR	431	-	62	134662550	48827
chr3	134613723	134813723	harbor2	chr3	134666754	134666980	SINE/MIR	571	-	113	134666867	53144
chr3	134613723	134813723	harbor2	chr3	134678541	134678723	SINE/MIR	731	-	91	134678632	64909
chr3	134613723	134813723	harbor2	chr3	134681772	134681982	SINE/MIR	519	-	105	134681877	68154
chr3	134613723	134813723	harbor2	chr3	134682694	134682875	SINE/MIR	503	-	90	134682784	69061
chr3	134613723	134813723	harbor2	chr3	134683329	134683435	SINE/MIR	400	-	53	134683382	69659
chr3	134613723	134813723	harbor2	chr3	134686708	134686873	SINE/MIR	487	-	82	134686790	73067
chr3	134613723	134813723	harbor2	chr3	134695838	134695987	SINE/MIR	560	-	74	134695912	82189
chr3	115309506	115509506	harbor2	chr3	115375757	115375976	SINE/MIR	587	-	110	115375867	66361
chr3	115309506	115509506	harbor2	chr3	115403734	115403925	SINE/MIR	413	-	96	115403830	94324
chr3	115309506	115509506	harbor2	chr3	115406082	115406272	SINE/MIR	485	-	95	115406177	96671
chr3	193279023	193479023	harbor2	chr3	193284407	193284591	SINE/MIR	401	-	92	193284499	5476
chr3	193279023	193479023	harbor2	chr3	193292935	193293178	SINE/MIR	537	-	122	193293057	14034
chr3	193279023	193479023	harbor2	chr3	193331755	193331991	SINE/MIR	713	-	118	193331873	52850
chr3	193279023	193479023	harbor2	chr3	193355261	193355418	SINE/MIR	439	-	78	193355339	76316
chr3	175748277	175948277	harbor2	chr3	175750003	175750224	SINE/MIR	523	-	110	175750113	1836
chr3	175748277	175948277	harbor2	chr3	175754163	175754344	SINE/MIR	829	-	90	175754253	5976
chr3	175748277	175948277	harbor2	chr3	175765743	175765978	SINE/MIR	627	-	118	175765861	17584
chr3	175748277	175948277	harbor2	chr3	175778595	175778812	SINE/MIR	553	-	108	175778703	30426
chr3	36333782	36533782	harbor2	chr3	36375734	36375891	SINE/MIR	538	-	78	36375812	42030
chr3	36333782	36533782	harbor2	chr3	36432141	36432358	SINE/MIR	805	-	108	36432249	98467
chr3	168884260	169084260	harbor2	chr3	168978614	168978856	SINE/MIR	807	-	121	168978735	94475
chr3	111715251	111915251	harbor2	chr3	111745320	111745477	SINE/MIR	405	-	78	111745398	30147
chr3	111715251	111915251	harbor2	chr3	111759672	111759842	SINE/MIR	496	-	85	111759757	44506
chr3	193604971	193804971	harbor2	chr3	193645155	193645318	SINE/MIR	417	-	82	193645237	40266
chr3	193604971	193804971	harbor2	chr3	193657631	193657719	SINE/MIR	455	-	44	193657675	52704
chr3	193604971	193804971	harbor2	chr3	193672986	193673153	SINE/MIR	413	-	84	193673070	68099
chr3	110162472	110362472	harbor2	chr3	110219781	110220011	SINE/MIR	582	-	115	110219896	57424
chr3	110162472	110362472	harbor2	chr3	110243610	110243774	SINE/MIR	509	-	82	110243692	81220
chr3	133058622	133258622	harbor2	chr3	133082461	133082487	SINE/MIR	402	-	13	133082474	23852
chr3	133058622	133258622	harbor2	chr3	133082616	133082640	SINE/MIR	402	-	12	133082628	24006
chr3	133058622	133258622	harbor2	chr3	133082954	133083140	SINE/MIR	402	-	93	133083047	24425
chr3	133058622	133258622	harbor2	chr3	133084618	133084791	SINE/MIR	529	-	86	133084704	26082
chr3	133058622	133258622	harbor2	chr3	133115341	133115566	SINE/MIR	589	-	112	133115453	56831
chr3	133058622	133258622	harbor2	chr3	133129671	133129831	SINE/MIR	465	-	80	133129751	71129
chr3	133058622	133258622	harbor2	chr3	133142773	133143023	SINE/MIR	824	-	125	133142898	84276
chr3	133058622	133258622	harbor2	chr3	133153351	133153509	SINE/MIR	732	-	79	133153430	94808
chr3	173224997	173424997	harbor2	chr3	173288262	173288480	SINE/MIR	765	-	109	173288371	63374
chr3	173224997	173424997	harbor2	chr3	173306077	173306285	SINE/MIR	576	-	104	173306181	81184
chr3	169648746	169848746	harbor2	chr3	169653705	169653904	SINE/MIR	670	-	100	169653805	5059
chr3	169648746	169848746	harbor2	chr3	169655854	169656060	SINE/MIR	458	-	103	169655957	7211
chr3	169648746	169848746	harbor2	chr3	169676242	169676408	SINE/MIR	483	-	83	169676325	27579
chr3	169648746	169848746	harbor2	chr3	169700936	169701157	SINE/MIR	432	-	110	169701046	52300
chr3	178590644	178790644	harbor2	chr3	178590543	178590750	SINE/MIR	712	-	104	178590647	3
chr3	178590644	178790644	harbor2	chr3	178595180	178595389	SINE/MIR	415	-	104	178595284	4640
chr3	178590644	178790644	harbor2	chr3	178596327	178596528	SINE/MIR	413	-	100	178596427	5783
chr3	178590644	178790644	harbor2	chr3	178618837	178619026	SINE/MIR	497	-	94	178618931	28287
chr3	178590644	178790644	harbor2	chr3	178619966	178620100	SINE/MIR	421	-	67	178620033	29389
chr3	178590644	178790644	harbor2	chr3	178622338	178622559	SINE/MIR	428	-	110	178622448	31804
chr3	178590644	178790644	harbor2	chr3	178639185	178639406	SINE/MIR	667	-	110	178639295	48651
chr3	178590644	178790644	harbor2	chr3	178660577	178660803	SINE/MIR	593	-	113	178660690	70046
chr3	178590644	178790644	harbor2	chr3	178661836	178662030	SINE/MIR	443	-	97	178661933	71289
chr3	178590644	178790644	harbor2	chr3	178670583	178670750	SINE/MIR	421	-	84	178670667	80023
chr3	178590644	178790644	harbor2	chr3	178670756	178670899	SINE/MIR	416	-	72	178670828	80184
chr3	178590644	178790644	harbor2	chr3	178672178	178672422	SINE/MIR	561	-	122	178672300	81656
chr3	178590644	178790644	harbor2	chr3	178675877	178676093	SINE/MIR	598	-	108	178675985	85341
chr3	178590644	178790644	harbor2	chr3	178681478	178681646	SINE/MIR	672	-	84	178681562	90918
chr3	172831577	173031577	harbor2	chr3	172840359	172840544	SINE/MIR	731	-	92	172840451	8874
chr3	172831577	173031577	harbor2	chr3	172847632	172847778	SINE/MIR	507	-	73	172847705	16128
chr3	172831577	173031577	harbor2	chr3	172848184	172848244	SINE/MIR	507	-	30	172848214	16637
chr3	172831577	173031577	harbor2	chr3	172863081	172863234	SINE/MIR	450	-	76	172863157	31580
chr3	172831577	173031577	harbor2	chr3	172866454	172866600	SINE/MIR	442	-	73	172866527	34950
chr3	172831577	173031577	harbor2	chr3	172921725	172921902	SINE/MIR	529	-	88	172921813	90236
chr3	172831577	173031577	harbor2	chr3	172926365	172926587	SINE/MIR	734	-	111	172926476	94899
chr3	172831577	173031577	harbor2	chr3	172927503	172927739	SINE/MIR	396	-	118	172927621	96044
chr3	193595590	193795590	harbor2	chr3	193645155	193645318	SINE/MIR	417	-	82	193645237	49647
chr3	193595590	193795590	harbor2	chr3	193657631	193657719	SINE/MIR	455	-	44	193657675	62085
chr3	193595590	193795590	harbor2	chr3	193672986	193673153	SINE/MIR	413	-	84	193673070	77480
chr3	149199458	149399458	harbor2	chr3	149200370	149200494	SINE/MIR	489	-	62	149200432	974
chr3	149199458	149399458	harbor2	chr3	149200810	149200843	SINE/MIR	489	-	16	149200826	1368
chr3	149199458	149399458	harbor2	chr3	149203213	149203256	SINE/MIR	411	-	22	149203235	3777
chr3	149199458	149399458	harbor2	chr3	149203564	149203687	SINE/MIR	411	-	62	149203626	4168
chr3	149199458	149399458	harbor2	chr3	149211328	149211485	SINE/MIR	667	-	78	149211406	11948
chr3	149199458	149399458	harbor2	chr3	149221027	149221200	SINE/MIR	506	-	86	149221113	21655
chr3	149199458	149399458	harbor2	chr3	149253232	149253435	SINE/MIR	539	-	102	149253334	53876
chr3	173403692	173603692	harbor2	chr3	173464149	173464365	SINE/MIR	494	-	108	173464257	60565
chr3	173403692	173603692	harbor2	chr3	173480949	173481148	SINE/MIR	550	-	100	173481049	77357
chr3	173403692	173603692	harbor2	chr3	173493045	173493250	SINE/MIR	497	-	102	173493147	89455
chr3	173403692	173603692	harbor2	chr3	173493526	173493777	SINE/MIR	773	-	126	173493652	89960
chr3	169567198	169767198	harbor2	chr3	169586943	169587165	SINE/MIR	815	-	111	169587054	19856
chr3	169567198	169767198	harbor2	chr3	169610376	169610498	SINE/MIR	643	-	61	169610437	43239
chr3	169567198	169767198	harbor2	chr3	169610529	169610607	SINE/MIR	643	-	39	169610568	43370
chr3	169567198	169767198	harbor2	chr3	169641627	169641810	SINE/MIR	671	-	92	169641719	74521
chr3	169567198	169767198	harbor2	chr3	169647387	169647476	SINE/MIR	433	-	44	169647431	80233
chr3	169567198	169767198	harbor2	chr3	169647711	169647928	SINE/MIR	468	-	108	169647819	80621
chr3	169567198	169767198	harbor2	chr3	169653705	169653904	SINE/MIR	670	-	100	169653805	86607
chr3	169567198	169767198	harbor2	chr3	169655854	169656060	SINE/MIR	458	-	103	169655957	88759
chr3	186072416	186272416	harbor2	chr3	186073356	186073539	SINE/MIR	511	-	92	186073448	1032
chr3	186072416	186272416	harbor2	chr3	186111609	186111819	SINE/MIR	492	-	105	186111714	39298
chr3	186072416	186272416	harbor2	chr3	186113442	186113663	SINE/MIR	770	-	110	186113552	41136
chr3	186072416	186272416	harbor2	chr3	186113754	186113980	SINE/MIR	928	-	113	186113867	41451
chr3	186072416	186272416	harbor2	chr3	186114194	186114382	SINE/MIR	439	-	94	186114288	41872
chr3	186072416	186272416	harbor2	chr3	186127757	186127935	SINE/MIR	397	-	89	186127846	55430
chr3	42417874	42617874	harbor2	chr3	42441327	42441594	SINE/MIR	742	-	134	42441461	23587
chr3	42417874	42617874	harbor2	chr3	42475832	42476030	SINE/MIR	880	-	99	42475931	58057
chr3	149640932	149840932	harbor2	chr3	149666563	149666771	SINE/MIR	529	-	104	149666667	25735
chr3	149640932	149840932	harbor2	chr3	149676526	149676738	SINE/MIR	592	-	106	149676632	35700
chr3	149640932	149840932	harbor2	chr3	149683113	149683269	SINE/MIR	724	-	78	149683191	42259
chr3	149640932	149840932	harbor2	chr3	149687523	149687638	SINE/MIR	514	-	58	149687581	46649
chr3	149640932	149840932	harbor2	chr3	149710881	149711024	SINE/MIR	596	-	72	149710953	70021
chr3	149640932	149840932	harbor2	chr3	149712846	149713027	SINE/MIR	427	-	90	149712936	72004
chr3	149640932	149840932	harbor2	chr3	149738490	149738712	SINE/MIR	487	-	111	149738601	97669
chr3	197100462	197300462	harbor2	chr3	197138711	197138919	SINE/MIR	761	-	104	197138815	38353
chr3	197100462	197300462	harbor2	chr3	197152060	197152237	SINE/MIR	389	-	88	197152148	51686
chr3	197100462	197300462	harbor2	chr3	197160007	197160163	SINE/MIR	417	-	78	197160085	59623
chr3	197100462	197300462	harbor2	chr3	197173332	197173544	SINE/MIR	592	-	106	197173438	72976
chr3	103056839	103256839	harbor2	chr3	103085618	103085859	SINE/MIR	494	-	120	103085738	28899
chr3	103056839	103256839	harbor2	chr3	103121630	103121815	SINE/MIR	546	-	92	103121722	64883
chr3	103056839	103256839	harbor2	chr3	103153864	103154054	SINE/MIR	513	-	95	103153959	97120
chr3	173847773	174047773	harbor2	chr3	173865423	173865679	SINE/MIR	719	-	128	173865551	17778
chr3	173847773	174047773	harbor2	chr3	173877754	173877963	SINE/MIR	564	-	104	173877858	30085
chr3	173847773	174047773	harbor2	chr3	173892412	173892560	SINE/MIR	534	-	74	173892486	44713
chr3	173847773	174047773	harbor2	chr3	173906115	173906258	SINE/MIR	493	-	72	173906187	58414
chr3	173847773	174047773	harbor2	chr3	173919389	173919620	SINE/MIR	475	-	116	173919505	71732
chr3	173847773	174047773	harbor2	chr3	173934952	173935096	SINE/MIR	406	-	72	173935024	87251
chr3	159740595	159940595	harbor2	chr3	159768017	159768094	SINE/MIR	393	-	38	159768055	27460
chr3	159740595	159940595	harbor2	chr3	159802147	159802351	SINE/MIR	449	-	102	159802249	61654
chr3	159740595	159940595	harbor2	chr3	159803832	159804016	SINE/MIR	561	-	92	159803924	63329
chr3	159740595	159940595	harbor2	chr3	159807815	159808006	SINE/MIR	593	-	96	159807911	67316
chr3	159740595	159940595	harbor2	chr3	159813224	159813396	SINE/MIR	441	-	86	159813310	72715
chr3	159740595	159940595	harbor2	chr3	159813716	159813758	SINE/MIR	441	-	21	159813737	73142
chr3	35692225	35892225	harbor2	chr3	35700067	35700259	SINE/MIR	394	-	96	35700163	7938
chr3	35692225	35892225	harbor2	chr3	35772328	35772483	SINE/MIR	392	-	78	35772406	80181
chr3	114185871	114385871	harbor2	chr3	114205994	114206217	SINE/MIR	633	-	112	114206106	20235
chr3	114185871	114385871	harbor2	chr3	114207601	114207743	SINE/MIR	552	-	71	114207672	21801
chr3	114185871	114385871	harbor2	chr3	114219372	114219559	SINE/MIR	529	-	94	114219466	33595
chr3	110538434	110738434	harbor2	chr3	110539592	110539806	SINE/MIR	590	-	107	110539699	1265
chr3	194544952	194744952	harbor2	chr3	194574031	194574217	SINE/MIR	502	-	93	194574124	29172
chr3	194544952	194744952	harbor2	chr3	194574241	194574382	SINE/MIR	440	-	70	194574311	29359
chr3	194544952	194744952	harbor2	chr3	194576464	194576563	SINE/MIR	431	-	50	194576514	31562
chr3	194544952	194744952	harbor2	chr3	194585811	194585975	SINE/MIR	398	-	82	194585893	40941
chr3	194544952	194744952	harbor2	chr3	194632669	194632869	SINE/MIR	449	-	100	194632769	87817
chr3	156753933	156953933	harbor2	chr3	156760263	156760435	SINE/MIR	792	-	86	156760349	6416
chr3	156753933	156953933	harbor2	chr3	156760421	156760624	SINE/MIR	650	-	102	156760523	6590
chr3	156753933	156953933	harbor2	chr3	156770524	156770709	SINE/MIR	667	-	92	156770616	16683
chr3	156753933	156953933	harbor2	chr3	156785272	156785490	SINE/MIR	521	-	109	156785381	31448
chr3	156753933	156953933	harbor2	chr3	156797681	156797901	SINE/MIR	583	-	110	156797791	43858
chr3	156753933	156953933	harbor2	chr3	156806789	156806955	SINE/MIR	764	-	83	156806872	52939
chr3	102504874	102704874	harbor2	chr3	102538928	102539166	SINE/MIR	717	-	119	102539047	34173
chr3	102504874	102704874	harbor2	chr3	102541578	102541757	SINE/MIR	401	-	90	102541668	36794
chr3	102504874	102704874	harbor2	chr3	102544279	102544435	SINE/MIR	391	-	78	102544357	39483
chr3	102504874	102704874	harbor2	chr3	102556545	102556755	SINE/MIR	437	-	105	102556650	51776
chr3	102504874	102704874	harbor2	chr3	102572777	102572968	SINE/MIR	398	-	96	102572873	67999
chr3	102504874	102704874	harbor2	chr3	102598885	102599033	SINE/MIR	476	-	74	102598959	94085
chr3	174156561	174356561	harbor2	chr3	174188388	174188654	SINE/MIR	672	-	133	174188521	31960
chr3	174156561	174356561	harbor2	chr3	174188726	174188900	SINE/MIR	419	-	87	174188813	32252
chr3	174156561	174356561	harbor2	chr3	174196787	174196997	SINE/MIR	472	-	105	174196892	40331
chr3	174156561	174356561	harbor2	chr3	174198185	174198379	SINE/MIR	403	-	97	174198282	41721
chr3	165847588	166047588	harbor2	chr3	165875827	165876035	SINE/MIR	467	-	104	165875931	28343
chr3	167548222	167748222	harbor2	chr3	167639274	167639450	SINE/MIR	519	-	88	167639362	91140
chr3	189206628	189406628	harbor2	chr3	189209467	189209717	SINE/MIR	608	-	125	189209592	2964
chr3	189206628	189406628	harbor2	chr3	189221181	189221394	SINE/MIR	442	-	106	189221287	14659
chr3	189206628	189406628	harbor2	chr3	189221754	189221964	SINE/MIR	535	-	105	189221859	15231
chr3	189206628	189406628	harbor2	chr3	189231504	189231737	SINE/MIR	750	-	116	189231620	24992
chr3	189206628	189406628	harbor2	chr3	189236966	189237138	SINE/MIR	508	-	86	189237052	30424
chr3	189206628	189406628	harbor2	chr3	189270647	189270871	SINE/MIR	447	-	112	189270759	64131
chr3	189206628	189406628	harbor2	chr3	189281046	189281282	SINE/MIR	778	-	118	189281164	74536
chr3	189206628	189406628	harbor2	chr3	189283721	189283876	SINE/MIR	459	-	78	189283799	77171
chr3	189206628	189406628	harbor2	chr3	189285646	189285832	SINE/MIR	475	-	93	189285739	79111
chr3	189206628	189406628	harbor2	chr3	189291713	189291883	SINE/MIR	455	-	85	189291798	85170
chr3	189206628	189406628	harbor2	chr3	189298391	189298549	SINE/MIR	417	-	79	189298470	91842
chr3	189206628	189406628	harbor2	chr3	189304170	189304367	SINE/MIR	417	-	98	189304268	97640
chr3	150399199	150599199	harbor2	chr3	150399582	150399770	SINE/MIR	455	-	94	150399676	477
chr3	150399199	150599199	harbor2	chr3	150439983	150440167	SINE/MIR	776	-	92	150440075	40876
chr3	150399199	150599199	harbor2	chr3	150445687	150445828	SINE/MIR	506	-	70	150445757	46558
chr3	150399199	150599199	harbor2	chr3	150446115	150446166	SINE/MIR	506	-	26	150446141	46942
chr3	150399199	150599199	harbor2	chr3	150453918	150454088	SINE/MIR	558	-	85	150454003	54804
chr3	150399199	150599199	harbor2	chr3	150472496	150472689	SINE/MIR	453	-	96	150472592	73393
chr3	179731060	179931060	harbor2	chr3	179733762	179733942	SINE/MIR	490	-	90	179733852	2792
chr3	179731060	179931060	harbor2	chr3	179748033	179748233	SINE/MIR	432	-	100	179748133	17073
chr3	179731060	179931060	harbor2	chr3	179766612	179766827	SINE/MIR	719	-	108	179766720	35660
chr3	179731060	179931060	harbor2	chr3	179767196	179767415	SINE/MIR	853	-	110	179767306	36246
chr3	179731060	179931060	harbor2	chr3	179781851	179782051	SINE/MIR	646	-	100	179781951	50891
chr3	179731060	179931060	harbor2	chr3	179806661	179806893	SINE/MIR	519	-	116	179806777	75717
chr3	179731060	179931060	harbor2	chr3	179814288	179814514	SINE/MIR	976	-	113	179814401	83341
chr3	157929982	158129982	harbor2	chr3	157935778	157935999	SINE/MIR	489	-	110	157935888	5906
chr3	157929982	158129982	harbor2	chr3	157972827	157973058	SINE/MIR	634	-	116	157972943	42961
chr3	157929982	158129982	harbor2	chr3	157981575	157981776	SINE/MIR	414	-	100	157981675	51693
chr3	157929982	158129982	harbor2	chr3	157984053	157984307	SINE/MIR	479	-	127	157984180	54198
chr3	157929982	158129982	harbor2	chr3	157985921	157986166	SINE/MIR	692	-	122	157986043	56061
chr3	157929982	158129982	harbor2	chr3	158014671	158014889	SINE/MIR	393	-	109	158014780	84798
chr3	157929982	158129982	harbor2	chr3	158017411	158017638	SINE/MIR	585	-	114	158017525	87543
chr3	157929982	158129982	harbor2	chr3	158026707	158026940	SINE/MIR	682	-	116	158026823	96841
chr3	197645112	197845112	harbor2	chr3	197715527	197715742	SINE/MIR	720	-	108	197715635	70523
chr3	171183654	171383654	harbor2	chr3	171184011	171184220	SINE/MIR	445	-	104	171184115	461
chr3	171183654	171383654	harbor2	chr3	171215340	171215537	SINE/MIR	659	-	98	171215438	31784
chr3	171183654	171383654	harbor2	chr3	171218032	171218202	SINE/MIR	412	-	85	171218117	34463
chr3	171183654	171383654	harbor2	chr3	171221997	171222185	SINE/MIR	537	-	94	171222091	38437
chr3	171183654	171383654	harbor2	chr3	171246406	171246551	SINE/MIR	442	-	72	171246478	62824
chr3	171183654	171383654	harbor2	chr3	171249879	171250050	SINE/MIR	427	-	86	171249965	66311
chr3	171183654	171383654	harbor2	chr3	171279715	171279900	SINE/MIR	801	-	92	171279807	96153
chr3	181791604	181991604	harbor2	chr3	181804572	181804695	SINE/MIR	435	-	62	181804634	13030
chr3	181791604	181991604	harbor2	chr3	181814492	181814634	SINE/MIR	509	-	71	181814563	22959
chr3	181791604	181991604	harbor2	chr3	181816672	181816854	SINE/MIR	410	-	91	181816763	25159
chr3	181791604	181991604	harbor2	chr3	181840476	181840643	SINE/MIR	445	-	84	181840560	48956
chr3	181791604	181991604	harbor2	chr3	181845141	181845303	SINE/MIR	597	-	81	181845222	53618
chr3	181791604	181991604	harbor2	chr3	181850576	181850740	SINE/MIR	419	-	82	181850658	59054
chr3	181791604	181991604	harbor2	chr3	181869098	181869299	SINE/MIR	459	-	100	181869198	77594
chr3	181791604	181991604	harbor2	chr3	181874862	181874998	SINE/MIR	526	-	68	181874930	83326
chr3	115948689	116148689	harbor2	chr3	115952881	115953110	SINE/MIR	443	-	114	115952995	4306
chr3	115948689	116148689	harbor2	chr3	115969645	115969876	SINE/MIR	392	-	116	115969761	21072
chr3	115948689	116148689	harbor2	chr3	116000203	116000425	SINE/MIR	545	-	111	116000314	51625
chr3	115948689	116148689	harbor2	chr3	116008123	116008363	SINE/MIR	470	-	120	116008243	59554
chr3	115948689	116148689	harbor2	chr3	116008366	116008495	SINE/MIR	534	-	64	116008430	59741
chr3	115948689	116148689	harbor2	chr3	116032238	116032471	SINE/MIR	555	-	116	116032354	83665
chr3	115948689	116148689	harbor2	chr3	115998688	115998823	SINE/MIR	439	-	68	115998756	50067
chr3	182004530	182204530	harbor2	chr3	182008760	182008932	SINE/MIR	498	-	86	182008846	4316
chr3	182004530	182204530	harbor2	chr3	182014170	182014391	SINE/MIR	442	-	110	182014280	9750
chr3	182004530	182204530	harbor2	chr3	182021131	182021333	SINE/MIR	419	-	101	182021232	16702
chr3	182004530	182204530	harbor2	chr3	182053614	182053822	SINE/MIR	628	-	104	182053718	49188
chr3	182004530	182204530	harbor2	chr3	182056793	182056952	SINE/MIR	486	-	80	182056873	52343
chr3	182004530	182204530	harbor2	chr3	182062169	182062403	SINE/MIR	449	-	117	182062286	57756
chr3	182004530	182204530	harbor2	chr3	182092324	182092488	SINE/MIR	656	-	82	182092406	87876
chr3	182004530	182204530	harbor2	chr3	182103860	182104081	SINE/MIR	894	-	110	182103970	99440
chr3	182004530	182204530	harbor2	chr3	182104190	182104399	SINE/MIR	921	-	104	182104294	99764
chr3	182004530	182204530	harbor2	chr3	182009660	182009863	SINE/MIR	557	-	102	182009762	5232
chr3	168725440	168925440	harbor2	chr3	168725324	168725530	SINE/MIR	726	-	103	168725427	13
chr3	168725440	168925440	harbor2	chr3	168727849	168728035	SINE/MIR	474	-	93	168727942	2502
chr3	168725440	168925440	harbor2	chr3	168747394	168747637	SINE/MIR	528	-	122	168747516	22076
chr3	168725440	168925440	harbor2	chr3	168751655	168751875	SINE/MIR	696	-	110	168751765	26325
chr3	169246100	169446100	harbor2	chr3	169258314	169258426	SINE/MIR	408	-	56	169258370	12270
chr3	169246100	169446100	harbor2	chr3	169314935	169315108	SINE/MIR	392	-	86	169315021	68921
chr3	169246100	169446100	harbor2	chr3	169324149	169324269	SINE/MIR	435	-	60	169324209	78109
chr3	169246100	169446100	harbor2	chr3	169331057	169331254	SINE/MIR	514	-	98	169331155	85055
chr3	160681626	160881626	harbor2	chr3	160687215	160687356	SINE/MIR	494	-	70	160687285	5659
chr3	160681626	160881626	harbor2	chr3	160765033	160765277	SINE/MIR	872	-	122	160765155	83529
chr3	160681626	160881626	harbor2	chr3	160775050	160775279	SINE/MIR	600	-	114	160775164	93538
chr3	160681626	160881626	harbor2	chr3	160743249	160743425	SINE/MIR	791	-	88	160743337	61711
chr3	158289550	158489550	harbor2	chr3	158292765	158292977	SINE/MIR	450	-	106	158292871	3321
chr3	158289550	158489550	harbor2	chr3	158315413	158315568	SINE/MIR	588	-	78	158315491	25941
chr3	158289550	158489550	harbor2	chr3	158363066	158363255	SINE/MIR	494	-	94	158363160	73610
chr3	158289550	158489550	harbor2	chr3	158388335	158388546	SINE/MIR	544	-	106	158388441	98891
chr3	124459021	124659021	harbor2	chr3	124498009	124498159	SINE/MIR	438	-	75	124498084	39063
chr3	124459021	124659021	harbor2	chr3	124514499	124514721	SINE/MIR	820	-	111	124514610	55589
chr3	124459021	124659021	harbor2	chr3	124521357	124521523	SINE/MIR	453	-	83	124521440	62419
chr3	124459021	124659021	harbor2	chr3	124540533	124540723	SINE/MIR	497	-	95	124540628	81607
chr3	124459021	124659021	harbor2	chr3	124553153	124553363	SINE/MIR	684	-	105	124553258	94237
chr3	124459021	124659021	harbor2	chr3	124555969	124556148	SINE/MIR	435	-	90	124556059	97038
chr3	124459021	124659021	harbor2	chr3	124558596	124558779	SINE/MIR	877	-	92	124558688	99667
chr3	81566951	81766951	harbor2	chr3	81608744	81608806	SINE/MIR	389	-	31	81608775	41824
chr3	81566951	81766951	harbor2	chr3	81609290	81609394	SINE/MIR	389	-	52	81609342	42391
chr3	179747648	179947648	harbor2	chr3	179748033	179748233	SINE/MIR	432	-	100	179748133	485
chr3	179747648	179947648	harbor2	chr3	179766612	179766827	SINE/MIR	719	-	108	179766720	19072
chr3	179747648	179947648	harbor2	chr3	179767196	179767415	SINE/MIR	853	-	110	179767306	19658
chr3	179747648	179947648	harbor2	chr3	179781851	179782051	SINE/MIR	646	-	100	179781951	34303
chr3	179747648	179947648	harbor2	chr3	179806661	179806893	SINE/MIR	519	-	116	179806777	59129
chr3	179747648	179947648	harbor2	chr3	179843180	179843231	SINE/MIR	458	-	26	179843206	95558
chr3	179747648	179947648	harbor2	chr3	179843405	179843524	SINE/MIR	458	-	60	179843465	95817
chr3	179747648	179947648	harbor2	chr3	179814288	179814514	SINE/MIR	976	-	113	179814401	66753
chr3	14648385	14848385	harbor2	chr3	14650778	14650943	SINE/MIR	731	-	82	14650860	2475
chr3	14648385	14848385	harbor2	chr3	14652474	14652620	SINE/MIR	639	-	73	14652547	4162
chr3	194806497	195006497	harbor2	chr3	194811049	194811222	SINE/MIR	506	-	86	194811135	4638
chr3	194806497	195006497	harbor2	chr3	194816442	194816673	SINE/MIR	719	-	116	194816558	10061
chr3	194806497	195006497	harbor2	chr3	194825372	194825520	SINE/MIR	442	-	74	194825446	18949
chr3	194806497	195006497	harbor2	chr3	194840169	194840299	SINE/MIR	500	-	65	194840234	33737
chr3	194806497	195006497	harbor2	chr3	194856160	194856359	SINE/MIR	618	-	100	194856260	49763
chr3	194806497	195006497	harbor2	chr3	194865670	194865900	SINE/MIR	543	-	115	194865785	59288
chr3	194806497	195006497	harbor2	chr3	194873016	194873188	SINE/MIR	484	-	86	194873102	66605
chr3	194806497	195006497	harbor2	chr3	194879486	194879654	SINE/MIR	443	-	84	194879570	73073
chr3	194806497	195006497	harbor2	chr3	194889317	194889541	SINE/MIR	533	-	112	194889429	82932
chr3	194806497	195006497	harbor2	chr3	194905768	194906011	SINE/MIR	416	-	122	194905890	99393
chr3	154694415	154894415	harbor2	chr3	154774785	154775012	SINE/MIR	932	-	114	154774899	80484
chr3	189896620	190096620	harbor2	chr3	189903046	189903196	SINE/MIR	424	-	75	189903121	6501
chr3	189896620	190096620	harbor2	chr3	189926790	189927024	SINE/MIR	503	-	117	189926907	30287
chr3	189896620	190096620	harbor2	chr3	189940482	189940654	SINE/MIR	430	-	86	189940568	43948
chr3	149677721	149877721	harbor2	chr3	149683113	149683269	SINE/MIR	724	-	78	149683191	5470
chr3	149677721	149877721	harbor2	chr3	149687523	149687638	SINE/MIR	514	-	58	149687581	9860
chr3	149677721	149877721	harbor2	chr3	149710881	149711024	SINE/MIR	596	-	72	149710953	33232
chr3	149677721	149877721	harbor2	chr3	149712846	149713027	SINE/MIR	427	-	90	149712936	35215
chr3	149677721	149877721	harbor2	chr3	149738490	149738712	SINE/MIR	487	-	111	149738601	60880
chr3	149677721	149877721	harbor2	chr3	149752742	149752920	SINE/MIR	526	-	89	149752831	75110
chr3	150858506	151058506	harbor2	chr3	150895060	150895262	SINE/MIR	470	-	101	150895161	36655
chr3	150858506	151058506	harbor2	chr3	150946234	150946386	SINE/MIR	490	-	76	150946310	87804
chr3	150858506	151058506	harbor2	chr3	150953492	150953538	SINE/MIR	560	-	23	150953515	95009
chr3	150858506	151058506	harbor2	chr3	150953818	150953955	SINE/MIR	560	-	68	150953886	95380
chr3	150858506	151058506	harbor2	chr3	150880009	150880264	SINE/MIR	489	-	128	150880137	21631
chr3	78439352	78639352	harbor2	chr3	78510604	78510858	SINE/MIR	570	-	127	78510731	71379
chr3	78439352	78639352	harbor2	chr3	78513747	78514005	SINE/MIR	396	-	129	78513876	74524
chr3	78439352	78639352	harbor2	chr3	78514788	78514919	SINE/MIR	433	-	66	78514854	75502
chr3	78439352	78639352	harbor2	chr3	78517402	78517647	SINE/MIR	597	-	122	78517524	78172
chr3	130950921	131150921	harbor2	chr3	130963652	130963788	SINE/MIR	498	-	68	130963720	12799
chr3	130950921	131150921	harbor2	chr3	130984090	130984214	SINE/MIR	420	-	62	130984152	33231
chr3	184163860	184363860	harbor2	chr3	184167350	184167571	SINE/MIR	649	-	110	184167460	3600
chr3	184163860	184363860	harbor2	chr3	184197618	184197803	SINE/MIR	488	-	92	184197710	33850
chr3	184163860	184363860	harbor2	chr3	184203884	184203975	SINE/MIR	690	-	46	184203930	40070
chr3	184163860	184363860	harbor2	chr3	184204269	184204395	SINE/MIR	690	-	63	184204332	40472
chr3	184163860	184363860	harbor2	chr3	184232205	184232378	SINE/MIR	480	-	86	184232291	68431
chr3	184163860	184363860	harbor2	chr3	184257247	184257356	SINE/MIR	464	-	54	184257301	93441
chr3	52564304	52764304	harbor2	chr3	52616880	52617109	SINE/MIR	799	-	114	52616994	52690
chr3	52564304	52764304	harbor2	chr3	52623612	52623832	SINE/MIR	665	-	110	52623722	59418
chr3	127167106	127367106	harbor2	chr3	127236503	127236633	SINE/MIR	476	-	65	127236568	69462
chr3	127167106	127367106	harbor2	chr3	127239983	127240160	SINE/MIR	417	-	88	127240071	72965
chr3	120593500	120793500	harbor2	chr3	120595854	120596055	SINE/MIR	622	-	100	120595954	2454
chr3	120593500	120793500	harbor2	chr3	120597532	120597759	SINE/MIR	534	-	114	120597646	4146
chr3	120593500	120793500	harbor2	chr3	120611583	120611804	SINE/MIR	510	-	110	120611693	18193
chr3	120593500	120793500	harbor2	chr3	120613948	120614170	SINE/MIR	464	-	111	120614059	20559
chr3	120593500	120793500	harbor2	chr3	120614271	120614536	SINE/MIR	885	-	132	120614403	20903
chr3	120593500	120793500	harbor2	chr3	120632797	120632964	SINE/MIR	571	-	84	120632881	39381
chr3	120593500	120793500	harbor2	chr3	120668672	120668839	SINE/MIR	542	-	84	120668756	75256
chr3	120593500	120793500	harbor2	chr3	120673758	120674003	SINE/MIR	775	-	122	120673880	80380
chr3	13842048	14042048	harbor2	chr3	13843266	13843495	SINE/MIR	543	-	114	13843380	1332
chr3	13842048	14042048	harbor2	chr3	13845260	13845306	SINE/MIR	594	-	23	13845283	3235
chr3	13842048	14042048	harbor2	chr3	13845487	13845638	SINE/MIR	594	-	76	13845563	3515
chr3	13842048	14042048	harbor2	chr3	13859794	13859936	SINE/MIR	410	-	71	13859865	17817
chr3	13842048	14042048	harbor2	chr3	13860095	13860300	SINE/MIR	472	-	102	13860197	18149
chr3	13842048	14042048	harbor2	chr3	13860925	13861118	SINE/MIR	430	-	96	13861021	18973
chr3	13842048	14042048	harbor2	chr3	13883154	13883415	SINE/MIR	558	-	130	13883284	41236
chr3	13842048	14042048	harbor2	chr3	13877158	13877334	SINE/MIR	465	-	88	13877246	35198
chr3	181335743	181535743	harbor2	chr3	181358362	181358535	SINE/MIR	428	-	86	181358448	22705
chr3	181335743	181535743	harbor2	chr3	181399529	181399751	SINE/MIR	408	-	111	181399640	63897
chr3	181335743	181535743	harbor2	chr3	181411372	181411595	SINE/MIR	624	-	112	181411484	75741
chr3	181335743	181535743	harbor2	chr3	181434995	181435161	SINE/MIR	584	-	83	181435078	99335
chr3	181335743	181535743	harbor2	chr3	181403600	181403823	SINE/MIR	641	-	112	181403712	67969
chr3	191945779	192145779	harbor2	chr3	191982966	191983197	SINE/MIR	525	-	116	191983082	37303
chr3	191945779	192145779	harbor2	chr3	191997382	191997588	SINE/MIR	400	-	103	191997485	51706
chr3	191945779	192145779	harbor2	chr3	192039128	192039295	SINE/MIR	576	-	84	192039212	93433
chr3	137762873	137962873	harbor2	chr3	137776366	137776525	SINE/MIR	494	-	80	137776446	13573
chr3	137762873	137962873	harbor2	chr3	137779097	137779317	SINE/MIR	404	-	110	137779207	16334
chr3	137762873	137962873	harbor2	chr3	137783500	137783739	SINE/MIR	391	-	120	137783620	20747
chr3	137762873	137962873	harbor2	chr3	137785115	137785335	SINE/MIR	584	-	110	137785225	22352
chr3	137762873	137962873	harbor2	chr3	137786242	137786464	SINE/MIR	738	-	111	137786353	23480
chr3	137762873	137962873	harbor2	chr3	137794704	137794898	SINE/MIR	500	-	97	137794801	31928
chr3	137762873	137962873	harbor2	chr3	137795416	137795621	SINE/MIR	840	-	102	137795518	32645
chr3	137762873	137962873	harbor2	chr3	137814912	137815133	SINE/MIR	710	-	110	137815022	52149
chr3	137762873	137962873	harbor2	chr3	137825689	137825931	SINE/MIR	967	-	121	137825810	62937
chr3	137762873	137962873	harbor2	chr3	137850385	137850628	SINE/MIR	550	-	122	137850507	87634
chr3	172192277	172392277	harbor2	chr3	172205378	172205587	SINE/MIR	811	-	104	172205482	13205
chr3	172192277	172392277	harbor2	chr3	172218601	172218804	SINE/MIR	511	-	102	172218703	26426
chr3	172192277	172392277	harbor2	chr3	172223847	172224086	SINE/MIR	612	-	120	172223967	31690
chr3	189000753	189200753	harbor2	chr3	189030767	189030947	SINE/MIR	758	-	90	189030857	30104
chr3	189000753	189200753	harbor2	chr3	189059210	189059310	SINE/MIR	689	-	50	189059260	58507
chr3	189000753	189200753	harbor2	chr3	189059624	189059773	SINE/MIR	689	-	74	189059698	58945
chr3	122674825	122874825	harbor2	chr3	122684448	122684584	SINE/MIR	422	-	68	122684516	9691
chr3	122674825	122874825	harbor2	chr3	122692948	122693158	SINE/MIR	627	-	105	122693053	18228
chr3	122674825	122874825	harbor2	chr3	122697323	122697465	SINE/MIR	694	-	71	122697394	22569
chr3	122674825	122874825	harbor2	chr3	122702521	122702707	SINE/MIR	609	-	93	122702614	27789
chr3	122674825	122874825	harbor2	chr3	122730007	122730245	SINE/MIR	551	-	119	122730126	55301
chr3	122674825	122874825	harbor2	chr3	122751227	122751439	SINE/MIR	532	-	106	122751333	76508
chr3	182921064	183121064	harbor2	chr3	182971635	182971845	SINE/MIR	429	-	105	182971740	50676
chr3	182921064	183121064	harbor2	chr3	182983310	182983433	SINE/MIR	642	-	62	182983372	62308
chr3	182921064	183121064	harbor2	chr3	182983723	182983816	SINE/MIR	642	-	46	182983769	62705
chr3	182921064	183121064	harbor2	chr3	183011577	183011777	SINE/MIR	632	-	100	183011677	90613
chr3	195390492	195590492	harbor2	chr3	195464361	195464427	SINE/MIR	522	-	33	195464394	73902
chr3	195390492	195590492	harbor2	chr3	195464671	195464791	SINE/MIR	522	-	60	195464731	74239
chr3	195390492	195590492	harbor2	chr3	195467455	195467527	SINE/MIR	446	-	36	195467491	76999
chr3	195390492	195590492	harbor2	chr3	195467828	195467906	SINE/MIR	446	-	39	195467867	77375
chr3	193190665	193390665	harbor2	chr3	193213939	193214079	SINE/MIR	675	-	70	193214009	23344
chr3	193190665	193390665	harbor2	chr3	193229953	193230170	SINE/MIR	486	-	108	193230061	39396
chr3	193190665	193390665	harbor2	chr3	193232040	193232260	SINE/MIR	594	-	110	193232150	41485
chr3	193190665	193390665	harbor2	chr3	193238110	193238270	SINE/MIR	499	-	80	193238190	47525
chr3	193190665	193390665	harbor2	chr3	193241639	193241786	SINE/MIR	394	-	74	193241713	51048
chr3	193190665	193390665	harbor2	chr3	193284407	193284591	SINE/MIR	401	-	92	193284499	93834
chr3	138919317	139119317	harbor2	chr3	138934358	138934558	SINE/MIR	503	-	100	138934458	15141
chr3	138919317	139119317	harbor2	chr3	138940409	138940632	SINE/MIR	404	-	112	138940521	21204
chr3	138919317	139119317	harbor2	chr3	138954509	138954685	SINE/MIR	743	-	88	138954597	35280
chr3	138919317	139119317	harbor2	chr3	138962770	138962934	SINE/MIR	791	-	82	138962852	43535
chr3	138919317	139119317	harbor2	chr3	138966677	138966858	SINE/MIR	450	-	90	138966767	47450
chr3	138919317	139119317	harbor2	chr3	138974571	138974724	SINE/MIR	400	-	76	138974647	55330
chr3	138919317	139119317	harbor2	chr3	138976174	138976342	SINE/MIR	744	-	84	138976258	56941
chr3	138919317	139119317	harbor2	chr3	138983151	138983365	SINE/MIR	676	-	107	138983258	63941
chr3	138919317	139119317	harbor2	chr3	138988262	138988368	SINE/MIR	398	-	53	138988315	68998
chr3	2267694	2467694	harbor2	chr3	2326752	2326910	SINE/MIR	510	-	79	2326831	59137
chr3	2267694	2467694	harbor2	chr3	2330594	2330727	SINE/MIR	410	-	66	2330660	62966
chr3	2267694	2467694	harbor2	chr3	2334099	2334173	SINE/MIR	468	-	37	2334136	66442
chr3	2267694	2467694	harbor2	chr3	2334459	2334624	SINE/MIR	468	-	82	2334541	66847
chr3	2267694	2467694	harbor2	chr3	2363489	2363669	SINE/MIR	392	-	90	2363579	95885
chr3	172834891	173034891	harbor2	chr3	172840359	172840544	SINE/MIR	731	-	92	172840451	5560
chr3	172834891	173034891	harbor2	chr3	172847632	172847778	SINE/MIR	507	-	73	172847705	12814
chr3	172834891	173034891	harbor2	chr3	172848184	172848244	SINE/MIR	507	-	30	172848214	13323
chr3	172834891	173034891	harbor2	chr3	172863081	172863234	SINE/MIR	450	-	76	172863157	28266
chr3	172834891	173034891	harbor2	chr3	172866454	172866600	SINE/MIR	442	-	73	172866527	31636
chr3	172834891	173034891	harbor2	chr3	172921725	172921902	SINE/MIR	529	-	88	172921813	86922
chr3	172834891	173034891	harbor2	chr3	172926365	172926587	SINE/MIR	734	-	111	172926476	91585
chr3	172834891	173034891	harbor2	chr3	172927503	172927739	SINE/MIR	396	-	118	172927621	92730
chr3	186457632	186657632	harbor2	chr3	186458821	186459049	SINE/MIR	650	-	114	186458935	1303
chr3	186457632	186657632	harbor2	chr3	186509255	186509478	SINE/MIR	631	-	112	186509367	51735
chr3	186457632	186657632	harbor2	chr3	186511023	186511071	SINE/MIR	413	-	24	186511047	53415
chr3	186457632	186657632	harbor2	chr3	186511104	186511179	SINE/MIR	413	-	38	186511142	53510
chr3	186457632	186657632	harbor2	chr3	186514460	186514631	SINE/MIR	477	-	86	186514546	56914
chr3	186457632	186657632	harbor2	chr3	186520100	186520331	SINE/MIR	514	-	116	186520216	62584
chr3	186457632	186657632	harbor2	chr3	186525577	186525710	SINE/MIR	430	-	66	186525643	68011
chr3	186457632	186657632	harbor2	chr3	186533226	186533437	SINE/MIR	579	-	106	186533332	75700
chr3	186457632	186657632	harbor2	chr3	186557180	186557418	SINE/MIR	473	-	119	186557299	99667
chr3	183074128	183274128	harbor2	chr3	183091625	183091759	SINE/MIR	412	-	67	183091692	17564
chr3	183074128	183274128	harbor2	chr3	183093194	183093440	SINE/MIR	610	-	123	183093317	19189
chr3	183074128	183274128	harbor2	chr3	183098351	183098567	SINE/MIR	586	-	108	183098459	24331
chr3	183074128	183274128	harbor2	chr3	183142482	183142651	SINE/MIR	509	-	84	183142566	68438
chr3	183074128	183274128	harbor2	chr3	183145295	183145473	SINE/MIR	460	-	89	183145384	71256
chr3	183074128	183274128	harbor2	chr3	183151054	183151215	SINE/MIR	418	-	80	183151134	77006
chr3	183074128	183274128	harbor2	chr3	183161060	183161250	SINE/MIR	524	-	95	183161155	87027
chr3	183074128	183274128	harbor2	chr3	183165009	183165207	SINE/MIR	497	-	99	183165108	90980
chr3	183074128	183274128	harbor2	chr3	183156652	183156881	SINE/MIR	461	-	114	183156766	82638
chr3	169372861	169572861	harbor2	chr3	169372704	169372943	SINE/MIR	511	-	120	169372824	37
chr3	169372861	169572861	harbor2	chr3	169406603	169406756	SINE/MIR	459	-	76	169406679	33818
chr3	169372861	169572861	harbor2	chr3	169437968	169438183	SINE/MIR	731	-	108	169438076	65215
chr3	169372861	169572861	harbor2	chr3	169446641	169446854	SINE/MIR	534	-	106	169446747	73886
chr3	169372861	169572861	harbor2	chr3	169448308	169448519	SINE/MIR	509	-	106	169448414	75553
chr3	169372861	169572861	harbor2	chr3	169460405	169460536	SINE/MIR	450	-	66	169460471	87610
chr3	169372861	169572861	harbor2	chr3	169426868	169426994	SINE/MIR	443	-	63	169426931	54070
chr3	140575673	140775673	harbor2	chr3	140583328	140583477	SINE/MIR	434	-	74	140583402	7729
chr3	140575673	140775673	harbor2	chr3	140584543	140584721	SINE/MIR	517	-	89	140584632	8959
chr3	140575673	140775673	harbor2	chr3	140631113	140631307	SINE/MIR	686	-	97	140631210	55537
chr3	140575673	140775673	harbor2	chr3	140633819	140633909	SINE/MIR	439	-	45	140633864	58191
chr3	144365639	144565639	harbor2	chr3	144375169	144375421	SINE/MIR	579	-	126	144375295	9656
chr3	144365639	144565639	harbor2	chr3	144379944	144380136	SINE/MIR	618	-	96	144380040	14401
chr3	144365639	144565639	harbor2	chr3	144384759	144384937	SINE/MIR	451	-	89	144384848	19209
chr3	86763365	86963365	harbor2	chr3	86833239	86833490	SINE/MIR	448	-	126	86833365	70000
chr3	86763365	86963365	harbor2	chr3	86847553	86847721	SINE/MIR	436	-	84	86847637	84272
chr3	103692844	103892844	harbor2	chr3	103695499	103695671	SINE/MIR	509	-	86	103695585	2741
chr3	103692844	103892844	harbor2	chr3	103697575	103697824	SINE/MIR	631	-	124	103697699	4855
chr3	181055847	181255847	harbor2	chr3	181064388	181064637	SINE/MIR	700	-	124	181064512	8665
chr3	181055847	181255847	harbor2	chr3	181133781	181133905	SINE/MIR	476	-	62	181133843	77996
chr3	181055847	181255847	harbor2	chr3	181153472	181153666	SINE/MIR	779	-	97	181153569	97722
chr3	146525067	146725067	harbor2	chr3	146597226	146597391	SINE/MIR	591	-	82	146597308	72241
chr3	167464650	167664650	harbor2	chr3	167469386	167469572	SINE/MIR	471	-	93	167469479	4829
chr3	167464650	167664650	harbor2	chr3	167492548	167492746	SINE/MIR	721	-	99	167492647	27997
chr3	167464650	167664650	harbor2	chr3	167494072	167494258	SINE/MIR	435	-	93	167494165	29515
chr3	167464650	167664650	harbor2	chr3	167501229	167501381	SINE/MIR	395	-	76	167501305	36655
chr3	167464650	167664650	harbor2	chr3	167534980	167535206	SINE/MIR	401	-	113	167535093	70443
chr3	77059245	77259245	harbor2	chr3	77078323	77078523	SINE/MIR	428	-	100	77078423	19178
chr3	77059245	77259245	harbor2	chr3	77078524	77078667	SINE/MIR	431	-	72	77078596	19351
chr3	77059245	77259245	harbor2	chr3	77086266	77086411	SINE/MIR	398	-	72	77086338	27093
chr3	77059245	77259245	harbor2	chr3	77109605	77109810	SINE/MIR	417	-	102	77109707	50462
chr3	176320770	176520770	harbor2	chr3	176331777	176331990	SINE/MIR	509	-	106	176331883	11113
chr3	176320770	176520770	harbor2	chr3	176346450	176346580	SINE/MIR	408	-	65	176346515	25745
chr3	176320770	176520770	harbor2	chr3	176383027	176383251	SINE/MIR	406	-	112	176383139	62369
chr3	176320770	176520770	harbor2	chr3	176385162	176385303	SINE/MIR	457	-	70	176385232	64462
chr3	176320770	176520770	harbor2	chr3	176409268	176409490	SINE/MIR	399	-	111	176409379	88609
chr3	176320770	176520770	harbor2	chr3	176414118	176414231	SINE/MIR	425	-	56	176414174	93404
chr3	173608339	173808339	harbor2	chr3	173619506	173619753	SINE/MIR	1045	-	124	173619630	11291
chr3	173608339	173808339	harbor2	chr3	173661302	173661469	SINE/MIR	450	-	84	173661386	53047
chr3	173608339	173808339	harbor2	chr3	173664594	173664849	SINE/MIR	475	-	128	173664722	56383
chr3	173608339	173808339	harbor2	chr3	173673574	173673728	SINE/MIR	431	-	77	173673651	65312
chr3	173608339	173808339	harbor2	chr3	173674330	173674496	SINE/MIR	413	-	83	173674413	66074
chr3	173608339	173808339	harbor2	chr3	173683772	173683965	SINE/MIR	408	-	96	173683868	75529
chr3	64021949	64221949	harbor2	chr3	64031578	64031820	SINE/MIR	924	-	121	64031699	9750
chr3	64021949	64221949	harbor2	chr3	64045934	64046100	SINE/MIR	540	-	83	64046017	24068
chr3	64021949	64221949	harbor2	chr3	64049203	64049447	SINE/MIR	681	-	122	64049325	27376
chr3	64021949	64221949	harbor2	chr3	64052625	64052861	SINE/MIR	696	-	118	64052743	30794
chr3	64021949	64221949	harbor2	chr3	64054956	64055196	SINE/MIR	561	-	120	64055076	33127
chr3	64021949	64221949	harbor2	chr3	64090739	64090762	SINE/MIR	503	-	12	64090751	68802
chr3	64021949	64221949	harbor2	chr3	64091086	64091269	SINE/MIR	503	-	92	64091178	69229
chr3	192373076	192573076	harbor2	chr3	192374583	192374816	SINE/MIR	633	-	116	192374699	1623
chr3	192373076	192573076	harbor2	chr3	192394535	192394696	SINE/MIR	408	-	80	192394615	21539
chr3	192373076	192573076	harbor2	chr3	192401967	192402108	SINE/MIR	474	-	70	192402037	28961
chr3	192373076	192573076	harbor2	chr3	192414212	192414432	SINE/MIR	918	-	110	192414322	41246
chr3	192373076	192573076	harbor2	chr3	192414512	192414732	SINE/MIR	536	-	110	192414622	41546
chr3	192373076	192573076	harbor2	chr3	192418934	192419151	SINE/MIR	554	-	108	192419042	45966
chr3	192373076	192573076	harbor2	chr3	192422596	192422797	SINE/MIR	735	-	100	192422696	49620
chr3	192373076	192573076	harbor2	chr3	192423568	192423744	SINE/MIR	536	-	88	192423656	50580
chr4	124208264	124408264	harbor2	chr4	124215844	124216054	SINE/MIR	582	-	105	124215949	7685
chr4	177470228	177670228	harbor2	chr4	177519024	177519232	SINE/MIR	568	-	104	177519128	48900
chr4	177470228	177670228	harbor2	chr4	177545611	177545860	SINE/MIR	647	-	124	177545735	75507
chr4	177470228	177670228	harbor2	chr4	177549026	177549203	SINE/MIR	529	-	88	177549114	78886
chr4	177470228	177670228	harbor2	chr4	177549443	177549494	SINE/MIR	529	-	26	177549469	79241
chr4	111493042	111693042	harbor2	chr4	111530405	111530650	SINE/MIR	589	-	122	111530527	37485
chr4	111493042	111693042	harbor2	chr4	111545586	111545771	SINE/MIR	695	-	92	111545678	52636
chr4	183412328	183612328	harbor2	chr4	183422222	183422364	SINE/MIR	429	-	71	183422293	9965
chr4	183412328	183612328	harbor2	chr4	183430383	183430499	SINE/MIR	609	-	58	183430441	18113
chr4	183412328	183612328	harbor2	chr4	183437426	183437626	SINE/MIR	680	-	100	183437526	25198
chr4	131545464	131745464	harbor2	chr4	131548209	131548362	SINE/MIR	423	-	76	131548285	2821
chr4	131545464	131745464	harbor2	chr4	131576449	131576622	SINE/MIR	475	-	86	131576535	31071
chr4	182403966	182603966	harbor2	chr4	182422794	182422996	SINE/MIR	495	-	101	182422895	18929
chr4	182403966	182603966	harbor2	chr4	182429829	182430058	SINE/MIR	598	-	114	182429943	25977
chr4	182403966	182603966	harbor2	chr4	182457347	182457502	SINE/MIR	469	-	78	182457425	53459
chr4	182403966	182603966	harbor2	chr4	182484148	182484368	SINE/MIR	984	-	110	182484258	80292
chr4	144269383	144469383	harbor2	chr4	144270938	144271133	SINE/MIR	551	-	98	144271036	1653
chr4	144269383	144469383	harbor2	chr4	144289818	144290017	SINE/MIR	427	-	100	144289918	20535
chr4	144269383	144469383	harbor2	chr4	144293609	144293762	SINE/MIR	433	-	76	144293685	24302
chr4	144269383	144469383	harbor2	chr4	144343582	144343747	SINE/MIR	525	-	82	144343664	74281
chr4	144269383	144469383	harbor2	chr4	144345451	144345601	SINE/MIR	617	-	75	144345526	76143
chr4	144269383	144469383	harbor2	chr4	144351216	144351428	SINE/MIR	651	-	106	144351322	81939
chr4	44473915	44673915	harbor2	chr4	44484396	44484649	SINE/MIR	506	-	126	44484522	10607
chr4	44473915	44673915	harbor2	chr4	44534111	44534351	SINE/MIR	675	-	120	44534231	60316
chr4	44473915	44673915	harbor2	chr4	44542502	44542649	SINE/MIR	449	-	74	44542576	68661
chr4	44473915	44673915	harbor2	chr4	44543306	44543551	SINE/MIR	897	-	122	44543428	69513
chr4	44473915	44673915	harbor2	chr4	44544060	44544314	SINE/MIR	920	-	127	44544187	70272
chr4	44473915	44673915	harbor2	chr4	44552925	44553137	SINE/MIR	420	-	106	44553031	79116
chr4	44473915	44673915	harbor2	chr4	44556282	44556527	SINE/MIR	591	-	122	44556404	82489
chr4	73676317	73876317	harbor2	chr4	73701650	73701765	SINE/MIR	493	-	58	73701708	25391
chr4	73676317	73876317	harbor2	chr4	73710016	73710248	SINE/MIR	491	-	116	73710132	33815
chr4	73676317	73876317	harbor2	chr4	73710340	73710546	SINE/MIR	578	-	103	73710443	34126
chr4	73676317	73876317	harbor2	chr4	73717825	73718039	SINE/MIR	422	-	107	73717932	41615
chr4	73676317	73876317	harbor2	chr4	73718327	73718562	SINE/MIR	626	-	118	73718445	42128
chr4	73676317	73876317	harbor2	chr4	73720178	73720331	SINE/MIR	447	-	76	73720254	43937
chr4	73676317	73876317	harbor2	chr4	73736329	73736552	SINE/MIR	587	-	112	73736441	60124
chr4	73676317	73876317	harbor2	chr4	73774930	73775167	SINE/MIR	654	-	118	73775048	98731
chr4	76774114	76974114	harbor2	chr4	76826713	76826919	SINE/MIR	417	-	103	76826816	52702
chr4	76774114	76974114	harbor2	chr4	76836132	76836352	SINE/MIR	445	-	110	76836242	62128
chr4	76774114	76974114	harbor2	chr4	76837781	76837983	SINE/MIR	680	-	101	76837882	63768
chr4	76774114	76974114	harbor2	chr4	76843718	76843920	SINE/MIR	570	-	101	76843819	69705
chr4	173361095	173561095	harbor2	chr4	173400633	173400853	SINE/MIR	654	-	110	173400743	39648
chr4	173361095	173561095	harbor2	chr4	173404007	173404194	SINE/MIR	529	-	94	173404101	43006
chr4	170858821	171058821	harbor2	chr4	170885934	170886186	SINE/MIR	569	-	126	170886060	27239
chr4	182865896	183065896	harbor2	chr4	182922912	182923035	SINE/MIR	582	-	62	182922974	57078
chr4	182865896	183065896	harbor2	chr4	182932406	182932605	SINE/MIR	769	-	100	182932506	66610
chr4	182865896	183065896	harbor2	chr4	182932727	182932973	SINE/MIR	864	-	123	182932850	66954
chr4	161972351	162172351	harbor2	chr4	161996094	161996253	SINE/MIR	435	-	80	161996174	23823
chr4	164638326	164838326	harbor2	chr4	164638661	164638886	SINE/MIR	454	-	112	164638773	447
chr4	164638326	164838326	harbor2	chr4	164681662	164681914	SINE/MIR	519	-	126	164681788	43462
chr4	164638326	164838326	harbor2	chr4	164716307	164716454	SINE/MIR	420	-	74	164716381	78055
chr4	182479447	182679447	harbor2	chr4	182484148	182484368	SINE/MIR	984	-	110	182484258	4811
chr4	182479447	182679447	harbor2	chr4	182525330	182525515	SINE/MIR	609	-	92	182525422	45975
chr4	182479447	182679447	harbor2	chr4	182540966	182541176	SINE/MIR	664	-	105	182541071	61624
chr4	188767028	188967028	harbor2	chr4	188810839	188811068	SINE/MIR	417	-	114	188810953	43925
chr4	176958474	177158474	harbor2	chr4	176979464	176979677	SINE/MIR	522	-	106	176979570	21096
chr4	176958474	177158474	harbor2	chr4	176981541	176981797	SINE/MIR	681	-	128	176981669	23195
chr4	176958474	177158474	harbor2	chr4	177046948	177047078	SINE/MIR	499	-	65	177047013	88539
chr4	148612420	148812420	harbor2	chr4	148677932	148678166	SINE/MIR	538	-	117	148678049	65629
chr4	148612420	148812420	harbor2	chr4	148689617	148689782	SINE/MIR	419	-	82	148689699	77279
chr4	129543363	129743363	harbor2	chr4	129568463	129568644	SINE/MIR	599	-	90	129568553	25190
chr4	73135446	73335446	harbor2	chr4	73147950	73148144	SINE/MIR	500	-	97	73148047	12601
chr4	73135446	73335446	harbor2	chr4	73224625	73224870	SINE/MIR	864	-	122	73224747	89301
chr4	178777268	178977268	harbor2	chr4	178876646	178876779	SINE/MIR	483	-	66	178876712	99444
chr4	156008608	156208608	harbor2	chr4	156056256	156056433	SINE/MIR	637	-	88	156056344	47736
chr4	189939715	190139715	harbor2	chr4	189942860	189943011	SINE/MIR	541	-	76	189942936	3221
chr4	146499401	146699401	harbor2	chr4	146505799	146505964	SINE/MIR	582	-	82	146505881	6480
chr4	146499401	146699401	harbor2	chr4	146510938	146511074	SINE/MIR	493	-	68	146511006	11605
chr4	187475114	187675114	harbor2	chr4	187535757	187535999	SINE/MIR	888	-	121	187535878	60764
chr4	154351076	154551076	harbor2	chr4	154378590	154378787	SINE/MIR	470	-	98	154378688	27612
chr4	154351076	154551076	harbor2	chr4	154446478	154446694	SINE/MIR	774	-	108	154446586	95510
chr4	172198149	172398149	harbor2	chr4	172231321	172231498	SINE/MIR	422	-	88	172231409	33260
chr4	140941023	141141023	harbor2	chr4	140950359	140950563	SINE/MIR	506	-	102	140950461	9438
chr4	140941023	141141023	harbor2	chr4	140960909	140961097	SINE/MIR	585	-	94	140961003	19980
chr4	172661969	172861969	harbor2	chr4	172680176	172680360	SINE/MIR	477	-	92	172680268	18299
chr4	172661969	172861969	harbor2	chr4	172757426	172757582	SINE/MIR	520	-	78	172757504	95535
chr4	180487785	180687785	harbor2	chr4	180513507	180513737	SINE/MIR	484	-	115	180513622	25837
chr4	180487785	180687785	harbor2	chr4	180519917	180520149	SINE/MIR	503	-	116	180520033	32248
chr4	180487785	180687785	harbor2	chr4	180534317	180534574	SINE/MIR	620	-	128	180534445	46660
chr4	180487785	180687785	harbor2	chr4	180560632	180560859	SINE/MIR	576	-	114	180560746	72961
chr4	180487785	180687785	harbor2	chr4	180576256	180576474	SINE/MIR	426	-	109	180576365	88580
chr4	187685066	187885066	harbor2	chr4	187698926	187699190	SINE/MIR	486	-	132	187699058	13992
chr4	187685066	187885066	harbor2	chr4	187701247	187701502	SINE/MIR	726	-	128	187701375	16309
chr4	187685066	187885066	harbor2	chr4	187758776	187758903	SINE/MIR	517	-	64	187758840	73774
chr4	111182672	111382672	harbor2	chr4	111206609	111206824	SINE/MIR	520	-	108	111206717	24045
chr4	111182672	111382672	harbor2	chr4	111215007	111215245	SINE/MIR	669	-	119	111215126	32454
chr4	111182672	111382672	harbor2	chr4	111261319	111261431	SINE/MIR	430	-	56	111261375	78703
chr4	111182672	111382672	harbor2	chr4	111262157	111262396	SINE/MIR	744	-	120	111262277	79605
chr4	86720220	86920220	harbor2	chr4	86733875	86734134	SINE/MIR	713	-	130	86734005	13785
chr4	86720220	86920220	harbor2	chr4	86754382	86754622	SINE/MIR	1111	-	120	86754502	34282
chr4	155739217	155939217	harbor2	chr4	155753417	155753636	SINE/MIR	417	-	110	155753527	14310
chr4	155739217	155939217	harbor2	chr4	155766899	155767103	SINE/MIR	603	-	102	155767001	27784
chr4	155739217	155939217	harbor2	chr4	155815270	155815473	SINE/MIR	685	-	102	155815372	76155
chr4	155739217	155939217	harbor2	chr4	155839135	155839296	SINE/MIR	466	-	80	155839215	99998
chr4	130164162	130364162	harbor2	chr4	130178748	130178956	SINE/MIR	794	-	104	130178852	14690
chr4	176514013	176714013	harbor2	chr4	176524839	176525086	SINE/MIR	765	-	124	176524963	10950
chr4	176514013	176714013	harbor2	chr4	176542208	176542436	SINE/MIR	460	-	114	176542322	28309
chr4	176514013	176714013	harbor2	chr4	176606051	176606253	SINE/MIR	616	-	101	176606152	92139
chr4	173641364	173841364	harbor2	chr4	173675085	173675281	SINE/MIR	485	-	98	173675183	33819
chr4	173641364	173841364	harbor2	chr4	173682258	173682464	SINE/MIR	554	-	103	173682361	40997
chr4	173641364	173841364	harbor2	chr4	173699200	173699372	SINE/MIR	530	-	86	173699286	57922
chr4	124573540	124773540	harbor2	chr4	124604036	124604252	SINE/MIR	467	-	108	124604144	30604
chr4	124573540	124773540	harbor2	chr4	124606261	124606503	SINE/MIR	701	-	121	124606382	32842
chr4	124573540	124773540	harbor2	chr4	124608953	124609138	SINE/MIR	449	-	92	124609045	35505
chr4	124573540	124773540	harbor2	chr4	124639963	124640170	SINE/MIR	524	-	104	124640067	66527
chr4	83076091	83276091	harbor2	chr4	83150800	83150946	SINE/MIR	518	-	73	83150873	74782
chr4	101491315	101691315	harbor2	chr4	101559975	101560211	SINE/MIR	420	-	118	101560093	68778
chr4	189859474	190059474	harbor2	chr4	189918473	189918647	SINE/MIR	485	-	87	189918560	59086
chr4	189859474	190059474	harbor2	chr4	189942860	189943011	SINE/MIR	541	-	76	189942936	83462
chr4	78043274	78243274	harbor2	chr4	78047706	78047931	SINE/MIR	525	-	112	78047818	4544
chr4	78043274	78243274	harbor2	chr4	78052709	78052823	SINE/MIR	481	-	57	78052766	9492
chr4	78043274	78243274	harbor2	chr4	78099533	78099720	SINE/MIR	434	-	94	78099627	56353
chr4	78043274	78243274	harbor2	chr4	78134729	78134925	SINE/MIR	543	-	98	78134827	91553
chr4	78043274	78243274	harbor2	chr4	78136544	78136716	SINE/MIR	492	-	86	78136630	93356
chr4	78043274	78243274	harbor2	chr4	78069739	78069933	SINE/MIR	421	-	97	78069836	26562
chr4	73048892	73248892	harbor2	chr4	73147950	73148144	SINE/MIR	500	-	97	73148047	99155
chr4	185070158	185270158	harbor2	chr4	185076608	185076786	SINE/MIR	416	-	89	185076697	6539
chr4	185070158	185270158	harbor2	chr4	185083117	185083299	SINE/MIR	451	-	91	185083208	13050
chr4	156528381	156728381	harbor2	chr4	156548771	156548959	SINE/MIR	522	-	94	156548865	20484
chr4	175451337	175651337	harbor2	chr4	175478795	175478936	SINE/MIR	455	-	70	175478865	27528
chr4	175451337	175651337	harbor2	chr4	175479226	175479284	SINE/MIR	455	-	29	175479255	27918
chr4	175451337	175651337	harbor2	chr4	175492523	175492697	SINE/MIR	577	-	87	175492610	41273
chr4	175451337	175651337	harbor2	chr4	175538389	175538615	SINE/MIR	714	-	113	175538502	87165
chr4	47831467	48031467	harbor2	chr4	47834887	47835018	SINE/MIR	427	-	66	47834953	3486
chr4	47831467	48031467	harbor2	chr4	47839133	47839371	SINE/MIR	612	-	119	47839252	7785
chr4	47831467	48031467	harbor2	chr4	47841454	47841568	SINE/MIR	461	-	57	47841511	10044
chr4	47831467	48031467	harbor2	chr4	47859338	47859489	SINE/MIR	459	-	76	47859414	27947
chr4	47831467	48031467	harbor2	chr4	47909057	47909303	SINE/MIR	680	-	123	47909180	77713
chr4	47831467	48031467	harbor2	chr4	47915962	47916186	SINE/MIR	1012	-	112	47916074	84607
chr4	47831467	48031467	harbor2	chr4	47916928	47917040	SINE/MIR	433	-	56	47916984	85517
chr4	133836634	134036634	harbor2	chr4	133856996	133857168	SINE/MIR	500	-	86	133857082	20448
chr4	147060843	147260843	harbor2	chr4	147099915	147100015	SINE/MIR	458	-	50	147099965	39122
chr4	147060843	147260843	harbor2	chr4	147116909	147117102	SINE/MIR	449	-	96	147117005	56162
chr5	169371166	169571166	harbor2	chr5	169384168	169384443	SINE/MIR	506	-	138	169384306	13140
chr5	169371166	169571166	harbor2	chr5	169390679	169390902	SINE/MIR	608	-	112	169390791	19625
chr5	169371166	169571166	harbor2	chr5	169412048	169412304	SINE/MIR	581	-	128	169412176	41010
chr5	169371166	169571166	harbor2	chr5	169439355	169439534	SINE/MIR	412	-	90	169439445	68279
chr5	169371166	169571166	harbor2	chr5	169440869	169441044	SINE/MIR	703	-	88	169440957	69791
chr5	169371166	169571166	harbor2	chr5	169465960	169466099	SINE/MIR	542	-	70	169466030	94864
chr5	169371166	169571166	harbor2	chr5	169466732	169466954	SINE/MIR	878	-	111	169466843	95677
chr5	169371166	169571166	harbor2	chr5	169468257	169468421	SINE/MIR	490	-	82	169468339	97173
chr5	169371166	169571166	harbor2	chr5	169468890	169469068	SINE/MIR	392	-	89	169468979	97813
chr5	169371166	169571166	harbor2	chr5	169469608	169469730	SINE/MIR	405	-	61	169469669	98503
chr5	124439845	124639845	harbor2	chr5	124440870	124441021	SINE/MIR	403	-	76	124440946	1101
chr5	124439845	124639845	harbor2	chr5	124464110	124464306	SINE/MIR	447	-	98	124464208	24363
chr5	124439845	124639845	harbor2	chr5	124464564	124464713	SINE/MIR	485	-	74	124464638	24793
chr5	124439845	124639845	harbor2	chr5	124480095	124480341	SINE/MIR	684	-	123	124480218	40373
chr5	177328908	177528908	harbor2	chr5	177363605	177363783	SINE/MIR	765	-	89	177363694	34786
chr5	177328908	177528908	harbor2	chr5	177365524	177365712	SINE/MIR	393	-	94	177365618	36710
chr5	177328908	177528908	harbor2	chr5	177390390	177390552	SINE/MIR	463	-	81	177390471	61563
chr5	177328908	177528908	harbor2	chr5	177390884	177391085	SINE/MIR	496	-	100	177390984	62076
chr5	177328908	177528908	harbor2	chr5	177391738	177391959	SINE/MIR	551	-	110	177391848	62940
chr5	177328908	177528908	harbor2	chr5	177408458	177408687	SINE/MIR	694	-	114	177408572	79664
chr5	165170376	165370376	harbor2	chr5	165233526	165233676	SINE/MIR	465	-	75	165233601	63225
chr5	165170376	165370376	harbor2	chr5	165234040	165234098	SINE/MIR	465	-	29	165234069	63693
chr5	165170376	165370376	harbor2	chr5	165251580	165251801	SINE/MIR	410	-	110	165251690	81314
chr5	165170376	165370376	harbor2	chr5	165252659	165252826	SINE/MIR	433	-	84	165252743	82367
chr5	168449915	168649915	harbor2	chr5	168458192	168458349	SINE/MIR	409	-	78	168458270	8355
chr5	168449915	168649915	harbor2	chr5	168505032	168505159	SINE/MIR	564	-	64	168505096	55181
chr5	168449915	168649915	harbor2	chr5	168531090	168531263	SINE/MIR	396	-	86	168531176	81261
chr5	168449915	168649915	harbor2	chr5	168532331	168532496	SINE/MIR	421	-	82	168532413	82498
chr5	168449915	168649915	harbor2	chr5	168536953	168537128	SINE/MIR	414	-	88	168537041	87126
chr5	148136332	148336332	harbor2	chr5	148203323	148203549	SINE/MIR	416	-	113	148203436	67104
chr5	181364939	181564939	harbor2	chr5	181415760	181415984	SINE/MIR	604	-	112	181415872	50933
chr5	147475542	147675542	harbor2	chr5	147475967	147476118	SINE/MIR	705	-	76	147476043	501
chr5	147475542	147675542	harbor2	chr5	147479100	147479340	SINE/MIR	469	-	120	147479220	3678
chr5	147475542	147675542	harbor2	chr5	147506714	147506851	SINE/MIR	413	-	68	147506782	31240
chr5	147475542	147675542	harbor2	chr5	147513170	147513402	SINE/MIR	466	-	116	147513286	37744
chr5	147475542	147675542	harbor2	chr5	147525353	147525381	SINE/MIR	500	-	14	147525367	49825
chr5	147475542	147675542	harbor2	chr5	147525814	147526010	SINE/MIR	500	-	98	147525912	50370
chr5	147475542	147675542	harbor2	chr5	147530690	147530841	SINE/MIR	616	-	76	147530766	55224
chr5	147475542	147675542	harbor2	chr5	147531027	147531122	SINE/MIR	616	-	48	147531075	55533
chr5	147475542	147675542	harbor2	chr5	147535923	147536155	SINE/MIR	671	-	116	147536039	60497
chr5	147475542	147675542	harbor2	chr5	147543595	147543826	SINE/MIR	642	-	116	147543711	68169
chr5	147475542	147675542	harbor2	chr5	147563669	147563855	SINE/MIR	392	-	93	147563762	88220
chr5	147475542	147675542	harbor2	chr5	147568214	147568433	SINE/MIR	542	-	110	147568324	92782
chr5	45600664	45800664	harbor2	chr5	45604190	45604382	SINE/MIR	481	-	96	45604286	3622
chr5	45600664	45800664	harbor2	chr5	45620873	45621100	SINE/MIR	392	-	114	45620987	20323
chr5	45600664	45800664	harbor2	chr5	45667844	45668052	SINE/MIR	492	-	104	45667948	67284
chr5	15948365	16148365	harbor2	chr5	15967556	15967783	SINE/MIR	498	-	114	15967670	19305
chr5	15948365	16148365	harbor2	chr5	16005002	16005240	SINE/MIR	448	-	119	16005121	56756
chr5	15948365	16148365	harbor2	chr5	16009298	16009485	SINE/MIR	399	-	94	16009392	61027
chr5	15948365	16148365	harbor2	chr5	16041083	16041312	SINE/MIR	683	-	114	16041197	92832
chr5	163108959	163308959	harbor2	chr5	163175640	163175865	SINE/MIR	685	-	112	163175752	66793
chr5	163108959	163308959	harbor2	chr5	163177364	163177567	SINE/MIR	454	-	102	163177466	68507
chr5	112464181	112664181	harbor2	chr5	112485003	112485155	SINE/MIR	556	-	76	112485079	20898
chr5	112464181	112664181	harbor2	chr5	112546294	112546444	SINE/MIR	469	-	75	112546369	82188
chr5	112464181	112664181	harbor2	chr5	112549554	112549730	SINE/MIR	569	-	88	112549642	85461
chr5	113429064	113629064	harbor2	chr5	113432561	113432692	SINE/MIR	435	-	66	113432627	3563
chr5	113429064	113629064	harbor2	chr5	113444860	113445017	SINE/MIR	464	-	78	113444938	15874
chr5	113429064	113629064	harbor2	chr5	113447515	113447576	SINE/MIR	406	-	30	113447545	18481
chr5	113429064	113629064	harbor2	chr5	113461284	113461492	SINE/MIR	495	-	104	113461388	32324
chr5	113429064	113629064	harbor2	chr5	113489329	113489485	SINE/MIR	476	-	78	113489407	60343
chr5	113429064	113629064	harbor2	chr5	113521171	113521323	SINE/MIR	584	-	76	113521247	92183
chr5	113429064	113629064	harbor2	chr5	113523983	113524209	SINE/MIR	470	-	113	113524096	95032
chr5	113429064	113629064	harbor2	chr5	113525402	113525597	SINE/MIR	673	-	98	113525500	96436
chr5	128746720	128946720	harbor2	chr5	128749976	128750179	SINE/MIR	468	-	102	128750078	3358
chr5	128746720	128946720	harbor2	chr5	128764210	128764460	SINE/MIR	1017	-	125	128764335	17615
chr5	128746720	128946720	harbor2	chr5	128822462	128822693	SINE/MIR	571	-	116	128822578	75858
chr5	128746720	128946720	harbor2	chr5	128834199	128834370	SINE/MIR	409	-	86	128834285	87565
chr5	159305169	159505169	harbor2	chr5	159310177	159310349	SINE/MIR	455	-	86	159310263	5094
chr5	159305169	159505169	harbor2	chr5	159311555	159311739	SINE/MIR	738	-	92	159311647	6478
chr5	159305169	159505169	harbor2	chr5	159326040	159326271	SINE/MIR	504	-	116	159326156	20987
chr5	159305169	159505169	harbor2	chr5	159340760	159340996	SINE/MIR	643	-	118	159340878	35709
chr5	159305169	159505169	harbor2	chr5	159344990	159345151	SINE/MIR	514	-	80	159345070	39901
chr5	159305169	159505169	harbor2	chr5	159357763	159358030	SINE/MIR	974	-	134	159357897	52728
chr5	159305169	159505169	harbor2	chr5	159398749	159398899	SINE/MIR	452	-	75	159398824	93655
chr5	168340798	168540798	harbor2	chr5	168340849	168340999	SINE/MIR	795	-	75	168340924	126
chr5	168340798	168540798	harbor2	chr5	168343270	168343498	SINE/MIR	596	-	114	168343384	2586
chr5	168340798	168540798	harbor2	chr5	168348028	168348246	SINE/MIR	392	-	109	168348137	7339
chr5	168340798	168540798	harbor2	chr5	168348894	168349110	SINE/MIR	637	-	108	168349002	8204
chr5	168340798	168540798	harbor2	chr5	168362312	168362459	SINE/MIR	766	-	74	168362386	21588
chr5	168340798	168540798	harbor2	chr5	168363764	168363896	SINE/MIR	480	-	66	168363830	23032
chr5	168340798	168540798	harbor2	chr5	168364037	168364241	SINE/MIR	487	-	102	168364139	23341
chr5	168340798	168540798	harbor2	chr5	168369193	168369361	SINE/MIR	559	-	84	168369277	28479
chr5	168340798	168540798	harbor2	chr5	168372501	168372693	SINE/MIR	559	-	96	168372597	31799
chr5	168340798	168540798	harbor2	chr5	168386981	168387191	SINE/MIR	624	-	105	168387086	46288
chr5	168340798	168540798	harbor2	chr5	168390821	168391082	SINE/MIR	647	-	130	168390951	50153
chr5	168340798	168540798	harbor2	chr5	168397977	168398091	SINE/MIR	438	-	57	168398034	57236
chr5	168340798	168540798	harbor2	chr5	168398394	168398466	SINE/MIR	438	-	36	168398430	57632
chr5	168340798	168540798	harbor2	chr5	168400482	168400633	SINE/MIR	435	-	76	168400558	59760
chr5	168340798	168540798	harbor2	chr5	168402564	168402764	SINE/MIR	495	-	100	168402664	61866
chr5	168340798	168540798	harbor2	chr5	168404981	168405179	SINE/MIR	526	-	99	168405080	64282
chr5	168340798	168540798	harbor2	chr5	168406371	168406594	SINE/MIR	546	-	112	168406483	65685
chr5	168340798	168540798	harbor2	chr5	168407759	168407868	SINE/MIR	663	-	54	168407813	67015
chr5	168340798	168540798	harbor2	chr5	168408154	168408282	SINE/MIR	663	-	64	168408218	67420
chr5	168340798	168540798	harbor2	chr5	168410033	168410261	SINE/MIR	477	-	114	168410147	69349
chr5	168340798	168540798	harbor2	chr5	168417423	168417604	SINE/MIR	484	-	90	168417513	76715
chr5	168340798	168540798	harbor2	chr5	168424991	168425202	SINE/MIR	473	-	106	168425097	84299
chr5	168340798	168540798	harbor2	chr5	168425378	168425482	SINE/MIR	673	-	52	168425430	84632
chr5	168340798	168540798	harbor2	chr5	168425799	168425944	SINE/MIR	673	-	72	168425871	85073
chr5	168340798	168540798	harbor2	chr5	168427266	168427485	SINE/MIR	742	-	110	168427376	86578
chr5	168340798	168540798	harbor2	chr5	168433505	168433547	SINE/MIR	638	-	21	168433526	92728
chr5	168340798	168540798	harbor2	chr5	168433837	168434027	SINE/MIR	638	-	95	168433932	93134
chr5	168340798	168540798	harbor2	chr5	168434470	168434667	SINE/MIR	491	-	98	168434568	93770
chr5	175697009	175897009	harbor2	chr5	175701083	175701191	SINE/MIR	445	-	54	175701137	4128
chr5	175697009	175897009	harbor2	chr5	175708434	175708601	SINE/MIR	472	-	84	175708518	11509
chr5	175697009	175897009	harbor2	chr5	175737931	175738148	SINE/MIR	483	-	108	175738039	41030
chr5	175697009	175897009	harbor2	chr5	175749357	175749450	SINE/MIR	500	-	46	175749403	52394
chr5	175697009	175897009	harbor2	chr5	175774606	175774761	SINE/MIR	451	-	78	175774684	77675
chr5	175697009	175897009	harbor2	chr5	175775716	175775846	SINE/MIR	512	-	65	175775781	78772
chr5	175697009	175897009	harbor2	chr5	175788880	175789091	SINE/MIR	554	-	106	175788986	91977
chr5	106859988	107059988	harbor2	chr5	106868471	106868646	SINE/MIR	446	-	88	106868559	8571
chr5	106859988	107059988	harbor2	chr5	106929433	106929594	SINE/MIR	602	-	80	106929513	69525
chr5	133577924	133777924	harbor2	chr5	133607368	133607614	SINE/MIR	753	-	123	133607491	29567
chr5	133577924	133777924	harbor2	chr5	133618581	133618788	SINE/MIR	448	-	104	133618685	40761
chr5	133577924	133777924	harbor2	chr5	133636874	133637005	SINE/MIR	606	-	66	133636940	59016
chr5	133577924	133777924	harbor2	chr5	133654228	133654453	SINE/MIR	557	-	112	133654340	76416
chr5	133577924	133777924	harbor2	chr5	133655791	133656024	SINE/MIR	734	-	116	133655907	77983
chr5	133577924	133777924	harbor2	chr5	133671358	133671465	SINE/MIR	414	-	54	133671412	93488
chr5	133577924	133777924	harbor2	chr5	133672055	133672079	SINE/MIR	414	-	12	133672067	94143
chr5	107786803	107986803	harbor2	chr5	107790409	107790664	SINE/MIR	690	-	128	107790537	3734
chr5	107786803	107986803	harbor2	chr5	107805769	107805920	SINE/MIR	398	-	76	107805845	19042
chr5	107786803	107986803	harbor2	chr5	107814893	107815057	SINE/MIR	641	-	82	107814975	28172
chr5	107786803	107986803	harbor2	chr5	107815715	107815868	SINE/MIR	389	-	76	107815791	28988
chr5	107786803	107986803	harbor2	chr5	107845672	107845828	SINE/MIR	451	-	78	107845750	58947
chr5	107786803	107986803	harbor2	chr5	107874370	107874613	SINE/MIR	808	-	122	107874492	87689
chr5	107786803	107986803	harbor2	chr5	107878369	107878591	SINE/MIR	909	-	111	107878480	91677
chr5	107786803	107986803	harbor2	chr5	107883118	107883328	SINE/MIR	715	-	105	107883223	96420
chr5	107786803	107986803	harbor2	chr5	107884290	107884457	SINE/MIR	439	-	84	107884374	97571
chr5	113847054	114047054	harbor2	chr5	113873734	113873988	SINE/MIR	499	-	127	113873861	26807
chr5	113847054	114047054	harbor2	chr5	113911608	113911745	SINE/MIR	480	-	68	113911676	64622
chr5	113847054	114047054	harbor2	chr5	113915609	113915839	SINE/MIR	388	-	115	113915724	68670
chr5	113847054	114047054	harbor2	chr5	113916260	113916486	SINE/MIR	544	-	113	113916373	69319
chr5	174832574	175032574	harbor2	chr5	174877060	174877216	SINE/MIR	421	-	78	174877138	44564
chr5	174832574	175032574	harbor2	chr5	174913389	174913622	SINE/MIR	650	-	116	174913505	80931
chr5	168176684	168376684	harbor2	chr5	168177292	168177488	SINE/MIR	706	-	98	168177390	706
chr5	168176684	168376684	harbor2	chr5	168182341	168182585	SINE/MIR	626	-	122	168182463	5779
chr5	168176684	168376684	harbor2	chr5	168185362	168185452	SINE/MIR	659	-	45	168185407	8723
chr5	168176684	168376684	harbor2	chr5	168185483	168185618	SINE/MIR	659	-	68	168185551	8867
chr5	168176684	168376684	harbor2	chr5	168186015	168186205	SINE/MIR	548	-	95	168186110	9426
chr5	168176684	168376684	harbor2	chr5	168197978	168198029	SINE/MIR	848	-	26	168198004	21320
chr5	168176684	168376684	harbor2	chr5	168198567	168198765	SINE/MIR	848	-	99	168198666	21982
chr5	168176684	168376684	harbor2	chr5	168221301	168221461	SINE/MIR	655	-	80	168221381	44697
chr5	168176684	168376684	harbor2	chr5	168229097	168229314	SINE/MIR	732	-	108	168229205	52521
chr5	168176684	168376684	harbor2	chr5	168259829	168260065	SINE/MIR	858	-	118	168259947	83263
chr5	145814051	146014051	harbor2	chr5	145821791	145821983	SINE/MIR	445	-	96	145821887	7836
chr5	145814051	146014051	harbor2	chr5	145823428	145823664	SINE/MIR	496	-	118	145823546	9495
chr5	145814051	146014051	harbor2	chr5	145823812	145823982	SINE/MIR	458	-	85	145823897	9846
chr5	145814051	146014051	harbor2	chr5	145829466	145829670	SINE/MIR	598	-	102	145829568	15517
chr5	145814051	146014051	harbor2	chr5	145834618	145834794	SINE/MIR	788	-	88	145834706	20655
chr5	145814051	146014051	harbor2	chr5	145846399	145846556	SINE/MIR	494	-	78	145846477	32426
chr5	145814051	146014051	harbor2	chr5	145860261	145860502	SINE/MIR	750	-	120	145860381	46330
chr5	145814051	146014051	harbor2	chr5	145867140	145867385	SINE/MIR	654	-	122	145867262	53211
chr5	145814051	146014051	harbor2	chr5	145869494	145869559	SINE/MIR	393	-	32	145869526	55475
chr5	145814051	146014051	harbor2	chr5	145869857	145870041	SINE/MIR	393	-	92	145869949	55898
chr5	145814051	146014051	harbor2	chr5	145873364	145873594	SINE/MIR	625	-	115	145873479	59428
chr5	145814051	146014051	harbor2	chr5	145902733	145902982	SINE/MIR	552	-	124	145902857	88806
chr5	145814051	146014051	harbor2	chr5	145833842	145834013	SINE/MIR	549	-	86	145833928	19877
chr5	150016885	150216885	harbor2	chr5	150017391	150017559	SINE/MIR	414	-	84	150017475	590
chr5	150016885	150216885	harbor2	chr5	150026451	150026620	SINE/MIR	393	-	84	150026535	9650
chr5	150016885	150216885	harbor2	chr5	150035915	150036154	SINE/MIR	866	-	120	150036035	19150
chr5	150016885	150216885	harbor2	chr5	150043654	150043849	SINE/MIR	404	-	98	150043752	26867
chr5	150016885	150216885	harbor2	chr5	150051046	150051154	SINE/MIR	411	-	54	150051100	34215
chr5	150016885	150216885	harbor2	chr5	150056680	150056863	SINE/MIR	487	-	92	150056772	39887
chr5	150016885	150216885	harbor2	chr5	150066232	150066439	SINE/MIR	424	-	104	150066336	49451
chr5	150016885	150216885	harbor2	chr5	150066448	150066584	SINE/MIR	393	-	68	150066516	49631
chr5	150016885	150216885	harbor2	chr5	150076398	150076528	SINE/MIR	405	-	65	150076463	59578
chr5	150016885	150216885	harbor2	chr5	150087323	150087543	SINE/MIR	711	-	110	150087433	70548
chr5	150016885	150216885	harbor2	chr5	150102979	150103176	SINE/MIR	460	-	98	150103077	86192
chr5	150016885	150216885	harbor2	chr5	150104530	150104702	SINE/MIR	735	-	86	150104616	87731
chr5	150016885	150216885	harbor2	chr5	150105829	150106073	SINE/MIR	921	-	122	150105951	89066
chr5	150016885	150216885	harbor2	chr5	150107419	150107648	SINE/MIR	707	-	114	150107533	90648
chr5	150016885	150216885	harbor2	chr5	150114761	150114896	SINE/MIR	453	-	68	150114829	97944
chr5	150016885	150216885	harbor2	chr5	150116005	150116237	SINE/MIR	489	-	116	150116121	99236
chr5	172848887	173048887	harbor2	chr5	172860299	172860533	SINE/MIR	496	-	117	172860416	11529
chr5	172848887	173048887	harbor2	chr5	172866555	172866736	SINE/MIR	585	-	90	172866645	17758
chr5	172848887	173048887	harbor2	chr5	172867815	172868037	SINE/MIR	461	-	111	172867926	19039
chr5	172848887	173048887	harbor2	chr5	172868101	172868295	SINE/MIR	560	-	97	172868198	19311
chr5	172848887	173048887	harbor2	chr5	172886612	172886864	SINE/MIR	852	-	126	172886738	37851
chr5	172848887	173048887	harbor2	chr5	172887419	172887606	SINE/MIR	539	-	94	172887513	38626
chr5	172848887	173048887	harbor2	chr5	172895228	172895396	SINE/MIR	631	-	84	172895312	46425
chr5	172848887	173048887	harbor2	chr5	172898250	172898429	SINE/MIR	460	-	90	172898340	49453
chr5	172848887	173048887	harbor2	chr5	172901904	172902110	SINE/MIR	388	-	103	172902007	53120
chr5	172848887	173048887	harbor2	chr5	172903634	172903848	SINE/MIR	721	-	107	172903741	54854
chr5	172848887	173048887	harbor2	chr5	172904398	172904541	SINE/MIR	593	-	72	172904470	55583
chr5	172848887	173048887	harbor2	chr5	172914277	172914485	SINE/MIR	483	-	104	172914381	65494
chr5	172848887	173048887	harbor2	chr5	172915605	172915745	SINE/MIR	482	-	70	172915675	66788
chr5	172848887	173048887	harbor2	chr5	172919874	172920090	SINE/MIR	439	-	108	172919982	71095
chr5	172848887	173048887	harbor2	chr5	172921102	172921259	SINE/MIR	441	-	78	172921180	72293
chr5	172848887	173048887	harbor2	chr5	172923704	172923933	SINE/MIR	598	-	114	172923818	74931
chr5	172848887	173048887	harbor2	chr5	172933317	172933529	SINE/MIR	459	-	106	172933423	84536
chr5	172848887	173048887	harbor2	chr5	172941310	172941549	SINE/MIR	761	-	120	172941430	92543
chr5	172848887	173048887	harbor2	chr5	172943627	172943739	SINE/MIR	429	-	56	172943683	94796
chr5	38951439	39151439	harbor2	chr5	38960120	38960259	SINE/MIR	434	-	70	38960190	8751
chr5	38951439	39151439	harbor2	chr5	39008382	39008497	SINE/MIR	431	-	58	39008440	57001
chr5	38951439	39151439	harbor2	chr5	39042351	39042543	SINE/MIR	546	-	96	39042447	91008
chr5	152353164	152553164	harbor2	chr5	152354919	152354975	SINE/MIR	429	-	28	152354947	1783
chr5	152353164	152553164	harbor2	chr5	152355567	152355726	SINE/MIR	429	-	80	152355647	2483
chr5	152353164	152553164	harbor2	chr5	152403161	152403319	SINE/MIR	445	-	79	152403240	50076
chr5	152353164	152553164	harbor2	chr5	152413200	152413411	SINE/MIR	632	-	106	152413306	60142
chr5	152353164	152553164	harbor2	chr5	152437572	152437804	SINE/MIR	403	-	116	152437688	84524
chr5	152353164	152553164	harbor2	chr5	152439372	152439601	SINE/MIR	792	-	114	152439486	86322
chr5	152353164	152553164	harbor2	chr5	152436643	152436821	SINE/MIR	426	-	89	152436732	83568
chr5	176964090	177164090	harbor2	chr5	176966204	176966407	SINE/MIR	548	-	102	176966306	2216
chr5	176964090	177164090	harbor2	chr5	177015135	177015301	SINE/MIR	748	-	83	177015218	51128
chr5	176964090	177164090	harbor2	chr5	177059123	177059352	SINE/MIR	611	-	114	177059237	95147
chr5	176964090	177164090	harbor2	chr5	177062731	177062885	SINE/MIR	392	-	77	177062808	98718
chr5	155158380	155358380	harbor2	chr5	155182942	155183128	SINE/MIR	619	-	93	155183035	24655
chr5	155158380	155358380	harbor2	chr5	155193481	155193710	SINE/MIR	919	-	114	155193595	35215
chr5	155158380	155358380	harbor2	chr5	155193735	155193893	SINE/MIR	396	-	79	155193814	35434
chr5	155158380	155358380	harbor2	chr5	155220157	155220316	SINE/MIR	682	-	80	155220237	61857
chr5	155158380	155358380	harbor2	chr5	155220319	155220550	SINE/MIR	638	-	116	155220435	62055
chr5	155158380	155358380	harbor2	chr5	155228315	155228536	SINE/MIR	596	-	110	155228425	70045
chr5	155158380	155358380	harbor2	chr5	155251475	155251670	SINE/MIR	568	-	98	155251573	93193
chr5	149157560	149357560	harbor2	chr5	149171339	149171569	SINE/MIR	628	-	115	149171454	13894
chr5	149157560	149357560	harbor2	chr5	149177817	149178037	SINE/MIR	632	-	110	149177927	20367
chr5	149157560	149357560	harbor2	chr5	149203781	149204013	SINE/MIR	771	-	116	149203897	46337
chr5	149157560	149357560	harbor2	chr5	149222156	149222341	SINE/MIR	588	-	92	149222248	64688
chr5	149157560	149357560	harbor2	chr5	149224707	149224916	SINE/MIR	933	-	104	149224811	67251
chr5	149157560	149357560	harbor2	chr5	149229356	149229517	SINE/MIR	397	-	80	149229436	71876
chr5	149157560	149357560	harbor2	chr5	149231047	149231288	SINE/MIR	444	-	120	149231167	73607
chr5	149157560	149357560	harbor2	chr5	149244220	149244392	SINE/MIR	546	-	86	149244306	86746
chr5	149157560	149357560	harbor2	chr5	149248979	149249211	SINE/MIR	686	-	116	149249095	91535
chr5	149157560	149357560	harbor2	chr5	149249253	149249466	SINE/MIR	724	-	106	149249359	91799
chr5	149157560	149357560	harbor2	chr5	149250706	149250952	SINE/MIR	654	-	123	149250829	93269
chr5	149157560	149357560	harbor2	chr5	149255069	149255204	SINE/MIR	396	-	68	149255137	97577
chr5	149157560	149357560	harbor2	chr5	149255837	149256016	SINE/MIR	508	-	90	149255927	98367
chr5	120300361	120500361	harbor2	chr5	120322898	120323096	SINE/MIR	696	-	99	120322997	22636
chr5	150591198	150791198	harbor2	chr5	150594678	150594850	SINE/MIR	514	-	86	150594764	3566
chr5	150591198	150791198	harbor2	chr5	150606326	150606553	SINE/MIR	542	-	114	150606440	15242
chr5	150591198	150791198	harbor2	chr5	150607541	150607698	SINE/MIR	563	-	78	150607619	16421
chr5	150591198	150791198	harbor2	chr5	150614097	150614298	SINE/MIR	545	-	100	150614197	22999
chr5	150591198	150791198	harbor2	chr5	150617062	150617264	SINE/MIR	609	-	101	150617163	25965
chr5	150591198	150791198	harbor2	chr5	150620312	150620556	SINE/MIR	682	-	122	150620434	29236
chr5	150591198	150791198	harbor2	chr5	150620732	150620835	SINE/MIR	595	-	52	150620784	29586
chr5	150591198	150791198	harbor2	chr5	150621993	150622127	SINE/MIR	550	-	67	150622060	30862
chr5	150591198	150791198	harbor2	chr5	150622128	150622324	SINE/MIR	827	-	98	150622226	31028
chr5	150591198	150791198	harbor2	chr5	150629690	150629935	SINE/MIR	750	-	122	150629812	38614
chr5	150591198	150791198	harbor2	chr5	150636946	150637121	SINE/MIR	538	-	88	150637034	45836
chr5	150591198	150791198	harbor2	chr5	150644610	150644720	SINE/MIR	458	-	55	150644665	53467
chr5	150591198	150791198	harbor2	chr5	150655967	150656195	SINE/MIR	790	-	114	150656081	64883
chr5	150591198	150791198	harbor2	chr5	150664544	150664763	SINE/MIR	633	-	110	150664654	73456
chr5	150591198	150791198	harbor2	chr5	150671229	150671469	SINE/MIR	480	-	120	150671349	80151
chr5	150591198	150791198	harbor2	chr5	150672743	150672922	SINE/MIR	404	-	90	150672833	81635
chr5	150591198	150791198	harbor2	chr5	150678346	150678464	SINE/MIR	495	-	59	150678405	87207
chr5	173411990	173611990	harbor2	chr5	173417795	173417983	SINE/MIR	812	-	94	173417889	5899
chr5	173411990	173611990	harbor2	chr5	173430625	173430812	SINE/MIR	555	-	94	173430719	18729
chr5	173411990	173611990	harbor2	chr5	173437447	173437665	SINE/MIR	550	-	109	173437556	25566
chr5	173411990	173611990	harbor2	chr5	173450006	173450255	SINE/MIR	554	-	124	173450130	38140
chr5	173411990	173611990	harbor2	chr5	173451601	173451831	SINE/MIR	912	-	115	173451716	39726
chr5	173411990	173611990	harbor2	chr5	173457577	173457817	SINE/MIR	449	-	120	173457697	45707
chr5	173411990	173611990	harbor2	chr5	173462535	173462713	SINE/MIR	532	-	89	173462624	50634
chr5	173411990	173611990	harbor2	chr5	173484139	173484355	SINE/MIR	655	-	108	173484247	72257
chr5	173411990	173611990	harbor2	chr5	173489814	173489986	SINE/MIR	512	-	86	173489900	77910
chr5	89493842	89693842	harbor2	chr5	89508938	89509105	SINE/MIR	576	-	84	89509022	15180
chr5	89493842	89693842	harbor2	chr5	89538165	89538401	SINE/MIR	821	-	118	89538283	44441
chr5	89493842	89693842	harbor2	chr5	89552548	89552754	SINE/MIR	391	-	103	89552651	58809
chr5	89493842	89693842	harbor2	chr5	89559083	89559303	SINE/MIR	449	-	110	89559193	65351
chr5	89493842	89693842	harbor2	chr5	89560154	89560360	SINE/MIR	410	-	103	89560257	66415
chr5	89493842	89693842	harbor2	chr5	89589000	89589197	SINE/MIR	475	-	98	89589098	95256
chr5	108949068	109149068	harbor2	chr5	108981618	108981855	SINE/MIR	838	-	118	108981736	32668
chr5	108949068	109149068	harbor2	chr5	109023921	109024156	SINE/MIR	846	-	118	109024039	74971
chr5	178863597	179063597	harbor2	chr5	178923984	178924096	SINE/MIR	438	-	56	178924040	60443
chr5	178863597	179063597	harbor2	chr5	178924393	178924465	SINE/MIR	438	-	36	178924429	60832
chr5	168886675	169086675	harbor2	chr5	168921948	168922132	SINE/MIR	458	-	92	168922040	35365
chr5	168886675	169086675	harbor2	chr5	168929020	168929185	SINE/MIR	503	-	82	168929102	42427
chr5	168886675	169086675	harbor2	chr5	168929306	168929523	SINE/MIR	637	-	108	168929414	42739
chr5	168886675	169086675	harbor2	chr5	168934756	168934847	SINE/MIR	458	-	46	168934802	48127
chr5	168886675	169086675	harbor2	chr5	168935162	168935292	SINE/MIR	458	-	65	168935227	48552
chr5	168886675	169086675	harbor2	chr5	168939821	168940034	SINE/MIR	532	-	106	168939927	53252
chr5	168886675	169086675	harbor2	chr5	168958384	168958616	SINE/MIR	586	-	116	168958500	71825
chr5	168886675	169086675	harbor2	chr5	168959831	168960052	SINE/MIR	773	-	110	168959941	73266
chr5	168886675	169086675	harbor2	chr5	168960354	168960583	SINE/MIR	840	-	114	168960468	73793
chr5	168886675	169086675	harbor2	chr5	168976075	168976219	SINE/MIR	599	-	72	168976147	89472
chr5	168886675	169086675	harbor2	chr5	168980374	168980569	SINE/MIR	658	-	98	168980472	93797
chr5	167496504	167696504	harbor2	chr5	167509667	167509898	SINE/MIR	609	-	116	167509783	13279
chr5	167496504	167696504	harbor2	chr5	167546009	167546199	SINE/MIR	628	-	95	167546104	49600
chr5	167496504	167696504	harbor2	chr5	167547615	167547712	SINE/MIR	402	-	48	167547663	51159
chr5	167496504	167696504	harbor2	chr5	167554566	167554766	SINE/MIR	792	-	100	167554666	58162
chr5	167496504	167696504	harbor2	chr5	167571155	167571389	SINE/MIR	518	-	117	167571272	74768
chr5	167496504	167696504	harbor2	chr5	167596161	167596377	SINE/MIR	395	-	108	167596269	99765
chr5	98852768	99052768	harbor2	chr5	98925174	98925261	SINE/MIR	526	-	44	98925218	72450
chr5	98852768	99052768	harbor2	chr5	98925397	98925558	SINE/MIR	526	-	80	98925477	72709
chr5	174393716	174593716	harbor2	chr5	174412842	174412961	SINE/MIR	517	-	60	174412902	19186
chr5	174393716	174593716	harbor2	chr5	174420250	174420377	SINE/MIR	465	-	64	174420314	26598
chr5	174393716	174593716	harbor2	chr5	174420688	174420786	SINE/MIR	465	-	49	174420737	27021
chr5	174393716	174593716	harbor2	chr5	174426552	174426809	SINE/MIR	856	-	128	174426680	32964
chr5	174393716	174593716	harbor2	chr5	174433242	174433398	SINE/MIR	745	-	78	174433320	39604
chr5	174393716	174593716	harbor2	chr5	174460763	174460931	SINE/MIR	418	-	84	174460847	67131
chr5	174393716	174593716	harbor2	chr5	174483204	174483401	SINE/MIR	460	-	98	174483302	89586
chr5	174393716	174593716	harbor2	chr5	174491971	174492072	SINE/MIR	388	-	50	174492021	98305
chr5	179990546	180190546	harbor2	chr5	180003908	180004091	SINE/MIR	767	-	92	180004000	13454
chr5	110221772	110421772	harbor2	chr5	110243946	110244061	SINE/MIR	518	-	58	110244004	22232
chr5	110221772	110421772	harbor2	chr5	110247070	110247294	SINE/MIR	764	-	112	110247182	25410
chr5	110221772	110421772	harbor2	chr5	110265204	110265427	SINE/MIR	587	-	112	110265316	43544
chr5	179473522	179673522	harbor2	chr5	179563291	179563538	SINE/MIR	707	-	124	179563415	89893
chr5	72268943	72468943	harbor2	chr5	72281215	72281418	SINE/MIR	448	-	102	72281317	12374
chr5	72268943	72468943	harbor2	chr5	72321270	72321472	SINE/MIR	570	-	101	72321371	52428
chr5	72268943	72468943	harbor2	chr5	72325373	72325566	SINE/MIR	443	-	96	72325469	56526
chr5	72268943	72468943	harbor2	chr5	72329641	72329879	SINE/MIR	749	-	119	72329760	60817
chr5	72268943	72468943	harbor2	chr5	72331847	72331989	SINE/MIR	490	-	71	72331918	62975
chr5	72268943	72468943	harbor2	chr5	72347043	72347207	SINE/MIR	416	-	82	72347125	78182
chr5	72268943	72468943	harbor2	chr5	72351938	72352118	SINE/MIR	527	-	90	72352028	83085
chr5	72268943	72468943	harbor2	chr5	72366221	72366444	SINE/MIR	709	-	112	72366333	97390
chr5	148949930	149149930	harbor2	chr5	148950636	148950778	SINE/MIR	399	-	71	148950707	777
chr5	148949930	149149930	harbor2	chr5	148953614	148953823	SINE/MIR	537	-	104	148953718	3788
chr5	148949930	149149930	harbor2	chr5	148960832	148961057	SINE/MIR	407	-	112	148960944	11014
chr5	148949930	149149930	harbor2	chr5	148962579	148962828	SINE/MIR	614	-	124	148962703	12773
chr5	148949930	149149930	harbor2	chr5	148974757	148974975	SINE/MIR	537	-	109	148974866	24936
chr5	148949930	149149930	harbor2	chr5	148977472	148977648	SINE/MIR	477	-	88	148977560	27630
chr5	148949930	149149930	harbor2	chr5	148989206	148989418	SINE/MIR	669	-	106	148989312	39382
chr5	148949930	149149930	harbor2	chr5	148990786	148990967	SINE/MIR	618	-	90	148990876	40946
chr5	148949930	149149930	harbor2	chr5	148992145	148992297	SINE/MIR	597	-	76	148992221	42291
chr5	148949930	149149930	harbor2	chr5	148993891	148994070	SINE/MIR	668	-	90	148993981	44051
chr5	148949930	149149930	harbor2	chr5	149008551	149008793	SINE/MIR	632	-	121	149008672	58742
chr5	148949930	149149930	harbor2	chr5	149011911	149012154	SINE/MIR	417	-	122	149012033	62103
chr5	148949930	149149930	harbor2	chr5	149016079	149016302	SINE/MIR	468	-	112	149016191	66261
chr5	148949930	149149930	harbor2	chr5	149026242	149026455	SINE/MIR	846	-	106	149026348	76418
chr5	148949930	149149930	harbor2	chr5	149032982	149033191	SINE/MIR	390	-	104	149033086	83156
chr5	148949930	149149930	harbor2	chr5	149036030	149036189	SINE/MIR	634	-	80	149036110	86180
chr5	148949930	149149930	harbor2	chr5	149039573	149039817	SINE/MIR	482	-	122	149039695	89765
chr5	148949930	149149930	harbor2	chr5	149046543	149046662	SINE/MIR	418	-	60	149046603	96673
chr5	156505983	156705983	harbor2	chr5	156536138	156536352	SINE/MIR	423	-	107	156536245	30262
chr5	156505983	156705983	harbor2	chr5	156541665	156541917	SINE/MIR	486	-	126	156541791	35808
chr5	156505983	156705983	harbor2	chr5	156542548	156542760	SINE/MIR	522	-	106	156542654	36671
chr5	156505983	156705983	harbor2	chr5	156563328	156563474	SINE/MIR	406	-	73	156563401	57418
chr5	156505983	156705983	harbor2	chr5	156567895	156568107	SINE/MIR	543	-	106	156568001	62018
chr5	156505983	156705983	harbor2	chr5	156574029	156574239	SINE/MIR	418	-	105	156574134	68151
chr5	156505983	156705983	harbor2	chr5	156593012	156593237	SINE/MIR	505	-	112	156593124	87141
chr5	160690315	160890315	harbor2	chr5	160716281	160716523	SINE/MIR	905	-	121	160716402	26087
chr5	160690315	160890315	harbor2	chr5	160717563	160717810	SINE/MIR	561	-	124	160717687	27372
chr5	160690315	160890315	harbor2	chr5	160719705	160719898	SINE/MIR	495	-	96	160719801	29486
chr5	160690315	160890315	harbor2	chr5	160723419	160723573	SINE/MIR	531	-	77	160723496	33181
chr5	160690315	160890315	harbor2	chr5	160726724	160726744	SINE/MIR	498	-	10	160726734	36419
chr5	160690315	160890315	harbor2	chr5	160727182	160727394	SINE/MIR	498	-	106	160727288	36973
chr5	160690315	160890315	harbor2	chr5	160743030	160743272	SINE/MIR	739	-	121	160743151	52836
chr5	160690315	160890315	harbor2	chr5	160746726	160746923	SINE/MIR	432	-	98	160746824	56509
chr5	160690315	160890315	harbor2	chr5	160747271	160747294	SINE/MIR	399	-	12	160747283	56968
chr5	160690315	160890315	harbor2	chr5	160748874	160749106	SINE/MIR	537	-	116	160748990	58675
chr5	160690315	160890315	harbor2	chr5	160753705	160753928	SINE/MIR	629	-	112	160753817	63502
chr5	160690315	160890315	harbor2	chr5	160767313	160767526	SINE/MIR	598	-	106	160767419	77104
chr5	160690315	160890315	harbor2	chr5	160768188	160768417	SINE/MIR	437	-	114	160768302	77987
chr5	160690315	160890315	harbor2	chr5	160776402	160776648	SINE/MIR	573	-	123	160776525	86210
chr5	160690315	160890315	harbor2	chr5	160789616	160789815	SINE/MIR	417	-	100	160789716	99401
chr5	158192152	158392152	harbor2	chr5	158203486	158203643	SINE/MIR	485	-	78	158203564	11412
chr5	158192152	158392152	harbor2	chr5	158206043	158206198	SINE/MIR	491	-	78	158206121	13969
chr5	158192152	158392152	harbor2	chr5	158216971	158217171	SINE/MIR	657	-	100	158217071	24919
chr5	158192152	158392152	harbor2	chr5	158219026	158219261	SINE/MIR	562	-	118	158219144	26992
chr5	158192152	158392152	harbor2	chr5	158221438	158221640	SINE/MIR	648	-	101	158221539	29387
chr5	158192152	158392152	harbor2	chr5	158227069	158227166	SINE/MIR	413	-	48	158227117	34965
chr5	158192152	158392152	harbor2	chr5	158227376	158227493	SINE/MIR	413	-	58	158227434	35282
chr5	158192152	158392152	harbor2	chr5	158233671	158233803	SINE/MIR	429	-	66	158233737	41585
chr5	158192152	158392152	harbor2	chr5	158240041	158240279	SINE/MIR	727	-	119	158240160	48008
chr5	158192152	158392152	harbor2	chr5	158254886	158255086	SINE/MIR	692	-	100	158254986	62834
chr5	158192152	158392152	harbor2	chr5	158257319	158257567	SINE/MIR	432	-	124	158257443	65291
chr5	158192152	158392152	harbor2	chr5	158282126	158282338	SINE/MIR	575	-	106	158282232	90080
chr5	158192152	158392152	harbor2	chr5	158285062	158285198	SINE/MIR	515	-	68	158285130	92978
chr5	157990183	158190183	harbor2	chr5	157997381	157997574	SINE/MIR	652	-	96	157997477	7294
chr5	157990183	158190183	harbor2	chr5	158014557	158014728	SINE/MIR	444	-	86	158014643	24460
chr5	157990183	158190183	harbor2	chr5	158027548	158027744	SINE/MIR	432	-	98	158027646	37463
chr5	157990183	158190183	harbor2	chr5	158060880	158061113	SINE/MIR	551	-	116	158060996	70813
chr5	157990183	158190183	harbor2	chr5	158068718	158068947	SINE/MIR	777	-	114	158068832	78649
chr5	157990183	158190183	harbor2	chr5	158073357	158073573	SINE/MIR	618	-	108	158073465	83282
chr5	51430356	51630356	harbor2	chr5	51442084	51442331	SINE/MIR	551	-	124	51442208	11852
chr5	51430356	51630356	harbor2	chr5	51470340	51470469	SINE/MIR	428	-	64	51470404	40048
chr5	51430356	51630356	harbor2	chr5	51480870	51481061	SINE/MIR	801	-	96	51480966	50610
chr5	51430356	51630356	harbor2	chr5	51481048	51481216	SINE/MIR	574	-	84	51481132	50776
chr5	117953165	118153165	harbor2	chr5	117969825	117970009	SINE/MIR	482	-	92	117969917	16752
chr5	117953165	118153165	harbor2	chr5	117971219	117971474	SINE/MIR	626	-	128	117971347	18182
chr5	117953165	118153165	harbor2	chr5	118048802	118048984	SINE/MIR	515	-	91	118048893	95728
chr5	158283094	158483094	harbor2	chr5	158285062	158285198	SINE/MIR	515	-	68	158285130	2036
chr5	158283094	158483094	harbor2	chr5	158292162	158292244	SINE/MIR	431	-	41	158292203	9109
chr5	158283094	158483094	harbor2	chr5	158305798	158305918	SINE/MIR	526	-	60	158305858	22764
chr5	158283094	158483094	harbor2	chr5	158306120	158306233	SINE/MIR	526	-	56	158306176	23082
chr5	158283094	158483094	harbor2	chr5	158317347	158317485	SINE/MIR	470	-	69	158317416	34322
chr5	158283094	158483094	harbor2	chr5	158322141	158322379	SINE/MIR	626	-	119	158322260	39166
chr5	158283094	158483094	harbor2	chr5	158323913	158324108	SINE/MIR	618	-	98	158324011	40917
chr5	158283094	158483094	harbor2	chr5	158325448	158325651	SINE/MIR	776	-	102	158325550	42456
chr5	158283094	158483094	harbor2	chr5	158364185	158364360	SINE/MIR	556	-	88	158364273	81179
chr5	158283094	158483094	harbor2	chr5	158369860	158370050	SINE/MIR	754	-	95	158369955	86861
chr5	168201309	168401309	harbor2	chr5	168221301	168221461	SINE/MIR	655	-	80	168221381	20072
chr5	168201309	168401309	harbor2	chr5	168229097	168229314	SINE/MIR	732	-	108	168229205	27896
chr5	168201309	168401309	harbor2	chr5	168259829	168260065	SINE/MIR	858	-	118	168259947	58638
chr5	168201309	168401309	harbor2	chr5	168285978	168286251	SINE/MIR	614	-	136	168286114	84805
chr5	168201309	168401309	harbor2	chr5	168289078	168289280	SINE/MIR	389	-	101	168289179	87870
chr5	168201309	168401309	harbor2	chr5	168296607	168296827	SINE/MIR	491	-	110	168296717	95408
chr5	168201309	168401309	harbor2	chr5	168297272	168297345	SINE/MIR	410	-	36	168297308	95999
chr5	168201309	168401309	harbor2	chr5	168297652	168297729	SINE/MIR	410	-	38	168297690	96381
chr5	168201309	168401309	harbor2	chr5	168298649	168298801	SINE/MIR	572	-	76	168298725	97416
chr5	168201309	168401309	harbor2	chr5	168299095	168299180	SINE/MIR	572	-	42	168299137	97828
chr5	125572120	125772120	harbor2	chr5	125619519	125619684	SINE/MIR	561	-	82	125619601	47481
chr5	125569177	125769177	harbor2	chr5	125619519	125619684	SINE/MIR	561	-	82	125619601	50424
chr5	154900897	155100897	harbor2	chr5	154928184	154928347	SINE/MIR	407	-	82	154928266	27369
chr5	154900897	155100897	harbor2	chr5	154941627	154941779	SINE/MIR	487	-	76	154941703	40806
chr5	154900897	155100897	harbor2	chr5	154947083	154947308	SINE/MIR	733	-	112	154947195	46298
chr5	154900897	155100897	harbor2	chr5	154955716	154955943	SINE/MIR	787	-	114	154955830	54933
chr5	154900897	155100897	harbor2	chr5	154967992	154968186	SINE/MIR	475	-	97	154968089	67192
chr5	154900897	155100897	harbor2	chr5	154976596	154976794	SINE/MIR	705	-	99	154976695	75798
chr5	154900897	155100897	harbor2	chr5	154986638	154986856	SINE/MIR	1099	-	109	154986747	85850
chr5	161153651	161353651	harbor2	chr5	161153700	161153926	SINE/MIR	689	-	113	161153813	162
chr5	161153651	161353651	harbor2	chr5	161169445	161169676	SINE/MIR	603	-	116	161169561	15910
chr5	161153651	161353651	harbor2	chr5	161231000	161231192	SINE/MIR	509	-	96	161231096	77445
chr5	84681162	84881162	harbor2	chr5	84752977	84753150	SINE/MIR	418	-	86	84753063	71901
chr5	84681162	84881162	harbor2	chr5	84775232	84775469	SINE/MIR	532	-	118	84775350	94188
chr5	126266477	126466477	harbor2	chr5	126279001	126279212	SINE/MIR	561	-	106	126279107	12630
chr5	126266477	126466477	harbor2	chr5	126314642	126314885	SINE/MIR	571	-	122	126314764	48287
chr5	126266477	126466477	harbor2	chr5	126364077	126364271	SINE/MIR	591	-	97	126364174	97697
chr5	169590646	169790646	harbor2	chr5	169591672	169591843	SINE/MIR	413	-	86	169591758	1112
chr5	169590646	169790646	harbor2	chr5	169600807	169600955	SINE/MIR	510	-	74	169600881	10235
chr5	169590646	169790646	harbor2	chr5	169636812	169636956	SINE/MIR	531	-	72	169636884	46238
chr5	169590646	169790646	harbor2	chr5	169651985	169652148	SINE/MIR	548	-	82	169652067	61421
chr5	169590646	169790646	harbor2	chr5	169652338	169652432	SINE/MIR	548	-	47	169652385	61739
chr5	169590646	169790646	harbor2	chr5	169652536	169652660	SINE/MIR	550	-	62	169652598	61952
chr5	169590646	169790646	harbor2	chr5	169661163	169661306	SINE/MIR	397	-	72	169661235	70589
chr5	169590646	169790646	harbor2	chr5	169674988	169675225	SINE/MIR	890	-	118	169675106	84460
chr5	169590646	169790646	harbor2	chr5	169676931	169677070	SINE/MIR	568	-	70	169677001	86355
chr5	169590646	169790646	harbor2	chr5	169685792	169685909	SINE/MIR	465	-	58	169685850	95204
chr5	40398259	40598259	harbor2	chr5	40416623	40416744	SINE/MIR	388	-	60	40416683	18424
chr5	40398259	40598259	harbor2	chr5	40478820	40479060	SINE/MIR	846	-	120	40478940	80681
chr5	40398259	40598259	harbor2	chr5	40481061	40481262	SINE/MIR	586	-	100	40481161	82902
chr5	40398259	40598259	harbor2	chr5	40488671	40488865	SINE/MIR	433	-	97	40488768	90509
chr5	175828877	176028877	harbor2	chr5	175829174	175829357	SINE/MIR	442	-	92	175829266	389
chr5	175828877	176028877	harbor2	chr5	175830259	175830421	SINE/MIR	507	-	81	175830340	1463
chr5	175828877	176028877	harbor2	chr5	175831289	175831416	SINE/MIR	416	-	64	175831353	2476
chr5	175828877	176028877	harbor2	chr5	175836755	175836904	SINE/MIR	387	-	74	175836829	7952
chr5	175828877	176028877	harbor2	chr5	175852494	175852643	SINE/MIR	483	-	74	175852568	23691
chr5	175828877	176028877	harbor2	chr5	175854017	175854134	SINE/MIR	393	-	58	175854075	25198
chr5	175828877	176028877	harbor2	chr5	175856264	175856498	SINE/MIR	628	-	117	175856381	27504
chr5	175828877	176028877	harbor2	chr5	175857952	175858148	SINE/MIR	575	-	98	175858050	29173
chr5	175828877	176028877	harbor2	chr5	175873715	175873887	SINE/MIR	702	-	86	175873801	44924
chr5	175828877	176028877	harbor2	chr5	175875438	175875650	SINE/MIR	389	-	106	175875544	46667
chr5	175828877	176028877	harbor2	chr5	175878228	175878386	SINE/MIR	481	-	79	175878307	49430
chr5	175828877	176028877	harbor2	chr5	175892244	175892415	SINE/MIR	581	-	86	175892330	63453
chr5	175828877	176028877	harbor2	chr5	175896880	175897017	SINE/MIR	389	-	68	175896948	68071
chr5	175828877	176028877	harbor2	chr5	175912483	175912648	SINE/MIR	454	-	82	175912565	83688
chr5	79943567	80143567	harbor2	chr5	79984130	79984351	SINE/MIR	827	-	110	79984240	40673
chr5	79943567	80143567	harbor2	chr5	79994107	79994358	SINE/MIR	531	-	126	79994233	50666
chr5	79943567	80143567	harbor2	chr5	80024446	80024606	SINE/MIR	488	-	80	80024526	80959
chr5	175656669	175856669	harbor2	chr5	175659446	175659695	SINE/MIR	507	-	124	175659570	2901
chr5	175656669	175856669	harbor2	chr5	175672083	175672248	SINE/MIR	452	-	82	175672165	15496
chr5	175656669	175856669	harbor2	chr5	175678314	175678553	SINE/MIR	659	-	120	175678434	21765
chr5	175656669	175856669	harbor2	chr5	175686736	175686848	SINE/MIR	449	-	56	175686792	30123
chr5	175656669	175856669	harbor2	chr5	175701083	175701191	SINE/MIR	445	-	54	175701137	44468
chr5	175656669	175856669	harbor2	chr5	175708434	175708601	SINE/MIR	472	-	84	175708518	51849
chr5	175656669	175856669	harbor2	chr5	175737931	175738148	SINE/MIR	483	-	108	175738039	81370
chr5	175656669	175856669	harbor2	chr5	175749357	175749450	SINE/MIR	500	-	46	175749403	92734
chr5	157072669	157272669	harbor2	chr5	157100158	157100313	SINE/MIR	456	-	78	157100236	27567
chr5	157072669	157272669	harbor2	chr5	157101447	157101658	SINE/MIR	767	-	106	157101553	28884
chr5	157072669	157272669	harbor2	chr5	157103629	157103869	SINE/MIR	732	-	120	157103749	31080
chr5	157072669	157272669	harbor2	chr5	157105525	157105707	SINE/MIR	478	-	91	157105616	32947
chr5	157072669	157272669	harbor2	chr5	157141888	157142039	SINE/MIR	388	-	76	157141964	69295
chr5	101732708	101932708	harbor2	chr5	101811977	101812218	SINE/MIR	408	-	120	101812097	79389
chr5	144458011	144658011	harbor2	chr5	144458115	144458365	SINE/MIR	446	-	125	144458240	229
chr5	144458011	144658011	harbor2	chr5	144469539	144469719	SINE/MIR	530	-	90	144469629	11618
chr5	144458011	144658011	harbor2	chr5	144481863	144482106	SINE/MIR	744	-	122	144481985	23974
chr5	144458011	144658011	harbor2	chr5	144510729	144510966	SINE/MIR	504	-	118	144510847	52836
chr5	144458011	144658011	harbor2	chr5	144518540	144518756	SINE/MIR	670	-	108	144518648	60637
chr5	144458011	144658011	harbor2	chr5	144532610	144532812	SINE/MIR	440	-	101	144532711	74700
chr5	144458011	144658011	harbor2	chr5	144541073	144541247	SINE/MIR	468	-	87	144541160	83149
chr5	144458011	144658011	harbor2	chr5	144547710	144547955	SINE/MIR	507	-	122	144547832	89821
chr5	144458011	144658011	harbor2	chr5	144548315	144548416	SINE/MIR	710	-	50	144548365	90354
chr5	144458011	144658011	harbor2	chr5	144548767	144548880	SINE/MIR	710	-	56	144548823	90812
chr5	109234010	109434010	harbor2	chr5	109251684	109251875	SINE/MIR	459	-	96	109251780	17770
chr5	109234010	109434010	harbor2	chr5	109276065	109276221	SINE/MIR	465	-	78	109276143	42133
chr5	109234010	109434010	harbor2	chr5	109310492	109310698	SINE/MIR	434	-	103	109310595	76585
chr5	109234010	109434010	harbor2	chr5	109326503	109326685	SINE/MIR	643	-	91	109326594	92584
chr5	174693798	174893798	harbor2	chr5	174708882	174709095	SINE/MIR	621	-	106	174708988	15190
chr5	174693798	174893798	harbor2	chr5	174714933	174715116	SINE/MIR	513	-	92	174715025	21227
chr5	174693798	174893798	harbor2	chr5	174716143	174716328	SINE/MIR	456	-	92	174716235	22437
chr5	174693798	174893798	harbor2	chr5	174732909	174733039	SINE/MIR	389	-	65	174732974	39176
chr5	174693798	174893798	harbor2	chr5	174736798	174736984	SINE/MIR	501	-	93	174736891	43093
chr5	174693798	174893798	harbor2	chr5	174738284	174738479	SINE/MIR	493	-	98	174738382	44584
chr5	174693798	174893798	harbor2	chr5	174746397	174746566	SINE/MIR	431	-	84	174746481	52683
chr5	174693798	174893798	harbor2	chr5	174749490	174749704	SINE/MIR	794	-	107	174749597	55799
chr5	174693798	174893798	harbor2	chr5	174750051	174750206	SINE/MIR	492	-	78	174750129	56331
chr5	174693798	174893798	harbor2	chr5	174762550	174762757	SINE/MIR	393	-	104	174762654	68856
chr5	174693798	174893798	harbor2	chr5	174774514	174774654	SINE/MIR	426	-	70	174774584	80786
chr5	148285819	148485819	harbor2	chr5	148310528	148310713	SINE/MIR	389	-	92	148310620	24801
chr5	148285819	148485819	harbor2	chr5	148337626	148337793	SINE/MIR	465	-	84	148337710	51891
chr5	148285819	148485819	harbor2	chr5	148350632	148350833	SINE/MIR	675	-	100	148350732	64913
chr5	148285819	148485819	harbor2	chr5	148370327	148370556	SINE/MIR	566	-	114	148370441	84622
chr5	148285819	148485819	harbor2	chr5	148291567	148291763	SINE/MIR	413	-	98	148291665	5846
chr5	88247775	88447775	harbor2	chr5	88284279	88284494	SINE/MIR	781	-	108	88284387	36612
chr5	133011623	133211623	harbor2	chr5	133030290	133030367	SINE/MIR	393	-	38	133030328	18705
chr5	139755432	139955432	harbor2	chr5	139756954	139757089	SINE/MIR	549	-	68	139757022	1590
chr5	139755432	139955432	harbor2	chr5	139761124	139761352	SINE/MIR	622	-	114	139761238	5806
chr5	139755432	139955432	harbor2	chr5	139780849	139781025	SINE/MIR	732	-	88	139780937	25505
chr5	139755432	139955432	harbor2	chr5	139803445	139803661	SINE/MIR	497	-	108	139803553	48121
chr5	139755432	139955432	harbor2	chr5	139817819	139818009	SINE/MIR	509	-	95	139817914	62482
chr5	139755432	139955432	harbor2	chr5	139845752	139845964	SINE/MIR	398	-	106	139845858	90426
chr5	139755432	139955432	harbor2	chr5	139850156	139850372	SINE/MIR	475	-	108	139850264	94832
chr5	55479545	55679545	harbor2	chr5	55492686	55492889	SINE/MIR	534	-	102	55492788	13243
chr5	55479545	55679545	harbor2	chr5	55508514	55508612	SINE/MIR	393	-	49	55508563	29018
chr5	55479545	55679545	harbor2	chr5	55514948	55515155	SINE/MIR	439	-	104	55515052	35507
chr5	55479545	55679545	harbor2	chr5	55520469	55520685	SINE/MIR	603	-	108	55520577	41032
chr5	55479545	55679545	harbor2	chr5	55525260	55525429	SINE/MIR	408	-	84	55525344	45799
chr5	180850364	181050364	harbor2	chr5	180869397	180869504	SINE/MIR	429	-	54	180869451	19087
chr5	180850364	181050364	harbor2	chr5	180869546	180869620	SINE/MIR	429	-	37	180869583	19219
chr5	175794759	175994759	harbor2	chr5	175797987	175798086	SINE/MIR	427	-	50	175798037	3278
chr5	175794759	175994759	harbor2	chr5	175809232	175809452	SINE/MIR	686	-	110	175809342	14583
chr5	175794759	175994759	harbor2	chr5	175810213	175810360	SINE/MIR	653	-	74	175810287	15528
chr5	175794759	175994759	harbor2	chr5	175824647	175824879	SINE/MIR	435	-	116	175824763	30004
chr5	175794759	175994759	harbor2	chr5	175829174	175829357	SINE/MIR	442	-	92	175829266	34507
chr5	175794759	175994759	harbor2	chr5	175830259	175830421	SINE/MIR	507	-	81	175830340	35581
chr5	175794759	175994759	harbor2	chr5	175831289	175831416	SINE/MIR	416	-	64	175831353	36594
chr5	175794759	175994759	harbor2	chr5	175836755	175836904	SINE/MIR	387	-	74	175836829	42070
chr5	175794759	175994759	harbor2	chr5	175852494	175852643	SINE/MIR	483	-	74	175852568	57809
chr5	175794759	175994759	harbor2	chr5	175854017	175854134	SINE/MIR	393	-	58	175854075	59316
chr5	175794759	175994759	harbor2	chr5	175856264	175856498	SINE/MIR	628	-	117	175856381	61622
chr5	175794759	175994759	harbor2	chr5	175857952	175858148	SINE/MIR	575	-	98	175858050	63291
chr5	175794759	175994759	harbor2	chr5	175873715	175873887	SINE/MIR	702	-	86	175873801	79042
chr5	175794759	175994759	harbor2	chr5	175875438	175875650	SINE/MIR	389	-	106	175875544	80785
chr5	175794759	175994759	harbor2	chr5	175878228	175878386	SINE/MIR	481	-	79	175878307	83548
chr5	175794759	175994759	harbor2	chr5	175892244	175892415	SINE/MIR	581	-	86	175892330	97571
chr5	168068816	168268816	harbor2	chr5	168069524	168069673	SINE/MIR	426	-	74	168069598	782
chr5	168068816	168268816	harbor2	chr5	168088594	168088789	SINE/MIR	538	-	98	168088692	19876
chr5	168068816	168268816	harbor2	chr5	168089823	168089955	SINE/MIR	438	-	66	168089889	21073
chr5	168068816	168268816	harbor2	chr5	168092878	168093105	SINE/MIR	496	-	114	168092992	24176
chr5	168068816	168268816	harbor2	chr5	168106376	168106582	SINE/MIR	736	-	103	168106479	37663
chr5	168068816	168268816	harbor2	chr5	168109327	168109480	SINE/MIR	425	-	76	168109403	40587
chr5	168068816	168268816	harbor2	chr5	168110314	168110569	SINE/MIR	477	-	128	168110442	41626
chr5	168068816	168268816	harbor2	chr5	168114140	168114340	SINE/MIR	477	-	100	168114240	45424
chr5	168068816	168268816	harbor2	chr5	168146604	168146863	SINE/MIR	421	-	130	168146734	77918
chr5	168068816	168268816	harbor2	chr5	168151462	168151698	SINE/MIR	480	-	118	168151580	82764
chr5	175733812	175933812	harbor2	chr5	175737931	175738148	SINE/MIR	483	-	108	175738039	4227
chr5	175733812	175933812	harbor2	chr5	175749357	175749450	SINE/MIR	500	-	46	175749403	15591
chr5	175733812	175933812	harbor2	chr5	175774606	175774761	SINE/MIR	451	-	78	175774684	40872
chr5	175733812	175933812	harbor2	chr5	175775716	175775846	SINE/MIR	512	-	65	175775781	41969
chr5	175733812	175933812	harbor2	chr5	175788880	175789091	SINE/MIR	554	-	106	175788986	55174
chr5	175733812	175933812	harbor2	chr5	175797987	175798086	SINE/MIR	427	-	50	175798037	64225
chr5	175733812	175933812	harbor2	chr5	175809232	175809452	SINE/MIR	686	-	110	175809342	75530
chr5	175733812	175933812	harbor2	chr5	175810213	175810360	SINE/MIR	653	-	74	175810287	76475
chr5	175733812	175933812	harbor2	chr5	175824647	175824879	SINE/MIR	435	-	116	175824763	90951
chr5	175733812	175933812	harbor2	chr5	175829174	175829357	SINE/MIR	442	-	92	175829266	95454
chr5	175733812	175933812	harbor2	chr5	175830259	175830421	SINE/MIR	507	-	81	175830340	96528
chr5	175733812	175933812	harbor2	chr5	175831289	175831416	SINE/MIR	416	-	64	175831353	97541
chr5	155515478	155715478	harbor2	chr5	155516287	155516534	SINE/MIR	752	-	124	155516411	933
chr5	155515478	155715478	harbor2	chr5	155538807	155538968	SINE/MIR	638	-	80	155538887	23409
chr5	155515478	155715478	harbor2	chr5	155558598	155558796	SINE/MIR	550	-	99	155558697	43219
chr5	155515478	155715478	harbor2	chr5	155561150	155561293	SINE/MIR	612	-	72	155561222	45744
chr5	155515478	155715478	harbor2	chr5	155576809	155577033	SINE/MIR	619	-	112	155576921	61443
chr5	155515478	155715478	harbor2	chr5	155578624	155578869	SINE/MIR	848	-	122	155578746	63268
chr5	155515478	155715478	harbor2	chr5	155584605	155584839	SINE/MIR	542	-	117	155584722	69244
chr5	155515478	155715478	harbor2	chr5	155592126	155592324	SINE/MIR	600	-	99	155592225	76747
chr5	155515478	155715478	harbor2	chr5	155595623	155595771	SINE/MIR	535	-	74	155595697	80219
chr5	155515478	155715478	harbor2	chr5	155597869	155598099	SINE/MIR	560	-	115	155597984	82506
chr5	155515478	155715478	harbor2	chr5	155603002	155603048	SINE/MIR	569	-	23	155603025	87547
chr5	155515478	155715478	harbor2	chr5	155605355	155605520	SINE/MIR	569	-	82	155605437	89959
chr5	155515478	155715478	harbor2	chr5	155610900	155611133	SINE/MIR	626	-	116	155611016	95538
chr5	179527553	179727553	harbor2	chr5	179563291	179563538	SINE/MIR	707	-	124	179563415	35862
chr5	170419457	170619457	harbor2	chr5	170419788	170419950	SINE/MIR	425	-	81	170419869	412
chr5	170419457	170619457	harbor2	chr5	170424239	170424425	SINE/MIR	513	-	93	170424332	4875
chr5	170419457	170619457	harbor2	chr5	170427402	170427529	SINE/MIR	499	-	64	170427466	8009
chr5	170419457	170619457	harbor2	chr5	170433707	170433926	SINE/MIR	569	-	110	170433817	14360
chr5	170419457	170619457	harbor2	chr5	170445462	170445646	SINE/MIR	556	-	92	170445554	26097
chr5	170419457	170619457	harbor2	chr5	170448801	170449017	SINE/MIR	504	-	108	170448909	29452
chr5	170419457	170619457	harbor2	chr5	170473247	170473503	SINE/MIR	687	-	128	170473375	53918
chr5	170419457	170619457	harbor2	chr5	170474537	170474740	SINE/MIR	752	-	102	170474639	55182
chr5	170419457	170619457	harbor2	chr5	170482378	170482582	SINE/MIR	525	-	102	170482480	63023
chr5	170419457	170619457	harbor2	chr5	170497223	170497393	SINE/MIR	556	-	85	170497308	77851
chr5	170419457	170619457	harbor2	chr5	170498202	170498422	SINE/MIR	410	-	110	170498312	78855
chr5	170419457	170619457	harbor2	chr5	170511634	170511847	SINE/MIR	575	-	106	170511740	92283
chr5	170419457	170619457	harbor2	chr5	170513196	170513342	SINE/MIR	413	-	73	170513269	93812
chr5	170419457	170619457	harbor2	chr5	170514875	170515155	SINE/MIR	588	-	140	170515015	95558
chr5	170419457	170619457	harbor2	chr5	170515516	170515768	SINE/MIR	727	-	126	170515642	96185
chr5	63074122	63274122	harbor2	chr5	63096223	63096448	SINE/MIR	476	-	112	63096335	22213
chr5	63074122	63274122	harbor2	chr5	63164344	63164524	SINE/MIR	624	-	90	63164434	90312
chr5	63074122	63274122	harbor2	chr5	63167636	63167667	SINE/MIR	516	-	16	63167652	93530
chr5	63074122	63274122	harbor2	chr5	63168186	63168382	SINE/MIR	516	-	98	63168284	94162
chr5	92866703	93066703	harbor2	chr5	92943995	92944149	SINE/MIR	408	-	77	92944072	77369
chr5	92866703	93066703	harbor2	chr5	92961897	92961961	SINE/MIR	514	-	32	92961929	95226
chr5	92866703	93066703	harbor2	chr5	92962322	92962515	SINE/MIR	514	-	96	92962418	95715
chr5	175170609	175370609	harbor2	chr5	175181426	175181568	SINE/MIR	401	-	71	175181497	10888
chr5	175170609	175370609	harbor2	chr5	175184229	175184370	SINE/MIR	409	-	70	175184299	13690
chr5	175170609	175370609	harbor2	chr5	175184873	175185134	SINE/MIR	642	-	130	175185003	14394
chr5	175170609	175370609	harbor2	chr5	175186956	175187161	SINE/MIR	628	-	102	175187058	16449
chr5	175170609	175370609	harbor2	chr5	175192598	175192790	SINE/MIR	656	-	96	175192694	22085
chr5	175170609	175370609	harbor2	chr5	175198771	175198997	SINE/MIR	673	-	113	175198884	28275
chr5	175170609	175370609	harbor2	chr5	175214580	175214732	SINE/MIR	506	-	76	175214656	44047
chr5	175170609	175370609	harbor2	chr5	175214950	175215152	SINE/MIR	870	-	101	175215051	44442
chr5	175170609	175370609	harbor2	chr5	175235164	175235334	SINE/MIR	433	-	85	175235249	64640
chr5	175170609	175370609	harbor2	chr5	175248921	175249160	SINE/MIR	729	-	120	175249041	78432
chr5	175170609	175370609	harbor2	chr5	175269833	175270007	SINE/MIR	422	-	87	175269920	99311
chr5	171730868	171930868	harbor2	chr5	171740791	171740899	SINE/MIR	429	-	54	171740845	9977
chr5	171730868	171930868	harbor2	chr5	171741292	171741409	SINE/MIR	429	-	58	171741350	10482
chr5	171730868	171930868	harbor2	chr5	171741552	171741733	SINE/MIR	444	-	90	171741642	10774
chr5	171730868	171930868	harbor2	chr5	171747289	171747526	SINE/MIR	821	-	118	171747407	16539
chr5	171730868	171930868	harbor2	chr5	171774304	171774447	SINE/MIR	403	-	72	171774376	43508
chr5	171730868	171930868	harbor2	chr5	171779908	171780079	SINE/MIR	457	-	86	171779994	49126
chr5	171730868	171930868	harbor2	chr5	171796173	171796309	SINE/MIR	430	-	68	171796241	65373
chr5	171730868	171930868	harbor2	chr5	171798354	171798613	SINE/MIR	790	-	130	171798484	67616
chr5	171730868	171930868	harbor2	chr5	171812879	171813084	SINE/MIR	501	-	102	171812981	82113
chr5	171730868	171930868	harbor2	chr5	171813332	171813399	SINE/MIR	589	-	34	171813366	82498
chr5	171730868	171930868	harbor2	chr5	171813499	171813653	SINE/MIR	589	-	77	171813576	82708
chr5	171730868	171930868	harbor2	chr5	171814841	171815047	SINE/MIR	553	-	103	171814944	84076
chr5	158093956	158293956	harbor2	chr5	158102673	158102794	SINE/MIR	632	-	60	158102733	8777
chr5	158093956	158293956	harbor2	chr5	158103158	158103217	SINE/MIR	632	-	30	158103188	9232
chr5	158093956	158293956	harbor2	chr5	158108237	158108445	SINE/MIR	610	-	104	158108341	14385
chr5	158093956	158293956	harbor2	chr5	158115384	158115537	SINE/MIR	448	-	76	158115460	21504
chr5	158093956	158293956	harbor2	chr5	158120099	158120305	SINE/MIR	730	-	103	158120202	26246
chr5	158093956	158293956	harbor2	chr5	158150927	158151107	SINE/MIR	488	-	90	158151017	57061
chr5	158093956	158293956	harbor2	chr5	158154073	158154179	SINE/MIR	447	-	53	158154126	60170
chr5	158093956	158293956	harbor2	chr5	158154224	158154367	SINE/MIR	447	-	72	158154296	60340
chr5	158093956	158293956	harbor2	chr5	158155192	158155361	SINE/MIR	416	-	84	158155276	61320
chr5	158093956	158293956	harbor2	chr5	158160686	158160927	SINE/MIR	651	-	120	158160806	66850
chr5	158093956	158293956	harbor2	chr5	158172555	158172733	SINE/MIR	657	-	89	158172644	78688
chr5	133771609	133971609	harbor2	chr5	133780659	133780884	SINE/MIR	721	-	112	133780771	9162
chr5	133771609	133971609	harbor2	chr5	133784485	133784629	SINE/MIR	425	-	72	133784557	12948
chr5	133771609	133971609	harbor2	chr5	133786821	133787045	SINE/MIR	777	-	112	133786933	15324
chr5	133771609	133971609	harbor2	chr5	133793363	133793590	SINE/MIR	827	-	114	133793477	21868
chr5	133771609	133971609	harbor2	chr5	133817098	133817309	SINE/MIR	561	-	106	133817204	45595
chr5	133771609	133971609	harbor2	chr5	133817832	133818008	SINE/MIR	506	-	88	133817920	46311
chr5	133771609	133971609	harbor2	chr5	133819898	133820075	SINE/MIR	556	-	88	133819986	48377
chr5	133771609	133971609	harbor2	chr5	133841489	133841765	SINE/MIR	541	-	138	133841627	70018
chr5	133771609	133971609	harbor2	chr5	133870330	133870537	SINE/MIR	659	-	104	133870434	98825
chr5	42726834	42926834	harbor2	chr5	42734513	42734709	SINE/MIR	403	-	98	42734611	7777
chr5	42726834	42926834	harbor2	chr5	42751552	42751652	SINE/MIR	423	-	50	42751602	24768
chr5	42726834	42926834	harbor2	chr5	42755912	42756016	SINE/MIR	643	-	52	42755964	29130
chr5	42726834	42926834	harbor2	chr5	42756315	42756460	SINE/MIR	643	-	72	42756387	29553
chr5	42726834	42926834	harbor2	chr5	42762613	42762794	SINE/MIR	464	-	90	42762703	35869
chr5	42726834	42926834	harbor2	chr5	42809975	42810227	SINE/MIR	521	-	126	42810101	83267
chr5	42726834	42926834	harbor2	chr5	42822895	42823098	SINE/MIR	561	-	102	42822997	96163
chr5	37026248	37226248	harbor2	chr5	37039475	37039594	SINE/MIR	447	-	60	37039535	13287
chr5	37026248	37226248	harbor2	chr5	37039919	37040133	SINE/MIR	703	-	107	37040026	13778
chr5	37026248	37226248	harbor2	chr5	37048046	37048259	SINE/MIR	972	-	106	37048152	21904
chr5	37026248	37226248	harbor2	chr5	37110666	37110792	SINE/MIR	488	-	63	37110729	84481
chr5	163798978	163998978	harbor2	chr5	163861465	163861651	SINE/MIR	444	-	93	163861558	62580
chr5	163798978	163998978	harbor2	chr5	163866259	163866462	SINE/MIR	552	-	102	163866361	67383
chr5	163798978	163998978	harbor2	chr5	163872290	163872467	SINE/MIR	388	-	88	163872378	73400
chr5	160088972	160288972	harbor2	chr5	160138383	160138576	SINE/MIR	423	-	96	160138479	49507
chr5	160088972	160288972	harbor2	chr5	160141501	160141643	SINE/MIR	689	-	71	160141572	52600
chr5	160088972	160288972	harbor2	chr5	160141941	160142011	SINE/MIR	689	-	35	160141976	53004
chr5	160088972	160288972	harbor2	chr5	160143324	160143465	SINE/MIR	441	-	70	160143394	54422
chr5	160088972	160288972	harbor2	chr5	160155484	160155645	SINE/MIR	648	-	80	160155564	66592
chr5	160088972	160288972	harbor2	chr5	160170222	160170348	SINE/MIR	493	-	63	160170285	81313
chr5	160088972	160288972	harbor2	chr5	160174368	160174575	SINE/MIR	608	-	104	160174472	85500
chr5	160088972	160288972	harbor2	chr5	160181778	160181961	SINE/MIR	592	-	92	160181870	92898
chr5	160088972	160288972	harbor2	chr5	160182548	160182584	SINE/MIR	398	-	18	160182566	93594
chr5	160088972	160288972	harbor2	chr5	160182898	160182966	SINE/MIR	398	-	34	160182932	93960
chr5	160088972	160288972	harbor2	chr5	160182975	160183181	SINE/MIR	397	-	103	160183078	94106
chr5	160725356	160925356	harbor2	chr5	160726724	160726744	SINE/MIR	498	-	10	160726734	1378
chr5	160725356	160925356	harbor2	chr5	160727182	160727394	SINE/MIR	498	-	106	160727288	1932
chr5	160725356	160925356	harbor2	chr5	160743030	160743272	SINE/MIR	739	-	121	160743151	17795
chr5	160725356	160925356	harbor2	chr5	160746726	160746923	SINE/MIR	432	-	98	160746824	21468
chr5	160725356	160925356	harbor2	chr5	160747271	160747294	SINE/MIR	399	-	12	160747283	21927
chr5	160725356	160925356	harbor2	chr5	160748874	160749106	SINE/MIR	537	-	116	160748990	23634
chr5	160725356	160925356	harbor2	chr5	160753705	160753928	SINE/MIR	629	-	112	160753817	28461
chr5	160725356	160925356	harbor2	chr5	160767313	160767526	SINE/MIR	598	-	106	160767419	42063
chr5	160725356	160925356	harbor2	chr5	160768188	160768417	SINE/MIR	437	-	114	160768302	42946
chr5	160725356	160925356	harbor2	chr5	160776402	160776648	SINE/MIR	573	-	123	160776525	51169
chr5	160725356	160925356	harbor2	chr5	160789616	160789815	SINE/MIR	417	-	100	160789716	64360
chr5	160725356	160925356	harbor2	chr5	160803287	160803395	SINE/MIR	419	-	54	160803341	77985
chr5	160725356	160925356	harbor2	chr5	160803698	160803769	SINE/MIR	419	-	36	160803734	78378
chr5	160725356	160925356	harbor2	chr5	160804415	160804597	SINE/MIR	433	-	91	160804506	79150
chr5	160725356	160925356	harbor2	chr5	160806619	160806849	SINE/MIR	535	-	115	160806734	81378
chr5	149861530	150061530	harbor2	chr5	149864552	149864789	SINE/MIR	392	-	118	149864670	3140
chr5	149861530	150061530	harbor2	chr5	149874878	149875059	SINE/MIR	592	-	90	149874968	13438
chr5	149861530	150061530	harbor2	chr5	149933562	149933773	SINE/MIR	730	-	106	149933668	72138
chr5	149861530	150061530	harbor2	chr5	149934257	149934424	SINE/MIR	463	-	84	149934341	72811
chr5	149861530	150061530	harbor2	chr5	149939570	149939803	SINE/MIR	521	-	116	149939686	78156
chr5	152450127	152650127	harbor2	chr5	152454571	152454773	SINE/MIR	759	-	101	152454672	4545
chr5	152450127	152650127	harbor2	chr5	152460212	152460395	SINE/MIR	425	-	92	152460304	10177
chr5	152450127	152650127	harbor2	chr5	152486578	152486695	SINE/MIR	468	-	58	152486636	36509
chr5	152450127	152650127	harbor2	chr5	152498693	152498900	SINE/MIR	412	-	104	152498797	48670
chr5	152450127	152650127	harbor2	chr5	152514335	152514543	SINE/MIR	550	-	104	152514439	64312
chr5	152450127	152650127	harbor2	chr5	152521303	152521417	SINE/MIR	539	-	57	152521360	71233
chr5	152450127	152650127	harbor2	chr5	152521730	152521851	SINE/MIR	539	-	60	152521790	71663
chr5	152450127	152650127	harbor2	chr5	152533830	152534059	SINE/MIR	724	-	114	152533944	83817
chr5	167214039	167414039	harbor2	chr5	167218807	167219018	SINE/MIR	570	-	106	167218913	4874
chr5	167214039	167414039	harbor2	chr5	167247084	167247315	SINE/MIR	711	-	116	167247200	33161
chr5	167214039	167414039	harbor2	chr5	167260877	167261012	SINE/MIR	458	-	68	167260945	46906
chr5	167214039	167414039	harbor2	chr5	167263190	167263428	SINE/MIR	543	-	119	167263309	49270
chr5	167214039	167414039	harbor2	chr5	167288589	167288835	SINE/MIR	778	-	123	167288712	74673
chr5	167214039	167414039	harbor2	chr5	167307494	167307667	SINE/MIR	462	-	86	167307580	93541
chr5	179967824	180167824	harbor2	chr5	180003908	180004091	SINE/MIR	767	-	92	180004000	36176
chr5	165456247	165656247	harbor2	chr5	165489948	165490176	SINE/MIR	813	-	114	165490062	33815
chr5	165456247	165656247	harbor2	chr5	165492718	165492978	SINE/MIR	623	-	130	165492848	36601
chr5	165456247	165656247	harbor2	chr5	165496922	165497103	SINE/MIR	461	-	90	165497012	40765
chr5	165456247	165656247	harbor2	chr5	165512354	165512581	SINE/MIR	424	-	114	165512468	56221
chr5	150465723	150665723	harbor2	chr5	150473873	150474051	SINE/MIR	445	-	89	150473962	8239
chr5	150465723	150665723	harbor2	chr5	150480615	150480832	SINE/MIR	892	-	108	150480723	15000
chr5	150465723	150665723	harbor2	chr5	150487284	150487479	SINE/MIR	515	-	98	150487382	21659
chr5	150465723	150665723	harbor2	chr5	150489435	150489604	SINE/MIR	424	-	84	150489519	23796
chr5	150465723	150665723	harbor2	chr5	150492253	150492386	SINE/MIR	408	-	66	150492319	26596
chr5	150465723	150665723	harbor2	chr5	150512700	150512912	SINE/MIR	752	-	106	150512806	47083
chr5	150465723	150665723	harbor2	chr5	150516388	150516596	SINE/MIR	884	-	104	150516492	50769
chr5	150465723	150665723	harbor2	chr5	150520564	150520809	SINE/MIR	537	-	122	150520686	54963
chr5	150465723	150665723	harbor2	chr5	150522120	150522250	SINE/MIR	426	-	65	150522185	56462
chr5	150465723	150665723	harbor2	chr5	150523378	150523607	SINE/MIR	675	-	114	150523492	57769
chr5	150465723	150665723	harbor2	chr5	150524522	150524678	SINE/MIR	707	-	78	150524600	58877
chr5	150465723	150665723	harbor2	chr5	150524904	150524951	SINE/MIR	707	-	24	150524928	59205
chr5	150465723	150665723	harbor2	chr5	150527282	150527452	SINE/MIR	514	-	85	150527367	61644
chr5	150465723	150665723	harbor2	chr5	150531185	150531361	SINE/MIR	632	-	88	150531273	65550
chr5	150465723	150665723	harbor2	chr5	150534547	150534729	SINE/MIR	461	-	91	150534638	68915
chr5	150465723	150665723	harbor2	chr5	150542076	150542252	SINE/MIR	449	-	88	150542164	76441
chr5	150465723	150665723	harbor2	chr5	150561596	150561708	SINE/MIR	547	-	56	150561652	95929
chr5	82419363	82619363	harbor2	chr5	82465305	82465513	SINE/MIR	497	-	104	82465409	46046
chr5	82419363	82619363	harbor2	chr5	82475945	82476124	SINE/MIR	434	-	90	82476035	56672
chr5	123519188	123719188	harbor2	chr5	123555966	123556133	SINE/MIR	770	-	84	123556050	36862
chr5	123519188	123719188	harbor2	chr5	123602829	123603066	SINE/MIR	830	-	118	123602947	83759
chr5	146395613	146595613	harbor2	chr5	146396139	146396368	SINE/MIR	676	-	114	146396253	640
chr5	146395613	146595613	harbor2	chr5	146397094	146397248	SINE/MIR	469	-	77	146397171	1558
chr5	146395613	146595613	harbor2	chr5	146406795	146406995	SINE/MIR	632	-	100	146406895	11282
chr5	146395613	146595613	harbor2	chr5	146432257	146432369	SINE/MIR	557	-	56	146432313	36700
chr5	146395613	146595613	harbor2	chr5	146442973	146443113	SINE/MIR	425	-	70	146443043	47430
chr5	146395613	146595613	harbor2	chr5	146447994	146448274	SINE/MIR	426	-	140	146448134	52521
chr5	146395613	146595613	harbor2	chr5	146464131	146464352	SINE/MIR	627	-	110	146464241	68628
chr5	168397784	168597784	harbor2	chr5	168397977	168398091	SINE/MIR	438	-	57	168398034	250
chr5	168397784	168597784	harbor2	chr5	168398394	168398466	SINE/MIR	438	-	36	168398430	646
chr5	168397784	168597784	harbor2	chr5	168400482	168400633	SINE/MIR	435	-	76	168400558	2774
chr5	168397784	168597784	harbor2	chr5	168402564	168402764	SINE/MIR	495	-	100	168402664	4880
chr5	168397784	168597784	harbor2	chr5	168404981	168405179	SINE/MIR	526	-	99	168405080	7296
chr5	168397784	168597784	harbor2	chr5	168406371	168406594	SINE/MIR	546	-	112	168406483	8699
chr5	168397784	168597784	harbor2	chr5	168407759	168407868	SINE/MIR	663	-	54	168407813	10029
chr5	168397784	168597784	harbor2	chr5	168408154	168408282	SINE/MIR	663	-	64	168408218	10434
chr5	168397784	168597784	harbor2	chr5	168410033	168410261	SINE/MIR	477	-	114	168410147	12363
chr5	168397784	168597784	harbor2	chr5	168417423	168417604	SINE/MIR	484	-	90	168417513	19729
chr5	168397784	168597784	harbor2	chr5	168424991	168425202	SINE/MIR	473	-	106	168425097	27313
chr5	168397784	168597784	harbor2	chr5	168425378	168425482	SINE/MIR	673	-	52	168425430	27646
chr5	168397784	168597784	harbor2	chr5	168425799	168425944	SINE/MIR	673	-	72	168425871	28087
chr5	168397784	168597784	harbor2	chr5	168427266	168427485	SINE/MIR	742	-	110	168427376	29592
chr5	168397784	168597784	harbor2	chr5	168433505	168433547	SINE/MIR	638	-	21	168433526	35742
chr5	168397784	168597784	harbor2	chr5	168433837	168434027	SINE/MIR	638	-	95	168433932	36148
chr5	168397784	168597784	harbor2	chr5	168434470	168434667	SINE/MIR	491	-	98	168434568	36784
chr5	168397784	168597784	harbor2	chr5	168458192	168458349	SINE/MIR	409	-	78	168458270	60486
chr5	168397784	168597784	harbor2	chr5	168443847	168443995	SINE/MIR	434	-	74	168443921	46137
chr5	122204614	122404614	harbor2	chr5	122303968	122304079	SINE/MIR	495	-	56	122304024	99410
chr5	122204614	122404614	harbor2	chr5	122304371	122304458	SINE/MIR	495	-	44	122304415	99801
chr5	180071636	180271636	harbor2	chr5	180115627	180115854	SINE/MIR	539	-	114	180115741	44105
chr5	180071636	180271636	harbor2	chr5	180133435	180133524	SINE/MIR	395	-	44	180133479	61843
chr5	180071636	180271636	harbor2	chr5	180133904	180134106	SINE/MIR	426	-	101	180134005	62369
chr5	171084776	171284776	harbor2	chr5	171107097	171107258	SINE/MIR	431	-	80	171107177	22401
chr5	171084776	171284776	harbor2	chr5	171113511	171113728	SINE/MIR	753	-	108	171113619	28843
chr5	171084776	171284776	harbor2	chr5	171146323	171146528	SINE/MIR	588	-	102	171146425	61649
chr5	171084776	171284776	harbor2	chr5	171150532	171150722	SINE/MIR	593	-	95	171150627	65851
chr5	171084776	171284776	harbor2	chr5	171152769	171152964	SINE/MIR	445	-	98	171152867	68091
chr5	171084776	171284776	harbor2	chr5	171160406	171160641	SINE/MIR	696	-	118	171160524	75748
chr5	171084776	171284776	harbor2	chr5	171165091	171165175	SINE/MIR	434	-	42	171165133	80357
chr5	171084776	171284776	harbor2	chr5	171165478	171165621	SINE/MIR	434	-	72	171165550	80774
chr5	171084776	171284776	harbor2	chr5	171181870	171182037	SINE/MIR	484	-	84	171181954	97178
chr5	65519450	65719450	harbor2	chr5	65582472	65582671	SINE/MIR	498	-	100	65582572	63122
chr5	165437225	165637225	harbor2	chr5	165446195	165446248	SINE/MIR	464	-	26	165446221	8996
chr5	165437225	165637225	harbor2	chr5	165446551	165446638	SINE/MIR	464	-	44	165446595	9370
chr5	165437225	165637225	harbor2	chr5	165455470	165455707	SINE/MIR	402	-	118	165455588	18363
chr5	165437225	165637225	harbor2	chr5	165489948	165490176	SINE/MIR	813	-	114	165490062	52837
chr5	165437225	165637225	harbor2	chr5	165492718	165492978	SINE/MIR	623	-	130	165492848	55623
chr5	165437225	165637225	harbor2	chr5	165496922	165497103	SINE/MIR	461	-	90	165497012	59787
chr5	165437225	165637225	harbor2	chr5	165512354	165512581	SINE/MIR	424	-	114	165512468	75243
chr5	165437225	165637225	harbor2	chr5	165445537	165445679	SINE/MIR	405	-	71	165445608	8383
chr5	149384362	149584362	harbor2	chr5	149389399	149389589	SINE/MIR	574	-	95	149389494	5132
chr5	149384362	149584362	harbor2	chr5	149409081	149409278	SINE/MIR	782	-	98	149409179	24817
chr5	149384362	149584362	harbor2	chr5	149409402	149409639	SINE/MIR	475	-	118	149409520	25158
chr5	149384362	149584362	harbor2	chr5	149411828	149412030	SINE/MIR	537	-	101	149411929	27567
chr5	149384362	149584362	harbor2	chr5	149415360	149415472	SINE/MIR	456	-	56	149415416	31054
chr5	149384362	149584362	harbor2	chr5	149420258	149420473	SINE/MIR	666	-	108	149420366	36004
chr5	149384362	149584362	harbor2	chr5	149429901	149430079	SINE/MIR	518	-	89	149429990	45628
chr5	149384362	149584362	harbor2	chr5	149432457	149432694	SINE/MIR	659	-	118	149432575	48213
chr5	149384362	149584362	harbor2	chr5	149439053	149439178	SINE/MIR	393	-	62	149439115	54753
chr5	149384362	149584362	harbor2	chr5	149440144	149440392	SINE/MIR	547	-	124	149440268	55906
chr5	149384362	149584362	harbor2	chr5	149450725	149450896	SINE/MIR	435	-	86	149450811	66449
chr5	149384362	149584362	harbor2	chr5	149453720	149453911	SINE/MIR	767	-	96	149453816	69454
chr5	149384362	149584362	harbor2	chr5	149464558	149464709	SINE/MIR	417	-	76	149464634	80272
chr5	149384362	149584362	harbor2	chr5	149467784	149467977	SINE/MIR	485	-	96	149467880	83518
chr5	160248716	160448716	harbor2	chr5	160250863	160250997	SINE/MIR	552	-	67	160250930	2214
chr5	160248716	160448716	harbor2	chr5	160267251	160267407	SINE/MIR	428	-	78	160267329	18613
chr5	160248716	160448716	harbor2	chr5	160292893	160293061	SINE/MIR	464	-	84	160292977	44261
chr5	160248716	160448716	harbor2	chr5	160328937	160329045	SINE/MIR	451	-	54	160328991	80275
chr5	160248716	160448716	harbor2	chr5	160334449	160334674	SINE/MIR	1009	-	112	160334561	85845
chr5	115352520	115552520	harbor2	chr5	115376652	115376674	SINE/MIR	689	-	11	115376663	24143
chr5	115352520	115552520	harbor2	chr5	115376965	115377169	SINE/MIR	689	-	102	115377067	24547
chr5	115352520	115552520	harbor2	chr5	115381500	115381621	SINE/MIR	471	-	60	115381560	29040
chr5	173689405	173889405	harbor2	chr5	173694031	173694207	SINE/MIR	433	-	88	173694119	4714
chr5	173689405	173889405	harbor2	chr5	173695040	173695240	SINE/MIR	419	-	100	173695140	5735
chr5	173689405	173889405	harbor2	chr5	173695609	173695780	SINE/MIR	411	-	86	173695695	6290
chr5	173689405	173889405	harbor2	chr5	173696267	173696466	SINE/MIR	420	-	100	173696367	6962
chr5	173689405	173889405	harbor2	chr5	173696846	173697064	SINE/MIR	464	-	109	173696955	7550
chr5	173689405	173889405	harbor2	chr5	173698721	173698951	SINE/MIR	623	-	115	173698836	9431
chr5	173689405	173889405	harbor2	chr5	173700042	173700267	SINE/MIR	459	-	112	173700154	10749
chr5	173689405	173889405	harbor2	chr5	173718495	173718708	SINE/MIR	831	-	106	173718601	29196
chr5	173689405	173889405	harbor2	chr5	173723594	173723823	SINE/MIR	537	-	114	173723708	34303
chr5	173689405	173889405	harbor2	chr5	173729642	173729887	SINE/MIR	616	-	122	173729764	40359
chr5	173689405	173889405	harbor2	chr5	173733859	173734046	SINE/MIR	425	-	94	173733953	44548
chr5	173689405	173889405	harbor2	chr5	173747350	173747507	SINE/MIR	774	-	78	173747428	58023
chr5	173689405	173889405	harbor2	chr5	173747811	173748066	SINE/MIR	774	-	128	173747939	58534
chr5	173689405	173889405	harbor2	chr5	173751714	173751969	SINE/MIR	729	-	128	173751842	62437
chr5	173689405	173889405	harbor2	chr5	173753118	173753376	SINE/MIR	630	-	129	173753247	63842
chr5	173689405	173889405	harbor2	chr5	173754376	173754504	SINE/MIR	444	-	64	173754440	65035
chr5	173689405	173889405	harbor2	chr5	173771789	173771994	SINE/MIR	606	-	102	173771891	82486
chr5	173689405	173889405	harbor2	chr5	173772729	173772935	SINE/MIR	580	-	103	173772832	83427
chr5	173689405	173889405	harbor2	chr5	173777677	173777892	SINE/MIR	653	-	108	173777785	88380
chr5	173689405	173889405	harbor2	chr5	173781816	173782017	SINE/MIR	440	-	100	173781916	92511
chr5	92851329	93051329	harbor2	chr5	92943995	92944149	SINE/MIR	408	-	77	92944072	92743
chr5	58108157	58308157	harbor2	chr5	58143272	58143415	SINE/MIR	420	-	72	58143344	35187
chr5	58108157	58308157	harbor2	chr5	58145848	58146050	SINE/MIR	404	-	101	58145949	37792
chr5	58108157	58308157	harbor2	chr5	58148864	58149081	SINE/MIR	599	-	108	58148972	40815
chr5	58108157	58308157	harbor2	chr5	58152002	58152131	SINE/MIR	387	-	64	58152066	43909
chr5	58108157	58308157	harbor2	chr5	58187632	58187781	SINE/MIR	492	-	74	58187706	79549
chr5	58108157	58308157	harbor2	chr5	58113899	58114119	SINE/MIR	504	-	110	58114009	5852
chr5	118080672	118280672	harbor2	chr5	118114065	118114183	SINE/MIR	419	-	59	118114124	33452
chr5	118080672	118280672	harbor2	chr5	118166432	118166593	SINE/MIR	423	-	80	118166512	85840
chr6	70749683	70949683	harbor2	chr6	70761675	70761825	SINE/MIR	513	-	75	70761750	12067
chr6	70749683	70949683	harbor2	chr6	70806786	70806951	SINE/MIR	402	-	82	70806868	57185
chr6	70749683	70949683	harbor2	chr6	70822240	70822493	SINE/MIR	877	-	126	70822366	72683
chr6	70749683	70949683	harbor2	chr6	70824271	70824353	SINE/MIR	424	-	41	70824312	74629
chr6	70749683	70949683	harbor2	chr6	70825292	70825367	SINE/MIR	424	-	38	70825330	75647
chr6	70749683	70949683	harbor2	chr6	70843370	70843604	SINE/MIR	941	-	117	70843487	93804
chr6	29668969	29868969	harbor2	chr6	29741558	29741727	SINE/MIR	514	-	84	29741642	72673
chr6	153903016	154103016	harbor2	chr6	153915875	153916023	SINE/MIR	583	-	74	153915949	12933
chr6	153903016	154103016	harbor2	chr6	153916237	153916383	SINE/MIR	447	-	73	153916310	13294
chr6	158215953	158415953	harbor2	chr6	158254568	158254788	SINE/MIR	469	-	110	158254678	38725
chr6	158215953	158415953	harbor2	chr6	158272562	158272756	SINE/MIR	594	-	97	158272659	56706
chr6	158215953	158415953	harbor2	chr6	158273785	158273963	SINE/MIR	770	-	89	158273874	57921
chr6	153957261	154157261	harbor2	chr6	154032206	154032376	SINE/MIR	402	-	85	154032291	75030
chr6	153957261	154157261	harbor2	chr6	154037663	154037859	SINE/MIR	426	-	98	154037761	80500
chr6	138057692	138257692	harbor2	chr6	138071858	138072058	SINE/MIR	434	-	100	138071958	14266
chr6	138057692	138257692	harbor2	chr6	138097586	138097730	SINE/MIR	457	-	72	138097658	39966
chr6	138057692	138257692	harbor2	chr6	138109938	138110099	SINE/MIR	628	-	80	138110018	52326
chr6	138057692	138257692	harbor2	chr6	138117353	138117589	SINE/MIR	693	-	118	138117471	59779
chr6	138057692	138257692	harbor2	chr6	138121325	138121603	SINE/MIR	591	-	139	138121464	63772
chr6	138057692	138257692	harbor2	chr6	138117093	138117336	SINE/MIR	707	-	122	138117215	59523
chr6	90906655	91106655	harbor2	chr6	90945814	90946035	SINE/MIR	458	-	110	90945924	39269
chr6	128525513	128725513	harbor2	chr6	128528000	128528150	SINE/MIR	473	-	75	128528075	2562
chr6	128525513	128725513	harbor2	chr6	128534314	128534529	SINE/MIR	679	-	108	128534422	8909
chr6	128525513	128725513	harbor2	chr6	128573234	128573443	SINE/MIR	476	-	104	128573338	47825
chr6	128525513	128725513	harbor2	chr6	128574798	128575017	SINE/MIR	606	-	110	128574908	49395
chr6	128525513	128725513	harbor2	chr6	128601458	128601668	SINE/MIR	666	-	105	128601563	76050
chr6	45836312	46036312	harbor2	chr6	45838883	45839144	SINE/MIR	612	-	130	45839013	2701
chr6	45836312	46036312	harbor2	chr6	45846358	45846518	SINE/MIR	493	-	80	45846438	10126
chr6	45836312	46036312	harbor2	chr6	45855319	45855535	SINE/MIR	490	-	108	45855427	19115
chr6	45836312	46036312	harbor2	chr6	45875589	45875806	SINE/MIR	748	-	108	45875697	39385
chr6	45836312	46036312	harbor2	chr6	45910235	45910391	SINE/MIR	492	-	78	45910313	74001
chr6	45836312	46036312	harbor2	chr6	45930741	45930906	SINE/MIR	582	-	82	45930823	94511
chr6	131542373	131742373	harbor2	chr6	131581558	131581760	SINE/MIR	443	-	101	131581659	39286
chr6	36244557	36444557	harbor2	chr6	36245703	36245891	SINE/MIR	402	-	94	36245797	1240
chr6	36244557	36444557	harbor2	chr6	36248285	36248483	SINE/MIR	528	-	99	36248384	3827
chr6	36244557	36444557	harbor2	chr6	36261652	36261841	SINE/MIR	507	-	94	36261746	17189
chr6	36244557	36444557	harbor2	chr6	36268278	36268432	SINE/MIR	529	-	77	36268355	23798
chr6	36244557	36444557	harbor2	chr6	36281408	36281604	SINE/MIR	751	-	98	36281506	36949
chr6	36244557	36444557	harbor2	chr6	36286086	36286300	SINE/MIR	628	-	107	36286193	41636
chr6	36244557	36444557	harbor2	chr6	36294909	36295075	SINE/MIR	473	-	83	36294992	50435
chr6	36244557	36444557	harbor2	chr6	36310614	36310718	SINE/MIR	512	-	52	36310666	66109
chr6	36244557	36444557	harbor2	chr6	36320996	36321104	SINE/MIR	425	-	54	36321050	76493
chr6	36244557	36444557	harbor2	chr6	36324854	36324987	SINE/MIR	543	-	66	36324920	80363
chr6	36244557	36444557	harbor2	chr6	36336244	36336481	SINE/MIR	511	-	118	36336362	91805
chr6	36244557	36444557	harbor2	chr6	36274080	36274300	SINE/MIR	952	-	110	36274190	29633
chr6	137384853	137584853	harbor2	chr6	137434489	137434720	SINE/MIR	427	-	116	137434605	49752
chr6	137384853	137584853	harbor2	chr6	137439216	137439427	SINE/MIR	542	-	106	137439322	54469
chr6	137384853	137584853	harbor2	chr6	137470659	137470870	SINE/MIR	404	-	106	137470765	85912
chr6	137384853	137584853	harbor2	chr6	137471078	137471299	SINE/MIR	691	-	110	137471188	86335
chr6	137384853	137584853	harbor2	chr6	137477791	137477973	SINE/MIR	498	-	91	137477882	93029
chr6	165505728	165705728	harbor2	chr6	165517873	165518089	SINE/MIR	472	-	108	165517981	12253
chr6	165505728	165705728	harbor2	chr6	165583072	165583263	SINE/MIR	682	-	96	165583168	77440
chr6	165505728	165705728	harbor2	chr6	165590245	165590405	SINE/MIR	611	-	80	165590325	84597
chr6	165505728	165705728	harbor2	chr6	165594949	165595086	SINE/MIR	524	-	68	165595017	89289
chr6	96630774	96830774	harbor2	chr6	96647042	96647223	SINE/MIR	450	-	90	96647132	16358
chr6	96630774	96830774	harbor2	chr6	96676084	96676247	SINE/MIR	492	-	82	96676166	45392
chr6	96630774	96830774	harbor2	chr6	96678405	96678608	SINE/MIR	662	-	102	96678507	47733
chr6	96630774	96830774	harbor2	chr6	96681498	96681647	SINE/MIR	402	-	74	96681572	50798
chr6	122138709	122338709	harbor2	chr6	122183815	122184032	SINE/MIR	695	-	108	122183923	45214
chr6	122138709	122338709	harbor2	chr6	122209856	122210090	SINE/MIR	484	-	117	122209973	71264
chr6	122138709	122338709	harbor2	chr6	122210375	122210574	SINE/MIR	579	-	100	122210475	71766
chr6	122138709	122338709	harbor2	chr6	122238427	122238618	SINE/MIR	433	-	96	122238523	99814
chr6	155204207	155404207	harbor2	chr6	155227338	155227542	SINE/MIR	434	-	102	155227440	23233
chr6	155204207	155404207	harbor2	chr6	155273989	155274140	SINE/MIR	493	-	76	155274065	69858
chr6	155204207	155404207	harbor2	chr6	155278514	155278725	SINE/MIR	477	-	106	155278620	74413
chr6	155204207	155404207	harbor2	chr6	155303770	155303989	SINE/MIR	650	-	110	155303880	99673
chr6	62201863	62401863	harbor2	chr6	62251460	62251578	SINE/MIR	406	-	59	62251519	49656
chr6	62201863	62401863	harbor2	chr6	62255347	62255526	SINE/MIR	487	-	90	62255437	53574
chr6	62201863	62401863	harbor2	chr6	62270790	62270973	SINE/MIR	409	-	92	62270882	69019
chr6	62201863	62401863	harbor2	chr6	62282825	62282982	SINE/MIR	408	-	78	62282903	81040
chr6	62201863	62401863	harbor2	chr6	62296588	62296755	SINE/MIR	511	-	84	62296672	94809
chr6	87971843	88171843	harbor2	chr6	87971783	87971914	SINE/MIR	433	-	66	87971849	6
chr6	87971843	88171843	harbor2	chr6	87997112	87997278	SINE/MIR	436	-	83	87997195	25352
chr6	87971843	88171843	harbor2	chr6	88052985	88053194	SINE/MIR	479	-	104	88053089	81246
chr6	87971843	88171843	harbor2	chr6	88059123	88059340	SINE/MIR	550	-	108	88059231	87388
chr6	97655208	97855208	harbor2	chr6	97667344	97667605	SINE/MIR	689	-	130	97667474	12266
chr6	97655208	97855208	harbor2	chr6	97671434	97671668	SINE/MIR	475	-	117	97671551	16343
chr6	97655208	97855208	harbor2	chr6	97684142	97684349	SINE/MIR	915	-	104	97684246	29038
chr6	72668379	72868379	harbor2	chr6	72678264	72678469	SINE/MIR	648	-	102	72678366	9987
chr6	72668379	72868379	harbor2	chr6	72681303	72681527	SINE/MIR	564	-	112	72681415	13036
chr6	121539229	121739229	harbor2	chr6	121540756	121540975	SINE/MIR	432	-	110	121540866	1637
chr6	139566587	139766587	harbor2	chr6	139569157	139569383	SINE/MIR	516	-	113	139569270	2683
chr6	139566587	139766587	harbor2	chr6	139576205	139576305	SINE/MIR	521	-	50	139576255	9668
chr6	139566587	139766587	harbor2	chr6	139576619	139576647	SINE/MIR	521	-	14	139576633	10046
chr6	139566587	139766587	harbor2	chr6	139611407	139611634	SINE/MIR	840	-	114	139611521	44934
chr6	139566587	139766587	harbor2	chr6	139655108	139655339	SINE/MIR	681	-	116	139655224	88637
chr6	146843477	147043477	harbor2	chr6	146870112	146870284	SINE/MIR	478	-	86	146870198	26721
chr6	146843477	147043477	harbor2	chr6	146911317	146911450	SINE/MIR	411	-	66	146911383	67906
chr6	146843477	147043477	harbor2	chr6	146928042	146928255	SINE/MIR	474	-	106	146928148	84671
chr6	146843477	147043477	harbor2	chr6	146929719	146929930	SINE/MIR	408	-	106	146929825	86348
chr6	133228895	133428895	harbor2	chr6	133246738	133246883	SINE/MIR	560	-	72	133246810	17915
chr6	133228895	133428895	harbor2	chr6	133276698	133276858	SINE/MIR	541	-	80	133276778	47883
chr6	133228895	133428895	harbor2	chr6	133301522	133301762	SINE/MIR	520	-	120	133301642	72747
chr6	133228895	133428895	harbor2	chr6	133307660	133307833	SINE/MIR	604	-	86	133307746	78851
chr6	133228895	133428895	harbor2	chr6	133308231	133308380	SINE/MIR	498	-	74	133308305	79410
chr6	29991401	30191401	harbor2	chr6	30080155	30080334	SINE/MIR	517	-	90	30080245	88844
chr6	92285102	92485102	harbor2	chr6	92292994	92293224	SINE/MIR	479	-	115	92293109	8007
chr6	92285102	92485102	harbor2	chr6	92333925	92334072	SINE/MIR	414	-	74	92333999	48897
chr6	92285102	92485102	harbor2	chr6	92347825	92348051	SINE/MIR	597	-	113	92347938	62836
chr6	132357172	132557172	harbor2	chr6	132358005	132358185	SINE/MIR	528	-	90	132358095	923
chr6	132357172	132557172	harbor2	chr6	132364716	132364960	SINE/MIR	581	-	122	132364838	7666
chr6	132357172	132557172	harbor2	chr6	132367345	132367574	SINE/MIR	855	-	114	132367459	10287
chr6	132357172	132557172	harbor2	chr6	132376824	132377051	SINE/MIR	854	-	114	132376938	19766
chr6	132357172	132557172	harbor2	chr6	132388190	132388411	SINE/MIR	621	-	110	132388300	31128
chr6	132357172	132557172	harbor2	chr6	132409249	132409327	SINE/MIR	403	-	39	132409288	52116
chr6	162931369	163131369	harbor2	chr6	162974680	162974898	SINE/MIR	510	-	109	162974789	43420
chr6	162931369	163131369	harbor2	chr6	163003726	163003959	SINE/MIR	506	-	116	163003842	72473
chr6	148572296	148772296	harbor2	chr6	148620964	148621183	SINE/MIR	749	-	110	148621074	48778
chr6	148572296	148772296	harbor2	chr6	148621183	148621391	SINE/MIR	486	-	104	148621287	48991
chr6	23124269	23324269	harbor2	chr6	23186794	23186937	SINE/MIR	585	-	72	23186866	62597
chr6	23124269	23324269	harbor2	chr6	23200700	23200841	SINE/MIR	601	-	70	23200770	76501
chr6	23124269	23324269	harbor2	chr6	23207586	23207827	SINE/MIR	560	-	120	23207706	83437
chr6	23124269	23324269	harbor2	chr6	23212473	23212577	SINE/MIR	654	-	52	23212525	88256
chr6	23124269	23324269	harbor2	chr6	23212627	23212723	SINE/MIR	654	-	48	23212675	88406
chr6	130097882	130297882	harbor2	chr6	130098567	130098814	SINE/MIR	676	-	124	130098691	809
chr6	130097882	130297882	harbor2	chr6	130115881	130116100	SINE/MIR	471	-	110	130115991	18109
chr6	130097882	130297882	harbor2	chr6	130116196	130116453	SINE/MIR	706	-	128	130116324	18442
chr6	130097882	130297882	harbor2	chr6	130161645	130161760	SINE/MIR	483	-	58	130161703	63821
chr6	74997706	75197706	harbor2	chr6	75022083	75022241	SINE/MIR	405	-	79	75022162	24456
chr6	74997706	75197706	harbor2	chr6	75030421	75030608	SINE/MIR	619	-	94	75030515	32809
chr6	74997706	75197706	harbor2	chr6	75039755	75039982	SINE/MIR	462	-	114	75039869	42163
chr6	74997706	75197706	harbor2	chr6	75074792	75074919	SINE/MIR	508	-	64	75074856	77150
chr6	94062142	94262142	harbor2	chr6	94073539	94073740	SINE/MIR	494	-	100	94073639	11497
chr6	80852540	81052540	harbor2	chr6	80862710	80862941	SINE/MIR	614	-	116	80862826	10286
chr6	80852540	81052540	harbor2	chr6	80879888	80880102	SINE/MIR	424	-	107	80879995	27455
chr6	80852540	81052540	harbor2	chr6	80923189	80923365	SINE/MIR	405	-	88	80923277	70737
chr6	80852540	81052540	harbor2	chr6	80944920	80945158	SINE/MIR	608	-	119	80945039	92499
chr6	143585689	143785689	harbor2	chr6	143647220	143647354	SINE/MIR	495	-	67	143647287	61598
chr6	143585689	143785689	harbor2	chr6	143685469	143685620	SINE/MIR	603	-	76	143685545	99856
chr6	158730669	158930669	harbor2	chr6	158734822	158735053	SINE/MIR	496	-	116	158734938	4269
chr6	158730669	158930669	harbor2	chr6	158737135	158737359	SINE/MIR	788	-	112	158737247	6578
chr6	158730669	158930669	harbor2	chr6	158768715	158768914	SINE/MIR	456	-	100	158768815	38146
chr6	156328844	156528844	harbor2	chr6	156335381	156335623	SINE/MIR	450	-	121	156335502	6658
chr6	156328844	156528844	harbor2	chr6	156337007	156337250	SINE/MIR	576	-	122	156337129	8285
chr6	156328844	156528844	harbor2	chr6	156374507	156374561	SINE/MIR	500	-	27	156374534	45690
chr6	156328844	156528844	harbor2	chr6	156374985	156375175	SINE/MIR	500	-	95	156375080	46236
chr6	156328844	156528844	harbor2	chr6	156388027	156388257	SINE/MIR	795	-	115	156388142	59298
chr6	156328844	156528844	harbor2	chr6	156385155	156385400	SINE/MIR	710	-	122	156385277	56433
chr6	155518162	155718162	harbor2	chr6	155526639	155526849	SINE/MIR	576	-	105	155526744	8582
chr6	155518162	155718162	harbor2	chr6	155543891	155544085	SINE/MIR	425	-	97	155543988	25826
chr6	155518162	155718162	harbor2	chr6	155592751	155592925	SINE/MIR	646	-	87	155592838	74676
chr6	161856379	162056379	harbor2	chr6	161925850	161926067	SINE/MIR	641	-	108	161925958	69579
chr6	161856379	162056379	harbor2	chr6	161928624	161928804	SINE/MIR	512	-	90	161928714	72335
chr6	116187857	116387857	harbor2	chr6	116190933	116191090	SINE/MIR	580	-	78	116191011	3154
chr6	116187857	116387857	harbor2	chr6	116206285	116206469	SINE/MIR	523	-	92	116206377	18520
chr6	116187857	116387857	harbor2	chr6	116233754	116233893	SINE/MIR	533	-	70	116233824	45967
chr6	116187857	116387857	harbor2	chr6	116246922	116247131	SINE/MIR	535	-	104	116247026	59169
chr6	116187857	116387857	harbor2	chr6	116257146	116257383	SINE/MIR	756	-	118	116257264	69407
chr6	116187857	116387857	harbor2	chr6	116284246	116284482	SINE/MIR	703	-	118	116284364	96507
chr6	66868899	67068899	harbor2	chr6	66899461	66899679	SINE/MIR	691	-	109	66899570	30671
chr6	156263374	156463374	harbor2	chr6	156335381	156335623	SINE/MIR	450	-	121	156335502	72128
chr6	156263374	156463374	harbor2	chr6	156337007	156337250	SINE/MIR	576	-	122	156337129	73755
chr6	161720605	161920605	harbor2	chr6	161737519	161737721	SINE/MIR	511	-	101	161737620	17015
chr6	161720605	161920605	harbor2	chr6	161744893	161745092	SINE/MIR	542	-	100	161744993	24388
chr6	66837425	67037425	harbor2	chr6	66899461	66899679	SINE/MIR	691	-	109	66899570	62145
chr6	129780150	129980150	harbor2	chr6	129832618	129832804	SINE/MIR	435	-	93	129832711	52561
chr6	129780150	129980150	harbor2	chr6	129849962	129850126	SINE/MIR	485	-	82	129850044	69894
chr6	146888609	147088609	harbor2	chr6	146911317	146911450	SINE/MIR	411	-	66	146911383	22774
chr6	146888609	147088609	harbor2	chr6	146928042	146928255	SINE/MIR	474	-	106	146928148	39539
chr6	146888609	147088609	harbor2	chr6	146929719	146929930	SINE/MIR	408	-	106	146929825	41216
chr6	146888609	147088609	harbor2	chr6	146945800	146946035	SINE/MIR	856	-	118	146945918	57309
chr6	146888609	147088609	harbor2	chr6	146955656	146955887	SINE/MIR	748	-	116	146955772	67163
chr6	146888609	147088609	harbor2	chr6	146971285	146971519	SINE/MIR	426	-	117	146971402	82793
chr6	146888609	147088609	harbor2	chr6	146976379	146976615	SINE/MIR	819	-	118	146976497	87888
chr6	168808701	169008701	harbor2	chr6	168905264	168905438	SINE/MIR	577	-	87	168905351	96650
chr6	140226038	140426038	harbor2	chr6	140325192	140325414	SINE/MIR	449	-	111	140325303	99265
chr6	90147112	90347112	harbor2	chr6	90178936	90179136	SINE/MIR	508	-	100	90179036	31924
chr6	90147112	90347112	harbor2	chr6	90186699	90186929	SINE/MIR	675	-	115	90186814	39702
chr6	90147112	90347112	harbor2	chr6	90187745	90187947	SINE/MIR	461	-	101	90187846	40734
chr6	90147112	90347112	harbor2	chr6	90195921	90196132	SINE/MIR	438	-	106	90196027	48915
chr6	90147112	90347112	harbor2	chr6	90206060	90206303	SINE/MIR	844	-	122	90206182	59070
chr6	90147112	90347112	harbor2	chr6	90244273	90244433	SINE/MIR	599	-	80	90244353	97241
chr6	90147112	90347112	harbor2	chr6	90177340	90177574	SINE/MIR	702	-	117	90177457	30345
chr6	159849420	160049420	harbor2	chr6	159878133	159878282	SINE/MIR	599	-	74	159878207	28787
chr6	158008970	158208970	harbor2	chr6	158029740	158029986	SINE/MIR	684	-	123	158029863	20893
chr6	115317808	115517808	harbor2	chr6	115320534	115320775	SINE/MIR	781	-	120	115320654	2846
chr6	115317808	115517808	harbor2	chr6	115360965	115361199	SINE/MIR	412	-	117	115361082	43274
chr6	115317808	115517808	harbor2	chr6	115361882	115361999	SINE/MIR	468	-	58	115361940	44132
chr6	115317808	115517808	harbor2	chr6	115378787	115378927	SINE/MIR	475	-	70	115378857	61049
chr6	167670830	167870830	harbor2	chr6	167719054	167719208	SINE/MIR	491	-	77	167719131	48301
chr6	127770974	127970974	harbor2	chr6	127786505	127786682	SINE/MIR	615	-	88	127786593	15619
chr6	127770974	127970974	harbor2	chr6	127853699	127853924	SINE/MIR	728	-	112	127853811	82837
chr6	72276611	72476611	harbor2	chr6	72280946	72281081	SINE/MIR	402	-	68	72281014	4403
chr6	72276611	72476611	harbor2	chr6	72298250	72298483	SINE/MIR	470	-	116	72298366	21755
chr6	72276611	72476611	harbor2	chr6	72338717	72338841	SINE/MIR	550	-	62	72338779	62168
chr6	72276611	72476611	harbor2	chr6	72351413	72351690	SINE/MIR	491	-	138	72351551	74940
chr6	72276611	72476611	harbor2	chr6	72351929	72352055	SINE/MIR	620	-	63	72351992	75381
chr6	72276611	72476611	harbor2	chr6	72352313	72352471	SINE/MIR	482	-	79	72352392	75781
chr6	72276611	72476611	harbor2	chr6	72353772	72353937	SINE/MIR	442	-	82	72353854	77243
chr6	72276611	72476611	harbor2	chr6	72354250	72354294	SINE/MIR	442	-	22	72354272	77661
chr6	165066872	165266872	harbor2	chr6	165077646	165077752	SINE/MIR	479	-	53	165077699	10827
chr6	167536745	167736745	harbor2	chr6	167571475	167571687	SINE/MIR	508	-	106	167571581	34836
chr6	153121046	153321046	harbor2	chr6	153127405	153127628	SINE/MIR	568	-	112	153127517	6471
chr6	153121046	153321046	harbor2	chr6	153133009	153133118	SINE/MIR	407	-	54	153133063	12017
chr6	153121046	153321046	harbor2	chr6	153181920	153182166	SINE/MIR	598	-	123	153182043	60997
chr6	70577198	70777198	harbor2	chr6	70587917	70588077	SINE/MIR	508	-	80	70587997	10799
chr6	117290755	117490755	harbor2	chr6	117327505	117327655	SINE/MIR	461	-	75	117327580	36825
chr6	117290755	117490755	harbor2	chr6	117353319	117353498	SINE/MIR	508	-	90	117353409	62654
chr6	117290755	117490755	harbor2	chr6	117359285	117359503	SINE/MIR	765	-	109	117359394	68639
chr6	117290755	117490755	harbor2	chr6	117382720	117382891	SINE/MIR	434	-	86	117382806	92051
chr6	117290755	117490755	harbor2	chr6	117386063	117386285	SINE/MIR	481	-	111	117386174	95419
chr6	117290755	117490755	harbor2	chr6	117388469	117388513	SINE/MIR	805	-	22	117388491	97736
chr6	117290755	117490755	harbor2	chr6	117388738	117388963	SINE/MIR	805	-	112	117388850	98095
chr6	116916365	117116365	harbor2	chr6	116952701	116952905	SINE/MIR	661	-	102	116952803	36438
chr6	116916365	117116365	harbor2	chr6	116953410	116953624	SINE/MIR	642	-	107	116953517	37152
chr6	116916365	117116365	harbor2	chr6	116989893	116990125	SINE/MIR	949	-	116	116990009	73644
chr6	116916365	117116365	harbor2	chr6	117008259	117008403	SINE/MIR	441	-	72	117008331	91966
chr6	145015612	145215612	harbor2	chr6	145102318	145102575	SINE/MIR	682	-	128	145102446	86834
chr6	145015612	145215612	harbor2	chr6	145031064	145031284	SINE/MIR	518	-	110	145031174	15562
chr6	125468561	125668561	harbor2	chr6	125502336	125502572	SINE/MIR	748	-	118	125502454	33893
chr6	125468561	125668561	harbor2	chr6	125550063	125550237	SINE/MIR	668	-	87	125550150	81589
chr6	125468561	125668561	harbor2	chr6	125557090	125557254	SINE/MIR	529	-	82	125557172	88611
chr6	150209643	150409643	harbor2	chr6	150237587	150237830	SINE/MIR	514	-	122	150237709	28066
chr6	150209643	150409643	harbor2	chr6	150251924	150252122	SINE/MIR	624	-	99	150252023	42380
chr6	150209643	150409643	harbor2	chr6	150258451	150258665	SINE/MIR	552	-	107	150258558	48915
chr6	150209643	150409643	harbor2	chr6	150268655	150268878	SINE/MIR	568	-	112	150268767	59124
chr6	150209643	150409643	harbor2	chr6	150278922	150279124	SINE/MIR	677	-	101	150279023	69380
chr6	150209643	150409643	harbor2	chr6	150281332	150281516	SINE/MIR	469	-	92	150281424	71781
chr6	72593689	72793689	harbor2	chr6	72612857	72613047	SINE/MIR	548	-	95	72612952	19263
chr6	72593689	72793689	harbor2	chr6	72631856	72632090	SINE/MIR	754	-	117	72631973	38284
chr6	72593689	72793689	harbor2	chr6	72660131	72660354	SINE/MIR	610	-	112	72660243	66554
chr6	72593689	72793689	harbor2	chr6	72678264	72678469	SINE/MIR	648	-	102	72678366	84677
chr6	72593689	72793689	harbor2	chr6	72681303	72681527	SINE/MIR	564	-	112	72681415	87726
chr6	82153051	82353051	harbor2	chr6	82174067	82174225	SINE/MIR	426	-	79	82174146	21095
chr6	82153051	82353051	harbor2	chr6	82174693	82174894	SINE/MIR	517	-	100	82174793	21742
chr6	161954446	162154446	harbor2	chr6	162026894	162027127	SINE/MIR	539	-	116	162027010	72564
chr6	27979642	28179642	harbor2	chr6	27990000	27990209	SINE/MIR	415	-	104	27990104	10462
chr6	27979642	28179642	harbor2	chr6	28020199	28020382	SINE/MIR	453	-	92	28020291	40649
chr6	27979642	28179642	harbor2	chr6	28026962	28027157	SINE/MIR	526	-	98	28027060	47418
chr6	104218893	104418893	harbor2	chr6	104223612	104223813	SINE/MIR	527	-	100	104223712	4819
chr6	143423242	143623242	harbor2	chr6	143443013	143443228	SINE/MIR	636	-	108	143443121	19879
chr6	143423242	143623242	harbor2	chr6	143452879	143453122	SINE/MIR	698	-	122	143453001	29759
chr6	143423242	143623242	harbor2	chr6	143456105	143456268	SINE/MIR	463	-	82	143456187	32945
chr6	143423242	143623242	harbor2	chr6	143463770	143463894	SINE/MIR	416	-	62	143463832	40590
chr6	143423242	143623242	harbor2	chr6	143477682	143477796	SINE/MIR	554	-	57	143477739	54497
chr6	143423242	143623242	harbor2	chr6	143481292	143481491	SINE/MIR	480	-	100	143481392	58150
chr6	143423242	143623242	harbor2	chr6	143521310	143521560	SINE/MIR	601	-	125	143521435	98193
chr6	155757033	155957033	harbor2	chr6	155762977	155763215	SINE/MIR	724	-	119	155763096	6063
chr6	155757033	155957033	harbor2	chr6	155785457	155785624	SINE/MIR	436	-	84	155785541	28508
chr6	155757033	155957033	harbor2	chr6	155821973	155822197	SINE/MIR	548	-	112	155822085	65052
chr6	155757033	155957033	harbor2	chr6	155855569	155855807	SINE/MIR	797	-	119	155855688	98655
chr6	113526634	113726634	harbor2	chr6	113561310	113561484	SINE/MIR	482	-	87	113561397	34763
chr6	113526634	113726634	harbor2	chr6	113581182	113581363	SINE/MIR	745	-	90	113581272	54638
chr6	101029160	101229160	harbor2	chr6	101116718	101116905	SINE/MIR	420	-	94	101116812	87652
chr6	101029160	101229160	harbor2	chr6	101119487	101119566	SINE/MIR	455	-	40	101119527	90367
chr6	101029160	101229160	harbor2	chr6	101119868	101119944	SINE/MIR	455	-	38	101119906	90746
chr6	101029160	101229160	harbor2	chr6	101122956	101123077	SINE/MIR	513	-	60	101123016	93856
chr6	165795412	165995412	harbor2	chr6	165877754	165877980	SINE/MIR	585	-	113	165877867	82455
chr6	161903771	162103771	harbor2	chr6	161925850	161926067	SINE/MIR	641	-	108	161925958	22187
chr6	161903771	162103771	harbor2	chr6	161928624	161928804	SINE/MIR	512	-	90	161928714	24943
chr6	140870200	141070200	harbor2	chr6	140879206	140879371	SINE/MIR	503	-	82	140879288	9088
chr6	123435705	123635705	harbor2	chr6	123461121	123461295	SINE/MIR	458	-	87	123461208	25503
chr6	123435705	123635705	harbor2	chr6	123464410	123464563	SINE/MIR	521	-	76	123464486	28781
chr6	123435705	123635705	harbor2	chr6	123466292	123466481	SINE/MIR	452	-	94	123466386	30681
chr6	123435705	123635705	harbor2	chr6	123526914	123527122	SINE/MIR	593	-	104	123527018	91313
chr6	75403514	75603514	harbor2	chr6	75417584	75417795	SINE/MIR	612	-	106	75417690	14176
chr6	75403514	75603514	harbor2	chr6	75461163	75461361	SINE/MIR	604	-	99	75461262	57748
chr6	75403514	75603514	harbor2	chr6	75489553	75489711	SINE/MIR	557	-	79	75489632	86118
chr6	75403514	75603514	harbor2	chr6	75497735	75497987	SINE/MIR	1078	-	126	75497861	94347
chr6	156818824	157018824	harbor2	chr6	156841570	156841872	SINE/MIR	663	-	151	156841721	22897
chr6	156818824	157018824	harbor2	chr6	156842745	156842911	SINE/MIR	455	-	83	156842828	24004
chr6	156818824	157018824	harbor2	chr6	156856329	156856582	SINE/MIR	617	-	126	156856455	37631
chr6	156818824	157018824	harbor2	chr6	156857093	156857282	SINE/MIR	530	-	94	156857187	38363
chr6	156954378	157154378	harbor2	chr6	156990940	156991170	SINE/MIR	728	-	115	156991055	36677
chr6	156954378	157154378	harbor2	chr6	156997452	156997642	SINE/MIR	426	-	95	156997547	43169
chr6	156954378	157154378	harbor2	chr6	157009706	157009902	SINE/MIR	442	-	98	157009804	55426
chr6	156954378	157154378	harbor2	chr6	157041593	157041759	SINE/MIR	472	-	83	157041676	87298
chr6	166940676	167140676	harbor2	chr6	166954371	166954506	SINE/MIR	491	-	68	166954439	13763
chr6	166940676	167140676	harbor2	chr6	166990564	166990696	SINE/MIR	552	-	66	166990630	49954
chr6	166940676	167140676	harbor2	chr6	167028620	167028747	SINE/MIR	533	-	64	167028684	88008
chr6	156583979	156783979	harbor2	chr6	156644265	156644406	SINE/MIR	531	-	70	156644335	60356
chr6	109930813	110130813	harbor2	chr6	109935020	109935273	SINE/MIR	683	-	126	109935146	4333
chr6	109930813	110130813	harbor2	chr6	110009921	110010019	SINE/MIR	405	-	49	110009970	79157
chr6	136041197	136241197	harbor2	chr6	136060534	136060712	SINE/MIR	631	-	89	136060623	19426
chr6	136041197	136241197	harbor2	chr6	136107589	136107781	SINE/MIR	593	-	96	136107685	66488
chr6	136041197	136241197	harbor2	chr6	136118473	136118647	SINE/MIR	571	-	87	136118560	77363
chr6	133055704	133255704	harbor2	chr6	133058704	133058911	SINE/MIR	741	-	104	133058808	3104
chr6	133055704	133255704	harbor2	chr6	133072750	133072947	SINE/MIR	632	-	98	133072848	17144
chr6	133055704	133255704	harbor2	chr6	133080529	133080688	SINE/MIR	525	-	80	133080609	24905
chr6	133055704	133255704	harbor2	chr6	133111779	133112004	SINE/MIR	601	-	112	133111891	56187
chr6	133055704	133255704	harbor2	chr6	133126014	133126269	SINE/MIR	583	-	128	133126142	70438
chr6	161264527	161464527	harbor2	chr6	161282598	161282763	SINE/MIR	414	-	82	161282680	18153
chr6	154734902	154934902	harbor2	chr6	154744489	154744633	SINE/MIR	412	-	72	154744561	9659
chr6	145161065	145361065	harbor2	chr6	145204922	145205049	SINE/MIR	459	-	64	145204986	43921
chr6	145161065	145361065	harbor2	chr6	145218439	145218689	SINE/MIR	689	-	125	145218564	57499
chr6	145161065	145361065	harbor2	chr6	145226122	145226359	SINE/MIR	538	-	118	145226240	65175
chr6	145161065	145361065	harbor2	chr6	145227157	145227395	SINE/MIR	407	-	119	145227276	66211
chr6	138097019	138297019	harbor2	chr6	138097586	138097730	SINE/MIR	457	-	72	138097658	639
chr6	138097019	138297019	harbor2	chr6	138109938	138110099	SINE/MIR	628	-	80	138110018	12999
chr6	138097019	138297019	harbor2	chr6	138117353	138117589	SINE/MIR	693	-	118	138117471	20452
chr6	138097019	138297019	harbor2	chr6	138121325	138121603	SINE/MIR	591	-	139	138121464	24445
chr6	138097019	138297019	harbor2	chr6	138168997	138169236	SINE/MIR	525	-	120	138169117	72098
chr6	138097019	138297019	harbor2	chr6	138185841	138186056	SINE/MIR	611	-	108	138185949	88930
chr6	138097019	138297019	harbor2	chr6	138117093	138117336	SINE/MIR	707	-	122	138117215	20196
chr6	163531058	163731058	harbor2	chr6	163613200	163613239	SINE/MIR	515	-	20	163613220	82162
chr6	163531058	163731058	harbor2	chr6	163613426	163613535	SINE/MIR	515	-	54	163613480	82422
chr6	168074650	168274650	harbor2	chr6	168164646	168164889	SINE/MIR	717	-	122	168164768	90118
chr6	112532305	112732305	harbor2	chr6	112557149	112557319	SINE/MIR	453	-	85	112557234	24929
chr6	112532305	112732305	harbor2	chr6	112571830	112572064	SINE/MIR	692	-	117	112571947	39642
chr6	112532305	112732305	harbor2	chr6	112595743	112595938	SINE/MIR	460	-	98	112595841	63536
chr6	112532305	112732305	harbor2	chr6	112598431	112598608	SINE/MIR	404	-	88	112598519	66214
chr6	140145928	140345928	harbor2	chr6	140165431	140165618	SINE/MIR	510	-	94	140165525	19597
chr6	140145928	140345928	harbor2	chr6	140224879	140225028	SINE/MIR	442	-	74	140224953	79025
chr6	83276125	83476125	harbor2	chr6	83304046	83304238	SINE/MIR	471	-	96	83304142	28017
chr6	83276125	83476125	harbor2	chr6	83347771	83347973	SINE/MIR	431	-	101	83347872	71747
chr6	144120730	144320730	harbor2	chr6	144132592	144132752	SINE/MIR	430	-	80	144132672	11942
chr6	144120730	144320730	harbor2	chr6	144133270	144133505	SINE/MIR	748	-	118	144133388	12658
chr6	144120730	144320730	harbor2	chr6	144153965	144154189	SINE/MIR	578	-	112	144154077	33347
chr6	144120730	144320730	harbor2	chr6	144165765	144166007	SINE/MIR	566	-	121	144165886	45156
chr6	144120730	144320730	harbor2	chr6	144170855	144170990	SINE/MIR	439	-	68	144170923	50193
chr6	144120730	144320730	harbor2	chr6	144210730	144210896	SINE/MIR	485	-	83	144210813	90083
chr6	164416284	164616284	harbor2	chr6	164449940	164450110	SINE/MIR	453	-	85	164450025	33741
chr6	108950817	109150817	harbor2	chr6	108955380	108955579	SINE/MIR	572	-	100	108955480	4663
chr6	108950817	109150817	harbor2	chr6	108958742	108958947	SINE/MIR	774	-	102	108958844	8027
chr6	108950817	109150817	harbor2	chr6	109006221	109006294	SINE/MIR	451	-	36	109006257	55440
chr6	108950817	109150817	harbor2	chr6	109006504	109006620	SINE/MIR	451	-	58	109006562	55745
chr6	108950817	109150817	harbor2	chr6	109022385	109022411	SINE/MIR	553	-	13	109022398	71581
chr6	108950817	109150817	harbor2	chr6	109022714	109022896	SINE/MIR	553	-	91	109022805	71988
chr6	108950817	109150817	harbor2	chr6	109030733	109030942	SINE/MIR	541	-	104	109030837	80020
chr6	86640098	86840098	harbor2	chr6	86649901	86650094	SINE/MIR	472	-	96	86649997	9899
chr6	86640098	86840098	harbor2	chr6	86686012	86686197	SINE/MIR	433	-	92	86686104	46006
chr6	86640098	86840098	harbor2	chr6	86687255	86687369	SINE/MIR	495	-	57	86687312	47214
chr6	96301735	96501735	harbor2	chr6	96301751	96302010	SINE/MIR	529	-	130	96301881	146
chr6	96301735	96501735	harbor2	chr6	96389969	96390157	SINE/MIR	493	-	94	96390063	88328
chr6	112793836	112993836	harbor2	chr6	112827419	112827629	SINE/MIR	770	-	105	112827524	33688
chr6	112793836	112993836	harbor2	chr6	112829176	112829398	SINE/MIR	506	-	111	112829287	35451
chr6	112793836	112993836	harbor2	chr6	112852154	112852399	SINE/MIR	415	-	122	112852276	58440
chr6	112793836	112993836	harbor2	chr6	112890216	112890411	SINE/MIR	521	-	98	112890314	96478
chr6	134125113	134325113	harbor2	chr6	134220261	134220389	SINE/MIR	420	-	64	134220325	95212
chr6	157528997	157728997	harbor2	chr6	157543907	157544121	SINE/MIR	453	-	107	157544014	15017
chr6	157528997	157728997	harbor2	chr6	157551254	157551432	SINE/MIR	429	-	89	157551343	22346
chr6	157528997	157728997	harbor2	chr6	157556294	157556512	SINE/MIR	467	-	109	157556403	27406
chr6	161270863	161470863	harbor2	chr6	161282598	161282763	SINE/MIR	414	-	82	161282680	11817
chr6	131451807	131651807	harbor2	chr6	131509825	131510007	SINE/MIR	614	-	91	131509916	58109
chr6	127992873	128192873	harbor2	chr6	127994390	127994567	SINE/MIR	697	-	88	127994478	1605
chr6	127992873	128192873	harbor2	chr6	128001610	128001777	SINE/MIR	410	-	84	128001694	8821
chr6	127992873	128192873	harbor2	chr6	128054405	128054622	SINE/MIR	444	-	108	128054513	61640
chr6	127992873	128192873	harbor2	chr6	128062619	128062682	SINE/MIR	494	-	32	128062651	69778
chr6	127992873	128192873	harbor2	chr6	128062978	128063158	SINE/MIR	494	-	90	128063068	70195
chr6	106442911	106642911	harbor2	chr6	106445574	106445749	SINE/MIR	644	-	88	106445662	2751
chr6	106442911	106642911	harbor2	chr6	106517718	106517856	SINE/MIR	452	-	69	106517787	74876
chr6	154697768	154897768	harbor2	chr6	154744489	154744633	SINE/MIR	412	-	72	154744561	46793
chr6	118034344	118234344	harbor2	chr6	118060769	118060955	SINE/MIR	469	-	93	118060862	26518
chr6	118034344	118234344	harbor2	chr6	118083978	118084191	SINE/MIR	695	-	106	118084084	49740
chr6	118034344	118234344	harbor2	chr6	118098146	118098389	SINE/MIR	537	-	122	118098268	63924
chr6	118034344	118234344	harbor2	chr6	118100010	118100221	SINE/MIR	1031	-	106	118100116	65772
chr6	118034344	118234344	harbor2	chr6	118114045	118114241	SINE/MIR	580	-	98	118114143	79799
chr6	118034344	118234344	harbor2	chr6	118121333	118121530	SINE/MIR	589	-	98	118121431	87087
chr6	118034344	118234344	harbor2	chr6	118046683	118046886	SINE/MIR	596	-	102	118046785	12441
chr6	166093247	166293247	harbor2	chr6	166155890	166156079	SINE/MIR	403	-	94	166155984	62737
chr6	166093247	166293247	harbor2	chr6	166160418	166160565	SINE/MIR	513	-	74	166160492	67245
chr6	170617719	170817719	harbor2	chr6	170691313	170691543	SINE/MIR	676	-	115	170691428	73709
chr6	152479011	152679011	harbor2	chr6	152553013	152553268	SINE/MIR	436	-	128	152553141	74130
chr6	149360081	149560081	harbor2	chr6	149433446	149433686	SINE/MIR	619	-	120	149433566	73485
chr6	149360081	149560081	harbor2	chr6	149455003	149455195	SINE/MIR	497	-	96	149455099	95018
chr6	165728998	165928998	harbor2	chr6	165742065	165742175	SINE/MIR	416	-	55	165742120	13122
chr6	165728998	165928998	harbor2	chr6	165747362	165747572	SINE/MIR	560	-	105	165747467	18469
chr6	165728998	165928998	harbor2	chr6	165760720	165760833	SINE/MIR	474	-	56	165760776	31778
chr6	165728998	165928998	harbor2	chr6	165763851	165763957	SINE/MIR	444	-	53	165763904	34906
chr6	165728998	165928998	harbor2	chr6	165793847	165794091	SINE/MIR	560	-	122	165793969	64971
chr6	125081735	125281735	harbor2	chr6	125082371	125082554	SINE/MIR	416	-	92	125082463	728
chr6	125081735	125281735	harbor2	chr6	125155753	125155888	SINE/MIR	433	-	68	125155821	74086
chr6	125081735	125281735	harbor2	chr6	125163959	125164126	SINE/MIR	480	-	84	125164043	82308
chr6	128827983	129027983	harbor2	chr6	128896912	128897140	SINE/MIR	620	-	114	128897026	69043
chr6	150573167	150773167	harbor2	chr6	150575310	150575532	SINE/MIR	686	-	111	150575421	2254
chr6	150573167	150773167	harbor2	chr6	150584318	150584532	SINE/MIR	453	-	107	150584425	11258
chr6	150573167	150773167	harbor2	chr6	150598904	150599126	SINE/MIR	707	-	111	150599015	25848
chr6	150573167	150773167	harbor2	chr6	150615889	150616094	SINE/MIR	734	-	102	150615991	42824
chr6	150573167	150773167	harbor2	chr6	150639921	150640106	SINE/MIR	604	-	92	150640013	66846
chr6	156566783	156766783	harbor2	chr6	156644265	156644406	SINE/MIR	531	-	70	156644335	77552
chr6	119577673	119777673	harbor2	chr6	119587426	119587664	SINE/MIR	478	-	119	119587545	9872
chr6	119577673	119777673	harbor2	chr6	119591657	119591847	SINE/MIR	696	-	95	119591752	14079
chr6	119577673	119777673	harbor2	chr6	119610240	119610404	SINE/MIR	626	-	82	119610322	32649
chr6	119577673	119777673	harbor2	chr6	119639454	119639663	SINE/MIR	503	-	104	119639558	61885
chr6	156584004	156784004	harbor2	chr6	156644265	156644406	SINE/MIR	531	-	70	156644335	60331
chr6	158190498	158390498	harbor2	chr6	158191032	158191212	SINE/MIR	446	-	90	158191122	624
chr6	158190498	158390498	harbor2	chr6	158254568	158254788	SINE/MIR	469	-	110	158254678	64180
chr6	158190498	158390498	harbor2	chr6	158272562	158272756	SINE/MIR	594	-	97	158272659	82161
chr6	158190498	158390498	harbor2	chr6	158273785	158273963	SINE/MIR	770	-	89	158273874	83376
chr6	121774161	121974161	harbor2	chr6	121776315	121776566	SINE/MIR	730	-	126	121776441	2280
chr6	121774161	121974161	harbor2	chr6	121781865	121782071	SINE/MIR	447	-	103	121781968	7807
chr6	121774161	121974161	harbor2	chr6	121789316	121789500	SINE/MIR	433	-	92	121789408	15247
chr6	65337740	65537740	harbor2	chr6	65429910	65430069	SINE/MIR	606	-	80	65429990	92250
chr6	144827223	145027223	harbor2	chr6	144838552	144838785	SINE/MIR	826	-	116	144838668	11445
chr6	144827223	145027223	harbor2	chr6	144878246	144878484	SINE/MIR	480	-	119	144878365	51142
chr6	144827223	145027223	harbor2	chr6	144897714	144897842	SINE/MIR	420	-	64	144897778	70555
chr6	144827223	145027223	harbor2	chr6	144903931	144904155	SINE/MIR	412	-	112	144904043	76820
chr6	136359282	136559282	harbor2	chr6	136403294	136403510	SINE/MIR	605	-	108	136403402	44120
chr6	136359282	136559282	harbor2	chr6	136417502	136417749	SINE/MIR	433	-	124	136417626	58344
chr6	136359282	136559282	harbor2	chr6	136421398	136421592	SINE/MIR	506	-	97	136421495	62213
chr6	160638041	160838041	harbor2	chr6	160669261	160669392	SINE/MIR	408	-	66	160669327	31286
chr6	170274809	170474809	harbor2	chr6	170321737	170321848	SINE/MIR	451	-	56	170321793	46984
chr6	154042696	154242696	harbor2	chr6	154096563	154096787	SINE/MIR	524	-	112	154096675	53979
chr6	83769979	83969979	harbor2	chr6	83779087	83779248	SINE/MIR	408	-	80	83779167	9188
chr6	83769979	83969979	harbor2	chr6	83781926	83782187	SINE/MIR	692	-	130	83782056	12077
chr6	83769979	83969979	harbor2	chr6	83789435	83789652	SINE/MIR	481	-	108	83789543	19564
chr6	83769979	83969979	harbor2	chr6	83812632	83812874	SINE/MIR	1003	-	121	83812753	42774
chr6	83769979	83969979	harbor2	chr6	83860807	83860944	SINE/MIR	446	-	68	83860875	90896
chr6	140557701	140757701	harbor2	chr6	140570646	140570807	SINE/MIR	424	-	80	140570726	13025
chr6	140557701	140757701	harbor2	chr6	140607605	140607823	SINE/MIR	458	-	109	140607714	50013
chr6	116240826	116440826	harbor2	chr6	116246922	116247131	SINE/MIR	535	-	104	116247026	6200
chr6	116240826	116440826	harbor2	chr6	116257146	116257383	SINE/MIR	756	-	118	116257264	16438
chr6	116240826	116440826	harbor2	chr6	116284246	116284482	SINE/MIR	703	-	118	116284364	43538
chr6	116240826	116440826	harbor2	chr6	116289939	116290187	SINE/MIR	746	-	124	116290063	49237
chr6	116240826	116440826	harbor2	chr6	116315493	116315625	SINE/MIR	429	-	66	116315559	74733
chr6	116240826	116440826	harbor2	chr6	116318092	116318224	SINE/MIR	447	-	66	116318158	77332
chr6	116240826	116440826	harbor2	chr6	116318531	116318629	SINE/MIR	447	-	49	116318580	77754
chr6	116240826	116440826	harbor2	chr6	116337025	116337220	SINE/MIR	560	-	98	116337123	96297
chr6	84171601	84371601	harbor2	chr6	84173448	84173583	SINE/MIR	645	-	68	84173516	1915
chr6	84171601	84371601	harbor2	chr6	84222490	84222707	SINE/MIR	552	-	108	84222598	50997
chr6	84171601	84371601	harbor2	chr6	84263169	84263318	SINE/MIR	599	-	74	84263243	91642
chr6	84171601	84371601	harbor2	chr6	84263361	84263535	SINE/MIR	660	-	87	84263448	91847
chr6	84171601	84371601	harbor2	chr6	84267095	84267312	SINE/MIR	483	-	108	84267203	95602
chr6	140105758	140305758	harbor2	chr6	140137617	140137865	SINE/MIR	446	-	124	140137741	31983
chr6	140105758	140305758	harbor2	chr6	140165431	140165618	SINE/MIR	510	-	94	140165525	59767
chr7	102823324	103023324	harbor2	chr7	102864759	102864995	SINE/MIR	833	-	118	102864877	41553
chr7	116098646	116298646	harbor2	chr7	116115824	116116026	SINE/MIR	600	-	101	116115925	17279
chr7	57105545	57305545	harbor2	chr7	57158732	57158969	SINE/MIR	671	-	118	57158850	53305
chr7	152391724	152591724	harbor2	chr7	152426683	152426888	SINE/MIR	674	-	102	152426785	35061
chr7	152391724	152591724	harbor2	chr7	152458345	152458379	SINE/MIR	447	-	17	152458362	66638
chr7	152391724	152591724	harbor2	chr7	152458683	152458800	SINE/MIR	447	-	58	152458741	67017
chr7	89648725	89848725	harbor2	chr7	89666616	89666837	SINE/MIR	655	-	110	89666726	18001
chr7	89648725	89848725	harbor2	chr7	89689496	89689751	SINE/MIR	523	-	128	89689624	40899
chr7	89648725	89848725	harbor2	chr7	89711568	89711833	SINE/MIR	698	-	132	89711700	62975
chr7	89648725	89848725	harbor2	chr7	89745947	89745996	SINE/MIR	582	-	24	89745971	97246
chr7	89648725	89848725	harbor2	chr7	89747032	89747195	SINE/MIR	582	-	82	89747114	98389
chr7	132080533	132280533	harbor2	chr7	132091964	132092214	SINE/MIR	551	-	125	132092089	11556
chr7	132080533	132280533	harbor2	chr7	132158519	132158720	SINE/MIR	646	-	100	132158619	78086
chr7	132080533	132280533	harbor2	chr7	132163404	132163558	SINE/MIR	544	-	77	132163481	82948
chr7	135320164	135520164	harbor2	chr7	135349428	135349649	SINE/MIR	551	-	110	135349538	29374
chr7	135320164	135520164	harbor2	chr7	135365413	135365597	SINE/MIR	644	-	92	135365505	45341
chr7	96290428	96490428	harbor2	chr7	96306007	96306207	SINE/MIR	802	-	100	96306107	15679
chr7	96290428	96490428	harbor2	chr7	96335563	96335644	SINE/MIR	670	-	40	96335603	45175
chr7	96290428	96490428	harbor2	chr7	96335946	96336141	SINE/MIR	670	-	98	96336044	45616
chr7	96290428	96490428	harbor2	chr7	96347917	96348027	SINE/MIR	612	-	55	96347972	57544
chr7	96290428	96490428	harbor2	chr7	96348339	96348492	SINE/MIR	612	-	76	96348415	57987
chr7	96290428	96490428	harbor2	chr7	96353278	96353475	SINE/MIR	611	-	98	96353376	62948
chr7	96290428	96490428	harbor2	chr7	96305015	96305245	SINE/MIR	472	-	115	96305130	14702
chr7	152673224	152873224	harbor2	chr7	152705173	152705388	SINE/MIR	804	-	108	152705281	32057
chr7	152673224	152873224	harbor2	chr7	152734752	152734994	SINE/MIR	738	-	121	152734873	61649
chr7	152673224	152873224	harbor2	chr7	152746663	152746835	SINE/MIR	631	-	86	152746749	73525
chr7	156141128	156341128	harbor2	chr7	156149944	156150187	SINE/MIR	551	-	122	156150066	8938
chr7	156141128	156341128	harbor2	chr7	156212328	156212548	SINE/MIR	515	-	110	156212438	71310
chr7	71902313	72102313	harbor2	chr7	71950249	71950381	SINE/MIR	465	-	66	71950315	48002
chr7	71902313	72102313	harbor2	chr7	71963730	71963961	SINE/MIR	619	-	116	71963846	61533
chr7	71902313	72102313	harbor2	chr7	71988139	71988365	SINE/MIR	449	-	113	71988252	85939
chr7	71902313	72102313	harbor2	chr7	71988821	71989023	SINE/MIR	441	-	101	71988922	86609
chr7	112010964	112210964	harbor2	chr7	112022274	112022412	SINE/MIR	504	-	69	112022343	11379
chr7	112010964	112210964	harbor2	chr7	112043982	112044216	SINE/MIR	810	-	117	112044099	33135
chr7	112010964	112210964	harbor2	chr7	112061901	112062107	SINE/MIR	552	-	103	112062004	51040
chr7	112010964	112210964	harbor2	chr7	112084797	112085049	SINE/MIR	586	-	126	112084923	73959
chr7	84029667	84229667	harbor2	chr7	84039143	84039359	SINE/MIR	605	-	108	84039251	9584
chr7	84029667	84229667	harbor2	chr7	84047292	84047521	SINE/MIR	462	-	114	84047406	17739
chr7	84029667	84229667	harbor2	chr7	84076206	84076403	SINE/MIR	450	-	98	84076304	46637
chr7	155116397	155316397	harbor2	chr7	155163723	155163948	SINE/MIR	571	-	112	155163835	47438
chr7	65240785	65440785	harbor2	chr7	65248407	65248580	SINE/MIR	571	-	86	65248493	7708
chr7	106812202	107012202	harbor2	chr7	106851173	106851406	SINE/MIR	651	-	116	106851289	39087
chr7	106812202	107012202	harbor2	chr7	106869846	106870075	SINE/MIR	758	-	114	106869960	57758
chr7	101720639	101920639	harbor2	chr7	101753011	101753259	SINE/MIR	447	-	124	101753135	32496
chr7	101720639	101920639	harbor2	chr7	101803860	101804020	SINE/MIR	470	-	80	101803940	83301
chr7	148288457	148488457	harbor2	chr7	148323062	148323281	SINE/MIR	590	-	110	148323172	34715
chr7	148288457	148488457	harbor2	chr7	148341521	148341650	SINE/MIR	511	-	64	148341585	53128
chr7	147003517	147203517	harbor2	chr7	147079109	147079344	SINE/MIR	654	-	118	147079227	75710
chr7	135866803	136066803	harbor2	chr7	135965173	135965390	SINE/MIR	475	-	108	135965281	98478
chr7	50551944	50751944	harbor2	chr7	50555641	50555864	SINE/MIR	566	-	112	50555753	3809
chr7	50551944	50751944	harbor2	chr7	50598530	50598686	SINE/MIR	585	-	78	50598608	46664
chr7	50551944	50751944	harbor2	chr7	50607540	50607689	SINE/MIR	539	-	74	50607614	55670
chr7	130801709	131001709	harbor2	chr7	130813813	130813949	SINE/MIR	452	-	68	130813881	12172
chr7	130801709	131001709	harbor2	chr7	130813978	130814219	SINE/MIR	982	-	120	130814098	12389
chr7	130801709	131001709	harbor2	chr7	130882335	130882570	SINE/MIR	490	-	118	130882453	80744
chr7	130801709	131001709	harbor2	chr7	130897977	130898149	SINE/MIR	678	-	86	130898063	96354
chr7	129161134	129361134	harbor2	chr7	129202106	129202363	SINE/MIR	1028	-	128	129202234	41100
chr7	129161134	129361134	harbor2	chr7	129217285	129217499	SINE/MIR	515	-	107	129217392	56258
chr7	129161134	129361134	harbor2	chr7	129229038	129229061	SINE/MIR	756	-	12	129229050	67916
chr7	129161134	129361134	harbor2	chr7	129229355	129229576	SINE/MIR	756	-	110	129229465	68331
chr7	129161134	129361134	harbor2	chr7	129230023	129230076	SINE/MIR	530	-	26	129230049	68915
chr7	129161134	129361134	harbor2	chr7	129230381	129230547	SINE/MIR	530	-	83	129230464	69330
chr7	129161134	129361134	harbor2	chr7	129232213	129232425	SINE/MIR	502	-	106	129232319	71185
chr7	114574153	114774153	harbor2	chr7	114618910	114619121	SINE/MIR	549	-	106	114619016	44863
chr7	117603072	117803072	harbor2	chr7	117661710	117661940	SINE/MIR	569	-	115	117661825	58753
chr7	155300054	155500054	harbor2	chr7	155306578	155306773	SINE/MIR	577	-	98	155306676	6622
chr7	155300054	155500054	harbor2	chr7	155324918	155325125	SINE/MIR	1074	-	104	155325022	24968
chr7	143673511	143873511	harbor2	chr7	143729105	143729313	SINE/MIR	643	-	104	143729209	55698
chr7	150979848	151179848	harbor2	chr7	151017592	151017808	SINE/MIR	481	-	108	151017700	37852
chr7	150979848	151179848	harbor2	chr7	151067564	151067721	SINE/MIR	448	-	78	151067642	87794
chr7	113636993	113836993	harbor2	chr7	113639588	113639817	SINE/MIR	488	-	114	113639702	2709
chr7	113636993	113836993	harbor2	chr7	113697455	113697702	SINE/MIR	573	-	124	113697579	60586
chr7	113636993	113836993	harbor2	chr7	113709624	113709793	SINE/MIR	481	-	84	113709708	72715
chr7	108197237	108397237	harbor2	chr7	108244994	108245238	SINE/MIR	458	-	122	108245116	47879
chr7	108197237	108397237	harbor2	chr7	108265604	108265717	SINE/MIR	444	-	56	108265660	68423
chr7	108197237	108397237	harbor2	chr7	108268878	108269067	SINE/MIR	878	-	94	108268972	71735
chr7	108197237	108397237	harbor2	chr7	108293684	108293900	SINE/MIR	695	-	108	108293792	96555
chr7	68941540	69141540	harbor2	chr7	68977863	68978058	SINE/MIR	460	-	98	68977961	36421
chr7	68941540	69141540	harbor2	chr7	68994615	68994867	SINE/MIR	461	-	126	68994741	53201
chr7	68941540	69141540	harbor2	chr7	69005605	69005767	SINE/MIR	450	-	81	69005686	64146
chr7	68941540	69141540	harbor2	chr7	69008165	69008347	SINE/MIR	539	-	91	69008256	66716
chr7	130790798	130990798	harbor2	chr7	130813813	130813949	SINE/MIR	452	-	68	130813881	23083
chr7	130790798	130990798	harbor2	chr7	130813978	130814219	SINE/MIR	982	-	120	130814098	23300
chr7	130790798	130990798	harbor2	chr7	130882335	130882570	SINE/MIR	490	-	118	130882453	91655
chr7	150455077	150655077	harbor2	chr7	150465811	150466051	SINE/MIR	464	-	120	150465931	10854
chr7	143403404	143603404	harbor2	chr7	143413313	143413545	SINE/MIR	787	-	116	143413429	10025
chr7	123349681	123549681	harbor2	chr7	123353031	123353255	SINE/MIR	529	-	112	123353143	3462
chr7	123349681	123549681	harbor2	chr7	123361774	123361927	SINE/MIR	500	-	76	123361850	12169
chr7	8695916	8895916	harbor2	chr7	8712611	8712810	SINE/MIR	677	-	100	8712711	16795
chr7	8695916	8895916	harbor2	chr7	8747043	8747263	SINE/MIR	808	-	110	8747153	51237
chr7	8695916	8895916	harbor2	chr7	8749173	8749410	SINE/MIR	1070	-	118	8749291	53375
chr7	8695916	8895916	harbor2	chr7	8756855	8757107	SINE/MIR	640	-	126	8756981	61065
chr7	153406449	153606449	harbor2	chr7	153424691	153424906	SINE/MIR	601	-	108	153424799	18350
chr7	134044141	134244141	harbor2	chr7	134050271	134050433	SINE/MIR	924	-	81	134050352	6211
chr7	134044141	134244141	harbor2	chr7	134053340	134053541	SINE/MIR	784	-	100	134053440	9299
chr7	134044141	134244141	harbor2	chr7	134063774	134063880	SINE/MIR	443	-	53	134063827	19686
chr7	134044141	134244141	harbor2	chr7	134071078	134071276	SINE/MIR	783	-	99	134071177	27036
chr7	134044141	134244141	harbor2	chr7	134105640	134105814	SINE/MIR	451	-	87	134105727	61586
chr7	134044141	134244141	harbor2	chr7	134134853	134134953	SINE/MIR	484	-	50	134134903	90762
chr7	134044141	134244141	harbor2	chr7	134135532	134135675	SINE/MIR	484	-	72	134135604	91463
chr7	40787092	40987092	harbor2	chr7	40796488	40796724	SINE/MIR	451	-	118	40796606	9514
chr7	40787092	40987092	harbor2	chr7	40800780	40801004	SINE/MIR	737	-	112	40800892	13800
chr7	40787092	40987092	harbor2	chr7	40803289	40803505	SINE/MIR	629	-	108	40803397	16305
chr7	40787092	40987092	harbor2	chr7	40830953	40831162	SINE/MIR	508	-	104	40831057	43965
chr7	40787092	40987092	harbor2	chr7	40850936	40851183	SINE/MIR	679	-	124	40851060	63968
chr7	40787092	40987092	harbor2	chr7	40876181	40876387	SINE/MIR	448	-	103	40876284	89192
chr7	151842393	152042393	harbor2	chr7	151856151	151856338	SINE/MIR	481	-	94	151856245	13852
chr7	151842393	152042393	harbor2	chr7	151861697	151861911	SINE/MIR	461	-	107	151861804	19411
chr7	151842393	152042393	harbor2	chr7	151901922	151902101	SINE/MIR	537	-	90	151902012	59619
chr7	156838302	157038302	harbor2	chr7	156898857	156899084	SINE/MIR	597	-	114	156898971	60669
chr7	156838302	157038302	harbor2	chr7	156915805	156916025	SINE/MIR	581	-	110	156915915	77613
chr7	57446033	57646033	harbor2	chr7	57511796	57511994	SINE/MIR	469	-	99	57511895	65862
chr7	134700347	134900347	harbor2	chr7	134718245	134718485	SINE/MIR	938	-	120	134718365	18018
chr7	134700347	134900347	harbor2	chr7	134729202	134729430	SINE/MIR	659	-	114	134729316	28969
chr7	134700347	134900347	harbor2	chr7	134740870	134741019	SINE/MIR	641	-	74	134740944	40597
chr7	134700347	134900347	harbor2	chr7	134761524	134761663	SINE/MIR	501	-	70	134761594	61247
chr7	134700347	134900347	harbor2	chr7	134789222	134789362	SINE/MIR	612	-	70	134789292	88945
chr7	130868684	131068684	harbor2	chr7	130882335	130882570	SINE/MIR	490	-	118	130882453	13769
chr7	130868684	131068684	harbor2	chr7	130897977	130898149	SINE/MIR	678	-	86	130898063	29379
chr7	130868684	131068684	harbor2	chr7	130916073	130916299	SINE/MIR	676	-	113	130916186	47502
chr7	130868684	131068684	harbor2	chr7	130952539	130952747	SINE/MIR	505	-	104	130952643	83959
chr7	130868684	131068684	harbor2	chr7	130968252	130968462	SINE/MIR	834	-	105	130968357	99673
chr7	157787057	157987057	harbor2	chr7	157807830	157808051	SINE/MIR	538	-	110	157807940	20883
chr7	139222123	139422123	harbor2	chr7	139237551	139237780	SINE/MIR	666	-	114	139237665	15542
chr7	139222123	139422123	harbor2	chr7	139294266	139294517	SINE/MIR	722	-	126	139294392	72269
chr7	120282487	120482487	harbor2	chr7	120295663	120295882	SINE/MIR	445	-	110	120295773	13286
chr7	120282487	120482487	harbor2	chr7	120302853	120303034	SINE/MIR	485	-	90	120302943	20456
chr7	120282487	120482487	harbor2	chr7	120328374	120328535	SINE/MIR	459	-	80	120328454	45967
chr7	156237581	156437581	harbor2	chr7	156254226	156254425	SINE/MIR	627	-	100	156254326	16745
chr7	156237581	156437581	harbor2	chr7	156270118	156270313	SINE/MIR	503	-	98	156270216	32635
chr7	156237581	156437581	harbor2	chr7	156279676	156279837	SINE/MIR	692	-	80	156279756	42175
chr7	143590674	143790674	harbor2	chr7	143599474	143599675	SINE/MIR	518	-	100	143599574	8900
chr7	143590674	143790674	harbor2	chr7	143606971	143607223	SINE/MIR	742	-	126	143607097	16423
chr7	154054491	154254491	harbor2	chr7	154071255	154071449	SINE/MIR	579	-	97	154071352	16861
chr7	147541126	147741126	harbor2	chr7	147570589	147570796	SINE/MIR	612	-	104	147570693	29567
chr7	128242757	128442757	harbor2	chr7	128247697	128247960	SINE/MIR	481	-	132	128247829	5072
chr7	128242757	128442757	harbor2	chr7	128264297	128264479	SINE/MIR	652	-	91	128264388	21631
chr7	128242757	128442757	harbor2	chr7	128317032	128317257	SINE/MIR	620	-	112	128317144	74387
chr7	140143500	140343500	harbor2	chr7	140190152	140190360	SINE/MIR	528	-	104	140190256	46756
chr7	140143500	140343500	harbor2	chr7	140231749	140231977	SINE/MIR	580	-	114	140231863	88363
chr7	140143500	140343500	harbor2	chr7	140237474	140237688	SINE/MIR	580	-	107	140237581	94081
chr7	39223880	39423880	harbor2	chr7	39229887	39230116	SINE/MIR	443	-	114	39230001	6121
chr7	39223880	39423880	harbor2	chr7	39261452	39261695	SINE/MIR	797	-	122	39261574	37694
chr7	39223880	39423880	harbor2	chr7	39270346	39270470	SINE/MIR	563	-	62	39270408	46528
chr7	39223880	39423880	harbor2	chr7	39306302	39306501	SINE/MIR	504	-	100	39306402	82522
chr7	39223880	39423880	harbor2	chr7	39305150	39305295	SINE/MIR	500	-	72	39305222	81342
chr7	107140879	107340879	harbor2	chr7	107175256	107175480	SINE/MIR	823	-	112	107175368	34489
chr7	107140879	107340879	harbor2	chr7	107177133	107177332	SINE/MIR	613	-	100	107177233	36354
chr7	107140879	107340879	harbor2	chr7	107193249	107193424	SINE/MIR	455	-	88	107193337	52458
chr7	107140879	107340879	harbor2	chr7	107219948	107220105	SINE/MIR	748	-	78	107220026	79147
chr7	142867782	143067782	harbor2	chr7	142886646	142886856	SINE/MIR	600	-	105	142886751	18969
chr7	142867782	143067782	harbor2	chr7	142964859	142965102	SINE/MIR	617	-	122	142964981	97199
chr7	152905932	153105932	harbor2	chr7	152919610	152919809	SINE/MIR	444	-	100	152919710	13778
chr7	152905932	153105932	harbor2	chr7	152985967	152986183	SINE/MIR	757	-	108	152986075	80143
chr7	146762074	146962074	harbor2	chr7	146789032	146789234	SINE/MIR	441	-	101	146789133	27059
chr7	139719990	139919990	harbor2	chr7	139741898	139742089	SINE/MIR	561	-	96	139741994	22004
chr7	139719990	139919990	harbor2	chr7	139805154	139805381	SINE/MIR	870	-	114	139805268	85278
chr7	156865305	157065305	harbor2	chr7	156898857	156899084	SINE/MIR	597	-	114	156898971	33666
chr7	156865305	157065305	harbor2	chr7	156915805	156916025	SINE/MIR	581	-	110	156915915	50610
chr7	152422028	152622028	harbor2	chr7	152426683	152426888	SINE/MIR	674	-	102	152426785	4757
chr7	152422028	152622028	harbor2	chr7	152458345	152458379	SINE/MIR	447	-	17	152458362	36334
chr7	152422028	152622028	harbor2	chr7	152458683	152458800	SINE/MIR	447	-	58	152458741	36713
chr7	152422028	152622028	harbor2	chr7	152510983	152511211	SINE/MIR	1173	-	114	152511097	89069
chr7	92243039	92443039	harbor2	chr7	92249740	92249861	SINE/MIR	592	-	60	92249800	6761
chr7	92243039	92443039	harbor2	chr7	92262845	92263035	SINE/MIR	513	-	95	92262940	19901
chr7	92243039	92443039	harbor2	chr7	92293895	92294143	SINE/MIR	478	-	124	92294019	50980
chr7	92243039	92443039	harbor2	chr7	92297047	92297266	SINE/MIR	663	-	110	92297157	54118
chr7	92243039	92443039	harbor2	chr7	92305224	92305327	SINE/MIR	497	-	52	92305276	62237
chr7	143362473	143562473	harbor2	chr7	143400156	143400385	SINE/MIR	723	-	114	143400270	37797
chr7	143362473	143562473	harbor2	chr7	143402652	143402831	SINE/MIR	570	-	90	143402742	40269
chr7	143362473	143562473	harbor2	chr7	143413313	143413545	SINE/MIR	787	-	116	143413429	50956
chr7	156887188	157087188	harbor2	chr7	156898857	156899084	SINE/MIR	597	-	114	156898971	11783
chr7	156887188	157087188	harbor2	chr7	156915805	156916025	SINE/MIR	581	-	110	156915915	28727
chr7	123912276	124112276	harbor2	chr7	123935321	123935514	SINE/MIR	517	-	96	123935417	23141
chr7	123912276	124112276	harbor2	chr7	123958886	123959071	SINE/MIR	638	-	92	123958978	46702
chr7	123912276	124112276	harbor2	chr7	123968913	123969107	SINE/MIR	474	-	97	123969010	56734
chr7	123912276	124112276	harbor2	chr7	123974145	123974351	SINE/MIR	606	-	103	123974248	61972
chr7	123912276	124112276	harbor2	chr7	123977200	123977257	SINE/MIR	757	-	28	123977228	64952
chr7	123912276	124112276	harbor2	chr7	123977880	123977990	SINE/MIR	757	-	55	123977935	65659
chr7	123912276	124112276	harbor2	chr7	123995020	123995234	SINE/MIR	874	-	107	123995127	82851
chr7	137464289	137664289	harbor2	chr7	137465308	137465466	SINE/MIR	511	-	79	137465387	1098
chr7	137464289	137664289	harbor2	chr7	137502629	137502791	SINE/MIR	515	-	81	137502710	38421
chr7	137464289	137664289	harbor2	chr7	137518154	137518320	SINE/MIR	496	-	83	137518237	53948
chr7	137464289	137664289	harbor2	chr7	137523775	137523964	SINE/MIR	491	-	94	137523869	59580
chr7	152875391	153075391	harbor2	chr7	152919610	152919809	SINE/MIR	444	-	100	152919710	44319
chr7	46416262	46616262	harbor2	chr7	46421183	46421375	SINE/MIR	547	-	96	46421279	5017
chr7	68025632	68225632	harbor2	chr7	68104834	68105018	SINE/MIR	443	-	92	68104926	79294
chr7	89740407	89940407	harbor2	chr7	89745947	89745996	SINE/MIR	582	-	24	89745971	5564
chr7	89740407	89940407	harbor2	chr7	89747032	89747195	SINE/MIR	582	-	82	89747114	6707
chr7	89740407	89940407	harbor2	chr7	89762985	89763222	SINE/MIR	863	-	118	89763103	22696
chr7	155265144	155465144	harbor2	chr7	155306578	155306773	SINE/MIR	577	-	98	155306676	41532
chr7	155265144	155465144	harbor2	chr7	155324918	155325125	SINE/MIR	1074	-	104	155325022	59878
chr7	139741525	139941525	harbor2	chr7	139741898	139742089	SINE/MIR	561	-	96	139741994	469
chr7	139741525	139941525	harbor2	chr7	139805154	139805381	SINE/MIR	870	-	114	139805268	63743
chr7	139741525	139941525	harbor2	chr7	139821966	139822175	SINE/MIR	512	-	104	139822070	80545
chr7	127853166	128053166	harbor2	chr7	127945789	127945904	SINE/MIR	442	-	58	127945847	92681
chr7	151475141	151675141	harbor2	chr7	151548448	151548560	SINE/MIR	444	-	56	151548504	73363
chr7	118164179	118364179	harbor2	chr7	118181001	118181190	SINE/MIR	442	-	94	118181095	16916
chr7	118164179	118364179	harbor2	chr7	118186543	118186745	SINE/MIR	443	-	101	118186644	22465
chr7	118164179	118364179	harbor2	chr7	118243238	118243515	SINE/MIR	619	-	138	118243376	79197
chr7	102115261	102315261	harbor2	chr7	102185228	102185389	SINE/MIR	523	-	80	102185308	70047
chr7	115377747	115577747	harbor2	chr7	115459533	115459710	SINE/MIR	829	-	88	115459621	81874
chr7	115377747	115577747	harbor2	chr7	115460222	115460470	SINE/MIR	639	-	124	115460346	82599
chr7	115377747	115577747	harbor2	chr7	115471840	115471963	SINE/MIR	472	-	62	115471902	94155
chr7	151570336	151770336	harbor2	chr7	151623614	151623775	SINE/MIR	496	-	80	151623694	53358
chr7	151570336	151770336	harbor2	chr7	151630414	151630595	SINE/MIR	828	-	90	151630504	60168
chr7	127044070	127244070	harbor2	chr7	127048551	127048705	SINE/MIR	456	-	77	127048628	4558
chr7	127044070	127244070	harbor2	chr7	127066420	127066514	SINE/MIR	726	-	47	127066467	22397
chr7	127044070	127244070	harbor2	chr7	127066931	127067056	SINE/MIR	726	-	62	127066993	22923
chr7	127044070	127244070	harbor2	chr7	127082706	127082951	SINE/MIR	626	-	122	127082828	38758
chr7	127044070	127244070	harbor2	chr7	127097625	127097838	SINE/MIR	470	-	106	127097731	53661
chr7	127044070	127244070	harbor2	chr7	127128550	127128781	SINE/MIR	504	-	116	127128666	84596
chr7	127044070	127244070	harbor2	chr7	127138892	127139124	SINE/MIR	501	-	116	127139008	94938
chr7	127044070	127244070	harbor2	chr7	127143521	127143682	SINE/MIR	610	-	80	127143601	99531
chr7	102886072	103086072	harbor2	chr7	102936233	102936395	SINE/MIR	649	-	81	102936314	50242
chr7	102886072	103086072	harbor2	chr7	102946175	102946412	SINE/MIR	834	-	118	102946293	60221
chr7	80873878	81073878	harbor2	chr7	80900413	80900659	SINE/MIR	671	-	123	80900536	26658
chr7	80873878	81073878	harbor2	chr7	80962839	80963077	SINE/MIR	674	-	119	80962958	89080
chr7	140788529	140988529	harbor2	chr7	140847642	140847871	SINE/MIR	449	-	114	140847756	59227
chr7	140788529	140988529	harbor2	chr7	140867143	140867243	SINE/MIR	470	-	50	140867193	78664
chr7	137361699	137561699	harbor2	chr7	137372749	137372940	SINE/MIR	582	-	96	137372845	11146
chr7	137361699	137561699	harbor2	chr7	137411402	137411624	SINE/MIR	894	-	111	137411513	49814
chr7	137361699	137561699	harbor2	chr7	137432516	137432692	SINE/MIR	594	-	88	137432604	70905
chr7	77726427	77926427	harbor2	chr7	77800762	77800952	SINE/MIR	537	-	95	77800857	74430
chr7	158734220	158934220	harbor2	chr7	158785540	158785764	SINE/MIR	612	-	112	158785652	51432
chr7	92539694	92739694	harbor2	chr7	92579622	92579823	SINE/MIR	633	-	100	92579722	40028
chr7	92539694	92739694	harbor2	chr7	92620290	92620476	SINE/MIR	480	-	93	92620383	80689
chr7	92539694	92739694	harbor2	chr7	92624753	92624925	SINE/MIR	543	-	86	92624839	85145
chr7	92539694	92739694	harbor2	chr7	92637582	92637733	SINE/MIR	510	-	76	92637658	97964
chr7	107160237	107360237	harbor2	chr7	107175256	107175480	SINE/MIR	823	-	112	107175368	15131
chr7	107160237	107360237	harbor2	chr7	107177133	107177332	SINE/MIR	613	-	100	107177233	16996
chr7	107160237	107360237	harbor2	chr7	107193249	107193424	SINE/MIR	455	-	88	107193337	33100
chr7	107160237	107360237	harbor2	chr7	107219948	107220105	SINE/MIR	748	-	78	107220026	59789
chr7	107160237	107360237	harbor2	chr7	107255691	107255837	SINE/MIR	539	-	73	107255764	95527
chr7	124184453	124384453	harbor2	chr7	124209187	124209430	SINE/MIR	569	-	122	124209309	24856
chr7	124184453	124384453	harbor2	chr7	124224691	124224921	SINE/MIR	516	-	115	124224806	40353
chr7	124184453	124384453	harbor2	chr7	124258949	124259167	SINE/MIR	479	-	109	124259058	74605
chr7	81854431	82054431	harbor2	chr7	81885958	81886144	SINE/MIR	463	-	93	81886051	31620
chr7	81854431	82054431	harbor2	chr7	81943626	81943882	SINE/MIR	668	-	128	81943754	89323
chr7	140844786	141044786	harbor2	chr7	140847642	140847871	SINE/MIR	449	-	114	140847756	2970
chr7	140844786	141044786	harbor2	chr7	140867143	140867243	SINE/MIR	470	-	50	140867193	22407
chr7	119806471	120006471	harbor2	chr7	119887624	119887869	SINE/MIR	496	-	122	119887746	81275
chr7	157417194	157617194	harbor2	chr7	157457315	157457478	SINE/MIR	463	-	82	157457397	40203
chr7	150098792	150298792	harbor2	chr7	150124797	150125051	SINE/MIR	632	-	127	150124924	26132
chr7	30513750	30713750	harbor2	chr7	30564610	30564757	SINE/MIR	465	-	74	30564684	50934
chr7	30513750	30713750	harbor2	chr7	30608650	30608869	SINE/MIR	464	-	110	30608760	95010
chr7	148172927	148372927	harbor2	chr7	148177560	148177743	SINE/MIR	484	-	92	148177652	4725
chr7	148172927	148372927	harbor2	chr7	148186212	148186453	SINE/MIR	846	-	120	148186332	13405
chr7	148172927	148372927	harbor2	chr7	148196554	148196757	SINE/MIR	788	-	102	148196656	23729
chr7	148172927	148372927	harbor2	chr7	148215640	148215856	SINE/MIR	477	-	108	148215748	42821
chr7	148172927	148372927	harbor2	chr7	148216305	148216441	SINE/MIR	542	-	68	148216373	43446
chr7	148172927	148372927	harbor2	chr7	148221188	148221431	SINE/MIR	480	-	122	148221310	48383
chr7	148172927	148372927	harbor2	chr7	148233639	148233755	SINE/MIR	749	-	58	148233697	60770
chr7	148172927	148372927	harbor2	chr7	148234139	148234251	SINE/MIR	749	-	56	148234195	61268
chr7	148172927	148372927	harbor2	chr7	148268682	148268915	SINE/MIR	813	-	116	148268798	95871
chr7	131512363	131712363	harbor2	chr7	131553490	131553701	SINE/MIR	478	-	106	131553596	41233
chr7	131512363	131712363	harbor2	chr7	131557308	131557439	SINE/MIR	529	-	66	131557374	45011
chr7	131512363	131712363	harbor2	chr7	131567477	131567681	SINE/MIR	743	-	102	131567579	55216
chr7	131512363	131712363	harbor2	chr7	131571211	131571350	SINE/MIR	604	-	70	131571281	58918
chr7	131512363	131712363	harbor2	chr7	131571714	131571794	SINE/MIR	604	-	40	131571754	59391
chr7	131512363	131712363	harbor2	chr7	131591328	131591539	SINE/MIR	991	-	106	131591434	79071
chr7	152683854	152883854	harbor2	chr7	152705173	152705388	SINE/MIR	804	-	108	152705281	21427
chr7	152683854	152883854	harbor2	chr7	152734752	152734994	SINE/MIR	738	-	121	152734873	51019
chr7	152683854	152883854	harbor2	chr7	152746663	152746835	SINE/MIR	631	-	86	152746749	62895
chr7	152683854	152883854	harbor2	chr7	152780968	152781105	SINE/MIR	552	-	68	152781036	97182
chr7	158993817	159193817	harbor2	chr7	159057898	159058124	SINE/MIR	711	-	113	159058011	64194
chr7	19468207	19668207	harbor2	chr7	19486221	19486431	SINE/MIR	452	-	105	19486326	18119
chr7	19468207	19668207	harbor2	chr7	19551629	19551667	SINE/MIR	623	-	19	19551648	83441
chr7	19468207	19668207	harbor2	chr7	19551983	19552175	SINE/MIR	623	-	96	19552079	83872
chr7	119531939	119731939	harbor2	chr7	119553442	119553635	SINE/MIR	449	-	96	119553538	21599
chr7	132827115	133027115	harbor2	chr7	132858849	132859052	SINE/MIR	688	-	102	132858951	31836
chr7	132827115	133027115	harbor2	chr7	132870537	132870700	SINE/MIR	463	-	82	132870619	43504
chr7	132827115	133027115	harbor2	chr7	132883269	132883473	SINE/MIR	584	-	102	132883371	56256
chr7	114034524	114234524	harbor2	chr7	114100786	114100927	SINE/MIR	579	-	70	114100856	66332
chr7	114034524	114234524	harbor2	chr7	114120608	114120670	SINE/MIR	669	-	31	114120639	86115
chr7	114034524	114234524	harbor2	chr7	114120718	114120909	SINE/MIR	669	-	96	114120814	86290
chr7	114034524	114234524	harbor2	chr7	114124838	114125050	SINE/MIR	505	-	106	114124944	90420
chr7	82324291	82524291	harbor2	chr7	82359854	82360083	SINE/MIR	947	-	114	82359968	35677
chr7	82324291	82524291	harbor2	chr7	82414232	82414422	SINE/MIR	450	-	95	82414327	90036
chr7	144050315	144250315	harbor2	chr7	144104086	144104279	SINE/MIR	694	-	96	144104182	53867
chr7	144050315	144250315	harbor2	chr7	144123975	144124152	SINE/MIR	671	-	88	144124063	73748
chr7	151465348	151665348	harbor2	chr7	151548448	151548560	SINE/MIR	444	-	56	151548504	83156
chr8	143390926	143590926	harbor2	chr8	143413438	143413619	SINE/MIR	518	-	90	143413528	22602
chr8	142293187	142493187	harbor2	chr8	142293456	142293609	SINE/MIR	393	-	76	142293532	345
chr8	142293187	142493187	harbor2	chr8	142356636	142356868	SINE/MIR	703	-	116	142356752	63565
chr8	32835494	33035494	harbor2	chr8	32837718	32837968	SINE/MIR	568	-	125	32837843	2349
chr8	32835494	33035494	harbor2	chr8	32870936	32871117	SINE/MIR	539	-	90	32871026	35532
chr8	32835494	33035494	harbor2	chr8	32871422	32871457	SINE/MIR	539	-	18	32871440	35946
chr8	32835494	33035494	harbor2	chr8	32878040	32878215	SINE/MIR	398	-	88	32878128	42634
chr8	32835494	33035494	harbor2	chr8	32885721	32885934	SINE/MIR	395	-	106	32885827	50333
chr8	32835494	33035494	harbor2	chr8	32892488	32892659	SINE/MIR	391	-	86	32892574	57080
chr8	32835494	33035494	harbor2	chr8	32903684	32903864	SINE/MIR	638	-	90	32903774	68280
chr8	122600489	122800489	harbor2	chr8	122635485	122635635	SINE/MIR	441	-	75	122635560	35071
chr8	132829375	133029375	harbor2	chr8	132859178	132859325	SINE/MIR	590	-	74	132859252	29877
chr8	132829375	133029375	harbor2	chr8	132865603	132865705	SINE/MIR	428	-	51	132865654	36279
chr8	132829375	133029375	harbor2	chr8	132867113	132867340	SINE/MIR	401	-	114	132867227	37852
chr8	132829375	133029375	harbor2	chr8	132891956	132892201	SINE/MIR	592	-	122	132892078	62703
chr8	132829375	133029375	harbor2	chr8	132894801	132895013	SINE/MIR	448	-	106	132894907	65532
chr8	132829375	133029375	harbor2	chr8	132896105	132896324	SINE/MIR	622	-	110	132896215	66840
chr8	132829375	133029375	harbor2	chr8	132902873	132903071	SINE/MIR	674	-	99	132902972	73597
chr8	132829375	133029375	harbor2	chr8	132905057	132905316	SINE/MIR	525	-	130	132905187	75812
chr8	132829375	133029375	harbor2	chr8	132919817	132920056	SINE/MIR	609	-	120	132919937	90562
chr8	132829375	133029375	harbor2	chr8	132925093	132925312	SINE/MIR	434	-	110	132925203	95828
chr8	132829375	133029375	harbor2	chr8	132926702	132926897	SINE/MIR	369	-	98	132926800	97425
chr8	132035604	132235604	harbor2	chr8	132040592	132040756	SINE/MIR	435	-	82	132040674	5070
chr8	132035604	132235604	harbor2	chr8	132067805	132067962	SINE/MIR	677	-	78	132067883	32279
chr8	132035604	132235604	harbor2	chr8	132073436	132073654	SINE/MIR	498	-	109	132073545	37941
chr8	132035604	132235604	harbor2	chr8	132075741	132076010	SINE/MIR	380	-	134	132075875	40271
chr8	132035604	132235604	harbor2	chr8	132110504	132110682	SINE/MIR	377	-	89	132110593	74989
chr8	132035604	132235604	harbor2	chr8	132116151	132116302	SINE/MIR	429	-	76	132116227	80623
chr8	132035604	132235604	harbor2	chr8	132131559	132131748	SINE/MIR	449	-	94	132131653	96049
chr8	141236987	141436987	harbor2	chr8	141314965	141315153	SINE/MIR	655	-	94	141315059	78072
chr8	141236987	141436987	harbor2	chr8	141321096	141321262	SINE/MIR	379	-	83	141321179	84192
chr8	141236987	141436987	harbor2	chr8	141332229	141332413	SINE/MIR	463	-	92	141332321	95334
chr8	66731921	66931921	harbor2	chr8	66753094	66753273	SINE/MIR	673	-	90	66753184	21263
chr8	66731921	66931921	harbor2	chr8	66804018	66804193	SINE/MIR	466	-	88	66804106	72185
chr8	66731921	66931921	harbor2	chr8	66804584	66804784	SINE/MIR	832	-	100	66804684	72763
chr8	66731921	66931921	harbor2	chr8	66812674	66812859	SINE/MIR	396	-	92	66812766	80845
chr8	141386963	141586963	harbor2	chr8	141388831	141388948	SINE/MIR	367	-	58	141388889	1926
chr8	141386963	141586963	harbor2	chr8	141410697	141410790	SINE/MIR	365	-	46	141410743	23780
chr8	141386963	141586963	harbor2	chr8	141439502	141439699	SINE/MIR	385	-	98	141439600	52637
chr8	141386963	141586963	harbor2	chr8	141440045	141440180	SINE/MIR	438	-	68	141440113	53150
chr8	141386963	141586963	harbor2	chr8	141440520	141440599	SINE/MIR	425	-	40	141440560	53597
chr8	143901876	144101876	harbor2	chr8	143982590	143982752	SINE/MIR	379	-	81	143982671	80795
chr8	141820671	142020671	harbor2	chr8	141844947	141845052	SINE/MIR	377	-	52	141844999	24328
chr8	141820671	142020671	harbor2	chr8	141905514	141905722	SINE/MIR	543	-	104	141905618	84947
chr8	134772848	134972848	harbor2	chr8	134794875	134795091	SINE/MIR	447	-	108	134794983	22135
chr8	134772848	134972848	harbor2	chr8	134799525	134799743	SINE/MIR	709	-	109	134799634	26786
chr8	134772848	134972848	harbor2	chr8	134799876	134800117	SINE/MIR	407	-	120	134799996	27148
chr8	134772848	134972848	harbor2	chr8	134807992	134808167	SINE/MIR	369	-	88	134808080	35232
chr8	134772848	134972848	harbor2	chr8	134812793	134812998	SINE/MIR	778	-	102	134812895	40047
chr8	134772848	134972848	harbor2	chr8	134816103	134816268	SINE/MIR	496	-	82	134816185	43337
chr8	134772848	134972848	harbor2	chr8	134823388	134823627	SINE/MIR	891	-	120	134823508	50660
chr8	134772848	134972848	harbor2	chr8	134850610	134850786	SINE/MIR	403	-	88	134850698	77850
chr8	134772848	134972848	harbor2	chr8	134863818	134864013	SINE/MIR	624	-	98	134863916	91068
chr8	134772848	134972848	harbor2	chr8	134868778	134869005	SINE/MIR	565	-	114	134868892	96044
chr8	92041702	92241702	harbor2	chr8	92050462	92050680	SINE/MIR	519	-	109	92050571	8869
chr8	92041702	92241702	harbor2	chr8	92113903	92114092	SINE/MIR	487	-	94	92113997	72295
chr8	92041702	92241702	harbor2	chr8	92118265	92118489	SINE/MIR	432	-	112	92118377	76675
chr8	92041702	92241702	harbor2	chr8	92129062	92129227	SINE/MIR	585	-	82	92129144	87442
chr8	137348870	137548870	harbor2	chr8	137362699	137362845	SINE/MIR	394	-	73	137362772	13902
chr8	137348870	137548870	harbor2	chr8	137375688	137375892	SINE/MIR	413	-	102	137375790	26920
chr8	137348870	137548870	harbor2	chr8	137435042	137435189	SINE/MIR	364	-	74	137435116	86246
chr8	119550816	119750816	harbor2	chr8	119589124	119589333	SINE/MIR	411	-	104	119589228	38412
chr8	119550816	119750816	harbor2	chr8	119590227	119590456	SINE/MIR	721	-	114	119590341	39525
chr8	119550816	119750816	harbor2	chr8	119591981	119592204	SINE/MIR	477	-	112	119592093	41277
chr8	119550816	119750816	harbor2	chr8	119604694	119604763	SINE/MIR	391	-	34	119604728	53912
chr8	119550816	119750816	harbor2	chr8	119605366	119605430	SINE/MIR	457	-	32	119605398	54582
chr8	119550816	119750816	harbor2	chr8	119605767	119605879	SINE/MIR	457	-	56	119605823	55007
chr8	133345337	133545337	harbor2	chr8	133347976	133348109	SINE/MIR	383	-	66	133348042	2705
chr8	133345337	133545337	harbor2	chr8	133350964	133351106	SINE/MIR	438	-	71	133351035	5698
chr8	133345337	133545337	harbor2	chr8	133354793	133354948	SINE/MIR	379	-	78	133354871	9534
chr8	133345337	133545337	harbor2	chr8	133357033	133357190	SINE/MIR	376	-	78	133357111	11774
chr8	133345337	133545337	harbor2	chr8	133376546	133376708	SINE/MIR	526	-	81	133376627	31290
chr8	133345337	133545337	harbor2	chr8	133386338	133386443	SINE/MIR	400	-	52	133386390	41053
chr8	133345337	133545337	harbor2	chr8	133389177	133389318	SINE/MIR	566	-	70	133389247	43910
chr8	133345337	133545337	harbor2	chr8	133413475	133413725	SINE/MIR	793	-	125	133413600	68263
chr8	133345337	133545337	harbor2	chr8	133427522	133427603	SINE/MIR	423	-	40	133427562	82225
chr8	133345337	133545337	harbor2	chr8	133428374	133428475	SINE/MIR	423	-	50	133428424	83087
chr8	133345337	133545337	harbor2	chr8	133434494	133434645	SINE/MIR	413	-	76	133434570	89233
chr8	140300235	140500235	harbor2	chr8	140301312	140301498	SINE/MIR	493	-	93	140301405	1170
chr8	140300235	140500235	harbor2	chr8	140320704	140320862	SINE/MIR	390	-	79	140320783	20548
chr8	140300235	140500235	harbor2	chr8	140329472	140329694	SINE/MIR	568	-	111	140329583	29348
chr8	140300235	140500235	harbor2	chr8	140333921	140334060	SINE/MIR	452	-	70	140333991	33756
chr8	140300235	140500235	harbor2	chr8	140340494	140340724	SINE/MIR	474	-	115	140340609	40374
chr8	140300235	140500235	harbor2	chr8	140395382	140395499	SINE/MIR	394	-	58	140395440	95205
chr8	86233310	86433310	harbor2	chr8	86263780	86263920	SINE/MIR	586	-	70	86263850	30540
chr8	86233310	86433310	harbor2	chr8	86291848	86291996	SINE/MIR	443	-	74	86291922	58612
chr8	131191988	131391988	harbor2	chr8	131204912	131205070	SINE/MIR	380	-	79	131204991	13003
chr8	131191988	131391988	harbor2	chr8	131207058	131207255	SINE/MIR	538	-	98	131207156	15168
chr8	131191988	131391988	harbor2	chr8	131214619	131214829	SINE/MIR	406	-	105	131214724	22736
chr8	131191988	131391988	harbor2	chr8	131220718	131220947	SINE/MIR	489	-	114	131220832	28844
chr8	131191988	131391988	harbor2	chr8	131228847	131229024	SINE/MIR	446	-	88	131228935	36947
chr8	131191988	131391988	harbor2	chr8	131229440	131229622	SINE/MIR	415	-	91	131229531	37543
chr8	131191988	131391988	harbor2	chr8	131257853	131258089	SINE/MIR	603	-	118	131257971	65983
chr8	131191988	131391988	harbor2	chr8	131277771	131277900	SINE/MIR	669	-	64	131277835	85847
chr8	131191988	131391988	harbor2	chr8	131278285	131278372	SINE/MIR	669	-	44	131278329	86341
chr8	131191988	131391988	harbor2	chr8	131278350	131278503	SINE/MIR	366	-	76	131278426	86438
chr8	131191988	131391988	harbor2	chr8	131280159	131280404	SINE/MIR	384	-	122	131280281	88293
chr8	131191988	131391988	harbor2	chr8	131284344	131284472	SINE/MIR	631	-	64	131284408	92420
chr8	131191988	131391988	harbor2	chr8	131284476	131284630	SINE/MIR	507	-	77	131284553	92565
chr8	88131932	88331932	harbor2	chr8	88132839	88133083	SINE/MIR	503	-	122	88132961	1029
chr8	88131932	88331932	harbor2	chr8	88169318	88169541	SINE/MIR	459	-	112	88169430	37498
chr8	88131932	88331932	harbor2	chr8	88175594	88175698	SINE/MIR	518	-	52	88175646	43714
chr8	88131932	88331932	harbor2	chr8	88176069	88176199	SINE/MIR	518	-	65	88176134	44202
chr8	88131932	88331932	harbor2	chr8	88205062	88205287	SINE/MIR	474	-	112	88205174	73242
chr8	88131932	88331932	harbor2	chr8	88210868	88211087	SINE/MIR	710	-	110	88210978	79046
chr8	140979826	141179826	harbor2	chr8	141006812	141006995	SINE/MIR	604	-	92	141006904	27078
chr8	140979826	141179826	harbor2	chr8	141015888	141016040	SINE/MIR	380	-	76	141015964	36138
chr8	140979826	141179826	harbor2	chr8	141021578	141021815	SINE/MIR	985	-	118	141021696	41870
chr8	140979826	141179826	harbor2	chr8	141052567	141052775	SINE/MIR	506	-	104	141052671	72845
chr8	140979826	141179826	harbor2	chr8	141061061	141061180	SINE/MIR	415	-	60	141061121	81295
chr8	140979826	141179826	harbor2	chr8	141068016	141068081	SINE/MIR	588	-	32	141068048	88222
chr8	140979826	141179826	harbor2	chr8	141068473	141068603	SINE/MIR	588	-	65	141068538	88712
chr8	140979826	141179826	harbor2	chr8	141072895	141073035	SINE/MIR	368	-	70	141072965	93139
chr8	140979826	141179826	harbor2	chr8	141078679	141078892	SINE/MIR	432	-	106	141078785	98959
chr8	101744124	101944124	harbor2	chr8	101745751	101745969	SINE/MIR	736	-	109	101745860	1736
chr8	101744124	101944124	harbor2	chr8	101746008	101746151	SINE/MIR	383	-	72	101746080	1956
chr8	101744124	101944124	harbor2	chr8	101748611	101748818	SINE/MIR	757	-	104	101748715	4591
chr8	101744124	101944124	harbor2	chr8	101754220	101754335	SINE/MIR	594	-	58	101754278	10154
chr8	101744124	101944124	harbor2	chr8	101754684	101754810	SINE/MIR	594	-	63	101754747	10623
chr8	101744124	101944124	harbor2	chr8	101764698	101764929	SINE/MIR	518	-	116	101764814	20690
chr8	101744124	101944124	harbor2	chr8	101767944	101768130	SINE/MIR	461	-	93	101768037	23913
chr8	101744124	101944124	harbor2	chr8	101772960	101773140	SINE/MIR	525	-	90	101773050	28926
chr8	101744124	101944124	harbor2	chr8	101794612	101794807	SINE/MIR	751	-	98	101794710	50586
chr8	101744124	101944124	harbor2	chr8	101821304	101821497	SINE/MIR	633	-	96	101821400	77276
chr8	101744124	101944124	harbor2	chr8	101824603	101824831	SINE/MIR	442	-	114	101824717	80593
chr8	98539176	98739176	harbor2	chr8	98551868	98552041	SINE/MIR	496	-	86	98551954	12778
chr8	98539176	98739176	harbor2	chr8	98553628	98553681	SINE/MIR	493	-	26	98553654	14478
chr8	98539176	98739176	harbor2	chr8	98553970	98554110	SINE/MIR	493	-	70	98554040	14864
chr8	98539176	98739176	harbor2	chr8	98570731	98570944	SINE/MIR	583	-	106	98570837	31661
chr8	98539176	98739176	harbor2	chr8	98600448	98600589	SINE/MIR	370	-	70	98600518	61342
chr8	98539176	98739176	harbor2	chr8	98635305	98635536	SINE/MIR	1076	-	116	98635421	96245
chr8	98539176	98739176	harbor2	chr8	98636131	98636276	SINE/MIR	532	-	72	98636203	97027
chr8	143190853	143390853	harbor2	chr8	143234681	143234898	SINE/MIR	630	-	108	143234789	43936
chr8	17678203	17878203	harbor2	chr8	17706283	17706434	SINE/MIR	456	-	76	17706359	28156
chr8	17678203	17878203	harbor2	chr8	17727210	17727388	SINE/MIR	371	-	89	17727299	49096
chr8	17678203	17878203	harbor2	chr8	17746753	17746860	SINE/MIR	390	-	54	17746807	68604
chr8	129305812	129505812	harbor2	chr8	129311710	129311837	SINE/MIR	440	-	64	129311774	5962
chr8	129305812	129505812	harbor2	chr8	129333826	129333944	SINE/MIR	376	-	59	129333885	28073
chr8	129305812	129505812	harbor2	chr8	129352317	129352519	SINE/MIR	550	-	101	129352418	46606
chr8	129305812	129505812	harbor2	chr8	129355034	129355201	SINE/MIR	444	-	84	129355118	49306
chr8	129305812	129505812	harbor2	chr8	129355766	129355998	SINE/MIR	694	-	116	129355882	50070
chr8	129305812	129505812	harbor2	chr8	129358897	129359077	SINE/MIR	477	-	90	129358987	53175
chr8	129305812	129505812	harbor2	chr8	129360024	129360270	SINE/MIR	488	-	123	129360147	54335
chr8	125735247	125935247	harbor2	chr8	125748075	125748215	SINE/MIR	606	-	70	125748145	12898
chr8	125735247	125935247	harbor2	chr8	125748541	125748609	SINE/MIR	606	-	34	125748575	13328
chr8	125735247	125935247	harbor2	chr8	125761868	125761974	SINE/MIR	516	-	53	125761921	26674
chr8	125735247	125935247	harbor2	chr8	125767286	125767499	SINE/MIR	431	-	106	125767392	32145
chr8	125735247	125935247	harbor2	chr8	125779474	125779663	SINE/MIR	398	-	94	125779568	44321
chr8	125735247	125935247	harbor2	chr8	125801368	125801560	SINE/MIR	548	-	96	125801464	66217
chr8	125735247	125935247	harbor2	chr8	125809860	125810058	SINE/MIR	396	-	99	125809959	74712
chr8	125735247	125935247	harbor2	chr8	125811067	125811219	SINE/MIR	376	-	76	125811143	75896
chr8	125735247	125935247	harbor2	chr8	125815024	125815283	SINE/MIR	901	-	130	125815154	79907
chr8	125735247	125935247	harbor2	chr8	125825775	125825984	SINE/MIR	479	-	104	125825879	90632
chr8	73964926	74164926	harbor2	chr8	74024487	74024711	SINE/MIR	802	-	112	74024599	59673
chr8	73964926	74164926	harbor2	chr8	74062205	74062226	SINE/MIR	624	-	10	74062215	97289
chr8	73964926	74164926	harbor2	chr8	74062677	74062891	SINE/MIR	624	-	107	74062784	97858
chr8	122989981	123189981	harbor2	chr8	122996252	122996456	SINE/MIR	408	-	102	122996354	6373
chr8	122989981	123189981	harbor2	chr8	123000951	123001145	SINE/MIR	407	-	97	123001048	11067
chr8	122989981	123189981	harbor2	chr8	123016522	123016733	SINE/MIR	534	-	106	123016628	26647
chr8	122989981	123189981	harbor2	chr8	123034526	123034640	SINE/MIR	377	-	57	123034583	44602
chr8	122989981	123189981	harbor2	chr8	123037449	123037583	SINE/MIR	420	-	67	123037516	47535
chr8	122989981	123189981	harbor2	chr8	123045091	123045311	SINE/MIR	498	-	110	123045201	55220
chr8	122989981	123189981	harbor2	chr8	123055857	123056063	SINE/MIR	484	-	103	123055960	65979
chr8	122989981	123189981	harbor2	chr8	123064324	123064478	SINE/MIR	503	-	77	123064401	74420
chr8	122989981	123189981	harbor2	chr8	123082175	123082277	SINE/MIR	369	-	51	123082226	92245
chr8	122989981	123189981	harbor2	chr8	123086270	123086494	SINE/MIR	364	-	112	123086382	96401
chr8	108376556	108576556	harbor2	chr8	108385816	108386021	SINE/MIR	572	-	102	108385918	9362
chr8	108376556	108576556	harbor2	chr8	108429067	108429242	SINE/MIR	369	-	88	108429155	52599
chr8	108376556	108576556	harbor2	chr8	108466004	108466214	SINE/MIR	581	-	105	108466109	89553
chr8	134671447	134871447	harbor2	chr8	134714646	134714823	SINE/MIR	534	-	88	134714734	43287
chr8	134671447	134871447	harbor2	chr8	134731863	134732054	SINE/MIR	434	-	96	134731959	60512
chr8	134671447	134871447	harbor2	chr8	134745759	134745938	SINE/MIR	596	-	90	134745849	74402
chr8	134671447	134871447	harbor2	chr8	134759166	134759298	SINE/MIR	366	-	66	134759232	87785
chr8	134671447	134871447	harbor2	chr8	134765492	134765620	SINE/MIR	371	-	64	134765556	94109
chr8	134671447	134871447	harbor2	chr8	134766683	134766883	SINE/MIR	701	-	100	134766783	95336
chr8	128547797	128747797	harbor2	chr8	128552775	128552898	SINE/MIR	381	-	62	128552837	5040
chr8	128547797	128747797	harbor2	chr8	128557115	128557383	SINE/MIR	447	-	134	128557249	9452
chr8	128547797	128747797	harbor2	chr8	128558023	128558250	SINE/MIR	534	-	114	128558137	10340
chr8	128547797	128747797	harbor2	chr8	128577670	128577881	SINE/MIR	476	-	106	128577776	29979
chr8	128547797	128747797	harbor2	chr8	128589432	128589637	SINE/MIR	367	-	102	128589534	41737
chr8	128547797	128747797	harbor2	chr8	128603255	128603410	SINE/MIR	406	-	78	128603333	55536
chr8	128547797	128747797	harbor2	chr8	128617895	128618126	SINE/MIR	623	-	116	128618011	70214
chr8	128547797	128747797	harbor2	chr8	128626907	128627099	SINE/MIR	486	-	96	128627003	79206
chr8	128547797	128747797	harbor2	chr8	128633487	128633730	SINE/MIR	368	-	122	128633609	85812
chr8	142469077	142669077	harbor2	chr8	142489530	142489702	SINE/MIR	521	-	86	142489616	20539
chr8	142469077	142669077	harbor2	chr8	142509302	142509415	SINE/MIR	437	-	56	142509358	40281
chr8	142469077	142669077	harbor2	chr8	142552216	142552326	SINE/MIR	438	-	55	142552271	83194
chr8	63433934	63633934	harbor2	chr8	63446378	63446543	SINE/MIR	625	-	82	63446460	12526
chr8	63433934	63633934	harbor2	chr8	63469157	63469289	SINE/MIR	415	-	66	63469223	35289
chr8	63433934	63633934	harbor2	chr8	63477424	63477630	SINE/MIR	489	-	103	63477527	43593
chr8	63433934	63633934	harbor2	chr8	63523979	63524168	SINE/MIR	425	-	94	63524073	90139
chr8	63433934	63633934	harbor2	chr8	63528545	63528757	SINE/MIR	529	-	106	63528651	94717
chr8	63433934	63633934	harbor2	chr8	63532844	63533069	SINE/MIR	440	-	112	63532956	99022
chr8	22782431	22982431	harbor2	chr8	22789274	22789450	SINE/MIR	377	-	88	22789362	6931
chr8	22782431	22982431	harbor2	chr8	22794184	22794289	SINE/MIR	445	-	52	22794236	11805
chr8	22782431	22982431	harbor2	chr8	22801240	22801413	SINE/MIR	490	-	86	22801326	18895
chr8	22782431	22982431	harbor2	chr8	22809122	22809298	SINE/MIR	560	-	88	22809210	26779
chr8	22782431	22982431	harbor2	chr8	22814042	22814301	SINE/MIR	1181	-	130	22814172	31741
chr8	22782431	22982431	harbor2	chr8	22841009	22841268	SINE/MIR	722	-	130	22841139	58708
chr8	22782431	22982431	harbor2	chr8	22851438	22851551	SINE/MIR	391	-	56	22851494	69063
chr8	22782431	22982431	harbor2	chr8	22861287	22861546	SINE/MIR	586	-	130	22861417	78986
chr8	22782431	22982431	harbor2	chr8	22862572	22862799	SINE/MIR	488	-	114	22862686	80255
chr8	22782431	22982431	harbor2	chr8	22866482	22866601	SINE/MIR	401	-	60	22866542	84111
chr8	22782431	22982431	harbor2	chr8	22879479	22879618	SINE/MIR	397	-	70	22879549	97118
chr8	118248287	118448287	harbor2	chr8	118252348	118252513	SINE/MIR	455	-	82	118252430	4143
chr8	118248287	118448287	harbor2	chr8	118277668	118277807	SINE/MIR	398	-	70	118277738	29451
chr8	118248287	118448287	harbor2	chr8	118288141	118288357	SINE/MIR	664	-	108	118288249	39962
chr8	118248287	118448287	harbor2	chr8	118307519	118307706	SINE/MIR	567	-	94	118307613	59326
chr8	118248287	118448287	harbor2	chr8	118308330	118308537	SINE/MIR	639	-	104	118308434	60147
chr8	118248287	118448287	harbor2	chr8	118310988	118311220	SINE/MIR	482	-	116	118311104	62817
chr8	118248287	118448287	harbor2	chr8	118312640	118312854	SINE/MIR	436	-	107	118312747	64460
chr8	118248287	118448287	harbor2	chr8	118335712	118335760	SINE/MIR	367	-	24	118335736	87449
chr8	118248287	118448287	harbor2	chr8	118336024	118336197	SINE/MIR	367	-	86	118336110	87823
chr8	118248287	118448287	harbor2	chr8	118344356	118344587	SINE/MIR	458	-	116	118344472	96185
chr8	91674303	91874303	harbor2	chr8	91738346	91738585	SINE/MIR	759	-	120	91738466	64163
chr8	91674303	91874303	harbor2	chr8	91745950	91746139	SINE/MIR	542	-	94	91746044	71741
chr8	91674303	91874303	harbor2	chr8	91754212	91754350	SINE/MIR	459	-	69	91754281	79978
chr8	91674303	91874303	harbor2	chr8	91764083	91764220	SINE/MIR	405	-	68	91764151	89848
chr8	127507490	127707490	harbor2	chr8	127511389	127511505	SINE/MIR	479	-	58	127511447	3957
chr8	127507490	127707490	harbor2	chr8	127525054	127525223	SINE/MIR	510	-	84	127525138	17648
chr8	127507490	127707490	harbor2	chr8	127537130	127537320	SINE/MIR	481	-	95	127537225	29735
chr8	127507490	127707490	harbor2	chr8	127538226	127538343	SINE/MIR	440	-	58	127538284	30794
chr8	127507490	127707490	harbor2	chr8	127546033	127546209	SINE/MIR	379	-	88	127546121	38631
chr8	127507490	127707490	harbor2	chr8	127547670	127547867	SINE/MIR	536	-	98	127547768	40278
chr8	127507490	127707490	harbor2	chr8	127563433	127563565	SINE/MIR	431	-	66	127563499	56009
chr8	127507490	127707490	harbor2	chr8	127566852	127566996	SINE/MIR	527	-	72	127566924	59434
chr8	127507490	127707490	harbor2	chr8	127568973	127569103	SINE/MIR	485	-	65	127569038	61548
chr8	127507490	127707490	harbor2	chr8	127569901	127569995	SINE/MIR	377	-	47	127569948	62458
chr8	127507490	127707490	harbor2	chr8	127573600	127573791	SINE/MIR	470	-	96	127573696	66206
chr8	127507490	127707490	harbor2	chr8	127600844	127601048	SINE/MIR	513	-	102	127600946	93456
chr8	127507490	127707490	harbor2	chr8	127601963	127602178	SINE/MIR	528	-	108	127602071	94581
chr8	143913192	144113192	harbor2	chr8	144006245	144006414	SINE/MIR	505	-	84	144006329	93137
chr8	143913192	144113192	harbor2	chr8	143982590	143982752	SINE/MIR	379	-	81	143982671	69479
chr8	91969950	92169950	harbor2	chr8	91981003	91981248	SINE/MIR	707	-	122	91981125	11175
chr8	91969950	92169950	harbor2	chr8	91987138	91987250	SINE/MIR	388	-	56	91987194	17244
chr8	91969950	92169950	harbor2	chr8	92026263	92026390	SINE/MIR	442	-	64	92026327	56377
chr8	91969950	92169950	harbor2	chr8	92041025	92041280	SINE/MIR	751	-	128	92041153	71203
chr8	91969950	92169950	harbor2	chr8	92050462	92050680	SINE/MIR	519	-	109	92050571	80621
chr8	126079079	126279079	harbor2	chr8	126087568	126087747	SINE/MIR	390	-	90	126087658	8579
chr8	126079079	126279079	harbor2	chr8	126101940	126102115	SINE/MIR	538	-	88	126102028	22949
chr8	126079079	126279079	harbor2	chr8	126108791	126109005	SINE/MIR	622	-	107	126108898	29819
chr8	126079079	126279079	harbor2	chr8	126123204	126123372	SINE/MIR	421	-	84	126123288	44209
chr8	126079079	126279079	harbor2	chr8	126124579	126124813	SINE/MIR	505	-	117	126124696	45617
chr8	126079079	126279079	harbor2	chr8	126139468	126139636	SINE/MIR	772	-	84	126139552	60473
chr8	126079079	126279079	harbor2	chr8	126139762	126139839	SINE/MIR	772	-	38	126139800	60721
chr8	126079079	126279079	harbor2	chr8	126157590	126157744	SINE/MIR	557	-	77	126157667	78588
chr8	126079079	126279079	harbor2	chr8	126172832	126172964	SINE/MIR	394	-	66	126172898	93819
chr8	126079079	126279079	harbor2	chr8	126091096	126091330	SINE/MIR	666	-	117	126091213	12134
chr8	141186908	141386908	harbor2	chr8	141222430	141222591	SINE/MIR	538	-	80	141222510	35602
chr8	57353890	57553890	harbor2	chr8	57377760	57377937	SINE/MIR	473	-	88	57377848	23958
chr8	57353890	57553890	harbor2	chr8	57378779	57379020	SINE/MIR	417	-	120	57378899	25009
chr8	57353890	57553890	harbor2	chr8	57383174	57383347	SINE/MIR	471	-	86	57383260	29370
chr8	57353890	57553890	harbor2	chr8	57431906	57432098	SINE/MIR	440	-	96	57432002	78112
chr8	57353890	57553890	harbor2	chr8	57434868	57435063	SINE/MIR	492	-	98	57434966	81076
chr8	120809838	121009838	harbor2	chr8	120814207	120814412	SINE/MIR	668	-	102	120814309	4471
chr8	120809838	121009838	harbor2	chr8	120824276	120824450	SINE/MIR	540	-	87	120824363	14525
chr8	120809838	121009838	harbor2	chr8	120827632	120827829	SINE/MIR	365	-	98	120827730	17892
chr8	120809838	121009838	harbor2	chr8	120828579	120828771	SINE/MIR	522	-	96	120828675	18837
chr8	120809838	121009838	harbor2	chr8	120829281	120829527	SINE/MIR	569	-	123	120829404	19566
chr8	120809838	121009838	harbor2	chr8	120831288	120831546	SINE/MIR	737	-	129	120831417	21579
chr8	120809838	121009838	harbor2	chr8	120866808	120866955	SINE/MIR	591	-	74	120866882	57044
chr8	105772674	105972674	harbor2	chr8	105784580	105784778	SINE/MIR	712	-	99	105784679	12005
chr8	105772674	105972674	harbor2	chr8	105828526	105828721	SINE/MIR	561	-	98	105828624	55950
chr8	136521926	136721926	harbor2	chr8	136526194	136526408	SINE/MIR	383	-	107	136526301	4375
chr8	136521926	136721926	harbor2	chr8	136555521	136555733	SINE/MIR	576	-	106	136555627	33701
chr8	136521926	136721926	harbor2	chr8	136561971	136562048	SINE/MIR	429	-	38	136562009	40083
chr8	136521926	136721926	harbor2	chr8	136562326	136562447	SINE/MIR	429	-	60	136562386	40460
chr8	136521926	136721926	harbor2	chr8	136616960	136617138	SINE/MIR	393	-	89	136617049	95123
chr8	58008491	58208491	harbor2	chr8	58017240	58017341	SINE/MIR	402	-	50	58017290	8799
chr8	58008491	58208491	harbor2	chr8	58024648	58024847	SINE/MIR	400	-	100	58024748	16257
chr8	58008491	58208491	harbor2	chr8	58043723	58043959	SINE/MIR	1062	-	118	58043841	35350
chr8	58008491	58208491	harbor2	chr8	58064669	58064834	SINE/MIR	601	-	82	58064751	56260
chr8	58008491	58208491	harbor2	chr8	58069298	58069473	SINE/MIR	429	-	88	58069386	60895
chr8	136964841	137164841	harbor2	chr8	137007275	137007458	SINE/MIR	403	-	92	137007367	42526
chr8	136964841	137164841	harbor2	chr8	137026732	137026802	SINE/MIR	401	-	35	137026767	61926
chr8	136964841	137164841	harbor2	chr8	137032782	137033014	SINE/MIR	633	-	116	137032898	68057
chr8	139539541	139739541	harbor2	chr8	139609876	139610056	SINE/MIR	381	-	90	139609966	70425
chr8	139539541	139739541	harbor2	chr8	139611182	139611415	SINE/MIR	451	-	116	139611298	71757
chr8	141052174	141252174	harbor2	chr8	141052567	141052775	SINE/MIR	506	-	104	141052671	497
chr8	141052174	141252174	harbor2	chr8	141061061	141061180	SINE/MIR	415	-	60	141061121	8947
chr8	141052174	141252174	harbor2	chr8	141068016	141068081	SINE/MIR	588	-	32	141068048	15874
chr8	141052174	141252174	harbor2	chr8	141068473	141068603	SINE/MIR	588	-	65	141068538	16364
chr8	141052174	141252174	harbor2	chr8	141072895	141073035	SINE/MIR	368	-	70	141072965	20791
chr8	141052174	141252174	harbor2	chr8	141078679	141078892	SINE/MIR	432	-	106	141078785	26611
chr8	141052174	141252174	harbor2	chr8	141140367	141140543	SINE/MIR	396	-	88	141140455	88281
chr8	115380708	115580708	harbor2	chr8	115396630	115396778	SINE/MIR	473	-	74	115396704	15996
chr8	115380708	115580708	harbor2	chr8	115427426	115427589	SINE/MIR	484	-	82	115427508	46800
chr8	134843472	135043472	harbor2	chr8	134850610	134850786	SINE/MIR	403	-	88	134850698	7226
chr8	134843472	135043472	harbor2	chr8	134863818	134864013	SINE/MIR	624	-	98	134863916	20444
chr8	134843472	135043472	harbor2	chr8	134868778	134869005	SINE/MIR	565	-	114	134868892	25420
chr8	134843472	135043472	harbor2	chr8	134873461	134873690	SINE/MIR	794	-	114	134873575	30103
chr8	134843472	135043472	harbor2	chr8	134882295	134882438	SINE/MIR	382	-	72	134882367	38895
chr8	134843472	135043472	harbor2	chr8	134884759	134884936	SINE/MIR	593	-	88	134884847	41375
chr8	134843472	135043472	harbor2	chr8	134903683	134903873	SINE/MIR	388	-	95	134903778	60306
chr8	134843472	135043472	harbor2	chr8	134921091	134921332	SINE/MIR	460	-	120	134921211	77739
chr8	134843472	135043472	harbor2	chr8	134921418	134921606	SINE/MIR	402	-	94	134921512	78040
chr8	134843472	135043472	harbor2	chr8	134923518	134923552	SINE/MIR	403	-	17	134923535	80063
chr8	134843472	135043472	harbor2	chr8	134924015	134924142	SINE/MIR	403	-	64	134924079	80607
chr8	129924847	130124847	harbor2	chr8	129942710	129942925	SINE/MIR	409	-	108	129942818	17971
chr8	129924847	130124847	harbor2	chr8	129949262	129949475	SINE/MIR	486	-	106	129949368	24521
chr8	129924847	130124847	harbor2	chr8	129988930	129989058	SINE/MIR	419	-	64	129988994	64147
chr8	129924847	130124847	harbor2	chr8	130009696	130009887	SINE/MIR	485	-	96	130009792	84945
chr8	129924847	130124847	harbor2	chr8	130012521	130012734	SINE/MIR	783	-	106	130012627	87780
chr8	129924847	130124847	harbor2	chr8	130015407	130015566	SINE/MIR	567	-	80	130015487	90640
chr8	129924847	130124847	harbor2	chr8	130018388	130018542	SINE/MIR	457	-	77	130018465	93618
chr8	129924847	130124847	harbor2	chr8	129974200	129974280	SINE/MIR	382	-	40	129974240	49393
chr8	124549068	124749068	harbor2	chr8	124569741	124569926	SINE/MIR	428	-	92	124569833	20765
chr8	124549068	124749068	harbor2	chr8	124574323	124574521	SINE/MIR	454	-	99	124574422	25354
chr8	124549068	124749068	harbor2	chr8	124593620	124593833	SINE/MIR	628	-	106	124593726	44658
chr8	124549068	124749068	harbor2	chr8	124597190	124597364	SINE/MIR	607	-	87	124597277	48209
chr8	124549068	124749068	harbor2	chr8	124606451	124606583	SINE/MIR	553	-	66	124606517	57449
chr8	124549068	124749068	harbor2	chr8	124627331	124627551	SINE/MIR	521	-	110	124627441	78373
chr8	124549068	124749068	harbor2	chr8	124628683	124628925	SINE/MIR	759	-	121	124628804	79736
chr8	124549068	124749068	harbor2	chr8	124629024	124629230	SINE/MIR	565	-	103	124629127	80059
chr8	119578592	119778592	harbor2	chr8	119589124	119589333	SINE/MIR	411	-	104	119589228	10636
chr8	119578592	119778592	harbor2	chr8	119590227	119590456	SINE/MIR	721	-	114	119590341	11749
chr8	119578592	119778592	harbor2	chr8	119591981	119592204	SINE/MIR	477	-	112	119592093	13501
chr8	119578592	119778592	harbor2	chr8	119604694	119604763	SINE/MIR	391	-	34	119604728	26136
chr8	119578592	119778592	harbor2	chr8	119605366	119605430	SINE/MIR	457	-	32	119605398	26806
chr8	119578592	119778592	harbor2	chr8	119605767	119605879	SINE/MIR	457	-	56	119605823	27231
chr8	119578592	119778592	harbor2	chr8	119655622	119655833	SINE/MIR	492	-	106	119655728	77136
chr8	119578592	119778592	harbor2	chr8	119657231	119657371	SINE/MIR	468	-	70	119657301	78709
chr8	119578592	119778592	harbor2	chr8	119660260	119660453	SINE/MIR	460	-	96	119660356	81764
chr8	119578592	119778592	harbor2	chr8	119673814	119674019	SINE/MIR	371	-	102	119673916	95324
chr8	127241927	127441927	harbor2	chr8	127251385	127251522	SINE/MIR	498	-	68	127251453	9526
chr8	127241927	127441927	harbor2	chr8	127280057	127280249	SINE/MIR	628	-	96	127280153	38226
chr8	127241927	127441927	harbor2	chr8	127301069	127301288	SINE/MIR	409	-	110	127301179	59252
chr8	127241927	127441927	harbor2	chr8	127302570	127302747	SINE/MIR	508	-	88	127302658	60731
chr8	127241927	127441927	harbor2	chr8	127306374	127306540	SINE/MIR	368	-	83	127306457	64530
chr8	127241927	127441927	harbor2	chr8	127332622	127332787	SINE/MIR	415	-	82	127332704	90777
chr8	127241927	127441927	harbor2	chr8	127336151	127336308	SINE/MIR	412	-	78	127336229	94302
chr8	127241927	127441927	harbor2	chr8	127340467	127340691	SINE/MIR	664	-	112	127340579	98652
chr8	127241927	127441927	harbor2	chr8	127287276	127287473	SINE/MIR	412	-	98	127287374	45447
chr8	35888755	36088755	harbor2	chr8	35917935	35918121	SINE/MIR	396	-	93	35918028	29273
chr8	35888755	36088755	harbor2	chr8	35918556	35918723	SINE/MIR	684	-	84	35918640	29885
chr8	35888755	36088755	harbor2	chr8	35918769	35918957	SINE/MIR	441	-	94	35918863	30108
chr8	142415878	142615878	harbor2	chr8	142489530	142489702	SINE/MIR	521	-	86	142489616	73738
chr8	142415878	142615878	harbor2	chr8	142509302	142509415	SINE/MIR	437	-	56	142509358	93480
chr8	88377779	88577779	harbor2	chr8	88383458	88383665	SINE/MIR	418	-	104	88383562	5783
chr8	88377779	88577779	harbor2	chr8	88396020	88396139	SINE/MIR	420	-	60	88396080	18301
chr8	126466380	126666380	harbor2	chr8	126472686	126472825	SINE/MIR	367	-	70	126472756	6376
chr8	126466380	126666380	harbor2	chr8	126495598	126495738	SINE/MIR	426	-	70	126495668	29288
chr8	126466380	126666380	harbor2	chr8	126507379	126507534	SINE/MIR	470	-	78	126507457	41077
chr8	126466380	126666380	harbor2	chr8	126511418	126511634	SINE/MIR	557	-	108	126511526	45146
chr8	84922072	85122072	harbor2	chr8	84925333	84925468	SINE/MIR	483	-	68	84925401	3329
chr8	84922072	85122072	harbor2	chr8	84968839	84969010	SINE/MIR	475	-	86	84968925	46853
chr8	84922072	85122072	harbor2	chr8	85017628	85017763	SINE/MIR	398	-	68	85017696	95624
chr8	84922072	85122072	harbor2	chr8	85018857	85019047	SINE/MIR	581	-	95	85018952	96880
chr8	123845879	124045879	harbor2	chr8	123885488	123885711	SINE/MIR	730	-	112	123885600	39721
chr8	123845879	124045879	harbor2	chr8	123895419	123895606	SINE/MIR	660	-	94	123895513	49634
chr8	123845879	124045879	harbor2	chr8	123911372	123911591	SINE/MIR	376	-	110	123911482	65603
chr8	123845879	124045879	harbor2	chr8	123911617	123911819	SINE/MIR	457	-	101	123911718	65839
chr8	123845879	124045879	harbor2	chr8	123912538	123912759	SINE/MIR	527	-	110	123912648	66769
chr8	123845879	124045879	harbor2	chr8	123923617	123923757	SINE/MIR	593	-	70	123923687	77808
chr8	123845879	124045879	harbor2	chr8	123926985	123927161	SINE/MIR	642	-	88	123927073	81194
chr8	123845879	124045879	harbor2	chr8	123944579	123944732	SINE/MIR	452	-	76	123944655	98776
chr8	68854144	69054144	harbor2	chr8	68926194	68926388	SINE/MIR	525	-	97	68926291	72147
chr8	121559789	121759789	harbor2	chr8	121575467	121575715	SINE/MIR	442	-	124	121575591	15802
chr8	121559789	121759789	harbor2	chr8	121577751	121577930	SINE/MIR	567	-	90	121577841	18052
chr8	121559789	121759789	harbor2	chr8	121581211	121581401	SINE/MIR	402	-	95	121581306	21517
chr8	121559789	121759789	harbor2	chr8	121585450	121585572	SINE/MIR	372	-	61	121585511	25722
chr8	121559789	121759789	harbor2	chr8	121598598	121598719	SINE/MIR	391	-	60	121598658	38869
chr8	121559789	121759789	harbor2	chr8	121603043	121603253	SINE/MIR	474	-	105	121603148	43359
chr8	121559789	121759789	harbor2	chr8	121627618	121627729	SINE/MIR	390	-	56	121627674	67885
chr8	113201809	113401809	harbor2	chr8	113210895	113211016	SINE/MIR	375	-	60	113210955	9146
chr8	113201809	113401809	harbor2	chr8	113275099	113275251	SINE/MIR	512	-	76	113275175	73366
chr8	113201809	113401809	harbor2	chr8	113294927	113295033	SINE/MIR	383	-	53	113294980	93171
chr8	113201809	113401809	harbor2	chr8	113295253	113295353	SINE/MIR	383	-	50	113295303	93494
chr8	142564947	142764947	harbor2	chr8	142623088	142623275	SINE/MIR	443	-	94	142623182	58235
chr8	130478667	130678667	harbor2	chr8	130479566	130479704	SINE/MIR	543	-	69	130479635	968
chr8	130478667	130678667	harbor2	chr8	130480109	130480213	SINE/MIR	543	-	52	130480161	1494
chr8	130478667	130678667	harbor2	chr8	130490723	130490871	SINE/MIR	554	-	74	130490797	12130
chr8	130478667	130678667	harbor2	chr8	130492138	130492370	SINE/MIR	793	-	116	130492254	13587
chr8	130478667	130678667	harbor2	chr8	130493393	130493472	SINE/MIR	379	-	40	130493433	14766
chr8	130478667	130678667	harbor2	chr8	130499557	130499791	SINE/MIR	874	-	117	130499674	21007
chr8	130478667	130678667	harbor2	chr8	130520819	130521067	SINE/MIR	473	-	124	130520943	42276
chr8	130478667	130678667	harbor2	chr8	130529479	130529542	SINE/MIR	695	-	32	130529511	50844
chr8	130478667	130678667	harbor2	chr8	130529913	130530105	SINE/MIR	695	-	96	130530009	51342
chr8	130478667	130678667	harbor2	chr8	130532620	130532843	SINE/MIR	746	-	112	130532732	54065
chr8	130478667	130678667	harbor2	chr8	130555985	130556150	SINE/MIR	466	-	82	130556067	77400
chr8	130478667	130678667	harbor2	chr8	130564080	130564304	SINE/MIR	526	-	112	130564192	85525
chr8	104515804	104715804	harbor2	chr8	104518218	104518442	SINE/MIR	625	-	112	104518330	2526
chr8	104515804	104715804	harbor2	chr8	104550094	104550303	SINE/MIR	648	-	104	104550198	34394
chr8	104515804	104715804	harbor2	chr8	104559879	104560101	SINE/MIR	488	-	111	104559990	44186
chr8	104515804	104715804	harbor2	chr8	104563265	104563432	SINE/MIR	453	-	84	104563349	47545
chr8	104515804	104715804	harbor2	chr8	104594409	104594581	SINE/MIR	596	-	86	104594495	78691
chr8	104515804	104715804	harbor2	chr8	104600228	104600311	SINE/MIR	392	-	42	104600270	84466
chr8	104515804	104715804	harbor2	chr8	104604896	104605084	SINE/MIR	630	-	94	104604990	89186
chr8	104515804	104715804	harbor2	chr8	104605113	104605302	SINE/MIR	685	-	94	104605207	89403
chr8	104515804	104715804	harbor2	chr8	104605307	104605441	SINE/MIR	429	-	67	104605374	89570
chr8	100361852	100561852	harbor2	chr8	100369611	100369818	SINE/MIR	667	-	104	100369715	7863
chr8	100361852	100561852	harbor2	chr8	100375112	100375331	SINE/MIR	453	-	110	100375222	13370
chr8	100361852	100561852	harbor2	chr8	100392498	100392697	SINE/MIR	737	-	100	100392598	30746
chr8	100361852	100561852	harbor2	chr8	100431015	100431240	SINE/MIR	700	-	112	100431127	69275
chr8	100361852	100561852	harbor2	chr8	100432314	100432514	SINE/MIR	455	-	100	100432414	70562
chr8	100361852	100561852	harbor2	chr8	100435647	100435721	SINE/MIR	481	-	37	100435684	73832
chr8	100361852	100561852	harbor2	chr8	100436182	100436272	SINE/MIR	481	-	45	100436227	74375
chr8	100361852	100561852	harbor2	chr8	100442838	100443067	SINE/MIR	588	-	114	100442952	81100
chr8	100361852	100561852	harbor2	chr8	100461376	100461525	SINE/MIR	637	-	74	100461450	99598
chr8	109060874	109260874	harbor2	chr8	109068292	109068502	SINE/MIR	851	-	105	109068397	7523
chr8	109060874	109260874	harbor2	chr8	109068555	109068778	SINE/MIR	768	-	112	109068667	7793
chr8	109060874	109260874	harbor2	chr8	109069751	109069972	SINE/MIR	477	-	110	109069861	8987
chr8	109060874	109260874	harbor2	chr8	109073287	109073434	SINE/MIR	373	-	74	109073361	12487
chr8	109060874	109260874	harbor2	chr8	109076096	109076346	SINE/MIR	594	-	125	109076221	15347
chr8	109060874	109260874	harbor2	chr8	109107301	109107512	SINE/MIR	509	-	106	109107407	46533
chr8	109060874	109260874	harbor2	chr8	109146829	109147041	SINE/MIR	419	-	106	109146935	86061
chr8	109060874	109260874	harbor2	chr8	109148446	109148693	SINE/MIR	649	-	124	109148570	87696
chr8	109060874	109260874	harbor2	chr8	109153418	109153544	SINE/MIR	528	-	63	109153481	92607
chr8	109060874	109260874	harbor2	chr8	109154192	109154388	SINE/MIR	364	-	98	109154290	93416
chr8	33191056	33391056	harbor2	chr8	33211252	33211503	SINE/MIR	1089	-	126	33211378	20322
chr8	33191056	33391056	harbor2	chr8	33271405	33271583	SINE/MIR	451	-	89	33271494	80438
chr8	33191056	33391056	harbor2	chr8	33287104	33287329	SINE/MIR	687	-	112	33287216	96160
chr8	33191056	33391056	harbor2	chr8	33290357	33290515	SINE/MIR	626	-	79	33290436	99380
chr8	105483030	105683030	harbor2	chr8	105518996	105519249	SINE/MIR	544	-	126	105519122	36092
chr8	105483030	105683030	harbor2	chr8	105541189	105541424	SINE/MIR	771	-	118	105541307	58277
chr8	105483030	105683030	harbor2	chr8	105556402	105556535	SINE/MIR	450	-	66	105556468	73438
chr8	105483030	105683030	harbor2	chr8	105565384	105565561	SINE/MIR	471	-	88	105565472	82442
chr8	131178775	131378775	harbor2	chr8	131181089	131181279	SINE/MIR	470	-	95	131181184	2409
chr8	131178775	131378775	harbor2	chr8	131187959	131188167	SINE/MIR	425	-	104	131188063	9288
chr8	131178775	131378775	harbor2	chr8	131204912	131205070	SINE/MIR	380	-	79	131204991	26216
chr8	131178775	131378775	harbor2	chr8	131207058	131207255	SINE/MIR	538	-	98	131207156	28381
chr8	131178775	131378775	harbor2	chr8	131214619	131214829	SINE/MIR	406	-	105	131214724	35949
chr8	131178775	131378775	harbor2	chr8	131220718	131220947	SINE/MIR	489	-	114	131220832	42057
chr8	131178775	131378775	harbor2	chr8	131228847	131229024	SINE/MIR	446	-	88	131228935	50160
chr8	131178775	131378775	harbor2	chr8	131229440	131229622	SINE/MIR	415	-	91	131229531	50756
chr8	131178775	131378775	harbor2	chr8	131257853	131258089	SINE/MIR	603	-	118	131257971	79196
chr8	131178775	131378775	harbor2	chr8	131277771	131277900	SINE/MIR	669	-	64	131277835	99060
chr8	131178775	131378775	harbor2	chr8	131278285	131278372	SINE/MIR	669	-	44	131278329	99554
chr8	131178775	131378775	harbor2	chr8	131278350	131278503	SINE/MIR	366	-	76	131278426	99651
chr8	69915173	70115173	harbor2	chr8	69924173	69924305	SINE/MIR	494	-	66	69924239	9066
chr8	69915173	70115173	harbor2	chr8	69976589	69976709	SINE/MIR	401	-	60	69976649	61476
chr8	141905435	142105435	harbor2	chr8	141905514	141905722	SINE/MIR	543	-	104	141905618	183
chr8	86159278	86359278	harbor2	chr8	86215926	86216090	SINE/MIR	447	-	82	86216008	56730
chr8	134488229	134688229	harbor2	chr8	134514574	134514701	SINE/MIR	365	-	64	134514638	26409
chr8	134488229	134688229	harbor2	chr8	134537082	134537261	SINE/MIR	624	-	90	134537172	48943
chr8	134488229	134688229	harbor2	chr8	134580099	134580276	SINE/MIR	413	-	88	134580187	91958
chr8	134488229	134688229	harbor2	chr8	134586312	134586497	SINE/MIR	450	-	92	134586404	98175
chr8	134488229	134688229	harbor2	chr8	134496113	134496343	SINE/MIR	599	-	115	134496228	7999
chr8	134488229	134688229	harbor2	chr8	134528970	134529179	SINE/MIR	429	-	104	134529074	40845
chr8	52009409	52209409	harbor2	chr8	52059868	52060079	SINE/MIR	510	-	106	52059974	50565
chr8	52009409	52209409	harbor2	chr8	52076176	52076364	SINE/MIR	382	-	94	52076270	66861
chr8	135753873	135953873	harbor2	chr8	135844204	135844400	SINE/MIR	472	-	98	135844302	90429
chr8	67991814	68191814	harbor2	chr8	68007570	68007612	SINE/MIR	801	-	21	68007591	15777
chr8	67991814	68191814	harbor2	chr8	68007909	68008105	SINE/MIR	801	-	98	68008007	16193
chr8	67991814	68191814	harbor2	chr8	68010532	68010671	SINE/MIR	472	-	70	68010602	18788
chr8	67991814	68191814	harbor2	chr8	68046899	68047079	SINE/MIR	374	-	90	68046989	55175
chr8	67991814	68191814	harbor2	chr8	68058356	68058436	SINE/MIR	546	-	40	68058396	66582
chr8	67991814	68191814	harbor2	chr8	68058735	68058902	SINE/MIR	546	-	84	68058819	67005
chr8	67991814	68191814	harbor2	chr8	68079356	68079573	SINE/MIR	631	-	108	68079464	87650
chr8	51331166	51531166	harbor2	chr8	51344735	51344956	SINE/MIR	619	-	110	51344845	13679
chr8	51331166	51531166	harbor2	chr8	51348693	51348874	SINE/MIR	509	-	90	51348783	17617
chr8	51331166	51531166	harbor2	chr8	51374212	51374360	SINE/MIR	438	-	74	51374286	43120
chr8	51331166	51531166	harbor2	chr8	51406934	51407160	SINE/MIR	493	-	113	51407047	75881
chr8	51331166	51531166	harbor2	chr8	51412245	51412453	SINE/MIR	728	-	104	51412349	81183
chr8	74785289	74985289	harbor2	chr8	74785593	74785772	SINE/MIR	533	-	90	74785683	394
chr8	74785289	74985289	harbor2	chr8	74811731	74811954	SINE/MIR	586	-	112	74811843	26554
chr8	74785289	74985289	harbor2	chr8	74827427	74827658	SINE/MIR	685	-	116	74827543	42254
chr8	74785289	74985289	harbor2	chr8	74833607	74833836	SINE/MIR	568	-	114	74833721	48432
chr8	139754752	139954752	harbor2	chr8	139759101	139759246	SINE/MIR	560	-	72	139759173	4421
chr8	139754752	139954752	harbor2	chr8	139759291	139759439	SINE/MIR	407	-	74	139759365	4613
chr8	139754752	139954752	harbor2	chr8	139767094	139767304	SINE/MIR	530	-	105	139767199	12447
chr8	139754752	139954752	harbor2	chr8	139787332	139787529	SINE/MIR	370	-	98	139787430	32678
chr8	139754752	139954752	harbor2	chr8	139829815	139829944	SINE/MIR	429	-	64	139829879	75127
chr8	86118807	86318807	harbor2	chr8	86118743	86118953	SINE/MIR	467	-	105	86118848	41
chr8	86118807	86318807	harbor2	chr8	86120672	86120860	SINE/MIR	389	-	94	86120766	1959
chr8	86118807	86318807	harbor2	chr8	86139791	86139927	SINE/MIR	383	-	68	86139859	21052
chr8	86118807	86318807	harbor2	chr8	86142271	86142481	SINE/MIR	536	-	105	86142376	23569
chr8	86118807	86318807	harbor2	chr8	86145864	86146088	SINE/MIR	764	-	112	86145976	27169
chr8	86118807	86318807	harbor2	chr8	86215926	86216090	SINE/MIR	447	-	82	86216008	97201
chr8	128930423	129130423	harbor2	chr8	128950056	128950239	SINE/MIR	455	-	92	128950148	19725
chr8	128930423	129130423	harbor2	chr8	128956714	128956880	SINE/MIR	374	-	83	128956797	26374
chr8	128930423	129130423	harbor2	chr8	128959568	128959631	SINE/MIR	482	-	32	128959600	29177
chr8	128930423	129130423	harbor2	chr8	128960013	128960186	SINE/MIR	482	-	86	128960099	29676
chr8	128930423	129130423	harbor2	chr8	128962002	128962051	SINE/MIR	371	-	24	128962026	31603
chr8	128930423	129130423	harbor2	chr8	128962269	128962486	SINE/MIR	371	-	108	128962377	31954
chr8	128930423	129130423	harbor2	chr8	128967644	128967874	SINE/MIR	482	-	115	128967759	37336
chr8	128930423	129130423	harbor2	chr8	128973886	128974146	SINE/MIR	668	-	130	128974016	43593
chr8	128930423	129130423	harbor2	chr8	128992168	128992342	SINE/MIR	404	-	87	128992255	61832
chr8	128930423	129130423	harbor2	chr8	129027079	129027277	SINE/MIR	538	-	99	129027178	96755
chr8	128930423	129130423	harbor2	chr8	129027289	129027469	SINE/MIR	387	-	90	129027379	96956
chr8	52154516	52354516	harbor2	chr8	52175640	52175860	SINE/MIR	438	-	110	52175750	21234
chr8	52154516	52354516	harbor2	chr8	52187192	52187425	SINE/MIR	665	-	116	52187308	32792
chr8	52154516	52354516	harbor2	chr8	52228604	52228818	SINE/MIR	444	-	107	52228711	74195
chr8	52154516	52354516	harbor2	chr8	52237377	52237545	SINE/MIR	619	-	84	52237461	82945
chr8	52154516	52354516	harbor2	chr8	52246777	52246957	SINE/MIR	395	-	90	52246867	92351
chr8	138691793	138891793	harbor2	chr8	138701640	138701829	SINE/MIR	376	-	94	138701734	9941
chr8	138691793	138891793	harbor2	chr8	138710509	138710718	SINE/MIR	584	-	104	138710613	18820
chr8	138691793	138891793	harbor2	chr8	138722635	138722790	SINE/MIR	499	-	78	138722713	30920
chr8	138691793	138891793	harbor2	chr8	138736817	138736944	SINE/MIR	430	-	64	138736881	45088
chr8	138691793	138891793	harbor2	chr8	138749616	138749778	SINE/MIR	390	-	81	138749697	57904
chr8	138691793	138891793	harbor2	chr8	138757620	138757800	SINE/MIR	441	-	90	138757710	65917
chr8	138691793	138891793	harbor2	chr8	138765297	138765476	SINE/MIR	480	-	90	138765387	73594
chr8	138691793	138891793	harbor2	chr8	138770906	138771143	SINE/MIR	535	-	118	138771024	79231
chr8	138691793	138891793	harbor2	chr8	138784689	138784815	SINE/MIR	381	-	63	138784752	92959
chr8	138691793	138891793	harbor2	chr8	138788775	138789003	SINE/MIR	670	-	114	138788889	97096
chr8	126552234	126752234	harbor2	chr8	126569341	126569548	SINE/MIR	881	-	104	126569445	17211
chr8	126552234	126752234	harbor2	chr8	126575915	126576105	SINE/MIR	395	-	95	126576010	23776
chr8	126552234	126752234	harbor2	chr8	126605149	126605310	SINE/MIR	494	-	80	126605229	52995
chr8	126552234	126752234	harbor2	chr8	126609511	126609705	SINE/MIR	385	-	97	126609608	57374
chr8	126552234	126752234	harbor2	chr8	126625457	126625683	SINE/MIR	428	-	113	126625570	73336
chr8	126552234	126752234	harbor2	chr8	126641464	126641601	SINE/MIR	417	-	68	126641532	89298
chr8	134294299	134494299	harbor2	chr8	134307099	134307307	SINE/MIR	625	-	104	134307203	12904
chr8	134294299	134494299	harbor2	chr8	134327079	134327104	SINE/MIR	469	-	12	134327091	32792
chr8	134294299	134494299	harbor2	chr8	134327505	134327711	SINE/MIR	469	-	103	134327608	33309
chr8	134294299	134494299	harbor2	chr8	134339991	134340171	SINE/MIR	406	-	90	134340081	45782
chr8	134294299	134494299	harbor2	chr8	134342040	134342200	SINE/MIR	667	-	80	134342120	47821
chr8	134294299	134494299	harbor2	chr8	134362646	134362753	SINE/MIR	435	-	54	134362700	68401
chr8	134294299	134494299	harbor2	chr8	134367906	134368147	SINE/MIR	844	-	120	134368026	73727
chr8	134294299	134494299	harbor2	chr8	134381108	134381318	SINE/MIR	549	-	105	134381213	86914
chr8	115704589	115904589	harbor2	chr8	115710730	115710936	SINE/MIR	711	-	103	115710833	6244
chr8	115704589	115904589	harbor2	chr8	115725438	115725709	SINE/MIR	417	-	136	115725574	20985
chr8	115704589	115904589	harbor2	chr8	115741717	115741881	SINE/MIR	484	-	82	115741799	37210
chr8	115704589	115904589	harbor2	chr8	115750966	115751114	SINE/MIR	403	-	74	115751040	46451
chr8	115704589	115904589	harbor2	chr8	115773962	115774185	SINE/MIR	615	-	112	115774074	69485
chr8	115704589	115904589	harbor2	chr8	115781548	115781746	SINE/MIR	657	-	99	115781647	77058
chr8	115704589	115904589	harbor2	chr8	115752912	115753099	SINE/MIR	701	-	94	115753006	48417
chr8	59999989	60199989	harbor2	chr8	60016512	60016626	SINE/MIR	428	-	57	60016569	16580
chr8	59999989	60199989	harbor2	chr8	60017232	60017358	SINE/MIR	452	-	63	60017295	17306
chr8	59999989	60199989	harbor2	chr8	60027371	60027596	SINE/MIR	601	-	112	60027483	27494
chr8	59999989	60199989	harbor2	chr8	60064745	60064956	SINE/MIR	515	-	106	60064851	64862
chr8	130834258	131034258	harbor2	chr8	130837722	130837908	SINE/MIR	512	-	93	130837815	3557
chr8	130834258	131034258	harbor2	chr8	130844999	130845152	SINE/MIR	672	-	76	130845075	10817
chr8	130834258	131034258	harbor2	chr8	130845376	130845563	SINE/MIR	535	-	94	130845470	11212
chr8	130834258	131034258	harbor2	chr8	130848008	130848237	SINE/MIR	797	-	114	130848122	13864
chr8	130834258	131034258	harbor2	chr8	130850851	130851049	SINE/MIR	590	-	99	130850950	16692
chr8	130834258	131034258	harbor2	chr8	130854653	130854793	SINE/MIR	475	-	70	130854723	20465
chr8	130834258	131034258	harbor2	chr8	130872218	130872389	SINE/MIR	420	-	86	130872304	38046
chr8	130834258	131034258	harbor2	chr8	130883916	130884070	SINE/MIR	612	-	77	130883993	49735
chr8	130834258	131034258	harbor2	chr8	130896937	130897104	SINE/MIR	486	-	84	130897021	62763
chr8	130834258	131034258	harbor2	chr8	130917014	130917140	SINE/MIR	413	-	63	130917077	82819
chr8	80707940	80907940	harbor2	chr8	80710271	80710475	SINE/MIR	511	-	102	80710373	2433
chr8	80707940	80907940	harbor2	chr8	80719932	80720137	SINE/MIR	500	-	102	80720034	12094
chr8	80707940	80907940	harbor2	chr8	80726913	80727135	SINE/MIR	657	-	111	80727024	19084
chr8	80707940	80907940	harbor2	chr8	80728079	80728330	SINE/MIR	637	-	126	80728205	20265
chr8	80707940	80907940	harbor2	chr8	80728506	80728710	SINE/MIR	449	-	102	80728608	20668
chr8	80707940	80907940	harbor2	chr8	80738383	80738595	SINE/MIR	505	-	106	80738489	30549
chr8	80707940	80907940	harbor2	chr8	80756321	80756468	SINE/MIR	396	-	74	80756395	48455
chr8	80707940	80907940	harbor2	chr8	80758595	80758705	SINE/MIR	989	-	55	80758650	50710
chr8	80707940	80907940	harbor2	chr8	80758889	80759048	SINE/MIR	989	-	80	80758969	51029
chr8	84834921	85034921	harbor2	chr8	84874315	84874450	SINE/MIR	481	-	68	84874383	39462
chr8	84834921	85034921	harbor2	chr8	84886797	84887042	SINE/MIR	644	-	122	84886919	51998
chr8	84834921	85034921	harbor2	chr8	84907408	84907631	SINE/MIR	452	-	112	84907520	72599
chr8	84834921	85034921	harbor2	chr8	84925333	84925468	SINE/MIR	483	-	68	84925401	90480
chr8	120940536	121140536	harbor2	chr8	120949601	120949823	SINE/MIR	614	-	111	120949712	9176
chr8	120940536	121140536	harbor2	chr8	120962614	120962817	SINE/MIR	504	-	102	120962716	22180
chr8	120940536	121140536	harbor2	chr8	120965465	120965692	SINE/MIR	431	-	114	120965579	25043
chr8	120940536	121140536	harbor2	chr8	120968806	120969052	SINE/MIR	367	-	123	120968929	28393
chr8	120940536	121140536	harbor2	chr8	120972497	120972599	SINE/MIR	422	-	51	120972548	32012
chr8	120940536	121140536	harbor2	chr8	120973553	120973715	SINE/MIR	464	-	81	120973634	33098
chr8	120940536	121140536	harbor2	chr8	120985512	120985707	SINE/MIR	442	-	98	120985610	45074
chr8	120940536	121140536	harbor2	chr8	121029238	121029480	SINE/MIR	491	-	121	121029359	88823
chr8	138577387	138777387	harbor2	chr8	138598476	138598661	SINE/MIR	392	-	92	138598568	21181
chr8	138577387	138777387	harbor2	chr8	138606013	138606244	SINE/MIR	590	-	116	138606129	28742
chr8	138577387	138777387	harbor2	chr8	138609099	138609326	SINE/MIR	541	-	114	138609213	31826
chr8	138577387	138777387	harbor2	chr8	138611217	138611419	SINE/MIR	379	-	101	138611318	33931
chr8	138577387	138777387	harbor2	chr8	138618083	138618285	SINE/MIR	541	-	101	138618184	40797
chr8	138577387	138777387	harbor2	chr8	138620727	138620812	SINE/MIR	400	-	42	138620769	43382
chr8	138577387	138777387	harbor2	chr8	138639154	138639333	SINE/MIR	364	-	90	138639244	61857
chr8	138577387	138777387	harbor2	chr8	138666333	138666571	SINE/MIR	513	-	119	138666452	89065
chr8	134103965	134303965	harbor2	chr8	134109877	134110113	SINE/MIR	520	-	118	134109995	6030
chr8	134103965	134303965	harbor2	chr8	134110722	134110907	SINE/MIR	505	-	92	134110814	6849
chr8	134103965	134303965	harbor2	chr8	134121411	134121604	SINE/MIR	383	-	96	134121507	17542
chr8	134103965	134303965	harbor2	chr8	134127703	134127934	SINE/MIR	437	-	116	134127819	23854
chr8	134103965	134303965	harbor2	chr8	134142552	134142751	SINE/MIR	582	-	100	134142652	38687
chr8	134103965	134303965	harbor2	chr8	134146508	134146647	SINE/MIR	456	-	70	134146578	42613
chr8	134103965	134303965	harbor2	chr8	134148480	134148668	SINE/MIR	659	-	94	134148574	44609
chr8	134103965	134303965	harbor2	chr8	134175092	134175316	SINE/MIR	593	-	112	134175204	71239
chr8	134103965	134303965	harbor2	chr8	134199620	134199869	SINE/MIR	527	-	124	134199744	95779
chr8	103975478	104175478	harbor2	chr8	104053664	104053794	SINE/MIR	364	-	65	104053729	78251
chr8	141411682	141611682	harbor2	chr8	141439502	141439699	SINE/MIR	385	-	98	141439600	27918
chr8	141411682	141611682	harbor2	chr8	141440045	141440180	SINE/MIR	438	-	68	141440113	28431
chr8	141411682	141611682	harbor2	chr8	141440520	141440599	SINE/MIR	425	-	40	141440560	28878
chr8	141411682	141611682	harbor2	chr8	141487467	141487706	SINE/MIR	582	-	120	141487587	75905
chr8	96819223	97019223	harbor2	chr8	96827608	96827801	SINE/MIR	443	-	96	96827704	8481
chr8	96819223	97019223	harbor2	chr8	96839810	96840046	SINE/MIR	510	-	118	96839928	20705
chr8	96819223	97019223	harbor2	chr8	96877610	96877829	SINE/MIR	715	-	110	96877720	58497
chr8	96819223	97019223	harbor2	chr8	96881110	96881158	SINE/MIR	405	-	24	96881134	61911
chr8	96819223	97019223	harbor2	chr8	96881565	96881694	SINE/MIR	405	-	64	96881629	62406
chr8	96819223	97019223	harbor2	chr8	96892943	96893203	SINE/MIR	587	-	130	96893073	73850
chr8	96819223	97019223	harbor2	chr8	96893504	96893678	SINE/MIR	478	-	87	96893591	74368
chr8	96819223	97019223	harbor2	chr8	96900066	96900205	SINE/MIR	456	-	70	96900136	80913
chr8	96819223	97019223	harbor2	chr8	96902237	96902431	SINE/MIR	706	-	97	96902334	83111
chr8	96819223	97019223	harbor2	chr8	96903569	96903753	SINE/MIR	550	-	92	96903661	84438
chr8	96819223	97019223	harbor2	chr8	96878375	96878607	SINE/MIR	559	-	116	96878491	59268
chr8	133622265	133822265	harbor2	chr8	133630367	133630538	SINE/MIR	448	-	86	133630453	8188
chr8	133622265	133822265	harbor2	chr8	133650035	133650281	SINE/MIR	617	-	123	133650158	27893
chr8	133622265	133822265	harbor2	chr8	133679636	133679792	SINE/MIR	366	-	78	133679714	57449
chr8	133622265	133822265	harbor2	chr8	133688734	133688964	SINE/MIR	406	-	115	133688849	66584
chr8	133622265	133822265	harbor2	chr8	133694855	133695049	SINE/MIR	663	-	97	133694952	72687
chr8	133622265	133822265	harbor2	chr8	133701634	133701826	SINE/MIR	397	-	96	133701730	79465
chr8	133622265	133822265	harbor2	chr8	133702367	133702599	SINE/MIR	550	-	116	133702483	80218
chr8	133622265	133822265	harbor2	chr8	133708707	133708804	SINE/MIR	371	-	48	133708755	86490
chr8	133622265	133822265	harbor2	chr8	133709094	133709195	SINE/MIR	371	-	50	133709144	86879
chr8	133622265	133822265	harbor2	chr8	133713335	133713455	SINE/MIR	373	-	60	133713395	91130
chr8	133622265	133822265	harbor2	chr8	133719712	133719940	SINE/MIR	609	-	114	133719826	97561
chr8	104735627	104935627	harbor2	chr8	104752492	104752740	SINE/MIR	560	-	124	104752616	16989
chr8	104735627	104935627	harbor2	chr8	104757556	104757718	SINE/MIR	561	-	81	104757637	22010
chr8	104735627	104935627	harbor2	chr8	104802998	104803109	SINE/MIR	496	-	56	104803054	67427
chr8	104735627	104935627	harbor2	chr8	104803306	104803446	SINE/MIR	496	-	70	104803376	67749
chr8	104735627	104935627	harbor2	chr8	104803460	104803613	SINE/MIR	464	-	76	104803536	67909
chr8	104735627	104935627	harbor2	chr8	104817248	104817482	SINE/MIR	785	-	117	104817365	81738
chr8	104735627	104935627	harbor2	chr8	104821574	104821759	SINE/MIR	438	-	92	104821666	86039
chr8	129037790	129237790	harbor2	chr8	129043726	129043998	SINE/MIR	424	-	136	129043862	6072
chr8	129037790	129237790	harbor2	chr8	129044173	129044399	SINE/MIR	424	-	113	129044286	6496
chr8	129037790	129237790	harbor2	chr8	129058601	129058833	SINE/MIR	449	-	116	129058717	20927
chr8	129037790	129237790	harbor2	chr8	129060070	129060220	SINE/MIR	539	-	75	129060145	22355
chr8	129037790	129237790	harbor2	chr8	129062530	129062681	SINE/MIR	432	-	76	129062606	24816
chr8	129037790	129237790	harbor2	chr8	129073729	129073949	SINE/MIR	495	-	110	129073839	36049
chr8	129037790	129237790	harbor2	chr8	129086831	129086988	SINE/MIR	401	-	78	129086909	49119
chr8	129037790	129237790	harbor2	chr8	129109402	129109574	SINE/MIR	374	-	86	129109488	71698
chr8	129037790	129237790	harbor2	chr8	129122360	129122549	SINE/MIR	412	-	94	129122454	84664
chr8	129037790	129237790	harbor2	chr8	129137060	129137215	SINE/MIR	378	-	78	129137138	99348
chr8	110689105	110889105	harbor2	chr8	110744834	110745017	SINE/MIR	396	-	92	110744926	55821
chr8	110689105	110889105	harbor2	chr8	110755381	110755584	SINE/MIR	407	-	102	110755483	66378
chr8	115304157	115504157	harbor2	chr8	115348450	115348615	SINE/MIR	488	-	82	115348532	44375
chr8	115304157	115504157	harbor2	chr8	115362308	115362505	SINE/MIR	371	-	98	115362406	58249
chr8	115304157	115504157	harbor2	chr8	115379311	115379543	SINE/MIR	565	-	116	115379427	75270
chr8	115304157	115504157	harbor2	chr8	115396630	115396778	SINE/MIR	473	-	74	115396704	92547
chr8	102206885	102406885	harbor2	chr8	102207740	102207905	SINE/MIR	519	-	82	102207822	937
chr8	102206885	102406885	harbor2	chr8	102212074	102212288	SINE/MIR	1016	-	107	102212181	5296
chr8	102206885	102406885	harbor2	chr8	102230775	102230992	SINE/MIR	762	-	108	102230883	23998
chr8	102206885	102406885	harbor2	chr8	102259529	102259725	SINE/MIR	533	-	98	102259627	52742
chr8	118467950	118667950	harbor2	chr8	118474690	118474762	SINE/MIR	864	-	36	118474726	6776
chr8	118467950	118667950	harbor2	chr8	118475502	118475634	SINE/MIR	864	-	66	118475568	7618
chr8	118467950	118667950	harbor2	chr8	118478513	118478695	SINE/MIR	454	-	91	118478604	10654
chr8	118467950	118667950	harbor2	chr8	118481893	118482067	SINE/MIR	640	-	87	118481980	14030
chr8	118467950	118667950	harbor2	chr8	118483726	118483896	SINE/MIR	399	-	85	118483811	15861
chr8	118467950	118667950	harbor2	chr8	118487588	118487821	SINE/MIR	459	-	116	118487704	19754
chr8	118467950	118667950	harbor2	chr8	118526112	118526316	SINE/MIR	462	-	102	118526214	58264
chr8	118467950	118667950	harbor2	chr8	118541138	118541308	SINE/MIR	368	-	85	118541223	73273
chr8	118467950	118667950	harbor2	chr8	118567036	118567266	SINE/MIR	604	-	115	118567151	99201
chr8	137729452	137929452	harbor2	chr8	137779945	137780151	SINE/MIR	437	-	103	137780048	50596
chr8	137729452	137929452	harbor2	chr8	137783399	137783513	SINE/MIR	369	-	57	137783456	54004
chr8	137729452	137929452	harbor2	chr8	137784175	137784388	SINE/MIR	379	-	106	137784281	54829
chr8	137729452	137929452	harbor2	chr8	137791498	137791694	SINE/MIR	549	-	98	137791596	62144
chr8	81466757	81666757	harbor2	chr8	81507145	81507398	SINE/MIR	652	-	126	81507271	40514
chr8	81466757	81666757	harbor2	chr8	81525797	81526038	SINE/MIR	578	-	120	81525917	59160
chr8	81466757	81666757	harbor2	chr8	81547833	81547949	SINE/MIR	385	-	58	81547891	81134
chr8	81466757	81666757	harbor2	chr8	81554335	81554491	SINE/MIR	485	-	78	81554413	87656
chr8	81466757	81666757	harbor2	chr8	81560684	81560856	SINE/MIR	470	-	86	81560770	94013
chr8	112310389	112510389	harbor2	chr8	112316567	112316767	SINE/MIR	414	-	100	112316667	6278
chr8	112310389	112510389	harbor2	chr8	112320371	112320493	SINE/MIR	521	-	61	112320432	10043
chr8	112310389	112510389	harbor2	chr8	112320733	112320865	SINE/MIR	521	-	66	112320799	10410
chr8	112310389	112510389	harbor2	chr8	112367889	112368134	SINE/MIR	486	-	122	112368011	57622
chr8	112310389	112510389	harbor2	chr8	112391232	112391415	SINE/MIR	789	-	92	112391324	80935
chr8	112310389	112510389	harbor2	chr8	112391705	112391756	SINE/MIR	789	-	26	112391731	81342
chr8	67620856	67820856	harbor2	chr8	67673977	67674224	SINE/MIR	585	-	124	67674101	53245
chr8	137471062	137671062	harbor2	chr8	137477535	137477718	SINE/MIR	587	-	92	137477627	6565
chr8	137471062	137671062	harbor2	chr8	137494290	137494455	SINE/MIR	418	-	82	137494372	23310
chr8	117277292	117477292	harbor2	chr8	117280743	117280901	SINE/MIR	602	-	79	117280822	3530
chr8	117277292	117477292	harbor2	chr8	117296554	117296741	SINE/MIR	463	-	94	117296648	19356
chr8	117277292	117477292	harbor2	chr8	117307091	117307329	SINE/MIR	642	-	119	117307210	29918
chr8	117277292	117477292	harbor2	chr8	117314392	117314565	SINE/MIR	605	-	86	117314478	37186
chr8	117277292	117477292	harbor2	chr8	117359290	117359523	SINE/MIR	710	-	116	117359406	82114
chr8	117277292	117477292	harbor2	chr8	117375138	117375347	SINE/MIR	522	-	104	117375242	97950
chr8	117277292	117477292	harbor2	chr8	117376580	117376780	SINE/MIR	581	-	100	117376680	99388
chr8	134352370	134552370	harbor2	chr8	134362646	134362753	SINE/MIR	435	-	54	134362700	10330
chr8	134352370	134552370	harbor2	chr8	134367906	134368147	SINE/MIR	844	-	120	134368026	15656
chr8	134352370	134552370	harbor2	chr8	134381108	134381318	SINE/MIR	549	-	105	134381213	28843
chr8	134352370	134552370	harbor2	chr8	134402318	134402534	SINE/MIR	496	-	108	134402426	50056
chr8	134352370	134552370	harbor2	chr8	134426985	134427019	SINE/MIR	485	-	17	134427002	74632
chr8	134352370	134552370	harbor2	chr8	134427313	134427463	SINE/MIR	485	-	75	134427388	75018
chr8	134352370	134552370	harbor2	chr8	134433983	134434115	SINE/MIR	456	-	66	134434049	81679
chr8	134352370	134552370	harbor2	chr8	134437369	134437570	SINE/MIR	510	-	100	134437469	85099
chr8	54811819	55011819	harbor2	chr8	54835638	54835780	SINE/MIR	466	-	71	54835709	23890
chr8	54811819	55011819	harbor2	chr8	54868985	54869214	SINE/MIR	414	-	114	54869099	57280
chr8	54811819	55011819	harbor2	chr8	54870777	54870938	SINE/MIR	606	-	80	54870857	59038
chr8	54811819	55011819	harbor2	chr8	54903676	54903861	SINE/MIR	437	-	92	54903768	91949
chr8	39106270	39306270	harbor2	chr8	39188537	39188769	SINE/MIR	754	-	116	39188653	82383
chr8	39106270	39306270	harbor2	chr8	39189070	39189315	SINE/MIR	510	-	122	39189192	82922
chr8	123005513	123205513	harbor2	chr8	123016522	123016733	SINE/MIR	534	-	106	123016628	11115
chr8	123005513	123205513	harbor2	chr8	123034526	123034640	SINE/MIR	377	-	57	123034583	29070
chr8	123005513	123205513	harbor2	chr8	123037449	123037583	SINE/MIR	420	-	67	123037516	32003
chr8	123005513	123205513	harbor2	chr8	123045091	123045311	SINE/MIR	498	-	110	123045201	39688
chr8	123005513	123205513	harbor2	chr8	123055857	123056063	SINE/MIR	484	-	103	123055960	50447
chr8	123005513	123205513	harbor2	chr8	123064324	123064478	SINE/MIR	503	-	77	123064401	58888
chr8	123005513	123205513	harbor2	chr8	123082175	123082277	SINE/MIR	369	-	51	123082226	76713
chr8	123005513	123205513	harbor2	chr8	123086270	123086494	SINE/MIR	364	-	112	123086382	80869
chr8	123005513	123205513	harbor2	chr8	123090108	123090368	SINE/MIR	386	-	130	123090238	84725
chr8	123005513	123205513	harbor2	chr8	123097663	123097859	SINE/MIR	477	-	98	123097761	92248
chr8	127934366	128134366	harbor2	chr8	127947143	127947287	SINE/MIR	451	-	72	127947215	12849
chr8	127934366	128134366	harbor2	chr8	127948980	127949233	SINE/MIR	634	-	126	127949106	14740
chr8	127934366	128134366	harbor2	chr8	127950047	127950179	SINE/MIR	554	-	66	127950113	15747
chr8	127934366	128134366	harbor2	chr8	127957088	127957193	SINE/MIR	399	-	52	127957140	22774
chr8	127934366	128134366	harbor2	chr8	127958548	127958704	SINE/MIR	400	-	78	127958626	24260
chr8	127934366	128134366	harbor2	chr8	127966263	127966387	SINE/MIR	380	-	62	127966325	31959
chr8	127934366	128134366	harbor2	chr8	127969737	127969854	SINE/MIR	428	-	58	127969795	35429
chr8	127934366	128134366	harbor2	chr8	127973306	127973536	SINE/MIR	476	-	115	127973421	39055
chr8	127934366	128134366	harbor2	chr8	127976607	127976864	SINE/MIR	405	-	128	127976735	42369
chr8	127934366	128134366	harbor2	chr8	127984275	127984443	SINE/MIR	438	-	84	127984359	49993
chr8	127934366	128134366	harbor2	chr8	128012348	128012541	SINE/MIR	397	-	96	128012444	78078
chr8	127934366	128134366	harbor2	chr8	128025726	128025933	SINE/MIR	691	-	104	128025830	91464
chr8	127934366	128134366	harbor2	chr8	128026408	128026597	SINE/MIR	483	-	94	128026502	92136
chr8	127934366	128134366	harbor2	chr8	128031659	128031879	SINE/MIR	900	-	110	128031769	97403
chr8	131736662	131936662	harbor2	chr8	131765517	131765748	SINE/MIR	585	-	116	131765633	28971
chr8	131736662	131936662	harbor2	chr8	131781500	131781619	SINE/MIR	468	-	60	131781560	44898
chr8	131736662	131936662	harbor2	chr8	131782976	131783137	SINE/MIR	412	-	80	131783056	46394
chr8	131736662	131936662	harbor2	chr8	131792095	131792296	SINE/MIR	727	-	100	131792195	55533
chr8	131736662	131936662	harbor2	chr8	131793193	131793407	SINE/MIR	370	-	107	131793300	56638
chr8	131736662	131936662	harbor2	chr8	131794879	131795044	SINE/MIR	540	-	82	131794961	58299
chr8	131736662	131936662	harbor2	chr8	131797003	131797234	SINE/MIR	686	-	116	131797119	60457
chr8	131736662	131936662	harbor2	chr8	131798609	131798830	SINE/MIR	800	-	110	131798719	62057
chr8	131736662	131936662	harbor2	chr8	131812871	131813071	SINE/MIR	622	-	100	131812971	76309
chr8	131736662	131936662	harbor2	chr8	131817023	131817207	SINE/MIR	408	-	92	131817115	80453
chr8	131736662	131936662	harbor2	chr8	131818661	131818843	SINE/MIR	536	-	91	131818752	82090
chr8	131736662	131936662	harbor2	chr8	131826733	131826827	SINE/MIR	378	-	47	131826780	90118
chr8	62207449	62407449	harbor2	chr8	62218469	62218720	SINE/MIR	365	-	126	62218595	11146
chr8	62207449	62407449	harbor2	chr8	62268666	62268802	SINE/MIR	400	-	68	62268734	61285
chr8	107178472	107378472	harbor2	chr8	107181681	107181816	SINE/MIR	393	-	68	107181749	3277
chr8	107178472	107378472	harbor2	chr8	107196776	107197003	SINE/MIR	807	-	114	107196890	18418
chr8	107178472	107378472	harbor2	chr8	107207719	107207933	SINE/MIR	525	-	107	107207826	29354
chr8	107178472	107378472	harbor2	chr8	107218725	107218984	SINE/MIR	540	-	130	107218855	40383
chr8	107178472	107378472	harbor2	chr8	107222820	107223047	SINE/MIR	524	-	114	107222934	44462
chr8	107178472	107378472	harbor2	chr8	107224190	107224382	SINE/MIR	420	-	96	107224286	45814
chr8	107178472	107378472	harbor2	chr8	107264748	107264887	SINE/MIR	401	-	70	107264818	86346
chr8	107178472	107378472	harbor2	chr8	107276657	107276824	SINE/MIR	500	-	84	107276741	98269
chr8	106794709	106994709	harbor2	chr8	106858171	106858446	SINE/MIR	375	-	138	106858309	63600
chr8	106794709	106994709	harbor2	chr8	106869426	106869658	SINE/MIR	693	-	116	106869542	74833
chr8	118682130	118882130	harbor2	chr8	118684029	118684257	SINE/MIR	516	-	114	118684143	2013
chr8	118682130	118882130	harbor2	chr8	118723855	118724070	SINE/MIR	658	-	108	118723963	41833
chr8	118682130	118882130	harbor2	chr8	118724094	118724254	SINE/MIR	432	-	80	118724174	42044
chr8	118682130	118882130	harbor2	chr8	118731497	118731671	SINE/MIR	529	-	87	118731584	49454
chr8	118682130	118882130	harbor2	chr8	118733562	118733780	SINE/MIR	458	-	109	118733671	51541
chr8	118682130	118882130	harbor2	chr8	118781477	118781716	SINE/MIR	616	-	120	118781597	99467
chr8	118682130	118882130	harbor2	chr8	118767449	118767676	SINE/MIR	735	-	114	118767563	85433
chr8	81257934	81457934	harbor2	chr8	81264939	81265176	SINE/MIR	516	-	118	81265057	7123
chr8	81257934	81457934	harbor2	chr8	81299832	81299943	SINE/MIR	371	-	56	81299888	41954
chr8	81257934	81457934	harbor2	chr8	81321287	81321501	SINE/MIR	487	-	107	81321394	63460
chr8	81257934	81457934	harbor2	chr8	81336854	81337060	SINE/MIR	440	-	103	81336957	79023
chr8	81257934	81457934	harbor2	chr8	81343683	81343871	SINE/MIR	479	-	94	81343777	85843
chr8	81257934	81457934	harbor2	chr8	81357505	81357729	SINE/MIR	613	-	112	81357617	99683
chr8	143928143	144128143	harbor2	chr8	144006245	144006414	SINE/MIR	505	-	84	144006329	78186
chr8	143928143	144128143	harbor2	chr8	143982590	143982752	SINE/MIR	379	-	81	143982671	54528
chr8	82452601	82652601	harbor2	chr8	82505441	82505625	SINE/MIR	522	-	92	82505533	52932
chr8	136316121	136516121	harbor2	chr8	136321340	136321596	SINE/MIR	410	-	128	136321468	5347
chr8	136316121	136516121	harbor2	chr8	136326484	136326620	SINE/MIR	449	-	68	136326552	10431
chr8	136316121	136516121	harbor2	chr8	136409051	136409239	SINE/MIR	532	-	94	136409145	93024
chr8	111013653	111213653	harbor2	chr8	111109507	111109761	SINE/MIR	612	-	127	111109634	95981
chr8	100473971	100673971	harbor2	chr8	100492426	100492629	SINE/MIR	579	-	102	100492528	18557
chr8	100473971	100673971	harbor2	chr8	100492998	100493236	SINE/MIR	696	-	119	100493117	19146
chr8	100473971	100673971	harbor2	chr8	100493510	100493742	SINE/MIR	763	-	116	100493626	19655
chr8	100473971	100673971	harbor2	chr8	100511070	100511351	SINE/MIR	401	-	140	100511210	37239
chr8	100473971	100673971	harbor2	chr8	100540077	100540202	SINE/MIR	446	-	62	100540139	66168
chr8	103272372	103472372	harbor2	chr8	103280043	103280251	SINE/MIR	613	-	104	103280147	7775
chr8	103272372	103472372	harbor2	chr8	103280837	103281051	SINE/MIR	783	-	107	103280944	8572
chr8	103272372	103472372	harbor2	chr8	103282115	103282358	SINE/MIR	759	-	122	103282237	9865
chr8	103272372	103472372	harbor2	chr8	103297188	103297312	SINE/MIR	580	-	62	103297250	24878
chr8	103272372	103472372	harbor2	chr8	103358804	103358994	SINE/MIR	488	-	95	103358899	86527
chr8	103825947	104025947	harbor2	chr8	103864615	103864857	SINE/MIR	602	-	121	103864736	38789
chr8	103825947	104025947	harbor2	chr8	103903119	103903316	SINE/MIR	375	-	98	103903217	77270
chr8	115040581	115240581	harbor2	chr8	115123537	115123690	SINE/MIR	527	-	76	115123613	83032
chr8	115040581	115240581	harbor2	chr8	115131844	115132075	SINE/MIR	452	-	116	115131960	91379
chr8	128790441	128990441	harbor2	chr8	128798202	128798288	SINE/MIR	397	-	43	128798245	7804
chr8	128790441	128990441	harbor2	chr8	128814053	128814249	SINE/MIR	393	-	98	128814151	23710
chr8	128790441	128990441	harbor2	chr8	128815897	128816103	SINE/MIR	404	-	103	128816000	25559
chr8	128790441	128990441	harbor2	chr8	128819628	128819795	SINE/MIR	502	-	84	128819712	29271
chr8	128790441	128990441	harbor2	chr8	128823935	128824191	SINE/MIR	384	-	128	128824063	33622
chr8	128790441	128990441	harbor2	chr8	128831559	128831782	SINE/MIR	415	-	112	128831671	41230
chr8	128790441	128990441	harbor2	chr8	128837900	128838103	SINE/MIR	447	-	102	128838002	47561
chr8	128790441	128990441	harbor2	chr8	128844036	128844278	SINE/MIR	580	-	121	128844157	53716
chr8	128790441	128990441	harbor2	chr8	128854742	128854971	SINE/MIR	572	-	114	128854856	64415
chr8	128790441	128990441	harbor2	chr8	128864123	128864304	SINE/MIR	390	-	90	128864213	73772
chr8	128790441	128990441	harbor2	chr8	128868977	128869121	SINE/MIR	484	-	72	128869049	78608
chr8	128790441	128990441	harbor2	chr8	128880995	128881230	SINE/MIR	599	-	118	128881113	90672
chr8	128790441	128990441	harbor2	chr8	128887260	128887455	SINE/MIR	400	-	98	128887358	96917
chr8	100408674	100608674	harbor2	chr8	100431015	100431240	SINE/MIR	700	-	112	100431127	22453
chr8	100408674	100608674	harbor2	chr8	100432314	100432514	SINE/MIR	455	-	100	100432414	23740
chr8	100408674	100608674	harbor2	chr8	100435647	100435721	SINE/MIR	481	-	37	100435684	27010
chr8	100408674	100608674	harbor2	chr8	100436182	100436272	SINE/MIR	481	-	45	100436227	27553
chr8	100408674	100608674	harbor2	chr8	100442838	100443067	SINE/MIR	588	-	114	100442952	34278
chr8	100408674	100608674	harbor2	chr8	100461376	100461525	SINE/MIR	637	-	74	100461450	52776
chr8	100408674	100608674	harbor2	chr8	100469610	100469802	SINE/MIR	575	-	96	100469706	61032
chr8	100408674	100608674	harbor2	chr8	100472809	100473051	SINE/MIR	607	-	121	100472930	64256
chr8	100408674	100608674	harbor2	chr8	100492426	100492629	SINE/MIR	579	-	102	100492528	83854
chr8	100408674	100608674	harbor2	chr8	100492998	100493236	SINE/MIR	696	-	119	100493117	84443
chr8	100408674	100608674	harbor2	chr8	100493510	100493742	SINE/MIR	763	-	116	100493626	84952
chr8	115668369	115868369	harbor2	chr8	115677962	115678144	SINE/MIR	540	-	91	115678053	9684
chr8	115668369	115868369	harbor2	chr8	115680295	115680491	SINE/MIR	926	-	98	115680393	12024
chr8	115668369	115868369	harbor2	chr8	115710730	115710936	SINE/MIR	711	-	103	115710833	42464
chr8	115668369	115868369	harbor2	chr8	115725438	115725709	SINE/MIR	417	-	136	115725574	57205
chr8	115668369	115868369	harbor2	chr8	115741717	115741881	SINE/MIR	484	-	82	115741799	73430
chr8	115668369	115868369	harbor2	chr8	115750966	115751114	SINE/MIR	403	-	74	115751040	82671
chr8	115668369	115868369	harbor2	chr8	115752912	115753099	SINE/MIR	701	-	94	115753006	84637
chr8	137894807	138094807	harbor2	chr8	137928579	137928802	SINE/MIR	481	-	112	137928691	33884
chr8	137894807	138094807	harbor2	chr8	137928996	137929006	SINE/MIR	481	-	5	137929001	34194
chr8	137894807	138094807	harbor2	chr8	137943143	137943360	SINE/MIR	400	-	108	137943251	48444
chr8	137894807	138094807	harbor2	chr8	137948898	137949111	SINE/MIR	633	-	106	137949004	54197
chr8	137894807	138094807	harbor2	chr8	137951684	137951931	SINE/MIR	795	-	124	137951808	57001
chr8	137894807	138094807	harbor2	chr8	137971241	137971383	SINE/MIR	403	-	71	137971312	76505
chr9	107556332	107756332	harbor2	chr9	107569134	107569341	SINE/MIR	543	-	104	107569238	12906
chr9	107556332	107756332	harbor2	chr9	107575515	107575723	SINE/MIR	444	-	104	107575619	19287
chr9	107556332	107756332	harbor2	chr9	107584907	107585098	SINE/MIR	443	-	96	107585003	28671
chr9	107556332	107756332	harbor2	chr9	107585837	107586024	SINE/MIR	511	-	94	107585931	29599
chr9	107556332	107756332	harbor2	chr9	107590112	107590285	SINE/MIR	441	-	86	107590198	33866
chr9	107556332	107756332	harbor2	chr9	107590607	107590623	SINE/MIR	441	-	8	107590615	34283
chr9	107556332	107756332	harbor2	chr9	107615738	107615880	SINE/MIR	484	-	71	107615809	59477
chr9	107556332	107756332	harbor2	chr9	107619572	107619780	SINE/MIR	551	-	104	107619676	63344
chr9	107556332	107756332	harbor2	chr9	107623075	107623254	SINE/MIR	412	-	90	107623165	66833
chr9	107556332	107756332	harbor2	chr9	107623754	107623954	SINE/MIR	508	-	100	107623854	67522
chr9	107556332	107756332	harbor2	chr9	107626971	107627083	SINE/MIR	471	-	56	107627027	70695
chr9	107556332	107756332	harbor2	chr9	107633903	107634123	SINE/MIR	588	-	110	107634013	77681
chr9	107556332	107756332	harbor2	chr9	107641687	107641798	SINE/MIR	460	-	56	107641743	85411
chr9	107556332	107756332	harbor2	chr9	107643185	107643266	SINE/MIR	604	-	40	107643225	86893
chr9	107556332	107756332	harbor2	chr9	107644326	107644455	SINE/MIR	604	-	64	107644390	88058
chr9	107556332	107756332	harbor2	chr9	107652821	107653018	SINE/MIR	550	-	98	107652919	96587
chr9	98108223	98308223	harbor2	chr9	98125294	98125516	SINE/MIR	425	-	111	98125405	17182
chr9	98108223	98308223	harbor2	chr9	98128307	98128461	SINE/MIR	418	-	77	98128384	20161
chr9	98108223	98308223	harbor2	chr9	98134098	98134281	SINE/MIR	443	-	92	98134190	25967
chr9	98108223	98308223	harbor2	chr9	98144221	98144442	SINE/MIR	423	-	110	98144331	36108
chr9	98108223	98308223	harbor2	chr9	98157280	98157416	SINE/MIR	570	-	68	98157348	49125
chr9	98108223	98308223	harbor2	chr9	98168404	98168579	SINE/MIR	646	-	88	98168492	60269
chr9	98108223	98308223	harbor2	chr9	98178824	98178978	SINE/MIR	498	-	77	98178901	70678
chr9	98108223	98308223	harbor2	chr9	98184912	98185068	SINE/MIR	632	-	78	98184990	76767
chr9	98108223	98308223	harbor2	chr9	98189576	98189764	SINE/MIR	539	-	94	98189670	81447
chr9	98108223	98308223	harbor2	chr9	98193302	98193483	SINE/MIR	594	-	90	98193392	85169
chr9	98108223	98308223	harbor2	chr9	98205042	98205202	SINE/MIR	523	-	80	98205122	96899
chr9	126613935	126813935	harbor2	chr9	126629320	126629499	SINE/MIR	680	-	90	126629410	15475
chr9	126613935	126813935	harbor2	chr9	126630502	126630626	SINE/MIR	539	-	62	126630564	16629
chr9	126613935	126813935	harbor2	chr9	126633769	126633934	SINE/MIR	509	-	82	126633851	19916
chr9	126613935	126813935	harbor2	chr9	126641269	126641500	SINE/MIR	731	-	116	126641385	27450
chr9	126613935	126813935	harbor2	chr9	126643820	126644045	SINE/MIR	807	-	112	126643932	29997
chr9	126613935	126813935	harbor2	chr9	126668271	126668411	SINE/MIR	467	-	70	126668341	54406
chr9	126613935	126813935	harbor2	chr9	126683743	126683899	SINE/MIR	478	-	78	126683821	69886
chr9	126613935	126813935	harbor2	chr9	126685807	126685958	SINE/MIR	455	-	76	126685883	71948
chr9	126613935	126813935	harbor2	chr9	126687129	126687217	SINE/MIR	503	-	44	126687173	73238
chr9	126613935	126813935	harbor2	chr9	126687524	126687616	SINE/MIR	503	-	46	126687570	73635
chr9	126613935	126813935	harbor2	chr9	126687619	126687807	SINE/MIR	525	-	94	126687713	73778
chr9	126613935	126813935	harbor2	chr9	126694158	126694391	SINE/MIR	502	-	116	126694274	80339
chr9	126613935	126813935	harbor2	chr9	126699152	126699299	SINE/MIR	453	-	74	126699226	85291
chr9	126613935	126813935	harbor2	chr9	126702759	126702926	SINE/MIR	401	-	84	126702843	88908
chr9	126613935	126813935	harbor2	chr9	126705563	126705751	SINE/MIR	411	-	94	126705657	91722
chr9	126613935	126813935	harbor2	chr9	126707611	126707646	SINE/MIR	495	-	18	126707629	93694
chr9	126613935	126813935	harbor2	chr9	126707958	126708079	SINE/MIR	495	-	60	126708018	94083
chr9	100258438	100458438	harbor2	chr9	100260573	100260730	SINE/MIR	661	-	78	100260651	2213
chr9	100258438	100458438	harbor2	chr9	100269895	100270059	SINE/MIR	502	-	82	100269977	11539
chr9	100258438	100458438	harbor2	chr9	100279206	100279326	SINE/MIR	396	-	60	100279266	20828
chr9	100258438	100458438	harbor2	chr9	100294826	100295027	SINE/MIR	741	-	100	100294926	36488
chr9	100258438	100458438	harbor2	chr9	100303128	100303373	SINE/MIR	519	-	122	100303250	44812
chr9	104470066	104670066	harbor2	chr9	104481328	104481513	SINE/MIR	398	-	92	104481420	11354
chr9	104470066	104670066	harbor2	chr9	104502368	104502603	SINE/MIR	544	-	118	104502486	32420
chr9	104470066	104670066	harbor2	chr9	104512926	104513189	SINE/MIR	447	-	132	104513058	42992
chr9	78920351	79120351	harbor2	chr9	78964157	78964382	SINE/MIR	465	-	112	78964269	43918
chr9	78920351	79120351	harbor2	chr9	79009258	79009482	SINE/MIR	411	-	112	79009370	89019
chr9	132592966	132792966	harbor2	chr9	132596540	132596702	SINE/MIR	541	-	81	132596621	3655
chr9	132592966	132792966	harbor2	chr9	132599164	132599325	SINE/MIR	663	-	80	132599244	6278
chr9	132592966	132792966	harbor2	chr9	132606563	132606753	SINE/MIR	453	-	95	132606658	13692
chr9	132592966	132792966	harbor2	chr9	132633001	132633210	SINE/MIR	652	-	104	132633105	40139
chr9	132592966	132792966	harbor2	chr9	132643527	132643753	SINE/MIR	804	-	113	132643640	50674
chr9	132592966	132792966	harbor2	chr9	132644322	132644526	SINE/MIR	751	-	102	132644424	51458
chr9	132592966	132792966	harbor2	chr9	132665739	132665958	SINE/MIR	393	-	110	132665849	72883
chr9	132592966	132792966	harbor2	chr9	132667845	132668071	SINE/MIR	872	-	113	132667958	74992
chr9	132592966	132792966	harbor2	chr9	132675083	132675293	SINE/MIR	601	-	105	132675188	82222
chr9	132592966	132792966	harbor2	chr9	132688687	132688814	SINE/MIR	417	-	64	132688751	95785
chr9	123165155	123365155	harbor2	chr9	123166311	123166476	SINE/MIR	450	-	82	123166393	1238
chr9	123165155	123365155	harbor2	chr9	123187009	123187203	SINE/MIR	470	-	97	123187106	21951
chr9	123165155	123365155	harbor2	chr9	123213465	123213642	SINE/MIR	566	-	88	123213553	48398
chr9	123165155	123365155	harbor2	chr9	123216754	123216982	SINE/MIR	524	-	114	123216868	51713
chr9	123165155	123365155	harbor2	chr9	123218851	123219104	SINE/MIR	566	-	126	123218977	53822
chr9	123165155	123365155	harbor2	chr9	123220823	123220948	SINE/MIR	507	-	62	123220885	55730
chr9	123165155	123365155	harbor2	chr9	123239881	123240048	SINE/MIR	442	-	84	123239965	74810
chr9	123165155	123365155	harbor2	chr9	123251285	123251509	SINE/MIR	594	-	112	123251397	86242
chr9	123165155	123365155	harbor2	chr9	123252270	123252464	SINE/MIR	402	-	97	123252367	87212
chr9	123165155	123365155	harbor2	chr9	123260394	123260578	SINE/MIR	515	-	92	123260486	95331
chr9	108440982	108640982	harbor2	chr9	108456226	108456429	SINE/MIR	437	-	102	108456328	15346
chr9	108440982	108640982	harbor2	chr9	108464265	108464401	SINE/MIR	462	-	68	108464333	23351
chr9	108440982	108640982	harbor2	chr9	108467524	108467753	SINE/MIR	576	-	114	108467638	26656
chr9	108440982	108640982	harbor2	chr9	108491623	108491796	SINE/MIR	705	-	86	108491709	50727
chr9	108440982	108640982	harbor2	chr9	108497342	108497491	SINE/MIR	480	-	74	108497416	56434
chr9	108440982	108640982	harbor2	chr9	108532814	108532958	SINE/MIR	450	-	72	108532886	91904
chr9	108440982	108640982	harbor2	chr9	108540683	108540923	SINE/MIR	716	-	120	108540803	99821
chr9	107459913	107659913	harbor2	chr9	107515621	107515737	SINE/MIR	468	-	58	107515679	55766
chr9	107459913	107659913	harbor2	chr9	107545191	107545394	SINE/MIR	703	-	102	107545293	85380
chr9	121406825	121606825	harbor2	chr9	121454234	121454390	SINE/MIR	440	-	78	121454312	47487
chr9	121406825	121606825	harbor2	chr9	121455419	121455538	SINE/MIR	456	-	60	121455479	48654
chr9	121406825	121606825	harbor2	chr9	121465800	121465924	SINE/MIR	706	-	62	121465862	59037
chr9	121406825	121606825	harbor2	chr9	121466220	121466307	SINE/MIR	706	-	44	121466264	59439
chr9	121406825	121606825	harbor2	chr9	121477965	121478182	SINE/MIR	884	-	108	121478073	71248
chr9	121406825	121606825	harbor2	chr9	121483110	121483262	SINE/MIR	496	-	76	121483186	76361
chr9	121406825	121606825	harbor2	chr9	121454404	121454610	SINE/MIR	710	-	103	121454507	47682
chr9	126613982	126813982	harbor2	chr9	126629320	126629499	SINE/MIR	680	-	90	126629410	15428
chr9	126613982	126813982	harbor2	chr9	126630502	126630626	SINE/MIR	539	-	62	126630564	16582
chr9	126613982	126813982	harbor2	chr9	126633769	126633934	SINE/MIR	509	-	82	126633851	19869
chr9	126613982	126813982	harbor2	chr9	126641269	126641500	SINE/MIR	731	-	116	126641385	27403
chr9	126613982	126813982	harbor2	chr9	126643820	126644045	SINE/MIR	807	-	112	126643932	29950
chr9	126613982	126813982	harbor2	chr9	126668271	126668411	SINE/MIR	467	-	70	126668341	54359
chr9	126613982	126813982	harbor2	chr9	126683743	126683899	SINE/MIR	478	-	78	126683821	69839
chr9	126613982	126813982	harbor2	chr9	126685807	126685958	SINE/MIR	455	-	76	126685883	71901
chr9	126613982	126813982	harbor2	chr9	126687129	126687217	SINE/MIR	503	-	44	126687173	73191
chr9	126613982	126813982	harbor2	chr9	126687524	126687616	SINE/MIR	503	-	46	126687570	73588
chr9	126613982	126813982	harbor2	chr9	126687619	126687807	SINE/MIR	525	-	94	126687713	73731
chr9	126613982	126813982	harbor2	chr9	126694158	126694391	SINE/MIR	502	-	116	126694274	80292
chr9	126613982	126813982	harbor2	chr9	126699152	126699299	SINE/MIR	453	-	74	126699226	85244
chr9	126613982	126813982	harbor2	chr9	126702759	126702926	SINE/MIR	401	-	84	126702843	88861
chr9	126613982	126813982	harbor2	chr9	126705563	126705751	SINE/MIR	411	-	94	126705657	91675
chr9	126613982	126813982	harbor2	chr9	126707611	126707646	SINE/MIR	495	-	18	126707629	93647
chr9	126613982	126813982	harbor2	chr9	126707958	126708079	SINE/MIR	495	-	60	126708018	94036
chr9	134531104	134731104	harbor2	chr9	134537650	134537871	SINE/MIR	544	-	110	134537760	6656
chr9	134531104	134731104	harbor2	chr9	134539129	134539318	SINE/MIR	428	-	94	134539223	8119
chr9	134531104	134731104	harbor2	chr9	134549098	134549272	SINE/MIR	413	-	87	134549185	18081
chr9	134531104	134731104	harbor2	chr9	134627294	134627413	SINE/MIR	451	-	60	134627354	96250
chr9	133682269	133882269	harbor2	chr9	133703437	133703570	SINE/MIR	416	-	66	133703503	21234
chr9	133682269	133882269	harbor2	chr9	133729570	133729730	SINE/MIR	407	-	80	133729650	47381
chr9	131452157	131652157	harbor2	chr9	131464446	131464648	SINE/MIR	412	-	101	131464547	12390
chr9	131452157	131652157	harbor2	chr9	131535441	131535576	SINE/MIR	479	-	68	131535509	83352
chr9	105459241	105659241	harbor2	chr9	105507373	105507637	SINE/MIR	453	-	132	105507505	48264
chr9	76666041	76866041	harbor2	chr9	76712144	76712377	SINE/MIR	936	-	116	76712260	46219
chr9	76666041	76866041	harbor2	chr9	76722634	76722857	SINE/MIR	705	-	112	76722746	56705
chr9	76666041	76866041	harbor2	chr9	76735751	76735932	SINE/MIR	444	-	90	76735841	69800
chr9	76666041	76866041	harbor2	chr9	76747367	76747582	SINE/MIR	591	-	108	76747475	81434
chr9	76666041	76866041	harbor2	chr9	76752612	76752849	SINE/MIR	435	-	118	76752730	86689
chr9	99729583	99929583	harbor2	chr9	99744754	99744860	SINE/MIR	735	-	53	99744807	15224
chr9	99729583	99929583	harbor2	chr9	99745168	99745277	SINE/MIR	735	-	54	99745222	15639
chr9	99729583	99929583	harbor2	chr9	99748925	99749175	SINE/MIR	773	-	125	99749050	19467
chr9	99729583	99929583	harbor2	chr9	99751190	99751410	SINE/MIR	994	-	110	99751300	21717
chr9	99729583	99929583	harbor2	chr9	99757027	99757231	SINE/MIR	446	-	102	99757129	27546
chr9	99729583	99929583	harbor2	chr9	99768408	99768572	SINE/MIR	423	-	82	99768490	38907
chr9	99729583	99929583	harbor2	chr9	99775143	99775362	SINE/MIR	476	-	110	99775253	45670
chr9	99729583	99929583	harbor2	chr9	99783391	99783561	SINE/MIR	471	-	85	99783476	53893
chr9	99729583	99929583	harbor2	chr9	99797438	99797645	SINE/MIR	575	-	104	99797542	67959
chr9	99729583	99929583	harbor2	chr9	99829493	99829634	SINE/MIR	458	-	70	99829563	99980
chr9	107527226	107727226	harbor2	chr9	107545191	107545394	SINE/MIR	703	-	102	107545293	18067
chr9	107527226	107727226	harbor2	chr9	107569134	107569341	SINE/MIR	543	-	104	107569238	42012
chr9	107527226	107727226	harbor2	chr9	107575515	107575723	SINE/MIR	444	-	104	107575619	48393
chr9	107527226	107727226	harbor2	chr9	107584907	107585098	SINE/MIR	443	-	96	107585003	57777
chr9	107527226	107727226	harbor2	chr9	107585837	107586024	SINE/MIR	511	-	94	107585931	58705
chr9	107527226	107727226	harbor2	chr9	107590112	107590285	SINE/MIR	441	-	86	107590198	62972
chr9	107527226	107727226	harbor2	chr9	107590607	107590623	SINE/MIR	441	-	8	107590615	63389
chr9	107527226	107727226	harbor2	chr9	107615738	107615880	SINE/MIR	484	-	71	107615809	88583
chr9	107527226	107727226	harbor2	chr9	107619572	107619780	SINE/MIR	551	-	104	107619676	92450
chr9	107527226	107727226	harbor2	chr9	107623075	107623254	SINE/MIR	412	-	90	107623165	95939
chr9	107527226	107727226	harbor2	chr9	107623754	107623954	SINE/MIR	508	-	100	107623854	96628
chr9	107527226	107727226	harbor2	chr9	107626971	107627083	SINE/MIR	471	-	56	107627027	99801
chr9	95467272	95667272	harbor2	chr9	95565669	95565745	SINE/MIR	452	-	38	95565707	98435
chr9	95467272	95667272	harbor2	chr9	95566031	95566179	SINE/MIR	452	-	74	95566105	98833
chr9	109602614	109802614	harbor2	chr9	109636898	109637136	SINE/MIR	795	-	119	109637017	34403
chr9	109602614	109802614	harbor2	chr9	109682452	109682601	SINE/MIR	452	-	74	109682526	79912
chr9	114087302	114287302	harbor2	chr9	114093571	114093836	SINE/MIR	900	-	132	114093703	6401
chr9	114087302	114287302	harbor2	chr9	114110539	114110764	SINE/MIR	408	-	112	114110651	23349
chr9	114087302	114287302	harbor2	chr9	114126203	114126336	SINE/MIR	569	-	66	114126269	38967
chr9	114087302	114287302	harbor2	chr9	114133967	114134119	SINE/MIR	393	-	76	114134043	46741
chr9	114087302	114287302	harbor2	chr9	114145091	114145370	SINE/MIR	453	-	140	114145231	57929
chr9	114087302	114287302	harbor2	chr9	114161897	114162103	SINE/MIR	671	-	103	114162000	74698
chr9	114087302	114287302	harbor2	chr9	114167257	114167474	SINE/MIR	611	-	108	114167365	80063
chr9	114087302	114287302	harbor2	chr9	114174852	114175046	SINE/MIR	441	-	97	114174949	87647
chr9	114087302	114287302	harbor2	chr9	114179616	114179825	SINE/MIR	753	-	104	114179720	92418
chr9	114087302	114287302	harbor2	chr9	114184625	114184793	SINE/MIR	573	-	84	114184709	97407
chr9	111995960	112195960	harbor2	chr9	112007130	112007293	SINE/MIR	495	-	82	112007212	11252
chr9	111995960	112195960	harbor2	chr9	112015565	112015791	SINE/MIR	515	-	113	112015678	19718
chr9	111995960	112195960	harbor2	chr9	112042665	112042804	SINE/MIR	487	-	70	112042735	46775
chr9	111995960	112195960	harbor2	chr9	112064951	112065126	SINE/MIR	411	-	88	112065039	69079
chr9	111995960	112195960	harbor2	chr9	112085327	112085582	SINE/MIR	828	-	128	112085455	89495
chr9	80899446	81099446	harbor2	chr9	80906423	80906638	SINE/MIR	490	-	108	80906531	7085
chr9	117071547	117271547	harbor2	chr9	117087654	117087865	SINE/MIR	494	-	106	117087760	16213
chr9	117071547	117271547	harbor2	chr9	117093101	117093279	SINE/MIR	400	-	89	117093190	21643
chr9	117071547	117271547	harbor2	chr9	117093306	117093516	SINE/MIR	638	-	105	117093411	21864
chr9	117071547	117271547	harbor2	chr9	117098188	117098402	SINE/MIR	465	-	107	117098295	26748
chr9	117071547	117271547	harbor2	chr9	117099564	117099747	SINE/MIR	772	-	92	117099656	28109
chr9	117071547	117271547	harbor2	chr9	117101570	117101772	SINE/MIR	393	-	101	117101671	30124
chr9	117071547	117271547	harbor2	chr9	117105866	117106002	SINE/MIR	451	-	68	117105934	34387
chr9	117071547	117271547	harbor2	chr9	117133139	117133207	SINE/MIR	410	-	34	117133173	61626
chr9	117071547	117271547	harbor2	chr9	117133208	117133448	SINE/MIR	441	-	120	117133328	61781
chr9	117071547	117271547	harbor2	chr9	117133449	117133516	SINE/MIR	410	-	34	117133483	61936
chr9	117071547	117271547	harbor2	chr9	117136787	117136991	SINE/MIR	419	-	102	117136889	65342
chr9	117071547	117271547	harbor2	chr9	117139222	117139463	SINE/MIR	603	-	120	117139342	67795
chr9	117071547	117271547	harbor2	chr9	117147603	117147858	SINE/MIR	573	-	128	117147731	76184
chr9	117071547	117271547	harbor2	chr9	117164837	117165085	SINE/MIR	547	-	124	117164961	93414
chr9	22411098	22611098	harbor2	chr9	22444897	22445066	SINE/MIR	416	-	84	22444981	33883
chr9	22411098	22611098	harbor2	chr9	22470300	22470484	SINE/MIR	403	-	92	22470392	59294
chr9	22411098	22611098	harbor2	chr9	22489108	22489353	SINE/MIR	503	-	122	22489230	78132
chr9	22411098	22611098	harbor2	chr9	22509017	22509197	SINE/MIR	496	-	90	22509107	98009
chr9	129272052	129472052	harbor2	chr9	129280224	129280427	SINE/MIR	429	-	102	129280326	8274
chr9	129272052	129472052	harbor2	chr9	129284107	129284254	SINE/MIR	473	-	74	129284181	12129
chr9	129272052	129472052	harbor2	chr9	129322650	129322856	SINE/MIR	571	-	103	129322753	50701
chr9	129272052	129472052	harbor2	chr9	129336170	129336393	SINE/MIR	750	-	112	129336282	64230
chr9	129272052	129472052	harbor2	chr9	129354149	129354288	SINE/MIR	404	-	70	129354219	82167
chr9	129272052	129472052	harbor2	chr9	129355278	129355427	SINE/MIR	406	-	74	129355352	83300
chr9	134790587	134990587	harbor2	chr9	134867892	134868054	SINE/MIR	423	-	81	134867973	77386
chr9	67347834	67547834	harbor2	chr9	67403384	67403633	SINE/MIR	595	-	124	67403508	55674
chr9	67347834	67547834	harbor2	chr9	67419069	67419266	SINE/MIR	408	-	98	67419167	71333
chr9	68782491	68982491	harbor2	chr9	68785545	68785716	SINE/MIR	722	-	86	68785631	3140
chr9	68782491	68982491	harbor2	chr9	68786249	68786397	SINE/MIR	571	-	74	68786323	3832
chr9	68782491	68982491	harbor2	chr9	68805441	68805669	SINE/MIR	566	-	114	68805555	23064
chr9	68782491	68982491	harbor2	chr9	68831311	68831543	SINE/MIR	807	-	116	68831427	48936
chr9	68782491	68982491	harbor2	chr9	68868318	68868554	SINE/MIR	416	-	118	68868436	85945
chr9	68782491	68982491	harbor2	chr9	68881007	68881135	SINE/MIR	415	-	64	68881071	98580
chr9	134794885	134994885	harbor2	chr9	134867892	134868054	SINE/MIR	423	-	81	134867973	73088
chr9	120169894	120369894	harbor2	chr9	120181870	120182054	SINE/MIR	733	-	92	120181962	12068
chr9	120169894	120369894	harbor2	chr9	120185879	120186121	SINE/MIR	546	-	121	120186000	16106
chr9	120169894	120369894	harbor2	chr9	120189443	120189569	SINE/MIR	452	-	63	120189506	19612
chr9	120169894	120369894	harbor2	chr9	120190634	120190773	SINE/MIR	433	-	70	120190704	20810
chr9	120169894	120369894	harbor2	chr9	120196928	120197148	SINE/MIR	409	-	110	120197038	27144
chr9	120169894	120369894	harbor2	chr9	120197279	120197446	SINE/MIR	478	-	84	120197363	27469
chr9	120169894	120369894	harbor2	chr9	120203704	120203872	SINE/MIR	555	-	84	120203788	33894
chr9	120169894	120369894	harbor2	chr9	120220249	120220404	SINE/MIR	435	-	78	120220327	50433
chr9	120169894	120369894	harbor2	chr9	120241284	120241450	SINE/MIR	474	-	83	120241367	71473
chr9	120169894	120369894	harbor2	chr9	120243299	120243513	SINE/MIR	782	-	107	120243406	73512
chr9	120169894	120369894	harbor2	chr9	120249561	120249777	SINE/MIR	751	-	108	120249669	79775
chr9	120169894	120369894	harbor2	chr9	120262905	120263099	SINE/MIR	738	-	97	120263002	93108
chr9	120169894	120369894	harbor2	chr9	120267137	120267225	SINE/MIR	410	-	44	120267181	97287
chr9	134298943	134498943	harbor2	chr9	134324449	134324604	SINE/MIR	527	-	78	134324527	25584
chr9	130586813	130786813	harbor2	chr9	130658057	130658239	SINE/MIR	504	-	91	130658148	71335
chr9	134067326	134267326	harbor2	chr9	134071690	134071844	SINE/MIR	546	-	77	134071767	4441
chr9	123506479	123706479	harbor2	chr9	123506642	123506806	SINE/MIR	535	-	82	123506724	245
chr9	123506479	123706479	harbor2	chr9	123510432	123510631	SINE/MIR	439	-	100	123510532	4053
chr9	123506479	123706479	harbor2	chr9	123525010	123525174	SINE/MIR	412	-	82	123525092	18613
chr9	123506479	123706479	harbor2	chr9	123540190	123540399	SINE/MIR	684	-	104	123540294	33815
chr9	123506479	123706479	harbor2	chr9	123541777	123541918	SINE/MIR	417	-	70	123541847	35368
chr9	123506479	123706479	harbor2	chr9	123547894	123548133	SINE/MIR	687	-	120	123548014	41535
chr9	123506479	123706479	harbor2	chr9	123555587	123555766	SINE/MIR	577	-	90	123555677	49198
chr9	123506479	123706479	harbor2	chr9	123579186	123579338	SINE/MIR	448	-	76	123579262	72783
chr9	123506479	123706479	harbor2	chr9	123580069	123580232	SINE/MIR	411	-	82	123580151	73672
chr9	123506479	123706479	harbor2	chr9	123583384	123583542	SINE/MIR	416	-	79	123583463	76984
chr9	123506479	123706479	harbor2	chr9	123584594	123584780	SINE/MIR	405	-	93	123584687	78208
chr9	123506479	123706479	harbor2	chr9	123594649	123594777	SINE/MIR	393	-	64	123594713	88234
chr9	123506479	123706479	harbor2	chr9	123596426	123596617	SINE/MIR	536	-	96	123596522	90043
chr9	123506479	123706479	harbor2	chr9	123599560	123599701	SINE/MIR	434	-	70	123599630	93151
chr9	123506479	123706479	harbor2	chr9	123600273	123600437	SINE/MIR	433	-	82	123600355	93876
chr9	123506479	123706479	harbor2	chr9	123604906	123605117	SINE/MIR	576	-	106	123605012	98533
chr9	126834794	127034794	harbor2	chr9	126851790	126851937	SINE/MIR	549	-	74	126851864	17070
chr9	126834794	127034794	harbor2	chr9	126852707	126852882	SINE/MIR	471	-	88	126852795	18001
chr9	126834794	127034794	harbor2	chr9	126857040	126857250	SINE/MIR	437	-	105	126857145	22351
chr9	126834794	127034794	harbor2	chr9	126893675	126893708	SINE/MIR	616	-	16	126893691	58897
chr9	126834794	127034794	harbor2	chr9	126908447	126908637	SINE/MIR	522	-	95	126908542	73748
chr9	126834794	127034794	harbor2	chr9	126912685	126912823	SINE/MIR	678	-	69	126912754	77960
chr9	126834794	127034794	harbor2	chr9	126913136	126913201	SINE/MIR	678	-	32	126913168	78374
chr9	126834794	127034794	harbor2	chr9	126894002	126894191	SINE/MIR	616	-	94	126894096	59302
chr9	124772609	124972609	harbor2	chr9	124782407	124782630	SINE/MIR	513	-	112	124782519	9910
chr9	124772609	124972609	harbor2	chr9	124783487	124783641	SINE/MIR	503	-	77	124783564	10955
chr9	124772609	124972609	harbor2	chr9	124790020	124790173	SINE/MIR	397	-	76	124790096	17487
chr9	124772609	124972609	harbor2	chr9	124790463	124790512	SINE/MIR	397	-	24	124790487	17878
chr9	124772609	124972609	harbor2	chr9	124797291	124797498	SINE/MIR	539	-	104	124797395	24786
chr9	124772609	124972609	harbor2	chr9	124810576	124810726	SINE/MIR	411	-	75	124810651	38042
chr9	124772609	124972609	harbor2	chr9	124813346	124813501	SINE/MIR	399	-	78	124813424	40815
chr9	124772609	124972609	harbor2	chr9	124814452	124814614	SINE/MIR	431	-	81	124814533	41924
chr9	124772609	124972609	harbor2	chr9	124819314	124819489	SINE/MIR	535	-	88	124819402	46793
chr9	124772609	124972609	harbor2	chr9	124832075	124832204	SINE/MIR	443	-	64	124832139	59530
chr9	124772609	124972609	harbor2	chr9	124848518	124848738	SINE/MIR	733	-	110	124848628	76019
chr9	122911468	123111468	harbor2	chr9	122975792	122975955	SINE/MIR	447	-	82	122975874	64406
chr9	114816475	115016475	harbor2	chr9	114819589	114819773	SINE/MIR	396	-	92	114819681	3206
chr9	114816475	115016475	harbor2	chr9	114828043	114828218	SINE/MIR	512	-	88	114828131	11656
chr9	114816475	115016475	harbor2	chr9	114829169	114829402	SINE/MIR	465	-	116	114829285	12810
chr9	114816475	115016475	harbor2	chr9	114837596	114837834	SINE/MIR	590	-	119	114837715	21240
chr9	114816475	115016475	harbor2	chr9	114859836	114859953	SINE/MIR	402	-	58	114859894	43419
chr9	114816475	115016475	harbor2	chr9	114874327	114874552	SINE/MIR	405	-	112	114874439	57964
chr9	114816475	115016475	harbor2	chr9	114907718	114907938	SINE/MIR	707	-	110	114907828	91353
chr9	97532727	97732727	harbor2	chr9	97543425	97543606	SINE/MIR	707	-	90	97543515	10788
chr9	97532727	97732727	harbor2	chr9	97555676	97555837	SINE/MIR	516	-	80	97555756	23029
chr9	97532727	97732727	harbor2	chr9	97559373	97559422	SINE/MIR	505	-	24	97559397	26670
chr9	97532727	97732727	harbor2	chr9	97559954	97560102	SINE/MIR	505	-	74	97560028	27301
chr9	97532727	97732727	harbor2	chr9	97569662	97569907	SINE/MIR	762	-	122	97569784	37057
chr9	97532727	97732727	harbor2	chr9	97571518	97571744	SINE/MIR	829	-	113	97571631	38904
chr9	97532727	97732727	harbor2	chr9	97572953	97573097	SINE/MIR	460	-	72	97573025	40298
chr9	97532727	97732727	harbor2	chr9	97596398	97596631	SINE/MIR	779	-	116	97596514	63787
chr9	97532727	97732727	harbor2	chr9	97615250	97615456	SINE/MIR	637	-	103	97615353	82626
chr9	97532727	97732727	harbor2	chr9	97618234	97618426	SINE/MIR	488	-	96	97618330	85603
chr9	97532727	97732727	harbor2	chr9	97619051	97619207	SINE/MIR	543	-	78	97619129	86402
chr9	137843348	138043348	harbor2	chr9	137863190	137863408	SINE/MIR	726	-	109	137863299	19951
chr9	130280801	130480801	harbor2	chr9	130282221	130282467	SINE/MIR	477	-	123	130282344	1543
chr9	130280801	130480801	harbor2	chr9	130311966	130312215	SINE/MIR	861	-	124	130312090	31289
chr9	130280801	130480801	harbor2	chr9	130336380	130336606	SINE/MIR	611	-	113	130336493	55692
chr9	130280801	130480801	harbor2	chr9	130337555	130337705	SINE/MIR	684	-	75	130337630	56829
chr9	130280801	130480801	harbor2	chr9	130342588	130342699	SINE/MIR	409	-	56	130342644	61843
chr9	130280801	130480801	harbor2	chr9	130352584	130352737	SINE/MIR	557	-	76	130352660	71859
chr9	130280801	130480801	harbor2	chr9	130364123	130364336	SINE/MIR	581	-	106	130364229	83428
chr9	110852309	111052309	harbor2	chr9	110876406	110876629	SINE/MIR	674	-	112	110876518	24209
chr9	110852309	111052309	harbor2	chr9	110916121	110916373	SINE/MIR	622	-	126	110916247	63938
chr9	110852309	111052309	harbor2	chr9	110925756	110925914	SINE/MIR	422	-	79	110925835	73526
chr9	110852309	111052309	harbor2	chr9	110926220	110926292	SINE/MIR	422	-	36	110926256	73947
chr9	110852309	111052309	harbor2	chr9	110927295	110927461	SINE/MIR	469	-	83	110927378	75069
chr9	110852309	111052309	harbor2	chr9	110933392	110933606	SINE/MIR	555	-	107	110933499	81190
chr9	87077403	87277403	harbor2	chr9	87115154	87115308	SINE/MIR	420	-	77	87115231	37828
chr9	87077403	87277403	harbor2	chr9	87130296	87130543	SINE/MIR	649	-	124	87130420	53017
chr9	87077403	87277403	harbor2	chr9	87153687	87153910	SINE/MIR	569	-	112	87153799	76396
chr9	87077403	87277403	harbor2	chr9	87162427	87162604	SINE/MIR	833	-	88	87162515	85112
chr9	87077403	87277403	harbor2	chr9	87173416	87173584	SINE/MIR	517	-	84	87173500	96097
chr9	97740641	97940641	harbor2	chr9	97743306	97743506	SINE/MIR	567	-	100	97743406	2765
chr9	97740641	97940641	harbor2	chr9	97744944	97745132	SINE/MIR	593	-	94	97745038	4397
chr9	97740641	97940641	harbor2	chr9	97746242	97746464	SINE/MIR	522	-	111	97746353	5712
chr9	97740641	97940641	harbor2	chr9	97747145	97747349	SINE/MIR	449	-	102	97747247	6606
chr9	97740641	97940641	harbor2	chr9	97749199	97749358	SINE/MIR	488	-	80	97749279	8638
chr9	97740641	97940641	harbor2	chr9	97750284	97750392	SINE/MIR	406	-	54	97750338	9697
chr9	97740641	97940641	harbor2	chr9	97751487	97751659	SINE/MIR	400	-	86	97751573	10932
chr9	97740641	97940641	harbor2	chr9	97757967	97758196	SINE/MIR	563	-	114	97758081	17440
chr9	97740641	97940641	harbor2	chr9	97759119	97759280	SINE/MIR	393	-	80	97759199	18558
chr9	97740641	97940641	harbor2	chr9	97760519	97760747	SINE/MIR	815	-	114	97760633	19992
chr9	97740641	97940641	harbor2	chr9	97769289	97769507	SINE/MIR	663	-	109	97769398	28757
chr9	97740641	97940641	harbor2	chr9	97771262	97771409	SINE/MIR	486	-	74	97771336	30695
chr9	97740641	97940641	harbor2	chr9	97781237	97781426	SINE/MIR	489	-	94	97781331	40690
chr9	97740641	97940641	harbor2	chr9	97806470	97806664	SINE/MIR	515	-	97	97806567	65926
chr9	97740641	97940641	harbor2	chr9	97820299	97820453	SINE/MIR	543	-	77	97820376	79735
chr9	97740641	97940641	harbor2	chr9	97832102	97832311	SINE/MIR	516	-	104	97832206	91565
chr9	97740641	97940641	harbor2	chr9	97833443	97833701	SINE/MIR	764	-	129	97833572	92931
chr9	113213443	113413443	harbor2	chr9	113302796	113303004	SINE/MIR	409	-	104	113302900	89457
chr9	75984471	76184471	harbor2	chr9	75990996	75991189	SINE/MIR	550	-	96	75991092	6621
chr9	120189137	120389137	harbor2	chr9	120189443	120189569	SINE/MIR	452	-	63	120189506	369
chr9	120189137	120389137	harbor2	chr9	120190634	120190773	SINE/MIR	433	-	70	120190704	1567
chr9	120189137	120389137	harbor2	chr9	120196928	120197148	SINE/MIR	409	-	110	120197038	7901
chr9	120189137	120389137	harbor2	chr9	120197279	120197446	SINE/MIR	478	-	84	120197363	8226
chr9	120189137	120389137	harbor2	chr9	120203704	120203872	SINE/MIR	555	-	84	120203788	14651
chr9	120189137	120389137	harbor2	chr9	120220249	120220404	SINE/MIR	435	-	78	120220327	31190
chr9	120189137	120389137	harbor2	chr9	120241284	120241450	SINE/MIR	474	-	83	120241367	52230
chr9	120189137	120389137	harbor2	chr9	120243299	120243513	SINE/MIR	782	-	107	120243406	54269
chr9	120189137	120389137	harbor2	chr9	120249561	120249777	SINE/MIR	751	-	108	120249669	60532
chr9	120189137	120389137	harbor2	chr9	120262905	120263099	SINE/MIR	738	-	97	120263002	73865
chr9	120189137	120389137	harbor2	chr9	120267137	120267225	SINE/MIR	410	-	44	120267181	78044
chr9	120189137	120389137	harbor2	chr9	120278124	120278256	SINE/MIR	474	-	66	120278190	89053
chr9	37822987	38022987	harbor2	chr9	37831289	37831494	SINE/MIR	565	-	102	37831391	8404
chr9	37822987	38022987	harbor2	chr9	37864792	37865024	SINE/MIR	670	-	116	37864908	41921
chr9	37822987	38022987	harbor2	chr9	37870510	37870707	SINE/MIR	722	-	98	37870608	47621
chr9	37822987	38022987	harbor2	chr9	37863412	37863601	SINE/MIR	500	-	94	37863506	40519
chr9	90393530	90593530	harbor2	chr9	90399701	90399836	SINE/MIR	481	-	68	90399769	6239
chr9	90393530	90593530	harbor2	chr9	90400125	90400235	SINE/MIR	481	-	55	90400180	6650
chr9	90393530	90593530	harbor2	chr9	90441237	90441445	SINE/MIR	451	-	104	90441341	47811
chr9	81833101	82033101	harbor2	chr9	81837668	81837915	SINE/MIR	580	-	124	81837792	4691
chr9	81833101	82033101	harbor2	chr9	81842152	81842299	SINE/MIR	572	-	74	81842226	9125
chr9	81833101	82033101	harbor2	chr9	81848131	81848337	SINE/MIR	576	-	103	81848234	15133
chr9	81833101	82033101	harbor2	chr9	81878235	81878426	SINE/MIR	479	-	96	81878331	45230
chr9	81833101	82033101	harbor2	chr9	81886289	81886491	SINE/MIR	426	-	101	81886390	53289
chr9	81833101	82033101	harbor2	chr9	81891386	81891601	SINE/MIR	408	-	108	81891494	58393
chr9	95979886	96179886	harbor2	chr9	96022374	96022501	SINE/MIR	395	-	64	96022438	42552
chr9	95979886	96179886	harbor2	chr9	96077564	96077672	SINE/MIR	423	-	54	96077618	97732
chr9	129743476	129943476	harbor2	chr9	129775886	129775972	SINE/MIR	513	-	43	129775929	32453
chr9	129743476	129943476	harbor2	chr9	129776288	129776352	SINE/MIR	513	-	32	129776320	32844
chr9	129743476	129943476	harbor2	chr9	129782421	129782559	SINE/MIR	505	-	69	129782490	39014
chr9	129743476	129943476	harbor2	chr9	129788172	129788359	SINE/MIR	470	-	94	129788266	44790
chr9	129743476	129943476	harbor2	chr9	129799279	129799488	SINE/MIR	510	-	104	129799383	55907
chr9	129743476	129943476	harbor2	chr9	129818990	129819236	SINE/MIR	719	-	123	129819113	75637
chr9	129743476	129943476	harbor2	chr9	129820065	129820132	SINE/MIR	541	-	34	129820099	76623
chr9	129743476	129943476	harbor2	chr9	129820420	129820598	SINE/MIR	541	-	89	129820509	77033
chr9	129743476	129943476	harbor2	chr9	129836272	129836465	SINE/MIR	624	-	96	129836368	92892
chr9	129743476	129943476	harbor2	chr9	129842090	129842251	SINE/MIR	472	-	80	129842170	98694
chr9	23350550	23550550	harbor2	chr9	23423584	23423790	SINE/MIR	675	-	103	23423687	73137
chr9	23350550	23550550	harbor2	chr9	23429690	23429850	SINE/MIR	424	-	80	23429770	79220
chr9	79065580	79265580	harbor2	chr9	79123807	79124018	SINE/MIR	403	-	106	79123913	58333
chr9	79065580	79265580	harbor2	chr9	79128959	79129112	SINE/MIR	404	-	76	79129035	63455
chr9	79065580	79265580	harbor2	chr9	79140756	79141015	SINE/MIR	672	-	130	79140886	75306
chr9	79065580	79265580	harbor2	chr9	79160560	79160693	SINE/MIR	532	-	66	79160626	95046
chr9	107905849	108105849	harbor2	chr9	107910800	107910980	SINE/MIR	538	-	90	107910890	5041
chr9	107905849	108105849	harbor2	chr9	107929672	107929819	SINE/MIR	417	-	74	107929746	23897
chr9	107905849	108105849	harbor2	chr9	107964766	107965008	SINE/MIR	592	-	121	107964887	59038
chr9	107905849	108105849	harbor2	chr9	107975964	107976199	SINE/MIR	532	-	118	107976082	70233
chr9	107905849	108105849	harbor2	chr9	107978835	107979049	SINE/MIR	539	-	107	107978942	73093
chr9	107905849	108105849	harbor2	chr9	107998371	107998498	SINE/MIR	450	-	64	107998435	92586
chr9	79373918	79573918	harbor2	chr9	79387913	79388113	SINE/MIR	688	-	100	79388013	14095
chr9	79373918	79573918	harbor2	chr9	79389281	79389416	SINE/MIR	590	-	68	79389349	15431
chr9	79373918	79573918	harbor2	chr9	79389445	79389628	SINE/MIR	490	-	92	79389537	15619
chr9	79373918	79573918	harbor2	chr9	79409168	79409287	SINE/MIR	519	-	60	79409228	35310
chr9	128415043	128615043	harbor2	chr9	128488649	128488734	SINE/MIR	418	-	42	128488691	73648
chr9	128415043	128615043	harbor2	chr9	128489025	128489168	SINE/MIR	418	-	72	128489097	74054
chr9	128415043	128615043	harbor2	chr9	128495251	128495489	SINE/MIR	646	-	119	128495370	80327
chr9	128415043	128615043	harbor2	chr9	128497126	128497281	SINE/MIR	465	-	78	128497204	82161
chr9	134719323	134919323	harbor2	chr9	134771693	134771842	SINE/MIR	457	-	74	134771767	52444
chr9	134719323	134919323	harbor2	chr9	134779512	134779738	SINE/MIR	429	-	113	134779625	60302
chr9	104122283	104322283	harbor2	chr9	104132954	104133059	SINE/MIR	398	-	52	104133006	10723
chr9	104122283	104322283	harbor2	chr9	104141123	104141350	SINE/MIR	573	-	114	104141237	18954
chr9	104122283	104322283	harbor2	chr9	104159565	104159595	SINE/MIR	589	-	15	104159580	37297
chr9	104122283	104322283	harbor2	chr9	104159892	104160107	SINE/MIR	589	-	108	104160000	37717
chr9	104122283	104322283	harbor2	chr9	104174507	104174592	SINE/MIR	456	-	42	104174549	52266
chr9	104122283	104322283	harbor2	chr9	104174921	104175033	SINE/MIR	456	-	56	104174977	52694
chr9	104122283	104322283	harbor2	chr9	104176871	104177028	SINE/MIR	426	-	78	104176949	54666
chr9	104122283	104322283	harbor2	chr9	104199908	104200103	SINE/MIR	400	-	98	104200006	77723
chr9	105077485	105277485	harbor2	chr9	105120307	105120453	SINE/MIR	417	-	73	105120380	42895
chr9	105077485	105277485	harbor2	chr9	105127647	105127874	SINE/MIR	498	-	114	105127761	50276
chr9	105077485	105277485	harbor2	chr9	105131092	105131348	SINE/MIR	1013	-	128	105131220	53735
chr9	105077485	105277485	harbor2	chr9	105145202	105145294	SINE/MIR	402	-	46	105145248	67763
chr9	105077485	105277485	harbor2	chr9	105147693	105147912	SINE/MIR	644	-	110	105147803	70318
chr9	105077485	105277485	harbor2	chr9	105153743	105153866	SINE/MIR	545	-	62	105153805	76320
chr9	105077485	105277485	harbor2	chr9	105164469	105164714	SINE/MIR	641	-	122	105164591	87106
chr9	105077485	105277485	harbor2	chr9	105168792	105169016	SINE/MIR	543	-	112	105168904	91419
chr9	127479016	127679016	harbor2	chr9	127486049	127486271	SINE/MIR	502	-	111	127486160	7144
chr9	127479016	127679016	harbor2	chr9	127496529	127496755	SINE/MIR	627	-	113	127496642	17626
chr9	127479016	127679016	harbor2	chr9	127497811	127498020	SINE/MIR	428	-	104	127497915	18899
chr9	127479016	127679016	harbor2	chr9	127521146	127521312	SINE/MIR	469	-	83	127521229	42213
chr9	127479016	127679016	harbor2	chr9	127523297	127523456	SINE/MIR	399	-	80	127523377	44361
chr9	127479016	127679016	harbor2	chr9	127534324	127534472	SINE/MIR	682	-	74	127534398	55382
chr9	127479016	127679016	harbor2	chr9	127539337	127539504	SINE/MIR	584	-	84	127539421	60405
chr9	127479016	127679016	harbor2	chr9	127541306	127541489	SINE/MIR	406	-	92	127541398	62382
chr9	127479016	127679016	harbor2	chr9	127543909	127544093	SINE/MIR	450	-	92	127544001	64985
chr9	127479016	127679016	harbor2	chr9	127561459	127561604	SINE/MIR	407	-	72	127561531	82515
chr9	127479016	127679016	harbor2	chr9	127566237	127566390	SINE/MIR	406	-	76	127566313	87297
chr9	127479016	127679016	harbor2	chr9	127570831	127570980	SINE/MIR	576	-	74	127570905	91889
chr9	112704170	112904170	harbor2	chr9	112748977	112749178	SINE/MIR	495	-	100	112749077	44907
chr9	112704170	112904170	harbor2	chr9	112795275	112795384	SINE/MIR	399	-	54	112795329	91159
chr9	125823469	126023469	harbor2	chr9	125824822	125824934	SINE/MIR	499	-	56	125824878	1409
chr9	125823469	126023469	harbor2	chr9	125825739	125825765	SINE/MIR	458	-	13	125825752	2283
chr9	125823469	126023469	harbor2	chr9	125830649	125830856	SINE/MIR	508	-	104	125830753	7284
chr9	125823469	126023469	harbor2	chr9	125833516	125833670	SINE/MIR	396	-	77	125833593	10124
chr9	125823469	126023469	harbor2	chr9	125835147	125835396	SINE/MIR	822	-	124	125835271	11802
chr9	125823469	126023469	harbor2	chr9	125841112	125841246	SINE/MIR	501	-	67	125841179	17710
chr9	125823469	126023469	harbor2	chr9	125848952	125849183	SINE/MIR	705	-	116	125849068	25599
chr9	125823469	126023469	harbor2	chr9	125859501	125859640	SINE/MIR	550	-	70	125859571	36102
chr9	125823469	126023469	harbor2	chr9	125868186	125868330	SINE/MIR	565	-	72	125868258	44789
chr9	125823469	126023469	harbor2	chr9	125898558	125898726	SINE/MIR	395	-	84	125898642	75173
chr9	125823469	126023469	harbor2	chr9	125918955	125919104	SINE/MIR	540	-	74	125919029	95560
chr9	130643387	130843387	harbor2	chr9	130658057	130658239	SINE/MIR	504	-	91	130658148	14761
chr9	99400652	99600652	harbor2	chr9	99415301	99415461	SINE/MIR	422	-	80	99415381	14729
chr9	99400652	99600652	harbor2	chr9	99416965	99417173	SINE/MIR	536	-	104	99417069	16417
chr9	99400652	99600652	harbor2	chr9	99422313	99422544	SINE/MIR	944	-	116	99422429	21777
chr9	99400652	99600652	harbor2	chr9	99451951	99452133	SINE/MIR	449	-	91	99452042	51390
chr9	99400652	99600652	harbor2	chr9	99461491	99461625	SINE/MIR	585	-	67	99461558	60906
chr9	99400652	99600652	harbor2	chr9	99462031	99462065	SINE/MIR	585	-	17	99462048	61396
chr9	99400652	99600652	harbor2	chr9	99471805	99472056	SINE/MIR	870	-	126	99471931	71279
chr9	99400652	99600652	harbor2	chr9	99474079	99474275	SINE/MIR	404	-	98	99474177	73525
chr9	99400652	99600652	harbor2	chr9	99479695	99479918	SINE/MIR	609	-	112	99479807	79155
chr9	99400652	99600652	harbor2	chr9	99489365	99489526	SINE/MIR	608	-	80	99489445	88793
chr9	99400652	99600652	harbor2	chr9	99495691	99495860	SINE/MIR	462	-	84	99495775	95123
chr9	99400652	99600652	harbor2	chr9	99497091	99497186	SINE/MIR	398	-	48	99497139	96487
chr9	99400652	99600652	harbor2	chr9	99497317	99497522	SINE/MIR	411	-	102	99497419	96767
chr9	137638837	137838837	harbor2	chr9	137693414	137693547	SINE/MIR	496	-	66	137693480	54643
chr9	114251538	114451538	harbor2	chr9	114256669	114256859	SINE/MIR	659	-	95	114256764	5226
chr9	114251538	114451538	harbor2	chr9	114259584	114259669	SINE/MIR	519	-	42	114259626	8088
chr9	114251538	114451538	harbor2	chr9	114270196	114270372	SINE/MIR	534	-	88	114270284	18746
chr9	114251538	114451538	harbor2	chr9	114271172	114271406	SINE/MIR	697	-	117	114271289	19751
chr9	114251538	114451538	harbor2	chr9	114272095	114272253	SINE/MIR	446	-	79	114272174	20636
chr9	114251538	114451538	harbor2	chr9	114272640	114272828	SINE/MIR	522	-	94	114272734	21196
chr9	114251538	114451538	harbor2	chr9	114286259	114286444	SINE/MIR	451	-	92	114286351	34813
chr9	114251538	114451538	harbor2	chr9	114299160	114299318	SINE/MIR	449	-	79	114299239	47701
chr9	114251538	114451538	harbor2	chr9	114303162	114303227	SINE/MIR	663	-	32	114303194	51656
chr9	114251538	114451538	harbor2	chr9	114303537	114303719	SINE/MIR	663	-	91	114303628	52090
chr9	114251538	114451538	harbor2	chr9	114315725	114315918	SINE/MIR	434	-	96	114315821	64283
chr9	114251538	114451538	harbor2	chr9	114316580	114316693	SINE/MIR	568	-	56	114316636	65098
chr9	114251538	114451538	harbor2	chr9	114326084	114326215	SINE/MIR	521	-	66	114326150	74612
chr9	114251538	114451538	harbor2	chr9	114332861	114332992	SINE/MIR	521	-	66	114332927	81389
chr9	114251538	114451538	harbor2	chr9	114340565	114340756	SINE/MIR	436	-	96	114340661	89123
chr9	114251538	114451538	harbor2	chr9	114342271	114342522	SINE/MIR	584	-	126	114342397	90859
chr9	114251538	114451538	harbor2	chr9	114343211	114343373	SINE/MIR	729	-	81	114343292	91754
chr9	132353085	132553085	harbor2	chr9	132376273	132376453	SINE/MIR	538	-	90	132376363	23278
chr9	132353085	132553085	harbor2	chr9	132379465	132379684	SINE/MIR	655	-	110	132379575	26490
chr9	132353085	132553085	harbor2	chr9	132423433	132423623	SINE/MIR	724	-	95	132423528	70443
chr9	132353085	132553085	harbor2	chr9	132440371	132440625	SINE/MIR	716	-	127	132440498	87413
chr9	132353085	132553085	harbor2	chr9	132450479	132450673	SINE/MIR	595	-	97	132450576	97491
chr9	134770949	134970949	harbor2	chr9	134771693	134771842	SINE/MIR	457	-	74	134771767	818
chr9	134770949	134970949	harbor2	chr9	134779512	134779738	SINE/MIR	429	-	113	134779625	8676
chr9	134770949	134970949	harbor2	chr9	134867892	134868054	SINE/MIR	423	-	81	134867973	97024
chr9	99329565	99529565	harbor2	chr9	99343109	99343276	SINE/MIR	666	-	84	99343193	13628
chr9	99329565	99529565	harbor2	chr9	99354756	99354967	SINE/MIR	717	-	106	99354862	25297
chr9	99329565	99529565	harbor2	chr9	99373421	99373598	SINE/MIR	423	-	88	99373509	43944
chr9	99329565	99529565	harbor2	chr9	99373586	99373798	SINE/MIR	571	-	106	99373692	44127
chr9	99329565	99529565	harbor2	chr9	99381128	99381364	SINE/MIR	511	-	118	99381246	51681
chr9	99329565	99529565	harbor2	chr9	99388907	99389129	SINE/MIR	822	-	111	99389018	59453
chr9	99329565	99529565	harbor2	chr9	99395409	99395531	SINE/MIR	427	-	61	99395470	65905
chr9	99329565	99529565	harbor2	chr9	99395994	99396044	SINE/MIR	427	-	25	99396019	66454
chr9	99329565	99529565	harbor2	chr9	99415301	99415461	SINE/MIR	422	-	80	99415381	85816
chr9	99329565	99529565	harbor2	chr9	99416965	99417173	SINE/MIR	536	-	104	99417069	87504
chr9	99329565	99529565	harbor2	chr9	99422313	99422544	SINE/MIR	944	-	116	99422429	92864
chr9	109704297	109904297	harbor2	chr9	109724594	109724816	SINE/MIR	785	-	111	109724705	20408
chr9	109704297	109904297	harbor2	chr9	109739473	109739655	SINE/MIR	454	-	91	109739564	35267
chr9	109704297	109904297	harbor2	chr9	109746680	109746891	SINE/MIR	889	-	106	109746786	42489
chr9	109704297	109904297	harbor2	chr9	109766770	109766936	SINE/MIR	574	-	83	109766853	62556
chr9	109704297	109904297	harbor2	chr9	109766964	109767225	SINE/MIR	617	-	130	109767094	62797
chr9	109704297	109904297	harbor2	chr9	109770855	109771046	SINE/MIR	543	-	96	109770951	66654
chr9	109704297	109904297	harbor2	chr9	109773639	109773779	SINE/MIR	547	-	70	109773709	69412
chr9	109704297	109904297	harbor2	chr9	109779463	109779635	SINE/MIR	455	-	86	109779549	75252
chr9	109704297	109904297	harbor2	chr9	109800266	109800484	SINE/MIR	430	-	109	109800375	96078
chr9	111560543	111760543	harbor2	chr9	111597561	111597709	SINE/MIR	591	-	74	111597635	37092
chr9	33841818	34041818	harbor2	chr9	33878081	33878221	SINE/MIR	548	-	70	33878151	36333
chr9	36479068	36679068	harbor2	chr9	36511231	36511363	SINE/MIR	520	-	66	36511297	32229
chr9	124666645	124866645	harbor2	chr9	124683447	124683512	SINE/MIR	431	-	32	124683479	16834
chr9	124666645	124866645	harbor2	chr9	124683807	124683926	SINE/MIR	431	-	60	124683867	17222
chr9	124666645	124866645	harbor2	chr9	124689211	124689354	SINE/MIR	549	-	72	124689283	22638
chr9	124666645	124866645	harbor2	chr9	124723683	124723903	SINE/MIR	703	-	110	124723793	57148
chr9	62277627	62477627	harbor2	chr9	62290343	62290578	SINE/MIR	559	-	118	62290461	12834
chr9	62277627	62477627	harbor2	chr9	62374926	62375112	SINE/MIR	657	-	93	62375019	97392
chr9	88732292	88932292	harbor2	chr9	88734055	88734239	SINE/MIR	500	-	92	88734147	1855
chr9	88732292	88932292	harbor2	chr9	88791818	88792005	SINE/MIR	464	-	94	88791912	59620
chr9	135195852	135395852	harbor2	chr9	135203795	135203980	SINE/MIR	407	-	92	135203887	8035
chr9	135195852	135395852	harbor2	chr9	135204088	135204330	SINE/MIR	580	-	121	135204209	8357
chr9	135195852	135395852	harbor2	chr9	135272199	135272455	SINE/MIR	457	-	128	135272327	76475
chr9	86121897	86321897	harbor2	chr9	86122177	86122409	SINE/MIR	489	-	116	86122293	396
chr9	86121897	86321897	harbor2	chr9	86137553	86137754	SINE/MIR	638	-	100	86137653	15756
chr9	86121897	86321897	harbor2	chr9	86211059	86211259	SINE/MIR	526	-	100	86211159	89262
chr9	133603394	133803394	harbor2	chr9	133605226	133605378	SINE/MIR	444	-	76	133605302	1908
chr9	133603394	133803394	harbor2	chr9	133611084	133611232	SINE/MIR	471	-	74	133611158	7764
chr9	133603394	133803394	harbor2	chr9	133654020	133654102	SINE/MIR	402	-	41	133654061	50667
chr9	133603394	133803394	harbor2	chr9	133654382	133654499	SINE/MIR	419	-	58	133654440	51046
chr9	133603394	133803394	harbor2	chr9	133660245	133660404	SINE/MIR	403	-	80	133660325	56931
chr9	133603394	133803394	harbor2	chr9	133665482	133665630	SINE/MIR	469	-	74	133665556	62162
chr9	132293018	132493018	harbor2	chr9	132376273	132376453	SINE/MIR	538	-	90	132376363	83345
chr9	132293018	132493018	harbor2	chr9	132379465	132379684	SINE/MIR	655	-	110	132379575	86557
chr9	131432557	131632557	harbor2	chr9	131464446	131464648	SINE/MIR	412	-	101	131464547	31990
chr9	84229887	84429887	harbor2	chr9	84261758	84261937	SINE/MIR	421	-	90	84261848	31961
chr9	84229887	84429887	harbor2	chr9	84273051	84273291	SINE/MIR	754	-	120	84273171	43284
chr9	84229887	84429887	harbor2	chr9	84293023	84293249	SINE/MIR	501	-	113	84293136	63249
chr9	84229887	84429887	harbor2	chr9	84317035	84317176	SINE/MIR	435	-	70	84317105	87218
chr9	108580134	108780134	harbor2	chr9	108586718	108586923	SINE/MIR	547	-	102	108586820	6686
chr9	108580134	108780134	harbor2	chr9	108607713	108607936	SINE/MIR	692	-	112	108607825	27691
chr9	108580134	108780134	harbor2	chr9	108609094	108609334	SINE/MIR	714	-	120	108609214	29080
chr9	108580134	108780134	harbor2	chr9	108616539	108616768	SINE/MIR	513	-	114	108616653	36519
chr9	108580134	108780134	harbor2	chr9	108621412	108621621	SINE/MIR	604	-	104	108621516	41382
chr9	108580134	108780134	harbor2	chr9	108631508	108631667	SINE/MIR	590	-	80	108631588	51454
chr9	108580134	108780134	harbor2	chr9	108643256	108643438	SINE/MIR	411	-	91	108643347	63213
chr9	108580134	108780134	harbor2	chr9	108648020	108648203	SINE/MIR	486	-	92	108648112	67978
chr9	108580134	108780134	harbor2	chr9	108648626	108648789	SINE/MIR	470	-	82	108648708	68574
chr9	108580134	108780134	harbor2	chr9	108656260	108656437	SINE/MIR	512	-	88	108656348	76214
chr9	108580134	108780134	harbor2	chr9	108671158	108671395	SINE/MIR	539	-	118	108671276	91142
chr9	108580134	108780134	harbor2	chr9	108679375	108679474	SINE/MIR	418	-	50	108679425	99291
chr9	108580134	108780134	harbor2	chr9	108679731	108679742	SINE/MIR	418	-	6	108679737	99603
chr9	106149327	106349327	harbor2	chr9	106151159	106151346	SINE/MIR	580	-	94	106151253	1926
chr9	106149327	106349327	harbor2	chr9	106155391	106155599	SINE/MIR	625	-	104	106155495	6168
chr9	106149327	106349327	harbor2	chr9	106156208	106156410	SINE/MIR	470	-	101	106156309	6982
chr9	106149327	106349327	harbor2	chr9	106224694	106224883	SINE/MIR	645	-	94	106224788	75461
chr9	106149327	106349327	harbor2	chr9	106243648	106243765	SINE/MIR	425	-	58	106243706	94379
chr9	104951871	105151871	harbor2	chr9	104974498	104974731	SINE/MIR	642	-	116	104974614	22743
chr9	104951871	105151871	harbor2	chr9	104983642	104983754	SINE/MIR	409	-	56	104983698	31827
chr9	104951871	105151871	harbor2	chr9	104985485	104985624	SINE/MIR	427	-	70	104985555	33684
chr9	104951871	105151871	harbor2	chr9	104992307	104992426	SINE/MIR	416	-	60	104992367	40496
chr9	104951871	105151871	harbor2	chr9	104993918	104994121	SINE/MIR	416	-	102	104994020	42149
chr9	104951871	105151871	harbor2	chr9	105005619	105005769	SINE/MIR	668	-	75	105005694	53823
chr9	104951871	105151871	harbor2	chr9	105007899	105008125	SINE/MIR	659	-	113	105008012	56141
chr9	104951871	105151871	harbor2	chr9	105033131	105033362	SINE/MIR	399	-	116	105033247	81376
chr9	104951871	105151871	harbor2	chr9	104988485	104988693	SINE/MIR	638	-	104	104988589	36718
chr9	130479733	130679733	harbor2	chr9	130493310	130493430	SINE/MIR	403	-	60	130493370	13637
chr9	130479733	130679733	harbor2	chr9	130502325	130502554	SINE/MIR	690	-	114	130502439	22706
chr9	130479733	130679733	harbor2	chr9	130524536	130524722	SINE/MIR	483	-	93	130524629	44896
chr9	130479733	130679733	harbor2	chr9	130538964	130539188	SINE/MIR	396	-	112	130539076	59343
chr9	130479733	130679733	harbor2	chr9	130548345	130548549	SINE/MIR	728	-	102	130548447	68714
chr9	87457687	87657687	harbor2	chr9	87458121	87458242	SINE/MIR	406	-	60	87458181	494
chr9	87457687	87657687	harbor2	chr9	87474769	87474936	SINE/MIR	421	-	84	87474853	17166
chr9	87457687	87657687	harbor2	chr9	87476019	87476198	SINE/MIR	464	-	90	87476109	18422
chr9	87457687	87657687	harbor2	chr9	87542234	87542444	SINE/MIR	455	-	105	87542339	84652
chr9	87457687	87657687	harbor2	chr9	87542632	87542781	SINE/MIR	405	-	74	87542706	85019
chr9	87457687	87657687	harbor2	chr9	87556197	87556418	SINE/MIR	659	-	110	87556307	98620
chr9	115261594	115461594	harbor2	chr9	115268900	115269115	SINE/MIR	470	-	108	115269008	7414
chr9	115261594	115461594	harbor2	chr9	115304929	115305169	SINE/MIR	529	-	120	115305049	43455
chr9	115261594	115461594	harbor2	chr9	115307643	115307886	SINE/MIR	570	-	122	115307765	46171
chr9	115261594	115461594	harbor2	chr9	115330039	115330253	SINE/MIR	564	-	107	115330146	68552
chr9	115261594	115461594	harbor2	chr9	115334247	115334461	SINE/MIR	435	-	107	115334354	72760
chr9	115261594	115461594	harbor2	chr9	115341233	115341444	SINE/MIR	567	-	106	115341339	79745
chr9	115261594	115461594	harbor2	chr9	115350050	115350303	SINE/MIR	605	-	126	115350176	88582
chr9	115261594	115461594	harbor2	chr9	115360629	115360847	SINE/MIR	596	-	109	115360738	99144
chr9	107698657	107898657	harbor2	chr9	107699824	107700034	SINE/MIR	575	-	105	107699929	1272
chr9	107698657	107898657	harbor2	chr9	107705314	107705534	SINE/MIR	564	-	110	107705424	6767
chr9	107698657	107898657	harbor2	chr9	107706477	107706622	SINE/MIR	660	-	72	107706549	7892
chr9	107698657	107898657	harbor2	chr9	107711401	107711556	SINE/MIR	513	-	78	107711479	12822
chr9	107698657	107898657	harbor2	chr9	107719043	107719130	SINE/MIR	815	-	44	107719087	20430
chr9	107698657	107898657	harbor2	chr9	107719429	107719588	SINE/MIR	815	-	80	107719509	20852
chr9	107698657	107898657	harbor2	chr9	107725755	107726005	SINE/MIR	609	-	125	107725880	27223
chr9	107698657	107898657	harbor2	chr9	107732542	107732779	SINE/MIR	763	-	118	107732660	34003
chr9	107698657	107898657	harbor2	chr9	107744137	107744286	SINE/MIR	466	-	74	107744211	45554
chr9	107698657	107898657	harbor2	chr9	107751383	107751615	SINE/MIR	428	-	116	107751499	52842
chr9	107698657	107898657	harbor2	chr9	107768614	107768763	SINE/MIR	452	-	74	107768688	70031
chr9	107698657	107898657	harbor2	chr9	107768937	107769182	SINE/MIR	569	-	122	107769059	70402
chr9	107698657	107898657	harbor2	chr9	107769568	107769738	SINE/MIR	403	-	85	107769653	70996
chr9	107698657	107898657	harbor2	chr9	107771870	107772090	SINE/MIR	744	-	110	107771980	73323
chr9	107698657	107898657	harbor2	chr9	107781957	107782106	SINE/MIR	446	-	74	107782031	83374
chr9	117958419	118158419	harbor2	chr9	117963197	117963395	SINE/MIR	567	-	99	117963296	4877
chr9	117958419	118158419	harbor2	chr9	117990553	117990736	SINE/MIR	423	-	92	117990645	32226
chr9	117958419	118158419	harbor2	chr9	118004945	118005132	SINE/MIR	595	-	94	118005039	46620
chr9	117958419	118158419	harbor2	chr9	118031788	118032024	SINE/MIR	831	-	118	118031906	73487
chr9	117958419	118158419	harbor2	chr9	118039567	118039753	SINE/MIR	552	-	93	118039660	81241
chr9	75534965	75734965	harbor2	chr9	75577733	75577972	SINE/MIR	496	-	120	75577853	42888
chr9	75534965	75734965	harbor2	chr9	75614003	75614225	SINE/MIR	664	-	111	75614114	79149
chr9	95889036	96089036	harbor2	chr9	95953962	95954206	SINE/MIR	1015	-	122	95954084	65048
chr9	129541432	129741432	harbor2	chr9	129549175	129549382	SINE/MIR	481	-	104	129549279	7847
chr9	129541432	129741432	harbor2	chr9	129575597	129575740	SINE/MIR	548	-	72	129575669	34237
chr9	129541432	129741432	harbor2	chr9	129578521	129578694	SINE/MIR	416	-	86	129578607	37175
chr9	129541432	129741432	harbor2	chr9	129579960	129580169	SINE/MIR	594	-	104	129580064	38632
chr9	129541432	129741432	harbor2	chr9	129598614	129598685	SINE/MIR	422	-	36	129598650	57218
chr9	129541432	129741432	harbor2	chr9	129599831	129599884	SINE/MIR	422	-	26	129599857	58425
chr9	129541432	129741432	harbor2	chr9	129600485	129600562	SINE/MIR	422	-	38	129600523	59091
chr9	129541432	129741432	harbor2	chr9	129615780	129615992	SINE/MIR	502	-	106	129615886	74454
chr9	129541432	129741432	harbor2	chr9	129627467	129627684	SINE/MIR	547	-	108	129627575	86143
chr9	134607339	134807339	harbor2	chr9	134638161	134638351	SINE/MIR	475	-	95	134638256	30917
chr9	134607339	134807339	harbor2	chr9	134627294	134627413	SINE/MIR	451	-	60	134627354	20015
chr9	128211085	128411085	harbor2	chr9	128214298	128214415	SINE/MIR	454	-	58	128214356	3271
chr9	128211085	128411085	harbor2	chr9	128224959	128225208	SINE/MIR	632	-	124	128225083	13998
chr9	128211085	128411085	harbor2	chr9	128226428	128226637	SINE/MIR	607	-	104	128226532	15447
chr9	128211085	128411085	harbor2	chr9	128231748	128231917	SINE/MIR	586	-	84	128231832	20747
chr9	128211085	128411085	harbor2	chr9	128247135	128247323	SINE/MIR	617	-	94	128247229	36144
chr9	128211085	128411085	harbor2	chr9	128259628	128259817	SINE/MIR	417	-	94	128259722	48637
chr9	128211085	128411085	harbor2	chr9	128264802	128265013	SINE/MIR	567	-	106	128264908	53823
chr9	128211085	128411085	harbor2	chr9	128266761	128266915	SINE/MIR	468	-	77	128266838	55753
chr9	128211085	128411085	harbor2	chr9	128273297	128273437	SINE/MIR	418	-	70	128273367	62282
chr9	128211085	128411085	harbor2	chr9	128289029	128289283	SINE/MIR	1071	-	127	128289156	78071
chr9	128211085	128411085	harbor2	chr9	128293120	128293261	SINE/MIR	432	-	70	128293190	82105
chr9	128211085	128411085	harbor2	chr9	128297455	128297633	SINE/MIR	670	-	89	128297544	86459
chr9	134331196	134531196	harbor2	chr9	134406046	134406112	SINE/MIR	444	-	33	134406079	74883
chr9	134331196	134531196	harbor2	chr9	134406422	134406590	SINE/MIR	444	-	84	134406506	75310
chr9	126094804	126294804	harbor2	chr9	126105253	126105454	SINE/MIR	478	-	100	126105353	10549
chr9	126094804	126294804	harbor2	chr9	126117971	126118196	SINE/MIR	551	-	112	126118083	23279
chr9	126094804	126294804	harbor2	chr9	126131334	126131607	SINE/MIR	521	-	136	126131470	36666
chr9	126094804	126294804	harbor2	chr9	126159859	126160061	SINE/MIR	436	-	101	126159960	65156
chr9	126094804	126294804	harbor2	chr9	126163669	126163890	SINE/MIR	498	-	110	126163779	68975
chr9	131178330	131378330	harbor2	chr9	131187915	131188157	SINE/MIR	544	-	121	131188036	9706
chr9	131178330	131378330	harbor2	chr9	131196474	131196697	SINE/MIR	585	-	112	131196586	18256
chr9	131178330	131378330	harbor2	chr9	131202879	131202914	SINE/MIR	520	-	18	131202897	24567
chr9	131178330	131378330	harbor2	chr9	131203245	131203367	SINE/MIR	520	-	61	131203306	24976
chr9	131178330	131378330	harbor2	chr9	131238026	131238244	SINE/MIR	467	-	109	131238135	59805
chr9	131178330	131378330	harbor2	chr9	131271403	131271542	SINE/MIR	401	-	70	131271473	93143
chr9	131178330	131378330	harbor2	chr9	131273810	131273966	SINE/MIR	526	-	78	131273888	95558
chr9	94340555	94540555	harbor2	chr9	94434771	94434931	SINE/MIR	480	-	80	94434851	94296
chr9	93579957	93779957	harbor2	chr9	93667669	93667791	SINE/MIR	444	-	61	93667730	87773
chr9	136584963	136784963	harbor2	chr9	136681931	136682123	SINE/MIR	596	-	96	136682027	97064
chr9	123046876	123246876	harbor2	chr9	123049822	123050040	SINE/MIR	671	-	109	123049931	3055
chr9	123046876	123246876	harbor2	chr9	123084705	123084974	SINE/MIR	720	-	134	123084839	37963
chr9	123046876	123246876	harbor2	chr9	123092664	123092898	SINE/MIR	789	-	117	123092781	45905
chr9	123046876	123246876	harbor2	chr9	123097348	123097559	SINE/MIR	428	-	106	123097454	50578
chr9	116973115	117173115	harbor2	chr9	116973331	116973495	SINE/MIR	484	-	82	116973413	298
chr9	116973115	117173115	harbor2	chr9	116981463	116981639	SINE/MIR	455	-	88	116981551	8436
chr9	116973115	117173115	harbor2	chr9	116986580	116986823	SINE/MIR	625	-	122	116986702	13587
chr9	116973115	117173115	harbor2	chr9	116988511	116988694	SINE/MIR	632	-	92	116988603	15488
chr9	116973115	117173115	harbor2	chr9	116994861	116995111	SINE/MIR	511	-	125	116994986	21871
chr9	116973115	117173115	harbor2	chr9	116995263	116995429	SINE/MIR	425	-	83	116995346	22231
chr9	116973115	117173115	harbor2	chr9	117000107	117000332	SINE/MIR	485	-	112	117000219	27104
chr9	116973115	117173115	harbor2	chr9	117011686	117011843	SINE/MIR	506	-	78	117011764	38649
chr9	116973115	117173115	harbor2	chr9	117018847	117019016	SINE/MIR	565	-	84	117018931	45816
chr9	116973115	117173115	harbor2	chr9	117026860	117027013	SINE/MIR	548	-	76	117026936	53821
chr9	116973115	117173115	harbor2	chr9	117027872	117028058	SINE/MIR	607	-	93	117027965	54850
chr9	116973115	117173115	harbor2	chr9	117028882	117029009	SINE/MIR	394	-	64	117028946	55831
chr9	116973115	117173115	harbor2	chr9	117033366	117033567	SINE/MIR	612	-	100	117033466	60351
chr9	116973115	117173115	harbor2	chr9	117035997	117036227	SINE/MIR	475	-	115	117036112	62997
chr9	116973115	117173115	harbor2	chr9	117037419	117037594	SINE/MIR	534	-	88	117037507	64392
chr9	116973115	117173115	harbor2	chr9	117047897	117048113	SINE/MIR	530	-	108	117048005	74890
chr9	116973115	117173115	harbor2	chr9	117049515	117049635	SINE/MIR	407	-	60	117049575	76460
chr9	116973115	117173115	harbor2	chr9	117051259	117051444	SINE/MIR	406	-	92	117051351	78236
chr9	116973115	117173115	harbor2	chr9	117052685	117052877	SINE/MIR	499	-	96	117052781	79666
chr9	116973115	117173115	harbor2	chr9	117061885	117062098	SINE/MIR	400	-	106	117061991	88876
chr9	112543059	112743059	harbor2	chr9	112562208	112562436	SINE/MIR	1010	-	114	112562322	19263
chr9	112543059	112743059	harbor2	chr9	112597250	112597477	SINE/MIR	734	-	114	112597364	54305
chr9	112543059	112743059	harbor2	chr9	112600852	112601076	SINE/MIR	668	-	112	112600964	57905
chr9	112543059	112743059	harbor2	chr9	112623221	112623446	SINE/MIR	714	-	112	112623333	80274
chr9	118405048	118605048	harbor2	chr9	118407660	118407903	SINE/MIR	436	-	122	118407782	2734
chr9	118405048	118605048	harbor2	chr9	118423629	118423877	SINE/MIR	681	-	124	118423753	18705
chr9	118405048	118605048	harbor2	chr9	118426550	118426729	SINE/MIR	457	-	90	118426640	21592
chr9	118405048	118605048	harbor2	chr9	118465811	118465895	SINE/MIR	446	-	42	118465853	60805
chr9	118405048	118605048	harbor2	chr9	118469336	118469508	SINE/MIR	512	-	86	118469422	64374
chr9	92691171	92891171	harbor2	chr9	92709727	92709917	SINE/MIR	407	-	95	92709822	18651
chr9	92691171	92891171	harbor2	chr9	92763430	92763572	SINE/MIR	459	-	71	92763501	72330
chr9	92691171	92891171	harbor2	chr9	92772138	92772387	SINE/MIR	666	-	124	92772262	81091
chr9	97844110	98044110	harbor2	chr9	97847166	97847351	SINE/MIR	473	-	92	97847258	3148
chr9	97844110	98044110	harbor2	chr9	97933282	97933439	SINE/MIR	598	-	78	97933360	89250
chr9	126344181	126544181	harbor2	chr9	126368155	126368311	SINE/MIR	462	-	78	126368233	24052
chr9	126344181	126544181	harbor2	chr9	126371795	126371865	SINE/MIR	571	-	35	126371830	27649
chr9	126344181	126544181	harbor2	chr9	126372609	126372796	SINE/MIR	571	-	94	126372703	28522
chr9	126344181	126544181	harbor2	chr9	126387685	126387953	SINE/MIR	576	-	134	126387819	43638
chr9	126344181	126544181	harbor2	chr9	126390215	126390428	SINE/MIR	887	-	106	126390321	46140
chr9	126344181	126544181	harbor2	chr9	126403886	126403950	SINE/MIR	845	-	32	126403918	59737
chr9	126344181	126544181	harbor2	chr9	126404255	126404410	SINE/MIR	845	-	78	126404333	60152
chr9	126344181	126544181	harbor2	chr9	126432549	126432784	SINE/MIR	617	-	118	126432667	88486
chr9	24234184	24434184	harbor2	chr9	24318082	24318236	SINE/MIR	498	-	77	24318159	83975
chr9	24234184	24434184	harbor2	chr9	24318622	24318781	SINE/MIR	583	-	80	24318702	84518
chr9	24234184	24434184	harbor2	chr9	24332294	24332495	SINE/MIR	444	-	100	24332394	98210
chr9	122171411	122371411	harbor2	chr9	122184637	122184852	SINE/MIR	897	-	108	122184745	13334
chr9	122171411	122371411	harbor2	chr9	122185720	122185863	SINE/MIR	427	-	72	122185792	14381
chr9	122171411	122371411	harbor2	chr9	122186207	122186376	SINE/MIR	556	-	84	122186291	14880
chr9	122171411	122371411	harbor2	chr9	122192256	122192455	SINE/MIR	413	-	100	122192356	20945
chr9	122171411	122371411	harbor2	chr9	122205703	122205924	SINE/MIR	793	-	110	122205813	34402
chr9	122171411	122371411	harbor2	chr9	122212083	122212319	SINE/MIR	658	-	118	122212201	40790
chr9	122171411	122371411	harbor2	chr9	122212880	122213005	SINE/MIR	498	-	62	122212942	41531
chr9	122171411	122371411	harbor2	chr9	122217597	122217777	SINE/MIR	506	-	90	122217687	46276
chr9	122171411	122371411	harbor2	chr9	122230682	122230917	SINE/MIR	606	-	118	122230800	59389
chr9	122171411	122371411	harbor2	chr9	122231440	122231581	SINE/MIR	471	-	70	122231510	60099
chr9	122171411	122371411	harbor2	chr9	122242359	122242532	SINE/MIR	532	-	86	122242445	71034
chr9	122171411	122371411	harbor2	chr9	122242599	122242663	SINE/MIR	416	-	32	122242631	71220
chr9	122171411	122371411	harbor2	chr9	122243272	122243444	SINE/MIR	416	-	86	122243358	71947
chr9	122171411	122371411	harbor2	chr9	122249207	122249373	SINE/MIR	439	-	83	122249290	77879
chr9	122171411	122371411	harbor2	chr9	122265199	122265379	SINE/MIR	482	-	90	122265289	93878
chr9	122171411	122371411	harbor2	chr9	122267863	122268011	SINE/MIR	490	-	74	122267937	96526
chr9	122171411	122371411	harbor2	chr9	122269801	122270012	SINE/MIR	609	-	106	122269907	98496
chr9	130027485	130227485	harbor2	chr9	130067275	130067461	SINE/MIR	413	-	93	130067368	39883
chr9	130027485	130227485	harbor2	chr9	130088591	130088803	SINE/MIR	743	-	106	130088697	61212
chr9	130027485	130227485	harbor2	chr9	130119441	130119644	SINE/MIR	665	-	102	130119543	92058
chr9	133386044	133586044	harbor2	chr9	133386219	133386346	SINE/MIR	552	-	64	133386283	239
chr9	133386044	133586044	harbor2	chr9	133448309	133448510	SINE/MIR	705	-	100	133448409	62365
chr9	133386044	133586044	harbor2	chr9	133456307	133456492	SINE/MIR	529	-	92	133456399	70355
chr9	133386044	133586044	harbor2	chr9	133457567	133457824	SINE/MIR	516	-	128	133457695	71651
chr9	101831259	102031259	harbor2	chr9	101832233	101832364	SINE/MIR	481	-	66	101832299	1040
chr9	101831259	102031259	harbor2	chr9	101917358	101917518	SINE/MIR	438	-	80	101917438	86179
chr9	128312963	128512963	harbor2	chr9	128314879	128315022	SINE/MIR	713	-	72	128314951	1988
chr9	128312963	128512963	harbor2	chr9	128326067	128326308	SINE/MIR	480	-	120	128326187	13224
chr9	128312963	128512963	harbor2	chr9	128347170	128347395	SINE/MIR	530	-	112	128347282	34319
chr9	128312963	128512963	harbor2	chr9	128364155	128364285	SINE/MIR	591	-	65	128364220	51257
chr9	128312963	128512963	harbor2	chr9	128364587	128364746	SINE/MIR	591	-	80	128364667	51704
chr9	128312963	128512963	harbor2	chr9	128368150	128368283	SINE/MIR	720	-	66	128368216	55253
chr9	128312963	128512963	harbor2	chr9	128383987	128384204	SINE/MIR	437	-	108	128384095	71132
chr9	128312963	128512963	harbor2	chr9	128384689	128384885	SINE/MIR	712	-	98	128384787	71824
chr9	128312963	128512963	harbor2	chr9	128388872	128389077	SINE/MIR	493	-	102	128388974	76011
chr9	128312963	128512963	harbor2	chr9	128394804	128394933	SINE/MIR	566	-	64	128394868	81905
chr9	128312963	128512963	harbor2	chr9	128401419	128401589	SINE/MIR	497	-	85	128401504	88541
chr9	128312963	128512963	harbor2	chr9	128404336	128404498	SINE/MIR	433	-	81	128404417	91454
chr9	128312963	128512963	harbor2	chr9	128407206	128407415	SINE/MIR	470	-	104	128407310	94347
chr9	128312963	128512963	harbor2	chr9	128408750	128408883	SINE/MIR	544	-	66	128408816	95853
chr9	128312963	128512963	harbor2	chr9	128409908	128410133	SINE/MIR	568	-	112	128410020	97057
chr9	35779188	35979188	harbor2	chr9	35817021	35817167	SINE/MIR	399	-	73	35817094	37906
chr9	35779188	35979188	harbor2	chr9	35830530	35830674	SINE/MIR	497	-	72	35830602	51414
chr9	63044033	63244033	harbor2	chr9	63102405	63102575	SINE/MIR	675	-	85	63102490	58457
chr9	63044033	63244033	harbor2	chr9	63136251	63136461	SINE/MIR	662	-	105	63136356	92323
chr9	126572782	126772782	harbor2	chr9	126591443	126591524	SINE/MIR	453	-	40	126591483	18701
chr9	126572782	126772782	harbor2	chr9	126591817	126591892	SINE/MIR	453	-	38	126591855	19073
chr9	126572782	126772782	harbor2	chr9	126592218	126592438	SINE/MIR	415	-	110	126592328	19546
chr9	126572782	126772782	harbor2	chr9	126629320	126629499	SINE/MIR	680	-	90	126629410	56628
chr9	126572782	126772782	harbor2	chr9	126630502	126630626	SINE/MIR	539	-	62	126630564	57782
chr9	126572782	126772782	harbor2	chr9	126633769	126633934	SINE/MIR	509	-	82	126633851	61069
chr9	126572782	126772782	harbor2	chr9	126641269	126641500	SINE/MIR	731	-	116	126641385	68603
chr9	126572782	126772782	harbor2	chr9	126643820	126644045	SINE/MIR	807	-	112	126643932	71150
chr9	126572782	126772782	harbor2	chr9	126668271	126668411	SINE/MIR	467	-	70	126668341	95559
chr9	95314538	95514538	harbor2	chr9	95409451	95409677	SINE/MIR	693	-	113	95409564	95026
chr9	135185950	135385950	harbor2	chr9	135203795	135203980	SINE/MIR	407	-	92	135203887	17937
chr9	135185950	135385950	harbor2	chr9	135204088	135204330	SINE/MIR	580	-	121	135204209	18259
chr9	135185950	135385950	harbor2	chr9	135272199	135272455	SINE/MIR	457	-	128	135272327	86377
chr9	125107518	125307518	harbor2	chr9	125138165	125138245	SINE/MIR	471	-	40	125138205	30687
chr9	125107518	125307518	harbor2	chr9	125138844	125138954	SINE/MIR	471	-	55	125138899	31381
chr9	125107518	125307518	harbor2	chr9	125198176	125198318	SINE/MIR	419	-	71	125198247	90729
chr9	125107518	125307518	harbor2	chr9	125206719	125206808	SINE/MIR	513	-	44	125206763	99245
chr9	125107518	125307518	harbor2	chr9	125207109	125207260	SINE/MIR	513	-	76	125207185	99667
chr9	68654845	68854845	harbor2	chr9	68662301	68662522	SINE/MIR	615	-	110	68662411	7566
chr9	68654845	68854845	harbor2	chr9	68673162	68673412	SINE/MIR	563	-	125	68673287	18442
chr9	68654845	68854845	harbor2	chr9	68691969	68692123	SINE/MIR	527	-	77	68692046	37201
chr9	68654845	68854845	harbor2	chr9	68700811	68700968	SINE/MIR	420	-	78	68700889	46044
chr9	68654845	68854845	harbor2	chr9	68707593	68707728	SINE/MIR	436	-	68	68707661	52816
chr9	68654845	68854845	harbor2	chr9	68713829	68714050	SINE/MIR	409	-	110	68713939	59094
chr9	68654845	68854845	harbor2	chr9	68727563	68727782	SINE/MIR	463	-	110	68727673	72828
chr9	68654845	68854845	harbor2	chr9	68742383	68742567	SINE/MIR	572	-	92	68742475	87630
chr9	127783022	127983022	harbor2	chr9	127824048	127824211	SINE/MIR	483	-	82	127824130	41108
chr9	127783022	127983022	harbor2	chr9	127824637	127824724	SINE/MIR	405	-	44	127824681	41659
chr9	127783022	127983022	harbor2	chr9	127832375	127832518	SINE/MIR	436	-	72	127832447	49425
chr9	127783022	127983022	harbor2	chr9	127839997	127840243	SINE/MIR	567	-	123	127840120	57098
chr9	127783022	127983022	harbor2	chr9	127843303	127843466	SINE/MIR	406	-	82	127843385	60363
chr9	127783022	127983022	harbor2	chr9	127847120	127847312	SINE/MIR	727	-	96	127847216	64194
chr9	127783022	127983022	harbor2	chr9	127856897	127857028	SINE/MIR	457	-	66	127856963	73941
chr9	127783022	127983022	harbor2	chr9	127871461	127871643	SINE/MIR	421	-	91	127871552	88530
chr9	111379637	111579637	harbor2	chr9	111424223	111424445	SINE/MIR	410	-	111	111424334	44697
chr9	111379637	111579637	harbor2	chr9	111429488	111429652	SINE/MIR	436	-	82	111429570	49933
chr9	111379637	111579637	harbor2	chr9	111433483	111433686	SINE/MIR	563	-	102	111433585	53948
chr9	111379637	111579637	harbor2	chr9	111446662	111446817	SINE/MIR	473	-	78	111446740	67103
chr9	111379637	111579637	harbor2	chr9	111468250	111468393	SINE/MIR	397	-	72	111468322	88685
chr9	111379637	111579637	harbor2	chr9	111473651	111473684	SINE/MIR	483	-	16	111473667	94030
chr9	111379637	111579637	harbor2	chr9	111473994	111474154	SINE/MIR	483	-	80	111474074	94437
chr9	134440292	134640292	harbor2	chr9	134537650	134537871	SINE/MIR	544	-	110	134537760	97468
chr9	134440292	134640292	harbor2	chr9	134539129	134539318	SINE/MIR	428	-	94	134539223	98931
chr9	115540471	115740471	harbor2	chr9	115548280	115548410	SINE/MIR	470	-	65	115548345	7874
chr9	115540471	115740471	harbor2	chr9	115550329	115550459	SINE/MIR	438	-	65	115550394	9923
chr9	115540471	115740471	harbor2	chr9	115552120	115552323	SINE/MIR	538	-	102	115552222	11751
chr9	115540471	115740471	harbor2	chr9	115575227	115575327	SINE/MIR	642	-	50	115575277	34806
chr9	115540471	115740471	harbor2	chr9	115575596	115575744	SINE/MIR	642	-	74	115575670	35199
chr9	115540471	115740471	harbor2	chr9	115586120	115586362	SINE/MIR	819	-	121	115586241	45770
chr9	115540471	115740471	harbor2	chr9	115594265	115594495	SINE/MIR	506	-	115	115594380	53909
chr9	115540471	115740471	harbor2	chr9	115595866	115596027	SINE/MIR	536	-	80	115595946	55475
chr9	115540471	115740471	harbor2	chr9	115599911	115600126	SINE/MIR	480	-	108	115600019	59548
chr9	115540471	115740471	harbor2	chr9	115607529	115607791	SINE/MIR	704	-	131	115607660	67189
chr9	115540471	115740471	harbor2	chr9	115630931	115631066	SINE/MIR	408	-	68	115630999	90528
chr9	115540471	115740471	harbor2	chr9	115633695	115633900	SINE/MIR	593	-	102	115633797	93326
chr9	115540471	115740471	harbor2	chr9	115638586	115638728	SINE/MIR	417	-	71	115638657	98186
chr9	42008266	42208266	harbor2	chr9	42050642	42050836	SINE/MIR	655	-	97	42050739	42473
chr9	42008266	42208266	harbor2	chr9	42093900	42094094	SINE/MIR	686	-	97	42093997	85731
chr9	117999149	118199149	harbor2	chr9	118004945	118005132	SINE/MIR	595	-	94	118005039	5890
chr9	117999149	118199149	harbor2	chr9	118031788	118032024	SINE/MIR	831	-	118	118031906	32757
chr9	117999149	118199149	harbor2	chr9	118039567	118039753	SINE/MIR	552	-	93	118039660	40511
chr9	105036724	105236724	harbor2	chr9	105120307	105120453	SINE/MIR	417	-	73	105120380	83656
chr9	105036724	105236724	harbor2	chr9	105127647	105127874	SINE/MIR	498	-	114	105127761	91037
chr9	105036724	105236724	harbor2	chr9	105131092	105131348	SINE/MIR	1013	-	128	105131220	94496
chr9	27892714	28092714	harbor2	chr9	27969511	27969687	SINE/MIR	620	-	88	27969599	76885
chr9	27892714	28092714	harbor2	chr9	27969731	27969896	SINE/MIR	460	-	82	27969813	77099
chr9	27892714	28092714	harbor2	chr9	27976489	27976690	SINE/MIR	514	-	100	27976589	83875
chr9	27892714	28092714	harbor2	chr9	27978890	27979085	SINE/MIR	552	-	98	27978988	86274
chr9	27892714	28092714	harbor2	chr9	27981236	27981454	SINE/MIR	639	-	109	27981345	88631
chr9	27892714	28092714	harbor2	chr9	27982462	27982706	SINE/MIR	892	-	122	27982584	89870
chr9	27892714	28092714	harbor2	chr9	27984737	27984888	SINE/MIR	435	-	76	27984813	92099
chr9	27892714	28092714	harbor2	chr9	27989686	27989885	SINE/MIR	583	-	100	27989786	97072
chr9	99796057	99996057	harbor2	chr9	99797438	99797645	SINE/MIR	575	-	104	99797542	1485
chr9	99796057	99996057	harbor2	chr9	99829493	99829634	SINE/MIR	458	-	70	99829563	33506
chr9	99796057	99996057	harbor2	chr9	99835235	99835435	SINE/MIR	553	-	100	99835335	39278
chr9	99796057	99996057	harbor2	chr9	99837328	99837461	SINE/MIR	482	-	66	99837394	41337
chr9	99796057	99996057	harbor2	chr9	99840578	99840771	SINE/MIR	549	-	96	99840674	44617
chr9	99796057	99996057	harbor2	chr9	99846268	99846438	SINE/MIR	504	-	85	99846353	50296
chr9	99796057	99996057	harbor2	chr9	99857343	99857504	SINE/MIR	751	-	80	99857423	61366
chr9	99796057	99996057	harbor2	chr9	99857798	99857840	SINE/MIR	751	-	21	99857819	61762
chr9	99796057	99996057	harbor2	chr9	99861015	99861153	SINE/MIR	545	-	69	99861084	65027
chr9	99796057	99996057	harbor2	chr9	99863256	99863475	SINE/MIR	552	-	110	99863366	67309
chr9	99796057	99996057	harbor2	chr9	99865853	99866047	SINE/MIR	555	-	97	99865950	69893
chr9	99796057	99996057	harbor2	chr9	99869952	99870161	SINE/MIR	522	-	104	99870056	73999
chr9	111592584	111792584	harbor2	chr9	111597561	111597709	SINE/MIR	591	-	74	111597635	5051
chr9	111592584	111792584	harbor2	chr9	111666135	111666360	SINE/MIR	850	-	112	111666247	73663
chr9	111592584	111792584	harbor2	chr9	111673296	111673437	SINE/MIR	468	-	70	111673366	80782
chr9	123209294	123409294	harbor2	chr9	123213465	123213642	SINE/MIR	566	-	88	123213553	4259
chr9	123209294	123409294	harbor2	chr9	123216754	123216982	SINE/MIR	524	-	114	123216868	7574
chr9	123209294	123409294	harbor2	chr9	123218851	123219104	SINE/MIR	566	-	126	123218977	9683
chr9	123209294	123409294	harbor2	chr9	123220823	123220948	SINE/MIR	507	-	62	123220885	11591
chr9	123209294	123409294	harbor2	chr9	123239881	123240048	SINE/MIR	442	-	84	123239965	30671
chr9	123209294	123409294	harbor2	chr9	123251285	123251509	SINE/MIR	594	-	112	123251397	42103
chr9	123209294	123409294	harbor2	chr9	123252270	123252464	SINE/MIR	402	-	97	123252367	43073
chr9	123209294	123409294	harbor2	chr9	123260394	123260578	SINE/MIR	515	-	92	123260486	51192
chr9	123209294	123409294	harbor2	chr9	123277791	123278000	SINE/MIR	979	-	104	123277895	68601
chr9	123209294	123409294	harbor2	chr9	123286473	123286643	SINE/MIR	543	-	85	123286558	77264
chr9	123209294	123409294	harbor2	chr9	123287491	123287720	SINE/MIR	402	-	114	123287605	78311
chr9	123209294	123409294	harbor2	chr9	123293975	123294119	SINE/MIR	469	-	72	123294047	84753
chr9	123209294	123409294	harbor2	chr9	123300115	123300398	SINE/MIR	519	-	142	123300257	90963
chr9	123209294	123409294	harbor2	chr9	123302311	123302469	SINE/MIR	592	-	79	123302390	93096
chr9	123209294	123409294	harbor2	chr9	123304965	123305129	SINE/MIR	434	-	82	123305047	95753
chr9	123209294	123409294	harbor2	chr9	123306595	123306748	SINE/MIR	519	-	76	123306671	97377
chr9	107405664	107605664	harbor2	chr9	107414801	107414924	SINE/MIR	423	-	62	107414863	9199
chr9	107405664	107605664	harbor2	chr9	107422807	107423040	SINE/MIR	546	-	116	107422923	17259
chr9	107405664	107605664	harbor2	chr9	107444663	107444847	SINE/MIR	585	-	92	107444755	39091
chr9	107405664	107605664	harbor2	chr9	107448101	107448290	SINE/MIR	443	-	94	107448195	42531
chr9	107405664	107605664	harbor2	chr9	107459176	107459357	SINE/MIR	512	-	90	107459266	53602
chr9	120238344	120438344	harbor2	chr9	120241284	120241450	SINE/MIR	474	-	83	120241367	3023
chr9	120238344	120438344	harbor2	chr9	120243299	120243513	SINE/MIR	782	-	107	120243406	5062
chr9	120238344	120438344	harbor2	chr9	120249561	120249777	SINE/MIR	751	-	108	120249669	11325
chr9	120238344	120438344	harbor2	chr9	120262905	120263099	SINE/MIR	738	-	97	120263002	24658
chr9	120238344	120438344	harbor2	chr9	120267137	120267225	SINE/MIR	410	-	44	120267181	28837
chr9	120238344	120438344	harbor2	chr9	120278124	120278256	SINE/MIR	474	-	66	120278190	39846
chr9	120238344	120438344	harbor2	chr9	120299819	120299986	SINE/MIR	563	-	84	120299903	61559
chr9	120238344	120438344	harbor2	chr9	120324384	120324546	SINE/MIR	507	-	81	120324465	86121
chr9	120238344	120438344	harbor2	chr9	120332325	120332481	SINE/MIR	417	-	78	120332403	94059
chr9	134311443	134511443	harbor2	chr9	134324449	134324604	SINE/MIR	527	-	78	134324527	13084
chr9	134311443	134511443	harbor2	chr9	134406046	134406112	SINE/MIR	444	-	33	134406079	94636
chr9	134311443	134511443	harbor2	chr9	134406422	134406590	SINE/MIR	444	-	84	134406506	95063
chr9	126546276	126746276	harbor2	chr9	126550106	126550317	SINE/MIR	668	-	106	126550212	3936
chr9	126546276	126746276	harbor2	chr9	126551685	126551825	SINE/MIR	447	-	70	126551755	5479
chr9	126546276	126746276	harbor2	chr9	126562686	126562854	SINE/MIR	423	-	84	126562770	16494
chr9	126546276	126746276	harbor2	chr9	126563125	126563314	SINE/MIR	515	-	94	126563219	16943
chr9	126546276	126746276	harbor2	chr9	126591443	126591524	SINE/MIR	453	-	40	126591483	45207
chr9	126546276	126746276	harbor2	chr9	126591817	126591892	SINE/MIR	453	-	38	126591855	45579
chr9	126546276	126746276	harbor2	chr9	126592218	126592438	SINE/MIR	415	-	110	126592328	46052
chr9	126546276	126746276	harbor2	chr9	126629320	126629499	SINE/MIR	680	-	90	126629410	83134
chr9	126546276	126746276	harbor2	chr9	126630502	126630626	SINE/MIR	539	-	62	126630564	84288
chr9	126546276	126746276	harbor2	chr9	126633769	126633934	SINE/MIR	509	-	82	126633851	87575
chr9	126546276	126746276	harbor2	chr9	126641269	126641500	SINE/MIR	731	-	116	126641385	95109
chr9	126546276	126746276	harbor2	chr9	126643820	126644045	SINE/MIR	807	-	112	126643932	97656
chr9	73473298	73673298	harbor2	chr9	73542092	73542289	SINE/MIR	561	-	98	73542190	68892
chr9	114369103	114569103	harbor2	chr9	114373468	114373564	SINE/MIR	451	-	48	114373516	4413
chr9	114369103	114569103	harbor2	chr9	114383444	114383637	SINE/MIR	415	-	96	114383540	14437
chr9	114369103	114569103	harbor2	chr9	114391070	114391255	SINE/MIR	449	-	92	114391162	22059
chr9	114369103	114569103	harbor2	chr9	114406090	114406225	SINE/MIR	497	-	68	114406158	37055
chr9	114369103	114569103	harbor2	chr9	114407563	114407697	SINE/MIR	569	-	67	114407630	38527
chr9	114369103	114569103	harbor2	chr9	114411640	114411882	SINE/MIR	727	-	121	114411761	42658
chr9	114369103	114569103	harbor2	chr9	114416789	114416987	SINE/MIR	419	-	99	114416888	47785
chr9	114369103	114569103	harbor2	chr9	114419731	114419873	SINE/MIR	506	-	71	114419802	50699
chr9	114369103	114569103	harbor2	chr9	114423161	114423291	SINE/MIR	509	-	65	114423226	54123
chr9	114369103	114569103	harbor2	chr9	114428438	114428628	SINE/MIR	555	-	95	114428533	59430
chr9	114369103	114569103	harbor2	chr9	114434222	114434318	SINE/MIR	437	-	48	114434270	65167
chr9	114369103	114569103	harbor2	chr9	114449823	114449949	SINE/MIR	405	-	63	114449886	80783
chr9	114369103	114569103	harbor2	chr9	114458840	114459053	SINE/MIR	668	-	106	114458946	89843
chr9	112736080	112936080	harbor2	chr9	112748977	112749178	SINE/MIR	495	-	100	112749077	12997
chr9	112736080	112936080	harbor2	chr9	112795275	112795384	SINE/MIR	399	-	54	112795329	59249
chr9	112736080	112936080	harbor2	chr9	112808867	112809046	SINE/MIR	666	-	90	112808957	72877
chr9	112736080	112936080	harbor2	chr9	112827225	112827462	SINE/MIR	586	-	118	112827343	91263
chr9	133812119	134012119	harbor2	chr9	133851342	133851476	SINE/MIR	414	-	67	133851409	39290
chr9	102594210	102794210	harbor2	chr9	102676279	102676433	SINE/MIR	504	-	77	102676356	82146
chr9	73622977	73822977	harbor2	chr9	73664783	73664931	SINE/MIR	443	-	74	73664857	41880
chr9	73622977	73822977	harbor2	chr9	73696071	73696216	SINE/MIR	406	-	72	73696143	73166
chr9	135336313	135536313	harbor2	chr9	135375754	135375951	SINE/MIR	428	-	98	135375852	39539
chr9	135336313	135536313	harbor2	chr9	135401512	135401738	SINE/MIR	694	-	113	135401625	65312
chr9	135336313	135536313	harbor2	chr9	135408804	135408968	SINE/MIR	471	-	82	135408886	72573
chr9	95783267	95983267	harbor2	chr9	95784947	95785105	SINE/MIR	407	-	79	95785026	1759
chr9	95783267	95983267	harbor2	chr9	95846364	95846499	SINE/MIR	411	-	68	95846432	63165
chr9	124163345	124363345	harbor2	chr9	124206751	124206922	SINE/MIR	684	-	86	124206837	43492
chr9	124163345	124363345	harbor2	chr9	124211847	124211925	SINE/MIR	538	-	39	124211886	48541
chr9	124163345	124363345	harbor2	chr9	124212228	124212375	SINE/MIR	538	-	74	124212302	48957
chr9	124163345	124363345	harbor2	chr9	124215661	124215782	SINE/MIR	473	-	60	124215721	52376
chr9	124163345	124363345	harbor2	chr9	124217377	124217603	SINE/MIR	597	-	113	124217490	54145
chr9	124163345	124363345	harbor2	chr9	124220404	124220617	SINE/MIR	647	-	106	124220510	57165
chr9	124163345	124363345	harbor2	chr9	124228642	124228805	SINE/MIR	516	-	82	124228724	65379
chr9	124163345	124363345	harbor2	chr9	124248032	124248219	SINE/MIR	589	-	94	124248126	84781
chr9	124163345	124363345	harbor2	chr9	124260707	124260928	SINE/MIR	701	-	110	124260817	97472
chr9	124163345	124363345	harbor2	chr9	124260971	124261117	SINE/MIR	434	-	73	124261044	97699
chr9	135030113	135230113	harbor2	chr9	135071432	135071651	SINE/MIR	403	-	110	135071542	41429
chr9	135030113	135230113	harbor2	chr9	135090954	135091168	SINE/MIR	460	-	107	135091061	60948
chr9	114675553	114875553	harbor2	chr9	114699330	114699475	SINE/MIR	429	-	72	114699402	23849
chr9	114675553	114875553	harbor2	chr9	114705075	114705249	SINE/MIR	474	-	87	114705162	29609
chr9	114675553	114875553	harbor2	chr9	114705930	114706051	SINE/MIR	513	-	60	114705990	30437
chr9	114675553	114875553	harbor2	chr9	114719079	114719263	SINE/MIR	546	-	92	114719171	43618
chr9	114675553	114875553	harbor2	chr9	114727253	114727502	SINE/MIR	648	-	124	114727377	51824
chr9	114675553	114875553	harbor2	chr9	114736042	114736296	SINE/MIR	573	-	127	114736169	60616
chr9	114675553	114875553	harbor2	chr9	114751610	114751852	SINE/MIR	779	-	121	114751731	76178
chr9	114675553	114875553	harbor2	chr9	114757598	114757713	SINE/MIR	398	-	58	114757656	82103
chr9	114675553	114875553	harbor2	chr9	114770015	114770182	SINE/MIR	421	-	84	114770099	94546
chr9	133433643	133633643	harbor2	chr9	133448309	133448510	SINE/MIR	705	-	100	133448409	14766
chr9	133433643	133633643	harbor2	chr9	133456307	133456492	SINE/MIR	529	-	92	133456399	22756
chr9	133433643	133633643	harbor2	chr9	133457567	133457824	SINE/MIR	516	-	128	133457695	24052
chr9	133433643	133633643	harbor2	chr9	133508842	133509062	SINE/MIR	420	-	110	133508952	75309
chr9	133433643	133633643	harbor2	chr9	133530700	133530887	SINE/MIR	702	-	94	133530794	97151
chr9	132748336	132948336	harbor2	chr9	132749198	132749404	SINE/MIR	393	-	103	132749301	965
chr9	132748336	132948336	harbor2	chr9	132773613	132773752	SINE/MIR	474	-	70	132773683	25347
chr9	132748336	132948336	harbor2	chr9	132796039	132796207	SINE/MIR	428	-	84	132796123	47787
chr9	132748336	132948336	harbor2	chr9	132801709	132801950	SINE/MIR	761	-	120	132801829	53493
chr9	132748336	132948336	harbor2	chr9	132816415	132816594	SINE/MIR	789	-	90	132816505	68169
chr9	132748336	132948336	harbor2	chr9	132826072	132826289	SINE/MIR	479	-	108	132826180	77844
chr9	132748336	132948336	harbor2	chr9	132827296	132827496	SINE/MIR	535	-	100	132827396	79060
chr9	124274319	124474319	harbor2	chr9	124288588	124288841	SINE/MIR	472	-	126	124288714	14395
chr9	124274319	124474319	harbor2	chr9	124289782	124289879	SINE/MIR	413	-	48	124289830	15511
chr9	124274319	124474319	harbor2	chr9	124308028	124308235	SINE/MIR	668	-	104	124308132	33813
chr9	124274319	124474319	harbor2	chr9	124322020	124322161	SINE/MIR	426	-	70	124322090	47771
chr9	124274319	124474319	harbor2	chr9	124327102	124327213	SINE/MIR	418	-	56	124327158	52839
chr9	117903973	118103973	harbor2	chr9	117924085	117924315	SINE/MIR	423	-	115	117924200	20227
chr9	117903973	118103973	harbor2	chr9	117963197	117963395	SINE/MIR	567	-	99	117963296	59323
chr9	117903973	118103973	harbor2	chr9	117990553	117990736	SINE/MIR	423	-	92	117990645	86672
chr9	125247298	125447298	harbor2	chr9	125274422	125274463	SINE/MIR	725	-	20	125274442	27144
chr9	125247298	125447298	harbor2	chr9	125274762	125274956	SINE/MIR	725	-	97	125274859	27561
chr9	125247298	125447298	harbor2	chr9	125320975	125321153	SINE/MIR	512	-	89	125321064	73766
chr9	67109652	67309652	harbor2	chr9	67131419	67131649	SINE/MIR	708	-	115	67131534	21882
chr9	67109652	67309652	harbor2	chr9	67151813	67151994	SINE/MIR	454	-	90	67151903	42251
chr9	67109652	67309652	harbor2	chr9	67168429	67168648	SINE/MIR	395	-	110	67168539	58887
chr9	67109652	67309652	harbor2	chr9	67169432	67169628	SINE/MIR	409	-	98	67169530	59878
chr9	67109652	67309652	harbor2	chr9	67185298	67185513	SINE/MIR	618	-	108	67185406	75754
chr9	119665161	119865161	harbor2	chr9	119699929	119700047	SINE/MIR	509	-	59	119699988	34827
chr9	119665161	119865161	harbor2	chr9	119702624	119702745	SINE/MIR	402	-	60	119702684	37523
chr9	119665161	119865161	harbor2	chr9	119702891	119702983	SINE/MIR	402	-	46	119702937	37776
chr9	119665161	119865161	harbor2	chr9	119720680	119720886	SINE/MIR	588	-	103	119720783	55622
chr9	119665161	119865161	harbor2	chr9	119723489	119723674	SINE/MIR	430	-	92	119723581	58420
chr9	119665161	119865161	harbor2	chr9	119725657	119725920	SINE/MIR	678	-	132	119725789	60628
chr9	119665161	119865161	harbor2	chr9	119727438	119727623	SINE/MIR	532	-	92	119727530	62369
chr9	119665161	119865161	harbor2	chr9	119763111	119763312	SINE/MIR	481	-	100	119763211	98050
chr9	97263539	97463539	harbor2	chr9	97276712	97276843	SINE/MIR	543	-	66	97276778	13239
chr9	97263539	97463539	harbor2	chr9	97277280	97277351	SINE/MIR	543	-	36	97277316	13777
chr9	97263539	97463539	harbor2	chr9	97287883	97288092	SINE/MIR	502	-	104	97287987	24448
chr9	97263539	97463539	harbor2	chr9	97291877	97292070	SINE/MIR	412	-	96	97291973	28434
chr9	97263539	97463539	harbor2	chr9	97317973	97318194	SINE/MIR	666	-	110	97318083	54544
chr9	97263539	97463539	harbor2	chr9	97321346	97321523	SINE/MIR	472	-	88	97321434	57895
chr9	97263539	97463539	harbor2	chr9	97329260	97329399	SINE/MIR	457	-	70	97329330	65791
chr9	97263539	97463539	harbor2	chr9	97334039	97334243	SINE/MIR	414	-	102	97334141	70602
chr9	97263539	97463539	harbor2	chr9	97334286	97334524	SINE/MIR	508	-	119	97334405	70866
chr9	97263539	97463539	harbor2	chr9	97344474	97344692	SINE/MIR	602	-	109	97344583	81044
chr9	97263539	97463539	harbor2	chr9	97355469	97355701	SINE/MIR	679	-	116	97355585	92046
chr9	79001458	79201458	harbor2	chr9	79009258	79009482	SINE/MIR	411	-	112	79009370	7912
chr9	79001458	79201458	harbor2	chr9	79043926	79044156	SINE/MIR	804	-	115	79044041	42583
chr9	79001458	79201458	harbor2	chr9	79046080	79046263	SINE/MIR	538	-	92	79046172	44714
chr9	79001458	79201458	harbor2	chr9	79047173	79047344	SINE/MIR	476	-	86	79047259	45801
chr9	127452094	127652094	harbor2	chr9	127452581	127452822	SINE/MIR	834	-	120	127452701	607
chr9	127452094	127652094	harbor2	chr9	127461905	127462103	SINE/MIR	470	-	99	127462004	9910
chr9	127452094	127652094	harbor2	chr9	127463855	127464022	SINE/MIR	556	-	84	127463939	11845
chr9	127452094	127652094	harbor2	chr9	127486049	127486271	SINE/MIR	502	-	111	127486160	34066
chr9	127452094	127652094	harbor2	chr9	127496529	127496755	SINE/MIR	627	-	113	127496642	44548
chr9	127452094	127652094	harbor2	chr9	127497811	127498020	SINE/MIR	428	-	104	127497915	45821
chr9	127452094	127652094	harbor2	chr9	127521146	127521312	SINE/MIR	469	-	83	127521229	69135
chr9	127452094	127652094	harbor2	chr9	127523297	127523456	SINE/MIR	399	-	80	127523377	71283
chr9	127452094	127652094	harbor2	chr9	127534324	127534472	SINE/MIR	682	-	74	127534398	82304
chr9	127452094	127652094	harbor2	chr9	127539337	127539504	SINE/MIR	584	-	84	127539421	87327
chr9	127452094	127652094	harbor2	chr9	127541306	127541489	SINE/MIR	406	-	92	127541398	89304
chr9	127452094	127652094	harbor2	chr9	127543909	127544093	SINE/MIR	450	-	92	127544001	91907
chr9	110380798	110580798	harbor2	chr9	110413902	110414080	SINE/MIR	440	-	89	110413991	33193
chr9	110380798	110580798	harbor2	chr9	110435751	110435987	SINE/MIR	711	-	118	110435869	55071
chr9	110380798	110580798	harbor2	chr9	110447358	110447559	SINE/MIR	642	-	100	110447458	66660
chr9	110380798	110580798	harbor2	chr9	110455259	110455369	SINE/MIR	396	-	55	110455314	74516
chr9	110380798	110580798	harbor2	chr9	110475301	110475508	SINE/MIR	879	-	104	110475405	94607
chr9	135155490	135355490	harbor2	chr9	135157311	135157549	SINE/MIR	633	-	119	135157430	1940
chr9	135155490	135355490	harbor2	chr9	135159290	135159439	SINE/MIR	409	-	74	135159364	3874
chr9	135155490	135355490	harbor2	chr9	135165675	135165910	SINE/MIR	464	-	118	135165793	10303
chr9	135155490	135355490	harbor2	chr9	135203795	135203980	SINE/MIR	407	-	92	135203887	48397
chr9	135155490	135355490	harbor2	chr9	135204088	135204330	SINE/MIR	580	-	121	135204209	48719
chr9	127901835	128101835	harbor2	chr9	127904085	127904203	SINE/MIR	417	-	59	127904144	2309
chr9	127901835	128101835	harbor2	chr9	127925286	127925457	SINE/MIR	443	-	86	127925372	23537
chr9	127901835	128101835	harbor2	chr9	127925764	127925777	SINE/MIR	443	-	6	127925770	23935
chr9	127901835	128101835	harbor2	chr9	127929364	127929564	SINE/MIR	430	-	100	127929464	27629
chr9	127901835	128101835	harbor2	chr9	127949003	127949033	SINE/MIR	399	-	15	127949018	47183
chr9	127901835	128101835	harbor2	chr9	127949337	127949529	SINE/MIR	399	-	96	127949433	47598
chr9	127901835	128101835	harbor2	chr9	127955244	127955443	SINE/MIR	461	-	100	127955344	53509
chr9	127901835	128101835	harbor2	chr9	127961045	127961179	SINE/MIR	396	-	67	127961112	59277
chr9	127901835	128101835	harbor2	chr9	127967261	127967481	SINE/MIR	522	-	110	127967371	65536
chr9	127901835	128101835	harbor2	chr9	127969442	127969595	SINE/MIR	435	-	76	127969518	67683
chr9	127901835	128101835	harbor2	chr9	127972458	127972642	SINE/MIR	579	-	92	127972550	70715
chr9	127901835	128101835	harbor2	chr9	127993752	127993998	SINE/MIR	782	-	123	127993875	92040
chr9	130773987	130973987	harbor2	chr9	130792766	130792890	SINE/MIR	402	-	62	130792828	18841
chr9	130773987	130973987	harbor2	chr9	130830688	130830881	SINE/MIR	606	-	96	130830784	56797
chr9	130773987	130973987	harbor2	chr9	130838029	130838272	SINE/MIR	813	-	122	130838151	64164
chr9	130773987	130973987	harbor2	chr9	130843320	130843545	SINE/MIR	399	-	112	130843432	69445
chr9	130773987	130973987	harbor2	chr9	130865808	130865908	SINE/MIR	673	-	50	130865858	91871
chr9	130773987	130973987	harbor2	chr9	130866144	130866268	SINE/MIR	673	-	62	130866206	92219
chr9	130773987	130973987	harbor2	chr9	130869388	130869529	SINE/MIR	418	-	70	130869458	95471
chr9	135154561	135354561	harbor2	chr9	135157311	135157549	SINE/MIR	633	-	119	135157430	2869
chr9	135154561	135354561	harbor2	chr9	135159290	135159439	SINE/MIR	409	-	74	135159364	4803
chr9	135154561	135354561	harbor2	chr9	135165675	135165910	SINE/MIR	464	-	118	135165793	11232
chr9	135154561	135354561	harbor2	chr9	135203795	135203980	SINE/MIR	407	-	92	135203887	49326
chr9	135154561	135354561	harbor2	chr9	135204088	135204330	SINE/MIR	580	-	121	135204209	49648
chr9	124166574	124366574	harbor2	chr9	124206751	124206922	SINE/MIR	684	-	86	124206837	40263
chr9	124166574	124366574	harbor2	chr9	124211847	124211925	SINE/MIR	538	-	39	124211886	45312
chr9	124166574	124366574	harbor2	chr9	124212228	124212375	SINE/MIR	538	-	74	124212302	45728
chr9	124166574	124366574	harbor2	chr9	124215661	124215782	SINE/MIR	473	-	60	124215721	49147
chr9	124166574	124366574	harbor2	chr9	124217377	124217603	SINE/MIR	597	-	113	124217490	50916
chr9	124166574	124366574	harbor2	chr9	124220404	124220617	SINE/MIR	647	-	106	124220510	53936
chr9	124166574	124366574	harbor2	chr9	124228642	124228805	SINE/MIR	516	-	82	124228724	62150
chr9	124166574	124366574	harbor2	chr9	124248032	124248219	SINE/MIR	589	-	94	124248126	81552
chr9	124166574	124366574	harbor2	chr9	124260707	124260928	SINE/MIR	701	-	110	124260817	94243
chr9	124166574	124366574	harbor2	chr9	124260971	124261117	SINE/MIR	434	-	73	124261044	94470
chr9	124166574	124366574	harbor2	chr9	124266219	124266353	SINE/MIR	484	-	67	124266286	99712
chr9	113241042	113441042	harbor2	chr9	113302796	113303004	SINE/MIR	409	-	104	113302900	61858
chr9	113241042	113441042	harbor2	chr9	113322128	113322364	SINE/MIR	655	-	118	113322246	81204
chr9	113241042	113441042	harbor2	chr9	113330658	113330897	SINE/MIR	661	-	120	113330778	89736
chr9	113241042	113441042	harbor2	chr9	113337267	113337355	SINE/MIR	1053	-	44	113337311	96269
chr9	113241042	113441042	harbor2	chr9	113337900	113338046	SINE/MIR	1053	-	73	113337973	96931
chr9	132839864	133039864	harbor2	chr9	132879517	132879649	SINE/MIR	394	-	66	132879583	39719
chr9	132839864	133039864	harbor2	chr9	132879727	132879919	SINE/MIR	436	-	96	132879823	39959
chr9	132839864	133039864	harbor2	chr9	132903107	132903318	SINE/MIR	569	-	106	132903213	63349
chr9	132839864	133039864	harbor2	chr9	132929714	132929956	SINE/MIR	403	-	121	132929835	89971
chr9	79641870	79841870	harbor2	chr9	79643976	79644026	SINE/MIR	681	-	25	79644001	2131
chr9	79641870	79841870	harbor2	chr9	79644399	79644544	SINE/MIR	681	-	72	79644471	2601
chr9	79641870	79841870	harbor2	chr9	79674261	79674431	SINE/MIR	556	-	85	79674346	32476
chr9	79641870	79841870	harbor2	chr9	79692523	79692557	SINE/MIR	414	-	17	79692540	50670
chr9	79641870	79841870	harbor2	chr9	79692906	79693023	SINE/MIR	414	-	58	79692964	51094
chr9	79641870	79841870	harbor2	chr9	79698046	79698271	SINE/MIR	525	-	112	79698158	56288
chr9	79641870	79841870	harbor2	chr9	79739922	79740067	SINE/MIR	405	-	72	79739994	98124
chr9	121854484	122054484	harbor2	chr9	121858740	121858924	SINE/MIR	493	-	92	121858832	4348
chr9	121854484	122054484	harbor2	chr9	121868874	121869128	SINE/MIR	870	-	127	121869001	14517
chr9	121854484	122054484	harbor2	chr9	121870772	121870939	SINE/MIR	428	-	84	121870856	16372
chr9	121854484	122054484	harbor2	chr9	121875962	121876193	SINE/MIR	753	-	116	121876078	21594
chr9	121854484	122054484	harbor2	chr9	121877651	121877885	SINE/MIR	599	-	117	121877768	23284
chr9	121854484	122054484	harbor2	chr9	121877934	121878060	SINE/MIR	502	-	63	121877997	23513
chr9	121854484	122054484	harbor2	chr9	121880757	121880937	SINE/MIR	494	-	90	121880847	26363
chr9	121854484	122054484	harbor2	chr9	121885455	121885716	SINE/MIR	532	-	130	121885585	31101
chr9	121854484	122054484	harbor2	chr9	121888837	121889022	SINE/MIR	409	-	92	121888929	34445
chr9	121854484	122054484	harbor2	chr9	121889065	121889246	SINE/MIR	486	-	90	121889155	34671
chr9	121854484	122054484	harbor2	chr9	121893421	121893611	SINE/MIR	656	-	95	121893516	39032
chr9	121854484	122054484	harbor2	chr9	121899914	121900105	SINE/MIR	406	-	96	121900010	45526
chr9	121854484	122054484	harbor2	chr9	121910003	121910165	SINE/MIR	419	-	81	121910084	55600
chr9	121854484	122054484	harbor2	chr9	121912752	121912989	SINE/MIR	463	-	118	121912870	58386
chr9	121854484	122054484	harbor2	chr9	121913935	121914107	SINE/MIR	512	-	86	121914021	59537
chr9	121854484	122054484	harbor2	chr9	121937220	121937486	SINE/MIR	450	-	133	121937353	82869
chr9	121854484	122054484	harbor2	chr9	121948049	121948273	SINE/MIR	626	-	112	121948161	93677
chr9	121854484	122054484	harbor2	chr9	121948531	121948728	SINE/MIR	574	-	98	121948629	94145
chr9	121854484	122054484	harbor2	chr9	121949543	121949662	SINE/MIR	394	-	60	121949603	95119
chr9	86412780	86612780	harbor2	chr9	86425662	86425834	SINE/MIR	472	-	86	86425748	12968
chr9	86412780	86612780	harbor2	chr9	86494363	86494576	SINE/MIR	720	-	106	86494469	81689
chr9	109742329	109942329	harbor2	chr9	109746680	109746891	SINE/MIR	889	-	106	109746786	4457
chr9	109742329	109942329	harbor2	chr9	109766770	109766936	SINE/MIR	574	-	83	109766853	24524
chr9	109742329	109942329	harbor2	chr9	109766964	109767225	SINE/MIR	617	-	130	109767094	24765
chr9	109742329	109942329	harbor2	chr9	109770855	109771046	SINE/MIR	543	-	96	109770951	28622
chr9	109742329	109942329	harbor2	chr9	109773639	109773779	SINE/MIR	547	-	70	109773709	31380
chr9	109742329	109942329	harbor2	chr9	109779463	109779635	SINE/MIR	455	-	86	109779549	37220
chr9	109742329	109942329	harbor2	chr9	109800266	109800484	SINE/MIR	430	-	109	109800375	58046
chr9	101131497	101331497	harbor2	chr9	101137780	101137995	SINE/MIR	405	-	108	101137888	6391
chr9	101131497	101331497	harbor2	chr9	101138441	101138629	SINE/MIR	401	-	94	101138535	7038
chr9	101131497	101331497	harbor2	chr9	101138662	101138876	SINE/MIR	673	-	107	101138769	7272
chr9	101131497	101331497	harbor2	chr9	101141320	101141483	SINE/MIR	505	-	82	101141402	9905
chr9	101131497	101331497	harbor2	chr9	101142110	101142285	SINE/MIR	580	-	88	101142198	10701
chr9	101131497	101331497	harbor2	chr9	101147717	101147904	SINE/MIR	460	-	94	101147811	16314
chr9	101131497	101331497	harbor2	chr9	101198283	101198450	SINE/MIR	559	-	84	101198367	66870
chr9	101131497	101331497	harbor2	chr9	101211818	101212031	SINE/MIR	772	-	106	101211924	80427
chr9	101131497	101331497	harbor2	chr9	101212980	101213135	SINE/MIR	648	-	78	101213058	81561
chr9	101131497	101331497	harbor2	chr9	101221550	101221762	SINE/MIR	586	-	106	101221656	90159
chr9	101131497	101331497	harbor2	chr9	101225872	101226054	SINE/MIR	589	-	91	101225963	94466
chr9	115084853	115284853	harbor2	chr9	115101973	115102218	SINE/MIR	526	-	122	115102095	17242
chr9	115084853	115284853	harbor2	chr9	115105316	115105525	SINE/MIR	502	-	104	115105420	20567
chr9	115084853	115284853	harbor2	chr9	115106165	115106368	SINE/MIR	427	-	102	115106267	21414
chr9	115084853	115284853	harbor2	chr9	115109242	115109472	SINE/MIR	500	-	115	115109357	24504
chr9	115084853	115284853	harbor2	chr9	115116006	115116162	SINE/MIR	477	-	78	115116084	31231
chr9	115084853	115284853	harbor2	chr9	115123531	115123763	SINE/MIR	648	-	116	115123647	38794
chr9	115084853	115284853	harbor2	chr9	115128167	115128348	SINE/MIR	557	-	90	115128257	43404
chr9	115084853	115284853	harbor2	chr9	115131554	115131726	SINE/MIR	456	-	86	115131640	46787
chr9	115084853	115284853	harbor2	chr9	115143320	115143533	SINE/MIR	417	-	106	115143426	58573
chr9	115084853	115284853	harbor2	chr9	115147355	115147525	SINE/MIR	444	-	85	115147440	62587
chr9	115084853	115284853	harbor2	chr9	115152483	115152731	SINE/MIR	601	-	124	115152607	67754
chr9	115084853	115284853	harbor2	chr9	115159771	115159995	SINE/MIR	459	-	112	115159883	75030
chr9	126275475	126475475	harbor2	chr9	126295285	126295509	SINE/MIR	648	-	112	126295397	19922
chr9	126275475	126475475	harbor2	chr9	126331614	126331793	SINE/MIR	489	-	90	126331704	56229
chr9	126275475	126475475	harbor2	chr9	126339779	126340044	SINE/MIR	579	-	132	126339911	64436
chr9	126275475	126475475	harbor2	chr9	126368155	126368311	SINE/MIR	462	-	78	126368233	92758
chr9	126275475	126475475	harbor2	chr9	126371795	126371865	SINE/MIR	571	-	35	126371830	96355
chr9	126275475	126475475	harbor2	chr9	126372609	126372796	SINE/MIR	571	-	94	126372703	97228
chr9	79981518	80181518	harbor2	chr9	80037813	80037990	SINE/MIR	397	-	88	80037901	56383
chr9	79981518	80181518	harbor2	chr9	80078975	80079066	SINE/MIR	403	-	46	80079021	97503
chr9	136664701	136864701	harbor2	chr9	136681931	136682123	SINE/MIR	596	-	96	136682027	17326
chr9	120489848	120689848	harbor2	chr9	120502870	120503111	SINE/MIR	603	-	120	120502990	13142
chr9	120489848	120689848	harbor2	chr9	120507312	120507441	SINE/MIR	450	-	64	120507376	17528
chr9	120489848	120689848	harbor2	chr9	120509663	120509884	SINE/MIR	401	-	110	120509773	19925
chr9	120489848	120689848	harbor2	chr9	120537493	120537575	SINE/MIR	401	-	41	120537534	47686
chr9	120489848	120689848	harbor2	chr9	120537853	120537962	SINE/MIR	401	-	54	120537907	48059
chr9	120489848	120689848	harbor2	chr9	120563505	120563725	SINE/MIR	476	-	110	120563615	73767
chr9	120489848	120689848	harbor2	chr9	120566594	120566793	SINE/MIR	614	-	100	120566694	76846
chr9	120489848	120689848	harbor2	chr9	120577634	120577844	SINE/MIR	662	-	105	120577739	87891
chr9	120489848	120689848	harbor2	chr9	120579234	120579480	SINE/MIR	755	-	123	120579357	89509
chr9	120489848	120689848	harbor2	chr9	120583074	120583283	SINE/MIR	568	-	104	120583178	93330
chr9	120489848	120689848	harbor2	chr9	120585699	120585848	SINE/MIR	458	-	74	120585773	95925
chr9	120489848	120689848	harbor2	chr9	120586996	120587175	SINE/MIR	512	-	90	120587086	97238
chr9	71124876	71324876	harbor2	chr9	71129442	71129669	SINE/MIR	582	-	114	71129556	4680
chr9	71124876	71324876	harbor2	chr9	71132112	71132249	SINE/MIR	433	-	68	71132180	7304
chr9	71124876	71324876	harbor2	chr9	71158214	71158367	SINE/MIR	420	-	76	71158290	33414
chr9	71124876	71324876	harbor2	chr9	71185628	71185769	SINE/MIR	411	-	70	71185698	60822
chr9	71124876	71324876	harbor2	chr9	71190972	71191174	SINE/MIR	435	-	101	71191073	66197
chr9	71124876	71324876	harbor2	chr9	71218268	71218501	SINE/MIR	648	-	116	71218384	93508
chr9	77807952	78007952	harbor2	chr9	77835569	77835808	SINE/MIR	560	-	120	77835689	27737
chr9	77807952	78007952	harbor2	chr9	77846765	77846900	SINE/MIR	581	-	68	77846833	38881
chr9	77807952	78007952	harbor2	chr9	77876601	77876812	SINE/MIR	460	-	106	77876707	68755
chr9	77807952	78007952	harbor2	chr9	77895234	77895457	SINE/MIR	581	-	112	77895346	87394
chr9	84999112	85199112	harbor2	chr9	85028617	85028661	SINE/MIR	531	-	22	85028639	29527
chr9	84999112	85199112	harbor2	chr9	85029496	85029605	SINE/MIR	531	-	54	85029550	30438
chr9	84999112	85199112	harbor2	chr9	85078320	85078528	SINE/MIR	504	-	104	85078424	79312
chr9	84999112	85199112	harbor2	chr9	85086340	85086576	SINE/MIR	630	-	118	85086458	87346
chr9	127315677	127515677	harbor2	chr9	127318215	127318475	SINE/MIR	687	-	130	127318345	2668
chr9	127315677	127515677	harbor2	chr9	127318786	127319007	SINE/MIR	656	-	110	127318896	3219
chr9	127315677	127515677	harbor2	chr9	127334613	127334838	SINE/MIR	820	-	112	127334725	19048
chr9	127315677	127515677	harbor2	chr9	127343677	127343831	SINE/MIR	535	-	77	127343754	28077
chr9	127315677	127515677	harbor2	chr9	127350851	127351013	SINE/MIR	591	-	81	127350932	35255
chr9	127315677	127515677	harbor2	chr9	127361969	127362061	SINE/MIR	560	-	46	127362015	46338
chr9	127315677	127515677	harbor2	chr9	127362371	127362511	SINE/MIR	560	-	70	127362441	46764
chr9	127315677	127515677	harbor2	chr9	127362775	127362978	SINE/MIR	529	-	102	127362877	47200
chr9	127315677	127515677	harbor2	chr9	127363854	127364101	SINE/MIR	600	-	124	127363978	48301
chr9	127315677	127515677	harbor2	chr9	127365615	127365867	SINE/MIR	735	-	126	127365741	50064
chr9	123174661	123374661	harbor2	chr9	123187009	123187203	SINE/MIR	470	-	97	123187106	12445
chr9	123174661	123374661	harbor2	chr9	123213465	123213642	SINE/MIR	566	-	88	123213553	38892
chr9	123174661	123374661	harbor2	chr9	123216754	123216982	SINE/MIR	524	-	114	123216868	42207
chr9	123174661	123374661	harbor2	chr9	123218851	123219104	SINE/MIR	566	-	126	123218977	44316
chr9	123174661	123374661	harbor2	chr9	123220823	123220948	SINE/MIR	507	-	62	123220885	46224
chr9	123174661	123374661	harbor2	chr9	123239881	123240048	SINE/MIR	442	-	84	123239965	65304
chr9	123174661	123374661	harbor2	chr9	123251285	123251509	SINE/MIR	594	-	112	123251397	76736
chr9	123174661	123374661	harbor2	chr9	123252270	123252464	SINE/MIR	402	-	97	123252367	77706
chr9	123174661	123374661	harbor2	chr9	123260394	123260578	SINE/MIR	515	-	92	123260486	85825
chr9	70361464	70561464	harbor2	chr9	70389292	70389483	SINE/MIR	587	-	96	70389388	27924
chr9	70361464	70561464	harbor2	chr9	70404743	70404959	SINE/MIR	689	-	108	70404851	43387
chr9	106990723	107190723	harbor2	chr9	107018617	107018776	SINE/MIR	420	-	80	107018697	27974
chr9	106990723	107190723	harbor2	chr9	107038474	107038671	SINE/MIR	544	-	98	107038572	47849
chr9	106990723	107190723	harbor2	chr9	107041935	107042025	SINE/MIR	435	-	45	107041980	51257
chr9	106990723	107190723	harbor2	chr9	107042451	107042609	SINE/MIR	435	-	79	107042530	51807
chr9	106990723	107190723	harbor2	chr9	107046808	107046970	SINE/MIR	461	-	81	107046889	56166
chr9	106990723	107190723	harbor2	chr9	107048800	107048994	SINE/MIR	692	-	97	107048897	58174
chr9	106990723	107190723	harbor2	chr9	107052217	107052467	SINE/MIR	764	-	125	107052342	61619
chr9	106990723	107190723	harbor2	chr9	107060976	107061203	SINE/MIR	428	-	114	107061090	70367
chr9	106990723	107190723	harbor2	chr9	107068903	107069021	SINE/MIR	611	-	59	107068962	78239
chr9	106990723	107190723	harbor2	chr9	107069628	107069767	SINE/MIR	611	-	70	107069698	78975
chr9	106990723	107190723	harbor2	chr9	107085193	107085423	SINE/MIR	427	-	115	107085308	94585
chr9	117466202	117666202	harbor2	chr9	117468174	117468311	SINE/MIR	526	-	68	117468242	2040
chr9	117466202	117666202	harbor2	chr9	117473487	117473634	SINE/MIR	471	-	74	117473561	7359
chr9	117466202	117666202	harbor2	chr9	117473812	117473955	SINE/MIR	491	-	72	117473884	7682
chr9	117466202	117666202	harbor2	chr9	117478416	117478526	SINE/MIR	395	-	55	117478471	12269
chr9	117466202	117666202	harbor2	chr9	117485821	117486059	SINE/MIR	688	-	119	117485940	19738
chr9	117466202	117666202	harbor2	chr9	117486299	117486507	SINE/MIR	694	-	104	117486403	20201
chr9	117466202	117666202	harbor2	chr9	117493498	117493699	SINE/MIR	720	-	100	117493598	27396
chr9	117466202	117666202	harbor2	chr9	117511319	117511581	SINE/MIR	475	-	131	117511450	45248
chr9	117466202	117666202	harbor2	chr9	117520990	117521136	SINE/MIR	577	-	73	117521063	54861
chr9	117466202	117666202	harbor2	chr9	117530259	117530385	SINE/MIR	576	-	63	117530322	64120
chr9	117466202	117666202	harbor2	chr9	117534008	117534230	SINE/MIR	482	-	111	117534119	67917
chr9	117466202	117666202	harbor2	chr9	117547741	117547961	SINE/MIR	1128	-	110	117547851	81649
chr9	117466202	117666202	harbor2	chr9	117563734	117563964	SINE/MIR	513	-	115	117563849	97647
chr9	136238156	136438156	harbor2	chr9	136303450	136303625	SINE/MIR	462	-	88	136303538	65382
chr9	136788307	136988307	harbor2	chr9	136802141	136802354	SINE/MIR	489	-	106	136802247	13940
chr9	120524058	120724058	harbor2	chr9	120537493	120537575	SINE/MIR	401	-	41	120537534	13476
chr9	120524058	120724058	harbor2	chr9	120537853	120537962	SINE/MIR	401	-	54	120537907	13849
chr9	120524058	120724058	harbor2	chr9	120563505	120563725	SINE/MIR	476	-	110	120563615	39557
chr9	120524058	120724058	harbor2	chr9	120566594	120566793	SINE/MIR	614	-	100	120566694	42636
chr9	120524058	120724058	harbor2	chr9	120577634	120577844	SINE/MIR	662	-	105	120577739	53681
chr9	120524058	120724058	harbor2	chr9	120579234	120579480	SINE/MIR	755	-	123	120579357	55299
chr9	120524058	120724058	harbor2	chr9	120583074	120583283	SINE/MIR	568	-	104	120583178	59120
chr9	120524058	120724058	harbor2	chr9	120585699	120585848	SINE/MIR	458	-	74	120585773	61715
chr9	120524058	120724058	harbor2	chr9	120586996	120587175	SINE/MIR	512	-	90	120587086	63028
chr9	120524058	120724058	harbor2	chr9	120590781	120590962	SINE/MIR	407	-	90	120590871	66813
chr9	120524058	120724058	harbor2	chr9	120619388	120619547	SINE/MIR	579	-	80	120619468	95410
chr9	76395034	76595034	harbor2	chr9	76475707	76475917	SINE/MIR	618	-	105	76475812	80778
chr9	128762246	128962246	harbor2	chr9	128768337	128768586	SINE/MIR	657	-	124	128768461	6215
chr9	134964344	135164344	harbor2	chr9	135022123	135022235	SINE/MIR	397	-	56	135022179	57835
chr9	109663871	109863871	harbor2	chr9	109682452	109682601	SINE/MIR	452	-	74	109682526	18655
chr9	109663871	109863871	harbor2	chr9	109724594	109724816	SINE/MIR	785	-	111	109724705	60834
chr9	109663871	109863871	harbor2	chr9	109739473	109739655	SINE/MIR	454	-	91	109739564	75693
chr9	109663871	109863871	harbor2	chr9	109746680	109746891	SINE/MIR	889	-	106	109746786	82915
chr9	116776244	116976244	harbor2	chr9	116776310	116776531	SINE/MIR	405	-	110	116776420	176
chr9	116776244	116976244	harbor2	chr9	116781908	116782040	SINE/MIR	548	-	66	116781974	5730
chr9	116776244	116976244	harbor2	chr9	116783488	116783717	SINE/MIR	554	-	114	116783602	7358
chr9	116776244	116976244	harbor2	chr9	116795781	116795963	SINE/MIR	413	-	91	116795872	19628
chr9	116776244	116976244	harbor2	chr9	116812649	116812778	SINE/MIR	409	-	64	116812713	36469
chr9	116776244	116976244	harbor2	chr9	116813334	116813511	SINE/MIR	503	-	88	116813422	37178
chr9	116776244	116976244	harbor2	chr9	116818684	116818887	SINE/MIR	721	-	102	116818786	42542
chr9	116776244	116976244	harbor2	chr9	116847559	116847766	SINE/MIR	727	-	104	116847663	71419
chr9	116776244	116976244	harbor2	chr9	116848369	116848620	SINE/MIR	633	-	126	116848495	72251
chr9	116776244	116976244	harbor2	chr9	116852250	116852428	SINE/MIR	418	-	89	116852339	76095
chr9	116776244	116976244	harbor2	chr9	116854266	116854503	SINE/MIR	642	-	118	116854384	78140
chr9	116776244	116976244	harbor2	chr9	116868165	116868383	SINE/MIR	474	-	109	116868274	92030
chr9	116776244	116976244	harbor2	chr9	116817772	116817965	SINE/MIR	489	-	96	116817868	41624
chr10	82387658	82587658	harbor2	chr10	82417529	82417761	SINE/MIR	594	-	116	82417645	29987
chr10	82387658	82587658	harbor2	chr10	82451093	82451320	SINE/MIR	661	-	114	82451207	63549
chr10	82387658	82587658	harbor2	chr10	82454908	82455102	SINE/MIR	609	-	97	82455005	67347
chr10	82387658	82587658	harbor2	chr10	82467997	82468230	SINE/MIR	559	-	116	82468113	80455
chr10	120263406	120463406	harbor2	chr10	120272081	120272223	SINE/MIR	689	-	71	120272152	8746
chr10	120263406	120463406	harbor2	chr10	120291458	120291639	SINE/MIR	488	-	90	120291548	28142
chr10	120263406	120463406	harbor2	chr10	120295812	120296025	SINE/MIR	859	-	106	120295918	32512
chr10	120263406	120463406	harbor2	chr10	120297379	120297486	SINE/MIR	480	-	54	120297433	34027
chr10	120263406	120463406	harbor2	chr10	120312991	120313140	SINE/MIR	454	-	74	120313065	49659
chr10	120263406	120463406	harbor2	chr10	120319008	120319150	SINE/MIR	527	-	71	120319079	55673
chr10	120263406	120463406	harbor2	chr10	120327149	120327317	SINE/MIR	418	-	84	120327233	63827
chr10	123683661	123883661	harbor2	chr10	123697823	123698027	SINE/MIR	581	-	102	123697925	14264
chr10	123683661	123883661	harbor2	chr10	123699345	123699512	SINE/MIR	437	-	84	123699429	15768
chr10	123683661	123883661	harbor2	chr10	123721136	123721316	SINE/MIR	408	-	90	123721226	37565
chr10	123683661	123883661	harbor2	chr10	123739314	123739556	SINE/MIR	550	-	121	123739435	55774
chr10	123683661	123883661	harbor2	chr10	123740271	123740356	SINE/MIR	399	-	42	123740313	56652
chr10	123683661	123883661	harbor2	chr10	123740653	123740721	SINE/MIR	399	-	34	123740687	57026
chr10	123683661	123883661	harbor2	chr10	123757803	123758057	SINE/MIR	573	-	127	123757930	74269
chr10	123683661	123883661	harbor2	chr10	123760804	123760920	SINE/MIR	441	-	58	123760862	77201
chr10	107628214	107828214	harbor2	chr10	107651386	107651613	SINE/MIR	661	-	114	107651500	23286
chr10	107628214	107828214	harbor2	chr10	107652227	107652393	SINE/MIR	450	-	83	107652310	24096
chr10	107628214	107828214	harbor2	chr10	107696382	107696531	SINE/MIR	625	-	74	107696456	68242
chr10	107628214	107828214	harbor2	chr10	107708135	107708340	SINE/MIR	558	-	102	107708237	80023
chr10	117552498	117752498	harbor2	chr10	117564360	117564625	SINE/MIR	690	-	132	117564492	11994
chr10	117552498	117752498	harbor2	chr10	117569620	117569786	SINE/MIR	417	-	83	117569703	17205
chr10	117552498	117752498	harbor2	chr10	117570522	117570733	SINE/MIR	604	-	106	117570628	18130
chr10	117552498	117752498	harbor2	chr10	117572672	117572882	SINE/MIR	486	-	105	117572777	20279
chr10	117552498	117752498	harbor2	chr10	117573687	117573909	SINE/MIR	530	-	111	117573798	21300
chr10	117552498	117752498	harbor2	chr10	117576849	117577022	SINE/MIR	468	-	86	117576935	24437
chr10	117552498	117752498	harbor2	chr10	117579190	117579409	SINE/MIR	479	-	110	117579300	26802
chr10	117552498	117752498	harbor2	chr10	117586293	117586477	SINE/MIR	463	-	92	117586385	33887
chr10	117552498	117752498	harbor2	chr10	117593942	117594149	SINE/MIR	509	-	104	117594046	41548
chr10	117552498	117752498	harbor2	chr10	117594146	117594386	SINE/MIR	602	-	120	117594266	41768
chr10	117552498	117752498	harbor2	chr10	117622955	117623113	SINE/MIR	406	-	79	117623034	70536
chr10	117552498	117752498	harbor2	chr10	117625558	117625767	SINE/MIR	732	-	104	117625662	73164
chr10	117552498	117752498	harbor2	chr10	117631473	117631658	SINE/MIR	452	-	92	117631565	79067
chr10	117552498	117752498	harbor2	chr10	117647842	117647993	SINE/MIR	464	-	76	117647918	95420
chr10	117552498	117752498	harbor2	chr10	117620670	117620854	SINE/MIR	466	-	92	117620762	68264
chr10	131212061	131412061	harbor2	chr10	131287797	131287918	SINE/MIR	420	-	60	131287857	75796
chr10	123323055	123523055	harbor2	chr10	123329725	123329945	SINE/MIR	643	-	110	123329835	6780
chr10	123323055	123523055	harbor2	chr10	123350290	123350491	SINE/MIR	410	-	100	123350390	27335
chr10	123323055	123523055	harbor2	chr10	123369675	123369793	SINE/MIR	410	-	59	123369734	46679
chr10	123323055	123523055	harbor2	chr10	123373834	123374051	SINE/MIR	622	-	108	123373942	50887
chr10	123323055	123523055	harbor2	chr10	123374108	123374318	SINE/MIR	523	-	105	123374213	51158
chr10	123323055	123523055	harbor2	chr10	123403557	123403719	SINE/MIR	510	-	81	123403638	80583
chr10	123323055	123523055	harbor2	chr10	123412346	123412475	SINE/MIR	508	-	64	123412410	89355
chr10	123323055	123523055	harbor2	chr10	123422138	123422356	SINE/MIR	727	-	109	123422247	99192
chr10	80510470	80710470	harbor2	chr10	80571698	80571761	SINE/MIR	398	-	32	80571730	61260
chr10	80510470	80710470	harbor2	chr10	80572072	80572202	SINE/MIR	398	-	65	80572137	61667
chr10	72833819	73033819	harbor2	chr10	72857156	72857249	SINE/MIR	620	-	46	72857202	23383
chr10	72833819	73033819	harbor2	chr10	72857538	72857650	SINE/MIR	620	-	56	72857594	23775
chr10	72833819	73033819	harbor2	chr10	72874956	72875201	SINE/MIR	638	-	122	72875078	41259
chr10	106547378	106747378	harbor2	chr10	106573321	106573492	SINE/MIR	414	-	86	106573407	26029
chr10	106547378	106747378	harbor2	chr10	106595967	106596129	SINE/MIR	421	-	81	106596048	48670
chr10	106547378	106747378	harbor2	chr10	106622650	106622850	SINE/MIR	474	-	100	106622750	75372
chr10	106547378	106747378	harbor2	chr10	106630304	106630484	SINE/MIR	424	-	90	106630394	83016
chr10	106547378	106747378	harbor2	chr10	106634345	106634491	SINE/MIR	404	-	73	106634418	87040
chr10	73977799	74177799	harbor2	chr10	74004257	74004482	SINE/MIR	516	-	112	74004369	26570
chr10	73977799	74177799	harbor2	chr10	74026609	74026842	SINE/MIR	795	-	116	74026725	48926
chr10	73977799	74177799	harbor2	chr10	74051511	74051657	SINE/MIR	399	-	73	74051584	73785
chr10	103635085	103835085	harbor2	chr10	103649272	103649434	SINE/MIR	403	-	81	103649353	14268
chr10	103635085	103835085	harbor2	chr10	103654720	103654910	SINE/MIR	488	-	95	103654815	19730
chr10	103635085	103835085	harbor2	chr10	103664381	103664549	SINE/MIR	497	-	84	103664465	29380
chr10	103635085	103835085	harbor2	chr10	103669838	103670022	SINE/MIR	765	-	92	103669930	34845
chr10	103635085	103835085	harbor2	chr10	103675639	103675760	SINE/MIR	483	-	60	103675699	40614
chr10	103635085	103835085	harbor2	chr10	103676060	103676128	SINE/MIR	483	-	34	103676094	41009
chr10	103635085	103835085	harbor2	chr10	103685622	103685838	SINE/MIR	701	-	108	103685730	50645
chr10	103635085	103835085	harbor2	chr10	103690218	103690322	SINE/MIR	769	-	52	103690270	55185
chr10	103635085	103835085	harbor2	chr10	103690754	103690901	SINE/MIR	769	-	74	103690828	55743
chr10	103635085	103835085	harbor2	chr10	103691080	103691215	SINE/MIR	443	-	68	103691148	56063
chr10	103635085	103835085	harbor2	chr10	103691237	103691419	SINE/MIR	555	-	91	103691328	56243
chr10	103635085	103835085	harbor2	chr10	103705433	103705676	SINE/MIR	871	-	122	103705555	70470
chr10	103635085	103835085	harbor2	chr10	103707655	103707831	SINE/MIR	538	-	88	103707743	72658
chr10	103635085	103835085	harbor2	chr10	103716990	103717178	SINE/MIR	565	-	94	103717084	81999
chr10	103635085	103835085	harbor2	chr10	103728740	103728880	SINE/MIR	540	-	70	103728810	93725
chr10	103635085	103835085	harbor2	chr10	103729199	103729267	SINE/MIR	503	-	34	103729233	94148
chr10	103635085	103835085	harbor2	chr10	103734024	103734205	SINE/MIR	642	-	90	103734114	99029
chr10	103635085	103835085	harbor2	chr10	103734839	103735072	SINE/MIR	696	-	116	103734955	99870
chr10	102366329	102566329	harbor2	chr10	102431007	102431127	SINE/MIR	974	-	60	102431067	64738
chr10	102366329	102566329	harbor2	chr10	102431444	102431584	SINE/MIR	974	-	70	102431514	65185
chr10	102366329	102566329	harbor2	chr10	102447812	102447991	SINE/MIR	496	-	90	102447902	81573
chr10	102366329	102566329	harbor2	chr10	102452032	102452043	SINE/MIR	489	-	6	102452038	85709
chr10	102366329	102566329	harbor2	chr10	102452343	102452354	SINE/MIR	489	-	6	102452349	86020
chr10	102366329	102566329	harbor2	chr10	102452665	102452826	SINE/MIR	489	-	80	102452745	86416
chr10	102366329	102566329	harbor2	chr10	102466096	102466201	SINE/MIR	670	-	52	102466148	99819
chr10	102366329	102566329	harbor2	chr10	102465440	102465605	SINE/MIR	502	-	82	102465522	99193
chr10	97943130	98143130	harbor2	chr10	97956221	97956426	SINE/MIR	507	-	102	97956323	13193
chr10	97943130	98143130	harbor2	chr10	97957399	97957630	SINE/MIR	725	-	116	97957515	14385
chr10	97943130	98143130	harbor2	chr10	97963722	97963956	SINE/MIR	623	-	117	97963839	20709
chr10	97943130	98143130	harbor2	chr10	97965229	97965395	SINE/MIR	617	-	83	97965312	22182
chr10	97943130	98143130	harbor2	chr10	97989707	97989858	SINE/MIR	503	-	76	97989783	46653
chr10	97943130	98143130	harbor2	chr10	97991590	97991688	SINE/MIR	403	-	49	97991639	48509
chr10	97943130	98143130	harbor2	chr10	98009444	98009675	SINE/MIR	533	-	116	98009560	66430
chr10	97943130	98143130	harbor2	chr10	98020300	98020542	SINE/MIR	1040	-	121	98020421	77291
chr10	97943130	98143130	harbor2	chr10	98041137	98041311	SINE/MIR	409	-	87	98041224	98094
chr10	97943130	98143130	harbor2	chr10	98042217	98042284	SINE/MIR	763	-	34	98042251	99121
chr10	97943130	98143130	harbor2	chr10	98041730	98041905	SINE/MIR	763	-	88	98041818	98688
chr10	51876603	52076603	harbor2	chr10	51893672	51893899	SINE/MIR	458	-	114	51893786	17183
chr10	51876603	52076603	harbor2	chr10	51896304	51896426	SINE/MIR	451	-	61	51896365	19762
chr10	51876603	52076603	harbor2	chr10	51896666	51896799	SINE/MIR	451	-	66	51896732	20129
chr10	51876603	52076603	harbor2	chr10	51958943	51959121	SINE/MIR	451	-	89	51959032	82429
chr10	51876603	52076603	harbor2	chr10	51975067	51975296	SINE/MIR	399	-	114	51975181	98578
chr10	127336351	127536351	harbor2	chr10	127343255	127343470	SINE/MIR	671	-	108	127343363	7012
chr10	127336351	127536351	harbor2	chr10	127345222	127345447	SINE/MIR	450	-	112	127345334	8983
chr10	127336351	127536351	harbor2	chr10	127427419	127427654	SINE/MIR	717	-	118	127427537	91186
chr10	116926452	117126452	harbor2	chr10	116941001	116941250	SINE/MIR	835	-	124	116941125	14673
chr10	116926452	117126452	harbor2	chr10	116944265	116944506	SINE/MIR	542	-	120	116944385	17933
chr10	116926452	117126452	harbor2	chr10	116964200	116964445	SINE/MIR	712	-	122	116964322	37870
chr10	116926452	117126452	harbor2	chr10	116965712	116965852	SINE/MIR	406	-	70	116965782	39330
chr10	48972285	49172285	harbor2	chr10	48988232	48988361	SINE/MIR	442	-	64	48988296	16011
chr10	48972285	49172285	harbor2	chr10	49047383	49047481	SINE/MIR	403	-	49	49047432	75147
chr10	48972285	49172285	harbor2	chr10	49067275	49067382	SINE/MIR	525	-	54	49067329	95044
chr10	48972285	49172285	harbor2	chr10	49067772	49067823	SINE/MIR	525	-	26	49067798	95513
chr10	73356590	73556590	harbor2	chr10	73447937	73448056	SINE/MIR	441	-	60	73447997	91407
chr10	73356590	73556590	harbor2	chr10	73452195	73452354	SINE/MIR	548	-	80	73452275	95685
chr10	114340499	114540499	harbor2	chr10	114358370	114358516	SINE/MIR	469	-	73	114358443	17944
chr10	114340499	114540499	harbor2	chr10	114363472	114363693	SINE/MIR	406	-	110	114363582	23083
chr10	114340499	114540499	harbor2	chr10	114363776	114363984	SINE/MIR	764	-	104	114363880	23381
chr10	114340499	114540499	harbor2	chr10	114398581	114398764	SINE/MIR	625	-	92	114398673	58174
chr10	114340499	114540499	harbor2	chr10	114405622	114405762	SINE/MIR	671	-	70	114405692	65193
chr10	114340499	114540499	harbor2	chr10	114406056	114406145	SINE/MIR	671	-	44	114406100	65601
chr10	114340499	114540499	harbor2	chr10	114428735	114428936	SINE/MIR	693	-	100	114428835	88336
chr10	129017222	129217222	harbor2	chr10	129049484	129049702	SINE/MIR	600	-	109	129049593	32371
chr10	95842479	96042479	harbor2	chr10	95843392	95843576	SINE/MIR	667	-	92	95843484	1005
chr10	95842479	96042479	harbor2	chr10	95844906	95845152	SINE/MIR	655	-	123	95845029	2550
chr10	95842479	96042479	harbor2	chr10	95868029	95868192	SINE/MIR	756	-	82	95868111	25632
chr10	95842479	96042479	harbor2	chr10	95883496	95883652	SINE/MIR	495	-	78	95883574	41095
chr10	95842479	96042479	harbor2	chr10	95884567	95884704	SINE/MIR	638	-	68	95884635	42156
chr10	95842479	96042479	harbor2	chr10	95927477	95927652	SINE/MIR	495	-	88	95927565	85086
chr10	93703293	93903293	harbor2	chr10	93746148	93746234	SINE/MIR	401	-	43	93746191	42898
chr10	93703293	93903293	harbor2	chr10	93753140	93753309	SINE/MIR	409	-	84	93753224	49931
chr10	93703293	93903293	harbor2	chr10	93754655	93754843	SINE/MIR	579	-	94	93754749	51456
chr10	93703293	93903293	harbor2	chr10	93766490	93766512	SINE/MIR	484	-	11	93766501	63208
chr10	93703293	93903293	harbor2	chr10	93766807	93766984	SINE/MIR	484	-	88	93766895	63602
chr10	93703293	93903293	harbor2	chr10	93788436	93788607	SINE/MIR	622	-	86	93788522	85229
chr10	46675917	46875917	harbor2	chr10	46682781	46682986	SINE/MIR	436	-	102	46682883	6966
chr10	46675917	46875917	harbor2	chr10	46698591	46698767	SINE/MIR	561	-	88	46698679	22762
chr10	46675917	46875917	harbor2	chr10	46699175	46699395	SINE/MIR	558	-	110	46699285	23368
chr10	46675917	46875917	harbor2	chr10	46702001	46702208	SINE/MIR	434	-	104	46702105	26188
chr10	46675917	46875917	harbor2	chr10	46729322	46729544	SINE/MIR	676	-	111	46729433	53516
chr10	46675917	46875917	harbor2	chr10	46751741	46751867	SINE/MIR	518	-	63	46751804	75887
chr10	94941807	95141807	harbor2	chr10	94998887	94999038	SINE/MIR	404	-	76	94998963	57156
chr10	94941807	95141807	harbor2	chr10	94999486	94999727	SINE/MIR	559	-	120	94999606	57799
chr10	110135988	110335988	harbor2	chr10	110137581	110137717	SINE/MIR	485	-	68	110137649	1661
chr10	110135988	110335988	harbor2	chr10	110143731	110143904	SINE/MIR	440	-	86	110143817	7829
chr10	110135988	110335988	harbor2	chr10	110144398	110144580	SINE/MIR	617	-	91	110144489	8501
chr10	110135988	110335988	harbor2	chr10	110175058	110175234	SINE/MIR	419	-	88	110175146	39158
chr10	110135988	110335988	harbor2	chr10	110175793	110175996	SINE/MIR	475	-	102	110175895	39907
chr10	110135988	110335988	harbor2	chr10	110178122	110178374	SINE/MIR	739	-	126	110178248	42260
chr10	110135988	110335988	harbor2	chr10	110195897	110196146	SINE/MIR	1050	-	124	110196021	60033
chr10	110135988	110335988	harbor2	chr10	110206610	110206724	SINE/MIR	514	-	57	110206667	70679
chr10	110135988	110335988	harbor2	chr10	110213902	110214146	SINE/MIR	1007	-	122	110214024	78036
chr10	110135988	110335988	harbor2	chr10	110214154	110214284	SINE/MIR	422	-	65	110214219	78231
chr10	110135988	110335988	harbor2	chr10	110217880	110218087	SINE/MIR	547	-	104	110217984	81996
chr10	74338582	74538582	harbor2	chr10	74393561	74393830	SINE/MIR	585	-	134	74393695	55113
chr10	74338582	74538582	harbor2	chr10	74429917	74430146	SINE/MIR	912	-	114	74430031	91449
chr10	124541250	124741250	harbor2	chr10	124554842	124555081	SINE/MIR	743	-	120	124554962	13712
chr10	117107575	117307575	harbor2	chr10	117112483	117112704	SINE/MIR	644	-	110	117112593	5018
chr10	117107575	117307575	harbor2	chr10	117128084	117128319	SINE/MIR	739	-	118	117128202	20627
chr10	117107575	117307575	harbor2	chr10	117141627	117141828	SINE/MIR	603	-	100	117141727	34152
chr10	117107575	117307575	harbor2	chr10	117143347	117143509	SINE/MIR	583	-	81	117143428	35853
chr10	117107575	117307575	harbor2	chr10	117145340	117145486	SINE/MIR	535	-	73	117145413	37838
chr10	117107575	117307575	harbor2	chr10	117153317	117153463	SINE/MIR	744	-	73	117153390	45815
chr10	117107575	117307575	harbor2	chr10	117158253	117158446	SINE/MIR	424	-	96	117158349	50774
chr10	117107575	117307575	harbor2	chr10	117167244	117167485	SINE/MIR	793	-	120	117167364	59789
chr10	117107575	117307575	harbor2	chr10	117184980	117185186	SINE/MIR	556	-	103	117185083	77508
chr10	117107575	117307575	harbor2	chr10	117199439	117199685	SINE/MIR	752	-	123	117199562	91987
chr10	36389931	36589931	harbor2	chr10	36427076	36427240	SINE/MIR	436	-	82	36427158	37227
chr10	36389931	36589931	harbor2	chr10	36451918	36452133	SINE/MIR	519	-	108	36452026	62095
chr10	93744844	93944844	harbor2	chr10	93746148	93746234	SINE/MIR	401	-	43	93746191	1347
chr10	93744844	93944844	harbor2	chr10	93753140	93753309	SINE/MIR	409	-	84	93753224	8380
chr10	93744844	93944844	harbor2	chr10	93754655	93754843	SINE/MIR	579	-	94	93754749	9905
chr10	93744844	93944844	harbor2	chr10	93766490	93766512	SINE/MIR	484	-	11	93766501	21657
chr10	93744844	93944844	harbor2	chr10	93766807	93766984	SINE/MIR	484	-	88	93766895	22051
chr10	93744844	93944844	harbor2	chr10	93788436	93788607	SINE/MIR	622	-	86	93788522	43678
chr10	93744844	93944844	harbor2	chr10	93804914	93805070	SINE/MIR	457	-	78	93804992	60148
chr10	93744844	93944844	harbor2	chr10	93808819	93809057	SINE/MIR	712	-	119	93808938	64094
chr10	71086628	71286628	harbor2	chr10	71126293	71126521	SINE/MIR	697	-	114	71126407	39779
chr10	112408909	112608909	harbor2	chr10	112413889	112414081	SINE/MIR	560	-	96	112413985	5076
chr10	112408909	112608909	harbor2	chr10	112461432	112461573	SINE/MIR	430	-	70	112461502	52593
chr10	112408909	112608909	harbor2	chr10	112463339	112463561	SINE/MIR	745	-	111	112463450	54541
chr10	112408909	112608909	harbor2	chr10	112467685	112467811	SINE/MIR	408	-	63	112467748	58839
chr10	107029040	107229040	harbor2	chr10	107061935	107062126	SINE/MIR	451	-	96	107062031	32991
chr10	107029040	107229040	harbor2	chr10	107065823	107065992	SINE/MIR	399	-	84	107065907	36867
chr10	107029040	107229040	harbor2	chr10	107073496	107073757	SINE/MIR	829	-	130	107073626	44586
chr10	107029040	107229040	harbor2	chr10	107077538	107077777	SINE/MIR	478	-	120	107077658	48618
chr10	107029040	107229040	harbor2	chr10	107080943	107081152	SINE/MIR	471	-	104	107081047	52007
chr10	107029040	107229040	harbor2	chr10	107098761	107098951	SINE/MIR	456	-	95	107098856	69816
chr10	90550312	90750312	harbor2	chr10	90590484	90590636	SINE/MIR	440	-	76	90590560	40248
chr10	90550312	90750312	harbor2	chr10	90618470	90618597	SINE/MIR	404	-	64	90618534	68222
chr10	85316891	85516891	harbor2	chr10	85380657	85380905	SINE/MIR	421	-	124	85380781	63890
chr10	129250848	129450848	harbor2	chr10	129291233	129291436	SINE/MIR	611	-	102	129291335	40487
chr10	129250848	129450848	harbor2	chr10	129293955	129294078	SINE/MIR	415	-	62	129294017	43169
chr10	129250848	129450848	harbor2	chr10	129335717	129335875	SINE/MIR	404	-	79	129335796	84948
chr10	129250848	129450848	harbor2	chr10	129341290	129341504	SINE/MIR	487	-	107	129341397	90549
chr10	102833597	103033597	harbor2	chr10	102866131	102866287	SINE/MIR	465	-	78	102866209	32612
chr10	102833597	103033597	harbor2	chr10	102898753	102898926	SINE/MIR	494	-	86	102898839	65242
chr10	102833597	103033597	harbor2	chr10	102923301	102923520	SINE/MIR	534	-	110	102923411	89814
chr10	113747177	113947177	harbor2	chr10	113750745	113750956	SINE/MIR	672	-	106	113750851	3674
chr10	113747177	113947177	harbor2	chr10	113752474	113752711	SINE/MIR	473	-	118	113752592	5415
chr10	113747177	113947177	harbor2	chr10	113788172	113788249	SINE/MIR	525	-	38	113788210	41033
chr10	113747177	113947177	harbor2	chr10	113788559	113788701	SINE/MIR	525	-	71	113788630	41453
chr10	113747177	113947177	harbor2	chr10	113793100	113793281	SINE/MIR	474	-	90	113793190	46013
chr10	113747177	113947177	harbor2	chr10	113793748	113793956	SINE/MIR	659	-	104	113793852	46675
chr10	113747177	113947177	harbor2	chr10	113802054	113802242	SINE/MIR	475	-	94	113802148	54971
chr10	92875019	93075019	harbor2	chr10	92876284	92876512	SINE/MIR	715	-	114	92876398	1379
chr10	70548916	70748916	harbor2	chr10	70602410	70602598	SINE/MIR	418	-	94	70602504	53588
chr10	70548916	70748916	harbor2	chr10	70617790	70617993	SINE/MIR	633	-	102	70617892	68976
chr10	70548916	70748916	harbor2	chr10	70646266	70646472	SINE/MIR	711	-	103	70646369	97453
chr10	70548916	70748916	harbor2	chr10	70647089	70647223	SINE/MIR	423	-	67	70647156	98240
chr10	113662521	113862521	harbor2	chr10	113681329	113681524	SINE/MIR	716	-	98	113681427	18906
chr10	113662521	113862521	harbor2	chr10	113713328	113713574	SINE/MIR	658	-	123	113713451	50930
chr10	113662521	113862521	harbor2	chr10	113722444	113722580	SINE/MIR	494	-	68	113722512	59991
chr10	113662521	113862521	harbor2	chr10	113722902	113723039	SINE/MIR	494	-	68	113722970	60449
chr10	113662521	113862521	harbor2	chr10	113724984	113725141	SINE/MIR	427	-	78	113725062	62541
chr10	113662521	113862521	harbor2	chr10	113743323	113743547	SINE/MIR	808	-	112	113743435	80914
chr10	113662521	113862521	harbor2	chr10	113750745	113750956	SINE/MIR	672	-	106	113750851	88330
chr10	113662521	113862521	harbor2	chr10	113752474	113752711	SINE/MIR	473	-	118	113752592	90071
chr10	122234087	122434087	harbor2	chr10	122245775	122245955	SINE/MIR	577	-	90	122245865	11778
chr10	122234087	122434087	harbor2	chr10	122253672	122253878	SINE/MIR	513	-	103	122253775	19688
chr10	122234087	122434087	harbor2	chr10	122264682	122264844	SINE/MIR	462	-	81	122264763	30676
chr10	122234087	122434087	harbor2	chr10	122275525	122275665	SINE/MIR	516	-	70	122275595	41508
chr10	122234087	122434087	harbor2	chr10	122292308	122292512	SINE/MIR	810	-	102	122292410	58323
chr10	122234087	122434087	harbor2	chr10	122323711	122323889	SINE/MIR	523	-	89	122323800	89713
chr10	88792895	88992895	harbor2	chr10	88797131	88797294	SINE/MIR	509	-	82	88797213	4318
chr10	88792895	88992895	harbor2	chr10	88803754	88803915	SINE/MIR	405	-	80	88803834	10939
chr10	88792895	88992895	harbor2	chr10	88807096	88807354	SINE/MIR	678	-	129	88807225	14330
chr10	88792895	88992895	harbor2	chr10	88811204	88811329	SINE/MIR	442	-	62	88811266	18371
chr10	88792895	88992895	harbor2	chr10	88812909	88813047	SINE/MIR	503	-	69	88812978	20083
chr10	88792895	88992895	harbor2	chr10	88816381	88816546	SINE/MIR	492	-	82	88816463	23568
chr10	88792895	88992895	harbor2	chr10	88825542	88825752	SINE/MIR	640	-	105	88825647	32752
chr10	88792895	88992895	harbor2	chr10	88836413	88836574	SINE/MIR	510	-	80	88836493	43598
chr10	88792895	88992895	harbor2	chr10	88842184	88842424	SINE/MIR	672	-	120	88842304	49409
chr10	88792895	88992895	harbor2	chr10	88861655	88861880	SINE/MIR	973	-	112	88861767	68872
chr10	88792895	88992895	harbor2	chr10	88862225	88862418	SINE/MIR	472	-	96	88862321	69426
chr10	88792895	88992895	harbor2	chr10	88868850	88869034	SINE/MIR	567	-	92	88868942	76047
chr10	88792895	88992895	harbor2	chr10	88870514	88870717	SINE/MIR	437	-	102	88870616	77721
chr10	88792895	88992895	harbor2	chr10	88884988	88885195	SINE/MIR	424	-	104	88885092	92197
chr10	88792895	88992895	harbor2	chr10	88888679	88888813	SINE/MIR	416	-	67	88888746	95851
chr10	14097671	14297671	harbor2	chr10	14124260	14124393	SINE/MIR	496	-	66	14124326	26655
chr10	14097671	14297671	harbor2	chr10	14124721	14124819	SINE/MIR	496	-	49	14124770	27099
chr10	14097671	14297671	harbor2	chr10	14145653	14145782	SINE/MIR	453	-	64	14145717	48046
chr10	71399093	71599093	harbor2	chr10	71406919	71407165	SINE/MIR	885	-	123	71407042	7949
chr10	71399093	71599093	harbor2	chr10	71420614	71420814	SINE/MIR	709	-	100	71420714	21621
chr10	71399093	71599093	harbor2	chr10	71444190	71444351	SINE/MIR	608	-	80	71444270	45177
chr10	71399093	71599093	harbor2	chr10	71456698	71456923	SINE/MIR	603	-	112	71456810	57717
chr10	71399093	71599093	harbor2	chr10	71457254	71457495	SINE/MIR	468	-	120	71457374	58281
chr10	71399093	71599093	harbor2	chr10	71459960	71460176	SINE/MIR	721	-	108	71460068	60975
chr10	71399093	71599093	harbor2	chr10	71463983	71464180	SINE/MIR	842	-	98	71464081	64988
chr10	71399093	71599093	harbor2	chr10	71464205	71464422	SINE/MIR	646	-	108	71464313	65220
chr10	71399093	71599093	harbor2	chr10	71478998	71479211	SINE/MIR	603	-	106	71479104	80011
chr10	71399093	71599093	harbor2	chr10	71483626	71483779	SINE/MIR	406	-	76	71483702	84609
chr10	71399093	71599093	harbor2	chr10	71490697	71490949	SINE/MIR	1106	-	126	71490823	91730
chr10	62683146	62883146	harbor2	chr10	62693357	62693591	SINE/MIR	690	-	117	62693474	10328
chr10	62683146	62883146	harbor2	chr10	62732817	62732921	SINE/MIR	505	-	52	62732869	49723
chr10	62683146	62883146	harbor2	chr10	62737740	62737967	SINE/MIR	794	-	114	62737854	54708
chr10	62683146	62883146	harbor2	chr10	62752206	62752437	SINE/MIR	649	-	116	62752322	69176
chr10	62683146	62883146	harbor2	chr10	62759014	62759263	SINE/MIR	635	-	124	62759138	75992
chr10	119935140	120135140	harbor2	chr10	119988823	119989027	SINE/MIR	613	-	102	119988925	53785
chr10	101368209	101568209	harbor2	chr10	101381137	101381392	SINE/MIR	895	-	128	101381265	13056
chr10	101368209	101568209	harbor2	chr10	101463574	101463771	SINE/MIR	517	-	98	101463672	95463
chr10	61703519	61903519	harbor2	chr10	61754062	61754307	SINE/MIR	527	-	122	61754184	50665
chr10	61703519	61903519	harbor2	chr10	61768566	61768589	SINE/MIR	447	-	12	61768578	65059
chr10	61703519	61903519	harbor2	chr10	61768624	61768761	SINE/MIR	447	-	68	61768692	65173
chr10	61703519	61903519	harbor2	chr10	61768733	61768896	SINE/MIR	423	-	82	61768815	65296
chr10	61703519	61903519	harbor2	chr10	61786095	61786185	SINE/MIR	404	-	45	61786140	82621
chr10	61703519	61903519	harbor2	chr10	61795862	61796030	SINE/MIR	431	-	84	61795946	92427
chr10	61703519	61903519	harbor2	chr10	61796911	61797103	SINE/MIR	563	-	96	61797007	93488
chr10	61703519	61903519	harbor2	chr10	61802891	61803100	SINE/MIR	673	-	104	61802995	99476
chr10	116487021	116687021	harbor2	chr10	116495779	116495948	SINE/MIR	655	-	84	116495863	8842
chr10	116487021	116687021	harbor2	chr10	116523839	116523990	SINE/MIR	516	-	76	116523915	36894
chr10	116487021	116687021	harbor2	chr10	116526982	116527229	SINE/MIR	699	-	124	116527106	40085
chr10	111929341	112129341	harbor2	chr10	111930050	111930286	SINE/MIR	470	-	118	111930168	827
chr10	111929341	112129341	harbor2	chr10	111934698	111934948	SINE/MIR	448	-	125	111934823	5482
chr10	111929341	112129341	harbor2	chr10	111959883	111959988	SINE/MIR	443	-	52	111959935	30594
chr10	111929341	112129341	harbor2	chr10	111964079	111964322	SINE/MIR	617	-	122	111964201	34860
chr10	111929341	112129341	harbor2	chr10	111975733	111975932	SINE/MIR	435	-	100	111975833	46492
chr10	111929341	112129341	harbor2	chr10	111991727	111991918	SINE/MIR	512	-	96	111991823	62482
chr10	111929341	112129341	harbor2	chr10	112004854	112004999	SINE/MIR	522	-	72	112004926	75585
chr10	111929341	112129341	harbor2	chr10	112019066	112019289	SINE/MIR	675	-	112	112019178	89837
chr10	111929341	112129341	harbor2	chr10	112021860	112022097	SINE/MIR	498	-	118	112021978	92637
chr10	51274934	51474934	harbor2	chr10	51284299	51284436	SINE/MIR	475	-	68	51284367	9433
chr10	51274934	51474934	harbor2	chr10	51298051	51298256	SINE/MIR	533	-	102	51298153	23219
chr10	51274934	51474934	harbor2	chr10	51302724	51302953	SINE/MIR	466	-	114	51302838	27904
chr10	51274934	51474934	harbor2	chr10	51305990	51306201	SINE/MIR	433	-	106	51306096	31162
chr10	51274934	51474934	harbor2	chr10	51307247	51307457	SINE/MIR	442	-	105	51307352	32418
chr10	51274934	51474934	harbor2	chr10	51322923	51323085	SINE/MIR	418	-	81	51323004	48070
chr10	51274934	51474934	harbor2	chr10	51332901	51333068	SINE/MIR	549	-	84	51332985	58051
chr10	51274934	51474934	harbor2	chr10	51333317	51333527	SINE/MIR	726	-	105	51333422	58488
chr10	108044744	108244744	harbor2	chr10	108076451	108076655	SINE/MIR	433	-	102	108076553	31809
chr10	108044744	108244744	harbor2	chr10	108107758	108107976	SINE/MIR	693	-	109	108107867	63123
chr10	108044744	108244744	harbor2	chr10	108138424	108138598	SINE/MIR	411	-	87	108138511	93767
chr10	124058875	124258875	harbor2	chr10	124058848	124058994	SINE/MIR	428	-	73	124058921	46
chr10	124058875	124258875	harbor2	chr10	124060935	124061151	SINE/MIR	489	-	108	124061043	2168
chr10	124058875	124258875	harbor2	chr10	124086760	124086947	SINE/MIR	435	-	94	124086854	27979
chr10	124058875	124258875	harbor2	chr10	124108843	124108999	SINE/MIR	436	-	78	124108921	50046
chr10	124058875	124258875	harbor2	chr10	124115390	124115578	SINE/MIR	471	-	94	124115484	56609
chr10	124058875	124258875	harbor2	chr10	124124348	124124464	SINE/MIR	400	-	58	124124406	65531
chr10	124058875	124258875	harbor2	chr10	124145091	124145209	SINE/MIR	404	-	59	124145150	86275
chr10	93294618	93494618	harbor2	chr10	93299061	93299203	SINE/MIR	569	-	71	93299132	4514
chr10	93294618	93494618	harbor2	chr10	93311183	93311322	SINE/MIR	527	-	70	93311253	16635
chr10	93294618	93494618	harbor2	chr10	93321030	93321261	SINE/MIR	702	-	116	93321146	26528
chr10	93294618	93494618	harbor2	chr10	93322302	93322426	SINE/MIR	456	-	62	93322364	27746
chr10	93294618	93494618	harbor2	chr10	93345189	93345420	SINE/MIR	644	-	116	93345305	50687
chr10	93294618	93494618	harbor2	chr10	93373798	93373867	SINE/MIR	777	-	34	93373832	79214
chr10	93294618	93494618	harbor2	chr10	93374275	93374440	SINE/MIR	777	-	82	93374357	79739
chr10	102901169	103101169	harbor2	chr10	102923301	102923520	SINE/MIR	534	-	110	102923411	22242
chr10	102901169	103101169	harbor2	chr10	102953868	102954100	SINE/MIR	630	-	116	102953984	52815
chr10	106143184	106343184	harbor2	chr10	106171791	106172036	SINE/MIR	619	-	122	106171913	28729
chr10	106143184	106343184	harbor2	chr10	106186014	106186239	SINE/MIR	547	-	112	106186126	42942
chr10	106143184	106343184	harbor2	chr10	106220789	106221027	SINE/MIR	447	-	119	106220908	77724
chr10	80861833	81061833	harbor2	chr10	80913204	80913351	SINE/MIR	404	-	74	80913278	51445
chr10	80861833	81061833	harbor2	chr10	80926870	80927085	SINE/MIR	405	-	108	80926978	65145
chr10	80861833	81061833	harbor2	chr10	80939875	80940116	SINE/MIR	608	-	120	80939995	78162
chr10	88881543	89081543	harbor2	chr10	88884988	88885195	SINE/MIR	424	-	104	88885092	3549
chr10	88881543	89081543	harbor2	chr10	88888679	88888813	SINE/MIR	416	-	67	88888746	7203
chr10	88881543	89081543	harbor2	chr10	88900514	88900689	SINE/MIR	609	-	88	88900602	19059
chr10	88881543	89081543	harbor2	chr10	88920270	88920489	SINE/MIR	648	-	110	88920380	38837
chr10	88881543	89081543	harbor2	chr10	88936069	88936273	SINE/MIR	884	-	102	88936171	54628
chr10	88881543	89081543	harbor2	chr10	88938891	88939120	SINE/MIR	668	-	114	88939005	57462
chr10	88881543	89081543	harbor2	chr10	88940707	88940942	SINE/MIR	756	-	118	88940825	59282
chr10	88881543	89081543	harbor2	chr10	88943254	88943510	SINE/MIR	693	-	128	88943382	61839
chr10	88881543	89081543	harbor2	chr10	88958339	88958551	SINE/MIR	784	-	106	88958445	76902
chr10	121155520	121355520	harbor2	chr10	121169563	121169795	SINE/MIR	414	-	116	121169679	14159
chr10	121155520	121355520	harbor2	chr10	121185486	121185627	SINE/MIR	444	-	70	121185556	30036
chr10	87278880	87478880	harbor2	chr10	87288158	87288401	SINE/MIR	477	-	122	87288280	9400
chr10	87278880	87478880	harbor2	chr10	87291495	87291695	SINE/MIR	820	-	100	87291595	12715
chr10	87278880	87478880	harbor2	chr10	87307174	87307415	SINE/MIR	729	-	120	87307294	28414
chr10	87278880	87478880	harbor2	chr10	87329909	87330089	SINE/MIR	598	-	90	87329999	51119
chr10	73935508	74135508	harbor2	chr10	73953703	73953854	SINE/MIR	444	-	76	73953779	18271
chr10	73935508	74135508	harbor2	chr10	73967643	73967755	SINE/MIR	426	-	56	73967699	32191
chr10	73935508	74135508	harbor2	chr10	73972214	73972396	SINE/MIR	740	-	91	73972305	36797
chr10	73935508	74135508	harbor2	chr10	73972668	73972718	SINE/MIR	740	-	25	73972693	37185
chr10	73935508	74135508	harbor2	chr10	74004257	74004482	SINE/MIR	516	-	112	74004369	68861
chr10	73935508	74135508	harbor2	chr10	74026609	74026842	SINE/MIR	795	-	116	74026725	91217
chr10	105268978	105468978	harbor2	chr10	105336711	105336841	SINE/MIR	576	-	65	105336776	67798
chr10	105268978	105468978	harbor2	chr10	105357864	105358011	SINE/MIR	827	-	74	105357938	88960
chr10	109564190	109764190	harbor2	chr10	109575653	109575869	SINE/MIR	557	-	108	109575761	11571
chr10	109564190	109764190	harbor2	chr10	109603980	109604179	SINE/MIR	472	-	100	109604080	39890
chr10	109564190	109764190	harbor2	chr10	109628969	109629198	SINE/MIR	581	-	114	109629083	64893
chr10	109564190	109764190	harbor2	chr10	109629353	109629529	SINE/MIR	527	-	88	109629441	65251
chr10	109564190	109764190	harbor2	chr10	109647826	109647940	SINE/MIR	424	-	57	109647883	83693
chr10	116809507	117009507	harbor2	chr10	116815964	116816177	SINE/MIR	427	-	106	116816070	6563
chr10	116809507	117009507	harbor2	chr10	116826808	116827033	SINE/MIR	853	-	112	116826920	17413
chr10	116809507	117009507	harbor2	chr10	116865883	116866104	SINE/MIR	557	-	110	116865993	56486
chr10	116809507	117009507	harbor2	chr10	116877796	116877886	SINE/MIR	398	-	45	116877841	68334
chr10	116809507	117009507	harbor2	chr10	116889504	116889701	SINE/MIR	545	-	98	116889602	80095
chr10	116809507	117009507	harbor2	chr10	116897637	116897809	SINE/MIR	553	-	86	116897723	88216
chr10	116809507	117009507	harbor2	chr10	116906108	116906337	SINE/MIR	859	-	114	116906222	96715
chr10	116809507	117009507	harbor2	chr10	116909044	116909248	SINE/MIR	476	-	102	116909146	99639
chr10	97498082	97698082	harbor2	chr10	97508058	97508259	SINE/MIR	830	-	100	97508158	10076
chr10	97498082	97698082	harbor2	chr10	97509075	97509276	SINE/MIR	672	-	100	97509175	11093
chr10	97498082	97698082	harbor2	chr10	97518846	97519068	SINE/MIR	707	-	111	97518957	20875
chr10	97498082	97698082	harbor2	chr10	97540505	97540697	SINE/MIR	450	-	96	97540601	42519
chr10	97498082	97698082	harbor2	chr10	97548008	97548162	SINE/MIR	414	-	77	97548085	50003
chr10	80830817	81030817	harbor2	chr10	80860971	80861170	SINE/MIR	414	-	100	80861071	30254
chr10	80830817	81030817	harbor2	chr10	80913204	80913351	SINE/MIR	404	-	74	80913278	82461
chr10	80830817	81030817	harbor2	chr10	80926870	80927085	SINE/MIR	405	-	108	80926978	96161
chr10	94435153	94635153	harbor2	chr10	94499601	94499851	SINE/MIR	724	-	125	94499726	64573
chr10	94435153	94635153	harbor2	chr10	94506774	94507006	SINE/MIR	806	-	116	94506890	71737
chr10	94435153	94635153	harbor2	chr10	94530492	94530747	SINE/MIR	1011	-	128	94530620	95467
chr10	96788065	96988065	harbor2	chr10	96795489	96795683	SINE/MIR	488	-	97	96795586	7521
chr10	96788065	96988065	harbor2	chr10	96822345	96822462	SINE/MIR	575	-	58	96822403	34338
chr10	96788065	96988065	harbor2	chr10	96879129	96879355	SINE/MIR	501	-	113	96879242	91177
chr10	96788065	96988065	harbor2	chr10	96829259	96829474	SINE/MIR	556	-	108	96829367	41302
chr10	105917178	106117178	harbor2	chr10	105983591	105983707	SINE/MIR	455	-	58	105983649	66471
chr10	127281110	127481110	harbor2	chr10	127325365	127325582	SINE/MIR	512	-	108	127325473	44363
chr10	127281110	127481110	harbor2	chr10	127343255	127343470	SINE/MIR	671	-	108	127343363	62253
chr10	127281110	127481110	harbor2	chr10	127345222	127345447	SINE/MIR	450	-	112	127345334	64224
chr10	78359505	78559505	harbor2	chr10	78364247	78364438	SINE/MIR	534	-	96	78364343	4838
chr10	78359505	78559505	harbor2	chr10	78389361	78389492	SINE/MIR	406	-	66	78389427	29922
chr10	78359505	78559505	harbor2	chr10	78398215	78398387	SINE/MIR	400	-	86	78398301	38796
chr10	78359505	78559505	harbor2	chr10	78405130	78405290	SINE/MIR	559	-	80	78405210	45705
chr10	78359505	78559505	harbor2	chr10	78412694	78412842	SINE/MIR	419	-	74	78412768	53263
chr10	78359505	78559505	harbor2	chr10	78431251	78431417	SINE/MIR	543	-	83	78431334	71829
chr10	78359505	78559505	harbor2	chr10	78447009	78447165	SINE/MIR	446	-	78	78447087	87582
chr10	121493930	121693930	harbor2	chr10	121531566	121531774	SINE/MIR	411	-	104	121531670	37740
chr10	121493930	121693930	harbor2	chr10	121552347	121552587	SINE/MIR	661	-	120	121552467	58537
chr10	121493930	121693930	harbor2	chr10	121556476	121556669	SINE/MIR	427	-	96	121556572	62642
chr10	121493930	121693930	harbor2	chr10	121563605	121563796	SINE/MIR	584	-	96	121563701	69771
chr10	121493930	121693930	harbor2	chr10	121585450	121585639	SINE/MIR	490	-	94	121585544	91614
chr10	114531574	114731574	harbor2	chr10	114564614	114564792	SINE/MIR	534	-	89	114564703	33129
chr10	114531574	114731574	harbor2	chr10	114564895	114565120	SINE/MIR	634	-	112	114565007	33433
chr10	114531574	114731574	harbor2	chr10	114600087	114600220	SINE/MIR	446	-	66	114600153	68579
chr10	114531574	114731574	harbor2	chr10	114604055	114604283	SINE/MIR	438	-	114	114604169	72595
chr10	114531574	114731574	harbor2	chr10	114606677	114606892	SINE/MIR	584	-	108	114606785	75211
chr10	114531574	114731574	harbor2	chr10	114616826	114617035	SINE/MIR	841	-	104	114616930	85356
chr10	122882476	123082476	harbor2	chr10	122938200	122938419	SINE/MIR	662	-	110	122938310	55834
chr10	122882476	123082476	harbor2	chr10	122947285	122947533	SINE/MIR	511	-	124	122947409	64933
chr10	108273291	108473291	harbor2	chr10	108344372	108344564	SINE/MIR	451	-	96	108344468	71177
chr10	122727500	122927500	harbor2	chr10	122737869	122737983	SINE/MIR	436	-	57	122737926	10426
chr10	122727500	122927500	harbor2	chr10	122765348	122765481	SINE/MIR	409	-	66	122765414	37914
chr10	122727500	122927500	harbor2	chr10	122766872	122767011	SINE/MIR	427	-	70	122766942	39442
chr10	122727500	122927500	harbor2	chr10	122767645	122767868	SINE/MIR	689	-	112	122767757	40257
chr10	122727500	122927500	harbor2	chr10	122775735	122775888	SINE/MIR	488	-	76	122775811	48311
chr10	122727500	122927500	harbor2	chr10	122780996	122781126	SINE/MIR	449	-	65	122781061	53561
chr10	122727500	122927500	harbor2	chr10	122781254	122781419	SINE/MIR	564	-	82	122781336	53836
chr10	122727500	122927500	harbor2	chr10	122787942	122788074	SINE/MIR	425	-	66	122788008	60508
chr10	122727500	122927500	harbor2	chr10	122815006	122815136	SINE/MIR	414	-	65	122815071	87571
chr10	94144607	94344607	harbor2	chr10	94150168	94150299	SINE/MIR	466	-	66	94150234	5627
chr10	94144607	94344607	harbor2	chr10	94172987	94173224	SINE/MIR	676	-	118	94173105	28498
chr10	94144607	94344607	harbor2	chr10	94180007	94180148	SINE/MIR	428	-	70	94180077	35470
chr10	94144607	94344607	harbor2	chr10	94186913	94187029	SINE/MIR	409	-	58	94186971	42364
chr10	94144607	94344607	harbor2	chr10	94213903	94214103	SINE/MIR	601	-	100	94214003	69396
chr10	94144607	94344607	harbor2	chr10	94220712	94220941	SINE/MIR	714	-	114	94220826	76219
chr10	94144607	94344607	harbor2	chr10	94227888	94228136	SINE/MIR	659	-	124	94228012	83405
chr10	94144607	94344607	harbor2	chr10	94241897	94242088	SINE/MIR	472	-	96	94241993	97386
chr10	75978938	76178938	harbor2	chr10	75982828	75983090	SINE/MIR	633	-	131	75982959	4021
chr10	75978938	76178938	harbor2	chr10	75989634	75989829	SINE/MIR	555	-	98	75989732	10794
chr10	75978938	76178938	harbor2	chr10	75992013	75992230	SINE/MIR	440	-	108	75992121	13183
chr10	75978938	76178938	harbor2	chr10	76008892	76009032	SINE/MIR	410	-	70	76008962	30024
chr11	115587420	115787420	harbor2	chr11	115601043	115601301	SINE/MIR	649	-	129	115601172	13752
chr11	115587420	115787420	harbor2	chr11	115614728	115614966	SINE/MIR	464	-	119	115614847	27427
chr11	115587420	115787420	harbor2	chr11	115617425	115617609	SINE/MIR	742	-	92	115617517	30097
chr11	115587420	115787420	harbor2	chr11	115624626	115624848	SINE/MIR	401	-	111	115624737	37317
chr11	115587420	115787420	harbor2	chr11	115626965	115627078	SINE/MIR	402	-	56	115627021	39601
chr11	115587420	115787420	harbor2	chr11	115627187	115627272	SINE/MIR	402	-	42	115627229	39809
chr11	115587420	115787420	harbor2	chr11	115628503	115628534	SINE/MIR	584	-	16	115628519	41099
chr11	115587420	115787420	harbor2	chr11	115628807	115628910	SINE/MIR	584	-	52	115628859	41439
chr11	115587420	115787420	harbor2	chr11	115629230	115629338	SINE/MIR	584	-	54	115629284	41864
chr11	115587420	115787420	harbor2	chr11	115630869	115631070	SINE/MIR	617	-	100	115630969	43549
chr11	115587420	115787420	harbor2	chr11	115640849	115641055	SINE/MIR	901	-	103	115640952	53532
chr11	115587420	115787420	harbor2	chr11	115648255	115648335	SINE/MIR	639	-	40	115648295	60875
chr11	115587420	115787420	harbor2	chr11	115648636	115648788	SINE/MIR	639	-	76	115648712	61292
chr11	115587420	115787420	harbor2	chr11	115648788	115648987	SINE/MIR	829	-	100	115648888	61468
chr11	115587420	115787420	harbor2	chr11	115649270	115649530	SINE/MIR	940	-	130	115649400	61980
chr11	115587420	115787420	harbor2	chr11	115661652	115661811	SINE/MIR	384	-	80	115661732	74312
chr11	115587420	115787420	harbor2	chr11	115668194	115668322	SINE/MIR	398	-	64	115668258	80838
chr11	115587420	115787420	harbor2	chr11	115668680	115668783	SINE/MIR	398	-	52	115668732	81312
chr11	115587420	115787420	harbor2	chr11	115675444	115675684	SINE/MIR	523	-	120	115675564	88144
chr11	115587420	115787420	harbor2	chr11	115677679	115677885	SINE/MIR	467	-	103	115677782	90362
chr11	115587420	115787420	harbor2	chr11	115681452	115681671	SINE/MIR	565	-	110	115681562	94142
chr11	105728734	105928734	harbor2	chr11	105761400	105761553	SINE/MIR	426	-	76	105761476	32742
chr11	105728734	105928734	harbor2	chr11	105767647	105767898	SINE/MIR	717	-	126	105767773	39039
chr11	121372315	121572315	harbor2	chr11	121394587	121394761	SINE/MIR	457	-	87	121394674	22359
chr11	121372315	121572315	harbor2	chr11	121433796	121433970	SINE/MIR	446	-	87	121433883	61568
chr11	121372315	121572315	harbor2	chr11	121444298	121444542	SINE/MIR	549	-	122	121444420	72105
chr11	121372315	121572315	harbor2	chr11	121449668	121449866	SINE/MIR	639	-	99	121449767	77452
chr11	121372315	121572315	harbor2	chr11	121461918	121462099	SINE/MIR	585	-	90	121462008	89693
chr11	59814001	60014001	harbor2	chr11	59843411	59843693	SINE/MIR	440	-	141	59843552	29551
chr11	59814001	60014001	harbor2	chr11	59855185	59855373	SINE/MIR	669	-	94	59855279	41278
chr11	59814001	60014001	harbor2	chr11	59883743	59883854	SINE/MIR	535	-	56	59883799	69798
chr11	131569515	131769515	harbor2	chr11	131571318	131571474	SINE/MIR	386	-	78	131571396	1881
chr11	131569515	131769515	harbor2	chr11	131587042	131587202	SINE/MIR	463	-	80	131587122	17607
chr11	131569515	131769515	harbor2	chr11	131587982	131588174	SINE/MIR	639	-	96	131588078	18563
chr11	131569515	131769515	harbor2	chr11	131590641	131590873	SINE/MIR	411	-	116	131590757	21242
chr11	131569515	131769515	harbor2	chr11	131593536	131593720	SINE/MIR	412	-	92	131593628	24113
chr11	131569515	131769515	harbor2	chr11	131638903	131639156	SINE/MIR	847	-	126	131639029	69514
chr11	131569515	131769515	harbor2	chr11	131645062	131645229	SINE/MIR	565	-	84	131645146	75631
chr11	131569515	131769515	harbor2	chr11	131663749	131663971	SINE/MIR	432	-	111	131663860	94345
chr11	131569515	131769515	harbor2	chr11	131667961	131668175	SINE/MIR	412	-	107	131668068	98553
chr11	106399700	106599700	harbor2	chr11	106436482	106436706	SINE/MIR	642	-	112	106436594	36894
chr11	106399700	106599700	harbor2	chr11	106448151	106448305	SINE/MIR	415	-	77	106448228	48528
chr11	106399700	106599700	harbor2	chr11	106456192	106456356	SINE/MIR	510	-	82	106456274	56574
chr11	106399700	106599700	harbor2	chr11	106464625	106464780	SINE/MIR	433	-	78	106464703	65003
chr11	106399700	106599700	harbor2	chr11	106466400	106466588	SINE/MIR	491	-	94	106466494	66794
chr11	95035374	95235374	harbor2	chr11	95083828	95084037	SINE/MIR	709	-	104	95083932	48558
chr11	95035374	95235374	harbor2	chr11	95095638	95095870	SINE/MIR	659	-	116	95095754	60380
chr11	95035374	95235374	harbor2	chr11	95098655	95098869	SINE/MIR	590	-	107	95098762	63388
chr11	100668883	100868883	harbor2	chr11	100740356	100740528	SINE/MIR	401	-	86	100740442	71559
chr11	100668883	100868883	harbor2	chr11	100758683	100758892	SINE/MIR	566	-	104	100758787	89904
chr11	100668883	100868883	harbor2	chr11	100761821	100762025	SINE/MIR	533	-	102	100761923	93040
chr11	100668883	100868883	harbor2	chr11	100767185	100767403	SINE/MIR	824	-	109	100767294	98411
chr11	100668883	100868883	harbor2	chr11	100768769	100768877	SINE/MIR	504	-	54	100768823	99940
chr11	104611140	104811140	harbor2	chr11	104666952	104667078	SINE/MIR	425	-	63	104667015	55875
chr11	104611140	104811140	harbor2	chr11	104678562	104678832	SINE/MIR	418	-	135	104678697	67557
chr11	109933823	110133823	harbor2	chr11	109976158	109976358	SINE/MIR	631	-	100	109976258	42435
chr11	109933823	110133823	harbor2	chr11	109981125	109981318	SINE/MIR	382	-	96	109981221	47398
chr11	109933823	110133823	harbor2	chr11	109981376	109981504	SINE/MIR	382	-	64	109981440	47617
chr11	109933823	110133823	harbor2	chr11	110019240	110019340	SINE/MIR	430	-	50	110019290	85467
chr11	109933823	110133823	harbor2	chr11	110021937	110022168	SINE/MIR	632	-	116	110022053	88230
chr11	109933823	110133823	harbor2	chr11	110026523	110026676	SINE/MIR	402	-	76	110026599	92776
chr11	109933823	110133823	harbor2	chr11	110028570	110028761	SINE/MIR	560	-	96	110028666	94843
chr11	126051486	126251486	harbor2	chr11	126057860	126058044	SINE/MIR	506	-	92	126057952	6466
chr11	126051486	126251486	harbor2	chr11	126067112	126067321	SINE/MIR	527	-	104	126067216	15730
chr11	126051486	126251486	harbor2	chr11	126082013	126082157	SINE/MIR	430	-	72	126082085	30599
chr11	126051486	126251486	harbor2	chr11	126125500	126125695	SINE/MIR	689	-	98	126125598	74112
chr11	126051486	126251486	harbor2	chr11	126133129	126133364	SINE/MIR	534	-	118	126133247	81761
chr11	56496321	56696321	harbor2	chr11	56523024	56523179	SINE/MIR	518	-	78	56523102	26781
chr11	131088421	131288421	harbor2	chr11	131094791	131095035	SINE/MIR	522	-	122	131094913	6492
chr11	131088421	131288421	harbor2	chr11	131097686	131097895	SINE/MIR	399	-	104	131097790	9369
chr11	131088421	131288421	harbor2	chr11	131103285	131103460	SINE/MIR	367	-	88	131103373	14952
chr11	131088421	131288421	harbor2	chr11	131108217	131108456	SINE/MIR	689	-	120	131108337	19916
chr11	131088421	131288421	harbor2	chr11	131145566	131145807	SINE/MIR	440	-	120	131145686	57265
chr11	131088421	131288421	harbor2	chr11	131155451	131155622	SINE/MIR	541	-	86	131155537	67116
chr11	131088421	131288421	harbor2	chr11	131181376	131181538	SINE/MIR	368	-	81	131181457	93036
chr11	131088421	131288421	harbor2	chr11	131181902	131182072	SINE/MIR	507	-	85	131181987	93566
chr11	131088421	131288421	harbor2	chr11	131184796	131185000	SINE/MIR	427	-	102	131184898	96477
chr11	121971062	122171062	harbor2	chr11	121980759	121980986	SINE/MIR	486	-	114	121980873	9811
chr11	121971062	122171062	harbor2	chr11	121991877	121991927	SINE/MIR	414	-	25	121991902	20840
chr11	121971062	122171062	harbor2	chr11	121992102	121992225	SINE/MIR	414	-	62	121992164	21102
chr11	121971062	122171062	harbor2	chr11	122021197	122021410	SINE/MIR	738	-	106	122021303	50241
chr11	121971062	122171062	harbor2	chr11	122021521	122021631	SINE/MIR	443	-	55	122021576	50514
chr11	121971062	122171062	harbor2	chr11	122037194	122037459	SINE/MIR	743	-	132	122037326	66264
chr11	121971062	122171062	harbor2	chr11	122065056	122065201	SINE/MIR	425	-	72	122065128	94066
chr11	133618884	133818884	harbor2	chr11	133633202	133633450	SINE/MIR	736	-	124	133633326	14442
chr11	133618884	133818884	harbor2	chr11	133669331	133669539	SINE/MIR	790	-	104	133669435	50551
chr11	133618884	133818884	harbor2	chr11	133701336	133701541	SINE/MIR	473	-	102	133701438	82554
chr11	133618884	133818884	harbor2	chr11	133703737	133703968	SINE/MIR	992	-	116	133703853	84969
chr11	115243455	115443455	harbor2	chr11	115244481	115244694	SINE/MIR	473	-	106	115244587	1132
chr11	115243455	115443455	harbor2	chr11	115250664	115250909	SINE/MIR	454	-	122	115250786	7331
chr11	115243455	115443455	harbor2	chr11	115282135	115282320	SINE/MIR	554	-	92	115282227	38772
chr11	115243455	115443455	harbor2	chr11	115285312	115285511	SINE/MIR	805	-	100	115285412	41957
chr11	115243455	115443455	harbor2	chr11	115292591	115292816	SINE/MIR	505	-	112	115292703	49248
chr11	115243455	115443455	harbor2	chr11	115311306	115311370	SINE/MIR	510	-	32	115311338	67883
chr11	115243455	115443455	harbor2	chr11	115311609	115311720	SINE/MIR	510	-	56	115311665	68210
chr11	115243455	115443455	harbor2	chr11	115318916	115319091	SINE/MIR	595	-	88	115319004	75549
chr11	115243455	115443455	harbor2	chr11	115336895	115337133	SINE/MIR	521	-	119	115337014	93559
chr11	115243455	115443455	harbor2	chr11	115338153	115338363	SINE/MIR	828	-	105	115338258	94803
chr11	115243455	115443455	harbor2	chr11	115343074	115343279	SINE/MIR	567	-	102	115343176	99721
chr11	115243455	115443455	harbor2	chr11	115343280	115343512	SINE/MIR	921	-	116	115343396	99941
chr11	134413318	134613318	harbor2	chr11	134416413	134416656	SINE/MIR	436	-	122	134416535	3217
chr11	134413318	134613318	harbor2	chr11	134429687	134429889	SINE/MIR	494	-	101	134429788	16470
chr11	134413318	134613318	harbor2	chr11	134462357	134462589	SINE/MIR	555	-	116	134462473	49155
chr11	134413318	134613318	harbor2	chr11	134474802	134475011	SINE/MIR	578	-	104	134474906	61588
chr11	134413318	134613318	harbor2	chr11	134480917	134481167	SINE/MIR	731	-	125	134481042	67724
chr11	134413318	134613318	harbor2	chr11	134484734	134484913	SINE/MIR	413	-	90	134484824	71506
chr11	132542821	132742821	harbor2	chr11	132556403	132556572	SINE/MIR	539	-	84	132556487	13666
chr11	132542821	132742821	harbor2	chr11	132632320	132632544	SINE/MIR	496	-	112	132632432	89611
chr11	132542821	132742821	harbor2	chr11	132642703	132642842	SINE/MIR	376	-	70	132642773	99952
chr11	131381073	131581073	harbor2	chr11	131391083	131391221	SINE/MIR	400	-	69	131391152	10079
chr11	131381073	131581073	harbor2	chr11	131422954	131423018	SINE/MIR	627	-	32	131422986	41913
chr11	131381073	131581073	harbor2	chr11	131423182	131423363	SINE/MIR	627	-	90	131423272	42199
chr11	131381073	131581073	harbor2	chr11	131449371	131449520	SINE/MIR	442	-	74	131449445	68372
chr11	131381073	131581073	harbor2	chr11	131466283	131466446	SINE/MIR	486	-	82	131466365	85292
chr11	131381073	131581073	harbor2	chr11	131472690	131472874	SINE/MIR	494	-	92	131472782	91709
chr11	107535726	107735726	harbor2	chr11	107547465	107547598	SINE/MIR	387	-	66	107547531	11805
chr11	107535726	107735726	harbor2	chr11	107574886	107575043	SINE/MIR	621	-	78	107574964	39238
chr11	107535726	107735726	harbor2	chr11	107590088	107590254	SINE/MIR	370	-	83	107590171	54445
chr11	107535726	107735726	harbor2	chr11	107613222	107613470	SINE/MIR	580	-	124	107613346	77620
chr11	107535726	107735726	harbor2	chr11	107622510	107622645	SINE/MIR	482	-	68	107622578	86852
chr11	102565532	102765532	harbor2	chr11	102574878	102575109	SINE/MIR	599	-	116	102574994	9462
chr11	102565532	102765532	harbor2	chr11	102589483	102589702	SINE/MIR	426	-	110	102589593	24061
chr11	102565532	102765532	harbor2	chr11	102594048	102594227	SINE/MIR	443	-	90	102594138	28606
chr11	102565532	102765532	harbor2	chr11	102628208	102628406	SINE/MIR	462	-	99	102628307	62775
chr11	102565532	102765532	harbor2	chr11	102658799	102658935	SINE/MIR	429	-	68	102658867	93335
chr11	102565532	102765532	harbor2	chr11	102659478	102659679	SINE/MIR	453	-	100	102659578	94046
chr11	102565532	102765532	harbor2	chr11	102664689	102664937	SINE/MIR	904	-	124	102664813	99281
chr11	129616325	129816325	harbor2	chr11	129694256	129694461	SINE/MIR	593	-	102	129694358	78033
chr11	129616325	129816325	harbor2	chr11	129700303	129700535	SINE/MIR	519	-	116	129700419	84094
chr11	77042675	77242675	harbor2	chr11	77064228	77064426	SINE/MIR	573	-	99	77064327	21652
chr11	77042675	77242675	harbor2	chr11	77064685	77064805	SINE/MIR	436	-	60	77064745	22070
chr11	77042675	77242675	harbor2	chr11	77107921	77108040	SINE/MIR	381	-	60	77107981	65306
chr11	77042675	77242675	harbor2	chr11	77121094	77121316	SINE/MIR	396	-	111	77121205	78530
chr11	77042675	77242675	harbor2	chr11	77136644	77136860	SINE/MIR	839	-	108	77136752	94077
chr11	77042675	77242675	harbor2	chr11	77139116	77139227	SINE/MIR	500	-	56	77139172	96497
chr11	91654982	91854982	harbor2	chr11	91661678	91661904	SINE/MIR	622	-	113	91661791	6809
chr11	91654982	91854982	harbor2	chr11	91663359	91663575	SINE/MIR	536	-	108	91663467	8485
chr11	91654982	91854982	harbor2	chr11	91663768	91664025	SINE/MIR	761	-	128	91663896	8914
chr11	91654982	91854982	harbor2	chr11	91664404	91664572	SINE/MIR	524	-	84	91664488	9506
chr11	91654982	91854982	harbor2	chr11	91680953	91681139	SINE/MIR	557	-	93	91681046	26064
chr11	91654982	91854982	harbor2	chr11	91684997	91685168	SINE/MIR	390	-	86	91685083	30101
chr11	91654982	91854982	harbor2	chr11	91717563	91717717	SINE/MIR	445	-	77	91717640	62658
chr11	106123776	106323776	harbor2	chr11	106128554	106128686	SINE/MIR	447	-	66	106128620	4844
chr11	106123776	106323776	harbor2	chr11	106133221	106133453	SINE/MIR	789	-	116	106133337	9561
chr11	106123776	106323776	harbor2	chr11	106148451	106148612	SINE/MIR	507	-	80	106148531	24755
chr11	106123776	106323776	harbor2	chr11	106156462	106156646	SINE/MIR	764	-	92	106156554	32778
chr11	106123776	106323776	harbor2	chr11	106202878	106202996	SINE/MIR	393	-	59	106202937	79161
chr11	126031673	126231673	harbor2	chr11	126042547	126042609	SINE/MIR	469	-	31	126042578	10905
chr11	126031673	126231673	harbor2	chr11	126042923	126042939	SINE/MIR	469	-	8	126042931	11258
chr11	126031673	126231673	harbor2	chr11	126043538	126043709	SINE/MIR	469	-	86	126043624	11951
chr11	126031673	126231673	harbor2	chr11	126057860	126058044	SINE/MIR	506	-	92	126057952	26279
chr11	126031673	126231673	harbor2	chr11	126067112	126067321	SINE/MIR	527	-	104	126067216	35543
chr11	126031673	126231673	harbor2	chr11	126082013	126082157	SINE/MIR	430	-	72	126082085	50412
chr11	126031673	126231673	harbor2	chr11	126125500	126125695	SINE/MIR	689	-	98	126125598	93925
chr11	110321497	110521497	harbor2	chr11	110355701	110355762	SINE/MIR	561	-	30	110355731	34234
chr11	110321497	110521497	harbor2	chr11	110356065	110356221	SINE/MIR	561	-	78	110356143	34646
chr11	110321497	110521497	harbor2	chr11	110357260	110357477	SINE/MIR	400	-	108	110357368	35871
chr11	110321497	110521497	harbor2	chr11	110392115	110392324	SINE/MIR	716	-	104	110392219	70722
chr11	21886649	22086649	harbor2	chr11	21920537	21920743	SINE/MIR	595	-	103	21920640	33991
chr11	21886649	22086649	harbor2	chr11	21922596	21922824	SINE/MIR	506	-	114	21922710	36061
chr11	21886649	22086649	harbor2	chr11	21961390	21961628	SINE/MIR	468	-	119	21961509	74860
chr11	21886649	22086649	harbor2	chr11	21967373	21967558	SINE/MIR	429	-	92	21967465	80816
chr11	21886649	22086649	harbor2	chr11	21977982	21978221	SINE/MIR	744	-	120	21978102	91453
chr11	133218066	133418066	harbor2	chr11	133225869	133226072	SINE/MIR	704	-	102	133225971	7905
chr11	133218066	133418066	harbor2	chr11	133228192	133228448	SINE/MIR	414	-	128	133228320	10254
chr11	133218066	133418066	harbor2	chr11	133237918	133238168	SINE/MIR	490	-	125	133238043	19977
chr11	133218066	133418066	harbor2	chr11	133259246	133259460	SINE/MIR	436	-	107	133259353	41287
chr11	133218066	133418066	harbor2	chr11	133271519	133271657	SINE/MIR	446	-	69	133271588	53522
chr11	133218066	133418066	harbor2	chr11	133277837	133277990	SINE/MIR	464	-	76	133277913	59847
chr11	133218066	133418066	harbor2	chr11	133278825	133278992	SINE/MIR	447	-	84	133278909	60843
chr11	133218066	133418066	harbor2	chr11	133317914	133318058	SINE/MIR	403	-	72	133317986	99920
chr11	79313885	79513885	harbor2	chr11	79317510	79317703	SINE/MIR	377	-	96	79317606	3721
chr11	79313885	79513885	harbor2	chr11	79319003	79319237	SINE/MIR	579	-	117	79319120	5235
chr11	79313885	79513885	harbor2	chr11	79320477	79320668	SINE/MIR	585	-	96	79320573	6688
chr11	79313885	79513885	harbor2	chr11	79328216	79328364	SINE/MIR	371	-	74	79328290	14405
chr11	79313885	79513885	harbor2	chr11	79330659	79330811	SINE/MIR	389	-	76	79330735	16850
chr11	79313885	79513885	harbor2	chr11	79332065	79332227	SINE/MIR	472	-	81	79332146	18261
chr11	79313885	79513885	harbor2	chr11	79333771	79333909	SINE/MIR	512	-	69	79333840	19955
chr11	79313885	79513885	harbor2	chr11	79339552	79339660	SINE/MIR	426	-	54	79339606	25721
chr11	79313885	79513885	harbor2	chr11	79341357	79341559	SINE/MIR	560	-	101	79341458	27573
chr11	79313885	79513885	harbor2	chr11	79343188	79343426	SINE/MIR	588	-	119	79343307	29422
chr11	79313885	79513885	harbor2	chr11	79364631	79364814	SINE/MIR	375	-	92	79364723	50838
chr11	79313885	79513885	harbor2	chr11	79379567	79379779	SINE/MIR	668	-	106	79379673	65788
chr11	79313885	79513885	harbor2	chr11	79381666	79381899	SINE/MIR	671	-	116	79381782	67897
chr11	79313885	79513885	harbor2	chr11	79397208	79397434	SINE/MIR	754	-	113	79397321	83436
chr11	79313885	79513885	harbor2	chr11	79403322	79403471	SINE/MIR	752	-	74	79403396	89511
chr11	79313885	79513885	harbor2	chr11	79403829	79403975	SINE/MIR	424	-	73	79403902	90017
chr11	79313885	79513885	harbor2	chr11	79405199	79405410	SINE/MIR	687	-	106	79405305	91420
chr11	79313885	79513885	harbor2	chr11	79407390	79407585	SINE/MIR	545	-	98	79407488	93603
chr11	79313885	79513885	harbor2	chr11	79411364	79411536	SINE/MIR	473	-	86	79411450	97565
chr11	118530420	118730420	harbor2	chr11	118532550	118532770	SINE/MIR	936	-	110	118532660	2240
chr11	118530420	118730420	harbor2	chr11	118567755	118568013	SINE/MIR	671	-	129	118567884	37464
chr11	118530420	118730420	harbor2	chr11	118579018	118579218	SINE/MIR	452	-	100	118579118	48698
chr11	118530420	118730420	harbor2	chr11	118624214	118624403	SINE/MIR	548	-	94	118624308	93888
chr11	118530420	118730420	harbor2	chr11	118627030	118627228	SINE/MIR	440	-	99	118627129	96709
chr11	118530420	118730420	harbor2	chr11	118629016	118629133	SINE/MIR	496	-	58	118629074	98654
chr11	74498650	74698650	harbor2	chr11	74506231	74506456	SINE/MIR	565	-	112	74506343	7693
chr11	74498650	74698650	harbor2	chr11	74551914	74552138	SINE/MIR	618	-	112	74552026	53376
chr11	74498650	74698650	harbor2	chr11	74563367	74563580	SINE/MIR	486	-	106	74563473	64823
chr11	74498650	74698650	harbor2	chr11	74564280	74564395	SINE/MIR	399	-	58	74564338	65688
chr11	74498650	74698650	harbor2	chr11	74565555	74565726	SINE/MIR	491	-	86	74565641	66991
chr11	74498650	74698650	harbor2	chr11	74569285	74569433	SINE/MIR	505	-	74	74569359	70709
chr11	74498650	74698650	harbor2	chr11	74571552	74571722	SINE/MIR	642	-	85	74571637	72987
chr11	74498650	74698650	harbor2	chr11	74572671	74572748	SINE/MIR	404	-	38	74572709	74059
chr11	74498650	74698650	harbor2	chr11	74587650	74587759	SINE/MIR	385	-	54	74587704	89054
chr11	74498650	74698650	harbor2	chr11	74591664	74591839	SINE/MIR	687	-	88	74591752	93102
chr11	66306005	66506005	harbor2	chr11	66309805	66309940	SINE/MIR	376	-	68	66309873	3868
chr11	66306005	66506005	harbor2	chr11	66333000	66333193	SINE/MIR	946	-	96	66333096	27091
chr11	66306005	66506005	harbor2	chr11	66345712	66345954	SINE/MIR	956	-	121	66345833	39828
chr11	66306005	66506005	harbor2	chr11	66368072	66368290	SINE/MIR	455	-	109	66368181	62176
chr11	102830611	103030611	harbor2	chr11	102836313	102836542	SINE/MIR	669	-	114	102836427	5816
chr11	102830611	103030611	harbor2	chr11	102852532	102852704	SINE/MIR	509	-	86	102852618	22007
chr11	102830611	103030611	harbor2	chr11	102854007	102854143	SINE/MIR	380	-	68	102854075	23464
chr11	102830611	103030611	harbor2	chr11	102876658	102876858	SINE/MIR	543	-	100	102876758	46147
chr11	102830611	103030611	harbor2	chr11	102878224	102878432	SINE/MIR	526	-	104	102878328	47717
chr11	102830611	103030611	harbor2	chr11	102913191	102913334	SINE/MIR	399	-	72	102913263	82652
chr11	102830611	103030611	harbor2	chr11	102928198	102928345	SINE/MIR	472	-	74	102928272	97661
chr11	92604486	92804486	harbor2	chr11	92606568	92606806	SINE/MIR	655	-	119	92606687	2201
chr11	92604486	92804486	harbor2	chr11	92680703	92680902	SINE/MIR	373	-	100	92680803	76317
chr11	92604486	92804486	harbor2	chr11	92687183	92687359	SINE/MIR	565	-	88	92687271	82785
chr11	92604486	92804486	harbor2	chr11	92689042	92689232	SINE/MIR	439	-	95	92689137	84651
chr11	92604486	92804486	harbor2	chr11	92691194	92691327	SINE/MIR	445	-	66	92691260	86774
chr11	130634854	130834854	harbor2	chr11	130650750	130650903	SINE/MIR	400	-	76	130650826	15972
chr11	130634854	130834854	harbor2	chr11	130675738	130675902	SINE/MIR	493	-	82	130675820	40966
chr11	130634854	130834854	harbor2	chr11	130677302	130677539	SINE/MIR	640	-	118	130677420	42566
chr11	130634854	130834854	harbor2	chr11	130688370	130688573	SINE/MIR	740	-	102	130688472	53618
chr11	130634854	130834854	harbor2	chr11	130696498	130696737	SINE/MIR	480	-	120	130696618	61764
chr11	130634854	130834854	harbor2	chr11	130698254	130698435	SINE/MIR	503	-	90	130698344	63490
chr11	130634854	130834854	harbor2	chr11	130717821	130718023	SINE/MIR	581	-	101	130717922	83068
chr11	130634854	130834854	harbor2	chr11	130727074	130727294	SINE/MIR	714	-	110	130727184	92330
chr11	123121075	123321075	harbor2	chr11	123128828	123129024	SINE/MIR	599	-	98	123128926	7851
chr11	123121075	123321075	harbor2	chr11	123187015	123187227	SINE/MIR	589	-	106	123187121	66046
chr11	123121075	123321075	harbor2	chr11	123190410	123190599	SINE/MIR	441	-	94	123190504	69429
chr11	123121075	123321075	harbor2	chr11	123201971	123202161	SINE/MIR	526	-	95	123202066	80991
chr11	123121075	123321075	harbor2	chr11	123202492	123202652	SINE/MIR	417	-	80	123202572	81497
chr11	123121075	123321075	harbor2	chr11	123212484	123212655	SINE/MIR	505	-	86	123212570	91495
chr11	123121075	123321075	harbor2	chr11	123220466	123220673	SINE/MIR	472	-	104	123220570	99495
chr11	114899611	115099611	harbor2	chr11	114909088	114909288	SINE/MIR	383	-	100	114909188	9577
chr11	114899611	115099611	harbor2	chr11	114909309	114909500	SINE/MIR	485	-	96	114909405	9794
chr11	114899611	115099611	harbor2	chr11	114919296	114919421	SINE/MIR	391	-	62	114919358	19747
chr11	114899611	115099611	harbor2	chr11	114952105	114952344	SINE/MIR	552	-	120	114952225	52614
chr11	114899611	115099611	harbor2	chr11	114958322	114958478	SINE/MIR	455	-	78	114958400	58789
chr11	114899611	115099611	harbor2	chr11	114979229	114979472	SINE/MIR	749	-	122	114979351	79740
chr11	114899611	115099611	harbor2	chr11	114984077	114984322	SINE/MIR	448	-	122	114984199	84588
chr11	114899611	115099611	harbor2	chr11	114985288	114985450	SINE/MIR	414	-	81	114985369	85758
chr11	114899611	115099611	harbor2	chr11	114987054	114987221	SINE/MIR	450	-	84	114987138	87527
chr11	114899611	115099611	harbor2	chr11	114998422	114998657	SINE/MIR	541	-	118	114998540	98929
chr11	96041429	96241429	harbor2	chr11	96051328	96051594	SINE/MIR	491	-	133	96051461	10032
chr11	96041429	96241429	harbor2	chr11	96063486	96063730	SINE/MIR	398	-	122	96063608	22179
chr11	96041429	96241429	harbor2	chr11	96065598	96065843	SINE/MIR	837	-	122	96065720	24291
chr11	96041429	96241429	harbor2	chr11	96081678	96081858	SINE/MIR	408	-	90	96081768	40339
chr11	96041429	96241429	harbor2	chr11	96090375	96090540	SINE/MIR	459	-	82	96090457	49028
chr11	96041429	96241429	harbor2	chr11	96094926	96095159	SINE/MIR	732	-	116	96095042	53613
chr11	96041429	96241429	harbor2	chr11	96096323	96096574	SINE/MIR	641	-	126	96096449	55020
chr11	96041429	96241429	harbor2	chr11	96097773	96097994	SINE/MIR	417	-	110	96097883	56454
chr11	96041429	96241429	harbor2	chr11	96108656	96108750	SINE/MIR	375	-	47	96108703	67274
chr11	96041429	96241429	harbor2	chr11	96109034	96109111	SINE/MIR	375	-	38	96109072	67643
chr11	96041429	96241429	harbor2	chr11	96118990	96119134	SINE/MIR	440	-	72	96119062	77633
chr11	96041429	96241429	harbor2	chr11	96119604	96119704	SINE/MIR	440	-	50	96119654	78225
chr11	96041429	96241429	harbor2	chr11	96134973	96135013	SINE/MIR	603	-	20	96134993	93564
chr11	96041429	96241429	harbor2	chr11	96135384	96135546	SINE/MIR	603	-	81	96135465	94036
chr11	82529450	82729450	harbor2	chr11	82533585	82533754	SINE/MIR	743	-	84	82533669	4219
chr11	82529450	82729450	harbor2	chr11	82534435	82534634	SINE/MIR	449	-	100	82534535	5085
chr11	82529450	82729450	harbor2	chr11	82540795	82540953	SINE/MIR	537	-	79	82540874	11424
chr11	82529450	82729450	harbor2	chr11	82550500	82550757	SINE/MIR	812	-	128	82550628	21178
chr11	82529450	82729450	harbor2	chr11	82554038	82554215	SINE/MIR	566	-	88	82554126	24676
chr11	82529450	82729450	harbor2	chr11	82555662	82555861	SINE/MIR	512	-	100	82555762	26312
chr11	82529450	82729450	harbor2	chr11	82563740	82563987	SINE/MIR	630	-	124	82563864	34414
chr11	82529450	82729450	harbor2	chr11	82564027	82564188	SINE/MIR	425	-	80	82564107	34657
chr11	82529450	82729450	harbor2	chr11	82565637	82565886	SINE/MIR	598	-	124	82565761	36311
chr11	82529450	82729450	harbor2	chr11	82566602	82566718	SINE/MIR	390	-	58	82566660	37210
chr11	82529450	82729450	harbor2	chr11	82573147	82573347	SINE/MIR	569	-	100	82573247	43797
chr11	82529450	82729450	harbor2	chr11	82574737	82574980	SINE/MIR	570	-	122	82574859	45409
chr11	82529450	82729450	harbor2	chr11	82585349	82585492	SINE/MIR	462	-	72	82585421	55971
chr11	82529450	82729450	harbor2	chr11	82597492	82597624	SINE/MIR	378	-	66	82597558	68108
chr11	82529450	82729450	harbor2	chr11	82599757	82599898	SINE/MIR	457	-	70	82599827	70377
chr11	82529450	82729450	harbor2	chr11	82615505	82615666	SINE/MIR	370	-	80	82615585	86135
chr11	130353639	130553639	harbor2	chr11	130370976	130371182	SINE/MIR	441	-	103	130371079	17440
chr11	130353639	130553639	harbor2	chr11	130393806	130394033	SINE/MIR	640	-	114	130393920	40281
chr11	130353639	130553639	harbor2	chr11	130408208	130408426	SINE/MIR	592	-	109	130408317	54678
chr11	130353639	130553639	harbor2	chr11	130419408	130419551	SINE/MIR	372	-	72	130419480	65841
chr11	130353639	130553639	harbor2	chr11	130419934	130420120	SINE/MIR	529	-	93	130420027	66388
chr11	130353639	130553639	harbor2	chr11	130433041	130433244	SINE/MIR	724	-	102	130433143	79504
chr11	130353639	130553639	harbor2	chr11	130436465	130436664	SINE/MIR	389	-	100	130436565	82926
chr11	130353639	130553639	harbor2	chr11	130445359	130445587	SINE/MIR	609	-	114	130445473	91834
chr11	112454368	112654368	harbor2	chr11	112456039	112456270	SINE/MIR	695	-	116	112456155	1787
chr11	112454368	112654368	harbor2	chr11	112474042	112474209	SINE/MIR	532	-	84	112474126	19758
chr11	112454368	112654368	harbor2	chr11	112481195	112481310	SINE/MIR	373	-	58	112481253	26885
chr11	112454368	112654368	harbor2	chr11	112481507	112481741	SINE/MIR	1053	-	117	112481624	27256
chr11	112454368	112654368	harbor2	chr11	112498235	112498446	SINE/MIR	476	-	106	112498341	43973
chr11	112454368	112654368	harbor2	chr11	112504782	112504920	SINE/MIR	367	-	69	112504851	50483
chr11	112454368	112654368	harbor2	chr11	112521249	112521411	SINE/MIR	416	-	81	112521330	66962
chr11	112454368	112654368	harbor2	chr11	112526428	112526662	SINE/MIR	780	-	117	112526545	72177
chr11	112454368	112654368	harbor2	chr11	112554217	112554454	SINE/MIR	480	-	118	112554335	99967
chr11	60266667	60466667	harbor2	chr11	60278062	60278208	SINE/MIR	542	-	73	60278135	11468
chr11	60266667	60466667	harbor2	chr11	60298438	60298663	SINE/MIR	407	-	112	60298550	31883
chr11	60266667	60466667	harbor2	chr11	60339357	60339566	SINE/MIR	481	-	104	60339461	72794
chr11	85109281	85309281	harbor2	chr11	85112585	85112834	SINE/MIR	571	-	124	85112709	3428
chr11	85109281	85309281	harbor2	chr11	85124405	85124619	SINE/MIR	457	-	107	85124512	15231
chr11	85109281	85309281	harbor2	chr11	85128900	85129116	SINE/MIR	475	-	108	85129008	19727
chr11	85109281	85309281	harbor2	chr11	85137244	85137464	SINE/MIR	411	-	110	85137354	28073
chr11	85109281	85309281	harbor2	chr11	85153055	85153260	SINE/MIR	450	-	102	85153157	43876
chr11	85109281	85309281	harbor2	chr11	85179828	85180038	SINE/MIR	677	-	105	85179933	70652
chr11	85109281	85309281	harbor2	chr11	85180681	85180849	SINE/MIR	369	-	84	85180765	71484
chr11	85109281	85309281	harbor2	chr11	85180852	85180966	SINE/MIR	432	-	57	85180909	71628
chr11	85109281	85309281	harbor2	chr11	85182145	85182339	SINE/MIR	509	-	97	85182242	72961
chr11	85109281	85309281	harbor2	chr11	85183896	85184096	SINE/MIR	392	-	100	85183996	74715
chr11	85109281	85309281	harbor2	chr11	85185787	85186011	SINE/MIR	601	-	112	85185899	76618
chr11	85109281	85309281	harbor2	chr11	85191798	85191954	SINE/MIR	466	-	78	85191876	82595
chr11	85109281	85309281	harbor2	chr11	85208018	85208264	SINE/MIR	565	-	123	85208141	98860
chr11	128510189	128710189	harbor2	chr11	128513287	128513469	SINE/MIR	569	-	91	128513378	3189
chr11	128510189	128710189	harbor2	chr11	128518412	128518633	SINE/MIR	1048	-	110	128518522	8333
chr11	128510189	128710189	harbor2	chr11	128548353	128548484	SINE/MIR	539	-	66	128548419	38230
chr11	128510189	128710189	harbor2	chr11	128552143	128552262	SINE/MIR	405	-	60	128552203	42014
chr11	128510189	128710189	harbor2	chr11	128560425	128560610	SINE/MIR	724	-	92	128560517	50328
chr11	128510189	128710189	harbor2	chr11	128566356	128566501	SINE/MIR	666	-	72	128566428	56239
chr11	128510189	128710189	harbor2	chr11	128566799	128566866	SINE/MIR	666	-	34	128566833	56644
chr11	128510189	128710189	harbor2	chr11	128605710	128605967	SINE/MIR	593	-	128	128605838	95649
chr11	55336962	55536962	harbor2	chr11	55386898	55387136	SINE/MIR	647	-	119	55387017	50055
chr11	55336962	55536962	harbor2	chr11	55428676	55428899	SINE/MIR	480	-	112	55428788	91826
chr11	100170805	100370805	harbor2	chr11	100220650	100220843	SINE/MIR	381	-	96	100220746	49941
chr11	100170805	100370805	harbor2	chr11	100232854	100233014	SINE/MIR	416	-	80	100232934	62129
chr11	130516266	130716266	harbor2	chr11	130548836	130548970	SINE/MIR	380	-	67	130548903	32637
chr11	130516266	130716266	harbor2	chr11	130552667	130552880	SINE/MIR	376	-	106	130552773	36507
chr11	130516266	130716266	harbor2	chr11	130553926	130554045	SINE/MIR	467	-	60	130553986	37720
chr11	130516266	130716266	harbor2	chr11	130555884	130556093	SINE/MIR	379	-	104	130555988	39722
chr11	130516266	130716266	harbor2	chr11	130571763	130571986	SINE/MIR	590	-	112	130571875	55609
chr11	130516266	130716266	harbor2	chr11	130576020	130576223	SINE/MIR	390	-	102	130576122	59856
chr11	130516266	130716266	harbor2	chr11	130576357	130576530	SINE/MIR	375	-	86	130576443	60177
chr11	130516266	130716266	harbor2	chr11	130582201	130582374	SINE/MIR	471	-	86	130582287	66021
chr11	130516266	130716266	harbor2	chr11	130583036	130583201	SINE/MIR	492	-	82	130583118	66852
chr11	130516266	130716266	harbor2	chr11	130595697	130595940	SINE/MIR	459	-	122	130595819	79553
chr11	47531890	47731890	harbor2	chr11	47550841	47551000	SINE/MIR	500	-	80	47550921	19031
chr11	47531890	47731890	harbor2	chr11	47579615	47579854	SINE/MIR	661	-	120	47579735	47845
chr11	47531890	47731890	harbor2	chr11	47593019	47593227	SINE/MIR	376	-	104	47593123	61233
chr11	117881882	118081882	harbor2	chr11	117885225	117885399	SINE/MIR	511	-	87	117885312	3430
chr11	117881882	118081882	harbor2	chr11	117887268	117887492	SINE/MIR	948	-	112	117887380	5498
chr11	117881882	118081882	harbor2	chr11	117897521	117897736	SINE/MIR	593	-	108	117897629	15747
chr11	117881882	118081882	harbor2	chr11	117904380	117904559	SINE/MIR	415	-	90	117904470	22588
chr11	117881882	118081882	harbor2	chr11	117915923	117916061	SINE/MIR	436	-	69	117915992	34110
chr11	117881882	118081882	harbor2	chr11	117916838	117916982	SINE/MIR	418	-	72	117916910	35028
chr11	117881882	118081882	harbor2	chr11	117917497	117917703	SINE/MIR	641	-	103	117917600	35718
chr11	117881882	118081882	harbor2	chr11	117919638	117919849	SINE/MIR	444	-	106	117919744	37862
chr11	117881882	118081882	harbor2	chr11	117921034	117921195	SINE/MIR	578	-	80	117921114	39232
chr11	117881882	118081882	harbor2	chr11	117921261	117921398	SINE/MIR	373	-	68	117921329	39447
chr11	117881882	118081882	harbor2	chr11	117924020	117924062	SINE/MIR	520	-	21	117924041	42159
chr11	117881882	118081882	harbor2	chr11	117924206	117924357	SINE/MIR	520	-	76	117924282	42400
chr11	117881882	118081882	harbor2	chr11	117926890	117926964	SINE/MIR	485	-	37	117926927	45045
chr11	117881882	118081882	harbor2	chr11	117927341	117927411	SINE/MIR	485	-	35	117927376	45494
chr11	117881882	118081882	harbor2	chr11	117930260	117930388	SINE/MIR	383	-	64	117930324	48442
chr11	117881882	118081882	harbor2	chr11	117939260	117939352	SINE/MIR	434	-	46	117939306	57424
chr11	117881882	118081882	harbor2	chr11	117939653	117939784	SINE/MIR	434	-	66	117939719	57837
chr11	117881882	118081882	harbor2	chr11	117949617	117949821	SINE/MIR	702	-	102	117949719	67837
chr11	117881882	118081882	harbor2	chr11	117969056	117969186	SINE/MIR	486	-	65	117969121	87239
chr11	117881882	118081882	harbor2	chr11	117969908	117970029	SINE/MIR	505	-	60	117969968	88086
chr11	117881882	118081882	harbor2	chr11	117970546	117970669	SINE/MIR	398	-	62	117970608	88726
chr11	117881882	118081882	harbor2	chr11	117975920	117976131	SINE/MIR	499	-	106	117976026	94144
chr11	107800525	108000525	harbor2	chr11	107806965	107807146	SINE/MIR	609	-	90	107807055	6530
chr11	107800525	108000525	harbor2	chr11	107837968	107838200	SINE/MIR	1037	-	116	107838084	37559
chr11	107800525	108000525	harbor2	chr11	107856279	107856412	SINE/MIR	406	-	66	107856345	55820
chr11	34617075	34817075	harbor2	chr11	34636155	34636401	SINE/MIR	712	-	123	34636278	19203
chr11	34617075	34817075	harbor2	chr11	34636499	34636719	SINE/MIR	398	-	110	34636609	19534
chr11	34617075	34817075	harbor2	chr11	34640006	34640263	SINE/MIR	382	-	128	34640134	23059
chr11	34617075	34817075	harbor2	chr11	34640878	34641081	SINE/MIR	567	-	102	34640980	23905
chr11	34617075	34817075	harbor2	chr11	34648143	34648270	SINE/MIR	406	-	64	34648207	31132
chr11	34617075	34817075	harbor2	chr11	34664174	34664377	SINE/MIR	509	-	102	34664276	47201
chr11	34617075	34817075	harbor2	chr11	34667065	34667276	SINE/MIR	422	-	106	34667171	50096
chr11	34617075	34817075	harbor2	chr11	34669863	34670040	SINE/MIR	456	-	88	34669951	52876
chr11	34617075	34817075	harbor2	chr11	34680182	34680283	SINE/MIR	524	-	50	34680232	63157
chr11	34617075	34817075	harbor2	chr11	34680802	34681009	SINE/MIR	556	-	104	34680906	63831
chr11	34617075	34817075	harbor2	chr11	34682503	34682722	SINE/MIR	671	-	110	34682613	65538
chr11	73234538	73434538	harbor2	chr11	73238610	73238807	SINE/MIR	401	-	98	73238708	4170
chr11	73234538	73434538	harbor2	chr11	73254509	73254717	SINE/MIR	629	-	104	73254613	20075
chr11	73234538	73434538	harbor2	chr11	73273800	73273826	SINE/MIR	376	-	13	73273813	39275
chr11	73234538	73434538	harbor2	chr11	73274077	73274257	SINE/MIR	418	-	90	73274167	39629
chr11	73234538	73434538	harbor2	chr11	73275827	73276052	SINE/MIR	602	-	112	73275939	41401
chr11	73234538	73434538	harbor2	chr11	73282854	73283058	SINE/MIR	530	-	102	73282956	48418
chr11	73234538	73434538	harbor2	chr11	73294811	73294975	SINE/MIR	693	-	82	73294893	60355
chr11	103565830	103765830	harbor2	chr11	103581365	103581580	SINE/MIR	452	-	108	103581473	15643
chr11	103565830	103765830	harbor2	chr11	103586168	103586383	SINE/MIR	786	-	108	103586276	20446
chr11	103565830	103765830	harbor2	chr11	103586748	103586978	SINE/MIR	601	-	115	103586863	21033
chr11	103565830	103765830	harbor2	chr11	103591084	103591147	SINE/MIR	719	-	32	103591116	25286
chr11	103565830	103765830	harbor2	chr11	103591444	103591620	SINE/MIR	719	-	88	103591532	25702
chr11	103565830	103765830	harbor2	chr11	103607743	103607929	SINE/MIR	386	-	93	103607836	42006
chr11	103565830	103765830	harbor2	chr11	103618910	103619044	SINE/MIR	377	-	67	103618977	53147
chr11	103565830	103765830	harbor2	chr11	103630476	103630639	SINE/MIR	680	-	82	103630558	64728
chr11	103565830	103765830	harbor2	chr11	103635807	103635945	SINE/MIR	483	-	69	103635876	70046
chr11	103565830	103765830	harbor2	chr11	103636253	103636367	SINE/MIR	483	-	57	103636310	70480
chr11	103565830	103765830	harbor2	chr11	103648884	103649064	SINE/MIR	607	-	90	103648974	83144
chr11	103565830	103765830	harbor2	chr11	103653248	103653408	SINE/MIR	478	-	80	103653328	87498
chr11	120334298	120534298	harbor2	chr11	120351779	120351959	SINE/MIR	509	-	90	120351869	17571
chr11	120334298	120534298	harbor2	chr11	120355374	120355563	SINE/MIR	465	-	94	120355468	21170
chr11	120334298	120534298	harbor2	chr11	120357294	120357330	SINE/MIR	383	-	18	120357312	23014
chr11	120334298	120534298	harbor2	chr11	120368473	120368705	SINE/MIR	392	-	116	120368589	34291
chr11	120334298	120534298	harbor2	chr11	120386757	120386932	SINE/MIR	411	-	88	120386845	52547
chr11	120334298	120534298	harbor2	chr11	120401971	120402149	SINE/MIR	447	-	89	120402060	67762
chr11	120334298	120534298	harbor2	chr11	120421290	120421429	SINE/MIR	573	-	70	120421360	87062
chr11	120334298	120534298	harbor2	chr11	120421700	120421734	SINE/MIR	573	-	17	120421717	87419
chr11	120334298	120534298	harbor2	chr11	120430212	120430421	SINE/MIR	595	-	104	120430316	96018
chr11	120334298	120534298	harbor2	chr11	120434217	120434365	SINE/MIR	495	-	74	120434291	99993
chr11	120334298	120534298	harbor2	chr11	120356830	120357014	SINE/MIR	442	-	92	120356922	22624
chr11	99147087	99347087	harbor2	chr11	99170161	99170317	SINE/MIR	491	-	78	99170239	23152
chr11	121465489	121665489	harbor2	chr11	121533259	121533412	SINE/MIR	535	-	76	121533335	67846
chr11	121465489	121665489	harbor2	chr11	121551086	121551302	SINE/MIR	484	-	108	121551194	85705
chr11	121465489	121665489	harbor2	chr11	121562973	121563198	SINE/MIR	421	-	112	121563085	97596
chr11	133830240	134030240	harbor2	chr11	133832005	133832219	SINE/MIR	453	-	107	133832112	1872
chr11	133830240	134030240	harbor2	chr11	133914119	133914350	SINE/MIR	514	-	116	133914235	83995
chr11	133830240	134030240	harbor2	chr11	133922992	133923236	SINE/MIR	390	-	122	133923114	92874
chr11	125433357	125633357	harbor2	chr11	125440637	125440793	SINE/MIR	420	-	78	125440715	7358
chr11	125433357	125633357	harbor2	chr11	125484164	125484400	SINE/MIR	749	-	118	125484282	50925
chr11	125433357	125633357	harbor2	chr11	125515615	125515849	SINE/MIR	539	-	117	125515732	82375
chr11	59194541	59394541	harbor2	chr11	59194508	59194748	SINE/MIR	789	-	120	59194628	87
chr11	59194541	59394541	harbor2	chr11	59204316	59204542	SINE/MIR	585	-	113	59204429	9888
chr11	116593308	116793308	harbor2	chr11	116593899	116594071	SINE/MIR	397	-	86	116593985	677
chr11	116593308	116793308	harbor2	chr11	116596332	116596464	SINE/MIR	502	-	66	116596398	3090
chr11	116593308	116793308	harbor2	chr11	116600557	116600689	SINE/MIR	397	-	66	116600623	7315
chr11	116593308	116793308	harbor2	chr11	116600985	116601022	SINE/MIR	397	-	18	116601003	7695
chr11	116593308	116793308	harbor2	chr11	116604389	116604553	SINE/MIR	470	-	82	116604471	11163
chr11	116593308	116793308	harbor2	chr11	116607715	116607905	SINE/MIR	471	-	95	116607810	14502
chr11	116593308	116793308	harbor2	chr11	116608716	116608907	SINE/MIR	497	-	96	116608812	15504
chr11	116593308	116793308	harbor2	chr11	116609309	116609432	SINE/MIR	548	-	62	116609371	16063
chr11	116593308	116793308	harbor2	chr11	116609741	116609854	SINE/MIR	548	-	56	116609797	16489
chr11	116593308	116793308	harbor2	chr11	116631739	116631970	SINE/MIR	636	-	116	116631855	38547
chr11	116593308	116793308	harbor2	chr11	116638912	116639117	SINE/MIR	456	-	102	116639014	45706
chr11	116593308	116793308	harbor2	chr11	116642330	116642452	SINE/MIR	444	-	61	116642391	49083
chr11	116593308	116793308	harbor2	chr11	116649543	116649653	SINE/MIR	402	-	55	116649598	56290
chr11	116593308	116793308	harbor2	chr11	116652266	116652504	SINE/MIR	571	-	119	116652385	59077
chr11	116593308	116793308	harbor2	chr11	116685949	116686085	SINE/MIR	578	-	68	116686017	92709
chr11	116593308	116793308	harbor2	chr11	116689564	116689759	SINE/MIR	372	-	98	116689662	96354
chr11	116593308	116793308	harbor2	chr11	116691031	116691257	SINE/MIR	544	-	113	116691144	97836
chr11	102035105	102235105	harbor2	chr11	102050191	102050386	SINE/MIR	409	-	98	102050289	15184
chr11	102035105	102235105	harbor2	chr11	102061538	102061721	SINE/MIR	378	-	92	102061630	26525
chr11	102035105	102235105	harbor2	chr11	102080711	102080829	SINE/MIR	371	-	59	102080770	45665
chr11	102035105	102235105	harbor2	chr11	102090282	102090403	SINE/MIR	439	-	60	102090342	55237
chr11	102035105	102235105	harbor2	chr11	102108652	102108872	SINE/MIR	646	-	110	102108762	73657
chr11	126495669	126695669	harbor2	chr11	126496259	126496493	SINE/MIR	793	-	117	126496376	707
chr11	126495669	126695669	harbor2	chr11	126498015	126498101	SINE/MIR	447	-	43	126498058	2389
chr11	126495669	126695669	harbor2	chr11	126514576	126514808	SINE/MIR	871	-	116	126514692	19023
chr11	126495669	126695669	harbor2	chr11	126517766	126517905	SINE/MIR	411	-	70	126517836	22167
chr11	126495669	126695669	harbor2	chr11	126527438	126527580	SINE/MIR	525	-	71	126527509	31840
chr11	126495669	126695669	harbor2	chr11	126527616	126527827	SINE/MIR	402	-	106	126527722	32053
chr11	126495669	126695669	harbor2	chr11	126527928	126528149	SINE/MIR	514	-	110	126528038	32369
chr11	126495669	126695669	harbor2	chr11	126543383	126543523	SINE/MIR	395	-	70	126543453	47784
chr11	126495669	126695669	harbor2	chr11	126546175	126546399	SINE/MIR	403	-	112	126546287	50618
chr11	126495669	126695669	harbor2	chr11	126546752	126546950	SINE/MIR	378	-	99	126546851	51182
chr11	126495669	126695669	harbor2	chr11	126563029	126563251	SINE/MIR	521	-	111	126563140	67471
chr11	126495669	126695669	harbor2	chr11	126566776	126566978	SINE/MIR	409	-	101	126566877	71208
chr11	126495669	126695669	harbor2	chr11	126571499	126571691	SINE/MIR	712	-	96	126571595	75926
chr11	126495669	126695669	harbor2	chr11	126572366	126572507	SINE/MIR	476	-	70	126572436	76767
chr11	126495669	126695669	harbor2	chr11	126578845	126579081	SINE/MIR	397	-	118	126578963	83294
chr11	126495669	126695669	harbor2	chr11	126581956	126582094	SINE/MIR	499	-	69	126582025	86356
chr11	126495669	126695669	harbor2	chr11	126586497	126586681	SINE/MIR	376	-	92	126586589	90920
chr11	126495669	126695669	harbor2	chr11	126591705	126591908	SINE/MIR	391	-	102	126591807	96138
chr11	126495669	126695669	harbor2	chr11	126595492	126595746	SINE/MIR	465	-	127	126595619	99950
chr11	59250997	59450997	harbor2	chr11	59313112	59313316	SINE/MIR	455	-	102	59313214	62217
chr11	115988127	116188127	harbor2	chr11	115988306	115988499	SINE/MIR	541	-	96	115988402	275
chr11	115988127	116188127	harbor2	chr11	115992574	115992837	SINE/MIR	447	-	132	115992706	4579
chr11	115988127	116188127	harbor2	chr11	115999436	115999677	SINE/MIR	840	-	120	115999556	11429
chr11	115988127	116188127	harbor2	chr11	116035590	116035688	SINE/MIR	411	-	49	116035639	47512
chr11	115988127	116188127	harbor2	chr11	116038781	116038977	SINE/MIR	403	-	98	116038879	50752
chr11	115988127	116188127	harbor2	chr11	116086230	116086381	SINE/MIR	411	-	76	116086306	98179
chr11	81291438	81491438	harbor2	chr11	81300519	81300695	SINE/MIR	450	-	88	81300607	9169
chr11	81291438	81491438	harbor2	chr11	81302301	81302542	SINE/MIR	695	-	120	81302421	10983
chr11	81291438	81491438	harbor2	chr11	81344234	81344400	SINE/MIR	458	-	83	81344317	52879
chr11	81291438	81491438	harbor2	chr11	81369530	81369726	SINE/MIR	395	-	98	81369628	78190
chr11	96303532	96503532	harbor2	chr11	96309512	96309657	SINE/MIR	367	-	72	96309584	6052
chr11	96303532	96503532	harbor2	chr11	96310961	96311187	SINE/MIR	666	-	113	96311074	7542
chr11	96303532	96503532	harbor2	chr11	96313037	96313237	SINE/MIR	592	-	100	96313137	9605
chr11	96303532	96503532	harbor2	chr11	96318158	96318377	SINE/MIR	524	-	110	96318268	14736
chr11	96303532	96503532	harbor2	chr11	96330291	96330470	SINE/MIR	523	-	90	96330381	26849
chr11	96303532	96503532	harbor2	chr11	96334302	96334541	SINE/MIR	651	-	120	96334422	30890
chr11	96303532	96503532	harbor2	chr11	96348455	96348625	SINE/MIR	455	-	85	96348540	45008
chr11	96303532	96503532	harbor2	chr11	96355419	96355634	SINE/MIR	657	-	108	96355527	51995
chr11	96303532	96503532	harbor2	chr11	96375517	96375749	SINE/MIR	677	-	116	96375633	72101
chr11	96303532	96503532	harbor2	chr11	96387409	96387600	SINE/MIR	554	-	96	96387505	83973
chr11	68273088	68473088	harbor2	chr11	68297263	68297344	SINE/MIR	367	-	40	68297303	24215
chr11	68273088	68473088	harbor2	chr11	68297645	68297748	SINE/MIR	367	-	52	68297697	24609
chr11	68273088	68473088	harbor2	chr11	68307865	68307963	SINE/MIR	380	-	49	68307914	34826
chr11	68273088	68473088	harbor2	chr11	68311714	68311883	SINE/MIR	413	-	84	68311798	38710
chr11	68273088	68473088	harbor2	chr11	68329248	68329468	SINE/MIR	633	-	110	68329358	56270
chr11	68273088	68473088	harbor2	chr11	68340487	68340620	SINE/MIR	395	-	66	68340553	67465
chr11	15935050	16135050	harbor2	chr11	15936537	15936773	SINE/MIR	526	-	118	15936655	1605
chr11	15935050	16135050	harbor2	chr11	15938945	15939186	SINE/MIR	725	-	120	15939065	4015
chr11	15935050	16135050	harbor2	chr11	15956130	15956303	SINE/MIR	611	-	86	15956216	21166
chr11	15935050	16135050	harbor2	chr11	15965290	15965504	SINE/MIR	569	-	107	15965397	30347
chr11	15935050	16135050	harbor2	chr11	15975577	15975777	SINE/MIR	665	-	100	15975677	40627
chr11	15935050	16135050	harbor2	chr11	15981835	15982139	SINE/MIR	599	-	152	15981987	46937
chr11	15935050	16135050	harbor2	chr11	15984850	15985077	SINE/MIR	657	-	114	15984964	49914
chr11	15935050	16135050	harbor2	chr11	16001301	16001535	SINE/MIR	579	-	117	16001418	66368
chr11	15935050	16135050	harbor2	chr11	16004144	16004326	SINE/MIR	390	-	91	16004235	69185
chr11	15935050	16135050	harbor2	chr11	16033247	16033375	SINE/MIR	426	-	64	16033311	98261
chr11	134025000	134225000	harbor2	chr11	134027620	134027804	SINE/MIR	503	-	92	134027712	2712
chr11	134025000	134225000	harbor2	chr11	134028220	134028464	SINE/MIR	397	-	122	134028342	3342
chr11	134025000	134225000	harbor2	chr11	134030220	134030435	SINE/MIR	667	-	108	134030328	5328
chr11	134025000	134225000	harbor2	chr11	134039665	134039862	SINE/MIR	460	-	98	134039763	14763
chr11	134025000	134225000	harbor2	chr11	134071147	134071301	SINE/MIR	451	-	77	134071224	46224
chr11	134025000	134225000	harbor2	chr11	134100650	134100868	SINE/MIR	496	-	109	134100759	75759
chr11	134025000	134225000	harbor2	chr11	134101728	134101798	SINE/MIR	417	-	35	134101763	76763
chr11	134025000	134225000	harbor2	chr11	134102060	134102195	SINE/MIR	417	-	68	134102128	77128
chr11	134025000	134225000	harbor2	chr11	134112555	134112782	SINE/MIR	572	-	114	134112669	87669
chr11	134125356	134325356	harbor2	chr11	134207948	134208138	SINE/MIR	394	-	95	134208043	82687
chr11	134125356	134325356	harbor2	chr11	134222823	134223064	SINE/MIR	599	-	120	134222943	97587
chr11	127026399	127226399	harbor2	chr11	127034360	127034583	SINE/MIR	655	-	112	127034472	8073
chr11	127026399	127226399	harbor2	chr11	127036505	127036708	SINE/MIR	590	-	102	127036607	10208
chr11	127026399	127226399	harbor2	chr11	127050040	127050234	SINE/MIR	406	-	97	127050137	23738
chr11	127026399	127226399	harbor2	chr11	127051026	127051205	SINE/MIR	652	-	90	127051116	24717
chr11	127026399	127226399	harbor2	chr11	127063445	127063633	SINE/MIR	425	-	94	127063539	37140
chr11	127026399	127226399	harbor2	chr11	127071306	127071402	SINE/MIR	433	-	48	127071354	44955
chr11	127026399	127226399	harbor2	chr11	127077725	127077885	SINE/MIR	426	-	80	127077805	51406
chr11	127026399	127226399	harbor2	chr11	127124255	127124449	SINE/MIR	602	-	97	127124352	97953
chr11	107303657	107503657	harbor2	chr11	107356689	107356755	SINE/MIR	406	-	33	107356722	53065
chr11	107303657	107503657	harbor2	chr11	107357080	107357174	SINE/MIR	406	-	47	107357127	53470
chr11	125207210	125407210	harbor2	chr11	125213956	125214164	SINE/MIR	598	-	104	125214060	6850
chr11	125207210	125407210	harbor2	chr11	125217758	125217949	SINE/MIR	379	-	96	125217854	10644
chr11	125207210	125407210	harbor2	chr11	125231010	125231196	SINE/MIR	581	-	93	125231103	23893
chr11	125207210	125407210	harbor2	chr11	125232340	125232567	SINE/MIR	735	-	114	125232454	25244
chr11	125207210	125407210	harbor2	chr11	125238334	125238560	SINE/MIR	557	-	113	125238447	31237
chr11	125207210	125407210	harbor2	chr11	125245283	125245485	SINE/MIR	609	-	101	125245384	38174
chr11	125207210	125407210	harbor2	chr11	125266218	125266298	SINE/MIR	395	-	40	125266258	59048
chr11	125207210	125407210	harbor2	chr11	125272311	125272538	SINE/MIR	583	-	114	125272425	65215
chr11	125207210	125407210	harbor2	chr11	125274068	125274287	SINE/MIR	437	-	110	125274178	66968
chr11	125207210	125407210	harbor2	chr11	125278737	125278911	SINE/MIR	541	-	87	125278824	71614
chr11	125207210	125407210	harbor2	chr11	125287070	125287285	SINE/MIR	723	-	108	125287178	79968
chr11	125207210	125407210	harbor2	chr11	125297078	125297208	SINE/MIR	393	-	65	125297143	89933
chr11	125207210	125407210	harbor2	chr11	125300300	125300528	SINE/MIR	967	-	114	125300414	93204
chr11	125207210	125407210	harbor2	chr11	125303193	125303438	SINE/MIR	597	-	122	125303315	96105
chr11	125207210	125407210	harbor2	chr11	125304948	125305077	SINE/MIR	404	-	64	125305012	97802
chr11	44457288	44657288	harbor2	chr11	44463480	44463588	SINE/MIR	535	-	54	44463534	6246
chr11	44457288	44657288	harbor2	chr11	44464997	44465137	SINE/MIR	401	-	70	44465067	7779
chr11	44457288	44657288	harbor2	chr11	44469292	44469497	SINE/MIR	871	-	102	44469394	12106
chr11	44457288	44657288	harbor2	chr11	44470764	44470991	SINE/MIR	501	-	114	44470878	13590
chr11	44457288	44657288	harbor2	chr11	44472106	44472274	SINE/MIR	672	-	84	44472190	14902
chr11	44457288	44657288	harbor2	chr11	44474416	44474636	SINE/MIR	461	-	110	44474526	17238
chr11	44457288	44657288	harbor2	chr11	44480541	44480664	SINE/MIR	402	-	62	44480603	23315
chr11	44457288	44657288	harbor2	chr11	44484622	44484803	SINE/MIR	439	-	90	44484712	27424
chr11	44457288	44657288	harbor2	chr11	44497814	44498034	SINE/MIR	396	-	110	44497924	40636
chr11	44457288	44657288	harbor2	chr11	44499231	44499351	SINE/MIR	415	-	60	44499291	42003
chr11	44457288	44657288	harbor2	chr11	44502189	44502400	SINE/MIR	569	-	106	44502295	45007
chr11	44457288	44657288	harbor2	chr11	44511357	44511481	SINE/MIR	386	-	62	44511419	54131
chr11	44457288	44657288	harbor2	chr11	44521200	44521442	SINE/MIR	555	-	121	44521321	64033
chr11	44457288	44657288	harbor2	chr11	44528807	44528915	SINE/MIR	442	-	54	44528861	71573
chr11	44457288	44657288	harbor2	chr11	44536567	44536670	SINE/MIR	451	-	52	44536619	79331
chr11	44457288	44657288	harbor2	chr11	44539256	44539511	SINE/MIR	1028	-	128	44539384	82096
chr11	132267467	132467467	harbor2	chr11	132300278	132300422	SINE/MIR	437	-	72	132300350	32883
chr11	132267467	132467467	harbor2	chr11	132359724	132359974	SINE/MIR	496	-	125	132359849	92382
chr11	50130739	50330739	harbor2	chr11	50141251	50141319	SINE/MIR	397	-	34	50141285	10546
chr11	50130739	50330739	harbor2	chr11	50141644	50141771	SINE/MIR	397	-	64	50141708	10969
chr11	50130739	50330739	harbor2	chr11	50146689	50146882	SINE/MIR	591	-	96	50146785	16046
chr11	50130739	50330739	harbor2	chr11	50161773	50162018	SINE/MIR	613	-	122	50161895	31156
chr11	50130739	50330739	harbor2	chr11	50210580	50210708	SINE/MIR	439	-	64	50210644	79905
chr11	50130739	50330739	harbor2	chr11	50224801	50225008	SINE/MIR	617	-	104	50224905	94166
chr11	131109189	131309189	harbor2	chr11	131145566	131145807	SINE/MIR	440	-	120	131145686	36497
chr11	131109189	131309189	harbor2	chr11	131155451	131155622	SINE/MIR	541	-	86	131155537	46348
chr11	131109189	131309189	harbor2	chr11	131181376	131181538	SINE/MIR	368	-	81	131181457	72268
chr11	131109189	131309189	harbor2	chr11	131181902	131182072	SINE/MIR	507	-	85	131181987	72798
chr11	131109189	131309189	harbor2	chr11	131184796	131185000	SINE/MIR	427	-	102	131184898	75709
chr11	131109189	131309189	harbor2	chr11	131193931	131194151	SINE/MIR	370	-	110	131194041	84852
chr11	105300891	105500891	harbor2	chr11	105381100	105381258	SINE/MIR	491	-	79	105381179	80288
chr11	134840767	135040767	harbor2	chr11	134883814	134883886	SINE/MIR	586	-	36	134883850	43083
chr11	134840767	135040767	harbor2	chr11	134884243	134884421	SINE/MIR	586	-	89	134884332	43565
chr11	134840767	135040767	harbor2	chr11	134921679	134921873	SINE/MIR	412	-	97	134921776	81009
chr11	116746118	116946118	harbor2	chr11	116746732	116746948	SINE/MIR	944	-	108	116746840	722
chr11	116746118	116946118	harbor2	chr11	116760182	116760426	SINE/MIR	855	-	122	116760304	14186
chr11	116746118	116946118	harbor2	chr11	116763442	116763682	SINE/MIR	562	-	120	116763562	17444
chr11	116746118	116946118	harbor2	chr11	116763874	116764090	SINE/MIR	758	-	108	116763982	17864
chr11	116746118	116946118	harbor2	chr11	116766210	116766412	SINE/MIR	663	-	101	116766311	20193
chr11	116746118	116946118	harbor2	chr11	116771499	116771687	SINE/MIR	670	-	94	116771593	25475
chr11	116746118	116946118	harbor2	chr11	116773837	116773990	SINE/MIR	439	-	76	116773913	27795
chr11	116746118	116946118	harbor2	chr11	116808361	116808566	SINE/MIR	525	-	102	116808463	62345
chr11	116746118	116946118	harbor2	chr11	116819385	116819600	SINE/MIR	400	-	108	116819493	73375
chr11	116746118	116946118	harbor2	chr11	116830200	116830385	SINE/MIR	402	-	92	116830292	84174
chr11	116746118	116946118	harbor2	chr11	116832240	116832350	SINE/MIR	561	-	55	116832295	86177
chr11	116746118	116946118	harbor2	chr11	116833874	116833974	SINE/MIR	395	-	50	116833924	87806
chr11	119072439	119272439	harbor2	chr11	119087440	119087593	SINE/MIR	370	-	76	119087516	15077
chr11	119072439	119272439	harbor2	chr11	119126429	119126598	SINE/MIR	414	-	84	119126513	54074
chr11	119072439	119272439	harbor2	chr11	119128919	119129025	SINE/MIR	510	-	53	119128972	56533
chr11	119072439	119272439	harbor2	chr11	119132145	119132353	SINE/MIR	882	-	104	119132249	59810
chr11	119072439	119272439	harbor2	chr11	119150588	119150812	SINE/MIR	714	-	112	119150700	78261
chr11	119072439	119272439	harbor2	chr11	119151578	119151809	SINE/MIR	426	-	116	119151694	79255
chr11	119072439	119272439	harbor2	chr11	119153076	119153328	SINE/MIR	1328	-	126	119153202	80763
chr11	119072439	119272439	harbor2	chr11	119163130	119163336	SINE/MIR	519	-	103	119163233	90794
chr11	134811151	135011151	harbor2	chr11	134810968	134811192	SINE/MIR	466	-	112	134811080	71
chr11	134811151	135011151	harbor2	chr11	134826051	134826218	SINE/MIR	487	-	84	134826135	14984
chr11	134811151	135011151	harbor2	chr11	134883814	134883886	SINE/MIR	586	-	36	134883850	72699
chr11	134811151	135011151	harbor2	chr11	134884243	134884421	SINE/MIR	586	-	89	134884332	73181
chr11	89793894	89993894	harbor2	chr11	89880491	89880728	SINE/MIR	863	-	118	89880609	86715
chr11	84027708	84227708	harbor2	chr11	84057698	84057942	SINE/MIR	942	-	122	84057820	30112
chr11	84027708	84227708	harbor2	chr11	84061319	84061562	SINE/MIR	376	-	122	84061441	33733
chr11	84027708	84227708	harbor2	chr11	84092325	84092538	SINE/MIR	568	-	106	84092431	64723
chr11	84027708	84227708	harbor2	chr11	84095259	84095466	SINE/MIR	484	-	104	84095363	67655
chr11	84027708	84227708	harbor2	chr11	84104823	84105090	SINE/MIR	399	-	134	84104957	77249
chr11	96982112	97182112	harbor2	chr11	97005841	97006032	SINE/MIR	616	-	96	97005937	23825
chr11	96982112	97182112	harbor2	chr11	97080371	97080492	SINE/MIR	399	-	60	97080431	98319
chr11	131765004	131965004	harbor2	chr11	131806565	131806724	SINE/MIR	528	-	80	131806645	41641
chr11	131765004	131965004	harbor2	chr11	131833312	131833506	SINE/MIR	688	-	97	131833409	68405
chr11	131765004	131965004	harbor2	chr11	131834651	131834832	SINE/MIR	547	-	90	131834741	69737
chr11	101791681	101991681	harbor2	chr11	101805296	101805350	SINE/MIR	420	-	27	101805323	13642
chr11	101791681	101991681	harbor2	chr11	101805634	101805795	SINE/MIR	420	-	80	101805714	14033
chr11	101791681	101991681	harbor2	chr11	101807229	101807390	SINE/MIR	500	-	80	101807309	15628
chr11	101791681	101991681	harbor2	chr11	101809669	101809917	SINE/MIR	919	-	124	101809793	18112
chr11	131041936	131241936	harbor2	chr11	131071019	131071243	SINE/MIR	787	-	112	131071131	29195
chr11	131041936	131241936	harbor2	chr11	131075040	131075236	SINE/MIR	500	-	98	131075138	33202
chr11	131041936	131241936	harbor2	chr11	131094791	131095035	SINE/MIR	522	-	122	131094913	52977
chr11	131041936	131241936	harbor2	chr11	131097686	131097895	SINE/MIR	399	-	104	131097790	55854
chr11	131041936	131241936	harbor2	chr11	131103285	131103460	SINE/MIR	367	-	88	131103373	61437
chr11	131041936	131241936	harbor2	chr11	131108217	131108456	SINE/MIR	689	-	120	131108337	66401
chr11	134755098	134955098	harbor2	chr11	134810968	134811192	SINE/MIR	466	-	112	134811080	55982
chr11	134755098	134955098	harbor2	chr11	134826051	134826218	SINE/MIR	487	-	84	134826135	71037
chr11	111268056	111468056	harbor2	chr11	111278144	111278319	SINE/MIR	472	-	88	111278232	10176
chr11	111268056	111468056	harbor2	chr11	111309850	111310053	SINE/MIR	375	-	102	111309952	41896
chr11	111268056	111468056	harbor2	chr11	111311589	111311852	SINE/MIR	417	-	132	111311721	43665
chr11	111268056	111468056	harbor2	chr11	111321837	111322047	SINE/MIR	723	-	105	111321942	53886
chr11	111268056	111468056	harbor2	chr11	111327721	111327900	SINE/MIR	463	-	90	111327811	59755
chr11	111268056	111468056	harbor2	chr11	111330297	111330459	SINE/MIR	597	-	81	111330378	62322
chr11	111268056	111468056	harbor2	chr11	111332863	111333100	SINE/MIR	379	-	118	111332981	64925
chr11	111268056	111468056	harbor2	chr11	111336104	111336307	SINE/MIR	622	-	102	111336206	68150
chr11	111268056	111468056	harbor2	chr11	111356728	111356935	SINE/MIR	855	-	104	111356832	88776
chr11	125481315	125681315	harbor2	chr11	125484164	125484400	SINE/MIR	749	-	118	125484282	2967
chr11	125481315	125681315	harbor2	chr11	125515615	125515849	SINE/MIR	539	-	117	125515732	34417
chr11	125481315	125681315	harbor2	chr11	125577726	125577880	SINE/MIR	374	-	77	125577803	96488
chr11	130506283	130706283	harbor2	chr11	130509893	130510093	SINE/MIR	366	-	100	130509993	3710
chr11	130506283	130706283	harbor2	chr11	130548836	130548970	SINE/MIR	380	-	67	130548903	42620
chr11	130506283	130706283	harbor2	chr11	130552667	130552880	SINE/MIR	376	-	106	130552773	46490
chr11	130506283	130706283	harbor2	chr11	130553926	130554045	SINE/MIR	467	-	60	130553986	47703
chr11	130506283	130706283	harbor2	chr11	130555884	130556093	SINE/MIR	379	-	104	130555988	49705
chr11	130506283	130706283	harbor2	chr11	130571763	130571986	SINE/MIR	590	-	112	130571875	65592
chr11	130506283	130706283	harbor2	chr11	130576020	130576223	SINE/MIR	390	-	102	130576122	69839
chr11	130506283	130706283	harbor2	chr11	130576357	130576530	SINE/MIR	375	-	86	130576443	70160
chr11	130506283	130706283	harbor2	chr11	130582201	130582374	SINE/MIR	471	-	86	130582287	76004
chr11	130506283	130706283	harbor2	chr11	130583036	130583201	SINE/MIR	492	-	82	130583118	76835
chr11	130506283	130706283	harbor2	chr11	130595697	130595940	SINE/MIR	459	-	122	130595819	89536
chr11	120339062	120539062	harbor2	chr11	120351779	120351959	SINE/MIR	509	-	90	120351869	12807
chr11	120339062	120539062	harbor2	chr11	120355374	120355563	SINE/MIR	465	-	94	120355468	16406
chr11	120339062	120539062	harbor2	chr11	120357294	120357330	SINE/MIR	383	-	18	120357312	18250
chr11	120339062	120539062	harbor2	chr11	120368473	120368705	SINE/MIR	392	-	116	120368589	29527
chr11	120339062	120539062	harbor2	chr11	120386757	120386932	SINE/MIR	411	-	88	120386845	47783
chr11	120339062	120539062	harbor2	chr11	120401971	120402149	SINE/MIR	447	-	89	120402060	62998
chr11	120339062	120539062	harbor2	chr11	120421290	120421429	SINE/MIR	573	-	70	120421360	82298
chr11	120339062	120539062	harbor2	chr11	120421700	120421734	SINE/MIR	573	-	17	120421717	82655
chr11	120339062	120539062	harbor2	chr11	120430212	120430421	SINE/MIR	595	-	104	120430316	91254
chr11	120339062	120539062	harbor2	chr11	120434217	120434365	SINE/MIR	495	-	74	120434291	95229
chr11	120339062	120539062	harbor2	chr11	120356830	120357014	SINE/MIR	442	-	92	120356922	17860
chr11	101353004	101553004	harbor2	chr11	101373414	101373586	SINE/MIR	370	-	86	101373500	20496
chr11	101353004	101553004	harbor2	chr11	101441573	101441770	SINE/MIR	448	-	98	101441671	88667
chr11	101353004	101553004	harbor2	chr11	101446768	101446959	SINE/MIR	617	-	96	101446864	93860
chr11	132897692	133097692	harbor2	chr11	132932752	132932987	SINE/MIR	552	-	118	132932870	35178
chr11	132897692	133097692	harbor2	chr11	132964822	132964972	SINE/MIR	414	-	75	132964897	67205
chr11	132897692	133097692	harbor2	chr11	132994866	132995058	SINE/MIR	433	-	96	132994962	97270
chr11	62187982	62387982	harbor2	chr11	62266705	62266916	SINE/MIR	376	-	106	62266811	78829
chr11	130335148	130535148	harbor2	chr11	130342164	130342341	SINE/MIR	748	-	88	130342252	7104
chr11	130335148	130535148	harbor2	chr11	130342650	130342722	SINE/MIR	748	-	36	130342686	7538
chr11	130335148	130535148	harbor2	chr11	130370976	130371182	SINE/MIR	441	-	103	130371079	35931
chr11	130335148	130535148	harbor2	chr11	130393806	130394033	SINE/MIR	640	-	114	130393920	58772
chr11	130335148	130535148	harbor2	chr11	130408208	130408426	SINE/MIR	592	-	109	130408317	73169
chr11	130335148	130535148	harbor2	chr11	130419408	130419551	SINE/MIR	372	-	72	130419480	84332
chr11	130335148	130535148	harbor2	chr11	130419934	130420120	SINE/MIR	529	-	93	130420027	84879
chr11	130335148	130535148	harbor2	chr11	130433041	130433244	SINE/MIR	724	-	102	130433143	97995
chr11	24674604	24874604	harbor2	chr11	24687390	24687582	SINE/MIR	548	-	96	24687486	12882
chr11	24674604	24874604	harbor2	chr11	24688158	24688378	SINE/MIR	578	-	110	24688268	13664
chr11	24674604	24874604	harbor2	chr11	24732793	24732982	SINE/MIR	453	-	94	24732887	58283
chr11	24674604	24874604	harbor2	chr11	24737140	24737316	SINE/MIR	381	-	88	24737228	62624
chr11	110193500	110393500	harbor2	chr11	110193655	110193803	SINE/MIR	574	-	74	110193729	229
chr11	110193500	110393500	harbor2	chr11	110220260	110220497	SINE/MIR	452	-	118	110220378	26878
chr11	110193500	110393500	harbor2	chr11	110236519	110236626	SINE/MIR	372	-	54	110236573	43073
chr11	110193500	110393500	harbor2	chr11	110236920	110237020	SINE/MIR	372	-	50	110236970	43470
chr11	110193500	110393500	harbor2	chr11	110251384	110251591	SINE/MIR	434	-	104	110251488	57988
chr11	110193500	110393500	harbor2	chr11	110262723	110262855	SINE/MIR	504	-	66	110262789	69289
chr11	110193500	110393500	harbor2	chr11	110270526	110270725	SINE/MIR	625	-	100	110270626	77126
chr11	110193500	110393500	harbor2	chr11	110272778	110272945	SINE/MIR	395	-	84	110272862	79362
chr11	110193500	110393500	harbor2	chr11	110273236	110273302	SINE/MIR	381	-	33	110273269	79769
chr11	25785849	25985849	harbor2	chr11	25846253	25846480	SINE/MIR	438	-	114	25846367	60518
chr11	25785849	25985849	harbor2	chr11	25873912	25874039	SINE/MIR	413	-	64	25873976	88127
chr11	122753206	122953206	harbor2	chr11	122754765	122754946	SINE/MIR	482	-	90	122754855	1649
chr11	122753206	122953206	harbor2	chr11	122762931	122763094	SINE/MIR	520	-	82	122763013	9807
chr11	122753206	122953206	harbor2	chr11	122833869	122834101	SINE/MIR	735	-	116	122833985	80779
chr11	122753206	122953206	harbor2	chr11	122835204	122835360	SINE/MIR	395	-	78	122835282	82076
chr11	122753206	122953206	harbor2	chr11	122847063	122847277	SINE/MIR	573	-	107	122847170	93964
chr11	36334086	36534086	harbor2	chr11	36340464	36340648	SINE/MIR	372	-	92	36340556	6470
chr11	36334086	36534086	harbor2	chr11	36343712	36343876	SINE/MIR	412	-	82	36343794	9708
chr11	36334086	36534086	harbor2	chr11	36355330	36355536	SINE/MIR	557	-	103	36355433	21347
chr11	36334086	36534086	harbor2	chr11	36374700	36374901	SINE/MIR	632	-	100	36374800	40714
chr11	36334086	36534086	harbor2	chr11	36378730	36378941	SINE/MIR	373	-	106	36378836	44750
chr11	36334086	36534086	harbor2	chr11	36379829	36379991	SINE/MIR	451	-	81	36379910	45824
chr11	36334086	36534086	harbor2	chr11	36389373	36389595	SINE/MIR	469	-	111	36389484	55398
chr11	36334086	36534086	harbor2	chr11	36394296	36394441	SINE/MIR	465	-	72	36394368	60282
chr11	36334086	36534086	harbor2	chr11	36394889	36394943	SINE/MIR	465	-	27	36394916	60830
chr11	36334086	36534086	harbor2	chr11	36396589	36396767	SINE/MIR	665	-	89	36396678	62592
chr11	36334086	36534086	harbor2	chr11	36409691	36409900	SINE/MIR	841	-	104	36409795	75709
chr11	36334086	36534086	harbor2	chr11	36411948	36412204	SINE/MIR	686	-	128	36412076	77990
chr11	36334086	36534086	harbor2	chr11	36425174	36425372	SINE/MIR	562	-	99	36425273	91187
chr11	36334086	36534086	harbor2	chr11	36430669	36430874	SINE/MIR	425	-	102	36430771	96685
chr11	36334086	36534086	harbor2	chr11	36339504	36339731	SINE/MIR	881	-	114	36339618	5532
chr11	39441878	39641878	harbor2	chr11	39443119	39443278	SINE/MIR	432	-	80	39443199	1321
chr11	39441878	39641878	harbor2	chr11	39466756	39466912	SINE/MIR	394	-	78	39466834	24956
chr11	39441878	39641878	harbor2	chr11	39483030	39483173	SINE/MIR	409	-	72	39483102	41224
chr11	39441878	39641878	harbor2	chr11	39487103	39487271	SINE/MIR	491	-	84	39487187	45309
chr11	39441878	39641878	harbor2	chr11	39497566	39497666	SINE/MIR	452	-	50	39497616	55738
chr11	129314371	129514371	harbor2	chr11	129365507	129365649	SINE/MIR	437	-	71	129365578	51207
chr11	129314371	129514371	harbor2	chr11	129387834	129388005	SINE/MIR	420	-	86	129387920	73549
chr11	129314371	129514371	harbor2	chr11	129392558	129392602	SINE/MIR	443	-	22	129392580	78209
chr11	129314371	129514371	harbor2	chr11	129392910	129392983	SINE/MIR	443	-	36	129392946	78575
chr11	129314371	129514371	harbor2	chr11	129406237	129406416	SINE/MIR	397	-	90	129406327	91956
chr11	129314371	129514371	harbor2	chr11	129413130	129413360	SINE/MIR	564	-	115	129413245	98874
chr11	129314371	129514371	harbor2	chr11	129318840	129319068	SINE/MIR	560	-	114	129318954	4583
chr11	128841021	129041021	harbor2	chr11	128849154	128849266	SINE/MIR	427	-	56	128849210	8189
chr11	128841021	129041021	harbor2	chr11	128858655	128858808	SINE/MIR	367	-	76	128858731	17710
chr11	128841021	129041021	harbor2	chr11	128859085	128859267	SINE/MIR	521	-	91	128859176	18155
chr11	128841021	129041021	harbor2	chr11	128859547	128859577	SINE/MIR	521	-	15	128859562	18541
chr11	128841021	129041021	harbor2	chr11	128892553	128892728	SINE/MIR	390	-	88	128892641	51620
chr11	128841021	129041021	harbor2	chr11	128906100	128906297	SINE/MIR	509	-	98	128906198	65177
chr11	128841021	129041021	harbor2	chr11	128912377	128912500	SINE/MIR	390	-	62	128912439	71418
chr11	128841021	129041021	harbor2	chr11	128912809	128912966	SINE/MIR	390	-	78	128912887	71866
chr11	128841021	129041021	harbor2	chr11	128935952	128936196	SINE/MIR	744	-	122	128936074	95053
chr11	72616375	72816375	harbor2	chr11	72628631	72628794	SINE/MIR	479	-	82	72628713	12338
chr11	72616375	72816375	harbor2	chr11	72645784	72645974	SINE/MIR	606	-	95	72645879	29504
chr11	72616375	72816375	harbor2	chr11	72646298	72646517	SINE/MIR	579	-	110	72646408	30033
chr11	72616375	72816375	harbor2	chr11	72652617	72652803	SINE/MIR	544	-	93	72652710	36335
chr11	72616375	72816375	harbor2	chr11	72658997	72659202	SINE/MIR	577	-	102	72659099	42724
chr11	72616375	72816375	harbor2	chr11	72660513	72660700	SINE/MIR	569	-	94	72660607	44232
chr11	72616375	72816375	harbor2	chr11	72668994	72669247	SINE/MIR	461	-	126	72669120	52745
chr11	72616375	72816375	harbor2	chr11	72682535	72682707	SINE/MIR	531	-	86	72682621	66246
chr11	72616375	72816375	harbor2	chr11	72709208	72709371	SINE/MIR	492	-	82	72709290	92915
chr11	96809802	97009802	harbor2	chr11	96886505	96886688	SINE/MIR	587	-	92	96886597	76795
chr11	96809802	97009802	harbor2	chr11	96892130	96892384	SINE/MIR	1045	-	127	96892257	82455
chr11	122206826	122406826	harbor2	chr11	122220210	122220429	SINE/MIR	637	-	110	122220320	13494
chr11	122206826	122406826	harbor2	chr11	122220986	122221157	SINE/MIR	409	-	86	122221072	14246
chr11	122206826	122406826	harbor2	chr11	122222059	122222262	SINE/MIR	539	-	102	122222161	15335
chr11	122206826	122406826	harbor2	chr11	122226144	122226369	SINE/MIR	621	-	112	122226256	19430
chr11	122206826	122406826	harbor2	chr11	122228310	122228462	SINE/MIR	539	-	76	122228386	21560
chr11	122206826	122406826	harbor2	chr11	122228757	122228829	SINE/MIR	539	-	36	122228793	21967
chr11	122206826	122406826	harbor2	chr11	122239922	122240080	SINE/MIR	524	-	79	122240001	33175
chr11	122206826	122406826	harbor2	chr11	122267538	122267761	SINE/MIR	613	-	112	122267650	60824
chr11	122206826	122406826	harbor2	chr11	122268499	122268724	SINE/MIR	848	-	112	122268611	61785
chr11	122206826	122406826	harbor2	chr11	122271789	122272025	SINE/MIR	650	-	118	122271907	65081
chr11	122206826	122406826	harbor2	chr11	122282288	122282423	SINE/MIR	426	-	68	122282356	75530
chr11	122206826	122406826	harbor2	chr11	122283046	122283266	SINE/MIR	374	-	110	122283156	76330
chr11	133566798	133766798	harbor2	chr11	133587634	133587851	SINE/MIR	632	-	108	133587742	20944
chr11	133566798	133766798	harbor2	chr11	133589742	133589940	SINE/MIR	383	-	99	133589841	23043
chr11	133566798	133766798	harbor2	chr11	133595544	133595727	SINE/MIR	674	-	92	133595636	28838
chr11	133566798	133766798	harbor2	chr11	133604692	133604918	SINE/MIR	598	-	113	133604805	38007
chr11	133566798	133766798	harbor2	chr11	133633202	133633450	SINE/MIR	736	-	124	133633326	66528
chr11	133566798	133766798	harbor2	chr11	133595027	133595208	SINE/MIR	502	-	90	133595117	28319
chr11	121443829	121643829	harbor2	chr11	121444298	121444542	SINE/MIR	549	-	122	121444420	591
chr11	121443829	121643829	harbor2	chr11	121449668	121449866	SINE/MIR	639	-	99	121449767	5938
chr11	121443829	121643829	harbor2	chr11	121461918	121462099	SINE/MIR	585	-	90	121462008	18179
chr11	121443829	121643829	harbor2	chr11	121533259	121533412	SINE/MIR	535	-	76	121533335	89506
chr11	119124851	119324851	harbor2	chr11	119126429	119126598	SINE/MIR	414	-	84	119126513	1662
chr11	119124851	119324851	harbor2	chr11	119128919	119129025	SINE/MIR	510	-	53	119128972	4121
chr11	119124851	119324851	harbor2	chr11	119132145	119132353	SINE/MIR	882	-	104	119132249	7398
chr11	119124851	119324851	harbor2	chr11	119150588	119150812	SINE/MIR	714	-	112	119150700	25849
chr11	119124851	119324851	harbor2	chr11	119151578	119151809	SINE/MIR	426	-	116	119151694	26843
chr11	119124851	119324851	harbor2	chr11	119153076	119153328	SINE/MIR	1328	-	126	119153202	28351
chr11	119124851	119324851	harbor2	chr11	119163130	119163336	SINE/MIR	519	-	103	119163233	38382
chr11	119124851	119324851	harbor2	chr11	119175885	119176100	SINE/MIR	644	-	108	119175993	51142
chr11	119124851	119324851	harbor2	chr11	119221839	119222003	SINE/MIR	421	-	82	119221921	97070
chr11	134582088	134782088	harbor2	chr11	134595432	134595566	SINE/MIR	385	-	67	134595499	13411
chr11	134582088	134782088	harbor2	chr11	134665963	134666200	SINE/MIR	395	-	118	134666081	83993
chr11	134227707	134427707	harbor2	chr11	134234217	134234395	SINE/MIR	406	-	89	134234306	6599
chr11	134227707	134427707	harbor2	chr11	134244338	134244516	SINE/MIR	424	-	89	134244427	16720
chr11	134227707	134427707	harbor2	chr11	134308718	134308937	SINE/MIR	482	-	110	134308828	81121
chr11	72482129	72682129	harbor2	chr11	72482628	72482741	SINE/MIR	434	-	56	72482684	555
chr11	72482129	72682129	harbor2	chr11	72483042	72483112	SINE/MIR	434	-	35	72483077	948
chr11	72482129	72682129	harbor2	chr11	72528542	72528688	SINE/MIR	563	-	73	72528615	46486
chr11	72482129	72682129	harbor2	chr11	72550049	72550273	SINE/MIR	570	-	112	72550161	68032
chr11	72482129	72682129	harbor2	chr11	72555999	72556126	SINE/MIR	386	-	64	72556063	73934
chr11	72482129	72682129	harbor2	chr11	72577166	72577333	SINE/MIR	387	-	84	72577250	95121
chr11	126645293	126845293	harbor2	chr11	126652403	126652646	SINE/MIR	594	-	122	126652525	7232
chr11	126645293	126845293	harbor2	chr11	126677418	126677608	SINE/MIR	471	-	95	126677513	32220
chr11	126645293	126845293	harbor2	chr11	126679379	126679604	SINE/MIR	544	-	112	126679491	34198
chr11	126645293	126845293	harbor2	chr11	126695247	126695367	SINE/MIR	370	-	60	126695307	50014
chr11	126645293	126845293	harbor2	chr11	126703407	126703632	SINE/MIR	723	-	112	126703519	58226
chr11	126645293	126845293	harbor2	chr11	126709896	126710144	SINE/MIR	506	-	124	126710020	64727
chr11	126645293	126845293	harbor2	chr11	126716278	126716475	SINE/MIR	419	-	98	126716376	71083
chr11	126645293	126845293	harbor2	chr11	126736211	126736435	SINE/MIR	701	-	112	126736323	91030
chr11	126645293	126845293	harbor2	chr11	126738935	126739161	SINE/MIR	732	-	113	126739048	93755
chr11	126645293	126845293	harbor2	chr11	126739317	126739458	SINE/MIR	393	-	70	126739387	94094
chr11	126645293	126845293	harbor2	chr11	126742515	126742686	SINE/MIR	562	-	86	126742601	97308
chr11	126050602	126250602	harbor2	chr11	126057860	126058044	SINE/MIR	506	-	92	126057952	7350
chr11	126050602	126250602	harbor2	chr11	126067112	126067321	SINE/MIR	527	-	104	126067216	16614
chr11	126050602	126250602	harbor2	chr11	126082013	126082157	SINE/MIR	430	-	72	126082085	31483
chr11	126050602	126250602	harbor2	chr11	126125500	126125695	SINE/MIR	689	-	98	126125598	74996
chr11	126050602	126250602	harbor2	chr11	126133129	126133364	SINE/MIR	534	-	118	126133247	82645
chr11	106969454	107169454	harbor2	chr11	106973837	106974097	SINE/MIR	855	-	130	106973967	4513
chr11	106969454	107169454	harbor2	chr11	106981953	106982150	SINE/MIR	512	-	98	106982051	12597
chr11	106969454	107169454	harbor2	chr11	106990651	106990790	SINE/MIR	393	-	70	106990721	21267
chr11	106969454	107169454	harbor2	chr11	106991852	106992112	SINE/MIR	789	-	130	106991982	22528
chr11	106969454	107169454	harbor2	chr11	106992144	106992274	SINE/MIR	372	-	65	106992209	22755
chr11	106969454	107169454	harbor2	chr11	106994507	106994732	SINE/MIR	539	-	112	106994619	25165
chr11	106969454	107169454	harbor2	chr11	106995196	106995434	SINE/MIR	618	-	119	106995315	25861
chr11	106969454	107169454	harbor2	chr11	107005981	107006161	SINE/MIR	366	-	90	107006071	36617
chr11	106969454	107169454	harbor2	chr11	107012471	107012653	SINE/MIR	657	-	91	107012562	43108
chr11	106969454	107169454	harbor2	chr11	107022684	107022881	SINE/MIR	398	-	98	107022782	53328
chr11	106969454	107169454	harbor2	chr11	107044254	107044462	SINE/MIR	586	-	104	107044358	74904
chr11	121931138	122131138	harbor2	chr11	121934323	121934510	SINE/MIR	448	-	94	121934417	3279
chr11	121931138	122131138	harbor2	chr11	121936539	121936709	SINE/MIR	479	-	85	121936624	5486
chr11	121931138	122131138	harbor2	chr11	121951810	121952069	SINE/MIR	418	-	130	121951940	20802
chr11	121931138	122131138	harbor2	chr11	121980759	121980986	SINE/MIR	486	-	114	121980873	49735
chr11	121931138	122131138	harbor2	chr11	121991877	121991927	SINE/MIR	414	-	25	121991902	60764
chr11	121931138	122131138	harbor2	chr11	121992102	121992225	SINE/MIR	414	-	62	121992164	61026
chr11	121931138	122131138	harbor2	chr11	122021197	122021410	SINE/MIR	738	-	106	122021303	90165
chr11	121931138	122131138	harbor2	chr11	122021521	122021631	SINE/MIR	443	-	55	122021576	90438
chr11	121931138	122131138	harbor2	chr11	121945874	121946138	SINE/MIR	479	-	132	121946006	14868
chr11	15211424	15411424	harbor2	chr11	15247235	15247431	SINE/MIR	439	-	98	15247333	35909
chr11	15211424	15411424	harbor2	chr11	15254935	15255154	SINE/MIR	704	-	110	15255045	43621
chr11	15211424	15411424	harbor2	chr11	15259676	15259834	SINE/MIR	501	-	79	15259755	48331
chr11	15211424	15411424	harbor2	chr11	15277243	15277490	SINE/MIR	959	-	124	15277367	65943
chr11	15211424	15411424	harbor2	chr11	15288113	15288304	SINE/MIR	642	-	96	15288209	76785
chr11	15211424	15411424	harbor2	chr11	15290546	15290724	SINE/MIR	427	-	89	15290635	79211
chr11	15211424	15411424	harbor2	chr11	15290805	15290972	SINE/MIR	384	-	84	15290889	79465
chr11	15211424	15411424	harbor2	chr11	15304434	15304657	SINE/MIR	706	-	112	15304546	93122
chr11	15211424	15411424	harbor2	chr11	15304815	15305016	SINE/MIR	503	-	100	15304915	93491
chr11	133036367	133236367	harbor2	chr11	133038583	133038712	SINE/MIR	550	-	64	133038647	2280
chr11	133036367	133236367	harbor2	chr11	133044565	133044778	SINE/MIR	785	-	106	133044671	8304
chr11	133036367	133236367	harbor2	chr11	133048145	133048382	SINE/MIR	554	-	118	133048263	11896
chr11	133036367	133236367	harbor2	chr11	133051200	133051438	SINE/MIR	412	-	119	133051319	14952
chr11	133036367	133236367	harbor2	chr11	133067138	133067353	SINE/MIR	469	-	108	133067246	30879
chr11	133036367	133236367	harbor2	chr11	133087019	133087189	SINE/MIR	500	-	85	133087104	50737
chr11	133036367	133236367	harbor2	chr11	133120427	133120660	SINE/MIR	409	-	116	133120543	84176
chr11	57225564	57425564	harbor2	chr11	57239630	57239877	SINE/MIR	989	-	124	57239754	14190
chr11	57225564	57425564	harbor2	chr11	57247326	57247517	SINE/MIR	475	-	96	57247422	21858
chr11	57225564	57425564	harbor2	chr11	57248566	57248786	SINE/MIR	513	-	110	57248676	23112
chr11	57225564	57425564	harbor2	chr11	57269117	57269296	SINE/MIR	539	-	90	57269207	43643
chr11	57225564	57425564	harbor2	chr11	57271127	57271298	SINE/MIR	576	-	86	57271213	45649
chr11	57225564	57425564	harbor2	chr11	57276243	57276434	SINE/MIR	535	-	96	57276339	50775
chr11	57225564	57425564	harbor2	chr11	57277198	57277362	SINE/MIR	425	-	82	57277280	51716
chr11	57225564	57425564	harbor2	chr11	57280773	57281014	SINE/MIR	582	-	120	57280893	55329
chr11	57225564	57425564	harbor2	chr11	57290292	57290517	SINE/MIR	640	-	112	57290404	64840
chr11	57225564	57425564	harbor2	chr11	57311894	57312142	SINE/MIR	783	-	124	57312018	86454
chr11	117474637	117674637	harbor2	chr11	117476955	117477177	SINE/MIR	493	-	111	117477066	2429
chr11	117474637	117674637	harbor2	chr11	117490559	117490769	SINE/MIR	572	-	105	117490664	16027
chr11	117474637	117674637	harbor2	chr11	117491241	117491464	SINE/MIR	803	-	112	117491353	16716
chr11	117474637	117674637	harbor2	chr11	117493971	117494121	SINE/MIR	495	-	75	117494046	19409
chr11	117474637	117674637	harbor2	chr11	117499341	117499533	SINE/MIR	435	-	96	117499437	24800
chr11	117474637	117674637	harbor2	chr11	117500419	117500666	SINE/MIR	655	-	124	117500543	25906
chr11	117474637	117674637	harbor2	chr11	117503250	117503453	SINE/MIR	528	-	102	117503352	28715
chr11	117474637	117674637	harbor2	chr11	117506297	117506475	SINE/MIR	440	-	89	117506386	31749
chr11	117474637	117674637	harbor2	chr11	117524470	117524674	SINE/MIR	541	-	102	117524572	49935
chr11	117474637	117674637	harbor2	chr11	117528999	117529067	SINE/MIR	508	-	34	117529033	54396
chr11	117474637	117674637	harbor2	chr11	117529378	117529579	SINE/MIR	508	-	100	117529478	54841
chr11	117474637	117674637	harbor2	chr11	117533221	117533400	SINE/MIR	403	-	90	117533311	58674
chr11	117474637	117674637	harbor2	chr11	117536899	117537109	SINE/MIR	590	-	105	117537004	62367
chr11	117474637	117674637	harbor2	chr11	117542677	117542909	SINE/MIR	548	-	116	117542793	68156
chr11	117474637	117674637	harbor2	chr11	117548178	117548331	SINE/MIR	403	-	76	117548254	73617
chr11	117474637	117674637	harbor2	chr11	117550162	117550379	SINE/MIR	690	-	108	117550270	75633
chr11	117474637	117674637	harbor2	chr11	117551346	117551519	SINE/MIR	408	-	86	117551432	76795
chr11	117474637	117674637	harbor2	chr11	117560207	117560305	SINE/MIR	423	-	49	117560256	85619
chr11	88796575	88996575	harbor2	chr11	88800114	88800264	SINE/MIR	391	-	75	88800189	3614
chr11	88796575	88996575	harbor2	chr11	88812358	88812510	SINE/MIR	438	-	76	88812434	15859
chr11	88796575	88996575	harbor2	chr11	88817697	88817933	SINE/MIR	470	-	118	88817815	21240
chr11	88796575	88996575	harbor2	chr11	88859461	88859682	SINE/MIR	390	-	110	88859571	62996
chr11	88796575	88996575	harbor2	chr11	88871102	88871307	SINE/MIR	579	-	102	88871204	74629
chr11	127080810	127280810	harbor2	chr11	127124255	127124449	SINE/MIR	602	-	97	127124352	43542
chr11	127080810	127280810	harbor2	chr11	127163598	127163756	SINE/MIR	399	-	79	127163677	82867
chr11	127080810	127280810	harbor2	chr11	127170962	127171195	SINE/MIR	534	-	116	127171078	90268
chr11	127080810	127280810	harbor2	chr11	127179275	127179486	SINE/MIR	613	-	106	127179381	98571
chr11	101172513	101372513	harbor2	chr11	101173643	101173841	SINE/MIR	525	-	99	101173742	1229
chr11	101172513	101372513	harbor2	chr11	101193359	101193607	SINE/MIR	705	-	124	101193483	20970
chr11	101172513	101372513	harbor2	chr11	101256080	101256272	SINE/MIR	419	-	96	101256176	83663
chr11	101172513	101372513	harbor2	chr11	101258586	101258822	SINE/MIR	428	-	118	101258704	86191
chr11	101172513	101372513	harbor2	chr11	101259300	101259476	SINE/MIR	372	-	88	101259388	86875
chr11	101172513	101372513	harbor2	chr11	101269826	101270046	SINE/MIR	541	-	110	101269936	97423
chr11	129936304	130136304	harbor2	chr11	129970256	129970451	SINE/MIR	465	-	98	129970354	34050
chr11	92909724	93109724	harbor2	chr11	92940108	92940304	SINE/MIR	569	-	98	92940206	30482
chr11	92909724	93109724	harbor2	chr11	92963668	92963822	SINE/MIR	500	-	77	92963745	54021
chr11	92909724	93109724	harbor2	chr11	92981136	92981360	SINE/MIR	588	-	112	92981248	71524
chr11	92909724	93109724	harbor2	chr11	92983799	92984031	SINE/MIR	625	-	116	92983915	74191
chr11	92909724	93109724	harbor2	chr11	92985577	92985831	SINE/MIR	1133	-	127	92985704	75980
chr11	92909724	93109724	harbor2	chr11	93005727	93005779	SINE/MIR	413	-	26	93005753	96029
chr11	92909724	93109724	harbor2	chr11	93006550	93006708	SINE/MIR	413	-	79	93006629	96905
chr11	108706522	108906522	harbor2	chr11	108717706	108717876	SINE/MIR	507	-	85	108717791	11269
chr11	108706522	108906522	harbor2	chr11	108718179	108718237	SINE/MIR	507	-	29	108718208	11686
chr11	108706522	108906522	harbor2	chr11	108719293	108719523	SINE/MIR	527	-	115	108719408	12886
chr11	108706522	108906522	harbor2	chr11	108721979	108722197	SINE/MIR	949	-	109	108722088	15566
chr11	108706522	108906522	harbor2	chr11	108722563	108722773	SINE/MIR	584	-	105	108722668	16146
chr11	108706522	108906522	harbor2	chr11	108724309	108724548	SINE/MIR	595	-	120	108724429	17907
chr11	108706522	108906522	harbor2	chr11	108732161	108732364	SINE/MIR	378	-	102	108732263	25741
chr11	126641768	126841768	harbor2	chr11	126652403	126652646	SINE/MIR	594	-	122	126652525	10757
chr11	126641768	126841768	harbor2	chr11	126677418	126677608	SINE/MIR	471	-	95	126677513	35745
chr11	126641768	126841768	harbor2	chr11	126679379	126679604	SINE/MIR	544	-	112	126679491	37723
chr11	126641768	126841768	harbor2	chr11	126695247	126695367	SINE/MIR	370	-	60	126695307	53539
chr11	126641768	126841768	harbor2	chr11	126703407	126703632	SINE/MIR	723	-	112	126703519	61751
chr11	126641768	126841768	harbor2	chr11	126709896	126710144	SINE/MIR	506	-	124	126710020	68252
chr11	126641768	126841768	harbor2	chr11	126716278	126716475	SINE/MIR	419	-	98	126716376	74608
chr11	126641768	126841768	harbor2	chr11	126736211	126736435	SINE/MIR	701	-	112	126736323	94555
chr11	126641768	126841768	harbor2	chr11	126738935	126739161	SINE/MIR	732	-	113	126739048	97280
chr11	126641768	126841768	harbor2	chr11	126739317	126739458	SINE/MIR	393	-	70	126739387	97619
chr11	131091737	131291737	harbor2	chr11	131094791	131095035	SINE/MIR	522	-	122	131094913	3176
chr11	131091737	131291737	harbor2	chr11	131097686	131097895	SINE/MIR	399	-	104	131097790	6053
chr11	131091737	131291737	harbor2	chr11	131103285	131103460	SINE/MIR	367	-	88	131103373	11636
chr11	131091737	131291737	harbor2	chr11	131108217	131108456	SINE/MIR	689	-	120	131108337	16600
chr11	131091737	131291737	harbor2	chr11	131145566	131145807	SINE/MIR	440	-	120	131145686	53949
chr11	131091737	131291737	harbor2	chr11	131155451	131155622	SINE/MIR	541	-	86	131155537	63800
chr11	131091737	131291737	harbor2	chr11	131181376	131181538	SINE/MIR	368	-	81	131181457	89720
chr11	131091737	131291737	harbor2	chr11	131181902	131182072	SINE/MIR	507	-	85	131181987	90250
chr11	131091737	131291737	harbor2	chr11	131184796	131185000	SINE/MIR	427	-	102	131184898	93161
chr11	124452527	124652527	harbor2	chr11	124462396	124462610	SINE/MIR	376	-	107	124462503	9976
chr11	124452527	124652527	harbor2	chr11	124466770	124466983	SINE/MIR	377	-	106	124466876	14349
chr11	124452527	124652527	harbor2	chr11	124541164	124541340	SINE/MIR	474	-	88	124541252	88725
chr11	127088018	127288018	harbor2	chr11	127124255	127124449	SINE/MIR	602	-	97	127124352	36334
chr11	127088018	127288018	harbor2	chr11	127163598	127163756	SINE/MIR	399	-	79	127163677	75659
chr11	127088018	127288018	harbor2	chr11	127170962	127171195	SINE/MIR	534	-	116	127171078	83060
chr11	127088018	127288018	harbor2	chr11	127179275	127179486	SINE/MIR	613	-	106	127179381	91363
chr11	128309831	128509831	harbor2	chr11	128343474	128343749	SINE/MIR	797	-	138	128343612	33781
chr11	128309831	128509831	harbor2	chr11	128349068	128349219	SINE/MIR	486	-	76	128349144	39313
chr11	128309831	128509831	harbor2	chr11	128354536	128354736	SINE/MIR	528	-	100	128354636	44805
chr11	128309831	128509831	harbor2	chr11	128360214	128360390	SINE/MIR	371	-	88	128360302	50471
chr11	128309831	128509831	harbor2	chr11	128360523	128360779	SINE/MIR	786	-	128	128360651	50820
chr11	128309831	128509831	harbor2	chr11	128387354	128387538	SINE/MIR	423	-	92	128387446	77615
chr11	128309831	128509831	harbor2	chr11	128400380	128400621	SINE/MIR	496	-	120	128400500	90669
chr11	128309831	128509831	harbor2	chr11	128402608	128402810	SINE/MIR	563	-	101	128402709	92878
chr11	127243005	127443005	harbor2	chr11	127251519	127251643	SINE/MIR	411	-	62	127251581	8576
chr11	127243005	127443005	harbor2	chr11	127255904	127256037	SINE/MIR	405	-	66	127255970	12965
chr11	127243005	127443005	harbor2	chr11	127259942	127260159	SINE/MIR	418	-	108	127260050	17045
chr11	127243005	127443005	harbor2	chr11	127263336	127263530	SINE/MIR	537	-	97	127263433	20428
chr11	127243005	127443005	harbor2	chr11	127276998	127277208	SINE/MIR	510	-	105	127277103	34098
chr11	63924099	64124099	harbor2	chr11	63928076	63928281	SINE/MIR	448	-	102	63928178	4079
chr11	63924099	64124099	harbor2	chr11	63933271	63933505	SINE/MIR	590	-	117	63933388	9289
chr11	63924099	64124099	harbor2	chr11	63942391	63942573	SINE/MIR	512	-	91	63942482	18383
chr11	63924099	64124099	harbor2	chr11	63987884	63988002	SINE/MIR	441	-	59	63987943	63844
chr11	63924099	64124099	harbor2	chr11	63988204	63988284	SINE/MIR	441	-	40	63988244	64145
chr11	63924099	64124099	harbor2	chr11	64017302	64017473	SINE/MIR	440	-	86	64017388	93289
chr11	63924099	64124099	harbor2	chr11	64023167	64023312	SINE/MIR	396	-	72	64023239	99140
chr11	46572022	46772022	harbor2	chr11	46586664	46586852	SINE/MIR	750	-	94	46586758	14736
chr11	46572022	46772022	harbor2	chr11	46670513	46670526	SINE/MIR	496	-	6	46670519	98497
chr11	46572022	46772022	harbor2	chr11	46670839	46671045	SINE/MIR	496	-	103	46670942	98920
chr11	127947075	128147075	harbor2	chr11	127993572	127993752	SINE/MIR	476	-	90	127993662	46587
chr11	129162465	129362465	harbor2	chr11	129239288	129239511	SINE/MIR	494	-	112	129239400	76935
chr11	129162465	129362465	harbor2	chr11	129244093	129244222	SINE/MIR	545	-	64	129244157	81692
chr11	111892459	112092459	harbor2	chr11	111919628	111919863	SINE/MIR	715	-	118	111919746	27287
chr11	111892459	112092459	harbor2	chr11	111921718	111921838	SINE/MIR	553	-	60	111921778	29319
chr11	111892459	112092459	harbor2	chr11	111922132	111922241	SINE/MIR	553	-	54	111922186	29727
chr11	111892459	112092459	harbor2	chr11	111965797	111965936	SINE/MIR	412	-	70	111965867	73408
chr11	111892459	112092459	harbor2	chr11	111991972	111992137	SINE/MIR	414	-	82	111992054	99595
chr11	116089504	116289504	harbor2	chr11	116089822	116090009	SINE/MIR	425	-	94	116089916	412
chr11	116089504	116289504	harbor2	chr11	116107769	116107930	SINE/MIR	520	-	80	116107849	18345
chr11	116089504	116289504	harbor2	chr11	116110567	116110756	SINE/MIR	453	-	94	116110661	21157
chr11	116089504	116289504	harbor2	chr11	116161510	116161736	SINE/MIR	617	-	113	116161623	72119
chr11	116089504	116289504	harbor2	chr11	116162005	116162186	SINE/MIR	496	-	90	116162095	72591
chr11	116089504	116289504	harbor2	chr11	116163871	116164047	SINE/MIR	411	-	88	116163959	74455
chr11	116089504	116289504	harbor2	chr11	116175570	116175756	SINE/MIR	553	-	93	116175663	86159
chr11	116089504	116289504	harbor2	chr11	116183651	116183760	SINE/MIR	404	-	54	116183705	94201
chr11	131592850	131792850	harbor2	chr11	131593536	131593720	SINE/MIR	412	-	92	131593628	778
chr11	131592850	131792850	harbor2	chr11	131638903	131639156	SINE/MIR	847	-	126	131639029	46179
chr11	131592850	131792850	harbor2	chr11	131645062	131645229	SINE/MIR	565	-	84	131645146	52296
chr11	131592850	131792850	harbor2	chr11	131663749	131663971	SINE/MIR	432	-	111	131663860	71010
chr11	131592850	131792850	harbor2	chr11	131667961	131668175	SINE/MIR	412	-	107	131668068	75218
chr11	131592850	131792850	harbor2	chr11	131675469	131675696	SINE/MIR	527	-	114	131675583	82733
chr11	131592850	131792850	harbor2	chr11	131677623	131677793	SINE/MIR	405	-	85	131677708	84858
chr11	123004849	123204849	harbor2	chr11	123010548	123010791	SINE/MIR	784	-	122	123010670	5821
chr11	123004849	123204849	harbor2	chr11	123013426	123013611	SINE/MIR	745	-	92	123013518	8669
chr11	123004849	123204849	harbor2	chr11	123016107	123016299	SINE/MIR	421	-	96	123016203	11354
chr11	123004849	123204849	harbor2	chr11	123022785	123022976	SINE/MIR	430	-	96	123022881	18032
chr11	123004849	123204849	harbor2	chr11	123064616	123064739	SINE/MIR	416	-	62	123064678	59829
chr11	123004849	123204849	harbor2	chr11	123066044	123066252	SINE/MIR	591	-	104	123066148	61299
chr11	123004849	123204849	harbor2	chr11	123081485	123081588	SINE/MIR	516	-	52	123081537	76688
chr11	123004849	123204849	harbor2	chr11	123081891	123082032	SINE/MIR	516	-	70	123081961	77112
chr11	132883750	133083750	harbor2	chr11	132932752	132932987	SINE/MIR	552	-	118	132932870	49120
chr11	132883750	133083750	harbor2	chr11	132964822	132964972	SINE/MIR	414	-	75	132964897	81147
chr11	72714012	72914012	harbor2	chr11	72717685	72717879	SINE/MIR	484	-	97	72717782	3770
chr11	72714012	72914012	harbor2	chr11	72718933	72719134	SINE/MIR	553	-	100	72719033	5021
chr11	72714012	72914012	harbor2	chr11	72734541	72734706	SINE/MIR	704	-	82	72734623	20611
chr11	72714012	72914012	harbor2	chr11	72742297	72742476	SINE/MIR	587	-	90	72742387	28375
chr11	72714012	72914012	harbor2	chr11	72750635	72750774	SINE/MIR	373	-	70	72750705	36693
chr11	72714012	72914012	harbor2	chr11	72753194	72753448	SINE/MIR	560	-	127	72753321	39309
chr11	72714012	72914012	harbor2	chr11	72760593	72760748	SINE/MIR	601	-	78	72760671	46659
chr11	72714012	72914012	harbor2	chr11	72763812	72764004	SINE/MIR	487	-	96	72763908	49896
chr11	72714012	72914012	harbor2	chr11	72767327	72767515	SINE/MIR	448	-	94	72767421	53409
chr11	72714012	72914012	harbor2	chr11	72790994	72791280	SINE/MIR	431	-	143	72791137	77125
chr11	125890316	126090316	harbor2	chr11	125941086	125941210	SINE/MIR	394	-	62	125941148	50832
chr11	112904796	113104796	harbor2	chr11	112919893	112920140	SINE/MIR	422	-	124	112920017	15221
chr11	112904796	113104796	harbor2	chr11	112921701	112921901	SINE/MIR	434	-	100	112921801	17005
chr11	112904796	113104796	harbor2	chr11	112923631	112923669	SINE/MIR	789	-	19	112923650	18854
chr11	112904796	113104796	harbor2	chr11	112924204	112924364	SINE/MIR	789	-	80	112924284	19488
chr11	112904796	113104796	harbor2	chr11	112942505	112942728	SINE/MIR	399	-	112	112942617	37821
chr11	112904796	113104796	harbor2	chr11	112953249	112953475	SINE/MIR	526	-	113	112953362	48566
chr11	112904796	113104796	harbor2	chr11	113001418	113001618	SINE/MIR	409	-	100	113001518	96722
chr11	105468020	105668020	harbor2	chr11	105520919	105521137	SINE/MIR	677	-	109	105521028	53008
chr11	105468020	105668020	harbor2	chr11	105530849	105531061	SINE/MIR	435	-	106	105530955	62935
chr11	105468020	105668020	harbor2	chr11	105532272	105532430	SINE/MIR	465	-	79	105532351	64331
chr11	134703317	134903317	harbor2	chr11	134705056	134705288	SINE/MIR	671	-	116	134705172	1855
chr11	105326011	105526011	harbor2	chr11	105381100	105381258	SINE/MIR	491	-	79	105381179	55168
chr11	105326011	105526011	harbor2	chr11	105405865	105406054	SINE/MIR	662	-	94	105405959	79948
chr11	85378501	85578501	harbor2	chr11	85384167	85384295	SINE/MIR	511	-	64	85384231	5730
chr11	85378501	85578501	harbor2	chr11	85386218	85386449	SINE/MIR	691	-	116	85386334	7833
chr11	85378501	85578501	harbor2	chr11	85405542	85405777	SINE/MIR	636	-	118	85405660	27159
chr11	85378501	85578501	harbor2	chr11	85446511	85446723	SINE/MIR	394	-	106	85446617	68116
chr11	133102959	133302959	harbor2	chr11	133120427	133120660	SINE/MIR	409	-	116	133120543	17584
chr11	133102959	133302959	harbor2	chr11	133139274	133139509	SINE/MIR	752	-	118	133139392	36433
chr11	133102959	133302959	harbor2	chr11	133150222	133150441	SINE/MIR	593	-	110	133150332	47373
chr11	133102959	133302959	harbor2	chr11	133166240	133166492	SINE/MIR	736	-	126	133166366	63407
chr11	133102959	133302959	harbor2	chr11	133169164	133169317	SINE/MIR	554	-	76	133169240	66281
chr11	79608636	79808636	harbor2	chr11	79615897	79616148	SINE/MIR	537	-	126	79616023	7387
chr11	79608636	79808636	harbor2	chr11	79619259	79619459	SINE/MIR	454	-	100	79619359	10723
chr11	79608636	79808636	harbor2	chr11	79619597	79619829	SINE/MIR	809	-	116	79619713	11077
chr11	79608636	79808636	harbor2	chr11	79628156	79628237	SINE/MIR	442	-	40	79628196	19560
chr11	79608636	79808636	harbor2	chr11	79637394	79637535	SINE/MIR	422	-	70	79637464	28828
chr11	79608636	79808636	harbor2	chr11	79649546	79649756	SINE/MIR	519	-	105	79649651	41015
chr11	79608636	79808636	harbor2	chr11	79660606	79660735	SINE/MIR	438	-	64	79660670	52034
chr11	79608636	79808636	harbor2	chr11	79661335	79661569	SINE/MIR	529	-	117	79661452	52816
chr11	79608636	79808636	harbor2	chr11	79662490	79662647	SINE/MIR	421	-	78	79662568	53932
chr11	79608636	79808636	harbor2	chr11	79663327	79663562	SINE/MIR	685	-	118	79663445	54809
chr11	79608636	79808636	harbor2	chr11	79666129	79666319	SINE/MIR	484	-	95	79666224	57588
chr11	79608636	79808636	harbor2	chr11	79668292	79668473	SINE/MIR	446	-	90	79668382	59746
chr11	79608636	79808636	harbor2	chr11	79676052	79676297	SINE/MIR	623	-	122	79676174	67538
chr11	79608636	79808636	harbor2	chr11	79679874	79679996	SINE/MIR	386	-	61	79679935	71299
chr11	79608636	79808636	harbor2	chr11	79685192	79685329	SINE/MIR	405	-	68	79685260	76624
chr11	79608636	79808636	harbor2	chr11	79689358	79689564	SINE/MIR	481	-	103	79689461	80825
chr11	79608636	79808636	harbor2	chr11	79694792	79695019	SINE/MIR	452	-	114	79694906	86270
chr11	68235716	68435716	harbor2	chr11	68297263	68297344	SINE/MIR	367	-	40	68297303	61587
chr11	68235716	68435716	harbor2	chr11	68297645	68297748	SINE/MIR	367	-	52	68297697	61981
chr11	68235716	68435716	harbor2	chr11	68307865	68307963	SINE/MIR	380	-	49	68307914	72198
chr11	68235716	68435716	harbor2	chr11	68311714	68311883	SINE/MIR	413	-	84	68311798	76082
chr11	68235716	68435716	harbor2	chr11	68329248	68329468	SINE/MIR	633	-	110	68329358	93642
chr11	112816776	113016776	harbor2	chr11	112822105	112822281	SINE/MIR	409	-	88	112822193	5417
chr11	112816776	113016776	harbor2	chr11	112832685	112832863	SINE/MIR	446	-	89	112832774	15998
chr11	112816776	113016776	harbor2	chr11	112842511	112842731	SINE/MIR	607	-	110	112842621	25845
chr11	112816776	113016776	harbor2	chr11	112851991	112852119	SINE/MIR	454	-	64	112852055	35279
chr11	112816776	113016776	harbor2	chr11	112855630	112855760	SINE/MIR	397	-	65	112855695	38919
chr11	112816776	113016776	harbor2	chr11	112863664	112863849	SINE/MIR	786	-	92	112863756	46980
chr11	112816776	113016776	harbor2	chr11	112873319	112873546	SINE/MIR	593	-	114	112873433	56657
chr11	112816776	113016776	harbor2	chr11	112886956	112887158	SINE/MIR	416	-	101	112887057	70281
chr11	38637912	38837912	harbor2	chr11	38659096	38659311	SINE/MIR	499	-	108	38659204	21292
chr11	38637912	38837912	harbor2	chr11	38716646	38716852	SINE/MIR	404	-	103	38716749	78837
chr11	66826160	67026160	harbor2	chr11	66834095	66834288	SINE/MIR	501	-	96	66834191	8031
chr11	66826160	67026160	harbor2	chr11	66839202	66839397	SINE/MIR	895	-	98	66839300	13140
chr11	122047721	122247721	harbor2	chr11	122065056	122065201	SINE/MIR	425	-	72	122065128	17407
chr11	122047721	122247721	harbor2	chr11	122106670	122106863	SINE/MIR	472	-	96	122106766	59045
chr11	105338520	105538520	harbor2	chr11	105381100	105381258	SINE/MIR	491	-	79	105381179	42659
chr11	105338520	105538520	harbor2	chr11	105405865	105406054	SINE/MIR	662	-	94	105405959	67439
chr11	131163137	131363137	harbor2	chr11	131181376	131181538	SINE/MIR	368	-	81	131181457	18320
chr11	131163137	131363137	harbor2	chr11	131181902	131182072	SINE/MIR	507	-	85	131181987	18850
chr11	131163137	131363137	harbor2	chr11	131184796	131185000	SINE/MIR	427	-	102	131184898	21761
chr11	131163137	131363137	harbor2	chr11	131193931	131194151	SINE/MIR	370	-	110	131194041	30904
chr11	131163137	131363137	harbor2	chr11	131214011	131214182	SINE/MIR	405	-	86	131214097	50960
chr11	131163137	131363137	harbor2	chr11	131236539	131236793	SINE/MIR	493	-	127	131236666	73529
chr11	133854988	134054988	harbor2	chr11	133914119	133914350	SINE/MIR	514	-	116	133914235	59247
chr11	133854988	134054988	harbor2	chr11	133922992	133923236	SINE/MIR	390	-	122	133923114	68126
chr11	133854988	134054988	harbor2	chr11	133942192	133942412	SINE/MIR	455	-	110	133942302	87314
chr11	133854988	134054988	harbor2	chr11	133954525	133954761	SINE/MIR	584	-	118	133954643	99655
chr11	106528181	106728181	harbor2	chr11	106564259	106564477	SINE/MIR	557	-	109	106564368	36187
chr11	121321596	121521596	harbor2	chr11	121326886	121327101	SINE/MIR	523	-	108	121326994	5398
chr11	121321596	121521596	harbor2	chr11	121327432	121327524	SINE/MIR	388	-	46	121327478	5882
chr11	121321596	121521596	harbor2	chr11	121337023	121337231	SINE/MIR	615	-	104	121337127	15531
chr11	121321596	121521596	harbor2	chr11	121363594	121363722	SINE/MIR	498	-	64	121363658	42062
chr11	121321596	121521596	harbor2	chr11	121366720	121366944	SINE/MIR	557	-	112	121366832	45236
chr11	121321596	121521596	harbor2	chr11	121394587	121394761	SINE/MIR	457	-	87	121394674	73078
chr11	106892552	107092552	harbor2	chr11	106973837	106974097	SINE/MIR	855	-	130	106973967	81415
chr11	106892552	107092552	harbor2	chr11	106981953	106982150	SINE/MIR	512	-	98	106982051	89499
chr11	106892552	107092552	harbor2	chr11	106990651	106990790	SINE/MIR	393	-	70	106990721	98169
chr11	106892552	107092552	harbor2	chr11	106991852	106992112	SINE/MIR	789	-	130	106991982	99430
chr11	106892552	107092552	harbor2	chr11	106992144	106992274	SINE/MIR	372	-	65	106992209	99657
chr11	84611613	84811613	harbor2	chr11	84612718	84612933	SINE/MIR	422	-	108	84612826	1213
chr11	84611613	84811613	harbor2	chr11	84635652	84635873	SINE/MIR	757	-	110	84635762	24149
chr11	84611613	84811613	harbor2	chr11	84638362	84638589	SINE/MIR	502	-	114	84638476	26863
chr11	84611613	84811613	harbor2	chr11	84643848	84644091	SINE/MIR	620	-	122	84643970	32357
chr11	84611613	84811613	harbor2	chr11	84647903	84648128	SINE/MIR	897	-	112	84648015	36402
chr11	84611613	84811613	harbor2	chr11	84652665	84652881	SINE/MIR	606	-	108	84652773	41160
chr11	84611613	84811613	harbor2	chr11	84656937	84657122	SINE/MIR	558	-	92	84657029	45416
chr11	84611613	84811613	harbor2	chr11	84665226	84665428	SINE/MIR	593	-	101	84665327	53714
chr11	84611613	84811613	harbor2	chr11	84670665	84670800	SINE/MIR	486	-	68	84670733	59120
chr11	84611613	84811613	harbor2	chr11	84679625	84679843	SINE/MIR	801	-	109	84679734	68121
chr11	84611613	84811613	harbor2	chr11	84685016	84685204	SINE/MIR	492	-	94	84685110	73497
chr11	84611613	84811613	harbor2	chr11	84690612	84690858	SINE/MIR	829	-	123	84690735	79122
chr11	84611613	84811613	harbor2	chr11	84692830	84693047	SINE/MIR	569	-	108	84692938	81325
chr11	84611613	84811613	harbor2	chr11	84695124	84695343	SINE/MIR	414	-	110	84695234	83621
chr11	84611613	84811613	harbor2	chr11	84696224	84696468	SINE/MIR	691	-	122	84696346	84733
chr11	84611613	84811613	harbor2	chr11	84696803	84696949	SINE/MIR	378	-	73	84696876	85263
chr11	84611613	84811613	harbor2	chr11	84697559	84697697	SINE/MIR	479	-	69	84697628	86015
chr11	84611613	84811613	harbor2	chr11	84698304	84698479	SINE/MIR	466	-	88	84698392	86779
chr11	84611613	84811613	harbor2	chr11	84709412	84709575	SINE/MIR	422	-	82	84709494	97881
chr11	26950706	27150706	harbor2	chr11	26950708	26950849	SINE/MIR	438	-	70	26950778	72
chr11	26950706	27150706	harbor2	chr11	26951193	26951256	SINE/MIR	492	-	32	26951225	519
chr11	26950706	27150706	harbor2	chr11	26951282	26951452	SINE/MIR	492	-	85	26951367	661
chr11	26950706	27150706	harbor2	chr11	27018822	27019044	SINE/MIR	720	-	111	27018933	68227
chr11	113179290	113379290	harbor2	chr11	113195987	113196182	SINE/MIR	394	-	98	113196085	16795
chr11	113179290	113379290	harbor2	chr11	113196531	113196758	SINE/MIR	809	-	114	113196645	17355
chr11	113179290	113379290	harbor2	chr11	113210205	113210364	SINE/MIR	562	-	80	113210285	30995
chr11	113179290	113379290	harbor2	chr11	113256326	113256574	SINE/MIR	515	-	124	113256450	77160
chr11	113179290	113379290	harbor2	chr11	113271454	113271703	SINE/MIR	658	-	124	113271578	92288
chr11	125988263	126188263	harbor2	chr11	126006831	126006968	SINE/MIR	608	-	68	126006899	18636
chr11	125988263	126188263	harbor2	chr11	126008931	126009169	SINE/MIR	821	-	119	126009050	20787
chr11	125988263	126188263	harbor2	chr11	126023908	126024066	SINE/MIR	591	-	79	126023987	35724
chr11	125988263	126188263	harbor2	chr11	126042547	126042609	SINE/MIR	469	-	31	126042578	54315
chr11	125988263	126188263	harbor2	chr11	126042923	126042939	SINE/MIR	469	-	8	126042931	54668
chr11	125988263	126188263	harbor2	chr11	126043538	126043709	SINE/MIR	469	-	86	126043624	55361
chr11	125988263	126188263	harbor2	chr11	126057860	126058044	SINE/MIR	506	-	92	126057952	69689
chr11	125988263	126188263	harbor2	chr11	126067112	126067321	SINE/MIR	527	-	104	126067216	78953
chr11	125988263	126188263	harbor2	chr11	126082013	126082157	SINE/MIR	430	-	72	126082085	93822
chr11	78980672	79180672	harbor2	chr11	78980812	78981029	SINE/MIR	500	-	108	78980920	248
chr11	78980672	79180672	harbor2	chr11	78981264	78981392	SINE/MIR	369	-	64	78981328	656
chr11	78980672	79180672	harbor2	chr11	78987715	78987959	SINE/MIR	535	-	122	78987837	7165
chr11	78980672	79180672	harbor2	chr11	78991522	78991677	SINE/MIR	428	-	78	78991600	10928
chr11	78980672	79180672	harbor2	chr11	79009614	79009793	SINE/MIR	555	-	90	79009704	29032
chr11	78980672	79180672	harbor2	chr11	79015113	79015301	SINE/MIR	374	-	94	79015207	34535
chr11	78980672	79180672	harbor2	chr11	79022140	79022280	SINE/MIR	455	-	70	79022210	41538
chr11	78980672	79180672	harbor2	chr11	79022840	79023078	SINE/MIR	614	-	119	79022959	42287
chr11	78980672	79180672	harbor2	chr11	79027835	79028004	SINE/MIR	417	-	84	79027919	47247
chr11	78980672	79180672	harbor2	chr11	79030155	79030369	SINE/MIR	442	-	107	79030262	49590
chr11	78980672	79180672	harbor2	chr11	79032321	79032480	SINE/MIR	383	-	80	79032401	51729
chr11	78980672	79180672	harbor2	chr11	79051153	79051405	SINE/MIR	1052	-	126	79051279	70607
chr11	78980672	79180672	harbor2	chr11	79055627	79055829	SINE/MIR	542	-	101	79055728	75056
chr11	78980672	79180672	harbor2	chr11	79059785	79059934	SINE/MIR	516	-	74	79059859	79187
chr11	78980672	79180672	harbor2	chr11	79068183	79068389	SINE/MIR	452	-	103	79068286	87614
chr11	78980672	79180672	harbor2	chr11	79069287	79069427	SINE/MIR	372	-	70	79069357	88685
chr11	78980672	79180672	harbor2	chr11	79070722	79070862	SINE/MIR	544	-	70	79070792	90120
chr11	78980672	79180672	harbor2	chr11	79071712	79071862	SINE/MIR	456	-	75	79071787	91115
chr11	78980672	79180672	harbor2	chr11	79072922	79073097	SINE/MIR	400	-	88	79073010	92338
chr11	78980672	79180672	harbor2	chr11	79075099	79075325	SINE/MIR	545	-	113	79075212	94540
chr11	78980672	79180672	harbor2	chr11	79076136	79076280	SINE/MIR	369	-	72	79076208	95536
chr11	78980672	79180672	harbor2	chr11	79076783	79076995	SINE/MIR	416	-	106	79076889	96217
chr11	78980672	79180672	harbor2	chr11	79078739	79078937	SINE/MIR	656	-	99	79078838	98166
chr11	99089171	99289171	harbor2	chr11	99089366	99089584	SINE/MIR	571	-	109	99089475	304
chr11	99089171	99289171	harbor2	chr11	99170161	99170317	SINE/MIR	491	-	78	99170239	81068
chr11	89208181	89408181	harbor2	chr11	89224245	89224458	SINE/MIR	375	-	106	89224351	16170
chr11	89208181	89408181	harbor2	chr11	89250220	89250425	SINE/MIR	374	-	102	89250322	42141
chr11	89208181	89408181	harbor2	chr11	89274508	89274625	SINE/MIR	383	-	58	89274566	66385
chr11	89208181	89408181	harbor2	chr11	89283503	89283705	SINE/MIR	493	-	101	89283604	75423
chr11	89208181	89408181	harbor2	chr11	89285657	89285818	SINE/MIR	417	-	80	89285737	77556
chr11	89208181	89408181	harbor2	chr11	89286372	89286568	SINE/MIR	563	-	98	89286470	78289
chr11	89208181	89408181	harbor2	chr11	89288195	89288356	SINE/MIR	406	-	80	89288275	80094
chr11	89208181	89408181	harbor2	chr11	89294850	89295063	SINE/MIR	732	-	106	89294956	86775
chr11	89208181	89408181	harbor2	chr11	89298888	89299107	SINE/MIR	372	-	110	89298998	90817
chr11	89208181	89408181	harbor2	chr11	89305248	89305456	SINE/MIR	435	-	104	89305352	97171
chr11	134192454	134392454	harbor2	chr11	134207948	134208138	SINE/MIR	394	-	95	134208043	15589
chr11	134192454	134392454	harbor2	chr11	134222823	134223064	SINE/MIR	599	-	120	134222943	30489
chr11	134192454	134392454	harbor2	chr11	134234217	134234395	SINE/MIR	406	-	89	134234306	41852
chr11	134192454	134392454	harbor2	chr11	134244338	134244516	SINE/MIR	424	-	89	134244427	51973
chr11	122739781	122939781	harbor2	chr11	122740460	122740693	SINE/MIR	583	-	116	122740576	795
chr11	122739781	122939781	harbor2	chr11	122749461	122749676	SINE/MIR	400	-	108	122749569	9788
chr11	122739781	122939781	harbor2	chr11	122752815	122753040	SINE/MIR	429	-	112	122752927	13146
chr11	122739781	122939781	harbor2	chr11	122754765	122754946	SINE/MIR	482	-	90	122754855	15074
chr11	122739781	122939781	harbor2	chr11	122762931	122763094	SINE/MIR	520	-	82	122763013	23232
chr11	122739781	122939781	harbor2	chr11	122833869	122834101	SINE/MIR	735	-	116	122833985	94204
chr11	122739781	122939781	harbor2	chr11	122835204	122835360	SINE/MIR	395	-	78	122835282	95501
chr11	125947387	126147387	harbor2	chr11	126006831	126006968	SINE/MIR	608	-	68	126006899	59512
chr11	125947387	126147387	harbor2	chr11	126008931	126009169	SINE/MIR	821	-	119	126009050	61663
chr11	125947387	126147387	harbor2	chr11	126023908	126024066	SINE/MIR	591	-	79	126023987	76600
chr11	125947387	126147387	harbor2	chr11	126042547	126042609	SINE/MIR	469	-	31	126042578	95191
chr11	125947387	126147387	harbor2	chr11	126042923	126042939	SINE/MIR	469	-	8	126042931	95544
chr11	125947387	126147387	harbor2	chr11	126043538	126043709	SINE/MIR	469	-	86	126043624	96237
chr11	36643658	36843658	harbor2	chr11	36690608	36690774	SINE/MIR	627	-	83	36690691	47033
chr11	36643658	36843658	harbor2	chr11	36691584	36691816	SINE/MIR	935	-	116	36691700	48042
chr11	36643658	36843658	harbor2	chr11	36693541	36693714	SINE/MIR	458	-	86	36693627	49969
chr11	36643658	36843658	harbor2	chr11	36701662	36701888	SINE/MIR	538	-	113	36701775	58117
chr11	36643658	36843658	harbor2	chr11	36710208	36710385	SINE/MIR	558	-	88	36710296	66638
chr11	36643658	36843658	harbor2	chr11	36739470	36739606	SINE/MIR	463	-	68	36739538	95880
chr11	130856728	131056728	harbor2	chr11	130866866	130867111	SINE/MIR	578	-	122	130866988	10260
chr11	120611621	120811621	harbor2	chr11	120615058	120615247	SINE/MIR	457	-	94	120615152	3531
chr11	120611621	120811621	harbor2	chr11	120620808	120621029	SINE/MIR	858	-	110	120620918	9297
chr11	120611621	120811621	harbor2	chr11	120622259	120622434	SINE/MIR	779	-	88	120622347	10726
chr11	120611621	120811621	harbor2	chr11	120638198	120638455	SINE/MIR	764	-	128	120638326	26705
chr11	120611621	120811621	harbor2	chr11	120644346	120644533	SINE/MIR	710	-	94	120644440	32819
chr11	120611621	120811621	harbor2	chr11	120646194	120646440	SINE/MIR	513	-	123	120646317	34696
chr11	120611621	120811621	harbor2	chr11	120646861	120647050	SINE/MIR	697	-	94	120646955	35334
chr11	120611621	120811621	harbor2	chr11	120650836	120650992	SINE/MIR	531	-	78	120650914	39293
chr11	120611621	120811621	harbor2	chr11	120652220	120652320	SINE/MIR	435	-	50	120652270	40649
chr11	120611621	120811621	harbor2	chr11	120654671	120654861	SINE/MIR	630	-	95	120654766	43145
chr11	120611621	120811621	harbor2	chr11	120663243	120663447	SINE/MIR	416	-	102	120663345	51724
chr11	120611621	120811621	harbor2	chr11	120664419	120664615	SINE/MIR	381	-	98	120664517	52896
chr11	120611621	120811621	harbor2	chr11	120679090	120679222	SINE/MIR	367	-	66	120679156	67535
chr11	120611621	120811621	harbor2	chr11	120687064	120687319	SINE/MIR	662	-	128	120687192	75571
chr11	120611621	120811621	harbor2	chr11	120691352	120691590	SINE/MIR	661	-	119	120691471	79850
chr11	90422519	90622519	harbor2	chr11	90500235	90500460	SINE/MIR	661	-	112	90500347	77828
chr11	90422519	90622519	harbor2	chr11	90509724	90509992	SINE/MIR	561	-	134	90509858	87339
chr11	90422519	90622519	harbor2	chr11	90511572	90511754	SINE/MIR	590	-	91	90511663	89144
chr11	71998292	72198292	harbor2	chr11	72006453	72006652	SINE/MIR	484	-	100	72006553	8261
chr11	71998292	72198292	harbor2	chr11	72009783	72009952	SINE/MIR	410	-	84	72009867	11575
chr11	71998292	72198292	harbor2	chr11	72017264	72017465	SINE/MIR	446	-	100	72017364	19072
chr11	71998292	72198292	harbor2	chr11	72043981	72044171	SINE/MIR	730	-	95	72044076	45784
chr11	71998292	72198292	harbor2	chr11	72050570	72050758	SINE/MIR	454	-	94	72050664	52372
chr11	71998292	72198292	harbor2	chr11	72055178	72055438	SINE/MIR	608	-	130	72055308	57016
chr11	71998292	72198292	harbor2	chr11	72069207	72069393	SINE/MIR	536	-	93	72069300	71008
chr11	71998292	72198292	harbor2	chr11	72081823	72082045	SINE/MIR	763	-	111	72081934	83642
chr11	124030302	124230302	harbor2	chr11	124049905	124050081	SINE/MIR	548	-	88	124049993	19691
chr11	124030302	124230302	harbor2	chr11	124055789	124056013	SINE/MIR	434	-	112	124055901	25599
chr11	124030302	124230302	harbor2	chr11	124112047	124112258	SINE/MIR	495	-	106	124112153	81851
chr11	119529564	119729564	harbor2	chr11	119577230	119577258	SINE/MIR	602	-	14	119577244	47680
chr11	119529564	119729564	harbor2	chr11	119577577	119577754	SINE/MIR	602	-	88	119577665	48101
chr11	119529564	119729564	harbor2	chr11	119615749	119615981	SINE/MIR	483	-	116	119615865	86301
chr11	119529564	119729564	harbor2	chr11	119623877	119623991	SINE/MIR	466	-	57	119623934	94370
chr11	119529564	119729564	harbor2	chr11	119626117	119626357	SINE/MIR	506	-	120	119626237	96673
chr11	119995821	120195821	harbor2	chr11	120005756	120005947	SINE/MIR	443	-	96	120005852	10031
chr11	119995821	120195821	harbor2	chr11	120013040	120013206	SINE/MIR	386	-	83	120013123	17302
chr11	119995821	120195821	harbor2	chr11	120016966	120017072	SINE/MIR	440	-	53	120017019	21198
chr11	119995821	120195821	harbor2	chr11	120018804	120018992	SINE/MIR	578	-	94	120018898	23077
chr11	119995821	120195821	harbor2	chr11	120022425	120022575	SINE/MIR	407	-	75	120022500	26679
chr11	119995821	120195821	harbor2	chr11	120028058	120028247	SINE/MIR	659	-	94	120028152	32331
chr11	119995821	120195821	harbor2	chr11	120035958	120036109	SINE/MIR	387	-	76	120036034	40213
chr11	119995821	120195821	harbor2	chr11	120077523	120077652	SINE/MIR	535	-	64	120077587	81766
chr11	119995821	120195821	harbor2	chr11	120088066	120088271	SINE/MIR	440	-	102	120088168	92347
chr11	119995821	120195821	harbor2	chr11	120089947	120090153	SINE/MIR	731	-	103	120090050	94229
chr11	119225147	119425147	harbor2	chr11	119278813	119279056	SINE/MIR	1091	-	122	119278935	53788
chr11	121865952	122065952	harbor2	chr11	121867333	121867383	SINE/MIR	824	-	25	121867358	1406
chr11	121865952	122065952	harbor2	chr11	121867698	121867871	SINE/MIR	824	-	86	121867784	1832
chr11	121865952	122065952	harbor2	chr11	121871958	121872089	SINE/MIR	516	-	66	121872024	6072
chr11	121865952	122065952	harbor2	chr11	121876591	121876734	SINE/MIR	439	-	72	121876663	10711
chr11	121865952	122065952	harbor2	chr11	121891445	121891653	SINE/MIR	837	-	104	121891549	25597
chr11	121865952	122065952	harbor2	chr11	121934323	121934510	SINE/MIR	448	-	94	121934417	68465
chr11	121865952	122065952	harbor2	chr11	121936539	121936709	SINE/MIR	479	-	85	121936624	70672
chr11	121865952	122065952	harbor2	chr11	121951810	121952069	SINE/MIR	418	-	130	121951940	85988
chr11	121865952	122065952	harbor2	chr11	121945874	121946138	SINE/MIR	479	-	132	121946006	80054
chr11	57741315	57941315	harbor2	chr11	57748248	57748432	SINE/MIR	679	-	92	57748340	7025
chr11	57741315	57941315	harbor2	chr11	57748566	57748624	SINE/MIR	679	-	29	57748595	7280
chr11	57741315	57941315	harbor2	chr11	57759233	57759283	SINE/MIR	434	-	25	57759258	17943
chr11	57741315	57941315	harbor2	chr11	57759566	57759768	SINE/MIR	434	-	101	57759667	18352
chr11	57741315	57941315	harbor2	chr11	57785227	57785458	SINE/MIR	678	-	116	57785343	44028
chr11	57741315	57941315	harbor2	chr11	57808744	57808925	SINE/MIR	443	-	90	57808834	67519
chr11	30448581	30648581	harbor2	chr11	30450378	30450594	SINE/MIR	416	-	108	30450486	1905
chr11	30448581	30648581	harbor2	chr11	30450746	30450948	SINE/MIR	479	-	101	30450847	2266
chr11	30448581	30648581	harbor2	chr11	30457542	30457752	SINE/MIR	491	-	105	30457647	9066
chr11	30448581	30648581	harbor2	chr11	30469332	30469495	SINE/MIR	498	-	82	30469414	20833
chr11	30448581	30648581	harbor2	chr11	30491513	30491700	SINE/MIR	622	-	94	30491607	43026
chr11	30448581	30648581	harbor2	chr11	30493634	30493745	SINE/MIR	377	-	56	30493690	45109
chr11	30448581	30648581	harbor2	chr11	30493805	30493968	SINE/MIR	443	-	82	30493887	45306
chr11	30448581	30648581	harbor2	chr11	30545588	30545766	SINE/MIR	417	-	89	30545677	97096
chr11	82866824	83066824	harbor2	chr11	82894506	82894624	SINE/MIR	447	-	59	82894565	27741
chr11	82866824	83066824	harbor2	chr11	82895109	82895319	SINE/MIR	481	-	105	82895214	28390
chr11	82866824	83066824	harbor2	chr11	82899238	82899436	SINE/MIR	419	-	99	82899337	32513
chr11	82866824	83066824	harbor2	chr11	82900866	82901127	SINE/MIR	543	-	130	82900996	34172
chr11	82866824	83066824	harbor2	chr11	82916677	82916921	SINE/MIR	663	-	122	82916799	49975
chr11	82866824	83066824	harbor2	chr11	82931035	82931274	SINE/MIR	381	-	120	82931155	64331
chr11	82866824	83066824	harbor2	chr11	82966115	82966193	SINE/MIR	539	-	39	82966154	99330
chr11	82866824	83066824	harbor2	chr11	82966498	82966594	SINE/MIR	539	-	48	82966546	99722
chr11	131701632	131901632	harbor2	chr11	131702303	131702533	SINE/MIR	415	-	115	131702418	786
chr11	131701632	131901632	harbor2	chr11	131720155	131720296	SINE/MIR	383	-	70	131720225	18593
chr11	131701632	131901632	harbor2	chr11	131761198	131761347	SINE/MIR	390	-	74	131761272	59640
chr11	131701632	131901632	harbor2	chr11	131762122	131762165	SINE/MIR	390	-	22	131762144	60512
chr11	97003824	97203824	harbor2	chr11	97005841	97006032	SINE/MIR	616	-	96	97005937	2113
chr11	97003824	97203824	harbor2	chr11	97080371	97080492	SINE/MIR	399	-	60	97080431	76607
chr11	97003824	97203824	harbor2	chr11	97093726	97093898	SINE/MIR	448	-	86	97093812	89988
chr11	134178511	134378511	harbor2	chr11	134207948	134208138	SINE/MIR	394	-	95	134208043	29532
chr11	134178511	134378511	harbor2	chr11	134222823	134223064	SINE/MIR	599	-	120	134222943	44432
chr11	134178511	134378511	harbor2	chr11	134234217	134234395	SINE/MIR	406	-	89	134234306	55795
chr11	134178511	134378511	harbor2	chr11	134244338	134244516	SINE/MIR	424	-	89	134244427	65916
chr11	127804035	128004035	harbor2	chr11	127823391	127823538	SINE/MIR	542	-	74	127823465	19430
chr11	127804035	128004035	harbor2	chr11	127848730	127848921	SINE/MIR	430	-	96	127848826	44791
chr11	103934155	104134155	harbor2	chr11	103935745	103935983	SINE/MIR	554	-	119	103935864	1709
chr11	103934155	104134155	harbor2	chr11	103941556	103941691	SINE/MIR	411	-	68	103941624	7469
chr11	103934155	104134155	harbor2	chr11	103950196	103950266	SINE/MIR	367	-	35	103950231	16076
chr11	103934155	104134155	harbor2	chr11	103950598	103950684	SINE/MIR	367	-	43	103950641	16486
chr11	103934155	104134155	harbor2	chr11	103981458	103981673	SINE/MIR	381	-	108	103981566	47411
chr11	103934155	104134155	harbor2	chr11	103991738	103991872	SINE/MIR	428	-	67	103991805	57650
chr11	103934155	104134155	harbor2	chr11	104004835	104004872	SINE/MIR	726	-	18	104004853	70698
chr11	103934155	104134155	harbor2	chr11	104005175	104005324	SINE/MIR	726	-	74	104005249	71094
chr11	103934155	104134155	harbor2	chr11	104027419	104027663	SINE/MIR	543	-	122	104027541	93386
chr11	103934155	104134155	harbor2	chr11	104005584	104005825	SINE/MIR	660	-	120	104005704	71549
chr11	117252503	117452503	harbor2	chr11	117292548	117292776	SINE/MIR	709	-	114	117292662	40159
chr11	117252503	117452503	harbor2	chr11	117313829	117314099	SINE/MIR	605	-	135	117313964	61461
chr11	117252503	117452503	harbor2	chr11	117330783	117330982	SINE/MIR	703	-	100	117330883	78380
chr11	117252503	117452503	harbor2	chr11	117331407	117331595	SINE/MIR	465	-	94	117331501	78998
chr11	117252503	117452503	harbor2	chr11	117339436	117339505	SINE/MIR	851	-	34	117339470	86967
chr11	117252503	117452503	harbor2	chr11	117339830	117340009	SINE/MIR	851	-	90	117339920	87417
chr11	131522932	131722932	harbor2	chr11	131526014	131526243	SINE/MIR	491	-	114	131526128	3196
chr11	131522932	131722932	harbor2	chr11	131528315	131528511	SINE/MIR	753	-	98	131528413	5481
chr11	131522932	131722932	harbor2	chr11	131538221	131538407	SINE/MIR	509	-	93	131538314	15382
chr11	131522932	131722932	harbor2	chr11	131571318	131571474	SINE/MIR	386	-	78	131571396	48464
chr11	131522932	131722932	harbor2	chr11	131587042	131587202	SINE/MIR	463	-	80	131587122	64190
chr11	131522932	131722932	harbor2	chr11	131587982	131588174	SINE/MIR	639	-	96	131588078	65146
chr11	131522932	131722932	harbor2	chr11	131590641	131590873	SINE/MIR	411	-	116	131590757	67825
chr11	131522932	131722932	harbor2	chr11	131593536	131593720	SINE/MIR	412	-	92	131593628	70696
chr11	94657573	94857573	harbor2	chr11	94660569	94660735	SINE/MIR	481	-	83	94660652	3079
chr11	94657573	94857573	harbor2	chr11	94664362	94664437	SINE/MIR	407	-	38	94664400	6827
chr11	94657573	94857573	harbor2	chr11	94666105	94666272	SINE/MIR	446	-	84	94666189	8616
chr11	94657573	94857573	harbor2	chr11	94669535	94669706	SINE/MIR	532	-	86	94669621	12048
chr11	94657573	94857573	harbor2	chr11	94678435	94678590	SINE/MIR	451	-	78	94678513	20940
chr11	94657573	94857573	harbor2	chr11	94694951	94695177	SINE/MIR	445	-	113	94695064	37491
chr11	94657573	94857573	harbor2	chr11	94722393	94722663	SINE/MIR	635	-	135	94722528	64955
chr11	94657573	94857573	harbor2	chr11	94727602	94727731	SINE/MIR	370	-	64	94727666	70093
chr11	94657573	94857573	harbor2	chr11	94731584	94731788	SINE/MIR	422	-	102	94731686	74113
chr11	94657573	94857573	harbor2	chr11	94732993	94733189	SINE/MIR	464	-	98	94733091	75518
chr11	94657573	94857573	harbor2	chr11	94737419	94737628	SINE/MIR	476	-	104	94737523	79950
chr11	94657573	94857573	harbor2	chr11	94750887	94751051	SINE/MIR	535	-	82	94750969	93396
chr11	94657573	94857573	harbor2	chr11	94753477	94753705	SINE/MIR	640	-	114	94753591	96018
chr11	94657573	94857573	harbor2	chr11	94757225	94757466	SINE/MIR	624	-	120	94757345	99772
chr11	42131070	42331070	harbor2	chr11	42183784	42184022	SINE/MIR	601	-	119	42183903	52833
chr11	42131070	42331070	harbor2	chr11	42185098	42185326	SINE/MIR	490	-	114	42185212	54142
chr11	42131070	42331070	harbor2	chr11	42185513	42185726	SINE/MIR	419	-	106	42185619	54549
chr11	42131070	42331070	harbor2	chr11	42201485	42201654	SINE/MIR	456	-	84	42201569	70499
chr11	115709221	115909221	harbor2	chr11	115712265	115712411	SINE/MIR	581	-	73	115712338	3117
chr11	115709221	115909221	harbor2	chr11	115712623	115712824	SINE/MIR	404	-	100	115712723	3502
chr11	115709221	115909221	harbor2	chr11	115714611	115714857	SINE/MIR	602	-	123	115714734	5513
chr11	115709221	115909221	harbor2	chr11	115718790	115718994	SINE/MIR	497	-	102	115718892	9671
chr11	115709221	115909221	harbor2	chr11	115719937	115720141	SINE/MIR	506	-	102	115720039	10818
chr11	115709221	115909221	harbor2	chr11	115725912	115726067	SINE/MIR	569	-	78	115725990	16769
chr11	115709221	115909221	harbor2	chr11	115730502	115730748	SINE/MIR	564	-	123	115730625	21404
chr11	115709221	115909221	harbor2	chr11	115737218	115737294	SINE/MIR	504	-	38	115737256	28035
chr11	115709221	115909221	harbor2	chr11	115739677	115739900	SINE/MIR	666	-	112	115739789	30568
chr11	115709221	115909221	harbor2	chr11	115740882	115741095	SINE/MIR	513	-	106	115740988	31767
chr11	115709221	115909221	harbor2	chr11	115747021	115747162	SINE/MIR	371	-	70	115747091	37870
chr11	115709221	115909221	harbor2	chr11	115755310	115755505	SINE/MIR	710	-	98	115755408	46187
chr11	115709221	115909221	harbor2	chr11	115778698	115778834	SINE/MIR	429	-	68	115778766	69545
chr11	115709221	115909221	harbor2	chr11	115788334	115788478	SINE/MIR	533	-	72	115788406	79185
chr11	115709221	115909221	harbor2	chr11	115788965	115789075	SINE/MIR	533	-	55	115789020	79799
chr11	115709221	115909221	harbor2	chr11	115796715	115796924	SINE/MIR	486	-	104	115796819	87598
chr11	115709221	115909221	harbor2	chr11	115808196	115808420	SINE/MIR	402	-	112	115808308	99087
chr11	115709221	115909221	harbor2	chr11	115802104	115802329	SINE/MIR	676	-	112	115802216	92995
chr11	115709221	115909221	harbor2	chr11	115736488	115736593	SINE/MIR	504	-	52	115736540	27319
chr11	123325886	123525886	harbor2	chr11	123330000	123330201	SINE/MIR	433	-	100	123330100	4214
chr11	123325886	123525886	harbor2	chr11	123350312	123350353	SINE/MIR	375	-	20	123350332	24446
chr11	123325886	123525886	harbor2	chr11	123350970	123351126	SINE/MIR	375	-	78	123351048	25162
chr11	123325886	123525886	harbor2	chr11	123354301	123354454	SINE/MIR	544	-	76	123354377	28491
chr11	123325886	123525886	harbor2	chr11	123375026	123375263	SINE/MIR	548	-	118	123375144	49258
chr11	123325886	123525886	harbor2	chr11	123378142	123378272	SINE/MIR	409	-	65	123378207	52321
chr11	123325886	123525886	harbor2	chr11	123393089	123393235	SINE/MIR	403	-	73	123393162	67276
chr11	123325886	123525886	harbor2	chr11	123400868	123401031	SINE/MIR	393	-	82	123400950	75064
chr11	123325886	123525886	harbor2	chr11	123401032	123401172	SINE/MIR	548	-	70	123401102	75216
chr11	123325886	123525886	harbor2	chr11	123402427	123402635	SINE/MIR	542	-	104	123402531	76645
chr11	123325886	123525886	harbor2	chr11	123412325	123412556	SINE/MIR	647	-	116	123412441	86555
chr11	123325886	123525886	harbor2	chr11	123414384	123414506	SINE/MIR	451	-	61	123414445	88559
chr11	123325886	123525886	harbor2	chr11	123416790	123417000	SINE/MIR	577	-	105	123416895	91009
chr11	123325886	123525886	harbor2	chr11	123424990	123425233	SINE/MIR	704	-	122	123425112	99226
chr11	123646098	123846098	harbor2	chr11	123670810	123671016	SINE/MIR	710	-	103	123670913	24815
chr11	123646098	123846098	harbor2	chr11	123673318	123673567	SINE/MIR	612	-	124	123673442	27344
chr11	123646098	123846098	harbor2	chr11	123676468	123676700	SINE/MIR	551	-	116	123676584	30486
chr11	123646098	123846098	harbor2	chr11	123695172	123695318	SINE/MIR	389	-	73	123695245	49147
chr11	123646098	123846098	harbor2	chr11	123700639	123700783	SINE/MIR	523	-	72	123700711	54613
chr11	123646098	123846098	harbor2	chr11	123711607	123711761	SINE/MIR	534	-	77	123711684	65586
chr11	101437089	101637089	harbor2	chr11	101441573	101441770	SINE/MIR	448	-	98	101441671	4582
chr11	101437089	101637089	harbor2	chr11	101446768	101446959	SINE/MIR	617	-	96	101446864	9775
chr11	101437089	101637089	harbor2	chr11	101459870	101460069	SINE/MIR	467	-	100	101459970	22881
chr11	101437089	101637089	harbor2	chr11	101484127	101484323	SINE/MIR	782	-	98	101484225	47136
chr11	101437089	101637089	harbor2	chr11	101531252	101531424	SINE/MIR	584	-	86	101531338	94249
chr11	134735334	134935334	harbor2	chr11	134810968	134811192	SINE/MIR	466	-	112	134811080	75746
chr11	134735334	134935334	harbor2	chr11	134826051	134826218	SINE/MIR	487	-	84	134826135	90801
chr11	121975182	122175182	harbor2	chr11	121980759	121980986	SINE/MIR	486	-	114	121980873	5691
chr11	121975182	122175182	harbor2	chr11	121991877	121991927	SINE/MIR	414	-	25	121991902	16720
chr11	121975182	122175182	harbor2	chr11	121992102	121992225	SINE/MIR	414	-	62	121992164	16982
chr11	121975182	122175182	harbor2	chr11	122021197	122021410	SINE/MIR	738	-	106	122021303	46121
chr11	121975182	122175182	harbor2	chr11	122021521	122021631	SINE/MIR	443	-	55	122021576	46394
chr11	121975182	122175182	harbor2	chr11	122037194	122037459	SINE/MIR	743	-	132	122037326	62144
chr11	121975182	122175182	harbor2	chr11	122065056	122065201	SINE/MIR	425	-	72	122065128	89946
chr11	126764677	126964677	harbor2	chr11	126771137	126771395	SINE/MIR	659	-	129	126771266	6589
chr11	126764677	126964677	harbor2	chr11	126787909	126788101	SINE/MIR	561	-	96	126788005	23328
chr11	126764677	126964677	harbor2	chr11	126792311	126792499	SINE/MIR	759	-	94	126792405	27728
chr11	126764677	126964677	harbor2	chr11	126824324	126824464	SINE/MIR	389	-	70	126824394	59717
chr11	126764677	126964677	harbor2	chr11	126825726	126825856	SINE/MIR	733	-	65	126825791	61114
chr11	126764677	126964677	harbor2	chr11	126859254	126859440	SINE/MIR	612	-	93	126859347	94670
chr11	85083028	85283028	harbor2	chr11	85085615	85085833	SINE/MIR	430	-	109	85085724	2696
chr11	85083028	85283028	harbor2	chr11	85098109	85098241	SINE/MIR	390	-	66	85098175	15147
chr11	85083028	85283028	harbor2	chr11	85100288	85100525	SINE/MIR	727	-	118	85100406	17378
chr11	85083028	85283028	harbor2	chr11	85106606	85106754	SINE/MIR	383	-	74	85106680	23652
chr11	85083028	85283028	harbor2	chr11	85112585	85112834	SINE/MIR	571	-	124	85112709	29681
chr11	85083028	85283028	harbor2	chr11	85124405	85124619	SINE/MIR	457	-	107	85124512	41484
chr11	85083028	85283028	harbor2	chr11	85128900	85129116	SINE/MIR	475	-	108	85129008	45980
chr11	85083028	85283028	harbor2	chr11	85137244	85137464	SINE/MIR	411	-	110	85137354	54326
chr11	85083028	85283028	harbor2	chr11	85153055	85153260	SINE/MIR	450	-	102	85153157	70129
chr11	85083028	85283028	harbor2	chr11	85179828	85180038	SINE/MIR	677	-	105	85179933	96905
chr11	85083028	85283028	harbor2	chr11	85180681	85180849	SINE/MIR	369	-	84	85180765	97737
chr11	85083028	85283028	harbor2	chr11	85180852	85180966	SINE/MIR	432	-	57	85180909	97881
chr11	85083028	85283028	harbor2	chr11	85182145	85182339	SINE/MIR	509	-	97	85182242	99214
chr11	130927594	131127594	harbor2	chr11	130983872	130984110	SINE/MIR	640	-	119	130983991	56397
chr11	69870248	70070248	harbor2	chr11	69909380	69909481	SINE/MIR	398	-	50	69909430	39182
chr11	69870248	70070248	harbor2	chr11	69929872	69930039	SINE/MIR	379	-	84	69929956	59708
chr11	69870248	70070248	harbor2	chr11	69959265	69959433	SINE/MIR	370	-	84	69959349	89101
chr11	69870248	70070248	harbor2	chr11	69965739	69965903	SINE/MIR	530	-	82	69965821	95573
chr11	97897428	98097428	harbor2	chr11	97910834	97911037	SINE/MIR	387	-	102	97910936	13508
chr11	57033219	57233219	harbor2	chr11	57050505	57050670	SINE/MIR	379	-	82	57050587	17368
chr11	57033219	57233219	harbor2	chr11	57055398	57055572	SINE/MIR	376	-	87	57055485	22266
chr11	57033219	57233219	harbor2	chr11	57073166	57073299	SINE/MIR	463	-	66	57073232	40013
chr11	57033219	57233219	harbor2	chr11	57074177	57074395	SINE/MIR	456	-	109	57074286	41067
chr11	57033219	57233219	harbor2	chr11	57098691	57098922	SINE/MIR	484	-	116	57098807	65588
chr11	57033219	57233219	harbor2	chr11	57099013	57099043	SINE/MIR	502	-	15	57099028	65809
chr11	57033219	57233219	harbor2	chr11	57099138	57099311	SINE/MIR	547	-	86	57099224	66005
chr11	57033219	57233219	harbor2	chr11	57116495	57116685	SINE/MIR	489	-	95	57116590	83371
chr11	57033219	57233219	harbor2	chr11	57124686	57124850	SINE/MIR	447	-	82	57124768	91549
chr11	57033219	57233219	harbor2	chr11	57129248	57129469	SINE/MIR	437	-	110	57129358	96139
chr11	108537014	108737014	harbor2	chr11	108540863	108540907	SINE/MIR	594	-	22	108540885	3871
chr11	108537014	108737014	harbor2	chr11	108541202	108541422	SINE/MIR	594	-	110	108541312	4298
chr11	108537014	108737014	harbor2	chr11	108553878	108554025	SINE/MIR	611	-	74	108553952	16938
chr11	108537014	108737014	harbor2	chr11	108558824	108559019	SINE/MIR	522	-	98	108558922	21908
chr11	108537014	108737014	harbor2	chr11	108611246	108611306	SINE/MIR	592	-	30	108611276	74262
chr11	108537014	108737014	harbor2	chr11	108612146	108612300	SINE/MIR	614	-	77	108612223	75209
chr11	108537014	108737014	harbor2	chr11	108612884	108613010	SINE/MIR	454	-	63	108612947	75933
chr11	68472860	68672860	harbor2	chr11	68505080	68505198	SINE/MIR	435	-	59	68505139	32279
chr11	68472860	68672860	harbor2	chr11	68543059	68543276	SINE/MIR	738	-	108	68543167	70307
chr11	134702523	134902523	harbor2	chr11	134705056	134705288	SINE/MIR	671	-	116	134705172	2649
chr11	106488846	106688846	harbor2	chr11	106506781	106506987	SINE/MIR	445	-	103	106506884	18038
chr11	106488846	106688846	harbor2	chr11	106564259	106564477	SINE/MIR	557	-	109	106564368	75522
chr11	132208572	132408572	harbor2	chr11	132221703	132221899	SINE/MIR	407	-	98	132221801	13229
chr11	132208572	132408572	harbor2	chr11	132229161	132229396	SINE/MIR	510	-	118	132229279	20707
chr11	132208572	132408572	harbor2	chr11	132230283	132230446	SINE/MIR	399	-	82	132230365	21793
chr11	132208572	132408572	harbor2	chr11	132236138	132236322	SINE/MIR	598	-	92	132236230	27658
chr11	132208572	132408572	harbor2	chr11	132253200	132253430	SINE/MIR	470	-	115	132253315	44743
chr11	132208572	132408572	harbor2	chr11	132257604	132257809	SINE/MIR	469	-	102	132257706	49134
chr11	132208572	132408572	harbor2	chr11	132260237	132260402	SINE/MIR	397	-	82	132260319	51747
chr11	132208572	132408572	harbor2	chr11	132265727	132265909	SINE/MIR	647	-	91	132265818	57246
chr11	132208572	132408572	harbor2	chr11	132300278	132300422	SINE/MIR	437	-	72	132300350	91778
chr11	96699014	96899014	harbor2	chr11	96707257	96707474	SINE/MIR	395	-	108	96707365	8351
chr11	96699014	96899014	harbor2	chr11	96711014	96711177	SINE/MIR	448	-	82	96711096	12082
chr11	96699014	96899014	harbor2	chr11	96711547	96711638	SINE/MIR	448	-	46	96711593	12579
chr11	96699014	96899014	harbor2	chr11	96784048	96784189	SINE/MIR	429	-	70	96784118	85104
chr11	105217804	105417804	harbor2	chr11	105233912	105234122	SINE/MIR	627	-	105	105234017	16213
chr11	105217804	105417804	harbor2	chr11	105275949	105276084	SINE/MIR	383	-	68	105276017	58213
chr11	76071393	76271393	harbor2	chr11	76077540	76077749	SINE/MIR	610	-	104	76077644	6251
chr11	76071393	76271393	harbor2	chr11	76087654	76087840	SINE/MIR	477	-	93	76087747	16354
chr11	76071393	76271393	harbor2	chr11	76098265	76098484	SINE/MIR	487	-	110	76098375	26982
chr11	76071393	76271393	harbor2	chr11	76109470	76109616	SINE/MIR	380	-	73	76109543	38150
chr11	76071393	76271393	harbor2	chr11	76110240	76110490	SINE/MIR	914	-	125	76110365	38972
chr11	76071393	76271393	harbor2	chr11	76122888	76123101	SINE/MIR	577	-	106	76122994	51601
chr11	76071393	76271393	harbor2	chr11	76128981	76129229	SINE/MIR	882	-	124	76129105	57712
chr11	76071393	76271393	harbor2	chr11	76152167	76152293	SINE/MIR	441	-	63	76152230	80837
chr11	76071393	76271393	harbor2	chr11	76168627	76168772	SINE/MIR	403	-	72	76168699	97306
chr11	77900685	78100685	harbor2	chr11	77900822	77901034	SINE/MIR	758	-	106	77900928	243
chr11	77900685	78100685	harbor2	chr11	77903070	77903219	SINE/MIR	532	-	74	77903144	2459
chr11	77900685	78100685	harbor2	chr11	77911761	77911991	SINE/MIR	564	-	115	77911876	11191
chr11	77900685	78100685	harbor2	chr11	77938293	77938487	SINE/MIR	403	-	97	77938390	37705
chr11	77900685	78100685	harbor2	chr11	77941806	77942026	SINE/MIR	814	-	110	77941916	41231
chr11	77900685	78100685	harbor2	chr11	77953357	77953550	SINE/MIR	659	-	96	77953453	52768
chr11	67792776	67992776	harbor2	chr11	67804052	67804269	SINE/MIR	831	-	108	67804160	11384
chr11	67792776	67992776	harbor2	chr11	67812989	67813207	SINE/MIR	580	-	109	67813098	20322
chr11	67792776	67992776	harbor2	chr11	67828832	67829038	SINE/MIR	591	-	103	67828935	36159
chr11	67792776	67992776	harbor2	chr11	67829507	67829670	SINE/MIR	528	-	82	67829589	36813
chr11	119118132	119318132	harbor2	chr11	119126429	119126598	SINE/MIR	414	-	84	119126513	8381
chr11	119118132	119318132	harbor2	chr11	119128919	119129025	SINE/MIR	510	-	53	119128972	10840
chr11	119118132	119318132	harbor2	chr11	119132145	119132353	SINE/MIR	882	-	104	119132249	14117
chr11	119118132	119318132	harbor2	chr11	119150588	119150812	SINE/MIR	714	-	112	119150700	32568
chr11	119118132	119318132	harbor2	chr11	119151578	119151809	SINE/MIR	426	-	116	119151694	33562
chr11	119118132	119318132	harbor2	chr11	119153076	119153328	SINE/MIR	1328	-	126	119153202	35070
chr11	119118132	119318132	harbor2	chr11	119163130	119163336	SINE/MIR	519	-	103	119163233	45101
chr11	119118132	119318132	harbor2	chr11	119175885	119176100	SINE/MIR	644	-	108	119175993	57861
chr11	92856785	93056785	harbor2	chr11	92860236	92860384	SINE/MIR	448	-	74	92860310	3525
chr11	92856785	93056785	harbor2	chr11	92862772	92862918	SINE/MIR	379	-	73	92862845	6060
chr11	92856785	93056785	harbor2	chr11	92870801	92871021	SINE/MIR	515	-	110	92870911	14126
chr11	92856785	93056785	harbor2	chr11	92883563	92883693	SINE/MIR	496	-	65	92883628	26843
chr11	92856785	93056785	harbor2	chr11	92893869	92894035	SINE/MIR	394	-	83	92893952	37167
chr11	92856785	93056785	harbor2	chr11	92940108	92940304	SINE/MIR	569	-	98	92940206	83421
chr11	50059486	50259486	harbor2	chr11	50099792	50099929	SINE/MIR	455	-	68	50099860	40374
chr11	50059486	50259486	harbor2	chr11	50129705	50129902	SINE/MIR	475	-	98	50129803	70317
chr11	50059486	50259486	harbor2	chr11	50141251	50141319	SINE/MIR	397	-	34	50141285	81799
chr11	50059486	50259486	harbor2	chr11	50141644	50141771	SINE/MIR	397	-	64	50141708	82222
chr11	50059486	50259486	harbor2	chr11	50146689	50146882	SINE/MIR	591	-	96	50146785	87299
chr11	74106055	74306055	harbor2	chr11	74118629	74118852	SINE/MIR	490	-	112	74118741	12686
chr11	74106055	74306055	harbor2	chr11	74132385	74132597	SINE/MIR	581	-	106	74132491	26436
chr11	74106055	74306055	harbor2	chr11	74133101	74133308	SINE/MIR	447	-	104	74133205	27150
chr11	74106055	74306055	harbor2	chr11	74134083	74134303	SINE/MIR	745	-	110	74134193	28138
chr11	74106055	74306055	harbor2	chr11	74166798	74167009	SINE/MIR	537	-	106	74166904	60849
chr11	74106055	74306055	harbor2	chr11	74174712	74174929	SINE/MIR	490	-	108	74174820	68765
chr11	74106055	74306055	harbor2	chr11	74175766	74175925	SINE/MIR	581	-	80	74175846	69791
chr11	74106055	74306055	harbor2	chr11	74196065	74196190	SINE/MIR	415	-	62	74196127	90072
chr11	74106055	74306055	harbor2	chr11	74197513	74197640	SINE/MIR	461	-	64	74197577	91522
chr11	107198782	107398782	harbor2	chr11	107203026	107203280	SINE/MIR	807	-	127	107203153	4371
chr11	107198782	107398782	harbor2	chr11	107243848	107244007	SINE/MIR	613	-	80	107243928	45146
chr11	107198782	107398782	harbor2	chr11	107274998	107275171	SINE/MIR	419	-	86	107275084	76302
chr11	117821010	118021010	harbor2	chr11	117823283	117823455	SINE/MIR	368	-	86	117823369	2359
chr11	117821010	118021010	harbor2	chr11	117825538	117825682	SINE/MIR	386	-	72	117825610	4600
chr11	117821010	118021010	harbor2	chr11	117827202	117827255	SINE/MIR	746	-	26	117827228	6218
chr11	117821010	118021010	harbor2	chr11	117827549	117827729	SINE/MIR	746	-	90	117827639	6629
chr11	117821010	118021010	harbor2	chr11	117860760	117861028	SINE/MIR	862	-	134	117860894	39884
chr11	117821010	118021010	harbor2	chr11	117862994	117863218	SINE/MIR	422	-	112	117863106	42096
chr11	117821010	118021010	harbor2	chr11	117871702	117871901	SINE/MIR	372	-	100	117871802	50792
chr11	117821010	118021010	harbor2	chr11	117885225	117885399	SINE/MIR	511	-	87	117885312	64302
chr11	117821010	118021010	harbor2	chr11	117887268	117887492	SINE/MIR	948	-	112	117887380	66370
chr11	117821010	118021010	harbor2	chr11	117897521	117897736	SINE/MIR	593	-	108	117897629	76619
chr11	117821010	118021010	harbor2	chr11	117904380	117904559	SINE/MIR	415	-	90	117904470	83460
chr11	117821010	118021010	harbor2	chr11	117915923	117916061	SINE/MIR	436	-	69	117915992	94982
chr11	117821010	118021010	harbor2	chr11	117916838	117916982	SINE/MIR	418	-	72	117916910	95900
chr11	117821010	118021010	harbor2	chr11	117917497	117917703	SINE/MIR	641	-	103	117917600	96590
chr11	117821010	118021010	harbor2	chr11	117919638	117919849	SINE/MIR	444	-	106	117919744	98734
chr11	119385523	119585523	harbor2	chr11	119425911	119426042	SINE/MIR	385	-	66	119425977	40454
chr11	119385523	119585523	harbor2	chr11	119435082	119435263	SINE/MIR	442	-	90	119435172	49649
chr11	119385523	119585523	harbor2	chr11	119446982	119447140	SINE/MIR	604	-	79	119447061	61538
chr11	119385523	119585523	harbor2	chr11	119453457	119453579	SINE/MIR	384	-	61	119453518	67995
chr11	70428808	70628808	harbor2	chr11	70524027	70524172	SINE/MIR	390	-	72	70524099	95291
chr11	72304702	72504702	harbor2	chr11	72306926	72307105	SINE/MIR	547	-	90	72307016	2314
chr11	72304702	72504702	harbor2	chr11	72307351	72307464	SINE/MIR	410	-	56	72307407	2705
chr11	72304702	72504702	harbor2	chr11	72309457	72309637	SINE/MIR	444	-	90	72309547	4845
chr11	72304702	72504702	harbor2	chr11	72311368	72311572	SINE/MIR	508	-	102	72311470	6768
chr11	72304702	72504702	harbor2	chr11	72328421	72328559	SINE/MIR	525	-	69	72328490	23788
chr11	72304702	72504702	harbor2	chr11	72332983	72333184	SINE/MIR	516	-	100	72333083	28381
chr11	72304702	72504702	harbor2	chr11	72349116	72349283	SINE/MIR	455	-	84	72349200	44498
chr11	72304702	72504702	harbor2	chr11	72354026	72354181	SINE/MIR	505	-	78	72354104	49402
chr11	72304702	72504702	harbor2	chr11	72355481	72355701	SINE/MIR	613	-	110	72355591	50889
chr11	72304702	72504702	harbor2	chr11	72360741	72360897	SINE/MIR	508	-	78	72360819	56117
chr11	72304702	72504702	harbor2	chr11	72363542	72363801	SINE/MIR	726	-	130	72363672	58970
chr11	72304702	72504702	harbor2	chr11	72368258	72368462	SINE/MIR	567	-	102	72368360	63658
chr11	72304702	72504702	harbor2	chr11	72371981	72372165	SINE/MIR	460	-	92	72372073	67371
chr11	72304702	72504702	harbor2	chr11	72374231	72374442	SINE/MIR	611	-	106	72374337	69635
chr11	72304702	72504702	harbor2	chr11	72392648	72392863	SINE/MIR	767	-	108	72392756	88054
chr11	72304702	72504702	harbor2	chr11	72393409	72393586	SINE/MIR	506	-	88	72393497	88795
chr11	72304702	72504702	harbor2	chr11	72403872	72404121	SINE/MIR	607	-	124	72403996	99294
chr11	81056099	81256099	harbor2	chr11	81092622	81092777	SINE/MIR	427	-	78	81092700	36601
chr11	81056099	81256099	harbor2	chr11	81097107	81097287	SINE/MIR	524	-	90	81097197	41098
chr11	81056099	81256099	harbor2	chr11	81102728	81102948	SINE/MIR	389	-	110	81102838	46739
chr11	81056099	81256099	harbor2	chr11	81111382	81111484	SINE/MIR	404	-	51	81111433	55334
chr11	81056099	81256099	harbor2	chr11	81131442	81131624	SINE/MIR	615	-	91	81131533	75434
chr11	81056099	81256099	harbor2	chr11	81138547	81138771	SINE/MIR	420	-	112	81138659	82560
chr11	128205223	128405223	harbor2	chr11	128251119	128251280	SINE/MIR	533	-	80	128251199	45976
chr11	128205223	128405223	harbor2	chr11	128283960	128284169	SINE/MIR	621	-	104	128284064	78841
chr11	128205223	128405223	harbor2	chr11	128296515	128296731	SINE/MIR	500	-	108	128296623	91400
chr11	128205223	128405223	harbor2	chr11	128299716	128299927	SINE/MIR	650	-	106	128299822	94599
chr11	100744923	100944923	harbor2	chr11	100758683	100758892	SINE/MIR	566	-	104	100758787	13864
chr11	100744923	100944923	harbor2	chr11	100761821	100762025	SINE/MIR	533	-	102	100761923	17000
chr11	100744923	100944923	harbor2	chr11	100767185	100767403	SINE/MIR	824	-	109	100767294	22371
chr11	100744923	100944923	harbor2	chr11	100768769	100768877	SINE/MIR	504	-	54	100768823	23900
chr11	100744923	100944923	harbor2	chr11	100769248	100769382	SINE/MIR	702	-	67	100769315	24392
chr11	100744923	100944923	harbor2	chr11	100805015	100805243	SINE/MIR	453	-	114	100805129	60206
chr11	100744923	100944923	harbor2	chr11	100817610	100817820	SINE/MIR	490	-	105	100817715	72792
chr11	100744923	100944923	harbor2	chr11	100836072	100836195	SINE/MIR	455	-	62	100836134	91211
chr11	93509214	93709214	harbor2	chr11	93514779	93514990	SINE/MIR	530	-	106	93514885	5671
chr11	93509214	93709214	harbor2	chr11	93517619	93517826	SINE/MIR	487	-	104	93517723	8509
chr11	93509214	93709214	harbor2	chr11	93520345	93520549	SINE/MIR	492	-	102	93520447	11233
chr11	93509214	93709214	harbor2	chr11	93521374	93521616	SINE/MIR	511	-	121	93521495	12281
chr11	93509214	93709214	harbor2	chr11	93534462	93534653	SINE/MIR	573	-	96	93534558	25344
chr11	93509214	93709214	harbor2	chr11	93546502	93546648	SINE/MIR	468	-	73	93546575	37361
chr11	93509214	93709214	harbor2	chr11	93562640	93562731	SINE/MIR	567	-	46	93562686	53472
chr11	93509214	93709214	harbor2	chr11	93563087	93563187	SINE/MIR	567	-	50	93563137	53923
chr11	93509214	93709214	harbor2	chr11	93569612	93569760	SINE/MIR	736	-	74	93569686	60472
chr11	93509214	93709214	harbor2	chr11	93569762	93569978	SINE/MIR	372	-	108	93569870	60656
chr11	93509214	93709214	harbor2	chr11	93589353	93589474	SINE/MIR	380	-	60	93589413	80199
chr11	49734957	49934957	harbor2	chr11	49748147	49748363	SINE/MIR	418	-	108	49748255	13298
chr11	49734957	49934957	harbor2	chr11	49760496	49760700	SINE/MIR	622	-	102	49760598	25641
chr11	49734957	49934957	harbor2	chr11	49760876	49761001	SINE/MIR	424	-	62	49760938	25981
chr11	49734957	49934957	harbor2	chr11	49803939	49804164	SINE/MIR	801	-	112	49804051	69094
chr11	122022191	122222191	harbor2	chr11	122037194	122037459	SINE/MIR	743	-	132	122037326	15135
chr11	122022191	122222191	harbor2	chr11	122065056	122065201	SINE/MIR	425	-	72	122065128	42937
chr11	122022191	122222191	harbor2	chr11	122106670	122106863	SINE/MIR	472	-	96	122106766	84575
chr11	76838906	77038906	harbor2	chr11	76846164	76846370	SINE/MIR	464	-	103	76846267	7361
chr11	76838906	77038906	harbor2	chr11	76863683	76863926	SINE/MIR	622	-	122	76863805	24899
chr11	76838906	77038906	harbor2	chr11	76866661	76866811	SINE/MIR	430	-	75	76866736	27830
chr11	76838906	77038906	harbor2	chr11	76870915	76871151	SINE/MIR	541	-	118	76871033	32127
chr11	76838906	77038906	harbor2	chr11	76918737	76918861	SINE/MIR	405	-	62	76918799	79893
chr11	88138487	88338487	harbor2	chr11	88150629	88150775	SINE/MIR	408	-	73	88150702	12215
chr11	88138487	88338487	harbor2	chr11	88171126	88171353	SINE/MIR	909	-	114	88171240	32753
chr11	88138487	88338487	harbor2	chr11	88173359	88173497	SINE/MIR	389	-	69	88173428	34941
chr11	88138487	88338487	harbor2	chr11	88176171	88176378	SINE/MIR	605	-	104	88176275	37788
chr11	88138487	88338487	harbor2	chr11	88176821	88177014	SINE/MIR	530	-	96	88176917	38430
chr11	88138487	88338487	harbor2	chr11	88180641	88180837	SINE/MIR	597	-	98	88180739	42252
chr11	88138487	88338487	harbor2	chr11	88198993	88199210	SINE/MIR	417	-	108	88199101	60614
chr11	88138487	88338487	harbor2	chr11	88210336	88210600	SINE/MIR	434	-	132	88210468	71981
chr11	88138487	88338487	harbor2	chr11	88231855	88232042	SINE/MIR	477	-	94	88231949	93462
chr11	130639853	130839853	harbor2	chr11	130650750	130650903	SINE/MIR	400	-	76	130650826	10973
chr11	130639853	130839853	harbor2	chr11	130675738	130675902	SINE/MIR	493	-	82	130675820	35967
chr11	130639853	130839853	harbor2	chr11	130677302	130677539	SINE/MIR	640	-	118	130677420	37567
chr11	130639853	130839853	harbor2	chr11	130688370	130688573	SINE/MIR	740	-	102	130688472	48619
chr11	130639853	130839853	harbor2	chr11	130696498	130696737	SINE/MIR	480	-	120	130696618	56765
chr11	130639853	130839853	harbor2	chr11	130698254	130698435	SINE/MIR	503	-	90	130698344	58491
chr11	130639853	130839853	harbor2	chr11	130717821	130718023	SINE/MIR	581	-	101	130717922	78069
chr11	130639853	130839853	harbor2	chr11	130727074	130727294	SINE/MIR	714	-	110	130727184	87331
chr11	123675965	123875965	harbor2	chr11	123676468	123676700	SINE/MIR	551	-	116	123676584	619
chr11	123675965	123875965	harbor2	chr11	123695172	123695318	SINE/MIR	389	-	73	123695245	19280
chr11	123675965	123875965	harbor2	chr11	123700639	123700783	SINE/MIR	523	-	72	123700711	24746
chr11	123675965	123875965	harbor2	chr11	123711607	123711761	SINE/MIR	534	-	77	123711684	35719
chr11	123675965	123875965	harbor2	chr11	123770844	123771046	SINE/MIR	703	-	101	123770945	94980
chr11	114688660	114888660	harbor2	chr11	114702506	114702770	SINE/MIR	679	-	132	114702638	13978
chr11	114688660	114888660	harbor2	chr11	114721642	114721874	SINE/MIR	643	-	116	114721758	33098
chr11	114688660	114888660	harbor2	chr11	114724096	114724260	SINE/MIR	422	-	82	114724178	35518
chr11	114688660	114888660	harbor2	chr11	114737482	114737692	SINE/MIR	501	-	105	114737587	48927
chr11	114688660	114888660	harbor2	chr11	114782502	114782703	SINE/MIR	464	-	100	114782602	93942
chr11	114688660	114888660	harbor2	chr11	114784052	114784150	SINE/MIR	371	-	49	114784101	95441
chr11	114688660	114888660	harbor2	chr11	114785224	114785387	SINE/MIR	523	-	82	114785306	96646
chr11	73380972	73580972	harbor2	chr11	73381989	73382162	SINE/MIR	506	-	86	73382075	1103
chr11	73380972	73580972	harbor2	chr11	73415847	73416031	SINE/MIR	400	-	92	73415939	34967
chr11	73380972	73580972	harbor2	chr11	73417249	73417398	SINE/MIR	395	-	74	73417323	36351
chr11	73380972	73580972	harbor2	chr11	73429058	73429182	SINE/MIR	428	-	62	73429120	48148
chr11	73380972	73580972	harbor2	chr11	73429926	73430037	SINE/MIR	566	-	56	73429982	49010
chr11	73380972	73580972	harbor2	chr11	73445810	73445984	SINE/MIR	418	-	87	73445897	64925
chr11	73380972	73580972	harbor2	chr11	73448346	73448479	SINE/MIR	478	-	66	73448412	67440
chr11	73380972	73580972	harbor2	chr11	73453556	73453766	SINE/MIR	613	-	105	73453661	72689
chr11	73380972	73580972	harbor2	chr11	73464811	73465003	SINE/MIR	442	-	96	73464907	83935
chr11	73380972	73580972	harbor2	chr11	73465027	73465248	SINE/MIR	590	-	110	73465137	84165
chr11	73380972	73580972	harbor2	chr11	73467289	73467437	SINE/MIR	385	-	74	73467363	86391
chr11	73380972	73580972	harbor2	chr11	73473064	73473303	SINE/MIR	835	-	120	73473184	92212
chr11	73380972	73580972	harbor2	chr11	73475306	73475450	SINE/MIR	380	-	72	73475378	94406
chr11	73380972	73580972	harbor2	chr11	73480742	73480851	SINE/MIR	471	-	54	73480796	99824
chr11	127044278	127244278	harbor2	chr11	127050040	127050234	SINE/MIR	406	-	97	127050137	5859
chr11	127044278	127244278	harbor2	chr11	127051026	127051205	SINE/MIR	652	-	90	127051116	6838
chr11	127044278	127244278	harbor2	chr11	127063445	127063633	SINE/MIR	425	-	94	127063539	19261
chr11	127044278	127244278	harbor2	chr11	127071306	127071402	SINE/MIR	433	-	48	127071354	27076
chr11	127044278	127244278	harbor2	chr11	127077725	127077885	SINE/MIR	426	-	80	127077805	33527
chr11	127044278	127244278	harbor2	chr11	127124255	127124449	SINE/MIR	602	-	97	127124352	80074
chr11	129598243	129798243	harbor2	chr11	129607009	129607192	SINE/MIR	559	-	92	129607101	8858
chr11	129598243	129798243	harbor2	chr11	129694256	129694461	SINE/MIR	593	-	102	129694358	96115
chr11	134858538	135058538	harbor2	chr11	134883814	134883886	SINE/MIR	586	-	36	134883850	25312
chr11	134858538	135058538	harbor2	chr11	134884243	134884421	SINE/MIR	586	-	89	134884332	25794
chr11	134858538	135058538	harbor2	chr11	134921679	134921873	SINE/MIR	412	-	97	134921776	63238
chr11	134858538	135058538	harbor2	chr11	134943549	134943725	SINE/MIR	512	-	88	134943637	85099
chr11	104548764	104748764	harbor2	chr11	104550381	104550573	SINE/MIR	395	-	96	104550477	1713
chr11	73929600	74129600	harbor2	chr11	73966438	73966603	SINE/MIR	388	-	82	73966520	36920
chr11	73929600	74129600	harbor2	chr11	74004214	74004342	SINE/MIR	396	-	64	74004278	74678
chr11	73929600	74129600	harbor2	chr11	74008010	74008231	SINE/MIR	586	-	110	74008120	78520
chr11	73929600	74129600	harbor2	chr11	74011592	74011752	SINE/MIR	511	-	80	74011672	82072
chr11	73929600	74129600	harbor2	chr11	74013618	74013823	SINE/MIR	643	-	102	74013720	84120
chr11	73929600	74129600	harbor2	chr11	74025765	74025914	SINE/MIR	470	-	74	74025839	96239
chr11	132588900	132788900	harbor2	chr11	132632320	132632544	SINE/MIR	496	-	112	132632432	43532
chr11	132588900	132788900	harbor2	chr11	132642703	132642842	SINE/MIR	376	-	70	132642773	53873
chr11	132588900	132788900	harbor2	chr11	132661778	132661905	SINE/MIR	494	-	64	132661842	72942
chr11	132588900	132788900	harbor2	chr11	132684240	132684424	SINE/MIR	441	-	92	132684332	95432
chr11	133255352	133455352	harbor2	chr11	133259246	133259460	SINE/MIR	436	-	107	133259353	4001
chr11	133255352	133455352	harbor2	chr11	133271519	133271657	SINE/MIR	446	-	69	133271588	16236
chr11	133255352	133455352	harbor2	chr11	133277837	133277990	SINE/MIR	464	-	76	133277913	22561
chr11	133255352	133455352	harbor2	chr11	133278825	133278992	SINE/MIR	447	-	84	133278909	23557
chr11	133255352	133455352	harbor2	chr11	133317914	133318058	SINE/MIR	403	-	72	133317986	62634
chr11	133255352	133455352	harbor2	chr11	133335179	133335347	SINE/MIR	490	-	84	133335263	79911
chr11	133255352	133455352	harbor2	chr11	133339193	133339423	SINE/MIR	821	-	115	133339308	83956
chr11	123949492	124149492	harbor2	chr11	123976467	123976628	SINE/MIR	389	-	80	123976547	27055
chr11	123949492	124149492	harbor2	chr11	124008637	124008773	SINE/MIR	475	-	68	124008705	59213
chr11	123949492	124149492	harbor2	chr11	124021939	124022068	SINE/MIR	377	-	64	124022003	72511
chr11	123949492	124149492	harbor2	chr11	124028587	124028719	SINE/MIR	532	-	66	124028653	79161
chr11	133996879	134196879	harbor2	chr11	134027620	134027804	SINE/MIR	503	-	92	134027712	30833
chr11	133996879	134196879	harbor2	chr11	134028220	134028464	SINE/MIR	397	-	122	134028342	31463
chr11	133996879	134196879	harbor2	chr11	134030220	134030435	SINE/MIR	667	-	108	134030328	33449
chr11	133996879	134196879	harbor2	chr11	134039665	134039862	SINE/MIR	460	-	98	134039763	42884
chr11	133996879	134196879	harbor2	chr11	134071147	134071301	SINE/MIR	451	-	77	134071224	74345
chr11	130492466	130692466	harbor2	chr11	130509893	130510093	SINE/MIR	366	-	100	130509993	17527
chr11	130492466	130692466	harbor2	chr11	130548836	130548970	SINE/MIR	380	-	67	130548903	56437
chr11	130492466	130692466	harbor2	chr11	130552667	130552880	SINE/MIR	376	-	106	130552773	60307
chr11	130492466	130692466	harbor2	chr11	130553926	130554045	SINE/MIR	467	-	60	130553986	61520
chr11	130492466	130692466	harbor2	chr11	130555884	130556093	SINE/MIR	379	-	104	130555988	63522
chr11	130492466	130692466	harbor2	chr11	130571763	130571986	SINE/MIR	590	-	112	130571875	79409
chr11	130492466	130692466	harbor2	chr11	130576020	130576223	SINE/MIR	390	-	102	130576122	83656
chr11	130492466	130692466	harbor2	chr11	130576357	130576530	SINE/MIR	375	-	86	130576443	83977
chr11	130492466	130692466	harbor2	chr11	130582201	130582374	SINE/MIR	471	-	86	130582287	89821
chr11	130492466	130692466	harbor2	chr11	130583036	130583201	SINE/MIR	492	-	82	130583118	90652
chr11	57904710	58104710	harbor2	chr11	57930999	57931190	SINE/MIR	669	-	96	57931095	26385
chr11	57904710	58104710	harbor2	chr11	57962630	57962828	SINE/MIR	397	-	99	57962729	58019
chr11	57904710	58104710	harbor2	chr11	57985814	57985958	SINE/MIR	376	-	72	57985886	81176
chr11	104593410	104793410	harbor2	chr11	104666952	104667078	SINE/MIR	425	-	63	104667015	73605
chr11	104593410	104793410	harbor2	chr11	104678562	104678832	SINE/MIR	418	-	135	104678697	85287
chr11	60426000	60626000	harbor2	chr11	60429344	60429478	SINE/MIR	443	-	67	60429411	3411
chr11	60426000	60626000	harbor2	chr11	60433535	60433732	SINE/MIR	461	-	98	60433633	7633
chr11	60426000	60626000	harbor2	chr11	60448271	60448523	SINE/MIR	1026	-	126	60448397	22397
chr11	60426000	60626000	harbor2	chr11	60461316	60461514	SINE/MIR	577	-	99	60461415	35415
chr11	60426000	60626000	harbor2	chr11	60481694	60481904	SINE/MIR	484	-	105	60481799	55799
chr11	60426000	60626000	harbor2	chr11	60483707	60483907	SINE/MIR	536	-	100	60483807	57807
chr11	60426000	60626000	harbor2	chr11	60494622	60494825	SINE/MIR	462	-	102	60494724	68724
chr11	60426000	60626000	harbor2	chr11	60495522	60495710	SINE/MIR	512	-	94	60495616	69616
chr11	60426000	60626000	harbor2	chr11	60509003	60509231	SINE/MIR	655	-	114	60509117	83117
chr11	91509517	91709517	harbor2	chr11	91532067	91532266	SINE/MIR	477	-	100	91532167	22650
chr11	91509517	91709517	harbor2	chr11	91561743	91561932	SINE/MIR	596	-	94	91561837	52320
chr11	101939647	102139647	harbor2	chr11	101965659	101965884	SINE/MIR	594	-	112	101965771	26124
chr11	101939647	102139647	harbor2	chr11	101970746	101970964	SINE/MIR	712	-	109	101970855	31208
chr11	101939647	102139647	harbor2	chr11	101998741	101998944	SINE/MIR	611	-	102	101998843	59196
chr11	101939647	102139647	harbor2	chr11	102005856	102006086	SINE/MIR	759	-	115	102005971	66324
chr11	101939647	102139647	harbor2	chr11	102018207	102018343	SINE/MIR	664	-	68	102018275	78628
chr11	101939647	102139647	harbor2	chr11	102018645	102018763	SINE/MIR	664	-	59	102018704	79057
chr11	101939647	102139647	harbor2	chr11	102025674	102025758	SINE/MIR	404	-	42	102025716	86069
chr11	132793627	132993627	harbor2	chr11	132829266	132829393	SINE/MIR	402	-	64	132829330	35703
chr11	132793627	132993627	harbor2	chr11	132851651	132851794	SINE/MIR	563	-	72	132851723	58096
chr11	133820416	134020416	harbor2	chr11	133823348	133823524	SINE/MIR	394	-	88	133823436	3020
chr11	133820416	134020416	harbor2	chr11	133832005	133832219	SINE/MIR	453	-	107	133832112	11696
chr11	133820416	134020416	harbor2	chr11	133914119	133914350	SINE/MIR	514	-	116	133914235	93819
chr11	102144386	102344386	harbor2	chr11	102146963	102147188	SINE/MIR	675	-	112	102147075	2689
chr11	102144386	102344386	harbor2	chr11	102159611	102159812	SINE/MIR	380	-	100	102159711	15325
chr11	102144386	102344386	harbor2	chr11	102173541	102173770	SINE/MIR	378	-	114	102173655	29269
chr11	102144386	102344386	harbor2	chr11	102239431	102239633	SINE/MIR	487	-	101	102239532	95146
chr11	112134148	112334148	harbor2	chr11	112135187	112135423	SINE/MIR	455	-	118	112135305	1157
chr11	112134148	112334148	harbor2	chr11	112176712	112176870	SINE/MIR	490	-	79	112176791	42643
chr11	112134148	112334148	harbor2	chr11	112177605	112177850	SINE/MIR	528	-	122	112177727	43579
chr11	112134148	112334148	harbor2	chr11	112216519	112216718	SINE/MIR	397	-	100	112216619	82471
chr11	112134148	112334148	harbor2	chr11	112231344	112231487	SINE/MIR	444	-	72	112231416	97268
chr11	121472785	121672785	harbor2	chr11	121533259	121533412	SINE/MIR	535	-	76	121533335	60550
chr11	121472785	121672785	harbor2	chr11	121551086	121551302	SINE/MIR	484	-	108	121551194	78409
chr11	121472785	121672785	harbor2	chr11	121562973	121563198	SINE/MIR	421	-	112	121563085	90300
chr11	56520612	56720612	harbor2	chr11	56523024	56523179	SINE/MIR	518	-	78	56523102	2490
chr11	112183940	112383940	harbor2	chr11	112216519	112216718	SINE/MIR	397	-	100	112216619	32679
chr11	112183940	112383940	harbor2	chr11	112231344	112231487	SINE/MIR	444	-	72	112231416	47476
chr11	112183940	112383940	harbor2	chr11	112234836	112234997	SINE/MIR	440	-	80	112234916	50976
chr11	112183940	112383940	harbor2	chr11	112266082	112266257	SINE/MIR	423	-	88	112266170	82230
chr11	112183940	112383940	harbor2	chr11	112283027	112283116	SINE/MIR	377	-	44	112283071	99131
chr11	86803997	87003997	harbor2	chr11	86817734	86817950	SINE/MIR	739	-	108	86817842	13845
chr11	86803997	87003997	harbor2	chr11	86887035	86887203	SINE/MIR	512	-	84	86887119	83122
chr11	130816546	131016546	harbor2	chr11	130834650	130834886	SINE/MIR	763	-	118	130834768	18222
chr11	130816546	131016546	harbor2	chr11	130852370	130852606	SINE/MIR	405	-	118	130852488	35942
chr11	130816546	131016546	harbor2	chr11	130866866	130867111	SINE/MIR	578	-	122	130866988	50442
chr11	128074175	128274175	harbor2	chr11	128106516	128106704	SINE/MIR	404	-	94	128106610	32435
chr11	128074175	128274175	harbor2	chr11	128136244	128136440	SINE/MIR	428	-	98	128136342	62167
chr11	128074175	128274175	harbor2	chr11	128153271	128153476	SINE/MIR	469	-	102	128153373	79198
chr11	121650782	121850782	harbor2	chr11	121668234	121668437	SINE/MIR	452	-	102	121668336	17554
chr11	121650782	121850782	harbor2	chr11	121680620	121680898	SINE/MIR	489	-	139	121680759	29977
chr11	121650782	121850782	harbor2	chr11	121700397	121700532	SINE/MIR	429	-	68	121700465	49683
chr11	121650782	121850782	harbor2	chr11	121707275	121707440	SINE/MIR	528	-	82	121707357	56575
chr11	121650782	121850782	harbor2	chr11	121710963	121711159	SINE/MIR	430	-	98	121711061	60279
chr11	121650782	121850782	harbor2	chr11	121718554	121718704	SINE/MIR	519	-	75	121718629	67847
chr11	121650782	121850782	harbor2	chr11	121741231	121741399	SINE/MIR	369	-	84	121741315	90533
chr12	119639906	119839906	harbor2	chr12	119650184	119650405	SINE/MIR	524	-	110	119650294	10388
chr12	119639906	119839906	harbor2	chr12	119666375	119666587	SINE/MIR	567	-	106	119666481	26575
chr12	119639906	119839906	harbor2	chr12	119678251	119678378	SINE/MIR	645	-	64	119678315	38409
chr12	119639906	119839906	harbor2	chr12	119690675	119690889	SINE/MIR	700	-	107	119690782	50876
chr12	119639906	119839906	harbor2	chr12	119738019	119738199	SINE/MIR	691	-	90	119738109	98203
chr12	119639906	119839906	harbor2	chr12	119739673	119739780	SINE/MIR	446	-	54	119739727	99821
chr12	108289208	108489208	harbor2	chr12	108293126	108293343	SINE/MIR	829	-	108	108293234	4026
chr12	108289208	108489208	harbor2	chr12	108293756	108293898	SINE/MIR	469	-	71	108293827	4619
chr12	108289208	108489208	harbor2	chr12	108312068	108312292	SINE/MIR	436	-	112	108312180	22972
chr12	108289208	108489208	harbor2	chr12	108312554	108312710	SINE/MIR	593	-	78	108312632	23424
chr12	108289208	108489208	harbor2	chr12	108315504	108315695	SINE/MIR	523	-	96	108315600	26392
chr12	108289208	108489208	harbor2	chr12	108319260	108319405	SINE/MIR	531	-	72	108319332	30124
chr12	108289208	108489208	harbor2	chr12	108326895	108327085	SINE/MIR	540	-	95	108326990	37782
chr12	108289208	108489208	harbor2	chr12	108328392	108328550	SINE/MIR	522	-	79	108328471	39263
chr12	108289208	108489208	harbor2	chr12	108333519	108333669	SINE/MIR	468	-	75	108333594	44386
chr12	108289208	108489208	harbor2	chr12	108336830	108337040	SINE/MIR	775	-	105	108336935	47727
chr12	108289208	108489208	harbor2	chr12	108340005	108340209	SINE/MIR	718	-	102	108340107	50899
chr12	108289208	108489208	harbor2	chr12	108355969	108356201	SINE/MIR	503	-	116	108356085	66877
chr12	108289208	108489208	harbor2	chr12	108364565	108364818	SINE/MIR	1220	-	126	108364691	75483
chr12	108289208	108489208	harbor2	chr12	108371654	108371903	SINE/MIR	645	-	124	108371778	82570
chr12	108289208	108489208	harbor2	chr12	108380486	108380623	SINE/MIR	466	-	68	108380554	91346
chr12	114870048	115070048	harbor2	chr12	114892631	114892851	SINE/MIR	468	-	110	114892741	22693
chr12	114870048	115070048	harbor2	chr12	114898868	114899108	SINE/MIR	879	-	120	114898988	28940
chr12	114870048	115070048	harbor2	chr12	114899254	114899401	SINE/MIR	477	-	74	114899328	29280
chr12	114870048	115070048	harbor2	chr12	114922663	114922913	SINE/MIR	645	-	125	114922788	52740
chr12	114870048	115070048	harbor2	chr12	114940926	114941157	SINE/MIR	519	-	116	114941042	70994
chr12	114870048	115070048	harbor2	chr12	114959451	114959567	SINE/MIR	489	-	58	114959509	89461
chr12	114870048	115070048	harbor2	chr12	114961340	114961536	SINE/MIR	537	-	98	114961438	91390
chr12	114870048	115070048	harbor2	chr12	114962912	114963021	SINE/MIR	511	-	54	114962966	92918
chr12	114870048	115070048	harbor2	chr12	114966775	114966925	SINE/MIR	484	-	75	114966850	96802
chr12	99676176	99876176	harbor2	chr12	99733479	99733723	SINE/MIR	659	-	122	99733601	57425
chr12	99676176	99876176	harbor2	chr12	99758411	99758567	SINE/MIR	436	-	78	99758489	82313
chr12	99676176	99876176	harbor2	chr12	99765867	99766012	SINE/MIR	435	-	72	99765939	89763
chr12	32726335	32926335	harbor2	chr12	32788325	32788560	SINE/MIR	894	-	118	32788443	62108
chr12	55930913	56130913	harbor2	chr12	55933872	55934110	SINE/MIR	607	-	119	55933991	3078
chr12	55930913	56130913	harbor2	chr12	55935181	55935391	SINE/MIR	450	-	105	55935286	4373
chr12	55930913	56130913	harbor2	chr12	55954974	55955182	SINE/MIR	598	-	104	55955078	24165
chr12	55930913	56130913	harbor2	chr12	55984969	55985216	SINE/MIR	813	-	124	55985093	54180
chr12	55930913	56130913	harbor2	chr12	56029678	56029859	SINE/MIR	469	-	90	56029768	98855
chr12	53912196	54112196	harbor2	chr12	53920511	53920654	SINE/MIR	490	-	72	53920583	8387
chr12	129287037	129487037	harbor2	chr12	129301642	129301885	SINE/MIR	436	-	122	129301764	14727
chr12	129287037	129487037	harbor2	chr12	129324927	129325139	SINE/MIR	434	-	106	129325033	37996
chr12	129287037	129487037	harbor2	chr12	129354622	129354811	SINE/MIR	526	-	94	129354716	67679
chr12	69880314	70080314	harbor2	chr12	69884758	69885002	SINE/MIR	876	-	122	69884880	4566
chr12	69880314	70080314	harbor2	chr12	69900973	69901152	SINE/MIR	597	-	90	69901063	20749
chr12	69880314	70080314	harbor2	chr12	69937881	69938018	SINE/MIR	511	-	68	69937949	57635
chr12	69880314	70080314	harbor2	chr12	69963208	69963333	SINE/MIR	450	-	62	69963270	82956
chr12	69880314	70080314	harbor2	chr12	69968201	69968378	SINE/MIR	438	-	88	69968289	87975
chr12	69880314	70080314	harbor2	chr12	69978993	69979056	SINE/MIR	667	-	32	69979025	98711
chr12	69880314	70080314	harbor2	chr12	69979679	69979862	SINE/MIR	667	-	92	69979771	99457
chr12	102232113	102432113	harbor2	chr12	102232792	102232923	SINE/MIR	599	-	66	102232858	745
chr12	102232113	102432113	harbor2	chr12	102269298	102269517	SINE/MIR	839	-	110	102269408	37295
chr12	76855038	77055038	harbor2	chr12	76875757	76875904	SINE/MIR	475	-	74	76875831	20793
chr12	76855038	77055038	harbor2	chr12	76876874	76877085	SINE/MIR	466	-	106	76876980	21942
chr12	76855038	77055038	harbor2	chr12	76886181	76886347	SINE/MIR	762	-	83	76886264	31226
chr12	76855038	77055038	harbor2	chr12	76951570	76951724	SINE/MIR	433	-	77	76951647	96609
chr12	76855038	77055038	harbor2	chr12	76954355	76954518	SINE/MIR	465	-	82	76954437	99399
chr12	114199544	114399544	harbor2	chr12	114209545	114209673	SINE/MIR	486	-	64	114209609	10065
chr12	114199544	114399544	harbor2	chr12	114211982	114212140	SINE/MIR	528	-	79	114212061	12517
chr12	114199544	114399544	harbor2	chr12	114238453	114238691	SINE/MIR	597	-	119	114238572	39028
chr12	114199544	114399544	harbor2	chr12	114244227	114244430	SINE/MIR	651	-	102	114244329	44785
chr12	114199544	114399544	harbor2	chr12	114268053	114268214	SINE/MIR	458	-	80	114268133	68589
chr12	114199544	114399544	harbor2	chr12	114292426	114292659	SINE/MIR	532	-	116	114292542	92998
chr12	114199544	114399544	harbor2	chr12	114293476	114293723	SINE/MIR	1051	-	124	114293600	94056
chr12	109829159	110029159	harbor2	chr12	109844945	109845131	SINE/MIR	601	-	93	109845038	15879
chr12	109829159	110029159	harbor2	chr12	109845680	109845796	SINE/MIR	467	-	58	109845738	16579
chr12	109829159	110029159	harbor2	chr12	109857796	109857955	SINE/MIR	589	-	80	109857876	28717
chr12	133089252	133289252	harbor2	chr12	133140455	133140550	SINE/MIR	472	-	48	133140503	51251
chr12	133089252	133289252	harbor2	chr12	133185994	133186214	SINE/MIR	453	-	110	133186104	96852
chr12	116672089	116872089	harbor2	chr12	116687776	116687953	SINE/MIR	457	-	88	116687864	15775
chr12	116672089	116872089	harbor2	chr12	116695005	116695178	SINE/MIR	495	-	86	116695091	23002
chr12	116672089	116872089	harbor2	chr12	116700914	116701108	SINE/MIR	470	-	97	116701011	28922
chr12	116672089	116872089	harbor2	chr12	116740564	116740743	SINE/MIR	529	-	90	116740654	68565
chr12	116672089	116872089	harbor2	chr12	116744465	116744590	SINE/MIR	526	-	62	116744527	72438
chr12	116672089	116872089	harbor2	chr12	116753582	116753749	SINE/MIR	713	-	84	116753666	81577
chr12	116672089	116872089	harbor2	chr12	116761555	116761798	SINE/MIR	619	-	122	116761677	89588
chr12	116672089	116872089	harbor2	chr12	116766380	116766586	SINE/MIR	554	-	103	116766483	94394
chr12	60797283	60997283	harbor2	chr12	60862776	60862968	SINE/MIR	671	-	96	60862872	65589
chr12	119928213	120128213	harbor2	chr12	119977790	119977903	SINE/MIR	436	-	56	119977846	49633
chr12	119928213	120128213	harbor2	chr12	119982358	119982378	SINE/MIR	665	-	10	119982368	54155
chr12	119928213	120128213	harbor2	chr12	119982691	119982868	SINE/MIR	665	-	88	119982779	54566
chr12	105847551	106047551	harbor2	chr12	105862017	105862141	SINE/MIR	475	-	62	105862079	14528
chr12	105847551	106047551	harbor2	chr12	105863295	105863513	SINE/MIR	559	-	109	105863404	15853
chr12	105847551	106047551	harbor2	chr12	105877275	105877493	SINE/MIR	451	-	109	105877384	29833
chr12	105847551	106047551	harbor2	chr12	105877799	105877824	SINE/MIR	451	-	12	105877811	30260
chr12	105847551	106047551	harbor2	chr12	105894842	105894995	SINE/MIR	575	-	76	105894918	47367
chr12	105847551	106047551	harbor2	chr12	105921209	105921377	SINE/MIR	647	-	84	105921293	73742
chr12	105847551	106047551	harbor2	chr12	105929796	105930012	SINE/MIR	452	-	108	105929904	82353
chr12	105847551	106047551	harbor2	chr12	105931497	105931715	SINE/MIR	579	-	109	105931606	84055
chr12	105847551	106047551	harbor2	chr12	105937538	105937650	SINE/MIR	441	-	56	105937594	90043
chr12	105847551	106047551	harbor2	chr12	105938489	105938607	SINE/MIR	491	-	59	105938548	90997
chr12	103345079	103545079	harbor2	chr12	103355884	103356116	SINE/MIR	666	-	116	103356000	10921
chr12	103345079	103545079	harbor2	chr12	103380737	103380908	SINE/MIR	818	-	86	103380823	35744
chr12	103345079	103545079	harbor2	chr12	103385995	103386232	SINE/MIR	766	-	118	103386113	41034
chr12	103345079	103545079	harbor2	chr12	103431130	103431372	SINE/MIR	497	-	121	103431251	86172
chr12	110540774	110740774	harbor2	chr12	110603177	110603306	SINE/MIR	509	-	64	110603241	62467
chr12	110540774	110740774	harbor2	chr12	110614474	110614624	SINE/MIR	504	-	75	110614549	73775
chr12	110540774	110740774	harbor2	chr12	110616604	110616731	SINE/MIR	640	-	64	110616668	75894
chr12	110540774	110740774	harbor2	chr12	110630805	110630937	SINE/MIR	450	-	66	110630871	90097
chr12	110540774	110740774	harbor2	chr12	110632920	110633142	SINE/MIR	431	-	111	110633031	92257
chr12	110540774	110740774	harbor2	chr12	110637983	110638192	SINE/MIR	669	-	104	110638087	97313
chr12	108697819	108897819	harbor2	chr12	108725392	108725604	SINE/MIR	701	-	106	108725498	27679
chr12	108697819	108897819	harbor2	chr12	108733951	108734051	SINE/MIR	585	-	50	108734001	36182
chr12	108697819	108897819	harbor2	chr12	108734330	108734496	SINE/MIR	585	-	83	108734413	36594
chr12	108697819	108897819	harbor2	chr12	108746198	108746359	SINE/MIR	533	-	80	108746278	48459
chr12	108697819	108897819	harbor2	chr12	108751064	108751170	SINE/MIR	547	-	53	108751117	53298
chr12	108697819	108897819	harbor2	chr12	108756529	108756678	SINE/MIR	522	-	74	108756603	58784
chr12	108697819	108897819	harbor2	chr12	108756737	108756867	SINE/MIR	484	-	65	108756802	58983
chr12	108697819	108897819	harbor2	chr12	108757175	108757188	SINE/MIR	484	-	6	108757181	59362
chr12	108697819	108897819	harbor2	chr12	108757576	108757621	SINE/MIR	484	-	22	108757598	59779
chr12	108697819	108897819	harbor2	chr12	108770780	108770941	SINE/MIR	535	-	80	108770860	73041
chr12	108697819	108897819	harbor2	chr12	108771032	108771146	SINE/MIR	658	-	57	108771089	73270
chr12	108697819	108897819	harbor2	chr12	108775346	108775499	SINE/MIR	475	-	76	108775422	77603
chr12	123602139	123802139	harbor2	chr12	123622206	123622426	SINE/MIR	434	-	110	123622316	20177
chr12	123602139	123802139	harbor2	chr12	123629884	123630152	SINE/MIR	1014	-	134	123630018	27879
chr12	123602139	123802139	harbor2	chr12	123669576	123669830	SINE/MIR	890	-	127	123669703	67564
chr12	80500266	80700266	harbor2	chr12	80524659	80524879	SINE/MIR	473	-	110	80524769	24503
chr12	80500266	80700266	harbor2	chr12	80538778	80538958	SINE/MIR	540	-	90	80538868	38602
chr12	133073239	133273239	harbor2	chr12	133140455	133140550	SINE/MIR	472	-	48	133140503	67264
chr12	76017268	76217268	harbor2	chr12	76022506	76022708	SINE/MIR	578	-	101	76022607	5339
chr12	76017268	76217268	harbor2	chr12	76022903	76022934	SINE/MIR	578	-	16	76022919	5651
chr12	76017268	76217268	harbor2	chr12	76024545	76024755	SINE/MIR	735	-	105	76024650	7382
chr12	76017268	76217268	harbor2	chr12	76096100	76096303	SINE/MIR	744	-	102	76096202	78934
chr12	76017268	76217268	harbor2	chr12	76099186	76099303	SINE/MIR	497	-	58	76099244	81976
chr12	76017268	76217268	harbor2	chr12	76104044	76104223	SINE/MIR	846	-	90	76104134	86866
chr12	76017268	76217268	harbor2	chr12	76106535	76106723	SINE/MIR	565	-	94	76106629	89361
chr12	120113600	120313600	harbor2	chr12	120115818	120115969	SINE/MIR	455	-	76	120115894	2294
chr12	120113600	120313600	harbor2	chr12	120115978	120116104	SINE/MIR	465	-	63	120116041	2441
chr12	120113600	120313600	harbor2	chr12	120116117	120116340	SINE/MIR	723	-	112	120116229	2629
chr12	120113600	120313600	harbor2	chr12	120130957	120131109	SINE/MIR	492	-	76	120131033	17433
chr12	120113600	120313600	harbor2	chr12	120136137	120136394	SINE/MIR	544	-	128	120136265	22665
chr12	120113600	120313600	harbor2	chr12	120184569	120184769	SINE/MIR	805	-	100	120184669	71069
chr12	120113600	120313600	harbor2	chr12	120186766	120186902	SINE/MIR	474	-	68	120186834	73234
chr12	120113600	120313600	harbor2	chr12	120194104	120194285	SINE/MIR	530	-	90	120194194	80594
chr12	120113600	120313600	harbor2	chr12	120207600	120207828	SINE/MIR	625	-	114	120207714	94114
chr12	118125568	118325568	harbor2	chr12	118223996	118224245	SINE/MIR	749	-	124	118224120	98552
chr12	132496218	132696218	harbor2	chr12	132516594	132516820	SINE/MIR	491	-	113	132516707	20489
chr12	132496218	132696218	harbor2	chr12	132544899	132545064	SINE/MIR	494	-	82	132544981	48763
chr12	88392528	88592528	harbor2	chr12	88417481	88417698	SINE/MIR	544	-	108	88417589	25061
chr12	88392528	88592528	harbor2	chr12	88449405	88449585	SINE/MIR	515	-	90	88449495	56967
chr12	88392528	88592528	harbor2	chr12	88452260	88452552	SINE/MIR	526	-	146	88452406	59878
chr12	51521873	51721873	harbor2	chr12	51523492	51523579	SINE/MIR	450	-	44	51523536	1663
chr12	51521873	51721873	harbor2	chr12	51556659	51556874	SINE/MIR	637	-	108	51556767	34894
chr12	51521873	51721873	harbor2	chr12	51576593	51576728	SINE/MIR	690	-	68	51576661	54788
chr12	51521873	51721873	harbor2	chr12	51577050	51577168	SINE/MIR	690	-	59	51577109	55236
chr12	112384419	112584419	harbor2	chr12	112384430	112384585	SINE/MIR	473	-	78	112384508	89
chr12	112384419	112584419	harbor2	chr12	112414447	112414603	SINE/MIR	481	-	78	112414525	30106
chr12	112384419	112584419	harbor2	chr12	112419959	112420083	SINE/MIR	583	-	62	112420021	35602
chr12	112384419	112584419	harbor2	chr12	112436306	112436489	SINE/MIR	563	-	92	112436398	51979
chr12	112384419	112584419	harbor2	chr12	112439018	112439193	SINE/MIR	728	-	88	112439106	54687
chr12	110756045	110956045	harbor2	chr12	110765900	110766034	SINE/MIR	467	-	67	110765967	9922
chr12	110756045	110956045	harbor2	chr12	110766416	110766619	SINE/MIR	655	-	102	110766518	10473
chr12	110756045	110956045	harbor2	chr12	110768904	110769107	SINE/MIR	732	-	102	110769006	12961
chr12	110756045	110956045	harbor2	chr12	110778136	110778302	SINE/MIR	527	-	83	110778219	22174
chr12	110756045	110956045	harbor2	chr12	110795206	110795346	SINE/MIR	520	-	70	110795276	39231
chr12	110756045	110956045	harbor2	chr12	110813947	110814045	SINE/MIR	511	-	49	110813996	57951
chr12	110756045	110956045	harbor2	chr12	110814482	110814552	SINE/MIR	511	-	35	110814517	58472
chr12	110756045	110956045	harbor2	chr12	110815442	110815608	SINE/MIR	729	-	83	110815525	59480
chr12	110756045	110956045	harbor2	chr12	110821992	110822128	SINE/MIR	433	-	68	110822060	66015
chr12	110756045	110956045	harbor2	chr12	110822613	110822818	SINE/MIR	450	-	102	110822715	66670
chr12	110756045	110956045	harbor2	chr12	110823840	110824024	SINE/MIR	537	-	92	110823932	67887
chr12	110756045	110956045	harbor2	chr12	110830633	110830775	SINE/MIR	489	-	71	110830704	74659
chr12	110756045	110956045	harbor2	chr12	110831046	110831095	SINE/MIR	489	-	24	110831070	75025
chr12	110756045	110956045	harbor2	chr12	110831209	110831260	SINE/MIR	489	-	26	110831235	75190
chr12	110756045	110956045	harbor2	chr12	110832512	110832667	SINE/MIR	581	-	78	110832590	76545
chr12	110756045	110956045	harbor2	chr12	110848651	110848807	SINE/MIR	540	-	78	110848729	92684
chr12	110756045	110956045	harbor2	chr12	110851761	110851973	SINE/MIR	511	-	106	110851867	95822
chr12	110756045	110956045	harbor2	chr12	110852976	110853198	SINE/MIR	558	-	111	110853087	97042
chr12	48565382	48765382	harbor2	chr12	48566431	48566597	SINE/MIR	532	-	83	48566514	1132
chr12	48565382	48765382	harbor2	chr12	48650248	48650468	SINE/MIR	604	-	110	48650358	84976
chr12	31162790	31362790	harbor2	chr12	31221132	31221369	SINE/MIR	842	-	118	31221250	58460
chr12	31162790	31362790	harbor2	chr12	31236663	31236888	SINE/MIR	448	-	112	31236775	73985
chr12	31162790	31362790	harbor2	chr12	31237445	31237642	SINE/MIR	618	-	98	31237543	74753
chr12	108046019	108246019	harbor2	chr12	108052027	108052262	SINE/MIR	464	-	118	108052145	6126
chr12	108046019	108246019	harbor2	chr12	108063873	108064124	SINE/MIR	521	-	126	108063999	17980
chr12	108046019	108246019	harbor2	chr12	108066653	108066904	SINE/MIR	661	-	126	108066779	20760
chr12	108046019	108246019	harbor2	chr12	108102943	108103148	SINE/MIR	596	-	102	108103045	57026
chr12	108046019	108246019	harbor2	chr12	108110039	108110206	SINE/MIR	713	-	84	108110123	64104
chr12	108046019	108246019	harbor2	chr12	108122141	108122341	SINE/MIR	672	-	100	108122241	76222
chr12	108046019	108246019	harbor2	chr12	108126881	108127125	SINE/MIR	698	-	122	108127003	80984
chr12	108046019	108246019	harbor2	chr12	108128345	108128507	SINE/MIR	645	-	81	108128426	82407
chr12	108046019	108246019	harbor2	chr12	108128743	108128841	SINE/MIR	481	-	49	108128792	82773
chr12	108046019	108246019	harbor2	chr12	108136526	108136757	SINE/MIR	714	-	116	108136642	90623
chr12	108046019	108246019	harbor2	chr12	108144755	108144962	SINE/MIR	630	-	104	108144859	98840
chr12	126756084	126956084	harbor2	chr12	126762063	126762207	SINE/MIR	427	-	72	126762135	6051
chr12	126756084	126956084	harbor2	chr12	126763229	126763404	SINE/MIR	487	-	88	126763317	7233
chr12	126756084	126956084	harbor2	chr12	126777687	126777895	SINE/MIR	432	-	104	126777791	21707
chr12	126756084	126956084	harbor2	chr12	126840698	126840887	SINE/MIR	613	-	94	126840792	84708
chr12	126756084	126956084	harbor2	chr12	126846384	126846621	SINE/MIR	604	-	118	126846502	90418
chr12	103013653	103213653	harbor2	chr12	103030554	103030741	SINE/MIR	545	-	94	103030648	16995
chr12	103013653	103213653	harbor2	chr12	103037527	103037713	SINE/MIR	569	-	93	103037620	23967
chr12	103013653	103213653	harbor2	chr12	103076736	103076936	SINE/MIR	829	-	100	103076836	63183
chr12	103013653	103213653	harbor2	chr12	103077442	103077574	SINE/MIR	503	-	66	103077508	63855
chr12	103013653	103213653	harbor2	chr12	103078143	103078328	SINE/MIR	524	-	92	103078235	64582
chr12	103013653	103213653	harbor2	chr12	103080756	103080996	SINE/MIR	871	-	120	103080876	67223
chr12	116709784	116909784	harbor2	chr12	116740564	116740743	SINE/MIR	529	-	90	116740654	30870
chr12	116709784	116909784	harbor2	chr12	116744465	116744590	SINE/MIR	526	-	62	116744527	34743
chr12	116709784	116909784	harbor2	chr12	116753582	116753749	SINE/MIR	713	-	84	116753666	43882
chr12	116709784	116909784	harbor2	chr12	116761555	116761798	SINE/MIR	619	-	122	116761677	51893
chr12	116709784	116909784	harbor2	chr12	116766380	116766586	SINE/MIR	554	-	103	116766483	56699
chr12	116709784	116909784	harbor2	chr12	116777720	116777887	SINE/MIR	538	-	84	116777804	68020
chr12	116709784	116909784	harbor2	chr12	116778945	116779102	SINE/MIR	510	-	78	116779023	69239
chr12	116709784	116909784	harbor2	chr12	116783872	116784138	SINE/MIR	877	-	133	116784005	74221
chr12	116709784	116909784	harbor2	chr12	116788237	116788355	SINE/MIR	482	-	59	116788296	78512
chr12	116709784	116909784	harbor2	chr12	116790571	116790636	SINE/MIR	447	-	32	116790603	80819
chr12	116709784	116909784	harbor2	chr12	116791883	116792024	SINE/MIR	447	-	70	116791953	82169
chr12	116709784	116909784	harbor2	chr12	116801021	116801186	SINE/MIR	559	-	82	116801103	91319
chr12	116709784	116909784	harbor2	chr12	116807389	116807598	SINE/MIR	812	-	104	116807493	97709
chr12	120988560	121188560	harbor2	chr12	121000306	121000473	SINE/MIR	593	-	84	121000390	11830
chr12	120988560	121188560	harbor2	chr12	121011504	121011724	SINE/MIR	710	-	110	121011614	23054
chr12	120988560	121188560	harbor2	chr12	121015028	121015228	SINE/MIR	701	-	100	121015128	26568
chr12	120988560	121188560	harbor2	chr12	121021175	121021415	SINE/MIR	711	-	120	121021295	32735
chr12	120988560	121188560	harbor2	chr12	121062192	121062237	SINE/MIR	673	-	22	121062214	73654
chr12	120988560	121188560	harbor2	chr12	121062548	121062752	SINE/MIR	673	-	102	121062650	74090
chr12	120988560	121188560	harbor2	chr12	121086977	121087135	SINE/MIR	451	-	79	121087056	98496
chr12	117002890	117202890	harbor2	chr12	117062141	117062213	SINE/MIR	512	-	36	117062177	59287
chr12	117002890	117202890	harbor2	chr12	117062522	117062608	SINE/MIR	512	-	43	117062565	59675
chr12	117002890	117202890	harbor2	chr12	117078912	117079119	SINE/MIR	575	-	104	117079016	76126
chr12	117002890	117202890	harbor2	chr12	117087971	117088133	SINE/MIR	565	-	81	117088052	85162
chr12	117002890	117202890	harbor2	chr12	117090496	117090662	SINE/MIR	534	-	83	117090579	87689
chr12	117002890	117202890	harbor2	chr12	117096609	117096759	SINE/MIR	553	-	75	117096684	93794
chr12	117002890	117202890	harbor2	chr12	117098269	117098380	SINE/MIR	429	-	56	117098325	95435
chr12	44787354	44987354	harbor2	chr12	44813075	44813212	SINE/MIR	498	-	68	44813143	25789
chr12	44787354	44987354	harbor2	chr12	44814936	44815073	SINE/MIR	700	-	68	44815004	27650
chr12	44787354	44987354	harbor2	chr12	44837109	44837235	SINE/MIR	574	-	63	44837172	49818
chr12	44787354	44987354	harbor2	chr12	44837440	44837530	SINE/MIR	574	-	45	44837485	50131
chr12	44787354	44987354	harbor2	chr12	44858067	44858274	SINE/MIR	471	-	104	44858171	70817
chr12	129249274	129449274	harbor2	chr12	129263380	129263529	SINE/MIR	556	-	74	129263454	14180
chr12	129249274	129449274	harbor2	chr12	129301642	129301885	SINE/MIR	436	-	122	129301764	52490
chr12	129249274	129449274	harbor2	chr12	129324927	129325139	SINE/MIR	434	-	106	129325033	75759
chr12	119213184	119413184	harbor2	chr12	119219800	119219968	SINE/MIR	693	-	84	119219884	6700
chr12	119213184	119413184	harbor2	chr12	119237226	119237437	SINE/MIR	619	-	106	119237332	24148
chr12	119213184	119413184	harbor2	chr12	119238504	119238727	SINE/MIR	774	-	112	119238616	25432
chr12	119213184	119413184	harbor2	chr12	119250138	119250326	SINE/MIR	532	-	94	119250232	37048
chr12	119213184	119413184	harbor2	chr12	119255909	119256120	SINE/MIR	765	-	106	119256015	42831
chr12	119213184	119413184	harbor2	chr12	119286705	119286862	SINE/MIR	506	-	78	119286783	73599
chr12	119213184	119413184	harbor2	chr12	119295383	119295529	SINE/MIR	455	-	73	119295456	82272
chr12	119213184	119413184	harbor2	chr12	119299703	119299786	SINE/MIR	617	-	42	119299745	86561
chr12	119213184	119413184	harbor2	chr12	119300092	119300173	SINE/MIR	617	-	40	119300132	86948
chr12	47672999	47872999	harbor2	chr12	47690184	47690360	SINE/MIR	427	-	88	47690272	17273
chr12	47672999	47872999	harbor2	chr12	47697272	47697458	SINE/MIR	682	-	93	47697365	24366
chr12	47672999	47872999	harbor2	chr12	47698165	47698291	SINE/MIR	538	-	63	47698228	25229
chr12	47672999	47872999	harbor2	chr12	47709027	47709199	SINE/MIR	465	-	86	47709113	36114
chr12	47672999	47872999	harbor2	chr12	47714062	47714301	SINE/MIR	618	-	120	47714182	41183
chr12	47672999	47872999	harbor2	chr12	47714975	47715165	SINE/MIR	458	-	95	47715070	42071
chr12	47672999	47872999	harbor2	chr12	47727628	47727857	SINE/MIR	799	-	114	47727742	54743
chr12	47672999	47872999	harbor2	chr12	47742623	47742863	SINE/MIR	904	-	120	47742743	69744
chr12	47672999	47872999	harbor2	chr12	47743117	47743358	SINE/MIR	973	-	120	47743237	70238
chr12	47672999	47872999	harbor2	chr12	47744400	47744606	SINE/MIR	619	-	103	47744503	71504
chr12	47672999	47872999	harbor2	chr12	47750551	47750785	SINE/MIR	542	-	117	47750668	77669
chr12	47672999	47872999	harbor2	chr12	47760622	47760836	SINE/MIR	927	-	107	47760729	87730
chr12	47672999	47872999	harbor2	chr12	47761753	47762007	SINE/MIR	887	-	127	47761880	88881
chr12	47672999	47872999	harbor2	chr12	47762578	47762779	SINE/MIR	660	-	100	47762678	89679
chr12	47672999	47872999	harbor2	chr12	47770497	47770634	SINE/MIR	433	-	68	47770565	97566
chr12	122814334	123014334	harbor2	chr12	122886742	122886911	SINE/MIR	633	-	84	122886826	72492
chr12	122814334	123014334	harbor2	chr12	122890985	122891215	SINE/MIR	480	-	115	122891100	76766
chr12	122814334	123014334	harbor2	chr12	122893228	122893452	SINE/MIR	573	-	112	122893340	79006
chr12	117294111	117494111	harbor2	chr12	117301442	117301645	SINE/MIR	457	-	102	117301544	7433
chr12	117294111	117494111	harbor2	chr12	117312177	117312235	SINE/MIR	454	-	29	117312206	18095
chr12	117294111	117494111	harbor2	chr12	117312369	117312443	SINE/MIR	454	-	37	117312406	18295
chr12	117294111	117494111	harbor2	chr12	117312723	117312838	SINE/MIR	454	-	58	117312781	18670
chr12	117294111	117494111	harbor2	chr12	117314429	117314591	SINE/MIR	479	-	81	117314510	20399
chr12	117294111	117494111	harbor2	chr12	117319885	117320049	SINE/MIR	482	-	82	117319967	25856
chr12	117294111	117494111	harbor2	chr12	117332280	117332421	SINE/MIR	443	-	70	117332350	38239
chr12	117294111	117494111	harbor2	chr12	117344425	117344615	SINE/MIR	480	-	95	117344520	50409
chr12	117294111	117494111	harbor2	chr12	117351695	117351866	SINE/MIR	626	-	86	117351781	57670
chr12	117294111	117494111	harbor2	chr12	117359979	117360131	SINE/MIR	639	-	76	117360055	65944
chr12	117294111	117494111	harbor2	chr12	117364352	117364601	SINE/MIR	612	-	124	117364476	70365
chr12	117294111	117494111	harbor2	chr12	117371506	117371586	SINE/MIR	443	-	40	117371546	77435
chr12	117294111	117494111	harbor2	chr12	117371701	117371902	SINE/MIR	647	-	100	117371801	77690
chr12	117294111	117494111	harbor2	chr12	117380557	117380742	SINE/MIR	634	-	92	117380649	86538
chr12	117294111	117494111	harbor2	chr12	117386254	117386483	SINE/MIR	542	-	114	117386368	92257
chr12	117294111	117494111	harbor2	chr12	117389631	117389846	SINE/MIR	642	-	108	117389739	95628
chr12	117294111	117494111	harbor2	chr12	117390376	117390569	SINE/MIR	494	-	96	117390472	96361
chr12	117294111	117494111	harbor2	chr12	117358559	117358766	SINE/MIR	673	-	104	117358663	64552
chr12	75156606	75356606	harbor2	chr12	75182028	75182172	SINE/MIR	488	-	72	75182100	25494
chr12	75156606	75356606	harbor2	chr12	75190018	75190257	SINE/MIR	503	-	120	75190138	33532
chr12	75156606	75356606	harbor2	chr12	75218253	75218519	SINE/MIR	430	-	133	75218386	61780
chr12	117169644	117369644	harbor2	chr12	117204993	117205168	SINE/MIR	693	-	88	117205081	35437
chr12	117169644	117369644	harbor2	chr12	117228148	117228358	SINE/MIR	535	-	105	117228253	58609
chr12	117169644	117369644	harbor2	chr12	117232529	117232734	SINE/MIR	728	-	102	117232631	62987
chr12	117169644	117369644	harbor2	chr12	117240691	117240865	SINE/MIR	634	-	87	117240778	71134
chr12	117169644	117369644	harbor2	chr12	117255617	117255880	SINE/MIR	674	-	132	117255749	86105
chr12	132951108	133151108	harbor2	chr12	133048351	133048601	SINE/MIR	878	-	125	133048476	97368
chr12	66689491	66889491	harbor2	chr12	66700915	66701117	SINE/MIR	431	-	101	66701016	11525
chr12	66689491	66889491	harbor2	chr12	66725606	66725655	SINE/MIR	512	-	24	66725630	36139
chr12	66689491	66889491	harbor2	chr12	66725898	66726048	SINE/MIR	512	-	75	66725973	36482
chr12	66689491	66889491	harbor2	chr12	66734941	66735157	SINE/MIR	427	-	108	66735049	45558
chr12	66689491	66889491	harbor2	chr12	66740660	66740871	SINE/MIR	510	-	106	66740766	51275
chr12	66689491	66889491	harbor2	chr12	66756686	66756880	SINE/MIR	427	-	97	66756783	67292
chr12	66689491	66889491	harbor2	chr12	66764884	66765031	SINE/MIR	626	-	74	66764958	75467
chr12	66689491	66889491	harbor2	chr12	66772008	66772244	SINE/MIR	770	-	118	66772126	82635
chr12	66689491	66889491	harbor2	chr12	66782561	66782717	SINE/MIR	573	-	78	66782639	93148
chr12	66689491	66889491	harbor2	chr12	66784329	66784556	SINE/MIR	601	-	114	66784443	94952
chr12	103720962	103920962	harbor2	chr12	103727784	103727986	SINE/MIR	667	-	101	103727885	6923
chr12	103720962	103920962	harbor2	chr12	103729432	103729642	SINE/MIR	771	-	105	103729537	8575
chr12	103720962	103920962	harbor2	chr12	103736602	103736812	SINE/MIR	519	-	105	103736707	15745
chr12	103720962	103920962	harbor2	chr12	103739745	103739955	SINE/MIR	701	-	105	103739850	18888
chr12	103720962	103920962	harbor2	chr12	103742846	103743004	SINE/MIR	718	-	79	103742925	21963
chr12	103720962	103920962	harbor2	chr12	103753500	103753726	SINE/MIR	804	-	113	103753613	32651
chr12	103720962	103920962	harbor2	chr12	103798888	103799123	SINE/MIR	716	-	118	103799006	78044
chr12	103720962	103920962	harbor2	chr12	103812844	103813068	SINE/MIR	775	-	112	103812956	91994
chr12	103720962	103920962	harbor2	chr12	103817537	103817775	SINE/MIR	833	-	119	103817656	96694
chr12	103720962	103920962	harbor2	chr12	103808861	103809087	SINE/MIR	582	-	113	103808974	88012
chr12	93581067	93781067	harbor2	chr12	93596175	93596393	SINE/MIR	626	-	109	93596284	15217
chr12	93581067	93781067	harbor2	chr12	93603265	93603475	SINE/MIR	481	-	105	93603370	22303
chr12	93581067	93781067	harbor2	chr12	93615896	93616016	SINE/MIR	435	-	60	93615956	34889
chr12	93581067	93781067	harbor2	chr12	93656135	93656306	SINE/MIR	714	-	86	93656221	75154
chr13	103122893	103322893	harbor2	chr13	103125319	103125497	SINE/MIR	670	-	89	103125408	2515
chr13	103122893	103322893	harbor2	chr13	103127850	103128062	SINE/MIR	748	-	106	103127956	5063
chr13	103122893	103322893	harbor2	chr13	103129131	103129192	SINE/MIR	496	-	30	103129161	6268
chr13	103122893	103322893	harbor2	chr13	103129865	103130011	SINE/MIR	496	-	73	103129938	7045
chr13	103122893	103322893	harbor2	chr13	103148010	103148203	SINE/MIR	425	-	96	103148106	25213
chr13	103122893	103322893	harbor2	chr13	103174133	103174326	SINE/MIR	424	-	96	103174229	51336
chr13	103122893	103322893	harbor2	chr13	103195103	103195280	SINE/MIR	521	-	88	103195191	72298
chr13	44084326	44284326	harbor2	chr13	44103266	44103389	SINE/MIR	529	-	62	44103328	19002
chr13	44084326	44284326	harbor2	chr13	44109980	44110142	SINE/MIR	501	-	81	44110061	25735
chr13	44084326	44284326	harbor2	chr13	44111030	44111281	SINE/MIR	443	-	126	44111156	26830
chr13	44084326	44284326	harbor2	chr13	44117884	44118077	SINE/MIR	664	-	96	44117980	33654
chr13	44084326	44284326	harbor2	chr13	44134719	44134893	SINE/MIR	566	-	87	44134806	50480
chr13	44084326	44284326	harbor2	chr13	44138782	44138977	SINE/MIR	586	-	98	44138880	54554
chr13	44084326	44284326	harbor2	chr13	44166731	44166918	SINE/MIR	634	-	94	44166825	82499
chr13	23277787	23477787	harbor2	chr13	23298983	23299191	SINE/MIR	502	-	104	23299087	21300
chr13	23277787	23477787	harbor2	chr13	23349732	23349897	SINE/MIR	507	-	82	23349814	72027
chr13	103581973	103781973	harbor2	chr13	103611433	103611675	SINE/MIR	617	-	121	103611554	29581
chr13	103581973	103781973	harbor2	chr13	103616769	103617044	SINE/MIR	611	-	138	103616907	34934
chr13	103581973	103781973	harbor2	chr13	103641652	103641901	SINE/MIR	501	-	124	103641776	59803
chr13	103581973	103781973	harbor2	chr13	103642126	103642294	SINE/MIR	472	-	84	103642210	60237
chr13	92661821	92861821	harbor2	chr13	92716888	92717070	SINE/MIR	590	-	91	92716979	55158
chr13	89176757	89376757	harbor2	chr13	89273593	89273828	SINE/MIR	410	-	118	89273711	96954
chr13	78151813	78351813	harbor2	chr13	78196411	78196561	SINE/MIR	459	-	75	78196486	44673
chr13	78151813	78351813	harbor2	chr13	78196858	78197096	SINE/MIR	611	-	119	78196977	45164
chr13	69420893	69620893	harbor2	chr13	69506085	69506343	SINE/MIR	455	-	129	69506214	85321
chr13	75583739	75783739	harbor2	chr13	75632461	75632602	SINE/MIR	529	-	70	75632531	48792
chr13	75583739	75783739	harbor2	chr13	75648306	75648460	SINE/MIR	429	-	77	75648383	64644
chr13	112052966	112252966	harbor2	chr13	112083216	112083372	SINE/MIR	411	-	78	112083294	30328
chr13	52806569	53006569	harbor2	chr13	52860866	52861098	SINE/MIR	706	-	116	52860982	54413
chr13	52806569	53006569	harbor2	chr13	52879936	52880168	SINE/MIR	751	-	116	52880052	73483
chr13	52806569	53006569	harbor2	chr13	52895111	52895331	SINE/MIR	744	-	110	52895221	88652
chr13	52806569	53006569	harbor2	chr13	52902481	52902648	SINE/MIR	481	-	84	52902565	95996
chr13	52806569	53006569	harbor2	chr13	52903304	52903472	SINE/MIR	502	-	84	52903388	96819
chr13	33252164	33452164	harbor2	chr13	33260034	33260227	SINE/MIR	560	-	96	33260130	7966
chr13	33252164	33452164	harbor2	chr13	33268452	33268678	SINE/MIR	690	-	113	33268565	16401
chr13	33252164	33452164	harbor2	chr13	33275389	33275615	SINE/MIR	766	-	113	33275502	23338
chr13	33252164	33452164	harbor2	chr13	33280783	33280936	SINE/MIR	537	-	76	33280859	28695
chr13	33252164	33452164	harbor2	chr13	33316430	33316674	SINE/MIR	612	-	122	33316552	64388
chr13	33252164	33452164	harbor2	chr13	33321531	33321764	SINE/MIR	657	-	116	33321647	69483
chr13	33252164	33452164	harbor2	chr13	33339060	33339288	SINE/MIR	975	-	114	33339174	87010
chr13	85029067	85229067	harbor2	chr13	85054080	85054276	SINE/MIR	520	-	98	85054178	25111
chr13	80288286	80488286	harbor2	chr13	80311993	80312171	SINE/MIR	455	-	89	80312082	23796
chr13	80288286	80488286	harbor2	chr13	80313672	80313912	SINE/MIR	581	-	120	80313792	25506
chr13	80288286	80488286	harbor2	chr13	80326900	80327115	SINE/MIR	623	-	108	80327008	38722
chr13	80288286	80488286	harbor2	chr13	80372558	80372752	SINE/MIR	487	-	97	80372655	84369
chr13	80288286	80488286	harbor2	chr13	80384500	80384730	SINE/MIR	732	-	115	80384615	96329
chr13	107834376	108034376	harbor2	chr13	107843148	107843381	SINE/MIR	726	-	116	107843264	8888
chr13	107834376	108034376	harbor2	chr13	107910651	107910742	SINE/MIR	464	-	46	107910697	76321
chr13	107834376	108034376	harbor2	chr13	107911205	107911321	SINE/MIR	464	-	58	107911263	76887
chr13	107834376	108034376	harbor2	chr13	107928789	107928990	SINE/MIR	425	-	100	107928889	94513
chr13	107834376	108034376	harbor2	chr13	107839481	107839659	SINE/MIR	458	-	89	107839570	5194
chr13	106993100	107193100	harbor2	chr13	107002177	107002393	SINE/MIR	538	-	108	107002285	9185
chr13	106993100	107193100	harbor2	chr13	107008166	107008311	SINE/MIR	636	-	72	107008238	15138
chr13	106993100	107193100	harbor2	chr13	107024678	107024922	SINE/MIR	552	-	122	107024800	31700
chr13	60899199	61099199	harbor2	chr13	60931693	60931816	SINE/MIR	462	-	62	60931755	32556
chr13	60899199	61099199	harbor2	chr13	60937258	60937476	SINE/MIR	442	-	109	60937367	38168
chr13	60899199	61099199	harbor2	chr13	60975641	60975882	SINE/MIR	895	-	120	60975761	76562
chr13	60899199	61099199	harbor2	chr13	60983929	60984166	SINE/MIR	504	-	118	60984047	84848
chr13	106353966	106553966	harbor2	chr13	106377948	106378130	SINE/MIR	636	-	91	106378039	24073
chr13	106353966	106553966	harbor2	chr13	106435784	106435924	SINE/MIR	425	-	70	106435854	81888
chr13	105599873	105799873	harbor2	chr13	105663620	105663778	SINE/MIR	499	-	79	105663699	63826
chr13	105599873	105799873	harbor2	chr13	105664294	105664368	SINE/MIR	499	-	37	105664331	64458
chr13	97857659	98057659	harbor2	chr13	97892023	97892082	SINE/MIR	797	-	30	97892053	34394
chr13	97857659	98057659	harbor2	chr13	97892381	97892533	SINE/MIR	797	-	76	97892457	34798
chr13	97857659	98057659	harbor2	chr13	97893399	97893515	SINE/MIR	584	-	58	97893457	35798
chr13	97857659	98057659	harbor2	chr13	97893863	97893999	SINE/MIR	584	-	68	97893931	36272
chr13	97857659	98057659	harbor2	chr13	97923112	97923299	SINE/MIR	812	-	94	97923206	65547
chr13	97857659	98057659	harbor2	chr13	97944743	97944844	SINE/MIR	410	-	50	97944793	87134
chr13	98953146	99153146	harbor2	chr13	98980272	98980469	SINE/MIR	541	-	98	98980370	27224
chr13	98953146	99153146	harbor2	chr13	99011591	99011813	SINE/MIR	846	-	111	99011702	58556
chr13	98953146	99153146	harbor2	chr13	99012116	99012149	SINE/MIR	846	-	16	99012132	58986
chr13	31225586	31425586	harbor2	chr13	31275231	31275373	SINE/MIR	452	-	71	31275302	49716
chr13	75275868	75475868	harbor2	chr13	75290693	75290949	SINE/MIR	604	-	128	75290821	14953
chr13	75275868	75475868	harbor2	chr13	75302663	75302864	SINE/MIR	597	-	100	75302763	26895
chr13	75275868	75475868	harbor2	chr13	75316930	75317160	SINE/MIR	822	-	115	75317045	41177
chr13	75275868	75475868	harbor2	chr13	75330426	75330668	SINE/MIR	721	-	121	75330547	54679
chr13	75275868	75475868	harbor2	chr13	75332275	75332446	SINE/MIR	510	-	86	75332361	56493
chr13	100673014	100873014	harbor2	chr13	100682529	100682660	SINE/MIR	507	-	66	100682595	9581
chr13	100673014	100873014	harbor2	chr13	100682955	100683080	SINE/MIR	507	-	62	100683017	10003
chr13	100673014	100873014	harbor2	chr13	100760702	100760898	SINE/MIR	768	-	98	100760800	87786
chr13	81118593	81318593	harbor2	chr13	81180273	81180529	SINE/MIR	563	-	128	81180401	61808
chr13	81118593	81318593	harbor2	chr13	81188962	81189154	SINE/MIR	550	-	96	81189058	70465
chr13	103156601	103356601	harbor2	chr13	103174133	103174326	SINE/MIR	424	-	96	103174229	17628
chr13	103156601	103356601	harbor2	chr13	103195103	103195280	SINE/MIR	521	-	88	103195191	38590
chr13	103156601	103356601	harbor2	chr13	103235202	103235346	SINE/MIR	413	-	72	103235274	78673
chr13	98855832	99055832	harbor2	chr13	98859258	98859338	SINE/MIR	439	-	40	98859298	3466
chr13	98855832	99055832	harbor2	chr13	98869246	98869475	SINE/MIR	534	-	114	98869360	13528
chr13	98855832	99055832	harbor2	chr13	98900608	98900834	SINE/MIR	460	-	113	98900721	44889
chr13	98855832	99055832	harbor2	chr13	98907875	98908105	SINE/MIR	552	-	115	98907990	52158
chr13	98855832	99055832	harbor2	chr13	98914922	98915130	SINE/MIR	573	-	104	98915026	59194
chr13	98855832	99055832	harbor2	chr13	98920312	98920567	SINE/MIR	923	-	128	98920440	64608
chr13	107385145	107585145	harbor2	chr13	107428156	107428365	SINE/MIR	579	-	104	107428260	43115
chr13	107385145	107585145	harbor2	chr13	107447510	107447658	SINE/MIR	465	-	74	107447584	62439
chr13	107385145	107585145	harbor2	chr13	107449720	107449917	SINE/MIR	549	-	98	107449818	64673
chr13	30310256	30510256	harbor2	chr13	30316809	30317010	SINE/MIR	603	-	100	30316909	6653
chr13	30310256	30510256	harbor2	chr13	30365965	30366205	SINE/MIR	540	-	120	30366085	55829
chr13	30310256	30510256	harbor2	chr13	30383514	30383763	SINE/MIR	528	-	124	30383638	73382
chr13	30310256	30510256	harbor2	chr13	30390969	30391044	SINE/MIR	474	-	38	30391007	80751
chr13	30310256	30510256	harbor2	chr13	30391373	30391533	SINE/MIR	553	-	80	30391453	81197
chr13	77838969	78038969	harbor2	chr13	77932394	77932639	SINE/MIR	449	-	122	77932516	93547
chr13	79508942	79708942	harbor2	chr13	79526765	79526996	SINE/MIR	545	-	116	79526881	17939
chr13	79508942	79708942	harbor2	chr13	79529006	79529236	SINE/MIR	531	-	115	79529121	20179
chr13	79508942	79708942	harbor2	chr13	79599205	79599321	SINE/MIR	443	-	58	79599263	90321
chr13	79508942	79708942	harbor2	chr13	79600726	79600824	SINE/MIR	443	-	49	79600775	91833
chr13	31315096	31515096	harbor2	chr13	31358017	31358135	SINE/MIR	447	-	59	31358076	42980
chr13	109053850	109253850	harbor2	chr13	109067279	109067443	SINE/MIR	552	-	82	109067361	13511
chr13	109053850	109253850	harbor2	chr13	109145123	109145343	SINE/MIR	560	-	110	109145233	91383
chr13	109053850	109253850	harbor2	chr13	109149282	109149517	SINE/MIR	536	-	118	109149400	95550
chr13	43527131	43727131	harbor2	chr13	43554402	43554578	SINE/MIR	438	-	88	43554490	27359
chr13	43527131	43727131	harbor2	chr13	43554880	43554916	SINE/MIR	438	-	18	43554898	27767
chr13	43527131	43727131	harbor2	chr13	43594554	43594770	SINE/MIR	697	-	108	43594662	67531
chr13	100490270	100690270	harbor2	chr13	100538043	100538246	SINE/MIR	527	-	102	100538145	47875
chr13	100490270	100690270	harbor2	chr13	100582762	100582851	SINE/MIR	400	-	44	100582806	92536
chr13	72300107	72500107	harbor2	chr13	72321199	72321367	SINE/MIR	439	-	84	72321283	21176
chr13	72300107	72500107	harbor2	chr13	72375110	72375272	SINE/MIR	416	-	81	72375191	75084
chr14	92055393	92255393	harbor2	chr14	92102728	92102863	SINE/MIR	628	-	68	92102796	47403
chr14	92055393	92255393	harbor2	chr14	92107353	92107582	SINE/MIR	687	-	114	92107467	52074
chr14	78299095	78499095	harbor2	chr14	78323942	78324147	SINE/MIR	479	-	102	78324044	24949
chr14	78299095	78499095	harbor2	chr14	78338833	78339001	SINE/MIR	407	-	84	78338917	39822
chr14	78299095	78499095	harbor2	chr14	78339178	78339376	SINE/MIR	523	-	99	78339277	40182
chr14	78299095	78499095	harbor2	chr14	78342468	78342653	SINE/MIR	589	-	92	78342560	43465
chr14	78299095	78499095	harbor2	chr14	78346462	78346653	SINE/MIR	417	-	96	78346558	47463
chr14	78299095	78499095	harbor2	chr14	78347948	78348148	SINE/MIR	619	-	100	78348048	48953
chr14	78299095	78499095	harbor2	chr14	78356225	78356312	SINE/MIR	408	-	44	78356269	57174
chr14	78299095	78499095	harbor2	chr14	78358224	78358434	SINE/MIR	663	-	105	78358329	59234
chr14	78299095	78499095	harbor2	chr14	78363395	78363625	SINE/MIR	492	-	115	78363510	64415
chr14	78299095	78499095	harbor2	chr14	78371827	78372018	SINE/MIR	512	-	96	78371923	72828
chr14	78299095	78499095	harbor2	chr14	78386588	78386739	SINE/MIR	534	-	76	78386664	87569
chr14	78299095	78499095	harbor2	chr14	78388051	78388273	SINE/MIR	432	-	111	78388162	89067
chr14	73511653	73711653	harbor2	chr14	73520270	73520495	SINE/MIR	526	-	112	73520382	8729
chr14	73511653	73711653	harbor2	chr14	73524527	73524717	SINE/MIR	563	-	95	73524622	12969
chr14	59581272	59781272	harbor2	chr14	59600295	59600508	SINE/MIR	589	-	106	59600401	19129
chr14	59581272	59781272	harbor2	chr14	59671471	59671672	SINE/MIR	536	-	100	59671571	90299
chr14	59581272	59781272	harbor2	chr14	59675626	59675752	SINE/MIR	564	-	63	59675689	94417
chr14	27330265	27530265	harbor2	chr14	27334207	27334423	SINE/MIR	572	-	108	27334315	4050
chr14	66927967	67127967	harbor2	chr14	66998934	66999098	SINE/MIR	604	-	82	66999016	71049
chr14	66927967	67127967	harbor2	chr14	67014211	67014446	SINE/MIR	530	-	118	67014329	86362
chr14	66927967	67127967	harbor2	chr14	67016969	67017114	SINE/MIR	507	-	72	67017041	89074
chr14	66927967	67127967	harbor2	chr14	67026401	67026632	SINE/MIR	425	-	116	67026517	98550
chr14	84404078	84604078	harbor2	chr14	84476785	84477047	SINE/MIR	716	-	131	84476916	72838
chr14	100007732	100207732	harbor2	chr14	100011873	100012088	SINE/MIR	633	-	108	100011981	4249
chr14	100007732	100207732	harbor2	chr14	100033317	100033541	SINE/MIR	518	-	112	100033429	25697
chr14	100007732	100207732	harbor2	chr14	100033633	100033870	SINE/MIR	544	-	118	100033751	26019
chr14	100007732	100207732	harbor2	chr14	100066223	100066467	SINE/MIR	479	-	122	100066345	58613
chr14	100007732	100207732	harbor2	chr14	100093294	100093462	SINE/MIR	449	-	84	100093378	85646
chr14	100007732	100207732	harbor2	chr14	100097062	100097242	SINE/MIR	440	-	90	100097152	89420
chr14	95304695	95504695	harbor2	chr14	95305119	95305314	SINE/MIR	690	-	98	95305217	522
chr14	95304695	95504695	harbor2	chr14	95314526	95314651	SINE/MIR	409	-	62	95314588	9893
chr14	95304695	95504695	harbor2	chr14	95326070	95326313	SINE/MIR	711	-	122	95326192	21497
chr14	95304695	95504695	harbor2	chr14	95329756	95329876	SINE/MIR	495	-	60	95329816	25121
chr14	95304695	95504695	harbor2	chr14	95335834	95335945	SINE/MIR	528	-	56	95335890	31195
chr14	95304695	95504695	harbor2	chr14	95337469	95337674	SINE/MIR	458	-	102	95337571	32876
chr14	95304695	95504695	harbor2	chr14	95339324	95339521	SINE/MIR	591	-	98	95339422	34727
chr14	95304695	95504695	harbor2	chr14	95364743	95364939	SINE/MIR	617	-	98	95364841	60146
chr14	95304695	95504695	harbor2	chr14	95383740	95383954	SINE/MIR	630	-	107	95383847	79152
chr14	95304695	95504695	harbor2	chr14	95388545	95388732	SINE/MIR	453	-	94	95388639	83944
chr14	95304695	95504695	harbor2	chr14	95398501	95398676	SINE/MIR	546	-	88	95398589	93894
chr14	95304695	95504695	harbor2	chr14	95402257	95402367	SINE/MIR	421	-	55	95402312	97617
chr14	49780471	49980471	harbor2	chr14	49786402	49786618	SINE/MIR	743	-	108	49786510	6039
chr14	49780471	49980471	harbor2	chr14	49799874	49800061	SINE/MIR	417	-	94	49799968	19497
chr14	49780471	49980471	harbor2	chr14	49850058	49850107	SINE/MIR	440	-	24	49850082	69611
chr14	49780471	49980471	harbor2	chr14	49850388	49850570	SINE/MIR	440	-	91	49850479	70008
chr14	89258789	89458789	harbor2	chr14	89270410	89270661	SINE/MIR	641	-	126	89270536	11747
chr14	89258789	89458789	harbor2	chr14	89303522	89303631	SINE/MIR	464	-	54	89303576	44787
chr14	89258789	89458789	harbor2	chr14	89318588	89318812	SINE/MIR	701	-	112	89318700	59911
chr14	89258789	89458789	harbor2	chr14	89327811	89328007	SINE/MIR	556	-	98	89327909	69120
chr14	89258789	89458789	harbor2	chr14	89338901	89338995	SINE/MIR	480	-	47	89338948	80159
chr14	89258789	89458789	harbor2	chr14	89339274	89339424	SINE/MIR	480	-	75	89339349	80560
chr14	88164775	88364775	harbor2	chr14	88210061	88210265	SINE/MIR	411	-	102	88210163	45388
chr14	88164775	88364775	harbor2	chr14	88243191	88243439	SINE/MIR	542	-	124	88243315	78540
chr14	65467609	65667609	harbor2	chr14	65563270	65563500	SINE/MIR	688	-	115	65563385	95776
chr14	95011729	95211729	harbor2	chr14	95041526	95041770	SINE/MIR	666	-	122	95041648	29919
chr14	95011729	95211729	harbor2	chr14	95050947	95051123	SINE/MIR	459	-	88	95051035	39306
chr14	95011729	95211729	harbor2	chr14	95092548	95092697	SINE/MIR	488	-	74	95092622	80893
chr14	90929987	91129987	harbor2	chr14	90935396	90935612	SINE/MIR	633	-	108	90935504	5517
chr14	90929987	91129987	harbor2	chr14	90979694	90979916	SINE/MIR	570	-	111	90979805	49818
chr14	90929987	91129987	harbor2	chr14	90980521	90980710	SINE/MIR	561	-	94	90980615	50628
chr14	102041982	102241982	harbor2	chr14	102091126	102091307	SINE/MIR	483	-	90	102091216	49234
chr14	98000416	98200416	harbor2	chr14	98038252	98038431	SINE/MIR	471	-	90	98038342	37926
chr14	98000416	98200416	harbor2	chr14	98038524	98038690	SINE/MIR	494	-	83	98038607	38191
chr14	98000416	98200416	harbor2	chr14	98081923	98082141	SINE/MIR	572	-	109	98082032	81616
chr14	81695896	81895896	harbor2	chr14	81713686	81713823	SINE/MIR	501	-	68	81713754	17858
chr14	81695896	81895896	harbor2	chr14	81713840	81714086	SINE/MIR	799	-	123	81713963	18067
chr14	81695896	81895896	harbor2	chr14	81715820	81715958	SINE/MIR	435	-	69	81715889	19993
chr14	81695896	81895896	harbor2	chr14	81729186	81729345	SINE/MIR	436	-	80	81729266	33370
chr14	81695896	81895896	harbor2	chr14	81736516	81736731	SINE/MIR	511	-	108	81736624	40728
chr14	81695896	81895896	harbor2	chr14	81738800	81738964	SINE/MIR	469	-	82	81738882	42986
chr14	81695896	81895896	harbor2	chr14	81746236	81746407	SINE/MIR	535	-	86	81746322	50426
chr14	81695896	81895896	harbor2	chr14	81757049	81757157	SINE/MIR	441	-	54	81757103	61207
chr14	81695896	81895896	harbor2	chr14	81757527	81757636	SINE/MIR	441	-	54	81757581	61685
chr14	81695896	81895896	harbor2	chr14	81763430	81763626	SINE/MIR	432	-	98	81763528	67632
chr14	81695896	81895896	harbor2	chr14	81764798	81764992	SINE/MIR	454	-	97	81764895	68999
chr14	81695896	81895896	harbor2	chr14	81766044	81766252	SINE/MIR	524	-	104	81766148	70252
chr14	81695896	81895896	harbor2	chr14	81772906	81773169	SINE/MIR	860	-	132	81773038	77142
chr14	81695896	81895896	harbor2	chr14	81779625	81779857	SINE/MIR	551	-	116	81779741	83845
chr14	56510063	56710063	harbor2	chr14	56524842	56524958	SINE/MIR	555	-	58	56524900	14837
chr14	56510063	56710063	harbor2	chr14	56533708	56533963	SINE/MIR	454	-	128	56533836	23773
chr14	56510063	56710063	harbor2	chr14	56540960	56541149	SINE/MIR	621	-	94	56541054	30991
chr14	56510063	56710063	harbor2	chr14	56566529	56566734	SINE/MIR	575	-	102	56566631	56568
chr14	56510063	56710063	harbor2	chr14	56569253	56569449	SINE/MIR	602	-	98	56569351	59288
chr14	56510063	56710063	harbor2	chr14	56581598	56581825	SINE/MIR	842	-	114	56581712	71649
chr14	96521686	96721686	harbor2	chr14	96527607	96527843	SINE/MIR	446	-	118	96527725	6039
chr14	96521686	96721686	harbor2	chr14	96579433	96579624	SINE/MIR	598	-	96	96579529	57843
chr14	96521686	96721686	harbor2	chr14	96579658	96579850	SINE/MIR	522	-	96	96579754	58068
chr14	96521686	96721686	harbor2	chr14	96591111	96591258	SINE/MIR	532	-	74	96591185	69499
chr14	96521686	96721686	harbor2	chr14	96592481	96592602	SINE/MIR	488	-	60	96592541	70855
chr14	96521686	96721686	harbor2	chr14	96618294	96618455	SINE/MIR	646	-	80	96618374	96688
chr14	95466410	95666410	harbor2	chr14	95467202	95467413	SINE/MIR	623	-	106	95467308	898
chr14	95466410	95666410	harbor2	chr14	95474894	95475073	SINE/MIR	563	-	90	95474984	8574
chr14	95466410	95666410	harbor2	chr14	95482726	95482982	SINE/MIR	513	-	128	95482854	16444
chr14	95466410	95666410	harbor2	chr14	95490435	95490591	SINE/MIR	455	-	78	95490513	24103
chr14	95466410	95666410	harbor2	chr14	95493235	95493501	SINE/MIR	637	-	133	95493368	26958
chr14	95466410	95666410	harbor2	chr14	95503320	95503494	SINE/MIR	540	-	87	95503407	36997
chr14	95466410	95666410	harbor2	chr14	95506747	95506897	SINE/MIR	500	-	75	95506822	40412
chr14	95466410	95666410	harbor2	chr14	95514532	95514746	SINE/MIR	476	-	107	95514639	48229
chr14	95466410	95666410	harbor2	chr14	95518232	95518402	SINE/MIR	412	-	85	95518317	51907
chr14	95466410	95666410	harbor2	chr14	95522881	95523097	SINE/MIR	715	-	108	95522989	56579
chr14	95466410	95666410	harbor2	chr14	95540336	95540552	SINE/MIR	561	-	108	95540444	74034
chr14	77119391	77319391	harbor2	chr14	77142376	77142619	SINE/MIR	762	-	122	77142498	23107
chr14	77119391	77319391	harbor2	chr14	77179928	77180100	SINE/MIR	407	-	86	77180014	60623
chr14	77119391	77319391	harbor2	chr14	77192230	77192407	SINE/MIR	680	-	88	77192318	72927
chr14	77119391	77319391	harbor2	chr14	77204698	77204925	SINE/MIR	1001	-	114	77204812	85421
chr14	77119391	77319391	harbor2	chr14	77212143	77212368	SINE/MIR	737	-	112	77212255	92864
chr14	77119391	77319391	harbor2	chr14	77214156	77214360	SINE/MIR	544	-	102	77214258	94867
chr14	95753418	95953418	harbor2	chr14	95761006	95761204	SINE/MIR	547	-	99	95761105	7687
chr14	95753418	95953418	harbor2	chr14	95787020	95787204	SINE/MIR	435	-	92	95787112	33694
chr14	95753418	95953418	harbor2	chr14	95788416	95788651	SINE/MIR	468	-	118	95788534	35116
chr14	95753418	95953418	harbor2	chr14	95801712	95801947	SINE/MIR	507	-	118	95801830	48412
chr14	95753418	95953418	harbor2	chr14	95808047	95808249	SINE/MIR	478	-	101	95808148	54730
chr14	95753418	95953418	harbor2	chr14	95811010	95811111	SINE/MIR	411	-	50	95811060	57642
chr14	95753418	95953418	harbor2	chr14	95828561	95828714	SINE/MIR	504	-	76	95828637	75219
chr14	95753418	95953418	harbor2	chr14	95839456	95839703	SINE/MIR	796	-	124	95839580	86162
chr14	81844453	82044453	harbor2	chr14	81867169	81867396	SINE/MIR	706	-	114	81867283	22830
chr14	81844453	82044453	harbor2	chr14	81926253	81926435	SINE/MIR	421	-	91	81926344	81891
chr14	81844453	82044453	harbor2	chr14	81929468	81929707	SINE/MIR	481	-	120	81929588	85135
chr14	24211827	24411827	harbor2	chr14	24220622	24220822	SINE/MIR	516	-	100	24220722	8895
chr14	24211827	24411827	harbor2	chr14	24253285	24253421	SINE/MIR	500	-	68	24253353	41526
chr14	24211827	24411827	harbor2	chr14	24255741	24255953	SINE/MIR	570	-	106	24255847	44020
chr14	24211827	24411827	harbor2	chr14	24256834	24257083	SINE/MIR	448	-	124	24256958	45131
chr14	24211827	24411827	harbor2	chr14	24270552	24270794	SINE/MIR	1065	-	121	24270673	58846
chr14	24211827	24411827	harbor2	chr14	24306890	24307102	SINE/MIR	757	-	106	24306996	95169
chr14	74207141	74407141	harbor2	chr14	74213676	74213881	SINE/MIR	622	-	102	74213778	6637
chr14	74207141	74407141	harbor2	chr14	74232506	74232632	SINE/MIR	463	-	63	74232569	25428
chr14	74207141	74407141	harbor2	chr14	74236508	74236689	SINE/MIR	743	-	90	74236598	29457
chr14	74207141	74407141	harbor2	chr14	74249203	74249260	SINE/MIR	421	-	28	74249231	42090
chr14	74207141	74407141	harbor2	chr14	74249569	74249668	SINE/MIR	421	-	50	74249619	42478
chr14	74207141	74407141	harbor2	chr14	74254690	74254784	SINE/MIR	597	-	47	74254737	47596
chr14	74207141	74407141	harbor2	chr14	74255080	74255213	SINE/MIR	597	-	66	74255146	48005
chr14	74207141	74407141	harbor2	chr14	74291714	74291856	SINE/MIR	419	-	71	74291785	84644
chr14	74207141	74407141	harbor2	chr14	74295610	74295819	SINE/MIR	744	-	104	74295714	88573
chr14	74207141	74407141	harbor2	chr14	74297195	74297350	SINE/MIR	600	-	78	74297273	90132
chr14	102697105	102897105	harbor2	chr14	102736178	102736362	SINE/MIR	472	-	92	102736270	39165
chr14	76856363	77056363	harbor2	chr14	76888796	76888972	SINE/MIR	454	-	88	76888884	32521
chr14	76856363	77056363	harbor2	chr14	76905034	76905213	SINE/MIR	463	-	90	76905124	48761
chr14	76856363	77056363	harbor2	chr14	76912229	76912439	SINE/MIR	782	-	105	76912334	55971
chr14	76856363	77056363	harbor2	chr14	76923769	76923980	SINE/MIR	574	-	106	76923875	67512
chr14	76856363	77056363	harbor2	chr14	76937078	76937207	SINE/MIR	494	-	64	76937142	80779
chr14	76856363	77056363	harbor2	chr14	76941397	76941621	SINE/MIR	441	-	112	76941509	85146
chr14	76856363	77056363	harbor2	chr14	76947873	76948083	SINE/MIR	625	-	105	76947978	91615
chr14	76856363	77056363	harbor2	chr14	76950119	76950252	SINE/MIR	457	-	66	76950185	93822
chr14	76856363	77056363	harbor2	chr14	76950832	76951040	SINE/MIR	683	-	104	76950936	94573
chr14	76856363	77056363	harbor2	chr14	76873509	76873753	SINE/MIR	458	-	122	76873631	17268
chr14	71188843	71388843	harbor2	chr14	71196552	71196728	SINE/MIR	505	-	88	71196640	7797
chr14	71188843	71388843	harbor2	chr14	71204133	71204326	SINE/MIR	812	-	96	71204229	15386
chr14	71188843	71388843	harbor2	chr14	71210681	71210726	SINE/MIR	653	-	22	71210703	21860
chr14	71188843	71388843	harbor2	chr14	71211044	71211233	SINE/MIR	653	-	94	71211138	22295
chr14	71188843	71388843	harbor2	chr14	71234111	71234310	SINE/MIR	417	-	100	71234211	45368
chr14	71188843	71388843	harbor2	chr14	71282870	71283074	SINE/MIR	577	-	102	71282972	94129
chr14	87649716	87849716	harbor2	chr14	87652986	87653222	SINE/MIR	476	-	118	87653104	3388
chr14	87649716	87849716	harbor2	chr14	87666391	87666523	SINE/MIR	422	-	66	87666457	16741
chr14	87649716	87849716	harbor2	chr14	87677473	87677669	SINE/MIR	719	-	98	87677571	27855
chr14	87649716	87849716	harbor2	chr14	87682111	87682177	SINE/MIR	436	-	33	87682144	32428
chr14	87649716	87849716	harbor2	chr14	87682474	87682621	SINE/MIR	436	-	74	87682548	32832
chr14	87649716	87849716	harbor2	chr14	87693291	87693528	SINE/MIR	765	-	118	87693409	43693
chr14	87649716	87849716	harbor2	chr14	87700437	87700599	SINE/MIR	464	-	81	87700518	50802
chr14	87649716	87849716	harbor2	chr14	87717873	87718106	SINE/MIR	494	-	116	87717989	68273
chr14	87649716	87849716	harbor2	chr14	87719503	87719724	SINE/MIR	590	-	110	87719613	69897
chr14	87649716	87849716	harbor2	chr14	87724000	87724156	SINE/MIR	499	-	78	87724078	74362
chr14	89468810	89668810	harbor2	chr14	89478596	89478649	SINE/MIR	428	-	26	89478622	9812
chr14	89468810	89668810	harbor2	chr14	89478951	89479049	SINE/MIR	428	-	49	89479000	10190
chr14	89468810	89668810	harbor2	chr14	89495706	89495927	SINE/MIR	503	-	110	89495816	27006
chr14	83320605	83520605	harbor2	chr14	83343686	83343919	SINE/MIR	525	-	116	83343802	23197
chr14	83320605	83520605	harbor2	chr14	83356578	83356808	SINE/MIR	515	-	115	83356693	36088
chr14	83320605	83520605	harbor2	chr14	83366844	83367016	SINE/MIR	484	-	86	83366930	46325
chr14	83320605	83520605	harbor2	chr14	83413362	83413600	SINE/MIR	514	-	119	83413481	92876
chr14	44968582	45168582	harbor2	chr14	44979611	44979718	SINE/MIR	517	-	54	44979665	11083
chr14	44968582	45168582	harbor2	chr14	45007759	45008004	SINE/MIR	514	-	122	45007881	39299
chr14	44968582	45168582	harbor2	chr14	45015604	45015836	SINE/MIR	682	-	116	45015720	47138
chr14	95706846	95906846	harbor2	chr14	95740059	95740227	SINE/MIR	511	-	84	95740143	33297
chr14	95706846	95906846	harbor2	chr14	95741936	95742127	SINE/MIR	627	-	96	95742032	35186
chr14	95706846	95906846	harbor2	chr14	95743270	95743448	SINE/MIR	496	-	89	95743359	36513
chr14	95706846	95906846	harbor2	chr14	95761006	95761204	SINE/MIR	547	-	99	95761105	54259
chr14	95706846	95906846	harbor2	chr14	95787020	95787204	SINE/MIR	435	-	92	95787112	80266
chr14	95706846	95906846	harbor2	chr14	95788416	95788651	SINE/MIR	468	-	118	95788534	81688
chr14	95706846	95906846	harbor2	chr14	95801712	95801947	SINE/MIR	507	-	118	95801830	94984
chr14	99291582	99491582	harbor2	chr14	99310147	99310372	SINE/MIR	509	-	112	99310259	18677
chr14	75873247	76073247	harbor2	chr14	75903003	75903228	SINE/MIR	729	-	112	75903115	29868
chr14	75873247	76073247	harbor2	chr14	75917252	75917381	SINE/MIR	465	-	64	75917316	44069
chr14	75873247	76073247	harbor2	chr14	75938535	75938704	SINE/MIR	539	-	84	75938619	65372
chr14	75873247	76073247	harbor2	chr14	75967686	75967860	SINE/MIR	674	-	87	75967773	94526
chr14	90154189	90354189	harbor2	chr14	90159660	90159797	SINE/MIR	555	-	68	90159728	5539
chr14	90154189	90354189	harbor2	chr14	90197904	90198049	SINE/MIR	499	-	72	90197976	43787
chr14	90154189	90354189	harbor2	chr14	90216446	90216644	SINE/MIR	462	-	99	90216545	62356
chr14	90154189	90354189	harbor2	chr14	90227182	90227370	SINE/MIR	513	-	94	90227276	73087
chr14	94883246	95083246	harbor2	chr14	94888512	94888727	SINE/MIR	429	-	108	94888620	5374
chr14	94883246	95083246	harbor2	chr14	94902709	94902944	SINE/MIR	631	-	118	94902827	19581
chr14	94883246	95083246	harbor2	chr14	94935336	94935573	SINE/MIR	647	-	118	94935454	52208
chr14	94883246	95083246	harbor2	chr14	94943552	94943743	SINE/MIR	584	-	96	94943648	60402
chr14	94883246	95083246	harbor2	chr14	94966174	94966427	SINE/MIR	594	-	126	94966300	83054
chr14	94883246	95083246	harbor2	chr14	94981540	94981693	SINE/MIR	408	-	76	94981616	98370
chr14	33576013	33776013	harbor2	chr14	33593116	33593329	SINE/MIR	437	-	106	33593222	17209
chr14	33576013	33776013	harbor2	chr14	33644519	33644703	SINE/MIR	542	-	92	33644611	68598
chr14	33576013	33776013	harbor2	chr14	33654970	33655086	SINE/MIR	477	-	58	33655028	79015
chr14	33576013	33776013	harbor2	chr14	33659174	33659363	SINE/MIR	444	-	94	33659268	83255
chr14	33576013	33776013	harbor2	chr14	33673765	33673938	SINE/MIR	440	-	86	33673851	97838
chr14	89793742	89993742	harbor2	chr14	89848131	89848284	SINE/MIR	459	-	76	89848207	54465
chr14	89793742	89993742	harbor2	chr14	89853375	89853618	SINE/MIR	890	-	122	89853497	59755
chr14	97951996	98151996	harbor2	chr14	98000061	98000198	SINE/MIR	470	-	68	98000129	48133
chr14	97951996	98151996	harbor2	chr14	98038252	98038431	SINE/MIR	471	-	90	98038342	86346
chr14	97951996	98151996	harbor2	chr14	98038524	98038690	SINE/MIR	494	-	83	98038607	86611
chr14	48653750	48853750	harbor2	chr14	48706326	48706526	SINE/MIR	453	-	100	48706426	52676
chr14	48653750	48853750	harbor2	chr14	48739004	48739049	SINE/MIR	470	-	22	48739026	85276
chr14	48653750	48853750	harbor2	chr14	48739558	48739660	SINE/MIR	470	-	51	48739609	85859
chr14	74156785	74356785	harbor2	chr14	74187110	74187313	SINE/MIR	422	-	102	74187212	30427
chr14	74156785	74356785	harbor2	chr14	74187807	74187955	SINE/MIR	478	-	74	74187881	31096
chr14	74156785	74356785	harbor2	chr14	74213676	74213881	SINE/MIR	622	-	102	74213778	56993
chr14	74156785	74356785	harbor2	chr14	74232506	74232632	SINE/MIR	463	-	63	74232569	75784
chr14	74156785	74356785	harbor2	chr14	74236508	74236689	SINE/MIR	743	-	90	74236598	79813
chr14	74156785	74356785	harbor2	chr14	74249203	74249260	SINE/MIR	421	-	28	74249231	92446
chr14	74156785	74356785	harbor2	chr14	74249569	74249668	SINE/MIR	421	-	50	74249619	92834
chr14	74156785	74356785	harbor2	chr14	74254690	74254784	SINE/MIR	597	-	47	74254737	97952
chr14	74156785	74356785	harbor2	chr14	74255080	74255213	SINE/MIR	597	-	66	74255146	98361
chr14	48553100	48753100	harbor2	chr14	48595082	48595252	SINE/MIR	442	-	85	48595167	42067
chr14	48553100	48753100	harbor2	chr14	48645285	48645477	SINE/MIR	679	-	96	48645381	92281
chr14	96935129	97135129	harbor2	chr14	96941684	96941827	SINE/MIR	573	-	72	96941756	6627
chr14	96935129	97135129	harbor2	chr14	96942808	96943038	SINE/MIR	837	-	115	96942923	7794
chr14	96935129	97135129	harbor2	chr14	96973509	96973626	SINE/MIR	424	-	58	96973567	38438
chr14	96935129	97135129	harbor2	chr14	96974818	96975056	SINE/MIR	527	-	119	96974937	39808
chr14	96935129	97135129	harbor2	chr14	96977084	96977342	SINE/MIR	703	-	129	96977213	42084
chr14	96935129	97135129	harbor2	chr14	96992609	96992761	SINE/MIR	544	-	76	96992685	57556
chr14	96935129	97135129	harbor2	chr14	97008512	97008663	SINE/MIR	446	-	76	97008588	73459
chr14	76525809	76725809	harbor2	chr14	76583083	76583291	SINE/MIR	783	-	104	76583187	57378
chr14	76525809	76725809	harbor2	chr14	76583362	76583604	SINE/MIR	687	-	121	76583483	57674
chr14	76525809	76725809	harbor2	chr14	76587090	76587270	SINE/MIR	717	-	90	76587180	61371
chr14	76525809	76725809	harbor2	chr14	76605987	76606166	SINE/MIR	524	-	90	76606077	80268
chr14	76525809	76725809	harbor2	chr14	76613845	76614029	SINE/MIR	689	-	92	76613937	88128
chr14	76525809	76725809	harbor2	chr14	76614056	76614175	SINE/MIR	516	-	60	76614116	88307
chr14	85272534	85472534	harbor2	chr14	85273863	85274100	SINE/MIR	730	-	118	85273981	1447
chr14	85272534	85472534	harbor2	chr14	85360177	85360323	SINE/MIR	425	-	73	85360250	87716
chr14	85272534	85472534	harbor2	chr14	85360583	85360736	SINE/MIR	469	-	76	85360659	88125
chr14	54251616	54451616	harbor2	chr14	54252936	54253171	SINE/MIR	621	-	118	54253054	1438
chr14	54251616	54451616	harbor2	chr14	54267722	54267872	SINE/MIR	608	-	75	54267797	16181
chr14	54251616	54451616	harbor2	chr14	54271169	54271308	SINE/MIR	467	-	70	54271239	19623
chr14	54251616	54451616	harbor2	chr14	54271444	54271628	SINE/MIR	428	-	92	54271536	19920
chr14	54251616	54451616	harbor2	chr14	54284996	54285182	SINE/MIR	549	-	93	54285089	33473
chr14	54251616	54451616	harbor2	chr14	54290992	54291133	SINE/MIR	459	-	70	54291062	39446
chr14	54251616	54451616	harbor2	chr14	54293192	54293410	SINE/MIR	658	-	109	54293301	41685
chr14	54251616	54451616	harbor2	chr14	54312687	54312824	SINE/MIR	416	-	68	54312755	61139
chr14	54251616	54451616	harbor2	chr14	54313142	54313249	SINE/MIR	416	-	54	54313196	61580
chr14	106413444	106613444	harbor2	chr14	106484759	106484917	SINE/MIR	445	-	79	106484838	71394
chr14	88834696	89034696	harbor2	chr14	88853232	88853404	SINE/MIR	593	-	86	88853318	18622
chr14	88834696	89034696	harbor2	chr14	88853436	88853683	SINE/MIR	765	-	124	88853560	18864
chr14	88834696	89034696	harbor2	chr14	88857676	88857918	SINE/MIR	531	-	121	88857797	23101
chr14	88834696	89034696	harbor2	chr14	88878771	88878999	SINE/MIR	619	-	114	88878885	44189
chr14	88834696	89034696	harbor2	chr14	88890925	88891144	SINE/MIR	547	-	110	88891035	56339
chr14	88834696	89034696	harbor2	chr14	88912041	88912176	SINE/MIR	566	-	68	88912109	77413
chr14	88834696	89034696	harbor2	chr14	88927805	88928055	SINE/MIR	991	-	125	88927930	93234
chr14	88834696	89034696	harbor2	chr14	88934011	88934243	SINE/MIR	672	-	116	88934127	99431
chr14	89174047	89374047	harbor2	chr14	89252036	89252219	SINE/MIR	473	-	92	89252128	78081
chr14	89174047	89374047	harbor2	chr14	89270410	89270661	SINE/MIR	641	-	126	89270536	96489
chr14	94009966	94209966	harbor2	chr14	94016925	94017123	SINE/MIR	417	-	99	94017024	7058
chr14	94009966	94209966	harbor2	chr14	94023560	94023708	SINE/MIR	593	-	74	94023634	13668
chr14	94009966	94209966	harbor2	chr14	94037688	94037883	SINE/MIR	709	-	98	94037786	27820
chr14	94009966	94209966	harbor2	chr14	94052514	94052772	SINE/MIR	897	-	129	94052643	42677
chr14	94009966	94209966	harbor2	chr14	94057001	94057246	SINE/MIR	759	-	122	94057123	47157
chr14	94009966	94209966	harbor2	chr14	94057305	94057483	SINE/MIR	629	-	89	94057394	47428
chr14	94009966	94209966	harbor2	chr14	94059523	94059764	SINE/MIR	856	-	120	94059643	49677
chr14	61078531	61278531	harbor2	chr14	61132267	61132476	SINE/MIR	757	-	104	61132371	53840
chr14	61078531	61278531	harbor2	chr14	61150479	61150616	SINE/MIR	439	-	68	61150547	72016
chr14	61078531	61278531	harbor2	chr14	61159205	61159372	SINE/MIR	530	-	84	61159289	80758
chr14	39852683	40052683	harbor2	chr14	39879507	39879719	SINE/MIR	564	-	106	39879613	26930
chr14	39852683	40052683	harbor2	chr14	39883971	39884100	SINE/MIR	412	-	64	39884035	31352
chr14	39852683	40052683	harbor2	chr14	39913603	39913766	SINE/MIR	505	-	82	39913685	61002
chr14	39852683	40052683	harbor2	chr14	39926166	39926280	SINE/MIR	711	-	57	39926223	73540
chr14	39852683	40052683	harbor2	chr14	39926576	39926704	SINE/MIR	711	-	64	39926640	73957
chr14	39852683	40052683	harbor2	chr14	39932390	39932599	SINE/MIR	446	-	104	39932494	79811
chr14	102343438	102543438	harbor2	chr14	102378443	102378622	SINE/MIR	706	-	90	102378533	35095
chr14	102343438	102543438	harbor2	chr14	102421680	102421907	SINE/MIR	501	-	114	102421794	78356
chr14	102343438	102543438	harbor2	chr14	102436030	102436247	SINE/MIR	660	-	108	102436138	92700
chr14	79056172	79256172	harbor2	chr14	79086189	79086363	SINE/MIR	448	-	87	79086276	30104
chr14	79056172	79256172	harbor2	chr14	79115857	79116092	SINE/MIR	577	-	118	79115975	59803
chr14	79056172	79256172	harbor2	chr14	79135705	79135947	SINE/MIR	407	-	121	79135826	79654
chr14	79056172	79256172	harbor2	chr14	79145915	79146061	SINE/MIR	562	-	73	79145988	89816
chr14	79056172	79256172	harbor2	chr14	79146049	79146269	SINE/MIR	585	-	110	79146159	89987
chr14	86274117	86474117	harbor2	chr14	86304498	86304626	SINE/MIR	459	-	64	86304562	30445
chr14	87964188	88164188	harbor2	chr14	88006258	88006459	SINE/MIR	409	-	100	88006358	42170
chr14	87964188	88164188	harbor2	chr14	88049160	88049306	SINE/MIR	454	-	73	88049233	85045
chr14	87964188	88164188	harbor2	chr14	88049977	88050174	SINE/MIR	688	-	98	88050075	85887
chr14	94390701	94590701	harbor2	chr14	94394092	94394324	SINE/MIR	625	-	116	94394208	3507
chr14	94390701	94590701	harbor2	chr14	94414891	94415072	SINE/MIR	754	-	90	94414981	24280
chr14	94390701	94590701	harbor2	chr14	94426976	94427077	SINE/MIR	450	-	50	94427026	36325
chr14	94390701	94590701	harbor2	chr14	94446031	94446219	SINE/MIR	468	-	94	94446125	55424
chr14	94390701	94590701	harbor2	chr14	94459590	94459770	SINE/MIR	407	-	90	94459680	68979
chr14	94390701	94590701	harbor2	chr14	94480338	94480537	SINE/MIR	503	-	100	94480438	89737
chr14	94390701	94590701	harbor2	chr14	94469967	94470166	SINE/MIR	413	-	100	94470067	79366
chr14	98483380	98683380	harbor2	chr14	98493034	98493198	SINE/MIR	443	-	82	98493116	9736
chr14	98483380	98683380	harbor2	chr14	98501692	98501920	SINE/MIR	496	-	114	98501806	18426
chr14	98483380	98683380	harbor2	chr14	98504468	98504660	SINE/MIR	671	-	96	98504564	21184
chr14	98483380	98683380	harbor2	chr14	98524188	98524422	SINE/MIR	753	-	117	98524305	40925
chr14	98483380	98683380	harbor2	chr14	98537758	98537983	SINE/MIR	574	-	112	98537870	54490
chr14	98483380	98683380	harbor2	chr14	98556092	98556262	SINE/MIR	434	-	85	98556177	72797
chr14	65811169	66011169	harbor2	chr14	65812783	65812842	SINE/MIR	493	-	30	65812813	1644
chr14	65811169	66011169	harbor2	chr14	65812921	65812976	SINE/MIR	493	-	28	65812949	1780
chr14	65811169	66011169	harbor2	chr14	65813276	65813360	SINE/MIR	493	-	42	65813318	2149
chr14	65811169	66011169	harbor2	chr14	65815834	65815968	SINE/MIR	476	-	67	65815901	4732
chr14	65811169	66011169	harbor2	chr14	65819994	65820178	SINE/MIR	540	-	92	65820086	8917
chr14	65811169	66011169	harbor2	chr14	65824440	65824579	SINE/MIR	498	-	70	65824510	13341
chr14	65811169	66011169	harbor2	chr14	65839179	65839359	SINE/MIR	721	-	90	65839269	28100
chr14	65811169	66011169	harbor2	chr14	65840320	65840556	SINE/MIR	569	-	118	65840438	29269
chr14	65811169	66011169	harbor2	chr14	65860904	65861129	SINE/MIR	516	-	112	65861016	49847
chr14	65811169	66011169	harbor2	chr14	65866543	65866717	SINE/MIR	432	-	87	65866630	55461
chr14	65811169	66011169	harbor2	chr14	65870189	65870372	SINE/MIR	515	-	92	65870281	59112
chr14	65811169	66011169	harbor2	chr14	65871342	65871513	SINE/MIR	418	-	86	65871428	60259
chr14	100905820	101105820	harbor2	chr14	100906843	100907021	SINE/MIR	471	-	89	100906932	1112
chr14	100905820	101105820	harbor2	chr14	100907476	100907696	SINE/MIR	531	-	110	100907586	1766
chr14	74720793	74920793	harbor2	chr14	74784355	74784568	SINE/MIR	484	-	106	74784461	63668
chr14	74720793	74920793	harbor2	chr14	74800808	74801033	SINE/MIR	576	-	112	74800920	80127
chr14	83457160	83657160	harbor2	chr14	83497947	83498126	SINE/MIR	452	-	90	83498037	40877
chr14	83457160	83657160	harbor2	chr14	83519658	83519805	SINE/MIR	496	-	74	83519732	62572
chr14	80222000	80422000	harbor2	chr14	80224054	80224219	SINE/MIR	568	-	82	80224136	2136
chr14	80222000	80422000	harbor2	chr14	80295746	80295911	SINE/MIR	634	-	82	80295828	73828
chr14	80222000	80422000	harbor2	chr14	80302042	80302217	SINE/MIR	521	-	88	80302130	80130
chr14	80222000	80422000	harbor2	chr14	80313042	80313220	SINE/MIR	458	-	89	80313131	91131
chr14	80222000	80422000	harbor2	chr14	80317119	80317347	SINE/MIR	474	-	114	80317233	95233
chr14	55825765	56025765	harbor2	chr14	55827740	55827948	SINE/MIR	414	-	104	55827844	2079
chr14	55825765	56025765	harbor2	chr14	55869215	55869405	SINE/MIR	422	-	95	55869310	43545
chr14	55825765	56025765	harbor2	chr14	55904913	55905149	SINE/MIR	602	-	118	55905031	79266
chr14	55825765	56025765	harbor2	chr14	55910323	55910522	SINE/MIR	756	-	100	55910423	84658
chr14	83269944	83469944	harbor2	chr14	83299507	83299718	SINE/MIR	534	-	106	83299613	29669
chr14	83269944	83469944	harbor2	chr14	83343686	83343919	SINE/MIR	525	-	116	83343802	73858
chr14	83269944	83469944	harbor2	chr14	83356578	83356808	SINE/MIR	515	-	115	83356693	86749
chr14	83269944	83469944	harbor2	chr14	83366844	83367016	SINE/MIR	484	-	86	83366930	96986
chr14	102306153	102506153	harbor2	chr14	102378443	102378622	SINE/MIR	706	-	90	102378533	72380
chr14	96717236	96917236	harbor2	chr14	96734422	96734635	SINE/MIR	409	-	106	96734528	17292
chr14	96717236	96917236	harbor2	chr14	96756190	96756362	SINE/MIR	504	-	86	96756276	39040
chr14	96717236	96917236	harbor2	chr14	96756676	96756746	SINE/MIR	504	-	35	96756711	39475
chr14	96717236	96917236	harbor2	chr14	96790144	96790358	SINE/MIR	599	-	107	96790251	73015
chr14	93112809	93312809	harbor2	chr14	93132592	93132773	SINE/MIR	420	-	90	93132682	19873
chr14	93112809	93312809	harbor2	chr14	93136708	93136853	SINE/MIR	504	-	72	93136780	23971
chr14	93112809	93312809	harbor2	chr14	93145137	93145286	SINE/MIR	467	-	74	93145211	32402
chr14	93112809	93312809	harbor2	chr14	93174416	93174608	SINE/MIR	736	-	96	93174512	61703
chr14	93112809	93312809	harbor2	chr14	93174902	93174952	SINE/MIR	736	-	25	93174927	62118
chr14	93112809	93312809	harbor2	chr14	93188548	93188773	SINE/MIR	1037	-	112	93188660	75851
chr14	93112809	93312809	harbor2	chr14	93189172	93189414	SINE/MIR	705	-	121	93189293	76484
chr14	101705393	101905393	harbor2	chr14	101707553	101707757	SINE/MIR	476	-	102	101707655	2262
chr14	104132515	104332515	harbor2	chr14	104228613	104228791	SINE/MIR	536	-	89	104228702	96187
chr14	103901865	104101865	harbor2	chr14	103999711	103999970	SINE/MIR	704	-	130	103999841	97976
chr14	72289946	72489946	harbor2	chr14	72302247	72302365	SINE/MIR	489	-	59	72302306	12360
chr14	72289946	72489946	harbor2	chr14	72332853	72333019	SINE/MIR	419	-	83	72332936	42990
chr14	72289946	72489946	harbor2	chr14	72346662	72346803	SINE/MIR	464	-	70	72346732	56786
chr14	102226082	102426082	harbor2	chr14	102278916	102279128	SINE/MIR	782	-	106	102279022	52940
chr14	95531670	95731670	harbor2	chr14	95540336	95540552	SINE/MIR	561	-	108	95540444	8774
chr14	95531670	95731670	harbor2	chr14	95577933	95577946	SINE/MIR	411	-	6	95577939	46269
chr14	95531670	95731670	harbor2	chr14	95578412	95578523	SINE/MIR	411	-	56	95578468	46798
chr14	95531670	95731670	harbor2	chr14	95613104	95613272	SINE/MIR	563	-	84	95613188	81518
chr14	95531670	95731670	harbor2	chr14	95619854	95620047	SINE/MIR	694	-	96	95619950	88280
chr14	33572273	33772273	harbor2	chr14	33572385	33572616	SINE/MIR	1002	-	116	33572501	228
chr14	33572273	33772273	harbor2	chr14	33593116	33593329	SINE/MIR	437	-	106	33593222	20949
chr14	33572273	33772273	harbor2	chr14	33644519	33644703	SINE/MIR	542	-	92	33644611	72338
chr14	33572273	33772273	harbor2	chr14	33654970	33655086	SINE/MIR	477	-	58	33655028	82755
chr14	33572273	33772273	harbor2	chr14	33659174	33659363	SINE/MIR	444	-	94	33659268	86995
chr14	102095574	102295574	harbor2	chr14	102152722	102152906	SINE/MIR	480	-	92	102152814	57240
chr14	102095574	102295574	harbor2	chr14	102178792	102179056	SINE/MIR	750	-	132	102178924	83350
chr14	102095574	102295574	harbor2	chr14	102180163	102180394	SINE/MIR	663	-	116	102180279	84705
chr14	102095574	102295574	harbor2	chr14	102193393	102193529	SINE/MIR	461	-	68	102193461	97887
chr14	85532163	85732163	harbor2	chr14	85572726	85572962	SINE/MIR	421	-	118	85572844	40681
chr14	85532163	85732163	harbor2	chr14	85586178	85586362	SINE/MIR	610	-	92	85586270	54107
chr14	85532163	85732163	harbor2	chr14	85599780	85599874	SINE/MIR	531	-	47	85599827	67664
chr14	85532163	85732163	harbor2	chr14	85614029	85614267	SINE/MIR	621	-	119	85614148	81985
chr14	85532163	85732163	harbor2	chr14	85614271	85614504	SINE/MIR	509	-	116	85614387	82224
chr14	85532163	85732163	harbor2	chr14	85617302	85617501	SINE/MIR	558	-	100	85617402	85239
chr14	39919423	40119423	harbor2	chr14	39926166	39926280	SINE/MIR	711	-	57	39926223	6800
chr14	39919423	40119423	harbor2	chr14	39926576	39926704	SINE/MIR	711	-	64	39926640	7217
chr14	39919423	40119423	harbor2	chr14	39932390	39932599	SINE/MIR	446	-	104	39932494	13071
chr14	39919423	40119423	harbor2	chr14	39954912	39955101	SINE/MIR	589	-	94	39955006	35583
chr14	39919423	40119423	harbor2	chr14	39989270	39989433	SINE/MIR	486	-	82	39989352	69929
chr14	80432504	80632504	harbor2	chr14	80479003	80479202	SINE/MIR	584	-	100	80479103	46599
chr14	87842599	88042599	harbor2	chr14	87874621	87874840	SINE/MIR	529	-	110	87874731	32132
chr14	87842599	88042599	harbor2	chr14	87883426	87883661	SINE/MIR	678	-	118	87883544	40945
chr14	87842599	88042599	harbor2	chr14	87886534	87886707	SINE/MIR	554	-	86	87886620	44021
chr14	87842599	88042599	harbor2	chr14	87889830	87890060	SINE/MIR	636	-	115	87889945	47346
chr14	87842599	88042599	harbor2	chr14	87893555	87893698	SINE/MIR	588	-	72	87893627	51028
chr14	87842599	88042599	harbor2	chr14	87898293	87898506	SINE/MIR	653	-	106	87898399	55800
chr14	87842599	88042599	harbor2	chr14	87936695	87936850	SINE/MIR	501	-	78	87936773	94174
chr14	70560515	70760515	harbor2	chr14	70602753	70602876	SINE/MIR	491	-	62	70602815	42300
chr14	70560515	70760515	harbor2	chr14	70610465	70610709	SINE/MIR	685	-	122	70610587	50072
chr14	70560515	70760515	harbor2	chr14	70618961	70619055	SINE/MIR	484	-	47	70619008	58493
chr14	70560515	70760515	harbor2	chr14	70619439	70619556	SINE/MIR	484	-	58	70619497	58982
chr14	40995967	41195967	harbor2	chr14	40999416	40999593	SINE/MIR	455	-	88	40999504	3537
chr14	91800823	92000823	harbor2	chr14	91857522	91857713	SINE/MIR	836	-	96	91857618	56795
chr14	91800823	92000823	harbor2	chr14	91872102	91872268	SINE/MIR	610	-	83	91872185	71362
chr14	91800823	92000823	harbor2	chr14	91877214	91877379	SINE/MIR	407	-	82	91877296	76473
chr14	91800823	92000823	harbor2	chr14	91884437	91884656	SINE/MIR	872	-	110	91884547	83724
chr14	91800823	92000823	harbor2	chr14	91896472	91896677	SINE/MIR	438	-	102	91896574	95751
chr14	62055953	62255953	harbor2	chr14	62063361	62063592	SINE/MIR	665	-	116	62063477	7524
chr14	62055953	62255953	harbor2	chr14	62079389	62079574	SINE/MIR	575	-	92	62079481	23528
chr14	62055953	62255953	harbor2	chr14	62079949	62080143	SINE/MIR	410	-	97	62080046	24093
chr14	62055953	62255953	harbor2	chr14	62122969	62123185	SINE/MIR	523	-	108	62123077	67124
chr14	62055953	62255953	harbor2	chr14	62124644	62124864	SINE/MIR	720	-	110	62124754	68801
chr14	62055953	62255953	harbor2	chr14	62141906	62142115	SINE/MIR	609	-	104	62142010	86057
chr14	79464095	79664095	harbor2	chr14	79476670	79476881	SINE/MIR	574	-	106	79476776	12681
chr14	79464095	79664095	harbor2	chr14	79491017	79491287	SINE/MIR	462	-	135	79491152	27057
chr14	79464095	79664095	harbor2	chr14	79495554	79495736	SINE/MIR	876	-	91	79495645	31550
chr14	79464095	79664095	harbor2	chr14	79496909	79497131	SINE/MIR	414	-	111	79497020	32925
chr14	79464095	79664095	harbor2	chr14	79533090	79533297	SINE/MIR	586	-	104	79533194	69099
chr14	79464095	79664095	harbor2	chr14	79535602	79535826	SINE/MIR	473	-	112	79535714	71619
chr14	79464095	79664095	harbor2	chr14	79538897	79539057	SINE/MIR	522	-	80	79538977	74882
chr14	103647397	103847397	harbor2	chr14	103673498	103673641	SINE/MIR	451	-	72	103673570	26173
chr14	103647397	103847397	harbor2	chr14	103673938	103674044	SINE/MIR	451	-	53	103673991	26594
chr14	61704763	61904763	harbor2	chr14	61723204	61723441	SINE/MIR	938	-	118	61723322	18559
chr14	61704763	61904763	harbor2	chr14	61764485	61764669	SINE/MIR	624	-	92	61764577	59814
chr14	61704763	61904763	harbor2	chr14	61773280	61773397	SINE/MIR	747	-	58	61773338	68575
chr14	61704763	61904763	harbor2	chr14	61774009	61774137	SINE/MIR	747	-	64	61774073	69310
chr14	21814439	22014439	harbor2	chr14	21825010	21825151	SINE/MIR	465	-	70	21825080	10641
chr14	66173583	66373583	harbor2	chr14	66254552	66254791	SINE/MIR	844	-	120	66254672	81089
chr14	66173583	66373583	harbor2	chr14	66262665	66262800	SINE/MIR	497	-	68	66262733	89150
chr14	66173583	66373583	harbor2	chr14	66266604	66266820	SINE/MIR	723	-	108	66266712	93129
chr14	66173583	66373583	harbor2	chr14	66270745	66270891	SINE/MIR	529	-	73	66270818	97235
chr14	94647001	94847001	harbor2	chr14	94679079	94679317	SINE/MIR	614	-	119	94679198	32197
chr14	94647001	94847001	harbor2	chr14	94700197	94700383	SINE/MIR	493	-	93	94700290	53289
chr14	94647001	94847001	harbor2	chr14	94717475	94717688	SINE/MIR	536	-	106	94717581	70580
chr14	94647001	94847001	harbor2	chr14	94724687	94724928	SINE/MIR	462	-	120	94724807	77806
chr14	94647001	94847001	harbor2	chr14	94738650	94738864	SINE/MIR	503	-	107	94738757	91756
chr14	94647001	94847001	harbor2	chr14	94740953	94741098	SINE/MIR	469	-	72	94741025	94024
chr14	50931066	51131066	harbor2	chr14	50948305	50948481	SINE/MIR	582	-	88	50948393	17327
chr14	50931066	51131066	harbor2	chr14	50964529	50964694	SINE/MIR	451	-	82	50964611	33545
chr14	50931066	51131066	harbor2	chr14	51000233	51000470	SINE/MIR	570	-	118	51000351	69285
chr14	50931066	51131066	harbor2	chr14	51004589	51004809	SINE/MIR	885	-	110	51004699	73633
chr15	87162145	87362145	harbor2	chr15	87238456	87238683	SINE/MIR	594	-	114	87238570	76425
chr15	93009396	93209396	harbor2	chr15	93035090	93035274	SINE/MIR	578	-	92	93035182	25786
chr15	93009396	93209396	harbor2	chr15	93040847	93041062	SINE/MIR	421	-	108	93040955	31559
chr15	93009396	93209396	harbor2	chr15	93042383	93042549	SINE/MIR	499	-	83	93042466	33070
chr15	93009396	93209396	harbor2	chr15	93046951	93047149	SINE/MIR	582	-	99	93047050	37654
chr15	93009396	93209396	harbor2	chr15	93102597	93102780	SINE/MIR	517	-	92	93102689	93293
chr15	101253459	101453459	harbor2	chr15	101284146	101284362	SINE/MIR	458	-	108	101284254	30795
chr15	91613666	91813666	harbor2	chr15	91641767	91641926	SINE/MIR	484	-	80	91641847	28181
chr15	91613666	91813666	harbor2	chr15	91660891	91661113	SINE/MIR	399	-	111	91661002	47336
chr15	91613666	91813666	harbor2	chr15	91680340	91680531	SINE/MIR	734	-	96	91680436	66770
chr15	91613666	91813666	harbor2	chr15	91703570	91703761	SINE/MIR	646	-	96	91703666	90000
chr15	91613666	91813666	harbor2	chr15	91710924	91711142	SINE/MIR	550	-	109	91711033	97367
chr15	91613666	91813666	harbor2	chr15	91711512	91711719	SINE/MIR	548	-	104	91711616	97950
chr15	64470778	64670778	harbor2	chr15	64504265	64504366	SINE/MIR	405	-	50	64504315	33537
chr15	64470778	64670778	harbor2	chr15	64549474	64549660	SINE/MIR	805	-	93	64549567	78789
chr15	84950446	85150446	harbor2	chr15	84954459	84954708	SINE/MIR	826	-	124	84954583	4137
chr15	84950446	85150446	harbor2	chr15	84988027	84988252	SINE/MIR	646	-	112	84988139	37693
chr15	84950446	85150446	harbor2	chr15	84992803	84992957	SINE/MIR	489	-	77	84992880	42434
chr15	84950446	85150446	harbor2	chr15	85001837	85001929	SINE/MIR	404	-	46	85001883	51437
chr15	48254419	48454419	harbor2	chr15	48260423	48260633	SINE/MIR	559	-	105	48260528	6109
chr15	48254419	48454419	harbor2	chr15	48270362	48270564	SINE/MIR	575	-	101	48270463	16044
chr15	48254419	48454419	harbor2	chr15	48278262	48278460	SINE/MIR	538	-	99	48278361	23942
chr15	84604362	84804362	harbor2	chr15	84628273	84628444	SINE/MIR	647	-	86	84628359	23997
chr15	84604362	84804362	harbor2	chr15	84643229	84643438	SINE/MIR	641	-	104	84643333	38971
chr15	84604362	84804362	harbor2	chr15	84649006	84649244	SINE/MIR	785	-	119	84649125	44763
chr15	84604362	84804362	harbor2	chr15	84670872	84671071	SINE/MIR	420	-	100	84670972	66610
chr15	84604362	84804362	harbor2	chr15	84656043	84656279	SINE/MIR	810	-	118	84656161	51799
chr15	100107270	100307270	harbor2	chr15	100142507	100142724	SINE/MIR	578	-	108	100142615	35345
chr15	80240601	80440601	harbor2	chr15	80241898	80242049	SINE/MIR	549	-	76	80241974	1373
chr15	80240601	80440601	harbor2	chr15	80246949	80247170	SINE/MIR	536	-	110	80247059	6458
chr15	80240601	80440601	harbor2	chr15	80253229	80253499	SINE/MIR	588	-	135	80253364	12763
chr15	80240601	80440601	harbor2	chr15	80255346	80255576	SINE/MIR	722	-	115	80255461	14860
chr15	80240601	80440601	harbor2	chr15	80260966	80261198	SINE/MIR	563	-	116	80261082	20481
chr15	101231254	101431254	harbor2	chr15	101284146	101284362	SINE/MIR	458	-	108	101284254	53000
chr15	88189601	88389601	harbor2	chr15	88203395	88203560	SINE/MIR	436	-	82	88203477	13876
chr15	88189601	88389601	harbor2	chr15	88213594	88213797	SINE/MIR	877	-	102	88213696	24095
chr15	88189601	88389601	harbor2	chr15	88214105	88214142	SINE/MIR	877	-	18	88214123	24522
chr15	88189601	88389601	harbor2	chr15	88219751	88219976	SINE/MIR	557	-	112	88219863	30262
chr15	88189601	88389601	harbor2	chr15	88222262	88222455	SINE/MIR	685	-	96	88222358	32757
chr15	88189601	88389601	harbor2	chr15	88226758	88226911	SINE/MIR	535	-	76	88226834	37233
chr15	88189601	88389601	harbor2	chr15	88244264	88244486	SINE/MIR	415	-	111	88244375	54774
chr15	88189601	88389601	harbor2	chr15	88245265	88245489	SINE/MIR	756	-	112	88245377	55776
chr15	88189601	88389601	harbor2	chr15	88265510	88265708	SINE/MIR	525	-	99	88265609	76008
chr15	88189601	88389601	harbor2	chr15	88287001	88287055	SINE/MIR	538	-	27	88287028	97427
chr15	88189601	88389601	harbor2	chr15	88287350	88287492	SINE/MIR	538	-	71	88287421	97820
chr15	37765971	37965971	harbor2	chr15	37767848	37768058	SINE/MIR	577	-	105	37767953	1982
chr15	37765971	37965971	harbor2	chr15	37806164	37806382	SINE/MIR	555	-	109	37806273	40302
chr15	37765971	37965971	harbor2	chr15	37838064	37838232	SINE/MIR	535	-	84	37838148	72177
chr15	37765971	37965971	harbor2	chr15	37830598	37830771	SINE/MIR	616	-	86	37830684	64713
chr15	86268953	86468953	harbor2	chr15	86366328	86366552	SINE/MIR	677	-	112	86366440	97487
chr15	100653583	100853583	harbor2	chr15	100668636	100668782	SINE/MIR	501	-	73	100668709	15126
chr15	100653583	100853583	harbor2	chr15	100693257	100693486	SINE/MIR	567	-	114	100693371	39788
chr15	92004002	92204002	harbor2	chr15	92027322	92027569	SINE/MIR	551	-	124	92027446	23444
chr15	92004002	92204002	harbor2	chr15	92034909	92035084	SINE/MIR	433	-	88	92034997	30995
chr15	92004002	92204002	harbor2	chr15	92048937	92049098	SINE/MIR	475	-	80	92049017	45015
chr15	92004002	92204002	harbor2	chr15	92083770	92084011	SINE/MIR	772	-	120	92083890	79888
chr15	92004002	92204002	harbor2	chr15	92084306	92084524	SINE/MIR	537	-	109	92084415	80413
chr15	92004002	92204002	harbor2	chr15	92090806	92091041	SINE/MIR	964	-	118	92090924	86922
chr15	92004002	92204002	harbor2	chr15	92097167	92097310	SINE/MIR	499	-	72	92097239	93237
chr15	92004002	92204002	harbor2	chr15	92102425	92102626	SINE/MIR	543	-	100	92102525	98523
chr15	92004002	92204002	harbor2	chr15	92103568	92103806	SINE/MIR	712	-	119	92103687	99685
chr15	47435603	47635603	harbor2	chr15	47475225	47475423	SINE/MIR	505	-	99	47475324	39721
chr15	47435603	47635603	harbor2	chr15	47499029	47499226	SINE/MIR	410	-	98	47499127	63524
chr15	47435603	47635603	harbor2	chr15	47511360	47511526	SINE/MIR	402	-	83	47511443	75840
chr15	47435603	47635603	harbor2	chr15	47535210	47535448	SINE/MIR	690	-	119	47535329	99726
chr15	90165452	90365452	harbor2	chr15	90173611	90173721	SINE/MIR	422	-	55	90173666	8214
chr15	90165452	90365452	harbor2	chr15	90174374	90174448	SINE/MIR	422	-	37	90174411	8959
chr15	90165452	90365452	harbor2	chr15	90184398	90184613	SINE/MIR	620	-	108	90184506	19054
chr15	90165452	90365452	harbor2	chr15	90185762	90185904	SINE/MIR	455	-	71	90185833	20381
chr15	90165452	90365452	harbor2	chr15	90213125	90213297	SINE/MIR	767	-	86	90213211	47759
chr15	90165452	90365452	harbor2	chr15	90254879	90255024	SINE/MIR	422	-	72	90254951	89499
chr15	94708455	94908455	harbor2	chr15	94716948	94717166	SINE/MIR	439	-	109	94717057	8602
chr15	94708455	94908455	harbor2	chr15	94723686	94723872	SINE/MIR	430	-	93	94723779	15324
chr15	100727768	100927768	harbor2	chr15	100776813	100776941	SINE/MIR	553	-	64	100776877	49109
chr15	95644507	95844507	harbor2	chr15	95652988	95653130	SINE/MIR	426	-	71	95653059	8552
chr15	83887786	84087786	harbor2	chr15	83904944	83905133	SINE/MIR	656	-	94	83905038	17252
chr15	83887786	84087786	harbor2	chr15	83944491	83944670	SINE/MIR	447	-	90	83944581	56795
chr15	83887786	84087786	harbor2	chr15	83972030	83972233	SINE/MIR	595	-	102	83972132	84346
chr15	83887786	84087786	harbor2	chr15	83981432	83981635	SINE/MIR	736	-	102	83981534	93748
chr15	93240863	93440863	harbor2	chr15	93246456	93246678	SINE/MIR	541	-	111	93246567	5704
chr15	93240863	93440863	harbor2	chr15	93250261	93250471	SINE/MIR	446	-	105	93250366	9503
chr15	93240863	93440863	harbor2	chr15	93253236	93253361	SINE/MIR	415	-	62	93253298	12435
chr15	93240863	93440863	harbor2	chr15	93255166	93255201	SINE/MIR	429	-	18	93255184	14321
chr15	93240863	93440863	harbor2	chr15	93255504	93255579	SINE/MIR	429	-	38	93255542	14679
chr15	93240863	93440863	harbor2	chr15	93275132	93275358	SINE/MIR	653	-	113	93275245	34382
chr15	93240863	93440863	harbor2	chr15	93285696	93285855	SINE/MIR	611	-	80	93285776	44913
chr15	93240863	93440863	harbor2	chr15	93312338	93312517	SINE/MIR	461	-	90	93312428	71565
chr15	93240863	93440863	harbor2	chr15	93318634	93318749	SINE/MIR	403	-	58	93318692	77829
chr15	93240863	93440863	harbor2	chr15	93321159	93321291	SINE/MIR	626	-	66	93321225	80362
chr15	93990623	94190623	harbor2	chr15	93993070	93993259	SINE/MIR	416	-	94	93993164	2541
chr15	93990623	94190623	harbor2	chr15	93995172	93995364	SINE/MIR	438	-	96	93995268	4645
chr15	93990623	94190623	harbor2	chr15	94030636	94030883	SINE/MIR	538	-	124	94030760	40137
chr15	93990623	94190623	harbor2	chr15	94071883	94072085	SINE/MIR	493	-	101	94071984	81361
chr15	93990623	94190623	harbor2	chr15	94082604	94082750	SINE/MIR	489	-	73	94082677	92054
chr15	93990623	94190623	harbor2	chr15	94085812	94085986	SINE/MIR	471	-	87	94085899	95276
chr15	93990623	94190623	harbor2	chr15	94090149	94090389	SINE/MIR	501	-	120	94090269	99646
chr15	41264784	41464784	harbor2	chr15	41306839	41307079	SINE/MIR	627	-	120	41306959	42175
chr15	88998982	89198982	harbor2	chr15	89020315	89020413	SINE/MIR	465	-	49	89020364	21382
chr15	88998982	89198982	harbor2	chr15	89042031	89042280	SINE/MIR	773	-	124	89042155	43173
chr15	88998982	89198982	harbor2	chr15	89084745	89084983	SINE/MIR	757	-	119	89084864	85882
chr15	88998982	89198982	harbor2	chr15	89087535	89087736	SINE/MIR	486	-	100	89087635	88653
chr15	97206770	97406770	harbor2	chr15	97239781	97239960	SINE/MIR	449	-	90	97239871	33101
chr15	97206770	97406770	harbor2	chr15	97240134	97240377	SINE/MIR	573	-	122	97240256	33486
chr15	76475964	76675964	harbor2	chr15	76500001	76500209	SINE/MIR	605	-	104	76500105	24141
chr15	76475964	76675964	harbor2	chr15	76503584	76503815	SINE/MIR	606	-	116	76503700	27736
chr15	76475964	76675964	harbor2	chr15	76516875	76517076	SINE/MIR	694	-	100	76516975	41011
chr15	76475964	76675964	harbor2	chr15	76520636	76520851	SINE/MIR	711	-	108	76520744	44780
chr15	76475964	76675964	harbor2	chr15	76542106	76542233	SINE/MIR	400	-	64	76542170	66206
chr15	76475964	76675964	harbor2	chr15	76560256	76560402	SINE/MIR	402	-	73	76560329	84365
chr15	76475964	76675964	harbor2	chr15	76560427	76560596	SINE/MIR	444	-	84	76560511	84547
chr15	96079283	96279283	harbor2	chr15	96085640	96085808	SINE/MIR	470	-	84	96085724	6441
chr15	96079283	96279283	harbor2	chr15	96129415	96129663	SINE/MIR	813	-	124	96129539	50256
chr15	96079283	96279283	harbor2	chr15	96142981	96143209	SINE/MIR	492	-	114	96143095	63812
chr15	96079283	96279283	harbor2	chr15	96148969	96149107	SINE/MIR	434	-	69	96149038	69755
chr15	96079283	96279283	harbor2	chr15	96175168	96175408	SINE/MIR	642	-	120	96175288	96005
chr15	96108433	96308433	harbor2	chr15	96129415	96129663	SINE/MIR	813	-	124	96129539	21106
chr15	96108433	96308433	harbor2	chr15	96142981	96143209	SINE/MIR	492	-	114	96143095	34662
chr15	96108433	96308433	harbor2	chr15	96148969	96149107	SINE/MIR	434	-	69	96149038	40605
chr15	96108433	96308433	harbor2	chr15	96175168	96175408	SINE/MIR	642	-	120	96175288	66855
chr15	96108433	96308433	harbor2	chr15	96203359	96203584	SINE/MIR	626	-	112	96203471	95038
chr15	76040712	76240712	harbor2	chr15	76061264	76061442	SINE/MIR	596	-	89	76061353	20641
chr15	76040712	76240712	harbor2	chr15	76068836	76068987	SINE/MIR	414	-	76	76068912	28200
chr15	76040712	76240712	harbor2	chr15	76099542	76099672	SINE/MIR	507	-	65	76099607	58895
chr15	76040712	76240712	harbor2	chr15	76133468	76133681	SINE/MIR	701	-	106	76133574	92862
chr15	31105510	31305510	harbor2	chr15	31202013	31202233	SINE/MIR	500	-	110	31202123	96613
chr15	81593607	81793607	harbor2	chr15	81607802	81608021	SINE/MIR	814	-	110	81607912	14305
chr15	81593607	81793607	harbor2	chr15	81614127	81614326	SINE/MIR	841	-	100	81614227	20620
chr15	81593607	81793607	harbor2	chr15	81665693	81665886	SINE/MIR	465	-	96	81665789	72182
chr15	92406950	92606950	harbor2	chr15	92421451	92421691	SINE/MIR	573	-	120	92421571	14621
chr15	92406950	92606950	harbor2	chr15	92431699	92431848	SINE/MIR	438	-	74	92431773	24823
chr15	92406950	92606950	harbor2	chr15	92441701	92441933	SINE/MIR	675	-	116	92441817	34867
chr15	92406950	92606950	harbor2	chr15	92444053	92444302	SINE/MIR	614	-	124	92444177	37227
chr15	92406950	92606950	harbor2	chr15	92451087	92451199	SINE/MIR	424	-	56	92451143	44193
chr15	92406950	92606950	harbor2	chr15	92451687	92451845	SINE/MIR	493	-	79	92451766	44816
chr15	92406950	92606950	harbor2	chr15	92462972	92463126	SINE/MIR	544	-	77	92463049	56099
chr15	92406950	92606950	harbor2	chr15	92468720	92468938	SINE/MIR	410	-	109	92468829	61879
chr15	92406950	92606950	harbor2	chr15	92473190	92473379	SINE/MIR	776	-	94	92473284	66334
chr15	92406950	92606950	harbor2	chr15	92474912	92475118	SINE/MIR	497	-	103	92475015	68065
chr15	92406950	92606950	harbor2	chr15	92493513	92493721	SINE/MIR	529	-	104	92493617	86667
chr15	34356676	34556676	harbor2	chr15	34384254	34384476	SINE/MIR	563	-	111	34384365	27689
chr15	34356676	34556676	harbor2	chr15	34387257	34387434	SINE/MIR	437	-	88	34387345	30669
chr15	100205344	100405344	harbor2	chr15	100210314	100210561	SINE/MIR	760	-	124	100210438	5094
chr15	100205344	100405344	harbor2	chr15	100212108	100212263	SINE/MIR	519	-	78	100212186	6842
chr15	100205344	100405344	harbor2	chr15	100219913	100220022	SINE/MIR	460	-	54	100219967	14623
chr15	100205344	100405344	harbor2	chr15	100243882	100243959	SINE/MIR	465	-	38	100243920	38576
chr15	100205344	100405344	harbor2	chr15	100244313	100244395	SINE/MIR	465	-	41	100244354	39010
chr15	91885842	92085842	harbor2	chr15	91914282	91914476	SINE/MIR	433	-	97	91914379	28537
chr15	91885842	92085842	harbor2	chr15	91928289	91928501	SINE/MIR	436	-	106	91928395	42553
chr15	91885842	92085842	harbor2	chr15	91930707	91930869	SINE/MIR	537	-	81	91930788	44946
chr15	91885842	92085842	harbor2	chr15	91933621	91933819	SINE/MIR	851	-	99	91933720	47878
chr15	91885842	92085842	harbor2	chr15	91938552	91938757	SINE/MIR	805	-	102	91938654	52812
chr15	91885842	92085842	harbor2	chr15	91955078	91955309	SINE/MIR	757	-	116	91955194	69352
chr15	91885842	92085842	harbor2	chr15	91973265	91973417	SINE/MIR	447	-	76	91973341	87499
chr15	91885842	92085842	harbor2	chr15	91914080	91914261	SINE/MIR	521	-	90	91914170	28328
chr15	53092892	53292892	harbor2	chr15	53110915	53111180	SINE/MIR	616	-	132	53111047	18155
chr15	53092892	53292892	harbor2	chr15	53130609	53130837	SINE/MIR	739	-	114	53130723	37831
chr15	53092892	53292892	harbor2	chr15	53131889	53132098	SINE/MIR	447	-	104	53131993	39101
chr15	53092892	53292892	harbor2	chr15	53132820	53133006	SINE/MIR	440	-	93	53132913	40021
chr15	53092892	53292892	harbor2	chr15	53145931	53146185	SINE/MIR	890	-	127	53146058	53166
chr15	53092892	53292892	harbor2	chr15	53149362	53149594	SINE/MIR	768	-	116	53149478	56586
chr15	53092892	53292892	harbor2	chr15	53157420	53157665	SINE/MIR	570	-	122	53157542	64650
chr15	53092892	53292892	harbor2	chr15	53158416	53158555	SINE/MIR	425	-	70	53158486	65594
chr15	53092892	53292892	harbor2	chr15	53162371	53162558	SINE/MIR	657	-	94	53162465	69573
chr15	53092892	53292892	harbor2	chr15	53176789	53177014	SINE/MIR	537	-	112	53176901	84009
chr15	53092892	53292892	harbor2	chr15	53181647	53181845	SINE/MIR	457	-	99	53181746	88854
chr15	76171495	76371495	harbor2	chr15	76172648	76172803	SINE/MIR	549	-	78	76172726	1231
chr15	76171495	76371495	harbor2	chr15	76181078	76181268	SINE/MIR	414	-	95	76181173	9678
chr15	76171495	76371495	harbor2	chr15	76191354	76191458	SINE/MIR	409	-	52	76191406	19911
chr15	76171495	76371495	harbor2	chr15	76198085	76198299	SINE/MIR	629	-	107	76198192	26697
chr15	76171495	76371495	harbor2	chr15	76206262	76206447	SINE/MIR	583	-	92	76206354	34859
chr15	76171495	76371495	harbor2	chr15	76208908	76209058	SINE/MIR	494	-	75	76208983	37488
chr15	76171495	76371495	harbor2	chr15	76221642	76221820	SINE/MIR	400	-	89	76221731	50236
chr15	76171495	76371495	harbor2	chr15	76239071	76239245	SINE/MIR	600	-	87	76239158	67663
chr15	76171495	76371495	harbor2	chr15	76239582	76239638	SINE/MIR	600	-	28	76239610	68115
chr15	76171495	76371495	harbor2	chr15	76246099	76246374	SINE/MIR	887	-	138	76246237	74742
chr15	97501674	97701674	harbor2	chr15	97511576	97511790	SINE/MIR	455	-	107	97511683	10009
chr15	97501674	97701674	harbor2	chr15	97538020	97538226	SINE/MIR	408	-	103	97538123	36449
chr15	97501674	97701674	harbor2	chr15	97597669	97597909	SINE/MIR	464	-	120	97597789	96115
chr15	93550710	93750710	harbor2	chr15	93571730	93571942	SINE/MIR	421	-	106	93571836	21126
chr15	93550710	93750710	harbor2	chr15	93604606	93604847	SINE/MIR	454	-	120	93604726	54016
chr15	93550710	93750710	harbor2	chr15	93609526	93609686	SINE/MIR	415	-	80	93609606	58896
chr15	53122743	53322743	harbor2	chr15	53130609	53130837	SINE/MIR	739	-	114	53130723	7980
chr15	53122743	53322743	harbor2	chr15	53131889	53132098	SINE/MIR	447	-	104	53131993	9250
chr15	53122743	53322743	harbor2	chr15	53132820	53133006	SINE/MIR	440	-	93	53132913	10170
chr15	53122743	53322743	harbor2	chr15	53145931	53146185	SINE/MIR	890	-	127	53146058	23315
chr15	53122743	53322743	harbor2	chr15	53149362	53149594	SINE/MIR	768	-	116	53149478	26735
chr15	53122743	53322743	harbor2	chr15	53157420	53157665	SINE/MIR	570	-	122	53157542	34799
chr15	53122743	53322743	harbor2	chr15	53158416	53158555	SINE/MIR	425	-	70	53158486	35743
chr15	53122743	53322743	harbor2	chr15	53162371	53162558	SINE/MIR	657	-	94	53162465	39722
chr15	53122743	53322743	harbor2	chr15	53176789	53177014	SINE/MIR	537	-	112	53176901	54158
chr15	53122743	53322743	harbor2	chr15	53181647	53181845	SINE/MIR	457	-	99	53181746	59003
chr15	53122743	53322743	harbor2	chr15	53211897	53212086	SINE/MIR	737	-	94	53211991	89248
chr15	57528740	57728740	harbor2	chr15	57535038	57535210	SINE/MIR	518	-	86	57535124	6384
chr15	57528740	57728740	harbor2	chr15	57544657	57544872	SINE/MIR	424	-	108	57544765	16025
chr15	57528740	57728740	harbor2	chr15	57552759	57553000	SINE/MIR	606	-	120	57552879	24139
chr15	57528740	57728740	harbor2	chr15	57554184	57554358	SINE/MIR	430	-	87	57554271	25531
chr15	57528740	57728740	harbor2	chr15	57565020	57565181	SINE/MIR	519	-	80	57565100	36360
chr15	57528740	57728740	harbor2	chr15	57569023	57569206	SINE/MIR	608	-	92	57569115	40375
chr15	57528740	57728740	harbor2	chr15	57579191	57579381	SINE/MIR	465	-	95	57579286	50546
chr15	57528740	57728740	harbor2	chr15	57584634	57584800	SINE/MIR	525	-	83	57584717	55977
chr15	57528740	57728740	harbor2	chr15	57599011	57599263	SINE/MIR	769	-	126	57599137	70397
chr15	57528740	57728740	harbor2	chr15	57611090	57611292	SINE/MIR	478	-	101	57611191	82451
chr15	59830782	60030782	harbor2	chr15	59898775	59898992	SINE/MIR	710	-	108	59898883	68101
chr15	59830782	60030782	harbor2	chr15	59914857	59914984	SINE/MIR	398	-	64	59914921	84139
chr15	59830782	60030782	harbor2	chr15	59917306	59917424	SINE/MIR	423	-	59	59917365	86583
chr15	59830782	60030782	harbor2	chr15	59919500	59919651	SINE/MIR	516	-	76	59919576	88794
chr15	80720064	80920064	harbor2	chr15	80778622	80778804	SINE/MIR	452	-	91	80778713	58649
chr15	80720064	80920064	harbor2	chr15	80803569	80803798	SINE/MIR	483	-	114	80803683	83619
chr15	80720064	80920064	harbor2	chr15	80819741	80819939	SINE/MIR	638	-	99	80819840	99776
chr15	87849584	88049584	harbor2	chr15	87853623	87853819	SINE/MIR	474	-	98	87853721	4137
chr15	87849584	88049584	harbor2	chr15	87866027	87866249	SINE/MIR	408	-	111	87866138	16554
chr15	87849584	88049584	harbor2	chr15	87924058	87924269	SINE/MIR	517	-	106	87924164	74580
chr15	87849584	88049584	harbor2	chr15	87931402	87931617	SINE/MIR	472	-	108	87931510	81926
chr15	87849584	88049584	harbor2	chr15	87934989	87935114	SINE/MIR	442	-	62	87935051	85467
chr15	87849584	88049584	harbor2	chr15	87939248	87939495	SINE/MIR	661	-	124	87939372	89788
chr15	87849584	88049584	harbor2	chr15	87944390	87944609	SINE/MIR	524	-	110	87944500	94916
chr15	87849584	88049584	harbor2	chr15	87946779	87946874	SINE/MIR	417	-	48	87946827	97243
chr15	87849584	88049584	harbor2	chr15	87947179	87947285	SINE/MIR	417	-	53	87947232	97648
chr15	79460615	79660615	harbor2	chr15	79494369	79494569	SINE/MIR	619	-	100	79494469	33854
chr15	79460615	79660615	harbor2	chr15	79525928	79526069	SINE/MIR	399	-	70	79525998	65383
chr15	94931494	95131494	harbor2	chr15	94975428	94975607	SINE/MIR	501	-	90	94975518	44024
chr15	94931494	95131494	harbor2	chr15	95019529	95019765	SINE/MIR	557	-	118	95019647	88153
chr15	99109236	99309236	harbor2	chr15	99156976	99157119	SINE/MIR	409	-	72	99157048	47812
chr15	99109236	99309236	harbor2	chr15	99180958	99181195	SINE/MIR	402	-	118	99181076	71840
chr15	99109236	99309236	harbor2	chr15	99123030	99123267	SINE/MIR	694	-	118	99123148	13912
chr15	90980623	91180623	harbor2	chr15	91012364	91012553	SINE/MIR	550	-	94	91012458	31835
chr15	90980623	91180623	harbor2	chr15	91044878	91045029	SINE/MIR	680	-	76	91044954	64331
chr15	78484889	78684889	harbor2	chr15	78547072	78547248	SINE/MIR	444	-	88	78547160	62271
chr15	62942301	63142301	harbor2	chr15	62951571	62951773	SINE/MIR	547	-	101	62951672	9371
chr15	62942301	63142301	harbor2	chr15	62952416	62952584	SINE/MIR	467	-	84	62952500	10199
chr15	62942301	63142301	harbor2	chr15	62966891	62967090	SINE/MIR	668	-	100	62966991	24690
chr15	62942301	63142301	harbor2	chr15	62986881	62987071	SINE/MIR	401	-	95	62986976	44675
chr15	62942301	63142301	harbor2	chr15	63008804	63008959	SINE/MIR	531	-	78	63008882	66581
chr15	62942301	63142301	harbor2	chr15	63009565	63009766	SINE/MIR	763	-	100	63009665	67364
chr15	62942301	63142301	harbor2	chr15	63015569	63015715	SINE/MIR	500	-	73	63015642	73341
chr15	62942301	63142301	harbor2	chr15	63020442	63020629	SINE/MIR	695	-	94	63020536	78235
chr15	62942301	63142301	harbor2	chr15	63023162	63023311	SINE/MIR	472	-	74	63023236	80935
chr15	62942301	63142301	harbor2	chr15	63031269	63031472	SINE/MIR	625	-	102	63031371	89070
chr15	62942301	63142301	harbor2	chr15	63040898	63041053	SINE/MIR	488	-	78	63040976	98675
chr15	89117489	89317489	harbor2	chr15	89152495	89152610	SINE/MIR	485	-	58	89152553	35064
chr15	89117489	89317489	harbor2	chr15	89155704	89155875	SINE/MIR	418	-	86	89155790	38301
chr15	89117489	89317489	harbor2	chr15	89158127	89158313	SINE/MIR	511	-	93	89158220	40731
chr15	89117489	89317489	harbor2	chr15	89163399	89163602	SINE/MIR	475	-	102	89163501	46012
chr15	89117489	89317489	harbor2	chr15	89163737	89163968	SINE/MIR	519	-	116	89163853	46364
chr15	89117489	89317489	harbor2	chr15	89172613	89172800	SINE/MIR	588	-	94	89172707	55218
chr15	89117489	89317489	harbor2	chr15	89190624	89190870	SINE/MIR	631	-	123	89190747	73258
chr15	94766390	94966390	harbor2	chr15	94843170	94843357	SINE/MIR	643	-	94	94843264	76874
chr15	94766390	94966390	harbor2	chr15	94845661	94845866	SINE/MIR	594	-	102	94845763	79373
chr15	94766390	94966390	harbor2	chr15	94857012	94857170	SINE/MIR	459	-	79	94857091	90701
chr15	68789987	68989987	harbor2	chr15	68816651	68816822	SINE/MIR	415	-	86	68816737	26750
chr15	68789987	68989987	harbor2	chr15	68850568	68850632	SINE/MIR	520	-	32	68850600	60613
chr15	68789987	68989987	harbor2	chr15	68850931	68851104	SINE/MIR	520	-	86	68851017	61030
chr15	68789987	68989987	harbor2	chr15	68874833	68874970	SINE/MIR	404	-	68	68874901	84914
chr15	72642655	72842655	harbor2	chr15	72739740	72739885	SINE/MIR	454	-	72	72739812	97157
chr15	97716318	97916318	harbor2	chr15	97734884	97735053	SINE/MIR	525	-	84	97734968	18650
chr15	97716318	97916318	harbor2	chr15	97739295	97739496	SINE/MIR	403	-	100	97739395	23077
chr15	97716318	97916318	harbor2	chr15	97794546	97794747	SINE/MIR	398	-	100	97794646	78328
chr15	97716318	97916318	harbor2	chr15	97797903	97798062	SINE/MIR	482	-	80	97797983	81665
chr15	97716318	97916318	harbor2	chr15	97802046	97802240	SINE/MIR	464	-	97	97802143	85825
chr15	81398944	81598944	harbor2	chr15	81412474	81412626	SINE/MIR	515	-	76	81412550	13606
chr15	81398944	81598944	harbor2	chr15	81485778	81485987	SINE/MIR	648	-	104	81485882	86938
chr15	89265017	89465017	harbor2	chr15	89281974	89282168	SINE/MIR	791	-	97	89282071	17054
chr15	89265017	89465017	harbor2	chr15	89284088	89284181	SINE/MIR	430	-	46	89284134	19117
chr15	89265017	89465017	harbor2	chr15	89284435	89284572	SINE/MIR	494	-	68	89284503	19486
chr15	89265017	89465017	harbor2	chr15	89291119	89291353	SINE/MIR	427	-	117	89291236	26219
chr15	89265017	89465017	harbor2	chr15	89329622	89329827	SINE/MIR	403	-	102	89329724	64707
chr15	89265017	89465017	harbor2	chr15	89337959	89338174	SINE/MIR	800	-	108	89338067	73050
chr15	89265017	89465017	harbor2	chr15	89351922	89352061	SINE/MIR	491	-	70	89351992	86975
chr15	89265017	89465017	harbor2	chr15	89352382	89352455	SINE/MIR	491	-	36	89352418	87401
chr15	45170595	45370595	harbor2	chr15	45170463	45170636	SINE/MIR	570	-	86	45170549	46
chr15	45170595	45370595	harbor2	chr15	45171503	45171667	SINE/MIR	571	-	82	45171585	990
chr15	45170595	45370595	harbor2	chr15	45179168	45179294	SINE/MIR	512	-	63	45179231	8636
chr15	56251227	56451227	harbor2	chr15	56256129	56256358	SINE/MIR	758	-	114	56256243	5016
chr15	56251227	56451227	harbor2	chr15	56342199	56342341	SINE/MIR	622	-	71	56342270	91043
chr15	85335452	85535452	harbor2	chr15	85340885	85341068	SINE/MIR	679	-	92	85340977	5525
chr15	85335452	85535452	harbor2	chr15	85345655	85345863	SINE/MIR	465	-	104	85345759	10307
chr15	85335452	85535452	harbor2	chr15	85356782	85356944	SINE/MIR	427	-	81	85356863	21411
chr15	85335452	85535452	harbor2	chr15	85357285	85357488	SINE/MIR	421	-	102	85357387	21935
chr15	85335452	85535452	harbor2	chr15	85357777	85357808	SINE/MIR	421	-	16	85357793	22341
chr15	85335452	85535452	harbor2	chr15	85365201	85365377	SINE/MIR	570	-	88	85365289	29837
chr15	85335452	85535452	harbor2	chr15	85397877	85398105	SINE/MIR	725	-	114	85397991	62539
chr15	85335452	85535452	harbor2	chr15	85405522	85405718	SINE/MIR	433	-	98	85405620	70168
chr15	85335452	85535452	harbor2	chr15	85412815	85413054	SINE/MIR	679	-	120	85412935	77483
chr15	85335452	85535452	harbor2	chr15	85428896	85429105	SINE/MIR	436	-	104	85429000	93548
chr15	85335452	85535452	harbor2	chr15	85430714	85430938	SINE/MIR	498	-	112	85430826	95374
chr15	78022918	78222918	harbor2	chr15	78039654	78039751	SINE/MIR	628	-	48	78039702	16784
chr15	78022918	78222918	harbor2	chr15	78039786	78039894	SINE/MIR	628	-	54	78039840	16922
chr15	78022918	78222918	harbor2	chr15	78041835	78042067	SINE/MIR	914	-	116	78041951	19033
chr15	78022918	78222918	harbor2	chr15	78076793	78076915	SINE/MIR	472	-	61	78076854	53936
chr15	78022918	78222918	harbor2	chr15	78106282	78106424	SINE/MIR	406	-	71	78106353	83435
chr15	78022918	78222918	harbor2	chr15	78111593	78111788	SINE/MIR	553	-	98	78111691	88773
chr15	78022918	78222918	harbor2	chr15	78112916	78113165	SINE/MIR	758	-	124	78113040	90122
chr15	78022918	78222918	harbor2	chr15	78122539	78122699	SINE/MIR	444	-	80	78122619	99701
chr15	100007382	100207382	harbor2	chr15	100011557	100011688	SINE/MIR	559	-	66	100011623	4241
chr15	100007382	100207382	harbor2	chr15	100028546	100028741	SINE/MIR	450	-	98	100028644	21262
chr15	100007382	100207382	harbor2	chr15	100055767	100055961	SINE/MIR	547	-	97	100055864	48482
chr15	81361556	81561556	harbor2	chr15	81412474	81412626	SINE/MIR	515	-	76	81412550	50994
chr15	71965054	72165054	harbor2	chr15	72030222	72030390	SINE/MIR	540	-	84	72030306	65252
chr15	54718140	54918140	harbor2	chr15	54737347	54737534	SINE/MIR	517	-	94	54737441	19301
chr15	54718140	54918140	harbor2	chr15	54779550	54779716	SINE/MIR	543	-	83	54779633	61493
chr15	54718140	54918140	harbor2	chr15	54788224	54788418	SINE/MIR	425	-	97	54788321	70181
chr15	101768345	101968345	harbor2	chr15	101776730	101776954	SINE/MIR	558	-	112	101776842	8497
chr15	101768345	101968345	harbor2	chr15	101820678	101820901	SINE/MIR	448	-	112	101820790	52445
chr15	101768345	101968345	harbor2	chr15	101826682	101826856	SINE/MIR	398	-	87	101826769	58424
chr15	101768345	101968345	harbor2	chr15	101851261	101851474	SINE/MIR	778	-	106	101851367	83022
chr15	59705231	59905231	harbor2	chr15	59724169	59724185	SINE/MIR	453	-	8	59724177	18946
chr15	59705231	59905231	harbor2	chr15	59724427	59724581	SINE/MIR	453	-	77	59724504	19273
chr15	59705231	59905231	harbor2	chr15	59749969	59750174	SINE/MIR	738	-	102	59750071	44840
chr15	59705231	59905231	harbor2	chr15	59775824	59775958	SINE/MIR	479	-	67	59775891	70660
chr15	87002504	87202504	harbor2	chr15	87074563	87074767	SINE/MIR	561	-	102	87074665	72161
chr15	87679535	87879535	harbor2	chr15	87679816	87680041	SINE/MIR	830	-	112	87679928	393
chr15	87679535	87879535	harbor2	chr15	87695383	87695600	SINE/MIR	417	-	108	87695491	15956
chr15	87679535	87879535	harbor2	chr15	87707984	87708159	SINE/MIR	413	-	88	87708072	28537
chr15	87679535	87879535	harbor2	chr15	87726406	87726644	SINE/MIR	527	-	119	87726525	46990
chr15	87679535	87879535	harbor2	chr15	87726648	87726872	SINE/MIR	484	-	112	87726760	47225
chr15	100662622	100862622	harbor2	chr15	100668636	100668782	SINE/MIR	501	-	73	100668709	6087
chr15	100662622	100862622	harbor2	chr15	100693257	100693486	SINE/MIR	567	-	114	100693371	30749
chr15	97826731	98026731	harbor2	chr15	97860198	97860323	SINE/MIR	416	-	62	97860260	33529
chr15	97826731	98026731	harbor2	chr15	97884038	97884256	SINE/MIR	491	-	109	97884147	57416
chr15	97826731	98026731	harbor2	chr15	97918795	97919040	SINE/MIR	401	-	122	97918917	92186
chr15	29537359	29737359	harbor2	chr15	29619056	29619110	SINE/MIR	634	-	27	29619083	81724
chr15	29537359	29737359	harbor2	chr15	29619410	29619575	SINE/MIR	634	-	82	29619492	82133
chr15	29537359	29737359	harbor2	chr15	29623366	29623552	SINE/MIR	514	-	93	29623459	86100
chr15	43272832	43472832	harbor2	chr15	43281101	43281309	SINE/MIR	659	-	104	43281205	8373
chr15	43272832	43472832	harbor2	chr15	43282194	43282368	SINE/MIR	479	-	87	43282281	9449
chr15	43272832	43472832	harbor2	chr15	43283751	43283891	SINE/MIR	483	-	70	43283821	10989
chr15	43272832	43472832	harbor2	chr15	43300245	43300433	SINE/MIR	556	-	94	43300339	27507
chr15	43272832	43472832	harbor2	chr15	43315417	43315597	SINE/MIR	473	-	90	43315507	42675
chr15	43272832	43472832	harbor2	chr15	43338393	43338580	SINE/MIR	537	-	94	43338487	65655
chr15	43272832	43472832	harbor2	chr15	43362891	43362994	SINE/MIR	487	-	52	43362943	90111
chr15	43272832	43472832	harbor2	chr15	43363279	43363374	SINE/MIR	487	-	48	43363327	90495
chr15	43272832	43472832	harbor2	chr15	43365178	43365314	SINE/MIR	512	-	68	43365246	92414
chr15	43272832	43472832	harbor2	chr15	43371934	43372125	SINE/MIR	548	-	96	43372030	99198
chr15	62345191	62545191	harbor2	chr15	62347529	62347642	SINE/MIR	490	-	56	62347585	2394
chr15	97589673	97789673	harbor2	chr15	97597669	97597909	SINE/MIR	464	-	120	97597789	8116
chr15	97589673	97789673	harbor2	chr15	97687569	97687802	SINE/MIR	647	-	116	97687685	98012
chr15	71726991	71926991	harbor2	chr15	71777920	71778140	SINE/MIR	499	-	110	71778030	51039
chr15	71726991	71926991	harbor2	chr15	71784515	71784664	SINE/MIR	454	-	74	71784589	57598
chr15	71726991	71926991	harbor2	chr15	71787189	71787358	SINE/MIR	452	-	84	71787273	60282
chr15	71726991	71926991	harbor2	chr15	71789274	71789486	SINE/MIR	464	-	106	71789380	62389
chr15	71726991	71926991	harbor2	chr15	71809162	71809387	SINE/MIR	634	-	112	71809274	82283
chr15	38657418	38857418	harbor2	chr15	38657795	38657974	SINE/MIR	524	-	90	38657885	467
chr15	38657418	38857418	harbor2	chr15	38698080	38698214	SINE/MIR	432	-	67	38698147	40729
chr15	38657418	38857418	harbor2	chr15	38704371	38704578	SINE/MIR	636	-	104	38704475	47057
chr15	38657418	38857418	harbor2	chr15	38749514	38749758	SINE/MIR	657	-	122	38749636	92218
chr15	71814769	72014769	harbor2	chr15	71842049	71842090	SINE/MIR	674	-	20	71842069	27300
chr15	71814769	72014769	harbor2	chr15	71842398	71842546	SINE/MIR	674	-	74	71842472	27703
chr15	71814769	72014769	harbor2	chr15	71873913	71874035	SINE/MIR	399	-	61	71873974	59205
chr15	42912197	43112197	harbor2	chr15	42997681	42997867	SINE/MIR	786	-	93	42997774	85577
chr15	42912197	43112197	harbor2	chr15	43008014	43008123	SINE/MIR	462	-	54	43008068	95871
chr15	42912197	43112197	harbor2	chr15	43009620	43009762	SINE/MIR	513	-	71	43009691	97494
chr15	92157688	92357688	harbor2	chr15	92157779	92157999	SINE/MIR	399	-	110	92157889	201
chr15	92157688	92357688	harbor2	chr15	92162453	92162644	SINE/MIR	641	-	96	92162549	4861
chr15	92157688	92357688	harbor2	chr15	92169065	92169273	SINE/MIR	724	-	104	92169169	11481
chr15	92157688	92357688	harbor2	chr15	92170399	92170575	SINE/MIR	451	-	88	92170487	12799
chr15	92157688	92357688	harbor2	chr15	92190989	92191112	SINE/MIR	508	-	62	92191051	33363
chr15	92157688	92357688	harbor2	chr15	92242804	92242950	SINE/MIR	459	-	73	92242877	85189
chr15	79853386	80053386	harbor2	chr15	79861062	79861308	SINE/MIR	626	-	123	79861185	7799
chr15	79853386	80053386	harbor2	chr15	79883629	79883872	SINE/MIR	784	-	122	79883751	30365
chr15	79853386	80053386	harbor2	chr15	79884026	79884254	SINE/MIR	588	-	114	79884140	30754
chr15	79853386	80053386	harbor2	chr15	79895044	79895213	SINE/MIR	531	-	84	79895128	41742
chr15	79853386	80053386	harbor2	chr15	79904386	79904558	SINE/MIR	701	-	86	79904472	51086
chr15	79853386	80053386	harbor2	chr15	79904816	79904911	SINE/MIR	701	-	48	79904864	51478
chr15	79853386	80053386	harbor2	chr15	79921991	79922150	SINE/MIR	431	-	80	79922071	68685
chr15	79853386	80053386	harbor2	chr15	79932250	79932437	SINE/MIR	682	-	94	79932344	78958
chr15	79853386	80053386	harbor2	chr15	79938275	79938470	SINE/MIR	443	-	98	79938373	84987
chr15	77709090	77909090	harbor2	chr15	77715995	77716229	SINE/MIR	702	-	117	77716112	7022
chr15	77709090	77909090	harbor2	chr15	77723466	77723657	SINE/MIR	406	-	96	77723562	14472
chr15	77709090	77909090	harbor2	chr15	77727760	77727912	SINE/MIR	576	-	76	77727836	18746
chr15	77709090	77909090	harbor2	chr15	77730211	77730453	SINE/MIR	852	-	121	77730332	21242
chr15	77709090	77909090	harbor2	chr15	77736333	77736480	SINE/MIR	459	-	74	77736407	27317
chr15	77709090	77909090	harbor2	chr15	77736803	77736819	SINE/MIR	459	-	8	77736811	27721
chr15	77709090	77909090	harbor2	chr15	77742369	77742559	SINE/MIR	513	-	95	77742464	33374
chr15	77709090	77909090	harbor2	chr15	77744567	77744817	SINE/MIR	905	-	125	77744692	35602
chr15	77709090	77909090	harbor2	chr15	77745631	77745787	SINE/MIR	484	-	78	77745709	36619
chr15	77709090	77909090	harbor2	chr15	77746903	77747068	SINE/MIR	469	-	82	77746985	37895
chr15	77709090	77909090	harbor2	chr15	77751891	77752126	SINE/MIR	431	-	118	77752009	42919
chr15	77709090	77909090	harbor2	chr15	77776794	77776985	SINE/MIR	612	-	96	77776890	67800
chr15	77709090	77909090	harbor2	chr15	77781625	77781772	SINE/MIR	436	-	74	77781699	72609
chr15	77709090	77909090	harbor2	chr15	77786180	77786352	SINE/MIR	478	-	86	77786266	77176
chr15	77709090	77909090	harbor2	chr15	77788295	77788535	SINE/MIR	853	-	120	77788415	79325
chr15	77709090	77909090	harbor2	chr15	77725589	77725744	SINE/MIR	409	-	78	77725667	16577
chr16	63775723	63975723	harbor2	chr16	63851388	63851598	SINE/MIR	491	-	105	63851493	75770
chr16	59423603	59623603	harbor2	chr16	59441280	59441319	SINE/MIR	1082	-	20	59441300	17697
chr16	59423603	59623603	harbor2	chr16	59441519	59441730	SINE/MIR	1082	-	106	59441625	18022
chr16	59423603	59623603	harbor2	chr16	59458121	59458301	SINE/MIR	628	-	90	59458211	34608
chr16	59423603	59623603	harbor2	chr16	59468793	59469008	SINE/MIR	489	-	108	59468901	45298
chr16	59981922	60181922	harbor2	chr16	59988088	59988319	SINE/MIR	447	-	116	59988204	6282
chr16	69635357	69835357	harbor2	chr16	69720824	69720876	SINE/MIR	630	-	26	69720850	85493
chr16	69635357	69835357	harbor2	chr16	69721191	69721218	SINE/MIR	630	-	14	69721205	85848
chr16	69635357	69835357	harbor2	chr16	69721580	69721691	SINE/MIR	630	-	56	69721636	86279
chr16	65634977	65834977	harbor2	chr16	65644527	65644683	SINE/MIR	566	-	78	65644605	9628
chr16	65634977	65834977	harbor2	chr16	65711049	65711231	SINE/MIR	623	-	91	65711140	76163
chr16	65634977	65834977	harbor2	chr16	65724880	65725093	SINE/MIR	530	-	106	65724986	90009
chr16	65634977	65834977	harbor2	chr16	65732680	65732858	SINE/MIR	507	-	89	65732769	97792
chr16	65634977	65834977	harbor2	chr16	65734385	65734591	SINE/MIR	763	-	103	65734488	99511
chr16	80957734	81157734	harbor2	chr16	80963022	80963209	SINE/MIR	654	-	94	80963116	5382
chr16	80957734	81157734	harbor2	chr16	81025011	81025232	SINE/MIR	714	-	110	81025121	67387
chr16	86964460	87164460	harbor2	chr16	86984303	86984431	SINE/MIR	454	-	64	86984367	19907
chr16	86964460	87164460	harbor2	chr16	86990088	86990248	SINE/MIR	497	-	80	86990168	25708
chr16	86964460	87164460	harbor2	chr16	87000084	87000329	SINE/MIR	736	-	122	87000206	35746
chr16	86964460	87164460	harbor2	chr16	87026026	87026228	SINE/MIR	508	-	101	87026127	61667
chr16	86964460	87164460	harbor2	chr16	87033357	87033574	SINE/MIR	524	-	108	87033465	69005
chr16	86964460	87164460	harbor2	chr16	87045861	87046085	SINE/MIR	1021	-	112	87045973	81513
chr16	86964460	87164460	harbor2	chr16	87048422	87048612	SINE/MIR	722	-	95	87048517	84057
chr16	86964460	87164460	harbor2	chr16	87059261	87059497	SINE/MIR	441	-	118	87059379	94919
chr16	72018677	72218677	harbor2	chr16	72039086	72039269	SINE/MIR	623	-	92	72039178	20501
chr16	72018677	72218677	harbor2	chr16	72056938	72057163	SINE/MIR	870	-	112	72057050	38373
chr16	72018677	72218677	harbor2	chr16	72058662	72058887	SINE/MIR	870	-	112	72058774	40097
chr16	72018677	72218677	harbor2	chr16	72061258	72061415	SINE/MIR	644	-	78	72061336	42659
chr16	72018677	72218677	harbor2	chr16	72074691	72074916	SINE/MIR	786	-	112	72074803	56126
chr16	72018677	72218677	harbor2	chr16	72077449	72077606	SINE/MIR	653	-	78	72077527	58850
chr16	72018677	72218677	harbor2	chr16	72089726	72089976	SINE/MIR	1145	-	125	72089851	71174
chr16	72018677	72218677	harbor2	chr16	72095547	72095795	SINE/MIR	524	-	124	72095671	76994
chr16	72018677	72218677	harbor2	chr16	72101846	72101966	SINE/MIR	442	-	60	72101906	83229
chr16	61910127	62110127	harbor2	chr16	61915340	61915515	SINE/MIR	496	-	88	61915428	5301
chr16	61910127	62110127	harbor2	chr16	61925948	61926124	SINE/MIR	583	-	88	61926036	15909
chr16	61910127	62110127	harbor2	chr16	61987822	61987953	SINE/MIR	413	-	66	61987888	77761
chr16	61910127	62110127	harbor2	chr16	61998331	61998510	SINE/MIR	421	-	90	61998421	88294
chr16	71456392	71656392	harbor2	chr16	71491120	71491284	SINE/MIR	583	-	82	71491202	34810
chr16	81440204	81640204	harbor2	chr16	81454201	81454380	SINE/MIR	494	-	90	81454291	14087
chr16	81440204	81640204	harbor2	chr16	81456491	81456715	SINE/MIR	787	-	112	81456603	16399
chr16	81440204	81640204	harbor2	chr16	81480130	81480257	SINE/MIR	484	-	64	81480194	39990
chr16	81440204	81640204	harbor2	chr16	81480555	81480607	SINE/MIR	484	-	26	81480581	40377
chr16	81440204	81640204	harbor2	chr16	81494831	81495021	SINE/MIR	415	-	95	81494926	54722
chr16	81440204	81640204	harbor2	chr16	81498945	81499085	SINE/MIR	508	-	70	81499015	58811
chr16	81440204	81640204	harbor2	chr16	81502016	81502210	SINE/MIR	614	-	97	81502113	61909
chr16	81440204	81640204	harbor2	chr16	81506026	81506256	SINE/MIR	783	-	115	81506141	65937
chr16	81440204	81640204	harbor2	chr16	81510400	81510627	SINE/MIR	483	-	114	81510514	70310
chr16	81440204	81640204	harbor2	chr16	81524564	81524665	SINE/MIR	439	-	50	81524614	84410
chr16	81440204	81640204	harbor2	chr16	81535262	81535353	SINE/MIR	424	-	46	81535308	95104
chr16	81440204	81640204	harbor2	chr16	81538004	81538233	SINE/MIR	484	-	114	81538118	97914
chr16	67517891	67717891	harbor2	chr16	67532574	67532699	SINE/MIR	455	-	62	67532636	14745
chr16	67517891	67717891	harbor2	chr16	67595592	67595781	SINE/MIR	493	-	94	67595686	77795
chr16	59318626	59518626	harbor2	chr16	59405092	59405336	SINE/MIR	619	-	122	59405214	86588
chr16	77979567	78179567	harbor2	chr16	77981048	77981290	SINE/MIR	575	-	121	77981169	1602
chr16	77979567	78179567	harbor2	chr16	77986581	77986772	SINE/MIR	460	-	96	77986677	7110
chr16	77979567	78179567	harbor2	chr16	77993723	77993762	SINE/MIR	596	-	20	77993743	14176
chr16	77979567	78179567	harbor2	chr16	77994633	77994783	SINE/MIR	596	-	75	77994708	15141
chr16	77979567	78179567	harbor2	chr16	78029043	78029236	SINE/MIR	615	-	96	78029139	49572
chr16	77979567	78179567	harbor2	chr16	78047323	78047487	SINE/MIR	575	-	82	78047405	67838
chr16	77979567	78179567	harbor2	chr16	78020535	78020755	SINE/MIR	618	-	110	78020645	41078
chr16	77979567	78179567	harbor2	chr16	77987658	77987848	SINE/MIR	489	-	95	77987753	8186
chr16	85121858	85321858	harbor2	chr16	85128062	85128213	SINE/MIR	540	-	76	85128138	6280
chr16	85121858	85321858	harbor2	chr16	85128509	85128681	SINE/MIR	540	-	86	85128595	6737
chr16	85121858	85321858	harbor2	chr16	85135198	85135330	SINE/MIR	497	-	66	85135264	13406
chr16	85121858	85321858	harbor2	chr16	85146336	85146589	SINE/MIR	707	-	126	85146462	24604
chr16	85121858	85321858	harbor2	chr16	85150234	85150355	SINE/MIR	456	-	60	85150294	28436
chr16	85121858	85321858	harbor2	chr16	85166236	85166370	SINE/MIR	431	-	67	85166303	44445
chr16	85121858	85321858	harbor2	chr16	85175733	85175966	SINE/MIR	648	-	116	85175849	53991
chr16	85121858	85321858	harbor2	chr16	85180531	85180729	SINE/MIR	781	-	99	85180630	58772
chr16	85121858	85321858	harbor2	chr16	85183739	85183880	SINE/MIR	477	-	70	85183809	61951
chr16	85121858	85321858	harbor2	chr16	85209164	85209324	SINE/MIR	669	-	80	85209244	87386
chr16	85121858	85321858	harbor2	chr16	85216531	85216722	SINE/MIR	532	-	96	85216627	94769
chr16	82027492	82227492	harbor2	chr16	82032778	82033017	SINE/MIR	540	-	120	82032898	5406
chr16	82027492	82227492	harbor2	chr16	82061284	82061509	SINE/MIR	989	-	112	82061396	33904
chr16	82027492	82227492	harbor2	chr16	82088322	82088514	SINE/MIR	532	-	96	82088418	60926
chr16	82027492	82227492	harbor2	chr16	82094779	82094961	SINE/MIR	645	-	91	82094870	67378
chr16	82027492	82227492	harbor2	chr16	82112320	82112463	SINE/MIR	653	-	72	82112392	84900
chr16	82027492	82227492	harbor2	chr16	82112843	82112990	SINE/MIR	653	-	74	82112917	85425
chr16	78408728	78608728	harbor2	chr16	78482549	78482729	SINE/MIR	599	-	90	78482639	73911
chr16	71065314	71265314	harbor2	chr16	71120980	71121204	SINE/MIR	557	-	112	71121092	55778
chr16	71065314	71265314	harbor2	chr16	71131625	71131857	SINE/MIR	558	-	116	71131741	66427
chr16	64408304	64608304	harbor2	chr16	64410623	64410790	SINE/MIR	445	-	84	64410707	2403
chr16	64408304	64608304	harbor2	chr16	64425059	64425201	SINE/MIR	468	-	71	64425130	16826
chr16	64408304	64608304	harbor2	chr16	64425752	64425959	SINE/MIR	445	-	104	64425856	17552
chr16	64408304	64608304	harbor2	chr16	64485594	64485823	SINE/MIR	415	-	114	64485708	77404
chr16	64408304	64608304	harbor2	chr16	64489292	64489523	SINE/MIR	822	-	116	64489408	81104
chr16	65998073	66198073	harbor2	chr16	66004187	66004360	SINE/MIR	509	-	86	66004273	6200
chr16	65998073	66198073	harbor2	chr16	66006177	66006399	SINE/MIR	760	-	111	66006288	8215
chr16	65998073	66198073	harbor2	chr16	66041452	66041643	SINE/MIR	433	-	96	66041548	43475
chr16	65998073	66198073	harbor2	chr16	66082492	66082686	SINE/MIR	605	-	97	66082589	84516
chr16	78803735	79003735	harbor2	chr16	78828853	78829015	SINE/MIR	467	-	81	78828934	25199
chr16	78803735	79003735	harbor2	chr16	78833723	78833895	SINE/MIR	481	-	86	78833809	30074
chr16	78803735	79003735	harbor2	chr16	78837749	78837940	SINE/MIR	487	-	96	78837845	34110
chr16	28032397	28232397	harbor2	chr16	28038280	28038457	SINE/MIR	515	-	88	28038368	5971
chr16	28032397	28232397	harbor2	chr16	28057681	28057893	SINE/MIR	439	-	106	28057787	25390
chr16	28032397	28232397	harbor2	chr16	28072971	28073095	SINE/MIR	520	-	62	28073033	40636
chr16	28032397	28232397	harbor2	chr16	28073939	28074075	SINE/MIR	602	-	68	28074007	41610
chr16	28032397	28232397	harbor2	chr16	28104282	28104498	SINE/MIR	610	-	108	28104390	71993
chr16	28032397	28232397	harbor2	chr16	28125405	28125625	SINE/MIR	620	-	110	28125515	93118
chr16	84115383	84315383	harbor2	chr16	84144114	84144328	SINE/MIR	517	-	107	84144221	28838
chr16	84115383	84315383	harbor2	chr16	84173938	84174191	SINE/MIR	962	-	126	84174064	58681
chr16	84115383	84315383	harbor2	chr16	84183814	84184045	SINE/MIR	715	-	116	84183930	68547
chr16	79780805	79980805	harbor2	chr16	79783872	79784093	SINE/MIR	518	-	110	79783982	3177
chr16	79780805	79980805	harbor2	chr16	79802519	79802700	SINE/MIR	617	-	90	79802609	21804
chr16	79780805	79980805	harbor2	chr16	79826581	79826769	SINE/MIR	416	-	94	79826675	45870
chr16	79780805	79980805	harbor2	chr16	79827804	79827945	SINE/MIR	523	-	70	79827874	47069
chr16	79780805	79980805	harbor2	chr16	79834473	79834679	SINE/MIR	591	-	103	79834576	53771
chr16	79780805	79980805	harbor2	chr16	79847806	79848022	SINE/MIR	551	-	108	79847914	67109
chr16	79780805	79980805	harbor2	chr16	79880439	79880607	SINE/MIR	440	-	84	79880523	99718
chr16	79780805	79980805	harbor2	chr16	79790069	79790251	SINE/MIR	435	-	91	79790160	9355
chr16	26625893	26825893	harbor2	chr16	26625738	26625943	SINE/MIR	507	-	102	26625840	53
chr16	26625893	26825893	harbor2	chr16	26637816	26638029	SINE/MIR	463	-	106	26637922	12029
chr16	26625893	26825893	harbor2	chr16	26676478	26676675	SINE/MIR	474	-	98	26676576	50683
chr16	26625893	26825893	harbor2	chr16	26677191	26677220	SINE/MIR	474	-	14	26677205	51312
chr16	26625893	26825893	harbor2	chr16	26682434	26682652	SINE/MIR	505	-	109	26682543	56650
chr16	26625893	26825893	harbor2	chr16	26707092	26707289	SINE/MIR	498	-	98	26707190	81297
chr16	26625893	26825893	harbor2	chr16	26716046	26716218	SINE/MIR	738	-	86	26716132	90239
chr16	58556423	58756423	harbor2	chr16	58645306	58645426	SINE/MIR	784	-	60	58645366	88943
chr16	58556423	58756423	harbor2	chr16	58645726	58645875	SINE/MIR	784	-	74	58645800	89377
chr16	58556423	58756423	harbor2	chr16	58647019	58647128	SINE/MIR	526	-	54	58647073	90650
chr16	83337720	83537720	harbor2	chr16	83339467	83339674	SINE/MIR	414	-	104	83339571	1851
chr16	83337720	83537720	harbor2	chr16	83347537	83347725	SINE/MIR	486	-	94	83347631	9911
chr16	83337720	83537720	harbor2	chr16	83355952	83356077	SINE/MIR	517	-	62	83356014	18294
chr16	83337720	83537720	harbor2	chr16	83372072	83372328	SINE/MIR	676	-	128	83372200	34480
chr16	83337720	83537720	harbor2	chr16	83396835	83397035	SINE/MIR	575	-	100	83396935	59215
chr16	83337720	83537720	harbor2	chr16	83401600	83401745	SINE/MIR	425	-	72	83401672	63952
chr16	83337720	83537720	harbor2	chr16	83417031	83417230	SINE/MIR	660	-	100	83417131	79411
chr16	79477727	79677727	harbor2	chr16	79498537	79498763	SINE/MIR	544	-	113	79498650	20923
chr16	79477727	79677727	harbor2	chr16	79511689	79511855	SINE/MIR	427	-	83	79511772	34045
chr16	79477727	79677727	harbor2	chr16	79516380	79516530	SINE/MIR	438	-	75	79516455	38728
chr16	79477727	79677727	harbor2	chr16	79518046	79518273	SINE/MIR	461	-	114	79518160	40433
chr16	79477727	79677727	harbor2	chr16	79520848	79521036	SINE/MIR	592	-	94	79520942	43215
chr16	79477727	79677727	harbor2	chr16	79565850	79566005	SINE/MIR	526	-	78	79565928	88201
chr16	82121723	82321723	harbor2	chr16	82162085	82162316	SINE/MIR	678	-	116	82162201	40478
chr16	82121723	82321723	harbor2	chr16	82181632	82181767	SINE/MIR	502	-	68	82181700	59977
chr16	89926180	90126180	harbor2	chr16	89951001	89951218	SINE/MIR	891	-	108	89951109	24929
chr16	89926180	90126180	harbor2	chr16	89931598	89931790	SINE/MIR	486	-	96	89931694	5514
chr16	31190682	31390682	harbor2	chr16	31206935	31207076	SINE/MIR	436	-	70	31207005	16323
chr16	31190682	31390682	harbor2	chr16	31251557	31251698	SINE/MIR	517	-	70	31251627	60945
chr16	31190682	31390682	harbor2	chr16	31252006	31252060	SINE/MIR	517	-	27	31252033	61351
chr16	84042513	84242513	harbor2	chr16	84097266	84097455	SINE/MIR	583	-	94	84097360	54847
chr16	84042513	84242513	harbor2	chr16	84110564	84110791	SINE/MIR	863	-	114	84110678	68165
chr16	54737480	54937480	harbor2	chr16	54743660	54743885	SINE/MIR	573	-	112	54743772	6292
chr16	54737480	54937480	harbor2	chr16	54775644	54775832	SINE/MIR	542	-	94	54775738	38258
chr16	54737480	54937480	harbor2	chr16	54776134	54776163	SINE/MIR	542	-	14	54776148	38668
chr16	54737480	54937480	harbor2	chr16	54811628	54811868	SINE/MIR	623	-	120	54811748	74268
chr16	54737480	54937480	harbor2	chr16	54815967	54816043	SINE/MIR	795	-	38	54816005	78525
chr16	54737480	54937480	harbor2	chr16	54816081	54816235	SINE/MIR	795	-	77	54816158	78678
chr16	54737480	54937480	harbor2	chr16	54823170	54823336	SINE/MIR	581	-	83	54823253	85773
chr16	90150802	90350802	harbor2	chr16	90214141	90214362	SINE/MIR	619	-	110	90214251	63449
chr16	81099703	81299703	harbor2	chr16	81166142	81166314	SINE/MIR	492	-	86	81166228	66525
chr16	81099703	81299703	harbor2	chr16	81167287	81167427	SINE/MIR	541	-	70	81167357	67654
chr16	81099703	81299703	harbor2	chr16	81179242	81179419	SINE/MIR	432	-	88	81179330	79627
chr16	81099703	81299703	harbor2	chr16	81183346	81183585	SINE/MIR	469	-	120	81183466	83763
chr16	86915111	87115111	harbor2	chr16	86916257	86916351	SINE/MIR	528	-	47	86916304	1193
chr16	86915111	87115111	harbor2	chr16	86939439	86939679	SINE/MIR	547	-	120	86939559	24448
chr16	86915111	87115111	harbor2	chr16	86941675	86941899	SINE/MIR	545	-	112	86941787	26676
chr16	86915111	87115111	harbor2	chr16	86960634	86960830	SINE/MIR	491	-	98	86960732	45621
chr16	86915111	87115111	harbor2	chr16	86984303	86984431	SINE/MIR	454	-	64	86984367	69256
chr16	86915111	87115111	harbor2	chr16	86990088	86990248	SINE/MIR	497	-	80	86990168	75057
chr16	86915111	87115111	harbor2	chr16	87000084	87000329	SINE/MIR	736	-	122	87000206	85095
chr16	82809848	83009848	harbor2	chr16	82820342	82820537	SINE/MIR	817	-	98	82820440	10592
chr16	82809848	83009848	harbor2	chr16	82846387	82846629	SINE/MIR	833	-	121	82846508	36660
chr16	82809848	83009848	harbor2	chr16	82853414	82853632	SINE/MIR	688	-	109	82853523	43675
chr16	82809848	83009848	harbor2	chr16	82867055	82867246	SINE/MIR	465	-	96	82867151	57303
chr16	82809848	83009848	harbor2	chr16	82897495	82897687	SINE/MIR	449	-	96	82897591	87743
chr16	82809848	83009848	harbor2	chr16	82901947	82902100	SINE/MIR	550	-	76	82902023	92175
chr16	82809848	83009848	harbor2	chr16	82903770	82903961	SINE/MIR	464	-	96	82903866	94018
chr16	71824172	72024172	harbor2	chr16	71828442	71828660	SINE/MIR	549	-	109	71828551	4379
chr16	71824172	72024172	harbor2	chr16	71836584	71836776	SINE/MIR	453	-	96	71836680	12508
chr16	71824172	72024172	harbor2	chr16	71857696	71857889	SINE/MIR	622	-	96	71857792	33620
chr16	77233015	77433015	harbor2	chr16	77286482	77286674	SINE/MIR	499	-	96	77286578	53563
chr16	77233015	77433015	harbor2	chr16	77306706	77306926	SINE/MIR	588	-	110	77306816	73801
chr16	77233015	77433015	harbor2	chr16	77314837	77315014	SINE/MIR	425	-	88	77314925	81910
chr16	77233015	77433015	harbor2	chr16	77331991	77332217	SINE/MIR	537	-	113	77332104	99089
chr16	61985022	62185022	harbor2	chr16	61987822	61987953	SINE/MIR	413	-	66	61987888	2866
chr16	61985022	62185022	harbor2	chr16	61998331	61998510	SINE/MIR	421	-	90	61998421	13399
chr16	61985022	62185022	harbor2	chr16	62042701	62042910	SINE/MIR	589	-	104	62042805	57783
chr16	61985022	62185022	harbor2	chr16	62043370	62043525	SINE/MIR	424	-	78	62043448	58426
chr16	61985022	62185022	harbor2	chr16	62080515	62080736	SINE/MIR	514	-	110	62080625	95603
chr16	77040685	77240685	harbor2	chr16	77066788	77066992	SINE/MIR	448	-	102	77066890	26205
chr16	77040685	77240685	harbor2	chr16	77117995	77118209	SINE/MIR	473	-	107	77118102	77417
chr16	73596734	73796734	harbor2	chr16	73618370	73618548	SINE/MIR	491	-	89	73618459	21725
chr16	73596734	73796734	harbor2	chr16	73691540	73691783	SINE/MIR	616	-	122	73691662	94928
chr16	85395447	85595447	harbor2	chr16	85425865	85426012	SINE/MIR	601	-	74	85425939	30492
chr16	85395447	85595447	harbor2	chr16	85433197	85433413	SINE/MIR	480	-	108	85433305	37858
chr16	85395447	85595447	harbor2	chr16	85434358	85434535	SINE/MIR	650	-	88	85434446	38999
chr16	85395447	85595447	harbor2	chr16	85438475	85438665	SINE/MIR	605	-	95	85438570	43123
chr16	85395447	85595447	harbor2	chr16	85455934	85456103	SINE/MIR	548	-	84	85456018	60571
chr16	85395447	85595447	harbor2	chr16	85457833	85458020	SINE/MIR	414	-	94	85457927	62480
chr16	85395447	85595447	harbor2	chr16	85480045	85480251	SINE/MIR	486	-	103	85480148	84701
chr16	85395447	85595447	harbor2	chr16	85487525	85487661	SINE/MIR	460	-	68	85487593	92146
chr16	85395447	85595447	harbor2	chr16	85492441	85492692	SINE/MIR	787	-	126	85492567	97120
chr16	87844570	88044570	harbor2	chr16	87858496	87858670	SINE/MIR	463	-	87	87858583	14013
chr16	87844570	88044570	harbor2	chr16	87910275	87910441	SINE/MIR	428	-	83	87910358	65788
chr16	59094115	59294115	harbor2	chr16	59107870	59108127	SINE/MIR	680	-	128	59107998	13883
chr16	59094115	59294115	harbor2	chr16	59113829	59114056	SINE/MIR	661	-	114	59113943	19828
chr16	59094115	59294115	harbor2	chr16	59146379	59146562	SINE/MIR	527	-	92	59146471	52356
chr16	59094115	59294115	harbor2	chr16	59153931	59154145	SINE/MIR	465	-	107	59154038	59923
chr16	59094115	59294115	harbor2	chr16	59160367	59160544	SINE/MIR	508	-	88	59160455	66340
chr16	59094115	59294115	harbor2	chr16	59161463	59161602	SINE/MIR	453	-	70	59161533	67418
chr16	59094115	59294115	harbor2	chr16	59170921	59171090	SINE/MIR	466	-	84	59171005	76890
chr16	59094115	59294115	harbor2	chr16	59174319	59174520	SINE/MIR	418	-	100	59174419	80304
chr16	59094115	59294115	harbor2	chr16	59183691	59183911	SINE/MIR	735	-	110	59183801	89686
chr16	59094115	59294115	harbor2	chr16	59191735	59191883	SINE/MIR	502	-	74	59191809	97694
chr16	46913511	47113511	harbor2	chr16	46968495	46968606	SINE/MIR	468	-	56	46968551	55040
chr16	87821284	88021284	harbor2	chr16	87858496	87858670	SINE/MIR	463	-	87	87858583	37299
chr16	87821284	88021284	harbor2	chr16	87910275	87910441	SINE/MIR	428	-	83	87910358	89074
chr16	46591299	46791299	harbor2	chr16	46621947	46622152	SINE/MIR	748	-	102	46622049	30750
chr16	46591299	46791299	harbor2	chr16	46647679	46647718	SINE/MIR	492	-	20	46647699	56400
chr16	46591299	46791299	harbor2	chr16	46648001	46648119	SINE/MIR	492	-	59	46648060	56761
chr16	46591299	46791299	harbor2	chr16	46669136	46669315	SINE/MIR	569	-	90	46669226	77927
chr16	47571920	47771920	harbor2	chr16	47603805	47603977	SINE/MIR	496	-	86	47603891	31971
chr16	47571920	47771920	harbor2	chr16	47619010	47619204	SINE/MIR	505	-	97	47619107	47187
chr16	47571920	47771920	harbor2	chr16	47634051	47634224	SINE/MIR	553	-	86	47634137	62217
chr16	81721098	81921098	harbor2	chr16	81741215	81741402	SINE/MIR	583	-	94	81741309	20211
chr16	81721098	81921098	harbor2	chr16	81748774	81748942	SINE/MIR	421	-	84	81748858	27760
chr16	81721098	81921098	harbor2	chr16	81756315	81756546	SINE/MIR	945	-	116	81756431	35333
chr16	81721098	81921098	harbor2	chr16	81793700	81793933	SINE/MIR	428	-	116	81793816	72718
chr16	81721098	81921098	harbor2	chr16	81807511	81807656	SINE/MIR	453	-	72	81807583	86485
chr16	81721098	81921098	harbor2	chr16	81818982	81819134	SINE/MIR	554	-	76	81819058	97960
chr16	65171752	65371752	harbor2	chr16	65196244	65196418	SINE/MIR	431	-	87	65196331	24579
chr16	65171752	65371752	harbor2	chr16	65224153	65224324	SINE/MIR	501	-	86	65224239	52487
chr16	65171752	65371752	harbor2	chr16	65224819	65225001	SINE/MIR	471	-	91	65224910	53158
chr16	65171752	65371752	harbor2	chr16	65264442	65264677	SINE/MIR	592	-	118	65264560	92808
chr16	65171752	65371752	harbor2	chr16	65268938	65269068	SINE/MIR	454	-	65	65269003	97251
chr16	65171752	65371752	harbor2	chr16	65269650	65269731	SINE/MIR	454	-	40	65269690	97938
chr16	65171752	65371752	harbor2	chr16	65271228	65271388	SINE/MIR	495	-	80	65271308	99556
chr16	83339658	83539658	harbor2	chr16	83339467	83339674	SINE/MIR	414	-	104	83339571	87
chr16	83339658	83539658	harbor2	chr16	83347537	83347725	SINE/MIR	486	-	94	83347631	7973
chr16	83339658	83539658	harbor2	chr16	83355952	83356077	SINE/MIR	517	-	62	83356014	16356
chr16	83339658	83539658	harbor2	chr16	83372072	83372328	SINE/MIR	676	-	128	83372200	32542
chr16	83339658	83539658	harbor2	chr16	83396835	83397035	SINE/MIR	575	-	100	83396935	57277
chr16	83339658	83539658	harbor2	chr16	83401600	83401745	SINE/MIR	425	-	72	83401672	62014
chr16	83339658	83539658	harbor2	chr16	83417031	83417230	SINE/MIR	660	-	100	83417131	77473
chr16	75913124	76113124	harbor2	chr16	75934113	75934219	SINE/MIR	455	-	53	75934166	21042
chr16	75913124	76113124	harbor2	chr16	75934539	75934635	SINE/MIR	455	-	48	75934587	21463
chr16	29318523	29518523	harbor2	chr16	29350997	29351189	SINE/MIR	452	-	96	29351093	32570
chr16	29318523	29518523	harbor2	chr16	29360411	29360533	SINE/MIR	612	-	61	29360472	41949
chr16	29318523	29518523	harbor2	chr16	29360829	29360914	SINE/MIR	612	-	42	29360871	42348
chr16	29318523	29518523	harbor2	chr16	29377551	29377600	SINE/MIR	461	-	24	29377575	59052
chr16	29318523	29518523	harbor2	chr16	29377909	29377979	SINE/MIR	461	-	35	29377944	59421
chr16	29318523	29518523	harbor2	chr16	29384766	29384926	SINE/MIR	426	-	80	29384846	66323
chr16	29318523	29518523	harbor2	chr16	29405443	29405671	SINE/MIR	522	-	114	29405557	87034
chr16	58256115	58456115	harbor2	chr16	58334989	58335212	SINE/MIR	807	-	112	58335101	78986
chr16	66191418	66391418	harbor2	chr16	66199652	66199863	SINE/MIR	470	-	106	66199758	8340
chr16	66191418	66391418	harbor2	chr16	66206186	66206377	SINE/MIR	526	-	96	66206282	14864
chr16	66191418	66391418	harbor2	chr16	66235629	66235713	SINE/MIR	416	-	42	66235671	44253
chr16	66191418	66391418	harbor2	chr16	66243300	66243497	SINE/MIR	534	-	98	66243398	51980
chr16	66191418	66391418	harbor2	chr16	66258947	66259098	SINE/MIR	559	-	76	66259023	67605
chr16	66191418	66391418	harbor2	chr16	66268415	66268629	SINE/MIR	688	-	107	66268522	77104
chr16	66191418	66391418	harbor2	chr16	66269003	66269233	SINE/MIR	876	-	115	66269118	77700
chr16	66191418	66391418	harbor2	chr16	66271077	66271184	SINE/MIR	455	-	54	66271131	79713
chr16	86330724	86530724	harbor2	chr16	86333124	86333335	SINE/MIR	583	-	106	86333230	2506
chr16	86330724	86530724	harbor2	chr16	86343047	86343179	SINE/MIR	431	-	66	86343113	12389
chr16	86330724	86530724	harbor2	chr16	86346930	86347058	SINE/MIR	534	-	64	86346994	16270
chr16	86330724	86530724	harbor2	chr16	86360293	86360475	SINE/MIR	454	-	91	86360384	29660
chr16	86330724	86530724	harbor2	chr16	86371884	86372093	SINE/MIR	524	-	104	86371988	41264
chr16	86330724	86530724	harbor2	chr16	86379868	86380062	SINE/MIR	612	-	97	86379965	49241
chr16	86330724	86530724	harbor2	chr16	86388579	86388780	SINE/MIR	485	-	100	86388679	57955
chr16	86330724	86530724	harbor2	chr16	86388841	86388990	SINE/MIR	509	-	74	86388915	58191
chr16	68523578	68723578	harbor2	chr16	68565164	68565313	SINE/MIR	434	-	74	68565238	41660
chr16	68523578	68723578	harbor2	chr16	68606217	68606376	SINE/MIR	529	-	80	68606297	82719
chr16	68523578	68723578	harbor2	chr16	68612562	68612714	SINE/MIR	556	-	76	68612638	89060
chr16	82390386	82590386	harbor2	chr16	82432629	82432833	SINE/MIR	521	-	102	82432731	42345
chr16	82390386	82590386	harbor2	chr16	82439530	82439740	SINE/MIR	433	-	105	82439635	49249
chr16	82390386	82590386	harbor2	chr16	82444702	82444919	SINE/MIR	587	-	108	82444810	54424
chr16	82390386	82590386	harbor2	chr16	82452801	82453019	SINE/MIR	483	-	109	82452910	62524
chr16	82390386	82590386	harbor2	chr16	82459117	82459231	SINE/MIR	657	-	57	82459174	68788
chr16	82390386	82590386	harbor2	chr16	82459772	82459830	SINE/MIR	657	-	29	82459801	69415
chr16	82390386	82590386	harbor2	chr16	82459987	82460080	SINE/MIR	657	-	46	82460033	69647
chr16	82390386	82590386	harbor2	chr16	82460690	82460908	SINE/MIR	597	-	109	82460799	70413
chr16	82390386	82590386	harbor2	chr16	82463277	82463487	SINE/MIR	570	-	105	82463382	72996
chr16	82390386	82590386	harbor2	chr16	82467829	82468017	SINE/MIR	600	-	94	82467923	77537
chr16	25298540	25498540	harbor2	chr16	25299982	25300097	SINE/MIR	541	-	58	25300040	1500
chr16	25298540	25498540	harbor2	chr16	25321218	25321461	SINE/MIR	668	-	122	25321340	22800
chr16	25298540	25498540	harbor2	chr16	25322610	25322819	SINE/MIR	1000	-	104	25322714	24174
chr16	25298540	25498540	harbor2	chr16	25325954	25326108	SINE/MIR	513	-	77	25326031	27491
chr16	25298540	25498540	harbor2	chr16	25361492	25361603	SINE/MIR	449	-	56	25361548	63008
chr16	69514404	69714404	harbor2	chr16	69571015	69571055	SINE/MIR	693	-	20	69571035	56631
chr16	69514404	69714404	harbor2	chr16	69571333	69571513	SINE/MIR	693	-	90	69571423	57019
chr16	69514404	69714404	harbor2	chr16	69575743	69575979	SINE/MIR	661	-	118	69575861	61457
chr16	69514404	69714404	harbor2	chr16	69604037	69604195	SINE/MIR	633	-	79	69604116	89712
chr16	69514404	69714404	harbor2	chr16	69607067	69607272	SINE/MIR	514	-	102	69607169	92765
chr16	29424793	29624793	harbor2	chr16	29478299	29478311	SINE/MIR	542	-	6	29478305	53512
chr16	29424793	29624793	harbor2	chr16	29478611	29478811	SINE/MIR	638	-	100	29478711	53918
chr16	29424793	29624793	harbor2	chr16	29479821	29479870	SINE/MIR	460	-	24	29479845	55052
chr16	29424793	29624793	harbor2	chr16	29480174	29480273	SINE/MIR	460	-	50	29480224	55431
chr16	29424793	29624793	harbor2	chr16	29507231	29507455	SINE/MIR	612	-	112	29507343	82550
chr16	86568627	86768627	harbor2	chr16	86590517	86590772	SINE/MIR	679	-	128	86590645	22018
chr16	86568627	86768627	harbor2	chr16	86595863	86596052	SINE/MIR	426	-	94	86595957	27330
chr16	86568627	86768627	harbor2	chr16	86596465	86596654	SINE/MIR	672	-	94	86596559	27932
chr16	86568627	86768627	harbor2	chr16	86625711	86625885	SINE/MIR	552	-	87	86625798	57171
chr16	86568627	86768627	harbor2	chr16	86640944	86641193	SINE/MIR	638	-	124	86641068	72441
chr16	86568627	86768627	harbor2	chr16	86641244	86641469	SINE/MIR	805	-	112	86641356	72729
chr16	86568627	86768627	harbor2	chr16	86661175	86661355	SINE/MIR	473	-	90	86661265	92638
chr16	86568627	86768627	harbor2	chr16	86665499	86665705	SINE/MIR	826	-	103	86665602	96975
chr16	85146889	85346889	harbor2	chr16	85150234	85150355	SINE/MIR	456	-	60	85150294	3405
chr16	85146889	85346889	harbor2	chr16	85166236	85166370	SINE/MIR	431	-	67	85166303	19414
chr16	85146889	85346889	harbor2	chr16	85175733	85175966	SINE/MIR	648	-	116	85175849	28960
chr16	85146889	85346889	harbor2	chr16	85180531	85180729	SINE/MIR	781	-	99	85180630	33741
chr16	85146889	85346889	harbor2	chr16	85183739	85183880	SINE/MIR	477	-	70	85183809	36920
chr16	85146889	85346889	harbor2	chr16	85209164	85209324	SINE/MIR	669	-	80	85209244	62355
chr16	85146889	85346889	harbor2	chr16	85216531	85216722	SINE/MIR	532	-	96	85216627	69738
chr16	85146889	85346889	harbor2	chr16	85229474	85229680	SINE/MIR	803	-	103	85229577	82688
chr16	70756256	70956256	harbor2	chr16	70757761	70758006	SINE/MIR	765	-	122	70757883	1627
chr16	70756256	70956256	harbor2	chr16	70765454	70765667	SINE/MIR	489	-	106	70765560	9304
chr16	70756256	70956256	harbor2	chr16	70768189	70768354	SINE/MIR	626	-	82	70768271	12015
chr16	70756256	70956256	harbor2	chr16	70777279	70777508	SINE/MIR	597	-	114	70777393	21137
chr16	70756256	70956256	harbor2	chr16	70793274	70793525	SINE/MIR	566	-	126	70793400	37144
chr16	70756256	70956256	harbor2	chr16	70797579	70797614	SINE/MIR	737	-	18	70797597	41341
chr16	70756256	70956256	harbor2	chr16	70798038	70798203	SINE/MIR	737	-	82	70798120	41864
chr16	70756256	70956256	harbor2	chr16	70809258	70809493	SINE/MIR	550	-	118	70809376	53120
chr16	70756256	70956256	harbor2	chr16	70819267	70819381	SINE/MIR	517	-	57	70819324	63068
chr16	70756256	70956256	harbor2	chr16	70819412	70819553	SINE/MIR	517	-	70	70819482	63226
chr16	70756256	70956256	harbor2	chr16	70827553	70827779	SINE/MIR	446	-	113	70827666	71410
chr16	70756256	70956256	harbor2	chr16	70839141	70839342	SINE/MIR	665	-	100	70839241	82985
chr16	87491220	87691220	harbor2	chr16	87503744	87503911	SINE/MIR	492	-	84	87503828	12608
chr16	87491220	87691220	harbor2	chr16	87507283	87507408	SINE/MIR	426	-	62	87507345	16125
chr16	87491220	87691220	harbor2	chr16	87539179	87539370	SINE/MIR	440	-	96	87539275	48055
chr16	87491220	87691220	harbor2	chr16	87590312	87590514	SINE/MIR	610	-	101	87590413	99193
chr16	56941325	57141325	harbor2	chr16	56970198	56970354	SINE/MIR	718	-	78	56970276	28951
chr16	56941325	57141325	harbor2	chr16	56974641	56974779	SINE/MIR	416	-	69	56974710	33385
chr16	56941325	57141325	harbor2	chr16	56977696	56977831	SINE/MIR	726	-	68	56977764	36439
chr16	56941325	57141325	harbor2	chr16	56988350	56988545	SINE/MIR	456	-	98	56988448	47123
chr16	56941325	57141325	harbor2	chr16	56997332	56997570	SINE/MIR	531	-	119	56997451	56126
chr16	56941325	57141325	harbor2	chr16	56998402	56998650	SINE/MIR	900	-	124	56998526	57201
chr16	56941325	57141325	harbor2	chr16	57003842	57003968	SINE/MIR	441	-	63	57003905	62580
chr16	56941325	57141325	harbor2	chr16	57033207	57033440	SINE/MIR	543	-	116	57033323	91998
chr16	56941325	57141325	harbor2	chr16	57033851	57034089	SINE/MIR	854	-	119	57033970	92645
chr16	56941325	57141325	harbor2	chr16	57034401	57034631	SINE/MIR	791	-	115	57034516	93191
chr16	76557931	76757931	harbor2	chr16	76607872	76608081	SINE/MIR	723	-	104	76607976	50045
chr16	80277714	80477714	harbor2	chr16	80339073	80339242	SINE/MIR	455	-	84	80339157	61443
chr16	80277714	80477714	harbor2	chr16	80365154	80365284	SINE/MIR	486	-	65	80365219	87505
chr16	80277714	80477714	harbor2	chr16	80372850	80372965	SINE/MIR	671	-	58	80372908	95194
chr16	80277714	80477714	harbor2	chr16	80373416	80373553	SINE/MIR	671	-	68	80373484	95770
chr16	86563655	86763655	harbor2	chr16	86590517	86590772	SINE/MIR	679	-	128	86590645	26990
chr16	86563655	86763655	harbor2	chr16	86595863	86596052	SINE/MIR	426	-	94	86595957	32302
chr16	86563655	86763655	harbor2	chr16	86596465	86596654	SINE/MIR	672	-	94	86596559	32904
chr16	86563655	86763655	harbor2	chr16	86625711	86625885	SINE/MIR	552	-	87	86625798	62143
chr16	86563655	86763655	harbor2	chr16	86640944	86641193	SINE/MIR	638	-	124	86641068	77413
chr16	86563655	86763655	harbor2	chr16	86641244	86641469	SINE/MIR	805	-	112	86641356	77701
chr16	86563655	86763655	harbor2	chr16	86661175	86661355	SINE/MIR	473	-	90	86661265	97610
chr16	63498290	63698290	harbor2	chr16	63566561	63566786	SINE/MIR	499	-	112	63566673	68383
chr16	63498290	63698290	harbor2	chr16	63567252	63567490	SINE/MIR	414	-	119	63567371	69081
chr16	63498290	63698290	harbor2	chr16	63571155	63571304	SINE/MIR	529	-	74	63571229	72939
chr16	82162045	82362045	harbor2	chr16	82162085	82162316	SINE/MIR	678	-	116	82162201	156
chr16	82162045	82362045	harbor2	chr16	82181632	82181767	SINE/MIR	502	-	68	82181700	19655
chr16	69563004	69763004	harbor2	chr16	69571015	69571055	SINE/MIR	693	-	20	69571035	8031
chr16	69563004	69763004	harbor2	chr16	69571333	69571513	SINE/MIR	693	-	90	69571423	8419
chr16	69563004	69763004	harbor2	chr16	69575743	69575979	SINE/MIR	661	-	118	69575861	12857
chr16	69563004	69763004	harbor2	chr16	69604037	69604195	SINE/MIR	633	-	79	69604116	41112
chr16	69563004	69763004	harbor2	chr16	69607067	69607272	SINE/MIR	514	-	102	69607169	44165
chr16	6116683	6316683	harbor2	chr16	6126371	6126553	SINE/MIR	424	-	91	6126462	9779
chr16	6116683	6316683	harbor2	chr16	6137230	6137302	SINE/MIR	506	-	36	6137266	20583
chr16	6116683	6316683	harbor2	chr16	6137910	6138048	SINE/MIR	506	-	69	6137979	21296
chr16	6116683	6316683	harbor2	chr16	6196052	6196278	SINE/MIR	693	-	113	6196165	79482
chr16	84868900	85068900	harbor2	chr16	84895099	84895290	SINE/MIR	802	-	96	84895195	26295
chr16	84868900	85068900	harbor2	chr16	84937404	84937539	SINE/MIR	524	-	68	84937472	68572
chr16	75930159	76130159	harbor2	chr16	75934113	75934219	SINE/MIR	455	-	53	75934166	4007
chr16	75930159	76130159	harbor2	chr16	75934539	75934635	SINE/MIR	455	-	48	75934587	4428
chr16	79288218	79488218	harbor2	chr16	79294596	79294775	SINE/MIR	459	-	90	79294686	6468
chr16	79288218	79488218	harbor2	chr16	79301761	79301928	SINE/MIR	641	-	84	79301845	13627
chr16	79288218	79488218	harbor2	chr16	79315478	79315688	SINE/MIR	572	-	105	79315583	27365
chr16	79288218	79488218	harbor2	chr16	79320776	79320988	SINE/MIR	681	-	106	79320882	32664
chr16	79288218	79488218	harbor2	chr16	79325317	79325542	SINE/MIR	556	-	112	79325429	37211
chr16	79288218	79488218	harbor2	chr16	79332612	79332852	SINE/MIR	477	-	120	79332732	44514
chr16	79288218	79488218	harbor2	chr16	79336243	79336451	SINE/MIR	671	-	104	79336347	48129
chr16	79288218	79488218	harbor2	chr16	79342044	79342236	SINE/MIR	418	-	96	79342140	53922
chr16	79288218	79488218	harbor2	chr16	79344194	79344346	SINE/MIR	414	-	76	79344270	56052
chr16	65738546	65938546	harbor2	chr16	65750219	65750392	SINE/MIR	429	-	86	65750305	11759
chr16	65738546	65938546	harbor2	chr16	65786477	65786660	SINE/MIR	430	-	92	65786569	48023
chr16	51333094	51533094	harbor2	chr16	51342775	51343009	SINE/MIR	599	-	117	51342892	9798
chr16	51333094	51533094	harbor2	chr16	51349576	51349727	SINE/MIR	461	-	76	51349652	16558
chr16	51333094	51533094	harbor2	chr16	51370119	51370141	SINE/MIR	423	-	11	51370130	37036
chr16	51333094	51533094	harbor2	chr16	51370922	51371054	SINE/MIR	423	-	66	51370988	37894
chr16	51333094	51533094	harbor2	chr16	51384833	51385042	SINE/MIR	720	-	104	51384937	51843
chr16	51333094	51533094	harbor2	chr16	51390569	51390776	SINE/MIR	439	-	104	51390673	57579
chr16	51333094	51533094	harbor2	chr16	51407020	51407178	SINE/MIR	482	-	79	51407099	74005
chr16	51333094	51533094	harbor2	chr16	51411684	51411886	SINE/MIR	541	-	101	51411785	78691
chr16	51333094	51533094	harbor2	chr16	51413719	51413907	SINE/MIR	534	-	94	51413813	80719
chr16	51333094	51533094	harbor2	chr16	51432445	51432663	SINE/MIR	791	-	109	51432554	99460
chr16	88200187	88400187	harbor2	chr16	88220539	88220763	SINE/MIR	508	-	112	88220651	20464
chr16	88200187	88400187	harbor2	chr16	88289493	88289694	SINE/MIR	600	-	100	88289593	89406
chr16	77095281	77295281	harbor2	chr16	77117995	77118209	SINE/MIR	473	-	107	77118102	22821
chr16	77095281	77295281	harbor2	chr16	77150965	77151188	SINE/MIR	433	-	112	77151077	55796
chr16	77095281	77295281	harbor2	chr16	77161526	77161702	SINE/MIR	525	-	88	77161614	66333
chr16	88324619	88524619	harbor2	chr16	88367259	88367441	SINE/MIR	535	-	91	88367350	42731
chr16	88324619	88524619	harbor2	chr16	88371358	88371573	SINE/MIR	601	-	108	88371466	46847
chr16	88324619	88524619	harbor2	chr16	88373072	88373237	SINE/MIR	448	-	82	88373154	48535
chr16	88324619	88524619	harbor2	chr16	88407481	88407677	SINE/MIR	430	-	98	88407579	82960
chr16	88324619	88524619	harbor2	chr16	88420681	88420909	SINE/MIR	582	-	114	88420795	96176
chr16	64027681	64227681	harbor2	chr16	64082290	64082537	SINE/MIR	467	-	124	64082414	54733
chr16	64027681	64227681	harbor2	chr16	64125351	64125526	SINE/MIR	449	-	88	64125439	97758
chr16	12619223	12819223	harbor2	chr16	12644664	12644749	SINE/MIR	420	-	42	12644706	25483
chr16	12619223	12819223	harbor2	chr16	12644958	12645041	SINE/MIR	420	-	42	12645000	25777
chr16	12619223	12819223	harbor2	chr16	12653937	12654083	SINE/MIR	591	-	73	12654010	34787
chr16	12619223	12819223	harbor2	chr16	12674575	12674787	SINE/MIR	493	-	106	12674681	55458
chr16	12619223	12819223	harbor2	chr16	12676423	12676550	SINE/MIR	435	-	64	12676487	57264
chr16	12619223	12819223	harbor2	chr16	12676769	12676992	SINE/MIR	608	-	112	12676881	57658
chr16	12619223	12819223	harbor2	chr16	12704326	12704527	SINE/MIR	443	-	100	12704426	85203
chr16	69755848	69955848	harbor2	chr16	69763966	69764176	SINE/MIR	433	-	105	69764071	8223
chr16	69755848	69955848	harbor2	chr16	69769646	69769784	SINE/MIR	467	-	69	69769715	13867
chr16	69755848	69955848	harbor2	chr16	69838200	69838374	SINE/MIR	415	-	87	69838287	82439
chr16	72170467	72370467	harbor2	chr16	72171596	72171746	SINE/MIR	593	-	75	72171671	1204
chr16	72170467	72370467	harbor2	chr16	72184485	72184693	SINE/MIR	768	-	104	72184589	14122
chr16	72170467	72370467	harbor2	chr16	72189097	72189320	SINE/MIR	1070	-	112	72189209	18742
chr16	72170467	72370467	harbor2	chr16	72206505	72206711	SINE/MIR	667	-	103	72206608	36141
chr16	72170467	72370467	harbor2	chr16	72245226	72245463	SINE/MIR	1055	-	118	72245344	74877
chr16	72170467	72370467	harbor2	chr16	72261284	72261506	SINE/MIR	705	-	111	72261395	90928
chr16	72170467	72370467	harbor2	chr16	72263276	72263361	SINE/MIR	427	-	42	72263318	92851
chr16	87496326	87696326	harbor2	chr16	87503744	87503911	SINE/MIR	492	-	84	87503828	7502
chr16	87496326	87696326	harbor2	chr16	87507283	87507408	SINE/MIR	426	-	62	87507345	11019
chr16	87496326	87696326	harbor2	chr16	87539179	87539370	SINE/MIR	440	-	96	87539275	42949
chr16	87496326	87696326	harbor2	chr16	87590312	87590514	SINE/MIR	610	-	101	87590413	94087
chr16	71109605	71309605	harbor2	chr16	71120980	71121204	SINE/MIR	557	-	112	71121092	11487
chr16	71109605	71309605	harbor2	chr16	71131625	71131857	SINE/MIR	558	-	116	71131741	22136
chr16	71109605	71309605	harbor2	chr16	71191937	71192175	SINE/MIR	1021	-	119	71192056	82451
chr16	74100956	74300956	harbor2	chr16	74137800	74137992	SINE/MIR	548	-	96	74137896	36940
chr16	74100956	74300956	harbor2	chr16	74186152	74186349	SINE/MIR	660	-	98	74186250	85294
chr16	82692956	82892956	harbor2	chr16	82711833	82712018	SINE/MIR	610	-	92	82711925	18969
chr16	82692956	82892956	harbor2	chr16	82733510	82733735	SINE/MIR	508	-	112	82733622	40666
chr16	82692956	82892956	harbor2	chr16	82744672	82744932	SINE/MIR	481	-	130	82744802	51846
chr16	82692956	82892956	harbor2	chr16	82772582	82772826	SINE/MIR	448	-	122	82772704	79748
chr16	82692956	82892956	harbor2	chr16	82775481	82775728	SINE/MIR	660	-	124	82775605	82649
chr16	82692956	82892956	harbor2	chr16	82779146	82779341	SINE/MIR	517	-	98	82779244	86288
chr16	50372999	50572999	harbor2	chr16	50388199	50388344	SINE/MIR	546	-	72	50388271	15272
chr16	50372999	50572999	harbor2	chr16	50407132	50407374	SINE/MIR	830	-	121	50407253	34254
chr16	50372999	50572999	harbor2	chr16	50421814	50421950	SINE/MIR	604	-	68	50421882	48883
chr16	50372999	50572999	harbor2	chr16	50436939	50437077	SINE/MIR	442	-	69	50437008	64009
chr16	50372999	50572999	harbor2	chr16	50437385	50437484	SINE/MIR	442	-	50	50437435	64436
chr16	50372999	50572999	harbor2	chr16	50446505	50446734	SINE/MIR	604	-	114	50446619	73620
chr16	50372999	50572999	harbor2	chr16	50453310	50453481	SINE/MIR	684	-	86	50453396	80397
chr16	50372999	50572999	harbor2	chr16	50458818	50459015	SINE/MIR	425	-	98	50458916	85917
chr16	58265278	58465278	harbor2	chr16	58334989	58335212	SINE/MIR	807	-	112	58335101	69823
chr16	70519926	70719926	harbor2	chr16	70586712	70586878	SINE/MIR	453	-	83	70586795	66869
chr16	70519926	70719926	harbor2	chr16	70590612	70590786	SINE/MIR	536	-	87	70590699	70773
chr16	70519926	70719926	harbor2	chr16	70591662	70591816	SINE/MIR	491	-	77	70591739	71813
chr16	25527793	25727793	harbor2	chr16	25568137	25568347	SINE/MIR	509	-	105	25568242	40449
chr16	25527793	25727793	harbor2	chr16	25616217	25616359	SINE/MIR	516	-	71	25616288	88495
chr16	25527793	25727793	harbor2	chr16	25617799	25617942	SINE/MIR	590	-	72	25617871	90078
chr16	25527793	25727793	harbor2	chr16	25626801	25626954	SINE/MIR	541	-	76	25626877	99084
chr16	66843872	67043872	harbor2	chr16	66867348	66867368	SINE/MIR	425	-	10	66867358	23486
chr16	66843872	67043872	harbor2	chr16	66867687	66867801	SINE/MIR	425	-	57	66867744	23872
chr16	66843872	67043872	harbor2	chr16	66899076	66899276	SINE/MIR	734	-	100	66899176	55304
chr16	66843872	67043872	harbor2	chr16	66920077	66920235	SINE/MIR	429	-	79	66920156	76284
chr16	66843872	67043872	harbor2	chr16	66942334	66942490	SINE/MIR	438	-	78	66942412	98540
chr16	23718324	23918324	harbor2	chr16	23726803	23726991	SINE/MIR	623	-	94	23726897	8573
chr16	23718324	23918324	harbor2	chr16	23732724	23732927	SINE/MIR	569	-	102	23732826	14502
chr16	23718324	23918324	harbor2	chr16	23740726	23740911	SINE/MIR	457	-	92	23740818	22494
chr16	82708028	82908028	harbor2	chr16	82711833	82712018	SINE/MIR	610	-	92	82711925	3897
chr16	82708028	82908028	harbor2	chr16	82733510	82733735	SINE/MIR	508	-	112	82733622	25594
chr16	82708028	82908028	harbor2	chr16	82744672	82744932	SINE/MIR	481	-	130	82744802	36774
chr16	82708028	82908028	harbor2	chr16	82772582	82772826	SINE/MIR	448	-	122	82772704	64676
chr16	82708028	82908028	harbor2	chr16	82775481	82775728	SINE/MIR	660	-	124	82775605	67577
chr16	82708028	82908028	harbor2	chr16	82779146	82779341	SINE/MIR	517	-	98	82779244	71216
chr16	82708028	82908028	harbor2	chr16	82798812	82799033	SINE/MIR	573	-	110	82798922	90894
chr16	46560948	46760948	harbor2	chr16	46621947	46622152	SINE/MIR	748	-	102	46622049	61101
chr16	46560948	46760948	harbor2	chr16	46647679	46647718	SINE/MIR	492	-	20	46647699	86751
chr16	46560948	46760948	harbor2	chr16	46648001	46648119	SINE/MIR	492	-	59	46648060	87112
chr16	79818624	80018624	harbor2	chr16	79826581	79826769	SINE/MIR	416	-	94	79826675	8051
chr16	79818624	80018624	harbor2	chr16	79827804	79827945	SINE/MIR	523	-	70	79827874	9250
chr16	79818624	80018624	harbor2	chr16	79834473	79834679	SINE/MIR	591	-	103	79834576	15952
chr16	79818624	80018624	harbor2	chr16	79847806	79848022	SINE/MIR	551	-	108	79847914	29290
chr16	79818624	80018624	harbor2	chr16	79880439	79880607	SINE/MIR	440	-	84	79880523	61899
chr16	79818624	80018624	harbor2	chr16	79892215	79892473	SINE/MIR	616	-	129	79892344	73720
chr16	79818624	80018624	harbor2	chr16	79901859	79901905	SINE/MIR	455	-	23	79901882	83258
chr16	79818624	80018624	harbor2	chr16	79902414	79902518	SINE/MIR	455	-	52	79902466	83842
chr16	79818624	80018624	harbor2	chr16	79915843	79915999	SINE/MIR	537	-	78	79915921	97297
chr16	79818624	80018624	harbor2	chr16	79904733	79904919	SINE/MIR	419	-	93	79904826	86202
chr16	74031077	74231077	harbor2	chr16	74050698	74050911	SINE/MIR	656	-	106	74050804	19727
chr16	74031077	74231077	harbor2	chr16	74055258	74055429	SINE/MIR	519	-	86	74055344	24267
chr16	74031077	74231077	harbor2	chr16	74055953	74055970	SINE/MIR	519	-	8	74055961	24884
chr16	85229595	85429595	harbor2	chr16	85251954	85252087	SINE/MIR	520	-	66	85252020	22425
chr16	85229595	85429595	harbor2	chr16	85261924	85262094	SINE/MIR	499	-	85	85262009	32414
chr16	85229595	85429595	harbor2	chr16	85269954	85270095	SINE/MIR	478	-	70	85270024	40429
chr16	85229595	85429595	harbor2	chr16	85276092	85276179	SINE/MIR	543	-	44	85276136	46541
chr16	85229595	85429595	harbor2	chr16	85283694	85283922	SINE/MIR	903	-	114	85283808	54213
chr16	85229595	85429595	harbor2	chr16	85291048	85291235	SINE/MIR	600	-	94	85291142	61547
chr16	85229595	85429595	harbor2	chr16	85296751	85296936	SINE/MIR	473	-	92	85296843	67248
chr16	85229595	85429595	harbor2	chr16	85303486	85303701	SINE/MIR	473	-	108	85303594	73999
chr16	85229595	85429595	harbor2	chr16	85229474	85229680	SINE/MIR	803	-	103	85229577	18
chr16	52888577	53088577	harbor2	chr16	52911897	52912081	SINE/MIR	595	-	92	52911989	23412
chr16	52888577	53088577	harbor2	chr16	52918758	52918929	SINE/MIR	531	-	86	52918844	30267
chr16	52888577	53088577	harbor2	chr16	52930769	52930980	SINE/MIR	851	-	106	52930875	42298
chr16	52888577	53088577	harbor2	chr16	52931090	52931262	SINE/MIR	612	-	86	52931176	42599
chr16	52888577	53088577	harbor2	chr16	52951998	52952223	SINE/MIR	911	-	112	52952110	63533
chr16	52888577	53088577	harbor2	chr16	52965675	52965820	SINE/MIR	667	-	72	52965747	77170
chr16	52888577	53088577	harbor2	chr16	52976335	52976442	SINE/MIR	551	-	54	52976389	87812
chr16	85121673	85321673	harbor2	chr16	85128062	85128213	SINE/MIR	540	-	76	85128138	6465
chr16	85121673	85321673	harbor2	chr16	85128509	85128681	SINE/MIR	540	-	86	85128595	6922
chr16	85121673	85321673	harbor2	chr16	85135198	85135330	SINE/MIR	497	-	66	85135264	13591
chr16	85121673	85321673	harbor2	chr16	85146336	85146589	SINE/MIR	707	-	126	85146462	24789
chr16	85121673	85321673	harbor2	chr16	85150234	85150355	SINE/MIR	456	-	60	85150294	28621
chr16	85121673	85321673	harbor2	chr16	85166236	85166370	SINE/MIR	431	-	67	85166303	44630
chr16	85121673	85321673	harbor2	chr16	85175733	85175966	SINE/MIR	648	-	116	85175849	54176
chr16	85121673	85321673	harbor2	chr16	85180531	85180729	SINE/MIR	781	-	99	85180630	58957
chr16	85121673	85321673	harbor2	chr16	85183739	85183880	SINE/MIR	477	-	70	85183809	62136
chr16	85121673	85321673	harbor2	chr16	85209164	85209324	SINE/MIR	669	-	80	85209244	87571
chr16	85121673	85321673	harbor2	chr16	85216531	85216722	SINE/MIR	532	-	96	85216627	94954
chr16	6696030	6896030	harbor2	chr16	6704077	6704280	SINE/MIR	591	-	102	6704179	8149
chr16	6696030	6896030	harbor2	chr16	6734387	6734600	SINE/MIR	443	-	106	6734493	38463
chr16	54836627	55036627	harbor2	chr16	54854410	54854660	SINE/MIR	760	-	125	54854535	17908
chr16	54836627	55036627	harbor2	chr16	54870621	54870797	SINE/MIR	647	-	88	54870709	34082
chr16	71122421	71322421	harbor2	chr16	71131625	71131857	SINE/MIR	558	-	116	71131741	9320
chr16	71122421	71322421	harbor2	chr16	71191937	71192175	SINE/MIR	1021	-	119	71192056	69635
chr16	77385178	77585178	harbor2	chr16	77401333	77401553	SINE/MIR	510	-	110	77401443	16265
chr16	77385178	77585178	harbor2	chr16	77403014	77403200	SINE/MIR	616	-	93	77403107	17929
chr16	77385178	77585178	harbor2	chr16	77429786	77430011	SINE/MIR	496	-	112	77429898	44720
chr16	77385178	77585178	harbor2	chr16	77445431	77445581	SINE/MIR	499	-	75	77445506	60328
chr16	77385178	77585178	harbor2	chr16	77455906	77456162	SINE/MIR	711	-	128	77456034	70856
chr16	77385178	77585178	harbor2	chr16	77482499	77482731	SINE/MIR	745	-	116	77482615	97437
chr16	86341082	86541082	harbor2	chr16	86343047	86343179	SINE/MIR	431	-	66	86343113	2031
chr16	86341082	86541082	harbor2	chr16	86346930	86347058	SINE/MIR	534	-	64	86346994	5912
chr16	86341082	86541082	harbor2	chr16	86360293	86360475	SINE/MIR	454	-	91	86360384	19302
chr16	86341082	86541082	harbor2	chr16	86371884	86372093	SINE/MIR	524	-	104	86371988	30906
chr16	86341082	86541082	harbor2	chr16	86379868	86380062	SINE/MIR	612	-	97	86379965	38883
chr16	86341082	86541082	harbor2	chr16	86388579	86388780	SINE/MIR	485	-	100	86388679	47597
chr16	86341082	86541082	harbor2	chr16	86388841	86388990	SINE/MIR	509	-	74	86388915	47833
chr16	86341082	86541082	harbor2	chr16	86439674	86439893	SINE/MIR	456	-	110	86439784	98702
chr16	79041513	79241513	harbor2	chr16	79128420	79128577	SINE/MIR	655	-	78	79128498	86985
chr16	57965578	58165578	harbor2	chr16	57989575	57989754	SINE/MIR	505	-	90	57989665	24087
chr16	57965578	58165578	harbor2	chr16	57994442	57994624	SINE/MIR	554	-	91	57994533	28955
chr16	57965578	58165578	harbor2	chr16	58002050	58002198	SINE/MIR	565	-	74	58002124	36546
chr16	57965578	58165578	harbor2	chr16	58031043	58031240	SINE/MIR	581	-	98	58031141	65563
chr16	57965578	58165578	harbor2	chr16	58039066	58039150	SINE/MIR	494	-	42	58039108	73530
chr16	57965578	58165578	harbor2	chr16	58039453	58039539	SINE/MIR	494	-	43	58039496	73918
chr16	57965578	58165578	harbor2	chr16	58040749	58040897	SINE/MIR	525	-	74	58040823	75245
chr16	57965578	58165578	harbor2	chr16	58048735	58048880	SINE/MIR	447	-	72	58048807	83229
chr16	57965578	58165578	harbor2	chr16	58055107	58055231	SINE/MIR	536	-	62	58055169	89591
chr16	63994079	64194079	harbor2	chr16	64016597	64016824	SINE/MIR	499	-	114	64016711	22632
chr16	63994079	64194079	harbor2	chr16	64082290	64082537	SINE/MIR	467	-	124	64082414	88335
chr16	87723209	87923209	harbor2	chr16	87736725	87736842	SINE/MIR	523	-	58	87736783	13574
chr16	87723209	87923209	harbor2	chr16	87737140	87737243	SINE/MIR	523	-	52	87737192	13983
chr16	89875520	90075520	harbor2	chr16	89951001	89951218	SINE/MIR	891	-	108	89951109	75589
chr16	89875520	90075520	harbor2	chr16	89931598	89931790	SINE/MIR	486	-	96	89931694	56174
chr16	61391965	61591965	harbor2	chr16	61467924	61468153	SINE/MIR	444	-	114	61468038	76073
chr16	85065400	85265400	harbor2	chr16	85098724	85098917	SINE/MIR	559	-	96	85098820	33420
chr16	85065400	85265400	harbor2	chr16	85100352	85100511	SINE/MIR	464	-	80	85100432	35032
chr16	85065400	85265400	harbor2	chr16	85128062	85128213	SINE/MIR	540	-	76	85128138	62738
chr16	85065400	85265400	harbor2	chr16	85128509	85128681	SINE/MIR	540	-	86	85128595	63195
chr16	85065400	85265400	harbor2	chr16	85135198	85135330	SINE/MIR	497	-	66	85135264	69864
chr16	85065400	85265400	harbor2	chr16	85146336	85146589	SINE/MIR	707	-	126	85146462	81062
chr16	85065400	85265400	harbor2	chr16	85150234	85150355	SINE/MIR	456	-	60	85150294	84894
chr16	85065400	85265400	harbor2	chr16	85098372	85098569	SINE/MIR	527	-	98	85098470	33070
chr16	75865568	76065568	harbor2	chr16	75934113	75934219	SINE/MIR	455	-	53	75934166	68598
chr16	75865568	76065568	harbor2	chr16	75934539	75934635	SINE/MIR	455	-	48	75934587	69019
chr16	66890862	67090862	harbor2	chr16	66899076	66899276	SINE/MIR	734	-	100	66899176	8314
chr16	66890862	67090862	harbor2	chr16	66920077	66920235	SINE/MIR	429	-	79	66920156	29294
chr16	66890862	67090862	harbor2	chr16	66942334	66942490	SINE/MIR	438	-	78	66942412	51550
chr16	66890862	67090862	harbor2	chr16	66979570	66979713	SINE/MIR	429	-	72	66979642	88780
chr16	66890862	67090862	harbor2	chr16	66984253	66984419	SINE/MIR	419	-	83	66984336	93474
chr16	66890862	67090862	harbor2	chr16	66984724	66984791	SINE/MIR	419	-	34	66984758	93896
chr16	8437037	8637037	harbor2	chr16	8448569	8448806	SINE/MIR	495	-	118	8448687	11650
chr16	8437037	8637037	harbor2	chr16	8448871	8449028	SINE/MIR	444	-	78	8448949	11912
chr16	8437037	8637037	harbor2	chr16	8461775	8461937	SINE/MIR	487	-	81	8461856	24819
chr16	8437037	8637037	harbor2	chr16	8472529	8472767	SINE/MIR	644	-	119	8472648	35611
chr16	8437037	8637037	harbor2	chr16	8485867	8486001	SINE/MIR	491	-	67	8485934	48897
chr16	8437037	8637037	harbor2	chr16	8492901	8493038	SINE/MIR	413	-	68	8492969	55932
chr16	8437037	8637037	harbor2	chr16	8507290	8507486	SINE/MIR	474	-	98	8507388	70351
chr16	8437037	8637037	harbor2	chr16	8512099	8512173	SINE/MIR	536	-	37	8512136	75099
chr16	8437037	8637037	harbor2	chr16	8512471	8512578	SINE/MIR	536	-	54	8512525	75488
chr16	8437037	8637037	harbor2	chr16	8520382	8520538	SINE/MIR	513	-	78	8520460	83423
chr16	8437037	8637037	harbor2	chr16	8527593	8527791	SINE/MIR	418	-	99	8527692	90655
chr16	57990228	58190228	harbor2	chr16	57994442	57994624	SINE/MIR	554	-	91	57994533	4305
chr16	57990228	58190228	harbor2	chr16	58002050	58002198	SINE/MIR	565	-	74	58002124	11896
chr16	57990228	58190228	harbor2	chr16	58031043	58031240	SINE/MIR	581	-	98	58031141	40913
chr16	57990228	58190228	harbor2	chr16	58039066	58039150	SINE/MIR	494	-	42	58039108	48880
chr16	57990228	58190228	harbor2	chr16	58039453	58039539	SINE/MIR	494	-	43	58039496	49268
chr16	57990228	58190228	harbor2	chr16	58040749	58040897	SINE/MIR	525	-	74	58040823	50595
chr16	57990228	58190228	harbor2	chr16	58048735	58048880	SINE/MIR	447	-	72	58048807	58579
chr16	57990228	58190228	harbor2	chr16	58055107	58055231	SINE/MIR	536	-	62	58055169	64941
chr16	76182751	76382751	harbor2	chr16	76242445	76242673	SINE/MIR	509	-	114	76242559	59808
chr16	88238107	88438107	harbor2	chr16	88289493	88289694	SINE/MIR	600	-	100	88289593	51486
chr16	79525040	79725040	harbor2	chr16	79565850	79566005	SINE/MIR	526	-	78	79565928	40888
chr16	48371303	48571303	harbor2	chr16	48383904	48384130	SINE/MIR	649	-	113	48384017	12714
chr16	48371303	48571303	harbor2	chr16	48390381	48390552	SINE/MIR	613	-	86	48390467	19164
chr16	48371303	48571303	harbor2	chr16	48405905	48406140	SINE/MIR	484	-	118	48406023	34720
chr16	48371303	48571303	harbor2	chr16	48433937	48434125	SINE/MIR	597	-	94	48434031	62728
chr16	48371303	48571303	harbor2	chr16	48445844	48446043	SINE/MIR	731	-	100	48445944	74641
chr16	53519992	53719992	harbor2	chr16	53559788	53559931	SINE/MIR	466	-	72	53559860	39868
chr16	53519992	53719992	harbor2	chr16	53610439	53610654	SINE/MIR	791	-	108	53610547	90555
chr16	53519992	53719992	harbor2	chr16	53613766	53613984	SINE/MIR	581	-	109	53613875	93883
chr16	64686632	64886632	harbor2	chr16	64707028	64707222	SINE/MIR	441	-	97	64707125	20493
chr16	64686632	64886632	harbor2	chr16	64764618	64764758	SINE/MIR	478	-	70	64764688	78056
chr16	64686632	64886632	harbor2	chr16	64765717	64765868	SINE/MIR	445	-	76	64765793	79161
chr16	64686632	64886632	harbor2	chr16	64768912	64769090	SINE/MIR	478	-	89	64769001	82369
chr16	52878735	53078735	harbor2	chr16	52879576	52879786	SINE/MIR	519	-	105	52879681	946
chr16	52878735	53078735	harbor2	chr16	52911897	52912081	SINE/MIR	595	-	92	52911989	33254
chr16	52878735	53078735	harbor2	chr16	52918758	52918929	SINE/MIR	531	-	86	52918844	40109
chr16	52878735	53078735	harbor2	chr16	52930769	52930980	SINE/MIR	851	-	106	52930875	52140
chr16	52878735	53078735	harbor2	chr16	52931090	52931262	SINE/MIR	612	-	86	52931176	52441
chr16	52878735	53078735	harbor2	chr16	52951998	52952223	SINE/MIR	911	-	112	52952110	73375
chr16	52878735	53078735	harbor2	chr16	52965675	52965820	SINE/MIR	667	-	72	52965747	87012
chr16	52878735	53078735	harbor2	chr16	52976335	52976442	SINE/MIR	551	-	54	52976389	97654
chr16	27297383	27497383	harbor2	chr16	27311118	27311339	SINE/MIR	913	-	110	27311228	13845
chr16	27297383	27497383	harbor2	chr16	27319256	27319445	SINE/MIR	767	-	94	27319350	21967
chr16	27297383	27497383	harbor2	chr16	27320476	27320615	SINE/MIR	452	-	70	27320546	23163
chr16	27297383	27497383	harbor2	chr16	27339387	27339589	SINE/MIR	728	-	101	27339488	42105
chr16	27297383	27497383	harbor2	chr16	27352063	27352350	SINE/MIR	777	-	144	27352207	54824
chr16	27297383	27497383	harbor2	chr16	27355337	27355503	SINE/MIR	549	-	83	27355420	58037
chr16	27297383	27497383	harbor2	chr16	27366665	27366920	SINE/MIR	703	-	128	27366793	69410
chr16	21024074	21224074	harbor2	chr16	21029410	21029656	SINE/MIR	1033	-	123	21029533	5459
chr16	21024074	21224074	harbor2	chr16	21030662	21030796	SINE/MIR	419	-	67	21030729	6655
chr16	21024074	21224074	harbor2	chr16	21057424	21057584	SINE/MIR	443	-	80	21057504	33430
chr16	21024074	21224074	harbor2	chr16	21066821	21067010	SINE/MIR	436	-	94	21066915	42841
chr16	21024074	21224074	harbor2	chr16	21069829	21070070	SINE/MIR	817	-	120	21069949	45875
chr16	21024074	21224074	harbor2	chr16	21106887	21107136	SINE/MIR	683	-	124	21107011	82937
chr16	79162423	79362423	harbor2	chr16	79170223	79170398	SINE/MIR	643	-	88	79170311	7888
chr16	79162423	79362423	harbor2	chr16	79183673	79183857	SINE/MIR	451	-	92	79183765	21342
chr16	79162423	79362423	harbor2	chr16	79250992	79251199	SINE/MIR	420	-	104	79251096	88673
chr16	53287027	53487027	harbor2	chr16	53321064	53321223	SINE/MIR	787	-	80	53321144	34117
chr16	53287027	53487027	harbor2	chr16	53352968	53353213	SINE/MIR	496	-	122	53353090	66063
chr16	53287027	53487027	harbor2	chr16	53361239	53361434	SINE/MIR	490	-	98	53361337	74310
chr16	53287027	53487027	harbor2	chr16	53363307	53363444	SINE/MIR	481	-	68	53363375	76348
chr16	8817260	9017260	harbor2	chr16	8881185	8881291	SINE/MIR	423	-	53	8881238	63978
chr16	8817260	9017260	harbor2	chr16	8881594	8881638	SINE/MIR	423	-	22	8881616	64356
chr16	53938045	54138045	harbor2	chr16	53945280	53945435	SINE/MIR	432	-	78	53945358	7313
chr16	53938045	54138045	harbor2	chr16	53952025	53952271	SINE/MIR	873	-	123	53952148	14103
chr16	53938045	54138045	harbor2	chr16	53959032	53959253	SINE/MIR	717	-	110	53959142	21097
chr16	53938045	54138045	harbor2	chr16	53959537	53959766	SINE/MIR	555	-	114	53959651	21606
chr16	53938045	54138045	harbor2	chr16	53975804	53975983	SINE/MIR	476	-	90	53975894	37849
chr16	53938045	54138045	harbor2	chr16	53988558	53988775	SINE/MIR	1013	-	108	53988666	50621
chr16	53938045	54138045	harbor2	chr16	54005492	54005639	SINE/MIR	451	-	74	54005566	67521
chr16	53938045	54138045	harbor2	chr16	54015659	54015912	SINE/MIR	481	-	126	54015785	77740
chr16	53938045	54138045	harbor2	chr16	54015998	54016220	SINE/MIR	896	-	111	54016109	78064
chr16	81738226	81938226	harbor2	chr16	81741215	81741402	SINE/MIR	583	-	94	81741309	3083
chr16	81738226	81938226	harbor2	chr16	81748774	81748942	SINE/MIR	421	-	84	81748858	10632
chr16	81738226	81938226	harbor2	chr16	81756315	81756546	SINE/MIR	945	-	116	81756431	18205
chr16	81738226	81938226	harbor2	chr16	81793700	81793933	SINE/MIR	428	-	116	81793816	55590
chr16	81738226	81938226	harbor2	chr16	81807511	81807656	SINE/MIR	453	-	72	81807583	69357
chr16	81738226	81938226	harbor2	chr16	81818982	81819134	SINE/MIR	554	-	76	81819058	80832
chr16	81738226	81938226	harbor2	chr16	81836193	81836319	SINE/MIR	617	-	63	81836256	98030
chr16	78412161	78612161	harbor2	chr16	78482549	78482729	SINE/MIR	599	-	90	78482639	70478
chr16	81402142	81602142	harbor2	chr16	81402653	81402742	SINE/MIR	430	-	44	81402697	555
chr16	81402142	81602142	harbor2	chr16	81408680	81408779	SINE/MIR	521	-	50	81408730	6588
chr16	81402142	81602142	harbor2	chr16	81435456	81435677	SINE/MIR	428	-	110	81435566	33424
chr16	81402142	81602142	harbor2	chr16	81454201	81454380	SINE/MIR	494	-	90	81454291	52149
chr16	81402142	81602142	harbor2	chr16	81456491	81456715	SINE/MIR	787	-	112	81456603	54461
chr16	81402142	81602142	harbor2	chr16	81480130	81480257	SINE/MIR	484	-	64	81480194	78052
chr16	81402142	81602142	harbor2	chr16	81480555	81480607	SINE/MIR	484	-	26	81480581	78439
chr16	81402142	81602142	harbor2	chr16	81494831	81495021	SINE/MIR	415	-	95	81494926	92784
chr16	81402142	81602142	harbor2	chr16	81498945	81499085	SINE/MIR	508	-	70	81499015	96873
chr16	81402142	81602142	harbor2	chr16	81502016	81502210	SINE/MIR	614	-	97	81502113	99971
chr16	87087078	87287078	harbor2	chr16	87106435	87106692	SINE/MIR	456	-	128	87106563	19485
chr16	87087078	87287078	harbor2	chr16	87106927	87107033	SINE/MIR	554	-	53	87106980	19902
chr16	87087078	87287078	harbor2	chr16	87109098	87109222	SINE/MIR	457	-	62	87109160	22082
chr16	87087078	87287078	harbor2	chr16	87133200	87133435	SINE/MIR	575	-	118	87133318	46240
chr16	87087078	87287078	harbor2	chr16	87135110	87135360	SINE/MIR	702	-	125	87135235	48157
chr16	87087078	87287078	harbor2	chr16	87140145	87140368	SINE/MIR	693	-	112	87140257	53179
chr16	87087078	87287078	harbor2	chr16	87150816	87150988	SINE/MIR	700	-	86	87150902	63824
chr16	73948379	74148379	harbor2	chr16	73959377	73959579	SINE/MIR	439	-	101	73959478	11099
chr16	73948379	74148379	harbor2	chr16	73965292	73965479	SINE/MIR	579	-	94	73965386	17007
chr16	73948379	74148379	harbor2	chr16	74009932	74010140	SINE/MIR	621	-	104	74010036	61657
chr16	73948379	74148379	harbor2	chr16	74011689	74011889	SINE/MIR	685	-	100	74011789	63410
chr16	31974389	32174389	harbor2	chr16	31990979	31991166	SINE/MIR	806	-	94	31991073	16684
chr16	31974389	32174389	harbor2	chr16	31996729	31996892	SINE/MIR	736	-	82	31996811	22422
chr16	31974389	32174389	harbor2	chr16	31999351	31999517	SINE/MIR	413	-	83	31999434	25045
chr16	31974389	32174389	harbor2	chr16	32008192	32008340	SINE/MIR	449	-	74	32008266	33877
chr16	68412446	68612446	harbor2	chr16	68420278	68420417	SINE/MIR	586	-	70	68420348	7902
chr16	68412446	68612446	harbor2	chr16	68422970	68423173	SINE/MIR	618	-	102	68423072	10626
chr16	68412446	68612446	harbor2	chr16	68426811	68426991	SINE/MIR	471	-	90	68426901	14455
chr16	68412446	68612446	harbor2	chr16	68427302	68427343	SINE/MIR	471	-	20	68427322	14876
chr16	68412446	68612446	harbor2	chr16	68440572	68440785	SINE/MIR	693	-	106	68440678	28232
chr16	68412446	68612446	harbor2	chr16	68441137	68441332	SINE/MIR	641	-	98	68441235	28789
chr16	68412446	68612446	harbor2	chr16	68460424	68460593	SINE/MIR	688	-	84	68460508	48062
chr16	68412446	68612446	harbor2	chr16	68462467	68462689	SINE/MIR	438	-	111	68462578	50132
chr16	68412446	68612446	harbor2	chr16	68510923	68511094	SINE/MIR	592	-	86	68511009	98563
chr16	73688791	73888791	harbor2	chr16	73691540	73691783	SINE/MIR	616	-	122	73691662	2871
chr16	73688791	73888791	harbor2	chr16	73699588	73699710	SINE/MIR	511	-	61	73699649	10858
chr16	73688791	73888791	harbor2	chr16	73715396	73715562	SINE/MIR	455	-	83	73715479	26688
chr16	73688791	73888791	harbor2	chr16	73715872	73715942	SINE/MIR	455	-	35	73715907	27116
chr16	73688791	73888791	harbor2	chr16	73777673	73777850	SINE/MIR	565	-	88	73777761	88970
chr16	73688791	73888791	harbor2	chr16	73783689	73783845	SINE/MIR	705	-	78	73783767	94976
chr16	57629550	57829550	harbor2	chr16	57647480	57647661	SINE/MIR	878	-	90	57647570	18020
chr16	57629550	57829550	harbor2	chr16	57652012	57652121	SINE/MIR	462	-	54	57652066	22516
chr16	57629550	57829550	harbor2	chr16	57656666	57656854	SINE/MIR	802	-	94	57656760	27210
chr16	57629550	57829550	harbor2	chr16	57658214	57658377	SINE/MIR	609	-	82	57658296	28746
chr16	57629550	57829550	harbor2	chr16	57667830	57668001	SINE/MIR	501	-	86	57667916	38366
chr16	57629550	57829550	harbor2	chr16	57672451	57672628	SINE/MIR	429	-	88	57672539	42989
chr16	57629550	57829550	harbor2	chr16	57704060	57704255	SINE/MIR	423	-	98	57704158	74608
chr16	57629550	57829550	harbor2	chr16	57718619	57718754	SINE/MIR	426	-	68	57718687	89137
chr16	57629550	57829550	harbor2	chr16	57720053	57720308	SINE/MIR	898	-	128	57720181	90631
chr16	57629550	57829550	harbor2	chr16	57721230	57721402	SINE/MIR	434	-	86	57721316	91766
chr16	57629550	57829550	harbor2	chr16	57726665	57726809	SINE/MIR	575	-	72	57726737	97187
chr16	62980467	63180467	harbor2	chr16	63063955	63064189	SINE/MIR	607	-	117	63064072	83605
chr16	76655957	76855957	harbor2	chr16	76688469	76688619	SINE/MIR	440	-	75	76688544	32587
chr16	76655957	76855957	harbor2	chr16	76710913	76711112	SINE/MIR	486	-	100	76711013	55056
chr16	83180032	83380032	harbor2	chr16	83185020	83185201	SINE/MIR	597	-	90	83185110	5078
chr16	83180032	83380032	harbor2	chr16	83193223	83193396	SINE/MIR	440	-	86	83193309	13277
chr16	83180032	83380032	harbor2	chr16	83199698	83199933	SINE/MIR	553	-	118	83199816	19784
chr16	83180032	83380032	harbor2	chr16	83220899	83221112	SINE/MIR	553	-	106	83221005	40973
chr16	83180032	83380032	harbor2	chr16	83237913	83238045	SINE/MIR	422	-	66	83237979	57947
chr16	83180032	83380032	harbor2	chr16	83242905	83243132	SINE/MIR	742	-	114	83243019	62987
chr16	83180032	83380032	harbor2	chr16	83251281	83251494	SINE/MIR	649	-	106	83251387	71355
chr16	23273193	23473193	harbor2	chr16	23280113	23280210	SINE/MIR	584	-	48	23280161	6968
chr16	23273193	23473193	harbor2	chr16	23280518	23280663	SINE/MIR	584	-	72	23280590	7397
chr16	23273193	23473193	harbor2	chr16	23282301	23282496	SINE/MIR	677	-	98	23282399	9206
chr16	23273193	23473193	harbor2	chr16	23302784	23302994	SINE/MIR	538	-	105	23302889	29696
chr16	23273193	23473193	harbor2	chr16	23306896	23307132	SINE/MIR	606	-	118	23307014	33821
chr16	23273193	23473193	harbor2	chr16	23323464	23323658	SINE/MIR	874	-	97	23323561	50368
chr16	23273193	23473193	harbor2	chr16	23323986	23324186	SINE/MIR	625	-	100	23324086	50893
chr16	23273193	23473193	harbor2	chr16	23333541	23333688	SINE/MIR	647	-	74	23333615	60422
chr16	23273193	23473193	harbor2	chr16	23346835	23347012	SINE/MIR	639	-	88	23346923	73730
chr16	23273193	23473193	harbor2	chr16	23350104	23350359	SINE/MIR	580	-	128	23350232	77039
chr16	23273193	23473193	harbor2	chr16	23351233	23351396	SINE/MIR	587	-	82	23351315	78122
chr16	23273193	23473193	harbor2	chr16	23358956	23359086	SINE/MIR	640	-	65	23359021	85828
chr16	23273193	23473193	harbor2	chr16	23359220	23359350	SINE/MIR	640	-	65	23359285	86092
chr16	23273193	23473193	harbor2	chr16	23363283	23363437	SINE/MIR	533	-	77	23363360	90167
chr16	23273193	23473193	harbor2	chr16	23372325	23372457	SINE/MIR	554	-	66	23372391	99198
chr16	23273193	23473193	harbor2	chr16	23314365	23314580	SINE/MIR	764	-	108	23314473	41280
chr17	75504135	75704135	harbor2	chr17	75505931	75506139	SINE/MIR	591	-	104	75506035	1900
chr17	64733458	64933458	harbor2	chr17	64736907	64737094	SINE/MIR	754	-	94	64737001	3543
chr17	64733458	64933458	harbor2	chr17	64787665	64787867	SINE/MIR	885	-	101	64787766	54308
chr17	64733458	64933458	harbor2	chr17	64792641	64792794	SINE/MIR	662	-	76	64792717	59259
chr17	64733458	64933458	harbor2	chr17	64797574	64797751	SINE/MIR	639	-	88	64797662	64204
chr17	75354192	75554192	harbor2	chr17	75364346	75364574	SINE/MIR	631	-	114	75364460	10268
chr17	75354192	75554192	harbor2	chr17	75368921	75369141	SINE/MIR	645	-	110	75369031	14839
chr17	75354192	75554192	harbor2	chr17	75383504	75383562	SINE/MIR	498	-	29	75383533	29341
chr17	75354192	75554192	harbor2	chr17	75383878	75384070	SINE/MIR	498	-	96	75383974	29782
chr17	75354192	75554192	harbor2	chr17	75407846	75408016	SINE/MIR	579	-	85	75407931	53739
chr17	75354192	75554192	harbor2	chr17	75431430	75431600	SINE/MIR	505	-	85	75431515	77323
chr17	62727831	62927831	harbor2	chr17	62743001	62743218	SINE/MIR	585	-	108	62743109	15278
chr17	62727831	62927831	harbor2	chr17	62756590	62756842	SINE/MIR	775	-	126	62756716	28885
chr17	62727831	62927831	harbor2	chr17	62803850	62804052	SINE/MIR	830	-	101	62803951	76120
chr17	34234218	34434218	harbor2	chr17	34234429	34234655	SINE/MIR	688	-	113	34234542	324
chr17	34234218	34434218	harbor2	chr17	34249655	34249892	SINE/MIR	582	-	118	34249773	15555
chr17	34234218	34434218	harbor2	chr17	34284186	34284403	SINE/MIR	602	-	108	34284294	50076
chr17	47534150	47734150	harbor2	chr17	47574530	47574602	SINE/MIR	925	-	36	47574566	40416
chr17	47534150	47734150	harbor2	chr17	47574903	47575070	SINE/MIR	925	-	84	47574987	40837
chr17	47534150	47734150	harbor2	chr17	47616082	47616260	SINE/MIR	858	-	89	47616171	82021
chr17	47534150	47734150	harbor2	chr17	47621289	47621508	SINE/MIR	503	-	110	47621399	87249
chr17	37304798	37504798	harbor2	chr17	37391259	37391420	SINE/MIR	604	-	80	37391339	86541
chr17	49801246	50001246	harbor2	chr17	49844324	49844476	SINE/MIR	535	-	76	49844400	43154
chr17	49801246	50001246	harbor2	chr17	49844770	49844860	SINE/MIR	535	-	45	49844815	43569
chr17	49801246	50001246	harbor2	chr17	49844834	49845039	SINE/MIR	636	-	102	49844936	43690
chr17	49801246	50001246	harbor2	chr17	49863251	49863401	SINE/MIR	564	-	75	49863326	62080
chr17	49801246	50001246	harbor2	chr17	49867579	49867794	SINE/MIR	841	-	108	49867687	66441
chr17	49801246	50001246	harbor2	chr17	49874743	49874912	SINE/MIR	556	-	84	49874827	73581
chr17	49801246	50001246	harbor2	chr17	49888504	49888653	SINE/MIR	663	-	74	49888578	87332
chr17	49801246	50001246	harbor2	chr17	49895428	49895450	SINE/MIR	705	-	11	49895439	94193
chr17	49801246	50001246	harbor2	chr17	49895761	49895904	SINE/MIR	705	-	72	49895833	94587
chr17	77620535	77820535	harbor2	chr17	77710198	77710390	SINE/MIR	681	-	96	77710294	89759
chr17	51588346	51788346	harbor2	chr17	51589583	51589809	SINE/MIR	584	-	113	51589696	1350
chr17	51588346	51788346	harbor2	chr17	51670215	51670412	SINE/MIR	676	-	98	51670313	81967
chr17	51588346	51788346	harbor2	chr17	51670713	51670895	SINE/MIR	504	-	91	51670804	82458
chr17	51588346	51788346	harbor2	chr17	51672398	51672654	SINE/MIR	541	-	128	51672526	84180
chr17	65289511	65489511	harbor2	chr17	65289852	65290096	SINE/MIR	1075	-	122	65289974	463
chr17	65289511	65489511	harbor2	chr17	65311632	65311890	SINE/MIR	872	-	129	65311761	22250
chr17	65289511	65489511	harbor2	chr17	65317512	65317712	SINE/MIR	778	-	100	65317612	28101
chr17	65289511	65489511	harbor2	chr17	65318288	65318466	SINE/MIR	622	-	89	65318377	28866
chr17	65289511	65489511	harbor2	chr17	65376461	65376647	SINE/MIR	689	-	93	65376554	87043
chr17	77347578	77547578	harbor2	chr17	77354154	77354301	SINE/MIR	656	-	74	77354228	6650
chr17	77347578	77547578	harbor2	chr17	77424092	77424321	SINE/MIR	652	-	114	77424206	76628
chr17	77347578	77547578	harbor2	chr17	77435010	77435248	SINE/MIR	763	-	119	77435129	87551
chr17	39469413	39669413	harbor2	chr17	39541834	39541981	SINE/MIR	539	-	74	39541908	72495
chr17	36928410	37128410	harbor2	chr17	36929197	36929432	SINE/MIR	552	-	118	36929315	905
chr17	36928410	37128410	harbor2	chr17	36951506	36951687	SINE/MIR	739	-	90	36951596	23186
chr17	36928410	37128410	harbor2	chr17	36986339	36986459	SINE/MIR	534	-	60	36986399	57989
chr17	36928410	37128410	harbor2	chr17	37008217	37008410	SINE/MIR	666	-	96	37008313	79903
chr17	49707633	49907633	harbor2	chr17	49761432	49761635	SINE/MIR	904	-	102	49761534	53901
chr17	49707633	49907633	harbor2	chr17	49766319	49766540	SINE/MIR	875	-	110	49766429	58796
chr17	49707633	49907633	harbor2	chr17	49776137	49776323	SINE/MIR	701	-	93	49776230	68597
chr17	49707633	49907633	harbor2	chr17	49785071	49785232	SINE/MIR	717	-	80	49785151	77518
chr17	49707633	49907633	harbor2	chr17	49785539	49785614	SINE/MIR	717	-	38	49785577	77944
chr17	49707633	49907633	harbor2	chr17	49796317	49796570	SINE/MIR	653	-	126	49796443	88810
chr17	32320889	32520889	harbor2	chr17	32358217	32358432	SINE/MIR	652	-	108	32358325	37436
chr17	76834271	77034271	harbor2	chr17	76884188	76884360	SINE/MIR	566	-	86	76884274	50003
chr17	76834271	77034271	harbor2	chr17	76896533	76896743	SINE/MIR	578	-	105	76896638	62367
chr17	77103472	77303472	harbor2	chr17	77121326	77121368	SINE/MIR	612	-	21	77121347	17875
chr17	77103472	77303472	harbor2	chr17	77121657	77121842	SINE/MIR	612	-	92	77121749	18277
chr17	77103472	77303472	harbor2	chr17	77166246	77166447	SINE/MIR	573	-	100	77166346	62874
chr17	77103472	77303472	harbor2	chr17	77196889	77197120	SINE/MIR	815	-	116	77197005	93533
chr17	78317100	78517100	harbor2	chr17	78330603	78330730	SINE/MIR	579	-	64	78330667	13567
chr17	75405388	75605388	harbor2	chr17	75407846	75408016	SINE/MIR	579	-	85	75407931	2543
chr17	75405388	75605388	harbor2	chr17	75431430	75431600	SINE/MIR	505	-	85	75431515	26127
chr17	75405388	75605388	harbor2	chr17	75467931	75468157	SINE/MIR	678	-	113	75468044	62656
chr17	73638169	73838169	harbor2	chr17	73641220	73641478	SINE/MIR	769	-	129	73641349	3180
chr17	73638169	73838169	harbor2	chr17	73709167	73709327	SINE/MIR	532	-	80	73709247	71078
chr17	69570299	69770299	harbor2	chr17	69570279	69570469	SINE/MIR	515	-	95	69570374	75
chr17	69570299	69770299	harbor2	chr17	69602630	69602826	SINE/MIR	530	-	98	69602728	32429
chr17	69570299	69770299	harbor2	chr17	69636293	69636442	SINE/MIR	563	-	74	69636367	66068
chr17	69570299	69770299	harbor2	chr17	69648310	69648347	SINE/MIR	543	-	18	69648328	78029
chr17	69570299	69770299	harbor2	chr17	69648658	69648862	SINE/MIR	543	-	102	69648760	78461
chr17	74733557	74933557	harbor2	chr17	74772299	74772501	SINE/MIR	513	-	101	74772400	38843
chr17	77071718	77271718	harbor2	chr17	77121326	77121368	SINE/MIR	612	-	21	77121347	49629
chr17	77071718	77271718	harbor2	chr17	77121657	77121842	SINE/MIR	612	-	92	77121749	50031
chr17	77071718	77271718	harbor2	chr17	77166246	77166447	SINE/MIR	573	-	100	77166346	94628
chr17	77433200	77633200	harbor2	chr17	77435010	77435248	SINE/MIR	763	-	119	77435129	1929
chr17	77433200	77633200	harbor2	chr17	77468495	77468691	SINE/MIR	706	-	98	77468593	35393
chr17	79630539	79830539	harbor2	chr17	79630731	79630868	SINE/MIR	502	-	68	79630799	260
chr17	51112291	51312291	harbor2	chr17	51146963	51147227	SINE/MIR	528	-	132	51147095	34804
chr17	59228891	59428891	harbor2	chr17	59285787	59285986	SINE/MIR	733	-	100	59285887	56996
chr17	59228891	59428891	harbor2	chr17	59286286	59286302	SINE/MIR	733	-	8	59286294	57403
chr17	59228891	59428891	harbor2	chr17	59313794	59313918	SINE/MIR	505	-	62	59313856	84965
chr17	66938402	67138402	harbor2	chr17	66982856	66983108	SINE/MIR	983	-	126	66982982	44580
chr17	66938402	67138402	harbor2	chr17	67003124	67003372	SINE/MIR	660	-	124	67003248	64846
chr17	66938402	67138402	harbor2	chr17	67028617	67028810	SINE/MIR	841	-	96	67028713	90311
chr17	73828804	74028804	harbor2	chr17	73845001	73845244	SINE/MIR	986	-	122	73845123	16319
chr17	73828804	74028804	harbor2	chr17	73858303	73858564	SINE/MIR	533	-	130	73858433	29629
chr17	73828804	74028804	harbor2	chr17	73883630	73883854	SINE/MIR	748	-	112	73883742	54938
chr17	73828804	74028804	harbor2	chr17	73893700	73893940	SINE/MIR	676	-	120	73893820	65016
chr17	70979984	71179984	harbor2	chr17	71024155	71024389	SINE/MIR	814	-	117	71024272	44288
chr17	45936705	46136705	harbor2	chr17	45942782	45942961	SINE/MIR	509	-	90	45942872	6167
chr17	45936705	46136705	harbor2	chr17	45944121	45944300	SINE/MIR	547	-	90	45944211	7506
chr17	45936705	46136705	harbor2	chr17	45968811	45969062	SINE/MIR	835	-	126	45968937	32232
chr17	45936705	46136705	harbor2	chr17	45970559	45970795	SINE/MIR	612	-	118	45970677	33972
chr17	45936705	46136705	harbor2	chr17	45977775	45977989	SINE/MIR	514	-	107	45977882	41177
chr17	45936705	46136705	harbor2	chr17	45984302	45984472	SINE/MIR	620	-	85	45984387	47682
chr17	44309104	44509104	harbor2	chr17	44333767	44333933	SINE/MIR	528	-	83	44333850	24746
chr17	44309104	44509104	harbor2	chr17	44357806	44358055	SINE/MIR	775	-	124	44357930	48826
chr17	44309104	44509104	harbor2	chr17	44359355	44359535	SINE/MIR	507	-	90	44359445	50341
chr17	44309104	44509104	harbor2	chr17	44360285	44360330	SINE/MIR	512	-	22	44360307	51203
chr17	44309104	44509104	harbor2	chr17	44360507	44360629	SINE/MIR	512	-	61	44360568	51464
chr17	53511252	53711252	harbor2	chr17	53563642	53563842	SINE/MIR	561	-	100	53563742	52490
chr17	45855500	46055500	harbor2	chr17	45899367	45899549	SINE/MIR	848	-	91	45899458	43958
chr17	45855500	46055500	harbor2	chr17	45930480	45930673	SINE/MIR	797	-	96	45930576	75076
chr17	45855500	46055500	harbor2	chr17	45942782	45942961	SINE/MIR	509	-	90	45942872	87372
chr17	45855500	46055500	harbor2	chr17	45944121	45944300	SINE/MIR	547	-	90	45944211	88711
chr17	61631075	61831075	harbor2	chr17	61660382	61660643	SINE/MIR	667	-	130	61660512	29437
chr17	61631075	61831075	harbor2	chr17	61681357	61681547	SINE/MIR	509	-	95	61681452	50377
chr17	61631075	61831075	harbor2	chr17	61685457	61685702	SINE/MIR	520	-	122	61685579	54504
chr17	45570687	45770687	harbor2	chr17	45599708	45599905	SINE/MIR	612	-	98	45599806	29119
chr17	61095011	61295011	harbor2	chr17	61142099	61142329	SINE/MIR	663	-	115	61142214	47203
chr17	61095011	61295011	harbor2	chr17	61165813	61166005	SINE/MIR	542	-	96	61165909	70898
chr17	63685707	63885707	harbor2	chr17	63744695	63744919	SINE/MIR	498	-	112	63744807	59100
chr17	63685707	63885707	harbor2	chr17	63766960	63767192	SINE/MIR	727	-	116	63767076	81369
chr17	73944461	74144461	harbor2	chr17	73950884	73951033	SINE/MIR	572	-	74	73950958	6497
chr17	73944461	74144461	harbor2	chr17	73986143	73986200	SINE/MIR	517	-	28	73986171	41710
chr17	73944461	74144461	harbor2	chr17	73986573	73986694	SINE/MIR	517	-	60	73986633	42172
chr17	46731429	46931429	harbor2	chr17	46776381	46776541	SINE/MIR	537	-	80	46776461	45032
chr17	46731429	46931429	harbor2	chr17	46777616	46777836	SINE/MIR	918	-	110	46777726	46297
chr17	46731429	46931429	harbor2	chr17	46787395	46787566	SINE/MIR	605	-	86	46787481	56052
chr17	46731429	46931429	harbor2	chr17	46792785	46792964	SINE/MIR	553	-	90	46792875	61446
chr17	46731429	46931429	harbor2	chr17	46801028	46801214	SINE/MIR	508	-	93	46801121	69692
chr17	46731429	46931429	harbor2	chr17	46812830	46813036	SINE/MIR	704	-	103	46812933	81504
chr17	65419756	65619756	harbor2	chr17	65435809	65435971	SINE/MIR	507	-	81	65435890	16134
chr17	65419756	65619756	harbor2	chr17	65436687	65436940	SINE/MIR	614	-	126	65436813	17057
chr17	65419756	65619756	harbor2	chr17	65441414	65441606	SINE/MIR	959	-	96	65441510	21754
chr17	65419756	65619756	harbor2	chr17	65469204	65469357	SINE/MIR	544	-	76	65469280	49524
chr17	65419756	65619756	harbor2	chr17	65485413	65485634	SINE/MIR	583	-	110	65485523	65767
chr17	35723883	35923883	harbor2	chr17	35729688	35729916	SINE/MIR	646	-	114	35729802	5919
chr17	35723883	35923883	harbor2	chr17	35749588	35749813	SINE/MIR	865	-	112	35749700	25817
chr17	35723883	35923883	harbor2	chr17	35786794	35786986	SINE/MIR	554	-	96	35786890	63007
chr17	35723883	35923883	harbor2	chr17	35792792	35792958	SINE/MIR	604	-	83	35792875	68992
chr17	35723883	35923883	harbor2	chr17	35799209	35799398	SINE/MIR	567	-	94	35799303	75420
chr17	79174182	79374182	harbor2	chr17	79216765	79216906	SINE/MIR	529	-	70	79216835	42653
chr17	79174182	79374182	harbor2	chr17	79253765	79254012	SINE/MIR	552	-	124	79253889	79707
chr17	56826994	57026994	harbor2	chr17	56858763	56858991	SINE/MIR	587	-	114	56858877	31883
chr17	56826994	57026994	harbor2	chr17	56909914	56910106	SINE/MIR	935	-	96	56910010	83016
chr17	45308827	45508827	harbor2	chr17	45313334	45313560	SINE/MIR	640	-	113	45313447	4620
chr17	45308827	45508827	harbor2	chr17	45320728	45320877	SINE/MIR	545	-	74	45320802	11975
chr17	45308827	45508827	harbor2	chr17	45336981	45337140	SINE/MIR	558	-	80	45337061	28234
chr17	45308827	45508827	harbor2	chr17	45343578	45343765	SINE/MIR	831	-	94	45343672	34845
chr17	45308827	45508827	harbor2	chr17	45363315	45363532	SINE/MIR	694	-	108	45363423	54596
chr17	45308827	45508827	harbor2	chr17	45388007	45388234	SINE/MIR	657	-	114	45388121	79294
chr17	74216489	74416489	harbor2	chr17	74248711	74248902	SINE/MIR	679	-	96	74248807	32318
chr17	73842588	74042588	harbor2	chr17	73845001	73845244	SINE/MIR	986	-	122	73845123	2535
chr17	73842588	74042588	harbor2	chr17	73858303	73858564	SINE/MIR	533	-	130	73858433	15845
chr17	73842588	74042588	harbor2	chr17	73883630	73883854	SINE/MIR	748	-	112	73883742	41154
chr17	73842588	74042588	harbor2	chr17	73893700	73893940	SINE/MIR	676	-	120	73893820	51232
chr17	73842588	74042588	harbor2	chr17	73940315	73940540	SINE/MIR	759	-	112	73940427	97839
chr17	53827955	54027955	harbor2	chr17	53895414	53895640	SINE/MIR	651	-	113	53895527	67572
chr17	68359538	68559538	harbor2	chr17	68370916	68371038	SINE/MIR	504	-	61	68370977	11439
chr17	68359538	68559538	harbor2	chr17	68371340	68371457	SINE/MIR	504	-	58	68371398	11860
chr17	68359538	68559538	harbor2	chr17	68433084	68433307	SINE/MIR	642	-	112	68433196	73658
chr17	73735688	73935688	harbor2	chr17	73770156	73770384	SINE/MIR	907	-	114	73770270	34582
chr17	73735688	73935688	harbor2	chr17	73773602	73773822	SINE/MIR	665	-	110	73773712	38024
chr17	73735688	73935688	harbor2	chr17	73788672	73788845	SINE/MIR	625	-	86	73788758	53070
chr17	73735688	73935688	harbor2	chr17	73789305	73789344	SINE/MIR	625	-	20	73789325	53637
chr17	73735688	73935688	harbor2	chr17	73823192	73823391	SINE/MIR	548	-	100	73823292	87604
chr17	73735688	73935688	harbor2	chr17	73825972	73826157	SINE/MIR	665	-	92	73826064	90376
chr17	64581505	64781505	harbor2	chr17	64585357	64585586	SINE/MIR	737	-	114	64585471	3966
chr17	64581505	64781505	harbor2	chr17	64599118	64599348	SINE/MIR	1035	-	115	64599233	17728
chr17	70347428	70547428	harbor2	chr17	70408638	70408859	SINE/MIR	872	-	110	70408748	61320
chr17	70347428	70547428	harbor2	chr17	70413416	70413611	SINE/MIR	612	-	98	70413514	66086
chr17	70347428	70547428	harbor2	chr17	70413914	70413949	SINE/MIR	612	-	18	70413932	66504
chr17	70347428	70547428	harbor2	chr17	70418733	70418873	SINE/MIR	499	-	70	70418803	71375
chr17	70347428	70547428	harbor2	chr17	70427681	70427875	SINE/MIR	510	-	97	70427778	80350
chr17	51922007	52122007	harbor2	chr17	51938741	51938924	SINE/MIR	576	-	92	51938833	16826
chr17	51922007	52122007	harbor2	chr17	51941018	51941206	SINE/MIR	596	-	94	51941112	19105
chr17	51922007	52122007	harbor2	chr17	51989924	51990060	SINE/MIR	673	-	68	51989992	67985
chr17	70362518	70562518	harbor2	chr17	70408638	70408859	SINE/MIR	872	-	110	70408748	46230
chr17	70362518	70562518	harbor2	chr17	70413416	70413611	SINE/MIR	612	-	98	70413514	50996
chr17	70362518	70562518	harbor2	chr17	70413914	70413949	SINE/MIR	612	-	18	70413932	51414
chr17	70362518	70562518	harbor2	chr17	70418733	70418873	SINE/MIR	499	-	70	70418803	56285
chr17	70362518	70562518	harbor2	chr17	70427681	70427875	SINE/MIR	510	-	97	70427778	65260
chr17	73115608	73315608	harbor2	chr17	73181908	73182068	SINE/MIR	711	-	80	73181988	66380
chr17	51248948	51448948	harbor2	chr17	51322855	51323034	SINE/MIR	772	-	90	51322945	73997
chr17	51248948	51448948	harbor2	chr17	51333801	51334026	SINE/MIR	554	-	112	51333913	84965
chr17	20648337	20848337	harbor2	chr17	20672497	20672567	SINE/MIR	637	-	35	20672532	24195
chr17	20648337	20848337	harbor2	chr17	20672875	20673005	SINE/MIR	637	-	65	20672940	24603
chr17	49439195	49639195	harbor2	chr17	49443200	49443375	SINE/MIR	584	-	88	49443288	4093
chr17	49439195	49639195	harbor2	chr17	49446351	49446587	SINE/MIR	528	-	118	49446469	7274
chr17	49439195	49639195	harbor2	chr17	49460347	49460506	SINE/MIR	701	-	80	49460427	21232
chr17	49439195	49639195	harbor2	chr17	49463415	49463559	SINE/MIR	564	-	72	49463487	24292
chr17	49439195	49639195	harbor2	chr17	49467640	49467808	SINE/MIR	657	-	84	49467724	28529
chr17	49439195	49639195	harbor2	chr17	49483669	49483922	SINE/MIR	553	-	126	49483795	44600
chr17	49439195	49639195	harbor2	chr17	49498925	49499122	SINE/MIR	590	-	98	49499023	59828
chr17	49439195	49639195	harbor2	chr17	49504461	49504653	SINE/MIR	636	-	96	49504557	65362
chr17	49439195	49639195	harbor2	chr17	49524435	49524657	SINE/MIR	546	-	111	49524546	85351
chr17	69627362	69827362	harbor2	chr17	69636293	69636442	SINE/MIR	563	-	74	69636367	9005
chr17	69627362	69827362	harbor2	chr17	69648310	69648347	SINE/MIR	543	-	18	69648328	20966
chr17	69627362	69827362	harbor2	chr17	69648658	69648862	SINE/MIR	543	-	102	69648760	21398
chr17	69627362	69827362	harbor2	chr17	69688513	69688739	SINE/MIR	635	-	113	69688626	61264
chr17	73773488	73973488	harbor2	chr17	73773602	73773822	SINE/MIR	665	-	110	73773712	224
chr17	73773488	73973488	harbor2	chr17	73788672	73788845	SINE/MIR	625	-	86	73788758	15270
chr17	73773488	73973488	harbor2	chr17	73789305	73789344	SINE/MIR	625	-	20	73789325	15837
chr17	73773488	73973488	harbor2	chr17	73823192	73823391	SINE/MIR	548	-	100	73823292	49804
chr17	73773488	73973488	harbor2	chr17	73825972	73826157	SINE/MIR	665	-	92	73826064	52576
chr17	73773488	73973488	harbor2	chr17	73845001	73845244	SINE/MIR	986	-	122	73845123	71635
chr17	73773488	73973488	harbor2	chr17	73858303	73858564	SINE/MIR	533	-	130	73858433	84945
chr17	67847044	68047044	harbor2	chr17	67865347	67865601	SINE/MIR	606	-	127	67865474	18430
chr17	67847044	68047044	harbor2	chr17	67936737	67936937	SINE/MIR	511	-	100	67936837	89793
chr17	67847044	68047044	harbor2	chr17	67862324	67862572	SINE/MIR	1028	-	124	67862448	15404
chr17	72760985	72960985	harbor2	chr17	72791515	72791617	SINE/MIR	774	-	51	72791566	30581
chr17	72760985	72960985	harbor2	chr17	72791985	72792055	SINE/MIR	774	-	35	72792020	31035
chr17	72760985	72960985	harbor2	chr17	72792540	72792633	SINE/MIR	774	-	46	72792586	31601
chr17	72760985	72960985	harbor2	chr17	72854118	72854283	SINE/MIR	526	-	82	72854200	93215
chr17	36052860	36252860	harbor2	chr17	36092770	36092991	SINE/MIR	612	-	110	36092880	40020
chr17	36052860	36252860	harbor2	chr17	36150961	36151093	SINE/MIR	523	-	66	36151027	98167
chr17	40643156	40843156	harbor2	chr17	40647209	40647404	SINE/MIR	565	-	98	40647307	4151
chr17	40643156	40843156	harbor2	chr17	40658464	40658647	SINE/MIR	1258	-	92	40658556	15400
chr17	40643156	40843156	harbor2	chr17	40735789	40736024	SINE/MIR	818	-	118	40735907	92751
chr17	54002434	54202434	harbor2	chr17	54013704	54013934	SINE/MIR	560	-	115	54013819	11385
chr17	54002434	54202434	harbor2	chr17	54095822	54095978	SINE/MIR	542	-	78	54095900	93466
chr17	54002434	54202434	harbor2	chr17	54099637	54099852	SINE/MIR	512	-	108	54099745	97311
chr17	37316079	37516079	harbor2	chr17	37391259	37391420	SINE/MIR	604	-	80	37391339	75260
chr17	13411141	13611141	harbor2	chr17	13422335	13422569	SINE/MIR	648	-	117	13422452	11311
chr17	13411141	13611141	harbor2	chr17	13485003	13485209	SINE/MIR	791	-	103	13485106	73965
chr17	13411141	13611141	harbor2	chr17	13507258	13507448	SINE/MIR	606	-	95	13507353	96212
chr17	75589279	75789279	harbor2	chr17	75642664	75642903	SINE/MIR	795	-	120	75642784	53505
chr17	37142008	37342008	harbor2	chr17	37143007	37143204	SINE/MIR	888	-	98	37143105	1097
chr17	53405240	53605240	harbor2	chr17	53469898	53470106	SINE/MIR	673	-	104	53470002	64762
chr17	53405240	53605240	harbor2	chr17	53504152	53504322	SINE/MIR	583	-	85	53504237	98997
chr17	69162284	69362284	harbor2	chr17	69181914	69182122	SINE/MIR	743	-	104	69182018	19734
chr17	69162284	69362284	harbor2	chr17	69200179	69200411	SINE/MIR	559	-	116	69200295	38011
chr17	69162284	69362284	harbor2	chr17	69215295	69215538	SINE/MIR	664	-	122	69215417	53133
chr17	50103877	50303877	harbor2	chr17	50118785	50119002	SINE/MIR	724	-	108	50118893	15016
chr17	50103877	50303877	harbor2	chr17	50123048	50123224	SINE/MIR	524	-	88	50123136	19259
chr17	50103877	50303877	harbor2	chr17	50125338	50125535	SINE/MIR	596	-	98	50125436	21559
chr17	50103877	50303877	harbor2	chr17	50138931	50139074	SINE/MIR	668	-	72	50139003	35126
chr17	50103877	50303877	harbor2	chr17	50169808	50170030	SINE/MIR	563	-	111	50169919	66042
chr17	50103877	50303877	harbor2	chr17	50176052	50176223	SINE/MIR	554	-	86	50176138	72261
chr17	48024005	48224005	harbor2	chr17	48027310	48027532	SINE/MIR	519	-	111	48027421	3416
chr17	48024005	48224005	harbor2	chr17	48085159	48085326	SINE/MIR	536	-	84	48085243	61238
chr17	21620843	21820843	harbor2	chr17	21665861	21666078	SINE/MIR	537	-	108	21665969	45126
chr17	21620843	21820843	harbor2	chr17	21691139	21691305	SINE/MIR	697	-	83	21691222	70379
chr17	70069375	70269375	harbor2	chr17	70074095	70074232	SINE/MIR	548	-	68	70074163	4788
chr17	68893890	69093890	harbor2	chr17	68989166	68989256	SINE/MIR	630	-	45	68989211	95321
chr17	68893890	69093890	harbor2	chr17	68989296	68989431	SINE/MIR	630	-	68	68989364	95474
chr17	68105019	68305019	harbor2	chr17	68142620	68142757	SINE/MIR	704	-	68	68142688	37669
chr17	68105019	68305019	harbor2	chr17	68148712	68148926	SINE/MIR	861	-	107	68148819	43800
chr17	68105019	68305019	harbor2	chr17	68167540	68167760	SINE/MIR	517	-	110	68167650	62631
chr17	79212468	79412468	harbor2	chr17	79216765	79216906	SINE/MIR	529	-	70	79216835	4367
chr17	79212468	79412468	harbor2	chr17	79253765	79254012	SINE/MIR	552	-	124	79253889	41421
chr17	79212468	79412468	harbor2	chr17	79276771	79276988	SINE/MIR	541	-	108	79276879	64411
chr17	79212468	79412468	harbor2	chr17	79293069	79293247	SINE/MIR	541	-	89	79293158	80690
chr17	79212468	79412468	harbor2	chr17	79302158	79302368	SINE/MIR	535	-	105	79302263	89795
chr17	42457674	42657674	harbor2	chr17	42467167	42467401	SINE/MIR	648	-	117	42467284	9610
chr17	30466528	30666528	harbor2	chr17	30508721	30508916	SINE/MIR	520	-	98	30508819	42291
chr17	40950820	41150820	harbor2	chr17	40952793	40953012	SINE/MIR	874	-	110	40952903	2083
chr17	40950820	41150820	harbor2	chr17	40957293	40957501	SINE/MIR	620	-	104	40957397	6577
chr17	40950820	41150820	harbor2	chr17	41006425	41006616	SINE/MIR	592	-	96	41006521	55701
chr17	40950820	41150820	harbor2	chr17	41011389	41011611	SINE/MIR	835	-	111	41011500	60680
chr17	40950820	41150820	harbor2	chr17	41014520	41014753	SINE/MIR	964	-	116	41014636	63816
chr17	40950820	41150820	harbor2	chr17	41016234	41016463	SINE/MIR	580	-	114	41016348	65528
chr17	40950820	41150820	harbor2	chr17	41035376	41035611	SINE/MIR	667	-	118	41035494	84674
chr17	71892499	72092499	harbor2	chr17	71902363	71902580	SINE/MIR	662	-	108	71902471	9972
chr17	71892499	72092499	harbor2	chr17	71917220	71917423	SINE/MIR	790	-	102	71917322	24823
chr17	71892499	72092499	harbor2	chr17	71934234	71934466	SINE/MIR	681	-	116	71934350	41851
chr17	71892499	72092499	harbor2	chr17	71965773	71965966	SINE/MIR	693	-	96	71965869	73370
chr17	71680333	71880333	harbor2	chr17	71723647	71723685	SINE/MIR	555	-	19	71723666	43333
chr17	71680333	71880333	harbor2	chr17	71724473	71724611	SINE/MIR	555	-	69	71724542	44209
chr17	71680333	71880333	harbor2	chr17	71730769	71730953	SINE/MIR	512	-	92	71730861	50528
chr17	59131980	59331980	harbor2	chr17	59160103	59160357	SINE/MIR	647	-	127	59160230	28250
chr17	73148530	73348530	harbor2	chr17	73181908	73182068	SINE/MIR	711	-	80	73181988	33458
chr17	73148530	73348530	harbor2	chr17	73238638	73238870	SINE/MIR	547	-	116	73238754	90224
chr17	73148530	73348530	harbor2	chr17	73239392	73239520	SINE/MIR	577	-	64	73239456	90926
chr17	73148530	73348530	harbor2	chr17	73239821	73239904	SINE/MIR	577	-	42	73239863	91333
chr17	27938244	28138244	harbor2	chr17	27942937	27943075	SINE/MIR	509	-	69	27943006	4762
chr17	27938244	28138244	harbor2	chr17	27951629	27951858	SINE/MIR	512	-	114	27951743	13499
chr17	27938244	28138244	harbor2	chr17	27956012	27956236	SINE/MIR	757	-	112	27956124	17880
chr17	27938244	28138244	harbor2	chr17	27964080	27964299	SINE/MIR	883	-	110	27964190	25946
chr17	27938244	28138244	harbor2	chr17	27986145	27986380	SINE/MIR	549	-	118	27986263	48019
chr17	27938244	28138244	harbor2	chr17	27993142	27993336	SINE/MIR	520	-	97	27993239	54995
chr17	27938244	28138244	harbor2	chr17	27997004	27997242	SINE/MIR	633	-	119	27997123	58879
chr17	27938244	28138244	harbor2	chr17	28006502	28006676	SINE/MIR	565	-	87	28006589	68345
chr17	27938244	28138244	harbor2	chr17	28010271	28010444	SINE/MIR	560	-	86	28010357	72113
chr17	27938244	28138244	harbor2	chr17	28033184	28033369	SINE/MIR	500	-	92	28033276	95032
chr17	27938244	28138244	harbor2	chr17	28034648	28034830	SINE/MIR	603	-	91	28034739	96495
chr17	52647184	52847184	harbor2	chr17	52681149	52681386	SINE/MIR	503	-	118	52681267	34083
chr17	52647184	52847184	harbor2	chr17	52727247	52727469	SINE/MIR	645	-	111	52727358	80174
chr17	52647184	52847184	harbor2	chr17	52745113	52745298	SINE/MIR	535	-	92	52745205	98021
chr17	76537788	76737788	harbor2	chr17	76543420	76543627	SINE/MIR	536	-	104	76543524	5736
chr17	76537788	76737788	harbor2	chr17	76546747	76546946	SINE/MIR	594	-	100	76546847	9059
chr17	76537788	76737788	harbor2	chr17	76550829	76551081	SINE/MIR	642	-	126	76550955	13167
chr17	73956592	74156592	harbor2	chr17	73986143	73986200	SINE/MIR	517	-	28	73986171	29579
chr17	73956592	74156592	harbor2	chr17	73986573	73986694	SINE/MIR	517	-	60	73986633	30041
chr17	73956592	74156592	harbor2	chr17	74049825	74050059	SINE/MIR	576	-	117	74049942	93350
chr17	71540782	71740782	harbor2	chr17	71547841	71548034	SINE/MIR	803	-	96	71547937	7155
chr17	71540782	71740782	harbor2	chr17	71552298	71552478	SINE/MIR	527	-	90	71552388	11606
chr17	72791413	72991413	harbor2	chr17	72791515	72791617	SINE/MIR	774	-	51	72791566	153
chr17	72791413	72991413	harbor2	chr17	72791985	72792055	SINE/MIR	774	-	35	72792020	607
chr17	72791413	72991413	harbor2	chr17	72792540	72792633	SINE/MIR	774	-	46	72792586	1173
chr17	72791413	72991413	harbor2	chr17	72854118	72854283	SINE/MIR	526	-	82	72854200	62787
chr17	82622227	82822227	harbor2	chr17	82643034	82643152	SINE/MIR	642	-	59	82643093	20866
chr17	82622227	82822227	harbor2	chr17	82643454	82643548	SINE/MIR	642	-	47	82643501	21274
chr17	50633840	50833840	harbor2	chr17	50659577	50659702	SINE/MIR	500	-	62	50659639	25799
chr17	50633840	50833840	harbor2	chr17	50660000	50660133	SINE/MIR	500	-	66	50660066	26226
chr17	50633840	50833840	harbor2	chr17	50661305	50661538	SINE/MIR	730	-	116	50661421	27581
chr17	50633840	50833840	harbor2	chr17	50684987	50685199	SINE/MIR	509	-	106	50685093	51253
chr17	50633840	50833840	harbor2	chr17	50710829	50710953	SINE/MIR	527	-	62	50710891	77051
chr17	50633840	50833840	harbor2	chr17	50711206	50711299	SINE/MIR	527	-	46	50711252	77412
chr17	50633840	50833840	harbor2	chr17	50718344	50718519	SINE/MIR	541	-	88	50718432	84592
chr17	66967525	67167525	harbor2	chr17	66982856	66983108	SINE/MIR	983	-	126	66982982	15457
chr17	66967525	67167525	harbor2	chr17	67003124	67003372	SINE/MIR	660	-	124	67003248	35723
chr17	66967525	67167525	harbor2	chr17	67028617	67028810	SINE/MIR	841	-	96	67028713	61188
chr17	66967525	67167525	harbor2	chr17	67039776	67039957	SINE/MIR	501	-	90	67039866	72341
chr17	57862295	58062295	harbor2	chr17	57876842	57877032	SINE/MIR	609	-	95	57876937	14642
chr17	57862295	58062295	harbor2	chr17	57890014	57890186	SINE/MIR	616	-	86	57890100	27805
chr17	57862295	58062295	harbor2	chr17	57895044	57895296	SINE/MIR	863	-	126	57895170	32875
chr17	57862295	58062295	harbor2	chr17	57897125	57897368	SINE/MIR	826	-	122	57897247	34952
chr17	57862295	58062295	harbor2	chr17	57902817	57902955	SINE/MIR	564	-	69	57902886	40591
chr17	57862295	58062295	harbor2	chr17	57917518	57917733	SINE/MIR	714	-	108	57917626	55331
chr17	57862295	58062295	harbor2	chr17	57919948	57920164	SINE/MIR	678	-	108	57920056	57761
chr17	57862295	58062295	harbor2	chr17	57927822	57928026	SINE/MIR	866	-	102	57927924	65629
chr17	57862295	58062295	harbor2	chr17	57929170	57929398	SINE/MIR	838	-	114	57929284	66989
chr17	57862295	58062295	harbor2	chr17	57945643	57945737	SINE/MIR	682	-	47	57945690	83395
chr17	57862295	58062295	harbor2	chr17	57946015	57946174	SINE/MIR	682	-	80	57946095	83800
chr17	82563756	82763756	harbor2	chr17	82643034	82643152	SINE/MIR	642	-	59	82643093	79337
chr17	82563756	82763756	harbor2	chr17	82643454	82643548	SINE/MIR	642	-	47	82643501	79745
chr17	58174345	58374345	harbor2	chr17	58198147	58198355	SINE/MIR	590	-	104	58198251	23906
chr17	58174345	58374345	harbor2	chr17	58200907	58201102	SINE/MIR	503	-	98	58201005	26660
chr17	58174345	58374345	harbor2	chr17	58246884	58247025	SINE/MIR	604	-	70	58246954	72609
chr17	58174345	58374345	harbor2	chr17	58254517	58254678	SINE/MIR	516	-	80	58254597	80252
chr17	58174345	58374345	harbor2	chr17	58270242	58270374	SINE/MIR	598	-	66	58270308	95963
chr17	73364717	73564717	harbor2	chr17	73384148	73384300	SINE/MIR	556	-	76	73384224	19507
chr17	73364717	73564717	harbor2	chr17	73423111	73423347	SINE/MIR	534	-	118	73423229	58512
chr17	73364717	73564717	harbor2	chr17	73456287	73456474	SINE/MIR	520	-	94	73456381	91664
chr17	73364717	73564717	harbor2	chr17	73433065	73433263	SINE/MIR	512	-	99	73433164	68447
chr17	64363021	64563021	harbor2	chr17	64376995	64377221	SINE/MIR	561	-	113	64377108	14087
chr17	57321430	57521430	harbor2	chr17	57326618	57326845	SINE/MIR	849	-	114	57326732	5302
chr17	57321430	57521430	harbor2	chr17	57369660	57369873	SINE/MIR	632	-	106	57369766	48336
chr17	57321430	57521430	harbor2	chr17	57376192	57376396	SINE/MIR	504	-	102	57376294	54864
chr17	65643697	65843697	harbor2	chr17	65672498	65672737	SINE/MIR	809	-	120	65672618	28921
chr17	65643697	65843697	harbor2	chr17	65682854	65683079	SINE/MIR	551	-	112	65682966	39269
chr17	65643697	65843697	harbor2	chr17	65720767	65720987	SINE/MIR	978	-	110	65720877	77180
chr17	73127139	73327139	harbor2	chr17	73181908	73182068	SINE/MIR	711	-	80	73181988	54849
chr17	50302361	50502361	harbor2	chr17	50358012	50358216	SINE/MIR	636	-	102	50358114	55753
chr17	50302361	50502361	harbor2	chr17	50373525	50373690	SINE/MIR	562	-	82	50373607	71246
chr17	50302361	50502361	harbor2	chr17	50396233	50396403	SINE/MIR	556	-	85	50396318	93957
chr17	79236240	79436240	harbor2	chr17	79253765	79254012	SINE/MIR	552	-	124	79253889	17649
chr17	79236240	79436240	harbor2	chr17	79276771	79276988	SINE/MIR	541	-	108	79276879	40639
chr17	79236240	79436240	harbor2	chr17	79293069	79293247	SINE/MIR	541	-	89	79293158	56918
chr17	79236240	79436240	harbor2	chr17	79302158	79302368	SINE/MIR	535	-	105	79302263	66023
chr17	79236240	79436240	harbor2	chr17	79326820	79327060	SINE/MIR	690	-	120	79326940	90700
chr17	75344412	75544412	harbor2	chr17	75364346	75364574	SINE/MIR	631	-	114	75364460	20048
chr17	75344412	75544412	harbor2	chr17	75368921	75369141	SINE/MIR	645	-	110	75369031	24619
chr17	75344412	75544412	harbor2	chr17	75383504	75383562	SINE/MIR	498	-	29	75383533	39121
chr17	75344412	75544412	harbor2	chr17	75383878	75384070	SINE/MIR	498	-	96	75383974	39562
chr17	75344412	75544412	harbor2	chr17	75407846	75408016	SINE/MIR	579	-	85	75407931	63519
chr17	75344412	75544412	harbor2	chr17	75431430	75431600	SINE/MIR	505	-	85	75431515	87103
chr17	58492305	58692305	harbor2	chr17	58492986	58493206	SINE/MIR	726	-	110	58493096	791
chr17	58492305	58692305	harbor2	chr17	58511610	58511860	SINE/MIR	813	-	125	58511735	19430
chr17	58492305	58692305	harbor2	chr17	58540825	58541073	SINE/MIR	885	-	124	58540949	48644
chr17	58492305	58692305	harbor2	chr17	58559671	58559908	SINE/MIR	743	-	118	58559789	67484
chr17	58492305	58692305	harbor2	chr17	58566182	58566413	SINE/MIR	734	-	116	58566298	73993
chr17	46143862	46343862	harbor2	chr17	46146209	46146439	SINE/MIR	524	-	115	46146324	2462
chr17	46143862	46343862	harbor2	chr17	46182622	46182836	SINE/MIR	691	-	107	46182729	38867
chr17	46143862	46343862	harbor2	chr17	46218276	46218443	SINE/MIR	602	-	84	46218360	74498
chr17	51959180	52159180	harbor2	chr17	51989924	51990060	SINE/MIR	673	-	68	51989992	30812
chr17	79861909	80061909	harbor2	chr17	79914245	79914442	SINE/MIR	542	-	98	79914343	52434
chr17	79861909	80061909	harbor2	chr17	79926982	79927144	SINE/MIR	546	-	81	79927063	65154
chr17	79861909	80061909	harbor2	chr17	79953366	79953619	SINE/MIR	989	-	126	79953492	91583
chr17	81426834	81626834	harbor2	chr17	81493472	81493654	SINE/MIR	567	-	91	81493563	66729
chr17	61808713	62008713	harbor2	chr17	61842751	61842948	SINE/MIR	692	-	98	61842849	34136
chr17	61808713	62008713	harbor2	chr17	61868186	61868402	SINE/MIR	645	-	108	61868294	59581
chr17	44686384	44886384	harbor2	chr17	44753508	44753747	SINE/MIR	549	-	120	44753628	67244
chr17	44686384	44886384	harbor2	chr17	44761753	44761817	SINE/MIR	551	-	32	44761785	75401
chr17	44686384	44886384	harbor2	chr17	44762123	44762276	SINE/MIR	551	-	76	44762199	75815
chr17	44686384	44886384	harbor2	chr17	44763175	44763395	SINE/MIR	515	-	110	44763285	76901
chr17	72820192	73020192	harbor2	chr17	72854118	72854283	SINE/MIR	526	-	82	72854200	34008
chr17	49459931	49659931	harbor2	chr17	49460347	49460506	SINE/MIR	701	-	80	49460427	496
chr17	49459931	49659931	harbor2	chr17	49463415	49463559	SINE/MIR	564	-	72	49463487	3556
chr17	49459931	49659931	harbor2	chr17	49467640	49467808	SINE/MIR	657	-	84	49467724	7793
chr17	49459931	49659931	harbor2	chr17	49483669	49483922	SINE/MIR	553	-	126	49483795	23864
chr17	49459931	49659931	harbor2	chr17	49498925	49499122	SINE/MIR	590	-	98	49499023	39092
chr17	49459931	49659931	harbor2	chr17	49504461	49504653	SINE/MIR	636	-	96	49504557	44626
chr17	49459931	49659931	harbor2	chr17	49524435	49524657	SINE/MIR	546	-	111	49524546	64615
chr17	61628646	61828646	harbor2	chr17	61660382	61660643	SINE/MIR	667	-	130	61660512	31866
chr17	61628646	61828646	harbor2	chr17	61681357	61681547	SINE/MIR	509	-	95	61681452	52806
chr17	61628646	61828646	harbor2	chr17	61685457	61685702	SINE/MIR	520	-	122	61685579	56933
chr17	79060569	79260569	harbor2	chr17	79129174	79129372	SINE/MIR	574	-	99	79129273	68704
chr17	27603443	27803443	harbor2	chr17	27627855	27628046	SINE/MIR	663	-	96	27627951	24508
chr17	27603443	27803443	harbor2	chr17	27637255	27637453	SINE/MIR	613	-	99	27637354	33911
chr17	27603443	27803443	harbor2	chr17	27654920	27655093	SINE/MIR	512	-	86	27655006	51563
chr17	63915538	64115538	harbor2	chr17	63951203	63951421	SINE/MIR	529	-	109	63951312	35774
chr17	63915538	64115538	harbor2	chr17	63955406	63955599	SINE/MIR	625	-	96	63955502	39964
chr17	63915538	64115538	harbor2	chr17	63970267	63970470	SINE/MIR	866	-	102	63970369	54831
chr17	63915538	64115538	harbor2	chr17	63986707	63986938	SINE/MIR	586	-	116	63986823	71285
chr17	63915538	64115538	harbor2	chr17	64008434	64008663	SINE/MIR	790	-	114	64008548	93010
chr17	49960885	50160885	harbor2	chr17	49983837	49983992	SINE/MIR	564	-	78	49983915	23030
chr17	49960885	50160885	harbor2	chr17	49987083	49987329	SINE/MIR	1162	-	123	49987206	26321
chr17	49960885	50160885	harbor2	chr17	50001581	50001769	SINE/MIR	693	-	94	50001675	40790
chr17	49960885	50160885	harbor2	chr17	50043050	50043297	SINE/MIR	1100	-	124	50043174	82289
chr17	49960885	50160885	harbor2	chr17	50044778	50044928	SINE/MIR	525	-	75	50044853	83968
chr17	28620592	28820592	harbor2	chr17	28709036	28709164	SINE/MIR	592	-	64	28709100	88508
chr17	79271255	79471255	harbor2	chr17	79276771	79276988	SINE/MIR	541	-	108	79276879	5624
chr17	79271255	79471255	harbor2	chr17	79293069	79293247	SINE/MIR	541	-	89	79293158	21903
chr17	79271255	79471255	harbor2	chr17	79302158	79302368	SINE/MIR	535	-	105	79302263	31008
chr17	79271255	79471255	harbor2	chr17	79326820	79327060	SINE/MIR	690	-	120	79326940	55685
chr18	57174368	57374368	harbor2	chr18	57178311	57178516	SINE/MIR	763	-	102	57178413	4045
chr18	57174368	57374368	harbor2	chr18	57218673	57218907	SINE/MIR	702	-	117	57218790	44422
chr18	57174368	57374368	harbor2	chr18	57235186	57235386	SINE/MIR	484	-	100	57235286	60918
chr18	57174368	57374368	harbor2	chr18	57241606	57241816	SINE/MIR	603	-	105	57241711	67343
chr18	57174368	57374368	harbor2	chr18	57248603	57248800	SINE/MIR	463	-	98	57248701	74333
chr18	57174368	57374368	harbor2	chr18	57253595	57253847	SINE/MIR	725	-	126	57253721	79353
chr18	57174368	57374368	harbor2	chr18	57272629	57272845	SINE/MIR	707	-	108	57272737	98369
chr18	73657269	73857269	harbor2	chr18	73658848	73659075	SINE/MIR	447	-	114	73658962	1693
chr18	73657269	73857269	harbor2	chr18	73678910	73679139	SINE/MIR	491	-	114	73679024	21755
chr18	73657269	73857269	harbor2	chr18	73687301	73687542	SINE/MIR	449	-	120	73687421	30152
chr18	62249951	62449951	harbor2	chr18	62278976	62279232	SINE/MIR	607	-	128	62279104	29153
chr18	62249951	62449951	harbor2	chr18	62301843	62302052	SINE/MIR	758	-	104	62301947	51996
chr18	62249951	62449951	harbor2	chr18	62304475	62304641	SINE/MIR	430	-	83	62304558	54607
chr18	62249951	62449951	harbor2	chr18	62305012	62305221	SINE/MIR	598	-	104	62305116	55165
chr18	62249951	62449951	harbor2	chr18	62333490	62333696	SINE/MIR	567	-	103	62333593	83642
chr18	63193890	63393890	harbor2	chr18	63253099	63253322	SINE/MIR	487	-	112	63253211	59321
chr18	76133957	76333957	harbor2	chr18	76144416	76144644	SINE/MIR	453	-	114	76144530	10573
chr18	76133957	76333957	harbor2	chr18	76160887	76161131	SINE/MIR	623	-	122	76161009	27052
chr18	76133957	76333957	harbor2	chr18	76175132	76175350	SINE/MIR	576	-	109	76175241	41284
chr18	38721815	38921815	harbor2	chr18	38754246	38754434	SINE/MIR	481	-	94	38754340	32525
chr18	38721815	38921815	harbor2	chr18	38798545	38798759	SINE/MIR	444	-	107	38798652	76837
chr18	61209030	61409030	harbor2	chr18	61242922	61243183	SINE/MIR	604	-	130	61243052	34022
chr18	61209030	61409030	harbor2	chr18	61271385	61271583	SINE/MIR	516	-	99	61271484	62454
chr18	44214395	44414395	harbor2	chr18	44218100	44218252	SINE/MIR	627	-	76	44218176	3781
chr18	44214395	44414395	harbor2	chr18	44240098	44240291	SINE/MIR	432	-	96	44240194	25799
chr18	76819366	77019366	harbor2	chr18	76839446	76839660	SINE/MIR	494	-	107	76839553	20187
chr18	76819366	77019366	harbor2	chr18	76869223	76869452	SINE/MIR	524	-	114	76869337	49971
chr18	61459745	61659745	harbor2	chr18	61467871	61468071	SINE/MIR	678	-	100	61467971	8226
chr18	61459745	61659745	harbor2	chr18	61483679	61483913	SINE/MIR	646	-	117	61483796	24051
chr18	61459745	61659745	harbor2	chr18	61547492	61547723	SINE/MIR	426	-	116	61547608	87863
chr18	35912189	36112189	harbor2	chr18	35937535	35937688	SINE/MIR	445	-	76	35937611	25422
chr18	35912189	36112189	harbor2	chr18	35945975	35946172	SINE/MIR	462	-	98	35946073	33884
chr18	35912189	36112189	harbor2	chr18	36000638	36000864	SINE/MIR	567	-	113	36000751	88562
chr18	35912189	36112189	harbor2	chr18	36011127	36011337	SINE/MIR	783	-	105	36011232	99043
chr18	72462255	72662255	harbor2	chr18	72488260	72488491	SINE/MIR	563	-	116	72488376	26121
chr18	58692434	58892434	harbor2	chr18	58749310	58749456	SINE/MIR	421	-	73	58749383	56949
chr18	58692434	58892434	harbor2	chr18	58767396	58767572	SINE/MIR	754	-	88	58767484	75050
chr18	58692434	58892434	harbor2	chr18	58767872	58767962	SINE/MIR	754	-	45	58767917	75483
chr18	58692434	58892434	harbor2	chr18	58769772	58769974	SINE/MIR	606	-	101	58769873	77439
chr18	63952609	64152609	harbor2	chr18	64033110	64033314	SINE/MIR	548	-	102	64033212	80603
chr18	78570793	78770793	harbor2	chr18	78608854	78609080	SINE/MIR	464	-	113	78608967	38174
chr18	78570793	78770793	harbor2	chr18	78610604	78610738	SINE/MIR	453	-	67	78610671	39878
chr18	78570793	78770793	harbor2	chr18	78649931	78650113	SINE/MIR	446	-	91	78650022	79229
chr18	80209221	80409221	harbor2	chr18	80230819	80230989	SINE/MIR	601	-	85	80230904	21683
chr18	80209221	80409221	harbor2	chr18	80244574	80244744	SINE/MIR	572	-	85	80244659	35438
chr18	70671600	70871600	harbor2	chr18	70687675	70687823	SINE/MIR	681	-	74	70687749	16149
chr18	70671600	70871600	harbor2	chr18	70692917	70693054	SINE/MIR	458	-	68	70692985	21385
chr18	70671600	70871600	harbor2	chr18	70730026	70730177	SINE/MIR	419	-	76	70730102	58502
chr18	70671600	70871600	harbor2	chr18	70730532	70730572	SINE/MIR	419	-	20	70730552	58952
chr18	77221540	77421540	harbor2	chr18	77226619	77226791	SINE/MIR	487	-	86	77226705	5165
chr18	77221540	77421540	harbor2	chr18	77238478	77238665	SINE/MIR	539	-	94	77238572	17032
chr18	43872668	44072668	harbor2	chr18	43933864	43934018	SINE/MIR	556	-	77	43933941	61273
chr18	43872668	44072668	harbor2	chr18	43938959	43939195	SINE/MIR	416	-	118	43939077	66409
chr18	43872668	44072668	harbor2	chr18	43943375	43943581	SINE/MIR	456	-	103	43943478	70810
chr18	43872668	44072668	harbor2	chr18	43949760	43949922	SINE/MIR	452	-	81	43949841	77173
chr18	43872668	44072668	harbor2	chr18	43966534	43966745	SINE/MIR	570	-	106	43966640	93972
chr18	52636695	52836695	harbor2	chr18	52681037	52681283	SINE/MIR	573	-	123	52681160	44465
chr18	52636695	52836695	harbor2	chr18	52690531	52690697	SINE/MIR	584	-	83	52690614	53919
chr18	52636695	52836695	harbor2	chr18	52712379	52712511	SINE/MIR	505	-	66	52712445	75750
chr18	52636695	52836695	harbor2	chr18	52714031	52714214	SINE/MIR	469	-	92	52714123	77428
chr18	52636695	52836695	harbor2	chr18	52725913	52726067	SINE/MIR	441	-	77	52725990	89295
chr18	52636695	52836695	harbor2	chr18	52729817	52729976	SINE/MIR	478	-	80	52729897	93202
chr18	80037360	80237360	harbor2	chr18	80111297	80111470	SINE/MIR	641	-	86	80111383	74023
chr18	50245482	50445482	harbor2	chr18	50253534	50253793	SINE/MIR	684	-	130	50253664	8182
chr18	50245482	50445482	harbor2	chr18	50266880	50266948	SINE/MIR	442	-	34	50266914	21432
chr18	50245482	50445482	harbor2	chr18	50267238	50267345	SINE/MIR	442	-	54	50267292	21810
chr18	50245482	50445482	harbor2	chr18	50290698	50290907	SINE/MIR	488	-	104	50290802	45320
chr18	80141935	80341935	harbor2	chr18	80230819	80230989	SINE/MIR	601	-	85	80230904	88969
chr18	48857021	49057021	harbor2	chr18	48890689	48890887	SINE/MIR	680	-	99	48890788	33767
chr18	48857021	49057021	harbor2	chr18	48896127	48896221	SINE/MIR	687	-	47	48896174	39153
chr18	48857021	49057021	harbor2	chr18	48896439	48896591	SINE/MIR	687	-	76	48896515	39494
chr18	48857021	49057021	harbor2	chr18	48900803	48900902	SINE/MIR	423	-	50	48900853	43832
chr18	69492678	69692678	harbor2	chr18	69561203	69561319	SINE/MIR	520	-	58	69561261	68583
chr18	58317494	58517494	harbor2	chr18	58319849	58320057	SINE/MIR	623	-	104	58319953	2459
chr18	58317494	58517494	harbor2	chr18	58413529	58413731	SINE/MIR	528	-	101	58413630	96136
chr18	58317494	58517494	harbor2	chr18	58414626	58414792	SINE/MIR	434	-	83	58414709	97215
chr18	77652346	77852346	harbor2	chr18	77727173	77727340	SINE/MIR	553	-	84	77727257	74911
chr19	34503634	34703634	harbor2	chr19	34538455	34538692	SINE/MIR	838	-	118	34538573	34939
chr19	46561870	46761870	harbor2	chr19	46580309	46580558	SINE/MIR	937	-	124	46580433	18563
chr19	46561870	46761870	harbor2	chr19	46612386	46612629	SINE/MIR	625	-	122	46612508	50638
chr19	56771555	56971555	harbor2	chr19	56804765	56804981	SINE/MIR	740	-	108	56804873	33318
chr19	56771555	56971555	harbor2	chr19	56821060	56821307	SINE/MIR	675	-	124	56821184	49629
chr19	56771555	56971555	harbor2	chr19	56861509	56861730	SINE/MIR	761	-	110	56861619	90064
chr19	50741324	50941324	harbor2	chr19	50778453	50778635	SINE/MIR	702	-	91	50778544	37220
chr19	50741324	50941324	harbor2	chr19	50778936	50778984	SINE/MIR	702	-	24	50778960	37636
chr19	50741324	50941324	harbor2	chr19	50825279	50825469	SINE/MIR	652	-	95	50825374	84050
chr19	46287890	46487890	harbor2	chr19	46338570	46338823	SINE/MIR	903	-	126	46338696	50806
chr19	49891845	50091845	harbor2	chr19	49923627	49923861	SINE/MIR	798	-	117	49923744	31899
chr19	49891845	50091845	harbor2	chr19	49926749	49926855	SINE/MIR	920	-	53	49926802	34957
chr19	49891845	50091845	harbor2	chr19	49927161	49927300	SINE/MIR	920	-	70	49927231	35386
chr19	11219245	11419245	harbor2	chr19	11219804	11219940	SINE/MIR	709	-	68	11219872	627
chr19	11219245	11419245	harbor2	chr19	11220255	11220307	SINE/MIR	709	-	26	11220281	1036
chr19	11219245	11419245	harbor2	chr19	11234516	11234751	SINE/MIR	868	-	118	11234634	15389
chr19	11219245	11419245	harbor2	chr19	11238952	11239107	SINE/MIR	628	-	78	11239030	19785
chr19	56725937	56925937	harbor2	chr19	56804765	56804981	SINE/MIR	740	-	108	56804873	78936
chr19	56725937	56925937	harbor2	chr19	56821060	56821307	SINE/MIR	675	-	124	56821184	95247
chr19	55214824	55414824	harbor2	chr19	55278433	55278631	SINE/MIR	787	-	99	55278532	63708
chr19	55214824	55414824	harbor2	chr19	55278942	55278971	SINE/MIR	787	-	14	55278956	64132
chr19	55398315	55598315	harbor2	chr19	55440049	55440270	SINE/MIR	845	-	110	55440159	41844
chr19	49840121	50040121	harbor2	chr19	49923627	49923861	SINE/MIR	798	-	117	49923744	83623
chr19	49840121	50040121	harbor2	chr19	49926749	49926855	SINE/MIR	920	-	53	49926802	86681
chr19	49840121	50040121	harbor2	chr19	49927161	49927300	SINE/MIR	920	-	70	49927231	87110
chr19	44797164	44997164	harbor2	chr19	44871582	44871787	SINE/MIR	693	-	102	44871684	74520
chr19	44797164	44997164	harbor2	chr19	44859292	44859480	SINE/MIR	634	-	94	44859386	62222
chr19	55114765	55314765	harbor2	chr19	55182560	55182747	SINE/MIR	624	-	94	55182654	67889
chr19	46685707	46885707	harbor2	chr19	46758022	46758278	SINE/MIR	992	-	128	46758150	72443
chr19	46685707	46885707	harbor2	chr19	46776543	46776779	SINE/MIR	675	-	118	46776661	90954
chr19	46685707	46885707	harbor2	chr19	46785389	46785610	SINE/MIR	788	-	110	46785499	99792
chr19	46322935	46522935	harbor2	chr19	46338570	46338823	SINE/MIR	903	-	126	46338696	15761
chr19	46322935	46522935	harbor2	chr19	46394445	46394655	SINE/MIR	809	-	105	46394550	71615
chr19	46322935	46522935	harbor2	chr19	46414459	46414693	SINE/MIR	652	-	117	46414576	91641
chr19	36688196	36888196	harbor2	chr19	36753673	36753880	SINE/MIR	759	-	104	36753777	65581
chr19	9984618	10184618	harbor2	chr19	10014414	10014528	SINE/MIR	803	-	57	10014471	29853
chr19	9984618	10184618	harbor2	chr19	10014837	10014976	SINE/MIR	803	-	70	10014907	30289
chr19	9984618	10184618	harbor2	chr19	10049722	10049895	SINE/MIR	803	-	86	10049808	65190
chr19	9984618	10184618	harbor2	chr19	10052030	10052218	SINE/MIR	925	-	94	10052124	67506
chr19	9984618	10184618	harbor2	chr19	10068698	10068931	SINE/MIR	994	-	116	10068814	84196
chr19	46508923	46708923	harbor2	chr19	46580309	46580558	SINE/MIR	937	-	124	46580433	71510
chr19	29756428	29956428	harbor2	chr19	29807906	29808090	SINE/MIR	763	-	92	29807998	51570
chr19	43014732	43214732	harbor2	chr19	43067487	43067689	SINE/MIR	658	-	101	43067588	52856
chr19	46135097	46335097	harbor2	chr19	46175147	46175411	SINE/MIR	661	-	132	46175279	40182
chr19	55123371	55323371	harbor2	chr19	55182560	55182747	SINE/MIR	624	-	94	55182654	59283
chr19	43675817	43875817	harbor2	chr19	43683448	43683685	SINE/MIR	868	-	118	43683566	7749
chr19	43675817	43875817	harbor2	chr19	43717385	43717620	SINE/MIR	723	-	118	43717503	41686
chr19	43675817	43875817	harbor2	chr19	43728089	43728121	SINE/MIR	792	-	16	43728105	52288
chr19	43675817	43875817	harbor2	chr19	43728539	43728722	SINE/MIR	792	-	92	43728631	52814
chr19	43675817	43875817	harbor2	chr19	43748109	43748301	SINE/MIR	733	-	96	43748205	72388
chr19	43675817	43875817	harbor2	chr19	43766211	43766367	SINE/MIR	650	-	78	43766289	90472
chr19	43675817	43875817	harbor2	chr19	43771298	43771535	SINE/MIR	922	-	118	43771416	95599
chr19	51278932	51478932	harbor2	chr19	51317321	51317523	SINE/MIR	716	-	101	51317422	38490
chr19	51278932	51478932	harbor2	chr19	51360443	51360665	SINE/MIR	733	-	111	51360554	81622
chr19	51278932	51478932	harbor2	chr19	51362278	51362296	SINE/MIR	719	-	9	51362287	83355
chr19	51278932	51478932	harbor2	chr19	51362595	51362801	SINE/MIR	719	-	103	51362698	83766
chr19	51278932	51478932	harbor2	chr19	51347317	51347508	SINE/MIR	669	-	96	51347413	68481
chr19	52154315	52354315	harbor2	chr19	52198070	52198254	SINE/MIR	658	-	92	52198162	43847
chr19	38394651	38594651	harbor2	chr19	38432781	38433023	SINE/MIR	790	-	121	38432902	38251
chr19	38394651	38594651	harbor2	chr19	38433330	38433356	SINE/MIR	790	-	13	38433343	38692
chr19	13995614	14195614	harbor2	chr19	14039295	14039425	SINE/MIR	700	-	65	14039360	43746
chr19	57001592	57201592	harbor2	chr19	57070288	57070486	SINE/MIR	641	-	99	57070387	68795
chr19	42943932	43143932	harbor2	chr19	43010938	43011141	SINE/MIR	754	-	102	43011040	67108
chr19	46984664	47184664	harbor2	chr19	47017140	47017323	SINE/MIR	671	-	92	47017232	32568
chr19	34206756	34406756	harbor2	chr19	34222051	34222271	SINE/MIR	982	-	110	34222161	15405
chr19	34206756	34406756	harbor2	chr19	34283480	34283692	SINE/MIR	702	-	106	34283586	76830
chr19	9747502	9947502	harbor2	chr19	9834080	9834264	SINE/MIR	663	-	92	9834172	86670
chr19	38856184	39056184	harbor2	chr19	38889218	38889430	SINE/MIR	719	-	106	38889324	33140
chr19	50727908	50927908	harbor2	chr19	50778453	50778635	SINE/MIR	702	-	91	50778544	50636
chr19	50727908	50927908	harbor2	chr19	50778936	50778984	SINE/MIR	702	-	24	50778960	51052
chr19	50727908	50927908	harbor2	chr19	50825279	50825469	SINE/MIR	652	-	95	50825374	97466
chr19	50240946	50440946	harbor2	chr19	50248575	50248730	SINE/MIR	883	-	78	50248653	7707
chr19	50240946	50440946	harbor2	chr19	50255540	50255750	SINE/MIR	712	-	105	50255645	14699
chr19	50240946	50440946	harbor2	chr19	50307445	50307666	SINE/MIR	846	-	110	50307555	66609
chr19	48339065	48539065	harbor2	chr19	48341556	48341804	SINE/MIR	987	-	124	48341680	2615
chr19	48339065	48539065	harbor2	chr19	48384601	48384822	SINE/MIR	683	-	110	48384711	45646
chr19	48339065	48539065	harbor2	chr19	48388043	48388285	SINE/MIR	733	-	121	48388164	49099
chr19	29358554	29558554	harbor2	chr19	29427266	29427499	SINE/MIR	1084	-	116	29427382	68828
chr19	29358554	29558554	harbor2	chr19	29449245	29449452	SINE/MIR	736	-	104	29449349	90795
chr19	42785587	42985587	harbor2	chr19	42840261	42840468	SINE/MIR	754	-	104	42840365	54778
chr19	56040636	56240636	harbor2	chr19	56062768	56062922	SINE/MIR	671	-	77	56062845	22209
chr19	56040636	56240636	harbor2	chr19	56063216	56063283	SINE/MIR	671	-	34	56063250	22614
chr19	35550217	35750217	harbor2	chr19	35552463	35552615	SINE/MIR	645	-	76	35552539	2322
chr19	35550217	35750217	harbor2	chr19	35557183	35557368	SINE/MIR	698	-	92	35557275	7058
chr19	35550217	35750217	harbor2	chr19	35582748	35582974	SINE/MIR	745	-	113	35582861	32644
chr19	35550217	35750217	harbor2	chr19	35620397	35620628	SINE/MIR	713	-	116	35620513	70296
chr19	55531049	55731049	harbor2	chr19	55612677	55612910	SINE/MIR	790	-	116	55612793	81744
chr19	52132950	52332950	harbor2	chr19	52198070	52198254	SINE/MIR	658	-	92	52198162	65212
chr19	42459442	42659442	harbor2	chr19	42463885	42464117	SINE/MIR	887	-	116	42464001	4559
chr19	42459442	42659442	harbor2	chr19	42471222	42471432	SINE/MIR	865	-	105	42471327	11885
chr19	42459442	42659442	harbor2	chr19	42498982	42499206	SINE/MIR	651	-	112	42499094	39652
chr19	42459442	42659442	harbor2	chr19	42510505	42510732	SINE/MIR	725	-	114	42510619	51177
chr19	42459442	42659442	harbor2	chr19	42514658	42514882	SINE/MIR	903	-	112	42514770	55328
chr19	42459442	42659442	harbor2	chr19	42557152	42557339	SINE/MIR	632	-	94	42557246	97804
chr19	47100237	47300237	harbor2	chr19	47146554	47146767	SINE/MIR	789	-	106	47146660	46423
chr19	32102054	32302054	harbor2	chr19	32141671	32141919	SINE/MIR	674	-	124	32141795	39741
chr19	46765405	46965405	harbor2	chr19	46776543	46776779	SINE/MIR	675	-	118	46776661	11256
chr19	46765405	46965405	harbor2	chr19	46785389	46785610	SINE/MIR	788	-	110	46785499	20094
chr19	46765405	46965405	harbor2	chr19	46859642	46859795	SINE/MIR	623	-	76	46859718	94313
chr19	48067153	48267153	harbor2	chr19	48084666	48084903	SINE/MIR	777	-	118	48084784	17631
chr19	48067153	48267153	harbor2	chr19	48089546	48089794	SINE/MIR	737	-	124	48089670	22517
chr19	48067153	48267153	harbor2	chr19	48089975	48090199	SINE/MIR	737	-	112	48090087	22934
chr19	48067153	48267153	harbor2	chr19	48141102	48141149	SINE/MIR	841	-	24	48141126	73973
chr19	48067153	48267153	harbor2	chr19	48141432	48141632	SINE/MIR	841	-	100	48141532	74379
chr19	48067153	48267153	harbor2	chr19	48156378	48156584	SINE/MIR	654	-	103	48156481	89328
chr19	51596495	51796495	harbor2	chr19	51683697	51683913	SINE/MIR	1042	-	108	51683805	87310
chr19	43052484	43252484	harbor2	chr19	43067487	43067689	SINE/MIR	658	-	101	43067588	15104
chr19	50822301	51022301	harbor2	chr19	50825279	50825469	SINE/MIR	652	-	95	50825374	3073
chr19	50822301	51022301	harbor2	chr19	50898133	50898275	SINE/MIR	646	-	71	50898204	75903
chr19	50822301	51022301	harbor2	chr19	50915461	50915649	SINE/MIR	632	-	94	50915555	93254
chr19	42040507	42240507	harbor2	chr19	42136508	42136704	SINE/MIR	633	-	98	42136606	96099
chr19	48173744	48373744	harbor2	chr19	48176280	48176531	SINE/MIR	747	-	126	48176406	2662
chr19	48173744	48373744	harbor2	chr19	48182147	48182323	SINE/MIR	758	-	88	48182235	8491
chr19	48173744	48373744	harbor2	chr19	48184620	48184900	SINE/MIR	1219	-	140	48184760	11016
chr19	48173744	48373744	harbor2	chr19	48205584	48205770	SINE/MIR	719	-	93	48205677	31933
chr19	55358494	55558494	harbor2	chr19	55440049	55440270	SINE/MIR	845	-	110	55440159	81665
chr19	43895827	44095827	harbor2	chr19	43928883	43929116	SINE/MIR	626	-	116	43928999	33172
chr19	43895827	44095827	harbor2	chr19	43931645	43931811	SINE/MIR	794	-	83	43931728	35901
chr19	41603206	41803206	harbor2	chr19	41678507	41678709	SINE/MIR	625	-	101	41678608	75402
chr19	56076726	56276726	harbor2	chr19	56142665	56142835	SINE/MIR	620	-	85	56142750	66024
chr19	47946232	48146232	harbor2	chr19	48018513	48018734	SINE/MIR	716	-	110	48018623	72391
chr19	47946232	48146232	harbor2	chr19	48041942	48042119	SINE/MIR	626	-	88	48042030	95798
chr19	30938672	31138672	harbor2	chr19	30954589	30954834	SINE/MIR	752	-	122	30954711	16039
chr19	30938672	31138672	harbor2	chr19	30960566	30960728	SINE/MIR	631	-	81	30960647	21975
chr19	41349234	41549234	harbor2	chr19	41349791	41349977	SINE/MIR	744	-	93	41349884	650
chr19	41349234	41549234	harbor2	chr19	41410314	41410553	SINE/MIR	690	-	120	41410434	61200
chr19	56512581	56712581	harbor2	chr19	56568635	56568846	SINE/MIR	770	-	106	56568741	56160
chr19	45191375	45391375	harbor2	chr19	45270132	45270362	SINE/MIR	724	-	115	45270247	78872
chr19	45191375	45391375	harbor2	chr19	45271206	45271399	SINE/MIR	759	-	96	45271302	79927
chr19	34168847	34368847	harbor2	chr19	34222051	34222271	SINE/MIR	982	-	110	34222161	53314
chr19	52102372	52302372	harbor2	chr19	52198070	52198254	SINE/MIR	658	-	92	52198162	95790
chr19	47391365	47591365	harbor2	chr19	47416268	47416503	SINE/MIR	917	-	118	47416386	25021
chr19	47391365	47591365	harbor2	chr19	47463791	47464038	SINE/MIR	949	-	124	47463915	72550
chr19	47391365	47591365	harbor2	chr19	47484507	47484702	SINE/MIR	678	-	98	47484605	93240
chr19	38347327	38547327	harbor2	chr19	38394340	38394568	SINE/MIR	831	-	114	38394454	47127
chr19	38347327	38547327	harbor2	chr19	38432781	38433023	SINE/MIR	790	-	121	38432902	85575
chr19	38347327	38547327	harbor2	chr19	38433330	38433356	SINE/MIR	790	-	13	38433343	86016
chr19	50056601	50256601	harbor2	chr19	50064843	50064977	SINE/MIR	790	-	67	50064910	8309
chr19	50056601	50256601	harbor2	chr19	50065272	50065366	SINE/MIR	790	-	47	50065319	8718
chr19	50056601	50256601	harbor2	chr19	50065950	50066205	SINE/MIR	756	-	128	50066078	9477
chr19	56753361	56953361	harbor2	chr19	56804765	56804981	SINE/MIR	740	-	108	56804873	51512
chr19	56753361	56953361	harbor2	chr19	56821060	56821307	SINE/MIR	675	-	124	56821184	67823
chr19	32971289	33171289	harbor2	chr19	33000975	33001210	SINE/MIR	833	-	118	33001093	29804
chr19	28452276	28652276	harbor2	chr19	28549332	28549554	SINE/MIR	652	-	111	28549443	97167
chr19	50752524	50952524	harbor2	chr19	50778453	50778635	SINE/MIR	702	-	91	50778544	26020
chr19	50752524	50952524	harbor2	chr19	50778936	50778984	SINE/MIR	702	-	24	50778960	26436
chr19	50752524	50952524	harbor2	chr19	50825279	50825469	SINE/MIR	652	-	95	50825374	72850
chr19	55157585	55357585	harbor2	chr19	55182560	55182747	SINE/MIR	624	-	94	55182654	25069
chr19	50776081	50976081	harbor2	chr19	50778453	50778635	SINE/MIR	702	-	91	50778544	2463
chr19	50776081	50976081	harbor2	chr19	50778936	50778984	SINE/MIR	702	-	24	50778960	2879
chr19	50776081	50976081	harbor2	chr19	50825279	50825469	SINE/MIR	652	-	95	50825374	49293
chr19	50254588	50454588	harbor2	chr19	50255540	50255750	SINE/MIR	712	-	105	50255645	1057
chr19	50254588	50454588	harbor2	chr19	50307445	50307666	SINE/MIR	846	-	110	50307555	52967
chr19	35705377	35905377	harbor2	chr19	35712949	35713166	SINE/MIR	650	-	108	35713057	7680
chr19	35705377	35905377	harbor2	chr19	35804438	35804634	SINE/MIR	774	-	98	35804536	99159
chr19	56752259	56952259	harbor2	chr19	56804765	56804981	SINE/MIR	740	-	108	56804873	52614
chr19	56752259	56952259	harbor2	chr19	56821060	56821307	SINE/MIR	675	-	124	56821184	68925
chr19	45571822	45771822	harbor2	chr19	45574497	45574661	SINE/MIR	666	-	82	45574579	2757
chr19	48311499	48511499	harbor2	chr19	48322741	48322902	SINE/MIR	677	-	80	48322821	11322
chr19	48311499	48511499	harbor2	chr19	48341556	48341804	SINE/MIR	987	-	124	48341680	30181
chr19	48311499	48511499	harbor2	chr19	48384601	48384822	SINE/MIR	683	-	110	48384711	73212
chr19	48311499	48511499	harbor2	chr19	48388043	48388285	SINE/MIR	733	-	121	48388164	76665
chr19	41189303	41389303	harbor2	chr19	41205086	41205321	SINE/MIR	694	-	118	41205204	15901
chr19	41189303	41389303	harbor2	chr19	41244382	41244467	SINE/MIR	990	-	42	41244424	55121
chr19	41189303	41389303	harbor2	chr19	41244791	41244933	SINE/MIR	990	-	71	41244862	55559
chr19	41189303	41389303	harbor2	chr19	41258263	41258423	SINE/MIR	641	-	80	41258343	69040
chr19	41189303	41389303	harbor2	chr19	41258716	41258753	SINE/MIR	641	-	18	41258734	69431
chr19	41189303	41389303	harbor2	chr19	41259230	41259257	SINE/MIR	641	-	14	41259244	69941
chr19	5280731	5480731	harbor2	chr19	5312700	5312910	SINE/MIR	712	-	105	5312805	32074
chr19	5280731	5480731	harbor2	chr19	5334333	5334590	SINE/MIR	943	-	128	5334461	53730
chr19	56750148	56950148	harbor2	chr19	56804765	56804981	SINE/MIR	740	-	108	56804873	54725
chr19	56750148	56950148	harbor2	chr19	56821060	56821307	SINE/MIR	675	-	124	56821184	71036
chr19	28490522	28690522	harbor2	chr19	28549332	28549554	SINE/MIR	652	-	111	28549443	58921
chr19	45300476	45500476	harbor2	chr19	45310073	45310116	SINE/MIR	901	-	22	45310095	9619
chr19	45300476	45500476	harbor2	chr19	45310420	45310632	SINE/MIR	901	-	106	45310526	10050
chr19	45300476	45500476	harbor2	chr19	45336688	45336878	SINE/MIR	679	-	95	45336783	36307
chr19	45300476	45500476	harbor2	chr19	45392517	45392724	SINE/MIR	651	-	104	45392621	92145
chr19	48263877	48463877	harbor2	chr19	48290859	48291079	SINE/MIR	777	-	110	48290969	27092
chr19	48263877	48463877	harbor2	chr19	48322741	48322902	SINE/MIR	677	-	80	48322821	58944
chr19	48263877	48463877	harbor2	chr19	48341556	48341804	SINE/MIR	987	-	124	48341680	77803
chr19	34019104	34219104	harbor2	chr19	34026891	34027066	SINE/MIR	626	-	88	34026979	7875
chr19	34019104	34219104	harbor2	chr19	34034767	34034847	SINE/MIR	771	-	40	34034807	15703
chr19	34019104	34219104	harbor2	chr19	34035391	34035483	SINE/MIR	771	-	46	34035437	16333
chr19	34019104	34219104	harbor2	chr19	34036152	34036234	SINE/MIR	771	-	41	34036193	17089
chr19	39770825	39970825	harbor2	chr19	39831431	39831649	SINE/MIR	858	-	109	39831540	60715
chr19	33724703	33924703	harbor2	chr19	33779926	33780110	SINE/MIR	702	-	92	33780018	55315
chr19	32291118	32491118	harbor2	chr19	32358830	32358973	SINE/MIR	618	-	72	32358902	67784
chr19	37962723	38162723	harbor2	chr19	38034264	38034503	SINE/MIR	735	-	120	38034384	71661
chr19	37962723	38162723	harbor2	chr19	38047004	38047199	SINE/MIR	850	-	98	38047102	84379
chr19	37962723	38162723	harbor2	chr19	38053456	38053560	SINE/MIR	913	-	52	38053508	90785
chr19	37962723	38162723	harbor2	chr19	38053866	38053884	SINE/MIR	913	-	9	38053875	91152
chr19	37962723	38162723	harbor2	chr19	38053963	38054071	SINE/MIR	913	-	54	38054017	91294
chr19	37913892	38113892	harbor2	chr19	37919317	37919551	SINE/MIR	899	-	117	37919434	5542
chr19	37913892	38113892	harbor2	chr19	37936522	37936781	SINE/MIR	636	-	130	37936652	22760
chr19	40813464	41013464	harbor2	chr19	40819535	40819734	SINE/MIR	779	-	100	40819635	6171
chr19	47423968	47623968	harbor2	chr19	47463791	47464038	SINE/MIR	949	-	124	47463915	39947
chr19	47423968	47623968	harbor2	chr19	47484507	47484702	SINE/MIR	678	-	98	47484605	60637
chr19	51190757	51390757	harbor2	chr19	51272423	51272682	SINE/MIR	879	-	130	51272553	81796
chr19	46532058	46732058	harbor2	chr19	46580309	46580558	SINE/MIR	937	-	124	46580433	48375
chr19	46532058	46732058	harbor2	chr19	46612386	46612629	SINE/MIR	625	-	122	46612508	80450
chr19	46758662	46958662	harbor2	chr19	46776543	46776779	SINE/MIR	675	-	118	46776661	17999
chr19	46758662	46958662	harbor2	chr19	46785389	46785610	SINE/MIR	788	-	110	46785499	26837
chr19	42714578	42914578	harbor2	chr19	42724912	42725115	SINE/MIR	768	-	102	42725014	10436
chr19	32111992	32311992	harbor2	chr19	32141671	32141919	SINE/MIR	674	-	124	32141795	29803
chr19	35909791	36109791	harbor2	chr19	35932072	35932283	SINE/MIR	622	-	106	35932178	22387
chr19	4129264	4329264	harbor2	chr19	4189703	4189902	SINE/MIR	731	-	100	4189803	60539
chr19	4129264	4329264	harbor2	chr19	4220281	4220478	SINE/MIR	648	-	98	4220379	91115
chr19	8553202	8753202	harbor2	chr19	8600130	8600383	SINE/MIR	783	-	126	8600256	47054
chr19	55204935	55404935	harbor2	chr19	55278433	55278631	SINE/MIR	787	-	99	55278532	73597
chr19	55204935	55404935	harbor2	chr19	55278942	55278971	SINE/MIR	787	-	14	55278956	74021
chr19	33667896	33867896	harbor2	chr19	33670820	33671048	SINE/MIR	687	-	114	33670934	3038
chr19	33667896	33867896	harbor2	chr19	33705927	33706133	SINE/MIR	666	-	103	33706030	38134
chr19	50913534	51113534	harbor2	chr19	50915461	50915649	SINE/MIR	632	-	94	50915555	2021
chr19	50913534	51113534	harbor2	chr19	50974246	50974489	SINE/MIR	754	-	122	50974368	60834
chr19	38766878	38966878	harbor2	chr19	38841226	38841498	SINE/MIR	866	-	136	38841362	74484
chr19	11155444	11355444	harbor2	chr19	11219804	11219940	SINE/MIR	709	-	68	11219872	64428
chr19	11155444	11355444	harbor2	chr19	11220255	11220307	SINE/MIR	709	-	26	11220281	64837
chr19	11155444	11355444	harbor2	chr19	11234516	11234751	SINE/MIR	868	-	118	11234634	79190
chr19	11155444	11355444	harbor2	chr19	11238952	11239107	SINE/MIR	628	-	78	11239030	83586
chr19	36312737	36512737	harbor2	chr19	36376718	36376960	SINE/MIR	811	-	121	36376839	64102
chr19	56759212	56959212	harbor2	chr19	56804765	56804981	SINE/MIR	740	-	108	56804873	45661
chr19	56759212	56959212	harbor2	chr19	56821060	56821307	SINE/MIR	675	-	124	56821184	61972
chr19	33038845	33238845	harbor2	chr19	33072070	33072239	SINE/MIR	692	-	84	33072154	33309
chr19	45987649	46187649	harbor2	chr19	45998717	45998889	SINE/MIR	696	-	86	45998803	11154
chr19	45987649	46187649	harbor2	chr19	46002734	46002978	SINE/MIR	925	-	122	46002856	15207
chr19	45987649	46187649	harbor2	chr19	46009383	46009605	SINE/MIR	818	-	111	46009494	21845
chr19	30872396	31072396	harbor2	chr19	30954589	30954834	SINE/MIR	752	-	122	30954711	82315
chr19	30872396	31072396	harbor2	chr19	30960566	30960728	SINE/MIR	631	-	81	30960647	88251
chr19	47402730	47602730	harbor2	chr19	47416268	47416503	SINE/MIR	917	-	118	47416386	13656
chr19	47402730	47602730	harbor2	chr19	47463791	47464038	SINE/MIR	949	-	124	47463915	61185
chr19	47402730	47602730	harbor2	chr19	47484507	47484702	SINE/MIR	678	-	98	47484605	81875
chr19	40193138	40393138	harbor2	chr19	40281831	40282061	SINE/MIR	697	-	115	40281946	88808
chr19	50725881	50925881	harbor2	chr19	50778453	50778635	SINE/MIR	702	-	91	50778544	52663
chr19	50725881	50925881	harbor2	chr19	50778936	50778984	SINE/MIR	702	-	24	50778960	53079
chr19	50725881	50925881	harbor2	chr19	50825279	50825469	SINE/MIR	652	-	95	50825374	99493
chr19	42448145	42648145	harbor2	chr19	42463885	42464117	SINE/MIR	887	-	116	42464001	15856
chr19	42448145	42648145	harbor2	chr19	42471222	42471432	SINE/MIR	865	-	105	42471327	23182
chr19	42448145	42648145	harbor2	chr19	42498982	42499206	SINE/MIR	651	-	112	42499094	50949
chr19	42448145	42648145	harbor2	chr19	42510505	42510732	SINE/MIR	725	-	114	42510619	62474
chr19	42448145	42648145	harbor2	chr19	42514658	42514882	SINE/MIR	903	-	112	42514770	66625
chr19	28370618	28570618	harbor2	chr19	28424415	28424650	SINE/MIR	771	-	118	28424533	53915
chr19	56779814	56979814	harbor2	chr19	56804765	56804981	SINE/MIR	740	-	108	56804873	25059
chr19	56779814	56979814	harbor2	chr19	56821060	56821307	SINE/MIR	675	-	124	56821184	41370
chr19	56779814	56979814	harbor2	chr19	56861509	56861730	SINE/MIR	761	-	110	56861619	81805
chr19	41118521	41318521	harbor2	chr19	41205086	41205321	SINE/MIR	694	-	118	41205204	86683
chr19	40584384	40784384	harbor2	chr19	40673963	40674212	SINE/MIR	703	-	124	40674087	89703
chr19	55321292	55521292	harbor2	chr19	55342528	55342681	SINE/MIR	628	-	76	55342604	21312
chr19	39241078	39441078	harbor2	chr19	39323246	39323438	SINE/MIR	881	-	96	39323342	82264
chr19	39241078	39441078	harbor2	chr19	39333605	39333843	SINE/MIR	834	-	119	39333724	92646
chr19	39241078	39441078	harbor2	chr19	39334637	39334837	SINE/MIR	664	-	100	39334737	93659
chr19	39241078	39441078	harbor2	chr19	39335151	39335186	SINE/MIR	643	-	18	39335169	94091
chr19	54144576	54344576	harbor2	chr19	54199458	54199652	SINE/MIR	689	-	97	54199555	54979
chr19	29423401	29623401	harbor2	chr19	29427266	29427499	SINE/MIR	1084	-	116	29427382	3981
chr19	29423401	29623401	harbor2	chr19	29449245	29449452	SINE/MIR	736	-	104	29449349	25948
chr19	41326236	41526236	harbor2	chr19	41349791	41349977	SINE/MIR	744	-	93	41349884	23648
chr19	41326236	41526236	harbor2	chr19	41410314	41410553	SINE/MIR	690	-	120	41410434	84198
chr19	53940816	54140816	harbor2	chr19	53945048	53945244	SINE/MIR	713	-	98	53945146	4330
chr19	53940816	54140816	harbor2	chr19	53946197	53946427	SINE/MIR	626	-	115	53946312	5496
chr19	55117942	55317942	harbor2	chr19	55182560	55182747	SINE/MIR	624	-	94	55182654	64712
chr19	44777051	44977051	harbor2	chr19	44871582	44871787	SINE/MIR	693	-	102	44871684	94633
chr19	44777051	44977051	harbor2	chr19	44859292	44859480	SINE/MIR	634	-	94	44859386	82335
chr19	50674173	50874173	harbor2	chr19	50692229	50692452	SINE/MIR	726	-	112	50692341	18168
chr19	50674173	50874173	harbor2	chr19	50701505	50701710	SINE/MIR	667	-	102	50701607	27434
chr19	50674173	50874173	harbor2	chr19	50720716	50720871	SINE/MIR	625	-	78	50720794	46621
chr19	54165401	54365401	harbor2	chr19	54199458	54199652	SINE/MIR	689	-	97	54199555	34154
chr19	38161530	38361530	harbor2	chr19	38164209	38164399	SINE/MIR	696	-	95	38164304	2774
chr19	38161530	38361530	harbor2	chr19	38246857	38246911	SINE/MIR	795	-	27	38246884	85354
chr19	38161530	38361530	harbor2	chr19	38247215	38247374	SINE/MIR	795	-	80	38247295	85765
chr19	55639439	55839439	harbor2	chr19	55656590	55656767	SINE/MIR	658	-	88	55656678	17239
chr19	41394003	41594003	harbor2	chr19	41410314	41410553	SINE/MIR	690	-	120	41410434	16431
chr19	31146417	31346417	harbor2	chr19	31160051	31160262	SINE/MIR	679	-	106	31160157	13740
chr19	31146417	31346417	harbor2	chr19	31163856	31164095	SINE/MIR	805	-	120	31163976	17559
chr19	55618564	55818564	harbor2	chr19	55656590	55656767	SINE/MIR	658	-	88	55656678	38114
chr19	54179156	54379156	harbor2	chr19	54199458	54199652	SINE/MIR	689	-	97	54199555	20399
chr19	46986184	47186184	harbor2	chr19	47017140	47017323	SINE/MIR	671	-	92	47017232	31048
chr20	52642017	52842017	harbor2	chr20	52645037	52645249	SINE/MIR	568	-	106	52645143	3126
chr20	52642017	52842017	harbor2	chr20	52647784	52647998	SINE/MIR	697	-	107	52647891	5874
chr20	52642017	52842017	harbor2	chr20	52663361	52663580	SINE/MIR	411	-	110	52663471	21454
chr20	52642017	52842017	harbor2	chr20	52664620	52664878	SINE/MIR	761	-	129	52664749	22732
chr20	52642017	52842017	harbor2	chr20	52673384	52673629	SINE/MIR	851	-	122	52673506	31489
chr20	52642017	52842017	harbor2	chr20	52678026	52678186	SINE/MIR	385	-	80	52678106	36089
chr20	52642017	52842017	harbor2	chr20	52679657	52679810	SINE/MIR	482	-	76	52679733	37716
chr20	52642017	52842017	harbor2	chr20	52688869	52689116	SINE/MIR	550	-	124	52688993	46976
chr20	52642017	52842017	harbor2	chr20	52693015	52693276	SINE/MIR	1021	-	130	52693145	51128
chr20	52642017	52842017	harbor2	chr20	52714166	52714407	SINE/MIR	492	-	120	52714286	72269
chr20	52642017	52842017	harbor2	chr20	52718579	52718737	SINE/MIR	517	-	79	52718658	76641
chr20	52642017	52842017	harbor2	chr20	52729130	52729350	SINE/MIR	575	-	110	52729240	87223
chr20	52642017	52842017	harbor2	chr20	52741531	52741672	SINE/MIR	452	-	70	52741601	99584
chr20	41845147	42045147	harbor2	chr20	41873414	41873536	SINE/MIR	402	-	61	41873475	28328
chr20	41845147	42045147	harbor2	chr20	41875744	41875875	SINE/MIR	471	-	66	41875810	30663
chr20	41845147	42045147	harbor2	chr20	41939629	41939789	SINE/MIR	542	-	80	41939709	94562
chr20	21252737	21452737	harbor2	chr20	21298378	21298473	SINE/MIR	429	-	48	21298426	45689
chr20	21252737	21452737	harbor2	chr20	21342637	21342917	SINE/MIR	606	-	140	21342777	90040
chr20	29008928	29208928	harbor2	chr20	29031965	29032142	SINE/MIR	426	-	88	29032053	23125
chr20	29008928	29208928	harbor2	chr20	29082259	29082407	SINE/MIR	513	-	74	29082333	73405
chr20	55854961	56054961	harbor2	chr20	55881621	55881800	SINE/MIR	659	-	90	55881711	26750
chr20	55854961	56054961	harbor2	chr20	55907548	55907790	SINE/MIR	738	-	121	55907669	52708
chr20	55854961	56054961	harbor2	chr20	55927535	55927737	SINE/MIR	636	-	101	55927636	72675
chr20	55854961	56054961	harbor2	chr20	55950910	55951119	SINE/MIR	673	-	104	55951014	96053
chr20	55854961	56054961	harbor2	chr20	55918569	55918767	SINE/MIR	470	-	99	55918668	63707
chr20	9231254	9431254	harbor2	chr20	9271297	9271503	SINE/MIR	446	-	103	9271400	40146
chr20	9231254	9431254	harbor2	chr20	9275742	9275983	SINE/MIR	413	-	120	9275862	44608
chr20	9231254	9431254	harbor2	chr20	9290919	9291060	SINE/MIR	574	-	70	9290989	59735
chr20	9231254	9431254	harbor2	chr20	9308056	9308195	SINE/MIR	519	-	70	9308126	76872
chr20	9231254	9431254	harbor2	chr20	9319917	9319974	SINE/MIR	501	-	28	9319945	88691
chr20	9231254	9431254	harbor2	chr20	9320605	9320744	SINE/MIR	501	-	70	9320675	89421
chr20	9231254	9431254	harbor2	chr20	9273239	9273471	SINE/MIR	890	-	116	9273355	42101
chr20	54025090	54225090	harbor2	chr20	54037615	54037788	SINE/MIR	696	-	86	54037701	12611
chr20	54025090	54225090	harbor2	chr20	54049787	54049916	SINE/MIR	455	-	64	54049851	24761
chr20	54025090	54225090	harbor2	chr20	54053620	54053851	SINE/MIR	566	-	116	54053736	28646
chr20	54025090	54225090	harbor2	chr20	54056852	54057058	SINE/MIR	743	-	103	54056955	31865
chr20	54025090	54225090	harbor2	chr20	54057313	54057494	SINE/MIR	803	-	90	54057403	32313
chr20	54025090	54225090	harbor2	chr20	54061020	54061244	SINE/MIR	518	-	112	54061132	36042
chr20	54025090	54225090	harbor2	chr20	54062263	54062439	SINE/MIR	460	-	88	54062351	37261
chr20	54025090	54225090	harbor2	chr20	54064799	54064958	SINE/MIR	494	-	80	54064879	39789
chr20	54025090	54225090	harbor2	chr20	54065963	54066068	SINE/MIR	615	-	52	54066015	40925
chr20	54025090	54225090	harbor2	chr20	54066372	54066450	SINE/MIR	615	-	39	54066411	41321
chr20	54025090	54225090	harbor2	chr20	54066837	54066909	SINE/MIR	615	-	36	54066873	41783
chr20	54025090	54225090	harbor2	chr20	54069679	54069857	SINE/MIR	418	-	89	54069768	44678
chr20	54025090	54225090	harbor2	chr20	54119118	54119315	SINE/MIR	734	-	98	54119216	94126
chr20	64037074	64237074	harbor2	chr20	64039755	64039887	SINE/MIR	419	-	66	64039821	2747
chr20	57281273	57481273	harbor2	chr20	57288789	57289051	SINE/MIR	457	-	131	57288920	7647
chr20	57281273	57481273	harbor2	chr20	57295126	57295186	SINE/MIR	411	-	30	57295156	13883
chr20	57281273	57481273	harbor2	chr20	57295498	57295640	SINE/MIR	411	-	71	57295569	14296
chr20	57281273	57481273	harbor2	chr20	57307762	57307978	SINE/MIR	799	-	108	57307870	26597
chr20	57281273	57481273	harbor2	chr20	57312700	57312942	SINE/MIR	1060	-	121	57312821	31548
chr20	57281273	57481273	harbor2	chr20	57314373	57314586	SINE/MIR	782	-	106	57314479	33206
chr20	57281273	57481273	harbor2	chr20	57319869	57320025	SINE/MIR	498	-	78	57319947	38674
chr20	57281273	57481273	harbor2	chr20	57321203	57321429	SINE/MIR	909	-	113	57321316	40043
chr20	57281273	57481273	harbor2	chr20	57337025	57337194	SINE/MIR	421	-	84	57337109	55836
chr20	57281273	57481273	harbor2	chr20	57337311	57337531	SINE/MIR	501	-	110	57337421	56148
chr20	57281273	57481273	harbor2	chr20	57344769	57344976	SINE/MIR	930	-	104	57344873	63600
chr20	57281273	57481273	harbor2	chr20	57352659	57352822	SINE/MIR	403	-	82	57352741	71468
chr20	59328909	59528909	harbor2	chr20	59418769	59418941	SINE/MIR	418	-	86	59418855	89946
chr20	40031136	40231136	harbor2	chr20	40075577	40075790	SINE/MIR	753	-	106	40075683	44547
chr20	40031136	40231136	harbor2	chr20	40101283	40101478	SINE/MIR	714	-	98	40101381	70245
chr20	40031136	40231136	harbor2	chr20	40113930	40114072	SINE/MIR	389	-	71	40114001	82865
chr20	40031136	40231136	harbor2	chr20	40117498	40117699	SINE/MIR	481	-	100	40117598	86462
chr20	40031136	40231136	harbor2	chr20	40119775	40120006	SINE/MIR	473	-	116	40119891	88755
chr20	40031136	40231136	harbor2	chr20	40126770	40126982	SINE/MIR	586	-	106	40126876	95740
chr20	63474502	63674502	harbor2	chr20	63570267	63570447	SINE/MIR	472	-	90	63570357	95855
chr20	56514760	56714760	harbor2	chr20	56573737	56573893	SINE/MIR	490	-	78	56573815	59055
chr20	56514760	56714760	harbor2	chr20	56579540	56579727	SINE/MIR	508	-	94	56579634	64874
chr20	56514760	56714760	harbor2	chr20	56587814	56588060	SINE/MIR	719	-	123	56587937	73177
chr20	56514760	56714760	harbor2	chr20	56610499	56610565	SINE/MIR	393	-	33	56610532	95772
chr20	56514760	56714760	harbor2	chr20	56610881	56611016	SINE/MIR	393	-	68	56610949	96189
chr20	50298758	50498758	harbor2	chr20	50321810	50322003	SINE/MIR	684	-	96	50321906	23148
chr20	50298758	50498758	harbor2	chr20	50322346	50322528	SINE/MIR	489	-	91	50322437	23679
chr20	50298758	50498758	harbor2	chr20	50323396	50323578	SINE/MIR	409	-	91	50323487	24729
chr20	50298758	50498758	harbor2	chr20	50323597	50323743	SINE/MIR	517	-	73	50323670	24912
chr20	50298758	50498758	harbor2	chr20	50328970	50329093	SINE/MIR	516	-	62	50329032	30274
chr20	50298758	50498758	harbor2	chr20	50333752	50333970	SINE/MIR	600	-	109	50333861	35103
chr20	50298758	50498758	harbor2	chr20	50338124	50338347	SINE/MIR	634	-	112	50338236	39478
chr20	50298758	50498758	harbor2	chr20	50343041	50343486	SINE/MIR	526	-	222	50343263	44505
chr20	50298758	50498758	harbor2	chr20	50355910	50356067	SINE/MIR	579	-	78	50355988	57230
chr20	50298758	50498758	harbor2	chr20	50370258	50370399	SINE/MIR	500	-	70	50370328	71570
chr20	50298758	50498758	harbor2	chr20	50374571	50374745	SINE/MIR	486	-	87	50374658	75900
chr20	50298758	50498758	harbor2	chr20	50392554	50392623	SINE/MIR	517	-	34	50392588	93830
chr20	50298758	50498758	harbor2	chr20	50393237	50393419	SINE/MIR	517	-	91	50393328	94570
chr20	50298758	50498758	harbor2	chr20	50395070	50395248	SINE/MIR	678	-	89	50395159	96401
chr20	50298758	50498758	harbor2	chr20	50396054	50396266	SINE/MIR	394	-	106	50396160	97402
chr20	55079476	55279476	harbor2	chr20	55097012	55097236	SINE/MIR	451	-	112	55097124	17648
chr20	55079476	55279476	harbor2	chr20	55132452	55132661	SINE/MIR	427	-	104	55132556	53080
chr20	55079476	55279476	harbor2	chr20	55137494	55137692	SINE/MIR	483	-	99	55137593	58117
chr20	55079476	55279476	harbor2	chr20	55140127	55140331	SINE/MIR	467	-	102	55140229	60753
chr20	55079476	55279476	harbor2	chr20	55143192	55143334	SINE/MIR	451	-	71	55143263	63787
chr20	56259557	56459557	harbor2	chr20	56265543	56265673	SINE/MIR	493	-	65	56265608	6051
chr20	56259557	56459557	harbor2	chr20	56289447	56289634	SINE/MIR	493	-	94	56289541	29984
chr20	56259557	56459557	harbor2	chr20	56298302	56298513	SINE/MIR	602	-	106	56298408	38851
chr20	56259557	56459557	harbor2	chr20	56344644	56344689	SINE/MIR	400	-	22	56344666	85109
chr20	56259557	56459557	harbor2	chr20	56344988	56345143	SINE/MIR	446	-	78	56345066	85509
chr20	56259557	56459557	harbor2	chr20	56346670	56346977	SINE/MIR	601	-	154	56346824	87267
chr20	56259557	56459557	harbor2	chr20	56349788	56349996	SINE/MIR	909	-	104	56349892	90335
chr20	56259557	56459557	harbor2	chr20	56350098	56350329	SINE/MIR	439	-	116	56350214	90657
chr20	56259557	56459557	harbor2	chr20	56357144	56357348	SINE/MIR	614	-	102	56357246	97689
chr20	17242425	17442425	harbor2	chr20	17252467	17252658	SINE/MIR	720	-	96	17252563	10138
chr20	17242425	17442425	harbor2	chr20	17290439	17290634	SINE/MIR	472	-	98	17290537	48112
chr20	17242425	17442425	harbor2	chr20	17331983	17332199	SINE/MIR	442	-	108	17332091	89666
chr20	58103543	58303543	harbor2	chr20	58127046	58127161	SINE/MIR	387	-	58	58127104	23561
chr20	58103543	58303543	harbor2	chr20	58148404	58148591	SINE/MIR	404	-	94	58148498	44955
chr20	58103543	58303543	harbor2	chr20	58153785	58153986	SINE/MIR	414	-	100	58153885	50342
chr20	58103543	58303543	harbor2	chr20	58157226	58157366	SINE/MIR	409	-	70	58157296	53753
chr20	58103543	58303543	harbor2	chr20	58168484	58168656	SINE/MIR	423	-	86	58168570	65027
chr20	62456395	62656395	harbor2	chr20	62478605	62478768	SINE/MIR	500	-	82	62478687	22292
chr20	62456395	62656395	harbor2	chr20	62481566	62481750	SINE/MIR	402	-	92	62481658	25263
chr20	59406879	59606879	harbor2	chr20	59418769	59418941	SINE/MIR	418	-	86	59418855	11976
chr20	59406879	59606879	harbor2	chr20	59457304	59457473	SINE/MIR	642	-	84	59457388	50509
chr20	59406879	59606879	harbor2	chr20	59457766	59458002	SINE/MIR	563	-	118	59457884	51005
chr20	59406879	59606879	harbor2	chr20	59460944	59461060	SINE/MIR	500	-	58	59461002	54123
chr20	59406879	59606879	harbor2	chr20	59490474	59490718	SINE/MIR	628	-	122	59490596	83717
chr20	59406879	59606879	harbor2	chr20	59501207	59501424	SINE/MIR	506	-	108	59501315	94436
chr20	59406879	59606879	harbor2	chr20	59457489	59457719	SINE/MIR	431	-	115	59457604	50725
chr20	40863435	41063435	harbor2	chr20	40867481	40867731	SINE/MIR	736	-	125	40867606	4171
chr20	40863435	41063435	harbor2	chr20	40884737	40884907	SINE/MIR	459	-	85	40884822	21387
chr20	40863435	41063435	harbor2	chr20	40889847	40890001	SINE/MIR	487	-	77	40889924	26489
chr20	40863435	41063435	harbor2	chr20	40892155	40892324	SINE/MIR	406	-	84	40892239	28804
chr20	40863435	41063435	harbor2	chr20	40902619	40902837	SINE/MIR	689	-	109	40902728	39293
chr20	40863435	41063435	harbor2	chr20	40920035	40920286	SINE/MIR	418	-	126	40920161	56726
chr20	40863435	41063435	harbor2	chr20	40938716	40938856	SINE/MIR	385	-	70	40938786	75351
chr20	40863435	41063435	harbor2	chr20	40941786	40941997	SINE/MIR	599	-	106	40941892	78457
chr20	40863435	41063435	harbor2	chr20	40947039	40947244	SINE/MIR	407	-	102	40947141	83706
chr20	40863435	41063435	harbor2	chr20	40956568	40956748	SINE/MIR	448	-	90	40956658	93223
chr20	40863435	41063435	harbor2	chr20	40962245	40962372	SINE/MIR	490	-	64	40962309	98874
chr20	40863435	41063435	harbor2	chr20	40963309	40963508	SINE/MIR	699	-	100	40963409	99974
chr20	31619816	31819816	harbor2	chr20	31620323	31620486	SINE/MIR	411	-	82	31620405	589
chr20	31619816	31819816	harbor2	chr20	31644242	31644464	SINE/MIR	649	-	111	31644353	24537
chr20	31619816	31819816	harbor2	chr20	31654172	31654190	SINE/MIR	565	-	9	31654181	34365
chr20	31619816	31819816	harbor2	chr20	31654492	31654696	SINE/MIR	565	-	102	31654594	34778
chr20	31619816	31819816	harbor2	chr20	31666979	31667143	SINE/MIR	501	-	82	31667061	47245
chr20	31619816	31819816	harbor2	chr20	31674220	31674457	SINE/MIR	482	-	118	31674338	54522
chr20	31619816	31819816	harbor2	chr20	31676226	31676447	SINE/MIR	1002	-	110	31676336	56520
chr20	31619816	31819816	harbor2	chr20	31686189	31686312	SINE/MIR	423	-	62	31686251	66435
chr20	31619816	31819816	harbor2	chr20	31694621	31694797	SINE/MIR	598	-	88	31694709	74893
chr20	31619816	31819816	harbor2	chr20	31694920	31694972	SINE/MIR	598	-	26	31694946	75130
chr20	31619816	31819816	harbor2	chr20	31705308	31705495	SINE/MIR	735	-	94	31705402	85586
chr20	31619816	31819816	harbor2	chr20	31706791	31706977	SINE/MIR	447	-	93	31706884	87068
chr20	52093618	52293618	harbor2	chr20	52125832	52125881	SINE/MIR	592	-	24	52125856	32238
chr20	52093618	52293618	harbor2	chr20	52126198	52126403	SINE/MIR	592	-	102	52126300	32682
chr20	52093618	52293618	harbor2	chr20	52154213	52154463	SINE/MIR	441	-	125	52154338	60720
chr20	52093618	52293618	harbor2	chr20	52180699	52180903	SINE/MIR	603	-	102	52180801	87183
chr20	52093618	52293618	harbor2	chr20	52182081	52182280	SINE/MIR	418	-	100	52182181	88563
chr20	30106296	30306296	harbor2	chr20	30178801	30179026	SINE/MIR	439	-	112	30178913	72617
chr20	46146723	46346723	harbor2	chr20	46148448	46148695	SINE/MIR	739	-	124	46148572	1849
chr20	46146723	46346723	harbor2	chr20	46150553	46150761	SINE/MIR	561	-	104	46150657	3934
chr20	46146723	46346723	harbor2	chr20	46153037	46153182	SINE/MIR	600	-	72	46153109	6386
chr20	46146723	46346723	harbor2	chr20	46153880	46153981	SINE/MIR	430	-	50	46153930	7207
chr20	46146723	46346723	harbor2	chr20	46157293	46157505	SINE/MIR	543	-	106	46157399	10676
chr20	46146723	46346723	harbor2	chr20	46166313	46166513	SINE/MIR	522	-	100	46166413	19690
chr20	46146723	46346723	harbor2	chr20	46171160	46171268	SINE/MIR	504	-	54	46171214	24491
chr20	46146723	46346723	harbor2	chr20	46173032	46173238	SINE/MIR	616	-	103	46173135	26412
chr20	46146723	46346723	harbor2	chr20	46173743	46173937	SINE/MIR	1006	-	97	46173840	27117
chr20	46146723	46346723	harbor2	chr20	46190159	46190389	SINE/MIR	559	-	115	46190274	43551
chr20	46146723	46346723	harbor2	chr20	46191571	46191742	SINE/MIR	481	-	86	46191657	44934
chr20	46146723	46346723	harbor2	chr20	46204534	46204708	SINE/MIR	545	-	87	46204621	57898
chr20	46146723	46346723	harbor2	chr20	46205315	46205519	SINE/MIR	664	-	102	46205417	58694
chr20	46146723	46346723	harbor2	chr20	46210875	46211047	SINE/MIR	606	-	86	46210961	64238
chr20	46146723	46346723	harbor2	chr20	46219680	46219881	SINE/MIR	840	-	100	46219780	73057
chr20	46146723	46346723	harbor2	chr20	46231494	46231618	SINE/MIR	443	-	62	46231556	84833
chr20	46146723	46346723	harbor2	chr20	46245781	46245974	SINE/MIR	387	-	96	46245877	99154
chr20	61275901	61475901	harbor2	chr20	61321923	61322108	SINE/MIR	393	-	92	61322015	46114
chr20	49628353	49828353	harbor2	chr20	49636634	49636774	SINE/MIR	404	-	70	49636704	8351
chr20	49628353	49828353	harbor2	chr20	49666928	49667144	SINE/MIR	424	-	108	49667036	38683
chr20	49628353	49828353	harbor2	chr20	49712198	49712393	SINE/MIR	455	-	98	49712296	83943
chr20	49628353	49828353	harbor2	chr20	49727597	49727707	SINE/MIR	565	-	55	49727652	99299
chr20	59375210	59575210	harbor2	chr20	59418769	59418941	SINE/MIR	418	-	86	59418855	43645
chr20	59375210	59575210	harbor2	chr20	59457304	59457473	SINE/MIR	642	-	84	59457388	82178
chr20	59375210	59575210	harbor2	chr20	59457766	59458002	SINE/MIR	563	-	118	59457884	82674
chr20	59375210	59575210	harbor2	chr20	59460944	59461060	SINE/MIR	500	-	58	59461002	85792
chr20	59375210	59575210	harbor2	chr20	59457489	59457719	SINE/MIR	431	-	115	59457604	82394
chr20	53300081	53500081	harbor2	chr20	53319287	53319431	SINE/MIR	427	-	72	53319359	19278
chr20	53300081	53500081	harbor2	chr20	53320151	53320371	SINE/MIR	713	-	110	53320261	20180
chr20	53300081	53500081	harbor2	chr20	53360599	53360825	SINE/MIR	735	-	113	53360712	60631
chr20	53300081	53500081	harbor2	chr20	53396301	53396491	SINE/MIR	589	-	95	53396396	96315
chr20	54928924	55128924	harbor2	chr20	55006250	55006465	SINE/MIR	476	-	108	55006358	77434
chr20	54928924	55128924	harbor2	chr20	54951786	54952011	SINE/MIR	664	-	112	54951898	22974
chr20	47275016	47475016	harbor2	chr20	47284999	47285221	SINE/MIR	724	-	111	47285110	10094
chr20	47275016	47475016	harbor2	chr20	47290940	47291126	SINE/MIR	408	-	93	47291033	16017
chr20	47275016	47475016	harbor2	chr20	47308596	47308761	SINE/MIR	437	-	82	47308678	33662
chr20	47275016	47475016	harbor2	chr20	47368570	47368725	SINE/MIR	810	-	78	47368648	93632
chr20	59831954	60031954	harbor2	chr20	59895944	59896192	SINE/MIR	434	-	124	59896068	64114
chr20	59831954	60031954	harbor2	chr20	59913170	59913342	SINE/MIR	428	-	86	59913256	81302
chr20	59831954	60031954	harbor2	chr20	59920541	59920721	SINE/MIR	432	-	90	59920631	88677
chr20	55416796	55616796	harbor2	chr20	55424337	55424455	SINE/MIR	434	-	59	55424396	7600
chr20	55416796	55616796	harbor2	chr20	55426781	55427005	SINE/MIR	515	-	112	55426893	10097
chr20	55416796	55616796	harbor2	chr20	55457384	55457616	SINE/MIR	591	-	116	55457500	40704
chr20	52428002	52628002	harbor2	chr20	52440951	52441134	SINE/MIR	568	-	92	52441043	13041
chr20	52428002	52628002	harbor2	chr20	52445694	52445853	SINE/MIR	605	-	80	52445774	17772
chr20	52428002	52628002	harbor2	chr20	52457631	52457870	SINE/MIR	752	-	120	52457751	29749
chr20	52428002	52628002	harbor2	chr20	52475561	52475798	SINE/MIR	392	-	118	52475679	47677
chr20	52428002	52628002	harbor2	chr20	52503229	52503472	SINE/MIR	625	-	122	52503351	75349
chr20	59725068	59925068	harbor2	chr20	59753591	59753775	SINE/MIR	405	-	92	59753683	28615
chr20	59725068	59925068	harbor2	chr20	59772055	59772185	SINE/MIR	430	-	65	59772120	47052
chr20	59725068	59925068	harbor2	chr20	59776180	59776413	SINE/MIR	609	-	116	59776296	51228
chr20	59725068	59925068	harbor2	chr20	59810995	59811146	SINE/MIR	535	-	76	59811071	86003
chr20	59725068	59925068	harbor2	chr20	59821046	59821244	SINE/MIR	544	-	99	59821145	96077
chr20	19608705	19808705	harbor2	chr20	19638540	19638733	SINE/MIR	711	-	96	19638636	29931
chr20	19608705	19808705	harbor2	chr20	19691794	19691985	SINE/MIR	574	-	96	19691890	83185
chr20	19608705	19808705	harbor2	chr20	19697335	19697505	SINE/MIR	443	-	85	19697420	88715
chr20	56242069	56442069	harbor2	chr20	56252123	56252318	SINE/MIR	509	-	98	56252221	10152
chr20	56242069	56442069	harbor2	chr20	56254004	56254216	SINE/MIR	456	-	106	56254110	12041
chr20	56242069	56442069	harbor2	chr20	56265543	56265673	SINE/MIR	493	-	65	56265608	23539
chr20	56242069	56442069	harbor2	chr20	56289447	56289634	SINE/MIR	493	-	94	56289541	47472
chr20	56242069	56442069	harbor2	chr20	56298302	56298513	SINE/MIR	602	-	106	56298408	56339
chr20	62232255	62432255	harbor2	chr20	62240416	62240633	SINE/MIR	750	-	108	62240524	8269
chr20	60436802	60636802	harbor2	chr20	60458727	60458905	SINE/MIR	412	-	89	60458816	22014
chr20	60436802	60636802	harbor2	chr20	60479505	60479705	SINE/MIR	504	-	100	60479605	42803
chr20	60147519	60347519	harbor2	chr20	60192648	60192881	SINE/MIR	717	-	116	60192764	45245
chr20	60147519	60347519	harbor2	chr20	60203124	60203322	SINE/MIR	432	-	99	60203223	55704
chr20	60147519	60347519	harbor2	chr20	60224016	60224215	SINE/MIR	408	-	100	60224116	76597
chr20	59459940	59659940	harbor2	chr20	59460944	59461060	SINE/MIR	500	-	58	59461002	1062
chr20	59459940	59659940	harbor2	chr20	59490474	59490718	SINE/MIR	628	-	122	59490596	30656
chr20	59459940	59659940	harbor2	chr20	59501207	59501424	SINE/MIR	506	-	108	59501315	41375
chr20	57440146	57640146	harbor2	chr20	57451730	57451923	SINE/MIR	458	-	96	57451826	11680
chr20	57440146	57640146	harbor2	chr20	57457916	57458048	SINE/MIR	404	-	66	57457982	17836
chr20	57440146	57640146	harbor2	chr20	57465972	57466165	SINE/MIR	519	-	96	57466068	25922
chr20	57440146	57640146	harbor2	chr20	57474124	57474226	SINE/MIR	486	-	51	57474175	34029
chr20	57440146	57640146	harbor2	chr20	57474711	57474780	SINE/MIR	486	-	34	57474745	34599
chr20	63129145	63329145	harbor2	chr20	63152544	63152649	SINE/MIR	439	-	52	63152596	23451
chr20	63129145	63329145	harbor2	chr20	63212961	63213149	SINE/MIR	628	-	94	63213055	83910
chr20	63129145	63329145	harbor2	chr20	63213440	63213474	SINE/MIR	577	-	17	63213457	84312
chr20	35534598	35734598	harbor2	chr20	35619918	35619963	SINE/MIR	522	-	22	35619940	85342
chr20	35534598	35734598	harbor2	chr20	35620268	35620406	SINE/MIR	522	-	69	35620337	85739
chr20	35534598	35734598	harbor2	chr20	35621184	35621388	SINE/MIR	497	-	102	35621286	86688
chr20	58505673	58705673	harbor2	chr20	58511033	58511225	SINE/MIR	437	-	96	58511129	5456
chr20	58505673	58705673	harbor2	chr20	58517349	58517599	SINE/MIR	479	-	125	58517474	11801
chr20	58505673	58705673	harbor2	chr20	58552175	58552340	SINE/MIR	408	-	82	58552257	46584
chr20	58505673	58705673	harbor2	chr20	58553124	58553282	SINE/MIR	401	-	79	58553203	47530
chr20	58505673	58705673	harbor2	chr20	58578870	58579105	SINE/MIR	458	-	118	58578988	73315
chr20	34271011	34471011	harbor2	chr20	34282564	34282711	SINE/MIR	643	-	74	34282638	11627
chr20	34271011	34471011	harbor2	chr20	34285059	34285235	SINE/MIR	562	-	88	34285147	14136
chr20	34271011	34471011	harbor2	chr20	34286251	34286465	SINE/MIR	629	-	107	34286358	15347
chr20	34271011	34471011	harbor2	chr20	34335186	34335368	SINE/MIR	489	-	91	34335277	64266
chr20	54747847	54947847	harbor2	chr20	54769828	54770044	SINE/MIR	598	-	108	54769936	22089
chr20	54747847	54947847	harbor2	chr20	54772388	54772592	SINE/MIR	406	-	102	54772490	24643
chr20	54747847	54947847	harbor2	chr20	54807037	54807263	SINE/MIR	476	-	113	54807150	59303
chr20	54747847	54947847	harbor2	chr20	54830473	54830705	SINE/MIR	629	-	116	54830589	82742
chr20	54747847	54947847	harbor2	chr20	54841465	54841521	SINE/MIR	462	-	28	54841493	93646
chr20	54747847	54947847	harbor2	chr20	54841933	54842096	SINE/MIR	462	-	82	54842015	94168
chr20	7139137	7339137	harbor2	chr20	7152159	7152323	SINE/MIR	507	-	82	7152241	13104
chr20	41411494	41611494	harbor2	chr20	41414659	41414822	SINE/MIR	452	-	82	41414741	3247
chr20	41411494	41611494	harbor2	chr20	41422618	41422809	SINE/MIR	399	-	96	41422714	11220
chr20	41411494	41611494	harbor2	chr20	41427345	41427594	SINE/MIR	974	-	124	41427469	15975
chr20	41411494	41611494	harbor2	chr20	41444711	41444915	SINE/MIR	602	-	102	41444813	33319
chr20	41411494	41611494	harbor2	chr20	41475135	41475389	SINE/MIR	486	-	127	41475262	63768
chr20	41411494	41611494	harbor2	chr20	41494474	41494693	SINE/MIR	502	-	110	41494584	83090
chr20	21690466	21890466	harbor2	chr20	21692876	21693108	SINE/MIR	575	-	116	21692992	2526
chr20	21690466	21890466	harbor2	chr20	21724268	21724497	SINE/MIR	576	-	114	21724382	33916
chr20	21690466	21890466	harbor2	chr20	21780695	21780837	SINE/MIR	490	-	71	21780766	90300
chr20	56682454	56882454	harbor2	chr20	56732476	56732606	SINE/MIR	498	-	65	56732541	50087
chr20	56682454	56882454	harbor2	chr20	56751270	56751480	SINE/MIR	578	-	105	56751375	68921
chr20	56682454	56882454	harbor2	chr20	56760972	56761129	SINE/MIR	486	-	78	56761050	78596
chr20	56682454	56882454	harbor2	chr20	56775482	56775691	SINE/MIR	640	-	104	56775586	93132
chr20	56682454	56882454	harbor2	chr20	56780426	56780633	SINE/MIR	530	-	104	56780530	98076
chr20	45302503	45502503	harbor2	chr20	45306186	45306372	SINE/MIR	656	-	93	45306279	3776
chr20	45302503	45502503	harbor2	chr20	45307668	45307825	SINE/MIR	537	-	78	45307746	5243
chr20	45302503	45502503	harbor2	chr20	45329814	45329977	SINE/MIR	483	-	82	45329896	27393
chr20	45302503	45502503	harbor2	chr20	45338145	45338259	SINE/MIR	429	-	57	45338202	35699
chr20	45302503	45502503	harbor2	chr20	45340238	45340423	SINE/MIR	678	-	92	45340330	37827
chr20	45302503	45502503	harbor2	chr20	45343783	45344007	SINE/MIR	430	-	112	45343895	41392
chr20	45302503	45502503	harbor2	chr20	45344773	45344918	SINE/MIR	414	-	72	45344845	42342
chr20	45302503	45502503	harbor2	chr20	45358770	45358979	SINE/MIR	666	-	104	45358874	56371
chr20	45302503	45502503	harbor2	chr20	45361815	45361969	SINE/MIR	427	-	77	45361892	59389
chr20	45302503	45502503	harbor2	chr20	45369180	45369382	SINE/MIR	659	-	101	45369281	66778
chr20	45302503	45502503	harbor2	chr20	45371430	45371600	SINE/MIR	448	-	85	45371515	69012
chr20	45302503	45502503	harbor2	chr20	45378485	45378633	SINE/MIR	439	-	74	45378559	76056
chr20	46294024	46494024	harbor2	chr20	46295423	46295645	SINE/MIR	871	-	111	46295534	1510
chr20	46294024	46494024	harbor2	chr20	46296289	46296459	SINE/MIR	532	-	85	46296374	2350
chr20	46294024	46494024	harbor2	chr20	46299660	46299863	SINE/MIR	695	-	102	46299762	5738
chr20	46294024	46494024	harbor2	chr20	46301241	46301458	SINE/MIR	626	-	108	46301349	7325
chr20	46294024	46494024	harbor2	chr20	46304300	46304530	SINE/MIR	690	-	115	46304415	10391
chr20	46294024	46494024	harbor2	chr20	46310616	46310760	SINE/MIR	385	-	72	46310688	16664
chr20	46294024	46494024	harbor2	chr20	46310990	46311224	SINE/MIR	738	-	117	46311107	17083
chr20	46294024	46494024	harbor2	chr20	46323357	46323538	SINE/MIR	494	-	90	46323447	29423
chr20	46294024	46494024	harbor2	chr20	46326814	46327051	SINE/MIR	671	-	118	46326932	32908
chr20	46294024	46494024	harbor2	chr20	46331047	46331207	SINE/MIR	531	-	80	46331127	37103
chr20	46294024	46494024	harbor2	chr20	46336777	46337019	SINE/MIR	618	-	121	46336898	42874
chr20	46294024	46494024	harbor2	chr20	46337166	46337304	SINE/MIR	619	-	69	46337235	43211
chr20	46294024	46494024	harbor2	chr20	46337599	46337713	SINE/MIR	619	-	57	46337656	43632
chr20	46294024	46494024	harbor2	chr20	46347027	46347208	SINE/MIR	582	-	90	46347117	53093
chr20	46294024	46494024	harbor2	chr20	46349547	46349705	SINE/MIR	539	-	79	46349626	55602
chr20	46294024	46494024	harbor2	chr20	46370881	46371105	SINE/MIR	709	-	112	46370993	76969
chr20	46294024	46494024	harbor2	chr20	46378749	46378961	SINE/MIR	409	-	106	46378855	84831
chr20	46294024	46494024	harbor2	chr20	46382508	46382694	SINE/MIR	469	-	93	46382601	88577
chr20	46294024	46494024	harbor2	chr20	46382727	46382865	SINE/MIR	469	-	69	46382796	88772
chr20	46294024	46494024	harbor2	chr20	46385412	46385619	SINE/MIR	474	-	104	46385516	91492
chr20	52165656	52365656	harbor2	chr20	52180699	52180903	SINE/MIR	603	-	102	52180801	15145
chr20	52165656	52365656	harbor2	chr20	52182081	52182280	SINE/MIR	418	-	100	52182181	16525
chr20	52165656	52365656	harbor2	chr20	52222897	52223055	SINE/MIR	605	-	79	52222976	57320
chr20	52165656	52365656	harbor2	chr20	52235606	52235853	SINE/MIR	716	-	124	52235730	70074
chr20	52165656	52365656	harbor2	chr20	52236854	52237028	SINE/MIR	476	-	87	52236941	71285
chr20	57764562	57964562	harbor2	chr20	57783935	57784098	SINE/MIR	461	-	82	57784017	19455
chr20	57764562	57964562	harbor2	chr20	57790372	57790518	SINE/MIR	486	-	73	57790445	25883
chr20	57764562	57964562	harbor2	chr20	57798587	57798782	SINE/MIR	429	-	98	57798685	34123
chr20	57764562	57964562	harbor2	chr20	57809540	57809672	SINE/MIR	417	-	66	57809606	45044
chr20	57764562	57964562	harbor2	chr20	57835184	57835378	SINE/MIR	445	-	97	57835281	70719
chr20	57764562	57964562	harbor2	chr20	57838181	57838234	SINE/MIR	417	-	26	57838207	73645
chr20	57764562	57964562	harbor2	chr20	57838507	57838624	SINE/MIR	417	-	58	57838565	74003
chr20	57764562	57964562	harbor2	chr20	57839487	57839638	SINE/MIR	410	-	76	57839563	75001
chr20	57764562	57964562	harbor2	chr20	57840678	57840816	SINE/MIR	423	-	69	57840747	76185
chr20	57764562	57964562	harbor2	chr20	57852535	57852742	SINE/MIR	426	-	104	57852639	88077
chr20	49819952	50019952	harbor2	chr20	49823178	49823365	SINE/MIR	638	-	94	49823272	3320
chr20	49819952	50019952	harbor2	chr20	49865128	49865303	SINE/MIR	465	-	88	49865216	45264
chr20	49819952	50019952	harbor2	chr20	49874372	49874544	SINE/MIR	514	-	86	49874458	54506
chr20	49819952	50019952	harbor2	chr20	49913366	49913585	SINE/MIR	408	-	110	49913476	93524
chr20	49819952	50019952	harbor2	chr20	49914864	49915034	SINE/MIR	447	-	85	49914949	94997
chr20	49819952	50019952	harbor2	chr20	49839951	49840216	SINE/MIR	613	-	132	49840083	20131
chr20	41551960	41751960	harbor2	chr20	41581175	41581353	SINE/MIR	864	-	89	41581264	29304
chr20	41551960	41751960	harbor2	chr20	41641888	41642071	SINE/MIR	556	-	92	41641980	90020
chr20	13172221	13372221	harbor2	chr20	13203161	13203301	SINE/MIR	498	-	70	13203231	31010
chr20	13172221	13372221	harbor2	chr20	13223327	13223500	SINE/MIR	581	-	86	13223413	51192
chr20	13172221	13372221	harbor2	chr20	13224763	13224833	SINE/MIR	720	-	35	13224798	52577
chr20	13172221	13372221	harbor2	chr20	13225153	13225264	SINE/MIR	720	-	56	13225209	52988
chr20	13172221	13372221	harbor2	chr20	13242890	13243102	SINE/MIR	827	-	106	13242996	70775
chr20	13172221	13372221	harbor2	chr20	13271404	13271637	SINE/MIR	457	-	116	13271520	99299
chr20	42562055	42762055	harbor2	chr20	42568267	42568465	SINE/MIR	502	-	99	42568366	6311
chr20	42562055	42762055	harbor2	chr20	42578262	42578458	SINE/MIR	441	-	98	42578360	16305
chr20	42562055	42762055	harbor2	chr20	42585543	42585681	SINE/MIR	494	-	69	42585612	23557
chr20	42562055	42762055	harbor2	chr20	42588801	42589016	SINE/MIR	536	-	108	42588909	26854
chr20	42562055	42762055	harbor2	chr20	42602441	42602671	SINE/MIR	741	-	115	42602556	40501
chr20	42562055	42762055	harbor2	chr20	42606492	42606651	SINE/MIR	409	-	80	42606572	44517
chr20	42562055	42762055	harbor2	chr20	42611373	42611540	SINE/MIR	389	-	84	42611457	49402
chr20	42562055	42762055	harbor2	chr20	42628582	42628724	SINE/MIR	653	-	71	42628653	66598
chr20	42562055	42762055	harbor2	chr20	42628926	42629026	SINE/MIR	653	-	50	42628976	66921
chr20	42562055	42762055	harbor2	chr20	42643231	42643315	SINE/MIR	502	-	42	42643273	81218
chr20	42562055	42762055	harbor2	chr20	42643616	42643745	SINE/MIR	502	-	64	42643680	81625
chr20	42562055	42762055	harbor2	chr20	42650168	42650301	SINE/MIR	393	-	66	42650234	88179
chr20	42562055	42762055	harbor2	chr20	42651357	42651568	SINE/MIR	452	-	106	42651463	89408
chr20	42562055	42762055	harbor2	chr20	42654617	42654824	SINE/MIR	534	-	104	42654721	92666
chr20	39073199	39273199	harbor2	chr20	39089811	39090011	SINE/MIR	499	-	100	39089911	16712
chr20	39073199	39273199	harbor2	chr20	39095829	39095966	SINE/MIR	393	-	68	39095897	22698
chr20	39073199	39273199	harbor2	chr20	39097372	39097586	SINE/MIR	532	-	107	39097479	24280
chr20	39073199	39273199	harbor2	chr20	39099980	39100176	SINE/MIR	624	-	98	39100078	26879
chr20	39073199	39273199	harbor2	chr20	39111088	39111279	SINE/MIR	570	-	96	39111184	37985
chr20	39073199	39273199	harbor2	chr20	39138251	39138500	SINE/MIR	639	-	124	39138375	65176
chr20	39073199	39273199	harbor2	chr20	39165011	39165142	SINE/MIR	402	-	66	39165077	91878
chr20	39073199	39273199	harbor2	chr20	39169664	39169807	SINE/MIR	640	-	72	39169736	96537
chr20	53451293	53651293	harbor2	chr20	53467563	53467656	SINE/MIR	462	-	46	53467609	16316
chr20	53451293	53651293	harbor2	chr20	53502694	53502948	SINE/MIR	957	-	127	53502821	51528
chr20	53451293	53651293	harbor2	chr20	53526328	53526447	SINE/MIR	446	-	60	53526388	75095
chr20	53451293	53651293	harbor2	chr20	53530981	53531128	SINE/MIR	544	-	74	53531055	79762
chr20	53451293	53651293	harbor2	chr20	53537266	53537474	SINE/MIR	819	-	104	53537370	86077
chr20	57905744	58105744	harbor2	chr20	57910849	57911015	SINE/MIR	611	-	83	57910932	5188
chr20	57905744	58105744	harbor2	chr20	57924117	57924221	SINE/MIR	397	-	52	57924169	18425
chr20	57905744	58105744	harbor2	chr20	57931973	57932126	SINE/MIR	397	-	76	57932049	26305
chr20	57905744	58105744	harbor2	chr20	57952009	57952264	SINE/MIR	898	-	128	57952137	46393
chr20	57905744	58105744	harbor2	chr20	57959583	57959594	SINE/MIR	613	-	6	57959589	53845
chr20	57905744	58105744	harbor2	chr20	57960007	57960248	SINE/MIR	613	-	120	57960127	54383
chr20	57905744	58105744	harbor2	chr20	57996316	57996470	SINE/MIR	482	-	77	57996393	90649
chr20	57905744	58105744	harbor2	chr20	57997672	57997821	SINE/MIR	663	-	74	57997746	92002
chr20	39498304	39698304	harbor2	chr20	39499717	39499956	SINE/MIR	472	-	120	39499837	1533
chr20	39498304	39698304	harbor2	chr20	39525006	39525186	SINE/MIR	546	-	90	39525096	26792
chr20	39498304	39698304	harbor2	chr20	39527520	39527781	SINE/MIR	523	-	130	39527650	29346
chr20	39498304	39698304	harbor2	chr20	39530157	39530402	SINE/MIR	920	-	122	39530279	31975
chr20	39498304	39698304	harbor2	chr20	39547546	39547760	SINE/MIR	422	-	107	39547653	49349
chr20	39498304	39698304	harbor2	chr20	39551657	39551846	SINE/MIR	512	-	94	39551751	53447
chr20	39498304	39698304	harbor2	chr20	39591314	39591524	SINE/MIR	443	-	105	39591419	93115
chr20	46969313	47169313	harbor2	chr20	46972557	46972783	SINE/MIR	760	-	113	46972670	3357
chr20	46969313	47169313	harbor2	chr20	46979874	46980003	SINE/MIR	644	-	64	46979938	10625
chr20	46969313	47169313	harbor2	chr20	46992226	46992411	SINE/MIR	908	-	92	46992318	23005
chr20	46969313	47169313	harbor2	chr20	46992414	46992561	SINE/MIR	485	-	74	46992488	23175
chr20	46969313	47169313	harbor2	chr20	46995911	46996048	SINE/MIR	423	-	68	46995979	26666
chr20	46969313	47169313	harbor2	chr20	47000251	47000411	SINE/MIR	551	-	80	47000331	31018
chr20	46969313	47169313	harbor2	chr20	47008187	47008378	SINE/MIR	863	-	96	47008283	38970
chr20	46969313	47169313	harbor2	chr20	47017680	47017830	SINE/MIR	427	-	75	47017755	48442
chr20	46969313	47169313	harbor2	chr20	47018730	47018879	SINE/MIR	589	-	74	47018804	49491
chr20	46969313	47169313	harbor2	chr20	47018921	47019136	SINE/MIR	529	-	108	47019029	49716
chr20	46969313	47169313	harbor2	chr20	47042136	47042339	SINE/MIR	822	-	102	47042238	72925
chr20	46969313	47169313	harbor2	chr20	47044663	47044847	SINE/MIR	580	-	92	47044755	75442
chr20	46969313	47169313	harbor2	chr20	47048914	47049120	SINE/MIR	792	-	103	47049017	79704
chr20	16082262	16282262	harbor2	chr20	16096803	16096965	SINE/MIR	452	-	81	16096884	14622
chr20	16082262	16282262	harbor2	chr20	16129149	16129384	SINE/MIR	516	-	118	16129267	47005
chr20	16082262	16282262	harbor2	chr20	16130169	16130392	SINE/MIR	418	-	112	16130281	48019
chr20	16082262	16282262	harbor2	chr20	16146939	16147189	SINE/MIR	402	-	125	16147064	64802
chr20	16082262	16282262	harbor2	chr20	16166200	16166402	SINE/MIR	646	-	101	16166301	84039
chr20	16082262	16282262	harbor2	chr20	16171529	16171734	SINE/MIR	632	-	102	16171631	89369
chr20	39920556	40120556	harbor2	chr20	39949970	39950064	SINE/MIR	406	-	47	39950017	29461
chr20	39920556	40120556	harbor2	chr20	39955036	39955298	SINE/MIR	889	-	131	39955167	34611
chr20	39920556	40120556	harbor2	chr20	39957395	39957560	SINE/MIR	596	-	82	39957477	36921
chr20	39920556	40120556	harbor2	chr20	39964934	39965112	SINE/MIR	482	-	89	39965023	44467
chr20	39920556	40120556	harbor2	chr20	39983416	39983635	SINE/MIR	515	-	110	39983526	62970
chr20	39920556	40120556	harbor2	chr20	39984126	39984385	SINE/MIR	702	-	130	39984256	63700
chr20	39920556	40120556	harbor2	chr20	40015562	40015807	SINE/MIR	485	-	122	40015684	95128
chr20	39920556	40120556	harbor2	chr20	39960556	39960751	SINE/MIR	811	-	98	39960654	40098
chr20	33998335	34198335	harbor2	chr20	34005619	34005773	SINE/MIR	426	-	77	34005696	7361
chr20	33998335	34198335	harbor2	chr20	34007046	34007214	SINE/MIR	548	-	84	34007130	8795
chr20	33998335	34198335	harbor2	chr20	34032667	34032795	SINE/MIR	431	-	64	34032731	34396
chr20	33998335	34198335	harbor2	chr20	34040634	34040891	SINE/MIR	582	-	128	34040762	42427
chr20	33998335	34198335	harbor2	chr20	34049641	34049826	SINE/MIR	392	-	92	34049733	51398
chr20	33998335	34198335	harbor2	chr20	34051114	34051319	SINE/MIR	548	-	102	34051216	52881
chr20	33998335	34198335	harbor2	chr20	34054999	34055170	SINE/MIR	857	-	86	34055085	56750
chr20	33998335	34198335	harbor2	chr20	34057872	34057988	SINE/MIR	507	-	58	34057930	59595
chr20	33998335	34198335	harbor2	chr20	34059476	34059614	SINE/MIR	609	-	69	34059545	61210
chr20	33998335	34198335	harbor2	chr20	34060467	34060678	SINE/MIR	448	-	106	34060573	62238
chr20	33998335	34198335	harbor2	chr20	34064762	34065000	SINE/MIR	565	-	119	34064881	66546
chr20	33998335	34198335	harbor2	chr20	34065203	34065441	SINE/MIR	668	-	119	34065322	66987
chr20	33998335	34198335	harbor2	chr20	34077797	34078033	SINE/MIR	500	-	118	34077915	79580
chr20	59560138	59760138	harbor2	chr20	59561519	59561646	SINE/MIR	510	-	64	59561583	1445
chr20	59560138	59760138	harbor2	chr20	59636294	59636510	SINE/MIR	484	-	108	59636402	76264
chr20	59560138	59760138	harbor2	chr20	59637847	59638060	SINE/MIR	505	-	106	59637953	77815
chr20	59042868	59242868	harbor2	chr20	59083380	59083548	SINE/MIR	450	-	84	59083464	40596
chr20	59042868	59242868	harbor2	chr20	59093771	59093984	SINE/MIR	613	-	106	59093877	51009
chr20	59042868	59242868	harbor2	chr20	59110033	59110291	SINE/MIR	615	-	129	59110162	67294
chr20	19458647	19658647	harbor2	chr20	19461467	19461520	SINE/MIR	392	-	26	19461493	2846
chr20	19458647	19658647	harbor2	chr20	19461833	19461995	SINE/MIR	392	-	81	19461914	3267
chr20	19458647	19658647	harbor2	chr20	19481269	19481474	SINE/MIR	498	-	102	19481371	22724
chr20	19458647	19658647	harbor2	chr20	19505959	19506188	SINE/MIR	547	-	114	19506073	47426
chr20	19458647	19658647	harbor2	chr20	19531914	19532053	SINE/MIR	600	-	70	19531984	73337
chr21	17511820	17711820	harbor2	chr21	17606100	17606320	SINE/MIR	768	-	110	17606210	94390
chr21	25455653	25655653	harbor2	chr21	25507814	25508004	SINE/MIR	899	-	95	25507909	52256
chr21	23714425	23914425	harbor2	chr21	23791996	23792218	SINE/MIR	538	-	111	23792107	77682
chr21	27894491	28094491	harbor2	chr21	27910570	27910781	SINE/MIR	548	-	106	27910676	16185
chr21	34833681	35033681	harbor2	chr21	34847507	34847677	SINE/MIR	510	-	85	34847592	13911
chr21	34833681	35033681	harbor2	chr21	34848056	34848210	SINE/MIR	502	-	77	34848133	14452
chr21	34833681	35033681	harbor2	chr21	34862982	34863220	SINE/MIR	658	-	119	34863101	29420
chr21	34833681	35033681	harbor2	chr21	34894712	34894859	SINE/MIR	515	-	74	34894786	61105
chr21	34833681	35033681	harbor2	chr21	34918983	34919216	SINE/MIR	737	-	116	34919099	85418
chr21	34833681	35033681	harbor2	chr21	34922859	34922997	SINE/MIR	518	-	69	34922928	89247
chr21	14196599	14396599	harbor2	chr21	14269349	14269594	SINE/MIR	612	-	122	14269471	72872
chr21	14196599	14396599	harbor2	chr21	14289280	14289444	SINE/MIR	552	-	82	14289362	92763
chr21	39994405	40194405	harbor2	chr21	39999213	39999399	SINE/MIR	505	-	93	39999306	4901
chr21	39994405	40194405	harbor2	chr21	40002639	40002883	SINE/MIR	679	-	122	40002761	8356
chr21	35407864	35607864	harbor2	chr21	35439476	35439707	SINE/MIR	492	-	116	35439592	31728
chr21	35407864	35607864	harbor2	chr21	35477429	35477644	SINE/MIR	614	-	108	35477537	69673
chr21	44002399	44202399	harbor2	chr21	44030880	44031100	SINE/MIR	504	-	110	44030990	28591
chr21	15637369	15837369	harbor2	chr21	15654342	15654579	SINE/MIR	619	-	118	15654460	17091
chr21	15637369	15837369	harbor2	chr21	15707830	15708040	SINE/MIR	695	-	105	15707935	70566
chr21	15637369	15837369	harbor2	chr21	15708193	15708221	SINE/MIR	695	-	14	15708207	70838
chr21	25818192	26018192	harbor2	chr21	25908697	25908905	SINE/MIR	678	-	104	25908801	90609
chr21	30123654	30323654	harbor2	chr21	30211052	30211284	SINE/MIR	816	-	116	30211168	87514
chr21	31895891	32095891	harbor2	chr21	31947956	31948160	SINE/MIR	572	-	102	31948058	52167
chr21	31895891	32095891	harbor2	chr21	31949895	31950083	SINE/MIR	563	-	94	31949989	54098
chr21	40003845	40203845	harbor2	chr21	40098361	40098526	SINE/MIR	517	-	82	40098443	94598
chr21	33373883	33573883	harbor2	chr21	33414398	33414614	SINE/MIR	551	-	108	33414506	40623
chr21	42070245	42270245	harbor2	chr21	42129939	42130106	SINE/MIR	496	-	84	42130023	59778
chr21	24427357	24627357	harbor2	chr21	24445169	24445392	SINE/MIR	493	-	112	24445281	17924
chr21	28196245	28396245	harbor2	chr21	28260816	28260992	SINE/MIR	529	-	88	28260904	64659
chr21	44022851	44222851	harbor2	chr21	44030880	44031100	SINE/MIR	504	-	110	44030990	8139
chr21	35936216	36136216	harbor2	chr21	35944284	35944365	SINE/MIR	599	-	40	35944324	8108
chr21	35936216	36136216	harbor2	chr21	35944658	35944813	SINE/MIR	599	-	78	35944736	8520
chr21	35936216	36136216	harbor2	chr21	35986402	35986605	SINE/MIR	548	-	102	35986504	50288
chr21	35936216	36136216	harbor2	chr21	36007292	36007423	SINE/MIR	491	-	66	36007358	71142
chr22	22144665	22344665	harbor2	chr22	22146541	22146690	SINE/MIR	497	-	74	22146615	1950
chr22	43569028	43769028	harbor2	chr22	43606448	43606674	SINE/MIR	448	-	113	43606561	37533
chr22	43569028	43769028	harbor2	chr22	43636413	43636601	SINE/MIR	587	-	94	43636507	67479
chr22	43569028	43769028	harbor2	chr22	43636903	43636933	SINE/MIR	551	-	15	43636918	67890
chr22	43569028	43769028	harbor2	chr22	43643123	43643339	SINE/MIR	437	-	108	43643231	74203
chr22	43569028	43769028	harbor2	chr22	43648139	43648274	SINE/MIR	544	-	68	43648207	79179
chr22	45858944	46058944	harbor2	chr22	45940171	45940370	SINE/MIR	434	-	100	45940271	81327
chr22	45858944	46058944	harbor2	chr22	45954784	45954973	SINE/MIR	435	-	94	45954878	95934
chr22	30051312	30251312	harbor2	chr22	30121244	30121374	SINE/MIR	523	-	65	30121309	69997
chr22	30051312	30251312	harbor2	chr22	30129409	30129615	SINE/MIR	704	-	103	30129512	78200
chr22	30051312	30251312	harbor2	chr22	30134891	30135115	SINE/MIR	649	-	112	30135003	83691
chr22	39591802	39791802	harbor2	chr22	39609110	39609285	SINE/MIR	499	-	88	39609198	17396
chr22	39591802	39791802	harbor2	chr22	39611189	39611381	SINE/MIR	556	-	96	39611285	19483
chr22	39591802	39791802	harbor2	chr22	39620483	39620666	SINE/MIR	574	-	92	39620575	28773
chr22	39591802	39791802	harbor2	chr22	39621134	39621237	SINE/MIR	460	-	52	39621186	29384
chr22	39591802	39791802	harbor2	chr22	39621908	39622024	SINE/MIR	464	-	58	39621966	30164
chr22	39591802	39791802	harbor2	chr22	39626850	39627082	SINE/MIR	678	-	116	39626966	35164
chr22	39591802	39791802	harbor2	chr22	39641238	39641472	SINE/MIR	663	-	117	39641355	49553
chr22	39591802	39791802	harbor2	chr22	39654052	39654205	SINE/MIR	419	-	76	39654128	62326
chr22	39591802	39791802	harbor2	chr22	39667714	39667857	SINE/MIR	563	-	72	39667786	75984
chr22	39591802	39791802	harbor2	chr22	39667919	39668090	SINE/MIR	416	-	86	39668005	76203
chr22	39591802	39791802	harbor2	chr22	39671243	39671438	SINE/MIR	622	-	98	39671341	79539
chr22	29764322	29964322	harbor2	chr22	29797405	29797525	SINE/MIR	403	-	60	29797465	33143
chr22	29764322	29964322	harbor2	chr22	29803865	29804109	SINE/MIR	508	-	122	29803987	39665
chr22	29764322	29964322	harbor2	chr22	29813936	29814077	SINE/MIR	453	-	70	29814006	49684
chr22	29764322	29964322	harbor2	chr22	29819113	29819164	SINE/MIR	648	-	26	29819139	54817
chr22	29764322	29964322	harbor2	chr22	29819462	29819655	SINE/MIR	648	-	96	29819558	55236
chr22	29764322	29964322	harbor2	chr22	29830159	29830312	SINE/MIR	667	-	76	29830235	65913
chr22	29764322	29964322	harbor2	chr22	29834055	29834191	SINE/MIR	617	-	68	29834123	69801
chr22	29764322	29964322	harbor2	chr22	29840779	29840856	SINE/MIR	591	-	38	29840817	76495
chr22	29764322	29964322	harbor2	chr22	29841147	29841294	SINE/MIR	591	-	74	29841221	76899
chr22	29764322	29964322	harbor2	chr22	29848704	29848901	SINE/MIR	484	-	98	29848802	84480
chr22	29764322	29964322	harbor2	chr22	29861886	29862053	SINE/MIR	493	-	84	29861970	97648
chr22	41222840	41422840	harbor2	chr22	41224321	41224489	SINE/MIR	415	-	84	41224405	1565
chr22	41222840	41422840	harbor2	chr22	41235654	41235870	SINE/MIR	572	-	108	41235762	12922
chr22	41222840	41422840	harbor2	chr22	41239274	41239418	SINE/MIR	439	-	72	41239346	16506
chr22	41222840	41422840	harbor2	chr22	41262348	41262574	SINE/MIR	589	-	113	41262461	39621
chr22	41222840	41422840	harbor2	chr22	41304723	41304923	SINE/MIR	565	-	100	41304823	81983
chr22	41222840	41422840	harbor2	chr22	41306327	41306370	SINE/MIR	644	-	22	41306349	83509
chr22	41222840	41422840	harbor2	chr22	41306670	41306813	SINE/MIR	644	-	72	41306742	83902
chr22	41222840	41422840	harbor2	chr22	41307632	41307864	SINE/MIR	547	-	116	41307748	84908
chr22	41222840	41422840	harbor2	chr22	41321652	41321816	SINE/MIR	671	-	82	41321734	98894
chr22	15742458	15942458	harbor2	chr22	15763019	15763195	SINE/MIR	545	-	88	15763107	20649
chr22	15742458	15942458	harbor2	chr22	15837686	15837871	SINE/MIR	465	-	92	15837778	95320
chr22	43484664	43684664	harbor2	chr22	43492110	43492304	SINE/MIR	716	-	97	43492207	7543
chr22	43484664	43684664	harbor2	chr22	43501644	43501789	SINE/MIR	510	-	72	43501716	17052
chr22	43484664	43684664	harbor2	chr22	43505232	43505398	SINE/MIR	554	-	83	43505315	20651
chr22	43484664	43684664	harbor2	chr22	43507022	43507200	SINE/MIR	542	-	89	43507111	22447
chr22	33344060	33544060	harbor2	chr22	33345101	33345303	SINE/MIR	666	-	101	33345202	1142
chr22	33344060	33544060	harbor2	chr22	33386158	33386343	SINE/MIR	535	-	92	33386250	42190
chr22	33344060	33544060	harbor2	chr22	33402054	33402197	SINE/MIR	534	-	72	33402126	58066
chr22	33344060	33544060	harbor2	chr22	33421586	33421745	SINE/MIR	494	-	80	33421666	77606
chr22	33344060	33544060	harbor2	chr22	33432373	33432561	SINE/MIR	589	-	94	33432467	88407
chr22	41672984	41872984	harbor2	chr22	41687708	41687834	SINE/MIR	489	-	63	41687771	14787
chr22	41672984	41872984	harbor2	chr22	41715128	41715307	SINE/MIR	508	-	90	41715218	42234
chr22	41672984	41872984	harbor2	chr22	41742456	41742662	SINE/MIR	713	-	103	41742559	69575
chr22	41672984	41872984	harbor2	chr22	41742945	41743003	SINE/MIR	713	-	29	41742974	69990
chr22	41672984	41872984	harbor2	chr22	41748578	41748805	SINE/MIR	1021	-	114	41748692	75708
chr22	41672984	41872984	harbor2	chr22	41749096	41749129	SINE/MIR	1021	-	16	41749112	76128
chr22	41672984	41872984	harbor2	chr22	41752297	41752513	SINE/MIR	595	-	108	41752405	79421
chr22	41672984	41872984	harbor2	chr22	41730011	41730241	SINE/MIR	485	-	115	41730126	57142
chr22	30286519	30486519	harbor2	chr22	30288441	30288616	SINE/MIR	575	-	88	30288529	2010
chr22	30286519	30486519	harbor2	chr22	30307680	30307793	SINE/MIR	439	-	56	30307736	21217
chr22	30286519	30486519	harbor2	chr22	30308096	30308239	SINE/MIR	439	-	72	30308168	21649
chr22	30286519	30486519	harbor2	chr22	30310625	30310811	SINE/MIR	441	-	93	30310718	24199
chr22	30286519	30486519	harbor2	chr22	30313991	30314220	SINE/MIR	553	-	114	30314105	27586
chr22	30286519	30486519	harbor2	chr22	30320761	30320901	SINE/MIR	609	-	70	30320831	34312
chr22	30286519	30486519	harbor2	chr22	30324666	30324848	SINE/MIR	691	-	91	30324757	38238
chr22	30286519	30486519	harbor2	chr22	30354761	30354777	SINE/MIR	520	-	8	30354769	68250
chr22	30286519	30486519	harbor2	chr22	30354934	30355031	SINE/MIR	520	-	48	30354982	68463
chr22	30286519	30486519	harbor2	chr22	30355311	30355438	SINE/MIR	520	-	64	30355375	68856
chr22	30286519	30486519	harbor2	chr22	30363388	30363567	SINE/MIR	419	-	90	30363478	76959
chr22	30286519	30486519	harbor2	chr22	30372961	30373197	SINE/MIR	655	-	118	30373079	86560
chr22	30286519	30486519	harbor2	chr22	30310315	30310466	SINE/MIR	503	-	76	30310391	23872
chr22	37535053	37735053	harbor2	chr22	37541130	37541289	SINE/MIR	531	-	80	37541210	6157
chr22	37535053	37735053	harbor2	chr22	37541584	37541606	SINE/MIR	531	-	11	37541595	6542
chr22	37535053	37735053	harbor2	chr22	37544875	37545074	SINE/MIR	644	-	100	37544975	9922
chr22	37535053	37735053	harbor2	chr22	37549074	37549269	SINE/MIR	418	-	98	37549172	14119
chr22	37535053	37735053	harbor2	chr22	37550709	37550756	SINE/MIR	476	-	24	37550733	15680
chr22	37535053	37735053	harbor2	chr22	37551082	37551197	SINE/MIR	476	-	58	37551140	16087
chr22	37535053	37735053	harbor2	chr22	37578068	37578195	SINE/MIR	417	-	64	37578132	43079
chr22	37535053	37735053	harbor2	chr22	37594138	37594308	SINE/MIR	456	-	85	37594223	59170
chr22	37535053	37735053	harbor2	chr22	37621372	37621611	SINE/MIR	500	-	120	37621492	86439
chr22	48257209	48457209	harbor2	chr22	48308635	48308775	SINE/MIR	423	-	70	48308705	51496
chr22	48257209	48457209	harbor2	chr22	48350213	48350338	SINE/MIR	448	-	62	48350275	93066
chr22	24011935	24211935	harbor2	chr22	24038685	24038882	SINE/MIR	434	-	98	24038783	26848
chr22	24011935	24211935	harbor2	chr22	24041739	24041923	SINE/MIR	406	-	92	24041831	29896
chr22	24011935	24211935	harbor2	chr22	24087134	24087400	SINE/MIR	464	-	133	24087267	75332
chr22	24011935	24211935	harbor2	chr22	24108958	24109195	SINE/MIR	707	-	118	24109076	97141
chr22	16440141	16640141	harbor2	chr22	16510608	16510822	SINE/MIR	579	-	107	16510715	70574
chr22	50702698	50902698	harbor2	chr22	50716951	50717061	SINE/MIR	535	-	55	50717006	14308
chr22	39612263	39812263	harbor2	chr22	39620483	39620666	SINE/MIR	574	-	92	39620575	8312
chr22	39612263	39812263	harbor2	chr22	39621134	39621237	SINE/MIR	460	-	52	39621186	8923
chr22	39612263	39812263	harbor2	chr22	39621908	39622024	SINE/MIR	464	-	58	39621966	9703
chr22	39612263	39812263	harbor2	chr22	39626850	39627082	SINE/MIR	678	-	116	39626966	14703
chr22	39612263	39812263	harbor2	chr22	39641238	39641472	SINE/MIR	663	-	117	39641355	29092
chr22	39612263	39812263	harbor2	chr22	39654052	39654205	SINE/MIR	419	-	76	39654128	41865
chr22	39612263	39812263	harbor2	chr22	39667714	39667857	SINE/MIR	563	-	72	39667786	55523
chr22	39612263	39812263	harbor2	chr22	39667919	39668090	SINE/MIR	416	-	86	39668005	55742
chr22	39612263	39812263	harbor2	chr22	39671243	39671438	SINE/MIR	622	-	98	39671341	59078
chr22	39612263	39812263	harbor2	chr22	39705737	39705897	SINE/MIR	419	-	80	39705817	93554
chr22	26689098	26889098	harbor2	chr22	26690249	26690362	SINE/MIR	448	-	56	26690305	1207
chr22	26689098	26889098	harbor2	chr22	26691534	26691671	SINE/MIR	415	-	68	26691602	2504
chr22	26689098	26889098	harbor2	chr22	26700036	26700088	SINE/MIR	515	-	26	26700062	10964
chr22	26689098	26889098	harbor2	chr22	26700602	26700751	SINE/MIR	515	-	74	26700676	11578
chr22	26689098	26889098	harbor2	chr22	26711580	26711798	SINE/MIR	418	-	109	26711689	22591
chr22	26689098	26889098	harbor2	chr22	26711902	26712076	SINE/MIR	537	-	87	26711989	22891
chr22	26689098	26889098	harbor2	chr22	26715452	26715683	SINE/MIR	1002	-	116	26715568	26470
chr22	26689098	26889098	harbor2	chr22	26722846	26723003	SINE/MIR	437	-	78	26722924	33826
chr22	26689098	26889098	harbor2	chr22	26746373	26746573	SINE/MIR	580	-	100	26746473	57375
chr22	26689098	26889098	harbor2	chr22	26753053	26753224	SINE/MIR	455	-	86	26753139	64041
chr22	26689098	26889098	harbor2	chr22	26762297	26762309	SINE/MIR	452	-	6	26762303	73205
chr22	26689098	26889098	harbor2	chr22	26762636	26762767	SINE/MIR	459	-	66	26762702	73604
chr22	26689098	26889098	harbor2	chr22	26776384	26776547	SINE/MIR	543	-	82	26776466	87368
chr22	26689098	26889098	harbor2	chr22	26781106	26781312	SINE/MIR	521	-	103	26781209	92111
chr22	26689098	26889098	harbor2	chr22	26782738	26782931	SINE/MIR	434	-	96	26782834	93736
chr22	26689098	26889098	harbor2	chr22	26783429	26783652	SINE/MIR	547	-	112	26783541	94443
chr22	36925262	37125262	harbor2	chr22	36931486	36931735	SINE/MIR	425	-	124	36931610	6348
chr22	36925262	37125262	harbor2	chr22	36941438	36941664	SINE/MIR	591	-	113	36941551	16289
chr22	36925262	37125262	harbor2	chr22	36982509	36982719	SINE/MIR	566	-	105	36982614	57352
chr22	36925262	37125262	harbor2	chr22	36998841	36999062	SINE/MIR	560	-	110	36998951	73689
chr22	36925262	37125262	harbor2	chr22	37001082	37001119	SINE/MIR	607	-	18	37001100	75838
chr22	36925262	37125262	harbor2	chr22	37001277	37001439	SINE/MIR	607	-	81	37001358	76096
chr22	43018281	43218281	harbor2	chr22	43063137	43063289	SINE/MIR	471	-	76	43063213	44932
chr22	43018281	43218281	harbor2	chr22	43067259	43067463	SINE/MIR	445	-	102	43067361	49080
chr22	18996133	19196133	harbor2	chr22	19079585	19079798	SINE/MIR	563	-	106	19079691	83558
chr22	28112470	28312470	harbor2	chr22	28124424	28124637	SINE/MIR	651	-	106	28124530	12060
chr22	28112470	28312470	harbor2	chr22	28144067	28144307	SINE/MIR	598	-	120	28144187	31717
chr22	28112470	28312470	harbor2	chr22	28145194	28145402	SINE/MIR	490	-	104	28145298	32828
chr22	28112470	28312470	harbor2	chr22	28145803	28146057	SINE/MIR	953	-	127	28145930	33460
chr22	28112470	28312470	harbor2	chr22	28178715	28178926	SINE/MIR	442	-	106	28178821	66351
chr22	28112470	28312470	harbor2	chr22	28185531	28185556	SINE/MIR	680	-	12	28185543	73073
chr22	28112470	28312470	harbor2	chr22	28185740	28185943	SINE/MIR	680	-	102	28185842	73372
chr22	28112470	28312470	harbor2	chr22	28189980	28190166	SINE/MIR	407	-	93	28190073	77603
chr22	28112470	28312470	harbor2	chr22	28190191	28190430	SINE/MIR	912	-	120	28190311	77841
chr22	28112470	28312470	harbor2	chr22	28201966	28202188	SINE/MIR	687	-	111	28202077	89607
chr22	40053222	40253222	harbor2	chr22	40088153	40088342	SINE/MIR	548	-	94	40088247	35025
chr22	40053222	40253222	harbor2	chr22	40104729	40104947	SINE/MIR	626	-	109	40104838	51616
chr22	40053222	40253222	harbor2	chr22	40116773	40116974	SINE/MIR	487	-	100	40116873	63651
chr22	46695745	46895745	harbor2	chr22	46719751	46719920	SINE/MIR	456	-	84	46719835	24090
chr22	46695745	46895745	harbor2	chr22	46742446	46742662	SINE/MIR	530	-	108	46742554	46809
chr22	46695745	46895745	harbor2	chr22	46749689	46749867	SINE/MIR	528	-	89	46749778	54033
chr22	46695745	46895745	harbor2	chr22	46754342	46754474	SINE/MIR	455	-	66	46754408	58663
chr22	46695745	46895745	harbor2	chr22	46773431	46773464	SINE/MIR	700	-	16	46773447	77702
chr22	46695745	46895745	harbor2	chr22	46773771	46773955	SINE/MIR	700	-	92	46773863	78118
chr22	26898866	27098866	harbor2	chr22	26912050	26912258	SINE/MIR	455	-	104	26912154	13288
chr22	26898866	27098866	harbor2	chr22	26912405	26912615	SINE/MIR	809	-	105	26912510	13644
chr22	26898866	27098866	harbor2	chr22	26922798	26922997	SINE/MIR	753	-	100	26922898	24032
chr22	26898866	27098866	harbor2	chr22	26924170	26924361	SINE/MIR	503	-	96	26924266	25400
chr22	26898866	27098866	harbor2	chr22	26939931	26940071	SINE/MIR	489	-	70	26940001	41135
chr22	26898866	27098866	harbor2	chr22	26947924	26948092	SINE/MIR	401	-	84	26948008	49142
chr22	26898866	27098866	harbor2	chr22	26961171	26961311	SINE/MIR	530	-	70	26961241	62375
chr22	26898866	27098866	harbor2	chr22	26966095	26966255	SINE/MIR	483	-	80	26966175	67309
chr22	26898866	27098866	harbor2	chr22	26967635	26967862	SINE/MIR	503	-	114	26967749	68883
chr22	26898866	27098866	harbor2	chr22	26967863	26968053	SINE/MIR	446	-	95	26967958	69092
chr22	26898866	27098866	harbor2	chr22	26972579	26972768	SINE/MIR	453	-	94	26972673	73807
chr22	26898866	27098866	harbor2	chr22	26978339	26978500	SINE/MIR	479	-	80	26978419	79553
chr22	26898866	27098866	harbor2	chr22	26995872	26996085	SINE/MIR	436	-	106	26995978	97112
chr22	36396017	36596017	harbor2	chr22	36399017	36399228	SINE/MIR	477	-	106	36399123	3106
chr22	36396017	36596017	harbor2	chr22	36406130	36406361	SINE/MIR	985	-	116	36406246	10229
chr22	36396017	36596017	harbor2	chr22	36415457	36415564	SINE/MIR	454	-	54	36415511	19494
chr22	36396017	36596017	harbor2	chr22	36417254	36417481	SINE/MIR	506	-	114	36417368	21351
chr22	36396017	36596017	harbor2	chr22	36436130	36436295	SINE/MIR	543	-	82	36436212	40195
chr22	36396017	36596017	harbor2	chr22	36481120	36481308	SINE/MIR	445	-	94	36481214	85197
chr22	36396017	36596017	harbor2	chr22	36495414	36495649	SINE/MIR	642	-	118	36495532	99515
chr22	45160513	45360513	harbor2	chr22	45165779	45165939	SINE/MIR	504	-	80	45165859	5346
chr22	45160513	45360513	harbor2	chr22	45225794	45225998	SINE/MIR	401	-	102	45225896	65383
chr22	45160513	45360513	harbor2	chr22	45249435	45249587	SINE/MIR	462	-	76	45249511	88998
chr22	47353666	47553666	harbor2	chr22	47357453	47357627	SINE/MIR	545	-	87	47357540	3874
chr22	47353666	47553666	harbor2	chr22	47420147	47420307	SINE/MIR	455	-	80	47420227	66561
chr22	47353666	47553666	harbor2	chr22	47443510	47443704	SINE/MIR	480	-	97	47443607	89941
chr22	36831013	37031013	harbor2	chr22	36834641	36834806	SINE/MIR	651	-	82	36834723	3710
chr22	36831013	37031013	harbor2	chr22	36834944	36834977	SINE/MIR	540	-	16	36834960	3947
chr22	36831013	37031013	harbor2	chr22	36845286	36845454	SINE/MIR	820	-	84	36845370	14357
chr22	36831013	37031013	harbor2	chr22	36861347	36861516	SINE/MIR	479	-	84	36861431	30418
chr22	36831013	37031013	harbor2	chr22	36861898	36862043	SINE/MIR	530	-	72	36861970	30957
chr22	36831013	37031013	harbor2	chr22	36869239	36869450	SINE/MIR	823	-	106	36869345	38332
chr22	36831013	37031013	harbor2	chr22	36898497	36898733	SINE/MIR	742	-	118	36898615	67602
chr22	30235408	30435408	harbor2	chr22	30249673	30249811	SINE/MIR	460	-	69	30249742	14334
chr22	30235408	30435408	harbor2	chr22	30254230	30254372	SINE/MIR	444	-	71	30254301	18893
chr22	30235408	30435408	harbor2	chr22	30261937	30262095	SINE/MIR	429	-	79	30262016	26608
chr22	30235408	30435408	harbor2	chr22	30263230	30263373	SINE/MIR	421	-	72	30263302	27894
chr22	30235408	30435408	harbor2	chr22	30288441	30288616	SINE/MIR	575	-	88	30288529	53121
chr22	30235408	30435408	harbor2	chr22	30307680	30307793	SINE/MIR	439	-	56	30307736	72328
chr22	30235408	30435408	harbor2	chr22	30308096	30308239	SINE/MIR	439	-	72	30308168	72760
chr22	30235408	30435408	harbor2	chr22	30310625	30310811	SINE/MIR	441	-	93	30310718	75310
chr22	30235408	30435408	harbor2	chr22	30313991	30314220	SINE/MIR	553	-	114	30314105	78697
chr22	30235408	30435408	harbor2	chr22	30320761	30320901	SINE/MIR	609	-	70	30320831	85423
chr22	30235408	30435408	harbor2	chr22	30324666	30324848	SINE/MIR	691	-	91	30324757	89349
chr22	30235408	30435408	harbor2	chr22	30310315	30310466	SINE/MIR	503	-	76	30310391	74983
chr22	32112552	32312552	harbor2	chr22	32128403	32128557	SINE/MIR	422	-	77	32128480	15928
chr22	32112552	32312552	harbor2	chr22	32133300	32133442	SINE/MIR	591	-	71	32133371	20819
chr22	32112552	32312552	harbor2	chr22	32186323	32186491	SINE/MIR	522	-	84	32186407	73855
chr22	45293483	45493483	harbor2	chr22	45361036	45361214	SINE/MIR	560	-	89	45361125	67642
chr22	45293483	45493483	harbor2	chr22	45364385	45364619	SINE/MIR	813	-	117	45364502	71019
chr22	45293483	45493483	harbor2	chr22	45378431	45378591	SINE/MIR	580	-	80	45378511	85028
chr22	45293483	45493483	harbor2	chr22	45385999	45386230	SINE/MIR	631	-	116	45386115	92632
chr22	45293483	45493483	harbor2	chr22	45388543	45388694	SINE/MIR	577	-	76	45388619	95136
chr22	45293483	45493483	harbor2	chr22	45389017	45389135	SINE/MIR	577	-	59	45389076	95593
chr22	33839738	34039738	harbor2	chr22	33849899	33850029	SINE/MIR	419	-	65	33849964	10226
chr22	33839738	34039738	harbor2	chr22	33870470	33870556	SINE/MIR	600	-	43	33870513	30775
chr22	33839738	34039738	harbor2	chr22	33870868	33871011	SINE/MIR	600	-	72	33870940	31202
chr22	33839738	34039738	harbor2	chr22	33874840	33875026	SINE/MIR	664	-	93	33874933	35195
chr22	33839738	34039738	harbor2	chr22	33879353	33879526	SINE/MIR	530	-	86	33879439	39701
chr22	33839738	34039738	harbor2	chr22	33931445	33931701	SINE/MIR	670	-	128	33931573	91835
chr22	33839738	34039738	harbor2	chr22	33936632	33936813	SINE/MIR	476	-	90	33936722	96984
chr22	45680331	45880331	harbor2	chr22	45691335	45691562	SINE/MIR	482	-	114	45691449	11118
chr22	45680331	45880331	harbor2	chr22	45744373	45744560	SINE/MIR	451	-	94	45744467	64136
chr22	45680331	45880331	harbor2	chr22	45755761	45755989	SINE/MIR	682	-	114	45755875	75544
chr22	45680331	45880331	harbor2	chr22	45760617	45760773	SINE/MIR	453	-	78	45760695	80364
chr22	46904972	47104972	harbor2	chr22	46953788	46954031	SINE/MIR	419	-	122	46953910	48938
chr22	46904972	47104972	harbor2	chr22	46996899	46997056	SINE/MIR	500	-	78	46996977	92005
chr22	40785163	40985163	harbor2	chr22	40807262	40807418	SINE/MIR	640	-	78	40807340	22177
chr22	40785163	40985163	harbor2	chr22	40817938	40818110	SINE/MIR	415	-	86	40818024	32861
chr22	40785163	40985163	harbor2	chr22	40863670	40863902	SINE/MIR	404	-	116	40863786	78623
chr22	40785163	40985163	harbor2	chr22	40867166	40867323	SINE/MIR	543	-	78	40867244	82081
chr22	40785163	40985163	harbor2	chr22	40876376	40876621	SINE/MIR	687	-	122	40876498	91335
chr22	36706475	36906475	harbor2	chr22	36707052	36707279	SINE/MIR	969	-	114	36707166	691
chr22	36706475	36906475	harbor2	chr22	36714203	36714371	SINE/MIR	526	-	84	36714287	7812
chr22	36706475	36906475	harbor2	chr22	36714396	36714548	SINE/MIR	401	-	76	36714472	7997
chr22	36706475	36906475	harbor2	chr22	36717989	36718209	SINE/MIR	802	-	110	36718099	11624
chr22	36706475	36906475	harbor2	chr22	36723965	36724129	SINE/MIR	507	-	82	36724047	17572
chr22	36706475	36906475	harbor2	chr22	36729109	36729255	SINE/MIR	592	-	73	36729182	22707
chr22	36706475	36906475	harbor2	chr22	36734570	36734720	SINE/MIR	582	-	75	36734645	28170
chr22	36706475	36906475	harbor2	chr22	36752356	36752512	SINE/MIR	450	-	78	36752434	45959
chr22	36706475	36906475	harbor2	chr22	36758497	36758707	SINE/MIR	457	-	105	36758602	52127
chr22	36706475	36906475	harbor2	chr22	36778560	36778757	SINE/MIR	529	-	98	36778658	72183
chr22	36706475	36906475	harbor2	chr22	36784645	36784818	SINE/MIR	579	-	86	36784731	78256
chr22	36706475	36906475	harbor2	chr22	36785676	36785801	SINE/MIR	509	-	62	36785738	79263
chr22	36706475	36906475	harbor2	chr22	36801198	36801349	SINE/MIR	576	-	76	36801274	94799
chr22	36706475	36906475	harbor2	chr22	36803039	36803187	SINE/MIR	565	-	74	36803113	96638
chr22	37866634	38066634	harbor2	chr22	37903421	37903569	SINE/MIR	591	-	74	37903495	36861
chr22	37866634	38066634	harbor2	chr22	37904995	37905167	SINE/MIR	513	-	86	37905081	38447
chr22	37866634	38066634	harbor2	chr22	37918187	37918319	SINE/MIR	625	-	66	37918253	51619
chr22	37866634	38066634	harbor2	chr22	37925208	37925413	SINE/MIR	539	-	102	37925310	58676
chr22	37866634	38066634	harbor2	chr22	37926124	37926334	SINE/MIR	792	-	105	37926229	59595
chr22	33500920	33700920	harbor2	chr22	33510274	33510490	SINE/MIR	633	-	108	33510382	9462
chr22	33500920	33700920	harbor2	chr22	33518130	33518324	SINE/MIR	654	-	97	33518227	17307
chr22	33500920	33700920	harbor2	chr22	33518609	33518667	SINE/MIR	654	-	29	33518638	17718
chr22	33500920	33700920	harbor2	chr22	33528876	33529011	SINE/MIR	484	-	68	33528944	28024
chr22	33500920	33700920	harbor2	chr22	33532438	33532607	SINE/MIR	521	-	84	33532522	31602
chr22	33500920	33700920	harbor2	chr22	33553554	33553747	SINE/MIR	434	-	96	33553650	52730
chr22	33500920	33700920	harbor2	chr22	33581028	33581208	SINE/MIR	471	-	90	33581118	80198
chr22	33859825	34059825	harbor2	chr22	33870470	33870556	SINE/MIR	600	-	43	33870513	10688
chr22	33859825	34059825	harbor2	chr22	33870868	33871011	SINE/MIR	600	-	72	33870940	11115
chr22	33859825	34059825	harbor2	chr22	33874840	33875026	SINE/MIR	664	-	93	33874933	15108
chr22	33859825	34059825	harbor2	chr22	33879353	33879526	SINE/MIR	530	-	86	33879439	19614
chr22	33859825	34059825	harbor2	chr22	33931445	33931701	SINE/MIR	670	-	128	33931573	71748
chr22	33859825	34059825	harbor2	chr22	33936632	33936813	SINE/MIR	476	-	90	33936722	76897
chr22	26773233	26973233	harbor2	chr22	26776384	26776547	SINE/MIR	543	-	82	26776466	3233
chr22	26773233	26973233	harbor2	chr22	26781106	26781312	SINE/MIR	521	-	103	26781209	7976
chr22	26773233	26973233	harbor2	chr22	26782738	26782931	SINE/MIR	434	-	96	26782834	9601
chr22	26773233	26973233	harbor2	chr22	26783429	26783652	SINE/MIR	547	-	112	26783541	10308
chr22	26773233	26973233	harbor2	chr22	26795776	26795966	SINE/MIR	537	-	95	26795871	22638
chr22	26773233	26973233	harbor2	chr22	26801485	26801710	SINE/MIR	692	-	112	26801597	28364
chr22	26773233	26973233	harbor2	chr22	26801711	26801854	SINE/MIR	655	-	72	26801783	28550
chr22	26773233	26973233	harbor2	chr22	26802384	26802623	SINE/MIR	575	-	120	26802504	29271
chr22	26773233	26973233	harbor2	chr22	26802768	26802944	SINE/MIR	505	-	88	26802856	29623
chr22	26773233	26973233	harbor2	chr22	26804667	26804846	SINE/MIR	710	-	90	26804757	31524
chr22	26773233	26973233	harbor2	chr22	26806038	26806202	SINE/MIR	609	-	82	26806120	32887
chr22	26773233	26973233	harbor2	chr22	26807993	26808184	SINE/MIR	558	-	96	26808089	34856
chr22	26773233	26973233	harbor2	chr22	26817394	26817577	SINE/MIR	572	-	92	26817486	44253
chr22	26773233	26973233	harbor2	chr22	26823165	26823267	SINE/MIR	443	-	51	26823216	49983
chr22	26773233	26973233	harbor2	chr22	26823953	26824133	SINE/MIR	445	-	90	26824043	50810
chr22	26773233	26973233	harbor2	chr22	26831589	26831783	SINE/MIR	584	-	97	26831686	58453
chr22	26773233	26973233	harbor2	chr22	26846072	26846253	SINE/MIR	509	-	90	26846162	72929
chr22	26773233	26973233	harbor2	chr22	26856831	26857079	SINE/MIR	570	-	124	26856955	83722
chr22	26773233	26973233	harbor2	chr22	26863930	26864072	SINE/MIR	634	-	71	26864001	90768
chr22	41512666	41712666	harbor2	chr22	41514362	41514529	SINE/MIR	461	-	84	41514446	1780
chr22	41512666	41712666	harbor2	chr22	41537166	41537362	SINE/MIR	417	-	98	41537264	24598
chr22	41512666	41712666	harbor2	chr22	41539917	41540164	SINE/MIR	588	-	124	41540041	27375
chr22	41512666	41712666	harbor2	chr22	41540288	41540452	SINE/MIR	477	-	82	41540370	27704
chr22	41512666	41712666	harbor2	chr22	41548902	41549152	SINE/MIR	753	-	125	41549027	36361
chr22	41512666	41712666	harbor2	chr22	41565943	41566022	SINE/MIR	445	-	40	41565983	53317
chr22	41512666	41712666	harbor2	chr22	41566648	41566659	SINE/MIR	445	-	6	41566654	53988
chr22	41512666	41712666	harbor2	chr22	41566944	41567019	SINE/MIR	445	-	38	41566982	54316
chr22	41512666	41712666	harbor2	chr22	41578913	41579086	SINE/MIR	408	-	86	41578999	66333
chr22	41512666	41712666	harbor2	chr22	41580416	41580613	SINE/MIR	518	-	98	41580514	67848
chr22	42455184	42655184	harbor2	chr22	42465521	42465679	SINE/MIR	530	-	79	42465600	10416
chr22	42455184	42655184	harbor2	chr22	42501194	42501355	SINE/MIR	411	-	80	42501274	46090
chr22	19222695	19422695	harbor2	chr22	19288438	19288654	SINE/MIR	711	-	108	19288546	65851
chr22	50080690	50280690	harbor2	chr22	50091523	50091790	SINE/MIR	538	-	134	50091657	10967
chr22	44563860	44763860	harbor2	chr22	44584821	44584997	SINE/MIR	497	-	88	44584909	21049
chr22	44563860	44763860	harbor2	chr22	44641660	44641758	SINE/MIR	678	-	49	44641709	77849
chr22	44563860	44763860	harbor2	chr22	44642054	44642174	SINE/MIR	678	-	60	44642114	78254
chr22	21758119	21958119	harbor2	chr22	21759661	21759907	SINE/MIR	568	-	123	21759784	1665
chr22	21758119	21958119	harbor2	chr22	21779672	21779854	SINE/MIR	474	-	91	21779763	21644
chr22	21758119	21958119	harbor2	chr22	21827662	21827856	SINE/MIR	576	-	97	21827759	69640
chr22	38405633	38605633	harbor2	chr22	38415937	38416094	SINE/MIR	505	-	78	38416015	10382
chr22	38405633	38605633	harbor2	chr22	38420795	38421023	SINE/MIR	829	-	114	38420909	15276
chr22	38405633	38605633	harbor2	chr22	38456378	38456541	SINE/MIR	447	-	82	38456460	50827
chr22	38405633	38605633	harbor2	chr22	38459087	38459253	SINE/MIR	517	-	83	38459170	53537
chr22	38405633	38605633	harbor2	chr22	38494252	38494474	SINE/MIR	551	-	111	38494363	88730
chr22	38405633	38605633	harbor2	chr22	38436700	38436884	SINE/MIR	689	-	92	38436792	31159
chr22	38405633	38605633	harbor2	chr22	38453180	38453338	SINE/MIR	455	-	79	38453259	47626
chr22	44279473	44479473	harbor2	chr22	44284254	44284442	SINE/MIR	414	-	94	44284348	4875
chr22	44279473	44479473	harbor2	chr22	44288093	44288307	SINE/MIR	697	-	107	44288200	8727
chr22	44279473	44479473	harbor2	chr22	44289141	44289292	SINE/MIR	627	-	76	44289217	9744
chr22	44279473	44479473	harbor2	chr22	44297183	44297387	SINE/MIR	539	-	102	44297285	17812
chr22	44279473	44479473	harbor2	chr22	44307236	44307418	SINE/MIR	528	-	91	44307327	27854
chr22	44279473	44479473	harbor2	chr22	44314039	44314163	SINE/MIR	432	-	62	44314101	34628
chr22	44279473	44479473	harbor2	chr22	44318742	44318934	SINE/MIR	500	-	96	44318838	39365
chr22	44279473	44479473	harbor2	chr22	44319175	44319408	SINE/MIR	532	-	116	44319291	39818
chr22	44279473	44479473	harbor2	chr22	44323867	44324079	SINE/MIR	652	-	106	44323973	44500
chr22	44279473	44479473	harbor2	chr22	44324554	44324689	SINE/MIR	422	-	68	44324622	45149
chr22	44279473	44479473	harbor2	chr22	44332975	44333209	SINE/MIR	623	-	117	44333092	53619
chr22	44279473	44479473	harbor2	chr22	44341426	44341670	SINE/MIR	534	-	122	44341548	62075
chr22	44279473	44479473	harbor2	chr22	44342417	44342570	SINE/MIR	516	-	76	44342493	63020
chr22	44279473	44479473	harbor2	chr22	44362849	44363080	SINE/MIR	509	-	116	44362965	83492
chr22	44279473	44479473	harbor2	chr22	44365191	44365378	SINE/MIR	553	-	94	44365285	85812
chr22	44279473	44479473	harbor2	chr22	44366379	44366541	SINE/MIR	423	-	81	44366460	86987
chr22	44279473	44479473	harbor2	chr22	44368526	44368710	SINE/MIR	417	-	92	44368618	89145
chr22	20826285	21026285	harbor2	chr22	20844710	20844846	SINE/MIR	520	-	68	20844778	18493
chr22	20826285	21026285	harbor2	chr22	20857126	20857301	SINE/MIR	413	-	88	20857214	30929
chr22	20826285	21026285	harbor2	chr22	20857616	20857825	SINE/MIR	591	-	104	20857720	31435
chr22	20826285	21026285	harbor2	chr22	20858043	20858246	SINE/MIR	442	-	102	20858145	31860
chr22	38826857	39026857	harbor2	chr22	38827650	38827844	SINE/MIR	510	-	97	38827747	890
chr22	38826857	39026857	harbor2	chr22	38831798	38831912	SINE/MIR	417	-	57	38831855	4998
chr22	38826857	39026857	harbor2	chr22	38832546	38832777	SINE/MIR	482	-	116	38832662	5805
chr22	38826857	39026857	harbor2	chr22	38836753	38836806	SINE/MIR	449	-	26	38836779	9922
chr22	38826857	39026857	harbor2	chr22	38837114	38837248	SINE/MIR	559	-	67	38837181	10324
chr22	38826857	39026857	harbor2	chr22	38841664	38841809	SINE/MIR	553	-	72	38841736	14879
chr22	19399630	19599630	harbor2	chr22	19472667	19472875	SINE/MIR	507	-	104	19472771	73141
chr22	43217791	43417791	harbor2	chr22	43249997	43250210	SINE/MIR	631	-	106	43250103	32312
chr22	43217791	43417791	harbor2	chr22	43270606	43270778	SINE/MIR	416	-	86	43270692	52901
chr22	43217791	43417791	harbor2	chr22	43286148	43286346	SINE/MIR	630	-	99	43286247	68456
chr22	43217791	43417791	harbor2	chr22	43291756	43291991	SINE/MIR	958	-	118	43291874	74083
chr22	43217791	43417791	harbor2	chr22	43293228	43293449	SINE/MIR	539	-	110	43293338	75547
chr22	43217791	43417791	harbor2	chr22	43294921	43295093	SINE/MIR	406	-	86	43295007	77216
chr22	43217791	43417791	harbor2	chr22	43309212	43309425	SINE/MIR	674	-	106	43309318	91527
chr22	43217791	43417791	harbor2	chr22	43315163	43315400	SINE/MIR	445	-	118	43315281	97490
chr22	43217791	43417791	harbor2	chr22	43316111	43316349	SINE/MIR	873	-	119	43316230	98439
chr22	30812209	31012209	harbor2	chr22	30827843	30827961	SINE/MIR	404	-	59	30827902	15693
chr22	30812209	31012209	harbor2	chr22	30833103	30833193	SINE/MIR	404	-	45	30833148	20939
chr22	30812209	31012209	harbor2	chr22	30837943	30838136	SINE/MIR	425	-	96	30838039	25830
chr22	26873842	27073842	harbor2	chr22	26888940	26889127	SINE/MIR	468	-	94	26889034	15192
chr22	26873842	27073842	harbor2	chr22	26892217	26892295	SINE/MIR	455	-	39	26892256	18414
chr22	26873842	27073842	harbor2	chr22	26896136	26896351	SINE/MIR	585	-	108	26896244	22402
chr22	26873842	27073842	harbor2	chr22	26912050	26912258	SINE/MIR	455	-	104	26912154	38312
chr22	26873842	27073842	harbor2	chr22	26912405	26912615	SINE/MIR	809	-	105	26912510	38668
chr22	26873842	27073842	harbor2	chr22	26922798	26922997	SINE/MIR	753	-	100	26922898	49056
chr22	26873842	27073842	harbor2	chr22	26924170	26924361	SINE/MIR	503	-	96	26924266	50424
chr22	26873842	27073842	harbor2	chr22	26939931	26940071	SINE/MIR	489	-	70	26940001	66159
chr22	26873842	27073842	harbor2	chr22	26947924	26948092	SINE/MIR	401	-	84	26948008	74166
chr22	26873842	27073842	harbor2	chr22	26961171	26961311	SINE/MIR	530	-	70	26961241	87399
chr22	26873842	27073842	harbor2	chr22	26966095	26966255	SINE/MIR	483	-	80	26966175	92333
chr22	26873842	27073842	harbor2	chr22	26967635	26967862	SINE/MIR	503	-	114	26967749	93907
chr22	26873842	27073842	harbor2	chr22	26967863	26968053	SINE/MIR	446	-	95	26967958	94116
chr22	26873842	27073842	harbor2	chr22	26972579	26972768	SINE/MIR	453	-	94	26972673	98831
chr22	37103572	37303572	harbor2	chr22	37104288	37104419	SINE/MIR	448	-	66	37104354	782
chr22	37103572	37303572	harbor2	chr22	37106067	37106271	SINE/MIR	809	-	102	37106169	2597
chr22	37103572	37303572	harbor2	chr22	37108622	37108820	SINE/MIR	479	-	99	37108721	5149
chr22	37103572	37303572	harbor2	chr22	37117506	37117666	SINE/MIR	438	-	80	37117586	14014
chr22	37103572	37303572	harbor2	chr22	37118355	37118471	SINE/MIR	428	-	58	37118413	14841
chr22	37103572	37303572	harbor2	chr22	37121151	37121178	SINE/MIR	619	-	14	37121165	17593
chr22	37103572	37303572	harbor2	chr22	37121475	37121630	SINE/MIR	625	-	78	37121553	17981
chr22	37103572	37303572	harbor2	chr22	37123608	37123725	SINE/MIR	449	-	58	37123666	20094
chr22	37103572	37303572	harbor2	chr22	37132043	37132217	SINE/MIR	644	-	87	37132130	28558
chr22	37103572	37303572	harbor2	chr22	37140355	37140581	SINE/MIR	904	-	113	37140468	36896
chr22	37103572	37303572	harbor2	chr22	37141925	37142070	SINE/MIR	518	-	72	37141997	38425
chr22	37103572	37303572	harbor2	chr22	37146954	37147109	SINE/MIR	417	-	78	37147032	43460
chr22	37103572	37303572	harbor2	chr22	37147138	37147353	SINE/MIR	598	-	108	37147246	43674
chr22	37103572	37303572	harbor2	chr22	37147437	37147663	SINE/MIR	579	-	113	37147550	43978
chr22	37103572	37303572	harbor2	chr22	37165050	37165242	SINE/MIR	774	-	96	37165146	61574
chr22	37103572	37303572	harbor2	chr22	37173529	37173747	SINE/MIR	718	-	109	37173638	70066
chr22	37103572	37303572	harbor2	chr22	37179867	37180070	SINE/MIR	489	-	102	37179969	76397
chr22	37103572	37303572	harbor2	chr22	37196914	37197109	SINE/MIR	445	-	98	37197012	93440
chr22	29070614	29270614	harbor2	chr22	29088715	29088938	SINE/MIR	404	-	112	29088827	18213
chr22	29070614	29270614	harbor2	chr22	29106178	29106218	SINE/MIR	514	-	20	29106198	35584
chr22	29070614	29270614	harbor2	chr22	29106491	29106672	SINE/MIR	514	-	90	29106581	35967
chr22	29070614	29270614	harbor2	chr22	29113505	29113651	SINE/MIR	472	-	73	29113578	42964
chr22	29070614	29270614	harbor2	chr22	29128666	29128862	SINE/MIR	559	-	98	29128764	58150
chr22	29070614	29270614	harbor2	chr22	29130067	29130236	SINE/MIR	796	-	84	29130151	59537
chr22	29070614	29270614	harbor2	chr22	29131081	29131304	SINE/MIR	815	-	112	29131193	60579
chr22	29070614	29270614	harbor2	chr22	29156786	29156933	SINE/MIR	423	-	74	29156860	86246
chr22	50688850	50888850	harbor2	chr22	50716951	50717061	SINE/MIR	535	-	55	50717006	28156
chr22	32072245	32272245	harbor2	chr22	32075220	32075369	SINE/MIR	534	-	74	32075294	3049
chr22	32072245	32272245	harbor2	chr22	32084151	32084328	SINE/MIR	435	-	88	32084239	11994
chr22	32072245	32272245	harbor2	chr22	32098396	32098569	SINE/MIR	507	-	86	32098482	26237
chr22	32072245	32272245	harbor2	chr22	32128403	32128557	SINE/MIR	422	-	77	32128480	56235
chr22	32072245	32272245	harbor2	chr22	32133300	32133442	SINE/MIR	591	-	71	32133371	61126
chr22	40849498	41049498	harbor2	chr22	40863670	40863902	SINE/MIR	404	-	116	40863786	14288
chr22	40849498	41049498	harbor2	chr22	40867166	40867323	SINE/MIR	543	-	78	40867244	17746
chr22	40849498	41049498	harbor2	chr22	40876376	40876621	SINE/MIR	687	-	122	40876498	27000
chr22	40849498	41049498	harbor2	chr22	40926065	40926230	SINE/MIR	459	-	82	40926147	76649
chrX	149138994	149338994	harbor2	chrX	149187061	149187252	SINE/MIR	584	-	96	149187157	48163
chrX	149138994	149338994	harbor2	chrX	149188172	149188447	SINE/MIR	642	-	138	149188310	49316
chrX	149138994	149338994	harbor2	chrX	149210021	149210188	SINE/MIR	578	-	84	149210105	71111
chrX	149138994	149338994	harbor2	chrX	149210225	149210390	SINE/MIR	593	-	82	149210307	71313
chrX	149138994	149338994	harbor2	chrX	149212263	149212467	SINE/MIR	504	-	102	149212365	73371
chrX	149138994	149338994	harbor2	chrX	149213894	149214045	SINE/MIR	545	-	76	149213970	74976
chrX	149138994	149338994	harbor2	chrX	149231732	149231937	SINE/MIR	589	-	102	149231834	92840
chrX	133993859	134193859	harbor2	chrX	133998010	133998229	SINE/MIR	639	-	110	133998120	4261
chrX	133993859	134193859	harbor2	chrX	134011809	134012022	SINE/MIR	484	-	106	134011915	18056
chrX	133993859	134193859	harbor2	chrX	134025045	134025238	SINE/MIR	692	-	96	134025141	31282
chrX	133993859	134193859	harbor2	chrX	134030459	134030687	SINE/MIR	762	-	114	134030573	36714
chrX	74552882	74752882	harbor2	chrX	74575287	74575475	SINE/MIR	563	-	94	74575381	22499
chrX	74552882	74752882	harbor2	chrX	74605777	74605986	SINE/MIR	621	-	104	74605881	52999
chrX	74552882	74752882	harbor2	chrX	74624362	74624572	SINE/MIR	736	-	105	74624467	71585
chrX	138746055	138946055	harbor2	chrX	138751871	138752026	SINE/MIR	460	-	78	138751949	5894
chrX	138746055	138946055	harbor2	chrX	138757776	138758006	SINE/MIR	599	-	115	138757891	11836
chrX	138746055	138946055	harbor2	chrX	138774318	138774563	SINE/MIR	788	-	122	138774440	28385
chrX	138746055	138946055	harbor2	chrX	138776399	138776603	SINE/MIR	545	-	102	138776501	30446
chrX	138746055	138946055	harbor2	chrX	138792298	138792440	SINE/MIR	584	-	71	138792369	46314
chrX	138746055	138946055	harbor2	chrX	138818552	138818668	SINE/MIR	473	-	58	138818610	72555
chrX	152507675	152707675	harbor2	chrX	152555848	152556048	SINE/MIR	558	-	100	152555948	48273
chrX	152507675	152707675	harbor2	chrX	152602067	152602270	SINE/MIR	528	-	102	152602169	94494
chrX	147541478	147741478	harbor2	chrX	147548711	147548898	SINE/MIR	507	-	94	147548805	7327
chrX	147541478	147741478	harbor2	chrX	147549436	147549607	SINE/MIR	589	-	86	147549522	8044
chrX	147541478	147741478	harbor2	chrX	147561059	147561246	SINE/MIR	560	-	94	147561153	19675
chrX	147541478	147741478	harbor2	chrX	147569817	147570011	SINE/MIR	464	-	97	147569914	28436
chrX	152799737	152999737	harbor2	chrX	152819522	152819731	SINE/MIR	480	-	104	152819626	19889
chrX	152799737	152999737	harbor2	chrX	152844155	152844333	SINE/MIR	448	-	89	152844244	44507
chrX	154663780	154863780	harbor2	chrX	154716942	154717130	SINE/MIR	746	-	94	154717036	53256
chrX	154663780	154863780	harbor2	chrX	154731799	154732031	SINE/MIR	495	-	116	154731915	68135
chrX	18908355	19108355	harbor2	chrX	18911806	18911981	SINE/MIR	470	-	88	18911894	3539
chrX	18908355	19108355	harbor2	chrX	18930532	18930657	SINE/MIR	570	-	62	18930594	22239
chrX	18908355	19108355	harbor2	chrX	18943479	18943684	SINE/MIR	507	-	102	18943581	35226
chrX	18908355	19108355	harbor2	chrX	18991891	18992012	SINE/MIR	505	-	60	18991951	83596
chrX	18908355	19108355	harbor2	chrX	19004978	19005157	SINE/MIR	665	-	90	19005068	96713
chrX	155834425	156034425	harbor2	chrX	155844013	155844187	SINE/MIR	512	-	87	155844100	9675
chrX	85399918	85599918	harbor2	chrX	85496560	85496766	SINE/MIR	771	-	103	85496663	96745
chrX	154874720	155074720	harbor2	chrX	154970138	154970309	SINE/MIR	837	-	86	154970224	95504
chrX	155059601	155259601	harbor2	chrX	155069475	155069650	SINE/MIR	673	-	88	155069563	9962
chrX	155059601	155259601	harbor2	chrX	155078011	155078164	SINE/MIR	461	-	76	155078087	18486
chrX	155059601	155259601	harbor2	chrX	155090025	155090181	SINE/MIR	515	-	78	155090103	30502
chrX	91674660	91874660	harbor2	chrX	91701466	91701605	SINE/MIR	487	-	70	91701536	26876
chrX	91674660	91874660	harbor2	chrX	91746298	91746542	SINE/MIR	835	-	122	91746420	71760
chrX	151019982	151219982	harbor2	chrX	151022968	151023181	SINE/MIR	541	-	106	151023074	3092
chrX	151019982	151219982	harbor2	chrX	151099024	151099254	SINE/MIR	725	-	115	151099139	79157
chrX	151019982	151219982	harbor2	chrX	151115513	151115739	SINE/MIR	813	-	113	151115626	95644
chrX	132672815	132872815	harbor2	chrX	132696345	132696535	SINE/MIR	530	-	95	132696440	23625
chrX	132672815	132872815	harbor2	chrX	132705554	132705774	SINE/MIR	831	-	110	132705664	32849
chrX	132672815	132872815	harbor2	chrX	132718088	132718294	SINE/MIR	476	-	103	132718191	45376
chrX	132672815	132872815	harbor2	chrX	132718300	132718472	SINE/MIR	581	-	86	132718386	45571
chrX	132672815	132872815	harbor2	chrX	132743534	132743747	SINE/MIR	524	-	106	132743640	70825
chrX	132672815	132872815	harbor2	chrX	132744119	132744317	SINE/MIR	591	-	99	132744218	71403
chrX	132672815	132872815	harbor2	chrX	132751884	132752095	SINE/MIR	587	-	106	132751990	79175
chrX	132672815	132872815	harbor2	chrX	132759820	132760045	SINE/MIR	762	-	112	132759932	87117
chrX	132672815	132872815	harbor2	chrX	132764172	132764307	SINE/MIR	474	-	68	132764240	91425
chrX	132672815	132872815	harbor2	chrX	132765762	132765974	SINE/MIR	605	-	106	132765868	93053
chrX	132672815	132872815	harbor2	chrX	132766800	132767018	SINE/MIR	683	-	109	132766909	94094
chrX	132672815	132872815	harbor2	chrX	132767719	132767953	SINE/MIR	573	-	117	132767836	95021
chrX	132672815	132872815	harbor2	chrX	132770097	132770335	SINE/MIR	624	-	119	132770216	97401
