H_chr	H_start	H_end	Harbor	TE_chr	TE_start	TE_end	TE	score	TE_strand	TE_half	TE_middle_pos	TE_dis
chr1	96244610	96444610	harbor1	chr1	96251935	96252026	SINE/MIR	446	+	46	96251981	7371
chr1	96244610	96444610	harbor1	chr1	96313749	96313921	SINE/MIR	545	+	86	96313835	69225
chr1	96244610	96444610	harbor1	chr1	96327286	96327447	SINE/MIR	523	+	80	96327366	82756
chr1	96244610	96444610	harbor1	chr1	96330226	96330459	SINE/MIR	802	+	116	96330342	85732
chr1	96244610	96444610	harbor1	chr1	96332328	96332507	SINE/MIR	426	+	90	96332418	87808
chr1	193326713	193526713	harbor1	chr1	193366879	193367051	SINE/MIR	535	+	86	193366965	40252
chr1	193326713	193526713	harbor1	chr1	193371659	193371813	SINE/MIR	476	+	77	193371736	45023
chr1	193326713	193526713	harbor1	chr1	193394671	193394866	SINE/MIR	501	+	98	193394769	68056
chr1	193326713	193526713	harbor1	chr1	193410488	193410631	SINE/MIR	473	+	72	193410560	83847
chr1	56532729	56732729	harbor1	chr1	56540066	56540225	SINE/MIR	464	+	80	56540146	7417
chr1	56532729	56732729	harbor1	chr1	56547798	56547973	SINE/MIR	476	+	88	56547886	15157
chr1	56532729	56732729	harbor1	chr1	56566235	56566295	SINE/MIR	490	+	30	56566265	33536
chr1	56532729	56732729	harbor1	chr1	56566296	56566546	SINE/MIR	641	+	125	56566421	33692
chr1	56532729	56732729	harbor1	chr1	56566547	56566704	SINE/MIR	490	+	78	56566625	33896
chr1	56532729	56732729	harbor1	chr1	56580112	56580257	SINE/MIR	535	+	72	56580184	47455
chr1	56532729	56732729	harbor1	chr1	56583375	56583540	SINE/MIR	521	+	82	56583457	50728
chr1	56532729	56732729	harbor1	chr1	56598386	56598604	SINE/MIR	449	+	109	56598495	65766
chr1	56532729	56732729	harbor1	chr1	56625298	56625537	SINE/MIR	732	+	120	56625418	92689
chr1	215294019	215494019	harbor1	chr1	215342625	215342823	SINE/MIR	724	+	99	215342724	48705
chr1	38045254	38245254	harbor1	chr1	38049698	38049887	SINE/MIR	501	+	94	38049792	4538
chr1	38045254	38245254	harbor1	chr1	38057630	38057778	SINE/MIR	429	+	74	38057704	12450
chr1	38045254	38245254	harbor1	chr1	38103957	38104118	SINE/MIR	595	+	80	38104037	58783
chr1	38045254	38245254	harbor1	chr1	38106432	38106675	SINE/MIR	740	+	122	38106554	61300
chr1	38045254	38245254	harbor1	chr1	38132906	38133094	SINE/MIR	606	+	94	38133000	87746
chr1	38045254	38245254	harbor1	chr1	38142494	38142695	SINE/MIR	605	+	100	38142594	97340
chr1	61689580	61889580	harbor1	chr1	61700056	61700216	SINE/MIR	488	+	80	61700136	10556
chr1	61689580	61889580	harbor1	chr1	61765706	61765887	SINE/MIR	570	+	90	61765796	76216
chr1	61689580	61889580	harbor1	chr1	61770399	61770564	SINE/MIR	500	+	82	61770481	80901
chr1	61689580	61889580	harbor1	chr1	61772712	61772936	SINE/MIR	440	+	112	61772824	83244
chr1	102982162	103182162	harbor1	chr1	103077791	103078007	SINE/MIR	701	+	108	103077899	95737
chr1	236259460	236459460	harbor1	chr1	236354303	236354438	SINE/MIR	496	+	68	236354371	94911
chr1	145761999	145961999	harbor1	chr1	145769178	145769350	SINE/MIR	715	+	86	145769264	7265
chr1	145761999	145961999	harbor1	chr1	145847951	145848083	SINE/MIR	418	+	66	145848017	86018
chr1	145761999	145961999	harbor1	chr1	145851226	145851343	SINE/MIR	466	+	58	145851284	89285
chr1	145761999	145961999	harbor1	chr1	145852447	145852546	SINE/MIR	477	+	50	145852497	90498
chr1	145761999	145961999	harbor1	chr1	145852886	145852966	SINE/MIR	412	+	40	145852926	90927
chr1	206125916	206325916	harbor1	chr1	206129015	206129211	SINE/MIR	566	+	98	206129113	3197
chr1	206125916	206325916	harbor1	chr1	206140485	206140685	SINE/MIR	443	+	100	206140585	14669
chr1	206125916	206325916	harbor1	chr1	206169954	206170155	SINE/MIR	726	+	100	206170054	44138
chr1	206125916	206325916	harbor1	chr1	206181491	206181651	SINE/MIR	609	+	80	206181571	55655
chr1	206125916	206325916	harbor1	chr1	206185951	206186171	SINE/MIR	748	+	110	206186061	60145
chr1	206125916	206325916	harbor1	chr1	206215037	206215265	SINE/MIR	565	+	114	206215151	89235
chr1	206125916	206325916	harbor1	chr1	206208810	206209044	SINE/MIR	550	+	117	206208927	83011
chr1	47107050	47307050	harbor1	chr1	47128578	47128812	SINE/MIR	613	+	117	47128695	21645
chr1	47107050	47307050	harbor1	chr1	47161468	47161703	SINE/MIR	569	+	118	47161586	54536
chr1	47107050	47307050	harbor1	chr1	47176784	47176963	SINE/MIR	474	+	90	47176874	69824
chr1	47107050	47307050	harbor1	chr1	47205343	47205541	SINE/MIR	514	+	99	47205442	98392
chr1	74353744	74553744	harbor1	chr1	74354632	74354853	SINE/MIR	705	+	110	74354742	998
chr1	74353744	74553744	harbor1	chr1	74359127	74359320	SINE/MIR	411	+	96	74359223	5479
chr1	74353744	74553744	harbor1	chr1	74381214	74381378	SINE/MIR	505	+	82	74381296	27552
chr1	74353744	74553744	harbor1	chr1	74387674	74387877	SINE/MIR	509	+	102	74387776	34032
chr1	74353744	74553744	harbor1	chr1	74432858	74433049	SINE/MIR	452	+	96	74432954	79210
chr1	240850481	241050481	harbor1	chr1	240852504	240852585	SINE/MIR	569	+	40	240852544	2063
chr1	240850481	241050481	harbor1	chr1	240886881	240887118	SINE/MIR	474	+	118	240886999	36518
chr1	240850481	241050481	harbor1	chr1	240891066	240891282	SINE/MIR	417	+	108	240891174	40693
chr1	240850481	241050481	harbor1	chr1	240943222	240943468	SINE/MIR	558	+	123	240943345	92864
chr1	114150221	114350221	harbor1	chr1	114154062	114154245	SINE/MIR	445	+	92	114154154	3933
chr1	114150221	114350221	harbor1	chr1	114158401	114158639	SINE/MIR	701	+	119	114158520	8299
chr1	114150221	114350221	harbor1	chr1	114167751	114167969	SINE/MIR	527	+	109	114167860	17639
chr1	114150221	114350221	harbor1	chr1	114182321	114182513	SINE/MIR	913	+	96	114182417	32196
chr1	114150221	114350221	harbor1	chr1	114210786	114211006	SINE/MIR	584	+	110	114210896	60675
chr1	114150221	114350221	harbor1	chr1	114223828	114224032	SINE/MIR	518	+	102	114223930	73709
chr1	114150221	114350221	harbor1	chr1	114163510	114163718	SINE/MIR	768	+	104	114163614	13393
chr1	199803951	200003951	harbor1	chr1	199812701	199812924	SINE/MIR	739	+	112	199812813	8862
chr1	199803951	200003951	harbor1	chr1	199862936	199863172	SINE/MIR	456	+	118	199863054	59103
chr1	230369077	230569077	harbor1	chr1	230377587	230377784	SINE/MIR	557	+	98	230377685	8608
chr1	230369077	230569077	harbor1	chr1	230415910	230416056	SINE/MIR	562	+	73	230415983	46906
chr1	230369077	230569077	harbor1	chr1	230459742	230459966	SINE/MIR	676	+	112	230459854	90777
chr1	201026708	201226708	harbor1	chr1	201027853	201028070	SINE/MIR	763	+	108	201027961	1253
chr1	201026708	201226708	harbor1	chr1	201032681	201032879	SINE/MIR	443	+	99	201032780	6072
chr1	201026708	201226708	harbor1	chr1	201035288	201035399	SINE/MIR	706	+	56	201035344	8636
chr1	201026708	201226708	harbor1	chr1	201035705	201035818	SINE/MIR	706	+	56	201035761	9053
chr1	201026708	201226708	harbor1	chr1	201038805	201039007	SINE/MIR	488	+	101	201038906	12198
chr1	201026708	201226708	harbor1	chr1	201043780	201043970	SINE/MIR	521	+	95	201043875	17167
chr1	201026708	201226708	harbor1	chr1	201049776	201049929	SINE/MIR	482	+	76	201049852	23144
chr1	201026708	201226708	harbor1	chr1	201088531	201088763	SINE/MIR	626	+	116	201088647	61939
chr1	201026708	201226708	harbor1	chr1	201092866	201093092	SINE/MIR	948	+	113	201092979	66271
chr1	201026708	201226708	harbor1	chr1	201096586	201096798	SINE/MIR	624	+	106	201096692	69984
chr1	201026708	201226708	harbor1	chr1	201104865	201105044	SINE/MIR	534	+	90	201104955	78247
chr1	201026708	201226708	harbor1	chr1	201108953	201108965	SINE/MIR	676	+	6	201108959	82251
chr1	201026708	201226708	harbor1	chr1	201109263	201109502	SINE/MIR	676	+	120	201109383	82675
chr1	201026708	201226708	harbor1	chr1	201109478	201109640	SINE/MIR	411	+	81	201109559	82851
chr1	201026708	201226708	harbor1	chr1	201109811	201109955	SINE/MIR	427	+	72	201109883	83175
chr1	201026708	201226708	harbor1	chr1	201122790	201123004	SINE/MIR	709	+	107	201122897	96189
chr1	201026708	201226708	harbor1	chr1	201125045	201125256	SINE/MIR	633	+	106	201125151	98443
chr1	4794226	4994226	harbor1	chr1	4852342	4852455	SINE/MIR	439	+	56	4852398	58172
chr1	4794226	4994226	harbor1	chr1	4880350	4880558	SINE/MIR	494	+	104	4880454	86228
chr1	21703949	21903949	harbor1	chr1	21711964	21712080	SINE/MIR	411	+	58	21712022	8073
chr1	21703949	21903949	harbor1	chr1	21712387	21712444	SINE/MIR	411	+	28	21712415	8466
chr1	21703949	21903949	harbor1	chr1	21802821	21802916	SINE/MIR	452	+	48	21802869	98920
chr1	21703949	21903949	harbor1	chr1	21725183	21725392	SINE/MIR	597	+	104	21725287	21338
chr1	144283332	144483332	harbor1	chr1	144363478	144363722	SINE/MIR	644	+	122	144363600	80268
chr1	220592982	220792982	harbor1	chr1	220634340	220634578	SINE/MIR	610	+	119	220634459	41477
chr1	220592982	220792982	harbor1	chr1	220634962	220635120	SINE/MIR	541	+	79	220635041	42059
chr1	220592982	220792982	harbor1	chr1	220659348	220659595	SINE/MIR	892	+	124	220659472	66490
chr1	67038643	67238643	harbor1	chr1	67040944	67041159	SINE/MIR	666	+	108	67041052	2409
chr1	67038643	67238643	harbor1	chr1	67049313	67049537	SINE/MIR	732	+	112	67049425	10782
chr1	67038643	67238643	harbor1	chr1	67056983	67057138	SINE/MIR	969	+	78	67057061	18418
chr1	67038643	67238643	harbor1	chr1	67109614	67109797	SINE/MIR	445	+	92	67109706	71063
chr1	67038643	67238643	harbor1	chr1	67124010	67124143	SINE/MIR	595	+	66	67124076	85433
chr1	152106119	152306119	harbor1	chr1	152131530	152131728	SINE/MIR	426	+	99	152131629	25510
chr1	152106119	152306119	harbor1	chr1	152140213	152140452	SINE/MIR	620	+	120	152140333	34214
chr1	152106119	152306119	harbor1	chr1	152192592	152192824	SINE/MIR	1102	+	116	152192708	86589
chr1	179157233	179357233	harbor1	chr1	179181390	179181593	SINE/MIR	566	+	102	179181492	24259
chr1	179157233	179357233	harbor1	chr1	179203801	179203996	SINE/MIR	762	+	98	179203899	46666
chr1	179157233	179357233	harbor1	chr1	179220117	179220315	SINE/MIR	624	+	99	179220216	62983
chr1	179157233	179357233	harbor1	chr1	179231599	179231833	SINE/MIR	958	+	117	179231716	74483
chr1	179157233	179357233	harbor1	chr1	179159029	179159156	SINE/MIR	527	+	64	179159093	1860
chr1	59604000	59804000	harbor1	chr1	59603944	59604092	SINE/MIR	422	+	74	59604018	18
chr1	59604000	59804000	harbor1	chr1	59624233	59624466	SINE/MIR	653	+	116	59624349	20349
chr1	59604000	59804000	harbor1	chr1	59626302	59626433	SINE/MIR	587	+	66	59626368	22368
chr1	59604000	59804000	harbor1	chr1	59628796	59629019	SINE/MIR	621	+	112	59628908	24908
chr1	59604000	59804000	harbor1	chr1	59693362	59693514	SINE/MIR	653	+	76	59693438	89438
chr1	59604000	59804000	harbor1	chr1	59697869	59697998	SINE/MIR	527	+	64	59697933	93933
chr1	59604000	59804000	harbor1	chr1	59670481	59670663	SINE/MIR	431	+	91	59670572	66572
chr1	59604000	59804000	harbor1	chr1	59686771	59686943	SINE/MIR	469	+	86	59686857	82857
chr1	72566007	72766007	harbor1	chr1	72565893	72566080	SINE/MIR	744	+	94	72565987	20
chr1	72566007	72766007	harbor1	chr1	72660356	72660522	SINE/MIR	446	+	83	72660439	94432
chr1	233496035	233696035	harbor1	chr1	233522158	233522339	SINE/MIR	620	+	90	233522248	26213
chr1	233496035	233696035	harbor1	chr1	233544037	233544234	SINE/MIR	483	+	98	233544135	48100
chr1	200422372	200622372	harbor1	chr1	200422750	200422943	SINE/MIR	993	+	96	200422846	474
chr1	200422372	200622372	harbor1	chr1	200508777	200508997	SINE/MIR	846	+	110	200508887	86515
chr1	28884288	29084288	harbor1	chr1	28889050	28889228	SINE/MIR	462	+	89	28889139	4851
chr1	28884288	29084288	harbor1	chr1	28891463	28891654	SINE/MIR	444	+	96	28891559	7271
chr1	28884288	29084288	harbor1	chr1	28896015	28896242	SINE/MIR	843	+	114	28896129	11841
chr1	28884288	29084288	harbor1	chr1	28898354	28898565	SINE/MIR	438	+	106	28898460	14172
chr1	28884288	29084288	harbor1	chr1	28899824	28900050	SINE/MIR	699	+	113	28899937	15649
chr1	28884288	29084288	harbor1	chr1	28902755	28902912	SINE/MIR	473	+	78	28902833	18545
chr1	28884288	29084288	harbor1	chr1	28902914	28903142	SINE/MIR	869	+	114	28903028	18740
chr1	28884288	29084288	harbor1	chr1	28903199	28903312	SINE/MIR	840	+	56	28903255	18967
chr1	28884288	29084288	harbor1	chr1	28903621	28903742	SINE/MIR	840	+	60	28903681	19393
chr1	28884288	29084288	harbor1	chr1	28928877	28929143	SINE/MIR	722	+	133	28929010	44722
chr1	103645883	103845883	harbor1	chr1	103689891	103690106	SINE/MIR	468	+	108	103689999	44116
chr1	29790768	29990768	harbor1	chr1	29805973	29806108	SINE/MIR	428	+	68	29806041	15273
chr1	29790768	29990768	harbor1	chr1	29808118	29808228	SINE/MIR	459	+	55	29808173	17405
chr1	29790768	29990768	harbor1	chr1	29827690	29827916	SINE/MIR	686	+	113	29827803	37035
chr1	29790768	29990768	harbor1	chr1	29834188	29834385	SINE/MIR	642	+	98	29834286	43518
chr1	29790768	29990768	harbor1	chr1	29834655	29834922	SINE/MIR	962	+	134	29834789	44021
chr1	29790768	29990768	harbor1	chr1	29840241	29840403	SINE/MIR	619	+	81	29840322	49554
chr1	29790768	29990768	harbor1	chr1	29857290	29857413	SINE/MIR	454	+	62	29857352	66584
chr1	29790768	29990768	harbor1	chr1	29859817	29859995	SINE/MIR	569	+	89	29859906	69138
chr1	29790768	29990768	harbor1	chr1	29861831	29862031	SINE/MIR	730	+	100	29861931	71163
chr1	82675227	82875227	harbor1	chr1	82702706	82702864	SINE/MIR	488	+	79	82702785	27558
chr1	82675227	82875227	harbor1	chr1	82707240	82707451	SINE/MIR	670	+	106	82707346	32119
chr1	82675227	82875227	harbor1	chr1	82737479	82737687	SINE/MIR	765	+	104	82737583	62356
chr1	82675227	82875227	harbor1	chr1	82768071	82768182	SINE/MIR	599	+	56	82768127	92900
chr1	82675227	82875227	harbor1	chr1	82770799	82770917	SINE/MIR	599	+	59	82770858	95631
chr1	214447168	214647168	harbor1	chr1	214453336	214453593	SINE/MIR	537	+	128	214453464	6296
chr1	214447168	214647168	harbor1	chr1	214460055	214460256	SINE/MIR	523	+	100	214460155	12987
chr1	214447168	214647168	harbor1	chr1	214476715	214476880	SINE/MIR	417	+	82	214476797	29629
chr1	214447168	214647168	harbor1	chr1	214489814	214490016	SINE/MIR	573	+	101	214489915	42747
chr1	214447168	214647168	harbor1	chr1	214495123	214495350	SINE/MIR	592	+	114	214495237	48069
chr1	214447168	214647168	harbor1	chr1	214513654	214513872	SINE/MIR	681	+	109	214513763	66595
chr1	214447168	214647168	harbor1	chr1	214537450	214537631	SINE/MIR	548	+	90	214537540	90372
chr1	214447168	214647168	harbor1	chr1	214538259	214538427	SINE/MIR	440	+	84	214538343	91175
chr1	5150589	5350589	harbor1	chr1	5221325	5221523	SINE/MIR	564	+	99	5221424	70835
chr1	5150589	5350589	harbor1	chr1	5227273	5227421	SINE/MIR	495	+	74	5227347	76758
chr1	25316005	25516005	harbor1	chr1	25318728	25318842	SINE/MIR	449	+	57	25318785	2780
chr1	25316005	25516005	harbor1	chr1	25324466	25324620	SINE/MIR	493	+	77	25324543	8538
chr1	25316005	25516005	harbor1	chr1	25327744	25327847	SINE/MIR	496	+	52	25327796	11791
chr1	25316005	25516005	harbor1	chr1	25327865	25328020	SINE/MIR	525	+	78	25327943	11938
chr1	25316005	25516005	harbor1	chr1	25366270	25366387	SINE/MIR	556	+	58	25366328	50323
chr1	25316005	25516005	harbor1	chr1	25366688	25366794	SINE/MIR	556	+	53	25366741	50736
chr1	25316005	25516005	harbor1	chr1	25375668	25375783	SINE/MIR	529	+	58	25375726	59721
chr1	25316005	25516005	harbor1	chr1	25389578	25389708	SINE/MIR	489	+	65	25389643	73638
chr1	25316005	25516005	harbor1	chr1	25401380	25401521	SINE/MIR	456	+	70	25401450	85445
chr1	25316005	25516005	harbor1	chr1	25403211	25403452	SINE/MIR	425	+	120	25403331	87326
chr1	25316005	25516005	harbor1	chr1	25404629	25404826	SINE/MIR	645	+	98	25404727	88722
chr1	25316005	25516005	harbor1	chr1	25407346	25407518	SINE/MIR	545	+	86	25407432	91427
chr1	25316005	25516005	harbor1	chr1	25408990	25409165	SINE/MIR	651	+	88	25409078	93073
chr1	25316005	25516005	harbor1	chr1	25409610	25409710	SINE/MIR	427	+	50	25409660	93655
chr1	25316005	25516005	harbor1	chr1	25412205	25412353	SINE/MIR	488	+	74	25412279	96274
chr1	17254467	17454467	harbor1	chr1	17254458	17254579	SINE/MIR	650	+	60	17254518	51
chr1	17254467	17454467	harbor1	chr1	17257771	17257909	SINE/MIR	430	+	69	17257840	3373
chr1	17254467	17454467	harbor1	chr1	17257981	17258186	SINE/MIR	642	+	102	17258083	3616
chr1	17254467	17454467	harbor1	chr1	17258561	17258770	SINE/MIR	474	+	104	17258665	4198
chr1	17254467	17454467	harbor1	chr1	17259849	17260031	SINE/MIR	513	+	91	17259940	5473
chr1	17254467	17454467	harbor1	chr1	17272798	17272930	SINE/MIR	480	+	66	17272864	18397
chr1	17254467	17454467	harbor1	chr1	17273762	17273932	SINE/MIR	525	+	85	17273847	19380
chr1	17254467	17454467	harbor1	chr1	17279531	17279770	SINE/MIR	863	+	120	17279651	25184
chr1	17254467	17454467	harbor1	chr1	17287141	17287309	SINE/MIR	525	+	84	17287225	32758
chr1	17254467	17454467	harbor1	chr1	17297123	17297301	SINE/MIR	653	+	89	17297212	42745
chr1	17254467	17454467	harbor1	chr1	17297597	17297612	SINE/MIR	653	+	8	17297605	43138
chr1	17254467	17454467	harbor1	chr1	17303645	17303855	SINE/MIR	542	+	105	17303750	49283
chr1	17254467	17454467	harbor1	chr1	17306416	17306587	SINE/MIR	625	+	86	17306502	52035
chr1	17254467	17454467	harbor1	chr1	17307234	17307465	SINE/MIR	516	+	116	17307350	52883
chr1	17254467	17454467	harbor1	chr1	17307466	17307632	SINE/MIR	587	+	83	17307549	53082
chr1	17254467	17454467	harbor1	chr1	17308747	17308964	SINE/MIR	515	+	108	17308855	54388
chr1	17254467	17454467	harbor1	chr1	17311864	17311991	SINE/MIR	551	+	64	17311928	57461
chr1	17254467	17454467	harbor1	chr1	17321392	17321561	SINE/MIR	651	+	84	17321476	67009
chr1	181849301	182049301	harbor1	chr1	181864740	181864942	SINE/MIR	821	+	101	181864841	15540
chr1	181849301	182049301	harbor1	chr1	181895493	181895748	SINE/MIR	683	+	128	181895621	46320
chr1	181849301	182049301	harbor1	chr1	181935641	181935831	SINE/MIR	753	+	95	181935736	86435
chr1	233174045	233374045	harbor1	chr1	233182061	233182172	SINE/MIR	411	+	56	233182117	8072
chr1	233174045	233374045	harbor1	chr1	233257191	233257368	SINE/MIR	628	+	88	233257279	83234
chr1	233174045	233374045	harbor1	chr1	233257502	233257573	SINE/MIR	628	+	36	233257538	83493
chr1	93927525	94127525	harbor1	chr1	93941803	93941896	SINE/MIR	690	+	46	93941849	14324
chr1	93927525	94127525	harbor1	chr1	93942197	93942344	SINE/MIR	690	+	74	93942271	14746
chr1	93927525	94127525	harbor1	chr1	93963129	93963271	SINE/MIR	506	+	71	93963200	35675
chr1	93927525	94127525	harbor1	chr1	93973279	93973415	SINE/MIR	567	+	68	93973347	45822
chr1	93927525	94127525	harbor1	chr1	93984797	93985016	SINE/MIR	779	+	110	93984907	57382
chr1	93927525	94127525	harbor1	chr1	94009068	94009238	SINE/MIR	511	+	85	94009153	81628
chr1	93927525	94127525	harbor1	chr1	94014842	94014978	SINE/MIR	500	+	68	94014910	87385
chr1	177311812	177511812	harbor1	chr1	177332036	177332170	SINE/MIR	430	+	67	177332103	20291
chr1	177311812	177511812	harbor1	chr1	177336448	177336585	SINE/MIR	426	+	68	177336516	24704
chr1	177311812	177511812	harbor1	chr1	177347289	177347448	SINE/MIR	418	+	80	177347369	35557
chr1	177311812	177511812	harbor1	chr1	177362204	177362367	SINE/MIR	548	+	82	177362286	50474
chr1	177311812	177511812	harbor1	chr1	177367935	177368115	SINE/MIR	630	+	90	177368025	56213
chr1	85028211	85228211	harbor1	chr1	85033785	85033969	SINE/MIR	646	+	92	85033877	5666
chr1	85028211	85228211	harbor1	chr1	85045840	85046036	SINE/MIR	629	+	98	85045938	17727
chr1	85028211	85228211	harbor1	chr1	85070374	85070547	SINE/MIR	808	+	86	85070460	42249
chr1	85028211	85228211	harbor1	chr1	85070765	85070861	SINE/MIR	808	+	48	85070813	42602
chr1	85028211	85228211	harbor1	chr1	85076844	85077084	SINE/MIR	665	+	120	85076964	48753
chr1	85028211	85228211	harbor1	chr1	85078166	85078394	SINE/MIR	744	+	114	85078280	50069
chr1	85028211	85228211	harbor1	chr1	85115036	85115304	SINE/MIR	469	+	134	85115170	86959
chr1	85028211	85228211	harbor1	chr1	85115308	85115494	SINE/MIR	711	+	93	85115401	87190
chr1	116667850	116867850	harbor1	chr1	116668158	116668386	SINE/MIR	956	+	114	116668272	422
chr1	116667850	116867850	harbor1	chr1	116672890	116673130	SINE/MIR	766	+	120	116673010	5160
chr1	116667850	116867850	harbor1	chr1	116691895	116692125	SINE/MIR	831	+	115	116692010	24160
chr1	116667850	116867850	harbor1	chr1	116723538	116723769	SINE/MIR	656	+	116	116723654	55804
chr1	116667850	116867850	harbor1	chr1	116737197	116737399	SINE/MIR	418	+	101	116737298	69448
chr1	106457917	106657917	harbor1	chr1	106463806	106464017	SINE/MIR	749	+	106	106463912	5995
chr1	106457917	106657917	harbor1	chr1	106466607	106466825	SINE/MIR	484	+	109	106466716	8799
chr1	106457917	106657917	harbor1	chr1	106484103	106484326	SINE/MIR	607	+	112	106484215	26298
chr1	106457917	106657917	harbor1	chr1	106494174	106494384	SINE/MIR	775	+	105	106494279	36362
chr1	106457917	106657917	harbor1	chr1	106507269	106507443	SINE/MIR	517	+	87	106507356	49439
chr1	64770902	64970902	harbor1	chr1	64786899	64787035	SINE/MIR	528	+	68	64786967	16065
chr1	64770902	64970902	harbor1	chr1	64844983	64845194	SINE/MIR	415	+	106	64845089	74187
chr1	64770902	64970902	harbor1	chr1	64848087	64848254	SINE/MIR	418	+	84	64848171	77269
chr1	64770902	64970902	harbor1	chr1	64853359	64853562	SINE/MIR	452	+	102	64853461	82559
chr1	64770902	64970902	harbor1	chr1	64854403	64854611	SINE/MIR	480	+	104	64854507	83605
chr1	64770902	64970902	harbor1	chr1	64856355	64856481	SINE/MIR	453	+	63	64856418	85516
chr1	64770902	64970902	harbor1	chr1	64862317	64862463	SINE/MIR	611	+	73	64862390	91488
chr1	64770902	64970902	harbor1	chr1	64865507	64865714	SINE/MIR	463	+	104	64865611	94709
chr1	64770902	64970902	harbor1	chr1	64866404	64866632	SINE/MIR	982	+	114	64866518	95616
chr1	72008290	72208290	harbor1	chr1	72008454	72008612	SINE/MIR	456	+	79	72008533	243
chr1	72008290	72208290	harbor1	chr1	72032732	72032987	SINE/MIR	668	+	128	72032860	24570
chr1	72008290	72208290	harbor1	chr1	72080684	72080825	SINE/MIR	449	+	70	72080754	72464
chr1	72008290	72208290	harbor1	chr1	72089213	72089415	SINE/MIR	602	+	101	72089314	81024
chr1	72008290	72208290	harbor1	chr1	72097137	72097344	SINE/MIR	557	+	104	72097241	88951
chr1	175248650	175448650	harbor1	chr1	175316967	175317206	SINE/MIR	933	+	120	175317087	68437
chr1	175248650	175448650	harbor1	chr1	175317254	175317400	SINE/MIR	486	+	73	175317327	68677
chr1	207860445	208060445	harbor1	chr1	207872728	207872850	SINE/MIR	502	+	61	207872789	12344
chr1	207860445	208060445	harbor1	chr1	207874290	207874322	SINE/MIR	865	+	16	207874306	13861
chr1	207860445	208060445	harbor1	chr1	207874627	207874855	SINE/MIR	865	+	114	207874741	14296
chr1	207860445	208060445	harbor1	chr1	207883514	207883736	SINE/MIR	468	+	111	207883625	23180
chr1	207860445	208060445	harbor1	chr1	207885013	207885137	SINE/MIR	516	+	62	207885075	24630
chr1	207860445	208060445	harbor1	chr1	207904413	207904642	SINE/MIR	450	+	114	207904527	44082
chr1	207860445	208060445	harbor1	chr1	207926326	207926534	SINE/MIR	471	+	104	207926430	65985
chr1	65360987	65560987	harbor1	chr1	65361032	65361264	SINE/MIR	598	+	116	65361148	161
chr1	65360987	65560987	harbor1	chr1	65362166	65362352	SINE/MIR	833	+	93	65362259	1272
chr1	65360987	65560987	harbor1	chr1	65378658	65378821	SINE/MIR	433	+	82	65378740	17753
chr1	65360987	65560987	harbor1	chr1	65405511	65405718	SINE/MIR	604	+	104	65405615	44628
chr1	65360987	65560987	harbor1	chr1	65404768	65405010	SINE/MIR	757	+	121	65404889	43902
chr1	220494210	220694210	harbor1	chr1	220506683	220506906	SINE/MIR	761	+	112	220506795	12585
chr1	220494210	220694210	harbor1	chr1	220549137	220549396	SINE/MIR	973	+	130	220549267	55057
chr1	220494210	220694210	harbor1	chr1	220565951	220566196	SINE/MIR	567	+	122	220566073	71863
chr1	229486705	229686705	harbor1	chr1	229497484	229497718	SINE/MIR	524	+	117	229497601	10896
chr1	229486705	229686705	harbor1	chr1	229553767	229553967	SINE/MIR	572	+	100	229553867	67162
chr1	201542207	201742207	harbor1	chr1	201555297	201555417	SINE/MIR	423	+	60	201555357	13150
chr1	201542207	201742207	harbor1	chr1	201557984	201558095	SINE/MIR	617	+	56	201558040	15833
chr1	201542207	201742207	harbor1	chr1	201559040	201559172	SINE/MIR	617	+	66	201559106	16899
chr1	201542207	201742207	harbor1	chr1	201563533	201563714	SINE/MIR	499	+	90	201563623	21416
chr1	201542207	201742207	harbor1	chr1	201568562	201568778	SINE/MIR	611	+	108	201568670	26463
chr1	201542207	201742207	harbor1	chr1	201569828	201570036	SINE/MIR	601	+	104	201569932	27725
chr1	201542207	201742207	harbor1	chr1	201573629	201573736	SINE/MIR	451	+	54	201573683	31476
chr1	201542207	201742207	harbor1	chr1	201589335	201589482	SINE/MIR	475	+	74	201589409	47202
chr1	201542207	201742207	harbor1	chr1	201589792	201589805	SINE/MIR	475	+	6	201589798	47591
chr1	201542207	201742207	harbor1	chr1	201595963	201596223	SINE/MIR	894	+	130	201596093	53886
chr1	201542207	201742207	harbor1	chr1	201614746	201614956	SINE/MIR	895	+	105	201614851	72644
chr1	201542207	201742207	harbor1	chr1	201618613	201618812	SINE/MIR	531	+	100	201618713	76506
chr1	201542207	201742207	harbor1	chr1	201634049	201634288	SINE/MIR	870	+	120	201634169	91962
chr1	60407136	60607136	harbor1	chr1	60465113	60465296	SINE/MIR	531	+	92	60465205	58069
chr1	60407136	60607136	harbor1	chr1	60477189	60477438	SINE/MIR	615	+	124	60477313	70177
chr1	60407136	60607136	harbor1	chr1	60504365	60504536	SINE/MIR	466	+	86	60504451	97315
chr1	60407136	60607136	harbor1	chr1	60505197	60505426	SINE/MIR	869	+	114	60505311	98175
chr1	118666573	118866573	harbor1	chr1	118681934	118682155	SINE/MIR	520	+	110	118682044	15471
chr1	118666573	118866573	harbor1	chr1	118740767	118740930	SINE/MIR	473	+	82	118740849	74276
chr1	55874565	56074565	harbor1	chr1	55885527	55885632	SINE/MIR	430	+	52	55885579	11014
chr1	55874565	56074565	harbor1	chr1	55905904	55906077	SINE/MIR	430	+	86	55905990	31425
chr1	55874565	56074565	harbor1	chr1	55906518	55906599	SINE/MIR	430	+	40	55906558	31993
chr1	55874565	56074565	harbor1	chr1	55906908	55907061	SINE/MIR	787	+	76	55906984	32419
chr1	55874565	56074565	harbor1	chr1	55907403	55907512	SINE/MIR	787	+	54	55907457	32892
chr1	55874565	56074565	harbor1	chr1	55919932	55920147	SINE/MIR	651	+	108	55920040	45475
chr1	55874565	56074565	harbor1	chr1	55936433	55936626	SINE/MIR	633	+	96	55936529	61964
chr1	55874565	56074565	harbor1	chr1	55936924	55937008	SINE/MIR	633	+	42	55936966	62401
chr1	55874565	56074565	harbor1	chr1	55946684	55946843	SINE/MIR	416	+	80	55946764	72199
chr1	55874565	56074565	harbor1	chr1	55946965	55947174	SINE/MIR	653	+	104	55947069	72504
chr1	55874565	56074565	harbor1	chr1	55960529	55960764	SINE/MIR	910	+	118	55960647	86082
chr1	55874565	56074565	harbor1	chr1	55973705	55973880	SINE/MIR	622	+	88	55973793	99228
chr1	61547258	61747258	harbor1	chr1	61559627	61559790	SINE/MIR	669	+	82	61559709	12451
chr1	61547258	61747258	harbor1	chr1	61584968	61585131	SINE/MIR	561	+	82	61585050	37792
chr1	61547258	61747258	harbor1	chr1	61607818	61607959	SINE/MIR	436	+	70	61607888	60630
chr1	192476602	192676602	harbor1	chr1	192477365	192477520	SINE/MIR	512	+	78	192477443	841
chr1	192476602	192676602	harbor1	chr1	192490582	192490801	SINE/MIR	463	+	110	192490692	14090
chr1	192476602	192676602	harbor1	chr1	192524030	192524260	SINE/MIR	480	+	115	192524145	47543
chr1	192476602	192676602	harbor1	chr1	192552245	192552481	SINE/MIR	603	+	118	192552363	75761
chr1	192476602	192676602	harbor1	chr1	192554000	192554197	SINE/MIR	441	+	98	192554098	77496
chr1	179379132	179579132	harbor1	chr1	179383560	179383818	SINE/MIR	1208	+	129	179383689	4557
chr1	179379132	179579132	harbor1	chr1	179395525	179395685	SINE/MIR	916	+	80	179395605	16473
chr1	35024738	35224738	harbor1	chr1	35025726	35025935	SINE/MIR	768	+	104	35025830	1092
chr1	35024738	35224738	harbor1	chr1	35029309	35029444	SINE/MIR	648	+	68	35029377	4639
chr1	244864365	245064365	harbor1	chr1	244870177	244870341	SINE/MIR	481	+	82	244870259	5894
chr1	244864365	245064365	harbor1	chr1	244885705	244885899	SINE/MIR	687	+	97	244885802	21437
chr1	244864365	245064365	harbor1	chr1	244887534	244887795	SINE/MIR	705	+	130	244887664	23299
chr1	244864365	245064365	harbor1	chr1	244911183	244911353	SINE/MIR	509	+	85	244911268	46903
chr1	244864365	245064365	harbor1	chr1	244935973	244936139	SINE/MIR	632	+	83	244936056	71691
chr1	244864365	245064365	harbor1	chr1	244949416	244949597	SINE/MIR	539	+	90	244949506	85141
chr1	244864365	245064365	harbor1	chr1	244962807	244962944	SINE/MIR	466	+	68	244962875	98510
chr1	235520757	235720757	harbor1	chr1	235531662	235531891	SINE/MIR	632	+	114	235531776	11019
chr1	235520757	235720757	harbor1	chr1	235550380	235550519	SINE/MIR	562	+	70	235550450	29693
chr1	235520757	235720757	harbor1	chr1	235550826	235550908	SINE/MIR	562	+	41	235550867	30110
chr1	235520757	235720757	harbor1	chr1	235553762	235553919	SINE/MIR	587	+	78	235553840	33083
chr1	235520757	235720757	harbor1	chr1	235571254	235571498	SINE/MIR	722	+	122	235571376	50619
chr1	118267868	118467868	harbor1	chr1	118268723	118268924	SINE/MIR	722	+	100	118268823	955
chr1	118267868	118467868	harbor1	chr1	118276743	118276891	SINE/MIR	463	+	74	118276817	8949
chr1	118267868	118467868	harbor1	chr1	118299675	118299882	SINE/MIR	472	+	104	118299779	31911
chr1	118267868	118467868	harbor1	chr1	118315362	118315527	SINE/MIR	595	+	82	118315444	47576
chr1	118267868	118467868	harbor1	chr1	118319547	118319755	SINE/MIR	542	+	104	118319651	51783
chr1	118267868	118467868	harbor1	chr1	118323780	118323973	SINE/MIR	697	+	96	118323876	56008
chr1	118267868	118467868	harbor1	chr1	118332880	118333113	SINE/MIR	664	+	116	118332996	65128
chr1	56036486	56236486	harbor1	chr1	56084814	56084931	SINE/MIR	474	+	58	56084872	48386
chr1	56036486	56236486	harbor1	chr1	56093973	56094150	SINE/MIR	642	+	88	56094061	57575
chr1	56036486	56236486	harbor1	chr1	56125738	56125971	SINE/MIR	481	+	116	56125854	89368
chr1	66900725	67100725	harbor1	chr1	66905691	66905834	SINE/MIR	661	+	72	66905763	5038
chr1	66900725	67100725	harbor1	chr1	66943872	66944116	SINE/MIR	809	+	122	66943994	43269
chr1	66900725	67100725	harbor1	chr1	66957312	66957509	SINE/MIR	568	+	98	66957410	56685
chr1	90716908	90916908	harbor1	chr1	90740652	90740825	SINE/MIR	473	+	86	90740738	23830
chr1	90716908	90916908	harbor1	chr1	90749072	90749254	SINE/MIR	696	+	91	90749163	32255
chr1	90716908	90916908	harbor1	chr1	90756363	90756520	SINE/MIR	518	+	78	90756441	39533
chr1	90716908	90916908	harbor1	chr1	90784476	90784694	SINE/MIR	579	+	109	90784585	67677
chr1	90716908	90916908	harbor1	chr1	90792980	90793153	SINE/MIR	490	+	86	90793066	76158
chr1	90716908	90916908	harbor1	chr1	90798671	90798919	SINE/MIR	533	+	124	90798795	81887
chr1	90716908	90916908	harbor1	chr1	90815712	90815857	SINE/MIR	596	+	72	90815784	98876
chr1	108672567	108872567	harbor1	chr1	108729566	108729709	SINE/MIR	574	+	72	108729638	57071
chr1	108672567	108872567	harbor1	chr1	108740631	108740839	SINE/MIR	564	+	104	108740735	68168
chr1	108672567	108872567	harbor1	chr1	108744360	108744548	SINE/MIR	600	+	94	108744454	71887
chr1	108672567	108872567	harbor1	chr1	108745531	108745700	SINE/MIR	427	+	84	108745615	73048
chr1	108672567	108872567	harbor1	chr1	108752567	108752788	SINE/MIR	808	+	110	108752677	80110
chr1	108672567	108872567	harbor1	chr1	108756252	108756421	SINE/MIR	638	+	84	108756336	83769
chr1	234606365	234806365	harbor1	chr1	234624478	234624732	SINE/MIR	827	+	127	234624605	18240
chr1	234606365	234806365	harbor1	chr1	234684338	234684502	SINE/MIR	437	+	82	234684420	78055
chr1	75516586	75716586	harbor1	chr1	75532244	75532457	SINE/MIR	590	+	106	75532350	15764
chr1	75516586	75716586	harbor1	chr1	75550904	75551081	SINE/MIR	557	+	88	75550992	34406
chr1	75516586	75716586	harbor1	chr1	75565638	75565836	SINE/MIR	587	+	99	75565737	49151
chr1	75516586	75716586	harbor1	chr1	75576759	75576922	SINE/MIR	481	+	82	75576841	60255
chr1	75516586	75716586	harbor1	chr1	75585008	75585181	SINE/MIR	439	+	86	75585094	68508
chr1	75516586	75716586	harbor1	chr1	75589212	75589394	SINE/MIR	493	+	91	75589303	72717
chr1	70731232	70931232	harbor1	chr1	70764388	70764584	SINE/MIR	572	+	98	70764486	33254
chr1	70731232	70931232	harbor1	chr1	70785904	70786099	SINE/MIR	502	+	98	70786002	54770
chr1	70731232	70931232	harbor1	chr1	70808641	70808823	SINE/MIR	460	+	91	70808732	77500
chr1	70731232	70931232	harbor1	chr1	70811221	70811411	SINE/MIR	428	+	95	70811316	80084
chr1	70731232	70931232	harbor1	chr1	70827903	70828130	SINE/MIR	867	+	114	70828017	96785
chr1	59863231	60063231	harbor1	chr1	59908178	59908402	SINE/MIR	628	+	112	59908290	45059
chr1	10728295	10928295	harbor1	chr1	10733727	10733965	SINE/MIR	619	+	119	10733846	5551
chr1	10728295	10928295	harbor1	chr1	10766256	10766474	SINE/MIR	982	+	109	10766365	38070
chr1	10728295	10928295	harbor1	chr1	10777053	10777202	SINE/MIR	491	+	74	10777127	48832
chr1	10728295	10928295	harbor1	chr1	10780719	10780945	SINE/MIR	521	+	113	10780832	52537
chr1	10728295	10928295	harbor1	chr1	10798718	10798953	SINE/MIR	732	+	118	10798836	70541
chr1	10728295	10928295	harbor1	chr1	10805408	10805621	SINE/MIR	758	+	106	10805514	77219
chr1	10728295	10928295	harbor1	chr1	10808578	10808796	SINE/MIR	713	+	109	10808687	80392
chr1	10728295	10928295	harbor1	chr1	10810643	10810819	SINE/MIR	630	+	88	10810731	82436
chr1	10728295	10928295	harbor1	chr1	10811795	10811982	SINE/MIR	564	+	94	10811889	83594
chr1	10728295	10928295	harbor1	chr1	10814482	10814729	SINE/MIR	835	+	124	10814606	86311
chr1	10728295	10928295	harbor1	chr1	10816310	10816511	SINE/MIR	463	+	100	10816410	88115
chr1	10728295	10928295	harbor1	chr1	10819096	10819316	SINE/MIR	718	+	110	10819206	90911
chr1	10728295	10928295	harbor1	chr1	10822690	10822882	SINE/MIR	554	+	96	10822786	94491
chr1	21616865	21816865	harbor1	chr1	21625240	21625440	SINE/MIR	558	+	100	21625340	8475
chr1	21616865	21816865	harbor1	chr1	21625461	21625693	SINE/MIR	808	+	116	21625577	8712
chr1	21616865	21816865	harbor1	chr1	21635975	21636159	SINE/MIR	684	+	92	21636067	19202
chr1	21616865	21816865	harbor1	chr1	21636175	21636371	SINE/MIR	917	+	98	21636273	19408
chr1	21616865	21816865	harbor1	chr1	21639422	21639653	SINE/MIR	816	+	116	21639538	22673
chr1	21616865	21816865	harbor1	chr1	21644342	21644583	SINE/MIR	745	+	120	21644462	27597
chr1	21616865	21816865	harbor1	chr1	21645937	21646192	SINE/MIR	714	+	128	21646065	29200
chr1	21616865	21816865	harbor1	chr1	21648382	21648617	SINE/MIR	738	+	118	21648500	31635
chr1	21616865	21816865	harbor1	chr1	21652260	21652419	SINE/MIR	494	+	80	21652340	35475
chr1	21616865	21816865	harbor1	chr1	21654326	21654538	SINE/MIR	716	+	106	21654432	37567
chr1	21616865	21816865	harbor1	chr1	21660265	21660347	SINE/MIR	461	+	41	21660306	43441
chr1	21616865	21816865	harbor1	chr1	21660634	21660798	SINE/MIR	461	+	82	21660716	43851
chr1	21616865	21816865	harbor1	chr1	21661492	21661726	SINE/MIR	771	+	117	21661609	44744
chr1	21616865	21816865	harbor1	chr1	21662738	21662935	SINE/MIR	566	+	98	21662836	45971
chr1	21616865	21816865	harbor1	chr1	21711964	21712080	SINE/MIR	411	+	58	21712022	95157
chr1	21616865	21816865	harbor1	chr1	21712387	21712444	SINE/MIR	411	+	28	21712415	95550
chr1	30835619	31035619	harbor1	chr1	30840694	30840883	SINE/MIR	426	+	94	30840788	5169
chr1	30835619	31035619	harbor1	chr1	30842885	30843037	SINE/MIR	528	+	76	30842961	7342
chr1	30835619	31035619	harbor1	chr1	30846997	30847138	SINE/MIR	502	+	70	30847067	11448
chr1	30835619	31035619	harbor1	chr1	30847136	30847314	SINE/MIR	660	+	89	30847225	11606
chr1	30835619	31035619	harbor1	chr1	30848265	30848386	SINE/MIR	644	+	60	30848325	12706
chr1	30835619	31035619	harbor1	chr1	30848858	30848957	SINE/MIR	644	+	50	30848908	13289
chr1	30835619	31035619	harbor1	chr1	30855887	30856024	SINE/MIR	536	+	68	30855955	20336
chr1	30835619	31035619	harbor1	chr1	30856080	30856209	SINE/MIR	476	+	64	30856144	20525
chr1	30835619	31035619	harbor1	chr1	30860572	30860833	SINE/MIR	630	+	130	30860702	25083
chr1	30835619	31035619	harbor1	chr1	30861556	30861664	SINE/MIR	430	+	54	30861610	25991
chr1	30835619	31035619	harbor1	chr1	30875751	30875958	SINE/MIR	560	+	104	30875855	40236
chr1	30835619	31035619	harbor1	chr1	30882823	30882989	SINE/MIR	428	+	83	30882906	47287
chr1	30835619	31035619	harbor1	chr1	30883406	30883595	SINE/MIR	618	+	94	30883500	47881
chr1	30835619	31035619	harbor1	chr1	30889050	30889268	SINE/MIR	727	+	109	30889159	53540
chr1	30835619	31035619	harbor1	chr1	30897157	30897344	SINE/MIR	541	+	94	30897251	61632
chr1	30835619	31035619	harbor1	chr1	30897660	30897911	SINE/MIR	857	+	126	30897786	62167
chr1	30835619	31035619	harbor1	chr1	30903830	30903941	SINE/MIR	740	+	56	30903886	68267
chr1	30835619	31035619	harbor1	chr1	30904235	30904337	SINE/MIR	740	+	51	30904286	68667
chr1	30835619	31035619	harbor1	chr1	30910845	30911012	SINE/MIR	604	+	84	30910929	75310
chr1	30835619	31035619	harbor1	chr1	30929733	30929955	SINE/MIR	431	+	111	30929844	94225
chr1	30835619	31035619	harbor1	chr1	30900113	30900310	SINE/MIR	679	+	98	30900211	64592
chr1	74122454	74322454	harbor1	chr1	74161971	74162125	SINE/MIR	608	+	77	74162048	39594
chr1	74122454	74322454	harbor1	chr1	74189412	74189548	SINE/MIR	616	+	68	74189480	67026
chr1	74122454	74322454	harbor1	chr1	74189910	74189948	SINE/MIR	616	+	19	74189929	67475
chr1	165814343	166014343	harbor1	chr1	165881462	165881721	SINE/MIR	786	+	130	165881592	67249
chr1	165814343	166014343	harbor1	chr1	165898159	165898378	SINE/MIR	503	+	110	165898269	83926
chr1	5164389	5364389	harbor1	chr1	5221325	5221523	SINE/MIR	564	+	99	5221424	57035
chr1	5164389	5364389	harbor1	chr1	5227273	5227421	SINE/MIR	495	+	74	5227347	62958
chr1	48815287	49015287	harbor1	chr1	48824854	48825062	SINE/MIR	683	+	104	48824958	9671
chr1	48815287	49015287	harbor1	chr1	48845708	48845946	SINE/MIR	942	+	119	48845827	30540
chr1	48815287	49015287	harbor1	chr1	48850841	48851092	SINE/MIR	596	+	126	48850967	35680
chr1	48815287	49015287	harbor1	chr1	48904511	48904748	SINE/MIR	737	+	118	48904629	89342
chr1	48815287	49015287	harbor1	chr1	48911242	48911335	SINE/MIR	450	+	46	48911288	96001
chr1	48815287	49015287	harbor1	chr1	48911640	48911751	SINE/MIR	450	+	56	48911696	96409
chr1	48815287	49015287	harbor1	chr1	48856975	48857201	SINE/MIR	481	+	113	48857088	41801
chr1	179246732	179446732	harbor1	chr1	179299186	179299406	SINE/MIR	508	+	110	179299296	52564
chr1	71214482	71414482	harbor1	chr1	71221531	71221686	SINE/MIR	547	+	78	71221609	7127
chr1	71214482	71414482	harbor1	chr1	71225961	71226110	SINE/MIR	562	+	74	71226035	11553
chr1	71214482	71414482	harbor1	chr1	71228214	71228428	SINE/MIR	434	+	107	71228321	13839
chr1	71214482	71414482	harbor1	chr1	71228499	71228624	SINE/MIR	432	+	62	71228561	14079
chr1	71214482	71414482	harbor1	chr1	71230852	71231070	SINE/MIR	579	+	109	71230961	16479
chr1	71214482	71414482	harbor1	chr1	71245753	71245925	SINE/MIR	507	+	86	71245839	31357
chr1	71214482	71414482	harbor1	chr1	71252390	71252539	SINE/MIR	469	+	74	71252464	37982
chr1	71214482	71414482	harbor1	chr1	71269979	71270166	SINE/MIR	549	+	94	71270073	55591
chr1	71214482	71414482	harbor1	chr1	71301596	71301827	SINE/MIR	860	+	116	71301712	87230
chr1	36885394	37085394	harbor1	chr1	36911298	36911471	SINE/MIR	616	+	86	36911384	25990
chr1	36885394	37085394	harbor1	chr1	36965039	36965213	SINE/MIR	451	+	87	36965126	79732
chr1	36885394	37085394	harbor1	chr1	36967688	36967898	SINE/MIR	447	+	105	36967793	82399
chr1	36885394	37085394	harbor1	chr1	36977095	36977256	SINE/MIR	414	+	80	36977175	91781
chr1	42698225	42898225	harbor1	chr1	42742834	42743035	SINE/MIR	489	+	100	42742934	44709
chr1	42698225	42898225	harbor1	chr1	42752936	42753168	SINE/MIR	556	+	116	42753052	54827
chr1	42698225	42898225	harbor1	chr1	42756752	42756983	SINE/MIR	545	+	116	42756868	58643
chr1	42698225	42898225	harbor1	chr1	42764473	42764675	SINE/MIR	430	+	101	42764574	66349
chr1	42698225	42898225	harbor1	chr1	42768136	42768325	SINE/MIR	512	+	94	42768230	70005
chr1	42698225	42898225	harbor1	chr1	42769919	42770130	SINE/MIR	463	+	106	42770025	71800
chr1	42698225	42898225	harbor1	chr1	42795950	42796163	SINE/MIR	620	+	106	42796056	97831
chr1	187759418	187959418	harbor1	chr1	187763424	187763669	SINE/MIR	753	+	122	187763546	4128
chr1	225021401	225221401	harbor1	chr1	225078160	225078382	SINE/MIR	474	+	111	225078271	56870
chr1	94639859	94839859	harbor1	chr1	94648875	94649069	SINE/MIR	460	+	97	94648972	9113
chr1	94639859	94839859	harbor1	chr1	94679691	94679798	SINE/MIR	430	+	54	94679745	39886
chr1	94639859	94839859	harbor1	chr1	94692402	94692595	SINE/MIR	477	+	96	94692498	52639
chr1	94639859	94839859	harbor1	chr1	94721587	94721841	SINE/MIR	415	+	127	94721714	81855
chr1	49940313	50140313	harbor1	chr1	49964208	49964413	SINE/MIR	801	+	102	49964310	23997
chr1	49940313	50140313	harbor1	chr1	49966516	49966771	SINE/MIR	439	+	128	49966644	26331
chr1	49940313	50140313	harbor1	chr1	49975615	49975838	SINE/MIR	510	+	112	49975727	35414
chr1	49940313	50140313	harbor1	chr1	49990670	49990860	SINE/MIR	435	+	95	49990765	50452
chr1	49940313	50140313	harbor1	chr1	49991825	49992023	SINE/MIR	626	+	99	49991924	51611
chr1	49940313	50140313	harbor1	chr1	50020674	50020850	SINE/MIR	514	+	88	50020762	80449
chr1	49940313	50140313	harbor1	chr1	50025350	50025518	SINE/MIR	511	+	84	50025434	85121
chr1	49940313	50140313	harbor1	chr1	50039988	50040231	SINE/MIR	600	+	122	50040110	99797
chr1	80182806	80382806	harbor1	chr1	80222492	80222724	SINE/MIR	446	+	116	80222608	39802
chr1	80182806	80382806	harbor1	chr1	80226744	80226981	SINE/MIR	416	+	118	80226862	44056
chr1	246695878	246895878	harbor1	chr1	246765694	246765903	SINE/MIR	647	+	104	246765798	69920
chr1	246450637	246650637	harbor1	chr1	246479258	246479391	SINE/MIR	538	+	66	246479324	28687
chr1	246450637	246650637	harbor1	chr1	246485842	246486023	SINE/MIR	519	+	90	246485932	35295
chr1	86700808	86900808	harbor1	chr1	86745107	86745336	SINE/MIR	531	+	114	86745221	44413
chr1	86700808	86900808	harbor1	chr1	86748683	86748873	SINE/MIR	415	+	95	86748778	47970
chr1	86700808	86900808	harbor1	chr1	86752949	86753066	SINE/MIR	417	+	58	86753007	52199
chr1	86700808	86900808	harbor1	chr1	86779120	86779354	SINE/MIR	450	+	117	86779237	78429
chr1	86700808	86900808	harbor1	chr1	86779943	86780063	SINE/MIR	446	+	60	86780003	79195
chr1	86700808	86900808	harbor1	chr1	86789468	86789594	SINE/MIR	477	+	63	86789531	88723
chr1	107018212	107218212	harbor1	chr1	107038074	107038231	SINE/MIR	412	+	78	107038152	19940
chr1	107018212	107218212	harbor1	chr1	107059855	107060097	SINE/MIR	706	+	121	107059976	41764
chr1	107018212	107218212	harbor1	chr1	107105342	107105510	SINE/MIR	485	+	84	107105426	87214
chr1	107018212	107218212	harbor1	chr1	107106426	107106679	SINE/MIR	722	+	126	107106552	88340
chr1	171745570	171945570	harbor1	chr1	171754868	171755112	SINE/MIR	422	+	122	171754990	9420
chr1	171745570	171945570	harbor1	chr1	171784961	171785175	SINE/MIR	428	+	107	171785068	39498
chr1	171745570	171945570	harbor1	chr1	171785371	171785594	SINE/MIR	746	+	112	171785483	39913
chr1	171745570	171945570	harbor1	chr1	171809330	171809530	SINE/MIR	549	+	100	171809430	63860
chr1	171745570	171945570	harbor1	chr1	171812976	171813180	SINE/MIR	562	+	102	171813078	67508
chr1	15225770	15425770	harbor1	chr1	15242260	15242404	SINE/MIR	438	+	72	15242332	16562
chr1	15225770	15425770	harbor1	chr1	15249913	15250054	SINE/MIR	636	+	70	15249983	24213
chr1	15225770	15425770	harbor1	chr1	15254261	15254451	SINE/MIR	694	+	95	15254356	28586
chr1	15225770	15425770	harbor1	chr1	15265179	15265330	SINE/MIR	493	+	76	15265255	39485
chr1	15225770	15425770	harbor1	chr1	15270338	15270557	SINE/MIR	544	+	110	15270448	44678
chr1	15225770	15425770	harbor1	chr1	15272101	15272226	SINE/MIR	516	+	62	15272163	46393
chr1	15225770	15425770	harbor1	chr1	15276097	15276265	SINE/MIR	560	+	84	15276181	50411
chr1	15225770	15425770	harbor1	chr1	15283943	15284153	SINE/MIR	499	+	105	15284048	58278
chr1	15225770	15425770	harbor1	chr1	15295108	15295271	SINE/MIR	660	+	82	15295190	69420
chr1	15225770	15425770	harbor1	chr1	15305413	15305544	SINE/MIR	516	+	66	15305479	79709
chr1	15225770	15425770	harbor1	chr1	15308093	15308212	SINE/MIR	516	+	60	15308153	82383
chr1	96214412	96414412	harbor1	chr1	96218948	96219131	SINE/MIR	624	+	92	96219040	4628
chr1	96214412	96414412	harbor1	chr1	96231160	96231389	SINE/MIR	525	+	114	96231274	16862
chr1	96214412	96414412	harbor1	chr1	96239909	96240147	SINE/MIR	732	+	119	96240028	25616
chr1	96214412	96414412	harbor1	chr1	96251935	96252026	SINE/MIR	446	+	46	96251981	37569
chr1	96214412	96414412	harbor1	chr1	96313749	96313921	SINE/MIR	545	+	86	96313835	99423
chr1	202362226	202562226	harbor1	chr1	202396227	202396410	SINE/MIR	525	+	92	202396319	34093
chr1	202362226	202562226	harbor1	chr1	202421803	202422056	SINE/MIR	646	+	126	202421929	59703
chr1	202362226	202562226	harbor1	chr1	202425022	202425272	SINE/MIR	526	+	125	202425147	62921
chr1	80147950	80347950	harbor1	chr1	80222492	80222724	SINE/MIR	446	+	116	80222608	74658
chr1	80147950	80347950	harbor1	chr1	80226744	80226981	SINE/MIR	416	+	118	80226862	78912
chr1	47314204	47514204	harbor1	chr1	47404120	47404281	SINE/MIR	495	+	80	47404200	89996
chr1	186075651	186275651	harbor1	chr1	186165717	186165955	SINE/MIR	677	+	119	186165836	90185
chr1	240463778	240663778	harbor1	chr1	240516897	240517102	SINE/MIR	660	+	102	240516999	53221
chr1	240463778	240663778	harbor1	chr1	240555244	240555431	SINE/MIR	513	+	94	240555338	91560
chr1	6449126	6649126	harbor1	chr1	6493419	6493653	SINE/MIR	468	+	117	6493536	44410
chr1	6449126	6649126	harbor1	chr1	6495477	6495647	SINE/MIR	474	+	85	6495562	46436
chr1	6449126	6649126	harbor1	chr1	6495708	6495929	SINE/MIR	625	+	110	6495818	46692
chr1	6449126	6649126	harbor1	chr1	6531697	6531915	SINE/MIR	682	+	109	6531806	82680
chr1	119735737	119935737	harbor1	chr1	119800051	119800224	SINE/MIR	510	+	86	119800137	64400
chr1	119735737	119935737	harbor1	chr1	119806777	119806995	SINE/MIR	751	+	109	119806886	71149
chr1	119735737	119935737	harbor1	chr1	119825598	119825838	SINE/MIR	704	+	120	119825718	89981
chr1	38998273	39198273	harbor1	chr1	39079198	39079449	SINE/MIR	1015	+	126	39079324	81051
chr1	38998273	39198273	harbor1	chr1	39085064	39085284	SINE/MIR	824	+	110	39085174	86901
chr1	38998273	39198273	harbor1	chr1	39091287	39091504	SINE/MIR	524	+	108	39091395	93122
chr1	150609374	150809374	harbor1	chr1	150664789	150664972	SINE/MIR	598	+	92	150664881	55507
chr1	150609374	150809374	harbor1	chr1	150706997	150707180	SINE/MIR	775	+	92	150707089	97715
chr1	190045914	190245914	harbor1	chr1	190081061	190081159	SINE/MIR	449	+	49	190081110	35196
chr1	190045914	190245914	harbor1	chr1	190099971	190100210	SINE/MIR	463	+	120	190100091	54177
chr1	193664295	193864295	harbor1	chr1	193673510	193673687	SINE/MIR	928	+	88	193673598	9303
chr1	193664295	193864295	harbor1	chr1	193674005	193674102	SINE/MIR	928	+	48	193674053	9758
chr1	193664295	193864295	harbor1	chr1	193676395	193676564	SINE/MIR	468	+	84	193676479	12184
chr1	193664295	193864295	harbor1	chr1	193680791	193680970	SINE/MIR	425	+	90	193680881	16586
chr1	193664295	193864295	harbor1	chr1	193762838	193763054	SINE/MIR	694	+	108	193762946	98651
chr1	14147716	14347716	harbor1	chr1	14168755	14168931	SINE/MIR	595	+	88	14168843	21127
chr1	14147716	14347716	harbor1	chr1	14230924	14231080	SINE/MIR	453	+	78	14231002	83286
chr1	31066958	31266958	harbor1	chr1	31120935	31121149	SINE/MIR	626	+	107	31121042	54084
chr1	15129416	15329416	harbor1	chr1	15136304	15136437	SINE/MIR	489	+	66	15136370	6954
chr1	15129416	15329416	harbor1	chr1	15146960	15147216	SINE/MIR	608	+	128	15147088	17672
chr1	15129416	15329416	harbor1	chr1	15151093	15151283	SINE/MIR	500	+	95	15151188	21772
chr1	15129416	15329416	harbor1	chr1	15151960	15152225	SINE/MIR	569	+	132	15152092	22676
chr1	15129416	15329416	harbor1	chr1	15172531	15172637	SINE/MIR	433	+	53	15172584	43168
chr1	15129416	15329416	harbor1	chr1	15181074	15181252	SINE/MIR	689	+	89	15181163	51747
chr1	15129416	15329416	harbor1	chr1	15182257	15182418	SINE/MIR	501	+	80	15182337	52921
chr1	15129416	15329416	harbor1	chr1	15182474	15182618	SINE/MIR	458	+	72	15182546	53130
chr1	15129416	15329416	harbor1	chr1	15183336	15183610	SINE/MIR	451	+	137	15183473	54057
chr1	15129416	15329416	harbor1	chr1	15201090	15201252	SINE/MIR	441	+	81	15201171	71755
chr1	15129416	15329416	harbor1	chr1	15204642	15204809	SINE/MIR	560	+	84	15204726	75310
chr1	15129416	15329416	harbor1	chr1	15205574	15205784	SINE/MIR	525	+	105	15205679	76263
chr1	243457451	243657451	harbor1	chr1	243466406	243466651	SINE/MIR	862	+	122	243466528	9077
chr1	243457451	243657451	harbor1	chr1	243468079	243468221	SINE/MIR	702	+	71	243468150	10699
chr1	243457451	243657451	harbor1	chr1	243468518	243468540	SINE/MIR	702	+	11	243468529	11078
chr1	243457451	243657451	harbor1	chr1	243468695	243468776	SINE/MIR	702	+	40	243468735	11284
chr1	243457451	243657451	harbor1	chr1	243478237	243478413	SINE/MIR	619	+	88	243478325	20874
chr1	243457451	243657451	harbor1	chr1	243481323	243481524	SINE/MIR	663	+	100	243481423	23972
chr1	243457451	243657451	harbor1	chr1	243484372	243484548	SINE/MIR	436	+	88	243484460	27009
chr1	243457451	243657451	harbor1	chr1	243485141	243485308	SINE/MIR	593	+	84	243485225	27774
chr1	243457451	243657451	harbor1	chr1	243551126	243551324	SINE/MIR	460	+	99	243551225	93774
chr1	179541365	179741365	harbor1	chr1	179565295	179565464	SINE/MIR	524	+	84	179565379	24014
chr1	179541365	179741365	harbor1	chr1	179574230	179574453	SINE/MIR	539	+	112	179574342	32977
chr1	179541365	179741365	harbor1	chr1	179593945	179594147	SINE/MIR	696	+	101	179594046	52681
chr1	179541365	179741365	harbor1	chr1	179622070	179622146	SINE/MIR	439	+	38	179622108	80743
chr1	179541365	179741365	harbor1	chr1	179637303	179637412	SINE/MIR	478	+	54	179637357	95992
chr1	179939717	180139717	harbor1	chr1	179958566	179958767	SINE/MIR	471	+	100	179958666	18949
chr1	179939717	180139717	harbor1	chr1	180004064	180004231	SINE/MIR	602	+	84	180004148	64431
chr1	179939717	180139717	harbor1	chr1	180008280	180008454	SINE/MIR	691	+	87	180008367	68650
chr1	179939717	180139717	harbor1	chr1	180022964	180023164	SINE/MIR	854	+	100	180023064	83347
chr1	179939717	180139717	harbor1	chr1	180030493	180030724	SINE/MIR	462	+	116	180030609	90892
chr1	185746446	185946446	harbor1	chr1	185748668	185748849	SINE/MIR	497	+	90	185748758	2312
chr1	185746446	185946446	harbor1	chr1	185754876	185755083	SINE/MIR	891	+	104	185754980	8534
chr1	40991371	41191371	harbor1	chr1	40998082	40998116	SINE/MIR	921	+	17	40998099	6728
chr1	40991371	41191371	harbor1	chr1	40998423	40998630	SINE/MIR	921	+	104	40998527	7156
chr1	40991371	41191371	harbor1	chr1	41003502	41003731	SINE/MIR	659	+	114	41003616	12245
chr1	40991371	41191371	harbor1	chr1	41038844	41039030	SINE/MIR	568	+	93	41038937	47566
chr1	40991371	41191371	harbor1	chr1	41074247	41074483	SINE/MIR	620	+	118	41074365	82994
chr1	90017094	90217094	harbor1	chr1	90021065	90021291	SINE/MIR	574	+	113	90021178	4084
chr1	90017094	90217094	harbor1	chr1	90038816	90038971	SINE/MIR	440	+	78	90038894	21800
chr1	90017094	90217094	harbor1	chr1	90050298	90050518	SINE/MIR	900	+	110	90050408	33314
chr1	90017094	90217094	harbor1	chr1	90073848	90074049	SINE/MIR	530	+	100	90073948	56854
chr1	46200334	46400334	harbor1	chr1	46246590	46246748	SINE/MIR	609	+	79	46246669	46335
chr1	46200334	46400334	harbor1	chr1	46249726	46249948	SINE/MIR	607	+	111	46249837	49503
chr1	46200334	46400334	harbor1	chr1	46257790	46258008	SINE/MIR	635	+	109	46257899	57565
chr1	46200334	46400334	harbor1	chr1	46262848	46263074	SINE/MIR	991	+	113	46262961	62627
chr1	46200334	46400334	harbor1	chr1	46264456	46264628	SINE/MIR	460	+	86	46264542	64208
chr1	46200334	46400334	harbor1	chr1	46265778	46266013	SINE/MIR	806	+	118	46265896	65562
chr1	46200334	46400334	harbor1	chr1	46288324	46288447	SINE/MIR	533	+	62	46288386	88052
chr1	46200334	46400334	harbor1	chr1	46289193	46289398	SINE/MIR	749	+	102	46289295	88961
chr1	46200334	46400334	harbor1	chr1	46297724	46297973	SINE/MIR	1070	+	124	46297848	97514
chr1	46200334	46400334	harbor1	chr1	46299132	46299272	SINE/MIR	529	+	70	46299202	98868
chr1	46200334	46400334	harbor1	chr1	46299908	46300012	SINE/MIR	529	+	52	46299960	99626
chr1	33187251	33387251	harbor1	chr1	33194230	33194253	SINE/MIR	448	+	12	33194242	6991
chr1	33187251	33387251	harbor1	chr1	33194554	33194785	SINE/MIR	448	+	116	33194670	7419
chr1	33187251	33387251	harbor1	chr1	33230140	33230299	SINE/MIR	480	+	80	33230220	42969
chr1	33187251	33387251	harbor1	chr1	33233784	33234037	SINE/MIR	716	+	126	33233910	46659
chr1	33187251	33387251	harbor1	chr1	33234185	33234348	SINE/MIR	451	+	82	33234267	47016
chr1	33187251	33387251	harbor1	chr1	33244656	33244849	SINE/MIR	508	+	96	33244752	57501
chr1	33187251	33387251	harbor1	chr1	33250129	33250308	SINE/MIR	476	+	90	33250219	62968
chr1	33187251	33387251	harbor1	chr1	33269974	33270139	SINE/MIR	489	+	82	33270056	82805
chr1	33187251	33387251	harbor1	chr1	33274208	33274367	SINE/MIR	690	+	80	33274288	87037
chr1	33187251	33387251	harbor1	chr1	33274755	33274931	SINE/MIR	487	+	88	33274843	87592
chr1	98661384	98861384	harbor1	chr1	98667683	98667809	SINE/MIR	502	+	63	98667746	6362
chr1	98661384	98861384	harbor1	chr1	98673695	98673906	SINE/MIR	491	+	106	98673801	12417
chr1	98661384	98861384	harbor1	chr1	98686632	98686812	SINE/MIR	668	+	90	98686722	25338
chr1	98661384	98861384	harbor1	chr1	98694520	98694596	SINE/MIR	869	+	38	98694558	33174
chr1	98661384	98861384	harbor1	chr1	98694907	98695076	SINE/MIR	869	+	84	98694991	33607
chr1	98661384	98861384	harbor1	chr1	98705312	98705525	SINE/MIR	576	+	106	98705418	44034
chr1	98661384	98861384	harbor1	chr1	98719087	98719261	SINE/MIR	679	+	87	98719174	57790
chr1	98661384	98861384	harbor1	chr1	98734426	98734612	SINE/MIR	464	+	93	98734519	73135
chr1	198107560	198307560	harbor1	chr1	198110841	198110995	SINE/MIR	539	+	77	198110918	3358
chr1	198107560	198307560	harbor1	chr1	198132624	198132780	SINE/MIR	466	+	78	198132702	25142
chr1	207408421	207608421	harbor1	chr1	207455288	207455412	SINE/MIR	503	+	62	207455350	46929
chr1	207408421	207608421	harbor1	chr1	207471787	207471927	SINE/MIR	434	+	70	207471857	63436
chr1	207408421	207608421	harbor1	chr1	207497982	207498222	SINE/MIR	521	+	120	207498102	89681
chr1	222097721	222297721	harbor1	chr1	222099402	222099605	SINE/MIR	459	+	102	222099504	1783
chr1	222097721	222297721	harbor1	chr1	222102562	222102809	SINE/MIR	700	+	124	222102686	4965
chr1	222097721	222297721	harbor1	chr1	222144331	222144528	SINE/MIR	475	+	98	222144429	46708
chr1	222097721	222297721	harbor1	chr1	222156366	222156588	SINE/MIR	635	+	111	222156477	58756
chr1	148672769	148872769	harbor1	chr1	148707142	148707352	SINE/MIR	726	+	105	148707247	34478
chr1	148672769	148872769	harbor1	chr1	148713482	148713711	SINE/MIR	542	+	114	148713596	40827
chr1	148672769	148872769	harbor1	chr1	148715463	148715697	SINE/MIR	736	+	117	148715580	42811
chr1	148672769	148872769	harbor1	chr1	148720464	148720716	SINE/MIR	657	+	126	148720590	47821
chr1	148672769	148872769	harbor1	chr1	148721013	148721195	SINE/MIR	523	+	91	148721104	48335
chr1	148672769	148872769	harbor1	chr1	148724426	148724632	SINE/MIR	495	+	103	148724529	51760
chr1	148672769	148872769	harbor1	chr1	148732611	148732680	SINE/MIR	585	+	34	148732645	59876
chr1	148672769	148872769	harbor1	chr1	148733193	148733341	SINE/MIR	585	+	74	148733267	60498
chr1	148672769	148872769	harbor1	chr1	148743028	148743200	SINE/MIR	517	+	86	148743114	70345
chr1	148672769	148872769	harbor1	chr1	148769803	148769998	SINE/MIR	683	+	98	148769901	97132
chr1	202385848	202585848	harbor1	chr1	202396227	202396410	SINE/MIR	525	+	92	202396319	10471
chr1	202385848	202585848	harbor1	chr1	202421803	202422056	SINE/MIR	646	+	126	202421929	36081
chr1	202385848	202585848	harbor1	chr1	202425022	202425272	SINE/MIR	526	+	125	202425147	39299
chr1	55993739	56193739	harbor1	chr1	56000030	56000270	SINE/MIR	452	+	120	56000150	6411
chr1	55993739	56193739	harbor1	chr1	56002910	56003043	SINE/MIR	411	+	66	56002976	9237
chr1	55993739	56193739	harbor1	chr1	56004389	56004593	SINE/MIR	448	+	102	56004491	10752
chr1	55993739	56193739	harbor1	chr1	56030696	56030946	SINE/MIR	763	+	125	56030821	37082
chr1	55993739	56193739	harbor1	chr1	56084814	56084931	SINE/MIR	474	+	58	56084872	91133
chr1	218376359	218576359	harbor1	chr1	218384473	218384615	SINE/MIR	781	+	71	218384544	8185
chr1	218376359	218576359	harbor1	chr1	218471112	218471297	SINE/MIR	607	+	92	218471204	94845
chr1	218376359	218576359	harbor1	chr1	218472052	218472240	SINE/MIR	508	+	94	218472146	95787
chr1	218376359	218576359	harbor1	chr1	218475246	218475452	SINE/MIR	575	+	103	218475349	98990
chr1	218376359	218576359	harbor1	chr1	218414980	218415170	SINE/MIR	447	+	95	218415075	38716
chr1	177992402	178192402	harbor1	chr1	177994653	177994866	SINE/MIR	798	+	106	177994759	2357
chr1	177992402	178192402	harbor1	chr1	178020565	178020742	SINE/MIR	658	+	88	178020653	28251
chr1	177992402	178192402	harbor1	chr1	178049429	178049576	SINE/MIR	511	+	74	178049503	57101
chr1	177992402	178192402	harbor1	chr1	178068252	178068419	SINE/MIR	450	+	84	178068336	75934
chr1	177992402	178192402	harbor1	chr1	178070337	178070541	SINE/MIR	526	+	102	178070439	78037
chr1	177992402	178192402	harbor1	chr1	178028372	178028605	SINE/MIR	506	+	116	178028488	36086
chr1	232605632	232805632	harbor1	chr1	232668290	232668480	SINE/MIR	454	+	95	232668385	62753
chr1	232046476	232246476	harbor1	chr1	232106171	232106380	SINE/MIR	551	+	104	232106275	59799
chr1	220727059	220927059	harbor1	chr1	220810813	220810994	SINE/MIR	419	+	90	220810903	83844
chr1	85104441	85304441	harbor1	chr1	85115036	85115304	SINE/MIR	469	+	134	85115170	10729
chr1	85104441	85304441	harbor1	chr1	85115308	85115494	SINE/MIR	711	+	93	85115401	10960
chr1	85104441	85304441	harbor1	chr1	85130424	85130584	SINE/MIR	578	+	80	85130504	26063
chr1	85104441	85304441	harbor1	chr1	85137032	85137229	SINE/MIR	472	+	98	85137130	32689
chr1	85104441	85304441	harbor1	chr1	85139354	85139498	SINE/MIR	461	+	72	85139426	34985
chr1	66266203	66466203	harbor1	chr1	66274539	66274733	SINE/MIR	770	+	97	66274636	8433
chr1	66266203	66466203	harbor1	chr1	66276840	66276957	SINE/MIR	470	+	58	66276898	10695
chr1	66266203	66466203	harbor1	chr1	66277823	66278058	SINE/MIR	797	+	118	66277941	11738
chr1	66266203	66466203	harbor1	chr1	66283125	66283348	SINE/MIR	500	+	112	66283237	17034
chr1	66266203	66466203	harbor1	chr1	66287553	66287720	SINE/MIR	515	+	84	66287637	21434
chr1	66266203	66466203	harbor1	chr1	66288417	66288505	SINE/MIR	515	+	44	66288461	22258
chr1	66266203	66466203	harbor1	chr1	66292449	66292617	SINE/MIR	429	+	84	66292533	26330
chr1	66266203	66466203	harbor1	chr1	66296446	66296654	SINE/MIR	645	+	104	66296550	30347
chr1	66266203	66466203	harbor1	chr1	66309347	66309476	SINE/MIR	476	+	64	66309411	43208
chr1	66266203	66466203	harbor1	chr1	66309616	66309777	SINE/MIR	456	+	80	66309696	43493
chr1	66266203	66466203	harbor1	chr1	66310735	66310945	SINE/MIR	419	+	105	66310840	44637
chr1	66266203	66466203	harbor1	chr1	66311133	66311368	SINE/MIR	511	+	118	66311251	45048
chr1	66266203	66466203	harbor1	chr1	66318146	66318358	SINE/MIR	657	+	106	66318252	52049
chr1	66266203	66466203	harbor1	chr1	66319573	66319821	SINE/MIR	639	+	124	66319697	53494
chr1	49016890	49216890	harbor1	chr1	49019769	49020000	SINE/MIR	714	+	116	49019885	2995
chr1	49016890	49216890	harbor1	chr1	49021130	49021339	SINE/MIR	470	+	104	49021234	4344
chr1	49016890	49216890	harbor1	chr1	49024504	49024681	SINE/MIR	807	+	88	49024592	7702
chr1	49016890	49216890	harbor1	chr1	49063917	49064160	SINE/MIR	644	+	122	49064039	47149
chr1	49016890	49216890	harbor1	chr1	49081293	49081505	SINE/MIR	597	+	106	49081399	64509
chr1	49016890	49216890	harbor1	chr1	49099354	49099518	SINE/MIR	435	+	82	49099436	82546
chr1	49016890	49216890	harbor1	chr1	49105587	49105844	SINE/MIR	736	+	128	49105715	88825
chr1	49016890	49216890	harbor1	chr1	49108857	49109047	SINE/MIR	511	+	95	49108952	92062
chr1	163133149	163333149	harbor1	chr1	163134752	163134961	SINE/MIR	583	+	104	163134856	1707
chr1	163133149	163333149	harbor1	chr1	163156192	163156365	SINE/MIR	523	+	86	163156278	23129
chr1	163133149	163333149	harbor1	chr1	163156764	163156923	SINE/MIR	612	+	80	163156844	23695
chr1	163133149	163333149	harbor1	chr1	163179187	163179439	SINE/MIR	936	+	126	163179313	46164
chr1	163133149	163333149	harbor1	chr1	163181805	163182069	SINE/MIR	472	+	132	163181937	48788
chr1	163133149	163333149	harbor1	chr1	163210504	163210721	SINE/MIR	457	+	108	163210612	77463
chr1	163133149	163333149	harbor1	chr1	163215245	163215472	SINE/MIR	627	+	114	163215359	82210
chr1	241728723	241928723	harbor1	chr1	241810955	241811118	SINE/MIR	492	+	82	241811037	82314
chr1	241728723	241928723	harbor1	chr1	241818648	241818848	SINE/MIR	451	+	100	241818748	90025
chr1	241728723	241928723	harbor1	chr1	241822215	241822270	SINE/MIR	557	+	28	241822243	93520
chr1	241728723	241928723	harbor1	chr1	241822565	241822714	SINE/MIR	557	+	74	241822639	93916
chr1	168659160	168859160	harbor1	chr1	168685318	168685477	SINE/MIR	451	+	80	168685398	26238
chr1	168659160	168859160	harbor1	chr1	168688023	168688256	SINE/MIR	570	+	116	168688139	28979
chr1	168659160	168859160	harbor1	chr1	168718603	168718796	SINE/MIR	615	+	96	168718699	59539
chr1	168659160	168859160	harbor1	chr1	168727278	168727403	SINE/MIR	466	+	62	168727340	68180
chr1	168659160	168859160	harbor1	chr1	168742062	168742214	SINE/MIR	466	+	76	168742138	82978
chr1	168659160	168859160	harbor1	chr1	168744040	168744161	SINE/MIR	555	+	60	168744100	84940
chr1	168659160	168859160	harbor1	chr1	168751011	168751207	SINE/MIR	529	+	98	168751109	91949
chr1	168659160	168859160	harbor1	chr1	168751354	168751566	SINE/MIR	495	+	106	168751460	92300
chr1	114328488	114528488	harbor1	chr1	114351589	114351841	SINE/MIR	816	+	126	114351715	23227
chr1	114328488	114528488	harbor1	chr1	114422017	114422204	SINE/MIR	475	+	94	114422111	93623
chr1	73697291	73897291	harbor1	chr1	73726168	73726302	SINE/MIR	441	+	67	73726235	28944
chr1	73697291	73897291	harbor1	chr1	73788010	73788167	SINE/MIR	674	+	78	73788088	90797
chr1	73697291	73897291	harbor1	chr1	73796800	73797025	SINE/MIR	732	+	112	73796912	99621
chr1	38736685	38936685	harbor1	chr1	38741595	38741751	SINE/MIR	563	+	78	38741673	4988
chr1	38736685	38936685	harbor1	chr1	38742054	38742164	SINE/MIR	563	+	55	38742109	5424
chr1	38736685	38936685	harbor1	chr1	38750838	38750953	SINE/MIR	412	+	58	38750896	14211
chr1	38736685	38936685	harbor1	chr1	38752887	38753091	SINE/MIR	681	+	102	38752989	16304
chr1	38736685	38936685	harbor1	chr1	38773026	38773175	SINE/MIR	437	+	74	38773100	36415
chr1	38736685	38936685	harbor1	chr1	38773220	38773470	SINE/MIR	938	+	125	38773345	36660
chr1	38736685	38936685	harbor1	chr1	38777481	38777726	SINE/MIR	695	+	122	38777603	40918
chr1	38736685	38936685	harbor1	chr1	38778241	38778519	SINE/MIR	515	+	139	38778380	41695
chr1	38736685	38936685	harbor1	chr1	38779240	38779495	SINE/MIR	715	+	128	38779368	42683
chr1	38736685	38936685	harbor1	chr1	38779999	38780174	SINE/MIR	447	+	88	38780087	43402
chr1	38736685	38936685	harbor1	chr1	38784656	38784850	SINE/MIR	504	+	97	38784753	48068
chr1	38736685	38936685	harbor1	chr1	38803111	38803285	SINE/MIR	703	+	87	38803198	66513
chr1	38736685	38936685	harbor1	chr1	38803576	38803638	SINE/MIR	703	+	31	38803607	66922
chr1	38736685	38936685	harbor1	chr1	38810719	38810918	SINE/MIR	574	+	100	38810819	74134
chr1	38736685	38936685	harbor1	chr1	38815221	38815459	SINE/MIR	764	+	119	38815340	78655
chr1	38736685	38936685	harbor1	chr1	38820988	38821131	SINE/MIR	438	+	72	38821060	84375
chr1	38736685	38936685	harbor1	chr1	38832455	38832659	SINE/MIR	589	+	102	38832557	95872
chr1	71055478	71255478	harbor1	chr1	71092116	71092323	SINE/MIR	443	+	104	71092220	36742
chr1	71055478	71255478	harbor1	chr1	71092559	71092812	SINE/MIR	684	+	126	71092685	37207
chr1	28184684	28384684	harbor1	chr1	28185506	28185688	SINE/MIR	553	+	91	28185597	913
chr1	28184684	28384684	harbor1	chr1	28192110	28192277	SINE/MIR	659	+	84	28192194	7510
chr1	28184684	28384684	harbor1	chr1	28192579	28192637	SINE/MIR	659	+	29	28192608	7924
chr1	28184684	28384684	harbor1	chr1	28212770	28212963	SINE/MIR	640	+	96	28212866	28182
chr1	28184684	28384684	harbor1	chr1	28250099	28250265	SINE/MIR	608	+	83	28250182	65498
chr1	28184684	28384684	harbor1	chr1	28261323	28261570	SINE/MIR	524	+	124	28261447	76763
chr1	28184684	28384684	harbor1	chr1	28271032	28271252	SINE/MIR	599	+	110	28271142	86458
chr1	28184684	28384684	harbor1	chr1	28271333	28271485	SINE/MIR	429	+	76	28271409	86725
chr1	28184684	28384684	harbor1	chr1	28272825	28273057	SINE/MIR	447	+	116	28272941	88257
chr1	28184684	28384684	harbor1	chr1	28283350	28283485	SINE/MIR	441	+	68	28283418	98734
chr1	28184684	28384684	harbor1	chr1	28283965	28284156	SINE/MIR	633	+	96	28284061	99377
chr1	172311620	172511620	harbor1	chr1	172336809	172336999	SINE/MIR	601	+	95	172336904	25284
chr1	172311620	172511620	harbor1	chr1	172349213	172349414	SINE/MIR	453	+	100	172349313	37693
chr1	172311620	172511620	harbor1	chr1	172385943	172386141	SINE/MIR	421	+	99	172386042	74422
chr1	196591551	196791551	harbor1	chr1	196598686	196598881	SINE/MIR	619	+	98	196598784	7233
chr1	196591551	196791551	harbor1	chr1	196619351	196619528	SINE/MIR	539	+	88	196619439	27888
chr1	196591551	196791551	harbor1	chr1	196640854	196641050	SINE/MIR	460	+	98	196640952	49401
chr1	196591551	196791551	harbor1	chr1	196648289	196648495	SINE/MIR	509	+	103	196648392	56841
chr1	44654421	44854421	harbor1	chr1	44656123	44656348	SINE/MIR	547	+	112	44656235	1814
chr1	44654421	44854421	harbor1	chr1	44668886	44669119	SINE/MIR	568	+	116	44669002	14581
chr1	44654421	44854421	harbor1	chr1	44669478	44669656	SINE/MIR	509	+	89	44669567	15146
chr1	44654421	44854421	harbor1	chr1	44683686	44683867	SINE/MIR	505	+	90	44683776	29355
chr1	44654421	44854421	harbor1	chr1	44695121	44695353	SINE/MIR	717	+	116	44695237	40816
chr1	44654421	44854421	harbor1	chr1	44700202	44700335	SINE/MIR	440	+	66	44700268	45847
chr1	44654421	44854421	harbor1	chr1	44743212	44743444	SINE/MIR	812	+	116	44743328	88907
chr1	184262829	184462829	harbor1	chr1	184278008	184278228	SINE/MIR	818	+	110	184278118	15289
chr1	184262829	184462829	harbor1	chr1	184295636	184295699	SINE/MIR	594	+	32	184295668	32839
chr1	184262829	184462829	harbor1	chr1	184295989	184296102	SINE/MIR	594	+	56	184296045	33216
chr1	28272919	28472919	harbor1	chr1	28272825	28273057	SINE/MIR	447	+	116	28272941	22
chr1	28272919	28472919	harbor1	chr1	28283350	28283485	SINE/MIR	441	+	68	28283418	10499
chr1	28272919	28472919	harbor1	chr1	28283965	28284156	SINE/MIR	633	+	96	28284061	11142
chr1	28272919	28472919	harbor1	chr1	28296112	28296271	SINE/MIR	690	+	80	28296192	23273
chr1	28272919	28472919	harbor1	chr1	28296479	28296542	SINE/MIR	690	+	32	28296511	23592
chr1	28272919	28472919	harbor1	chr1	28306759	28306911	SINE/MIR	695	+	76	28306835	33916
chr1	28272919	28472919	harbor1	chr1	28323966	28324100	SINE/MIR	444	+	67	28324033	51114
chr1	28272919	28472919	harbor1	chr1	28343172	28343395	SINE/MIR	577	+	112	28343284	70365
chr1	28272919	28472919	harbor1	chr1	28345255	28345442	SINE/MIR	751	+	94	28345349	72430
chr1	28272919	28472919	harbor1	chr1	28354491	28354650	SINE/MIR	465	+	80	28354571	81652
chr1	38930014	39130014	harbor1	chr1	38935361	38935609	SINE/MIR	765	+	124	38935485	5471
chr1	38930014	39130014	harbor1	chr1	38940001	38940208	SINE/MIR	803	+	104	38940105	10091
chr1	234599957	234799957	harbor1	chr1	234624478	234624732	SINE/MIR	827	+	127	234624605	24648
chr1	234599957	234799957	harbor1	chr1	234684338	234684502	SINE/MIR	437	+	82	234684420	84463
chr1	215993077	216193077	harbor1	chr1	216044707	216044873	SINE/MIR	521	+	83	216044790	51713
chr1	215993077	216193077	harbor1	chr1	216050189	216050336	SINE/MIR	455	+	74	216050263	57186
chr1	215993077	216193077	harbor1	chr1	216076956	216077208	SINE/MIR	611	+	126	216077082	84005
chr1	53922804	54122804	harbor1	chr1	53937981	53938223	SINE/MIR	471	+	121	53938102	15298
chr1	53922804	54122804	harbor1	chr1	53947885	53948124	SINE/MIR	819	+	120	53948005	25201
chr1	53922804	54122804	harbor1	chr1	53960962	53961127	SINE/MIR	424	+	82	53961044	38240
chr1	53922804	54122804	harbor1	chr1	53961427	53961454	SINE/MIR	424	+	14	53961441	38637
chr1	53922804	54122804	harbor1	chr1	53963392	53963576	SINE/MIR	491	+	92	53963484	40680
chr1	53922804	54122804	harbor1	chr1	54004801	54005004	SINE/MIR	433	+	102	54004903	82099
chr1	53922804	54122804	harbor1	chr1	54007808	54007981	SINE/MIR	449	+	86	54007894	85090
chr1	53922804	54122804	harbor1	chr1	54009803	54009970	SINE/MIR	447	+	84	54009887	87083
chr1	53922804	54122804	harbor1	chr1	54012370	54012577	SINE/MIR	511	+	104	54012474	89670
chr1	53922804	54122804	harbor1	chr1	54014883	54015088	SINE/MIR	639	+	102	54014985	92181
chr1	53922804	54122804	harbor1	chr1	54016602	54016817	SINE/MIR	583	+	108	54016710	93906
chr1	39659410	39859410	harbor1	chr1	39680240	39680422	SINE/MIR	455	+	91	39680331	20921
chr1	39659410	39859410	harbor1	chr1	39695603	39695756	SINE/MIR	1019	+	76	39695679	36269
chr1	39659410	39859410	harbor1	chr1	39696391	39696458	SINE/MIR	1019	+	34	39696425	37015
chr1	39659410	39859410	harbor1	chr1	39702165	39702421	SINE/MIR	587	+	128	39702293	42883
chr1	216212967	216412967	harbor1	chr1	216237544	216237750	SINE/MIR	423	+	103	216237647	24680
chr1	216212967	216412967	harbor1	chr1	216268296	216268460	SINE/MIR	556	+	82	216268378	55411
chr1	216212967	216412967	harbor1	chr1	216297070	216297267	SINE/MIR	457	+	98	216297168	84201
chr1	222042006	222242006	harbor1	chr1	222042001	222042246	SINE/MIR	737	+	122	222042123	117
chr1	222042006	222242006	harbor1	chr1	222074516	222074690	SINE/MIR	521	+	87	222074603	32597
chr1	222042006	222242006	harbor1	chr1	222087935	222088172	SINE/MIR	757	+	118	222088053	46047
chr1	222042006	222242006	harbor1	chr1	222099402	222099605	SINE/MIR	459	+	102	222099504	57498
chr1	222042006	222242006	harbor1	chr1	222102562	222102809	SINE/MIR	700	+	124	222102686	60680
chr1	39546151	39746151	harbor1	chr1	39547224	39547442	SINE/MIR	864	+	109	39547333	1182
chr1	39546151	39746151	harbor1	chr1	39608231	39608423	SINE/MIR	594	+	96	39608327	62176
chr1	39546151	39746151	harbor1	chr1	39608721	39608752	SINE/MIR	594	+	16	39608737	62586
chr1	39546151	39746151	harbor1	chr1	39617959	39618165	SINE/MIR	588	+	103	39618062	71911
chr1	39546151	39746151	harbor1	chr1	39618655	39618848	SINE/MIR	571	+	96	39618751	72600
chr1	39546151	39746151	harbor1	chr1	39620998	39621202	SINE/MIR	488	+	102	39621100	74949
chr1	39546151	39746151	harbor1	chr1	39627216	39627441	SINE/MIR	476	+	112	39627328	81177
chr1	39546151	39746151	harbor1	chr1	39627630	39627864	SINE/MIR	818	+	117	39627747	81596
chr1	39546151	39746151	harbor1	chr1	39631129	39631316	SINE/MIR	647	+	94	39631223	85072
chr1	39546151	39746151	harbor1	chr1	39645790	39645939	SINE/MIR	487	+	74	39645864	99713
chr1	76437856	76637856	harbor1	chr1	76439851	76439976	SINE/MIR	509	+	62	76439913	2057
chr1	76437856	76637856	harbor1	chr1	76472499	76472755	SINE/MIR	808	+	128	76472627	34771
chr1	76437856	76637856	harbor1	chr1	76475221	76475463	SINE/MIR	633	+	121	76475342	37486
chr1	76437856	76637856	harbor1	chr1	76529723	76529959	SINE/MIR	560	+	118	76529841	91985
chr1	207841180	208041180	harbor1	chr1	207842274	207842487	SINE/MIR	886	+	106	207842380	1200
chr1	207841180	208041180	harbor1	chr1	207845893	207846117	SINE/MIR	821	+	112	207846005	4825
chr1	207841180	208041180	harbor1	chr1	207851918	207852148	SINE/MIR	653	+	115	207852033	10853
chr1	207841180	208041180	harbor1	chr1	207872728	207872850	SINE/MIR	502	+	61	207872789	31609
chr1	207841180	208041180	harbor1	chr1	207874290	207874322	SINE/MIR	865	+	16	207874306	33126
chr1	207841180	208041180	harbor1	chr1	207874627	207874855	SINE/MIR	865	+	114	207874741	33561
chr1	207841180	208041180	harbor1	chr1	207883514	207883736	SINE/MIR	468	+	111	207883625	42445
chr1	207841180	208041180	harbor1	chr1	207885013	207885137	SINE/MIR	516	+	62	207885075	43895
chr1	207841180	208041180	harbor1	chr1	207904413	207904642	SINE/MIR	450	+	114	207904527	63347
chr1	207841180	208041180	harbor1	chr1	207926326	207926534	SINE/MIR	471	+	104	207926430	85250
chr1	113153566	113353566	harbor1	chr1	113197481	113197703	SINE/MIR	595	+	111	113197592	44026
chr1	113153566	113353566	harbor1	chr1	113200291	113200489	SINE/MIR	524	+	99	113200390	46824
chr1	113153566	113353566	harbor1	chr1	113216946	113217173	SINE/MIR	622	+	114	113217060	63494
chr1	113153566	113353566	harbor1	chr1	113227070	113227245	SINE/MIR	800	+	88	113227158	73592
chr1	221498075	221698075	harbor1	chr1	221551882	221552099	SINE/MIR	579	+	108	221551990	53915
chr1	221498075	221698075	harbor1	chr1	221574507	221574691	SINE/MIR	698	+	92	221574599	76524
chr1	221498075	221698075	harbor1	chr1	221593044	221593260	SINE/MIR	619	+	108	221593152	95077
chr1	72901119	73101119	harbor1	chr1	72925345	72925548	SINE/MIR	509	+	102	72925447	24328
chr1	72901119	73101119	harbor1	chr1	72936812	72937027	SINE/MIR	497	+	108	72936920	35801
chr1	72901119	73101119	harbor1	chr1	72940607	72940804	SINE/MIR	441	+	98	72940705	39586
chr1	72901119	73101119	harbor1	chr1	72970925	72971126	SINE/MIR	493	+	100	72971025	69906
chr1	7379525	7579525	harbor1	chr1	7383375	7383628	SINE/MIR	795	+	126	7383501	3976
chr1	7379525	7579525	harbor1	chr1	7388048	7388194	SINE/MIR	439	+	73	7388121	8596
chr1	7379525	7579525	harbor1	chr1	7421476	7421679	SINE/MIR	520	+	102	7421578	42053
chr1	7379525	7579525	harbor1	chr1	7429101	7429324	SINE/MIR	671	+	112	7429213	49688
chr1	7379525	7579525	harbor1	chr1	7442561	7442773	SINE/MIR	650	+	106	7442667	63142
chr1	7379525	7579525	harbor1	chr1	7474313	7474504	SINE/MIR	470	+	96	7474409	94884
chr1	224477029	224677029	harbor1	chr1	224486627	224486866	SINE/MIR	582	+	120	224486747	9718
chr1	224477029	224677029	harbor1	chr1	224504697	224504911	SINE/MIR	633	+	107	224504804	27775
chr1	224477029	224677029	harbor1	chr1	224507268	224507503	SINE/MIR	992	+	118	224507386	30357
chr1	224477029	224677029	harbor1	chr1	224518870	224519122	SINE/MIR	679	+	126	224518996	41967
chr1	224477029	224677029	harbor1	chr1	224556256	224556393	SINE/MIR	481	+	68	224556324	79295
chr1	16331144	16531144	harbor1	chr1	16379598	16379739	SINE/MIR	421	+	70	16379668	48524
chr1	16331144	16531144	harbor1	chr1	16386932	16387133	SINE/MIR	441	+	100	16387032	55888
chr1	16331144	16531144	harbor1	chr1	16391650	16391846	SINE/MIR	420	+	98	16391748	60604
chr1	16331144	16531144	harbor1	chr1	16393810	16393970	SINE/MIR	487	+	80	16393890	62746
chr1	16331144	16531144	harbor1	chr1	16399563	16399768	SINE/MIR	699	+	102	16399665	68521
chr1	16331144	16531144	harbor1	chr1	16399906	16400021	SINE/MIR	535	+	58	16399964	68820
chr1	16331144	16531144	harbor1	chr1	16400980	16401102	SINE/MIR	517	+	61	16401041	69897
chr1	16331144	16531144	harbor1	chr1	16400315	16400419	SINE/MIR	535	+	52	16400367	69223
chr1	63671700	63871700	harbor1	chr1	63675031	63675230	SINE/MIR	555	+	100	63675131	3431
chr1	63671700	63871700	harbor1	chr1	63687469	63687705	SINE/MIR	415	+	118	63687587	15887
chr1	63671700	63871700	harbor1	chr1	63693687	63693911	SINE/MIR	526	+	112	63693799	22099
chr1	63671700	63871700	harbor1	chr1	63695569	63695803	SINE/MIR	566	+	117	63695686	23986
chr1	63671700	63871700	harbor1	chr1	63699035	63699245	SINE/MIR	707	+	105	63699140	27440
chr1	63671700	63871700	harbor1	chr1	63713761	63713909	SINE/MIR	495	+	74	63713835	42135
chr1	63671700	63871700	harbor1	chr1	63719406	63719640	SINE/MIR	680	+	117	63719523	47823
chr1	63671700	63871700	harbor1	chr1	63720467	63720693	SINE/MIR	633	+	113	63720580	48880
chr1	63671700	63871700	harbor1	chr1	63722157	63722361	SINE/MIR	562	+	102	63722259	50559
chr1	63671700	63871700	harbor1	chr1	63727465	63727709	SINE/MIR	666	+	122	63727587	55887
chr1	63671700	63871700	harbor1	chr1	63731400	63731557	SINE/MIR	648	+	78	63731478	59778
chr1	63671700	63871700	harbor1	chr1	63745745	63745935	SINE/MIR	615	+	95	63745840	74140
chr1	116219508	116419508	harbor1	chr1	116219529	116219733	SINE/MIR	778	+	102	116219631	123
chr1	116219508	116419508	harbor1	chr1	116255935	116256117	SINE/MIR	440	+	91	116256026	36518
chr1	116219508	116419508	harbor1	chr1	116272387	116272575	SINE/MIR	668	+	94	116272481	52973
chr1	116219508	116419508	harbor1	chr1	116279625	116279834	SINE/MIR	835	+	104	116279729	60221
chr1	116219508	116419508	harbor1	chr1	116289623	116289869	SINE/MIR	485	+	123	116289746	70238
chr1	116219508	116419508	harbor1	chr1	116295509	116295668	SINE/MIR	607	+	80	116295589	76081
chr1	116219508	116419508	harbor1	chr1	116302204	116302429	SINE/MIR	555	+	112	116302316	82808
chr1	155931458	156131458	harbor1	chr1	155955492	155955686	SINE/MIR	423	+	97	155955589	24131
chr1	155931458	156131458	harbor1	chr1	156021853	156022099	SINE/MIR	708	+	123	156021976	90518
chr1	8854775	9054775	harbor1	chr1	8864755	8864898	SINE/MIR	463	+	72	8864827	10052
chr1	201894848	202094848	harbor1	chr1	201896454	201896618	SINE/MIR	521	+	82	201896536	1688
chr1	201894848	202094848	harbor1	chr1	201907144	201907311	SINE/MIR	480	+	84	201907228	12380
chr1	201894848	202094848	harbor1	chr1	201925258	201925368	SINE/MIR	507	+	55	201925313	30465
chr1	201894848	202094848	harbor1	chr1	201948432	201948691	SINE/MIR	486	+	130	201948562	53714
chr1	201894848	202094848	harbor1	chr1	201950408	201950546	SINE/MIR	555	+	69	201950477	55629
chr1	201894848	202094848	harbor1	chr1	201964247	201964375	SINE/MIR	449	+	64	201964311	69463
chr1	82411925	82611925	harbor1	chr1	82417832	82418042	SINE/MIR	440	+	105	82417937	6012
chr1	82411925	82611925	harbor1	chr1	82469005	82469249	SINE/MIR	832	+	122	82469127	57202
chr1	82411925	82611925	harbor1	chr1	82483429	82483620	SINE/MIR	583	+	96	82483525	71600
chr1	168316166	168516166	harbor1	chr1	168375748	168375989	SINE/MIR	596	+	120	168375868	59702
chr1	168316166	168516166	harbor1	chr1	168387995	168388163	SINE/MIR	595	+	84	168388079	71913
chr1	168316166	168516166	harbor1	chr1	168396579	168396748	SINE/MIR	420	+	84	168396663	80497
chr1	168316166	168516166	harbor1	chr1	168397577	168397807	SINE/MIR	455	+	115	168397692	81526
chr1	168316166	168516166	harbor1	chr1	168397903	168398138	SINE/MIR	636	+	118	168398021	81855
chr1	168316166	168516166	harbor1	chr1	168411917	168412139	SINE/MIR	749	+	111	168412028	95862
chr1	168316166	168516166	harbor1	chr1	168361851	168362087	SINE/MIR	621	+	118	168361969	45803
chr1	168316166	168516166	harbor1	chr1	168394741	168394889	SINE/MIR	471	+	74	168394815	78649
chr1	165883642	166083642	harbor1	chr1	165898159	165898378	SINE/MIR	503	+	110	165898269	14627
chr1	165883642	166083642	harbor1	chr1	165915735	165915959	SINE/MIR	488	+	112	165915847	32205
chr1	165883642	166083642	harbor1	chr1	165925272	165925484	SINE/MIR	417	+	106	165925378	41736
chr1	165883642	166083642	harbor1	chr1	165930344	165930529	SINE/MIR	725	+	92	165930436	46794
chr1	165883642	166083642	harbor1	chr1	165932233	165932350	SINE/MIR	506	+	58	165932291	48649
chr1	165883642	166083642	harbor1	chr1	165934428	165934552	SINE/MIR	453	+	62	165934490	50848
chr1	165883642	166083642	harbor1	chr1	165954703	165954909	SINE/MIR	584	+	103	165954806	71164
chr1	165883642	166083642	harbor1	chr1	165955475	165955637	SINE/MIR	451	+	81	165955556	71914
chr1	165883642	166083642	harbor1	chr1	165959051	165959253	SINE/MIR	571	+	101	165959152	75510
chr1	165883642	166083642	harbor1	chr1	165959714	165959855	SINE/MIR	413	+	70	165959784	76142
chr1	25414738	25614738	harbor1	chr1	25419004	25419234	SINE/MIR	1082	+	115	25419119	4381
chr1	25414738	25614738	harbor1	chr1	25425938	25426144	SINE/MIR	751	+	103	25426041	11303
chr1	25414738	25614738	harbor1	chr1	25426424	25426645	SINE/MIR	968	+	110	25426534	11796
chr1	25414738	25614738	harbor1	chr1	25482696	25482907	SINE/MIR	434	+	106	25482802	68064
chr1	25414738	25614738	harbor1	chr1	25487820	25488052	SINE/MIR	583	+	116	25487936	73198
chr1	25414738	25614738	harbor1	chr1	25496815	25497045	SINE/MIR	993	+	115	25496930	82192
chr1	6801081	7001081	harbor1	chr1	6820567	6820772	SINE/MIR	585	+	102	6820669	19588
chr1	6801081	7001081	harbor1	chr1	6874236	6874481	SINE/MIR	796	+	122	6874358	73277
chr1	118740451	118940451	harbor1	chr1	118740767	118740930	SINE/MIR	473	+	82	118740849	398
chr1	118740451	118940451	harbor1	chr1	118773604	118773797	SINE/MIR	517	+	96	118773700	33249
chr1	118740451	118940451	harbor1	chr1	118784534	118784730	SINE/MIR	459	+	98	118784632	44181
chr1	118740451	118940451	harbor1	chr1	118787920	118788125	SINE/MIR	474	+	102	118788022	47571
chr1	118740451	118940451	harbor1	chr1	118839261	118839456	SINE/MIR	523	+	98	118839359	98908
chr1	189566158	189766158	harbor1	chr1	189584130	189584380	SINE/MIR	554	+	125	189584255	18097
chr1	189566158	189766158	harbor1	chr1	189613546	189613750	SINE/MIR	411	+	102	189613648	47490
chr1	50699189	50899189	harbor1	chr1	50749812	50749972	SINE/MIR	436	+	80	50749892	50703
chr1	176908923	177108923	harbor1	chr1	176926117	176926285	SINE/MIR	484	+	84	176926201	17278
chr1	176908923	177108923	harbor1	chr1	176948452	176948648	SINE/MIR	443	+	98	176948550	39627
chr1	176908923	177108923	harbor1	chr1	176968006	176968248	SINE/MIR	853	+	121	176968127	59204
chr1	176908923	177108923	harbor1	chr1	176986611	176986895	SINE/MIR	545	+	142	176986753	77830
chr1	176908923	177108923	harbor1	chr1	176994711	176994861	SINE/MIR	615	+	75	176994786	85863
chr1	176908923	177108923	harbor1	chr1	176998105	176998311	SINE/MIR	444	+	103	176998208	89285
chr1	176908923	177108923	harbor1	chr1	176998828	176999050	SINE/MIR	656	+	111	176998939	90016
chr1	176908923	177108923	harbor1	chr1	176947123	176947307	SINE/MIR	622	+	92	176947215	38292
chr1	80893542	81093542	harbor1	chr1	80906411	80906616	SINE/MIR	449	+	102	80906513	12971
chr1	80893542	81093542	harbor1	chr1	80913600	80913858	SINE/MIR	573	+	129	80913729	20187
chr1	80893542	81093542	harbor1	chr1	80918488	80918713	SINE/MIR	450	+	112	80918600	25058
chr1	80893542	81093542	harbor1	chr1	80985815	80986030	SINE/MIR	484	+	108	80985923	92381
chr1	80893542	81093542	harbor1	chr1	80987823	80988026	SINE/MIR	434	+	102	80987925	94383
chr1	80893542	81093542	harbor1	chr1	80992167	80992362	SINE/MIR	465	+	98	80992265	98723
chr1	107028936	107228936	harbor1	chr1	107038074	107038231	SINE/MIR	412	+	78	107038152	9216
chr1	107028936	107228936	harbor1	chr1	107059855	107060097	SINE/MIR	706	+	121	107059976	31040
chr1	107028936	107228936	harbor1	chr1	107105342	107105510	SINE/MIR	485	+	84	107105426	76490
chr1	107028936	107228936	harbor1	chr1	107106426	107106679	SINE/MIR	722	+	126	107106552	77616
chr1	107028936	107228936	harbor1	chr1	107120251	107120388	SINE/MIR	532	+	68	107120319	91383
chr1	107028936	107228936	harbor1	chr1	107123871	107124106	SINE/MIR	466	+	118	107123989	95053
chr1	246147804	246347804	harbor1	chr1	246151378	246151606	SINE/MIR	550	+	114	246151492	3688
chr1	246147804	246347804	harbor1	chr1	246222372	246222594	SINE/MIR	498	+	111	246222483	74679
chr1	17023977	17223977	harbor1	chr1	17033902	17034038	SINE/MIR	471	+	68	17033970	9993
chr1	17023977	17223977	harbor1	chr1	17060561	17060715	SINE/MIR	460	+	77	17060638	36661
chr1	17023977	17223977	harbor1	chr1	17062926	17063096	SINE/MIR	818	+	85	17063011	39034
chr1	17023977	17223977	harbor1	chr1	17088549	17088627	SINE/MIR	489	+	39	17088588	64611
chr1	17023977	17223977	harbor1	chr1	17088932	17089026	SINE/MIR	489	+	47	17088979	65002
chr1	17023977	17223977	harbor1	chr1	17096691	17096821	SINE/MIR	522	+	65	17096756	72779
chr1	17023977	17223977	harbor1	chr1	17101796	17101982	SINE/MIR	488	+	93	17101889	77912
chr1	17023977	17223977	harbor1	chr1	17102371	17102534	SINE/MIR	473	+	82	17102453	78476
chr1	17023977	17223977	harbor1	chr1	17114399	17114623	SINE/MIR	579	+	112	17114511	90534
chr1	17023977	17223977	harbor1	chr1	17116628	17116798	SINE/MIR	526	+	85	17116713	92736
chr1	17023977	17223977	harbor1	chr1	17122714	17122926	SINE/MIR	502	+	106	17122820	98843
chr1	21580644	21780644	harbor1	chr1	21602485	21602614	SINE/MIR	542	+	64	21602549	21905
chr1	21580644	21780644	harbor1	chr1	21612934	21613118	SINE/MIR	532	+	92	21613026	32382
chr1	21580644	21780644	harbor1	chr1	21614208	21614392	SINE/MIR	471	+	92	21614300	33656
chr1	21580644	21780644	harbor1	chr1	21625240	21625440	SINE/MIR	558	+	100	21625340	44696
chr1	21580644	21780644	harbor1	chr1	21625461	21625693	SINE/MIR	808	+	116	21625577	44933
chr1	21580644	21780644	harbor1	chr1	21635975	21636159	SINE/MIR	684	+	92	21636067	55423
chr1	21580644	21780644	harbor1	chr1	21636175	21636371	SINE/MIR	917	+	98	21636273	55629
chr1	21580644	21780644	harbor1	chr1	21639422	21639653	SINE/MIR	816	+	116	21639538	58894
chr1	21580644	21780644	harbor1	chr1	21644342	21644583	SINE/MIR	745	+	120	21644462	63818
chr1	21580644	21780644	harbor1	chr1	21645937	21646192	SINE/MIR	714	+	128	21646065	65421
chr1	21580644	21780644	harbor1	chr1	21648382	21648617	SINE/MIR	738	+	118	21648500	67856
chr1	21580644	21780644	harbor1	chr1	21652260	21652419	SINE/MIR	494	+	80	21652340	71696
chr1	21580644	21780644	harbor1	chr1	21654326	21654538	SINE/MIR	716	+	106	21654432	73788
chr1	21580644	21780644	harbor1	chr1	21660265	21660347	SINE/MIR	461	+	41	21660306	79662
chr1	21580644	21780644	harbor1	chr1	21660634	21660798	SINE/MIR	461	+	82	21660716	80072
chr1	21580644	21780644	harbor1	chr1	21661492	21661726	SINE/MIR	771	+	117	21661609	80965
chr1	21580644	21780644	harbor1	chr1	21662738	21662935	SINE/MIR	566	+	98	21662836	82192
chr1	163652398	163852398	harbor1	chr1	163676186	163676398	SINE/MIR	629	+	106	163676292	23894
chr1	163652398	163852398	harbor1	chr1	163690949	163691145	SINE/MIR	439	+	98	163691047	38649
chr1	163652398	163852398	harbor1	chr1	163711315	163711496	SINE/MIR	537	+	90	163711405	59007
chr1	209267998	209467998	harbor1	chr1	209316475	209316675	SINE/MIR	442	+	100	209316575	48577
chr1	209267998	209467998	harbor1	chr1	209324116	209324381	SINE/MIR	824	+	132	209324248	56250
chr1	209267998	209467998	harbor1	chr1	209347068	209347319	SINE/MIR	753	+	126	209347194	79196
chr1	209267998	209467998	harbor1	chr1	209350932	209351129	SINE/MIR	569	+	98	209351030	83032
chr1	209267998	209467998	harbor1	chr1	209362638	209362790	SINE/MIR	488	+	76	209362714	94716
chr1	144908369	145108369	harbor1	chr1	144916812	144917000	SINE/MIR	478	+	94	144916906	8537
chr1	144908369	145108369	harbor1	chr1	144922012	144922230	SINE/MIR	500	+	109	144922121	13752
chr1	144908369	145108369	harbor1	chr1	144941979	144942217	SINE/MIR	737	+	119	144942098	33729
chr1	144908369	145108369	harbor1	chr1	144951488	144951649	SINE/MIR	546	+	80	144951568	43199
chr1	144908369	145108369	harbor1	chr1	144960873	144960994	SINE/MIR	445	+	60	144960933	52564
chr1	144908369	145108369	harbor1	chr1	144994626	144994799	SINE/MIR	627	+	86	144994712	86343
chr1	144908369	145108369	harbor1	chr1	145006881	145007129	SINE/MIR	733	+	124	145007005	98636
chr1	144908369	145108369	harbor1	chr1	145007554	145007793	SINE/MIR	880	+	120	145007674	99305
chr1	65456012	65656012	harbor1	chr1	65473561	65473786	SINE/MIR	553	+	112	65473673	17661
chr1	65456012	65656012	harbor1	chr1	65489971	65490207	SINE/MIR	736	+	118	65490089	34077
chr1	65456012	65656012	harbor1	chr1	65499475	65499670	SINE/MIR	430	+	98	65499573	43561
chr1	25654032	25854032	harbor1	chr1	25669218	25669487	SINE/MIR	642	+	134	25669352	15320
chr1	25654032	25854032	harbor1	chr1	25670829	25670887	SINE/MIR	474	+	29	25670858	16826
chr1	25654032	25854032	harbor1	chr1	25671179	25671334	SINE/MIR	474	+	78	25671257	17225
chr1	25654032	25854032	harbor1	chr1	25673351	25673556	SINE/MIR	583	+	102	25673453	19421
chr1	25654032	25854032	harbor1	chr1	25685912	25686060	SINE/MIR	417	+	74	25685986	31954
chr1	25654032	25854032	harbor1	chr1	25688626	25688763	SINE/MIR	437	+	68	25688694	34662
chr1	25654032	25854032	harbor1	chr1	25689298	25689419	SINE/MIR	505	+	60	25689358	35326
chr1	25654032	25854032	harbor1	chr1	25691346	25691565	SINE/MIR	964	+	110	25691456	37424
chr1	25654032	25854032	harbor1	chr1	25693727	25693982	SINE/MIR	832	+	128	25693855	39823
chr1	25654032	25854032	harbor1	chr1	25694819	25694963	SINE/MIR	568	+	72	25694891	40859
chr1	25654032	25854032	harbor1	chr1	25698261	25698471	SINE/MIR	592	+	105	25698366	44334
chr1	25654032	25854032	harbor1	chr1	25702568	25702775	SINE/MIR	843	+	104	25702672	48640
chr1	25654032	25854032	harbor1	chr1	25710169	25710342	SINE/MIR	601	+	86	25710255	56223
chr1	25654032	25854032	harbor1	chr1	25726587	25726766	SINE/MIR	528	+	90	25726677	72645
chr1	25654032	25854032	harbor1	chr1	25732334	25732534	SINE/MIR	472	+	100	25732434	78402
chr1	25654032	25854032	harbor1	chr1	25747706	25747923	SINE/MIR	523	+	108	25747814	93782
chr1	226483174	226683174	harbor1	chr1	226495182	226495400	SINE/MIR	595	+	109	226495291	12117
chr1	226483174	226683174	harbor1	chr1	226531868	226532003	SINE/MIR	596	+	68	226531936	48762
chr1	226483174	226683174	harbor1	chr1	226546740	226546993	SINE/MIR	1038	+	126	226546866	63692
chr1	226483174	226683174	harbor1	chr1	226556598	226556806	SINE/MIR	578	+	104	226556702	73528
chr1	226483174	226683174	harbor1	chr1	226569075	226569298	SINE/MIR	869	+	112	226569187	86013
chr1	154306693	154506693	harbor1	chr1	154311209	154311264	SINE/MIR	432	+	28	154311237	4544
chr1	154306693	154506693	harbor1	chr1	154311576	154311687	SINE/MIR	432	+	56	154311632	4939
chr1	154306693	154506693	harbor1	chr1	154313438	154313494	SINE/MIR	456	+	28	154313466	6773
chr1	154306693	154506693	harbor1	chr1	154313790	154313914	SINE/MIR	456	+	62	154313852	7159
chr1	154306693	154506693	harbor1	chr1	154320106	154320171	SINE/MIR	449	+	32	154320138	13445
chr1	154306693	154506693	harbor1	chr1	154320738	154320848	SINE/MIR	449	+	55	154320793	14100
chr1	154306693	154506693	harbor1	chr1	154322418	154322489	SINE/MIR	445	+	36	154322454	15761
chr1	154306693	154506693	harbor1	chr1	154322798	154322954	SINE/MIR	445	+	78	154322876	16183
chr1	154306693	154506693	harbor1	chr1	154402629	154402824	SINE/MIR	536	+	98	154402727	96034
chr1	64581908	64781908	harbor1	chr1	64586520	64586650	SINE/MIR	513	+	65	64586585	4677
chr1	64581908	64781908	harbor1	chr1	64590861	64590982	SINE/MIR	493	+	60	64590921	9013
chr1	64581908	64781908	harbor1	chr1	64624596	64624787	SINE/MIR	435	+	96	64624692	42784
chr1	64581908	64781908	harbor1	chr1	64642410	64642518	SINE/MIR	430	+	54	64642464	60556
chr1	64581908	64781908	harbor1	chr1	64643328	64643553	SINE/MIR	543	+	112	64643440	61532
chr1	64581908	64781908	harbor1	chr1	64668975	64669151	SINE/MIR	541	+	88	64669063	87155
chr1	8064362	8264362	harbor1	chr1	8067298	8067501	SINE/MIR	691	+	102	8067400	3038
chr1	8064362	8264362	harbor1	chr1	8071848	8072090	SINE/MIR	716	+	121	8071969	7607
chr1	64527976	64727976	harbor1	chr1	64542736	64542936	SINE/MIR	461	+	100	64542836	14860
chr1	64527976	64727976	harbor1	chr1	64547116	64547228	SINE/MIR	486	+	56	64547172	19196
chr1	64527976	64727976	harbor1	chr1	64549149	64549282	SINE/MIR	563	+	66	64549215	21239
chr1	64527976	64727976	harbor1	chr1	64550951	64551192	SINE/MIR	540	+	120	64551071	23095
chr1	64527976	64727976	harbor1	chr1	64574143	64574392	SINE/MIR	644	+	124	64574267	46291
chr1	64527976	64727976	harbor1	chr1	64577487	64577715	SINE/MIR	758	+	114	64577601	49625
chr1	64527976	64727976	harbor1	chr1	64586520	64586650	SINE/MIR	513	+	65	64586585	58609
chr1	64527976	64727976	harbor1	chr1	64590861	64590982	SINE/MIR	493	+	60	64590921	62945
chr1	64527976	64727976	harbor1	chr1	64624596	64624787	SINE/MIR	435	+	96	64624692	96716
chr1	81515461	81715461	harbor1	chr1	81518575	81518713	SINE/MIR	515	+	69	81518644	3183
chr1	81515461	81715461	harbor1	chr1	81532019	81532166	SINE/MIR	469	+	74	81532093	16632
chr1	81515461	81715461	harbor1	chr1	81560223	81560446	SINE/MIR	840	+	112	81560335	44874
chr1	81515461	81715461	harbor1	chr1	81593274	81593528	SINE/MIR	796	+	127	81593401	77940
chr1	81515461	81715461	harbor1	chr1	81611247	81611430	SINE/MIR	412	+	92	81611339	95878
chr1	81515461	81715461	harbor1	chr1	81613059	81613299	SINE/MIR	822	+	120	81613179	97718
chr1	240926295	241126295	harbor1	chr1	240943222	240943468	SINE/MIR	558	+	123	240943345	17050
chr1	117182262	117382262	harbor1	chr1	117254798	117255039	SINE/MIR	855	+	120	117254918	72656
chr1	117182262	117382262	harbor1	chr1	117270889	117271109	SINE/MIR	722	+	110	117270999	88737
chr1	72806385	73006385	harbor1	chr1	72874784	72874989	SINE/MIR	600	+	102	72874886	68501
chr1	147316360	147516360	harbor1	chr1	147339468	147339575	SINE/MIR	460	+	54	147339522	23162
chr1	147316360	147516360	harbor1	chr1	147379877	147380014	SINE/MIR	830	+	68	147379945	63585
chr1	147316360	147516360	harbor1	chr1	147381464	147381531	SINE/MIR	830	+	34	147381498	65138
chr1	147316360	147516360	harbor1	chr1	147381746	147381815	SINE/MIR	830	+	34	147381780	65420
chr1	147316360	147516360	harbor1	chr1	147415392	147415583	SINE/MIR	517	+	96	147415488	99128
chr1	178927347	179127347	harbor1	chr1	178945091	178945323	SINE/MIR	600	+	116	178945207	17860
chr1	178927347	179127347	harbor1	chr1	178956833	178957069	SINE/MIR	556	+	118	178956951	29604
chr1	178927347	179127347	harbor1	chr1	178961670	178961843	SINE/MIR	655	+	86	178961756	34409
chr1	178927347	179127347	harbor1	chr1	178966683	178966848	SINE/MIR	798	+	82	178966765	39418
chr1	6054318	6254318	harbor1	chr1	6058382	6058519	SINE/MIR	462	+	68	6058450	4132
chr1	6054318	6254318	harbor1	chr1	6094614	6094844	SINE/MIR	435	+	115	6094729	40411
chr1	6054318	6254318	harbor1	chr1	6145670	6145824	SINE/MIR	465	+	77	6145747	91429
chr1	6054318	6254318	harbor1	chr1	6148364	6148584	SINE/MIR	426	+	110	6148474	94156
chr1	209716267	209916267	harbor1	chr1	209776219	209776374	SINE/MIR	798	+	78	209776297	60030
chr1	209716267	209916267	harbor1	chr1	209799295	209799453	SINE/MIR	650	+	79	209799374	83107
chr1	209716267	209916267	harbor1	chr1	209807128	209807377	SINE/MIR	697	+	124	209807252	90985
chr1	205897915	206097915	harbor1	chr1	205925659	205925843	SINE/MIR	566	+	92	205925751	27836
chr1	205897915	206097915	harbor1	chr1	205926940	205927169	SINE/MIR	777	+	114	205927054	29139
chr1	205897915	206097915	harbor1	chr1	205936915	205937114	SINE/MIR	557	+	100	205937015	39100
chr1	205897915	206097915	harbor1	chr1	205937458	205937603	SINE/MIR	418	+	72	205937530	39615
chr1	205897915	206097915	harbor1	chr1	205950638	205950850	SINE/MIR	584	+	106	205950744	52829
chr1	205897915	206097915	harbor1	chr1	205968589	205968821	SINE/MIR	994	+	116	205968705	70790
chr1	89111345	89311345	harbor1	chr1	89160421	89160656	SINE/MIR	988	+	118	89160539	49194
chr1	69341619	69541619	harbor1	chr1	69412303	69412514	SINE/MIR	427	+	106	69412409	70790
chr1	69341619	69541619	harbor1	chr1	69436524	69436747	SINE/MIR	432	+	112	69436636	95017
chr1	160416622	160616622	harbor1	chr1	160437608	160437846	SINE/MIR	745	+	119	160437727	21105
chr1	160416622	160616622	harbor1	chr1	160463908	160464054	SINE/MIR	602	+	73	160463981	47359
chr1	160416622	160616622	harbor1	chr1	160492354	160492545	SINE/MIR	613	+	96	160492450	75828
chr1	11670734	11870734	harbor1	chr1	11685499	11685675	SINE/MIR	423	+	88	11685587	14853
chr1	11670734	11870734	harbor1	chr1	11685974	11686017	SINE/MIR	423	+	22	11685996	15262
chr1	11670734	11870734	harbor1	chr1	11705616	11705776	SINE/MIR	483	+	80	11705696	34962
chr1	11670734	11870734	harbor1	chr1	11707364	11707554	SINE/MIR	522	+	95	11707459	36725
chr1	11670734	11870734	harbor1	chr1	11708307	11708329	SINE/MIR	665	+	11	11708318	37584
chr1	11670734	11870734	harbor1	chr1	11708585	11708789	SINE/MIR	665	+	102	11708687	37953
chr1	11670734	11870734	harbor1	chr1	11723425	11723586	SINE/MIR	698	+	80	11723505	52771
chr1	11670734	11870734	harbor1	chr1	11723893	11723962	SINE/MIR	698	+	34	11723927	53193
chr1	11670734	11870734	harbor1	chr1	11732109	11732287	SINE/MIR	448	+	89	11732198	61464
chr1	11670734	11870734	harbor1	chr1	11732603	11732644	SINE/MIR	448	+	20	11732623	61889
chr1	11670734	11870734	harbor1	chr1	11733551	11733570	SINE/MIR	448	+	10	11733561	62827
chr1	11670734	11870734	harbor1	chr1	11739051	11739214	SINE/MIR	521	+	82	11739133	68399
chr1	11670734	11870734	harbor1	chr1	11741584	11741806	SINE/MIR	1010	+	111	11741695	70961
chr1	11670734	11870734	harbor1	chr1	11742141	11742359	SINE/MIR	672	+	109	11742250	71516
chr1	11670734	11870734	harbor1	chr1	11745896	11746094	SINE/MIR	419	+	99	11745995	75261
chr1	11670734	11870734	harbor1	chr1	11746564	11746809	SINE/MIR	905	+	122	11746686	75952
chr1	11670734	11870734	harbor1	chr1	11749725	11749929	SINE/MIR	776	+	102	11749827	79093
chr1	11670734	11870734	harbor1	chr1	11754596	11754797	SINE/MIR	592	+	100	11754696	83962
chr1	11670734	11870734	harbor1	chr1	11768394	11768654	SINE/MIR	1006	+	130	11768524	97790
chr1	242162182	242362182	harbor1	chr1	242218718	242218966	SINE/MIR	576	+	124	242218842	56660
chr1	242162182	242362182	harbor1	chr1	242234901	242235101	SINE/MIR	519	+	100	242235001	72819
chr1	242162182	242362182	harbor1	chr1	242242588	242242735	SINE/MIR	482	+	74	242242662	80480
chr1	44843895	45043895	harbor1	chr1	44893505	44893648	SINE/MIR	435	+	72	44893577	49682
chr1	44843895	45043895	harbor1	chr1	44928878	44929090	SINE/MIR	1029	+	106	44928984	85089
chr1	179014859	179214859	harbor1	chr1	179097295	179097477	SINE/MIR	520	+	91	179097386	82527
chr1	179014859	179214859	harbor1	chr1	179103764	179103932	SINE/MIR	435	+	84	179103848	88989
chr1	242712184	242912184	harbor1	chr1	242712147	242712335	SINE/MIR	478	+	94	242712241	57
chr1	242712184	242912184	harbor1	chr1	242745530	242745689	SINE/MIR	429	+	80	242745610	33426
chr1	242712184	242912184	harbor1	chr1	242745986	242746062	SINE/MIR	429	+	38	242746024	33840
chr1	242712184	242912184	harbor1	chr1	242760916	242761067	SINE/MIR	580	+	76	242760992	48808
chr1	12486851	12686851	harbor1	chr1	12540773	12540940	SINE/MIR	481	+	84	12540857	54006
chr1	12486851	12686851	harbor1	chr1	12574860	12574999	SINE/MIR	648	+	70	12574930	88079
chr1	6013367	6213367	harbor1	chr1	6013925	6014153	SINE/MIR	455	+	114	6014039	672
chr1	6013367	6213367	harbor1	chr1	6024798	6024942	SINE/MIR	437	+	72	6024870	11503
chr1	6013367	6213367	harbor1	chr1	6058382	6058519	SINE/MIR	462	+	68	6058450	45083
chr1	6013367	6213367	harbor1	chr1	6094614	6094844	SINE/MIR	435	+	115	6094729	81362
chr1	5725143	5925143	harbor1	chr1	5747922	5748140	SINE/MIR	613	+	109	5748031	22888
chr1	5725143	5925143	harbor1	chr1	5754970	5755187	SINE/MIR	633	+	108	5755078	29935
chr1	5725143	5925143	harbor1	chr1	5765180	5765361	SINE/MIR	432	+	90	5765270	40127
chr1	5725143	5925143	harbor1	chr1	5771871	5772130	SINE/MIR	833	+	130	5772001	46858
chr1	5725143	5925143	harbor1	chr1	5802388	5802633	SINE/MIR	963	+	122	5802510	77367
chr1	5725143	5925143	harbor1	chr1	5813020	5813244	SINE/MIR	584	+	112	5813132	87989
chr1	82454501	82654501	harbor1	chr1	82469005	82469249	SINE/MIR	832	+	122	82469127	14626
chr1	82454501	82654501	harbor1	chr1	82483429	82483620	SINE/MIR	583	+	96	82483525	29024
chr1	44151458	44351458	harbor1	chr1	44227771	44227959	SINE/MIR	555	+	94	44227865	76407
chr1	44151458	44351458	harbor1	chr1	44240479	44240702	SINE/MIR	471	+	112	44240591	89133
chr1	44151458	44351458	harbor1	chr1	44243882	44244072	SINE/MIR	809	+	95	44243977	92519
chr1	7734383	7934383	harbor1	chr1	7763019	7763202	SINE/MIR	550	+	92	7763111	28728
chr1	7734383	7934383	harbor1	chr1	7778717	7778913	SINE/MIR	657	+	98	7778815	44432
chr1	7734383	7934383	harbor1	chr1	7779225	7779254	SINE/MIR	657	+	14	7779239	44856
chr1	7734383	7934383	harbor1	chr1	7828625	7828802	SINE/MIR	477	+	88	7828713	94330
chr1	33597795	33797795	harbor1	chr1	33603011	33603202	SINE/MIR	603	+	96	33603107	5312
chr1	33597795	33797795	harbor1	chr1	33605522	33605741	SINE/MIR	461	+	110	33605632	7837
chr1	33597795	33797795	harbor1	chr1	33615488	33615684	SINE/MIR	487	+	98	33615586	17791
chr1	33597795	33797795	harbor1	chr1	33652041	33652183	SINE/MIR	505	+	71	33652112	54317
chr1	33597795	33797795	harbor1	chr1	33653080	33653234	SINE/MIR	449	+	77	33653157	55362
chr1	33597795	33797795	harbor1	chr1	33655199	33655339	SINE/MIR	564	+	70	33655269	57474
chr1	33597795	33797795	harbor1	chr1	33656652	33656910	SINE/MIR	688	+	129	33656781	58986
chr1	40991263	41191263	harbor1	chr1	40998082	40998116	SINE/MIR	921	+	17	40998099	6836
chr1	40991263	41191263	harbor1	chr1	40998423	40998630	SINE/MIR	921	+	104	40998527	7264
chr1	40991263	41191263	harbor1	chr1	41003502	41003731	SINE/MIR	659	+	114	41003616	12353
chr1	40991263	41191263	harbor1	chr1	41038844	41039030	SINE/MIR	568	+	93	41038937	47674
chr1	40991263	41191263	harbor1	chr1	41074247	41074483	SINE/MIR	620	+	118	41074365	83102
chr1	177458807	177658807	harbor1	chr1	177464526	177464715	SINE/MIR	626	+	94	177464620	5813
chr1	177458807	177658807	harbor1	chr1	177475817	177476039	SINE/MIR	460	+	111	177475928	17121
chr1	177458807	177658807	harbor1	chr1	177514796	177514917	SINE/MIR	420	+	60	177514856	56049
chr1	246719106	246919106	harbor1	chr1	246765694	246765903	SINE/MIR	647	+	104	246765798	46692
chr1	246719106	246919106	harbor1	chr1	246807996	246808199	SINE/MIR	493	+	102	246808098	88992
chr1	246719106	246919106	harbor1	chr1	246811677	246811866	SINE/MIR	432	+	94	246811771	92665
chr1	46107497	46307497	harbor1	chr1	46123648	46123860	SINE/MIR	533	+	106	46123754	16257
chr1	46107497	46307497	harbor1	chr1	46169176	46169375	SINE/MIR	498	+	100	46169276	61779
chr1	46107497	46307497	harbor1	chr1	46178719	46178933	SINE/MIR	789	+	107	46178826	71329
chr1	201915938	202115938	harbor1	chr1	201925258	201925368	SINE/MIR	507	+	55	201925313	9375
chr1	201915938	202115938	harbor1	chr1	201948432	201948691	SINE/MIR	486	+	130	201948562	32624
chr1	201915938	202115938	harbor1	chr1	201950408	201950546	SINE/MIR	555	+	69	201950477	34539
chr1	201915938	202115938	harbor1	chr1	201964247	201964375	SINE/MIR	449	+	64	201964311	48373
chr1	201915938	202115938	harbor1	chr1	202009426	202009649	SINE/MIR	592	+	112	202009538	93600
chr1	25890385	26090385	harbor1	chr1	25890923	25891050	SINE/MIR	638	+	64	25890987	602
chr1	25890385	26090385	harbor1	chr1	25891348	25891405	SINE/MIR	638	+	28	25891376	991
chr1	25890385	26090385	harbor1	chr1	25896114	25896286	SINE/MIR	471	+	86	25896200	5815
chr1	25890385	26090385	harbor1	chr1	25903287	25903426	SINE/MIR	419	+	70	25903357	12972
chr1	25890385	26090385	harbor1	chr1	25914775	25914961	SINE/MIR	723	+	93	25914868	24483
chr1	25890385	26090385	harbor1	chr1	25928658	25928806	SINE/MIR	497	+	74	25928732	38347
chr1	25890385	26090385	harbor1	chr1	25944884	25945028	SINE/MIR	477	+	72	25944956	54571
chr1	25890385	26090385	harbor1	chr1	25946118	25946263	SINE/MIR	431	+	72	25946190	55805
chr1	25890385	26090385	harbor1	chr1	25952406	25952621	SINE/MIR	712	+	108	25952514	62129
chr1	25890385	26090385	harbor1	chr1	25957219	25957397	SINE/MIR	475	+	89	25957308	66923
chr1	25890385	26090385	harbor1	chr1	25969433	25969674	SINE/MIR	535	+	120	25969553	79168
chr1	25890385	26090385	harbor1	chr1	25980132	25980281	SINE/MIR	464	+	74	25980206	89821
chr1	25890385	26090385	harbor1	chr1	25984214	25984450	SINE/MIR	727	+	118	25984332	93947
chr1	25890385	26090385	harbor1	chr1	25984819	25984841	SINE/MIR	479	+	11	25984830	94445
chr1	25890385	26090385	harbor1	chr1	25985157	25985301	SINE/MIR	479	+	72	25985229	94844
chr1	88560581	88760581	harbor1	chr1	88567695	88567897	SINE/MIR	620	+	101	88567796	7215
chr1	88560581	88760581	harbor1	chr1	88660369	88660502	SINE/MIR	445	+	66	88660435	99854
chr1	165274943	165474943	harbor1	chr1	165274809	165274959	SINE/MIR	676	+	75	165274884	59
chr1	165274943	165474943	harbor1	chr1	165284068	165284284	SINE/MIR	480	+	108	165284176	9233
chr1	165274943	165474943	harbor1	chr1	165293393	165293500	SINE/MIR	448	+	54	165293447	18504
chr1	165274943	165474943	harbor1	chr1	165297790	165297972	SINE/MIR	432	+	91	165297881	22938
chr1	165274943	165474943	harbor1	chr1	165304112	165304228	SINE/MIR	565	+	58	165304170	29227
chr1	165274943	165474943	harbor1	chr1	165332922	165333083	SINE/MIR	440	+	80	165333002	58059
chr1	165274943	165474943	harbor1	chr1	165342851	165343090	SINE/MIR	717	+	120	165342971	68028
chr1	165274943	165474943	harbor1	chr1	165361897	165362144	SINE/MIR	693	+	124	165362021	87078
chr1	199209208	199409208	harbor1	chr1	199262612	199262774	SINE/MIR	484	+	81	199262693	53485
chr1	199209208	199409208	harbor1	chr1	199263013	199263293	SINE/MIR	698	+	140	199263153	53945
chr1	199209208	199409208	harbor1	chr1	199266254	199266489	SINE/MIR	549	+	118	199266372	57164
chr1	199209208	199409208	harbor1	chr1	199308404	199308587	SINE/MIR	550	+	92	199308496	99288
chr1	38673487	38873487	harbor1	chr1	38677913	38678076	SINE/MIR	459	+	82	38677995	4508
chr1	38673487	38873487	harbor1	chr1	38678731	38678930	SINE/MIR	765	+	100	38678831	5344
chr1	38673487	38873487	harbor1	chr1	38701922	38702119	SINE/MIR	652	+	98	38702020	28533
chr1	38673487	38873487	harbor1	chr1	38716772	38716959	SINE/MIR	542	+	94	38716866	43379
chr1	38673487	38873487	harbor1	chr1	38719156	38719358	SINE/MIR	424	+	101	38719257	45770
chr1	38673487	38873487	harbor1	chr1	38726683	38726905	SINE/MIR	781	+	111	38726794	53307
chr1	38673487	38873487	harbor1	chr1	38728637	38728836	SINE/MIR	552	+	100	38728737	55250
chr1	38673487	38873487	harbor1	chr1	38741595	38741751	SINE/MIR	563	+	78	38741673	68186
chr1	38673487	38873487	harbor1	chr1	38742054	38742164	SINE/MIR	563	+	55	38742109	68622
chr1	38673487	38873487	harbor1	chr1	38750838	38750953	SINE/MIR	412	+	58	38750896	77409
chr1	38673487	38873487	harbor1	chr1	38752887	38753091	SINE/MIR	681	+	102	38752989	79502
chr1	38673487	38873487	harbor1	chr1	38773026	38773175	SINE/MIR	437	+	74	38773100	99613
chr1	38673487	38873487	harbor1	chr1	38773220	38773470	SINE/MIR	938	+	125	38773345	99858
chr1	216396949	216596949	harbor1	chr1	216430084	216430105	SINE/MIR	624	+	10	216430094	33145
chr1	216396949	216596949	harbor1	chr1	216430411	216430575	SINE/MIR	624	+	82	216430493	33544
chr1	216396949	216596949	harbor1	chr1	216456255	216456464	SINE/MIR	703	+	104	216456359	59410
chr1	216396949	216596949	harbor1	chr1	216457604	216457728	SINE/MIR	438	+	62	216457666	60717
chr1	216396949	216596949	harbor1	chr1	216464683	216464895	SINE/MIR	659	+	106	216464789	67840
chr1	216396949	216596949	harbor1	chr1	216474020	216474263	SINE/MIR	599	+	122	216474142	77193
chr1	165907007	166107007	harbor1	chr1	165915735	165915959	SINE/MIR	488	+	112	165915847	8840
chr1	165907007	166107007	harbor1	chr1	165925272	165925484	SINE/MIR	417	+	106	165925378	18371
chr1	165907007	166107007	harbor1	chr1	165930344	165930529	SINE/MIR	725	+	92	165930436	23429
chr1	165907007	166107007	harbor1	chr1	165932233	165932350	SINE/MIR	506	+	58	165932291	25284
chr1	165907007	166107007	harbor1	chr1	165934428	165934552	SINE/MIR	453	+	62	165934490	27483
chr1	165907007	166107007	harbor1	chr1	165954703	165954909	SINE/MIR	584	+	103	165954806	47799
chr1	165907007	166107007	harbor1	chr1	165955475	165955637	SINE/MIR	451	+	81	165955556	48549
chr1	165907007	166107007	harbor1	chr1	165959051	165959253	SINE/MIR	571	+	101	165959152	52145
chr1	165907007	166107007	harbor1	chr1	165959714	165959855	SINE/MIR	413	+	70	165959784	52777
chr1	165907007	166107007	harbor1	chr1	165992188	165992421	SINE/MIR	790	+	116	165992304	85297
chr1	165907007	166107007	harbor1	chr1	166000794	166001035	SINE/MIR	582	+	120	166000914	93907
chr1	19764369	19964369	harbor1	chr1	19764214	19764453	SINE/MIR	701	+	120	19764334	35
chr1	19764369	19964369	harbor1	chr1	19767172	19767347	SINE/MIR	572	+	88	19767260	2891
chr1	19764369	19964369	harbor1	chr1	19770920	19771148	SINE/MIR	1055	+	114	19771034	6665
chr1	19764369	19964369	harbor1	chr1	19773645	19773802	SINE/MIR	555	+	78	19773723	9354
chr1	19764369	19964369	harbor1	chr1	19773862	19774086	SINE/MIR	527	+	112	19773974	9605
chr1	19764369	19964369	harbor1	chr1	19774302	19774516	SINE/MIR	906	+	107	19774409	10040
chr1	19764369	19964369	harbor1	chr1	19782791	19783037	SINE/MIR	666	+	123	19782914	18545
chr1	19764369	19964369	harbor1	chr1	19799099	19799206	SINE/MIR	461	+	54	19799153	34784
chr1	19764369	19964369	harbor1	chr1	19810715	19810949	SINE/MIR	660	+	117	19810832	46463
chr1	19764369	19964369	harbor1	chr1	19812633	19812877	SINE/MIR	713	+	122	19812755	48386
chr1	19764369	19964369	harbor1	chr1	19820275	19820407	SINE/MIR	431	+	66	19820341	55972
chr1	19764369	19964369	harbor1	chr1	19853493	19853663	SINE/MIR	412	+	85	19853578	89209
chr1	19764369	19964369	harbor1	chr1	19858392	19858586	SINE/MIR	523	+	97	19858489	94120
chr1	19764369	19964369	harbor1	chr1	19860826	19860998	SINE/MIR	499	+	86	19860912	96543
chr1	19764369	19964369	harbor1	chr1	19861642	19861854	SINE/MIR	829	+	106	19861748	97379
chr1	185302696	185502696	harbor1	chr1	185351602	185351819	SINE/MIR	632	+	108	185351710	49014
chr1	185302696	185502696	harbor1	chr1	185391924	185392076	SINE/MIR	418	+	76	185392000	89304
chr1	185302696	185502696	harbor1	chr1	185392409	185392582	SINE/MIR	569	+	86	185392495	89799
chr1	185302696	185502696	harbor1	chr1	185398758	185398968	SINE/MIR	825	+	105	185398863	96167
chr1	90126780	90326780	harbor1	chr1	90133760	90133938	SINE/MIR	441	+	89	90133849	7069
chr1	90126780	90326780	harbor1	chr1	90147442	90147663	SINE/MIR	638	+	110	90147552	20772
chr1	90126780	90326780	harbor1	chr1	90163325	90163488	SINE/MIR	671	+	82	90163407	36627
chr1	90126780	90326780	harbor1	chr1	90175397	90175620	SINE/MIR	745	+	112	90175509	48729
chr1	90126780	90326780	harbor1	chr1	90182878	90183070	SINE/MIR	636	+	96	90182974	56194
chr1	90126780	90326780	harbor1	chr1	90206053	90206271	SINE/MIR	781	+	109	90206162	79382
chr1	108874438	109074438	harbor1	chr1	108891342	108891493	SINE/MIR	546	+	76	108891418	16980
chr1	108874438	109074438	harbor1	chr1	108891805	108891876	SINE/MIR	546	+	36	108891841	17403
chr1	108874438	109074438	harbor1	chr1	108899095	108899219	SINE/MIR	493	+	62	108899157	24719
chr1	108874438	109074438	harbor1	chr1	108903513	108903753	SINE/MIR	841	+	120	108903633	29195
chr1	115023293	115223293	harbor1	chr1	115081542	115081737	SINE/MIR	616	+	98	115081640	58347
chr1	115023293	115223293	harbor1	chr1	115082320	115082540	SINE/MIR	658	+	110	115082430	59137
chr1	115023293	115223293	harbor1	chr1	115082871	115083006	SINE/MIR	435	+	68	115082939	59646
chr1	115023293	115223293	harbor1	chr1	115087646	115087843	SINE/MIR	764	+	98	115087744	64451
chr1	115023293	115223293	harbor1	chr1	115090802	115090940	SINE/MIR	545	+	69	115090871	67578
chr1	243260514	243460514	harbor1	chr1	243292506	243292738	SINE/MIR	686	+	116	243292622	32108
chr1	243260514	243460514	harbor1	chr1	243309173	243309412	SINE/MIR	923	+	120	243309293	48779
chr1	243260514	243460514	harbor1	chr1	243320532	243320787	SINE/MIR	794	+	128	243320660	60146
chr1	243260514	243460514	harbor1	chr1	243325632	243325841	SINE/MIR	574	+	104	243325736	65222
chr1	243260514	243460514	harbor1	chr1	243337517	243337716	SINE/MIR	543	+	100	243337617	77103
chr1	33130703	33330703	harbor1	chr1	33137063	33137209	SINE/MIR	419	+	73	33137136	6433
chr1	33130703	33330703	harbor1	chr1	33137220	33137379	SINE/MIR	590	+	80	33137300	6597
chr1	33130703	33330703	harbor1	chr1	33145200	33145362	SINE/MIR	448	+	81	33145281	14578
chr1	33130703	33330703	harbor1	chr1	33155545	33155714	SINE/MIR	510	+	84	33155629	24926
chr1	33130703	33330703	harbor1	chr1	33158533	33158674	SINE/MIR	415	+	70	33158603	27900
chr1	33130703	33330703	harbor1	chr1	33158738	33158829	SINE/MIR	418	+	46	33158784	28081
chr1	33130703	33330703	harbor1	chr1	33159144	33159235	SINE/MIR	418	+	46	33159190	28487
chr1	33130703	33330703	harbor1	chr1	33160956	33161133	SINE/MIR	443	+	88	33161044	30341
chr1	33130703	33330703	harbor1	chr1	33162858	33163006	SINE/MIR	475	+	74	33162932	32229
chr1	33130703	33330703	harbor1	chr1	33170742	33170935	SINE/MIR	618	+	96	33170838	40135
chr1	33130703	33330703	harbor1	chr1	33174492	33174571	SINE/MIR	417	+	40	33174532	43829
chr1	33130703	33330703	harbor1	chr1	33175585	33175825	SINE/MIR	595	+	120	33175705	45002
chr1	33130703	33330703	harbor1	chr1	33176722	33176931	SINE/MIR	832	+	104	33176826	46123
chr1	33130703	33330703	harbor1	chr1	33178983	33179146	SINE/MIR	462	+	82	33179065	48362
chr1	33130703	33330703	harbor1	chr1	33194230	33194253	SINE/MIR	448	+	12	33194242	63539
chr1	33130703	33330703	harbor1	chr1	33194554	33194785	SINE/MIR	448	+	116	33194670	63967
chr1	33130703	33330703	harbor1	chr1	33230140	33230299	SINE/MIR	480	+	80	33230220	99517
chr1	156942486	157142486	harbor1	chr1	156951799	156951989	SINE/MIR	627	+	95	156951894	9408
chr1	156942486	157142486	harbor1	chr1	156972322	156972538	SINE/MIR	751	+	108	156972430	29944
chr1	156942486	157142486	harbor1	chr1	156985144	156985358	SINE/MIR	665	+	107	156985251	42765
chr1	156942486	157142486	harbor1	chr1	156994697	156994878	SINE/MIR	568	+	90	156994787	52301
chr1	156942486	157142486	harbor1	chr1	156996528	156996539	SINE/MIR	587	+	6	156996534	54048
chr1	156942486	157142486	harbor1	chr1	156996795	156996859	SINE/MIR	587	+	32	156996827	54341
chr1	156942486	157142486	harbor1	chr1	156997169	156997316	SINE/MIR	587	+	74	156997243	54757
chr1	156942486	157142486	harbor1	chr1	156998402	156998629	SINE/MIR	620	+	114	156998516	56030
chr1	156942486	157142486	harbor1	chr1	157002814	157003078	SINE/MIR	673	+	132	157002946	60460
chr1	156942486	157142486	harbor1	chr1	157003761	157003951	SINE/MIR	535	+	95	157003856	61370
chr1	156942486	157142486	harbor1	chr1	157015220	157015422	SINE/MIR	845	+	101	157015321	72835
chr1	66637003	66837003	harbor1	chr1	66648773	66648953	SINE/MIR	434	+	90	66648863	11860
chr1	66637003	66837003	harbor1	chr1	66649876	66650025	SINE/MIR	440	+	74	66649950	12947
chr1	66637003	66837003	harbor1	chr1	66650901	66651147	SINE/MIR	693	+	123	66651024	14021
chr1	66637003	66837003	harbor1	chr1	66687636	66687772	SINE/MIR	474	+	68	66687704	50701
chr1	66637003	66837003	harbor1	chr1	66702350	66702521	SINE/MIR	511	+	86	66702436	65433
chr1	66637003	66837003	harbor1	chr1	66703908	66704096	SINE/MIR	520	+	94	66704002	66999
chr1	66637003	66837003	harbor1	chr1	66708100	66708309	SINE/MIR	481	+	104	66708204	71201
chr1	66637003	66837003	harbor1	chr1	66709389	66709598	SINE/MIR	756	+	104	66709493	72490
chr1	66637003	66837003	harbor1	chr1	66709709	66709842	SINE/MIR	536	+	66	66709775	72772
chr1	66637003	66837003	harbor1	chr1	66712044	66712219	SINE/MIR	415	+	88	66712132	75129
chr1	66637003	66837003	harbor1	chr1	66713058	66713329	SINE/MIR	527	+	136	66713194	76191
chr1	66637003	66837003	harbor1	chr1	66718412	66718636	SINE/MIR	921	+	112	66718524	81521
chr1	247863749	248063749	harbor1	chr1	247895305	247895545	SINE/MIR	571	+	120	247895425	31676
chr1	89888525	90088525	harbor1	chr1	89901262	89901431	SINE/MIR	488	+	84	89901346	12821
chr1	89888525	90088525	harbor1	chr1	89910616	89910800	SINE/MIR	608	+	92	89910708	22183
chr1	89888525	90088525	harbor1	chr1	89926575	89926800	SINE/MIR	435	+	112	89926687	38162
chr1	89888525	90088525	harbor1	chr1	89939811	89940025	SINE/MIR	720	+	107	89939918	51393
chr1	89888525	90088525	harbor1	chr1	89944616	89944767	SINE/MIR	568	+	76	89944692	56167
chr1	89888525	90088525	harbor1	chr1	89946666	89946781	SINE/MIR	432	+	58	89946724	58199
chr1	89888525	90088525	harbor1	chr1	89974616	89974771	SINE/MIR	447	+	78	89974694	86169
chr1	165988721	166188721	harbor1	chr1	165992188	165992421	SINE/MIR	790	+	116	165992304	3583
chr1	165988721	166188721	harbor1	chr1	166000794	166001035	SINE/MIR	582	+	120	166000914	12193
chr1	165988721	166188721	harbor1	chr1	166034068	166034293	SINE/MIR	592	+	112	166034180	45459
chr1	165988721	166188721	harbor1	chr1	166065252	166065445	SINE/MIR	497	+	96	166065348	76627
chr1	165988721	166188721	harbor1	chr1	166066475	166066700	SINE/MIR	513	+	112	166066587	77866
chr1	165988721	166188721	harbor1	chr1	166077230	166077427	SINE/MIR	627	+	98	166077328	88607
chr1	165988721	166188721	harbor1	chr1	166088416	166088597	SINE/MIR	441	+	90	166088506	99785
chr1	108719431	108919431	harbor1	chr1	108729566	108729709	SINE/MIR	574	+	72	108729638	10207
chr1	108719431	108919431	harbor1	chr1	108740631	108740839	SINE/MIR	564	+	104	108740735	21304
chr1	108719431	108919431	harbor1	chr1	108744360	108744548	SINE/MIR	600	+	94	108744454	25023
chr1	108719431	108919431	harbor1	chr1	108745531	108745700	SINE/MIR	427	+	84	108745615	26184
chr1	108719431	108919431	harbor1	chr1	108752567	108752788	SINE/MIR	808	+	110	108752677	33246
chr1	108719431	108919431	harbor1	chr1	108756252	108756421	SINE/MIR	638	+	84	108756336	36905
chr1	108719431	108919431	harbor1	chr1	108774178	108774331	SINE/MIR	574	+	76	108774254	54823
chr1	108719431	108919431	harbor1	chr1	108776625	108776849	SINE/MIR	741	+	112	108776737	57306
chr1	108719431	108919431	harbor1	chr1	108778446	108778683	SINE/MIR	793	+	118	108778564	59133
chr1	75177820	75377820	harbor1	chr1	75192007	75192197	SINE/MIR	654	+	95	75192102	14282
chr1	75177820	75377820	harbor1	chr1	75251906	75252035	SINE/MIR	437	+	64	75251970	74150
chr1	75177820	75377820	harbor1	chr1	75276514	75276686	SINE/MIR	557	+	86	75276600	98780
chr1	99027199	99227199	harbor1	chr1	99027282	99027418	SINE/MIR	557	+	68	99027350	151
chr1	99027199	99227199	harbor1	chr1	99030131	99030353	SINE/MIR	691	+	111	99030242	3043
chr1	99027199	99227199	harbor1	chr1	99038628	99038883	SINE/MIR	538	+	128	99038756	11557
chr1	99027199	99227199	harbor1	chr1	99055004	99055230	SINE/MIR	671	+	113	99055117	27918
chr1	99027199	99227199	harbor1	chr1	99120268	99120427	SINE/MIR	504	+	80	99120348	93149
chr1	7395	207395	harbor1	chr1	24088	24250	SINE/MIR	413	+	81	24169	16774
chr1	7395	207395	harbor1	chr1	32841	33037	SINE/MIR	656	+	98	32939	25544
chr1	7395	207395	harbor1	chr1	70723	70955	SINE/MIR	557	+	116	70839	63444
chr1	7395	207395	harbor1	chr1	92553	92783	SINE/MIR	658	+	115	92668	85273
chr1	234961020	235161020	harbor1	chr1	234999305	234999414	SINE/MIR	461	+	54	234999359	38339
chr1	234961020	235161020	harbor1	chr1	235043470	235043684	SINE/MIR	681	+	107	235043577	82557
chr1	234961020	235161020	harbor1	chr1	235043971	235043981	SINE/MIR	681	+	5	235043976	82956
chr1	234961020	235161020	harbor1	chr1	235054409	235054615	SINE/MIR	524	+	103	235054512	93492
chr1	30654731	30854731	harbor1	chr1	30660388	30660631	SINE/MIR	657	+	122	30660510	5779
chr1	30654731	30854731	harbor1	chr1	30660774	30660990	SINE/MIR	806	+	108	30660882	6151
chr1	30654731	30854731	harbor1	chr1	30665571	30665756	SINE/MIR	452	+	92	30665663	10932
chr1	30654731	30854731	harbor1	chr1	30682066	30682290	SINE/MIR	424	+	112	30682178	27447
chr1	30654731	30854731	harbor1	chr1	30684788	30685025	SINE/MIR	525	+	118	30684906	30175
chr1	30654731	30854731	harbor1	chr1	30693408	30693613	SINE/MIR	466	+	102	30693510	38779
chr1	30654731	30854731	harbor1	chr1	30709239	30709503	SINE/MIR	777	+	132	30709371	54640
chr1	30654731	30854731	harbor1	chr1	30714804	30714999	SINE/MIR	443	+	98	30714902	60171
chr1	30654731	30854731	harbor1	chr1	30722454	30722606	SINE/MIR	520	+	76	30722530	67799
chr1	30654731	30854731	harbor1	chr1	30724226	30724406	SINE/MIR	735	+	90	30724316	69585
chr1	30654731	30854731	harbor1	chr1	30724757	30724933	SINE/MIR	567	+	88	30724845	70114
chr1	30654731	30854731	harbor1	chr1	30726920	30727094	SINE/MIR	437	+	87	30727007	72276
chr1	30654731	30854731	harbor1	chr1	30742677	30742890	SINE/MIR	840	+	106	30742783	88052
chr1	30654731	30854731	harbor1	chr1	30743878	30744098	SINE/MIR	540	+	110	30743988	89257
chr1	30654731	30854731	harbor1	chr1	30746681	30746890	SINE/MIR	565	+	104	30746785	92054
chr1	30654731	30854731	harbor1	chr1	30748814	30748983	SINE/MIR	448	+	84	30748898	94167
chr1	231241357	231441357	harbor1	chr1	231280787	231280995	SINE/MIR	765	+	104	231280891	39534
chr1	231241357	231441357	harbor1	chr1	231281388	231281427	SINE/MIR	765	+	20	231281408	40051
chr1	231241357	231441357	harbor1	chr1	231327300	231327412	SINE/MIR	828	+	56	231327356	85999
chr1	231241357	231441357	harbor1	chr1	231327716	231327840	SINE/MIR	828	+	62	231327778	86421
chr1	87886192	88086192	harbor1	chr1	87893894	87894100	SINE/MIR	582	+	103	87893997	7805
chr1	87886192	88086192	harbor1	chr1	87910406	87910585	SINE/MIR	828	+	90	87910496	24304
chr1	87886192	88086192	harbor1	chr1	87919890	87920121	SINE/MIR	764	+	116	87920006	33814
chr1	87886192	88086192	harbor1	chr1	87926587	87926825	SINE/MIR	463	+	119	87926706	40514
chr1	87886192	88086192	harbor1	chr1	87962114	87962355	SINE/MIR	550	+	120	87962234	76042
chr1	87886192	88086192	harbor1	chr1	87966386	87966543	SINE/MIR	539	+	78	87966464	80272
chr1	87886192	88086192	harbor1	chr1	87967285	87967450	SINE/MIR	567	+	82	87967367	81175
chr1	87886192	88086192	harbor1	chr1	87967641	87967705	SINE/MIR	567	+	32	87967673	81481
chr1	87886192	88086192	harbor1	chr1	87969284	87969486	SINE/MIR	792	+	101	87969385	83193
chr1	87886192	88086192	harbor1	chr1	87976539	87976755	SINE/MIR	726	+	108	87976647	90455
chr1	18061130	18261130	harbor1	chr1	18071141	18071365	SINE/MIR	831	+	112	18071253	10123
chr1	18061130	18261130	harbor1	chr1	18076665	18076821	SINE/MIR	543	+	78	18076743	15613
chr1	18061130	18261130	harbor1	chr1	18076883	18077117	SINE/MIR	482	+	117	18077000	15870
chr1	18061130	18261130	harbor1	chr1	18077513	18077733	SINE/MIR	455	+	110	18077623	16493
chr1	18061130	18261130	harbor1	chr1	18082073	18082254	SINE/MIR	418	+	90	18082163	21033
chr1	18061130	18261130	harbor1	chr1	18086933	18087013	SINE/MIR	711	+	40	18086973	25843
chr1	18061130	18261130	harbor1	chr1	18087391	18087554	SINE/MIR	711	+	82	18087473	26343
chr1	18061130	18261130	harbor1	chr1	18090098	18090285	SINE/MIR	641	+	94	18090192	29062
chr1	18061130	18261130	harbor1	chr1	18095849	18096043	SINE/MIR	456	+	97	18095946	34816
chr1	18061130	18261130	harbor1	chr1	18102381	18102599	SINE/MIR	512	+	109	18102490	41360
chr1	18061130	18261130	harbor1	chr1	18104338	18104579	SINE/MIR	664	+	120	18104458	43328
chr1	18061130	18261130	harbor1	chr1	18127468	18127620	SINE/MIR	421	+	76	18127544	66414
chr1	18061130	18261130	harbor1	chr1	18139579	18139727	SINE/MIR	491	+	74	18139653	78523
chr1	18061130	18261130	harbor1	chr1	18140457	18140519	SINE/MIR	491	+	31	18140488	79358
chr1	18061130	18261130	harbor1	chr1	18141561	18141779	SINE/MIR	565	+	109	18141670	80540
chr1	18061130	18261130	harbor1	chr1	18152439	18152605	SINE/MIR	467	+	83	18152522	91392
chr1	18061130	18261130	harbor1	chr1	18152834	18152992	SINE/MIR	462	+	79	18152913	91783
chr1	54878262	55078262	harbor1	chr1	54885437	54885608	SINE/MIR	437	+	86	54885523	7261
chr1	54878262	55078262	harbor1	chr1	54919767	54920017	SINE/MIR	737	+	125	54919892	41630
chr1	54878262	55078262	harbor1	chr1	54920687	54920882	SINE/MIR	468	+	98	54920785	42523
chr1	54878262	55078262	harbor1	chr1	54928411	54928647	SINE/MIR	660	+	118	54928529	50267
chr1	54878262	55078262	harbor1	chr1	54946328	54946491	SINE/MIR	421	+	82	54946410	68148
chr1	54878262	55078262	harbor1	chr1	54953414	54953640	SINE/MIR	794	+	113	54953527	75265
chr1	54878262	55078262	harbor1	chr1	54965133	54965290	SINE/MIR	544	+	78	54965211	86949
chr1	54878262	55078262	harbor1	chr1	54974090	54974218	SINE/MIR	488	+	64	54974154	95892
chr1	54878262	55078262	harbor1	chr1	54974795	54974898	SINE/MIR	488	+	52	54974847	96585
chr1	213119578	213319578	harbor1	chr1	213168910	213169065	SINE/MIR	489	+	78	213168988	49410
chr1	189641690	189841690	harbor1	chr1	189671890	189672070	SINE/MIR	465	+	90	189671980	30290
chr1	189641690	189841690	harbor1	chr1	189690153	189690349	SINE/MIR	443	+	98	189690251	48561
chr1	89763762	89963762	harbor1	chr1	89787866	89787977	SINE/MIR	496	+	56	89787922	24160
chr1	89763762	89963762	harbor1	chr1	89788622	89788850	SINE/MIR	493	+	114	89788736	24974
chr1	89763762	89963762	harbor1	chr1	89817209	89817411	SINE/MIR	488	+	101	89817310	53548
chr1	89763762	89963762	harbor1	chr1	89835610	89835792	SINE/MIR	673	+	91	89835701	71939
chr1	89763762	89963762	harbor1	chr1	89837488	89837681	SINE/MIR	830	+	96	89837584	73822
chr1	89763762	89963762	harbor1	chr1	89861187	89861365	SINE/MIR	465	+	89	89861276	97514
chr1	89763762	89963762	harbor1	chr1	89863079	89863283	SINE/MIR	874	+	102	89863181	99419
chr1	108896613	109096613	harbor1	chr1	108899095	108899219	SINE/MIR	493	+	62	108899157	2544
chr1	108896613	109096613	harbor1	chr1	108903513	108903753	SINE/MIR	841	+	120	108903633	7020
chr1	100186916	100386916	harbor1	chr1	100213032	100213200	SINE/MIR	604	+	84	100213116	26200
chr1	100186916	100386916	harbor1	chr1	100217869	100218023	SINE/MIR	494	+	77	100217946	31030
chr1	100186916	100386916	harbor1	chr1	100222459	100222646	SINE/MIR	591	+	94	100222553	35637
chr1	100186916	100386916	harbor1	chr1	100263418	100263604	SINE/MIR	512	+	93	100263511	76595
chr1	88961134	89161134	harbor1	chr1	88985524	88985744	SINE/MIR	480	+	110	88985634	24500
chr1	88961134	89161134	harbor1	chr1	88995129	88995302	SINE/MIR	842	+	86	88995215	34081
chr1	186223348	186423348	harbor1	chr1	186229441	186229670	SINE/MIR	455	+	114	186229555	6207
chr1	186223348	186423348	harbor1	chr1	186237447	186237674	SINE/MIR	665	+	114	186237561	14213
chr1	186223348	186423348	harbor1	chr1	186290727	186290912	SINE/MIR	552	+	92	186290819	67471
chr1	186223348	186423348	harbor1	chr1	186291187	186291262	SINE/MIR	552	+	38	186291225	67877
chr1	186223348	186423348	harbor1	chr1	186294710	186294904	SINE/MIR	474	+	97	186294807	71459
chr1	186223348	186423348	harbor1	chr1	186316629	186316883	SINE/MIR	814	+	127	186316756	93408
chr1	186223348	186423348	harbor1	chr1	186321420	186321634	SINE/MIR	631	+	107	186321527	98179
chr1	74488833	74688833	harbor1	chr1	74494652	74494806	SINE/MIR	504	+	77	74494729	5896
chr1	74488833	74688833	harbor1	chr1	74521171	74521426	SINE/MIR	964	+	128	74521299	32466
chr1	74488833	74688833	harbor1	chr1	74523036	74523230	SINE/MIR	459	+	97	74523133	34300
chr1	74488833	74688833	harbor1	chr1	74526403	74526648	SINE/MIR	608	+	122	74526525	37692
chr1	74488833	74688833	harbor1	chr1	74530543	74530672	SINE/MIR	417	+	64	74530607	41774
chr1	74488833	74688833	harbor1	chr1	74533890	74534149	SINE/MIR	723	+	130	74534020	45187
chr1	74488833	74688833	harbor1	chr1	74547255	74547376	SINE/MIR	534	+	60	74547315	58482
chr1	74488833	74688833	harbor1	chr1	74547674	74547724	SINE/MIR	534	+	25	74547699	58866
chr1	74488833	74688833	harbor1	chr1	74550200	74550434	SINE/MIR	823	+	117	74550317	61484
chr1	74488833	74688833	harbor1	chr1	74562473	74562621	SINE/MIR	527	+	74	74562547	73714
chr1	74488833	74688833	harbor1	chr1	74576000	74576237	SINE/MIR	890	+	118	74576118	87285
chr1	56585265	56785265	harbor1	chr1	56598386	56598604	SINE/MIR	449	+	109	56598495	13230
chr1	56585265	56785265	harbor1	chr1	56625298	56625537	SINE/MIR	732	+	120	56625418	40153
chr1	56585265	56785265	harbor1	chr1	56652547	56652742	SINE/MIR	648	+	98	56652645	67380
chr1	56585265	56785265	harbor1	chr1	56667534	56667730	SINE/MIR	419	+	98	56667632	82367
chr1	56585265	56785265	harbor1	chr1	56671730	56671921	SINE/MIR	664	+	96	56671826	86561
chr1	44480989	44680989	harbor1	chr1	44486714	44486972	SINE/MIR	920	+	129	44486843	5854
chr1	44480989	44680989	harbor1	chr1	44506684	44506887	SINE/MIR	427	+	102	44506786	25797
chr1	44480989	44680989	harbor1	chr1	44522198	44522409	SINE/MIR	732	+	106	44522304	41315
chr1	44480989	44680989	harbor1	chr1	44544287	44544519	SINE/MIR	664	+	116	44544403	63414
chr1	44480989	44680989	harbor1	chr1	44563577	44563780	SINE/MIR	558	+	102	44563679	82690
chr1	67190858	67390858	harbor1	chr1	67214307	67214474	SINE/MIR	421	+	84	67214391	23533
chr1	67190858	67390858	harbor1	chr1	67232490	67232710	SINE/MIR	807	+	110	67232600	41742
chr1	153703110	153903110	harbor1	chr1	153744897	153745084	SINE/MIR	542	+	94	153744991	41881
chr1	153703110	153903110	harbor1	chr1	153798356	153798527	SINE/MIR	485	+	86	153798442	95332
chr1	55790704	55990704	harbor1	chr1	55791512	55791681	SINE/MIR	571	+	84	55791596	892
chr1	55790704	55990704	harbor1	chr1	55885527	55885632	SINE/MIR	430	+	52	55885579	94875
chr1	112505649	112705649	harbor1	chr1	112580964	112581181	SINE/MIR	427	+	108	112581072	75423
chr1	112505649	112705649	harbor1	chr1	112596358	112596592	SINE/MIR	739	+	117	112596475	90826
chr1	224340079	224540079	harbor1	chr1	224374357	224374409	SINE/MIR	484	+	26	224374383	34304
chr1	224340079	224540079	harbor1	chr1	224374690	224374849	SINE/MIR	484	+	80	224374770	34691
chr1	224340079	224540079	harbor1	chr1	224393173	224393332	SINE/MIR	446	+	80	224393253	53174
chr1	224340079	224540079	harbor1	chr1	224395050	224395250	SINE/MIR	597	+	100	224395150	55071
chr1	224340079	224540079	harbor1	chr1	224411040	224411248	SINE/MIR	638	+	104	224411144	71065
chr1	224340079	224540079	harbor1	chr1	224412046	224412238	SINE/MIR	426	+	96	224412142	72063
chr1	224340079	224540079	harbor1	chr1	224412270	224412548	SINE/MIR	589	+	139	224412409	72330
chr1	224340079	224540079	harbor1	chr1	224421806	224421941	SINE/MIR	514	+	68	224421874	81795
chr1	210248530	210448530	harbor1	chr1	210250319	210250514	SINE/MIR	629	+	98	210250417	1887
chr1	210248530	210448530	harbor1	chr1	210254694	210254901	SINE/MIR	618	+	104	210254798	6268
chr1	210248530	210448530	harbor1	chr1	210271061	210271127	SINE/MIR	434	+	33	210271094	22564
chr1	210248530	210448530	harbor1	chr1	210271276	210271322	SINE/MIR	434	+	23	210271299	22769
chr1	210248530	210448530	harbor1	chr1	210271445	210271507	SINE/MIR	434	+	31	210271476	22946
chr1	210248530	210448530	harbor1	chr1	210293676	210293870	SINE/MIR	561	+	97	210293773	45243
chr1	210248530	210448530	harbor1	chr1	210309835	210310006	SINE/MIR	484	+	86	210309921	61391
chr1	210248530	210448530	harbor1	chr1	210340848	210341056	SINE/MIR	769	+	104	210340952	92422
chr1	202931084	203131084	harbor1	chr1	202959459	202959690	SINE/MIR	657	+	116	202959575	28491
chr1	75750929	75950929	harbor1	chr1	75813383	75813533	SINE/MIR	527	+	75	75813458	62529
chr1	75750929	75950929	harbor1	chr1	75818368	75818592	SINE/MIR	866	+	112	75818480	67551
chr1	42260145	42460145	harbor1	chr1	42274450	42274704	SINE/MIR	783	+	127	42274577	14432
chr1	42260145	42460145	harbor1	chr1	42279955	42280174	SINE/MIR	490	+	110	42280065	19920
chr1	42260145	42460145	harbor1	chr1	42286349	42286581	SINE/MIR	1206	+	116	42286465	26320
chr1	42260145	42460145	harbor1	chr1	42289253	42289456	SINE/MIR	552	+	102	42289355	29210
chr1	42260145	42460145	harbor1	chr1	42303158	42303372	SINE/MIR	792	+	107	42303265	43120
chr1	42260145	42460145	harbor1	chr1	42311690	42311902	SINE/MIR	418	+	106	42311796	51651
chr1	42260145	42460145	harbor1	chr1	42329902	42330037	SINE/MIR	594	+	68	42329970	69825
chr1	42260145	42460145	harbor1	chr1	42330743	42330957	SINE/MIR	556	+	107	42330850	70705
chr1	42260145	42460145	harbor1	chr1	42344460	42344501	SINE/MIR	847	+	20	42344480	84335
chr1	42260145	42460145	harbor1	chr1	42344809	42344937	SINE/MIR	847	+	64	42344873	84728
chr1	42260145	42460145	harbor1	chr1	42345331	42345433	SINE/MIR	847	+	51	42345382	85237
chr1	168367675	168567675	harbor1	chr1	168375748	168375989	SINE/MIR	596	+	120	168375868	8193
chr1	168367675	168567675	harbor1	chr1	168387995	168388163	SINE/MIR	595	+	84	168388079	20404
chr1	168367675	168567675	harbor1	chr1	168396579	168396748	SINE/MIR	420	+	84	168396663	28988
chr1	168367675	168567675	harbor1	chr1	168397577	168397807	SINE/MIR	455	+	115	168397692	30017
chr1	168367675	168567675	harbor1	chr1	168397903	168398138	SINE/MIR	636	+	118	168398021	30346
chr1	168367675	168567675	harbor1	chr1	168411917	168412139	SINE/MIR	749	+	111	168412028	44353
chr1	168367675	168567675	harbor1	chr1	168448210	168448412	SINE/MIR	577	+	101	168448311	80636
chr1	168367675	168567675	harbor1	chr1	168394741	168394889	SINE/MIR	471	+	74	168394815	27140
chr1	56660058	56860058	harbor1	chr1	56667534	56667730	SINE/MIR	419	+	98	56667632	7574
chr1	56660058	56860058	harbor1	chr1	56671730	56671921	SINE/MIR	664	+	96	56671826	11768
chr1	56660058	56860058	harbor1	chr1	56759642	56759789	SINE/MIR	478	+	74	56759716	99658
chr1	65160720	65360720	harbor1	chr1	65179350	65179556	SINE/MIR	721	+	103	65179453	18733
chr1	65160720	65360720	harbor1	chr1	65179857	65179883	SINE/MIR	721	+	13	65179870	19150
chr1	65160720	65360720	harbor1	chr1	65195555	65195766	SINE/MIR	444	+	106	65195661	34941
chr1	65160720	65360720	harbor1	chr1	65211480	65211651	SINE/MIR	433	+	86	65211566	50846
chr1	198681529	198881529	harbor1	chr1	198683009	198683255	SINE/MIR	689	+	123	198683132	1603
chr1	198681529	198881529	harbor1	chr1	198715657	198715811	SINE/MIR	605	+	77	198715734	34205
chr1	198681529	198881529	harbor1	chr1	198742692	198742945	SINE/MIR	511	+	126	198742818	61289
chr1	214556209	214756209	harbor1	chr1	214626582	214626810	SINE/MIR	768	+	114	214626696	70487
chr1	214556209	214756209	harbor1	chr1	214634372	214634620	SINE/MIR	699	+	124	214634496	78287
chr1	179358465	179558465	harbor1	chr1	179370765	179370939	SINE/MIR	593	+	87	179370852	12387
chr1	179358465	179558465	harbor1	chr1	179383560	179383818	SINE/MIR	1208	+	129	179383689	25224
chr1	179358465	179558465	harbor1	chr1	179395525	179395685	SINE/MIR	916	+	80	179395605	37140
chr1	55236310	55436310	harbor1	chr1	55251653	55251885	SINE/MIR	646	+	116	55251769	15459
chr1	55236310	55436310	harbor1	chr1	55254241	55254316	SINE/MIR	556	+	38	55254279	17969
chr1	55236310	55436310	harbor1	chr1	55254634	55254818	SINE/MIR	556	+	92	55254726	18416
chr1	55236310	55436310	harbor1	chr1	55282395	55282690	SINE/MIR	473	+	148	55282543	46233
chr1	55236310	55436310	harbor1	chr1	55283115	55283318	SINE/MIR	665	+	102	55283217	46907
chr1	55236310	55436310	harbor1	chr1	55292472	55292683	SINE/MIR	492	+	106	55292578	56268
chr1	55236310	55436310	harbor1	chr1	55292830	55292889	SINE/MIR	518	+	30	55292860	56550
chr1	55236310	55436310	harbor1	chr1	55293181	55293362	SINE/MIR	518	+	90	55293271	56961
chr1	55236310	55436310	harbor1	chr1	55302725	55302805	SINE/MIR	456	+	40	55302765	66455
chr1	55236310	55436310	harbor1	chr1	55303854	55304063	SINE/MIR	955	+	104	55303958	67648
chr1	55236310	55436310	harbor1	chr1	55304084	55304218	SINE/MIR	420	+	67	55304151	67841
chr1	55236310	55436310	harbor1	chr1	55310484	55310696	SINE/MIR	810	+	106	55310590	74280
chr1	55236310	55436310	harbor1	chr1	55312619	55312849	SINE/MIR	505	+	115	55312734	76424
chr1	55236310	55436310	harbor1	chr1	55321575	55321846	SINE/MIR	958	+	136	55321711	85401
chr1	55236310	55436310	harbor1	chr1	55329595	55329727	SINE/MIR	430	+	66	55329661	93351
chr1	55236310	55436310	harbor1	chr1	55330525	55330683	SINE/MIR	439	+	79	55330604	94294
chr1	55236310	55436310	harbor1	chr1	55331284	55331466	SINE/MIR	510	+	91	55331375	95065
chr1	55236310	55436310	harbor1	chr1	55331976	55332244	SINE/MIR	781	+	134	55332110	95800
chr1	211863063	212063063	harbor1	chr1	211896017	211896209	SINE/MIR	661	+	96	211896113	33050
chr1	211863063	212063063	harbor1	chr1	211898226	211898250	SINE/MIR	462	+	12	211898238	35175
chr1	211863063	212063063	harbor1	chr1	211898558	211898689	SINE/MIR	462	+	66	211898624	35561
chr1	211863063	212063063	harbor1	chr1	211900899	211901104	SINE/MIR	436	+	102	211901001	37938
chr1	26872073	27072073	harbor1	chr1	26899160	26899402	SINE/MIR	820	+	121	26899281	27208
chr1	26872073	27072073	harbor1	chr1	26904614	26904730	SINE/MIR	805	+	58	26904672	32599
chr1	26872073	27072073	harbor1	chr1	26905837	26905864	SINE/MIR	805	+	14	26905851	33778
chr1	26872073	27072073	harbor1	chr1	26906465	26906567	SINE/MIR	805	+	51	26906516	34443
chr1	26872073	27072073	harbor1	chr1	26906879	26906894	SINE/MIR	805	+	8	26906887	34814
chr1	26872073	27072073	harbor1	chr1	26912290	26912539	SINE/MIR	981	+	124	26912414	40341
chr1	26872073	27072073	harbor1	chr1	26912860	26913000	SINE/MIR	441	+	70	26912930	40857
chr1	26872073	27072073	harbor1	chr1	26913305	26913341	SINE/MIR	441	+	18	26913323	41250
chr1	26872073	27072073	harbor1	chr1	26915910	26916029	SINE/MIR	618	+	60	26915970	43897
chr1	26872073	27072073	harbor1	chr1	26967552	26967762	SINE/MIR	595	+	105	26967657	95584
chr1	26872073	27072073	harbor1	chr1	26969212	26969345	SINE/MIR	456	+	66	26969278	97205
chr1	26872073	27072073	harbor1	chr1	26969865	26969995	SINE/MIR	532	+	65	26969930	97857
chr2	42685366	42885366	harbor1	chr2	42758520	42758672	SINE/MIR	845	+	76	42758596	73230
chr2	42685366	42885366	harbor1	chr2	42773187	42773330	SINE/MIR	424	+	72	42773259	87893
chr2	42685366	42885366	harbor1	chr2	42785058	42785235	SINE/MIR	486	+	88	42785146	99780
chr2	195754584	195954584	harbor1	chr2	195774541	195774800	SINE/MIR	856	+	130	195774671	20087
chr2	195754584	195954584	harbor1	chr2	195798183	195798343	SINE/MIR	434	+	80	195798263	43679
chr2	134657306	134857306	harbor1	chr2	134665673	134665914	SINE/MIR	451	+	120	134665793	8487
chr2	134657306	134857306	harbor1	chr2	134666660	134666863	SINE/MIR	531	+	102	134666762	9456
chr2	134657306	134857306	harbor1	chr2	134671760	134671994	SINE/MIR	780	+	117	134671877	14571
chr2	134657306	134857306	harbor1	chr2	134693963	134694184	SINE/MIR	643	+	110	134694073	36767
chr2	163940225	164140225	harbor1	chr2	163940523	163940732	SINE/MIR	425	+	104	163940627	402
chr2	163940225	164140225	harbor1	chr2	163949969	163950172	SINE/MIR	648	+	102	163950071	9846
chr2	163940225	164140225	harbor1	chr2	163960320	163960464	SINE/MIR	446	+	72	163960392	20167
chr2	163940225	164140225	harbor1	chr2	163965986	163966158	SINE/MIR	632	+	86	163966072	25847
chr2	163940225	164140225	harbor1	chr2	163985209	163985421	SINE/MIR	562	+	106	163985315	45090
chr2	163940225	164140225	harbor1	chr2	164007083	164007179	SINE/MIR	509	+	48	164007131	66906
chr2	163940225	164140225	harbor1	chr2	164007479	164007589	SINE/MIR	509	+	55	164007534	67309
chr2	163940225	164140225	harbor1	chr2	164034512	164034717	SINE/MIR	745	+	102	164034614	94389
chr2	163940225	164140225	harbor1	chr2	164040050	164040256	SINE/MIR	488	+	103	164040153	99928
chr2	120540389	120740389	harbor1	chr2	120551005	120551186	SINE/MIR	571	+	90	120551095	10706
chr2	120540389	120740389	harbor1	chr2	120562197	120562309	SINE/MIR	440	+	56	120562253	21864
chr2	120540389	120740389	harbor1	chr2	120594458	120594604	SINE/MIR	511	+	73	120594531	54142
chr2	120540389	120740389	harbor1	chr2	120600527	120600694	SINE/MIR	489	+	84	120600611	60222
chr2	120540389	120740389	harbor1	chr2	120627785	120627978	SINE/MIR	811	+	96	120627881	87492
chr2	120540389	120740389	harbor1	chr2	120630559	120630721	SINE/MIR	418	+	81	120630640	90251
chr2	130910460	131110460	harbor1	chr2	130987884	130988111	SINE/MIR	440	+	114	130987998	77538
chr2	74265851	74465851	harbor1	chr2	74283194	74283374	SINE/MIR	428	+	90	74283284	17433
chr2	74265851	74465851	harbor1	chr2	74292003	74292223	SINE/MIR	732	+	110	74292113	26262
chr2	74265851	74465851	harbor1	chr2	74297969	74298155	SINE/MIR	423	+	93	74298062	32211
chr2	74265851	74465851	harbor1	chr2	74334683	74334879	SINE/MIR	426	+	98	74334781	68930
chr2	74265851	74465851	harbor1	chr2	74336431	74336595	SINE/MIR	627	+	82	74336513	70662
chr2	123280433	123480433	harbor1	chr2	123341920	123342172	SINE/MIR	748	+	126	123342046	61613
chr2	123280433	123480433	harbor1	chr2	123342853	123343100	SINE/MIR	874	+	124	123342977	62544
chr2	9601477	9801477	harbor1	chr2	9610296	9610387	SINE/MIR	446	+	46	9610342	8865
chr2	9601477	9801477	harbor1	chr2	9625556	9625756	SINE/MIR	688	+	100	9625656	24179
chr2	9601477	9801477	harbor1	chr2	9637992	9638163	SINE/MIR	814	+	86	9638078	36601
chr2	9601477	9801477	harbor1	chr2	9642711	9642911	SINE/MIR	563	+	100	9642811	41334
chr2	9601477	9801477	harbor1	chr2	9649075	9649312	SINE/MIR	461	+	118	9649193	47716
chr2	9601477	9801477	harbor1	chr2	9691172	9691369	SINE/MIR	417	+	98	9691270	89793
chr2	42421341	42621341	harbor1	chr2	42497625	42497804	SINE/MIR	466	+	90	42497715	76374
chr2	179468474	179668474	harbor1	chr2	179553913	179554158	SINE/MIR	545	+	122	179554035	85561
chr2	179468474	179668474	harbor1	chr2	179565198	179565422	SINE/MIR	449	+	112	179565310	96836
chr2	5327766	5527766	harbor1	chr2	5351124	5351337	SINE/MIR	514	+	106	5351230	23464
chr2	76301164	76501164	harbor1	chr2	76311713	76311947	SINE/MIR	648	+	117	76311830	10666
chr2	76301164	76501164	harbor1	chr2	76331962	76332164	SINE/MIR	463	+	101	76332063	30899
chr2	76301164	76501164	harbor1	chr2	76342000	76342142	SINE/MIR	447	+	71	76342071	40907
chr2	76301164	76501164	harbor1	chr2	76366945	76367118	SINE/MIR	606	+	86	76367031	65867
chr2	76301164	76501164	harbor1	chr2	76394392	76394550	SINE/MIR	630	+	79	76394471	93307
chr2	76301164	76501164	harbor1	chr2	76394972	76395072	SINE/MIR	630	+	50	76395022	93858
chr2	96046374	96246374	harbor1	chr2	96058938	96059162	SINE/MIR	550	+	112	96059050	12676
chr2	96046374	96246374	harbor1	chr2	96093074	96093292	SINE/MIR	502	+	109	96093183	46809
chr2	96046374	96246374	harbor1	chr2	96099496	96099720	SINE/MIR	715	+	112	96099608	53234
chr2	96046374	96246374	harbor1	chr2	96099992	96100207	SINE/MIR	479	+	108	96100100	53726
chr2	34728845	34928845	harbor1	chr2	34743452	34743607	SINE/MIR	470	+	78	34743530	14685
chr2	34728845	34928845	harbor1	chr2	34760319	34760531	SINE/MIR	611	+	106	34760425	31580
chr2	42870195	43070195	harbor1	chr2	42877940	42878179	SINE/MIR	514	+	120	42878060	7865
chr2	42870195	43070195	harbor1	chr2	42938938	42939169	SINE/MIR	746	+	116	42939054	68859
chr2	42870195	43070195	harbor1	chr2	42940062	42940266	SINE/MIR	823	+	102	42940164	69969
chr2	42870195	43070195	harbor1	chr2	42966061	42966153	SINE/MIR	432	+	46	42966107	95912
chr2	47026092	47226092	harbor1	chr2	47059745	47059873	SINE/MIR	417	+	64	47059809	33717
chr2	47026092	47226092	harbor1	chr2	47063121	47063321	SINE/MIR	438	+	100	47063221	37129
chr2	47026092	47226092	harbor1	chr2	47067608	47067768	SINE/MIR	458	+	80	47067688	41596
chr2	47026092	47226092	harbor1	chr2	47077425	47077632	SINE/MIR	647	+	104	47077529	51437
chr2	47026092	47226092	harbor1	chr2	47118664	47118840	SINE/MIR	522	+	88	47118752	92660
chr2	113826643	114026643	harbor1	chr2	113836386	113836479	SINE/MIR	423	+	46	113836432	9789
chr2	113826643	114026643	harbor1	chr2	113842763	113842950	SINE/MIR	451	+	94	113842857	16214
chr2	113826643	114026643	harbor1	chr2	113895726	113895862	SINE/MIR	593	+	68	113895794	69151
chr2	113826643	114026643	harbor1	chr2	113896158	113896241	SINE/MIR	593	+	42	113896200	69557
chr2	113826643	114026643	harbor1	chr2	113918226	113918371	SINE/MIR	577	+	72	113918298	91655
chr2	113826643	114026643	harbor1	chr2	113918683	113918779	SINE/MIR	577	+	48	113918731	92088
chr2	182216821	182416821	harbor1	chr2	182260872	182261101	SINE/MIR	717	+	114	182260986	44165
chr2	182216821	182416821	harbor1	chr2	182261209	182261450	SINE/MIR	625	+	120	182261329	44508
chr2	182216821	182416821	harbor1	chr2	182285902	182286106	SINE/MIR	510	+	102	182286004	69183
chr2	41892405	42092405	harbor1	chr2	41942390	41942557	SINE/MIR	616	+	84	41942474	50069
chr2	41892405	42092405	harbor1	chr2	41955616	41955817	SINE/MIR	572	+	100	41955716	63311
chr2	41892405	42092405	harbor1	chr2	41971766	41971866	SINE/MIR	566	+	50	41971816	79411
chr2	41892405	42092405	harbor1	chr2	41972160	41972301	SINE/MIR	566	+	70	41972230	79825
chr2	41892405	42092405	harbor1	chr2	41987195	41987439	SINE/MIR	1047	+	122	41987317	94912
chr2	25802089	26002089	harbor1	chr2	25805081	25805320	SINE/MIR	518	+	120	25805201	3112
chr2	25802089	26002089	harbor1	chr2	25891927	25892028	SINE/MIR	537	+	50	25891977	89888
chr2	25802089	26002089	harbor1	chr2	25892334	25892363	SINE/MIR	537	+	14	25892348	90259
chr2	25802089	26002089	harbor1	chr2	25892640	25892750	SINE/MIR	537	+	55	25892695	90606
chr2	71309543	71509543	harbor1	chr2	71333637	71333876	SINE/MIR	704	+	120	71333757	24214
chr2	71309543	71509543	harbor1	chr2	71347822	71348045	SINE/MIR	682	+	112	71347934	38391
chr2	7172265	7372265	harbor1	chr2	7225846	7225978	SINE/MIR	442	+	66	7225912	53647
chr2	199032208	199232208	harbor1	chr2	199111670	199111773	SINE/MIR	465	+	52	199111722	79514
chr2	199032208	199232208	harbor1	chr2	199112127	199112146	SINE/MIR	465	+	10	199112137	79929
chr2	197224648	197424648	harbor1	chr2	197227680	197227886	SINE/MIR	536	+	103	197227783	3135
chr2	197224648	197424648	harbor1	chr2	197228047	197228234	SINE/MIR	636	+	94	197228141	3493
chr2	197224648	197424648	harbor1	chr2	197233100	197233306	SINE/MIR	452	+	103	197233203	8555
chr2	197224648	197424648	harbor1	chr2	197274156	197274352	SINE/MIR	493	+	98	197274254	49606
chr2	197224648	197424648	harbor1	chr2	197306239	197306481	SINE/MIR	615	+	121	197306360	81712
chr2	197224648	197424648	harbor1	chr2	197308870	197309052	SINE/MIR	549	+	91	197308961	84313
chr2	136206040	136406040	harbor1	chr2	136216008	136216130	SINE/MIR	665	+	61	136216069	10029
chr2	136206040	136406040	harbor1	chr2	136216171	136216207	SINE/MIR	665	+	18	136216189	10149
chr2	136206040	136406040	harbor1	chr2	136235190	136235400	SINE/MIR	604	+	105	136235295	29255
chr2	136206040	136406040	harbor1	chr2	136255695	136255870	SINE/MIR	470	+	88	136255783	49743
chr2	213233812	213433812	harbor1	chr2	213291773	213291944	SINE/MIR	534	+	86	213291859	58047
chr2	213233812	213433812	harbor1	chr2	213294856	213295032	SINE/MIR	506	+	88	213294944	61132
chr2	223285718	223485718	harbor1	chr2	223324544	223324790	SINE/MIR	673	+	123	223324667	38949
chr2	223285718	223485718	harbor1	chr2	223337762	223337991	SINE/MIR	607	+	114	223337876	52158
chr2	67017761	67217761	harbor1	chr2	67041048	67041201	SINE/MIR	533	+	76	67041124	23363
chr2	67017761	67217761	harbor1	chr2	67048576	67048816	SINE/MIR	711	+	120	67048696	30935
chr2	67017761	67217761	harbor1	chr2	67051106	67051282	SINE/MIR	467	+	88	67051194	33433
chr2	67017761	67217761	harbor1	chr2	67072404	67072641	SINE/MIR	630	+	118	67072522	54761
chr2	67017761	67217761	harbor1	chr2	67072783	67072972	SINE/MIR	649	+	94	67072877	55116
chr2	67017761	67217761	harbor1	chr2	67082288	67082459	SINE/MIR	497	+	86	67082374	64613
chr2	67017761	67217761	harbor1	chr2	67108829	67108991	SINE/MIR	603	+	81	67108910	91149
chr2	9046979	9246979	harbor1	chr2	9061619	9061796	SINE/MIR	495	+	88	9061707	14728
chr2	9046979	9246979	harbor1	chr2	9102308	9102559	SINE/MIR	660	+	126	9102434	55455
chr2	9046979	9246979	harbor1	chr2	9105675	9105905	SINE/MIR	497	+	115	9105790	58811
chr2	9046979	9246979	harbor1	chr2	9106717	9106950	SINE/MIR	555	+	116	9106833	59854
chr2	9046979	9246979	harbor1	chr2	9111776	9112016	SINE/MIR	579	+	120	9111896	64917
chr2	9046979	9246979	harbor1	chr2	9136106	9136256	SINE/MIR	463	+	75	9136181	89202
chr2	9046979	9246979	harbor1	chr2	9141459	9141641	SINE/MIR	688	+	91	9141550	94571
chr2	9046979	9246979	harbor1	chr2	9145449	9145679	SINE/MIR	644	+	115	9145564	98585
chr2	119632942	119832942	harbor1	chr2	119647973	119648149	SINE/MIR	558	+	88	119648061	15119
chr2	119632942	119832942	harbor1	chr2	119652362	119652586	SINE/MIR	432	+	112	119652474	19532
chr2	119632942	119832942	harbor1	chr2	119686064	119686280	SINE/MIR	599	+	108	119686172	53230
chr2	119632942	119832942	harbor1	chr2	119691171	119691362	SINE/MIR	746	+	96	119691267	58325
chr2	119632942	119832942	harbor1	chr2	119725919	119726114	SINE/MIR	457	+	98	119726017	93075
chr2	179842190	180042190	harbor1	chr2	179844159	179844314	SINE/MIR	443	+	78	179844237	2047
chr2	179842190	180042190	harbor1	chr2	179844302	179844522	SINE/MIR	450	+	110	179844412	2222
chr2	210185676	210385676	harbor1	chr2	210198641	210198829	SINE/MIR	560	+	94	210198735	13059
chr2	210185676	210385676	harbor1	chr2	210226467	210226611	SINE/MIR	494	+	72	210226539	40863
chr2	210185676	210385676	harbor1	chr2	210249204	210249247	SINE/MIR	610	+	22	210249226	63550
chr2	210185676	210385676	harbor1	chr2	210249868	210250076	SINE/MIR	610	+	104	210249972	64296
chr2	210185676	210385676	harbor1	chr2	210265185	210265392	SINE/MIR	578	+	104	210265289	79613
chr2	95723477	95923477	harbor1	chr2	95811579	95811802	SINE/MIR	543	+	112	95811691	88214
chr2	172205691	172405691	harbor1	chr2	172229742	172229972	SINE/MIR	530	+	115	172229857	24166
chr2	172205691	172405691	harbor1	chr2	172253826	172253969	SINE/MIR	480	+	72	172253898	48207
chr2	172205691	172405691	harbor1	chr2	172254432	172254659	SINE/MIR	420	+	114	172254546	48855
chr2	172205691	172405691	harbor1	chr2	172255514	172255668	SINE/MIR	528	+	77	172255591	49900
chr2	172205691	172405691	harbor1	chr2	172276194	172276428	SINE/MIR	594	+	117	172276311	70620
chr2	172205691	172405691	harbor1	chr2	172289493	172289736	SINE/MIR	708	+	122	172289615	83924
chr2	29092604	29292604	harbor1	chr2	29106086	29106285	SINE/MIR	555	+	100	29106186	13582
chr2	29092604	29292604	harbor1	chr2	29113031	29113197	SINE/MIR	443	+	83	29113114	20510
chr2	29092604	29292604	harbor1	chr2	29126315	29126567	SINE/MIR	942	+	126	29126441	33837
chr2	29092604	29292604	harbor1	chr2	29130915	29131102	SINE/MIR	620	+	94	29131009	38405
chr2	29092604	29292604	harbor1	chr2	29146659	29146897	SINE/MIR	648	+	119	29146778	54174
chr2	29092604	29292604	harbor1	chr2	29179440	29179664	SINE/MIR	548	+	112	29179552	86948
chr2	144139152	144339152	harbor1	chr2	144170951	144171208	SINE/MIR	556	+	128	144171079	31927
chr2	144139152	144339152	harbor1	chr2	144210130	144210322	SINE/MIR	683	+	96	144210226	71074
chr2	73007748	73207748	harbor1	chr2	73033050	73033186	SINE/MIR	635	+	68	73033118	25370
chr2	73007748	73207748	harbor1	chr2	73034980	73035200	SINE/MIR	658	+	110	73035090	27342
chr2	73007748	73207748	harbor1	chr2	73055283	73055516	SINE/MIR	707	+	116	73055399	47651
chr2	73007748	73207748	harbor1	chr2	73067863	73067996	SINE/MIR	471	+	66	73067929	60181
chr2	73007748	73207748	harbor1	chr2	73098048	73098210	SINE/MIR	591	+	81	73098129	90381
chr2	73007748	73207748	harbor1	chr2	73098420	73098484	SINE/MIR	591	+	32	73098452	90704
chr2	73007748	73207748	harbor1	chr2	73103499	73103728	SINE/MIR	443	+	114	73103613	95865
chr2	100869624	101069624	harbor1	chr2	100872204	100872420	SINE/MIR	577	+	108	100872312	2688
chr2	100869624	101069624	harbor1	chr2	100906335	100906534	SINE/MIR	444	+	100	100906435	36811
chr2	100869624	101069624	harbor1	chr2	100908068	100908281	SINE/MIR	716	+	106	100908174	38550
chr2	100869624	101069624	harbor1	chr2	100921151	100921388	SINE/MIR	664	+	118	100921269	51645
chr2	100869624	101069624	harbor1	chr2	100963762	100964005	SINE/MIR	677	+	122	100963884	94260
chr2	68585632	68785632	harbor1	chr2	68611460	68611586	SINE/MIR	520	+	63	68611523	25891
chr2	68585632	68785632	harbor1	chr2	68611997	68612076	SINE/MIR	453	+	40	68612037	26405
chr2	68585632	68785632	harbor1	chr2	68652091	68652315	SINE/MIR	666	+	112	68652203	66571
chr2	68585632	68785632	harbor1	chr2	68672815	68673050	SINE/MIR	975	+	118	68672933	87301
chr2	68585632	68785632	harbor1	chr2	68648812	68649020	SINE/MIR	561	+	104	68648916	63284
chr2	175396127	175596127	harbor1	chr2	175399097	175399297	SINE/MIR	840	+	100	175399197	3070
chr2	175396127	175596127	harbor1	chr2	175412679	175412801	SINE/MIR	545	+	61	175412740	16613
chr2	175396127	175596127	harbor1	chr2	175422571	175422705	SINE/MIR	440	+	67	175422638	26511
chr2	175396127	175596127	harbor1	chr2	175444424	175444594	SINE/MIR	568	+	85	175444509	48382
chr2	175396127	175596127	harbor1	chr2	175444895	175444966	SINE/MIR	568	+	36	175444931	48804
chr2	175396127	175596127	harbor1	chr2	175445047	175445268	SINE/MIR	838	+	110	175445157	49030
chr2	175396127	175596127	harbor1	chr2	175446055	175446290	SINE/MIR	662	+	118	175446173	50046
chr2	175396127	175596127	harbor1	chr2	175447933	175448135	SINE/MIR	594	+	101	175448034	51907
chr2	175396127	175596127	harbor1	chr2	175459339	175459446	SINE/MIR	496	+	54	175459393	63266
chr2	27549027	27749027	harbor1	chr2	27565888	27565993	SINE/MIR	420	+	52	27565940	16913
chr2	27549027	27749027	harbor1	chr2	27600151	27600368	SINE/MIR	538	+	108	27600259	51232
chr2	186224083	186424083	harbor1	chr2	186254829	186255078	SINE/MIR	909	+	124	186254953	30870
chr2	42217672	42417672	harbor1	chr2	42267002	42267228	SINE/MIR	558	+	113	42267115	49443
chr2	42217672	42417672	harbor1	chr2	42275439	42275534	SINE/MIR	419	+	48	42275487	57815
chr2	42217672	42417672	harbor1	chr2	42281505	42281694	SINE/MIR	502	+	94	42281599	63927
chr2	42217672	42417672	harbor1	chr2	42285524	42285586	SINE/MIR	747	+	31	42285555	67883
chr2	42217672	42417672	harbor1	chr2	42285899	42286069	SINE/MIR	747	+	85	42285984	68312
chr2	60560764	60760764	harbor1	chr2	60605443	60605618	SINE/MIR	427	+	88	60605531	44767
chr2	60560764	60760764	harbor1	chr2	60610878	60611083	SINE/MIR	591	+	102	60610980	50216
chr2	60560764	60760764	harbor1	chr2	60611244	60611389	SINE/MIR	635	+	72	60611316	50552
chr2	60560764	60760764	harbor1	chr2	60639437	60639663	SINE/MIR	714	+	113	60639550	78786
chr2	60560764	60760764	harbor1	chr2	60641756	60642008	SINE/MIR	658	+	126	60641882	81118
chr2	60560764	60760764	harbor1	chr2	60656362	60656493	SINE/MIR	418	+	66	60656428	95664
chr2	103708411	103908411	harbor1	chr2	103765452	103765674	SINE/MIR	518	+	111	103765563	57152
chr2	103708411	103908411	harbor1	chr2	103769324	103769543	SINE/MIR	428	+	110	103769434	61023
chr2	103708411	103908411	harbor1	chr2	103792623	103792834	SINE/MIR	456	+	106	103792729	84318
chr2	180612621	180812621	harbor1	chr2	180688416	180688615	SINE/MIR	542	+	100	180688516	75895
chr2	180612621	180812621	harbor1	chr2	180706323	180706565	SINE/MIR	673	+	121	180706444	93823
chr2	54616800	54816800	harbor1	chr2	54706603	54706822	SINE/MIR	527	+	110	54706713	89913
chr2	126189980	126389980	harbor1	chr2	126238213	126238446	SINE/MIR	479	+	116	126238329	48349
chr2	126189980	126389980	harbor1	chr2	126271887	126272079	SINE/MIR	432	+	96	126271983	82003
chr2	126189980	126389980	harbor1	chr2	126275209	126275457	SINE/MIR	621	+	124	126275333	85353
chr2	57474039	57674039	harbor1	chr2	57499618	57499796	SINE/MIR	460	+	89	57499707	25668
chr2	57474039	57674039	harbor1	chr2	57500529	57500773	SINE/MIR	702	+	122	57500651	26612
chr2	57474039	57674039	harbor1	chr2	57501729	57501954	SINE/MIR	581	+	112	57501841	27802
chr2	57474039	57674039	harbor1	chr2	57550228	57550429	SINE/MIR	519	+	100	57550328	76289
chr2	57474039	57674039	harbor1	chr2	57553524	57553773	SINE/MIR	597	+	124	57553648	79609
chr2	113499345	113699345	harbor1	chr2	113507142	113507347	SINE/MIR	911	+	102	113507244	7899
chr2	113499345	113699345	harbor1	chr2	113551456	113551619	SINE/MIR	505	+	82	113551538	52193
chr2	113499345	113699345	harbor1	chr2	113590101	113590315	SINE/MIR	811	+	107	113590208	90863
chr2	38135666	38335666	harbor1	chr2	38170886	38171116	SINE/MIR	538	+	115	38171001	35335
chr2	38135666	38335666	harbor1	chr2	38217116	38217385	SINE/MIR	618	+	134	38217250	81584
chr2	133408711	133608711	harbor1	chr2	133410410	133410564	SINE/MIR	436	+	77	133410487	1776
chr2	133408711	133608711	harbor1	chr2	133434411	133434642	SINE/MIR	888	+	116	133434527	25816
chr2	133408711	133608711	harbor1	chr2	133437686	133437898	SINE/MIR	511	+	106	133437792	29081
chr2	133408711	133608711	harbor1	chr2	133492494	133492704	SINE/MIR	555	+	105	133492599	83888
chr2	59807800	60007800	harbor1	chr2	59811322	59811477	SINE/MIR	423	+	78	59811400	3600
chr2	59807800	60007800	harbor1	chr2	59835070	59835297	SINE/MIR	509	+	114	59835184	27384
chr2	59807800	60007800	harbor1	chr2	59838744	59838914	SINE/MIR	538	+	85	59838829	31029
chr2	59807800	60007800	harbor1	chr2	59839233	59839302	SINE/MIR	538	+	34	59839267	31467
chr2	59807800	60007800	harbor1	chr2	59859079	59859218	SINE/MIR	448	+	70	59859149	51349
chr2	59807800	60007800	harbor1	chr2	59871552	59871742	SINE/MIR	738	+	95	59871647	63847
chr2	59807800	60007800	harbor1	chr2	59873134	59873318	SINE/MIR	565	+	92	59873226	65426
chr2	59807800	60007800	harbor1	chr2	59878174	59878414	SINE/MIR	456	+	120	59878294	70494
chr2	135188054	135388054	harbor1	chr2	135257823	135258007	SINE/MIR	542	+	92	135257915	69861
chr2	135188054	135388054	harbor1	chr2	135258125	135258221	SINE/MIR	542	+	48	135258173	70119
chr2	135188054	135388054	harbor1	chr2	135284070	135284317	SINE/MIR	1107	+	124	135284194	96140
chr2	197030827	197230827	harbor1	chr2	197095623	197095848	SINE/MIR	738	+	112	197095735	64908
chr2	197030827	197230827	harbor1	chr2	197108117	197108335	SINE/MIR	740	+	109	197108226	77399
chr2	85148037	85348037	harbor1	chr2	85195056	85195296	SINE/MIR	820	+	120	85195176	47139
chr2	85148037	85348037	harbor1	chr2	85211311	85211510	SINE/MIR	512	+	100	85211411	63374
chr2	85148037	85348037	harbor1	chr2	85231879	85232024	SINE/MIR	476	+	72	85231951	83914
chr2	134175196	134375196	harbor1	chr2	134188314	134188549	SINE/MIR	720	+	118	134188432	13236
chr2	134175196	134375196	harbor1	chr2	134238146	134238324	SINE/MIR	428	+	89	134238235	63039
chr2	134175196	134375196	harbor1	chr2	134267219	134267446	SINE/MIR	678	+	114	134267333	92137
chr2	51238493	51438493	harbor1	chr2	51240996	51241208	SINE/MIR	509	+	106	51241102	2609
chr2	51238493	51438493	harbor1	chr2	51294151	51294354	SINE/MIR	420	+	102	51294253	55760
chr2	51238493	51438493	harbor1	chr2	51329022	51329268	SINE/MIR	523	+	123	51329145	90652
chr2	51238493	51438493	harbor1	chr2	51338027	51338257	SINE/MIR	449	+	115	51338142	99649
chr2	32320790	32520790	harbor1	chr2	32363629	32363848	SINE/MIR	419	+	110	32363739	42949
chr2	32320790	32520790	harbor1	chr2	32365151	32365325	SINE/MIR	430	+	87	32365238	44448
chr2	78536330	78736330	harbor1	chr2	78573467	78573626	SINE/MIR	532	+	80	78573547	37217
chr2	78536330	78736330	harbor1	chr2	78613970	78614177	SINE/MIR	500	+	104	78614074	77744
chr2	225426811	225626811	harbor1	chr2	225441805	225441963	SINE/MIR	452	+	79	225441884	15073
chr2	225426811	225626811	harbor1	chr2	225450490	225450725	SINE/MIR	596	+	118	225450608	23797
chr2	225426811	225626811	harbor1	chr2	225452143	225452358	SINE/MIR	455	+	108	225452251	25440
chr2	156906539	157106539	harbor1	chr2	156911090	156911333	SINE/MIR	549	+	122	156911212	4673
chr2	141960446	142160446	harbor1	chr2	141981028	141981188	SINE/MIR	484	+	80	141981108	20662
chr2	141960446	142160446	harbor1	chr2	142003837	142004059	SINE/MIR	424	+	111	142003948	43502
chr2	215896575	216096575	harbor1	chr2	215902797	215902938	SINE/MIR	632	+	70	215902867	6292
chr2	215896575	216096575	harbor1	chr2	215903456	215903577	SINE/MIR	632	+	60	215903516	6941
chr2	215896575	216096575	harbor1	chr2	215948651	215948879	SINE/MIR	920	+	114	215948765	52190
chr2	215896575	216096575	harbor1	chr2	215984997	215985160	SINE/MIR	478	+	82	215985079	88504
chr2	153839918	154039918	harbor1	chr2	153903465	153903685	SINE/MIR	478	+	110	153903575	63657
chr2	219019894	219219894	harbor1	chr2	219043679	219043887	SINE/MIR	803	+	104	219043783	23889
chr2	219019894	219219894	harbor1	chr2	219046277	219046530	SINE/MIR	472	+	126	219046403	26509
chr2	219019894	219219894	harbor1	chr2	219052831	219053080	SINE/MIR	784	+	124	219052955	33061
chr2	219019894	219219894	harbor1	chr2	219064418	219064602	SINE/MIR	589	+	92	219064510	44616
chr2	219019894	219219894	harbor1	chr2	219075104	219075325	SINE/MIR	637	+	110	219075214	55320
chr2	219019894	219219894	harbor1	chr2	219084542	219084708	SINE/MIR	542	+	83	219084625	64731
chr2	219019894	219219894	harbor1	chr2	219089940	219090152	SINE/MIR	595	+	106	219090046	70152
chr2	219019894	219219894	harbor1	chr2	219090235	219090454	SINE/MIR	831	+	110	219090345	70451
chr2	219019894	219219894	harbor1	chr2	219112250	219112349	SINE/MIR	492	+	50	219112300	92406
chr2	219019894	219219894	harbor1	chr2	219117663	219117914	SINE/MIR	626	+	126	219117789	97895
chr2	238638661	238838661	harbor1	chr2	238729298	238729467	SINE/MIR	431	+	84	238729382	90721
chr2	163954190	164154190	harbor1	chr2	163960320	163960464	SINE/MIR	446	+	72	163960392	6202
chr2	163954190	164154190	harbor1	chr2	163965986	163966158	SINE/MIR	632	+	86	163966072	11882
chr2	163954190	164154190	harbor1	chr2	163985209	163985421	SINE/MIR	562	+	106	163985315	31125
chr2	163954190	164154190	harbor1	chr2	164007083	164007179	SINE/MIR	509	+	48	164007131	52941
chr2	163954190	164154190	harbor1	chr2	164007479	164007589	SINE/MIR	509	+	55	164007534	53344
chr2	163954190	164154190	harbor1	chr2	164034512	164034717	SINE/MIR	745	+	102	164034614	80424
chr2	163954190	164154190	harbor1	chr2	164040050	164040256	SINE/MIR	488	+	103	164040153	85963
chr2	163954190	164154190	harbor1	chr2	164047768	164047950	SINE/MIR	550	+	91	164047859	93669
chr2	163954190	164154190	harbor1	chr2	164053956	164054171	SINE/MIR	577	+	108	164054064	99874
chr2	2423672	2623672	harbor1	chr2	2508638	2508812	SINE/MIR	509	+	87	2508725	85053
chr2	106178080	106378080	harbor1	chr2	106192692	106192906	SINE/MIR	583	+	107	106192799	14719
chr2	176713923	176913923	harbor1	chr2	176722755	176722892	SINE/MIR	516	+	68	176722823	8900
chr2	176713923	176913923	harbor1	chr2	176750605	176750829	SINE/MIR	552	+	112	176750717	36794
chr2	176713923	176913923	harbor1	chr2	176754787	176754899	SINE/MIR	469	+	56	176754843	40920
chr2	176713923	176913923	harbor1	chr2	176758486	176758643	SINE/MIR	729	+	78	176758564	44641
chr2	176713923	176913923	harbor1	chr2	176759376	176759507	SINE/MIR	476	+	66	176759442	45519
chr2	176713923	176913923	harbor1	chr2	176768594	176768799	SINE/MIR	620	+	102	176768696	54773
chr2	176713923	176913923	harbor1	chr2	176795974	176796067	SINE/MIR	514	+	46	176796020	82097
chr2	221552791	221752791	harbor1	chr2	221575713	221575904	SINE/MIR	459	+	96	221575809	23018
chr2	221552791	221752791	harbor1	chr2	221584211	221584330	SINE/MIR	465	+	60	221584271	31480
chr2	221552791	221752791	harbor1	chr2	221625682	221625716	SINE/MIR	488	+	17	221625699	72908
chr2	221552791	221752791	harbor1	chr2	221625941	221626157	SINE/MIR	488	+	108	221626049	73258
chr2	221552791	221752791	harbor1	chr2	221629667	221629922	SINE/MIR	1010	+	128	221629795	77004
chr2	221552791	221752791	harbor1	chr2	221642704	221642943	SINE/MIR	491	+	120	221642824	90033
chr2	143531667	143731667	harbor1	chr2	143611348	143611554	SINE/MIR	696	+	103	143611451	79784
chr2	143531667	143731667	harbor1	chr2	143612725	143612947	SINE/MIR	713	+	111	143612836	81169
chr2	143531667	143731667	harbor1	chr2	143620598	143620837	SINE/MIR	719	+	120	143620718	89051
chr2	75734051	75934051	harbor1	chr2	75797304	75797545	SINE/MIR	633	+	120	75797424	63373
chr2	75734051	75934051	harbor1	chr2	75831069	75831323	SINE/MIR	945	+	127	75831196	97145
chr2	25055144	25255144	harbor1	chr2	25056909	25057018	SINE/MIR	438	+	54	25056963	1819
chr2	25055144	25255144	harbor1	chr2	25063491	25063700	SINE/MIR	771	+	104	25063595	8451
chr2	25055144	25255144	harbor1	chr2	25075222	25075359	SINE/MIR	458	+	68	25075290	20146
chr2	25055144	25255144	harbor1	chr2	25079407	25079552	SINE/MIR	730	+	72	25079479	24335
chr2	25055144	25255144	harbor1	chr2	25084010	25084178	SINE/MIR	915	+	84	25084094	28950
chr2	25055144	25255144	harbor1	chr2	25084984	25085047	SINE/MIR	915	+	32	25085016	29872
chr2	25055144	25255144	harbor1	chr2	25104690	25104845	SINE/MIR	432	+	78	25104768	49624
chr2	25055144	25255144	harbor1	chr2	25115334	25115518	SINE/MIR	424	+	92	25115426	60282
chr2	25055144	25255144	harbor1	chr2	25144112	25144261	SINE/MIR	525	+	74	25144186	89042
chr2	25055144	25255144	harbor1	chr2	25144570	25144647	SINE/MIR	525	+	38	25144608	89464
chr2	16677378	16877378	harbor1	chr2	16711982	16712234	SINE/MIR	836	+	126	16712108	34730
chr2	16677378	16877378	harbor1	chr2	16712611	16712802	SINE/MIR	487	+	96	16712707	35329
chr2	16677378	16877378	harbor1	chr2	16758762	16758976	SINE/MIR	431	+	107	16758869	81491
chr2	16677378	16877378	harbor1	chr2	16711465	16711690	SINE/MIR	624	+	112	16711577	34199
chr2	132259605	132459605	harbor1	chr2	132293472	132293578	SINE/MIR	434	+	53	132293525	33920
chr2	132259605	132459605	harbor1	chr2	132347812	132347965	SINE/MIR	528	+	76	132347888	88283
chr2	32742019	32942019	harbor1	chr2	32799927	32800183	SINE/MIR	752	+	128	32800055	58036
chr2	32742019	32942019	harbor1	chr2	32805079	32805302	SINE/MIR	520	+	112	32805191	63172
chr2	32742019	32942019	harbor1	chr2	32805351	32805581	SINE/MIR	798	+	115	32805466	63447
chr2	32742019	32942019	harbor1	chr2	32813362	32813572	SINE/MIR	719	+	105	32813467	71448
chr2	32742019	32942019	harbor1	chr2	32826204	32826427	SINE/MIR	418	+	112	32826316	84297
chr2	51998752	52198752	harbor1	chr2	52020133	52020323	SINE/MIR	451	+	95	52020228	21476
chr2	51998752	52198752	harbor1	chr2	52081239	52081488	SINE/MIR	512	+	124	52081363	82611
chr2	51998752	52198752	harbor1	chr2	52035527	52035725	SINE/MIR	455	+	99	52035626	36874
chr2	136701314	136901314	harbor1	chr2	136702692	136702827	SINE/MIR	550	+	68	136702760	1446
chr2	136701314	136901314	harbor1	chr2	136745042	136745196	SINE/MIR	422	+	77	136745119	43805
chr2	136701314	136901314	harbor1	chr2	136749170	136749423	SINE/MIR	823	+	126	136749296	47982
chr2	136701314	136901314	harbor1	chr2	136753901	136754026	SINE/MIR	442	+	62	136753963	52649
chr2	136701314	136901314	harbor1	chr2	136761310	136761550	SINE/MIR	711	+	120	136761430	60116
chr2	100058832	100258832	harbor1	chr2	100091062	100091267	SINE/MIR	782	+	102	100091164	32332
chr2	100058832	100258832	harbor1	chr2	100101740	100101956	SINE/MIR	682	+	108	100101848	43016
chr2	100058832	100258832	harbor1	chr2	100118320	100118548	SINE/MIR	417	+	114	100118434	59602
chr2	175304281	175504281	harbor1	chr2	175328002	175328140	SINE/MIR	472	+	69	175328071	23790
chr2	175304281	175504281	harbor1	chr2	175332867	175333050	SINE/MIR	654	+	92	175332959	28678
chr2	175304281	175504281	harbor1	chr2	175370139	175370374	SINE/MIR	548	+	118	175370257	65976
chr2	175304281	175504281	harbor1	chr2	175399097	175399297	SINE/MIR	840	+	100	175399197	94916
chr2	122667344	122867344	harbor1	chr2	122725090	122725232	SINE/MIR	455	+	71	122725161	57817
chr2	35496028	35696028	harbor1	chr2	35556919	35557143	SINE/MIR	541	+	112	35557031	61003
chr2	26984661	27184661	harbor1	chr2	26998454	26998554	SINE/MIR	447	+	50	26998504	13843
chr2	26984661	27184661	harbor1	chr2	27022941	27023167	SINE/MIR	511	+	113	27023054	38393
chr2	26984661	27184661	harbor1	chr2	27078090	27078214	SINE/MIR	461	+	62	27078152	93491
chr2	26984661	27184661	harbor1	chr2	27081706	27081888	SINE/MIR	465	+	91	27081797	97136
chr2	48791628	48991628	harbor1	chr2	48845006	48845229	SINE/MIR	576	+	112	48845118	53490
chr2	119697662	119897662	harbor1	chr2	119725919	119726114	SINE/MIR	457	+	98	119726017	28355
chr2	119697662	119897662	harbor1	chr2	119734638	119734837	SINE/MIR	427	+	100	119734738	37076
chr2	119697662	119897662	harbor1	chr2	119739387	119739601	SINE/MIR	458	+	107	119739494	41832
chr2	101511528	101711528	harbor1	chr2	101561108	101561254	SINE/MIR	437	+	73	101561181	49653
chr2	101511528	101711528	harbor1	chr2	101596950	101597071	SINE/MIR	468	+	60	101597010	85482
chr2	42985673	43185673	harbor1	chr2	43002421	43002576	SINE/MIR	495	+	78	43002499	16826
chr2	42985673	43185673	harbor1	chr2	43007256	43007436	SINE/MIR	598	+	90	43007346	21673
chr2	42985673	43185673	harbor1	chr2	43031021	43031227	SINE/MIR	565	+	103	43031124	45451
chr2	42985673	43185673	harbor1	chr2	43064981	43065175	SINE/MIR	553	+	97	43065078	79405
chr2	42985673	43185673	harbor1	chr2	43073647	43073829	SINE/MIR	442	+	91	43073738	88065
chr2	127197970	127397970	harbor1	chr2	127217198	127217415	SINE/MIR	488	+	108	127217306	19336
chr2	127197970	127397970	harbor1	chr2	127217639	127217791	SINE/MIR	432	+	76	127217715	19745
chr2	154017467	154217467	harbor1	chr2	154040413	154040636	SINE/MIR	536	+	112	154040525	23058
chr2	154017467	154217467	harbor1	chr2	154047407	154047664	SINE/MIR	559	+	128	154047535	30068
chr2	154017467	154217467	harbor1	chr2	154078786	154078994	SINE/MIR	572	+	104	154078890	61423
chr2	229075680	229275680	harbor1	chr2	229151269	229151501	SINE/MIR	687	+	116	229151385	75705
chr2	171918945	172118945	harbor1	chr2	171976417	171976553	SINE/MIR	610	+	68	171976485	57540
chr2	97556787	97756787	harbor1	chr2	97585563	97585792	SINE/MIR	540	+	114	97585677	28890
chr2	97556787	97756787	harbor1	chr2	97615028	97615183	SINE/MIR	573	+	78	97615106	58319
chr2	68201057	68401057	harbor1	chr2	68204459	68204720	SINE/MIR	1002	+	130	68204589	3532
chr2	68201057	68401057	harbor1	chr2	68281375	68281541	SINE/MIR	507	+	83	68281458	80401
chr2	68201057	68401057	harbor1	chr2	68286759	68286982	SINE/MIR	686	+	112	68286871	85814
chr2	54712240	54912240	harbor1	chr2	54719984	54720169	SINE/MIR	630	+	92	54720076	7836
chr2	54712240	54912240	harbor1	chr2	54720948	54721177	SINE/MIR	946	+	114	54721062	8822
chr2	54712240	54912240	harbor1	chr2	54728486	54728704	SINE/MIR	677	+	109	54728595	16355
chr2	54712240	54912240	harbor1	chr2	54768603	54768771	SINE/MIR	434	+	84	54768687	56447
chr2	54712240	54912240	harbor1	chr2	54787379	54787604	SINE/MIR	855	+	112	54787491	75251
chr2	54712240	54912240	harbor1	chr2	54791777	54791923	SINE/MIR	481	+	73	54791850	79610
chr2	223042568	223242568	harbor1	chr2	223046898	223047080	SINE/MIR	765	+	91	223046989	4421
chr2	223042568	223242568	harbor1	chr2	223048634	223048800	SINE/MIR	553	+	83	223048717	6149
chr2	223042568	223242568	harbor1	chr2	223069698	223069950	SINE/MIR	654	+	126	223069824	27256
chr2	223042568	223242568	harbor1	chr2	223084240	223084430	SINE/MIR	538	+	95	223084335	41767
chr2	151242934	151442934	harbor1	chr2	151250659	151250867	SINE/MIR	451	+	104	151250763	7829
chr2	151242934	151442934	harbor1	chr2	151273127	151273323	SINE/MIR	753	+	98	151273225	30291
chr2	151242934	151442934	harbor1	chr2	151278548	151278761	SINE/MIR	513	+	106	151278654	35720
chr2	29297023	29497023	harbor1	chr2	29304720	29304884	SINE/MIR	455	+	82	29304802	7779
chr2	29297023	29497023	harbor1	chr2	29310185	29310370	SINE/MIR	695	+	92	29310277	13254
chr2	29297023	29497023	harbor1	chr2	29323033	29323256	SINE/MIR	664	+	112	29323145	26122
chr2	29297023	29497023	harbor1	chr2	29325640	29325875	SINE/MIR	662	+	118	29325758	28735
chr2	29297023	29497023	harbor1	chr2	29337318	29337442	SINE/MIR	428	+	62	29337380	40357
chr2	29297023	29497023	harbor1	chr2	29348896	29349122	SINE/MIR	720	+	113	29349009	51986
chr2	29297023	29497023	harbor1	chr2	29361502	29361648	SINE/MIR	459	+	73	29361575	64552
chr2	29297023	29497023	harbor1	chr2	29378415	29378653	SINE/MIR	894	+	119	29378534	81511
chr2	29297023	29497023	harbor1	chr2	29381067	29381315	SINE/MIR	555	+	124	29381191	84168
chr2	29297023	29497023	harbor1	chr2	29387480	29387647	SINE/MIR	572	+	84	29387564	90541
chr2	29297023	29497023	harbor1	chr2	29388459	29388677	SINE/MIR	645	+	109	29388568	91545
chr2	29297023	29497023	harbor1	chr2	29391839	29392036	SINE/MIR	466	+	98	29391937	94914
chr2	86119671	86319671	harbor1	chr2	86124759	86124945	SINE/MIR	418	+	93	86124852	5181
chr2	86119671	86319671	harbor1	chr2	86155422	86155589	SINE/MIR	582	+	84	86155506	35835
chr2	86119671	86319671	harbor1	chr2	86199829	86200004	SINE/MIR	515	+	88	86199917	80246
chr2	29209915	29409915	harbor1	chr2	29218990	29219154	SINE/MIR	557	+	82	29219072	9157
chr2	29209915	29409915	harbor1	chr2	29224229	29224493	SINE/MIR	480	+	132	29224361	14446
chr2	29209915	29409915	harbor1	chr2	29240281	29240448	SINE/MIR	565	+	84	29240365	30450
chr2	29209915	29409915	harbor1	chr2	29243305	29243498	SINE/MIR	759	+	96	29243401	33486
chr2	29209915	29409915	harbor1	chr2	29244176	29244348	SINE/MIR	459	+	86	29244262	34347
chr2	29209915	29409915	harbor1	chr2	29254513	29254749	SINE/MIR	505	+	118	29254631	44716
chr2	29209915	29409915	harbor1	chr2	29291492	29291657	SINE/MIR	729	+	82	29291574	81659
chr2	29209915	29409915	harbor1	chr2	29304720	29304884	SINE/MIR	455	+	82	29304802	94887
chr2	196352248	196552248	harbor1	chr2	196358069	196358251	SINE/MIR	426	+	91	196358160	5912
chr2	196352248	196552248	harbor1	chr2	196372886	196373043	SINE/MIR	425	+	78	196372964	20716
chr2	196352248	196552248	harbor1	chr2	196435646	196435899	SINE/MIR	691	+	126	196435772	83524
chr2	139121758	139321758	harbor1	chr2	139156502	139156655	SINE/MIR	610	+	76	139156578	34820
chr2	139121758	139321758	harbor1	chr2	139157217	139157435	SINE/MIR	445	+	109	139157326	35568
chr2	139121758	139321758	harbor1	chr2	139157459	139157488	SINE/MIR	568	+	14	139157473	35715
chr2	139121758	139321758	harbor1	chr2	139157837	139158035	SINE/MIR	568	+	99	139157936	36178
chr2	139121758	139321758	harbor1	chr2	139216011	139216230	SINE/MIR	582	+	110	139216121	94363
chr2	171794890	171994890	harbor1	chr2	171880911	171881105	SINE/MIR	925	+	97	171881008	86118
chr2	96196591	96396591	harbor1	chr2	96233577	96233741	SINE/MIR	525	+	82	96233659	37068
chr2	96196591	96396591	harbor1	chr2	96259649	96259840	SINE/MIR	474	+	96	96259745	63154
chr2	116604199	116804199	harbor1	chr2	116676488	116676600	SINE/MIR	429	+	56	116676544	72345
chr2	116604199	116804199	harbor1	chr2	116692594	116692781	SINE/MIR	420	+	94	116692688	88489
chr2	69014801	69214801	harbor1	chr2	69023038	69023215	SINE/MIR	521	+	88	69023126	8325
chr2	69014801	69214801	harbor1	chr2	69026244	69026508	SINE/MIR	888	+	132	69026376	11575
chr2	69014801	69214801	harbor1	chr2	69043139	69043306	SINE/MIR	487	+	84	69043223	28422
chr2	69014801	69214801	harbor1	chr2	69054962	69055103	SINE/MIR	461	+	70	69055032	40231
chr2	69014801	69214801	harbor1	chr2	69055821	69056033	SINE/MIR	613	+	106	69055927	41126
chr2	69014801	69214801	harbor1	chr2	69069253	69069474	SINE/MIR	726	+	110	69069363	54562
chr2	69014801	69214801	harbor1	chr2	69069562	69069775	SINE/MIR	548	+	106	69069668	54867
chr2	69014801	69214801	harbor1	chr2	69101339	69101572	SINE/MIR	699	+	116	69101455	86654
chr2	69014801	69214801	harbor1	chr2	69108992	69109229	SINE/MIR	514	+	118	69109110	94309
chr2	133978193	134178193	harbor1	chr2	134059027	134059279	SINE/MIR	680	+	126	134059153	80960
chr2	133978193	134178193	harbor1	chr2	134077805	134078007	SINE/MIR	507	+	101	134077906	99713
chr2	221920783	222120783	harbor1	chr2	221934985	221935150	SINE/MIR	443	+	82	221935067	14284
chr2	221920783	222120783	harbor1	chr2	221957455	221957636	SINE/MIR	418	+	90	221957545	36762
chr2	221920783	222120783	harbor1	chr2	221965896	221966055	SINE/MIR	437	+	80	221965976	45193
chr2	221920783	222120783	harbor1	chr2	221999459	221999668	SINE/MIR	555	+	104	221999563	78780
chr2	221920783	222120783	harbor1	chr2	222018065	222018200	SINE/MIR	457	+	68	222018133	97350
chr2	123099682	123299682	harbor1	chr2	123142769	123142958	SINE/MIR	554	+	94	123142863	43181
chr2	189580564	189780564	harbor1	chr2	189586617	189586777	SINE/MIR	484	+	80	189586697	6133
chr2	189580564	189780564	harbor1	chr2	189592541	189592761	SINE/MIR	533	+	110	189592651	12087
chr2	189580564	189780564	harbor1	chr2	189615761	189615916	SINE/MIR	439	+	78	189615839	35275
chr2	189580564	189780564	harbor1	chr2	189617866	189618070	SINE/MIR	667	+	102	189617968	37404
chr2	189580564	189780564	harbor1	chr2	189623145	189623378	SINE/MIR	652	+	116	189623261	42697
chr2	189580564	189780564	harbor1	chr2	189647234	189647485	SINE/MIR	793	+	126	189647360	66796
chr2	189580564	189780564	harbor1	chr2	189649845	189650034	SINE/MIR	562	+	94	189649939	69375
chr2	102979449	103179449	harbor1	chr2	102982155	102982330	SINE/MIR	441	+	88	102982243	2794
chr2	102979449	103179449	harbor1	chr2	103030850	103031040	SINE/MIR	425	+	95	103030945	51496
chr2	39868772	40068772	harbor1	chr2	39876428	39876607	SINE/MIR	459	+	90	39876518	7746
chr2	39868772	40068772	harbor1	chr2	39883161	39883336	SINE/MIR	563	+	88	39883249	14477
chr2	39868772	40068772	harbor1	chr2	39943255	39943493	SINE/MIR	690	+	119	39943374	74602
chr2	39868772	40068772	harbor1	chr2	39953575	39953768	SINE/MIR	467	+	96	39953671	84899
chr2	23166736	23366736	harbor1	chr2	23200582	23200771	SINE/MIR	561	+	94	23200676	33940
chr2	23166736	23366736	harbor1	chr2	23203821	23204041	SINE/MIR	664	+	110	23203931	37195
chr2	78965850	79165850	harbor1	chr2	78981222	78981398	SINE/MIR	528	+	88	78981310	15460
chr2	78965850	79165850	harbor1	chr2	79019327	79019574	SINE/MIR	644	+	124	79019451	53601
chr2	180210023	180410023	harbor1	chr2	180221011	180221210	SINE/MIR	464	+	100	180221111	11088
chr2	180210023	180410023	harbor1	chr2	180268934	180269183	SINE/MIR	832	+	124	180269058	59035
chr2	153027578	153227578	harbor1	chr2	153114859	153115094	SINE/MIR	696	+	118	153114977	87399
chr2	97660687	97860687	harbor1	chr2	97708419	97708603	SINE/MIR	425	+	92	97708511	47824
chr2	97660687	97860687	harbor1	chr2	97714862	97714983	SINE/MIR	424	+	60	97714922	54235
chr2	97660687	97860687	harbor1	chr2	97715649	97715854	SINE/MIR	603	+	102	97715751	55064
chr2	97660687	97860687	harbor1	chr2	97729349	97729566	SINE/MIR	595	+	108	97729457	68770
chr2	97660687	97860687	harbor1	chr2	97744381	97744554	SINE/MIR	455	+	86	97744467	83780
chr2	1932616	2132616	harbor1	chr2	1997220	1997369	SINE/MIR	432	+	74	1997294	64678
chr2	169264857	169464857	harbor1	chr2	169319245	169319462	SINE/MIR	453	+	108	169319353	54496
chr2	169264857	169464857	harbor1	chr2	169338856	169339035	SINE/MIR	555	+	90	169338946	74089
chr2	169264857	169464857	harbor1	chr2	169348023	169348210	SINE/MIR	514	+	94	169348117	83260
chr2	169264857	169464857	harbor1	chr2	169360197	169360412	SINE/MIR	890	+	108	169360305	95448
chr2	186156725	186356725	harbor1	chr2	186218513	186218719	SINE/MIR	482	+	103	186218616	61891
chr2	186156725	186356725	harbor1	chr2	186254829	186255078	SINE/MIR	909	+	124	186254953	98228
chr2	135552252	135752252	harbor1	chr2	135569518	135569684	SINE/MIR	669	+	83	135569601	17349
chr2	135552252	135752252	harbor1	chr2	135595391	135595621	SINE/MIR	716	+	115	135595506	43254
chr2	135552252	135752252	harbor1	chr2	135598521	135598755	SINE/MIR	747	+	117	135598638	46386
chr2	51308644	51508644	harbor1	chr2	51329022	51329268	SINE/MIR	523	+	123	51329145	20501
chr2	51308644	51508644	harbor1	chr2	51338027	51338257	SINE/MIR	449	+	115	51338142	29498
chr2	230923629	231123629	harbor1	chr2	230987692	230987859	SINE/MIR	475	+	84	230987776	64147
chr2	230923629	231123629	harbor1	chr2	230999838	230999999	SINE/MIR	430	+	80	230999918	76289
chr2	230923629	231123629	harbor1	chr2	231004369	231004581	SINE/MIR	473	+	106	231004475	80846
chr2	230923629	231123629	harbor1	chr2	231004663	231004905	SINE/MIR	567	+	121	231004784	81155
chr2	161896896	162096896	harbor1	chr2	161947037	161947233	SINE/MIR	510	+	98	161947135	50239
chr2	161896896	162096896	harbor1	chr2	161950335	161950532	SINE/MIR	718	+	98	161950433	53537
chr2	179500518	179700518	harbor1	chr2	179553913	179554158	SINE/MIR	545	+	122	179554035	53517
chr2	179500518	179700518	harbor1	chr2	179565198	179565422	SINE/MIR	449	+	112	179565310	64792
chr2	179500518	179700518	harbor1	chr2	179570413	179570611	SINE/MIR	552	+	99	179570512	69994
chr2	237167582	237367582	harbor1	chr2	237183392	237183575	SINE/MIR	443	+	92	237183484	15902
chr2	237167582	237367582	harbor1	chr2	237221876	237222047	SINE/MIR	481	+	86	237221962	54380
chr2	229902204	230102204	harbor1	chr2	229983690	229983918	SINE/MIR	775	+	114	229983804	81600
chr2	229902204	230102204	harbor1	chr2	229989986	229990264	SINE/MIR	442	+	139	229990125	87921
chr2	232974640	233174640	harbor1	chr2	233018950	233019138	SINE/MIR	539	+	94	233019044	44404
chr2	232974640	233174640	harbor1	chr2	233033344	233033566	SINE/MIR	554	+	111	233033455	58815
chr2	232974640	233174640	harbor1	chr2	233050435	233050663	SINE/MIR	592	+	114	233050549	75909
chr2	117164905	117364905	harbor1	chr2	117188459	117188698	SINE/MIR	685	+	120	117188579	23674
chr2	117164905	117364905	harbor1	chr2	117222963	117223134	SINE/MIR	484	+	86	117223049	58144
chr2	3334893	3534893	harbor1	chr2	3344442	3344611	SINE/MIR	426	+	84	3344526	9633
chr2	3334893	3534893	harbor1	chr2	3375621	3375876	SINE/MIR	828	+	128	3375749	40856
chr2	3334893	3534893	harbor1	chr2	3386402	3386580	SINE/MIR	530	+	89	3386491	51598
chr2	3334893	3534893	harbor1	chr2	3425356	3425581	SINE/MIR	541	+	112	3425468	90575
chr2	218987074	219187074	harbor1	chr2	218987634	218987770	SINE/MIR	665	+	68	218987702	628
chr2	218987074	219187074	harbor1	chr2	218988074	218988177	SINE/MIR	665	+	52	218988126	1052
chr2	218987074	219187074	harbor1	chr2	219018555	219018785	SINE/MIR	478	+	115	219018670	31596
chr2	218987074	219187074	harbor1	chr2	219043679	219043887	SINE/MIR	803	+	104	219043783	56709
chr2	218987074	219187074	harbor1	chr2	219046277	219046530	SINE/MIR	472	+	126	219046403	59329
chr2	218987074	219187074	harbor1	chr2	219052831	219053080	SINE/MIR	784	+	124	219052955	65881
chr2	218987074	219187074	harbor1	chr2	219064418	219064602	SINE/MIR	589	+	92	219064510	77436
chr2	218987074	219187074	harbor1	chr2	219075104	219075325	SINE/MIR	637	+	110	219075214	88140
chr2	218987074	219187074	harbor1	chr2	219084542	219084708	SINE/MIR	542	+	83	219084625	97551
chr2	125467540	125667540	harbor1	chr2	125474443	125474615	SINE/MIR	428	+	86	125474529	6989
chr2	125467540	125667540	harbor1	chr2	125562854	125563021	SINE/MIR	418	+	84	125562938	95398
chr2	18668350	18868350	harbor1	chr2	18687015	18687206	SINE/MIR	467	+	96	18687111	18761
chr2	18668350	18868350	harbor1	chr2	18708135	18708342	SINE/MIR	423	+	104	18708239	39889
chr2	18668350	18868350	harbor1	chr2	18730761	18730907	SINE/MIR	527	+	73	18730834	62484
chr2	18668350	18868350	harbor1	chr2	18741411	18741665	SINE/MIR	582	+	127	18741538	73188
chr2	18668350	18868350	harbor1	chr2	18746413	18746650	SINE/MIR	594	+	118	18746531	78181
chr2	148754121	148954121	harbor1	chr2	148817995	148818168	SINE/MIR	452	+	86	148818081	63960
chr2	148754121	148954121	harbor1	chr2	148833220	148833461	SINE/MIR	593	+	120	148833340	79219
chr2	115845966	116045966	harbor1	chr2	115911831	115912074	SINE/MIR	476	+	122	115911953	65987
chr2	115845966	116045966	harbor1	chr2	115921135	115921344	SINE/MIR	805	+	104	115921239	75273
chr2	96692602	96892602	harbor1	chr2	96715797	96716008	SINE/MIR	668	+	106	96715903	23301
chr2	96692602	96892602	harbor1	chr2	96727903	96728058	SINE/MIR	588	+	78	96727981	35379
chr2	96692602	96892602	harbor1	chr2	96729293	96729489	SINE/MIR	455	+	98	96729391	36789
chr2	96692602	96892602	harbor1	chr2	96747812	96748009	SINE/MIR	418	+	98	96747910	55308
chr2	204903500	205103500	harbor1	chr2	204909506	204909650	SINE/MIR	447	+	72	204909578	6078
chr2	204903500	205103500	harbor1	chr2	204913265	204913439	SINE/MIR	436	+	87	204913352	9852
chr2	204903500	205103500	harbor1	chr2	204931165	204931393	SINE/MIR	737	+	114	204931279	27779
chr2	204903500	205103500	harbor1	chr2	204955627	204955763	SINE/MIR	566	+	68	204955695	52195
chr2	204903500	205103500	harbor1	chr2	204976254	204976515	SINE/MIR	698	+	130	204976384	72884
chr2	116428871	116628871	harbor1	chr2	116493450	116493697	SINE/MIR	518	+	124	116493574	64703
chr2	29361405	29561405	harbor1	chr2	29361502	29361648	SINE/MIR	459	+	73	29361575	170
chr2	29361405	29561405	harbor1	chr2	29378415	29378653	SINE/MIR	894	+	119	29378534	17129
chr2	29361405	29561405	harbor1	chr2	29381067	29381315	SINE/MIR	555	+	124	29381191	19786
chr2	29361405	29561405	harbor1	chr2	29387480	29387647	SINE/MIR	572	+	84	29387564	26159
chr2	29361405	29561405	harbor1	chr2	29388459	29388677	SINE/MIR	645	+	109	29388568	27163
chr2	29361405	29561405	harbor1	chr2	29391839	29392036	SINE/MIR	466	+	98	29391937	30532
chr2	29361405	29561405	harbor1	chr2	29424726	29424876	SINE/MIR	502	+	75	29424801	63396
chr2	29361405	29561405	harbor1	chr2	29442726	29442904	SINE/MIR	467	+	89	29442815	81410
chr2	40631039	40831039	harbor1	chr2	40640873	40641113	SINE/MIR	766	+	120	40640993	9954
chr2	40631039	40831039	harbor1	chr2	40689532	40689701	SINE/MIR	535	+	84	40689616	58577
chr2	205975460	206175460	harbor1	chr2	206020136	206020399	SINE/MIR	834	+	132	206020268	44808
chr2	205975460	206175460	harbor1	chr2	206045858	206045985	SINE/MIR	468	+	64	206045922	70462
chr2	205975460	206175460	harbor1	chr2	206064491	206064695	SINE/MIR	621	+	102	206064593	89133
chr2	109368384	109568384	harbor1	chr2	109385171	109385282	SINE/MIR	538	+	56	109385227	16843
chr2	109368384	109568384	harbor1	chr2	109392333	109392451	SINE/MIR	498	+	59	109392392	24008
chr2	109368384	109568384	harbor1	chr2	109456998	109457195	SINE/MIR	567	+	98	109457096	88712
chr2	21302947	21502947	harbor1	chr2	21316891	21317066	SINE/MIR	669	+	88	21316979	14032
chr2	21302947	21502947	harbor1	chr2	21370910	21371073	SINE/MIR	499	+	82	21370992	68045
chr2	21302947	21502947	harbor1	chr2	21372582	21372809	SINE/MIR	604	+	114	21372696	69749
chr2	191746117	191946117	harbor1	chr2	191747436	191747622	SINE/MIR	459	+	93	191747529	1412
chr2	191746117	191946117	harbor1	chr2	191775896	191776070	SINE/MIR	650	+	87	191775983	29866
chr2	191746117	191946117	harbor1	chr2	191796160	191796328	SINE/MIR	425	+	84	191796244	50127
chr2	191746117	191946117	harbor1	chr2	191816800	191816995	SINE/MIR	552	+	98	191816898	70781
chr2	191746117	191946117	harbor1	chr2	191843900	191844029	SINE/MIR	489	+	64	191843964	97847
chr2	32630991	32830991	harbor1	chr2	32671833	32672046	SINE/MIR	470	+	106	32671939	40948
chr2	32630991	32830991	harbor1	chr2	32703043	32703186	SINE/MIR	497	+	72	32703115	72124
chr2	32630991	32830991	harbor1	chr2	32703471	32703525	SINE/MIR	438	+	27	32703498	72507
chr2	32630991	32830991	harbor1	chr2	32717858	32718065	SINE/MIR	669	+	104	32717962	86971
chr2	19672922	19872922	harbor1	chr2	19675623	19675792	SINE/MIR	654	+	84	19675707	2785
chr2	19672922	19872922	harbor1	chr2	19693976	19694227	SINE/MIR	422	+	126	19694102	21180
chr2	19672922	19872922	harbor1	chr2	19731156	19731404	SINE/MIR	720	+	124	19731280	58358
chr2	19672922	19872922	harbor1	chr2	19739772	19739971	SINE/MIR	459	+	100	19739872	66950
chr2	19672922	19872922	harbor1	chr2	19743175	19743373	SINE/MIR	599	+	99	19743274	70352
chr2	19080776	19280776	harbor1	chr2	19115208	19115411	SINE/MIR	475	+	102	19115310	34534
chr2	19080776	19280776	harbor1	chr2	19118908	19119108	SINE/MIR	527	+	100	19119008	38232
chr2	19080776	19280776	harbor1	chr2	19122087	19122238	SINE/MIR	523	+	76	19122163	41387
chr2	19080776	19280776	harbor1	chr2	19138064	19138228	SINE/MIR	629	+	82	19138146	57370
chr2	76389566	76589566	harbor1	chr2	76394392	76394550	SINE/MIR	630	+	79	76394471	4905
chr2	76389566	76589566	harbor1	chr2	76394972	76395072	SINE/MIR	630	+	50	76395022	5456
chr2	76389566	76589566	harbor1	chr2	76465725	76465953	SINE/MIR	428	+	114	76465839	76273
chr2	29616251	29816251	harbor1	chr2	29631497	29631708	SINE/MIR	567	+	106	29631603	15352
chr2	29616251	29816251	harbor1	chr2	29693778	29693971	SINE/MIR	418	+	96	29693874	77623
chr2	29616251	29816251	harbor1	chr2	29705588	29705807	SINE/MIR	498	+	110	29705698	89447
chr2	29616251	29816251	harbor1	chr2	29706043	29706186	SINE/MIR	560	+	72	29706115	89864
chr2	204850530	205050530	harbor1	chr2	204896356	204896627	SINE/MIR	476	+	136	204896492	45962
chr2	204850530	205050530	harbor1	chr2	204909506	204909650	SINE/MIR	447	+	72	204909578	59048
chr2	204850530	205050530	harbor1	chr2	204913265	204913439	SINE/MIR	436	+	87	204913352	62822
chr2	204850530	205050530	harbor1	chr2	204931165	204931393	SINE/MIR	737	+	114	204931279	80749
chr2	196610425	196810425	harbor1	chr2	196636245	196636430	SINE/MIR	527	+	92	196636337	25912
chr2	196610425	196810425	harbor1	chr2	196696082	196696277	SINE/MIR	468	+	98	196696180	85755
chr3	13369420	13569420	harbor1	chr3	13371172	13371375	SINE/MIR	470	+	102	13371274	1854
chr3	13369420	13569420	harbor1	chr3	13394505	13394667	SINE/MIR	591	+	81	13394586	25166
chr3	13369420	13569420	harbor1	chr3	13407014	13407158	SINE/MIR	416	+	72	13407086	37666
chr3	95883953	96083953	harbor1	chr3	95982476	95982724	SINE/MIR	516	+	124	95982600	98647
chr3	73186653	73386653	harbor1	chr3	73218025	73218167	SINE/MIR	392	+	71	73218096	31443
chr3	73186653	73386653	harbor1	chr3	73235400	73235499	SINE/MIR	411	+	50	73235450	48797
chr3	73186653	73386653	harbor1	chr3	73268911	73269009	SINE/MIR	445	+	49	73268960	82307
chr3	73186653	73386653	harbor1	chr3	73275898	73275976	SINE/MIR	409	+	39	73275937	89284
chr3	170830118	171030118	harbor1	chr3	170854514	170854712	SINE/MIR	665	+	99	170854613	24495
chr3	170830118	171030118	harbor1	chr3	170864110	170864267	SINE/MIR	576	+	78	170864188	34070
chr3	85468218	85668218	harbor1	chr3	85480343	85480592	SINE/MIR	503	+	124	85480467	12249
chr3	85468218	85668218	harbor1	chr3	85528375	85528534	SINE/MIR	453	+	80	85528455	60237
chr3	85468218	85668218	harbor1	chr3	85548029	85548223	SINE/MIR	563	+	97	85548126	79908
chr3	2801402	3001402	harbor1	chr3	2804327	2804573	SINE/MIR	797	+	123	2804450	3048
chr3	2801402	3001402	harbor1	chr3	2826496	2826618	SINE/MIR	478	+	61	2826557	25155
chr3	2801402	3001402	harbor1	chr3	2855261	2855496	SINE/MIR	433	+	118	2855379	53977
chr3	2801402	3001402	harbor1	chr3	2862009	2862136	SINE/MIR	399	+	64	2862073	60671
chr3	2801402	3001402	harbor1	chr3	2871098	2871275	SINE/MIR	484	+	88	2871186	69784
chr3	180215742	180415742	harbor1	chr3	180224343	180224546	SINE/MIR	506	+	102	180224445	8703
chr3	180215742	180415742	harbor1	chr3	180279507	180279672	SINE/MIR	500	+	82	180279589	63847
chr3	180215742	180415742	harbor1	chr3	180288971	180289185	SINE/MIR	527	+	107	180289078	73336
chr3	167140906	167340906	harbor1	chr3	167175767	167175946	SINE/MIR	486	+	90	167175857	34951
chr3	167140906	167340906	harbor1	chr3	167223454	167223621	SINE/MIR	537	+	84	167223538	82632
chr3	167140906	167340906	harbor1	chr3	167230014	167230218	SINE/MIR	625	+	102	167230116	89210
chr3	148235898	148435898	harbor1	chr3	148265254	148265366	SINE/MIR	443	+	56	148265310	29412
chr3	148235898	148435898	harbor1	chr3	148274686	148274892	SINE/MIR	563	+	103	148274789	38891
chr3	148235898	148435898	harbor1	chr3	148295976	148296210	SINE/MIR	689	+	117	148296093	60195
chr3	148235898	148435898	harbor1	chr3	148296934	148297157	SINE/MIR	697	+	112	148297046	61148
chr3	85960814	86160814	harbor1	chr3	86028696	86028888	SINE/MIR	492	+	96	86028792	67978
chr3	85960814	86160814	harbor1	chr3	86036652	86036783	SINE/MIR	525	+	66	86036718	75904
chr3	62843731	63043731	harbor1	chr3	62845355	62845521	SINE/MIR	559	+	83	62845438	1707
chr3	62843731	63043731	harbor1	chr3	62863213	62863449	SINE/MIR	810	+	118	62863331	19600
chr3	62843731	63043731	harbor1	chr3	62883575	62883768	SINE/MIR	642	+	96	62883671	39940
chr3	62843731	63043731	harbor1	chr3	62901005	62901109	SINE/MIR	390	+	52	62901057	57326
chr3	62843731	63043731	harbor1	chr3	62903392	62903644	SINE/MIR	712	+	126	62903518	59787
chr3	62843731	63043731	harbor1	chr3	62909823	62909981	SINE/MIR	635	+	79	62909902	66171
chr3	62843731	63043731	harbor1	chr3	62913222	62913363	SINE/MIR	450	+	70	62913292	69561
chr3	62843731	63043731	harbor1	chr3	62927656	62927871	SINE/MIR	549	+	108	62927764	84033
chr3	78175664	78375664	harbor1	chr3	78204762	78204961	SINE/MIR	448	+	100	78204862	29198
chr3	78175664	78375664	harbor1	chr3	78210814	78211056	SINE/MIR	939	+	121	78210935	35271
chr3	78175664	78375664	harbor1	chr3	78256948	78257184	SINE/MIR	469	+	118	78257066	81402
chr3	78241197	78441197	harbor1	chr3	78256948	78257184	SINE/MIR	469	+	118	78257066	15869
chr3	78241197	78441197	harbor1	chr3	78284421	78284662	SINE/MIR	462	+	120	78284541	43344
chr3	78241197	78441197	harbor1	chr3	78294158	78294281	SINE/MIR	401	+	62	78294220	53023
chr3	78241197	78441197	harbor1	chr3	78319691	78319952	SINE/MIR	478	+	130	78319821	78624
chr3	78241197	78441197	harbor1	chr3	78332179	78332349	SINE/MIR	655	+	85	78332264	91067
chr3	6696378	6896378	harbor1	chr3	6724101	6724321	SINE/MIR	771	+	110	6724211	27833
chr3	6696378	6896378	harbor1	chr3	6761019	6761222	SINE/MIR	419	+	102	6761121	64743
chr3	187483700	187683700	harbor1	chr3	187485602	187485790	SINE/MIR	396	+	94	187485696	1996
chr3	187483700	187683700	harbor1	chr3	187547408	187547598	SINE/MIR	683	+	95	187547503	63803
chr3	187483700	187683700	harbor1	chr3	187548201	187548450	SINE/MIR	716	+	124	187548325	64625
chr3	187483700	187683700	harbor1	chr3	187565251	187565476	SINE/MIR	607	+	112	187565363	81663
chr3	187483700	187683700	harbor1	chr3	187572103	187572254	SINE/MIR	403	+	76	187572179	88479
chr3	127734383	127934383	harbor1	chr3	127737316	127737480	SINE/MIR	496	+	82	127737398	3015
chr3	127734383	127934383	harbor1	chr3	127739162	127739392	SINE/MIR	570	+	115	127739277	4894
chr3	127734383	127934383	harbor1	chr3	127745006	127745250	SINE/MIR	488	+	122	127745128	10745
chr3	127734383	127934383	harbor1	chr3	127773263	127773479	SINE/MIR	749	+	108	127773371	38988
chr3	127734383	127934383	harbor1	chr3	127777782	127777905	SINE/MIR	410	+	62	127777844	43461
chr3	127734383	127934383	harbor1	chr3	127786683	127786794	SINE/MIR	418	+	56	127786739	52356
chr3	127734383	127934383	harbor1	chr3	127790064	127790292	SINE/MIR	626	+	114	127790178	55795
chr3	127734383	127934383	harbor1	chr3	127800387	127800539	SINE/MIR	484	+	76	127800463	66080
chr3	127734383	127934383	harbor1	chr3	127805451	127805603	SINE/MIR	457	+	76	127805527	71144
chr3	127734383	127934383	harbor1	chr3	127818656	127818905	SINE/MIR	552	+	124	127818780	84397
chr3	127734383	127934383	harbor1	chr3	127832727	127832964	SINE/MIR	631	+	118	127832845	98462
chr3	98572522	98772522	harbor1	chr3	98602379	98602601	SINE/MIR	692	+	111	98602490	29968
chr3	98572522	98772522	harbor1	chr3	98619504	98619671	SINE/MIR	585	+	84	98619588	47066
chr3	98572522	98772522	harbor1	chr3	98664910	98665067	SINE/MIR	452	+	78	98664988	92466
chr3	98572522	98772522	harbor1	chr3	98669951	98670155	SINE/MIR	477	+	102	98670053	97531
chr3	73785099	73985099	harbor1	chr3	73798938	73799136	SINE/MIR	623	+	99	73799037	13938
chr3	73785099	73985099	harbor1	chr3	73800871	73801078	SINE/MIR	517	+	104	73800975	15876
chr3	73785099	73985099	harbor1	chr3	73805064	73805237	SINE/MIR	391	+	86	73805150	20051
chr3	73785099	73985099	harbor1	chr3	73819431	73819616	SINE/MIR	493	+	92	73819523	34424
chr3	73785099	73985099	harbor1	chr3	73846254	73846489	SINE/MIR	609	+	118	73846372	61273
chr3	73785099	73985099	harbor1	chr3	73871049	73871216	SINE/MIR	394	+	84	73871133	86034
chr3	73785099	73985099	harbor1	chr3	73873484	73873636	SINE/MIR	608	+	76	73873560	88461
chr3	166218706	166418706	harbor1	chr3	166255779	166255974	SINE/MIR	569	+	98	166255877	37171
chr3	166218706	166418706	harbor1	chr3	166266988	166267207	SINE/MIR	404	+	110	166267098	48392
chr3	166218706	166418706	harbor1	chr3	166310655	166310887	SINE/MIR	442	+	116	166310771	92065
chr3	166218706	166418706	harbor1	chr3	166314217	166314424	SINE/MIR	398	+	104	166314321	95615
chr3	64137021	64337021	harbor1	chr3	64141220	64141470	SINE/MIR	1011	+	125	64141345	4324
chr3	64137021	64337021	harbor1	chr3	64144216	64144457	SINE/MIR	781	+	120	64144336	7315
chr3	64137021	64337021	harbor1	chr3	64150252	64150368	SINE/MIR	561	+	58	64150310	13289
chr3	64137021	64337021	harbor1	chr3	64172426	64172634	SINE/MIR	548	+	104	64172530	35509
chr3	64137021	64337021	harbor1	chr3	64191440	64191674	SINE/MIR	827	+	117	64191557	54536
chr3	64137021	64337021	harbor1	chr3	64218433	64218668	SINE/MIR	650	+	118	64218551	81530
chr3	64137021	64337021	harbor1	chr3	64219789	64220001	SINE/MIR	619	+	106	64219895	82874
chr3	64137021	64337021	harbor1	chr3	64226357	64226457	SINE/MIR	391	+	50	64226407	89386
chr3	64137021	64337021	harbor1	chr3	64227589	64227801	SINE/MIR	587	+	106	64227695	90674
chr3	64137021	64337021	harbor1	chr3	64230662	64230863	SINE/MIR	484	+	100	64230762	93741
chr3	61604058	61804058	harbor1	chr3	61610039	61610268	SINE/MIR	765	+	114	61610153	6095
chr3	61604058	61804058	harbor1	chr3	61611171	61611369	SINE/MIR	392	+	99	61611270	7212
chr3	61604058	61804058	harbor1	chr3	61614253	61614401	SINE/MIR	686	+	74	61614327	10269
chr3	61604058	61804058	harbor1	chr3	61624668	61624778	SINE/MIR	477	+	55	61624723	20665
chr3	61604058	61804058	harbor1	chr3	61637262	61637467	SINE/MIR	464	+	102	61637364	33306
chr3	61604058	61804058	harbor1	chr3	61660452	61660660	SINE/MIR	498	+	104	61660556	56498
chr3	61604058	61804058	harbor1	chr3	61663368	61663488	SINE/MIR	473	+	60	61663428	59370
chr3	61604058	61804058	harbor1	chr3	61663978	61664001	SINE/MIR	473	+	12	61663990	59932
chr3	143042067	143242067	harbor1	chr3	143053230	143053474	SINE/MIR	744	+	122	143053352	11285
chr3	168329466	168529466	harbor1	chr3	168334307	168334420	SINE/MIR	450	+	56	168334363	4897
chr3	168329466	168529466	harbor1	chr3	168334775	168334802	SINE/MIR	450	+	14	168334789	5323
chr3	168329466	168529466	harbor1	chr3	168337552	168337789	SINE/MIR	619	+	118	168337670	8204
chr3	168329466	168529466	harbor1	chr3	168338314	168338511	SINE/MIR	421	+	98	168338412	8946
chr3	168329466	168529466	harbor1	chr3	168360713	168360939	SINE/MIR	485	+	113	168360826	31360
chr3	178024200	178224200	harbor1	chr3	178055079	178055294	SINE/MIR	563	+	108	178055187	30987
chr3	178024200	178224200	harbor1	chr3	178097114	178097308	SINE/MIR	597	+	97	178097211	73011
chr3	178024200	178224200	harbor1	chr3	178104222	178104329	SINE/MIR	732	+	54	178104276	80076
chr3	178024200	178224200	harbor1	chr3	178104592	178104732	SINE/MIR	732	+	70	178104662	80462
chr3	178024200	178224200	harbor1	chr3	178116192	178116398	SINE/MIR	582	+	103	178116295	92095
chr3	177329771	177529771	harbor1	chr3	177343012	177343216	SINE/MIR	527	+	102	177343114	13343
chr3	177329771	177529771	harbor1	chr3	177401507	177401738	SINE/MIR	477	+	116	177401623	71852
chr3	148748364	148948364	harbor1	chr3	148773115	148773357	SINE/MIR	560	+	121	148773236	24872
chr3	148748364	148948364	harbor1	chr3	148797067	148797253	SINE/MIR	605	+	93	148797160	48796
chr3	148748364	148948364	harbor1	chr3	148830327	148830566	SINE/MIR	923	+	120	148830447	82083
chr3	148748364	148948364	harbor1	chr3	148835896	148836085	SINE/MIR	704	+	94	148835990	87626
chr3	188690527	188890527	harbor1	chr3	188693170	188693367	SINE/MIR	538	+	98	188693268	2741
chr3	188690527	188890527	harbor1	chr3	188694998	188695170	SINE/MIR	417	+	86	188695084	4557
chr3	188690527	188890527	harbor1	chr3	188744456	188744613	SINE/MIR	548	+	78	188744534	54007
chr3	188690527	188890527	harbor1	chr3	188751605	188751852	SINE/MIR	752	+	124	188751729	61202
chr3	188690527	188890527	harbor1	chr3	188753089	188753281	SINE/MIR	449	+	96	188753185	62658
chr3	188690527	188890527	harbor1	chr3	188758771	188758967	SINE/MIR	758	+	98	188758869	68342
chr3	188690527	188890527	harbor1	chr3	188762182	188762332	SINE/MIR	403	+	75	188762257	71730
chr3	188690527	188890527	harbor1	chr3	188764214	188764384	SINE/MIR	389	+	85	188764299	73772
chr3	188690527	188890527	harbor1	chr3	188782323	188782565	SINE/MIR	507	+	121	188782444	91917
chr3	188690527	188890527	harbor1	chr3	188710860	188711046	SINE/MIR	530	+	93	188710953	20426
chr3	188690527	188890527	harbor1	chr3	188727116	188727313	SINE/MIR	552	+	98	188727214	36687
chr3	14456512	14656512	harbor1	chr3	14459741	14459882	SINE/MIR	397	+	70	14459811	3299
chr3	14456512	14656512	harbor1	chr3	14463168	14463388	SINE/MIR	566	+	110	14463278	6766
chr3	14456512	14656512	harbor1	chr3	14464312	14464506	SINE/MIR	703	+	97	14464409	7897
chr3	14456512	14656512	harbor1	chr3	14480044	14480126	SINE/MIR	393	+	41	14480085	23573
chr3	14456512	14656512	harbor1	chr3	14490140	14490325	SINE/MIR	759	+	92	14490232	33720
chr3	14456512	14656512	harbor1	chr3	14507931	14508104	SINE/MIR	474	+	86	14508017	51505
chr3	14456512	14656512	harbor1	chr3	14511530	14511742	SINE/MIR	536	+	106	14511636	55124
chr3	14456512	14656512	harbor1	chr3	14514054	14514239	SINE/MIR	555	+	92	14514146	57634
chr3	14456512	14656512	harbor1	chr3	14518740	14518956	SINE/MIR	943	+	108	14518848	62336
chr3	14456512	14656512	harbor1	chr3	14535220	14535393	SINE/MIR	613	+	86	14535306	78794
chr3	14456512	14656512	harbor1	chr3	14539087	14539294	SINE/MIR	883	+	104	14539191	82679
chr3	14456512	14656512	harbor1	chr3	14543863	14543988	SINE/MIR	410	+	62	14543925	87413
chr3	14456512	14656512	harbor1	chr3	14544045	14544182	SINE/MIR	449	+	68	14544113	87601
chr3	14456512	14656512	harbor1	chr3	14551768	14551969	SINE/MIR	670	+	100	14551868	95356
chr3	14456512	14656512	harbor1	chr3	14554760	14554921	SINE/MIR	586	+	80	14554840	98328
chr3	183960284	184160284	harbor1	chr3	184045534	184045660	SINE/MIR	410	+	63	184045597	85313
chr3	125839499	126039499	harbor1	chr3	125883160	125883323	SINE/MIR	576	+	82	125883242	43743
chr3	125839499	126039499	harbor1	chr3	125883797	125884000	SINE/MIR	518	+	102	125883899	44400
chr3	125839499	126039499	harbor1	chr3	125908749	125908967	SINE/MIR	632	+	109	125908858	69359
chr3	125839499	126039499	harbor1	chr3	125917658	125917903	SINE/MIR	891	+	122	125917780	78281
chr3	167028592	167228592	harbor1	chr3	167091019	167091211	SINE/MIR	389	+	96	167091115	62523
chr3	130348148	130548148	harbor1	chr3	130349282	130349489	SINE/MIR	518	+	104	130349386	1238
chr3	130348148	130548148	harbor1	chr3	130352836	130353008	SINE/MIR	396	+	86	130352922	4774
chr3	130348148	130548148	harbor1	chr3	130373287	130373450	SINE/MIR	551	+	82	130373369	25221
chr3	130348148	130548148	harbor1	chr3	130377638	130377813	SINE/MIR	600	+	88	130377726	29578
chr3	130348148	130548148	harbor1	chr3	130386155	130386368	SINE/MIR	565	+	106	130386261	38113
chr3	130348148	130548148	harbor1	chr3	130394244	130394472	SINE/MIR	473	+	114	130394358	46210
chr3	130348148	130548148	harbor1	chr3	130423942	130424160	SINE/MIR	701	+	109	130424051	75903
chr3	41775781	41975781	harbor1	chr3	41807470	41807670	SINE/MIR	421	+	100	41807570	31789
chr3	22629002	22829002	harbor1	chr3	22722726	22722830	SINE/MIR	401	+	52	22722778	93776
chr3	53184757	53384757	harbor1	chr3	53189436	53189649	SINE/MIR	529	+	106	53189542	4785
chr3	53184757	53384757	harbor1	chr3	53194371	53194525	SINE/MIR	435	+	77	53194448	9691
chr3	53184757	53384757	harbor1	chr3	53194925	53195170	SINE/MIR	453	+	122	53195047	10290
chr3	53184757	53384757	harbor1	chr3	53200019	53200225	SINE/MIR	504	+	103	53200122	15365
chr3	53184757	53384757	harbor1	chr3	53239963	53240132	SINE/MIR	402	+	84	53240047	55290
chr3	129482114	129682114	harbor1	chr3	129486254	129486417	SINE/MIR	395	+	82	129486336	4222
chr3	129482114	129682114	harbor1	chr3	129487330	129487461	SINE/MIR	395	+	66	129487396	5282
chr3	129482114	129682114	harbor1	chr3	129488497	129488662	SINE/MIR	485	+	82	129488579	6465
chr3	129482114	129682114	harbor1	chr3	129494733	129494934	SINE/MIR	396	+	100	129494833	12719
chr3	129482114	129682114	harbor1	chr3	129509854	129509979	SINE/MIR	525	+	62	129509916	27802
chr3	129482114	129682114	harbor1	chr3	129511966	129512217	SINE/MIR	668	+	126	129512092	29978
chr3	129482114	129682114	harbor1	chr3	129515018	129515205	SINE/MIR	396	+	94	129515112	32998
chr3	129482114	129682114	harbor1	chr3	129533224	129533394	SINE/MIR	473	+	85	129533309	51195
chr3	129482114	129682114	harbor1	chr3	129537754	129537907	SINE/MIR	403	+	76	129537830	55716
chr3	129482114	129682114	harbor1	chr3	129559222	129559399	SINE/MIR	397	+	88	129559310	77196
chr3	129482114	129682114	harbor1	chr3	129569992	129570199	SINE/MIR	739	+	104	129570096	87982
chr3	129482114	129682114	harbor1	chr3	129576603	129576813	SINE/MIR	403	+	105	129576708	94594
chr3	129482114	129682114	harbor1	chr3	129482642	129482858	SINE/MIR	584	+	108	129482750	636
chr3	163586393	163786393	harbor1	chr3	163606536	163606734	SINE/MIR	433	+	99	163606635	20242
chr3	163065342	163265342	harbor1	chr3	163095591	163095758	SINE/MIR	427	+	84	163095675	30333
chr3	76534770	76734770	harbor1	chr3	76543513	76543687	SINE/MIR	451	+	87	76543600	8830
chr3	76534770	76734770	harbor1	chr3	76544630	76544848	SINE/MIR	538	+	109	76544739	9969
chr3	76534770	76734770	harbor1	chr3	76562114	76562331	SINE/MIR	496	+	108	76562222	27452
chr3	76534770	76734770	harbor1	chr3	76573137	76573303	SINE/MIR	527	+	83	76573220	38450
chr3	76534770	76734770	harbor1	chr3	76578042	76578232	SINE/MIR	491	+	95	76578137	43367
chr3	76534770	76734770	harbor1	chr3	76621526	76621734	SINE/MIR	780	+	104	76621630	86860
chr3	172006451	172206451	harbor1	chr3	172007317	172007494	SINE/MIR	469	+	88	172007405	954
chr3	182615194	182815194	harbor1	chr3	182615042	182615267	SINE/MIR	804	+	112	182615154	40
chr3	182615194	182815194	harbor1	chr3	182637367	182637587	SINE/MIR	515	+	110	182637477	22283
chr3	182615194	182815194	harbor1	chr3	182645051	182645192	SINE/MIR	410	+	70	182645121	29927
chr3	182615194	182815194	harbor1	chr3	182711245	182711467	SINE/MIR	778	+	111	182711356	96162
chr3	182615194	182815194	harbor1	chr3	182711500	182711686	SINE/MIR	817	+	93	182711593	96399
chr3	146369564	146569564	harbor1	chr3	146380114	146380316	SINE/MIR	493	+	101	146380215	10651
chr3	146369564	146569564	harbor1	chr3	146459411	146459592	SINE/MIR	623	+	90	146459501	89937
chr3	111054285	111254285	harbor1	chr3	111075357	111075549	SINE/MIR	480	+	96	111075453	21168
chr3	99346211	99546211	harbor1	chr3	99346112	99346351	SINE/MIR	580	+	120	99346232	21
chr3	99346211	99546211	harbor1	chr3	99358324	99358532	SINE/MIR	876	+	104	99358428	12217
chr3	99346211	99546211	harbor1	chr3	99389187	99389423	SINE/MIR	489	+	118	99389305	43094
chr3	99346211	99546211	harbor1	chr3	99428174	99428362	SINE/MIR	482	+	94	99428268	82057
chr3	30117745	30317745	harbor1	chr3	30120566	30120736	SINE/MIR	574	+	85	30120651	2906
chr3	30117745	30317745	harbor1	chr3	30156552	30156680	SINE/MIR	419	+	64	30156616	38871
chr3	30117745	30317745	harbor1	chr3	30163530	30163686	SINE/MIR	587	+	78	30163608	45863
chr3	188280595	188480595	harbor1	chr3	188285035	188285194	SINE/MIR	411	+	80	188285115	4520
chr3	188280595	188480595	harbor1	chr3	188290283	188290527	SINE/MIR	781	+	122	188290405	9810
chr3	188280595	188480595	harbor1	chr3	188322668	188322907	SINE/MIR	685	+	120	188322788	42193
chr3	188280595	188480595	harbor1	chr3	188331753	188331977	SINE/MIR	454	+	112	188331865	51270
chr3	188280595	188480595	harbor1	chr3	188341234	188341419	SINE/MIR	575	+	92	188341326	60731
chr3	188280595	188480595	harbor1	chr3	188341453	188341599	SINE/MIR	456	+	73	188341526	60931
chr3	188280595	188480595	harbor1	chr3	188344386	188344579	SINE/MIR	431	+	96	188344482	63887
chr3	188280595	188480595	harbor1	chr3	188363980	188364207	SINE/MIR	501	+	114	188364094	83499
chr3	188280595	188480595	harbor1	chr3	188369344	188369602	SINE/MIR	661	+	129	188369473	88878
chr3	115167125	115367125	harbor1	chr3	115251411	115251638	SINE/MIR	694	+	114	115251525	84400
chr3	115167125	115367125	harbor1	chr3	115253496	115253735	SINE/MIR	531	+	120	115253616	86491
chr3	44662630	44862630	harbor1	chr3	44684854	44685040	SINE/MIR	615	+	93	44684947	22317
chr3	17160529	17360529	harbor1	chr3	17176048	17176306	SINE/MIR	643	+	129	17176177	15648
chr3	17160529	17360529	harbor1	chr3	17179529	17179715	SINE/MIR	394	+	93	17179622	19093
chr3	17160529	17360529	harbor1	chr3	17184846	17185047	SINE/MIR	713	+	100	17184946	24417
chr3	17160529	17360529	harbor1	chr3	17188978	17189186	SINE/MIR	474	+	104	17189082	28553
chr3	17160529	17360529	harbor1	chr3	17191135	17191409	SINE/MIR	615	+	137	17191272	30743
chr3	17160529	17360529	harbor1	chr3	17193728	17193874	SINE/MIR	533	+	73	17193801	33272
chr3	31895932	32095932	harbor1	chr3	31902080	31902227	SINE/MIR	508	+	74	31902154	6222
chr3	173952404	174152404	harbor1	chr3	173970637	173970764	SINE/MIR	454	+	64	173970701	18297
chr3	173952404	174152404	harbor1	chr3	173972963	173973207	SINE/MIR	627	+	122	173973085	20681
chr3	173952404	174152404	harbor1	chr3	174005760	174005906	SINE/MIR	392	+	73	174005833	53429
chr3	173952404	174152404	harbor1	chr3	174011599	174011762	SINE/MIR	475	+	82	174011681	59277
chr3	173952404	174152404	harbor1	chr3	174014677	174014889	SINE/MIR	628	+	106	174014783	62379
chr3	189905305	190105305	harbor1	chr3	189941828	189941936	SINE/MIR	433	+	54	189941882	36577
chr3	189905305	190105305	harbor1	chr3	189947973	189948146	SINE/MIR	541	+	86	189948059	42754
chr3	18858148	19058148	harbor1	chr3	18861178	18861348	SINE/MIR	435	+	85	18861263	3115
chr3	18858148	19058148	harbor1	chr3	18874458	18874632	SINE/MIR	429	+	87	18874545	16397
chr3	18858148	19058148	harbor1	chr3	18885137	18885362	SINE/MIR	562	+	112	18885249	27101
chr3	18858148	19058148	harbor1	chr3	18895979	18896223	SINE/MIR	599	+	122	18896101	37953
chr3	47212979	47412979	harbor1	chr3	47244435	47244610	SINE/MIR	549	+	88	47244523	31544
chr3	47212979	47412979	harbor1	chr3	47287262	47287452	SINE/MIR	562	+	95	47287357	74378
chr3	169792947	169992947	harbor1	chr3	169797749	169797948	SINE/MIR	482	+	100	169797849	4902
chr3	169792947	169992947	harbor1	chr3	169850569	169850793	SINE/MIR	790	+	112	169850681	57734
chr3	169792947	169992947	harbor1	chr3	169851988	169852115	SINE/MIR	587	+	64	169852052	59105
chr3	169792947	169992947	harbor1	chr3	169852432	169852547	SINE/MIR	587	+	58	169852490	59543
chr3	120420998	120620998	harbor1	chr3	120425433	120425622	SINE/MIR	525	+	94	120425527	4529
chr3	120420998	120620998	harbor1	chr3	120449140	120449361	SINE/MIR	726	+	110	120449250	28252
chr3	120420998	120620998	harbor1	chr3	120454483	120454720	SINE/MIR	882	+	118	120454601	33603
chr3	120420998	120620998	harbor1	chr3	120463036	120463204	SINE/MIR	530	+	84	120463120	42122
chr3	120420998	120620998	harbor1	chr3	120467230	120467464	SINE/MIR	404	+	117	120467347	46349
chr3	120420998	120620998	harbor1	chr3	120487618	120487812	SINE/MIR	516	+	97	120487715	66717
chr3	62270200	62470200	harbor1	chr3	62289118	62289317	SINE/MIR	494	+	100	62289218	19018
chr3	62270200	62470200	harbor1	chr3	62299834	62300074	SINE/MIR	688	+	120	62299954	29754
chr3	62270200	62470200	harbor1	chr3	62316576	62316738	SINE/MIR	550	+	81	62316657	46457
chr3	62270200	62470200	harbor1	chr3	62368283	62368465	SINE/MIR	404	+	91	62368374	98174
chr3	29071713	29271713	harbor1	chr3	29076562	29076803	SINE/MIR	499	+	120	29076682	4969
chr3	29071713	29271713	harbor1	chr3	29105627	29105832	SINE/MIR	687	+	102	29105729	34016
chr3	29071713	29271713	harbor1	chr3	29105991	29106034	SINE/MIR	687	+	22	29106013	34300
chr3	127118619	127318619	harbor1	chr3	127160156	127160280	SINE/MIR	425	+	62	127160218	41599
chr3	127118619	127318619	harbor1	chr3	127173578	127173790	SINE/MIR	547	+	106	127173684	55065
chr3	65366094	65566094	harbor1	chr3	65366022	65366220	SINE/MIR	457	+	99	65366121	27
chr3	65366094	65566094	harbor1	chr3	65366541	65366773	SINE/MIR	527	+	116	65366657	563
chr3	65366094	65566094	harbor1	chr3	65382709	65382925	SINE/MIR	655	+	108	65382817	16723
chr3	65366094	65566094	harbor1	chr3	65423635	65423850	SINE/MIR	754	+	108	65423743	57649
chr3	65366094	65566094	harbor1	chr3	65434142	65434350	SINE/MIR	861	+	104	65434246	68152
chr3	65366094	65566094	harbor1	chr3	65445160	65445363	SINE/MIR	530	+	102	65445262	79168
chr3	166890196	167090196	harbor1	chr3	166922194	166922444	SINE/MIR	578	+	125	166922319	32123
chr3	115434438	115634438	harbor1	chr3	115525333	115525569	SINE/MIR	561	+	118	115525451	91013
chr3	144120876	144320876	harbor1	chr3	144149994	144150163	SINE/MIR	417	+	84	144150078	29202
chr3	144120876	144320876	harbor1	chr3	144157236	144157363	SINE/MIR	503	+	64	144157300	36424
chr3	144120876	144320876	harbor1	chr3	144159435	144159577	SINE/MIR	490	+	71	144159506	38630
chr3	108503691	108703691	harbor1	chr3	108527704	108527841	SINE/MIR	602	+	68	108527772	24081
chr3	108503691	108703691	harbor1	chr3	108528173	108528257	SINE/MIR	602	+	42	108528215	24524
chr3	108503691	108703691	harbor1	chr3	108533288	108533547	SINE/MIR	518	+	130	108533418	29727
chr3	9547620	9747620	harbor1	chr3	9548113	9548298	SINE/MIR	824	+	92	9548205	585
chr3	9547620	9747620	harbor1	chr3	9550322	9550524	SINE/MIR	470	+	101	9550423	2803
chr3	9547620	9747620	harbor1	chr3	9557596	9557818	SINE/MIR	705	+	111	9557707	10087
chr3	9547620	9747620	harbor1	chr3	9559133	9559347	SINE/MIR	466	+	107	9559240	11620
chr3	19646513	19846513	harbor1	chr3	19700001	19700216	SINE/MIR	490	+	108	19700109	53596
chr3	19646513	19846513	harbor1	chr3	19718559	19718695	SINE/MIR	454	+	68	19718627	72114
chr3	19419056	19619056	harbor1	chr3	19435267	19435389	SINE/MIR	414	+	61	19435328	16272
chr3	19419056	19619056	harbor1	chr3	19508391	19508603	SINE/MIR	484	+	106	19508497	89441
chr3	19419056	19619056	harbor1	chr3	19518144	19518373	SINE/MIR	750	+	114	19518258	99202
chr3	63166434	63366434	harbor1	chr3	63202071	63202247	SINE/MIR	429	+	88	63202159	35725
chr3	63166434	63366434	harbor1	chr3	63221689	63221935	SINE/MIR	698	+	123	63221812	55378
chr3	63166434	63366434	harbor1	chr3	63229101	63229269	SINE/MIR	464	+	84	63229185	62751
chr3	63166434	63366434	harbor1	chr3	63230611	63230854	SINE/MIR	738	+	122	63230733	64299
chr3	63166434	63366434	harbor1	chr3	63248192	63248313	SINE/MIR	439	+	60	63248252	81818
chr3	194322481	194522481	harbor1	chr3	194343626	194343837	SINE/MIR	757	+	106	194343732	21251
chr3	194322481	194522481	harbor1	chr3	194346547	194346751	SINE/MIR	739	+	102	194346649	24168
chr3	194322481	194522481	harbor1	chr3	194350403	194350621	SINE/MIR	572	+	109	194350512	28031
chr3	194322481	194522481	harbor1	chr3	194353440	194353579	SINE/MIR	459	+	70	194353510	31029
chr3	194322481	194522481	harbor1	chr3	194354574	194354745	SINE/MIR	467	+	86	194354660	32179
chr3	194322481	194522481	harbor1	chr3	194366247	194366362	SINE/MIR	509	+	58	194366305	43824
chr3	43067022	43267022	harbor1	chr3	43103748	43103939	SINE/MIR	552	+	96	43103844	36822
chr3	43067022	43267022	harbor1	chr3	43121678	43121901	SINE/MIR	554	+	112	43121790	54768
chr3	43067022	43267022	harbor1	chr3	43151346	43151478	SINE/MIR	423	+	66	43151412	84390
chr3	38667832	38867832	harbor1	chr3	38700985	38701170	SINE/MIR	409	+	92	38701077	33245
chr3	38667832	38867832	harbor1	chr3	38721884	38722007	SINE/MIR	391	+	62	38721946	54114
chr3	38667832	38867832	harbor1	chr3	38725461	38725677	SINE/MIR	559	+	108	38725569	57737
chr3	38667832	38867832	harbor1	chr3	38738976	38739228	SINE/MIR	482	+	126	38739102	71270
chr3	38667832	38867832	harbor1	chr3	38739989	38740194	SINE/MIR	556	+	102	38740091	72259
chr3	38667832	38867832	harbor1	chr3	38740551	38740767	SINE/MIR	487	+	108	38740659	72827
chr3	38667832	38867832	harbor1	chr3	38741350	38741546	SINE/MIR	697	+	98	38741448	73616
chr3	38667832	38867832	harbor1	chr3	38763261	38763475	SINE/MIR	496	+	107	38763368	95536
chr3	73472072	73672072	harbor1	chr3	73477147	73477233	SINE/MIR	426	+	43	73477190	5118
chr3	73472072	73672072	harbor1	chr3	73499733	73499956	SINE/MIR	593	+	112	73499845	27773
chr3	73472072	73672072	harbor1	chr3	73525982	73526238	SINE/MIR	745	+	128	73526110	54038
chr3	73472072	73672072	harbor1	chr3	73527138	73527286	SINE/MIR	457	+	74	73527212	55140
chr3	73472072	73672072	harbor1	chr3	73529788	73530006	SINE/MIR	861	+	109	73529897	57825
chr3	73472072	73672072	harbor1	chr3	73554214	73554352	SINE/MIR	467	+	69	73554283	82211
chr3	73472072	73672072	harbor1	chr3	73564721	73564924	SINE/MIR	749	+	102	73564823	92751
chr3	73472072	73672072	harbor1	chr3	73569759	73569934	SINE/MIR	456	+	88	73569847	97775
chr3	195300274	195500274	harbor1	chr3	195389871	195389913	SINE/MIR	791	+	21	195389892	89618
chr3	195300274	195500274	harbor1	chr3	195390212	195390414	SINE/MIR	791	+	101	195390313	90039
chr3	195300274	195500274	harbor1	chr3	195391563	195391698	SINE/MIR	553	+	68	195391631	91357
chr3	14776796	14976796	harbor1	chr3	14783872	14784051	SINE/MIR	425	+	90	14783962	7166
chr3	14776796	14976796	harbor1	chr3	14786178	14786373	SINE/MIR	550	+	98	14786276	9480
chr3	14776796	14976796	harbor1	chr3	14799108	14799348	SINE/MIR	876	+	120	14799228	22432
chr3	14776796	14976796	harbor1	chr3	14806482	14806736	SINE/MIR	684	+	127	14806609	29813
chr3	14776796	14976796	harbor1	chr3	14807492	14807701	SINE/MIR	499	+	104	14807596	30800
chr3	14776796	14976796	harbor1	chr3	14808194	14808307	SINE/MIR	416	+	56	14808250	31454
chr3	14776796	14976796	harbor1	chr3	14812678	14812870	SINE/MIR	490	+	96	14812774	35978
chr3	14776796	14976796	harbor1	chr3	14821627	14821819	SINE/MIR	452	+	96	14821723	44927
chr3	14776796	14976796	harbor1	chr3	14822128	14822210	SINE/MIR	449	+	41	14822169	45373
chr3	14776796	14976796	harbor1	chr3	14826429	14826646	SINE/MIR	663	+	108	14826537	49741
chr3	14776796	14976796	harbor1	chr3	14834219	14834459	SINE/MIR	1065	+	120	14834339	57543
chr3	14776796	14976796	harbor1	chr3	14839197	14839349	SINE/MIR	405	+	76	14839273	62477
chr3	14776796	14976796	harbor1	chr3	14844619	14844799	SINE/MIR	685	+	90	14844709	67913
chr3	14776796	14976796	harbor1	chr3	14846720	14846886	SINE/MIR	420	+	83	14846803	70007
chr3	14776796	14976796	harbor1	chr3	14849473	14849666	SINE/MIR	449	+	96	14849569	72773
chr3	14776796	14976796	harbor1	chr3	14866484	14866686	SINE/MIR	500	+	101	14866585	89789
chr3	106161167	106361167	harbor1	chr3	106183561	106183773	SINE/MIR	397	+	106	106183667	22500
chr3	106161167	106361167	harbor1	chr3	106247112	106247247	SINE/MIR	388	+	68	106247180	86013
chr3	110428521	110628521	harbor1	chr3	110434899	110435111	SINE/MIR	419	+	106	110435005	6484
chr3	110428521	110628521	harbor1	chr3	110518419	110518589	SINE/MIR	509	+	85	110518504	89983
chr3	85683345	85883345	harbor1	chr3	85725902	85726115	SINE/MIR	653	+	106	85726008	42663
chr3	85683345	85883345	harbor1	chr3	85770040	85770163	SINE/MIR	412	+	62	85770102	86757
chr3	132010545	132210545	harbor1	chr3	132027211	132027402	SINE/MIR	465	+	96	132027307	16762
chr3	132010545	132210545	harbor1	chr3	132086310	132086557	SINE/MIR	600	+	124	132086434	75889
chr3	132010545	132210545	harbor1	chr3	132090798	132090908	SINE/MIR	406	+	55	132090853	80308
chr3	44992868	45192868	harbor1	chr3	44994024	44994252	SINE/MIR	882	+	114	44994138	1270
chr3	44992868	45192868	harbor1	chr3	45008528	45008696	SINE/MIR	412	+	84	45008612	15744
chr3	44992868	45192868	harbor1	chr3	45025878	45026006	SINE/MIR	471	+	64	45025942	33074
chr3	44992868	45192868	harbor1	chr3	45029938	45030150	SINE/MIR	426	+	106	45030044	37176
chr3	44992868	45192868	harbor1	chr3	45039468	45039607	SINE/MIR	443	+	70	45039538	46670
chr3	118648676	118848676	harbor1	chr3	118653363	118653611	SINE/MIR	601	+	124	118653487	4811
chr3	118648676	118848676	harbor1	chr3	118668364	118668534	SINE/MIR	541	+	85	118668449	19773
chr3	118648676	118848676	harbor1	chr3	118668677	118668775	SINE/MIR	541	+	49	118668726	20050
chr3	118648676	118848676	harbor1	chr3	118672741	118672958	SINE/MIR	416	+	108	118672849	24173
chr3	118648676	118848676	harbor1	chr3	118690836	118691079	SINE/MIR	656	+	122	118690958	42282
chr3	118648676	118848676	harbor1	chr3	118692825	118693026	SINE/MIR	752	+	100	118692925	44249
chr3	118648676	118848676	harbor1	chr3	118707262	118707386	SINE/MIR	446	+	62	118707324	58648
chr3	118648676	118848676	harbor1	chr3	118708579	118708713	SINE/MIR	464	+	67	118708646	59970
chr3	118648676	118848676	harbor1	chr3	118727386	118727524	SINE/MIR	475	+	69	118727455	78779
chr3	118648676	118848676	harbor1	chr3	118728127	118728168	SINE/MIR	475	+	20	118728147	79471
chr3	118648676	118848676	harbor1	chr3	118731486	118731696	SINE/MIR	526	+	105	118731591	82915
chr3	131740056	131940056	harbor1	chr3	131766092	131766283	SINE/MIR	742	+	96	131766188	26132
chr3	131740056	131940056	harbor1	chr3	131778343	131778558	SINE/MIR	595	+	108	131778451	38395
chr3	131740056	131940056	harbor1	chr3	131784934	131785135	SINE/MIR	516	+	100	131785034	44978
chr3	131740056	131940056	harbor1	chr3	131789395	131789616	SINE/MIR	765	+	110	131789505	49449
chr3	131740056	131940056	harbor1	chr3	131803099	131803331	SINE/MIR	547	+	116	131803215	63159
chr3	131740056	131940056	harbor1	chr3	131819950	131820084	SINE/MIR	405	+	67	131820017	79961
chr3	131740056	131940056	harbor1	chr3	131831772	131831957	SINE/MIR	443	+	92	131831864	91808
chr3	124261308	124461308	harbor1	chr3	124261182	124261403	SINE/MIR	681	+	110	124261292	16
chr3	124261308	124461308	harbor1	chr3	124279155	124279391	SINE/MIR	625	+	118	124279273	17965
chr3	124261308	124461308	harbor1	chr3	124289380	124289597	SINE/MIR	559	+	108	124289488	28180
chr3	124261308	124461308	harbor1	chr3	124289661	124289853	SINE/MIR	506	+	96	124289757	28449
chr3	124261308	124461308	harbor1	chr3	124290547	124290819	SINE/MIR	976	+	136	124290683	29375
chr3	124261308	124461308	harbor1	chr3	124299567	124299742	SINE/MIR	802	+	88	124299655	38347
chr3	124261308	124461308	harbor1	chr3	124327827	124328043	SINE/MIR	457	+	108	124327935	66627
chr3	124261308	124461308	harbor1	chr3	124330995	124331171	SINE/MIR	728	+	88	124331083	69775
chr3	124261308	124461308	harbor1	chr3	124359519	124359752	SINE/MIR	533	+	116	124359635	98327
chr3	87105672	87305672	harbor1	chr3	87125320	87125502	SINE/MIR	639	+	91	87125411	19739
chr3	87105672	87305672	harbor1	chr3	87137586	87137721	SINE/MIR	521	+	68	87137654	31982
chr3	87105672	87305672	harbor1	chr3	87191843	87192083	SINE/MIR	673	+	120	87191963	86291
chr3	159046335	159246335	harbor1	chr3	159050020	159050176	SINE/MIR	612	+	78	159050098	3763
chr3	159046335	159246335	harbor1	chr3	159076548	159076730	SINE/MIR	419	+	91	159076639	30304
chr3	159046335	159246335	harbor1	chr3	159076759	159077006	SINE/MIR	867	+	124	159076883	30548
chr3	159046335	159246335	harbor1	chr3	159078733	159078948	SINE/MIR	722	+	108	159078841	32506
chr3	159046335	159246335	harbor1	chr3	159110114	159110345	SINE/MIR	590	+	116	159110230	63895
chr3	159046335	159246335	harbor1	chr3	159126147	159126390	SINE/MIR	621	+	122	159126269	79934
chr3	159046335	159246335	harbor1	chr3	159131093	159131246	SINE/MIR	489	+	76	159131169	84834
chr3	159046335	159246335	harbor1	chr3	159140612	159140770	SINE/MIR	469	+	79	159140691	94356
chr3	111229580	111429580	harbor1	chr3	111249580	111249819	SINE/MIR	546	+	120	111249700	20120
chr3	111229580	111429580	harbor1	chr3	111309561	111309823	SINE/MIR	550	+	131	111309692	80112
chr3	111229580	111429580	harbor1	chr3	111313719	111313898	SINE/MIR	413	+	90	111313809	84229
chr3	111229580	111429580	harbor1	chr3	111322590	111322785	SINE/MIR	462	+	98	111322688	93108
chr3	53724841	53924841	harbor1	chr3	53752201	53752389	SINE/MIR	436	+	94	53752295	27454
chr3	53724841	53924841	harbor1	chr3	53752697	53752747	SINE/MIR	436	+	25	53752722	27881
chr3	53724841	53924841	harbor1	chr3	53754340	53754553	SINE/MIR	712	+	106	53754446	29605
chr3	53724841	53924841	harbor1	chr3	53780453	53780620	SINE/MIR	436	+	84	53780537	55696
chr3	53724841	53924841	harbor1	chr3	53791816	53792038	SINE/MIR	972	+	111	53791927	67086
chr3	67013546	67213546	harbor1	chr3	67015358	67015524	SINE/MIR	486	+	83	67015441	1895
chr3	67013546	67213546	harbor1	chr3	67023602	67023829	SINE/MIR	652	+	114	67023716	10170
chr3	67013546	67213546	harbor1	chr3	67025400	67025617	SINE/MIR	903	+	108	67025508	11962
chr3	151032723	151232723	harbor1	chr3	151090119	151090350	SINE/MIR	581	+	116	151090235	57512
chr3	151032723	151232723	harbor1	chr3	151091843	151091989	SINE/MIR	481	+	73	151091916	59193
chr3	155283974	155483974	harbor1	chr3	155291187	155291387	SINE/MIR	516	+	100	155291287	7313
chr3	155283974	155483974	harbor1	chr3	155292857	155293079	SINE/MIR	550	+	111	155292968	8994
chr3	155283974	155483974	harbor1	chr3	155293995	155294195	SINE/MIR	496	+	100	155294095	10121
chr3	155283974	155483974	harbor1	chr3	155303287	155303416	SINE/MIR	508	+	64	155303351	19377
chr3	155283974	155483974	harbor1	chr3	155314019	155314265	SINE/MIR	760	+	123	155314142	30168
chr3	155283974	155483974	harbor1	chr3	155354254	155354482	SINE/MIR	633	+	114	155354368	70394
chr3	134055029	134255029	harbor1	chr3	134068860	134068960	SINE/MIR	500	+	50	134068910	13881
chr3	134055029	134255029	harbor1	chr3	134074247	134074399	SINE/MIR	467	+	76	134074323	19294
chr3	134055029	134255029	harbor1	chr3	134086324	134086556	SINE/MIR	398	+	116	134086440	31411
chr3	134055029	134255029	harbor1	chr3	134086933	134087155	SINE/MIR	759	+	111	134087044	32015
chr3	134055029	134255029	harbor1	chr3	134093947	134094160	SINE/MIR	487	+	106	134094053	39024
chr3	134055029	134255029	harbor1	chr3	134149742	134149912	SINE/MIR	429	+	85	134149827	94798
chr3	157799820	157999820	harbor1	chr3	157855143	157855344	SINE/MIR	758	+	100	157855243	55423
chr3	157799820	157999820	harbor1	chr3	157860117	157860333	SINE/MIR	590	+	108	157860225	60405
chr3	157799820	157999820	harbor1	chr3	157891832	157892032	SINE/MIR	524	+	100	157891932	92112
chr3	56851451	57051451	harbor1	chr3	56875028	56875233	SINE/MIR	424	+	102	56875130	23679
chr3	56851451	57051451	harbor1	chr3	56891561	56891789	SINE/MIR	817	+	114	56891675	40224
chr3	56851451	57051451	harbor1	chr3	56900804	56900988	SINE/MIR	543	+	92	56900896	49445
chr3	56851451	57051451	harbor1	chr3	56912429	56912666	SINE/MIR	577	+	118	56912547	61096
chr3	56851451	57051451	harbor1	chr3	56922725	56922894	SINE/MIR	468	+	84	56922809	71358
chr3	56851451	57051451	harbor1	chr3	56927041	56927268	SINE/MIR	877	+	114	56927155	75704
chr3	56851451	57051451	harbor1	chr3	56941929	56942157	SINE/MIR	522	+	114	56942043	90592
chr3	65939161	66139161	harbor1	chr3	65954643	65954871	SINE/MIR	411	+	114	65954757	15596
chr3	65939161	66139161	harbor1	chr3	65966708	65966813	SINE/MIR	405	+	52	65966760	27599
chr3	65939161	66139161	harbor1	chr3	65973611	65973802	SINE/MIR	391	+	96	65973707	34546
chr3	65939161	66139161	harbor1	chr3	65983754	65983953	SINE/MIR	549	+	100	65983854	44693
chr3	65939161	66139161	harbor1	chr3	65996147	65996322	SINE/MIR	457	+	88	65996235	57074
chr3	65939161	66139161	harbor1	chr3	66015423	66015622	SINE/MIR	465	+	100	66015523	76362
chr3	65939161	66139161	harbor1	chr3	66019473	66019701	SINE/MIR	554	+	114	66019587	80426
chr3	65939161	66139161	harbor1	chr3	66034304	66034412	SINE/MIR	417	+	54	66034358	95197
chr3	65939161	66139161	harbor1	chr3	66037088	66037296	SINE/MIR	641	+	104	66037192	98031
chr3	148140118	148340118	harbor1	chr3	148151172	148151374	SINE/MIR	542	+	101	148151273	11155
chr3	148140118	148340118	harbor1	chr3	148165080	148165288	SINE/MIR	485	+	104	148165184	25066
chr3	148140118	148340118	harbor1	chr3	148174719	148174945	SINE/MIR	503	+	113	148174832	34714
chr3	148140118	148340118	harbor1	chr3	148196749	148196893	SINE/MIR	404	+	72	148196821	56703
chr3	78712788	78912788	harbor1	chr3	78722752	78722934	SINE/MIR	588	+	91	78722843	10055
chr3	78712788	78912788	harbor1	chr3	78740046	78740155	SINE/MIR	463	+	54	78740100	27312
chr3	78712788	78912788	harbor1	chr3	78776709	78776952	SINE/MIR	655	+	122	78776831	64043
chr3	78712788	78912788	harbor1	chr3	78794119	78794370	SINE/MIR	910	+	126	78794245	81457
chr3	78712788	78912788	harbor1	chr3	78795973	78796225	SINE/MIR	691	+	126	78796099	83311
chr3	78712788	78912788	harbor1	chr3	78803085	78803266	SINE/MIR	523	+	90	78803175	90387
chr3	138927722	139127722	harbor1	chr3	138957610	138957837	SINE/MIR	851	+	114	138957724	30002
chr3	138927722	139127722	harbor1	chr3	138963517	138963742	SINE/MIR	437	+	112	138963629	35907
chr3	138927722	139127722	harbor1	chr3	138971583	138971721	SINE/MIR	467	+	69	138971652	43930
chr3	138927722	139127722	harbor1	chr3	138981919	138982191	SINE/MIR	755	+	136	138982055	54333
chr3	138927722	139127722	harbor1	chr3	138983372	138983584	SINE/MIR	665	+	106	138983478	55756
chr3	138927722	139127722	harbor1	chr3	138984197	138984374	SINE/MIR	538	+	88	138984285	56563
chr3	59089818	59289818	harbor1	chr3	59131626	59131852	SINE/MIR	429	+	113	59131739	41921
chr3	59089818	59289818	harbor1	chr3	59163304	59163461	SINE/MIR	460	+	78	59163382	73564
chr3	118501713	118701713	harbor1	chr3	118503913	118504108	SINE/MIR	647	+	98	118504011	2298
chr3	118501713	118701713	harbor1	chr3	118541849	118542077	SINE/MIR	484	+	114	118541963	40250
chr3	118501713	118701713	harbor1	chr3	118545648	118545876	SINE/MIR	532	+	114	118545762	44049
chr3	118501713	118701713	harbor1	chr3	118562171	118562327	SINE/MIR	430	+	78	118562249	60536
chr3	118501713	118701713	harbor1	chr3	118579214	118579362	SINE/MIR	535	+	74	118579288	77575
chr3	118501713	118701713	harbor1	chr3	118598863	118599078	SINE/MIR	516	+	108	118598971	97258
chr3	116679548	116879548	harbor1	chr3	116730138	116730251	SINE/MIR	493	+	56	116730194	50646
chr3	116679548	116879548	harbor1	chr3	116755061	116755189	SINE/MIR	408	+	64	116755125	75577
chr3	116679548	116879548	harbor1	chr3	116758867	116759007	SINE/MIR	404	+	70	116758937	79389
chr3	68289947	68489947	harbor1	chr3	68290962	68291117	SINE/MIR	474	+	78	68291040	1093
chr3	68289947	68489947	harbor1	chr3	68294972	68295183	SINE/MIR	400	+	106	68295078	5131
chr3	68289947	68489947	harbor1	chr3	68302850	68303090	SINE/MIR	821	+	120	68302970	13023
chr3	68289947	68489947	harbor1	chr3	68305763	68305957	SINE/MIR	602	+	97	68305860	15913
chr3	68289947	68489947	harbor1	chr3	68321026	68321258	SINE/MIR	600	+	116	68321142	31195
chr3	68289947	68489947	harbor1	chr3	68325273	68325507	SINE/MIR	688	+	117	68325390	35443
chr3	68289947	68489947	harbor1	chr3	68327436	68327683	SINE/MIR	847	+	124	68327560	37613
chr3	68289947	68489947	harbor1	chr3	68335987	68336252	SINE/MIR	723	+	132	68336119	46172
chr3	68289947	68489947	harbor1	chr3	68348118	68348316	SINE/MIR	535	+	99	68348217	58270
chr3	68289947	68489947	harbor1	chr3	68355302	68355545	SINE/MIR	811	+	122	68355424	65477
chr3	68289947	68489947	harbor1	chr3	68366663	68366844	SINE/MIR	391	+	90	68366753	76806
chr3	68289947	68489947	harbor1	chr3	68385060	68385202	SINE/MIR	561	+	71	68385131	95184
chr3	68289947	68489947	harbor1	chr3	68385400	68385638	SINE/MIR	534	+	119	68385519	95572
chr3	45188929	45388929	harbor1	chr3	45192111	45192315	SINE/MIR	918	+	102	45192213	3284
chr3	45188929	45388929	harbor1	chr3	45200636	45200846	SINE/MIR	470	+	105	45200741	11812
chr3	45188929	45388929	harbor1	chr3	45234080	45234309	SINE/MIR	740	+	114	45234194	45265
chr3	45188929	45388929	harbor1	chr3	45248702	45248878	SINE/MIR	528	+	88	45248790	59861
chr3	55435452	55635452	harbor1	chr3	55447557	55447764	SINE/MIR	530	+	104	55447661	12209
chr3	55435452	55635452	harbor1	chr3	55457839	55458074	SINE/MIR	548	+	118	55457957	22505
chr3	55435452	55635452	harbor1	chr3	55462383	55462539	SINE/MIR	432	+	78	55462461	27009
chr3	55435452	55635452	harbor1	chr3	55471366	55471566	SINE/MIR	436	+	100	55471466	36014
chr3	55435452	55635452	harbor1	chr3	55492280	55492502	SINE/MIR	621	+	111	55492391	56939
chr3	55435452	55635452	harbor1	chr3	55506254	55506454	SINE/MIR	736	+	100	55506354	70902
chr3	55435452	55635452	harbor1	chr3	55506493	55506646	SINE/MIR	493	+	76	55506569	71117
chr3	55435452	55635452	harbor1	chr3	55507212	55507375	SINE/MIR	561	+	82	55507294	71842
chr3	55435452	55635452	harbor1	chr3	55523991	55524169	SINE/MIR	659	+	89	55524080	88628
chr3	55435452	55635452	harbor1	chr3	55527122	55527362	SINE/MIR	660	+	120	55527242	91790
chr3	55435452	55635452	harbor1	chr3	55529826	55529983	SINE/MIR	466	+	78	55529904	94452
chr3	55435452	55635452	harbor1	chr3	55533925	55534140	SINE/MIR	670	+	108	55534033	98581
chr3	55435452	55635452	harbor1	chr3	55534702	55534760	SINE/MIR	670	+	29	55534731	99279
chr3	106788919	106988919	harbor1	chr3	106803244	106803351	SINE/MIR	447	+	54	106803298	14379
chr3	106788919	106988919	harbor1	chr3	106803569	106803730	SINE/MIR	447	+	80	106803649	14730
chr3	106788919	106988919	harbor1	chr3	106812005	106812110	SINE/MIR	516	+	52	106812057	23138
chr3	106788919	106988919	harbor1	chr3	106812478	106812530	SINE/MIR	516	+	26	106812504	23585
chr3	106788919	106988919	harbor1	chr3	106887264	106887366	SINE/MIR	475	+	51	106887315	98396
chr3	164200804	164400804	harbor1	chr3	164284965	164285232	SINE/MIR	599	+	134	164285099	84295
chr3	61193592	61393592	harbor1	chr3	61195685	61195848	SINE/MIR	652	+	82	61195767	2175
chr3	61193592	61393592	harbor1	chr3	61229533	61229724	SINE/MIR	502	+	96	61229629	36037
chr3	61193592	61393592	harbor1	chr3	61235206	61235419	SINE/MIR	831	+	106	61235312	41720
chr3	61193592	61393592	harbor1	chr3	61249184	61249320	SINE/MIR	537	+	68	61249252	55660
chr3	61193592	61393592	harbor1	chr3	61249537	61249710	SINE/MIR	507	+	86	61249623	56031
chr3	61193592	61393592	harbor1	chr3	61275270	61275411	SINE/MIR	446	+	70	61275340	81748
chr3	61193592	61393592	harbor1	chr3	61290056	61290303	SINE/MIR	1052	+	124	61290180	96588
chr3	153769427	153969427	harbor1	chr3	153805352	153805497	SINE/MIR	482	+	72	153805424	35997
chr3	153769427	153969427	harbor1	chr3	153832269	153832366	SINE/MIR	470	+	48	153832317	62890
chr3	153769427	153969427	harbor1	chr3	153832762	153832800	SINE/MIR	470	+	19	153832781	63354
chr3	175930496	176130496	harbor1	chr3	175932718	175932893	SINE/MIR	404	+	88	175932806	2310
chr3	175930496	176130496	harbor1	chr3	175952864	175953098	SINE/MIR	620	+	117	175952981	22485
chr3	175930496	176130496	harbor1	chr3	176009656	176009842	SINE/MIR	642	+	93	176009749	79253
chr3	184393792	184593792	harbor1	chr3	184401248	184401394	SINE/MIR	447	+	73	184401321	7529
chr3	184393792	184593792	harbor1	chr3	184427308	184427461	SINE/MIR	393	+	76	184427384	33592
chr3	184393792	184593792	harbor1	chr3	184483162	184483331	SINE/MIR	686	+	84	184483246	89454
chr3	180562876	180762876	harbor1	chr3	180572007	180572226	SINE/MIR	510	+	110	180572117	9241
chr3	180562876	180762876	harbor1	chr3	180601257	180601372	SINE/MIR	427	+	58	180601315	38439
chr3	180562876	180762876	harbor1	chr3	180645010	180645238	SINE/MIR	622	+	114	180645124	82248
chr3	180562876	180762876	harbor1	chr3	180646716	180646917	SINE/MIR	436	+	100	180646816	83940
chr3	104833518	105033518	harbor1	chr3	104889056	104889314	SINE/MIR	528	+	129	104889185	55667
chr3	104833518	105033518	harbor1	chr3	104905151	104905314	SINE/MIR	401	+	82	104905233	71715
chr3	104833518	105033518	harbor1	chr3	104915609	104915815	SINE/MIR	435	+	103	104915712	82194
chr3	175637784	175837784	harbor1	chr3	175650881	175651055	SINE/MIR	406	+	87	175650968	13184
chr3	175637784	175837784	harbor1	chr3	175659009	175659160	SINE/MIR	413	+	76	175659085	21301
chr3	175637784	175837784	harbor1	chr3	175725656	175725888	SINE/MIR	827	+	116	175725772	87988
chr3	175637784	175837784	harbor1	chr3	175731185	175731344	SINE/MIR	432	+	80	175731265	93481
chr3	71340676	71540676	harbor1	chr3	71342923	71343086	SINE/MIR	393	+	82	71343005	2329
chr3	71340676	71540676	harbor1	chr3	71352151	71352183	SINE/MIR	524	+	16	71352167	11491
chr3	71340676	71540676	harbor1	chr3	71352494	71352714	SINE/MIR	524	+	110	71352604	11928
chr3	71340676	71540676	harbor1	chr3	71411727	71411857	SINE/MIR	402	+	65	71411792	71116
chr3	185276513	185476513	harbor1	chr3	185289895	185290025	SINE/MIR	412	+	65	185289960	13447
chr3	185276513	185476513	harbor1	chr3	185290591	185290818	SINE/MIR	994	+	114	185290705	14192
chr3	185276513	185476513	harbor1	chr3	185292385	185292624	SINE/MIR	842	+	120	185292505	15992
chr3	185276513	185476513	harbor1	chr3	185333179	185333369	SINE/MIR	569	+	95	185333274	56761
chr3	194789738	194989738	harbor1	chr3	194811546	194811710	SINE/MIR	568	+	82	194811628	21890
chr3	194789738	194989738	harbor1	chr3	194814621	194814832	SINE/MIR	551	+	106	194814727	24989
chr3	194789738	194989738	harbor1	chr3	194838266	194838477	SINE/MIR	715	+	106	194838372	48634
chr3	194789738	194989738	harbor1	chr3	194846716	194846919	SINE/MIR	486	+	102	194846818	57080
chr3	194789738	194989738	harbor1	chr3	194847826	194848071	SINE/MIR	402	+	122	194847948	58210
chr3	194789738	194989738	harbor1	chr3	194858385	194858575	SINE/MIR	496	+	95	194858480	68742
chr3	194789738	194989738	harbor1	chr3	194868370	194868479	SINE/MIR	489	+	54	194868424	78686
chr3	107446626	107646626	harbor1	chr3	107459143	107459341	SINE/MIR	626	+	99	107459242	12616
chr3	107446626	107646626	harbor1	chr3	107461164	107461359	SINE/MIR	400	+	98	107461262	14636
chr3	107446626	107646626	harbor1	chr3	107531273	107531515	SINE/MIR	551	+	121	107531394	84768
chr3	140425080	140625080	harbor1	chr3	140433551	140433726	SINE/MIR	435	+	88	140433639	8559
chr3	140425080	140625080	harbor1	chr3	140433850	140433992	SINE/MIR	390	+	71	140433921	8841
chr3	140425080	140625080	harbor1	chr3	140456096	140456235	SINE/MIR	398	+	70	140456166	31086
chr3	140425080	140625080	harbor1	chr3	140460296	140460514	SINE/MIR	742	+	109	140460405	35325
chr3	140425080	140625080	harbor1	chr3	140460852	140461000	SINE/MIR	413	+	74	140460926	35846
chr3	140425080	140625080	harbor1	chr3	140488281	140488492	SINE/MIR	812	+	106	140488387	63307
chr3	140425080	140625080	harbor1	chr3	140501956	140502099	SINE/MIR	502	+	72	140502028	76948
chr3	167770839	167970839	harbor1	chr3	167771963	167772158	SINE/MIR	446	+	98	167772061	1222
chr3	167770839	167970839	harbor1	chr3	167785468	167785641	SINE/MIR	584	+	86	167785554	14715
chr3	167770839	167970839	harbor1	chr3	167801475	167801734	SINE/MIR	711	+	130	167801605	30766
chr3	167770839	167970839	harbor1	chr3	167803781	167803986	SINE/MIR	594	+	102	167803883	33044
chr3	167770839	167970839	harbor1	chr3	167835777	167835978	SINE/MIR	451	+	100	167835877	65038
chr3	191384361	191584361	harbor1	chr3	191388310	191388526	SINE/MIR	547	+	108	191388418	4057
chr3	191384361	191584361	harbor1	chr3	191421134	191421283	SINE/MIR	409	+	74	191421208	36847
chr3	191384361	191584361	harbor1	chr3	191438782	191438984	SINE/MIR	390	+	101	191438883	54522
chr3	43722216	43922216	harbor1	chr3	43733902	43734042	SINE/MIR	435	+	70	43733972	11756
chr3	43722216	43922216	harbor1	chr3	43749467	43749586	SINE/MIR	447	+	60	43749527	27311
chr3	43722216	43922216	harbor1	chr3	43756645	43756814	SINE/MIR	400	+	84	43756729	34513
chr3	43722216	43922216	harbor1	chr3	43760106	43760265	SINE/MIR	493	+	80	43760186	37970
chr3	43722216	43922216	harbor1	chr3	43794601	43794783	SINE/MIR	625	+	91	43794692	72476
chr3	41915219	42115219	harbor1	chr3	41932371	41932606	SINE/MIR	840	+	118	41932489	17270
chr3	41915219	42115219	harbor1	chr3	42005486	42005676	SINE/MIR	480	+	95	42005581	90362
chr3	1956276	2156276	harbor1	chr3	1988733	1988936	SINE/MIR	398	+	102	1988835	32559
chr3	1956276	2156276	harbor1	chr3	1991591	1991846	SINE/MIR	528	+	128	1991719	35443
chr3	1956276	2156276	harbor1	chr3	1992293	1992493	SINE/MIR	503	+	100	1992393	36117
chr3	64601660	64801660	harbor1	chr3	64613783	64614000	SINE/MIR	540	+	108	64613891	12231
chr3	64601660	64801660	harbor1	chr3	64618500	64618701	SINE/MIR	514	+	100	64618600	16940
chr3	64601660	64801660	harbor1	chr3	64619427	64619582	SINE/MIR	484	+	78	64619505	17845
chr3	64601660	64801660	harbor1	chr3	64622662	64622846	SINE/MIR	522	+	92	64622754	21094
chr3	64601660	64801660	harbor1	chr3	64625958	64626159	SINE/MIR	592	+	100	64626058	24398
chr3	64601660	64801660	harbor1	chr3	64633984	64634164	SINE/MIR	415	+	90	64634074	32414
chr3	64601660	64801660	harbor1	chr3	64636310	64636567	SINE/MIR	1008	+	128	64636438	34778
chr3	64601660	64801660	harbor1	chr3	64658162	64658315	SINE/MIR	569	+	76	64658238	56578
chr3	64601660	64801660	harbor1	chr3	64665349	64665516	SINE/MIR	542	+	84	64665433	63773
chr3	64601660	64801660	harbor1	chr3	64665725	64665934	SINE/MIR	400	+	104	64665829	64169
chr3	64601660	64801660	harbor1	chr3	64666526	64666746	SINE/MIR	648	+	110	64666636	64976
chr3	64601660	64801660	harbor1	chr3	64668417	64668658	SINE/MIR	799	+	120	64668537	66877
chr3	64601660	64801660	harbor1	chr3	64669397	64669572	SINE/MIR	450	+	88	64669485	67825
chr3	64601660	64801660	harbor1	chr3	64674384	64674587	SINE/MIR	500	+	102	64674486	72826
chr3	64601660	64801660	harbor1	chr3	64675155	64675326	SINE/MIR	436	+	86	64675241	73581
chr3	64601660	64801660	harbor1	chr3	64675680	64675930	SINE/MIR	738	+	125	64675805	74145
chr3	64601660	64801660	harbor1	chr3	64679315	64679547	SINE/MIR	574	+	116	64679431	77771
chr3	64601660	64801660	harbor1	chr3	64680945	64681133	SINE/MIR	555	+	94	64681039	79379
chr3	64601660	64801660	harbor1	chr3	64682117	64682323	SINE/MIR	717	+	103	64682220	80560
chr3	64601660	64801660	harbor1	chr3	64683420	64683645	SINE/MIR	645	+	112	64683532	81872
chr3	56633660	56833660	harbor1	chr3	56644125	56644320	SINE/MIR	614	+	98	56644223	10563
chr3	56633660	56833660	harbor1	chr3	56680138	56680359	SINE/MIR	706	+	110	56680248	46588
chr3	56633660	56833660	harbor1	chr3	56730908	56731098	SINE/MIR	718	+	95	56731003	97343
chr3	115276941	115476941	harbor1	chr3	115308008	115308234	SINE/MIR	650	+	113	115308121	31180
chr3	115276941	115476941	harbor1	chr3	115330005	115330218	SINE/MIR	675	+	106	115330111	53170
chr3	115276941	115476941	harbor1	chr3	115340427	115340694	SINE/MIR	548	+	134	115340561	63620
chr3	120079912	120279912	harbor1	chr3	120117459	120117707	SINE/MIR	604	+	124	120117583	37671
chr3	120079912	120279912	harbor1	chr3	120160343	120160542	SINE/MIR	618	+	100	120160443	80531
chr3	148245382	148445382	harbor1	chr3	148265254	148265366	SINE/MIR	443	+	56	148265310	19928
chr3	148245382	148445382	harbor1	chr3	148274686	148274892	SINE/MIR	563	+	103	148274789	29407
chr3	148245382	148445382	harbor1	chr3	148295976	148296210	SINE/MIR	689	+	117	148296093	50711
chr3	148245382	148445382	harbor1	chr3	148296934	148297157	SINE/MIR	697	+	112	148297046	51664
chr3	148245382	148445382	harbor1	chr3	148342282	148342465	SINE/MIR	602	+	92	148342374	96992
chr3	143883951	144083951	harbor1	chr3	143887054	143887270	SINE/MIR	621	+	108	143887162	3211
chr3	143883951	144083951	harbor1	chr3	143978842	143978979	SINE/MIR	478	+	68	143978910	94959
chr3	125456918	125656918	harbor1	chr3	125494286	125494502	SINE/MIR	522	+	108	125494394	37476
chr3	125456918	125656918	harbor1	chr3	125517172	125517330	SINE/MIR	489	+	79	125517251	60333
chr3	56417541	56617541	harbor1	chr3	56418445	56418629	SINE/MIR	674	+	92	56418537	996
chr3	56417541	56617541	harbor1	chr3	56422707	56422911	SINE/MIR	589	+	102	56422809	5268
chr3	56417541	56617541	harbor1	chr3	56430938	56431167	SINE/MIR	790	+	114	56431052	13511
chr3	56417541	56617541	harbor1	chr3	56436169	56436387	SINE/MIR	508	+	109	56436278	18737
chr3	56417541	56617541	harbor1	chr3	56449568	56449816	SINE/MIR	673	+	124	56449692	32151
chr3	56417541	56617541	harbor1	chr3	56452669	56452894	SINE/MIR	625	+	112	56452781	35240
chr3	56417541	56617541	harbor1	chr3	56455548	56455688	SINE/MIR	585	+	70	56455618	38077
chr3	56417541	56617541	harbor1	chr3	56460456	56460609	SINE/MIR	581	+	76	56460532	42991
chr3	56417541	56617541	harbor1	chr3	56462601	56462756	SINE/MIR	432	+	78	56462679	45138
chr3	56417541	56617541	harbor1	chr3	56465964	56466177	SINE/MIR	555	+	106	56466070	48529
chr3	56417541	56617541	harbor1	chr3	56477504	56477732	SINE/MIR	447	+	114	56477618	60077
chr3	56417541	56617541	harbor1	chr3	56479411	56479549	SINE/MIR	422	+	69	56479480	61939
chr3	56417541	56617541	harbor1	chr3	56485750	56485901	SINE/MIR	553	+	76	56485826	68285
chr3	56417541	56617541	harbor1	chr3	56488135	56488289	SINE/MIR	567	+	77	56488212	70671
chr3	56417541	56617541	harbor1	chr3	56498897	56499051	SINE/MIR	509	+	77	56498974	81433
chr3	31198167	31398167	harbor1	chr3	31218208	31218417	SINE/MIR	439	+	104	31218312	20145
chr3	31198167	31398167	harbor1	chr3	31234610	31234772	SINE/MIR	674	+	81	31234691	36524
chr3	31198167	31398167	harbor1	chr3	31238899	31238974	SINE/MIR	433	+	38	31238937	40770
chr3	31198167	31398167	harbor1	chr3	31239267	31239472	SINE/MIR	434	+	102	31239369	41202
chr3	31198167	31398167	harbor1	chr3	31249632	31249782	SINE/MIR	468	+	75	31249707	51540
chr3	31198167	31398167	harbor1	chr3	31252035	31252097	SINE/MIR	756	+	31	31252066	53899
chr3	31198167	31398167	harbor1	chr3	31252680	31252853	SINE/MIR	756	+	86	31252766	54599
chr3	31198167	31398167	harbor1	chr3	31272674	31272890	SINE/MIR	487	+	108	31272782	74615
chr3	31198167	31398167	harbor1	chr3	31280120	31280367	SINE/MIR	693	+	124	31280244	82077
chr3	36289477	36489477	harbor1	chr3	36299619	36299854	SINE/MIR	554	+	118	36299737	10260
chr3	36289477	36489477	harbor1	chr3	36333502	36333658	SINE/MIR	588	+	78	36333580	44103
chr3	36289477	36489477	harbor1	chr3	36334894	36335047	SINE/MIR	453	+	76	36334970	45493
chr3	36289477	36489477	harbor1	chr3	36374288	36374515	SINE/MIR	475	+	114	36374402	84925
chr3	36289477	36489477	harbor1	chr3	36379701	36379915	SINE/MIR	701	+	107	36379808	90331
chr3	71599523	71799523	harbor1	chr3	71601269	71601443	SINE/MIR	507	+	87	71601356	1833
chr3	71599523	71799523	harbor1	chr3	71601874	71601926	SINE/MIR	507	+	26	71601900	2377
chr3	71599523	71799523	harbor1	chr3	71611775	71611993	SINE/MIR	595	+	109	71611884	12361
chr3	71599523	71799523	harbor1	chr3	71620622	71620784	SINE/MIR	404	+	81	71620703	21180
chr3	71599523	71799523	harbor1	chr3	71637763	71637978	SINE/MIR	698	+	108	71637871	38348
chr3	71599523	71799523	harbor1	chr3	71661878	71662072	SINE/MIR	457	+	97	71661975	62452
chr3	71599523	71799523	harbor1	chr3	71675580	71675718	SINE/MIR	546	+	69	71675649	76126
chr3	71599523	71799523	harbor1	chr3	71675842	71676014	SINE/MIR	586	+	86	71675928	76405
chr3	71599523	71799523	harbor1	chr3	71694701	71694894	SINE/MIR	471	+	96	71694797	95274
chr3	86915125	87115125	harbor1	chr3	86918244	86918419	SINE/MIR	479	+	88	86918332	3207
chr3	86915125	87115125	harbor1	chr3	86933323	86933532	SINE/MIR	518	+	104	86933427	18302
chr3	116153669	116353669	harbor1	chr3	116171003	116171252	SINE/MIR	890	+	124	116171127	17458
chr3	116153669	116353669	harbor1	chr3	116228362	116228612	SINE/MIR	512	+	125	116228487	74818
chr3	81830726	82030726	harbor1	chr3	81853496	81853759	SINE/MIR	427	+	132	81853628	22902
chr3	81830726	82030726	harbor1	chr3	81875172	81875417	SINE/MIR	434	+	122	81875294	44568
chr3	81830726	82030726	harbor1	chr3	81890888	81891107	SINE/MIR	482	+	110	81890998	60272
chr3	81830726	82030726	harbor1	chr3	81887007	81887237	SINE/MIR	563	+	115	81887122	56396
chr3	2208237	2408237	harbor1	chr3	2220580	2220774	SINE/MIR	527	+	97	2220677	12440
chr3	2208237	2408237	harbor1	chr3	2236233	2236451	SINE/MIR	418	+	109	2236342	28105
chr3	2208237	2408237	harbor1	chr3	2271384	2271547	SINE/MIR	521	+	82	2271466	63229
chr3	2208237	2408237	harbor1	chr3	2278639	2278868	SINE/MIR	538	+	114	2278753	70516
chr3	2208237	2408237	harbor1	chr3	2289350	2289523	SINE/MIR	529	+	86	2289436	81199
chr3	2208237	2408237	harbor1	chr3	2293219	2293373	SINE/MIR	459	+	77	2293296	85059
chr3	2208237	2408237	harbor1	chr3	2293444	2293641	SINE/MIR	886	+	98	2293542	85305
chr3	26127294	26327294	harbor1	chr3	26199501	26199708	SINE/MIR	542	+	104	26199605	72311
chr3	26127294	26327294	harbor1	chr3	26202512	26202681	SINE/MIR	544	+	84	26202596	75302
chr3	146633647	146833647	harbor1	chr3	146644455	146644653	SINE/MIR	517	+	99	146644554	10907
chr3	146633647	146833647	harbor1	chr3	146683621	146683860	SINE/MIR	418	+	120	146683741	50094
chr3	195890869	196090869	harbor1	chr3	195898271	195898421	SINE/MIR	460	+	75	195898346	7477
chr3	129959240	130159240	harbor1	chr3	129962735	129962952	SINE/MIR	578	+	108	129962843	3603
chr3	129959240	130159240	harbor1	chr3	129965167	129965266	SINE/MIR	455	+	50	129965217	5977
chr3	129959240	130159240	harbor1	chr3	129965576	129965659	SINE/MIR	455	+	42	129965618	6378
chr3	129959240	130159240	harbor1	chr3	129979615	129979794	SINE/MIR	453	+	90	129979705	20465
chr3	129959240	130159240	harbor1	chr3	129992187	129992456	SINE/MIR	576	+	134	129992321	33081
chr3	129959240	130159240	harbor1	chr3	129993199	129993412	SINE/MIR	426	+	106	129993305	34065
chr3	129959240	130159240	harbor1	chr3	130015041	130015254	SINE/MIR	389	+	106	130015147	55907
chr3	142238269	142438269	harbor1	chr3	142275546	142275762	SINE/MIR	553	+	108	142275654	37385
chr3	177802793	178002793	harbor1	chr3	177825228	177825363	SINE/MIR	458	+	68	177825296	22503
chr3	177802793	178002793	harbor1	chr3	177828014	177828264	SINE/MIR	798	+	125	177828139	25346
chr3	177802793	178002793	harbor1	chr3	177838845	177839022	SINE/MIR	460	+	88	177838933	36140
chr3	177802793	178002793	harbor1	chr3	177841927	177842161	SINE/MIR	441	+	117	177842044	39251
chr3	177802793	178002793	harbor1	chr3	177851723	177851925	SINE/MIR	562	+	101	177851824	49031
chr3	177802793	178002793	harbor1	chr3	177854237	177854421	SINE/MIR	428	+	92	177854329	51536
chr3	177802793	178002793	harbor1	chr3	177878703	177878887	SINE/MIR	620	+	92	177878795	76002
chr3	177802793	178002793	harbor1	chr3	177889902	177890127	SINE/MIR	491	+	112	177890014	87221
chr3	56183057	56383057	harbor1	chr3	56190237	56190437	SINE/MIR	571	+	100	56190337	7280
chr3	56183057	56383057	harbor1	chr3	56197134	56197319	SINE/MIR	671	+	92	56197226	14169
chr3	56183057	56383057	harbor1	chr3	56247742	56247949	SINE/MIR	411	+	104	56247846	64789
chr3	56183057	56383057	harbor1	chr3	56249268	56249333	SINE/MIR	743	+	32	56249300	66243
chr3	56183057	56383057	harbor1	chr3	56249626	56249787	SINE/MIR	743	+	80	56249706	66649
chr3	56183057	56383057	harbor1	chr3	56254684	56254892	SINE/MIR	510	+	104	56254788	71731
chr3	56183057	56383057	harbor1	chr3	56256566	56256600	SINE/MIR	495	+	17	56256583	73526
chr3	56183057	56383057	harbor1	chr3	56256985	56257137	SINE/MIR	495	+	76	56257061	74004
chr3	56183057	56383057	harbor1	chr3	56271401	56271530	SINE/MIR	419	+	64	56271465	88408
chr3	56183057	56383057	harbor1	chr3	56277918	56278147	SINE/MIR	650	+	114	56278032	94975
chr3	56183057	56383057	harbor1	chr3	56280837	56280991	SINE/MIR	496	+	77	56280914	97857
chr3	126091217	126291217	harbor1	chr3	126102463	126102619	SINE/MIR	389	+	78	126102541	11324
chr3	126091217	126291217	harbor1	chr3	126138100	126138308	SINE/MIR	691	+	104	126138204	46987
chr3	126091217	126291217	harbor1	chr3	126152742	126152950	SINE/MIR	598	+	104	126152846	61629
chr3	112534884	112734884	harbor1	chr3	112606335	112606398	SINE/MIR	504	+	32	112606367	71483
chr3	112534884	112734884	harbor1	chr3	112606724	112606897	SINE/MIR	504	+	86	112606810	71926
chr3	112534884	112734884	harbor1	chr3	112614783	112615012	SINE/MIR	527	+	114	112614897	80013
chr3	112534884	112734884	harbor1	chr3	112617909	112618133	SINE/MIR	422	+	112	112618021	83137
chr3	2880676	3080676	harbor1	chr3	2950979	2951117	SINE/MIR	519	+	69	2951048	70372
chr3	2880676	3080676	harbor1	chr3	2975316	2975549	SINE/MIR	534	+	116	2975432	94756
chr3	89994876	90194876	harbor1	chr3	90068290	90068510	SINE/MIR	526	+	110	90068400	73524
chr3	59736139	59936139	harbor1	chr3	59737746	59737999	SINE/MIR	669	+	126	59737872	1733
chr3	59736139	59936139	harbor1	chr3	59748713	59748866	SINE/MIR	542	+	76	59748789	12650
chr3	59736139	59936139	harbor1	chr3	59774361	59774602	SINE/MIR	879	+	120	59774481	38342
chr3	59736139	59936139	harbor1	chr3	59792459	59792687	SINE/MIR	503	+	114	59792573	56434
chr3	59736139	59936139	harbor1	chr3	59794869	59795078	SINE/MIR	519	+	104	59794973	58834
chr3	59736139	59936139	harbor1	chr3	59831052	59831179	SINE/MIR	402	+	64	59831116	94977
chr3	26450645	26650645	harbor1	chr3	26476024	26476254	SINE/MIR	466	+	115	26476139	25494
chr3	26450645	26650645	harbor1	chr3	26489217	26489415	SINE/MIR	756	+	99	26489316	38671
chr4	87690445	87890445	harbor1	chr4	87724161	87724337	SINE/MIR	813	+	88	87724249	33804
chr4	19465923	19665923	harbor1	chr4	19477800	19478004	SINE/MIR	546	+	102	19477902	11979
chr4	19465923	19665923	harbor1	chr4	19532467	19532694	SINE/MIR	428	+	114	19532581	66658
chr4	19465923	19665923	harbor1	chr4	19558616	19558839	SINE/MIR	440	+	112	19558728	92805
chr4	19465923	19665923	harbor1	chr4	19563140	19563327	SINE/MIR	647	+	94	19563234	97311
chr4	87152883	87352883	harbor1	chr4	87213858	87214054	SINE/MIR	436	+	98	87213956	61073
chr4	87152883	87352883	harbor1	chr4	87214274	87214399	SINE/MIR	573	+	62	87214336	61453
chr4	67892792	68092792	harbor1	chr4	67954716	67954961	SINE/MIR	813	+	122	67954838	62046
chr4	67892792	68092792	harbor1	chr4	67960365	67960573	SINE/MIR	457	+	104	67960469	67677
chr4	67892792	68092792	harbor1	chr4	67962396	67962675	SINE/MIR	420	+	140	67962536	69744
chr4	67892792	68092792	harbor1	chr4	67964781	67964988	SINE/MIR	435	+	104	67964885	72093
chr4	67892792	68092792	harbor1	chr4	67965168	67965340	SINE/MIR	452	+	86	67965254	72462
chr4	67892792	68092792	harbor1	chr4	67965383	67965577	SINE/MIR	431	+	97	67965480	72688
chr4	117755301	117955301	harbor1	chr4	117807053	117807291	SINE/MIR	438	+	119	117807172	51871
chr4	117755301	117955301	harbor1	chr4	117812347	117812558	SINE/MIR	819	+	106	117812453	57152
chr4	84576701	84776701	harbor1	chr4	84578984	84579117	SINE/MIR	462	+	66	84579050	2349
chr4	84576701	84776701	harbor1	chr4	84631217	84631421	SINE/MIR	603	+	102	84631319	54618
chr4	64762341	64962341	harbor1	chr4	64828800	64828997	SINE/MIR	472	+	98	64828898	66557
chr4	81360392	81560392	harbor1	chr4	81363290	81363410	SINE/MIR	410	+	60	81363350	2958
chr4	81360392	81560392	harbor1	chr4	81395855	81395965	SINE/MIR	403	+	55	81395910	35518
chr4	81360392	81560392	harbor1	chr4	81400143	81400285	SINE/MIR	547	+	71	81400214	39822
chr4	81360392	81560392	harbor1	chr4	81412696	81412914	SINE/MIR	476	+	109	81412805	52413
chr4	182489796	182689796	harbor1	chr4	182508001	182508222	SINE/MIR	771	+	110	182508111	18315
chr4	182489796	182689796	harbor1	chr4	182535824	182535946	SINE/MIR	490	+	61	182535885	46089
chr4	186071309	186271309	harbor1	chr4	186116938	186117174	SINE/MIR	418	+	118	186117056	45747
chr4	186071309	186271309	harbor1	chr4	186165735	186165966	SINE/MIR	502	+	116	186165851	94542
chr4	171701926	171901926	harbor1	chr4	171708807	171708947	SINE/MIR	415	+	70	171708877	6951
chr4	171701926	171901926	harbor1	chr4	171789662	171789847	SINE/MIR	585	+	92	171789754	87828
chr4	103346054	103546054	harbor1	chr4	103423793	103424052	SINE/MIR	790	+	130	103423923	77869
chr4	53204913	53404913	harbor1	chr4	53227943	53228189	SINE/MIR	897	+	123	53228066	23153
chr4	127025380	127225380	harbor1	chr4	127047777	127047988	SINE/MIR	661	+	106	127047883	22503
chr4	127025380	127225380	harbor1	chr4	127119915	127120062	SINE/MIR	557	+	74	127119989	94609
chr4	31741690	31941690	harbor1	chr4	31769494	31769672	SINE/MIR	408	+	89	31769583	27893
chr4	66816175	67016175	harbor1	chr4	66856906	66857104	SINE/MIR	573	+	99	66857005	40830
chr4	66816175	67016175	harbor1	chr4	66896626	66896872	SINE/MIR	734	+	123	66896749	80574
chr4	173923504	174123504	harbor1	chr4	173946628	173946858	SINE/MIR	531	+	115	173946743	23239
chr4	173923504	174123504	harbor1	chr4	174013211	174013342	SINE/MIR	566	+	66	174013277	89773
chr4	173923504	174123504	harbor1	chr4	174017543	174017670	SINE/MIR	437	+	64	174017607	94103
chr4	74189706	74389706	harbor1	chr4	74204137	74204356	SINE/MIR	684	+	110	74204247	14541
chr4	74189706	74389706	harbor1	chr4	74261774	74261969	SINE/MIR	712	+	98	74261872	72166
chr4	65005615	65205615	harbor1	chr4	65037385	65037532	SINE/MIR	497	+	74	65037459	31844
chr4	65005615	65205615	harbor1	chr4	65051265	65051512	SINE/MIR	626	+	124	65051389	45774
chr4	65005615	65205615	harbor1	chr4	65092725	65092951	SINE/MIR	520	+	113	65092838	87223
chr4	33702504	33902504	harbor1	chr4	33754760	33754954	SINE/MIR	526	+	97	33754857	52353
chr4	86810336	87010336	harbor1	chr4	86827246	86827458	SINE/MIR	682	+	106	86827352	17016
chr4	86810336	87010336	harbor1	chr4	86833027	86833206	SINE/MIR	452	+	90	86833117	22781
chr4	86810336	87010336	harbor1	chr4	86847114	86847324	SINE/MIR	495	+	105	86847219	36883
chr4	86810336	87010336	harbor1	chr4	86892932	86893089	SINE/MIR	476	+	78	86893010	82674
chr4	148201865	148401865	harbor1	chr4	148207572	148207726	SINE/MIR	524	+	77	148207649	5784
chr4	148201865	148401865	harbor1	chr4	148208060	148208111	SINE/MIR	524	+	26	148208086	6221
chr4	148201865	148401865	harbor1	chr4	148214028	148214267	SINE/MIR	427	+	120	148214148	12283
chr4	148201865	148401865	harbor1	chr4	148224623	148224820	SINE/MIR	460	+	98	148224721	22856
chr4	148201865	148401865	harbor1	chr4	148245351	148245584	SINE/MIR	456	+	116	148245467	43602
chr4	148201865	148401865	harbor1	chr4	148251969	148252231	SINE/MIR	557	+	131	148252100	50235
chr4	148201865	148401865	harbor1	chr4	148264534	148264706	SINE/MIR	542	+	86	148264620	62755
chr4	148201865	148401865	harbor1	chr4	148267088	148267245	SINE/MIR	442	+	78	148267166	65301
chr4	148201865	148401865	harbor1	chr4	148294093	148294308	SINE/MIR	584	+	108	148294201	92336
chr4	172651186	172851186	harbor1	chr4	172708435	172708687	SINE/MIR	735	+	126	172708561	57375
chr4	172651186	172851186	harbor1	chr4	172712851	172712983	SINE/MIR	407	+	66	172712917	61731
chr4	172651186	172851186	harbor1	chr4	172723304	172723511	SINE/MIR	421	+	104	172723408	72222
chr4	172651186	172851186	harbor1	chr4	172725880	172725988	SINE/MIR	449	+	54	172725934	74748
chr4	172651186	172851186	harbor1	chr4	172746163	172746325	SINE/MIR	493	+	81	172746244	95058
chr4	89605590	89805590	harbor1	chr4	89617093	89617277	SINE/MIR	557	+	92	89617185	11595
chr4	89605590	89805590	harbor1	chr4	89703173	89703424	SINE/MIR	499	+	126	89703299	97709
chr4	174662017	174862017	harbor1	chr4	174716621	174716807	SINE/MIR	779	+	93	174716714	54697
chr4	22340424	22540424	harbor1	chr4	22395655	22395859	SINE/MIR	468	+	102	22395757	55333
chr4	22340424	22540424	harbor1	chr4	22409426	22409659	SINE/MIR	801	+	116	22409542	69118
chr4	22340424	22540424	harbor1	chr4	22425941	22426092	SINE/MIR	507	+	76	22426017	85593
chr4	114921141	115121141	harbor1	chr4	114943689	114943915	SINE/MIR	595	+	113	114943802	22661
chr4	114921141	115121141	harbor1	chr4	114971783	114972019	SINE/MIR	692	+	118	114971901	50760
chr4	114921141	115121141	harbor1	chr4	114999235	114999497	SINE/MIR	434	+	131	114999366	78225
chr4	88909884	89109884	harbor1	chr4	88966950	88967191	SINE/MIR	783	+	120	88967070	57186
chr4	88909884	89109884	harbor1	chr4	88979423	88979665	SINE/MIR	1034	+	121	88979544	69660
chr4	88909884	89109884	harbor1	chr4	89008587	89008788	SINE/MIR	405	+	100	89008687	98803
chr4	88909884	89109884	harbor1	chr4	88932212	88932380	SINE/MIR	480	+	84	88932296	22412
chr4	76221191	76421191	harbor1	chr4	76252416	76252667	SINE/MIR	501	+	126	76252542	31351
chr4	76221191	76421191	harbor1	chr4	76255166	76255430	SINE/MIR	975	+	132	76255298	34107
chr4	76221191	76421191	harbor1	chr4	76293624	76293882	SINE/MIR	887	+	129	76293753	72562
chr4	76221191	76421191	harbor1	chr4	76301878	76302063	SINE/MIR	407	+	92	76301970	80779
chr4	14977091	15177091	harbor1	chr4	14980703	14980889	SINE/MIR	592	+	93	14980796	3705
chr4	14977091	15177091	harbor1	chr4	14981596	14981772	SINE/MIR	443	+	88	14981684	4593
chr4	14977091	15177091	harbor1	chr4	14984109	14984312	SINE/MIR	485	+	102	14984211	7120
chr4	14977091	15177091	harbor1	chr4	14985396	14985613	SINE/MIR	465	+	108	14985504	8413
chr4	14977091	15177091	harbor1	chr4	14985635	14985847	SINE/MIR	675	+	106	14985741	8650
chr4	14977091	15177091	harbor1	chr4	15030293	15030538	SINE/MIR	843	+	122	15030415	53324
chr4	14977091	15177091	harbor1	chr4	15033404	15033607	SINE/MIR	467	+	102	15033506	56415
chr4	14977091	15177091	harbor1	chr4	15035232	15035484	SINE/MIR	800	+	126	15035358	58267
chr4	14977091	15177091	harbor1	chr4	15062541	15062752	SINE/MIR	569	+	106	15062647	85556
chr4	55042820	55242820	harbor1	chr4	55067852	55068094	SINE/MIR	805	+	121	55067973	25153
chr4	55042820	55242820	harbor1	chr4	55127984	55128191	SINE/MIR	618	+	104	55128088	85268
chr4	55042820	55242820	harbor1	chr4	55130601	55130775	SINE/MIR	445	+	87	55130688	87868
chr4	24634283	24834283	harbor1	chr4	24656269	24656431	SINE/MIR	424	+	81	24656350	22067
chr4	24634283	24834283	harbor1	chr4	24668306	24668463	SINE/MIR	491	+	78	24668384	34101
chr4	24634283	24834283	harbor1	chr4	24673535	24673658	SINE/MIR	581	+	62	24673597	39314
chr4	24634283	24834283	harbor1	chr4	24673736	24673812	SINE/MIR	581	+	38	24673774	39491
chr4	24634283	24834283	harbor1	chr4	24687333	24687438	SINE/MIR	426	+	52	24687385	53102
chr4	24634283	24834283	harbor1	chr4	24687793	24687828	SINE/MIR	426	+	18	24687811	53528
chr4	24634283	24834283	harbor1	chr4	24688418	24688579	SINE/MIR	430	+	80	24688498	54215
chr4	24634283	24834283	harbor1	chr4	24689576	24689812	SINE/MIR	622	+	118	24689694	55411
chr4	24634283	24834283	harbor1	chr4	24703430	24703649	SINE/MIR	638	+	110	24703540	69257
chr4	24634283	24834283	harbor1	chr4	24720732	24720965	SINE/MIR	1007	+	116	24720848	86565
chr4	24634283	24834283	harbor1	chr4	24725422	24725578	SINE/MIR	496	+	78	24725500	91217
chr4	70728805	70928805	harbor1	chr4	70729134	70729257	SINE/MIR	567	+	62	70729196	391
chr4	70728805	70928805	harbor1	chr4	70729552	70729675	SINE/MIR	567	+	62	70729614	809
chr4	70728805	70928805	harbor1	chr4	70761511	70761646	SINE/MIR	417	+	68	70761579	32774
chr4	70728805	70928805	harbor1	chr4	70772356	70772539	SINE/MIR	410	+	92	70772448	43643
chr4	70728805	70928805	harbor1	chr4	70777657	70777809	SINE/MIR	447	+	76	70777733	48928
chr4	70728805	70928805	harbor1	chr4	70780187	70780283	SINE/MIR	763	+	48	70780235	51430
chr4	70728805	70928805	harbor1	chr4	70780593	70780778	SINE/MIR	763	+	92	70780685	51880
chr4	122482770	122682770	harbor1	chr4	122539189	122539413	SINE/MIR	767	+	112	122539301	56531
chr4	122482770	122682770	harbor1	chr4	122548005	122548160	SINE/MIR	584	+	78	122548083	65313
chr4	122482770	122682770	harbor1	chr4	122548195	122548257	SINE/MIR	584	+	31	122548226	65456
chr4	122482770	122682770	harbor1	chr4	122552625	122552775	SINE/MIR	415	+	75	122552700	69930
chr4	136325228	136525228	harbor1	chr4	136384534	136384762	SINE/MIR	784	+	114	136384648	59420
chr4	52664284	52864284	harbor1	chr4	52665879	52666087	SINE/MIR	701	+	104	52665983	1699
chr4	52664284	52864284	harbor1	chr4	52706103	52706351	SINE/MIR	602	+	124	52706227	41943
chr4	52664284	52864284	harbor1	chr4	52711531	52711717	SINE/MIR	525	+	93	52711624	47340
chr4	52664284	52864284	harbor1	chr4	52732610	52732839	SINE/MIR	793	+	114	52732724	68440
chr4	52664284	52864284	harbor1	chr4	52760491	52760687	SINE/MIR	468	+	98	52760589	96305
chr4	164239654	164439654	harbor1	chr4	164296940	164297157	SINE/MIR	522	+	108	164297048	57394
chr4	164239654	164439654	harbor1	chr4	164315908	164316153	SINE/MIR	718	+	122	164316030	76376
chr4	164239654	164439654	harbor1	chr4	164317978	164318224	SINE/MIR	934	+	123	164318101	78447
chr4	164239654	164439654	harbor1	chr4	164326777	164326957	SINE/MIR	766	+	90	164326867	87213
chr4	164239654	164439654	harbor1	chr4	164327001	164327055	SINE/MIR	766	+	27	164327028	87374
chr4	71190398	71390398	harbor1	chr4	71206910	71207098	SINE/MIR	438	+	94	71207004	16606
chr4	71190398	71390398	harbor1	chr4	71215572	71215797	SINE/MIR	496	+	112	71215684	25286
chr4	71190398	71390398	harbor1	chr4	71218637	71218783	SINE/MIR	524	+	73	71218710	28312
chr4	71190398	71390398	harbor1	chr4	71224383	71224633	SINE/MIR	799	+	125	71224508	34110
chr4	71190398	71390398	harbor1	chr4	71224818	71225045	SINE/MIR	521	+	114	71224932	34534
chr4	71190398	71390398	harbor1	chr4	71260687	71260871	SINE/MIR	669	+	92	71260779	70381
chr4	71190398	71390398	harbor1	chr4	71269783	71270026	SINE/MIR	539	+	122	71269905	79507
chr4	71190398	71390398	harbor1	chr4	71273807	71273957	SINE/MIR	693	+	75	71273882	83484
chr4	71190398	71390398	harbor1	chr4	71274660	71274834	SINE/MIR	476	+	87	71274747	84349
chr4	111728081	111928081	harbor1	chr4	111728340	111728561	SINE/MIR	586	+	110	111728450	369
chr4	111728081	111928081	harbor1	chr4	111739302	111739478	SINE/MIR	678	+	88	111739390	11309
chr4	111728081	111928081	harbor1	chr4	111791626	111791788	SINE/MIR	433	+	81	111791707	63626
chr4	121032894	121232894	harbor1	chr4	121047585	121047729	SINE/MIR	412	+	72	121047657	14763
chr4	121032894	121232894	harbor1	chr4	121061787	121062003	SINE/MIR	525	+	108	121061895	29001
chr4	121032894	121232894	harbor1	chr4	121079625	121079869	SINE/MIR	771	+	122	121079747	46853
chr4	145326562	145526562	harbor1	chr4	145340237	145340416	SINE/MIR	853	+	90	145340327	13765
chr4	145326562	145526562	harbor1	chr4	145395137	145395344	SINE/MIR	572	+	104	145395241	68679
chr4	145326562	145526562	harbor1	chr4	145417903	145418037	SINE/MIR	492	+	67	145417970	91408
chr4	62636841	62836841	harbor1	chr4	62658970	62659148	SINE/MIR	582	+	89	62659059	22218
chr4	32833478	33033478	harbor1	chr4	32840934	32841146	SINE/MIR	580	+	106	32841040	7562
chr4	32833478	33033478	harbor1	chr4	32895500	32895701	SINE/MIR	456	+	100	32895600	62122
chr4	32833478	33033478	harbor1	chr4	32931587	32931737	SINE/MIR	407	+	75	32931662	98184
chr4	9586484	9786484	harbor1	chr4	9667865	9668028	SINE/MIR	538	+	82	9667947	81463
chr4	9586484	9786484	harbor1	chr4	9668494	9668719	SINE/MIR	528	+	112	9668606	82122
chr4	9586484	9786484	harbor1	chr4	9684612	9684784	SINE/MIR	488	+	86	9684698	98214
chr4	24602274	24802274	harbor1	chr4	24656269	24656431	SINE/MIR	424	+	81	24656350	54076
chr4	24602274	24802274	harbor1	chr4	24668306	24668463	SINE/MIR	491	+	78	24668384	66110
chr4	24602274	24802274	harbor1	chr4	24673535	24673658	SINE/MIR	581	+	62	24673597	71323
chr4	24602274	24802274	harbor1	chr4	24673736	24673812	SINE/MIR	581	+	38	24673774	71500
chr4	24602274	24802274	harbor1	chr4	24687333	24687438	SINE/MIR	426	+	52	24687385	85111
chr4	24602274	24802274	harbor1	chr4	24687793	24687828	SINE/MIR	426	+	18	24687811	85537
chr4	24602274	24802274	harbor1	chr4	24688418	24688579	SINE/MIR	430	+	80	24688498	86224
chr4	24602274	24802274	harbor1	chr4	24689576	24689812	SINE/MIR	622	+	118	24689694	87420
chr4	99524279	99724279	harbor1	chr4	99553442	99553704	SINE/MIR	795	+	131	99553573	29294
chr4	99524279	99724279	harbor1	chr4	99580237	99580298	SINE/MIR	850	+	30	99580267	55988
chr4	99524279	99724279	harbor1	chr4	99580604	99580756	SINE/MIR	850	+	76	99580680	56401
chr4	99524279	99724279	harbor1	chr4	99599347	99599578	SINE/MIR	549	+	116	99599463	75184
chr4	99524279	99724279	harbor1	chr4	99612574	99612730	SINE/MIR	474	+	78	99612652	88373
chr4	135566888	135766888	harbor1	chr4	135608304	135608466	SINE/MIR	464	+	81	135608385	41497
chr4	16404468	16604468	harbor1	chr4	16419031	16419252	SINE/MIR	602	+	110	16419141	14673
chr4	16404468	16604468	harbor1	chr4	16427721	16427926	SINE/MIR	580	+	102	16427823	23355
chr4	16404468	16604468	harbor1	chr4	16448471	16448685	SINE/MIR	466	+	107	16448578	44110
chr4	16404468	16604468	harbor1	chr4	16452590	16452713	SINE/MIR	407	+	62	16452652	48184
chr4	16404468	16604468	harbor1	chr4	16453899	16454067	SINE/MIR	714	+	84	16453983	49515
chr4	16404468	16604468	harbor1	chr4	16467953	16468179	SINE/MIR	687	+	113	16468066	63598
chr4	16404468	16604468	harbor1	chr4	16477511	16477667	SINE/MIR	569	+	78	16477589	73121
chr4	16404468	16604468	harbor1	chr4	16496434	16496610	SINE/MIR	576	+	88	16496522	92054
chr4	44527873	44727873	harbor1	chr4	44540643	44540807	SINE/MIR	522	+	82	44540725	12852
chr4	44527873	44727873	harbor1	chr4	44554398	44554583	SINE/MIR	439	+	92	44554490	26617
chr4	44527873	44727873	harbor1	chr4	44618099	44618328	SINE/MIR	741	+	114	44618213	90340
chr4	32934290	33134290	harbor1	chr4	32956265	32956508	SINE/MIR	469	+	122	32956387	22097
chr4	32934290	33134290	harbor1	chr4	32965189	32965380	SINE/MIR	410	+	96	32965285	30995
chr4	32934290	33134290	harbor1	chr4	32987682	32987913	SINE/MIR	504	+	116	32987798	53508
chr4	32934290	33134290	harbor1	chr4	32995892	32996100	SINE/MIR	519	+	104	32995996	61706
chr4	12388433	12588433	harbor1	chr4	12394266	12394463	SINE/MIR	505	+	98	12394364	5931
chr4	12388433	12588433	harbor1	chr4	12475785	12475989	SINE/MIR	413	+	102	12475887	87454
chr4	27699988	27899988	harbor1	chr4	27765302	27765468	SINE/MIR	402	+	83	27765385	65397
chr4	27699988	27899988	harbor1	chr4	27785572	27785763	SINE/MIR	409	+	96	27785668	85680
chr4	37503265	37703265	harbor1	chr4	37535833	37536053	SINE/MIR	796	+	110	37535943	32678
chr4	37503265	37703265	harbor1	chr4	37537772	37537970	SINE/MIR	403	+	99	37537871	34606
chr4	37503265	37703265	harbor1	chr4	37567166	37567333	SINE/MIR	420	+	84	37567250	63985
chr4	37503265	37703265	harbor1	chr4	37592630	37592840	SINE/MIR	498	+	105	37592735	89470
chr4	37503265	37703265	harbor1	chr4	37596128	37596255	SINE/MIR	485	+	64	37596192	92927
chr4	134887308	135087308	harbor1	chr4	134932288	134932456	SINE/MIR	517	+	84	134932372	45064
chr5	167109941	167309941	harbor1	chr5	167115831	167116060	SINE/MIR	452	+	114	167115945	6004
chr5	167109941	167309941	harbor1	chr5	167119034	167119214	SINE/MIR	597	+	90	167119124	9183
chr5	167109941	167309941	harbor1	chr5	167129528	167129714	SINE/MIR	525	+	93	167129621	19680
chr5	167109941	167309941	harbor1	chr5	167145260	167145448	SINE/MIR	447	+	94	167145354	35413
chr5	167109941	167309941	harbor1	chr5	167154676	167154903	SINE/MIR	515	+	114	167154790	44849
chr5	167109941	167309941	harbor1	chr5	167169433	167169644	SINE/MIR	623	+	106	167169539	59598
chr5	167109941	167309941	harbor1	chr5	167209100	167209257	SINE/MIR	468	+	78	167209178	99237
chr5	9059748	9259748	harbor1	chr5	9104122	9104338	SINE/MIR	479	+	108	9104230	44482
chr5	9059748	9259748	harbor1	chr5	9130477	9130701	SINE/MIR	439	+	112	9130589	70841
chr5	148364371	148564371	harbor1	chr5	148384850	148385026	SINE/MIR	477	+	88	148384938	20567
chr5	148364371	148564371	harbor1	chr5	148385423	148385612	SINE/MIR	525	+	94	148385517	21146
chr5	148364371	148564371	harbor1	chr5	148416663	148416900	SINE/MIR	644	+	118	148416781	52410
chr5	148364371	148564371	harbor1	chr5	148423300	148423444	SINE/MIR	403	+	72	148423372	59001
chr5	148364371	148564371	harbor1	chr5	148432434	148432645	SINE/MIR	998	+	106	148432540	68169
chr5	148364371	148564371	harbor1	chr5	148433982	148434077	SINE/MIR	417	+	48	148434030	69659
chr5	148364371	148564371	harbor1	chr5	148438697	148438916	SINE/MIR	649	+	110	148438807	74436
chr5	148364371	148564371	harbor1	chr5	148447102	148447332	SINE/MIR	681	+	115	148447217	82846
chr5	148364371	148564371	harbor1	chr5	148454070	148454326	SINE/MIR	876	+	128	148454198	89827
chr5	148364371	148564371	harbor1	chr5	148456722	148456792	SINE/MIR	412	+	35	148456757	92386
chr5	177550980	177750980	harbor1	chr5	177566326	177566464	SINE/MIR	637	+	69	177566395	15415
chr5	177550980	177750980	harbor1	chr5	177566768	177566842	SINE/MIR	637	+	37	177566805	15825
chr5	177550980	177750980	harbor1	chr5	177598799	177598957	SINE/MIR	429	+	79	177598878	47898
chr5	95433082	95633082	harbor1	chr5	95457126	95457281	SINE/MIR	664	+	78	95457204	24122
chr5	95433082	95633082	harbor1	chr5	95457485	95457556	SINE/MIR	664	+	36	95457521	24439
chr5	95433082	95633082	harbor1	chr5	95484048	95484286	SINE/MIR	724	+	119	95484167	51085
chr5	95433082	95633082	harbor1	chr5	95514588	95514761	SINE/MIR	614	+	86	95514674	81592
chr5	65624972	65824972	harbor1	chr5	65632544	65632765	SINE/MIR	632	+	110	65632654	7682
chr5	65624972	65824972	harbor1	chr5	65645219	65645417	SINE/MIR	802	+	99	65645318	20346
chr5	65624972	65824972	harbor1	chr5	65719975	65720070	SINE/MIR	474	+	48	65720023	95051
chr5	65624972	65824972	harbor1	chr5	65720382	65720501	SINE/MIR	474	+	60	65720442	95470
chr5	581088	781088	harbor1	chr5	585437	585620	SINE/MIR	500	+	92	585529	4441
chr5	581088	781088	harbor1	chr5	657191	657324	SINE/MIR	475	+	66	657257	76169
chr5	50410718	50610718	harbor1	chr5	50426167	50426359	SINE/MIR	661	+	96	50426263	15545
chr5	112039980	112239980	harbor1	chr5	112131169	112131423	SINE/MIR	932	+	127	112131296	91316
chr5	96697633	96897633	harbor1	chr5	96697698	96697892	SINE/MIR	447	+	97	96697795	162
chr5	96697633	96897633	harbor1	chr5	96715417	96715631	SINE/MIR	722	+	107	96715524	17891
chr5	96697633	96897633	harbor1	chr5	96725446	96725576	SINE/MIR	500	+	65	96725511	27878
chr5	96697633	96897633	harbor1	chr5	96789721	96789925	SINE/MIR	511	+	102	96789823	92190
chr5	96697633	96897633	harbor1	chr5	96763852	96764069	SINE/MIR	423	+	108	96763960	66327
chr5	70055089	70255089	harbor1	chr5	70101733	70101899	SINE/MIR	399	+	83	70101816	46727
chr5	70055089	70255089	harbor1	chr5	70103690	70103839	SINE/MIR	709	+	74	70103764	48675
chr5	70055089	70255089	harbor1	chr5	70104156	70104245	SINE/MIR	709	+	44	70104200	49111
chr5	177516851	177716851	harbor1	chr5	177526220	177526331	SINE/MIR	428	+	56	177526276	9425
chr5	177516851	177716851	harbor1	chr5	177531709	177531876	SINE/MIR	583	+	84	177531793	14942
chr5	177516851	177716851	harbor1	chr5	177539744	177539962	SINE/MIR	646	+	109	177539853	23002
chr5	177516851	177716851	harbor1	chr5	177542219	177542445	SINE/MIR	681	+	113	177542332	25481
chr5	177516851	177716851	harbor1	chr5	177546977	177547212	SINE/MIR	726	+	118	177547095	30244
chr5	177516851	177716851	harbor1	chr5	177566326	177566464	SINE/MIR	637	+	69	177566395	49544
chr5	177516851	177716851	harbor1	chr5	177566768	177566842	SINE/MIR	637	+	37	177566805	49954
chr5	177516851	177716851	harbor1	chr5	177598799	177598957	SINE/MIR	429	+	79	177598878	82027
chr5	114862092	115062092	harbor1	chr5	114882813	114882985	SINE/MIR	433	+	86	114882899	20807
chr5	114862092	115062092	harbor1	chr5	114935270	114935477	SINE/MIR	717	+	104	114935374	73282
chr5	114862092	115062092	harbor1	chr5	114950124	114950330	SINE/MIR	616	+	103	114950227	88135
chr5	96307567	96507567	harbor1	chr5	96327046	96327294	SINE/MIR	817	+	124	96327170	19603
chr5	96307567	96507567	harbor1	chr5	96385914	96386105	SINE/MIR	536	+	96	96386010	78443
chr5	96307567	96507567	harbor1	chr5	96404694	96404942	SINE/MIR	601	+	124	96404818	97251
chr5	180658311	180858311	harbor1	chr5	180737449	180737676	SINE/MIR	454	+	114	180737563	79252
chr5	180658311	180858311	harbor1	chr5	180749612	180749781	SINE/MIR	413	+	84	180749696	91385
chr5	52580682	52780682	harbor1	chr5	52592887	52593089	SINE/MIR	566	+	101	52592988	12306
chr5	113279058	113479058	harbor1	chr5	113328990	113329209	SINE/MIR	612	+	110	113329100	50042
chr5	113279058	113479058	harbor1	chr5	113357000	113357241	SINE/MIR	735	+	120	113357120	78062
chr5	113279058	113479058	harbor1	chr5	113371242	113371417	SINE/MIR	413	+	88	113371330	92272
chr5	171431517	171631517	harbor1	chr5	171435805	171435948	SINE/MIR	487	+	72	171435877	4360
chr5	171431517	171631517	harbor1	chr5	171436331	171436520	SINE/MIR	490	+	94	171436425	4908
chr5	171431517	171631517	harbor1	chr5	171442972	171443135	SINE/MIR	570	+	82	171443054	11537
chr5	171431517	171631517	harbor1	chr5	171443425	171443496	SINE/MIR	570	+	36	171443461	11944
chr5	171431517	171631517	harbor1	chr5	171444273	171444505	SINE/MIR	772	+	116	171444389	12872
chr5	171431517	171631517	harbor1	chr5	171444663	171444837	SINE/MIR	474	+	87	171444750	13233
chr5	171431517	171631517	harbor1	chr5	171477419	171477544	SINE/MIR	425	+	62	171477481	45964
chr5	171431517	171631517	harbor1	chr5	171478716	171478942	SINE/MIR	825	+	113	171478829	47312
chr5	171431517	171631517	harbor1	chr5	171512437	171512604	SINE/MIR	502	+	84	171512521	81004
chr5	171431517	171631517	harbor1	chr5	171513091	171513307	SINE/MIR	768	+	108	171513199	81682
chr5	171431517	171631517	harbor1	chr5	171516106	171516284	SINE/MIR	682	+	89	171516195	84678
chr5	171431517	171631517	harbor1	chr5	171517475	171517699	SINE/MIR	419	+	112	171517587	86070
chr5	171431517	171631517	harbor1	chr5	171523352	171523501	SINE/MIR	438	+	74	171523426	91909
chr5	96180165	96380165	harbor1	chr5	96183604	96183812	SINE/MIR	458	+	104	96183708	3543
chr5	96180165	96380165	harbor1	chr5	96200672	96200855	SINE/MIR	536	+	92	96200764	20599
chr5	96180165	96380165	harbor1	chr5	96218853	96219098	SINE/MIR	662	+	122	96218975	38810
chr5	96180165	96380165	harbor1	chr5	96249313	96249525	SINE/MIR	589	+	106	96249419	69254
chr5	164730783	164930783	harbor1	chr5	164770258	164770474	SINE/MIR	552	+	108	164770366	39583
chr5	104760047	104960047	harbor1	chr5	104778261	104778485	SINE/MIR	787	+	112	104778373	18326
chr5	104760047	104960047	harbor1	chr5	104838113	104838241	SINE/MIR	418	+	64	104838177	78130
chr5	7109963	7309963	harbor1	chr5	7147445	7147587	SINE/MIR	510	+	71	7147516	37553
chr5	7109963	7309963	harbor1	chr5	7177196	7177416	SINE/MIR	588	+	110	7177306	67343
chr5	22138530	22338530	harbor1	chr5	22153492	22153720	SINE/MIR	619	+	114	22153606	15076
chr5	22138530	22338530	harbor1	chr5	22227961	22228200	SINE/MIR	449	+	120	22228081	89551
chr5	15139137	15339137	harbor1	chr5	15181257	15181406	SINE/MIR	476	+	74	15181331	42194
chr5	51549445	51749445	harbor1	chr5	51591931	51592147	SINE/MIR	893	+	108	51592039	42594
chr5	51549445	51749445	harbor1	chr5	51645734	51645928	SINE/MIR	422	+	97	51645831	96386
chr5	95975372	96175372	harbor1	chr5	95976898	95977001	SINE/MIR	527	+	52	95976950	1578
chr5	95975372	96175372	harbor1	chr5	95982492	95982639	SINE/MIR	441	+	74	95982566	7194
chr5	95975372	96175372	harbor1	chr5	95987571	95987763	SINE/MIR	567	+	96	95987667	12295
chr5	95975372	96175372	harbor1	chr5	95988602	95988829	SINE/MIR	741	+	114	95988716	13344
chr5	95975372	96175372	harbor1	chr5	96042661	96042909	SINE/MIR	609	+	124	96042785	67413
chr5	22925057	23125057	harbor1	chr5	22929368	22929503	SINE/MIR	420	+	68	22929436	4379
chr5	22925057	23125057	harbor1	chr5	23017828	23018016	SINE/MIR	570	+	94	23017922	92865
chr5	75317080	75517080	harbor1	chr5	75332474	75332716	SINE/MIR	721	+	121	75332595	15515
chr5	75317080	75517080	harbor1	chr5	75335740	75335935	SINE/MIR	428	+	98	75335838	18758
chr5	75317080	75517080	harbor1	chr5	75365518	75365696	SINE/MIR	522	+	89	75365607	48527
chr5	75317080	75517080	harbor1	chr5	75385541	75385764	SINE/MIR	508	+	112	75385653	68573
chr5	75317080	75517080	harbor1	chr5	75416198	75416288	SINE/MIR	420	+	45	75416243	99163
chr5	112373528	112573528	harbor1	chr5	112434909	112435124	SINE/MIR	655	+	108	112435017	61489
chr5	157245832	157445832	harbor1	chr5	157283097	157283314	SINE/MIR	530	+	108	157283205	37373
chr5	157245832	157445832	harbor1	chr5	157297308	157297542	SINE/MIR	437	+	117	157297425	51593
chr5	157245832	157445832	harbor1	chr5	157303131	157303360	SINE/MIR	528	+	114	157303245	57413
chr5	157245832	157445832	harbor1	chr5	157307341	157307543	SINE/MIR	445	+	101	157307442	61610
chr5	157245832	157445832	harbor1	chr5	157308862	157309011	SINE/MIR	406	+	74	157308936	63104
chr5	157245832	157445832	harbor1	chr5	157309021	157309237	SINE/MIR	655	+	108	157309129	63297
chr5	157245832	157445832	harbor1	chr5	157311889	157312084	SINE/MIR	573	+	98	157311987	66155
chr5	157245832	157445832	harbor1	chr5	157316623	157316843	SINE/MIR	615	+	110	157316733	70901
chr5	157245832	157445832	harbor1	chr5	157320109	157320292	SINE/MIR	564	+	92	157320201	74369
chr5	157245832	157445832	harbor1	chr5	157335088	157335267	SINE/MIR	677	+	90	157335178	89346
chr5	157245832	157445832	harbor1	chr5	157337858	157338008	SINE/MIR	426	+	75	157337933	92101
chr5	157245832	157445832	harbor1	chr5	157338422	157338583	SINE/MIR	470	+	80	157338502	92670
chr5	157245832	157445832	harbor1	chr5	157335538	157335582	SINE/MIR	677	+	22	157335560	89728
chr5	123076963	123276963	harbor1	chr5	123087055	123087245	SINE/MIR	427	+	95	123087150	10187
chr5	123076963	123276963	harbor1	chr5	123131830	123132079	SINE/MIR	811	+	124	123131954	54991
chr5	123076963	123276963	harbor1	chr5	123136903	123137144	SINE/MIR	578	+	120	123137023	60060
chr5	123076963	123276963	harbor1	chr5	123151468	123151649	SINE/MIR	461	+	90	123151558	74595
chr5	59115188	59315188	harbor1	chr5	59123785	59123970	SINE/MIR	578	+	92	59123877	8689
chr5	59115188	59315188	harbor1	chr5	59133278	59133470	SINE/MIR	406	+	96	59133374	18186
chr5	59115188	59315188	harbor1	chr5	59152027	59152241	SINE/MIR	601	+	107	59152134	36946
chr5	59115188	59315188	harbor1	chr5	59168824	59169017	SINE/MIR	421	+	96	59168920	53732
chr5	59115188	59315188	harbor1	chr5	59186219	59186410	SINE/MIR	781	+	96	59186315	71127
chr5	59115188	59315188	harbor1	chr5	59195566	59195795	SINE/MIR	855	+	114	59195680	80492
chr5	59115188	59315188	harbor1	chr5	59129730	59129976	SINE/MIR	918	+	123	59129853	14665
chr5	60655448	60855448	harbor1	chr5	60688357	60688582	SINE/MIR	466	+	112	60688469	33021
chr5	60655448	60855448	harbor1	chr5	60704783	60704935	SINE/MIR	631	+	76	60704859	49411
chr5	60655448	60855448	harbor1	chr5	60702597	60702801	SINE/MIR	505	+	102	60702699	47251
chr5	43783044	43983044	harbor1	chr5	43802960	43803105	SINE/MIR	431	+	72	43803032	19988
chr5	43783044	43983044	harbor1	chr5	43820246	43820485	SINE/MIR	518	+	120	43820366	37322
chr5	43783044	43983044	harbor1	chr5	43839484	43839658	SINE/MIR	427	+	87	43839571	56527
chr5	43783044	43983044	harbor1	chr5	43851113	43851279	SINE/MIR	422	+	83	43851196	68152
chr5	111051662	111251662	harbor1	chr5	111074242	111074479	SINE/MIR	849	+	118	111074360	22698
chr5	111051662	111251662	harbor1	chr5	111146135	111146274	SINE/MIR	439	+	70	111146205	94543
chr5	119385142	119585142	harbor1	chr5	119419108	119419277	SINE/MIR	406	+	84	119419192	34050
chr5	118312744	118512744	harbor1	chr5	118326081	118326310	SINE/MIR	620	+	114	118326195	13451
chr5	118312744	118512744	harbor1	chr5	118352424	118352618	SINE/MIR	410	+	97	118352521	39777
chr5	118312744	118512744	harbor1	chr5	118354656	118354892	SINE/MIR	540	+	118	118354774	42030
chr5	118312744	118512744	harbor1	chr5	118367869	118368077	SINE/MIR	781	+	104	118367973	55229
chr5	118312744	118512744	harbor1	chr5	118372103	118372339	SINE/MIR	428	+	118	118372221	59477
chr5	42579741	42779741	harbor1	chr5	42585850	42586107	SINE/MIR	903	+	128	42585978	6237
chr5	42579741	42779741	harbor1	chr5	42608006	42608245	SINE/MIR	448	+	120	42608126	28385
chr5	42579741	42779741	harbor1	chr5	42634017	42634248	SINE/MIR	805	+	116	42634133	54392
chr5	42579741	42779741	harbor1	chr5	42652967	42653138	SINE/MIR	440	+	86	42653053	73312
chr5	42579741	42779741	harbor1	chr5	42654125	42654296	SINE/MIR	460	+	86	42654211	74470
chr5	42579741	42779741	harbor1	chr5	42658245	42658504	SINE/MIR	669	+	130	42658375	78634
chr5	42579741	42779741	harbor1	chr5	42679317	42679344	SINE/MIR	656	+	14	42679331	99590
chr5	42579741	42779741	harbor1	chr5	42679640	42679831	SINE/MIR	656	+	96	42679736	99995
chr5	41759133	41959133	harbor1	chr5	41761240	41761456	SINE/MIR	496	+	108	41761348	2215
chr5	41759133	41959133	harbor1	chr5	41764181	41764384	SINE/MIR	447	+	102	41764283	5150
chr5	41759133	41959133	harbor1	chr5	41827393	41827519	SINE/MIR	426	+	63	41827456	68323
chr5	41759133	41959133	harbor1	chr5	41837760	41837987	SINE/MIR	712	+	114	41837874	78741
chr5	98711181	98911181	harbor1	chr5	98728162	98728406	SINE/MIR	894	+	122	98728284	17103
chr5	98711181	98911181	harbor1	chr5	98749675	98749895	SINE/MIR	452	+	110	98749785	38604
chr5	98711181	98911181	harbor1	chr5	98799419	98799658	SINE/MIR	515	+	120	98799539	88358
chr5	66900052	67100052	harbor1	chr5	66908763	66908985	SINE/MIR	815	+	111	66908874	8822
chr5	66900052	67100052	harbor1	chr5	66936231	66936360	SINE/MIR	741	+	64	66936295	36243
chr5	66900052	67100052	harbor1	chr5	66936719	66936791	SINE/MIR	741	+	36	66936755	36703
chr5	66900052	67100052	harbor1	chr5	66942761	66942806	SINE/MIR	419	+	22	66942783	42731
chr5	66900052	67100052	harbor1	chr5	66943147	66943326	SINE/MIR	419	+	90	66943237	43185
chr5	99495896	99695896	harbor1	chr5	99510626	99510882	SINE/MIR	857	+	128	99510754	14858
chr5	55663692	55863692	harbor1	chr5	55704773	55704998	SINE/MIR	623	+	112	55704885	41193
chr5	55663692	55863692	harbor1	chr5	55711373	55711569	SINE/MIR	543	+	98	55711471	47779
chr5	65814010	66014010	harbor1	chr5	65837280	65837421	SINE/MIR	399	+	70	65837350	23340
chr5	65814010	66014010	harbor1	chr5	65875874	65876017	SINE/MIR	445	+	72	65875946	61936
chr5	65814010	66014010	harbor1	chr5	65892964	65893161	SINE/MIR	425	+	98	65893062	79052
chr5	65814010	66014010	harbor1	chr5	65908786	65908971	SINE/MIR	518	+	92	65908878	94868
chr5	42277158	42477158	harbor1	chr5	42280617	42280745	SINE/MIR	418	+	64	42280681	3523
chr5	42277158	42477158	harbor1	chr5	42367488	42367606	SINE/MIR	417	+	59	42367547	90389
chr5	143816291	144016291	harbor1	chr5	143836088	143836295	SINE/MIR	517	+	104	143836192	19901
chr5	143816291	144016291	harbor1	chr5	143836906	143837122	SINE/MIR	663	+	108	143837014	20723
chr5	143816291	144016291	harbor1	chr5	143837657	143837830	SINE/MIR	401	+	86	143837743	21452
chr5	143816291	144016291	harbor1	chr5	143842314	143842552	SINE/MIR	707	+	119	143842433	26142
chr5	143816291	144016291	harbor1	chr5	143868947	143869127	SINE/MIR	457	+	90	143869037	52746
chr5	143816291	144016291	harbor1	chr5	143893347	143893549	SINE/MIR	482	+	101	143893448	77157
chr5	143816291	144016291	harbor1	chr5	143893896	143894111	SINE/MIR	531	+	108	143894004	77713
chr5	143816291	144016291	harbor1	chr5	143902931	143903125	SINE/MIR	531	+	97	143903028	86737
chr5	143816291	144016291	harbor1	chr5	143906297	143906451	SINE/MIR	483	+	77	143906374	90083
chr5	144083314	144283314	harbor1	chr5	144092093	144092335	SINE/MIR	585	+	121	144092214	8900
chr5	144083314	144283314	harbor1	chr5	144117784	144118012	SINE/MIR	405	+	114	144117898	34584
chr5	144083314	144283314	harbor1	chr5	144133142	144133294	SINE/MIR	531	+	76	144133218	49904
chr5	144083314	144283314	harbor1	chr5	144136858	144136987	SINE/MIR	473	+	64	144136922	53608
chr5	144083314	144283314	harbor1	chr5	144138772	144138970	SINE/MIR	405	+	99	144138871	55557
chr5	144083314	144283314	harbor1	chr5	144175600	144175829	SINE/MIR	661	+	114	144175714	92400
chr5	69485737	69685737	harbor1	chr5	69487783	69487959	SINE/MIR	527	+	88	69487871	2134
chr5	69485737	69685737	harbor1	chr5	69528612	69528776	SINE/MIR	566	+	82	69528694	42957
chr5	69485737	69685737	harbor1	chr5	69570163	69570347	SINE/MIR	511	+	92	69570255	84518
chr5	34881711	35081711	harbor1	chr5	34886007	34886189	SINE/MIR	639	+	91	34886098	4387
chr5	34881711	35081711	harbor1	chr5	34890741	34890780	SINE/MIR	556	+	20	34890761	9050
chr5	34881711	35081711	harbor1	chr5	34890900	34891112	SINE/MIR	556	+	106	34891006	9295
chr5	34881711	35081711	harbor1	chr5	34891234	34891467	SINE/MIR	769	+	116	34891350	9639
chr5	34881711	35081711	harbor1	chr5	34894644	34894860	SINE/MIR	969	+	108	34894752	13041
chr5	34881711	35081711	harbor1	chr5	34895175	34895409	SINE/MIR	753	+	117	34895292	13581
chr5	34881711	35081711	harbor1	chr5	34897946	34898176	SINE/MIR	806	+	115	34898061	16350
chr5	34881711	35081711	harbor1	chr5	34935083	34935327	SINE/MIR	497	+	122	34935205	53494
chr5	34881711	35081711	harbor1	chr5	34960632	34960850	SINE/MIR	469	+	109	34960741	79030
chr5	34881711	35081711	harbor1	chr5	34914204	34914455	SINE/MIR	808	+	126	34914330	32619
chr5	121653930	121853930	harbor1	chr5	121676454	121676681	SINE/MIR	571	+	114	121676568	22638
chr5	167474443	167674443	harbor1	chr5	167483015	167483202	SINE/MIR	579	+	94	167483109	8666
chr5	167474443	167674443	harbor1	chr5	167492215	167492482	SINE/MIR	438	+	134	167492349	17906
chr5	167474443	167674443	harbor1	chr5	167493340	167493590	SINE/MIR	571	+	125	167493465	19022
chr5	167474443	167674443	harbor1	chr5	167524231	167524412	SINE/MIR	752	+	90	167524321	49878
chr5	167474443	167674443	harbor1	chr5	167528359	167528578	SINE/MIR	502	+	110	167528469	54026
chr5	167474443	167674443	harbor1	chr5	167557342	167557583	SINE/MIR	914	+	120	167557462	83019
chr5	167474443	167674443	harbor1	chr5	167560471	167560742	SINE/MIR	779	+	136	167560607	86164
chr5	167474443	167674443	harbor1	chr5	167569482	167569669	SINE/MIR	445	+	94	167569576	95133
chr5	128832174	129032174	harbor1	chr5	128871502	128871683	SINE/MIR	536	+	90	128871592	39418
chr5	128832174	129032174	harbor1	chr5	128920555	128920678	SINE/MIR	467	+	62	128920617	88443
chr5	128832174	129032174	harbor1	chr5	128926656	128926903	SINE/MIR	816	+	124	128926780	94606
chr5	115531756	115731756	harbor1	chr5	115558369	115558562	SINE/MIR	674	+	96	115558465	26709
chr5	115531756	115731756	harbor1	chr5	115585026	115585245	SINE/MIR	722	+	110	115585136	53380
chr5	115531756	115731756	harbor1	chr5	115612870	115613104	SINE/MIR	862	+	117	115612987	81231
chr5	115531756	115731756	harbor1	chr5	115626532	115626754	SINE/MIR	700	+	111	115626643	94887
chr5	115531756	115731756	harbor1	chr5	115630815	115630995	SINE/MIR	446	+	90	115630905	99149
chr5	17635028	17835028	harbor1	chr5	17675938	17676152	SINE/MIR	606	+	107	17676045	41017
chr5	17635028	17835028	harbor1	chr5	17694792	17694958	SINE/MIR	418	+	83	17694875	59847
chr5	17635028	17835028	harbor1	chr5	17698484	17698714	SINE/MIR	733	+	115	17698599	63571
chr5	17635028	17835028	harbor1	chr5	17705967	17706132	SINE/MIR	497	+	82	17706049	71021
chr5	32051944	32251944	harbor1	chr5	32054001	32054120	SINE/MIR	509	+	60	32054061	2117
chr5	32051944	32251944	harbor1	chr5	32084258	32084472	SINE/MIR	454	+	107	32084365	32421
chr5	32051944	32251944	harbor1	chr5	32129230	32129392	SINE/MIR	583	+	81	32129311	77367
chr5	37872064	38072064	harbor1	chr5	37878369	37878595	SINE/MIR	610	+	113	37878482	6418
chr5	37872064	38072064	harbor1	chr5	37883925	37884148	SINE/MIR	683	+	112	37884037	11973
chr5	37872064	38072064	harbor1	chr5	37892396	37892531	SINE/MIR	471	+	68	37892464	20400
chr5	37872064	38072064	harbor1	chr5	37918726	37918951	SINE/MIR	724	+	112	37918838	46774
chr5	145621028	145821028	harbor1	chr5	145630934	145631114	SINE/MIR	515	+	90	145631024	9996
chr5	145621028	145821028	harbor1	chr5	145631351	145631519	SINE/MIR	410	+	84	145631435	10407
chr5	145621028	145821028	harbor1	chr5	145663661	145663869	SINE/MIR	568	+	104	145663765	42737
chr5	145621028	145821028	harbor1	chr5	145667646	145667770	SINE/MIR	478	+	62	145667708	46680
chr5	145621028	145821028	harbor1	chr5	145670942	145671079	SINE/MIR	505	+	68	145671010	49982
chr5	145621028	145821028	harbor1	chr5	145681480	145681662	SINE/MIR	624	+	91	145681571	60543
chr5	145621028	145821028	harbor1	chr5	145683102	145683274	SINE/MIR	536	+	86	145683188	62160
chr5	145621028	145821028	harbor1	chr5	145693947	145694203	SINE/MIR	1001	+	128	145694075	73047
chr5	145621028	145821028	harbor1	chr5	145708275	145708461	SINE/MIR	573	+	93	145708368	87340
chr5	145857003	146057003	harbor1	chr5	145860666	145860880	SINE/MIR	483	+	107	145860773	3770
chr5	145857003	146057003	harbor1	chr5	145862734	145862951	SINE/MIR	700	+	108	145862842	5839
chr5	145857003	146057003	harbor1	chr5	145908941	145909182	SINE/MIR	801	+	120	145909061	52058
chr5	145857003	146057003	harbor1	chr5	145935698	145935871	SINE/MIR	519	+	86	145935784	78781
chr5	145857003	146057003	harbor1	chr5	145941642	145941900	SINE/MIR	893	+	129	145941771	84768
chr5	145857003	146057003	harbor1	chr5	145942924	145943137	SINE/MIR	626	+	106	145943030	86027
chr5	145857003	146057003	harbor1	chr5	145947349	145947519	SINE/MIR	678	+	85	145947434	90431
chr5	145857003	146057003	harbor1	chr5	145951869	145952102	SINE/MIR	581	+	116	145951985	94982
chr5	65171456	65371456	harbor1	chr5	65215190	65215279	SINE/MIR	423	+	44	65215234	43778
chr5	65171456	65371456	harbor1	chr5	65244938	65245157	SINE/MIR	424	+	110	65245048	73592
chr5	65171456	65371456	harbor1	chr5	65269563	65269790	SINE/MIR	528	+	114	65269677	98221
chr5	118381448	118581448	harbor1	chr5	118445546	118445732	SINE/MIR	509	+	93	118445639	64191
chr5	118381448	118581448	harbor1	chr5	118476263	118476493	SINE/MIR	727	+	115	118476378	94930
chr5	43944190	44144190	harbor1	chr5	43996213	43996374	SINE/MIR	426	+	80	43996293	52103
chr5	63242813	63442813	harbor1	chr5	63296428	63296590	SINE/MIR	491	+	81	63296509	53696
chr5	13694257	13894257	harbor1	chr5	13695580	13695768	SINE/MIR	588	+	94	13695674	1417
chr5	13694257	13894257	harbor1	chr5	13707726	13707933	SINE/MIR	513	+	104	13707830	13573
chr5	13694257	13894257	harbor1	chr5	13741751	13741987	SINE/MIR	459	+	118	13741869	47612
chr5	13694257	13894257	harbor1	chr5	13760275	13760477	SINE/MIR	585	+	101	13760376	66119
chr5	13694257	13894257	harbor1	chr5	13778949	13779174	SINE/MIR	729	+	112	13779061	84804
chr5	114800153	115000153	harbor1	chr5	114882813	114882985	SINE/MIR	433	+	86	114882899	82746
chr5	112236126	112436126	harbor1	chr5	112236729	112236922	SINE/MIR	423	+	96	112236825	699
chr5	112236126	112436126	harbor1	chr5	112238970	112239202	SINE/MIR	494	+	116	112239086	2960
chr5	112236126	112436126	harbor1	chr5	112305075	112305231	SINE/MIR	473	+	78	112305153	69027
chr5	112236126	112436126	harbor1	chr5	112331052	112331234	SINE/MIR	424	+	91	112331143	95017
chr5	52930151	53130151	harbor1	chr5	52935448	52935693	SINE/MIR	556	+	122	52935570	5419
chr5	109617531	109817531	harbor1	chr5	109619315	109619505	SINE/MIR	501	+	95	109619410	1879
chr5	109617531	109817531	harbor1	chr5	109645498	109645706	SINE/MIR	487	+	104	109645602	28071
chr5	109617531	109817531	harbor1	chr5	109653606	109653837	SINE/MIR	629	+	116	109653722	36191
chr5	109617531	109817531	harbor1	chr5	109654172	109654311	SINE/MIR	663	+	70	109654242	36711
chr5	109617531	109817531	harbor1	chr5	109654402	109654481	SINE/MIR	663	+	40	109654442	36911
chr5	109617531	109817531	harbor1	chr5	109654996	109655182	SINE/MIR	508	+	93	109655089	37558
chr5	109617531	109817531	harbor1	chr5	109673211	109673346	SINE/MIR	485	+	68	109673279	55748
chr5	109617531	109817531	harbor1	chr5	109673388	109673441	SINE/MIR	485	+	26	109673414	55883
chr5	109617531	109817531	harbor1	chr5	109679562	109679792	SINE/MIR	532	+	115	109679677	62146
chr5	109617531	109817531	harbor1	chr5	109681470	109681667	SINE/MIR	514	+	98	109681568	64037
chr5	109617531	109817531	harbor1	chr5	109716700	109716879	SINE/MIR	446	+	90	109716790	99259
chr5	17685819	17885819	harbor1	chr5	17694792	17694958	SINE/MIR	418	+	83	17694875	9056
chr5	17685819	17885819	harbor1	chr5	17698484	17698714	SINE/MIR	733	+	115	17698599	12780
chr5	17685819	17885819	harbor1	chr5	17705967	17706132	SINE/MIR	497	+	82	17706049	20230
chr5	87820412	88020412	harbor1	chr5	87835393	87835650	SINE/MIR	727	+	128	87835521	15109
chr5	87820412	88020412	harbor1	chr5	87853287	87853477	SINE/MIR	626	+	95	87853382	32970
chr5	87820412	88020412	harbor1	chr5	87900830	87900970	SINE/MIR	490	+	70	87900900	80488
chr5	87820412	88020412	harbor1	chr5	87901264	87901362	SINE/MIR	490	+	49	87901313	80901
chr5	87820412	88020412	harbor1	chr5	87910501	87910730	SINE/MIR	556	+	114	87910615	90203
chr5	107909962	108109962	harbor1	chr5	107956442	107956648	SINE/MIR	420	+	103	107956545	46583
chr5	107909962	108109962	harbor1	chr5	107963471	107963691	SINE/MIR	414	+	110	107963581	53619
chr5	107909962	108109962	harbor1	chr5	107978941	107979129	SINE/MIR	602	+	94	107979035	69073
chr5	107909962	108109962	harbor1	chr5	107990432	107990692	SINE/MIR	882	+	130	107990562	80600
chr5	107909962	108109962	harbor1	chr5	108000039	108000166	SINE/MIR	426	+	64	108000103	90141
chr5	131721269	131921269	harbor1	chr5	131770593	131770792	SINE/MIR	440	+	100	131770693	49424
chr5	131721269	131921269	harbor1	chr5	131787526	131787735	SINE/MIR	932	+	104	131787630	66361
chr5	131721269	131921269	harbor1	chr5	131817998	131818208	SINE/MIR	559	+	105	131818103	96834
chr5	45648147	45848147	harbor1	chr5	45679126	45679348	SINE/MIR	639	+	111	45679237	31090
chr5	116224122	116424122	harbor1	chr5	116296889	116297064	SINE/MIR	412	+	88	116296977	72855
chr5	149875079	150075079	harbor1	chr5	149883655	149883876	SINE/MIR	641	+	110	149883765	8686
chr5	149875079	150075079	harbor1	chr5	149885364	149885504	SINE/MIR	480	+	70	149885434	10355
chr5	149875079	150075079	harbor1	chr5	149896929	149897165	SINE/MIR	661	+	118	149897047	21968
chr5	149875079	150075079	harbor1	chr5	149940133	149940258	SINE/MIR	452	+	62	149940195	65116
chr5	149875079	150075079	harbor1	chr5	149959103	149959346	SINE/MIR	689	+	122	149959225	84146
chr5	149875079	150075079	harbor1	chr5	149897200	149897326	SINE/MIR	438	+	63	149897263	22184
chr5	137122856	137322856	harbor1	chr5	137138886	137139086	SINE/MIR	399	+	100	137138986	16130
chr5	137122856	137322856	harbor1	chr5	137143449	137143659	SINE/MIR	540	+	105	137143554	20698
chr5	137122856	137322856	harbor1	chr5	137154923	137155132	SINE/MIR	448	+	104	137155027	32171
chr5	137122856	137322856	harbor1	chr5	137175544	137175775	SINE/MIR	549	+	116	137175660	52804
chr5	137122856	137322856	harbor1	chr5	137191147	137191276	SINE/MIR	447	+	64	137191211	68355
chr5	137122856	137322856	harbor1	chr5	137197355	137197544	SINE/MIR	537	+	94	137197449	74593
chr5	137122856	137322856	harbor1	chr5	137197691	137197919	SINE/MIR	581	+	114	137197805	74949
chr5	137122856	137322856	harbor1	chr5	137204002	137204227	SINE/MIR	452	+	112	137204114	81258
chr5	137122856	137322856	harbor1	chr5	137211213	137211374	SINE/MIR	406	+	80	137211293	88437
chr5	112647473	112847473	harbor1	chr5	112705664	112705793	SINE/MIR	401	+	64	112705728	58255
chr5	112647473	112847473	harbor1	chr5	112710688	112710927	SINE/MIR	445	+	120	112710808	63335
chr5	112647473	112847473	harbor1	chr5	112744848	112745057	SINE/MIR	608	+	104	112744952	97479
chr5	33107989	33307989	harbor1	chr5	33139506	33139692	SINE/MIR	602	+	93	33139599	31610
chr5	33107989	33307989	harbor1	chr5	33158862	33159106	SINE/MIR	911	+	122	33158984	50995
chr5	33107989	33307989	harbor1	chr5	33206114	33206345	SINE/MIR	725	+	116	33206230	98241
chr5	107669862	107869862	harbor1	chr5	107686021	107686259	SINE/MIR	575	+	119	107686140	16278
chr5	107669862	107869862	harbor1	chr5	107731796	107732041	SINE/MIR	442	+	122	107731918	62056
chr5	107669862	107869862	harbor1	chr5	107739830	107740086	SINE/MIR	550	+	128	107739958	70096
chr5	107669862	107869862	harbor1	chr5	107749980	107750125	SINE/MIR	438	+	72	107750052	80190
chr5	107669862	107869862	harbor1	chr5	107751572	107751782	SINE/MIR	645	+	105	107751677	81815
chr5	107669862	107869862	harbor1	chr5	107759421	107759645	SINE/MIR	707	+	112	107759533	89671
chr5	127092167	127292167	harbor1	chr5	127095959	127096092	SINE/MIR	512	+	66	127096025	3858
chr5	127092167	127292167	harbor1	chr5	127100523	127100701	SINE/MIR	452	+	89	127100612	8445
chr5	127092167	127292167	harbor1	chr5	127190116	127190352	SINE/MIR	848	+	118	127190234	98067
chr5	32301632	32501632	harbor1	chr5	32306176	32306396	SINE/MIR	552	+	110	32306286	4654
chr5	32301632	32501632	harbor1	chr5	32317541	32317662	SINE/MIR	484	+	60	32317601	15969
chr5	32301632	32501632	harbor1	chr5	32318182	32318258	SINE/MIR	484	+	38	32318220	16588
chr5	32301632	32501632	harbor1	chr5	32326961	32327166	SINE/MIR	740	+	102	32327063	25431
chr5	32301632	32501632	harbor1	chr5	32386187	32386352	SINE/MIR	583	+	82	32386269	84637
chr5	50283460	50483460	harbor1	chr5	50321259	50321445	SINE/MIR	655	+	93	50321352	37892
chr5	50283460	50483460	harbor1	chr5	50336611	50336775	SINE/MIR	467	+	82	50336693	53233
chr5	162383375	162583375	harbor1	chr5	162401293	162401520	SINE/MIR	399	+	114	162401407	18032
chr5	162383375	162583375	harbor1	chr5	162416447	162416607	SINE/MIR	426	+	80	162416527	33152
chr5	162383375	162583375	harbor1	chr5	162416864	162416968	SINE/MIR	426	+	52	162416916	33541
chr5	162383375	162583375	harbor1	chr5	162442676	162442920	SINE/MIR	415	+	122	162442798	59423
chr5	162383375	162583375	harbor1	chr5	162482332	162482482	SINE/MIR	425	+	75	162482407	99032
chr5	25446584	25646584	harbor1	chr5	25518264	25518527	SINE/MIR	439	+	132	25518396	71812
chr5	136067757	136267757	harbor1	chr5	136101120	136101306	SINE/MIR	449	+	93	136101213	33456
chr5	136067757	136267757	harbor1	chr5	136101944	136102111	SINE/MIR	399	+	84	136102028	34271
chr5	136067757	136267757	harbor1	chr5	136123816	136123992	SINE/MIR	523	+	88	136123904	56147
chr5	136067757	136267757	harbor1	chr5	136147512	136147771	SINE/MIR	959	+	130	136147642	79885
chr5	136067757	136267757	harbor1	chr5	136157850	136158085	SINE/MIR	797	+	118	136157968	90211
chr5	136067757	136267757	harbor1	chr5	136166531	136166717	SINE/MIR	432	+	93	136166624	98867
chr5	91003990	91203990	harbor1	chr5	91035681	91035844	SINE/MIR	803	+	82	91035763	31773
chr5	91003990	91203990	harbor1	chr5	91035883	91035924	SINE/MIR	803	+	20	91035903	31913
chr5	91003990	91203990	harbor1	chr5	91043468	91043726	SINE/MIR	968	+	129	91043597	39607
chr5	103312636	103512636	harbor1	chr5	103312474	103312674	SINE/MIR	491	+	100	103312574	62
chr5	103312636	103512636	harbor1	chr5	103324981	103325220	SINE/MIR	685	+	120	103325101	12465
chr5	103312636	103512636	harbor1	chr5	103360947	103361160	SINE/MIR	446	+	106	103361053	48417
chr5	103312636	103512636	harbor1	chr5	103392201	103392375	SINE/MIR	481	+	87	103392288	79652
chr5	75524268	75724268	harbor1	chr5	75525848	75526082	SINE/MIR	458	+	117	75525965	1697
chr5	75524268	75724268	harbor1	chr5	75545375	75545616	SINE/MIR	557	+	120	75545495	21227
chr5	75524268	75724268	harbor1	chr5	75560055	75560293	SINE/MIR	670	+	119	75560174	35906
chr5	43382296	43582296	harbor1	chr5	43401449	43401665	SINE/MIR	655	+	108	43401557	19261
chr5	27068287	27268287	harbor1	chr5	27147204	27147364	SINE/MIR	405	+	80	27147284	78997
chr5	27068287	27268287	harbor1	chr5	27147687	27147746	SINE/MIR	405	+	30	27147717	79430
chr5	94389696	94589696	harbor1	chr5	94433540	94433794	SINE/MIR	746	+	127	94433667	43971
chr5	94389696	94589696	harbor1	chr5	94438136	94438382	SINE/MIR	631	+	123	94438259	48563
chr5	94389696	94589696	harbor1	chr5	94450895	94451126	SINE/MIR	531	+	116	94451011	61315
chr5	94389696	94589696	harbor1	chr5	94456530	94456758	SINE/MIR	650	+	114	94456644	66948
chr5	44656601	44856601	harbor1	chr5	44694892	44695124	SINE/MIR	408	+	116	44695008	38407
chr5	44656601	44856601	harbor1	chr5	44712889	44713083	SINE/MIR	427	+	97	44712986	56385
chr5	163626041	163826041	harbor1	chr5	163656787	163657027	SINE/MIR	966	+	120	163656907	30866
chr5	163626041	163826041	harbor1	chr5	163661303	163661351	SINE/MIR	569	+	24	163661327	35286
chr5	163626041	163826041	harbor1	chr5	163661810	163661960	SINE/MIR	569	+	75	163661885	35844
chr5	163626041	163826041	harbor1	chr5	163662619	163662794	SINE/MIR	535	+	88	163662707	36666
chr5	163626041	163826041	harbor1	chr5	163703085	163703285	SINE/MIR	548	+	100	163703185	77144
chr6	148689440	148889440	harbor1	chr6	148708404	148708612	SINE/MIR	767	+	104	148708508	19068
chr6	148689440	148889440	harbor1	chr6	148757825	148757997	SINE/MIR	433	+	86	148757911	68471
chr6	148689440	148889440	harbor1	chr6	148769418	148769541	SINE/MIR	568	+	62	148769480	80040
chr6	148689440	148889440	harbor1	chr6	148785313	148785503	SINE/MIR	554	+	95	148785408	95968
chr6	36703408	36903408	harbor1	chr6	36718622	36718760	SINE/MIR	477	+	69	36718691	15283
chr6	36703408	36903408	harbor1	chr6	36723170	36723403	SINE/MIR	823	+	116	36723286	19878
chr6	36703408	36903408	harbor1	chr6	36728153	36728384	SINE/MIR	453	+	116	36728269	24861
chr6	36703408	36903408	harbor1	chr6	36738254	36738450	SINE/MIR	649	+	98	36738352	34944
chr6	36703408	36903408	harbor1	chr6	36747330	36747494	SINE/MIR	639	+	82	36747412	44004
chr6	36703408	36903408	harbor1	chr6	36748336	36748502	SINE/MIR	463	+	83	36748419	45011
chr6	36703408	36903408	harbor1	chr6	36754634	36754757	SINE/MIR	588	+	62	36754696	51288
chr6	36703408	36903408	harbor1	chr6	36755744	36755905	SINE/MIR	513	+	80	36755824	52416
chr6	36703408	36903408	harbor1	chr6	36758090	36758286	SINE/MIR	867	+	98	36758188	54780
chr6	36703408	36903408	harbor1	chr6	36762677	36762872	SINE/MIR	506	+	98	36762775	59367
chr6	36703408	36903408	harbor1	chr6	36771281	36771546	SINE/MIR	1003	+	132	36771413	68005
chr6	36703408	36903408	harbor1	chr6	36775309	36775423	SINE/MIR	463	+	57	36775366	71958
chr6	36703408	36903408	harbor1	chr6	36779117	36779360	SINE/MIR	777	+	122	36779239	75831
chr6	36703408	36903408	harbor1	chr6	36780400	36780590	SINE/MIR	762	+	95	36780495	77087
chr6	36703408	36903408	harbor1	chr6	36790021	36790309	SINE/MIR	704	+	144	36790165	86757
chr6	36703408	36903408	harbor1	chr6	36791208	36791436	SINE/MIR	685	+	114	36791322	87914
chr6	36703408	36903408	harbor1	chr6	36797775	36797935	SINE/MIR	472	+	80	36797855	94447
chr6	89407233	89607233	harbor1	chr6	89424260	89424447	SINE/MIR	775	+	94	89424354	17121
chr6	89407233	89607233	harbor1	chr6	89424824	89424857	SINE/MIR	775	+	16	89424840	17607
chr6	89407233	89607233	harbor1	chr6	89465450	89465578	SINE/MIR	534	+	64	89465514	58281
chr6	89407233	89607233	harbor1	chr6	89465892	89465936	SINE/MIR	534	+	22	89465914	58681
chr6	89407233	89607233	harbor1	chr6	89487030	89487257	SINE/MIR	786	+	114	89487144	79911
chr6	8867257	9067257	harbor1	chr6	8868499	8868613	SINE/MIR	454	+	57	8868556	1299
chr6	8867257	9067257	harbor1	chr6	8895270	8895499	SINE/MIR	547	+	114	8895384	28127
chr6	8867257	9067257	harbor1	chr6	8904123	8904319	SINE/MIR	484	+	98	8904221	36964
chr6	73491115	73691115	harbor1	chr6	73497538	73497693	SINE/MIR	518	+	78	73497616	6501
chr6	73491115	73691115	harbor1	chr6	73529046	73529229	SINE/MIR	555	+	92	73529138	38023
chr6	73491115	73691115	harbor1	chr6	73529327	73529583	SINE/MIR	730	+	128	73529455	38340
chr6	73491115	73691115	harbor1	chr6	73533354	73533542	SINE/MIR	570	+	94	73533448	42333
chr6	73491115	73691115	harbor1	chr6	73578263	73578364	SINE/MIR	768	+	50	73578313	87198
chr6	73491115	73691115	harbor1	chr6	73578652	73578767	SINE/MIR	768	+	58	73578710	87595
chr6	27159620	27359620	harbor1	chr6	27252055	27252249	SINE/MIR	556	+	97	27252152	92532
chr6	27159620	27359620	harbor1	chr6	27253660	27253878	SINE/MIR	633	+	109	27253769	94149
chr6	15243281	15443281	harbor1	chr6	15255916	15256140	SINE/MIR	523	+	112	15256028	12747
chr6	15243281	15443281	harbor1	chr6	15258285	15258502	SINE/MIR	607	+	108	15258393	15112
chr6	15243281	15443281	harbor1	chr6	15303974	15304125	SINE/MIR	493	+	76	15304050	60769
chr6	15243281	15443281	harbor1	chr6	15316844	15317005	SINE/MIR	590	+	80	15316924	73643
chr6	29529982	29729982	harbor1	chr6	29570728	29570873	SINE/MIR	424	+	72	29570800	40818
chr6	29529982	29729982	harbor1	chr6	29571149	29571365	SINE/MIR	701	+	108	29571257	41275
chr6	29529982	29729982	harbor1	chr6	29605290	29605448	SINE/MIR	555	+	79	29605369	75387
chr6	29529982	29729982	harbor1	chr6	29620066	29620256	SINE/MIR	530	+	95	29620161	90179
chr6	153930576	154130576	harbor1	chr6	153985006	153985239	SINE/MIR	823	+	116	153985122	54546
chr6	153930576	154130576	harbor1	chr6	154009999	154010239	SINE/MIR	603	+	120	154010119	79543
chr6	150209265	150409265	harbor1	chr6	150221600	150221771	SINE/MIR	591	+	86	150221686	12421
chr6	150209265	150409265	harbor1	chr6	150266428	150266668	SINE/MIR	831	+	120	150266548	57283
chr6	163018289	163218289	harbor1	chr6	163059607	163059812	SINE/MIR	806	+	102	163059709	41420
chr6	135973440	136173440	harbor1	chr6	136038695	136038869	SINE/MIR	514	+	87	136038782	65342
chr6	135973440	136173440	harbor1	chr6	136043379	136043573	SINE/MIR	609	+	97	136043476	70036
chr6	135973440	136173440	harbor1	chr6	136057012	136057147	SINE/MIR	489	+	68	136057080	83640
chr6	96030095	96230095	harbor1	chr6	96048858	96049085	SINE/MIR	675	+	114	96048972	18877
chr6	96030095	96230095	harbor1	chr6	96054704	96054906	SINE/MIR	470	+	101	96054805	24710
chr6	96030095	96230095	harbor1	chr6	96067792	96067975	SINE/MIR	671	+	92	96067884	37789
chr6	96030095	96230095	harbor1	chr6	96095743	96095969	SINE/MIR	638	+	113	96095856	65761
chr6	96030095	96230095	harbor1	chr6	96108312	96108518	SINE/MIR	904	+	103	96108415	78320
chr6	96030095	96230095	harbor1	chr6	96124968	96125218	SINE/MIR	453	+	125	96125093	94998
chr6	125727586	125927586	harbor1	chr6	125740706	125740958	SINE/MIR	588	+	126	125740832	13246
chr6	125727586	125927586	harbor1	chr6	125756642	125756871	SINE/MIR	705	+	114	125756756	29170
chr6	125727586	125927586	harbor1	chr6	125798233	125798483	SINE/MIR	721	+	125	125798358	70772
chr6	125727586	125927586	harbor1	chr6	125805504	125805712	SINE/MIR	508	+	104	125805608	78022
chr6	125727586	125927586	harbor1	chr6	125824400	125824525	SINE/MIR	494	+	62	125824462	96876
chr6	61730792	61930792	harbor1	chr6	61825689	61825942	SINE/MIR	770	+	126	61825815	95023
chr6	160738745	160938745	harbor1	chr6	160749099	160749247	SINE/MIR	436	+	74	160749173	10428
chr6	160738745	160938745	harbor1	chr6	160751322	160751484	SINE/MIR	458	+	81	160751403	12658
chr6	160738745	160938745	harbor1	chr6	160768304	160768492	SINE/MIR	470	+	94	160768398	29653
chr6	74419851	74619851	harbor1	chr6	74478137	74478340	SINE/MIR	466	+	102	74478239	58388
chr6	131788799	131988799	harbor1	chr6	131823743	131823988	SINE/MIR	852	+	122	131823865	35066
chr6	131788799	131988799	harbor1	chr6	131842067	131842268	SINE/MIR	501	+	100	131842167	53368
chr6	131788799	131988799	harbor1	chr6	131858864	131859031	SINE/MIR	576	+	84	131858948	70149
chr6	131788799	131988799	harbor1	chr6	131861038	131861292	SINE/MIR	704	+	127	131861165	72366
chr6	7224375	7424375	harbor1	chr6	7253803	7253981	SINE/MIR	433	+	89	7253892	29517
chr6	152968030	153168030	harbor1	chr6	153018286	153018520	SINE/MIR	547	+	117	153018403	50373
chr6	152968030	153168030	harbor1	chr6	153057441	153057533	SINE/MIR	500	+	46	153057487	89457
chr6	152968030	153168030	harbor1	chr6	153058020	153058184	SINE/MIR	500	+	82	153058102	90072
chr6	152968030	153168030	harbor1	chr6	153059461	153059616	SINE/MIR	515	+	78	153059539	91509
chr6	98276776	98476776	harbor1	chr6	98291474	98291683	SINE/MIR	416	+	104	98291578	14802
chr6	98276776	98476776	harbor1	chr6	98294568	98294752	SINE/MIR	436	+	92	98294660	17884
chr6	98276776	98476776	harbor1	chr6	98347717	98347924	SINE/MIR	508	+	104	98347821	71045
chr6	98276776	98476776	harbor1	chr6	98352107	98352261	SINE/MIR	684	+	77	98352184	75408
chr6	25022521	25222521	harbor1	chr6	25028394	25028639	SINE/MIR	735	+	122	25028516	5995
chr6	25022521	25222521	harbor1	chr6	25043882	25044105	SINE/MIR	532	+	112	25043994	21473
chr6	25022521	25222521	harbor1	chr6	25060023	25060261	SINE/MIR	507	+	119	25060142	37621
chr6	25022521	25222521	harbor1	chr6	25066071	25066256	SINE/MIR	610	+	92	25066163	43642
chr6	25022521	25222521	harbor1	chr6	25087119	25087326	SINE/MIR	859	+	104	25087223	64702
chr6	25022521	25222521	harbor1	chr6	25090265	25090508	SINE/MIR	919	+	122	25090387	67866
chr6	25022521	25222521	harbor1	chr6	25105888	25106085	SINE/MIR	622	+	98	25105986	83465
chr6	25022521	25222521	harbor1	chr6	25106910	25107062	SINE/MIR	502	+	76	25106986	84465
chr6	25022521	25222521	harbor1	chr6	25116183	25116405	SINE/MIR	678	+	111	25116294	93773
chr6	62461566	62661566	harbor1	chr6	62525189	62525316	SINE/MIR	424	+	64	62525253	63687
chr6	9477553	9677553	harbor1	chr6	9511656	9511859	SINE/MIR	503	+	102	9511758	34205
chr6	9477553	9677553	harbor1	chr6	9540882	9541128	SINE/MIR	778	+	123	9541005	63452
chr6	132745761	132945761	harbor1	chr6	132752157	132752319	SINE/MIR	592	+	81	132752238	6477
chr6	132745761	132945761	harbor1	chr6	132763935	132764065	SINE/MIR	611	+	65	132764000	18239
chr6	132745761	132945761	harbor1	chr6	132811509	132811735	SINE/MIR	553	+	113	132811622	65861
chr6	132745761	132945761	harbor1	chr6	132832147	132832384	SINE/MIR	673	+	118	132832265	86504
chr6	117895445	118095445	harbor1	chr6	117927029	117927207	SINE/MIR	601	+	89	117927118	31673
chr6	117895445	118095445	harbor1	chr6	117958988	117959226	SINE/MIR	647	+	119	117959107	63662
chr6	117895445	118095445	harbor1	chr6	117974050	117974254	SINE/MIR	869	+	102	117974152	78707
chr6	161082136	161282136	harbor1	chr6	161144269	161144434	SINE/MIR	475	+	82	161144351	62215
chr6	161082136	161282136	harbor1	chr6	161157792	161158040	SINE/MIR	570	+	124	161157916	75780
chr6	161082136	161282136	harbor1	chr6	161168808	161169028	SINE/MIR	493	+	110	161168918	86782
chr6	113165636	113365636	harbor1	chr6	113238911	113239162	SINE/MIR	649	+	126	113239037	73401
chr6	6379237	6579237	harbor1	chr6	6393668	6393889	SINE/MIR	543	+	110	6393778	14541
chr6	6379237	6579237	harbor1	chr6	6403462	6403643	SINE/MIR	460	+	90	6403552	24315
chr6	103904024	104104024	harbor1	chr6	103961367	103961576	SINE/MIR	606	+	104	103961471	57447
chr6	103904024	104104024	harbor1	chr6	103962296	103962513	SINE/MIR	498	+	108	103962404	58380
chr6	103904024	104104024	harbor1	chr6	103992046	103992219	SINE/MIR	423	+	86	103992132	88108
chr6	163648038	163848038	harbor1	chr6	163663090	163663308	SINE/MIR	503	+	109	163663199	15161
chr6	163648038	163848038	harbor1	chr6	163685834	163686060	SINE/MIR	627	+	113	163685947	37909
chr6	163648038	163848038	harbor1	chr6	163718630	163718790	SINE/MIR	513	+	80	163718710	70672
chr6	163648038	163848038	harbor1	chr6	163735843	163736010	SINE/MIR	496	+	84	163735927	87889
chr6	163648038	163848038	harbor1	chr6	163739151	163739363	SINE/MIR	548	+	106	163739257	91219
chr6	163648038	163848038	harbor1	chr6	163746267	163746431	SINE/MIR	488	+	82	163746349	98311
chr6	163648038	163848038	harbor1	chr6	163746745	163746813	SINE/MIR	488	+	34	163746779	98741
chr6	79859249	80059249	harbor1	chr6	79861282	79861500	SINE/MIR	673	+	109	79861391	2142
chr6	79859249	80059249	harbor1	chr6	79873613	79873836	SINE/MIR	482	+	112	79873725	14476
chr6	79859249	80059249	harbor1	chr6	79937693	79937915	SINE/MIR	418	+	111	79937804	78555
chr6	79859249	80059249	harbor1	chr6	79937510	79937649	SINE/MIR	657	+	70	79937580	78331
chr6	73413880	73613880	harbor1	chr6	73497538	73497693	SINE/MIR	518	+	78	73497616	83736
chr6	80477025	80677025	harbor1	chr6	80481346	80481559	SINE/MIR	524	+	106	80481452	4427
chr6	80477025	80677025	harbor1	chr6	80519058	80519200	SINE/MIR	426	+	71	80519129	42104
chr6	80477025	80677025	harbor1	chr6	80524728	80524966	SINE/MIR	823	+	119	80524847	47822
chr6	80477025	80677025	harbor1	chr6	80553822	80553966	SINE/MIR	416	+	72	80553894	76869
chr6	108788723	108988723	harbor1	chr6	108845851	108846069	SINE/MIR	477	+	109	108845960	57237
chr6	158230624	158430624	harbor1	chr6	158287997	158288201	SINE/MIR	506	+	102	158288099	57475
chr6	158230624	158430624	harbor1	chr6	158290835	158291069	SINE/MIR	659	+	117	158290952	60328
chr6	165141769	165341769	harbor1	chr6	165188394	165188550	SINE/MIR	438	+	78	165188472	46703
chr6	71573459	71773459	harbor1	chr6	71590197	71590399	SINE/MIR	815	+	101	71590298	16839
chr6	71573459	71773459	harbor1	chr6	71599558	71599791	SINE/MIR	755	+	116	71599674	26215
chr6	117705520	117905520	harbor1	chr6	117775074	117775289	SINE/MIR	738	+	108	117775182	69662
chr6	117705520	117905520	harbor1	chr6	117791626	117791751	SINE/MIR	423	+	62	117791688	86168
chr6	117705520	117905520	harbor1	chr6	117795642	117795877	SINE/MIR	937	+	118	117795760	90240
chr6	88558850	88758850	harbor1	chr6	88566952	88567188	SINE/MIR	713	+	118	88567070	8220
chr6	88558850	88758850	harbor1	chr6	88591076	88591331	SINE/MIR	448	+	128	88591204	32354
chr6	88558850	88758850	harbor1	chr6	88642593	88642818	SINE/MIR	611	+	112	88642705	83855
chr6	57448002	57648002	harbor1	chr6	57459049	57459277	SINE/MIR	614	+	114	57459163	11161
chr6	57448002	57648002	harbor1	chr6	57465542	57465766	SINE/MIR	866	+	112	57465654	17652
chr6	57448002	57648002	harbor1	chr6	57478648	57478777	SINE/MIR	542	+	64	57478712	30710
chr6	117523503	117723503	harbor1	chr6	117536883	117537125	SINE/MIR	453	+	121	117537004	13501
chr6	117523503	117723503	harbor1	chr6	117547228	117547430	SINE/MIR	635	+	101	117547329	23826
chr6	117523503	117723503	harbor1	chr6	117553834	117554072	SINE/MIR	939	+	119	117553953	30450
chr6	117523503	117723503	harbor1	chr6	117593588	117593752	SINE/MIR	421	+	82	117593670	70167
chr6	152454466	152654466	harbor1	chr6	152479523	152479693	SINE/MIR	572	+	85	152479608	25142
chr6	50922904	51122904	harbor1	chr6	50996091	50996315	SINE/MIR	585	+	112	50996203	73299
chr6	50922904	51122904	harbor1	chr6	50999574	50999686	SINE/MIR	437	+	56	50999630	76726
chr6	81785581	81985581	harbor1	chr6	81789161	81789401	SINE/MIR	1022	+	120	81789281	3700
chr6	81785581	81985581	harbor1	chr6	81790794	81790946	SINE/MIR	470	+	76	81790870	5289
chr6	81785581	81985581	harbor1	chr6	81819291	81819504	SINE/MIR	564	+	106	81819397	33816
chr6	81785581	81985581	harbor1	chr6	81822253	81822436	SINE/MIR	583	+	92	81822345	36764
chr6	81785581	81985581	harbor1	chr6	81836646	81836829	SINE/MIR	493	+	92	81836738	51157
chr6	81785581	81985581	harbor1	chr6	81841948	81842172	SINE/MIR	660	+	112	81842060	56479
chr6	81785581	81985581	harbor1	chr6	81858357	81858518	SINE/MIR	568	+	80	81858437	72856
chr6	81785581	81985581	harbor1	chr6	81858814	81858952	SINE/MIR	420	+	69	81858883	73302
chr6	81785581	81985581	harbor1	chr6	81880655	81880877	SINE/MIR	901	+	111	81880766	95185
chr6	161034486	161234486	harbor1	chr6	161052818	161053001	SINE/MIR	414	+	92	161052910	18424
chr6	141986311	142186311	harbor1	chr6	142010393	142010593	SINE/MIR	679	+	100	142010493	24182
chr6	141986311	142186311	harbor1	chr6	142038203	142038356	SINE/MIR	586	+	76	142038279	51968
chr6	141986311	142186311	harbor1	chr6	142040863	142041078	SINE/MIR	509	+	108	142040971	54660
chr6	60875370	61075370	harbor1	chr6	60920812	60920968	SINE/MIR	577	+	78	60920890	45520
chr6	60875370	61075370	harbor1	chr6	60931547	60931718	SINE/MIR	639	+	86	60931633	56263
chr6	60875370	61075370	harbor1	chr6	60941847	60942095	SINE/MIR	613	+	124	60941971	66601
chr6	60875370	61075370	harbor1	chr6	60955343	60955547	SINE/MIR	488	+	102	60955445	80075
chr6	60875370	61075370	harbor1	chr6	60970351	60970438	SINE/MIR	622	+	44	60970395	95025
chr6	60875370	61075370	harbor1	chr6	60971041	60971107	SINE/MIR	622	+	33	60971074	95704
chr6	60875370	61075370	harbor1	chr6	60971491	60971535	SINE/MIR	622	+	22	60971513	96143
chr6	98759920	98959920	harbor1	chr6	98846770	98846987	SINE/MIR	559	+	108	98846878	86958
chr6	109462889	109662889	harbor1	chr6	109480733	109481019	SINE/MIR	511	+	143	109480876	17987
chr6	109462889	109662889	harbor1	chr6	109484002	109484219	SINE/MIR	450	+	108	109484110	21221
chr6	109462889	109662889	harbor1	chr6	109498229	109498407	SINE/MIR	437	+	89	109498318	35429
chr6	109462889	109662889	harbor1	chr6	109517514	109517646	SINE/MIR	620	+	66	109517580	54691
chr6	155632587	155832587	harbor1	chr6	155658672	155658850	SINE/MIR	432	+	89	155658761	26174
chr6	155632587	155832587	harbor1	chr6	155660690	155660813	SINE/MIR	416	+	62	155660752	28165
chr6	155632587	155832587	harbor1	chr6	155671903	155672104	SINE/MIR	711	+	100	155672003	39416
chr6	155632587	155832587	harbor1	chr6	155647928	155648155	SINE/MIR	642	+	114	155648042	15455
chr6	140403	340403	harbor1	chr6	193491	193720	SINE/MIR	768	+	114	193605	53202
chr6	140403	340403	harbor1	chr6	215079	215262	SINE/MIR	500	+	92	215171	74768
chr6	167063438	167263438	harbor1	chr6	167118661	167118843	SINE/MIR	440	+	91	167118752	55314
chr6	167063438	167263438	harbor1	chr6	167148491	167148652	SINE/MIR	456	+	80	167148571	85133
chr6	167063438	167263438	harbor1	chr6	167150734	167150891	SINE/MIR	577	+	78	167150812	87374
chr6	167063438	167263438	harbor1	chr6	167159096	167159292	SINE/MIR	625	+	98	167159194	95756
chr6	54694823	54894823	harbor1	chr6	54726033	54726225	SINE/MIR	571	+	96	54726129	31306
chr6	54694823	54894823	harbor1	chr6	54754848	54755082	SINE/MIR	445	+	117	54754965	60142
chr6	113974501	114174501	harbor1	chr6	114028665	114028801	SINE/MIR	426	+	68	114028733	54232
chr6	113974501	114174501	harbor1	chr6	114034347	114034488	SINE/MIR	499	+	70	114034417	59916
chr6	113974501	114174501	harbor1	chr6	114038233	114038440	SINE/MIR	470	+	104	114038337	63836
chr6	113974501	114174501	harbor1	chr6	114044054	114044166	SINE/MIR	446	+	56	114044110	69609
chr6	113974501	114174501	harbor1	chr6	114067815	114067961	SINE/MIR	442	+	73	114067888	93387
chr6	123235712	123435712	harbor1	chr6	123318984	123319165	SINE/MIR	434	+	90	123319074	83362
chr6	123235712	123435712	harbor1	chr6	123331293	123331482	SINE/MIR	432	+	94	123331387	95675
chr6	45111403	45311403	harbor1	chr6	45111985	45112126	SINE/MIR	467	+	70	45112055	652
chr6	45111403	45311403	harbor1	chr6	45164146	45164348	SINE/MIR	421	+	101	45164247	52844
chr6	45111403	45311403	harbor1	chr6	45195807	45196008	SINE/MIR	422	+	100	45195907	84504
chr6	5624982	5824982	harbor1	chr6	5634981	5635144	SINE/MIR	477	+	82	5635063	10081
chr6	5624982	5824982	harbor1	chr6	5647860	5648061	SINE/MIR	617	+	100	5647960	22978
chr6	5624982	5824982	harbor1	chr6	5657823	5658002	SINE/MIR	742	+	90	5657913	32931
chr6	5624982	5824982	harbor1	chr6	5658278	5658330	SINE/MIR	742	+	26	5658304	33322
chr6	5624982	5824982	harbor1	chr6	5662741	5662967	SINE/MIR	817	+	113	5662854	37872
chr6	44780389	44980389	harbor1	chr6	44791276	44791406	SINE/MIR	597	+	65	44791341	10952
chr6	44780389	44980389	harbor1	chr6	44797824	44798079	SINE/MIR	675	+	128	44797952	17563
chr6	44780389	44980389	harbor1	chr6	44801950	44802097	SINE/MIR	417	+	74	44802024	21635
chr6	44780389	44980389	harbor1	chr6	44825444	44825691	SINE/MIR	483	+	124	44825568	45179
chr6	44780389	44980389	harbor1	chr6	44827407	44827578	SINE/MIR	578	+	86	44827493	47104
chr6	25548072	25748072	harbor1	chr6	25548781	25548978	SINE/MIR	413	+	98	25548879	807
chr6	25548072	25748072	harbor1	chr6	25550095	25550266	SINE/MIR	541	+	86	25550181	2109
chr6	25548072	25748072	harbor1	chr6	25634033	25634261	SINE/MIR	641	+	114	25634147	86075
chr6	82976216	83176216	harbor1	chr6	83018432	83018560	SINE/MIR	522	+	64	83018496	42280
chr6	453657	653657	harbor1	chr6	474075	474279	SINE/MIR	513	+	102	474177	20520
chr6	453657	653657	harbor1	chr6	484779	484999	SINE/MIR	446	+	110	484889	31232
chr6	453657	653657	harbor1	chr6	500383	500608	SINE/MIR	445	+	112	500495	46838
chr6	453657	653657	harbor1	chr6	526804	527020	SINE/MIR	771	+	108	526912	73255
chr6	30123827	30323827	harbor1	chr6	30149392	30149615	SINE/MIR	586	+	112	30149504	25677
chr6	30123827	30323827	harbor1	chr6	30151204	30151439	SINE/MIR	768	+	118	30151322	27495
chr6	30123827	30323827	harbor1	chr6	30162633	30162813	SINE/MIR	437	+	90	30162723	38896
chr6	30123827	30323827	harbor1	chr6	30168703	30168907	SINE/MIR	667	+	102	30168805	44978
chr6	30123827	30323827	harbor1	chr6	30171064	30171309	SINE/MIR	944	+	122	30171186	47359
chr6	30123827	30323827	harbor1	chr6	30195382	30195558	SINE/MIR	413	+	88	30195470	71643
chr6	30123827	30323827	harbor1	chr6	30200707	30200866	SINE/MIR	564	+	80	30200787	76960
chr6	30123827	30323827	harbor1	chr6	30216236	30216441	SINE/MIR	487	+	102	30216338	92511
chr6	3943555	4143555	harbor1	chr6	3982476	3982683	SINE/MIR	469	+	104	3982580	39025
chr6	3943555	4143555	harbor1	chr6	3994931	3994959	SINE/MIR	633	+	14	3994945	51390
chr6	3943555	4143555	harbor1	chr6	3995252	3995417	SINE/MIR	732	+	82	3995334	51779
chr6	3943555	4143555	harbor1	chr6	4001631	4001791	SINE/MIR	576	+	80	4001711	58156
chr6	24247705	24447705	harbor1	chr6	24279681	24279930	SINE/MIR	529	+	124	24279805	32100
chr6	24247705	24447705	harbor1	chr6	24298428	24298678	SINE/MIR	709	+	125	24298553	50848
chr6	24247705	24447705	harbor1	chr6	24338102	24338213	SINE/MIR	445	+	56	24338158	90453
chr6	24247705	24447705	harbor1	chr6	24248296	24248508	SINE/MIR	534	+	106	24248402	697
chr6	48375001	48575001	harbor1	chr6	48397082	48397302	SINE/MIR	627	+	110	48397192	22191
chr6	48375001	48575001	harbor1	chr6	48457616	48457803	SINE/MIR	421	+	94	48457710	82709
chr6	54697121	54897121	harbor1	chr6	54726033	54726225	SINE/MIR	571	+	96	54726129	29008
chr6	54697121	54897121	harbor1	chr6	54754848	54755082	SINE/MIR	445	+	117	54754965	57844
chr6	71028237	71228237	harbor1	chr6	71032276	71032495	SINE/MIR	589	+	110	71032386	4149
chr6	71028237	71228237	harbor1	chr6	71073373	71073496	SINE/MIR	426	+	62	71073435	45198
chr6	71028237	71228237	harbor1	chr6	71080394	71080620	SINE/MIR	785	+	113	71080507	52270
chr6	7229988	7429988	harbor1	chr6	7253803	7253981	SINE/MIR	433	+	89	7253892	23904
chr6	125933489	126133489	harbor1	chr6	125935183	125935301	SINE/MIR	444	+	59	125935242	1753
chr6	125933489	126133489	harbor1	chr6	125941228	125941427	SINE/MIR	527	+	100	125941328	7839
chr6	125933489	126133489	harbor1	chr6	125973742	125973942	SINE/MIR	481	+	100	125973842	40353
chr6	125933489	126133489	harbor1	chr6	125975220	125975455	SINE/MIR	664	+	118	125975338	41849
chr6	125933489	126133489	harbor1	chr6	126005301	126005537	SINE/MIR	502	+	118	126005419	71930
chr6	3113258	3313258	harbor1	chr6	3116346	3116486	SINE/MIR	473	+	70	3116416	3158
chr6	3113258	3313258	harbor1	chr6	3139001	3139254	SINE/MIR	476	+	126	3139127	25869
chr6	3113258	3313258	harbor1	chr6	3162251	3162484	SINE/MIR	1000	+	116	3162367	49109
chr6	107600402	107800402	harbor1	chr6	107624964	107625133	SINE/MIR	436	+	84	107625048	24646
chr6	107600402	107800402	harbor1	chr6	107647015	107647177	SINE/MIR	439	+	81	107647096	46694
chr6	24052026	24252026	harbor1	chr6	24111349	24111551	SINE/MIR	781	+	101	24111450	59424
chr6	24052026	24252026	harbor1	chr6	24124899	24125091	SINE/MIR	607	+	96	24124995	72969
chr6	24052026	24252026	harbor1	chr6	24136008	24136236	SINE/MIR	627	+	114	24136122	84096
chr6	24052026	24252026	harbor1	chr6	24144150	24144329	SINE/MIR	592	+	90	24144240	92214
chr6	24052026	24252026	harbor1	chr6	24144917	24144981	SINE/MIR	592	+	32	24144949	92923
chr6	6773892	6973892	harbor1	chr6	6789214	6789397	SINE/MIR	475	+	92	6789306	15414
chr6	6773892	6973892	harbor1	chr6	6810614	6810810	SINE/MIR	690	+	98	6810712	36820
chr6	6773892	6973892	harbor1	chr6	6821672	6821775	SINE/MIR	572	+	52	6821724	47832
chr6	6773892	6973892	harbor1	chr6	6823011	6823134	SINE/MIR	415	+	62	6823073	49181
chr6	6773892	6973892	harbor1	chr6	6831072	6831288	SINE/MIR	577	+	108	6831180	57288
chr6	6773892	6973892	harbor1	chr6	6831587	6831643	SINE/MIR	577	+	28	6831615	57723
chr6	6773892	6973892	harbor1	chr6	6782817	6782987	SINE/MIR	497	+	85	6782902	9010
chr6	22614550	22814550	harbor1	chr6	22615934	22616190	SINE/MIR	647	+	128	22616062	1512
chr6	22614550	22814550	harbor1	chr6	22654952	22655180	SINE/MIR	625	+	114	22655066	40516
chr6	22614550	22814550	harbor1	chr6	22659689	22659936	SINE/MIR	524	+	124	22659813	45263
chr6	22614550	22814550	harbor1	chr6	22661047	22661183	SINE/MIR	498	+	68	22661115	46565
chr6	22614550	22814550	harbor1	chr6	22678768	22678953	SINE/MIR	624	+	92	22678860	64310
chr6	22614550	22814550	harbor1	chr6	22683933	22684114	SINE/MIR	477	+	90	22684023	69473
chr6	135902251	136102251	harbor1	chr6	135919678	135919864	SINE/MIR	620	+	93	135919771	17520
chr6	135902251	136102251	harbor1	chr6	135971622	135971856	SINE/MIR	716	+	117	135971739	69488
chr6	85001241	85201241	harbor1	chr6	85051905	85052171	SINE/MIR	655	+	133	85052038	50797
chr6	85001241	85201241	harbor1	chr6	85060605	85060788	SINE/MIR	505	+	92	85060697	59456
chr6	85001241	85201241	harbor1	chr6	85090177	85090414	SINE/MIR	650	+	118	85090295	89054
chr6	70568469	70768469	harbor1	chr6	70587569	70587789	SINE/MIR	832	+	110	70587679	19210
chr6	70568469	70768469	harbor1	chr6	70589697	70589816	SINE/MIR	832	+	60	70589757	21288
chr6	70568469	70768469	harbor1	chr6	70590716	70590761	SINE/MIR	832	+	22	70590738	22269
chr6	70568469	70768469	harbor1	chr6	70591220	70591275	SINE/MIR	832	+	28	70591248	22779
chr6	70568469	70768469	harbor1	chr6	70638766	70638951	SINE/MIR	579	+	92	70638858	70389
chr6	70568469	70768469	harbor1	chr6	70667130	70667326	SINE/MIR	768	+	98	70667228	98759
chr6	134023350	134223350	harbor1	chr6	134025303	134025466	SINE/MIR	580	+	82	134025385	2035
chr6	134023350	134223350	harbor1	chr6	134061916	134062126	SINE/MIR	634	+	105	134062021	38671
chr6	134023350	134223350	harbor1	chr6	134116830	134117010	SINE/MIR	440	+	90	134116920	93570
chr6	132818469	133018469	harbor1	chr6	132832147	132832384	SINE/MIR	673	+	118	132832265	13796
chr6	132818469	133018469	harbor1	chr6	132856652	132856852	SINE/MIR	545	+	100	132856752	38283
chr6	125456439	125656439	harbor1	chr6	125456941	125457190	SINE/MIR	684	+	124	125457065	626
chr6	125456439	125656439	harbor1	chr6	125469834	125470060	SINE/MIR	689	+	113	125469947	13508
chr6	125456439	125656439	harbor1	chr6	125470116	125470312	SINE/MIR	687	+	98	125470214	13775
chr6	125456439	125656439	harbor1	chr6	125477056	125477290	SINE/MIR	479	+	117	125477173	20734
chr6	125456439	125656439	harbor1	chr6	125482236	125482406	SINE/MIR	435	+	85	125482321	25882
chr6	125456439	125656439	harbor1	chr6	125493333	125493579	SINE/MIR	528	+	123	125493456	37017
chr6	125456439	125656439	harbor1	chr6	125518924	125519174	SINE/MIR	602	+	125	125519049	62610
chr6	125456439	125656439	harbor1	chr6	125538417	125538607	SINE/MIR	529	+	95	125538512	82073
chr6	5304745	5504745	harbor1	chr6	5391212	5391397	SINE/MIR	422	+	92	5391304	86559
chr6	80418666	80618666	harbor1	chr6	80458466	80458713	SINE/MIR	544	+	124	80458590	39924
chr6	80418666	80618666	harbor1	chr6	80481346	80481559	SINE/MIR	524	+	106	80481452	62786
chr6	144538617	144738617	harbor1	chr6	144590686	144590843	SINE/MIR	643	+	78	144590764	52147
chr6	144538617	144738617	harbor1	chr6	144590901	144590966	SINE/MIR	643	+	32	144590933	52316
chr6	144538617	144738617	harbor1	chr6	144621043	144621186	SINE/MIR	720	+	72	144621115	82498
chr6	144538617	144738617	harbor1	chr6	144623101	144623243	SINE/MIR	456	+	71	144623172	84555
chr6	126254536	126454536	harbor1	chr6	126267086	126267273	SINE/MIR	496	+	94	126267180	12644
chr6	126254536	126454536	harbor1	chr6	126275193	126275426	SINE/MIR	763	+	116	126275309	20773
chr6	126254536	126454536	harbor1	chr6	126307378	126307608	SINE/MIR	744	+	115	126307493	52957
chr6	117765525	117965525	harbor1	chr6	117775074	117775289	SINE/MIR	738	+	108	117775182	9657
chr6	117765525	117965525	harbor1	chr6	117791626	117791751	SINE/MIR	423	+	62	117791688	26163
chr6	117765525	117965525	harbor1	chr6	117795642	117795877	SINE/MIR	937	+	118	117795760	30235
chr6	69558022	69758022	harbor1	chr6	69590236	69590432	SINE/MIR	703	+	98	69590334	32312
chr6	69558022	69758022	harbor1	chr6	69590796	69590821	SINE/MIR	600	+	12	69590808	32786
chr6	69558022	69758022	harbor1	chr6	69597243	69597471	SINE/MIR	449	+	114	69597357	39335
chr6	152069271	152269271	harbor1	chr6	152071388	152071578	SINE/MIR	593	+	95	152071483	2212
chr6	152069271	152269271	harbor1	chr6	152103425	152103607	SINE/MIR	503	+	91	152103516	34245
chr6	152069271	152269271	harbor1	chr6	152104278	152104446	SINE/MIR	517	+	84	152104362	35091
chr6	152069271	152269271	harbor1	chr6	152127211	152127409	SINE/MIR	521	+	99	152127310	58039
chr6	152069271	152269271	harbor1	chr6	152148530	152148675	SINE/MIR	573	+	72	152148602	79331
chr6	94652875	94852875	harbor1	chr6	94700210	94700404	SINE/MIR	457	+	97	94700307	47432
chr6	624018	824018	harbor1	chr6	624253	624473	SINE/MIR	423	+	110	624363	345
chr6	624018	824018	harbor1	chr6	638425	638644	SINE/MIR	428	+	110	638535	14517
chr6	624018	824018	harbor1	chr6	717852	718044	SINE/MIR	550	+	96	717948	93930
chr6	38756841	38956841	harbor1	chr6	38802528	38802782	SINE/MIR	684	+	127	38802655	45814
chr6	38756841	38956841	harbor1	chr6	38812839	38813015	SINE/MIR	539	+	88	38812927	56086
chr6	38756841	38956841	harbor1	chr6	38831612	38831857	SINE/MIR	936	+	122	38831734	74893
chr6	38756841	38956841	harbor1	chr6	38851872	38852059	SINE/MIR	675	+	94	38851966	95125
chr6	87126938	87326938	harbor1	chr6	87211444	87211680	SINE/MIR	523	+	118	87211562	84624
chr6	102727206	102927206	harbor1	chr6	102778547	102778765	SINE/MIR	440	+	109	102778656	51450
chr6	102727206	102927206	harbor1	chr6	102778797	102778962	SINE/MIR	416	+	82	102778879	51673
chr6	124139224	124339224	harbor1	chr6	124190193	124190328	SINE/MIR	448	+	68	124190261	51037
chr6	124139224	124339224	harbor1	chr6	124202531	124202791	SINE/MIR	447	+	130	124202661	63437
chr6	124139224	124339224	harbor1	chr6	124208088	124208281	SINE/MIR	480	+	96	124208184	68960
chr6	79479490	79679490	harbor1	chr6	79523369	79523547	SINE/MIR	433	+	89	79523458	43968
chr6	79479490	79679490	harbor1	chr6	79554677	79554842	SINE/MIR	552	+	82	79554759	75269
chr6	150923271	151123271	harbor1	chr6	150934114	150934240	SINE/MIR	527	+	63	150934177	10906
chr6	150923271	151123271	harbor1	chr6	150972249	150972422	SINE/MIR	483	+	86	150972335	49064
chr6	150923271	151123271	harbor1	chr6	151002201	151002427	SINE/MIR	488	+	113	151002314	79043
chr6	150923271	151123271	harbor1	chr6	151021060	151021265	SINE/MIR	421	+	102	151021162	97891
chr6	3909859	4109859	harbor1	chr6	3913229	3913487	SINE/MIR	429	+	129	3913358	3499
chr6	3909859	4109859	harbor1	chr6	3982476	3982683	SINE/MIR	469	+	104	3982580	72721
chr6	3909859	4109859	harbor1	chr6	3994931	3994959	SINE/MIR	633	+	14	3994945	85086
chr6	3909859	4109859	harbor1	chr6	3995252	3995417	SINE/MIR	732	+	82	3995334	85475
chr6	3909859	4109859	harbor1	chr6	4001631	4001791	SINE/MIR	576	+	80	4001711	91852
chr6	67565228	67765228	harbor1	chr6	67598064	67598305	SINE/MIR	762	+	120	67598184	32956
chr6	154531721	154731721	harbor1	chr6	154536484	154536658	SINE/MIR	479	+	87	154536571	4850
chr6	154531721	154731721	harbor1	chr6	154577582	154577814	SINE/MIR	573	+	116	154577698	45977
chr6	154531721	154731721	harbor1	chr6	154614325	154614464	SINE/MIR	466	+	70	154614395	82674
chr6	154531721	154731721	harbor1	chr6	154618054	154618282	SINE/MIR	646	+	114	154618168	86447
chr6	15113525	15313525	harbor1	chr6	15199824	15200062	SINE/MIR	795	+	119	15199943	86418
chr6	15113525	15313525	harbor1	chr6	15201401	15201544	SINE/MIR	614	+	72	15201473	87948
chr6	36222729	36422729	harbor1	chr6	36249696	36249944	SINE/MIR	697	+	124	36249820	27091
chr6	36222729	36422729	harbor1	chr6	36271861	36271991	SINE/MIR	539	+	65	36271926	49197
chr6	36222729	36422729	harbor1	chr6	36272501	36272574	SINE/MIR	539	+	36	36272537	49808
chr6	36222729	36422729	harbor1	chr6	36289848	36290014	SINE/MIR	429	+	83	36289931	67202
chr6	36222729	36422729	harbor1	chr6	36296853	36297024	SINE/MIR	622	+	86	36296939	74210
chr6	36222729	36422729	harbor1	chr6	36307803	36308041	SINE/MIR	601	+	119	36307922	85193
chr6	36222729	36422729	harbor1	chr6	36314837	36315010	SINE/MIR	491	+	86	36314923	92194
chr6	36222729	36422729	harbor1	chr6	36290371	36290564	SINE/MIR	768	+	96	36290467	67738
chr6	157849752	158049752	harbor1	chr6	157880765	157880981	SINE/MIR	588	+	108	157880873	31121
chr6	157849752	158049752	harbor1	chr6	157923112	157923267	SINE/MIR	447	+	78	157923190	73438
chr6	157849752	158049752	harbor1	chr6	157931714	157931913	SINE/MIR	432	+	100	157931814	82062
chr6	87992008	88192008	harbor1	chr6	88009274	88009417	SINE/MIR	460	+	72	88009346	17338
chr6	87992008	88192008	harbor1	chr6	88047187	88047345	SINE/MIR	464	+	79	88047266	55258
chr6	19937851	20137851	harbor1	chr6	19955199	19955392	SINE/MIR	591	+	96	19955295	17444
chr6	19937851	20137851	harbor1	chr6	19955751	19955772	SINE/MIR	591	+	10	19955761	17910
chr6	19937851	20137851	harbor1	chr6	20010081	20010293	SINE/MIR	465	+	106	20010187	72336
chr6	19937851	20137851	harbor1	chr6	20022281	20022465	SINE/MIR	537	+	92	20022373	84522
chr6	19937851	20137851	harbor1	chr6	20026372	20026551	SINE/MIR	509	+	90	20026462	88611
chr6	60935073	61135073	harbor1	chr6	60941847	60942095	SINE/MIR	613	+	124	60941971	6898
chr6	60935073	61135073	harbor1	chr6	60955343	60955547	SINE/MIR	488	+	102	60955445	20372
chr6	60935073	61135073	harbor1	chr6	60970351	60970438	SINE/MIR	622	+	44	60970395	35322
chr6	60935073	61135073	harbor1	chr6	60971041	60971107	SINE/MIR	622	+	33	60971074	36001
chr6	60935073	61135073	harbor1	chr6	60971491	60971535	SINE/MIR	622	+	22	60971513	36440
chr6	38459905	38659905	harbor1	chr6	38477878	38478112	SINE/MIR	562	+	117	38477995	18090
chr6	38459905	38659905	harbor1	chr6	38480141	38480364	SINE/MIR	549	+	112	38480253	20348
chr6	38459905	38659905	harbor1	chr6	38492264	38492439	SINE/MIR	436	+	88	38492352	32447
chr6	38459905	38659905	harbor1	chr6	38495194	38495352	SINE/MIR	448	+	79	38495273	35368
chr6	38459905	38659905	harbor1	chr6	38521144	38521346	SINE/MIR	620	+	101	38521245	61340
chr6	38459905	38659905	harbor1	chr6	38557378	38557533	SINE/MIR	496	+	78	38557456	97551
chr6	51677616	51877616	harbor1	chr6	51678122	51678325	SINE/MIR	533	+	102	51678224	608
chr6	51677616	51877616	harbor1	chr6	51679903	51680129	SINE/MIR	837	+	113	51680016	2400
chr6	51677616	51877616	harbor1	chr6	51722399	51722616	SINE/MIR	501	+	108	51722507	44891
chr6	51677616	51877616	harbor1	chr6	51735217	51735451	SINE/MIR	821	+	117	51735334	57718
chr6	51677616	51877616	harbor1	chr6	51735613	51735643	SINE/MIR	468	+	15	51735628	58012
chr6	51677616	51877616	harbor1	chr6	51735959	51736169	SINE/MIR	478	+	105	51736064	58448
chr6	51677616	51877616	harbor1	chr6	51763108	51763349	SINE/MIR	823	+	120	51763228	85612
chr6	51677616	51877616	harbor1	chr6	51775527	51775737	SINE/MIR	480	+	105	51775632	98016
chr6	79664104	79864104	harbor1	chr6	79739402	79739622	SINE/MIR	439	+	110	79739512	75408
chr6	79664104	79864104	harbor1	chr6	79740145	79740336	SINE/MIR	593	+	96	79740241	76137
chr6	3555333	3755333	harbor1	chr6	3584672	3584908	SINE/MIR	455	+	118	3584790	29457
chr6	3555333	3755333	harbor1	chr6	3631329	3631564	SINE/MIR	515	+	118	3631447	76114
chr6	73764002	73964002	harbor1	chr6	73784913	73785168	SINE/MIR	493	+	128	73785041	21039
chr6	73764002	73964002	harbor1	chr6	73787831	73787980	SINE/MIR	429	+	74	73787905	23903
chr6	73764002	73964002	harbor1	chr6	73795700	73795874	SINE/MIR	469	+	87	73795787	31785
chr6	73764002	73964002	harbor1	chr6	73801131	73801390	SINE/MIR	745	+	130	73801261	37259
chr6	73764002	73964002	harbor1	chr6	73808524	73808714	SINE/MIR	431	+	95	73808619	44617
chr6	73764002	73964002	harbor1	chr6	73820210	73820371	SINE/MIR	433	+	80	73820290	56288
chr6	81385411	81585411	harbor1	chr6	81388942	81389158	SINE/MIR	812	+	108	81389050	3639
chr6	19972286	20172286	harbor1	chr6	20010081	20010293	SINE/MIR	465	+	106	20010187	37901
chr6	19972286	20172286	harbor1	chr6	20022281	20022465	SINE/MIR	537	+	92	20022373	50087
chr6	19972286	20172286	harbor1	chr6	20026372	20026551	SINE/MIR	509	+	90	20026462	54176
chr6	19972286	20172286	harbor1	chr6	20038272	20038478	SINE/MIR	446	+	103	20038375	66089
chr6	19972286	20172286	harbor1	chr6	20059447	20059683	SINE/MIR	703	+	118	20059565	87279
chr6	19972286	20172286	harbor1	chr6	20065257	20065400	SINE/MIR	481	+	72	20065329	93043
chr6	146806804	147006804	harbor1	chr6	146848395	146848582	SINE/MIR	503	+	94	146848489	41685
chr6	146806804	147006804	harbor1	chr6	146906145	146906376	SINE/MIR	493	+	116	146906261	99457
chr6	134979173	135179173	harbor1	chr6	134991497	134991606	SINE/MIR	413	+	54	134991551	12378
chr6	134979173	135179173	harbor1	chr6	135013044	135013274	SINE/MIR	730	+	115	135013159	33986
chr6	134979173	135179173	harbor1	chr6	135021018	135021229	SINE/MIR	452	+	106	135021124	41951
chr6	134979173	135179173	harbor1	chr6	135064632	135064797	SINE/MIR	444	+	82	135064714	85541
chr6	69858095	70058095	harbor1	chr6	69951168	69951369	SINE/MIR	556	+	100	69951268	93173
chr6	133830762	134030762	harbor1	chr6	133858151	133858299	SINE/MIR	454	+	74	133858225	27463
chr6	133830762	134030762	harbor1	chr6	133858617	133858692	SINE/MIR	454	+	38	133858655	27893
chr6	133830762	134030762	harbor1	chr6	133883265	133883426	SINE/MIR	530	+	80	133883345	52583
chr6	133830762	134030762	harbor1	chr6	133925116	133925330	SINE/MIR	444	+	107	133925223	94461
chr6	24462613	24662613	harbor1	chr6	24504094	24504293	SINE/MIR	559	+	100	24504194	41581
chr6	24462613	24662613	harbor1	chr6	24545166	24545384	SINE/MIR	448	+	109	24545275	82662
chr6	24462613	24662613	harbor1	chr6	24547507	24547749	SINE/MIR	645	+	121	24547628	85015
chr6	24462613	24662613	harbor1	chr6	24549557	24549773	SINE/MIR	667	+	108	24549665	87052
chr6	24462613	24662613	harbor1	chr6	24552186	24552388	SINE/MIR	602	+	101	24552287	89674
chr6	116222704	116422704	harbor1	chr6	116269130	116269344	SINE/MIR	771	+	107	116269237	46533
chr6	116222704	116422704	harbor1	chr6	116288116	116288315	SINE/MIR	632	+	100	116288216	65512
chr6	116222704	116422704	harbor1	chr6	116298019	116298185	SINE/MIR	455	+	83	116298102	75398
chr6	116222704	116422704	harbor1	chr6	116308505	116308660	SINE/MIR	454	+	78	116308583	85879
chr6	71821092	72021092	harbor1	chr6	71853378	71853569	SINE/MIR	468	+	96	71853474	32382
chr6	71821092	72021092	harbor1	chr6	71917042	71917225	SINE/MIR	820	+	92	71917134	96042
chr6	17775647	17975647	harbor1	chr6	17778518	17778785	SINE/MIR	910	+	134	17778652	3005
chr6	17775647	17975647	harbor1	chr6	17846866	17847101	SINE/MIR	545	+	118	17846984	71337
chr6	17775647	17975647	harbor1	chr6	17862191	17862374	SINE/MIR	448	+	92	17862283	86636
chr6	17775647	17975647	harbor1	chr6	17866520	17866650	SINE/MIR	454	+	65	17866585	90938
chr6	44752213	44952213	harbor1	chr6	44791276	44791406	SINE/MIR	597	+	65	44791341	39128
chr6	44752213	44952213	harbor1	chr6	44797824	44798079	SINE/MIR	675	+	128	44797952	45739
chr6	44752213	44952213	harbor1	chr6	44801950	44802097	SINE/MIR	417	+	74	44802024	49811
chr6	44752213	44952213	harbor1	chr6	44825444	44825691	SINE/MIR	483	+	124	44825568	73355
chr6	44752213	44952213	harbor1	chr6	44827407	44827578	SINE/MIR	578	+	86	44827493	75280
chr6	143240959	143440959	harbor1	chr6	143274252	143274462	SINE/MIR	695	+	105	143274357	33398
chr6	143240959	143440959	harbor1	chr6	143274706	143274963	SINE/MIR	809	+	128	143274834	33875
chr6	143240959	143440959	harbor1	chr6	143281132	143281309	SINE/MIR	744	+	88	143281220	40261
chr6	143240959	143440959	harbor1	chr6	143292101	143292152	SINE/MIR	489	+	26	143292127	51168
chr6	143240959	143440959	harbor1	chr6	143292693	143292831	SINE/MIR	489	+	69	143292762	51803
chr6	143240959	143440959	harbor1	chr6	143292971	143293094	SINE/MIR	446	+	62	143293033	52074
chr6	143240959	143440959	harbor1	chr6	143294380	143294617	SINE/MIR	820	+	118	143294498	53539
chr6	90455076	90655076	harbor1	chr6	90455118	90455351	SINE/MIR	872	+	116	90455234	158
chr6	90455076	90655076	harbor1	chr6	90471876	90472040	SINE/MIR	416	+	82	90471958	16882
chr6	90455076	90655076	harbor1	chr6	90478788	90478951	SINE/MIR	442	+	82	90478870	23794
chr6	90455076	90655076	harbor1	chr6	90483101	90483339	SINE/MIR	437	+	119	90483220	28144
chr6	90455076	90655076	harbor1	chr6	90529383	90529492	SINE/MIR	466	+	54	90529437	74361
chr6	90455076	90655076	harbor1	chr6	90529496	90529687	SINE/MIR	504	+	96	90529592	74516
chr6	90455076	90655076	harbor1	chr6	90532967	90533201	SINE/MIR	463	+	117	90533084	78008
chr6	90455076	90655076	harbor1	chr6	90552840	90553026	SINE/MIR	819	+	93	90552933	97857
chr6	108006476	108206476	harbor1	chr6	108010062	108010207	SINE/MIR	507	+	72	108010134	3658
chr6	108006476	108206476	harbor1	chr6	108065590	108065722	SINE/MIR	434	+	66	108065656	59180
chr6	97763843	97963843	harbor1	chr6	97794282	97794452	SINE/MIR	434	+	85	97794367	30524
chr6	97763843	97963843	harbor1	chr6	97817973	97818170	SINE/MIR	610	+	98	97818071	54228
chr6	97763843	97963843	harbor1	chr6	97828132	97828349	SINE/MIR	595	+	108	97828240	64397
chr6	153623845	153823845	harbor1	chr6	153679482	153679674	SINE/MIR	463	+	96	153679578	55733
chr6	78275810	78475810	harbor1	chr6	78338158	78338299	SINE/MIR	413	+	70	78338228	62418
chr6	63504901	63704901	harbor1	chr6	63548230	63548424	SINE/MIR	666	+	97	63548327	43426
chr6	63504901	63704901	harbor1	chr6	63561149	63561371	SINE/MIR	460	+	111	63561260	56359
chr6	62778669	62978669	harbor1	chr6	62779471	62779709	SINE/MIR	495	+	119	62779590	921
chr6	131760859	131960859	harbor1	chr6	131765935	131766157	SINE/MIR	551	+	111	131766046	5187
chr6	131760859	131960859	harbor1	chr6	131787480	131787721	SINE/MIR	887	+	120	131787600	26741
chr6	131760859	131960859	harbor1	chr6	131823743	131823988	SINE/MIR	852	+	122	131823865	63006
chr6	131760859	131960859	harbor1	chr6	131842067	131842268	SINE/MIR	501	+	100	131842167	81308
chr6	131760859	131960859	harbor1	chr6	131858864	131859031	SINE/MIR	576	+	84	131858948	98089
chr6	70051944	70251944	harbor1	chr6	70072914	70072959	SINE/MIR	547	+	22	70072936	20992
chr6	70051944	70251944	harbor1	chr6	70073288	70073435	SINE/MIR	640	+	74	70073362	21418
chr6	70051944	70251944	harbor1	chr6	70084880	70085099	SINE/MIR	564	+	110	70084990	33046
chr6	70051944	70251944	harbor1	chr6	70091149	70091358	SINE/MIR	623	+	104	70091253	39309
chr6	70051944	70251944	harbor1	chr6	70107298	70107529	SINE/MIR	417	+	116	70107414	55470
chr6	70051944	70251944	harbor1	chr6	70114340	70114516	SINE/MIR	572	+	88	70114428	62484
chr6	70051944	70251944	harbor1	chr6	70119577	70119808	SINE/MIR	724	+	116	70119693	67749
chr6	70051944	70251944	harbor1	chr6	70132778	70133010	SINE/MIR	448	+	116	70132894	80950
chr6	55954141	56154141	harbor1	chr6	55969178	55969383	SINE/MIR	479	+	102	55969280	15139
chr6	20769308	20969308	harbor1	chr6	20827140	20827370	SINE/MIR	833	+	115	20827255	57947
chr6	20769308	20969308	harbor1	chr6	20840086	20840240	SINE/MIR	580	+	77	20840163	70855
chr6	20769308	20969308	harbor1	chr6	20844381	20844560	SINE/MIR	448	+	90	20844471	75163
chr6	20769308	20969308	harbor1	chr6	20791174	20791309	SINE/MIR	466	+	68	20791242	21934
chr6	8255098	8455098	harbor1	chr6	8341358	8341462	SINE/MIR	428	+	52	8341410	86312
chr6	8255098	8455098	harbor1	chr6	8347669	8347855	SINE/MIR	533	+	93	8347762	92664
chr6	19440348	19640348	harbor1	chr6	19530708	19530868	SINE/MIR	484	+	80	19530788	90440
chr6	60410334	60610334	harbor1	chr6	60424615	60424832	SINE/MIR	421	+	108	60424723	14389
chr6	60410334	60610334	harbor1	chr6	60450586	60450815	SINE/MIR	691	+	114	60450700	40366
chr6	60410334	60610334	harbor1	chr6	60465393	60465641	SINE/MIR	1048	+	124	60465517	55183
chr6	60410334	60610334	harbor1	chr6	60467700	60467857	SINE/MIR	416	+	78	60467778	57444
chr6	60410334	60610334	harbor1	chr6	60475780	60475984	SINE/MIR	576	+	102	60475882	65548
chr6	159247284	159447284	harbor1	chr6	159314814	159314964	SINE/MIR	452	+	75	159314889	67605
chr6	159247284	159447284	harbor1	chr6	159322586	159322773	SINE/MIR	531	+	94	159322680	75396
chr6	40323831	40523831	harbor1	chr6	40333404	40333565	SINE/MIR	543	+	80	40333484	9653
chr6	40323831	40523831	harbor1	chr6	40343252	40343476	SINE/MIR	525	+	112	40343364	19533
chr6	40323831	40523831	harbor1	chr6	40346067	40346230	SINE/MIR	423	+	82	40346149	22318
chr6	40323831	40523831	harbor1	chr6	40346757	40346874	SINE/MIR	447	+	58	40346815	22984
chr6	40323831	40523831	harbor1	chr6	40381530	40381706	SINE/MIR	445	+	88	40381618	57787
chr6	40323831	40523831	harbor1	chr6	40385579	40385788	SINE/MIR	767	+	104	40385683	61852
chr6	40323831	40523831	harbor1	chr6	40388232	40388450	SINE/MIR	805	+	109	40388341	64510
chr6	40323831	40523831	harbor1	chr6	40405258	40405525	SINE/MIR	940	+	134	40405392	81561
chr6	40323831	40523831	harbor1	chr6	40406076	40406283	SINE/MIR	565	+	104	40406180	82349
chr6	40323831	40523831	harbor1	chr6	40407303	40407486	SINE/MIR	586	+	92	40407395	83564
chr6	40323831	40523831	harbor1	chr6	40408569	40408770	SINE/MIR	683	+	100	40408669	84838
chr6	40323831	40523831	harbor1	chr6	40409522	40409729	SINE/MIR	575	+	104	40409626	85795
chr6	40323831	40523831	harbor1	chr6	40410409	40410616	SINE/MIR	476	+	104	40410513	86682
chr6	40323831	40523831	harbor1	chr6	40414060	40414225	SINE/MIR	425	+	82	40414142	90311
chr6	40323831	40523831	harbor1	chr6	40414298	40414524	SINE/MIR	657	+	113	40414411	90580
chr6	40323831	40523831	harbor1	chr6	40418644	40418857	SINE/MIR	586	+	106	40418750	94919
chr7	29150227	29350227	harbor1	chr7	29150168	29150365	SINE/MIR	451	+	98	29150266	39
chr7	29150227	29350227	harbor1	chr7	29151654	29151904	SINE/MIR	765	+	125	29151779	1552
chr7	29150227	29350227	harbor1	chr7	29180724	29180957	SINE/MIR	633	+	116	29180840	30613
chr7	29150227	29350227	harbor1	chr7	29186949	29187075	SINE/MIR	482	+	63	29187012	36785
chr7	29150227	29350227	harbor1	chr7	29197308	29197529	SINE/MIR	780	+	110	29197418	47191
chr7	29150227	29350227	harbor1	chr7	29233081	29233308	SINE/MIR	615	+	114	29233195	82968
chr7	90103790	90303790	harbor1	chr7	90126683	90126824	SINE/MIR	468	+	70	90126753	22963
chr7	90103790	90303790	harbor1	chr7	90132872	90133061	SINE/MIR	466	+	94	90132966	29176
chr7	94137973	94337973	harbor1	chr7	94175958	94176093	SINE/MIR	475	+	68	94176026	38053
chr7	94137973	94337973	harbor1	chr7	94201214	94201390	SINE/MIR	441	+	88	94201302	63329
chr7	94137973	94337973	harbor1	chr7	94206971	94207156	SINE/MIR	491	+	92	94207063	69090
chr7	72221260	72421260	harbor1	chr7	72228542	72228727	SINE/MIR	605	+	92	72228634	7374
chr7	72221260	72421260	harbor1	chr7	72250230	72250449	SINE/MIR	675	+	110	72250340	29080
chr7	72221260	72421260	harbor1	chr7	72259524	72259730	SINE/MIR	581	+	103	72259627	38367
chr7	72221260	72421260	harbor1	chr7	72267576	72267724	SINE/MIR	698	+	74	72267650	46390
chr7	72221260	72421260	harbor1	chr7	72268012	72268147	SINE/MIR	698	+	68	72268080	46820
chr7	80204926	80404926	harbor1	chr7	80221115	80221376	SINE/MIR	631	+	130	80221245	16319
chr7	80204926	80404926	harbor1	chr7	80227358	80227554	SINE/MIR	687	+	98	80227456	22530
chr7	80204926	80404926	harbor1	chr7	80250894	80251075	SINE/MIR	444	+	90	80250984	46058
chr7	80204926	80404926	harbor1	chr7	80258263	80258348	SINE/MIR	457	+	42	80258305	53379
chr7	112003637	112203637	harbor1	chr7	112022463	112022692	SINE/MIR	642	+	114	112022577	18940
chr7	112003637	112203637	harbor1	chr7	112068358	112068594	SINE/MIR	871	+	118	112068476	64839
chr7	112003637	112203637	harbor1	chr7	112069420	112069612	SINE/MIR	443	+	96	112069516	65879
chr7	112003637	112203637	harbor1	chr7	112081865	112082131	SINE/MIR	681	+	133	112081998	78361
chr7	112003637	112203637	harbor1	chr7	112088703	112088948	SINE/MIR	895	+	122	112088825	85188
chr7	112003637	112203637	harbor1	chr7	112102335	112102426	SINE/MIR	510	+	46	112102381	98744
chr7	140849259	141049259	harbor1	chr7	140889875	140889986	SINE/MIR	488	+	56	140889931	40672
chr7	20821087	21021087	harbor1	chr7	20890216	20890410	SINE/MIR	511	+	97	20890313	69226
chr7	20821087	21021087	harbor1	chr7	20916901	20917047	SINE/MIR	523	+	73	20916974	95887
chr7	119108827	119308827	harbor1	chr7	119128990	119129197	SINE/MIR	729	+	104	119129094	20267
chr7	67644948	67844948	harbor1	chr7	67708649	67708866	SINE/MIR	704	+	108	67708757	63809
chr7	67644948	67844948	harbor1	chr7	67710821	67710983	SINE/MIR	518	+	81	67710902	65954
chr7	115685579	115885579	harbor1	chr7	115706043	115706280	SINE/MIR	687	+	118	115706161	20582
chr7	115685579	115885579	harbor1	chr7	115715423	115715626	SINE/MIR	462	+	102	115715525	29946
chr7	2087247	2287247	harbor1	chr7	2171977	2172199	SINE/MIR	515	+	111	2172088	84841
chr7	125700627	125900627	harbor1	chr7	125767383	125767609	SINE/MIR	541	+	113	125767496	66869
chr7	109307046	109507046	harbor1	chr7	109377642	109377867	SINE/MIR	510	+	112	109377754	70708
chr7	109307046	109507046	harbor1	chr7	109396526	109396770	SINE/MIR	467	+	122	109396648	89602
chr7	131046448	131246448	harbor1	chr7	131077721	131077942	SINE/MIR	746	+	110	131077831	31383
chr7	131046448	131246448	harbor1	chr7	131123973	131124204	SINE/MIR	781	+	116	131124089	77641
chr7	47137398	47337398	harbor1	chr7	47233322	47233528	SINE/MIR	461	+	103	47233425	96027
chr7	126403725	126603725	harbor1	chr7	126432191	126432389	SINE/MIR	454	+	99	126432290	28565
chr7	23889592	24089592	harbor1	chr7	23915745	23915988	SINE/MIR	540	+	122	23915867	26275
chr7	23889592	24089592	harbor1	chr7	23940979	23941229	SINE/MIR	510	+	125	23941104	51512
chr7	23889592	24089592	harbor1	chr7	23941708	23941898	SINE/MIR	619	+	95	23941803	52211
chr7	894837	1094837	harbor1	chr7	904337	904503	SINE/MIR	471	+	83	904420	9583
chr7	7322911	7522911	harbor1	chr7	7358328	7358564	SINE/MIR	676	+	118	7358446	35535
chr7	103200055	103400055	harbor1	chr7	103201278	103201523	SINE/MIR	797	+	122	103201400	1345
chr7	81996945	82196945	harbor1	chr7	82052827	82052962	SINE/MIR	503	+	68	82052895	55950
chr7	81996945	82196945	harbor1	chr7	82072707	82072902	SINE/MIR	469	+	98	82072805	75860
chr7	81996945	82196945	harbor1	chr7	82093152	82093321	SINE/MIR	611	+	84	82093236	96291
chr7	21472595	21672595	harbor1	chr7	21565590	21565806	SINE/MIR	478	+	108	21565698	93103
chr7	150218205	150418205	harbor1	chr7	150298430	150298648	SINE/MIR	632	+	109	150298539	80334
chr7	150218205	150418205	harbor1	chr7	150300962	150301107	SINE/MIR	559	+	72	150301034	82829
chr7	91655850	91855850	harbor1	chr7	91670176	91670377	SINE/MIR	781	+	100	91670276	14426
chr7	91655850	91855850	harbor1	chr7	91685180	91685423	SINE/MIR	1048	+	122	91685302	29452
chr7	91655850	91855850	harbor1	chr7	91689297	91689391	SINE/MIR	640	+	47	91689344	33494
chr7	91655850	91855850	harbor1	chr7	91689752	91689892	SINE/MIR	640	+	70	91689822	33972
chr7	63039994	63239994	harbor1	chr7	63101172	63101292	SINE/MIR	483	+	60	63101232	61238
chr7	63039994	63239994	harbor1	chr7	63101684	63101889	SINE/MIR	635	+	102	63101786	61792
chr7	133667089	133867089	harbor1	chr7	133681738	133681908	SINE/MIR	475	+	85	133681823	14734
chr7	133667089	133867089	harbor1	chr7	133718567	133718771	SINE/MIR	583	+	102	133718669	51580
chr7	133667089	133867089	harbor1	chr7	133731590	133731803	SINE/MIR	574	+	106	133731696	64607
chr7	133667089	133867089	harbor1	chr7	133745263	133745505	SINE/MIR	515	+	121	133745384	78295
chr7	133667089	133867089	harbor1	chr7	133763416	133763621	SINE/MIR	553	+	102	133763518	96429
chr7	133667089	133867089	harbor1	chr7	133764854	133765073	SINE/MIR	464	+	110	133764964	97875
chr7	133667089	133867089	harbor1	chr7	133709732	133709885	SINE/MIR	692	+	76	133709808	42719
chr7	78942432	79142432	harbor1	chr7	78943017	78943194	SINE/MIR	538	+	88	78943105	673
chr7	78942432	79142432	harbor1	chr7	78971670	78971823	SINE/MIR	504	+	76	78971746	29314
chr7	78942432	79142432	harbor1	chr7	78980042	78980298	SINE/MIR	771	+	128	78980170	37738
chr7	78942432	79142432	harbor1	chr7	78994601	78994802	SINE/MIR	553	+	100	78994701	52269
chr7	11037962	11237962	harbor1	chr7	11071085	11071258	SINE/MIR	458	+	86	11071171	33209
chr7	11037962	11237962	harbor1	chr7	11078365	11078563	SINE/MIR	447	+	99	11078464	40502
chr7	11037962	11237962	harbor1	chr7	11085904	11086093	SINE/MIR	743	+	94	11085998	48036
chr7	11037962	11237962	harbor1	chr7	11135139	11135268	SINE/MIR	499	+	64	11135203	97241
chr7	16541080	16741080	harbor1	chr7	16550267	16550458	SINE/MIR	442	+	96	16550363	9283
chr7	16541080	16741080	harbor1	chr7	16552842	16553017	SINE/MIR	641	+	88	16552930	11850
chr7	16541080	16741080	harbor1	chr7	16553302	16553528	SINE/MIR	690	+	113	16553415	12335
chr7	16541080	16741080	harbor1	chr7	16593714	16593939	SINE/MIR	533	+	112	16593826	52746
chr7	7265837	7465837	harbor1	chr7	7358328	7358564	SINE/MIR	676	+	118	7358446	92609
chr7	127202488	127402488	harbor1	chr7	127218366	127218601	SINE/MIR	856	+	118	127218484	15996
chr7	127202488	127402488	harbor1	chr7	127228127	127228347	SINE/MIR	518	+	110	127228237	25749
chr7	127202488	127402488	harbor1	chr7	127248491	127248703	SINE/MIR	609	+	106	127248597	46109
chr7	127202488	127402488	harbor1	chr7	127280989	127281205	SINE/MIR	757	+	108	127281097	78609
chr7	127202488	127402488	harbor1	chr7	127292966	127293188	SINE/MIR	990	+	111	127293077	90589
chr7	69394831	69594831	harbor1	chr7	69395619	69395804	SINE/MIR	569	+	92	69395711	880
chr7	69394831	69594831	harbor1	chr7	69396113	69396160	SINE/MIR	569	+	24	69396137	1306
chr7	69394831	69594831	harbor1	chr7	69418090	69418329	SINE/MIR	824	+	120	69418210	23379
chr7	69394831	69594831	harbor1	chr7	69477275	69477434	SINE/MIR	493	+	80	69477355	82524
chr7	69394831	69594831	harbor1	chr7	69477720	69477731	SINE/MIR	445	+	6	69477726	82895
chr7	69394831	69594831	harbor1	chr7	69478031	69478126	SINE/MIR	445	+	48	69478079	83248
chr7	105957962	106157962	harbor1	chr7	105984428	105984655	SINE/MIR	520	+	114	105984542	26580
chr7	105957962	106157962	harbor1	chr7	106020097	106020344	SINE/MIR	827	+	124	106020221	62259
chr7	105957962	106157962	harbor1	chr7	106025258	106025464	SINE/MIR	527	+	103	106025361	67399
chr7	105957962	106157962	harbor1	chr7	106029344	106029512	SINE/MIR	517	+	84	106029428	71466
chr7	105957962	106157962	harbor1	chr7	106047842	106048059	SINE/MIR	516	+	108	106047950	89988
chr7	38457527	38657527	harbor1	chr7	38498382	38498628	SINE/MIR	614	+	123	38498505	40978
chr7	38457527	38657527	harbor1	chr7	38501065	38501190	SINE/MIR	484	+	62	38501127	43600
chr7	38457527	38657527	harbor1	chr7	38501487	38501560	SINE/MIR	484	+	36	38501523	43996
chr7	38457527	38657527	harbor1	chr7	38510935	38511183	SINE/MIR	806	+	124	38511059	53532
chr7	26718798	26918798	harbor1	chr7	26738144	26738356	SINE/MIR	735	+	106	26738250	19452
chr7	26718798	26918798	harbor1	chr7	26780053	26780276	SINE/MIR	619	+	112	26780165	61367
chr7	26718798	26918798	harbor1	chr7	26808653	26808785	SINE/MIR	448	+	66	26808719	89921
chr7	26718798	26918798	harbor1	chr7	26811136	26811325	SINE/MIR	483	+	94	26811230	92432
chr7	132182744	132382744	harbor1	chr7	132206086	132206258	SINE/MIR	476	+	86	132206172	23428
chr7	132182744	132382744	harbor1	chr7	132231140	132231319	SINE/MIR	944	+	90	132231230	48486
chr7	132182744	132382744	harbor1	chr7	132250034	132250197	SINE/MIR	533	+	82	132250116	67372
chr7	132182744	132382744	harbor1	chr7	132263680	132263893	SINE/MIR	623	+	106	132263786	81042
chr7	65698316	65898316	harbor1	chr7	65701964	65702206	SINE/MIR	565	+	121	65702085	3769
chr7	65698316	65898316	harbor1	chr7	65706747	65706896	SINE/MIR	536	+	74	65706821	8505
chr7	65698316	65898316	harbor1	chr7	65708931	65709144	SINE/MIR	718	+	106	65709037	10721
chr7	65698316	65898316	harbor1	chr7	65710703	65710915	SINE/MIR	856	+	106	65710809	12493
chr7	65698316	65898316	harbor1	chr7	65711219	65711296	SINE/MIR	856	+	38	65711257	12941
chr7	131818360	132018360	harbor1	chr7	131843404	131843600	SINE/MIR	502	+	98	131843502	25142
chr7	131818360	132018360	harbor1	chr7	131875305	131875463	SINE/MIR	542	+	79	131875384	57024
chr7	131818360	132018360	harbor1	chr7	131900248	131900488	SINE/MIR	631	+	120	131900368	82008
chr7	119415218	119615218	harbor1	chr7	119471823	119472074	SINE/MIR	542	+	126	119471949	56731
chr7	17766358	17966358	harbor1	chr7	17788520	17788695	SINE/MIR	551	+	88	17788608	22250
chr7	17766358	17966358	harbor1	chr7	17796482	17796735	SINE/MIR	556	+	126	17796608	30250
chr7	17766358	17966358	harbor1	chr7	17797812	17798030	SINE/MIR	466	+	109	17797921	31563
chr7	17766358	17966358	harbor1	chr7	17835107	17835247	SINE/MIR	482	+	70	17835177	68819
chr7	94087816	94287816	harbor1	chr7	94125775	94125960	SINE/MIR	692	+	92	94125867	38051
chr7	94087816	94287816	harbor1	chr7	94128198	94128397	SINE/MIR	451	+	100	94128298	40482
chr7	94087816	94287816	harbor1	chr7	94134018	94134262	SINE/MIR	768	+	122	94134140	46324
chr7	94087816	94287816	harbor1	chr7	94175958	94176093	SINE/MIR	475	+	68	94176026	88210
chr7	11693908	11893908	harbor1	chr7	11788653	11788908	SINE/MIR	467	+	128	11788781	94873
chr7	86998990	87198990	harbor1	chr7	87060138	87060269	SINE/MIR	601	+	66	87060204	61214
chr7	72629958	72829958	harbor1	chr7	72716248	72716385	SINE/MIR	458	+	68	72716316	86358
chr7	24979217	25179217	harbor1	chr7	24983189	24983337	SINE/MIR	503	+	74	24983263	4046
chr7	8361108	8561108	harbor1	chr7	8409951	8410085	SINE/MIR	439	+	67	8410018	48910
chr7	8361108	8561108	harbor1	chr7	8448123	8448274	SINE/MIR	565	+	76	8448199	87091
chr7	158329298	158529298	harbor1	chr7	158355227	158355372	SINE/MIR	464	+	72	158355299	26001
chr7	112955357	113155357	harbor1	chr7	112990256	112990389	SINE/MIR	513	+	66	112990322	34965
chr7	112955357	113155357	harbor1	chr7	113033546	113033758	SINE/MIR	596	+	106	113033652	78295
chr7	114299650	114499650	harbor1	chr7	114376336	114376460	SINE/MIR	540	+	62	114376398	76748
chr7	47384860	47584860	harbor1	chr7	47427721	47427877	SINE/MIR	516	+	78	47427799	42939
chr7	47384860	47584860	harbor1	chr7	47451881	47452125	SINE/MIR	673	+	122	47452003	67143
chr7	47384860	47584860	harbor1	chr7	47456395	47456541	SINE/MIR	462	+	73	47456468	71608
chr7	47384860	47584860	harbor1	chr7	47481851	47482013	SINE/MIR	543	+	81	47481932	97072
chr7	8357451	8557451	harbor1	chr7	8409951	8410085	SINE/MIR	439	+	67	8410018	52567
chr7	8357451	8557451	harbor1	chr7	8448123	8448274	SINE/MIR	565	+	76	8448199	90748
chr7	3449448	3649448	harbor1	chr7	3496077	3496269	SINE/MIR	458	+	96	3496173	46725
chr7	3449448	3649448	harbor1	chr7	3498350	3498534	SINE/MIR	533	+	92	3498442	48994
chr7	3449448	3649448	harbor1	chr7	3509320	3509497	SINE/MIR	594	+	88	3509408	59960
chr7	87404809	87604809	harbor1	chr7	87412081	87412296	SINE/MIR	496	+	108	87412189	7380
chr7	87404809	87604809	harbor1	chr7	87416641	87416840	SINE/MIR	598	+	100	87416741	11932
chr7	87404809	87604809	harbor1	chr7	87461431	87461614	SINE/MIR	696	+	92	87461523	56714
chr7	87404809	87604809	harbor1	chr7	87476596	87476824	SINE/MIR	619	+	114	87476710	71901
chr7	121815146	122015146	harbor1	chr7	121862919	121863126	SINE/MIR	499	+	104	121863023	47877
chr7	18397336	18597336	harbor1	chr7	18408009	18408128	SINE/MIR	442	+	60	18408069	10733
chr7	18397336	18597336	harbor1	chr7	18424240	18424455	SINE/MIR	596	+	108	18424348	27012
chr7	66085610	66285610	harbor1	chr7	66113033	66113166	SINE/MIR	474	+	66	66113099	27489
chr7	66085610	66285610	harbor1	chr7	66126482	66126608	SINE/MIR	481	+	63	66126545	40935
chr7	66085610	66285610	harbor1	chr7	66134802	66134951	SINE/MIR	460	+	74	66134876	49266
chr7	8579975	8779975	harbor1	chr7	8583295	8583515	SINE/MIR	1031	+	110	8583405	3430
chr7	8579975	8779975	harbor1	chr7	8615263	8615461	SINE/MIR	545	+	99	8615362	35387
chr7	8579975	8779975	harbor1	chr7	8638864	8639083	SINE/MIR	554	+	110	8638974	58999
chr7	8579975	8779975	harbor1	chr7	8673499	8673768	SINE/MIR	533	+	134	8673633	93658
chr7	8579975	8779975	harbor1	chr7	8675094	8675243	SINE/MIR	589	+	74	8675168	95193
chr7	90742581	90942581	harbor1	chr7	90773285	90773479	SINE/MIR	674	+	97	90773382	30801
chr7	90742581	90942581	harbor1	chr7	90802535	90802694	SINE/MIR	483	+	80	90802615	60034
chr7	108557917	108757917	harbor1	chr7	108622683	108622817	SINE/MIR	450	+	67	108622750	64833
chr7	35087352	35287352	harbor1	chr7	35108767	35109012	SINE/MIR	786	+	122	35108889	21537
chr7	42931029	43131029	harbor1	chr7	43008413	43008480	SINE/MIR	485	+	34	43008447	77418
chr7	42931029	43131029	harbor1	chr7	43007912	43008102	SINE/MIR	485	+	95	43008007	76978
chr7	126295872	126495872	harbor1	chr7	126385630	126385825	SINE/MIR	606	+	98	126385728	89856
chr7	645232	845232	harbor1	chr7	699138	699324	SINE/MIR	489	+	93	699231	53999
chr7	35848454	36048454	harbor1	chr7	35853870	35853979	SINE/MIR	441	+	54	35853924	5470
chr7	35848454	36048454	harbor1	chr7	35854214	35854269	SINE/MIR	441	+	28	35854242	5788
chr7	35848454	36048454	harbor1	chr7	35902621	35902824	SINE/MIR	540	+	102	35902723	54269
chr7	35848454	36048454	harbor1	chr7	35939206	35939399	SINE/MIR	792	+	96	35939302	90848
chr7	104461229	104661229	harbor1	chr7	104473548	104473775	SINE/MIR	960	+	114	104473662	12433
chr7	104461229	104661229	harbor1	chr7	104480094	104480330	SINE/MIR	781	+	118	104480212	18983
chr7	104461229	104661229	harbor1	chr7	104552861	104553043	SINE/MIR	643	+	91	104552952	91723
chr7	92154591	92354591	harbor1	chr7	92195834	92196050	SINE/MIR	731	+	108	92195942	41351
chr7	28930734	29130734	harbor1	chr7	28943414	28943663	SINE/MIR	683	+	124	28943538	12804
chr7	28930734	29130734	harbor1	chr7	28998378	28998631	SINE/MIR	494	+	126	28998504	67770
chr7	115378752	115578752	harbor1	chr7	115412658	115412927	SINE/MIR	689	+	134	115412792	34040
chr7	115378752	115578752	harbor1	chr7	115428094	115428270	SINE/MIR	442	+	88	115428182	49430
chr7	115378752	115578752	harbor1	chr7	115441920	115442099	SINE/MIR	560	+	90	115442010	63258
chr7	51825405	52025405	harbor1	chr7	51860480	51860746	SINE/MIR	500	+	133	51860613	35208
chr7	51825405	52025405	harbor1	chr7	51874571	51874764	SINE/MIR	586	+	96	51874667	49262
chr7	123012852	123212852	harbor1	chr7	123088446	123088630	SINE/MIR	576	+	92	123088538	75686
chr7	99278987	99478987	harbor1	chr7	99326591	99326769	SINE/MIR	515	+	89	99326680	47693
chr7	18539590	18739590	harbor1	chr7	18542239	18542459	SINE/MIR	760	+	110	18542349	2759
chr7	18539590	18739590	harbor1	chr7	18546273	18546502	SINE/MIR	465	+	114	18546387	6797
chr7	18539590	18739590	harbor1	chr7	18570579	18570843	SINE/MIR	665	+	132	18570711	31121
chr7	18539590	18739590	harbor1	chr7	18591679	18591909	SINE/MIR	677	+	115	18591794	52204
chr7	18539590	18739590	harbor1	chr7	18598439	18598636	SINE/MIR	643	+	98	18598537	58947
chr7	18539590	18739590	harbor1	chr7	18628232	18628455	SINE/MIR	648	+	112	18628344	88754
chr7	140405165	140605165	harbor1	chr7	140479687	140479936	SINE/MIR	675	+	124	140479811	74646
chr7	16965530	17165530	harbor1	chr7	16999057	16999281	SINE/MIR	598	+	112	16999169	33639
chr7	16965530	17165530	harbor1	chr7	17019436	17019597	SINE/MIR	479	+	80	17019516	53986
chr7	16965530	17165530	harbor1	chr7	17056428	17056647	SINE/MIR	789	+	110	17056538	91008
chr7	122023517	122223517	harbor1	chr7	122037687	122037862	SINE/MIR	556	+	88	122037775	14258
chr7	122023517	122223517	harbor1	chr7	122053575	122053773	SINE/MIR	512	+	99	122053674	30157
chr7	51097805	51297805	harbor1	chr7	51104404	51104593	SINE/MIR	735	+	94	51104498	6693
chr7	51097805	51297805	harbor1	chr7	51105312	51105466	SINE/MIR	499	+	77	51105389	7584
chr7	51097805	51297805	harbor1	chr7	51123966	51124159	SINE/MIR	535	+	96	51124062	26257
chr7	51097805	51297805	harbor1	chr7	51137199	51137448	SINE/MIR	550	+	124	51137323	39518
chr7	144459680	144659680	harbor1	chr7	144517278	144517494	SINE/MIR	444	+	108	144517386	57706
chr7	3608445	3808445	harbor1	chr7	3616979	3617203	SINE/MIR	882	+	112	3617091	8646
chr7	3608445	3808445	harbor1	chr7	3661712	3661952	SINE/MIR	694	+	120	3661832	53387
chr7	3608445	3808445	harbor1	chr7	3670356	3670633	SINE/MIR	553	+	138	3670494	62049
chr7	3608445	3808445	harbor1	chr7	3688281	3688511	SINE/MIR	603	+	115	3688396	79951
chr7	27039437	27239437	harbor1	chr7	27083740	27083976	SINE/MIR	786	+	118	27083858	44421
chr7	27039437	27239437	harbor1	chr7	27085594	27085798	SINE/MIR	707	+	102	27085696	46259
chr8	89082825	89282825	harbor1	chr8	89127385	89127507	SINE/MIR	461	+	61	89127446	44621
chr8	50105117	50305117	harbor1	chr8	50120011	50120256	SINE/MIR	556	+	122	50120133	15016
chr8	53052913	53252913	harbor1	chr8	53085636	53085817	SINE/MIR	502	+	90	53085726	32813
chr8	80359532	80559532	harbor1	chr8	80430022	80430292	SINE/MIR	553	+	135	80430157	70625
chr8	7382295	7582295	harbor1	chr8	7468647	7468853	SINE/MIR	439	+	103	7468750	86455
chr8	81144167	81344167	harbor1	chr8	81148013	81148265	SINE/MIR	549	+	126	81148139	3972
chr8	81144167	81344167	harbor1	chr8	81211473	81211677	SINE/MIR	515	+	102	81211575	67408
chr8	81144167	81344167	harbor1	chr8	81230713	81230954	SINE/MIR	480	+	120	81230833	86666
chr8	81144167	81344167	harbor1	chr8	81235565	81235752	SINE/MIR	616	+	94	81235659	91492
chr8	95873295	96073295	harbor1	chr8	95893348	95893591	SINE/MIR	751	+	122	95893470	20175
chr8	95873295	96073295	harbor1	chr8	95926315	95926486	SINE/MIR	446	+	86	95926401	53106
chr8	95873295	96073295	harbor1	chr8	95935518	95935776	SINE/MIR	693	+	129	95935647	62352
chr8	95873295	96073295	harbor1	chr8	95967838	95967971	SINE/MIR	438	+	66	95967904	94609
chr8	68305416	68505416	harbor1	chr8	68326703	68326893	SINE/MIR	882	+	95	68326798	21382
chr8	68305416	68505416	harbor1	chr8	68374772	68374999	SINE/MIR	426	+	114	68374886	69470
chr8	68305416	68505416	harbor1	chr8	68396382	68396493	SINE/MIR	420	+	56	68396438	91022
chr8	108673175	108873175	harbor1	chr8	108698337	108698567	SINE/MIR	666	+	115	108698452	25277
chr8	108673175	108873175	harbor1	chr8	108702964	108703134	SINE/MIR	512	+	85	108703049	29874
chr8	108673175	108873175	harbor1	chr8	108709929	108710177	SINE/MIR	826	+	124	108710053	36878
chr8	108673175	108873175	harbor1	chr8	108722476	108722683	SINE/MIR	605	+	104	108722580	49405
chr8	108673175	108873175	harbor1	chr8	108742661	108742904	SINE/MIR	484	+	122	108742783	69608
chr8	108673175	108873175	harbor1	chr8	108752134	108752408	SINE/MIR	854	+	137	108752271	79096
chr8	108673175	108873175	harbor1	chr8	108761178	108761401	SINE/MIR	418	+	112	108761290	88115
chr8	108673175	108873175	harbor1	chr8	108771199	108771386	SINE/MIR	722	+	94	108771293	98118
chr8	108673175	108873175	harbor1	chr8	108772773	108772974	SINE/MIR	835	+	100	108772873	99698
chr8	106608567	106808567	harbor1	chr8	106630135	106630297	SINE/MIR	503	+	81	106630216	21649
chr8	101353816	101553816	harbor1	chr8	101363157	101363325	SINE/MIR	629	+	84	101363241	9425
chr8	101353816	101553816	harbor1	chr8	101389209	101389396	SINE/MIR	630	+	94	101389303	35487
chr8	101353816	101553816	harbor1	chr8	101401675	101401824	SINE/MIR	460	+	74	101401749	47933
chr8	101353816	101553816	harbor1	chr8	101416171	101416339	SINE/MIR	581	+	84	101416255	62439
chr8	101353816	101553816	harbor1	chr8	101433496	101433708	SINE/MIR	516	+	106	101433602	79786
chr8	101353816	101553816	harbor1	chr8	101434914	101435087	SINE/MIR	592	+	86	101435000	81184
chr8	101353816	101553816	harbor1	chr8	101439259	101439462	SINE/MIR	501	+	102	101439361	85545
chr8	101353816	101553816	harbor1	chr8	101453435	101453585	SINE/MIR	548	+	75	101453510	99694
chr8	42581424	42781424	harbor1	chr8	42616690	42616882	SINE/MIR	553	+	96	42616786	35362
chr8	42581424	42781424	harbor1	chr8	42639159	42639364	SINE/MIR	555	+	102	42639261	57837
chr8	123333555	123533555	harbor1	chr8	123336109	123336328	SINE/MIR	496	+	110	123336219	2664
chr8	123333555	123533555	harbor1	chr8	123347635	123347874	SINE/MIR	573	+	120	123347755	14200
chr8	123333555	123533555	harbor1	chr8	123392390	123392583	SINE/MIR	444	+	96	123392486	58931
chr8	123333555	123533555	harbor1	chr8	123431644	123431853	SINE/MIR	424	+	104	123431748	98193
chr8	50252282	50452282	harbor1	chr8	50333119	50333350	SINE/MIR	636	+	116	50333235	80953
chr8	31986489	32186489	harbor1	chr8	32012596	32012811	SINE/MIR	681	+	108	32012704	26215
chr8	31986489	32186489	harbor1	chr8	32074917	32075146	SINE/MIR	789	+	114	32075031	88542
chr8	16596200	16796200	harbor1	chr8	16596987	16597149	SINE/MIR	482	+	81	16597068	868
chr8	28650580	28850580	harbor1	chr8	28667610	28667695	SINE/MIR	492	+	42	28667652	17072
chr8	28650580	28850580	harbor1	chr8	28694493	28694713	SINE/MIR	733	+	110	28694603	44023
chr8	28650580	28850580	harbor1	chr8	28709077	28709335	SINE/MIR	649	+	129	28709206	58626
chr8	28650580	28850580	harbor1	chr8	28743285	28743384	SINE/MIR	610	+	50	28743335	92755
chr8	28650580	28850580	harbor1	chr8	28743864	28743919	SINE/MIR	610	+	28	28743892	93312
chr8	93366430	93566430	harbor1	chr8	93387067	93387311	SINE/MIR	458	+	122	93387189	20759
chr8	93366430	93566430	harbor1	chr8	93400074	93400261	SINE/MIR	406	+	94	93400168	33738
chr8	93366430	93566430	harbor1	chr8	93403319	93403456	SINE/MIR	459	+	68	93403387	36957
chr8	93366430	93566430	harbor1	chr8	93416599	93416813	SINE/MIR	606	+	107	93416706	50276
chr8	93366430	93566430	harbor1	chr8	93455859	93456094	SINE/MIR	548	+	118	93455977	89547
chr8	93366430	93566430	harbor1	chr8	93405052	93405253	SINE/MIR	541	+	100	93405152	38722
chr8	38279257	38479257	harbor1	chr8	38301627	38301861	SINE/MIR	450	+	117	38301744	22487
chr8	38279257	38479257	harbor1	chr8	38313290	38313516	SINE/MIR	607	+	113	38313403	34146
chr8	38279257	38479257	harbor1	chr8	38330844	38331033	SINE/MIR	861	+	94	38330938	51681
chr8	38279257	38479257	harbor1	chr8	38335780	38335935	SINE/MIR	403	+	78	38335858	56601
chr8	38279257	38479257	harbor1	chr8	38355116	38355367	SINE/MIR	715	+	126	38355242	75985
chr8	60985163	61185163	harbor1	chr8	60987587	60987739	SINE/MIR	469	+	76	60987663	2500
chr8	60985163	61185163	harbor1	chr8	60999381	60999566	SINE/MIR	402	+	92	60999473	14310
chr8	60985163	61185163	harbor1	chr8	61004087	61004195	SINE/MIR	447	+	54	61004141	18978
chr8	60985163	61185163	harbor1	chr8	61030823	61031017	SINE/MIR	574	+	97	61030920	45757
chr8	18746100	18946100	harbor1	chr8	18802673	18802767	SINE/MIR	423	+	47	18802720	56620
chr8	18746100	18946100	harbor1	chr8	18813677	18813880	SINE/MIR	504	+	102	18813779	67679
chr8	18746100	18946100	harbor1	chr8	18824409	18824528	SINE/MIR	438	+	60	18824469	78369
chr8	105818874	106018874	harbor1	chr8	105839527	105839753	SINE/MIR	760	+	113	105839640	20766
chr8	107532019	107732019	harbor1	chr8	107549964	107550200	SINE/MIR	720	+	118	107550082	18063
chr8	88035418	88235418	harbor1	chr8	88126714	88126924	SINE/MIR	489	+	105	88126819	91401
chr8	48081195	48281195	harbor1	chr8	48149606	48149844	SINE/MIR	692	+	119	48149725	68530
chr8	48081195	48281195	harbor1	chr8	48161414	48161633	SINE/MIR	431	+	110	48161524	80329
chr8	48081195	48281195	harbor1	chr8	48176568	48176773	SINE/MIR	641	+	102	48176670	95475
chr8	103469150	103669150	harbor1	chr8	103489199	103489420	SINE/MIR	534	+	110	103489309	20159
chr8	103469150	103669150	harbor1	chr8	103520007	103520235	SINE/MIR	710	+	114	103520121	50971
chr8	7808019	8008019	harbor1	chr8	7821316	7821465	SINE/MIR	423	+	74	7821390	13371
chr8	7808019	8008019	harbor1	chr8	7822652	7822758	SINE/MIR	503	+	53	7822705	14686
chr8	7808019	8008019	harbor1	chr8	7887294	7887489	SINE/MIR	532	+	98	7887392	79373
chr8	60037889	60237889	harbor1	chr8	60049983	60050178	SINE/MIR	624	+	98	60050081	12192
chr8	60037889	60237889	harbor1	chr8	60055545	60055666	SINE/MIR	419	+	60	60055605	17716
chr8	60037889	60237889	harbor1	chr8	60065799	60065987	SINE/MIR	485	+	94	60065893	28004
chr8	60037889	60237889	harbor1	chr8	60117764	60117902	SINE/MIR	430	+	69	60117833	79944
chr8	131035135	131235135	harbor1	chr8	131053572	131053782	SINE/MIR	565	+	105	131053677	18542
chr8	131035135	131235135	harbor1	chr8	131067561	131067792	SINE/MIR	660	+	116	131067677	32542
chr8	131035135	131235135	harbor1	chr8	131074260	131074500	SINE/MIR	398	+	120	131074380	39245
chr8	131035135	131235135	harbor1	chr8	131077573	131077790	SINE/MIR	632	+	108	131077681	42546
chr8	131035135	131235135	harbor1	chr8	131078660	131078881	SINE/MIR	714	+	110	131078770	43635
chr8	131035135	131235135	harbor1	chr8	131079050	131079263	SINE/MIR	862	+	106	131079156	44021
chr8	131035135	131235135	harbor1	chr8	131087554	131087787	SINE/MIR	443	+	116	131087670	52535
chr8	131035135	131235135	harbor1	chr8	131094655	131094820	SINE/MIR	586	+	82	131094737	59602
chr8	22798847	22998847	harbor1	chr8	22800265	22800451	SINE/MIR	477	+	93	22800358	1511
chr8	22798847	22998847	harbor1	chr8	22809504	22809724	SINE/MIR	449	+	110	22809614	10767
chr8	22798847	22998847	harbor1	chr8	22814993	22815211	SINE/MIR	527	+	109	22815102	16255
chr8	22798847	22998847	harbor1	chr8	22835106	22835308	SINE/MIR	419	+	101	22835207	36360
chr8	22798847	22998847	harbor1	chr8	22836063	22836267	SINE/MIR	692	+	102	22836165	37318
chr8	22798847	22998847	harbor1	chr8	22876866	22877042	SINE/MIR	500	+	88	22876954	78107
chr8	22798847	22998847	harbor1	chr8	22881749	22881983	SINE/MIR	428	+	117	22881866	83019
chr8	22798847	22998847	harbor1	chr8	22886363	22886518	SINE/MIR	438	+	78	22886441	87594
chr8	22798847	22998847	harbor1	chr8	22890666	22890828	SINE/MIR	423	+	81	22890747	91900
chr8	22798847	22998847	harbor1	chr8	22891128	22891213	SINE/MIR	423	+	42	22891170	92323
chr8	26034626	26234626	harbor1	chr8	26034856	26035040	SINE/MIR	413	+	92	26034948	322
chr8	26034626	26234626	harbor1	chr8	26118410	26118632	SINE/MIR	603	+	111	26118521	83895
chr8	43308959	43508959	harbor1	chr8	43341189	43341427	SINE/MIR	626	+	119	43341308	32349
chr8	42021343	42221343	harbor1	chr8	42043744	42044031	SINE/MIR	815	+	144	42043888	22545
chr8	42021343	42221343	harbor1	chr8	42094925	42095181	SINE/MIR	780	+	128	42095053	73710
chr8	42021343	42221343	harbor1	chr8	42106328	42106534	SINE/MIR	469	+	103	42106431	85088
chr8	53733167	53933167	harbor1	chr8	53792831	53793044	SINE/MIR	650	+	106	53792937	59770
chr8	53733167	53933167	harbor1	chr8	53794713	53794926	SINE/MIR	423	+	106	53794819	61652
chr8	53733167	53933167	harbor1	chr8	53809133	53809310	SINE/MIR	495	+	88	53809221	76054
chr8	132702980	132902980	harbor1	chr8	132704414	132704562	SINE/MIR	398	+	74	132704488	1508
chr8	132702980	132902980	harbor1	chr8	132737524	132737748	SINE/MIR	449	+	112	132737636	34656
chr8	132702980	132902980	harbor1	chr8	132739245	132739304	SINE/MIR	562	+	30	132739275	36295
chr8	132702980	132902980	harbor1	chr8	132739611	132739754	SINE/MIR	562	+	72	132739683	36703
chr8	132702980	132902980	harbor1	chr8	132748818	132749063	SINE/MIR	668	+	122	132748940	45960
chr8	132702980	132902980	harbor1	chr8	132753631	132753855	SINE/MIR	602	+	112	132753743	50763
chr8	132702980	132902980	harbor1	chr8	132761210	132761392	SINE/MIR	560	+	91	132761301	58321
chr8	132702980	132902980	harbor1	chr8	132786608	132786830	SINE/MIR	466	+	111	132786719	83739
chr8	92738631	92938631	harbor1	chr8	92760017	92760202	SINE/MIR	409	+	92	92760109	21478
chr8	92738631	92938631	harbor1	chr8	92792730	92792953	SINE/MIR	470	+	112	92792842	54211
chr8	4797392	4997392	harbor1	chr8	4863090	4863325	SINE/MIR	478	+	118	4863208	65816
chr8	85103874	85303874	harbor1	chr8	85192831	85193031	SINE/MIR	587	+	100	85192931	89057
chr8	13809575	14009575	harbor1	chr8	13849129	13849347	SINE/MIR	555	+	109	13849238	39663
chr8	135899	335899	harbor1	chr8	219968	220167	SINE/MIR	402	+	100	220068	84169
chr8	99385586	99585586	harbor1	chr8	99421485	99421709	SINE/MIR	872	+	112	99421597	36011
chr8	99385586	99585586	harbor1	chr8	99421980	99422055	SINE/MIR	872	+	38	99422018	36432
chr8	70724956	70924956	harbor1	chr8	70733516	70733720	SINE/MIR	479	+	102	70733618	8662
chr8	70724956	70924956	harbor1	chr8	70819485	70819716	SINE/MIR	779	+	116	70819601	94645
chr8	102866764	103066764	harbor1	chr8	102888437	102888603	SINE/MIR	592	+	83	102888520	21756
chr8	102866764	103066764	harbor1	chr8	102910768	102910961	SINE/MIR	454	+	96	102910864	44100
chr8	102866764	103066764	harbor1	chr8	102917121	102917358	SINE/MIR	688	+	118	102917239	50475
chr8	102866764	103066764	harbor1	chr8	102924752	102924944	SINE/MIR	690	+	96	102924848	58084
chr8	102866764	103066764	harbor1	chr8	102937761	102937917	SINE/MIR	449	+	78	102937839	71075
chr8	74941451	75141451	harbor1	chr8	74987290	74987515	SINE/MIR	604	+	112	74987402	45951
chr8	74941451	75141451	harbor1	chr8	75038314	75038502	SINE/MIR	440	+	94	75038408	96957
chr8	132045470	132245470	harbor1	chr8	132050509	132050707	SINE/MIR	433	+	99	132050608	5138
chr8	132045470	132245470	harbor1	chr8	132051443	132051632	SINE/MIR	547	+	94	132051537	6067
chr8	132045470	132245470	harbor1	chr8	132066146	132066377	SINE/MIR	581	+	116	132066262	20792
chr8	132045470	132245470	harbor1	chr8	132066511	132066699	SINE/MIR	447	+	94	132066605	21135
chr8	132045470	132245470	harbor1	chr8	132088087	132088226	SINE/MIR	469	+	70	132088157	42687
chr8	132045470	132245470	harbor1	chr8	132088692	132088908	SINE/MIR	806	+	108	132088800	43330
chr8	132045470	132245470	harbor1	chr8	132106495	132106618	SINE/MIR	415	+	62	132106557	61087
chr8	132045470	132245470	harbor1	chr8	132116466	132116612	SINE/MIR	441	+	73	132116539	71069
chr8	132045470	132245470	harbor1	chr8	132118115	132118362	SINE/MIR	968	+	124	132118239	72769
chr8	132045470	132245470	harbor1	chr8	132122104	132122263	SINE/MIR	492	+	80	132122184	76714
chr8	132045470	132245470	harbor1	chr8	132128155	132128346	SINE/MIR	403	+	96	132128251	82781
chr8	132045470	132245470	harbor1	chr8	132142286	132142490	SINE/MIR	431	+	102	132142388	96918
chr8	132045470	132245470	harbor1	chr8	132143537	132143722	SINE/MIR	550	+	92	132143629	98159
chr8	9154827	9354827	harbor1	chr8	9159291	9159457	SINE/MIR	475	+	83	9159374	4547
chr8	9154827	9354827	harbor1	chr8	9188601	9188663	SINE/MIR	504	+	31	9188632	33805
chr8	9154827	9354827	harbor1	chr8	9189626	9189758	SINE/MIR	504	+	66	9189692	34865
chr8	9154827	9354827	harbor1	chr8	9216280	9216496	SINE/MIR	452	+	108	9216388	61561
chr8	9154827	9354827	harbor1	chr8	9244330	9244475	SINE/MIR	576	+	72	9244402	89575
chr8	22160717	22360717	harbor1	chr8	22166868	22167110	SINE/MIR	761	+	121	22166989	6272
chr8	22160717	22360717	harbor1	chr8	22171642	22171818	SINE/MIR	492	+	88	22171730	11013
chr8	22160717	22360717	harbor1	chr8	22186325	22186467	SINE/MIR	567	+	71	22186396	25679
chr8	22160717	22360717	harbor1	chr8	22195148	22195282	SINE/MIR	510	+	67	22195215	34498
chr8	22160717	22360717	harbor1	chr8	22202232	22202469	SINE/MIR	716	+	118	22202350	41633
chr8	22160717	22360717	harbor1	chr8	22203178	22203273	SINE/MIR	529	+	48	22203226	42509
chr8	22160717	22360717	harbor1	chr8	22203579	22203646	SINE/MIR	529	+	34	22203613	42896
chr8	22160717	22360717	harbor1	chr8	22215127	22215280	SINE/MIR	407	+	76	22215203	54486
chr8	22160717	22360717	harbor1	chr8	22215549	22215625	SINE/MIR	407	+	38	22215587	54870
chr8	22160717	22360717	harbor1	chr8	22217495	22217709	SINE/MIR	550	+	107	22217602	56885
chr8	22160717	22360717	harbor1	chr8	22250920	22251148	SINE/MIR	648	+	114	22251034	90317
chr8	22160717	22360717	harbor1	chr8	22232899	22233136	SINE/MIR	563	+	118	22233017	72300
chr8	90525	290525	harbor1	chr8	116639	116867	SINE/MIR	691	+	114	116753	26228
chr8	116564836	116764836	harbor1	chr8	116576300	116576516	SINE/MIR	615	+	108	116576408	11572
chr8	116564836	116764836	harbor1	chr8	116589274	116589456	SINE/MIR	646	+	91	116589365	24529
chr8	116564836	116764836	harbor1	chr8	116592167	116592326	SINE/MIR	469	+	80	116592247	27411
chr8	116564836	116764836	harbor1	chr8	116594715	116594949	SINE/MIR	738	+	117	116594832	29996
chr8	81184443	81384443	harbor1	chr8	81211473	81211677	SINE/MIR	515	+	102	81211575	27132
chr8	81184443	81384443	harbor1	chr8	81230713	81230954	SINE/MIR	480	+	120	81230833	46390
chr8	81184443	81384443	harbor1	chr8	81235565	81235752	SINE/MIR	616	+	94	81235659	51216
chr8	81184443	81384443	harbor1	chr8	81246526	81246658	SINE/MIR	510	+	66	81246592	62149
chr8	81184443	81384443	harbor1	chr8	81258992	81259196	SINE/MIR	1118	+	102	81259094	74651
chr8	81184443	81384443	harbor1	chr8	81283010	81283211	SINE/MIR	778	+	100	81283110	98667
chr8	2061796	2261796	harbor1	chr8	2082919	2083121	SINE/MIR	405	+	101	2083020	21224
chr8	31463973	31663973	harbor1	chr8	31527779	31527993	SINE/MIR	572	+	107	31527886	63913
chr8	96218124	96418124	harbor1	chr8	96242442	96242688	SINE/MIR	992	+	123	96242565	24441
chr8	96218124	96418124	harbor1	chr8	96249135	96249257	SINE/MIR	430	+	61	96249196	31072
chr8	96218124	96418124	harbor1	chr8	96263423	96263595	SINE/MIR	587	+	86	96263509	45385
chr8	96218124	96418124	harbor1	chr8	96264170	96264360	SINE/MIR	517	+	95	96264265	46141
chr8	96218124	96418124	harbor1	chr8	96272527	96272775	SINE/MIR	785	+	124	96272651	54527
chr8	96218124	96418124	harbor1	chr8	96273490	96273715	SINE/MIR	549	+	112	96273602	55478
chr8	140009245	140209245	harbor1	chr8	140035860	140036007	SINE/MIR	408	+	74	140035934	26689
chr8	140009245	140209245	harbor1	chr8	140092815	140093020	SINE/MIR	492	+	102	140092917	83672
chr8	140009245	140209245	harbor1	chr8	140094746	140094949	SINE/MIR	496	+	102	140094848	85603
chr8	140009245	140209245	harbor1	chr8	140103267	140103376	SINE/MIR	593	+	54	140103321	94076
chr8	140009245	140209245	harbor1	chr8	140103608	140103662	SINE/MIR	593	+	27	140103635	94390
chr8	140009245	140209245	harbor1	chr8	140106600	140106829	SINE/MIR	506	+	114	140106714	97469
chr8	121835500	122035500	harbor1	chr8	121837797	121838001	SINE/MIR	507	+	102	121837899	2399
chr8	121835500	122035500	harbor1	chr8	121859909	121860102	SINE/MIR	420	+	96	121860005	24505
chr8	121835500	122035500	harbor1	chr8	121890842	121891019	SINE/MIR	455	+	88	121890930	55430
chr8	121835500	122035500	harbor1	chr8	121892857	121893113	SINE/MIR	608	+	128	121892985	57485
chr8	121835500	122035500	harbor1	chr8	121922067	121922310	SINE/MIR	737	+	122	121922189	86689
chr8	61926399	62126399	harbor1	chr8	61938757	61938925	SINE/MIR	432	+	84	61938841	12442
chr8	61926399	62126399	harbor1	chr8	62016114	62016347	SINE/MIR	488	+	116	62016230	89831
chr8	111717210	111917210	harbor1	chr8	111734398	111734567	SINE/MIR	421	+	84	111734482	17272
chr8	63898571	64098571	harbor1	chr8	63961270	63961488	SINE/MIR	673	+	109	63961379	62808
chr8	121238121	121438121	harbor1	chr8	121242015	121242252	SINE/MIR	603	+	118	121242133	4012
chr8	121238121	121438121	harbor1	chr8	121253889	121254062	SINE/MIR	414	+	86	121253975	15854
chr8	121238121	121438121	harbor1	chr8	121285801	121286023	SINE/MIR	600	+	111	121285912	47791
chr8	121238121	121438121	harbor1	chr8	121316191	121316419	SINE/MIR	477	+	114	121316305	78184
chr8	121238121	121438121	harbor1	chr8	121319959	121320191	SINE/MIR	420	+	116	121320075	81954
chr8	121238121	121438121	harbor1	chr8	121320942	121321094	SINE/MIR	485	+	76	121321018	82897
chr8	121238121	121438121	harbor1	chr8	121328089	121328303	SINE/MIR	538	+	107	121328196	90075
chr8	121238121	121438121	harbor1	chr8	121307119	121307365	SINE/MIR	704	+	123	121307242	69121
chr8	23334792	23534792	harbor1	chr8	23360521	23360726	SINE/MIR	511	+	102	23360623	25831
chr8	23334792	23534792	harbor1	chr8	23362913	23363082	SINE/MIR	405	+	84	23362997	28205
chr8	23334792	23534792	harbor1	chr8	23413108	23413327	SINE/MIR	981	+	110	23413218	78426
chr8	23334792	23534792	harbor1	chr8	23423504	23423661	SINE/MIR	765	+	78	23423582	88790
chr8	23334792	23534792	harbor1	chr8	23424034	23424085	SINE/MIR	765	+	26	23424060	89268
chr8	16306633	16506633	harbor1	chr8	16368283	16368526	SINE/MIR	480	+	122	16368405	61772
chr8	16306633	16506633	harbor1	chr8	16379335	16379580	SINE/MIR	616	+	122	16379457	72824
chr8	16306633	16506633	harbor1	chr8	16395092	16395254	SINE/MIR	473	+	81	16395173	88540
chr8	93712207	93912207	harbor1	chr8	93732066	93732294	SINE/MIR	701	+	114	93732180	19973
chr8	93712207	93912207	harbor1	chr8	93742232	93742341	SINE/MIR	593	+	54	93742286	30079
chr8	93712207	93912207	harbor1	chr8	93745429	93745649	SINE/MIR	593	+	110	93745539	33332
chr8	93712207	93912207	harbor1	chr8	93752477	93752631	SINE/MIR	442	+	77	93752554	40347
chr8	93712207	93912207	harbor1	chr8	93764102	93764308	SINE/MIR	430	+	103	93764205	51998
chr8	68350672	68550672	harbor1	chr8	68374772	68374999	SINE/MIR	426	+	114	68374886	24214
chr8	68350672	68550672	harbor1	chr8	68396382	68396493	SINE/MIR	420	+	56	68396438	45766
chr8	68350672	68550672	harbor1	chr8	68415919	68416063	SINE/MIR	464	+	72	68415991	65319
chr8	68350672	68550672	harbor1	chr8	68439260	68439451	SINE/MIR	560	+	96	68439356	88684
chr8	144039108	144239108	harbor1	chr8	144121107	144121224	SINE/MIR	629	+	58	144121165	82057
chr8	144039108	144239108	harbor1	chr8	144121529	144121657	SINE/MIR	629	+	64	144121593	82485
chr8	91785182	91985182	harbor1	chr8	91808907	91809118	SINE/MIR	502	+	106	91809013	23831
chr8	91785182	91985182	harbor1	chr8	91836316	91836468	SINE/MIR	522	+	76	91836392	51210
chr8	91785182	91985182	harbor1	chr8	91842016	91842219	SINE/MIR	753	+	102	91842118	56936
chr8	91785182	91985182	harbor1	chr8	91845742	91845938	SINE/MIR	624	+	98	91845840	60658
chr8	91785182	91985182	harbor1	chr8	91859175	91859398	SINE/MIR	417	+	112	91859287	74105
chr8	88358154	88558154	harbor1	chr8	88416852	88417051	SINE/MIR	536	+	100	88416952	58798
chr8	78558162	78758162	harbor1	chr8	78561628	78561888	SINE/MIR	697	+	130	78561758	3596
chr8	78558162	78758162	harbor1	chr8	78613710	78613923	SINE/MIR	457	+	106	78613816	55654
chr8	78558162	78758162	harbor1	chr8	78635522	78635751	SINE/MIR	626	+	114	78635636	77474
chr8	77387935	77587935	harbor1	chr8	77413258	77413404	SINE/MIR	405	+	73	77413331	25396
chr8	77387935	77587935	harbor1	chr8	77428302	77428538	SINE/MIR	636	+	118	77428420	40485
chr8	77387935	77587935	harbor1	chr8	77450358	77450580	SINE/MIR	582	+	111	77450469	62534
chr8	77387935	77587935	harbor1	chr8	77465303	77465483	SINE/MIR	421	+	90	77465393	77458
chr8	77387935	77587935	harbor1	chr8	77475342	77475455	SINE/MIR	403	+	56	77475398	87463
chr8	55109428	55309428	harbor1	chr8	55134581	55134729	SINE/MIR	529	+	74	55134655	25227
chr8	55109428	55309428	harbor1	chr8	55162350	55162596	SINE/MIR	554	+	123	55162473	53045
chr8	55109428	55309428	harbor1	chr8	55178300	55178470	SINE/MIR	542	+	85	55178385	68957
chr8	55109428	55309428	harbor1	chr8	55178602	55178791	SINE/MIR	549	+	94	55178696	69268
chr8	55109428	55309428	harbor1	chr8	55188741	55188930	SINE/MIR	766	+	94	55188835	79407
chr8	127732869	127932869	harbor1	chr8	127783444	127783617	SINE/MIR	707	+	86	127783530	50661
chr8	127732869	127932869	harbor1	chr8	127799619	127799772	SINE/MIR	448	+	76	127799695	66826
chr8	127732869	127932869	harbor1	chr8	127813568	127813724	SINE/MIR	486	+	78	127813646	80777
chr8	127732869	127932869	harbor1	chr8	127818627	127818870	SINE/MIR	672	+	122	127818749	85880
chr8	127732869	127932869	harbor1	chr8	127821969	127822189	SINE/MIR	1043	+	110	127822079	89210
chr8	62486179	62686179	harbor1	chr8	62518408	62518569	SINE/MIR	501	+	80	62518488	32309
chr8	128341596	128541596	harbor1	chr8	128403146	128403349	SINE/MIR	549	+	102	128403248	61652
chr8	128341596	128541596	harbor1	chr8	128412748	128412926	SINE/MIR	544	+	89	128412837	71241
chr8	128341596	128541596	harbor1	chr8	128426848	128427110	SINE/MIR	683	+	131	128426979	85383
chr8	128341596	128541596	harbor1	chr8	128437835	128438086	SINE/MIR	451	+	126	128437961	96365
chr8	3736271	3936271	harbor1	chr8	3783905	3784115	SINE/MIR	598	+	105	3784010	47739
chr8	3736271	3936271	harbor1	chr8	3785066	3785273	SINE/MIR	552	+	104	3785170	48899
chr8	11332763	11532763	harbor1	chr8	11360996	11361173	SINE/MIR	416	+	88	11361084	28321
chr8	11332763	11532763	harbor1	chr8	11391311	11391503	SINE/MIR	510	+	96	11391407	58644
chr8	93294409	93494409	harbor1	chr8	93313523	93313667	SINE/MIR	418	+	72	93313595	19186
chr8	93294409	93494409	harbor1	chr8	93336389	93336586	SINE/MIR	417	+	98	93336487	42078
chr8	93294409	93494409	harbor1	chr8	93341600	93341771	SINE/MIR	719	+	86	93341686	47277
chr8	93294409	93494409	harbor1	chr8	93363370	93363591	SINE/MIR	654	+	110	93363480	69071
chr8	93294409	93494409	harbor1	chr8	93387067	93387311	SINE/MIR	458	+	122	93387189	92780
chr8	103375333	103575333	harbor1	chr8	103409789	103409975	SINE/MIR	470	+	93	103409882	34549
chr8	103375333	103575333	harbor1	chr8	103411947	103412175	SINE/MIR	860	+	114	103412061	36728
chr8	103375333	103575333	harbor1	chr8	103413368	103413628	SINE/MIR	629	+	130	103413498	38165
chr8	103375333	103575333	harbor1	chr8	103419219	103419421	SINE/MIR	798	+	101	103419320	43987
chr8	103375333	103575333	harbor1	chr8	103434181	103434310	SINE/MIR	482	+	64	103434245	58912
chr8	103375333	103575333	harbor1	chr8	103451226	103451427	SINE/MIR	694	+	100	103451326	75993
chr8	103375333	103575333	harbor1	chr8	103451662	103451795	SINE/MIR	430	+	66	103451728	76395
chr8	103375333	103575333	harbor1	chr8	103464813	103464976	SINE/MIR	419	+	82	103464895	89562
chr8	57857640	58057640	harbor1	chr8	57926189	57926425	SINE/MIR	696	+	118	57926307	68667
chr8	19440273	19640273	harbor1	chr8	19459604	19459812	SINE/MIR	478	+	104	19459708	19435
chr8	19440273	19640273	harbor1	chr8	19477671	19477849	SINE/MIR	612	+	89	19477760	37487
chr8	19440273	19640273	harbor1	chr8	19504635	19504762	SINE/MIR	478	+	64	19504699	64426
chr8	108747314	108947314	harbor1	chr8	108752134	108752408	SINE/MIR	854	+	137	108752271	4957
chr8	108747314	108947314	harbor1	chr8	108761178	108761401	SINE/MIR	418	+	112	108761290	13976
chr8	108747314	108947314	harbor1	chr8	108771199	108771386	SINE/MIR	722	+	94	108771293	23979
chr8	108747314	108947314	harbor1	chr8	108772773	108772974	SINE/MIR	835	+	100	108772873	25559
chr8	108747314	108947314	harbor1	chr8	108777677	108777867	SINE/MIR	591	+	95	108777772	30458
chr8	108747314	108947314	harbor1	chr8	108796576	108796830	SINE/MIR	786	+	127	108796703	49389
chr8	135881308	136081308	harbor1	chr8	135883019	135883214	SINE/MIR	404	+	98	135883117	1809
chr8	135881308	136081308	harbor1	chr8	135894645	135894892	SINE/MIR	456	+	124	135894769	13461
chr8	135881308	136081308	harbor1	chr8	135912760	135912979	SINE/MIR	512	+	110	135912870	31562
chr8	135881308	136081308	harbor1	chr8	135917978	135918201	SINE/MIR	542	+	112	135918090	36782
chr8	135881308	136081308	harbor1	chr8	135925113	135925367	SINE/MIR	793	+	127	135925240	43932
chr8	135881308	136081308	harbor1	chr8	135932365	135932599	SINE/MIR	690	+	117	135932482	51174
chr8	73540645	73740645	harbor1	chr8	73595805	73595834	SINE/MIR	641	+	14	73595819	55174
chr8	73540645	73740645	harbor1	chr8	73596129	73596308	SINE/MIR	666	+	90	73596219	55574
chr8	86664217	86864217	harbor1	chr8	86666403	86666603	SINE/MIR	657	+	100	86666503	2286
chr8	1334703	1534703	harbor1	chr8	1370747	1370922	SINE/MIR	485	+	88	1370835	36132
chr8	1334703	1534703	harbor1	chr8	1412556	1412694	SINE/MIR	465	+	69	1412625	77922
chr8	131825492	132025492	harbor1	chr8	131827788	131828021	SINE/MIR	726	+	116	131827904	2412
chr8	131825492	132025492	harbor1	chr8	131835764	131836023	SINE/MIR	485	+	130	131835894	10402
chr8	131825492	132025492	harbor1	chr8	131857649	131857889	SINE/MIR	707	+	120	131857769	32277
chr8	131825492	132025492	harbor1	chr8	131860211	131860442	SINE/MIR	444	+	116	131860327	34835
chr8	131825492	132025492	harbor1	chr8	131869112	131869350	SINE/MIR	558	+	119	131869231	43739
chr8	131825492	132025492	harbor1	chr8	131884430	131884625	SINE/MIR	488	+	98	131884528	59036
chr8	131825492	132025492	harbor1	chr8	131886654	131886860	SINE/MIR	582	+	103	131886757	61265
chr8	131825492	132025492	harbor1	chr8	131896155	131896392	SINE/MIR	665	+	118	131896273	70781
chr8	131825492	132025492	harbor1	chr8	131920714	131920891	SINE/MIR	531	+	88	131920802	95310
chr8	50273379	50473379	harbor1	chr8	50333119	50333350	SINE/MIR	636	+	116	50333235	59856
chr8	75385628	75585628	harbor1	chr8	75411701	75411945	SINE/MIR	557	+	122	75411823	26195
chr8	75385628	75585628	harbor1	chr8	75412235	75412394	SINE/MIR	408	+	80	75412315	26687
chr8	75385628	75585628	harbor1	chr8	75471909	75472077	SINE/MIR	436	+	84	75471993	86365
chr8	76303631	76503631	harbor1	chr8	76371945	76372157	SINE/MIR	455	+	106	76372051	68420
chr8	17454242	17654242	harbor1	chr8	17517880	17518089	SINE/MIR	554	+	104	17517984	63742
chr8	17454242	17654242	harbor1	chr8	17518731	17518786	SINE/MIR	658	+	28	17518759	64517
chr8	17454242	17654242	harbor1	chr8	17519150	17519316	SINE/MIR	658	+	83	17519233	64991
chr8	29874083	30074083	harbor1	chr8	29960348	29960488	SINE/MIR	495	+	70	29960418	86335
chr8	29874083	30074083	harbor1	chr8	29967894	29968102	SINE/MIR	525	+	104	29967998	93915
chr8	29874083	30074083	harbor1	chr8	29969525	29969538	SINE/MIR	768	+	6	29969531	95448
chr8	29874083	30074083	harbor1	chr8	29969892	29970122	SINE/MIR	768	+	115	29970007	95924
chr8	69790662	69990662	harbor1	chr8	69813885	69814043	SINE/MIR	463	+	79	69813964	23302
chr8	69790662	69990662	harbor1	chr8	69827985	69828162	SINE/MIR	535	+	88	69828073	37411
chr8	51302061	51502061	harbor1	chr8	51303307	51303351	SINE/MIR	481	+	22	51303329	1268
chr8	51302061	51502061	harbor1	chr8	51303717	51303858	SINE/MIR	481	+	70	51303787	1726
chr8	104035103	104235103	harbor1	chr8	104039259	104039383	SINE/MIR	441	+	62	104039321	4218
chr8	104035103	104235103	harbor1	chr8	104047405	104047627	SINE/MIR	782	+	111	104047516	12413
chr8	104035103	104235103	harbor1	chr8	104051746	104051890	SINE/MIR	415	+	72	104051818	16715
chr8	104035103	104235103	harbor1	chr8	104074241	104074444	SINE/MIR	473	+	102	104074343	39240
chr8	104035103	104235103	harbor1	chr8	104076646	104076809	SINE/MIR	645	+	82	104076728	41625
chr8	104035103	104235103	harbor1	chr8	104077120	104077202	SINE/MIR	645	+	41	104077161	42058
chr8	104035103	104235103	harbor1	chr8	104109359	104109583	SINE/MIR	459	+	112	104109471	74368
chr8	104035103	104235103	harbor1	chr8	104126480	104126708	SINE/MIR	404	+	114	104126594	91491
chr8	104035103	104235103	harbor1	chr8	104127487	104127727	SINE/MIR	936	+	120	104127607	92504
chr8	76446295	76646295	harbor1	chr8	76503673	76503823	SINE/MIR	443	+	75	76503748	57453
chr8	76446295	76646295	harbor1	chr8	76524357	76524590	SINE/MIR	467	+	116	76524473	78178
chr8	17133482	17333482	harbor1	chr8	17139048	17139297	SINE/MIR	783	+	124	17139172	5690
chr8	17133482	17333482	harbor1	chr8	17146107	17146281	SINE/MIR	456	+	87	17146194	12712
chr8	17133482	17333482	harbor1	chr8	17173221	17173393	SINE/MIR	496	+	86	17173307	39825
chr8	17133482	17333482	harbor1	chr8	17173711	17173753	SINE/MIR	496	+	21	17173732	40250
chr8	135118460	135318460	harbor1	chr8	135135555	135135733	SINE/MIR	452	+	89	135135644	17184
chr8	135118460	135318460	harbor1	chr8	135166024	135166186	SINE/MIR	443	+	81	135166105	47645
chr8	135118460	135318460	harbor1	chr8	135177684	135177813	SINE/MIR	425	+	64	135177748	59288
chr8	135118460	135318460	harbor1	chr8	135179325	135179414	SINE/MIR	491	+	44	135179369	60909
chr8	135118460	135318460	harbor1	chr8	135179716	135179857	SINE/MIR	491	+	70	135179786	61326
chr8	135118460	135318460	harbor1	chr8	135201274	135201497	SINE/MIR	558	+	112	135201386	82926
chr8	135118460	135318460	harbor1	chr8	135206935	135207118	SINE/MIR	463	+	92	135207027	88567
chr8	40533354	40733354	harbor1	chr8	40539471	40539662	SINE/MIR	446	+	96	40539567	6213
chr8	40533354	40733354	harbor1	chr8	40540935	40541166	SINE/MIR	607	+	116	40541051	7697
chr8	40533354	40733354	harbor1	chr8	40547446	40547592	SINE/MIR	534	+	73	40547519	14165
chr8	40533354	40733354	harbor1	chr8	40572931	40573054	SINE/MIR	421	+	62	40572993	39639
chr8	40533354	40733354	harbor1	chr8	40578945	40579141	SINE/MIR	690	+	98	40579043	45689
chr8	40533354	40733354	harbor1	chr8	40582048	40582235	SINE/MIR	444	+	94	40582142	48788
chr8	40533354	40733354	harbor1	chr8	40594505	40594644	SINE/MIR	457	+	70	40594575	61221
chr8	40533354	40733354	harbor1	chr8	40596869	40597066	SINE/MIR	469	+	98	40596967	63613
chr8	40533354	40733354	harbor1	chr8	40611985	40612211	SINE/MIR	410	+	113	40612098	78744
chr8	62628898	62828898	harbor1	chr8	62629491	62629604	SINE/MIR	438	+	56	62629547	649
chr8	62628898	62828898	harbor1	chr8	62633038	62633222	SINE/MIR	669	+	92	62633130	4232
chr8	62628898	62828898	harbor1	chr8	62657745	62657924	SINE/MIR	416	+	90	62657835	28937
chr8	62628898	62828898	harbor1	chr8	62688291	62688441	SINE/MIR	417	+	75	62688366	59468
chr8	62628898	62828898	harbor1	chr8	62715519	62715677	SINE/MIR	513	+	79	62715598	86700
chr8	138374596	138574596	harbor1	chr8	138430803	138431015	SINE/MIR	496	+	106	138430909	56313
chr8	138374596	138574596	harbor1	chr8	138437199	138437260	SINE/MIR	403	+	30	138437229	62633
chr8	138374596	138574596	harbor1	chr8	138437641	138437739	SINE/MIR	403	+	49	138437690	63094
chr8	138374596	138574596	harbor1	chr8	138453719	138453899	SINE/MIR	483	+	90	138453809	79213
chr8	138374596	138574596	harbor1	chr8	138459857	138460074	SINE/MIR	410	+	108	138459965	85369
chr8	138374596	138574596	harbor1	chr8	138474235	138474451	SINE/MIR	444	+	108	138474343	99747
chr8	77528539	77728539	harbor1	chr8	77582644	77582853	SINE/MIR	545	+	104	77582748	54209
chr8	144654869	144854869	harbor1	chr8	144667635	144667845	SINE/MIR	578	+	105	144667740	12871
chr8	93957880	94157880	harbor1	chr8	93961979	93962143	SINE/MIR	505	+	82	93962061	4181
chr8	93957880	94157880	harbor1	chr8	93983901	93984112	SINE/MIR	441	+	106	93984007	26127
chr8	93957880	94157880	harbor1	chr8	93989133	93989288	SINE/MIR	447	+	78	93989211	31331
chr8	93957880	94157880	harbor1	chr8	93997612	93997846	SINE/MIR	723	+	117	93997729	39849
chr8	93957880	94157880	harbor1	chr8	94015254	94015346	SINE/MIR	402	+	46	94015300	57420
chr8	93957880	94157880	harbor1	chr8	94019938	94020139	SINE/MIR	500	+	100	94020038	62158
chr8	93957880	94157880	harbor1	chr8	94029176	94029356	SINE/MIR	460	+	90	94029266	71386
chr8	93957880	94157880	harbor1	chr8	94042581	94042794	SINE/MIR	647	+	106	94042687	84807
chr8	117678044	117878044	harbor1	chr8	117679181	117679357	SINE/MIR	428	+	88	117679269	1225
chr8	117678044	117878044	harbor1	chr8	117687240	117687498	SINE/MIR	600	+	129	117687369	9325
chr8	117678044	117878044	harbor1	chr8	117688252	117688509	SINE/MIR	757	+	128	117688380	10336
chr8	117678044	117878044	harbor1	chr8	117694039	117694235	SINE/MIR	756	+	98	117694137	16093
chr8	117678044	117878044	harbor1	chr8	117733602	117733768	SINE/MIR	623	+	83	117733685	55641
chr8	117678044	117878044	harbor1	chr8	117740694	117740805	SINE/MIR	483	+	56	117740750	62706
chr8	117678044	117878044	harbor1	chr8	117743768	117743955	SINE/MIR	634	+	94	117743862	65818
chr8	117678044	117878044	harbor1	chr8	117748046	117748299	SINE/MIR	852	+	126	117748172	70128
chr8	117678044	117878044	harbor1	chr8	117754983	117755205	SINE/MIR	477	+	111	117755094	77050
chr8	110659949	110859949	harbor1	chr8	110661199	110661434	SINE/MIR	768	+	118	110661317	1368
chr8	110659949	110859949	harbor1	chr8	110680826	110681069	SINE/MIR	483	+	122	110680948	20999
chr8	110659949	110859949	harbor1	chr8	110722931	110723128	SINE/MIR	596	+	98	110723029	63080
chr8	83781390	83981390	harbor1	chr8	83806125	83806339	SINE/MIR	400	+	107	83806232	24842
chr8	83781390	83981390	harbor1	chr8	83862682	83862885	SINE/MIR	591	+	102	83862784	81394
chr8	60773684	60973684	harbor1	chr8	60774175	60774404	SINE/MIR	550	+	114	60774289	605
chr8	60773684	60973684	harbor1	chr8	60779382	60779613	SINE/MIR	478	+	116	60779498	5814
chr8	60773684	60973684	harbor1	chr8	60779759	60779974	SINE/MIR	564	+	108	60779867	6183
chr8	60773684	60973684	harbor1	chr8	60847308	60847541	SINE/MIR	539	+	116	60847424	73740
chr8	83559163	83759163	harbor1	chr8	83638798	83639038	SINE/MIR	413	+	120	83638918	79755
chr8	32578405	32778405	harbor1	chr8	32585882	32586130	SINE/MIR	1055	+	124	32586006	7601
chr8	32578405	32778405	harbor1	chr8	32634830	32635042	SINE/MIR	640	+	106	32634936	56531
chr8	32578405	32778405	harbor1	chr8	32655296	32655469	SINE/MIR	430	+	86	32655382	76977
chr8	32578405	32778405	harbor1	chr8	32660595	32660826	SINE/MIR	914	+	116	32660711	82306
chr8	32578405	32778405	harbor1	chr8	32676465	32676635	SINE/MIR	483	+	85	32676550	98145
chr8	109624787	109824787	harbor1	chr8	109651573	109651739	SINE/MIR	507	+	83	109651656	26869
chr8	109624787	109824787	harbor1	chr8	109652791	109653018	SINE/MIR	498	+	114	109652905	28118
chr8	109624787	109824787	harbor1	chr8	109662120	109662347	SINE/MIR	403	+	114	109662234	37447
chr8	109624787	109824787	harbor1	chr8	109717452	109717652	SINE/MIR	695	+	100	109717552	92765
chr8	29643995	29843995	harbor1	chr8	29645533	29645672	SINE/MIR	467	+	70	29645603	1608
chr8	29643995	29843995	harbor1	chr8	29650154	29650296	SINE/MIR	443	+	71	29650225	6230
chr8	29643995	29843995	harbor1	chr8	29679283	29679481	SINE/MIR	433	+	99	29679382	35387
chr8	29643995	29843995	harbor1	chr8	29722040	29722229	SINE/MIR	633	+	94	29722134	78139
chr8	29643995	29843995	harbor1	chr8	29741583	29741791	SINE/MIR	449	+	104	29741687	97692
chr8	76928466	77128466	harbor1	chr8	76940874	76941032	SINE/MIR	417	+	79	76940953	12487
chr8	76928466	77128466	harbor1	chr8	76955765	76955953	SINE/MIR	430	+	94	76955859	27393
chr8	76928466	77128466	harbor1	chr8	76957659	76957875	SINE/MIR	546	+	108	76957767	29301
chr8	76928466	77128466	harbor1	chr8	76985707	76985896	SINE/MIR	426	+	94	76985801	57335
chr8	76928466	77128466	harbor1	chr8	76991676	76991873	SINE/MIR	659	+	98	76991774	63308
chr8	76928466	77128466	harbor1	chr8	77003572	77003760	SINE/MIR	448	+	94	77003666	75200
chr8	47468294	47668294	harbor1	chr8	47568189	47568373	SINE/MIR	461	+	92	47568281	99987
chr8	55849607	56049607	harbor1	chr8	55865790	55865944	SINE/MIR	456	+	77	55865867	16260
chr8	55849607	56049607	harbor1	chr8	55869103	55869298	SINE/MIR	505	+	98	55869201	19594
chr8	55849607	56049607	harbor1	chr8	55871372	55871632	SINE/MIR	480	+	130	55871502	21895
chr8	55849607	56049607	harbor1	chr8	55948728	55948884	SINE/MIR	530	+	78	55948806	99199
chr8	138399787	138599787	harbor1	chr8	138430803	138431015	SINE/MIR	496	+	106	138430909	31122
chr8	138399787	138599787	harbor1	chr8	138437199	138437260	SINE/MIR	403	+	30	138437229	37442
chr8	138399787	138599787	harbor1	chr8	138437641	138437739	SINE/MIR	403	+	49	138437690	37903
chr8	138399787	138599787	harbor1	chr8	138453719	138453899	SINE/MIR	483	+	90	138453809	54022
chr8	138399787	138599787	harbor1	chr8	138459857	138460074	SINE/MIR	410	+	108	138459965	60178
chr8	138399787	138599787	harbor1	chr8	138474235	138474451	SINE/MIR	444	+	108	138474343	74556
chr8	138399787	138599787	harbor1	chr8	138480801	138480969	SINE/MIR	450	+	84	138480885	81098
chr8	52026599	52226599	harbor1	chr8	52033345	52033537	SINE/MIR	547	+	96	52033441	6842
chr8	52026599	52226599	harbor1	chr8	52059514	52059682	SINE/MIR	532	+	84	52059598	32999
chr8	52026599	52226599	harbor1	chr8	52108492	52108640	SINE/MIR	431	+	74	52108566	81967
chr8	52026599	52226599	harbor1	chr8	52119107	52119248	SINE/MIR	404	+	70	52119177	92578
chr8	92157200	92357200	harbor1	chr8	92162763	92163013	SINE/MIR	694	+	125	92162888	5688
chr8	92157200	92357200	harbor1	chr8	92172868	92173099	SINE/MIR	457	+	116	92172984	15784
chr8	92157200	92357200	harbor1	chr8	92190184	92190383	SINE/MIR	499	+	100	92190284	33084
chr8	20032794	20232794	harbor1	chr8	20057827	20058034	SINE/MIR	456	+	104	20057931	25137
chr8	20032794	20232794	harbor1	chr8	20061215	20061379	SINE/MIR	471	+	82	20061297	28503
chr8	20032794	20232794	harbor1	chr8	20077662	20077853	SINE/MIR	547	+	96	20077758	44964
chr8	20032794	20232794	harbor1	chr8	20078332	20078547	SINE/MIR	881	+	108	20078440	45646
chr8	20032794	20232794	harbor1	chr8	20087299	20087478	SINE/MIR	421	+	90	20087389	54595
chr8	20032794	20232794	harbor1	chr8	20099827	20099949	SINE/MIR	427	+	61	20099888	67094
chr8	20032794	20232794	harbor1	chr8	20110365	20110570	SINE/MIR	460	+	102	20110467	77673
chr8	101294461	101494461	harbor1	chr8	101303966	101304159	SINE/MIR	649	+	96	101304062	9601
chr8	101294461	101494461	harbor1	chr8	101305301	101305454	SINE/MIR	416	+	76	101305377	10916
chr8	101294461	101494461	harbor1	chr8	101312199	101312374	SINE/MIR	527	+	88	101312287	17826
chr8	101294461	101494461	harbor1	chr8	101312754	101312872	SINE/MIR	474	+	59	101312813	18352
chr8	101294461	101494461	harbor1	chr8	101337142	101337270	SINE/MIR	493	+	64	101337206	42745
chr8	101294461	101494461	harbor1	chr8	101346331	101346481	SINE/MIR	487	+	75	101346406	51945
chr8	101294461	101494461	harbor1	chr8	101363157	101363325	SINE/MIR	629	+	84	101363241	68780
chr8	101294461	101494461	harbor1	chr8	101389209	101389396	SINE/MIR	630	+	94	101389303	94842
chr8	54682124	54882124	harbor1	chr8	54723027	54723259	SINE/MIR	525	+	116	54723143	41019
chr8	54682124	54882124	harbor1	chr8	54732853	54733085	SINE/MIR	506	+	116	54732969	50845
chr8	54682124	54882124	harbor1	chr8	54733183	54733350	SINE/MIR	524	+	84	54733267	51143
chr8	54682124	54882124	harbor1	chr8	54736101	54736330	SINE/MIR	587	+	114	54736215	54091
chr8	54682124	54882124	harbor1	chr8	54736331	54736567	SINE/MIR	489	+	118	54736449	54325
chr8	54682124	54882124	harbor1	chr8	54737108	54737297	SINE/MIR	453	+	94	54737202	55078
chr8	54682124	54882124	harbor1	chr8	54777013	54777205	SINE/MIR	637	+	96	54777109	94985
chr8	104428048	104628048	harbor1	chr8	104432654	104432845	SINE/MIR	482	+	96	104432750	4702
chr8	104428048	104628048	harbor1	chr8	104439870	104440077	SINE/MIR	473	+	104	104439974	11926
chr8	104428048	104628048	harbor1	chr8	104452344	104452562	SINE/MIR	653	+	109	104452453	24405
chr8	104428048	104628048	harbor1	chr8	104452868	104452924	SINE/MIR	653	+	28	104452896	24848
chr8	104428048	104628048	harbor1	chr8	104467632	104467849	SINE/MIR	414	+	108	104467740	39692
chr8	104428048	104628048	harbor1	chr8	104473951	104474139	SINE/MIR	444	+	94	104474045	45997
chr8	104428048	104628048	harbor1	chr8	104514721	104514855	SINE/MIR	422	+	67	104514788	86740
chr8	113616317	113816317	harbor1	chr8	113672172	113672338	SINE/MIR	453	+	83	113672255	55938
chr8	88643334	88843334	harbor1	chr8	88645685	88645821	SINE/MIR	404	+	68	88645753	2419
chr8	88643334	88843334	harbor1	chr8	88728685	88728930	SINE/MIR	631	+	122	88728807	85473
chr8	3478227	3678227	harbor1	chr8	3491247	3491452	SINE/MIR	526	+	102	3491349	13122
chr8	3478227	3678227	harbor1	chr8	3508952	3509128	SINE/MIR	496	+	88	3509040	30813
chr8	87305618	87505618	harbor1	chr8	87316934	87317084	SINE/MIR	557	+	75	87317009	11391
chr8	11429778	11629778	harbor1	chr8	11435640	11435786	SINE/MIR	458	+	73	11435713	5935
chr8	11429778	11629778	harbor1	chr8	11437141	11437382	SINE/MIR	648	+	120	11437261	7483
chr8	11429778	11629778	harbor1	chr8	11439066	11439251	SINE/MIR	446	+	92	11439158	9380
chr8	11429778	11629778	harbor1	chr8	11441640	11441779	SINE/MIR	442	+	70	11441710	11932
chr8	11429778	11629778	harbor1	chr8	11447717	11447837	SINE/MIR	491	+	60	11447777	17999
chr8	11429778	11629778	harbor1	chr8	11448301	11448395	SINE/MIR	491	+	47	11448348	18570
chr8	11429778	11629778	harbor1	chr8	11462222	11462420	SINE/MIR	443	+	99	11462321	32543
chr8	11429778	11629778	harbor1	chr8	11471493	11471685	SINE/MIR	454	+	96	11471589	41811
chr8	11429778	11629778	harbor1	chr8	11473603	11473847	SINE/MIR	528	+	122	11473725	43947
chr8	11429778	11629778	harbor1	chr8	11481365	11481535	SINE/MIR	399	+	85	11481450	51672
chr8	11429778	11629778	harbor1	chr8	11483731	11483947	SINE/MIR	519	+	108	11483839	54061
chr8	140997045	141197045	harbor1	chr8	141020639	141020689	SINE/MIR	442	+	25	141020664	23619
chr8	140997045	141197045	harbor1	chr8	141020956	141021093	SINE/MIR	442	+	68	141021024	23979
chr8	140997045	141197045	harbor1	chr8	141030199	141030426	SINE/MIR	513	+	114	141030313	33268
chr8	140997045	141197045	harbor1	chr8	141088438	141088554	SINE/MIR	446	+	58	141088496	91451
chr8	122485414	122685414	harbor1	chr8	122500111	122500291	SINE/MIR	520	+	90	122500201	14787
chr8	122485414	122685414	harbor1	chr8	122501267	122501424	SINE/MIR	409	+	78	122501345	15931
chr8	122485414	122685414	harbor1	chr8	122516542	122516714	SINE/MIR	440	+	86	122516628	31214
chr8	122485414	122685414	harbor1	chr8	122544862	122544988	SINE/MIR	441	+	63	122544925	59511
chr8	122485414	122685414	harbor1	chr8	122556231	122556421	SINE/MIR	469	+	95	122556326	70912
chr8	122485414	122685414	harbor1	chr8	122572120	122572262	SINE/MIR	512	+	71	122572191	86777
chr8	138055735	138255735	harbor1	chr8	138097509	138097717	SINE/MIR	432	+	104	138097613	41878
chr8	138055735	138255735	harbor1	chr8	138110917	138111100	SINE/MIR	422	+	92	138111009	55274
chr8	138055735	138255735	harbor1	chr8	138111370	138111567	SINE/MIR	432	+	98	138111468	55733
chr8	49983977	50183977	harbor1	chr8	50008265	50008411	SINE/MIR	464	+	73	50008338	24361
chr8	49983977	50183977	harbor1	chr8	50063921	50064174	SINE/MIR	641	+	126	50064047	80070
chr8	30215439	30415439	harbor1	chr8	30259700	30259920	SINE/MIR	756	+	110	30259810	44371
chr8	48242195	48442195	harbor1	chr8	48264239	48264391	SINE/MIR	437	+	76	48264315	22120
chr8	48242195	48442195	harbor1	chr8	48304859	48305057	SINE/MIR	709	+	99	48304958	62763
chr8	20069818	20269818	harbor1	chr8	20077662	20077853	SINE/MIR	547	+	96	20077758	7940
chr8	20069818	20269818	harbor1	chr8	20078332	20078547	SINE/MIR	881	+	108	20078440	8622
chr8	20069818	20269818	harbor1	chr8	20087299	20087478	SINE/MIR	421	+	90	20087389	17571
chr8	20069818	20269818	harbor1	chr8	20099827	20099949	SINE/MIR	427	+	61	20099888	30070
chr8	20069818	20269818	harbor1	chr8	20110365	20110570	SINE/MIR	460	+	102	20110467	40649
chr8	20069818	20269818	harbor1	chr8	20134182	20134364	SINE/MIR	517	+	91	20134273	64455
chr8	20069818	20269818	harbor1	chr8	20151459	20151649	SINE/MIR	494	+	95	20151554	81736
chr8	20069818	20269818	harbor1	chr8	20151660	20151791	SINE/MIR	429	+	66	20151726	81908
chr8	20069818	20269818	harbor1	chr8	20159690	20159823	SINE/MIR	458	+	66	20159756	89938
chr8	131623747	131823747	harbor1	chr8	131630793	131631008	SINE/MIR	598	+	108	131630901	7154
chr8	131623747	131823747	harbor1	chr8	131642418	131642630	SINE/MIR	525	+	106	131642524	18777
chr8	131623747	131823747	harbor1	chr8	131647236	131647362	SINE/MIR	495	+	63	131647299	23552
chr8	131623747	131823747	harbor1	chr8	131661025	131661260	SINE/MIR	424	+	118	131661143	37396
chr8	131623747	131823747	harbor1	chr8	131685660	131685801	SINE/MIR	498	+	70	131685730	61983
chr8	131623747	131823747	harbor1	chr8	131710263	131710461	SINE/MIR	470	+	99	131710362	86615
chr8	21177681	21377681	harbor1	chr8	21178087	21178226	SINE/MIR	505	+	70	21178157	476
chr8	21177681	21377681	harbor1	chr8	21182721	21182819	SINE/MIR	458	+	49	21182770	5089
chr8	21177681	21377681	harbor1	chr8	21183530	21183716	SINE/MIR	431	+	93	21183623	5942
chr8	21177681	21377681	harbor1	chr8	21184777	21184961	SINE/MIR	711	+	92	21184869	7188
chr8	21177681	21377681	harbor1	chr8	21198674	21198877	SINE/MIR	564	+	102	21198776	21095
chr8	21177681	21377681	harbor1	chr8	21202372	21202605	SINE/MIR	717	+	116	21202488	24807
chr8	21177681	21377681	harbor1	chr8	21226603	21226802	SINE/MIR	778	+	100	21226703	49022
chr8	21177681	21377681	harbor1	chr8	21231138	21231376	SINE/MIR	479	+	119	21231257	53576
chr8	21177681	21377681	harbor1	chr8	21234282	21234483	SINE/MIR	553	+	100	21234382	56701
chr8	21177681	21377681	harbor1	chr8	21238049	21238188	SINE/MIR	507	+	70	21238119	60438
chr8	21177681	21377681	harbor1	chr8	21265461	21265641	SINE/MIR	490	+	90	21265551	87870
chr8	21177681	21377681	harbor1	chr8	21274089	21274308	SINE/MIR	566	+	110	21274199	96518
chr8	42859941	43059941	harbor1	chr8	42925811	42926001	SINE/MIR	597	+	95	42925906	65965
chr8	42859941	43059941	harbor1	chr8	42945014	42945256	SINE/MIR	642	+	121	42945135	85194
chr8	131580240	131780240	harbor1	chr8	131597119	131597369	SINE/MIR	687	+	125	131597244	17004
chr8	131580240	131780240	harbor1	chr8	131630793	131631008	SINE/MIR	598	+	108	131630901	50661
chr8	131580240	131780240	harbor1	chr8	131642418	131642630	SINE/MIR	525	+	106	131642524	62284
chr8	131580240	131780240	harbor1	chr8	131647236	131647362	SINE/MIR	495	+	63	131647299	67059
chr8	131580240	131780240	harbor1	chr8	131661025	131661260	SINE/MIR	424	+	118	131661143	80903
chr8	41187673	41387673	harbor1	chr8	41198021	41198217	SINE/MIR	486	+	98	41198119	10446
chr8	41187673	41387673	harbor1	chr8	41233062	41233240	SINE/MIR	461	+	89	41233151	45478
chr8	41187673	41387673	harbor1	chr8	41236089	41236262	SINE/MIR	463	+	86	41236175	48502
chr8	137611141	137811141	harbor1	chr8	137668894	137669044	SINE/MIR	407	+	75	137668969	57828
chr8	82878747	83078747	harbor1	chr8	82880222	82880393	SINE/MIR	402	+	86	82880308	1561
chr8	82878747	83078747	harbor1	chr8	82920821	82921026	SINE/MIR	405	+	102	82920923	42176
chr8	122786357	122986357	harbor1	chr8	122793089	122793159	SINE/MIR	420	+	35	122793124	6767
chr8	122786357	122986357	harbor1	chr8	122809701	122809890	SINE/MIR	451	+	94	122809795	23438
chr8	122786357	122986357	harbor1	chr8	122810196	122810394	SINE/MIR	679	+	99	122810295	23938
chr8	122786357	122986357	harbor1	chr8	122840313	122840557	SINE/MIR	761	+	122	122840435	54078
chr8	122786357	122986357	harbor1	chr8	122845066	122845287	SINE/MIR	729	+	110	122845176	58819
chr8	122786357	122986357	harbor1	chr8	122849274	122849364	SINE/MIR	601	+	45	122849319	62962
chr8	122786357	122986357	harbor1	chr8	122849813	122849904	SINE/MIR	601	+	46	122849859	63502
chr8	122786357	122986357	harbor1	chr8	122855038	122855276	SINE/MIR	666	+	119	122855157	68800
chr8	122786357	122986357	harbor1	chr8	122857673	122857915	SINE/MIR	476	+	121	122857794	71437
chr8	122786357	122986357	harbor1	chr8	122861665	122861841	SINE/MIR	425	+	88	122861753	75396
chr8	122786357	122986357	harbor1	chr8	122865558	122865752	SINE/MIR	557	+	97	122865655	79298
chr8	122786357	122986357	harbor1	chr8	122867661	122867798	SINE/MIR	486	+	68	122867729	81372
chr8	122786357	122986357	harbor1	chr8	122869704	122869934	SINE/MIR	784	+	115	122869819	83462
chr8	122786357	122986357	harbor1	chr8	122871044	122871262	SINE/MIR	687	+	109	122871153	84796
chr8	122786357	122986357	harbor1	chr8	122874859	122875018	SINE/MIR	549	+	80	122874939	88582
chr8	122786357	122986357	harbor1	chr8	122877123	122877326	SINE/MIR	818	+	102	122877225	90868
chr8	122786357	122986357	harbor1	chr8	122881349	122881563	SINE/MIR	833	+	107	122881456	95099
chr8	119194882	119394882	harbor1	chr8	119216302	119216546	SINE/MIR	534	+	122	119216424	21542
chr8	119194882	119394882	harbor1	chr8	119223265	119223410	SINE/MIR	429	+	72	119223337	28455
chr8	35569946	35769946	harbor1	chr8	35570253	35570468	SINE/MIR	493	+	108	35570361	415
chr8	35569946	35769946	harbor1	chr8	35622420	35622640	SINE/MIR	411	+	110	35622530	52584
chr8	97500299	97700299	harbor1	chr8	97564468	97564671	SINE/MIR	829	+	102	97564570	64271
chr8	97500299	97700299	harbor1	chr8	97597360	97597588	SINE/MIR	533	+	114	97597474	97175
chr8	99593960	99793960	harbor1	chr8	99594207	99594445	SINE/MIR	704	+	119	99594326	366
chr8	99593960	99793960	harbor1	chr8	99612155	99612382	SINE/MIR	494	+	114	99612269	18309
chr8	99593960	99793960	harbor1	chr8	99615261	99615493	SINE/MIR	528	+	116	99615377	21417
chr8	99593960	99793960	harbor1	chr8	99628714	99628775	SINE/MIR	948	+	30	99628744	34784
chr8	99593960	99793960	harbor1	chr8	99629064	99629244	SINE/MIR	948	+	90	99629154	35194
chr8	99593960	99793960	harbor1	chr8	99638256	99638412	SINE/MIR	496	+	78	99638334	44374
chr8	99593960	99793960	harbor1	chr8	99645400	99645587	SINE/MIR	612	+	94	99645494	51534
chr8	99593960	99793960	harbor1	chr8	99652187	99652415	SINE/MIR	830	+	114	99652301	58341
chr8	99593960	99793960	harbor1	chr8	99661725	99661853	SINE/MIR	418	+	64	99661789	67829
chr8	1042909	1242909	harbor1	chr8	1045112	1045342	SINE/MIR	615	+	115	1045227	2318
chr8	1042909	1242909	harbor1	chr8	1115431	1115578	SINE/MIR	446	+	74	1115505	72596
chr8	86417115	86617115	harbor1	chr8	86460308	86460532	SINE/MIR	680	+	112	86460420	43305
chr8	86417115	86617115	harbor1	chr8	86481175	86481342	SINE/MIR	454	+	84	86481259	64144
chr8	86417115	86617115	harbor1	chr8	86515544	86515785	SINE/MIR	759	+	120	86515664	98549
chr8	43125137	43325137	harbor1	chr8	43151243	43151380	SINE/MIR	420	+	68	43151311	26174
chr8	43125137	43325137	harbor1	chr8	43196046	43196269	SINE/MIR	751	+	112	43196158	71021
chr8	132428186	132628186	harbor1	chr8	132448977	132449212	SINE/MIR	408	+	118	132449095	20909
chr8	132428186	132628186	harbor1	chr8	132477915	132478060	SINE/MIR	418	+	72	132477987	49801
chr8	132428186	132628186	harbor1	chr8	132487367	132487565	SINE/MIR	482	+	99	132487466	59280
chr8	132428186	132628186	harbor1	chr8	132491785	132492014	SINE/MIR	618	+	114	132491899	63713
chr8	132428186	132628186	harbor1	chr8	132501294	132501357	SINE/MIR	712	+	32	132501326	73140
chr8	132428186	132628186	harbor1	chr8	132501647	132501776	SINE/MIR	712	+	64	132501711	73525
chr8	132428186	132628186	harbor1	chr8	132523134	132523360	SINE/MIR	470	+	113	132523247	95061
chr8	139275775	139475775	harbor1	chr8	139318223	139318413	SINE/MIR	487	+	95	139318318	42543
chr8	139275775	139475775	harbor1	chr8	139322761	139322879	SINE/MIR	417	+	59	139322820	47045
chr8	139275775	139475775	harbor1	chr8	139323824	139323972	SINE/MIR	501	+	74	139323898	48123
chr8	139275775	139475775	harbor1	chr8	139366009	139366244	SINE/MIR	490	+	118	139366127	90352
chr8	97567744	97767744	harbor1	chr8	97597360	97597588	SINE/MIR	533	+	114	97597474	29730
chr8	97567744	97767744	harbor1	chr8	97617620	97617836	SINE/MIR	716	+	108	97617728	49984
chr8	97567744	97767744	harbor1	chr8	97625574	97625662	SINE/MIR	424	+	44	97625618	57874
chr8	84326857	84526857	harbor1	chr8	84380105	84380269	SINE/MIR	470	+	82	84380187	53330
chr8	84326857	84526857	harbor1	chr8	84384187	84384323	SINE/MIR	628	+	68	84384255	57398
chr8	84326857	84526857	harbor1	chr8	84387040	84387168	SINE/MIR	413	+	64	84387104	60247
chr8	84326857	84526857	harbor1	chr8	84393686	84393905	SINE/MIR	501	+	110	84393796	66939
chr8	84326857	84526857	harbor1	chr8	84407097	84407270	SINE/MIR	430	+	86	84407183	80326
chr8	84326857	84526857	harbor1	chr8	84411818	84412058	SINE/MIR	605	+	120	84411938	85081
chr8	84326857	84526857	harbor1	chr8	84418185	84418401	SINE/MIR	672	+	108	84418293	91436
chr8	84326857	84526857	harbor1	chr8	84410219	84410471	SINE/MIR	419	+	126	84410345	83488
chr9	3878977	4078977	harbor1	chr9	3885841	3886067	SINE/MIR	552	+	113	3885954	6977
chr9	3878977	4078977	harbor1	chr9	3910697	3910861	SINE/MIR	478	+	82	3910779	31802
chr9	3878977	4078977	harbor1	chr9	3911614	3911825	SINE/MIR	549	+	106	3911720	32743
chr9	3878977	4078977	harbor1	chr9	3911968	3912158	SINE/MIR	559	+	95	3912063	33086
chr9	3878977	4078977	harbor1	chr9	3919253	3919389	SINE/MIR	452	+	68	3919321	40344
chr9	133562011	133762011	harbor1	chr9	133608470	133608703	SINE/MIR	514	+	116	133608586	46575
chr9	133562011	133762011	harbor1	chr9	133609631	133609826	SINE/MIR	432	+	98	133609729	47718
chr9	133562011	133762011	harbor1	chr9	133619192	133619391	SINE/MIR	839	+	100	133619292	57281
chr9	133562011	133762011	harbor1	chr9	133640344	133640504	SINE/MIR	523	+	80	133640424	78413
chr9	121277845	121477845	harbor1	chr9	121278100	121278326	SINE/MIR	454	+	113	121278213	368
chr9	121277845	121477845	harbor1	chr9	121285033	121285217	SINE/MIR	583	+	92	121285125	7280
chr9	121277845	121477845	harbor1	chr9	121286786	121286956	SINE/MIR	472	+	85	121286871	9026
chr9	121277845	121477845	harbor1	chr9	121299336	121299426	SINE/MIR	402	+	45	121299381	21536
chr9	121277845	121477845	harbor1	chr9	121302307	121302477	SINE/MIR	393	+	85	121302392	24547
chr9	121277845	121477845	harbor1	chr9	121303151	121303322	SINE/MIR	550	+	86	121303237	25392
chr9	121277845	121477845	harbor1	chr9	121307487	121307716	SINE/MIR	399	+	114	121307601	29756
chr9	121277845	121477845	harbor1	chr9	121309055	121309228	SINE/MIR	568	+	86	121309141	31296
chr9	121277845	121477845	harbor1	chr9	121313429	121313609	SINE/MIR	584	+	90	121313519	35674
chr9	121277845	121477845	harbor1	chr9	121315792	121316040	SINE/MIR	726	+	124	121315916	38071
chr9	121277845	121477845	harbor1	chr9	121317302	121317442	SINE/MIR	412	+	70	121317372	39527
chr9	121277845	121477845	harbor1	chr9	121324976	121325223	SINE/MIR	882	+	124	121325100	47255
chr9	121277845	121477845	harbor1	chr9	121328483	121328648	SINE/MIR	660	+	82	121328565	50720
chr9	121277845	121477845	harbor1	chr9	121335758	121335970	SINE/MIR	761	+	106	121335864	58019
chr9	121277845	121477845	harbor1	chr9	121338439	121338649	SINE/MIR	608	+	105	121338544	60699
chr9	121277845	121477845	harbor1	chr9	121342870	121343082	SINE/MIR	592	+	106	121342976	65131
chr9	121277845	121477845	harbor1	chr9	121349937	121350073	SINE/MIR	523	+	68	121350005	72160
chr9	121277845	121477845	harbor1	chr9	121350552	121350781	SINE/MIR	578	+	114	121350666	72821
chr9	121277845	121477845	harbor1	chr9	121364917	121365096	SINE/MIR	680	+	90	121365007	87162
chr9	121277845	121477845	harbor1	chr9	121365699	121365828	SINE/MIR	411	+	64	121365763	87918
chr9	121277845	121477845	harbor1	chr9	121367954	121368083	SINE/MIR	447	+	64	121368018	90173
chr9	121277845	121477845	harbor1	chr9	121368487	121368656	SINE/MIR	499	+	84	121368571	90726
chr9	4003941	4203941	harbor1	chr9	4005435	4005684	SINE/MIR	840	+	124	4005559	1618
chr9	4003941	4203941	harbor1	chr9	4010187	4010415	SINE/MIR	727	+	114	4010301	6360
chr9	4003941	4203941	harbor1	chr9	4028135	4028350	SINE/MIR	594	+	108	4028243	24302
chr9	4003941	4203941	harbor1	chr9	4036977	4037178	SINE/MIR	480	+	100	4037077	33136
chr9	4003941	4203941	harbor1	chr9	4037224	4037467	SINE/MIR	710	+	122	4037346	33405
chr9	4003941	4203941	harbor1	chr9	4062450	4062643	SINE/MIR	591	+	96	4062546	58605
chr9	4003941	4203941	harbor1	chr9	4090881	4091070	SINE/MIR	566	+	94	4090975	87034
chr9	4003941	4203941	harbor1	chr9	4099939	4100108	SINE/MIR	431	+	84	4100023	96082
chr9	4003941	4203941	harbor1	chr9	4101058	4101275	SINE/MIR	550	+	108	4101166	97225
chr9	74190838	74390838	harbor1	chr9	74196289	74196513	SINE/MIR	477	+	112	74196401	5563
chr9	74190838	74390838	harbor1	chr9	74248790	74248990	SINE/MIR	474	+	100	74248890	58052
chr9	74190838	74390838	harbor1	chr9	74253436	74253664	SINE/MIR	498	+	114	74253550	62712
chr9	74190838	74390838	harbor1	chr9	74272115	74272343	SINE/MIR	743	+	114	74272229	81391
chr9	74190838	74390838	harbor1	chr9	74289023	74289270	SINE/MIR	422	+	124	74289147	98309
chr9	32537660	32737660	harbor1	chr9	32544466	32544715	SINE/MIR	598	+	124	32544590	6930
chr9	32537660	32737660	harbor1	chr9	32549433	32549597	SINE/MIR	438	+	82	32549515	11855
chr9	32537660	32737660	harbor1	chr9	32571935	32572144	SINE/MIR	592	+	104	32572039	34379
chr9	32537660	32737660	harbor1	chr9	32604602	32604788	SINE/MIR	454	+	93	32604695	67035
chr9	37311312	37511312	harbor1	chr9	37335344	37335546	SINE/MIR	453	+	101	37335445	24133
chr9	37311312	37511312	harbor1	chr9	37409297	37409464	SINE/MIR	499	+	84	37409381	98069
chr9	123320832	123520832	harbor1	chr9	123323253	123323397	SINE/MIR	546	+	72	123323325	2493
chr9	123320832	123520832	harbor1	chr9	123323707	123323808	SINE/MIR	546	+	50	123323757	2925
chr9	123320832	123520832	harbor1	chr9	123329812	123329912	SINE/MIR	421	+	50	123329862	9030
chr9	123320832	123520832	harbor1	chr9	123339059	123339216	SINE/MIR	509	+	78	123339137	18305
chr9	123320832	123520832	harbor1	chr9	123339760	123339885	SINE/MIR	494	+	62	123339822	18990
chr9	123320832	123520832	harbor1	chr9	123341531	123341726	SINE/MIR	458	+	98	123341629	20797
chr9	123320832	123520832	harbor1	chr9	123344813	123345027	SINE/MIR	856	+	107	123344920	24088
chr9	123320832	123520832	harbor1	chr9	123366503	123366657	SINE/MIR	415	+	77	123366580	45748
chr9	123320832	123520832	harbor1	chr9	123371913	123372100	SINE/MIR	554	+	94	123372007	51175
chr9	123320832	123520832	harbor1	chr9	123396930	123397152	SINE/MIR	605	+	111	123397041	76209
chr9	123320832	123520832	harbor1	chr9	123409537	123409750	SINE/MIR	409	+	106	123409643	88811
chr9	123320832	123520832	harbor1	chr9	123414074	123414295	SINE/MIR	527	+	110	123414184	93352
chr9	67017542	67217542	harbor1	chr9	67093353	67093547	SINE/MIR	669	+	97	67093450	75908
chr9	75220553	75420553	harbor1	chr9	75231744	75231987	SINE/MIR	857	+	122	75231866	11313
chr9	99198133	99398133	harbor1	chr9	99202115	99202336	SINE/MIR	518	+	110	99202225	4092
chr9	99198133	99398133	harbor1	chr9	99215459	99215663	SINE/MIR	407	+	102	99215561	17428
chr9	99198133	99398133	harbor1	chr9	99219386	99219616	SINE/MIR	702	+	115	99219501	21368
chr9	99198133	99398133	harbor1	chr9	99267251	99267437	SINE/MIR	853	+	93	99267344	69211
chr9	99198133	99398133	harbor1	chr9	99268476	99268569	SINE/MIR	430	+	46	99268522	70389
chr9	99198133	99398133	harbor1	chr9	99289734	99289959	SINE/MIR	676	+	112	99289846	91713
chr9	72449973	72649973	harbor1	chr9	72472313	72472489	SINE/MIR	611	+	88	72472401	22428
chr9	72449973	72649973	harbor1	chr9	72484670	72484788	SINE/MIR	417	+	59	72484729	34756
chr9	72449973	72649973	harbor1	chr9	72518193	72518367	SINE/MIR	523	+	87	72518280	68307
chr9	72449973	72649973	harbor1	chr9	72518677	72518703	SINE/MIR	523	+	13	72518690	68717
chr9	72449973	72649973	harbor1	chr9	72540752	72540942	SINE/MIR	654	+	95	72540847	90874
chr9	8025004	8225004	harbor1	chr9	8028212	8028428	SINE/MIR	758	+	108	8028320	3316
chr9	8025004	8225004	harbor1	chr9	8089645	8089796	SINE/MIR	788	+	76	8089721	64717
chr9	8025004	8225004	harbor1	chr9	8090163	8090244	SINE/MIR	788	+	40	8090203	65199
chr9	8025004	8225004	harbor1	chr9	8096856	8097042	SINE/MIR	595	+	93	8096949	71945
chr9	8025004	8225004	harbor1	chr9	8108223	8108334	SINE/MIR	555	+	56	8108279	83275
chr9	8025004	8225004	harbor1	chr9	8116944	8117085	SINE/MIR	417	+	70	8117014	92010
chr9	8025004	8225004	harbor1	chr9	8119124	8119327	SINE/MIR	493	+	102	8119226	94222
chr9	8025004	8225004	harbor1	chr9	8109972	8110153	SINE/MIR	396	+	90	8110062	85058
chr9	132659716	132859716	harbor1	chr9	132728371	132728593	SINE/MIR	591	+	111	132728482	68766
chr9	6948458	7148458	harbor1	chr9	6963012	6963214	SINE/MIR	621	+	101	6963113	14655
chr9	76643690	76843690	harbor1	chr9	76679015	76679210	SINE/MIR	696	+	98	76679113	35423
chr9	76643690	76843690	harbor1	chr9	76697689	76697895	SINE/MIR	408	+	103	76697792	54102
chr9	76643690	76843690	harbor1	chr9	76720391	76720580	SINE/MIR	554	+	94	76720485	76795
chr9	76643690	76843690	harbor1	chr9	76728693	76728911	SINE/MIR	633	+	109	76728802	85112
chr9	76643690	76843690	harbor1	chr9	76734380	76734596	SINE/MIR	730	+	108	76734488	90798
chr9	105625987	105825987	harbor1	chr9	105639305	105639531	SINE/MIR	598	+	113	105639418	13431
chr9	105625987	105825987	harbor1	chr9	105645114	105645344	SINE/MIR	502	+	115	105645229	19242
chr9	7862446	8062446	harbor1	chr9	7886668	7886899	SINE/MIR	833	+	116	7886784	24338
chr9	7862446	8062446	harbor1	chr9	7897996	7898246	SINE/MIR	1028	+	125	7898121	35675
chr9	7862446	8062446	harbor1	chr9	7910193	7910324	SINE/MIR	397	+	66	7910259	47813
chr9	7862446	8062446	harbor1	chr9	7961554	7961853	SINE/MIR	438	+	150	7961704	99258
chr9	31297537	31497537	harbor1	chr9	31335821	31335956	SINE/MIR	400	+	68	31335889	38352
chr9	66799737	66999737	harbor1	chr9	66848291	66848493	SINE/MIR	596	+	101	66848392	48655
chr9	66799737	66999737	harbor1	chr9	66877071	66877290	SINE/MIR	521	+	110	66877181	77444
chr9	91185735	91385735	harbor1	chr9	91216257	91216432	SINE/MIR	622	+	88	91216345	30610
chr9	14383528	14583528	harbor1	chr9	14390205	14390332	SINE/MIR	443	+	64	14390269	6741
chr9	14383528	14583528	harbor1	chr9	14414534	14414699	SINE/MIR	546	+	82	14414616	31088
chr9	14383528	14583528	harbor1	chr9	14435374	14435603	SINE/MIR	1032	+	114	14435488	51960
chr9	14383528	14583528	harbor1	chr9	14436993	14437188	SINE/MIR	585	+	98	14437091	53563
chr9	14383528	14583528	harbor1	chr9	14439384	14439552	SINE/MIR	811	+	84	14439468	55940
chr9	14383528	14583528	harbor1	chr9	14464751	14464966	SINE/MIR	576	+	108	14464859	81331
chr9	14383528	14583528	harbor1	chr9	14470048	14470198	SINE/MIR	662	+	75	14470123	86595
chr9	14383528	14583528	harbor1	chr9	14470767	14470932	SINE/MIR	477	+	82	14470849	87321
chr9	32971609	33171609	harbor1	chr9	32989962	32990147	SINE/MIR	462	+	92	32990054	18445
chr9	32971609	33171609	harbor1	chr9	33000030	33000261	SINE/MIR	731	+	116	33000146	28537
chr9	102916109	103116109	harbor1	chr9	102952046	102952220	SINE/MIR	460	+	87	102952133	36024
chr9	62360984	62560984	harbor1	chr9	62432352	62432571	SINE/MIR	981	+	110	62432462	71478
chr9	62360984	62560984	harbor1	chr9	62433140	62433248	SINE/MIR	549	+	54	62433194	72210
chr9	62360984	62560984	harbor1	chr9	62460245	62460443	SINE/MIR	514	+	99	62460344	99360
chr9	131943014	132143014	harbor1	chr9	131951495	131951694	SINE/MIR	435	+	100	131951595	8581
chr9	131943014	132143014	harbor1	chr9	131959120	131959340	SINE/MIR	428	+	110	131959230	16216
chr9	131943014	132143014	harbor1	chr9	131964104	131964262	SINE/MIR	659	+	79	131964183	21169
chr9	131943014	132143014	harbor1	chr9	131966681	131966907	SINE/MIR	675	+	113	131966794	23780
chr9	131943014	132143014	harbor1	chr9	131966875	131967107	SINE/MIR	416	+	116	131966991	23977
chr9	131943014	132143014	harbor1	chr9	132036564	132036710	SINE/MIR	496	+	73	132036637	93623
chr9	131943014	132143014	harbor1	chr9	132039317	132039485	SINE/MIR	552	+	84	132039401	96387
chr9	8361865	8561865	harbor1	chr9	8368182	8368401	SINE/MIR	526	+	110	8368292	6427
chr9	8361865	8561865	harbor1	chr9	8379924	8380052	SINE/MIR	392	+	64	8379988	18123
chr9	8361865	8561865	harbor1	chr9	8387617	8387833	SINE/MIR	562	+	108	8387725	25860
chr9	8361865	8561865	harbor1	chr9	8400655	8400872	SINE/MIR	439	+	108	8400763	38898
chr9	8361865	8561865	harbor1	chr9	8424308	8424545	SINE/MIR	914	+	118	8424426	62561
chr9	109934915	110134915	harbor1	chr9	109957932	109958086	SINE/MIR	550	+	77	109958009	23094
chr9	109934915	110134915	harbor1	chr9	109966405	109966621	SINE/MIR	619	+	108	109966513	31598
chr9	109934915	110134915	harbor1	chr9	109970584	109970813	SINE/MIR	538	+	114	109970698	35783
chr9	109934915	110134915	harbor1	chr9	109980874	109981111	SINE/MIR	436	+	118	109980992	46077
chr9	109934915	110134915	harbor1	chr9	109997237	109997384	SINE/MIR	399	+	74	109997311	62396
chr9	122915368	123115368	harbor1	chr9	122929428	122929628	SINE/MIR	644	+	100	122929528	14160
chr9	122915368	123115368	harbor1	chr9	122948331	122948563	SINE/MIR	492	+	116	122948447	33079
chr9	122915368	123115368	harbor1	chr9	122954767	122954914	SINE/MIR	516	+	74	122954841	39473
chr9	122915368	123115368	harbor1	chr9	122991080	122991259	SINE/MIR	398	+	90	122991170	75802
chr9	122915368	123115368	harbor1	chr9	123001623	123001843	SINE/MIR	631	+	110	123001733	86365
chr9	4066637	4266637	harbor1	chr9	4090881	4091070	SINE/MIR	566	+	94	4090975	24338
chr9	4066637	4266637	harbor1	chr9	4099939	4100108	SINE/MIR	431	+	84	4100023	33386
chr9	4066637	4266637	harbor1	chr9	4101058	4101275	SINE/MIR	550	+	108	4101166	34529
chr9	4066637	4266637	harbor1	chr9	4132842	4132995	SINE/MIR	654	+	76	4132918	66281
chr9	4066637	4266637	harbor1	chr9	4133489	4133693	SINE/MIR	777	+	102	4133591	66954
chr9	4066637	4266637	harbor1	chr9	4138597	4138826	SINE/MIR	846	+	114	4138711	72074
chr9	4066637	4266637	harbor1	chr9	4163569	4163810	SINE/MIR	434	+	120	4163689	97052
chr9	4066637	4266637	harbor1	chr9	4165988	4166218	SINE/MIR	520	+	115	4166103	99466
chr9	2291363	2491363	harbor1	chr9	2318779	2318856	SINE/MIR	523	+	38	2318817	27454
chr9	2291363	2491363	harbor1	chr9	2319164	2319290	SINE/MIR	523	+	63	2319227	27864
chr9	2291363	2491363	harbor1	chr9	2322417	2322654	SINE/MIR	421	+	118	2322535	31172
chr9	2291363	2491363	harbor1	chr9	2326342	2326572	SINE/MIR	956	+	115	2326457	35094
chr9	120765303	120965303	harbor1	chr9	120791339	120791565	SINE/MIR	435	+	113	120791452	26149
chr9	120765303	120965303	harbor1	chr9	120792596	120792829	SINE/MIR	811	+	116	120792712	27409
chr9	120765303	120965303	harbor1	chr9	120797525	120797758	SINE/MIR	572	+	116	120797641	32338
chr9	120765303	120965303	harbor1	chr9	120809669	120809913	SINE/MIR	950	+	122	120809791	44488
chr9	120765303	120965303	harbor1	chr9	120815157	120815375	SINE/MIR	529	+	109	120815266	49963
chr9	120765303	120965303	harbor1	chr9	120821014	120821215	SINE/MIR	393	+	100	120821114	55811
chr9	120765303	120965303	harbor1	chr9	120832196	120832363	SINE/MIR	446	+	84	120832280	66977
chr9	120765303	120965303	harbor1	chr9	120861322	120861503	SINE/MIR	465	+	90	120861412	96109
chr9	120765303	120965303	harbor1	chr9	120861549	120861711	SINE/MIR	418	+	81	120861630	96327
chr9	26039697	26239697	harbor1	chr9	26042498	26042665	SINE/MIR	494	+	84	26042582	2885
chr9	26039697	26239697	harbor1	chr9	26050275	26050440	SINE/MIR	542	+	82	26050357	10660
chr9	26039697	26239697	harbor1	chr9	26079215	26079417	SINE/MIR	683	+	101	26079316	39619
chr9	26039697	26239697	harbor1	chr9	26132224	26132446	SINE/MIR	437	+	111	26132335	92638
chr9	26039697	26239697	harbor1	chr9	26134992	26135188	SINE/MIR	599	+	98	26135090	95393
chr9	130699865	130899865	harbor1	chr9	130711004	130711238	SINE/MIR	730	+	117	130711121	11256
chr9	130699865	130899865	harbor1	chr9	130749586	130749788	SINE/MIR	489	+	101	130749687	49822
chr9	130699865	130899865	harbor1	chr9	130752194	130752333	SINE/MIR	471	+	70	130752264	52399
chr9	130699865	130899865	harbor1	chr9	130799480	130799681	SINE/MIR	429	+	100	130799580	99715
chr9	17040571	17240571	harbor1	chr9	17071548	17071762	SINE/MIR	471	+	107	17071655	31084
chr9	17040571	17240571	harbor1	chr9	17072378	17072423	SINE/MIR	400	+	22	17072400	31829
chr9	17040571	17240571	harbor1	chr9	17074115	17074178	SINE/MIR	400	+	32	17074147	33576
chr9	17040571	17240571	harbor1	chr9	17076606	17076739	SINE/MIR	516	+	66	17076672	36101
chr9	17040571	17240571	harbor1	chr9	17084090	17084284	SINE/MIR	898	+	97	17084187	43616
chr9	17040571	17240571	harbor1	chr9	17133565	17133805	SINE/MIR	536	+	120	17133685	93114
chr9	97571228	97771228	harbor1	chr9	97577351	97577506	SINE/MIR	401	+	78	97577429	6201
chr9	97571228	97771228	harbor1	chr9	97591038	97591205	SINE/MIR	393	+	84	97591122	19894
chr9	97571228	97771228	harbor1	chr9	97598004	97598046	SINE/MIR	401	+	21	97598025	26797
chr9	97571228	97771228	harbor1	chr9	97598350	97598484	SINE/MIR	401	+	67	97598417	27189
chr9	97571228	97771228	harbor1	chr9	97613035	97613174	SINE/MIR	413	+	70	97613105	41877
chr9	97571228	97771228	harbor1	chr9	97634777	97634956	SINE/MIR	577	+	90	97634867	63639
chr9	97571228	97771228	harbor1	chr9	97668175	97668277	SINE/MIR	428	+	51	97668226	96998
chr9	97571228	97771228	harbor1	chr9	97648452	97648697	SINE/MIR	594	+	122	97648574	77346
chr9	86211152	86411152	harbor1	chr9	86271744	86271901	SINE/MIR	475	+	78	86271822	60670
chr9	86211152	86411152	harbor1	chr9	86275029	86275195	SINE/MIR	448	+	83	86275112	63960
chr9	86211152	86411152	harbor1	chr9	86290035	86290186	SINE/MIR	668	+	76	86290111	78959
chr9	86211152	86411152	harbor1	chr9	86299871	86300052	SINE/MIR	561	+	90	86299961	88809
chr9	18536499	18736499	harbor1	chr9	18538373	18538478	SINE/MIR	437	+	52	18538425	1926
chr9	18536499	18736499	harbor1	chr9	18541611	18541730	SINE/MIR	398	+	60	18541671	5172
chr9	18536499	18736499	harbor1	chr9	18544007	18544156	SINE/MIR	436	+	74	18544081	7582
chr9	18536499	18736499	harbor1	chr9	18551575	18551780	SINE/MIR	804	+	102	18551677	15178
chr9	18536499	18736499	harbor1	chr9	18577156	18577203	SINE/MIR	541	+	24	18577180	40681
chr9	18536499	18736499	harbor1	chr9	18577498	18577681	SINE/MIR	541	+	92	18577590	41091
chr9	18536499	18736499	harbor1	chr9	18578460	18578670	SINE/MIR	639	+	105	18578565	42066
chr9	63860389	64060389	harbor1	chr9	63875311	63875486	SINE/MIR	420	+	88	63875399	15010
chr9	63860389	64060389	harbor1	chr9	63912105	63912298	SINE/MIR	443	+	96	63912201	51812
chr9	93869689	94069689	harbor1	chr9	93893657	93893894	SINE/MIR	400	+	118	93893775	24086
chr9	93869689	94069689	harbor1	chr9	93907890	93908108	SINE/MIR	765	+	109	93907999	38310
chr9	93869689	94069689	harbor1	chr9	93913796	93914008	SINE/MIR	409	+	106	93913902	44213
chr9	93869689	94069689	harbor1	chr9	93918812	93918934	SINE/MIR	472	+	61	93918873	49184
chr9	101133813	101333813	harbor1	chr9	101133812	101134034	SINE/MIR	692	+	111	101133923	110
chr9	101133813	101333813	harbor1	chr9	101160218	101160403	SINE/MIR	398	+	92	101160310	26497
chr9	101133813	101333813	harbor1	chr9	101161472	101161681	SINE/MIR	598	+	104	101161576	27763
chr9	101133813	101333813	harbor1	chr9	101161962	101162207	SINE/MIR	504	+	122	101162084	28271
chr9	101133813	101333813	harbor1	chr9	101164152	101164342	SINE/MIR	727	+	95	101164247	30434
chr9	101133813	101333813	harbor1	chr9	101192378	101192517	SINE/MIR	484	+	70	101192448	58635
chr9	101133813	101333813	harbor1	chr9	101201451	101201673	SINE/MIR	501	+	111	101201562	67749
chr9	101133813	101333813	harbor1	chr9	101203365	101203568	SINE/MIR	424	+	102	101203467	69654
chr9	101133813	101333813	harbor1	chr9	101218459	101218626	SINE/MIR	527	+	84	101218543	84730
chr9	101133813	101333813	harbor1	chr9	101232720	101232825	SINE/MIR	395	+	52	101232772	98959
chr9	23810440	24010440	harbor1	chr9	23834361	23834578	SINE/MIR	604	+	108	23834469	24029
chr9	23810440	24010440	harbor1	chr9	23840049	23840253	SINE/MIR	764	+	102	23840151	29711
chr9	23810440	24010440	harbor1	chr9	23856600	23856860	SINE/MIR	556	+	130	23856730	46290
chr9	23810440	24010440	harbor1	chr9	23874492	23874553	SINE/MIR	395	+	30	23874522	64082
chr9	23810440	24010440	harbor1	chr9	23874908	23875040	SINE/MIR	395	+	66	23874974	64534
chr9	23810440	24010440	harbor1	chr9	23895686	23895898	SINE/MIR	521	+	106	23895792	85352
chr9	23810440	24010440	harbor1	chr9	23905802	23906051	SINE/MIR	884	+	124	23905926	95486
chr9	40090947	40290947	harbor1	chr9	40180058	40180294	SINE/MIR	555	+	118	40180176	89229
chr9	40090947	40290947	harbor1	chr9	40190767	40191002	SINE/MIR	592	+	118	40190885	99938
chr9	72955879	73155879	harbor1	chr9	73014190	73014405	SINE/MIR	980	+	108	73014298	58419
chr9	72955879	73155879	harbor1	chr9	73014641	73014797	SINE/MIR	489	+	78	73014719	58840
chr9	72955879	73155879	harbor1	chr9	73037207	73037447	SINE/MIR	460	+	120	73037327	81448
chr9	104621899	104821899	harbor1	chr9	104693429	104693581	SINE/MIR	612	+	76	104693505	71606
chr9	104621899	104821899	harbor1	chr9	104720648	104720907	SINE/MIR	680	+	130	104720778	98879
chr9	112545496	112745496	harbor1	chr9	112553471	112553636	SINE/MIR	585	+	82	112553553	8057
chr9	112545496	112745496	harbor1	chr9	112581091	112581302	SINE/MIR	901	+	106	112581197	35701
chr9	112545496	112745496	harbor1	chr9	112584121	112584338	SINE/MIR	659	+	108	112584229	38733
chr9	112545496	112745496	harbor1	chr9	112592380	112592606	SINE/MIR	626	+	113	112592493	46997
chr9	112083273	112283273	harbor1	chr9	112102378	112102567	SINE/MIR	403	+	94	112102472	19199
chr9	112083273	112283273	harbor1	chr9	112119010	112119214	SINE/MIR	683	+	102	112119112	35839
chr9	112083273	112283273	harbor1	chr9	112164250	112164434	SINE/MIR	495	+	92	112164342	81069
chr9	112083273	112283273	harbor1	chr9	112167606	112167756	SINE/MIR	660	+	75	112167681	84408
chr9	112083273	112283273	harbor1	chr9	112168118	112168191	SINE/MIR	660	+	36	112168154	84881
chr9	37147817	37347817	harbor1	chr9	37203068	37203267	SINE/MIR	474	+	100	37203168	55351
chr9	18102737	18302737	harbor1	chr9	18105064	18105248	SINE/MIR	547	+	92	18105156	2419
chr9	18102737	18302737	harbor1	chr9	18118971	18119192	SINE/MIR	613	+	110	18119081	16344
chr9	18102737	18302737	harbor1	chr9	18138024	18138218	SINE/MIR	535	+	97	18138121	35384
chr9	18102737	18302737	harbor1	chr9	18153220	18153395	SINE/MIR	394	+	88	18153308	50571
chr9	18102737	18302737	harbor1	chr9	18163132	18163310	SINE/MIR	444	+	89	18163221	60484
chr9	18102737	18302737	harbor1	chr9	18201702	18201917	SINE/MIR	627	+	108	18201810	99073
chr9	5788482	5988482	harbor1	chr9	5823488	5823719	SINE/MIR	1001	+	116	5823604	35122
chr9	5788482	5988482	harbor1	chr9	5846326	5846539	SINE/MIR	935	+	106	5846432	57950
chr9	5788482	5988482	harbor1	chr9	5867620	5867763	SINE/MIR	733	+	72	5867692	79210
chr9	5788482	5988482	harbor1	chr9	5867790	5867880	SINE/MIR	733	+	45	5867835	79353
chr9	5788482	5988482	harbor1	chr9	5878375	5878548	SINE/MIR	591	+	86	5878461	89979
chr9	190239	390239	harbor1	chr9	207571	207806	SINE/MIR	560	+	118	207689	17450
chr9	190239	390239	harbor1	chr9	211989	212206	SINE/MIR	537	+	108	212097	21858
chr9	190239	390239	harbor1	chr9	216861	217065	SINE/MIR	591	+	102	216963	26724
chr9	190239	390239	harbor1	chr9	251652	251823	SINE/MIR	623	+	86	251738	61499
chr9	190239	390239	harbor1	chr9	259452	259664	SINE/MIR	458	+	106	259558	69319
chr9	190239	390239	harbor1	chr9	275011	275160	SINE/MIR	552	+	74	275085	84846
chr9	190239	390239	harbor1	chr9	283124	283246	SINE/MIR	476	+	61	283185	92946
chr9	190239	390239	harbor1	chr9	288321	288557	SINE/MIR	773	+	118	288439	98200
chr9	70857209	71057209	harbor1	chr9	70866432	70866534	SINE/MIR	458	+	51	70866483	9274
chr9	70857209	71057209	harbor1	chr9	70928082	70928277	SINE/MIR	510	+	98	70928180	70971
chr9	70857209	71057209	harbor1	chr9	70946303	70946433	SINE/MIR	535	+	65	70946368	89159
chr9	70857209	71057209	harbor1	chr9	70946464	70946550	SINE/MIR	535	+	43	70946507	89298
chr9	76870660	77070660	harbor1	chr9	76876963	76877121	SINE/MIR	511	+	79	76877042	6382
chr9	76870660	77070660	harbor1	chr9	76885654	76885844	SINE/MIR	720	+	95	76885749	15089
chr9	76870660	77070660	harbor1	chr9	76891765	76891939	SINE/MIR	480	+	87	76891852	21192
chr9	76870660	77070660	harbor1	chr9	76897294	76897390	SINE/MIR	474	+	48	76897342	26682
chr9	76870660	77070660	harbor1	chr9	76897716	76897812	SINE/MIR	474	+	48	76897764	27104
chr9	76870660	77070660	harbor1	chr9	76911203	76911339	SINE/MIR	414	+	68	76911271	40611
chr9	76870660	77070660	harbor1	chr9	76890052	76890240	SINE/MIR	561	+	94	76890146	19486
chr9	86317097	86517097	harbor1	chr9	86326209	86326466	SINE/MIR	981	+	128	86326337	9240
chr9	86317097	86517097	harbor1	chr9	86328736	86328990	SINE/MIR	742	+	127	86328863	11766
chr9	27651942	27851942	harbor1	chr9	27661607	27661740	SINE/MIR	541	+	66	27661673	9731
chr9	27651942	27851942	harbor1	chr9	27674812	27674995	SINE/MIR	438	+	92	27674904	22962
chr9	27651942	27851942	harbor1	chr9	27682722	27682927	SINE/MIR	493	+	102	27682824	30882
chr9	27651942	27851942	harbor1	chr9	27690127	27690332	SINE/MIR	469	+	102	27690229	38287
chr9	27651942	27851942	harbor1	chr9	27706671	27706925	SINE/MIR	834	+	127	27706798	54856
chr9	27651942	27851942	harbor1	chr9	27719047	27719159	SINE/MIR	408	+	56	27719103	67161
chr9	105410405	105610405	harbor1	chr9	105428443	105428569	SINE/MIR	513	+	63	105428506	18101
chr9	105410405	105610405	harbor1	chr9	105450376	105450531	SINE/MIR	538	+	78	105450454	40049
chr9	105410405	105610405	harbor1	chr9	105450837	105450903	SINE/MIR	538	+	33	105450870	40465
chr9	105410405	105610405	harbor1	chr9	105455597	105455841	SINE/MIR	641	+	122	105455719	45314
chr9	105410405	105610405	harbor1	chr9	105456197	105456428	SINE/MIR	1066	+	116	105456313	45908
chr9	105410405	105610405	harbor1	chr9	105484743	105484977	SINE/MIR	561	+	117	105484860	74455
chr9	79499148	79699148	harbor1	chr9	79543475	79543680	SINE/MIR	617	+	102	79543577	44429
chr9	79499148	79699148	harbor1	chr9	79563367	79563520	SINE/MIR	394	+	76	79563443	64295
chr9	79499148	79699148	harbor1	chr9	79563841	79564075	SINE/MIR	469	+	117	79563958	64810
chr9	79499148	79699148	harbor1	chr9	79565631	79565771	SINE/MIR	533	+	70	79565701	66553
chr9	79499148	79699148	harbor1	chr9	79593929	79594030	SINE/MIR	436	+	50	79593979	94831
chr9	120887399	121087399	harbor1	chr9	120892908	120893144	SINE/MIR	817	+	118	120893026	5627
chr9	120887399	121087399	harbor1	chr9	120896036	120896226	SINE/MIR	788	+	95	120896131	8732
chr9	120887399	121087399	harbor1	chr9	120898641	120898914	SINE/MIR	534	+	136	120898777	11378
chr9	120887399	121087399	harbor1	chr9	120917290	120917494	SINE/MIR	986	+	102	120917392	29993
chr9	120887399	121087399	harbor1	chr9	120919868	120920043	SINE/MIR	399	+	88	120919956	32557
chr9	120887399	121087399	harbor1	chr9	120927315	120927524	SINE/MIR	883	+	104	120927419	40020
chr9	120887399	121087399	harbor1	chr9	120945256	120945433	SINE/MIR	392	+	88	120945344	57945
chr9	120887399	121087399	harbor1	chr9	120945893	120946080	SINE/MIR	394	+	94	120945987	58588
chr9	120887399	121087399	harbor1	chr9	120953998	120954236	SINE/MIR	849	+	119	120954117	66718
chr9	120887399	121087399	harbor1	chr9	120958664	120958806	SINE/MIR	508	+	71	120958735	71336
chr9	120887399	121087399	harbor1	chr9	120959088	120959106	SINE/MIR	508	+	9	120959097	71698
chr9	120887399	121087399	harbor1	chr9	120967280	120967454	SINE/MIR	554	+	87	120967367	79968
chr9	120887399	121087399	harbor1	chr9	120976416	120976584	SINE/MIR	466	+	84	120976500	89101
chr9	120887399	121087399	harbor1	chr9	120977764	120978006	SINE/MIR	614	+	121	120977885	90486
chr9	120887399	121087399	harbor1	chr9	120981559	120981706	SINE/MIR	484	+	74	120981633	94234
chr9	106248553	106448553	harbor1	chr9	106281576	106281817	SINE/MIR	612	+	120	106281696	33143
chr9	106248553	106448553	harbor1	chr9	106285209	106285368	SINE/MIR	588	+	80	106285289	36736
chr9	106248553	106448553	harbor1	chr9	106296618	106296854	SINE/MIR	541	+	118	106296736	48183
chr9	106248553	106448553	harbor1	chr9	106297155	106297396	SINE/MIR	700	+	120	106297275	48722
chr9	106248553	106448553	harbor1	chr9	106312120	106312322	SINE/MIR	455	+	101	106312221	63668
chr9	106248553	106448553	harbor1	chr9	106317463	106317665	SINE/MIR	644	+	101	106317564	69011
chr9	106248553	106448553	harbor1	chr9	106322394	106322537	SINE/MIR	459	+	72	106322466	73913
chr9	106248553	106448553	harbor1	chr9	106331680	106331865	SINE/MIR	496	+	92	106331772	83219
chr9	106248553	106448553	harbor1	chr9	106333788	106334011	SINE/MIR	726	+	112	106333900	85347
chr9	106248553	106448553	harbor1	chr9	106335318	106335502	SINE/MIR	535	+	92	106335410	86857
chr9	78886424	79086424	harbor1	chr9	78892909	78893159	SINE/MIR	394	+	125	78893034	6610
chr9	78886424	79086424	harbor1	chr9	78894616	78894847	SINE/MIR	436	+	116	78894732	8308
chr9	97328355	97528355	harbor1	chr9	97367356	97367459	SINE/MIR	492	+	52	97367408	39053
chr9	97328355	97528355	harbor1	chr9	97367774	97367849	SINE/MIR	492	+	38	97367812	39457
chr9	97328355	97528355	harbor1	chr9	97376447	97376660	SINE/MIR	520	+	106	97376553	48198
chr9	97328355	97528355	harbor1	chr9	97419827	97419998	SINE/MIR	484	+	86	97419913	91558
chr9	112346402	112546402	harbor1	chr9	112410321	112410512	SINE/MIR	664	+	96	112410417	64015
chr9	112346402	112546402	harbor1	chr9	112435472	112435703	SINE/MIR	853	+	116	112435588	89186
chr9	112346402	112546402	harbor1	chr9	112439764	112440014	SINE/MIR	724	+	125	112439889	93487
chr9	79185210	79385210	harbor1	chr9	79200291	79200493	SINE/MIR	530	+	101	79200392	15182
chr9	79185210	79385210	harbor1	chr9	79219842	79220068	SINE/MIR	481	+	113	79219955	34745
chr9	79185210	79385210	harbor1	chr9	79227333	79227540	SINE/MIR	471	+	104	79227437	42227
chr9	79185210	79385210	harbor1	chr9	79268396	79268644	SINE/MIR	413	+	124	79268520	83310
chr9	79185210	79385210	harbor1	chr9	79284175	79284359	SINE/MIR	409	+	92	79284267	99057
chr9	79185210	79385210	harbor1	chr9	79284543	79284703	SINE/MIR	646	+	80	79284623	99413
chr9	106031212	106231212	harbor1	chr9	106034487	106034624	SINE/MIR	434	+	68	106034555	3343
chr9	106031212	106231212	harbor1	chr9	106051121	106051324	SINE/MIR	706	+	102	106051223	20011
chr9	106031212	106231212	harbor1	chr9	106055548	106055715	SINE/MIR	660	+	84	106055632	24420
chr9	106031212	106231212	harbor1	chr9	106071144	106071387	SINE/MIR	865	+	122	106071266	40054
chr9	106031212	106231212	harbor1	chr9	106076670	106076851	SINE/MIR	468	+	90	106076760	45548
chr9	106031212	106231212	harbor1	chr9	106083321	106083523	SINE/MIR	551	+	101	106083422	52210
chr9	106031212	106231212	harbor1	chr9	106094934	106095191	SINE/MIR	614	+	128	106095062	63850
chr9	106031212	106231212	harbor1	chr9	106108654	106108901	SINE/MIR	691	+	124	106108778	77566
chr9	106031212	106231212	harbor1	chr9	106116980	106117074	SINE/MIR	707	+	47	106117027	85815
chr9	106031212	106231212	harbor1	chr9	106117429	106117527	SINE/MIR	707	+	49	106117478	86266
chr9	106031212	106231212	harbor1	chr9	106119765	106119955	SINE/MIR	520	+	95	106119860	88648
chr9	106031212	106231212	harbor1	chr9	106120384	106120547	SINE/MIR	639	+	82	106120466	89254
chr9	105202249	105402249	harbor1	chr9	105230789	105230942	SINE/MIR	469	+	76	105230865	28616
chr9	105202249	105402249	harbor1	chr9	105231244	105231347	SINE/MIR	469	+	52	105231296	29047
chr9	105202249	105402249	harbor1	chr9	105255703	105255861	SINE/MIR	449	+	79	105255782	53533
chr9	105202249	105402249	harbor1	chr9	105286246	105286483	SINE/MIR	786	+	118	105286364	84115
chr9	105202249	105402249	harbor1	chr9	105295781	105295951	SINE/MIR	516	+	85	105295866	93617
chr9	89812466	90012466	harbor1	chr9	89855760	89856005	SINE/MIR	784	+	122	89855882	43416
chr9	89812466	90012466	harbor1	chr9	89816976	89817096	SINE/MIR	457	+	60	89817036	4570
chr9	67164397	67364397	harbor1	chr9	67235798	67235984	SINE/MIR	444	+	93	67235891	71494
chr9	20252645	20452645	harbor1	chr9	20257592	20257806	SINE/MIR	582	+	107	20257699	5054
chr9	20252645	20452645	harbor1	chr9	20262228	20262414	SINE/MIR	401	+	93	20262321	9676
chr9	20252645	20452645	harbor1	chr9	20289442	20289643	SINE/MIR	472	+	100	20289542	36897
chr9	20252645	20452645	harbor1	chr9	20308258	20308452	SINE/MIR	392	+	97	20308355	55710
chr9	20252645	20452645	harbor1	chr9	20349117	20349336	SINE/MIR	555	+	110	20349227	96582
chr9	26456896	26656896	harbor1	chr9	26463281	26463435	SINE/MIR	407	+	77	26463358	6462
chr9	26456896	26656896	harbor1	chr9	26502664	26502850	SINE/MIR	485	+	93	26502757	45861
chr9	26456896	26656896	harbor1	chr9	26506292	26506542	SINE/MIR	750	+	125	26506417	49521
chr9	26456896	26656896	harbor1	chr9	26520429	26520647	SINE/MIR	597	+	109	26520538	63642
chr9	26456896	26656896	harbor1	chr9	26522933	26523041	SINE/MIR	452	+	54	26522987	66091
chr9	102079509	102279509	harbor1	chr9	102137018	102137171	SINE/MIR	563	+	76	102137094	57585
chr9	124240361	124440361	harbor1	chr9	124240237	124240392	SINE/MIR	571	+	78	124240315	46
chr9	124240361	124440361	harbor1	chr9	124244220	124244328	SINE/MIR	634	+	54	124244274	3913
chr9	124240361	124440361	harbor1	chr9	124244639	124244653	SINE/MIR	634	+	7	124244646	4285
chr9	124240361	124440361	harbor1	chr9	124244964	124245117	SINE/MIR	634	+	76	124245040	4679
chr9	124240361	124440361	harbor1	chr9	124255312	124255495	SINE/MIR	465	+	92	124255404	15043
chr9	124240361	124440361	harbor1	chr9	124285749	124285953	SINE/MIR	754	+	102	124285851	45490
chr9	124240361	124440361	harbor1	chr9	124287309	124287537	SINE/MIR	494	+	114	124287423	47062
chr9	124240361	124440361	harbor1	chr9	124293153	124293365	SINE/MIR	597	+	106	124293259	52898
chr9	124240361	124440361	harbor1	chr9	124295520	124295743	SINE/MIR	470	+	112	124295632	55271
chr9	124240361	124440361	harbor1	chr9	124297999	124298166	SINE/MIR	484	+	84	124298083	57722
chr9	124240361	124440361	harbor1	chr9	124298700	124298908	SINE/MIR	768	+	104	124298804	58443
chr9	124240361	124440361	harbor1	chr9	124301725	124301884	SINE/MIR	459	+	80	124301805	61444
chr9	124240361	124440361	harbor1	chr9	124304347	124304587	SINE/MIR	722	+	120	124304467	64106
chr9	124240361	124440361	harbor1	chr9	124310090	124310338	SINE/MIR	530	+	124	124310214	69853
chr9	124240361	124440361	harbor1	chr9	124315817	124316000	SINE/MIR	437	+	92	124315909	75548
chr9	124240361	124440361	harbor1	chr9	124338649	124338831	SINE/MIR	479	+	91	124338740	98379
chr9	93111564	93311564	harbor1	chr9	93175163	93175411	SINE/MIR	459	+	124	93175287	63723
chr9	30451399	30651399	harbor1	chr9	30464069	30464305	SINE/MIR	606	+	118	30464187	12788
chr9	26415210	26615210	harbor1	chr9	26425508	26425737	SINE/MIR	751	+	114	26425622	10412
chr9	26415210	26615210	harbor1	chr9	26434412	26434656	SINE/MIR	770	+	122	26434534	19324
chr9	26415210	26615210	harbor1	chr9	26453823	26454042	SINE/MIR	497	+	110	26453933	38723
chr9	26415210	26615210	harbor1	chr9	26454112	26454325	SINE/MIR	981	+	106	26454218	39008
chr9	26415210	26615210	harbor1	chr9	26463281	26463435	SINE/MIR	407	+	77	26463358	48148
chr9	26415210	26615210	harbor1	chr9	26502664	26502850	SINE/MIR	485	+	93	26502757	87547
chr9	26415210	26615210	harbor1	chr9	26506292	26506542	SINE/MIR	750	+	125	26506417	91207
chr9	65698429	65898429	harbor1	chr9	65701425	65701654	SINE/MIR	581	+	114	65701539	3110
chr9	74556853	74756853	harbor1	chr9	74577678	74577823	SINE/MIR	405	+	72	74577750	20897
chr9	74556853	74756853	harbor1	chr9	74584268	74584505	SINE/MIR	685	+	118	74584386	27533
chr9	74556853	74756853	harbor1	chr9	74589919	74590116	SINE/MIR	815	+	98	74590017	33164
chr9	74556853	74756853	harbor1	chr9	74590412	74590604	SINE/MIR	460	+	96	74590508	33655
chr9	74556853	74756853	harbor1	chr9	74605757	74605819	SINE/MIR	613	+	31	74605788	48935
chr9	74556853	74756853	harbor1	chr9	74606023	74606202	SINE/MIR	613	+	90	74606113	49260
chr9	74556853	74756853	harbor1	chr9	74643806	74644030	SINE/MIR	697	+	112	74643918	87065
chr9	74556853	74756853	harbor1	chr9	74645362	74645582	SINE/MIR	615	+	110	74645472	88619
chr9	73721646	73921646	harbor1	chr9	73725372	73725560	SINE/MIR	419	+	94	73725466	3820
chr9	27511039	27711039	harbor1	chr9	27515349	27515583	SINE/MIR	650	+	117	27515466	4427
chr9	27511039	27711039	harbor1	chr9	27530914	27531033	SINE/MIR	455	+	60	27530974	19935
chr9	27511039	27711039	harbor1	chr9	27538904	27539034	SINE/MIR	456	+	65	27538969	27930
chr9	27511039	27711039	harbor1	chr9	27545717	27545851	SINE/MIR	507	+	67	27545784	34745
chr9	27511039	27711039	harbor1	chr9	27580332	27580541	SINE/MIR	598	+	104	27580436	69397
chr9	27511039	27711039	harbor1	chr9	27583184	27583409	SINE/MIR	678	+	112	27583296	72257
chr9	27511039	27711039	harbor1	chr9	27599625	27599751	SINE/MIR	409	+	63	27599688	88649
chr9	120415038	120615038	harbor1	chr9	120431325	120431525	SINE/MIR	474	+	100	120431425	16387
chr9	120415038	120615038	harbor1	chr9	120438509	120438712	SINE/MIR	463	+	102	120438611	23573
chr9	120415038	120615038	harbor1	chr9	120441227	120441461	SINE/MIR	547	+	117	120441344	26306
chr9	120415038	120615038	harbor1	chr9	120443429	120443597	SINE/MIR	425	+	84	120443513	28475
chr9	120415038	120615038	harbor1	chr9	120444731	120444955	SINE/MIR	485	+	112	120444843	29805
chr9	120415038	120615038	harbor1	chr9	120470963	120471113	SINE/MIR	461	+	75	120471038	56000
chr9	120415038	120615038	harbor1	chr9	120474067	120474219	SINE/MIR	485	+	76	120474143	59105
chr9	120415038	120615038	harbor1	chr9	120476890	120477080	SINE/MIR	560	+	95	120476985	61947
chr9	120415038	120615038	harbor1	chr9	120477922	120478045	SINE/MIR	426	+	62	120477984	62946
chr9	120415038	120615038	harbor1	chr9	120481443	120481502	SINE/MIR	420	+	30	120481473	66435
chr9	120415038	120615038	harbor1	chr9	120481813	120481959	SINE/MIR	420	+	73	120481886	66848
chr9	120415038	120615038	harbor1	chr9	120503557	120503760	SINE/MIR	465	+	102	120503659	88621
chr9	13314251	13514251	harbor1	chr9	13346175	13346436	SINE/MIR	458	+	130	13346305	32054
chr9	13314251	13514251	harbor1	chr9	13350598	13350707	SINE/MIR	463	+	54	13350652	36401
chr9	13314251	13514251	harbor1	chr9	13351014	13351144	SINE/MIR	463	+	65	13351079	36828
chr9	13314251	13514251	harbor1	chr9	13355911	13356106	SINE/MIR	441	+	98	13356009	41758
chr9	13314251	13514251	harbor1	chr9	13364283	13364420	SINE/MIR	442	+	68	13364351	50100
chr9	13314251	13514251	harbor1	chr9	13367578	13367797	SINE/MIR	633	+	110	13367688	53437
chr9	13314251	13514251	harbor1	chr9	13368863	13369061	SINE/MIR	475	+	99	13368962	54711
chr9	13314251	13514251	harbor1	chr9	13374364	13374557	SINE/MIR	610	+	96	13374460	60209
chr9	13314251	13514251	harbor1	chr9	13375179	13375401	SINE/MIR	765	+	111	13375290	61039
chr9	13314251	13514251	harbor1	chr9	13383661	13383854	SINE/MIR	412	+	96	13383757	69506
chr9	13314251	13514251	harbor1	chr9	13388847	13389062	SINE/MIR	523	+	108	13388955	74704
chr9	13314251	13514251	harbor1	chr9	13394321	13394465	SINE/MIR	408	+	72	13394393	80142
chr9	134842360	135042360	harbor1	chr9	134916571	134916806	SINE/MIR	479	+	118	134916689	74329
chr9	106781833	106981833	harbor1	chr9	106796218	106796392	SINE/MIR	411	+	87	106796305	14472
chr9	106781833	106981833	harbor1	chr9	106818665	106818866	SINE/MIR	409	+	100	106818765	36932
chr9	106781833	106981833	harbor1	chr9	106822026	106822209	SINE/MIR	474	+	92	106822118	40285
chr9	106781833	106981833	harbor1	chr9	106829069	106829322	SINE/MIR	865	+	126	106829195	47362
chr9	106781833	106981833	harbor1	chr9	106843578	106843775	SINE/MIR	575	+	98	106843676	61843
chr9	106781833	106981833	harbor1	chr9	106852314	106852478	SINE/MIR	463	+	82	106852396	70563
chr9	106781833	106981833	harbor1	chr9	106876088	106876300	SINE/MIR	538	+	106	106876194	94361
chr9	106781833	106981833	harbor1	chr9	106878088	106878304	SINE/MIR	438	+	108	106878196	96363
chr9	106781833	106981833	harbor1	chr9	106881350	106881566	SINE/MIR	461	+	108	106881458	99625
chr9	108540714	108740714	harbor1	chr9	108546242	108546492	SINE/MIR	535	+	125	108546367	5653
chr9	108540714	108740714	harbor1	chr9	108566147	108566369	SINE/MIR	496	+	111	108566258	25544
chr9	108540714	108740714	harbor1	chr9	108580497	108580704	SINE/MIR	449	+	104	108580601	39887
chr9	108540714	108740714	harbor1	chr9	108587121	108587254	SINE/MIR	500	+	66	108587187	46473
chr9	108540714	108740714	harbor1	chr9	108587552	108587596	SINE/MIR	500	+	22	108587574	46860
chr9	108540714	108740714	harbor1	chr9	108594237	108594434	SINE/MIR	523	+	98	108594335	53621
chr9	108540714	108740714	harbor1	chr9	108596151	108596379	SINE/MIR	488	+	114	108596265	55551
chr9	108540714	108740714	harbor1	chr9	108628613	108628860	SINE/MIR	528	+	124	108628737	88023
chr9	108540714	108740714	harbor1	chr9	108640406	108640648	SINE/MIR	411	+	121	108640527	99813
chr9	118902974	119102974	harbor1	chr9	118905512	118905669	SINE/MIR	466	+	78	118905590	2616
chr9	118902974	119102974	harbor1	chr9	118906053	118906291	SINE/MIR	616	+	119	118906172	3198
chr9	118902974	119102974	harbor1	chr9	118908339	118908562	SINE/MIR	576	+	112	118908451	5477
chr9	118902974	119102974	harbor1	chr9	118910759	118910907	SINE/MIR	533	+	74	118910833	7859
chr9	118902974	119102974	harbor1	chr9	118911211	118911325	SINE/MIR	533	+	57	118911268	8294
chr9	118902974	119102974	harbor1	chr9	118911349	118911556	SINE/MIR	506	+	104	118911453	8479
chr9	118902974	119102974	harbor1	chr9	118939940	118940186	SINE/MIR	538	+	123	118940063	37089
chr9	118902974	119102974	harbor1	chr9	118942988	118943115	SINE/MIR	412	+	64	118943052	40078
chr9	118902974	119102974	harbor1	chr9	118965149	118965323	SINE/MIR	524	+	87	118965236	62262
chr9	118902974	119102974	harbor1	chr9	118973114	118973282	SINE/MIR	425	+	84	118973198	70224
chr9	118902974	119102974	harbor1	chr9	118979168	118979280	SINE/MIR	440	+	56	118979224	76250
chr9	118902974	119102974	harbor1	chr9	118986322	118986494	SINE/MIR	413	+	86	118986408	83434
chr9	118902974	119102974	harbor1	chr9	119000092	119000341	SINE/MIR	550	+	124	119000216	97242
chr9	65084391	65284391	harbor1	chr9	65133380	65133413	SINE/MIR	733	+	16	65133396	49005
chr9	65084391	65284391	harbor1	chr9	65133708	65133918	SINE/MIR	748	+	105	65133813	49422
chr9	65084391	65284391	harbor1	chr9	65167530	65167739	SINE/MIR	668	+	104	65167634	83243
chr9	113858073	114058073	harbor1	chr9	113859049	113859221	SINE/MIR	562	+	86	113859135	1062
chr9	113858073	114058073	harbor1	chr9	113882221	113882420	SINE/MIR	498	+	100	113882321	24248
chr9	113858073	114058073	harbor1	chr9	113902115	113902329	SINE/MIR	537	+	107	113902222	44149
chr9	113858073	114058073	harbor1	chr9	113936159	113936371	SINE/MIR	481	+	106	113936265	78192
chr9	113858073	114058073	harbor1	chr9	113947229	113947399	SINE/MIR	534	+	85	113947314	89241
chr9	113858073	114058073	harbor1	chr9	113951177	113951343	SINE/MIR	511	+	83	113951260	93187
chr9	113858073	114058073	harbor1	chr9	113952552	113952722	SINE/MIR	569	+	85	113952637	94564
chr9	123686554	123886554	harbor1	chr9	123712360	123712584	SINE/MIR	850	+	112	123712472	25918
chr9	123686554	123886554	harbor1	chr9	123732767	123732978	SINE/MIR	660	+	106	123732873	46319
chr9	123686554	123886554	harbor1	chr9	123734557	123734734	SINE/MIR	456	+	88	123734645	48091
chr9	123686554	123886554	harbor1	chr9	123749394	123749621	SINE/MIR	483	+	114	123749508	62954
chr9	123686554	123886554	harbor1	chr9	123764011	123764237	SINE/MIR	410	+	113	123764124	77570
chr9	123686554	123886554	harbor1	chr9	123765201	123765442	SINE/MIR	614	+	120	123765321	78767
chr9	123686554	123886554	harbor1	chr9	123765856	123765999	SINE/MIR	421	+	72	123765928	79374
chr9	123686554	123886554	harbor1	chr9	123766652	123766771	SINE/MIR	400	+	60	123766712	80158
chr9	65508840	65708840	harbor1	chr9	65549323	65549582	SINE/MIR	673	+	130	65549453	40613
chr9	65508840	65708840	harbor1	chr9	65549583	65549833	SINE/MIR	1008	+	125	65549708	40868
chr9	65508840	65708840	harbor1	chr9	65558213	65558428	SINE/MIR	659	+	108	65558321	49481
chr9	65508840	65708840	harbor1	chr9	65563068	65563236	SINE/MIR	679	+	84	65563152	54312
chr9	65508840	65708840	harbor1	chr9	65563498	65563573	SINE/MIR	679	+	38	65563536	54696
chr9	65508840	65708840	harbor1	chr9	65573638	65573864	SINE/MIR	776	+	113	65573751	64911
chr9	65508840	65708840	harbor1	chr9	65579631	65579745	SINE/MIR	428	+	57	65579688	70848
chr9	65508840	65708840	harbor1	chr9	65581451	65581608	SINE/MIR	427	+	78	65581529	72689
chr9	93089236	93289236	harbor1	chr9	93099407	93099616	SINE/MIR	471	+	104	93099511	10275
chr9	93089236	93289236	harbor1	chr9	93175163	93175411	SINE/MIR	459	+	124	93175287	86051
chr9	82397978	82597978	harbor1	chr9	82447189	82447342	SINE/MIR	491	+	76	82447265	49287
chr9	82397978	82597978	harbor1	chr9	82447806	82447861	SINE/MIR	491	+	28	82447834	49856
chr9	119951073	120151073	harbor1	chr9	119957365	119957551	SINE/MIR	620	+	93	119957458	6385
chr9	119951073	120151073	harbor1	chr9	119959574	119959782	SINE/MIR	499	+	104	119959678	8605
chr9	119951073	120151073	harbor1	chr9	119962833	119963012	SINE/MIR	498	+	90	119962923	11850
chr9	119951073	120151073	harbor1	chr9	119968915	119969077	SINE/MIR	456	+	81	119968996	17923
chr9	119951073	120151073	harbor1	chr9	119969814	119970062	SINE/MIR	540	+	124	119969938	18865
chr9	119951073	120151073	harbor1	chr9	119979726	119979940	SINE/MIR	402	+	107	119979833	28760
chr9	119951073	120151073	harbor1	chr9	119987411	119987628	SINE/MIR	473	+	108	119987519	36446
chr9	119951073	120151073	harbor1	chr9	119990539	119990781	SINE/MIR	979	+	121	119990660	39587
chr9	119951073	120151073	harbor1	chr9	120002260	120002481	SINE/MIR	841	+	110	120002370	51297
chr9	119951073	120151073	harbor1	chr9	120005061	120005230	SINE/MIR	531	+	84	120005145	54072
chr9	119951073	120151073	harbor1	chr9	120014896	120015135	SINE/MIR	706	+	120	120015016	63943
chr9	119951073	120151073	harbor1	chr9	120030609	120030811	SINE/MIR	521	+	101	120030710	79637
chr9	119951073	120151073	harbor1	chr9	120032508	120032710	SINE/MIR	483	+	101	120032609	81536
chr9	119951073	120151073	harbor1	chr9	120037013	120037163	SINE/MIR	557	+	75	120037088	86015
chr9	119951073	120151073	harbor1	chr9	120039428	120039628	SINE/MIR	429	+	100	120039528	88455
chr9	119951073	120151073	harbor1	chr9	120040899	120041063	SINE/MIR	421	+	82	120040981	89908
chr9	119951073	120151073	harbor1	chr9	120041952	120042153	SINE/MIR	505	+	100	120042052	90979
chr9	119951073	120151073	harbor1	chr9	120050206	120050407	SINE/MIR	742	+	100	120050306	99233
chr9	119951073	120151073	harbor1	chr9	119963594	119963751	SINE/MIR	429	+	78	119963672	12599
chr9	119951073	120151073	harbor1	chr9	120045505	120045758	SINE/MIR	468	+	126	120045631	94558
chr9	94045412	94245412	harbor1	chr9	94055148	94055294	SINE/MIR	678	+	73	94055221	9809
chr9	94045412	94245412	harbor1	chr9	94085500	94085676	SINE/MIR	545	+	88	94085588	40176
chr9	94045412	94245412	harbor1	chr9	94100492	94100730	SINE/MIR	531	+	119	94100611	55199
chr9	20513613	20713613	harbor1	chr9	20557249	20557470	SINE/MIR	714	+	110	20557359	43746
chr9	100146880	100346880	harbor1	chr9	100158378	100158628	SINE/MIR	575	+	125	100158503	11623
chr9	100146880	100346880	harbor1	chr9	100171830	100172028	SINE/MIR	449	+	99	100171929	25049
chr9	100146880	100346880	harbor1	chr9	100226942	100227086	SINE/MIR	480	+	72	100227014	80134
chr9	100146880	100346880	harbor1	chr9	100228658	100228839	SINE/MIR	747	+	90	100228748	81868
chr9	100146880	100346880	harbor1	chr9	100229566	100229627	SINE/MIR	747	+	30	100229596	82716
chr9	100146880	100346880	harbor1	chr9	100243200	100243439	SINE/MIR	661	+	120	100243320	96440
chr9	72678200	72878200	harbor1	chr9	72678116	72678282	SINE/MIR	409	+	83	72678199	1
chr9	72678200	72878200	harbor1	chr9	72678398	72678591	SINE/MIR	563	+	96	72678494	294
chr9	72678200	72878200	harbor1	chr9	72702347	72702522	SINE/MIR	474	+	88	72702435	24235
chr9	72678200	72878200	harbor1	chr9	72719950	72720081	SINE/MIR	425	+	66	72720016	41816
chr9	72678200	72878200	harbor1	chr9	72732750	72732928	SINE/MIR	551	+	89	72732839	54639
chr9	72678200	72878200	harbor1	chr9	72748131	72748365	SINE/MIR	506	+	117	72748248	70048
chr9	72678200	72878200	harbor1	chr9	72765935	72766135	SINE/MIR	538	+	100	72766035	87835
chr9	72678200	72878200	harbor1	chr9	72769075	72769231	SINE/MIR	723	+	78	72769153	90953
chr9	72678200	72878200	harbor1	chr9	72773818	72774016	SINE/MIR	526	+	99	72773917	95717
chr9	98099239	98299239	harbor1	chr9	98099511	98099726	SINE/MIR	517	+	108	98099619	380
chr9	98099239	98299239	harbor1	chr9	98125139	98125314	SINE/MIR	505	+	88	98125227	25988
chr9	98099239	98299239	harbor1	chr9	98132769	98132946	SINE/MIR	434	+	88	98132857	33618
chr9	98099239	98299239	harbor1	chr9	98136591	98136830	SINE/MIR	780	+	120	98136711	37472
chr9	98099239	98299239	harbor1	chr9	98137792	98137986	SINE/MIR	693	+	97	98137889	38650
chr9	98099239	98299239	harbor1	chr9	98141760	98141901	SINE/MIR	488	+	70	98141830	42591
chr9	98099239	98299239	harbor1	chr9	98143452	98143661	SINE/MIR	488	+	104	98143556	44317
chr9	98099239	98299239	harbor1	chr9	98158039	98158164	SINE/MIR	651	+	62	98158101	58862
chr9	98099239	98299239	harbor1	chr9	98158296	98158387	SINE/MIR	651	+	46	98158342	59103
chr9	98099239	98299239	harbor1	chr9	98174226	98174371	SINE/MIR	495	+	72	98174298	75059
chr9	98099239	98299239	harbor1	chr9	98175685	98175902	SINE/MIR	703	+	108	98175793	76554
chr9	98099239	98299239	harbor1	chr9	98182591	98182784	SINE/MIR	606	+	96	98182687	83448
chr9	35228235	35428235	harbor1	chr9	35242948	35243147	SINE/MIR	636	+	100	35243048	14813
chr9	108937191	109137191	harbor1	chr9	108962068	108962279	SINE/MIR	729	+	106	108962174	24983
chr9	108937191	109137191	harbor1	chr9	108981950	108982114	SINE/MIR	424	+	82	108982032	44841
chr9	108937191	109137191	harbor1	chr9	108982166	108982379	SINE/MIR	755	+	106	108982272	45081
chr9	108937191	109137191	harbor1	chr9	108990088	108990307	SINE/MIR	709	+	110	108990198	53007
chr9	108937191	109137191	harbor1	chr9	109006791	109006936	SINE/MIR	586	+	72	109006863	69672
chr9	108937191	109137191	harbor1	chr9	109011644	109011885	SINE/MIR	837	+	120	109011764	74573
chr9	108937191	109137191	harbor1	chr9	109015625	109015820	SINE/MIR	516	+	98	109015723	78532
chr9	108937191	109137191	harbor1	chr9	109019256	109019466	SINE/MIR	399	+	105	109019361	82170
chr9	108657153	108857153	harbor1	chr9	108662519	108662537	SINE/MIR	496	+	9	108662528	5375
chr9	108657153	108857153	harbor1	chr9	108662753	108662986	SINE/MIR	617	+	116	108662869	5716
chr9	108657153	108857153	harbor1	chr9	108699226	108699444	SINE/MIR	566	+	109	108699335	42182
chr9	108657153	108857153	harbor1	chr9	108705057	108705233	SINE/MIR	473	+	88	108705145	47992
chr9	108657153	108857153	harbor1	chr9	108747164	108747427	SINE/MIR	772	+	132	108747296	90143
chr9	108657153	108857153	harbor1	chr9	108753173	108753332	SINE/MIR	458	+	80	108753253	96100
chr9	110364429	110564429	harbor1	chr9	110445448	110445665	SINE/MIR	629	+	108	110445556	81127
chr9	97940368	98140368	harbor1	chr9	97943025	97943193	SINE/MIR	463	+	84	97943109	2741
chr9	97940368	98140368	harbor1	chr9	97952871	97953019	SINE/MIR	470	+	74	97952945	12577
chr9	97940368	98140368	harbor1	chr9	97953306	97953399	SINE/MIR	470	+	46	97953352	12984
chr9	97940368	98140368	harbor1	chr9	97981689	97981852	SINE/MIR	427	+	82	97981771	41403
chr9	97940368	98140368	harbor1	chr9	97994860	97995061	SINE/MIR	717	+	100	97994960	54592
chr9	97940368	98140368	harbor1	chr9	97997467	97997703	SINE/MIR	599	+	118	97997585	57217
chr9	97940368	98140368	harbor1	chr9	97999539	97999727	SINE/MIR	547	+	94	97999633	59265
chr9	97940368	98140368	harbor1	chr9	98016208	98016399	SINE/MIR	516	+	96	98016304	75936
chr9	9228833	9428833	harbor1	chr9	9284709	9284923	SINE/MIR	472	+	107	9284816	55983
chr9	9228833	9428833	harbor1	chr9	9321636	9321862	SINE/MIR	580	+	113	9321749	92916
chr9	82655761	82855761	harbor1	chr9	82669622	82669822	SINE/MIR	517	+	100	82669722	13961
chr9	63594163	63794163	harbor1	chr9	63639981	63640184	SINE/MIR	457	+	102	63640083	45920
chr9	63594163	63794163	harbor1	chr9	63640660	63640686	SINE/MIR	457	+	13	63640673	46510
chr9	63594163	63794163	harbor1	chr9	63662253	63662412	SINE/MIR	414	+	80	63662333	68170
chr9	128642363	128842363	harbor1	chr9	128704495	128704640	SINE/MIR	539	+	72	128704567	62204
chr9	128642363	128842363	harbor1	chr9	128704947	128705042	SINE/MIR	539	+	48	128704995	62632
chr9	128642363	128842363	harbor1	chr9	128707462	128707682	SINE/MIR	619	+	110	128707572	65209
chr9	128642363	128842363	harbor1	chr9	128724688	128724818	SINE/MIR	584	+	65	128724753	82390
chr9	128090719	128290719	harbor1	chr9	128100031	128100235	SINE/MIR	538	+	102	128100133	9414
chr9	128090719	128290719	harbor1	chr9	128161002	128161153	SINE/MIR	403	+	76	128161078	70359
chr9	128090719	128290719	harbor1	chr9	128187360	128187593	SINE/MIR	674	+	116	128187476	96757
chr9	128090719	128290719	harbor1	chr9	128189413	128189524	SINE/MIR	425	+	56	128189469	98750
chr9	79993953	80193953	harbor1	chr9	80047720	80047962	SINE/MIR	588	+	121	80047841	53888
chr9	79993953	80193953	harbor1	chr9	80073134	80073350	SINE/MIR	461	+	108	80073242	79289
chr9	6838994	7038994	harbor1	chr9	6853771	6854012	SINE/MIR	633	+	120	6853891	14897
chr9	6838994	7038994	harbor1	chr9	6854819	6855065	SINE/MIR	433	+	123	6854942	15948
chr9	6838994	7038994	harbor1	chr9	6890212	6890375	SINE/MIR	462	+	82	6890294	51300
chr9	6838994	7038994	harbor1	chr9	6936704	6936953	SINE/MIR	611	+	124	6936828	97834
chr9	124251548	124451548	harbor1	chr9	124255312	124255495	SINE/MIR	465	+	92	124255404	3856
chr9	124251548	124451548	harbor1	chr9	124285749	124285953	SINE/MIR	754	+	102	124285851	34303
chr9	124251548	124451548	harbor1	chr9	124287309	124287537	SINE/MIR	494	+	114	124287423	35875
chr9	124251548	124451548	harbor1	chr9	124293153	124293365	SINE/MIR	597	+	106	124293259	41711
chr9	124251548	124451548	harbor1	chr9	124295520	124295743	SINE/MIR	470	+	112	124295632	44084
chr9	124251548	124451548	harbor1	chr9	124297999	124298166	SINE/MIR	484	+	84	124298083	46535
chr9	124251548	124451548	harbor1	chr9	124298700	124298908	SINE/MIR	768	+	104	124298804	47256
chr9	124251548	124451548	harbor1	chr9	124301725	124301884	SINE/MIR	459	+	80	124301805	50257
chr9	124251548	124451548	harbor1	chr9	124304347	124304587	SINE/MIR	722	+	120	124304467	52919
chr9	124251548	124451548	harbor1	chr9	124310090	124310338	SINE/MIR	530	+	124	124310214	58666
chr9	124251548	124451548	harbor1	chr9	124315817	124316000	SINE/MIR	437	+	92	124315909	64361
chr9	124251548	124451548	harbor1	chr9	124338649	124338831	SINE/MIR	479	+	91	124338740	87192
chr9	124251548	124451548	harbor1	chr9	124348513	124348638	SINE/MIR	492	+	62	124348575	97027
chr9	97934917	98134917	harbor1	chr9	97935935	97936135	SINE/MIR	451	+	100	97936035	1118
chr9	97934917	98134917	harbor1	chr9	97938541	97938693	SINE/MIR	444	+	76	97938617	3700
chr9	97934917	98134917	harbor1	chr9	97939120	97939346	SINE/MIR	542	+	113	97939233	4316
chr9	97934917	98134917	harbor1	chr9	97943025	97943193	SINE/MIR	463	+	84	97943109	8192
chr9	97934917	98134917	harbor1	chr9	97952871	97953019	SINE/MIR	470	+	74	97952945	18028
chr9	97934917	98134917	harbor1	chr9	97953306	97953399	SINE/MIR	470	+	46	97953352	18435
chr9	97934917	98134917	harbor1	chr9	97981689	97981852	SINE/MIR	427	+	82	97981771	46854
chr9	97934917	98134917	harbor1	chr9	97994860	97995061	SINE/MIR	717	+	100	97994960	60043
chr9	97934917	98134917	harbor1	chr9	97997467	97997703	SINE/MIR	599	+	118	97997585	62668
chr9	97934917	98134917	harbor1	chr9	97999539	97999727	SINE/MIR	547	+	94	97999633	64716
chr9	97934917	98134917	harbor1	chr9	98016208	98016399	SINE/MIR	516	+	96	98016304	81387
chr9	14161184	14361184	harbor1	chr9	14244623	14244809	SINE/MIR	473	+	93	14244716	83532
chr9	14161184	14361184	harbor1	chr9	14255926	14256091	SINE/MIR	410	+	82	14256008	94824
chr9	14161184	14361184	harbor1	chr9	14257052	14257274	SINE/MIR	662	+	111	14257163	95979
chr9	109147291	109347291	harbor1	chr9	109162452	109162638	SINE/MIR	607	+	93	109162545	15254
chr9	109147291	109347291	harbor1	chr9	109190680	109190817	SINE/MIR	459	+	68	109190748	43457
chr9	109147291	109347291	harbor1	chr9	109213997	109214134	SINE/MIR	435	+	68	109214065	66774
chr9	109147291	109347291	harbor1	chr9	109220915	109221053	SINE/MIR	447	+	69	109220984	73693
chr9	67508600	67708600	harbor1	chr9	67603106	67603221	SINE/MIR	397	+	58	67603164	94564
chr9	6658963	6858963	harbor1	chr9	6673253	6673501	SINE/MIR	572	+	124	6673377	14414
chr9	6658963	6858963	harbor1	chr9	6714447	6714611	SINE/MIR	411	+	82	6714529	55566
chr9	6658963	6858963	harbor1	chr9	6756139	6756312	SINE/MIR	591	+	86	6756225	97262
chr9	447793	647793	harbor1	chr9	449419	449599	SINE/MIR	419	+	90	449509	1716
chr9	447793	647793	harbor1	chr9	457199	457435	SINE/MIR	756	+	118	457317	9524
chr9	447793	647793	harbor1	chr9	462863	463037	SINE/MIR	494	+	87	462950	15157
chr9	447793	647793	harbor1	chr9	468975	469190	SINE/MIR	410	+	108	469083	21290
chr9	447793	647793	harbor1	chr9	484266	484431	SINE/MIR	497	+	82	484348	36555
chr9	447793	647793	harbor1	chr9	488475	488652	SINE/MIR	393	+	88	488563	40770
chr9	447793	647793	harbor1	chr9	492387	492623	SINE/MIR	482	+	118	492505	44712
chr9	447793	647793	harbor1	chr9	496038	496242	SINE/MIR	516	+	102	496140	48347
chr9	447793	647793	harbor1	chr9	511355	511552	SINE/MIR	629	+	98	511453	63660
chr9	132916076	133116076	harbor1	chr9	132935367	132935582	SINE/MIR	594	+	108	132935475	19399
chr9	132916076	133116076	harbor1	chr9	132940529	132940760	SINE/MIR	405	+	116	132940645	24569
chr9	132916076	133116076	harbor1	chr9	132943511	132943740	SINE/MIR	733	+	114	132943625	27549
chr9	132916076	133116076	harbor1	chr9	132945395	132945527	SINE/MIR	468	+	66	132945461	29385
chr9	132916076	133116076	harbor1	chr9	132958931	132959107	SINE/MIR	433	+	88	132959019	42943
chr9	132916076	133116076	harbor1	chr9	132959479	132959547	SINE/MIR	433	+	34	132959513	43437
chr9	132916076	133116076	harbor1	chr9	132992419	132992587	SINE/MIR	413	+	84	132992503	76427
chr9	34493522	34693522	harbor1	chr9	34495330	34495573	SINE/MIR	607	+	122	34495452	1930
chr9	34493522	34693522	harbor1	chr9	34516536	34516725	SINE/MIR	632	+	94	34516630	23108
chr9	34493522	34693522	harbor1	chr9	34524149	34524262	SINE/MIR	569	+	56	34524205	30683
chr9	34493522	34693522	harbor1	chr9	34553292	34553481	SINE/MIR	566	+	94	34553386	59864
chr9	77307523	77507523	harbor1	chr9	77338368	77338587	SINE/MIR	602	+	110	77338478	30955
chr9	77307523	77507523	harbor1	chr9	77392376	77392556	SINE/MIR	448	+	90	77392466	84943
chr9	77307523	77507523	harbor1	chr9	77395658	77395705	SINE/MIR	448	+	24	77395682	88159
chr9	119394101	119594101	harbor1	chr9	119395717	119395926	SINE/MIR	647	+	104	119395821	1720
chr9	119394101	119594101	harbor1	chr9	119399361	119399521	SINE/MIR	412	+	80	119399441	5340
chr9	119394101	119594101	harbor1	chr9	119402361	119402500	SINE/MIR	461	+	70	119402431	8330
chr9	119394101	119594101	harbor1	chr9	119407328	119407554	SINE/MIR	920	+	113	119407441	13340
chr9	119394101	119594101	harbor1	chr9	119412989	119413163	SINE/MIR	416	+	87	119413076	18975
chr9	119394101	119594101	harbor1	chr9	119414253	119414499	SINE/MIR	960	+	123	119414376	20275
chr9	119394101	119594101	harbor1	chr9	119421544	119421769	SINE/MIR	794	+	112	119421656	27555
chr9	119394101	119594101	harbor1	chr9	119422548	119422717	SINE/MIR	568	+	84	119422632	28531
chr9	119394101	119594101	harbor1	chr9	119424550	119424800	SINE/MIR	527	+	125	119424675	30574
chr9	119394101	119594101	harbor1	chr9	119441950	119442148	SINE/MIR	577	+	99	119442049	47948
chr9	112822031	113022031	harbor1	chr9	112868022	112868247	SINE/MIR	483	+	112	112868134	46103
chr9	112822031	113022031	harbor1	chr9	112875489	112875650	SINE/MIR	472	+	80	112875569	53538
chr9	112822031	113022031	harbor1	chr9	112883372	112883583	SINE/MIR	787	+	106	112883478	61447
chr9	112822031	113022031	harbor1	chr9	112901686	112901917	SINE/MIR	638	+	116	112901802	79771
chr9	13144466	13344466	harbor1	chr9	13154403	13154650	SINE/MIR	639	+	124	13154527	10061
chr9	13144466	13344466	harbor1	chr9	13170986	13171191	SINE/MIR	510	+	102	13171088	26622
chr9	13144466	13344466	harbor1	chr9	13177655	13177875	SINE/MIR	531	+	110	13177765	33299
chr9	13144466	13344466	harbor1	chr9	13239346	13239477	SINE/MIR	519	+	66	13239412	94946
chr9	24632905	24832905	harbor1	chr9	24716072	24716289	SINE/MIR	484	+	108	24716180	83275
chr9	24632905	24832905	harbor1	chr9	24727112	24727269	SINE/MIR	428	+	78	24727190	94285
chr9	131695081	131895081	harbor1	chr9	131698289	131698471	SINE/MIR	673	+	91	131698380	3299
chr9	131695081	131895081	harbor1	chr9	131701763	131701889	SINE/MIR	393	+	63	131701826	6745
chr9	131695081	131895081	harbor1	chr9	131710586	131710607	SINE/MIR	420	+	10	131710596	15515
chr9	131695081	131895081	harbor1	chr9	131731014	131731288	SINE/MIR	454	+	137	131731151	36070
chr9	131695081	131895081	harbor1	chr9	131734245	131734426	SINE/MIR	427	+	90	131734335	39254
chr9	131695081	131895081	harbor1	chr9	131762816	131762928	SINE/MIR	434	+	56	131762872	67791
chr9	131695081	131895081	harbor1	chr9	131779649	131779803	SINE/MIR	493	+	77	131779726	84645
chr9	131695081	131895081	harbor1	chr9	131710869	131711045	SINE/MIR	420	+	88	131710957	15876
chr9	31249949	31449949	harbor1	chr9	31335821	31335956	SINE/MIR	400	+	68	31335889	85940
chr9	115862386	116062386	harbor1	chr9	115882889	115883104	SINE/MIR	429	+	108	115882997	20611
chr9	115862386	116062386	harbor1	chr9	115928043	115928142	SINE/MIR	402	+	50	115928093	65707
chr9	115862386	116062386	harbor1	chr9	115951055	115951299	SINE/MIR	410	+	122	115951177	88791
chr9	115862386	116062386	harbor1	chr9	115952451	115952606	SINE/MIR	545	+	78	115952529	90143
chr9	80880506	81080506	harbor1	chr9	80887955	80888138	SINE/MIR	574	+	92	80888047	7541
chr9	80880506	81080506	harbor1	chr9	80911627	80911851	SINE/MIR	608	+	112	80911739	31233
chr9	80880506	81080506	harbor1	chr9	80930535	80930741	SINE/MIR	566	+	103	80930638	50132
chr9	112575803	112775803	harbor1	chr9	112581091	112581302	SINE/MIR	901	+	106	112581197	5394
chr9	112575803	112775803	harbor1	chr9	112584121	112584338	SINE/MIR	659	+	108	112584229	8426
chr9	112575803	112775803	harbor1	chr9	112592380	112592606	SINE/MIR	626	+	113	112592493	16690
chr9	104672672	104872672	harbor1	chr9	104693429	104693581	SINE/MIR	612	+	76	104693505	20833
chr9	104672672	104872672	harbor1	chr9	104720648	104720907	SINE/MIR	680	+	130	104720778	48106
chr9	104672672	104872672	harbor1	chr9	104757333	104757537	SINE/MIR	905	+	102	104757435	84763
chr9	62866671	63066671	harbor1	chr9	62872783	62872986	SINE/MIR	525	+	102	62872885	6214
chr9	62866671	63066671	harbor1	chr9	62888010	62888231	SINE/MIR	991	+	110	62888120	21449
chr9	62866671	63066671	harbor1	chr9	62888797	62888905	SINE/MIR	531	+	54	62888851	22180
chr9	62866671	63066671	harbor1	chr9	62899120	62899306	SINE/MIR	689	+	93	62899213	32542
chr9	62866671	63066671	harbor1	chr9	62935520	62935608	SINE/MIR	405	+	44	62935564	68893
chr9	62866671	63066671	harbor1	chr9	62938260	62938360	SINE/MIR	405	+	50	62938310	71639
chr9	83339820	83539820	harbor1	chr9	83374545	83374734	SINE/MIR	722	+	94	83374639	34819
chr9	83339820	83539820	harbor1	chr9	83434284	83434515	SINE/MIR	412	+	116	83434400	94580
chr9	83339820	83539820	harbor1	chr9	83377994	83378180	SINE/MIR	458	+	93	83378087	38267
chr9	32301727	32501727	harbor1	chr9	32334475	32334699	SINE/MIR	430	+	112	32334587	32860
chr9	32301727	32501727	harbor1	chr9	32380451	32380628	SINE/MIR	452	+	88	32380539	78812
chr9	32301727	32501727	harbor1	chr9	32392222	32392446	SINE/MIR	459	+	112	32392334	90607
chr9	95355105	95555105	harbor1	chr9	95393574	95393832	SINE/MIR	681	+	129	95393703	38598
chr9	474364	674364	harbor1	chr9	484266	484431	SINE/MIR	497	+	82	484348	9984
chr9	474364	674364	harbor1	chr9	488475	488652	SINE/MIR	393	+	88	488563	14199
chr9	474364	674364	harbor1	chr9	492387	492623	SINE/MIR	482	+	118	492505	18141
chr9	474364	674364	harbor1	chr9	496038	496242	SINE/MIR	516	+	102	496140	21776
chr9	474364	674364	harbor1	chr9	511355	511552	SINE/MIR	629	+	98	511453	37089
chr9	474364	674364	harbor1	chr9	562564	562716	SINE/MIR	476	+	76	562640	88276
chr9	10057263	10257263	harbor1	chr9	10099171	10099369	SINE/MIR	684	+	99	10099270	42007
chr9	10057263	10257263	harbor1	chr9	10107431	10107656	SINE/MIR	480	+	112	10107543	50280
chr9	75813361	76013361	harbor1	chr9	75839212	75839439	SINE/MIR	652	+	114	75839326	25965
chr9	75813361	76013361	harbor1	chr9	75855488	75855650	SINE/MIR	472	+	81	75855569	42208
chr9	75813361	76013361	harbor1	chr9	75856069	75856303	SINE/MIR	687	+	117	75856186	42825
chr9	75813361	76013361	harbor1	chr9	75856335	75856500	SINE/MIR	510	+	82	75856417	43056
chr9	75813361	76013361	harbor1	chr9	75896973	75897136	SINE/MIR	401	+	82	75897055	83694
chr9	75813361	76013361	harbor1	chr9	75900147	75900376	SINE/MIR	670	+	114	75900261	86900
chr9	75813361	76013361	harbor1	chr9	75857739	75857945	SINE/MIR	481	+	103	75857842	44481
chr9	76830450	77030450	harbor1	chr9	76876963	76877121	SINE/MIR	511	+	79	76877042	46592
chr9	76830450	77030450	harbor1	chr9	76885654	76885844	SINE/MIR	720	+	95	76885749	55299
chr9	76830450	77030450	harbor1	chr9	76891765	76891939	SINE/MIR	480	+	87	76891852	61402
chr9	76830450	77030450	harbor1	chr9	76897294	76897390	SINE/MIR	474	+	48	76897342	66892
chr9	76830450	77030450	harbor1	chr9	76897716	76897812	SINE/MIR	474	+	48	76897764	67314
chr9	76830450	77030450	harbor1	chr9	76911203	76911339	SINE/MIR	414	+	68	76911271	80821
chr9	76830450	77030450	harbor1	chr9	76890052	76890240	SINE/MIR	561	+	94	76890146	59696
chr9	42054965	42254965	harbor1	chr9	42055808	42056038	SINE/MIR	708	+	115	42055923	958
chr9	115314293	115514293	harbor1	chr9	115324246	115324405	SINE/MIR	432	+	80	115324326	10033
chr9	115314293	115514293	harbor1	chr9	115325785	115326025	SINE/MIR	1078	+	120	115325905	11612
chr9	115314293	115514293	harbor1	chr9	115340936	115341099	SINE/MIR	460	+	82	115341018	26725
chr9	115314293	115514293	harbor1	chr9	115356564	115356798	SINE/MIR	430	+	117	115356681	42388
chr9	115314293	115514293	harbor1	chr9	115358234	115358345	SINE/MIR	553	+	56	115358290	43997
chr9	115314293	115514293	harbor1	chr9	115358728	115358828	SINE/MIR	553	+	50	115358778	44485
chr9	115314293	115514293	harbor1	chr9	115367691	115367935	SINE/MIR	732	+	122	115367813	53520
chr9	115314293	115514293	harbor1	chr9	115391347	115391479	SINE/MIR	411	+	66	115391413	77120
chr9	115314293	115514293	harbor1	chr9	115392963	115393195	SINE/MIR	570	+	116	115393079	78786
chr9	115314293	115514293	harbor1	chr9	115395183	115395375	SINE/MIR	480	+	96	115395279	80986
chr9	115314293	115514293	harbor1	chr9	115392287	115392518	SINE/MIR	489	+	116	115392403	78110
chr9	26135317	26335317	harbor1	chr9	26172913	26173105	SINE/MIR	444	+	96	26173009	37692
chr9	26135317	26335317	harbor1	chr9	26174193	26174415	SINE/MIR	469	+	111	26174304	38987
chr9	26135317	26335317	harbor1	chr9	26224385	26224609	SINE/MIR	804	+	112	26224497	89180
chr9	26135317	26335317	harbor1	chr9	26228531	26228720	SINE/MIR	475	+	94	26228625	93308
chr9	26046237	26246237	harbor1	chr9	26050275	26050440	SINE/MIR	542	+	82	26050357	4120
chr9	26046237	26246237	harbor1	chr9	26079215	26079417	SINE/MIR	683	+	101	26079316	33079
chr9	26046237	26246237	harbor1	chr9	26132224	26132446	SINE/MIR	437	+	111	26132335	86098
chr9	26046237	26246237	harbor1	chr9	26134992	26135188	SINE/MIR	599	+	98	26135090	88853
chr9	130206402	130406402	harbor1	chr9	130245162	130245322	SINE/MIR	414	+	80	130245242	38840
chr9	130206402	130406402	harbor1	chr9	130265033	130265229	SINE/MIR	514	+	98	130265131	58729
chr9	130206402	130406402	harbor1	chr9	130277432	130277680	SINE/MIR	826	+	124	130277556	71154
chr9	130206402	130406402	harbor1	chr9	130281207	130281343	SINE/MIR	630	+	68	130281275	74873
chr9	130206402	130406402	harbor1	chr9	130281912	130282017	SINE/MIR	630	+	52	130281964	75562
chr9	130206402	130406402	harbor1	chr9	130289449	130289617	SINE/MIR	483	+	84	130289533	83131
chr9	133507300	133707300	harbor1	chr9	133520366	133520545	SINE/MIR	465	+	90	133520456	13156
chr9	133507300	133707300	harbor1	chr9	133537893	133538100	SINE/MIR	549	+	104	133537997	30697
chr9	27197333	27397333	harbor1	chr9	27202312	27202508	SINE/MIR	601	+	98	27202410	5077
chr9	27197333	27397333	harbor1	chr9	27250504	27250749	SINE/MIR	611	+	122	27250626	53293
chr9	27197333	27397333	harbor1	chr9	27263059	27263252	SINE/MIR	762	+	96	27263155	65822
chr9	27197333	27397333	harbor1	chr9	27287531	27287668	SINE/MIR	511	+	68	27287599	90266
chr9	131229263	131429263	harbor1	chr9	131256867	131257027	SINE/MIR	526	+	80	131256947	27684
chr9	131229263	131429263	harbor1	chr9	131293638	131293831	SINE/MIR	406	+	96	131293734	64471
chr9	131229263	131429263	harbor1	chr9	131294171	131294349	SINE/MIR	489	+	89	131294260	64997
chr9	131229263	131429263	harbor1	chr9	131315211	131315396	SINE/MIR	440	+	92	131315303	86040
chr9	131229263	131429263	harbor1	chr9	131325461	131325630	SINE/MIR	407	+	84	131325545	96282
chr9	131229263	131429263	harbor1	chr9	131284987	131285139	SINE/MIR	428	+	76	131285063	55800
chr9	94328521	94528521	harbor1	chr9	94361340	94361563	SINE/MIR	504	+	112	94361452	32931
chr9	94328521	94528521	harbor1	chr9	94393521	94393745	SINE/MIR	768	+	112	94393633	65112
chr9	72928890	73128890	harbor1	chr9	72939095	72939291	SINE/MIR	475	+	98	72939193	10303
chr9	72928890	73128890	harbor1	chr9	72947689	72947922	SINE/MIR	484	+	116	72947805	18915
chr9	72928890	73128890	harbor1	chr9	72949431	72949641	SINE/MIR	772	+	105	72949536	20646
chr9	72928890	73128890	harbor1	chr9	73014190	73014405	SINE/MIR	980	+	108	73014298	85408
chr9	72928890	73128890	harbor1	chr9	73014641	73014797	SINE/MIR	489	+	78	73014719	85829
chr9	108094146	108294146	harbor1	chr9	108101094	108101239	SINE/MIR	451	+	72	108101166	7020
chr9	108094146	108294146	harbor1	chr9	108121477	108121705	SINE/MIR	495	+	114	108121591	27445
chr9	108094146	108294146	harbor1	chr9	108123975	108124159	SINE/MIR	404	+	92	108124067	29921
chr9	108094146	108294146	harbor1	chr9	108139515	108139651	SINE/MIR	724	+	68	108139583	45437
chr9	108094146	108294146	harbor1	chr9	108139987	108140080	SINE/MIR	724	+	46	108140033	45887
chr9	108094146	108294146	harbor1	chr9	108154425	108154564	SINE/MIR	463	+	70	108154495	60349
chr9	108094146	108294146	harbor1	chr9	108156784	108156987	SINE/MIR	454	+	102	108156886	62740
chr9	108094146	108294146	harbor1	chr9	108170018	108170141	SINE/MIR	450	+	62	108170080	75934
chr9	108094146	108294146	harbor1	chr9	108186628	108186736	SINE/MIR	402	+	54	108186682	92536
chr9	108094146	108294146	harbor1	chr9	108191440	108191666	SINE/MIR	882	+	113	108191553	97407
chr9	69667227	69867227	harbor1	chr9	69745667	69745848	SINE/MIR	485	+	90	69745757	78530
chr9	69667227	69867227	harbor1	chr9	69753741	69753951	SINE/MIR	510	+	105	69753846	86619
chr9	111742767	111942767	harbor1	chr9	111782235	111782436	SINE/MIR	736	+	100	111782335	39568
chr9	111742767	111942767	harbor1	chr9	111813058	111813233	SINE/MIR	493	+	88	111813146	70379
chr9	111742767	111942767	harbor1	chr9	111832314	111832478	SINE/MIR	552	+	82	111832396	89629
chr9	9084854	9284854	harbor1	chr9	9088785	9088990	SINE/MIR	644	+	102	9088887	4033
chr9	9084854	9284854	harbor1	chr9	9129838	9130032	SINE/MIR	577	+	97	9129935	45081
chr9	9084854	9284854	harbor1	chr9	9149071	9149314	SINE/MIR	657	+	122	9149193	64339
chr9	9084854	9284854	harbor1	chr9	9179781	9179965	SINE/MIR	406	+	92	9179873	95019
chr9	9084854	9284854	harbor1	chr9	9109314	9109524	SINE/MIR	414	+	105	9109419	24565
chr9	5824117	6024117	harbor1	chr9	5846326	5846539	SINE/MIR	935	+	106	5846432	22315
chr9	5824117	6024117	harbor1	chr9	5867620	5867763	SINE/MIR	733	+	72	5867692	43575
chr9	5824117	6024117	harbor1	chr9	5867790	5867880	SINE/MIR	733	+	45	5867835	43718
chr9	5824117	6024117	harbor1	chr9	5878375	5878548	SINE/MIR	591	+	86	5878461	54344
chr9	5824117	6024117	harbor1	chr9	5896135	5896319	SINE/MIR	564	+	92	5896227	72110
chr9	5824117	6024117	harbor1	chr9	5896912	5897173	SINE/MIR	606	+	130	5897042	72925
chr9	5824117	6024117	harbor1	chr9	5908027	5908211	SINE/MIR	951	+	92	5908119	84002
chr9	432916	632916	harbor1	chr9	449419	449599	SINE/MIR	419	+	90	449509	16593
chr9	432916	632916	harbor1	chr9	457199	457435	SINE/MIR	756	+	118	457317	24401
chr9	432916	632916	harbor1	chr9	462863	463037	SINE/MIR	494	+	87	462950	30034
chr9	432916	632916	harbor1	chr9	468975	469190	SINE/MIR	410	+	108	469083	36167
chr9	432916	632916	harbor1	chr9	484266	484431	SINE/MIR	497	+	82	484348	51432
chr9	432916	632916	harbor1	chr9	488475	488652	SINE/MIR	393	+	88	488563	55647
chr9	432916	632916	harbor1	chr9	492387	492623	SINE/MIR	482	+	118	492505	59589
chr9	432916	632916	harbor1	chr9	496038	496242	SINE/MIR	516	+	102	496140	63224
chr9	432916	632916	harbor1	chr9	511355	511552	SINE/MIR	629	+	98	511453	78537
chr9	12780629	12980629	harbor1	chr9	12796745	12796976	SINE/MIR	448	+	116	12796861	16232
chr9	12780629	12980629	harbor1	chr9	12828020	12828241	SINE/MIR	609	+	110	12828130	47501
chr9	12780629	12980629	harbor1	chr9	12860709	12860789	SINE/MIR	417	+	40	12860749	80120
chr9	74478044	74678044	harbor1	chr9	74516068	74516268	SINE/MIR	486	+	100	74516168	38124
chr9	74478044	74678044	harbor1	chr9	74538795	74538945	SINE/MIR	465	+	75	74538870	60826
chr9	74478044	74678044	harbor1	chr9	74540327	74540475	SINE/MIR	495	+	74	74540401	62357
chr9	74478044	74678044	harbor1	chr9	74542810	74543053	SINE/MIR	576	+	122	74542932	64888
chr9	74478044	74678044	harbor1	chr9	74552317	74552576	SINE/MIR	877	+	130	74552447	74403
chr9	74478044	74678044	harbor1	chr9	74577678	74577823	SINE/MIR	405	+	72	74577750	99706
chr9	37301107	37501107	harbor1	chr9	37304746	37304921	SINE/MIR	483	+	88	37304834	3727
chr9	37301107	37501107	harbor1	chr9	37335344	37335546	SINE/MIR	453	+	101	37335445	34338
chr9	60722568	60922568	harbor1	chr9	60777185	60777378	SINE/MIR	603	+	96	60777281	54713
chr9	91546426	91746426	harbor1	chr9	91585114	91585291	SINE/MIR	404	+	88	91585202	38776
chr9	91546426	91746426	harbor1	chr9	91597262	91597458	SINE/MIR	492	+	98	91597360	50934
chr9	115377893	115577893	harbor1	chr9	115391347	115391479	SINE/MIR	411	+	66	115391413	13520
chr9	115377893	115577893	harbor1	chr9	115392963	115393195	SINE/MIR	570	+	116	115393079	15186
chr9	115377893	115577893	harbor1	chr9	115395183	115395375	SINE/MIR	480	+	96	115395279	17386
chr9	115377893	115577893	harbor1	chr9	115431041	115431265	SINE/MIR	744	+	112	115431153	53260
chr9	115377893	115577893	harbor1	chr9	115435743	115435896	SINE/MIR	512	+	76	115435819	57926
chr9	115377893	115577893	harbor1	chr9	115455807	115455991	SINE/MIR	671	+	92	115455899	78006
chr9	115377893	115577893	harbor1	chr9	115464014	115464196	SINE/MIR	502	+	91	115464105	86212
chr9	115377893	115577893	harbor1	chr9	115392287	115392518	SINE/MIR	489	+	116	115392403	14510
chr9	113481905	113681905	harbor1	chr9	113482590	113482781	SINE/MIR	460	+	96	113482686	781
chr9	113481905	113681905	harbor1	chr9	113484630	113484751	SINE/MIR	450	+	60	113484690	2785
chr9	113481905	113681905	harbor1	chr9	113490012	113490189	SINE/MIR	446	+	88	113490100	8195
chr9	113481905	113681905	harbor1	chr9	113495545	113495696	SINE/MIR	587	+	76	113495621	13716
chr9	113481905	113681905	harbor1	chr9	113500465	113500626	SINE/MIR	404	+	80	113500545	18640
chr9	113481905	113681905	harbor1	chr9	113502781	113503021	SINE/MIR	584	+	120	113502901	20996
chr9	113481905	113681905	harbor1	chr9	113508898	113509003	SINE/MIR	563	+	52	113508950	27045
chr9	113481905	113681905	harbor1	chr9	113509299	113509435	SINE/MIR	563	+	68	113509367	27462
chr9	113481905	113681905	harbor1	chr9	113523269	113523499	SINE/MIR	734	+	115	113523384	41479
chr9	113481905	113681905	harbor1	chr9	113526428	113526603	SINE/MIR	511	+	88	113526516	44611
chr9	113481905	113681905	harbor1	chr9	113527941	113528147	SINE/MIR	564	+	103	113528044	46139
chr9	113481905	113681905	harbor1	chr9	113531327	113531542	SINE/MIR	862	+	108	113531435	49530
chr9	113481905	113681905	harbor1	chr9	113531688	113531885	SINE/MIR	443	+	98	113531786	49881
chr9	113481905	113681905	harbor1	chr9	113533064	113533228	SINE/MIR	424	+	82	113533146	51241
chr9	113481905	113681905	harbor1	chr9	113533530	113533578	SINE/MIR	424	+	24	113533554	51649
chr9	113481905	113681905	harbor1	chr9	113537996	113538214	SINE/MIR	787	+	109	113538105	56200
chr9	113481905	113681905	harbor1	chr9	113546841	113546993	SINE/MIR	459	+	76	113546917	65012
chr9	113481905	113681905	harbor1	chr9	113549128	113549343	SINE/MIR	479	+	108	113549236	67331
chr9	113481905	113681905	harbor1	chr9	113562749	113562920	SINE/MIR	550	+	86	113562835	80930
chr9	113481905	113681905	harbor1	chr9	113564152	113564397	SINE/MIR	706	+	122	113564274	82369
chr9	113481905	113681905	harbor1	chr9	113573908	113574131	SINE/MIR	780	+	112	113574020	92115
chr9	105298239	105498239	harbor1	chr9	105309263	105309386	SINE/MIR	413	+	62	105309325	11086
chr9	105298239	105498239	harbor1	chr9	105331779	105332000	SINE/MIR	504	+	110	105331889	33650
chr9	105298239	105498239	harbor1	chr9	105333399	105333494	SINE/MIR	498	+	48	105333447	35208
chr9	105298239	105498239	harbor1	chr9	105336810	105337028	SINE/MIR	538	+	109	105336919	38680
chr9	105298239	105498239	harbor1	chr9	105337212	105337455	SINE/MIR	1026	+	122	105337334	39095
chr9	105298239	105498239	harbor1	chr9	105347899	105348121	SINE/MIR	728	+	111	105348010	49771
chr9	105298239	105498239	harbor1	chr9	105350574	105350787	SINE/MIR	596	+	106	105350680	52441
chr9	105298239	105498239	harbor1	chr9	105375387	105375632	SINE/MIR	938	+	122	105375509	77270
chr9	116109417	116309417	harbor1	chr9	116128467	116128657	SINE/MIR	397	+	95	116128562	19145
chr9	116109417	116309417	harbor1	chr9	116143721	116143896	SINE/MIR	421	+	88	116143809	34392
chr9	116109417	116309417	harbor1	chr9	116158388	116158646	SINE/MIR	703	+	129	116158517	49100
chr9	116109417	116309417	harbor1	chr9	116159127	116159314	SINE/MIR	423	+	94	116159221	49804
chr9	116109417	116309417	harbor1	chr9	116163409	116163595	SINE/MIR	400	+	93	116163502	54085
chr9	116109417	116309417	harbor1	chr9	116173952	116174205	SINE/MIR	857	+	126	116174078	64661
chr9	116109417	116309417	harbor1	chr9	116180316	116180473	SINE/MIR	396	+	78	116180394	70977
chr9	116109417	116309417	harbor1	chr9	116180832	116180980	SINE/MIR	398	+	74	116180906	71489
chr9	116109417	116309417	harbor1	chr9	116188819	116188971	SINE/MIR	411	+	76	116188895	79478
chr9	116109417	116309417	harbor1	chr9	116194156	116194384	SINE/MIR	565	+	114	116194270	84853
chr9	116109417	116309417	harbor1	chr9	116194512	116194736	SINE/MIR	510	+	112	116194624	85207
chr9	116109417	116309417	harbor1	chr9	116195434	116195685	SINE/MIR	481	+	126	116195560	86143
chr9	116109417	116309417	harbor1	chr9	116207242	116207389	SINE/MIR	408	+	74	116207316	97899
chr9	116109417	116309417	harbor1	chr9	116162480	116162726	SINE/MIR	866	+	123	116162603	53186
chr9	20992485	21192485	harbor1	chr9	20992471	20992598	SINE/MIR	465	+	64	20992535	50
chr9	20992485	21192485	harbor1	chr9	21019256	21019512	SINE/MIR	510	+	128	21019384	26899
chr9	20992485	21192485	harbor1	chr9	21070627	21070807	SINE/MIR	592	+	90	21070717	78232
chr9	20992485	21192485	harbor1	chr9	21075907	21076083	SINE/MIR	529	+	88	21075995	83510
chr9	81144151	81344151	harbor1	chr9	81160841	81161104	SINE/MIR	944	+	132	81160973	16822
chr9	81144151	81344151	harbor1	chr9	81177550	81177726	SINE/MIR	400	+	88	81177638	33487
chr9	81144151	81344151	harbor1	chr9	81184695	81184859	SINE/MIR	564	+	82	81184777	40626
chr9	81144151	81344151	harbor1	chr9	81207782	81208030	SINE/MIR	759	+	124	81207906	63755
chr9	17836564	18036564	harbor1	chr9	17876385	17876615	SINE/MIR	450	+	115	17876500	39936
chr9	17836564	18036564	harbor1	chr9	17887082	17887115	SINE/MIR	518	+	16	17887098	50534
chr9	17836564	18036564	harbor1	chr9	17887400	17887484	SINE/MIR	518	+	42	17887442	50878
chr9	63056402	63256402	harbor1	chr9	63139986	63140106	SINE/MIR	518	+	60	63140046	83644
chr9	63056402	63256402	harbor1	chr9	63145101	63145269	SINE/MIR	678	+	84	63145185	88783
chr9	135900303	136100303	harbor1	chr9	135969926	135970051	SINE/MIR	613	+	62	135969988	69685
chr9	12488388	12688388	harbor1	chr9	12536567	12536809	SINE/MIR	582	+	121	12536688	48300
chr9	12488388	12688388	harbor1	chr9	12541380	12541585	SINE/MIR	506	+	102	12541482	53094
chr9	23772158	23972158	harbor1	chr9	23798331	23798543	SINE/MIR	790	+	106	23798437	26279
chr9	23772158	23972158	harbor1	chr9	23834361	23834578	SINE/MIR	604	+	108	23834469	62311
chr9	23772158	23972158	harbor1	chr9	23840049	23840253	SINE/MIR	764	+	102	23840151	67993
chr9	23772158	23972158	harbor1	chr9	23856600	23856860	SINE/MIR	556	+	130	23856730	84572
chr9	103556930	103756930	harbor1	chr9	103587244	103587420	SINE/MIR	495	+	88	103587332	30402
chr9	103556930	103756930	harbor1	chr9	103654346	103654574	SINE/MIR	761	+	114	103654460	97530
chr9	63907492	64107492	harbor1	chr9	63912105	63912298	SINE/MIR	443	+	96	63912201	4709
chr9	64654454	64854454	harbor1	chr9	64662389	64662547	SINE/MIR	614	+	79	64662468	8014
chr9	43142566	43342566	harbor1	chr9	43150701	43150859	SINE/MIR	605	+	79	43150780	8214
chr9	112735163	112935163	harbor1	chr9	112759754	112759954	SINE/MIR	628	+	100	112759854	24691
chr9	112735163	112935163	harbor1	chr9	112773133	112773306	SINE/MIR	484	+	86	112773219	38056
chr9	112735163	112935163	harbor1	chr9	112783238	112783448	SINE/MIR	428	+	105	112783343	48180
chr9	14323030	14523030	harbor1	chr9	14331662	14331875	SINE/MIR	453	+	106	14331768	8738
chr9	14323030	14523030	harbor1	chr9	14365016	14365156	SINE/MIR	476	+	70	14365086	42056
chr9	14323030	14523030	harbor1	chr9	14390205	14390332	SINE/MIR	443	+	64	14390269	67239
chr9	14323030	14523030	harbor1	chr9	14414534	14414699	SINE/MIR	546	+	82	14414616	91586
chr9	79234517	79434517	harbor1	chr9	79268396	79268644	SINE/MIR	413	+	124	79268520	34003
chr9	79234517	79434517	harbor1	chr9	79284175	79284359	SINE/MIR	409	+	92	79284267	49750
chr9	79234517	79434517	harbor1	chr9	79284543	79284703	SINE/MIR	646	+	80	79284623	50106
chr9	79234517	79434517	harbor1	chr9	79286125	79286360	SINE/MIR	714	+	118	79286243	51726
chr9	79234517	79434517	harbor1	chr9	79290364	79290584	SINE/MIR	613	+	110	79290474	55957
chr9	79234517	79434517	harbor1	chr9	79317075	79317327	SINE/MIR	413	+	126	79317201	82684
chr9	3155861	3355861	harbor1	chr9	3242102	3242294	SINE/MIR	515	+	96	3242198	86337
chr9	3155861	3355861	harbor1	chr9	3243863	3243989	SINE/MIR	753	+	63	3243926	88065
chr9	3155861	3355861	harbor1	chr9	3244306	3244412	SINE/MIR	753	+	53	3244359	88498
chr9	3155861	3355861	harbor1	chr9	3247342	3247588	SINE/MIR	632	+	123	3247465	91604
chr9	105467404	105667404	harbor1	chr9	105484743	105484977	SINE/MIR	561	+	117	105484860	17456
chr9	105467404	105667404	harbor1	chr9	105551332	105551532	SINE/MIR	721	+	100	105551432	84028
chr9	83107406	83307406	harbor1	chr9	83121827	83122046	SINE/MIR	697	+	110	83121937	14531
chr9	83107406	83307406	harbor1	chr9	83130935	83131117	SINE/MIR	418	+	91	83131026	23620
chr9	83107406	83307406	harbor1	chr9	83166962	83167175	SINE/MIR	719	+	106	83167068	59662
chr9	83107406	83307406	harbor1	chr9	83187885	83188082	SINE/MIR	526	+	98	83187983	80577
chr9	75434788	75634788	harbor1	chr9	75451347	75451538	SINE/MIR	483	+	96	75451443	16655
chr9	75434788	75634788	harbor1	chr9	75452118	75452308	SINE/MIR	604	+	95	75452213	17425
chr9	98084017	98284017	harbor1	chr9	98085264	98085482	SINE/MIR	706	+	109	98085373	1356
chr9	98084017	98284017	harbor1	chr9	98099511	98099726	SINE/MIR	517	+	108	98099619	15602
chr9	98084017	98284017	harbor1	chr9	98125139	98125314	SINE/MIR	505	+	88	98125227	41210
chr9	98084017	98284017	harbor1	chr9	98132769	98132946	SINE/MIR	434	+	88	98132857	48840
chr9	98084017	98284017	harbor1	chr9	98136591	98136830	SINE/MIR	780	+	120	98136711	52694
chr9	98084017	98284017	harbor1	chr9	98137792	98137986	SINE/MIR	693	+	97	98137889	53872
chr9	98084017	98284017	harbor1	chr9	98141760	98141901	SINE/MIR	488	+	70	98141830	57813
chr9	98084017	98284017	harbor1	chr9	98143452	98143661	SINE/MIR	488	+	104	98143556	59539
chr9	98084017	98284017	harbor1	chr9	98158039	98158164	SINE/MIR	651	+	62	98158101	74084
chr9	98084017	98284017	harbor1	chr9	98158296	98158387	SINE/MIR	651	+	46	98158342	74325
chr9	98084017	98284017	harbor1	chr9	98174226	98174371	SINE/MIR	495	+	72	98174298	90281
chr9	98084017	98284017	harbor1	chr9	98175685	98175902	SINE/MIR	703	+	108	98175793	91776
chr9	98084017	98284017	harbor1	chr9	98182591	98182784	SINE/MIR	606	+	96	98182687	98670
chr9	22095800	22295800	harbor1	chr9	22105793	22105908	SINE/MIR	588	+	58	22105851	10051
chr9	22095800	22295800	harbor1	chr9	22106517	22106674	SINE/MIR	588	+	78	22106595	10795
chr9	22095800	22295800	harbor1	chr9	22118993	22119221	SINE/MIR	602	+	114	22119107	23307
chr9	22095800	22295800	harbor1	chr9	22119919	22120103	SINE/MIR	410	+	92	22120011	24211
chr9	22095800	22295800	harbor1	chr9	22161281	22161505	SINE/MIR	630	+	112	22161393	65593
chr9	22095800	22295800	harbor1	chr9	22169616	22169838	SINE/MIR	644	+	111	22169727	73927
chr9	5555290	5755290	harbor1	chr9	5556437	5556610	SINE/MIR	460	+	86	5556523	1233
chr9	5555290	5755290	harbor1	chr9	5557281	5557526	SINE/MIR	872	+	122	5557403	2113
chr9	5555290	5755290	harbor1	chr9	5587735	5587871	SINE/MIR	501	+	68	5587803	32513
chr9	5555290	5755290	harbor1	chr9	5615806	5616041	SINE/MIR	797	+	118	5615924	60634
chr9	32450299	32650299	harbor1	chr9	32461472	32461649	SINE/MIR	477	+	88	32461560	11261
chr9	32450299	32650299	harbor1	chr9	32544466	32544715	SINE/MIR	598	+	124	32544590	94291
chr9	32450299	32650299	harbor1	chr9	32549433	32549597	SINE/MIR	438	+	82	32549515	99216
chr9	60723286	60923286	harbor1	chr9	60777185	60777378	SINE/MIR	603	+	96	60777281	53995
chr9	74070575	74270575	harbor1	chr9	74109715	74109930	SINE/MIR	593	+	108	74109823	39248
chr9	74070575	74270575	harbor1	chr9	74123214	74123446	SINE/MIR	505	+	116	74123330	52755
chr9	74070575	74270575	harbor1	chr9	74138590	74138792	SINE/MIR	398	+	101	74138691	68116
chr9	74070575	74270575	harbor1	chr9	74149515	74149707	SINE/MIR	412	+	96	74149611	79036
chr9	74070575	74270575	harbor1	chr9	74158908	74159056	SINE/MIR	475	+	74	74158982	88407
chr9	78184584	78384584	harbor1	chr9	78191158	78191339	SINE/MIR	430	+	90	78191248	6664
chr9	78184584	78384584	harbor1	chr9	78235127	78235273	SINE/MIR	418	+	73	78235200	50616
chr9	78184584	78384584	harbor1	chr9	78242376	78242587	SINE/MIR	822	+	106	78242482	57898
chr9	68215703	68415703	harbor1	chr9	68221213	68221376	SINE/MIR	884	+	82	68221295	5592
chr9	68215703	68415703	harbor1	chr9	68221683	68221782	SINE/MIR	884	+	50	68221733	6030
chr9	68215703	68415703	harbor1	chr9	68238097	68238311	SINE/MIR	908	+	107	68238204	22501
chr9	68215703	68415703	harbor1	chr9	68267388	68267617	SINE/MIR	581	+	114	68267502	51799
chr9	68215703	68415703	harbor1	chr9	68310981	68311186	SINE/MIR	921	+	102	68311083	95380
chr9	37236790	37436790	harbor1	chr9	37249956	37250169	SINE/MIR	535	+	106	37250062	13272
chr9	37236790	37436790	harbor1	chr9	37276404	37276583	SINE/MIR	516	+	90	37276494	39704
chr9	37236790	37436790	harbor1	chr9	37304746	37304921	SINE/MIR	483	+	88	37304834	68044
chr9	37236790	37436790	harbor1	chr9	37335344	37335546	SINE/MIR	453	+	101	37335445	98655
chr9	117301944	117501944	harbor1	chr9	117301850	117301991	SINE/MIR	409	+	70	117301920	24
chr9	117301944	117501944	harbor1	chr9	117318116	117318357	SINE/MIR	592	+	120	117318236	16292
chr9	117301944	117501944	harbor1	chr9	117346762	117346959	SINE/MIR	425	+	98	117346860	44916
chr9	117301944	117501944	harbor1	chr9	117360686	117360818	SINE/MIR	394	+	66	117360752	58808
chr9	117301944	117501944	harbor1	chr9	117361345	117361552	SINE/MIR	451	+	104	117361449	59505
chr9	117301944	117501944	harbor1	chr9	117361693	117361914	SINE/MIR	440	+	110	117361803	59859
chr9	117301944	117501944	harbor1	chr9	117367324	117367569	SINE/MIR	399	+	122	117367446	65502
chr9	117301944	117501944	harbor1	chr9	117371507	117371735	SINE/MIR	757	+	114	117371621	69677
chr9	117301944	117501944	harbor1	chr9	117372474	117372681	SINE/MIR	648	+	104	117372578	70634
chr9	75741255	75941255	harbor1	chr9	75805440	75805665	SINE/MIR	558	+	112	75805552	64297
chr9	75741255	75941255	harbor1	chr9	75839212	75839439	SINE/MIR	652	+	114	75839326	98071
chr9	103693031	103893031	harbor1	chr9	103699532	103699689	SINE/MIR	399	+	78	103699610	6579
chr9	103693031	103893031	harbor1	chr9	103746766	103746891	SINE/MIR	501	+	62	103746828	53797
chr9	103693031	103893031	harbor1	chr9	103749691	103749863	SINE/MIR	419	+	86	103749777	56746
chr9	37541398	37741398	harbor1	chr9	37559402	37559528	SINE/MIR	485	+	63	37559465	18067
chr9	37541398	37741398	harbor1	chr9	37603153	37603302	SINE/MIR	479	+	74	37603227	61829
chr9	37541398	37741398	harbor1	chr9	37617359	37617573	SINE/MIR	1047	+	107	37617466	76068
chr9	37541398	37741398	harbor1	chr9	37620264	37620500	SINE/MIR	624	+	118	37620382	78984
chr9	37541398	37741398	harbor1	chr9	37637682	37637843	SINE/MIR	517	+	80	37637762	96364
chr9	37541398	37741398	harbor1	chr9	37640015	37640194	SINE/MIR	467	+	90	37640105	98707
chr9	105618764	105818764	harbor1	chr9	105620533	105620727	SINE/MIR	834	+	97	105620630	1866
chr9	105618764	105818764	harbor1	chr9	105624838	105625032	SINE/MIR	432	+	97	105624935	6171
chr9	105618764	105818764	harbor1	chr9	105639305	105639531	SINE/MIR	598	+	113	105639418	20654
chr9	105618764	105818764	harbor1	chr9	105645114	105645344	SINE/MIR	502	+	115	105645229	26465
chr9	109821310	110021310	harbor1	chr9	109832248	109832468	SINE/MIR	539	+	110	109832358	11048
chr9	109821310	110021310	harbor1	chr9	109853059	109853244	SINE/MIR	722	+	92	109853151	31841
chr9	109821310	110021310	harbor1	chr9	109857666	109857890	SINE/MIR	451	+	112	109857778	36468
chr9	109821310	110021310	harbor1	chr9	109858154	109858346	SINE/MIR	782	+	96	109858250	36940
chr9	109821310	110021310	harbor1	chr9	109886550	109886721	SINE/MIR	396	+	86	109886636	65326
chr9	109821310	110021310	harbor1	chr9	109888202	109888399	SINE/MIR	559	+	98	109888300	66990
chr9	109821310	110021310	harbor1	chr9	109892646	109892901	SINE/MIR	544	+	128	109892774	71464
chr9	109821310	110021310	harbor1	chr9	109897146	109897300	SINE/MIR	550	+	77	109897223	75913
chr9	109821310	110021310	harbor1	chr9	109902083	109902296	SINE/MIR	534	+	106	109902189	80879
chr9	109821310	110021310	harbor1	chr9	109908366	109908623	SINE/MIR	596	+	128	109908494	87184
chr9	109821310	110021310	harbor1	chr9	109915479	109915707	SINE/MIR	566	+	114	109915593	94283
chr9	83038004	83238004	harbor1	chr9	83100651	83100855	SINE/MIR	452	+	102	83100753	62749
chr9	83038004	83238004	harbor1	chr9	83121827	83122046	SINE/MIR	697	+	110	83121937	83933
chr9	83038004	83238004	harbor1	chr9	83130935	83131117	SINE/MIR	418	+	91	83131026	93022
chr9	97217247	97417247	harbor1	chr9	97234898	97235031	SINE/MIR	422	+	66	97234964	17717
chr9	97217247	97417247	harbor1	chr9	97242933	97243174	SINE/MIR	649	+	120	97243053	25806
chr9	97217247	97417247	harbor1	chr9	97292792	97293006	SINE/MIR	729	+	107	97292899	75652
chr9	97217247	97417247	harbor1	chr9	97296937	97297141	SINE/MIR	543	+	102	97297039	79792
chr9	8915027	9115027	harbor1	chr9	8941453	8941610	SINE/MIR	442	+	78	8941531	26504
chr9	8915027	9115027	harbor1	chr9	8960035	8960280	SINE/MIR	697	+	122	8960157	45130
chr9	8915027	9115027	harbor1	chr9	8960681	8960929	SINE/MIR	574	+	124	8960805	45778
chr9	8915027	9115027	harbor1	chr9	8971372	8971579	SINE/MIR	584	+	104	8971476	56449
chr9	8915027	9115027	harbor1	chr9	8993197	8993352	SINE/MIR	448	+	78	8993275	78248
chr9	5897981	6097981	harbor1	chr9	5908027	5908211	SINE/MIR	951	+	92	5908119	10138
chr9	5897981	6097981	harbor1	chr9	5956364	5956629	SINE/MIR	775	+	132	5956496	58515
chr9	5897981	6097981	harbor1	chr9	5959301	5959528	SINE/MIR	711	+	114	5959415	61434
chr9	5897981	6097981	harbor1	chr9	5986978	5987173	SINE/MIR	587	+	98	5987076	89095
chr9	77720294	77920294	harbor1	chr9	77735778	77735999	SINE/MIR	494	+	110	77735888	15594
chr9	77720294	77920294	harbor1	chr9	77810292	77810551	SINE/MIR	831	+	130	77810422	90128
chr9	77720294	77920294	harbor1	chr9	77819832	77820064	SINE/MIR	411	+	116	77819948	99654
chr9	69483863	69683863	harbor1	chr9	69531818	69531951	SINE/MIR	663	+	66	69531884	48021
chr9	69483863	69683863	harbor1	chr9	69546793	69546958	SINE/MIR	398	+	82	69546875	63012
chr9	69483863	69683863	harbor1	chr9	69560410	69560636	SINE/MIR	959	+	113	69560523	76660
chr9	69483863	69683863	harbor1	chr9	69568722	69568901	SINE/MIR	430	+	90	69568812	84949
chr9	69483863	69683863	harbor1	chr9	69581689	69581909	SINE/MIR	401	+	110	69581799	97936
chr9	69483863	69683863	harbor1	chr9	69549903	69550096	SINE/MIR	506	+	96	69549999	66136
chr9	62370764	62570764	harbor1	chr9	62432352	62432571	SINE/MIR	981	+	110	62432462	61698
chr9	62370764	62570764	harbor1	chr9	62433140	62433248	SINE/MIR	549	+	54	62433194	62430
chr9	62370764	62570764	harbor1	chr9	62460245	62460443	SINE/MIR	514	+	99	62460344	89580
chr9	62370764	62570764	harbor1	chr9	62462039	62462178	SINE/MIR	423	+	70	62462109	91345
chr9	62370764	62570764	harbor1	chr9	62463598	62463782	SINE/MIR	644	+	92	62463690	92926
chr9	95957197	96157197	harbor1	chr9	95965192	95965436	SINE/MIR	553	+	122	95965314	8117
chr9	95957197	96157197	harbor1	chr9	96042082	96042261	SINE/MIR	543	+	90	96042172	84975
chr9	17948640	18148640	harbor1	chr9	17961109	17961252	SINE/MIR	396	+	72	17961181	12541
chr9	17948640	18148640	harbor1	chr9	17995794	17996039	SINE/MIR	693	+	122	17995916	47276
chr9	17948640	18148640	harbor1	chr9	18002310	18002506	SINE/MIR	515	+	98	18002408	53768
chr9	28274486	28474486	harbor1	chr9	28275882	28276099	SINE/MIR	538	+	108	28275990	1504
chr9	28274486	28474486	harbor1	chr9	28292177	28292324	SINE/MIR	538	+	74	28292251	17765
chr9	28274486	28474486	harbor1	chr9	28315909	28316174	SINE/MIR	739	+	132	28316041	41555
chr9	28274486	28474486	harbor1	chr9	28340091	28340330	SINE/MIR	689	+	120	28340211	65725
chr9	28274486	28474486	harbor1	chr9	28359901	28360141	SINE/MIR	561	+	120	28360021	85535
chr9	79489472	79689472	harbor1	chr9	79543475	79543680	SINE/MIR	617	+	102	79543577	54105
chr9	79489472	79689472	harbor1	chr9	79563367	79563520	SINE/MIR	394	+	76	79563443	73971
chr9	79489472	79689472	harbor1	chr9	79563841	79564075	SINE/MIR	469	+	117	79563958	74486
chr9	79489472	79689472	harbor1	chr9	79565631	79565771	SINE/MIR	533	+	70	79565701	76229
chr9	104583925	104783925	harbor1	chr9	104610565	104610745	SINE/MIR	483	+	90	104610655	26730
chr9	104583925	104783925	harbor1	chr9	104620714	104620875	SINE/MIR	543	+	80	104620794	36869
chr9	20309483	20509483	harbor1	chr9	20349117	20349336	SINE/MIR	555	+	110	20349227	39744
chr9	20309483	20509483	harbor1	chr9	20383390	20383631	SINE/MIR	621	+	120	20383510	74027
chr9	20309483	20509483	harbor1	chr9	20407670	20407864	SINE/MIR	703	+	97	20407767	98284
chr9	80077245	80277245	harbor1	chr9	80108059	80108286	SINE/MIR	728	+	114	80108173	30928
chr9	80077245	80277245	harbor1	chr9	80124578	80124811	SINE/MIR	481	+	116	80124694	47449
chr9	80077245	80277245	harbor1	chr9	80145855	80146046	SINE/MIR	504	+	96	80145951	68706
chr9	80077245	80277245	harbor1	chr9	80155736	80155927	SINE/MIR	500	+	96	80155832	78587
chr9	28470617	28670617	harbor1	chr9	28488464	28488647	SINE/MIR	505	+	92	28488556	17939
chr9	28470617	28670617	harbor1	chr9	28499517	28499724	SINE/MIR	585	+	104	28499621	29004
chr9	69810002	70010002	harbor1	chr9	69823412	69823620	SINE/MIR	486	+	104	69823516	13514
chr9	69810002	70010002	harbor1	chr9	69844712	69844885	SINE/MIR	397	+	86	69844798	34796
chr9	69810002	70010002	harbor1	chr9	69854123	69854315	SINE/MIR	415	+	96	69854219	44217
chr9	69810002	70010002	harbor1	chr9	69855097	69855189	SINE/MIR	409	+	46	69855143	45141
chr9	69810002	70010002	harbor1	chr9	69856954	69857134	SINE/MIR	560	+	90	69857044	47042
chr9	69810002	70010002	harbor1	chr9	69864361	69864555	SINE/MIR	699	+	97	69864458	54456
chr9	69810002	70010002	harbor1	chr9	69904907	69905140	SINE/MIR	432	+	116	69905023	95021
chr9	75592951	75792951	harbor1	chr9	75594182	75594362	SINE/MIR	461	+	90	75594272	1321
chr9	75592951	75792951	harbor1	chr9	75639638	75639724	SINE/MIR	426	+	43	75639681	46730
chr9	75592951	75792951	harbor1	chr9	75666319	75666550	SINE/MIR	689	+	116	75666435	73484
chr9	98110314	98310314	harbor1	chr9	98125139	98125314	SINE/MIR	505	+	88	98125227	14913
chr9	98110314	98310314	harbor1	chr9	98132769	98132946	SINE/MIR	434	+	88	98132857	22543
chr9	98110314	98310314	harbor1	chr9	98136591	98136830	SINE/MIR	780	+	120	98136711	26397
chr9	98110314	98310314	harbor1	chr9	98137792	98137986	SINE/MIR	693	+	97	98137889	27575
chr9	98110314	98310314	harbor1	chr9	98141760	98141901	SINE/MIR	488	+	70	98141830	31516
chr9	98110314	98310314	harbor1	chr9	98143452	98143661	SINE/MIR	488	+	104	98143556	33242
chr9	98110314	98310314	harbor1	chr9	98158039	98158164	SINE/MIR	651	+	62	98158101	47787
chr9	98110314	98310314	harbor1	chr9	98158296	98158387	SINE/MIR	651	+	46	98158342	48028
chr9	98110314	98310314	harbor1	chr9	98174226	98174371	SINE/MIR	495	+	72	98174298	63984
chr9	98110314	98310314	harbor1	chr9	98175685	98175902	SINE/MIR	703	+	108	98175793	65479
chr9	98110314	98310314	harbor1	chr9	98182591	98182784	SINE/MIR	606	+	96	98182687	72373
chr9	98110314	98310314	harbor1	chr9	98203630	98203824	SINE/MIR	666	+	97	98203727	93413
chr9	98110314	98310314	harbor1	chr9	98203825	98204017	SINE/MIR	492	+	96	98203921	93607
chr9	127682046	127882046	harbor1	chr9	127708935	127709114	SINE/MIR	606	+	90	127709025	26979
chr9	127682046	127882046	harbor1	chr9	127719270	127719386	SINE/MIR	413	+	58	127719328	37282
chr9	127682046	127882046	harbor1	chr9	127729046	127729240	SINE/MIR	428	+	97	127729143	47097
chr9	127682046	127882046	harbor1	chr9	127741016	127741225	SINE/MIR	665	+	104	127741120	59074
chr9	127682046	127882046	harbor1	chr9	127748465	127748685	SINE/MIR	480	+	110	127748575	66529
chr9	127682046	127882046	harbor1	chr9	127760623	127760822	SINE/MIR	416	+	100	127760723	78677
chr9	127682046	127882046	harbor1	chr9	127761798	127761961	SINE/MIR	472	+	82	127761880	79834
chr9	127682046	127882046	harbor1	chr9	127769721	127769930	SINE/MIR	497	+	104	127769825	87779
chr9	127682046	127882046	harbor1	chr9	127770841	127771025	SINE/MIR	582	+	92	127770933	88887
chr9	127682046	127882046	harbor1	chr9	127773398	127773622	SINE/MIR	533	+	112	127773510	91464
chr9	127682046	127882046	harbor1	chr9	127774635	127774807	SINE/MIR	829	+	86	127774721	92675
chr9	127682046	127882046	harbor1	chr9	127775117	127775176	SINE/MIR	829	+	30	127775147	93101
chr9	127682046	127882046	harbor1	chr9	127780255	127780415	SINE/MIR	517	+	80	127780335	98289
chr9	127682046	127882046	harbor1	chr9	127781801	127782008	SINE/MIR	663	+	104	127781905	99859
chr9	126953431	127153431	harbor1	chr9	126956927	126957132	SINE/MIR	474	+	102	126957029	3598
chr9	126953431	127153431	harbor1	chr9	126965476	126965739	SINE/MIR	472	+	132	126965608	12177
chr9	126953431	127153431	harbor1	chr9	126982322	126982503	SINE/MIR	722	+	90	126982412	28981
chr9	126953431	127153431	harbor1	chr9	126991592	126991831	SINE/MIR	670	+	120	126991712	38281
chr9	126953431	127153431	harbor1	chr9	126992093	126992251	SINE/MIR	488	+	79	126992172	38741
chr9	126953431	127153431	harbor1	chr9	127014883	127015074	SINE/MIR	482	+	96	127014979	61548
chr9	126953431	127153431	harbor1	chr9	127015204	127015443	SINE/MIR	664	+	120	127015324	61893
chr9	126953431	127153431	harbor1	chr9	127020768	127021029	SINE/MIR	763	+	130	127020898	67467
chr9	126953431	127153431	harbor1	chr9	127027788	127028006	SINE/MIR	623	+	109	127027897	74466
chr9	126953431	127153431	harbor1	chr9	127028323	127028500	SINE/MIR	448	+	88	127028411	74980
chr9	126953431	127153431	harbor1	chr9	127036391	127036532	SINE/MIR	525	+	70	127036461	83030
chr9	126953431	127153431	harbor1	chr9	127036968	127037168	SINE/MIR	510	+	100	127037068	83637
chr9	126953431	127153431	harbor1	chr9	127051384	127051465	SINE/MIR	397	+	40	127051424	97993
chr9	126953431	127153431	harbor1	chr9	127008622	127008857	SINE/MIR	538	+	118	127008740	55309
chr9	86651377	86851377	harbor1	chr9	86685983	86686139	SINE/MIR	445	+	78	86686061	34684
chr9	86651377	86851377	harbor1	chr9	86717636	86717858	SINE/MIR	486	+	111	86717747	66370
chr9	86651377	86851377	harbor1	chr9	86720204	86720425	SINE/MIR	438	+	110	86720314	68937
chr9	86651377	86851377	harbor1	chr9	86731952	86732195	SINE/MIR	651	+	122	86732074	80697
chr9	112259390	112459390	harbor1	chr9	112329548	112329753	SINE/MIR	470	+	102	112329650	70260
chr9	80110499	80310499	harbor1	chr9	80124578	80124811	SINE/MIR	481	+	116	80124694	14195
chr9	80110499	80310499	harbor1	chr9	80145855	80146046	SINE/MIR	504	+	96	80145951	35452
chr9	80110499	80310499	harbor1	chr9	80155736	80155927	SINE/MIR	500	+	96	80155832	45333
chr9	80110499	80310499	harbor1	chr9	80192795	80193005	SINE/MIR	548	+	105	80192900	82401
chr9	2332356	2532356	harbor1	chr9	2427629	2427812	SINE/MIR	627	+	92	2427721	95365
chr9	2332356	2532356	harbor1	chr9	2429957	2430095	SINE/MIR	538	+	69	2430026	97670
chr9	131100110	131300110	harbor1	chr9	131118933	131119130	SINE/MIR	505	+	98	131119031	18921
chr9	131100110	131300110	harbor1	chr9	131119915	131120073	SINE/MIR	413	+	79	131119994	19884
chr9	131100110	131300110	harbor1	chr9	131163231	131163386	SINE/MIR	427	+	78	131163309	63199
chr9	103553360	103753360	harbor1	chr9	103587244	103587420	SINE/MIR	495	+	88	103587332	33972
chr9	1497790	1697790	harbor1	chr9	1515086	1515236	SINE/MIR	546	+	75	1515161	17371
chr9	1497790	1697790	harbor1	chr9	1526401	1526603	SINE/MIR	547	+	101	1526502	28712
chr9	1497790	1697790	harbor1	chr9	1538135	1538307	SINE/MIR	584	+	86	1538221	40431
chr9	1497790	1697790	harbor1	chr9	1550506	1550674	SINE/MIR	463	+	84	1550590	52800
chr9	1497790	1697790	harbor1	chr9	1580305	1580427	SINE/MIR	428	+	61	1580366	82576
chr9	1497790	1697790	harbor1	chr9	1581393	1581624	SINE/MIR	410	+	116	1581509	83719
chr9	1497790	1697790	harbor1	chr9	1596627	1596778	SINE/MIR	425	+	76	1596703	98913
chr9	3683116	3883116	harbor1	chr9	3706528	3706777	SINE/MIR	738	+	124	3706652	23536
chr9	3683116	3883116	harbor1	chr9	3741183	3741384	SINE/MIR	555	+	100	3741283	58167
chr9	3683116	3883116	harbor1	chr9	3770845	3770995	SINE/MIR	434	+	75	3770920	87804
chr9	3683116	3883116	harbor1	chr9	3779454	3779630	SINE/MIR	412	+	88	3779542	96426
chr9	18116525	18316525	harbor1	chr9	18118971	18119192	SINE/MIR	613	+	110	18119081	2556
chr9	18116525	18316525	harbor1	chr9	18138024	18138218	SINE/MIR	535	+	97	18138121	21596
chr9	18116525	18316525	harbor1	chr9	18153220	18153395	SINE/MIR	394	+	88	18153308	36783
chr9	18116525	18316525	harbor1	chr9	18163132	18163310	SINE/MIR	444	+	89	18163221	46696
chr9	18116525	18316525	harbor1	chr9	18201702	18201917	SINE/MIR	627	+	108	18201810	85285
chr9	18116525	18316525	harbor1	chr9	18207926	18208183	SINE/MIR	617	+	128	18208054	91529
chr9	28829925	29029925	harbor1	chr9	28897566	28897785	SINE/MIR	652	+	110	28897676	67751
chr9	28829925	29029925	harbor1	chr9	28920788	28920969	SINE/MIR	402	+	90	28920878	90953
chr9	28829925	29029925	harbor1	chr9	28927534	28927671	SINE/MIR	399	+	68	28927602	97677
chr9	135147248	135347248	harbor1	chr9	135153534	135153761	SINE/MIR	413	+	114	135153648	6400
chr9	135147248	135347248	harbor1	chr9	135221598	135221791	SINE/MIR	416	+	96	135221694	74446
chr9	118526340	118726340	harbor1	chr9	118527515	118527691	SINE/MIR	463	+	88	118527603	1263
chr9	118526340	118726340	harbor1	chr9	118570566	118570803	SINE/MIR	507	+	118	118570684	44344
chr9	118526340	118726340	harbor1	chr9	118599669	118599908	SINE/MIR	714	+	120	118599789	73449
chr9	118526340	118726340	harbor1	chr9	118614861	118615077	SINE/MIR	582	+	108	118614969	88629
chr9	118526340	118726340	harbor1	chr9	118603642	118603835	SINE/MIR	476	+	96	118603738	77398
chr9	123365555	123565555	harbor1	chr9	123366503	123366657	SINE/MIR	415	+	77	123366580	1025
chr9	123365555	123565555	harbor1	chr9	123371913	123372100	SINE/MIR	554	+	94	123372007	6452
chr9	123365555	123565555	harbor1	chr9	123396930	123397152	SINE/MIR	605	+	111	123397041	31486
chr9	123365555	123565555	harbor1	chr9	123409537	123409750	SINE/MIR	409	+	106	123409643	44088
chr9	123365555	123565555	harbor1	chr9	123414074	123414295	SINE/MIR	527	+	110	123414184	48629
chr9	123365555	123565555	harbor1	chr9	123424651	123424837	SINE/MIR	653	+	93	123424744	59189
chr9	123365555	123565555	harbor1	chr9	123442754	123442937	SINE/MIR	423	+	92	123442846	77291
chr9	123365555	123565555	harbor1	chr9	123449013	123449202	SINE/MIR	515	+	94	123449107	83552
chr9	123365555	123565555	harbor1	chr9	123465388	123465562	SINE/MIR	457	+	87	123465475	99920
chr9	29831035	30031035	harbor1	chr9	29854424	29854632	SINE/MIR	486	+	104	29854528	23493
chr9	29831035	30031035	harbor1	chr9	29922633	29922779	SINE/MIR	474	+	73	29922706	91671
chr9	14132865	14332865	harbor1	chr9	14147231	14147464	SINE/MIR	637	+	116	14147347	14482
chr9	14132865	14332865	harbor1	chr9	14151081	14151220	SINE/MIR	483	+	70	14151151	18286
chr9	14132865	14332865	harbor1	chr9	14156952	14157123	SINE/MIR	504	+	86	14157038	24173
chr9	126831670	127031670	harbor1	chr9	126859224	126859439	SINE/MIR	826	+	108	126859332	27662
chr9	126831670	127031670	harbor1	chr9	126863122	126863327	SINE/MIR	637	+	102	126863224	31554
chr9	126831670	127031670	harbor1	chr9	126864161	126864288	SINE/MIR	608	+	64	126864225	32555
chr9	126831670	127031670	harbor1	chr9	126869317	126869474	SINE/MIR	471	+	78	126869395	37725
chr9	126831670	127031670	harbor1	chr9	126914200	126914392	SINE/MIR	405	+	96	126914296	82626
chr9	126831670	127031670	harbor1	chr9	126917471	126917652	SINE/MIR	619	+	90	126917561	85891
chr9	126831670	127031670	harbor1	chr9	126917774	126917906	SINE/MIR	417	+	66	126917840	86170
chr9	126831670	127031670	harbor1	chr9	126919435	126919700	SINE/MIR	785	+	132	126919567	87897
chr9	126831670	127031670	harbor1	chr9	126920858	126921069	SINE/MIR	813	+	106	126920964	89294
chr9	126831670	127031670	harbor1	chr9	126921599	126921853	SINE/MIR	632	+	127	126921726	90056
chr9	126831670	127031670	harbor1	chr9	126928911	126929080	SINE/MIR	523	+	84	126928995	97325
chr9	40029931	40229931	harbor1	chr9	40043436	40043639	SINE/MIR	422	+	102	40043538	13607
chr9	40029931	40229931	harbor1	chr9	40044097	40044123	SINE/MIR	422	+	13	40044110	14179
chr9	13788704	13988704	harbor1	chr9	13808519	13808711	SINE/MIR	542	+	96	13808615	19911
chr9	13788704	13988704	harbor1	chr9	13843229	13843447	SINE/MIR	499	+	109	13843338	54634
chr9	88967479	89167479	harbor1	chr9	88984219	88984414	SINE/MIR	679	+	98	88984317	16838
chr9	126284153	126484153	harbor1	chr9	126284459	126284596	SINE/MIR	435	+	68	126284527	374
chr9	126284153	126484153	harbor1	chr9	126299290	126299438	SINE/MIR	467	+	74	126299364	15211
chr9	126284153	126484153	harbor1	chr9	126299866	126300011	SINE/MIR	628	+	72	126299938	15785
chr9	126284153	126484153	harbor1	chr9	126306357	126306564	SINE/MIR	866	+	104	126306461	22308
chr9	126284153	126484153	harbor1	chr9	126310222	126310359	SINE/MIR	467	+	68	126310290	26137
chr9	126284153	126484153	harbor1	chr9	126310662	126310764	SINE/MIR	467	+	51	126310713	26560
chr9	126284153	126484153	harbor1	chr9	126319408	126319651	SINE/MIR	565	+	122	126319530	35377
chr9	126284153	126484153	harbor1	chr9	126328466	126328706	SINE/MIR	775	+	120	126328586	44433
chr9	126284153	126484153	harbor1	chr9	126329110	126329327	SINE/MIR	550	+	108	126329218	45065
chr9	126284153	126484153	harbor1	chr9	126353445	126353587	SINE/MIR	585	+	71	126353516	69363
chr9	120136111	120336111	harbor1	chr9	120136926	120137078	SINE/MIR	393	+	76	120137002	891
chr9	120136111	120336111	harbor1	chr9	120146548	120146795	SINE/MIR	487	+	124	120146672	10561
chr9	120136111	120336111	harbor1	chr9	120151528	120151701	SINE/MIR	393	+	86	120151614	15503
chr9	120136111	120336111	harbor1	chr9	120162680	120162874	SINE/MIR	396	+	97	120162777	26666
chr9	120136111	120336111	harbor1	chr9	120162957	120163199	SINE/MIR	510	+	121	120163078	26967
chr9	120136111	120336111	harbor1	chr9	120165263	120165480	SINE/MIR	463	+	108	120165371	29260
chr9	120136111	120336111	harbor1	chr9	120167003	120167256	SINE/MIR	583	+	126	120167129	31018
chr9	120136111	120336111	harbor1	chr9	120167307	120167491	SINE/MIR	470	+	92	120167399	31288
chr9	120136111	120336111	harbor1	chr9	120172827	120173027	SINE/MIR	527	+	100	120172927	36816
chr9	120136111	120336111	harbor1	chr9	120174373	120174521	SINE/MIR	435	+	74	120174447	38336
chr9	120136111	120336111	harbor1	chr9	120177483	120177615	SINE/MIR	468	+	66	120177549	41438
chr9	120136111	120336111	harbor1	chr9	120196669	120196885	SINE/MIR	877	+	108	120196777	60666
chr9	120136111	120336111	harbor1	chr9	120204181	120204431	SINE/MIR	700	+	125	120204306	68195
chr9	120136111	120336111	harbor1	chr9	120205891	120206079	SINE/MIR	564	+	94	120205985	69874
chr9	120136111	120336111	harbor1	chr9	120209162	120209374	SINE/MIR	505	+	106	120209268	73157
chr9	120136111	120336111	harbor1	chr9	120229453	120229566	SINE/MIR	392	+	56	120229509	93398
chr9	120136111	120336111	harbor1	chr9	120231118	120231261	SINE/MIR	514	+	72	120231190	95079
chr9	129328066	129528066	harbor1	chr9	129331893	129332099	SINE/MIR	407	+	103	129331996	3930
chr9	129328066	129528066	harbor1	chr9	129349593	129349766	SINE/MIR	490	+	86	129349679	21613
chr9	129328066	129528066	harbor1	chr9	129381141	129381264	SINE/MIR	431	+	62	129381203	53137
chr9	129328066	129528066	harbor1	chr9	129384729	129384903	SINE/MIR	434	+	87	129384816	56750
chr9	129328066	129528066	harbor1	chr9	129397780	129398011	SINE/MIR	562	+	116	129397896	69830
chr9	129328066	129528066	harbor1	chr9	129406830	129406990	SINE/MIR	673	+	80	129406910	78844
chr9	129328066	129528066	harbor1	chr9	129411712	129411913	SINE/MIR	409	+	100	129411812	83746
chr9	129328066	129528066	harbor1	chr9	129415701	129415854	SINE/MIR	578	+	76	129415777	87711
chr9	129328066	129528066	harbor1	chr9	129416567	129416688	SINE/MIR	415	+	60	129416627	88561
chr9	129328066	129528066	harbor1	chr9	129420822	129421015	SINE/MIR	415	+	96	129420918	92852
chr9	80827037	81027037	harbor1	chr9	80887955	80888138	SINE/MIR	574	+	92	80888047	61010
chr9	80827037	81027037	harbor1	chr9	80911627	80911851	SINE/MIR	608	+	112	80911739	84702
chr9	80827037	81027037	harbor1	chr9	80838527	80838685	SINE/MIR	472	+	79	80838606	11569
chr9	18426250	18626250	harbor1	chr9	18432593	18432797	SINE/MIR	429	+	102	18432695	6445
chr9	18426250	18626250	harbor1	chr9	18469254	18469379	SINE/MIR	432	+	62	18469316	43066
chr9	18426250	18626250	harbor1	chr9	18469943	18470067	SINE/MIR	503	+	62	18470005	43755
chr9	18426250	18626250	harbor1	chr9	18470186	18470299	SINE/MIR	394	+	56	18470242	43992
chr9	18426250	18626250	harbor1	chr9	18471297	18471499	SINE/MIR	615	+	101	18471398	45148
chr9	18426250	18626250	harbor1	chr9	18488497	18488717	SINE/MIR	639	+	110	18488607	62357
chr9	18426250	18626250	harbor1	chr9	18498751	18498909	SINE/MIR	448	+	79	18498830	72580
chr9	9100607	9300607	harbor1	chr9	9129838	9130032	SINE/MIR	577	+	97	9129935	29328
chr9	9100607	9300607	harbor1	chr9	9149071	9149314	SINE/MIR	657	+	122	9149193	48586
chr9	9100607	9300607	harbor1	chr9	9179781	9179965	SINE/MIR	406	+	92	9179873	79266
chr9	9100607	9300607	harbor1	chr9	9196506	9196729	SINE/MIR	566	+	112	9196618	96011
chr9	9100607	9300607	harbor1	chr9	9109314	9109524	SINE/MIR	414	+	105	9109419	8812
chr9	82872493	83072493	harbor1	chr9	82897963	82898194	SINE/MIR	416	+	116	82898079	25586
chr9	82872493	83072493	harbor1	chr9	82898859	82899026	SINE/MIR	603	+	84	82898943	26450
chr9	82872493	83072493	harbor1	chr9	82911374	82911561	SINE/MIR	658	+	94	82911468	38975
chr9	82872493	83072493	harbor1	chr9	82914874	82915114	SINE/MIR	644	+	120	82914994	42501
chr9	82872493	83072493	harbor1	chr9	82965869	82966057	SINE/MIR	438	+	94	82965963	93470
chr9	82872493	83072493	harbor1	chr9	82970435	82970643	SINE/MIR	439	+	104	82970539	98046
chr9	71431147	71631147	harbor1	chr9	71477344	71477597	SINE/MIR	751	+	126	71477470	46323
chr9	71431147	71631147	harbor1	chr9	71491149	71491320	SINE/MIR	456	+	86	71491235	60088
chr9	71431147	71631147	harbor1	chr9	71513306	71513494	SINE/MIR	731	+	94	71513400	82253
chr9	134310513	134510513	harbor1	chr9	134337411	134337524	SINE/MIR	397	+	56	134337467	26954
chr9	115955565	116155565	harbor1	chr9	115966189	115966358	SINE/MIR	437	+	84	115966273	10708
chr9	115955565	116155565	harbor1	chr9	115970079	115970175	SINE/MIR	402	+	48	115970127	14562
chr9	115955565	116155565	harbor1	chr9	115972413	115972553	SINE/MIR	396	+	70	115972483	16918
chr9	115955565	116155565	harbor1	chr9	115975134	115975315	SINE/MIR	393	+	90	115975224	19659
chr9	115955565	116155565	harbor1	chr9	115978937	115979201	SINE/MIR	1089	+	132	115979069	23504
chr9	115955565	116155565	harbor1	chr9	115980526	115980717	SINE/MIR	847	+	96	115980622	25057
chr9	115955565	116155565	harbor1	chr9	115982642	115982761	SINE/MIR	441	+	60	115982702	27137
chr9	115955565	116155565	harbor1	chr9	115996238	115996363	SINE/MIR	522	+	62	115996300	40735
chr9	115955565	116155565	harbor1	chr9	116007622	116007745	SINE/MIR	606	+	62	116007684	52119
chr9	115955565	116155565	harbor1	chr9	116012353	116012579	SINE/MIR	881	+	113	116012466	56901
chr9	115955565	116155565	harbor1	chr9	116013393	116013647	SINE/MIR	624	+	127	116013520	57955
chr9	115955565	116155565	harbor1	chr9	116031524	116031748	SINE/MIR	784	+	112	116031636	76071
chr9	115955565	116155565	harbor1	chr9	116037243	116037378	SINE/MIR	456	+	68	116037311	81746
chr9	115955565	116155565	harbor1	chr9	116044660	116044893	SINE/MIR	521	+	116	116044776	89211
chr9	115955565	116155565	harbor1	chr9	116047241	116047453	SINE/MIR	392	+	106	116047347	91782
chr9	115955565	116155565	harbor1	chr9	116052676	116052897	SINE/MIR	546	+	110	116052786	97221
chr9	81299449	81499449	harbor1	chr9	81318340	81318527	SINE/MIR	675	+	94	81318434	18985
chr9	81299449	81499449	harbor1	chr9	81375975	81376220	SINE/MIR	494	+	122	81376097	76648
chr10	10162357	10362357	harbor1	chr10	10210979	10211174	SINE/MIR	468	+	98	10211077	48720
chr10	46426123	46626123	harbor1	chr10	46516575	46516690	SINE/MIR	461	+	58	46516633	90510
chr10	46426123	46626123	harbor1	chr10	46521190	46521410	SINE/MIR	565	+	110	46521300	95177
chr10	114102790	114302790	harbor1	chr10	114128021	114128259	SINE/MIR	863	+	119	114128140	25350
chr10	114102790	114302790	harbor1	chr10	114128494	114128686	SINE/MIR	583	+	96	114128590	25800
chr10	114102790	114302790	harbor1	chr10	114149128	114149238	SINE/MIR	434	+	55	114149183	46393
chr10	114102790	114302790	harbor1	chr10	114161204	114161375	SINE/MIR	581	+	86	114161290	58500
chr10	91668655	91868655	harbor1	chr10	91668944	91669117	SINE/MIR	504	+	86	91669030	375
chr10	91668655	91868655	harbor1	chr10	91671355	91671579	SINE/MIR	511	+	112	91671467	2812
chr10	91668655	91868655	harbor1	chr10	91687510	91687720	SINE/MIR	649	+	105	91687615	18960
chr10	91668655	91868655	harbor1	chr10	91697850	91697989	SINE/MIR	468	+	70	91697920	29265
chr10	91668655	91868655	harbor1	chr10	91712660	91712762	SINE/MIR	758	+	51	91712711	44056
chr10	91668655	91868655	harbor1	chr10	91713219	91713368	SINE/MIR	758	+	74	91713293	44638
chr10	91668655	91868655	harbor1	chr10	91742732	91742896	SINE/MIR	663	+	82	91742814	74159
chr10	100027665	100227665	harbor1	chr10	100045615	100045814	SINE/MIR	715	+	100	100045715	18050
chr10	100027665	100227665	harbor1	chr10	100085968	100086206	SINE/MIR	840	+	119	100086087	58422
chr10	100027665	100227665	harbor1	chr10	100126581	100126669	SINE/MIR	429	+	44	100126625	98960
chr10	100027665	100227665	harbor1	chr10	100127015	100127171	SINE/MIR	429	+	78	100127093	99428
chr10	31157405	31357405	harbor1	chr10	31180032	31180172	SINE/MIR	538	+	70	31180102	22697
chr10	31157405	31357405	harbor1	chr10	31180470	31180571	SINE/MIR	538	+	50	31180520	23115
chr10	55810898	56010898	harbor1	chr10	55826020	55826224	SINE/MIR	570	+	102	55826122	15224
chr10	79031335	79231335	harbor1	chr10	79036845	79036989	SINE/MIR	522	+	72	79036917	5582
chr10	79031335	79231335	harbor1	chr10	79057633	79057862	SINE/MIR	480	+	114	79057747	26412
chr10	79031335	79231335	harbor1	chr10	79058844	79059078	SINE/MIR	772	+	117	79058961	27626
chr10	79031335	79231335	harbor1	chr10	79060820	79061027	SINE/MIR	488	+	104	79060924	29589
chr10	79031335	79231335	harbor1	chr10	79062716	79062869	SINE/MIR	427	+	76	79062792	31457
chr10	79031335	79231335	harbor1	chr10	79064412	79064462	SINE/MIR	479	+	25	79064437	33102
chr10	79031335	79231335	harbor1	chr10	79064772	79064904	SINE/MIR	479	+	66	79064838	33503
chr10	79031335	79231335	harbor1	chr10	79077648	79077858	SINE/MIR	567	+	105	79077753	46418
chr10	79031335	79231335	harbor1	chr10	79095080	79095265	SINE/MIR	516	+	92	79095172	63837
chr10	79031335	79231335	harbor1	chr10	79098322	79098574	SINE/MIR	984	+	126	79098448	67113
chr10	79031335	79231335	harbor1	chr10	79107263	79107433	SINE/MIR	464	+	85	79107348	76013
chr10	79031335	79231335	harbor1	chr10	79109667	79109851	SINE/MIR	488	+	92	79109759	78424
chr10	79031335	79231335	harbor1	chr10	79110068	79110312	SINE/MIR	499	+	122	79110190	78855
chr10	79031335	79231335	harbor1	chr10	79123259	79123455	SINE/MIR	491	+	98	79123357	92022
chr10	79031335	79231335	harbor1	chr10	79124149	79124262	SINE/MIR	456	+	56	79124205	92870
chr10	79031335	79231335	harbor1	chr10	79128807	79129035	SINE/MIR	612	+	114	79128921	97586
chr10	79031335	79231335	harbor1	chr10	79130604	79130840	SINE/MIR	683	+	118	79130722	99387
chr10	98403249	98603249	harbor1	chr10	98408407	98408612	SINE/MIR	465	+	102	98408509	5260
chr10	98403249	98603249	harbor1	chr10	98425215	98425361	SINE/MIR	427	+	73	98425288	22039
chr10	98403249	98603249	harbor1	chr10	98477039	98477259	SINE/MIR	573	+	110	98477149	73900
chr10	98403249	98603249	harbor1	chr10	98434978	98435149	SINE/MIR	499	+	86	98435064	31815
chr10	100039454	100239454	harbor1	chr10	100045615	100045814	SINE/MIR	715	+	100	100045715	6261
chr10	100039454	100239454	harbor1	chr10	100085968	100086206	SINE/MIR	840	+	119	100086087	46633
chr10	100039454	100239454	harbor1	chr10	100126581	100126669	SINE/MIR	429	+	44	100126625	87171
chr10	100039454	100239454	harbor1	chr10	100127015	100127171	SINE/MIR	429	+	78	100127093	87639
chr10	74003451	74203451	harbor1	chr10	74013615	74013836	SINE/MIR	569	+	110	74013725	10274
chr10	74003451	74203451	harbor1	chr10	74025766	74025784	SINE/MIR	422	+	9	74025775	22324
chr10	74003451	74203451	harbor1	chr10	74026395	74026538	SINE/MIR	422	+	72	74026467	23016
chr10	74003451	74203451	harbor1	chr10	74093326	74093501	SINE/MIR	661	+	88	74093414	89963
chr10	74003451	74203451	harbor1	chr10	74093831	74093871	SINE/MIR	661	+	20	74093851	90400
chr10	74003451	74203451	harbor1	chr10	74103301	74103431	SINE/MIR	435	+	65	74103366	99915
chr10	81140489	81340489	harbor1	chr10	81143523	81143725	SINE/MIR	547	+	101	81143624	3135
chr10	81140489	81340489	harbor1	chr10	81222023	81222204	SINE/MIR	686	+	90	81222113	81624
chr10	3224552	3424552	harbor1	chr10	3262157	3262280	SINE/MIR	519	+	62	3262219	37667
chr10	3224552	3424552	harbor1	chr10	3262652	3262716	SINE/MIR	519	+	32	3262684	38132
chr10	3224552	3424552	harbor1	chr10	3291574	3291603	SINE/MIR	436	+	14	3291588	67036
chr10	3224552	3424552	harbor1	chr10	3291906	3292045	SINE/MIR	440	+	70	3291976	67424
chr10	113654605	113854605	harbor1	chr10	113660854	113661019	SINE/MIR	498	+	82	113660936	6331
chr10	113654605	113854605	harbor1	chr10	113706722	113706873	SINE/MIR	572	+	76	113706798	52193
chr10	113654605	113854605	harbor1	chr10	113724182	113724420	SINE/MIR	469	+	119	113724301	69696
chr10	113654605	113854605	harbor1	chr10	113734339	113734515	SINE/MIR	467	+	88	113734427	79822
chr10	113654605	113854605	harbor1	chr10	113737036	113737288	SINE/MIR	475	+	126	113737162	82557
chr10	113654605	113854605	harbor1	chr10	113748945	113749144	SINE/MIR	605	+	100	113749045	94440
chr10	86265950	86465950	harbor1	chr10	86268672	86268709	SINE/MIR	447	+	18	86268690	2740
chr10	86265950	86465950	harbor1	chr10	86269011	86269197	SINE/MIR	532	+	93	86269104	3154
chr10	86265950	86465950	harbor1	chr10	86281972	86282212	SINE/MIR	468	+	120	86282092	16142
chr10	94017149	94217149	harbor1	chr10	94024855	94024936	SINE/MIR	454	+	40	94024895	7746
chr10	94017149	94217149	harbor1	chr10	94025389	94025485	SINE/MIR	454	+	48	94025437	8288
chr10	94017149	94217149	harbor1	chr10	94027958	94028115	SINE/MIR	617	+	78	94028036	10887
chr10	94017149	94217149	harbor1	chr10	94028618	94028665	SINE/MIR	617	+	24	94028642	11493
chr10	94017149	94217149	harbor1	chr10	94035997	94036221	SINE/MIR	423	+	112	94036109	18960
chr10	94017149	94217149	harbor1	chr10	94046700	94046863	SINE/MIR	536	+	82	94046782	29633
chr10	94017149	94217149	harbor1	chr10	94053109	94053327	SINE/MIR	570	+	109	94053218	36069
chr10	94017149	94217149	harbor1	chr10	94055626	94055769	SINE/MIR	523	+	72	94055698	38549
chr10	94017149	94217149	harbor1	chr10	94061898	94062132	SINE/MIR	919	+	117	94062015	44866
chr10	94017149	94217149	harbor1	chr10	94064561	94064772	SINE/MIR	607	+	106	94064667	47518
chr10	94017149	94217149	harbor1	chr10	94086725	94086950	SINE/MIR	654	+	112	94086837	69688
chr10	94017149	94217149	harbor1	chr10	94088140	94088284	SINE/MIR	724	+	72	94088212	71063
chr10	1929438	2129438	harbor1	chr10	1979210	1979416	SINE/MIR	545	+	103	1979313	49875
chr10	88994270	89194270	harbor1	chr10	89025387	89025626	SINE/MIR	801	+	120	89025507	31237
chr10	88994270	89194270	harbor1	chr10	89030148	89030367	SINE/MIR	521	+	110	89030258	35988
chr10	88994270	89194270	harbor1	chr10	89067777	89068000	SINE/MIR	533	+	112	89067889	73619
chr10	88994270	89194270	harbor1	chr10	89085439	89085667	SINE/MIR	581	+	114	89085553	91283
chr10	88994270	89194270	harbor1	chr10	89087608	89087780	SINE/MIR	502	+	86	89087694	93424
chr10	88994270	89194270	harbor1	chr10	89046931	89047126	SINE/MIR	579	+	98	89047029	52759
chr10	62186273	62386273	harbor1	chr10	62190318	62190440	SINE/MIR	534	+	61	62190379	4106
chr10	62186273	62386273	harbor1	chr10	62271492	62271650	SINE/MIR	437	+	79	62271571	85298
chr10	62186273	62386273	harbor1	chr10	62278406	62278613	SINE/MIR	610	+	104	62278510	92237
chr10	17443424	17643424	harbor1	chr10	17450942	17451141	SINE/MIR	597	+	100	17451042	7618
chr10	17443424	17643424	harbor1	chr10	17451578	17451647	SINE/MIR	597	+	34	17451612	8188
chr10	17443424	17643424	harbor1	chr10	17463721	17463875	SINE/MIR	425	+	77	17463798	20374
chr10	17443424	17643424	harbor1	chr10	17514785	17514997	SINE/MIR	682	+	106	17514891	71467
chr10	51994090	52194090	harbor1	chr10	51995632	51995833	SINE/MIR	504	+	100	51995732	1642
chr10	51994090	52194090	harbor1	chr10	52003844	52004071	SINE/MIR	755	+	114	52003958	9868
chr10	51994090	52194090	harbor1	chr10	52032291	52032492	SINE/MIR	490	+	100	52032391	38301
chr10	51994090	52194090	harbor1	chr10	52070847	52071095	SINE/MIR	698	+	124	52070971	76881
chr10	51994090	52194090	harbor1	chr10	52081197	52081456	SINE/MIR	467	+	130	52081327	87237
chr10	113443729	113643729	harbor1	chr10	113452772	113452953	SINE/MIR	536	+	90	113452862	9133
chr10	113443729	113643729	harbor1	chr10	113455161	113455402	SINE/MIR	630	+	120	113455281	11552
chr10	113443729	113643729	harbor1	chr10	113519312	113519494	SINE/MIR	612	+	91	113519403	75674
chr10	113443729	113643729	harbor1	chr10	113521795	113522030	SINE/MIR	695	+	118	113521913	78184
chr10	113443729	113643729	harbor1	chr10	113523766	113524020	SINE/MIR	1052	+	127	113523893	80164
chr10	113443729	113643729	harbor1	chr10	113526161	113526403	SINE/MIR	563	+	121	113526282	82553
chr10	113443729	113643729	harbor1	chr10	113528358	113528592	SINE/MIR	742	+	117	113528475	84746
chr10	113443729	113643729	harbor1	chr10	113534663	113534897	SINE/MIR	753	+	117	113534780	91051
chr10	61325394	61525394	harbor1	chr10	61349175	61349354	SINE/MIR	670	+	90	61349265	23871
chr10	61325394	61525394	harbor1	chr10	61394864	61395007	SINE/MIR	488	+	72	61394936	69542
chr10	9597269	9797269	harbor1	chr10	9639337	9639583	SINE/MIR	471	+	123	9639460	42191
chr10	70151641	70351641	harbor1	chr10	70182982	70183160	SINE/MIR	426	+	89	70183071	31430
chr10	70151641	70351641	harbor1	chr10	70233923	70234038	SINE/MIR	426	+	58	70233981	82340
chr10	70151641	70351641	harbor1	chr10	70248127	70248286	SINE/MIR	567	+	80	70248207	96566
chr10	117399857	117599857	harbor1	chr10	117434804	117434888	SINE/MIR	950	+	42	117434846	34989
chr10	117399857	117599857	harbor1	chr10	117435175	117435331	SINE/MIR	950	+	78	117435253	35396
chr10	117399857	117599857	harbor1	chr10	117436230	117436410	SINE/MIR	651	+	90	117436320	36463
chr10	117399857	117599857	harbor1	chr10	117460945	117461157	SINE/MIR	468	+	106	117461051	61194
chr10	117399857	117599857	harbor1	chr10	117467512	117467746	SINE/MIR	669	+	117	117467629	67772
chr10	117399857	117599857	harbor1	chr10	117471783	117471951	SINE/MIR	530	+	84	117471867	72010
chr10	117399857	117599857	harbor1	chr10	117489459	117489660	SINE/MIR	772	+	100	117489559	89702
chr10	59736820	59936820	harbor1	chr10	59747265	59747489	SINE/MIR	683	+	112	59747377	10557
chr10	59736820	59936820	harbor1	chr10	59748987	59749160	SINE/MIR	461	+	86	59749073	12253
chr10	59736820	59936820	harbor1	chr10	59764455	59764610	SINE/MIR	726	+	78	59764533	27713
chr10	59736820	59936820	harbor1	chr10	59799736	59799969	SINE/MIR	692	+	116	59799852	63032
chr10	59736820	59936820	harbor1	chr10	59803861	59804039	SINE/MIR	436	+	89	59803950	67130
chr10	59736820	59936820	harbor1	chr10	59816472	59816701	SINE/MIR	591	+	114	59816586	79766
chr10	26420839	26620839	harbor1	chr10	26475555	26475763	SINE/MIR	433	+	104	26475659	54820
chr10	26420839	26620839	harbor1	chr10	26483299	26483486	SINE/MIR	498	+	94	26483393	62554
chr10	80545960	80745960	harbor1	chr10	80598067	80598260	SINE/MIR	535	+	96	80598163	52203
chr10	80545960	80745960	harbor1	chr10	80602890	80603106	SINE/MIR	712	+	108	80602998	57038
chr10	80545960	80745960	harbor1	chr10	80620589	80620839	SINE/MIR	795	+	125	80620714	74754
chr10	80545960	80745960	harbor1	chr10	80626826	80627022	SINE/MIR	488	+	98	80626924	80964
chr10	80545960	80745960	harbor1	chr10	80634974	80635145	SINE/MIR	461	+	86	80635060	89100
chr10	80545960	80745960	harbor1	chr10	80642335	80642556	SINE/MIR	480	+	110	80642445	96485
chr10	88328642	88528642	harbor1	chr10	88339504	88339634	SINE/MIR	725	+	65	88339569	10927
chr10	88328642	88528642	harbor1	chr10	88363722	88363949	SINE/MIR	825	+	114	88363836	35194
chr10	88328642	88528642	harbor1	chr10	88371043	88371241	SINE/MIR	808	+	99	88371142	42500
chr10	88328642	88528642	harbor1	chr10	88384460	88384638	SINE/MIR	460	+	89	88384549	55907
chr10	88328642	88528642	harbor1	chr10	88384888	88385127	SINE/MIR	703	+	120	88385008	56366
chr10	88328642	88528642	harbor1	chr10	88404247	88404380	SINE/MIR	441	+	66	88404313	75671
chr10	88328642	88528642	harbor1	chr10	88415572	88415760	SINE/MIR	812	+	94	88415666	87024
chr10	75816889	76016889	harbor1	chr10	75835583	75835787	SINE/MIR	587	+	102	75835685	18796
chr10	75816889	76016889	harbor1	chr10	75857061	75857242	SINE/MIR	474	+	90	75857151	40262
chr10	75816889	76016889	harbor1	chr10	75863454	75863708	SINE/MIR	881	+	127	75863581	46692
chr10	75816889	76016889	harbor1	chr10	75868222	75868496	SINE/MIR	585	+	137	75868359	51470
chr10	75816889	76016889	harbor1	chr10	75896201	75896388	SINE/MIR	445	+	94	75896295	79406
chr10	75816889	76016889	harbor1	chr10	75903826	75904034	SINE/MIR	457	+	104	75903930	87041
chr10	75816889	76016889	harbor1	chr10	75909640	75909812	SINE/MIR	539	+	86	75909726	92837
chr10	16536708	16736708	harbor1	chr10	16611889	16612101	SINE/MIR	469	+	106	16611995	75287
chr10	16536708	16736708	harbor1	chr10	16626560	16626711	SINE/MIR	427	+	76	16626636	89928
chr10	5814276	6014276	harbor1	chr10	5839167	5839298	SINE/MIR	531	+	66	5839233	24957
chr10	5814276	6014276	harbor1	chr10	5894425	5894613	SINE/MIR	496	+	94	5894519	80243
chr10	124650391	124850391	harbor1	chr10	124708826	124709079	SINE/MIR	576	+	126	124708952	58561
chr10	84080576	84280576	harbor1	chr10	84085969	84086214	SINE/MIR	696	+	122	84086091	5515
chr10	84080576	84280576	harbor1	chr10	84153770	84153942	SINE/MIR	591	+	86	84153856	73280
chr10	84080576	84280576	harbor1	chr10	84179118	84179302	SINE/MIR	528	+	92	84179210	98634
chr10	117391959	117591959	harbor1	chr10	117395748	117395859	SINE/MIR	440	+	56	117395804	3845
chr10	117391959	117591959	harbor1	chr10	117434804	117434888	SINE/MIR	950	+	42	117434846	42887
chr10	117391959	117591959	harbor1	chr10	117435175	117435331	SINE/MIR	950	+	78	117435253	43294
chr10	117391959	117591959	harbor1	chr10	117436230	117436410	SINE/MIR	651	+	90	117436320	44361
chr10	117391959	117591959	harbor1	chr10	117460945	117461157	SINE/MIR	468	+	106	117461051	69092
chr10	117391959	117591959	harbor1	chr10	117467512	117467746	SINE/MIR	669	+	117	117467629	75670
chr10	117391959	117591959	harbor1	chr10	117471783	117471951	SINE/MIR	530	+	84	117471867	79908
chr10	117391959	117591959	harbor1	chr10	117489459	117489660	SINE/MIR	772	+	100	117489559	97600
chr10	14752039	14952039	harbor1	chr10	14771930	14772073	SINE/MIR	568	+	72	14772002	19963
chr10	14752039	14952039	harbor1	chr10	14772364	14772459	SINE/MIR	568	+	48	14772412	20373
chr10	14752039	14952039	harbor1	chr10	14844095	14844322	SINE/MIR	684	+	114	14844209	92170
chr10	14752039	14952039	harbor1	chr10	14846560	14846746	SINE/MIR	517	+	93	14846653	94614
chr10	14752039	14952039	harbor1	chr10	14847877	14848099	SINE/MIR	581	+	111	14847988	95949
chr10	1248159	1448159	harbor1	chr10	1271837	1272090	SINE/MIR	580	+	126	1271963	23804
chr10	77340129	77540129	harbor1	chr10	77341054	77341287	SINE/MIR	683	+	116	77341170	1041
chr10	77340129	77540129	harbor1	chr10	77347005	77347187	SINE/MIR	617	+	91	77347096	6967
chr10	77340129	77540129	harbor1	chr10	77360985	77361225	SINE/MIR	522	+	120	77361105	20976
chr10	77340129	77540129	harbor1	chr10	77377767	77377953	SINE/MIR	472	+	93	77377860	37731
chr10	77340129	77540129	harbor1	chr10	77384884	77385074	SINE/MIR	458	+	95	77384979	44850
chr10	77340129	77540129	harbor1	chr10	77427283	77427493	SINE/MIR	471	+	105	77427388	87259
chr10	50304683	50504683	harbor1	chr10	50385324	50385571	SINE/MIR	455	+	124	50385448	80765
chr10	50304683	50504683	harbor1	chr10	50396582	50396733	SINE/MIR	430	+	76	50396658	91975
chr10	50304683	50504683	harbor1	chr10	50400186	50400396	SINE/MIR	747	+	105	50400291	95608
chr10	106223783	106423783	harbor1	chr10	106277851	106278081	SINE/MIR	469	+	115	106277966	54183
chr10	106223783	106423783	harbor1	chr10	106316444	106316631	SINE/MIR	525	+	94	106316538	92755
chr10	44101592	44301592	harbor1	chr10	44122362	44122599	SINE/MIR	507	+	118	44122480	20888
chr10	20632342	20832342	harbor1	chr10	20634204	20634429	SINE/MIR	565	+	112	20634316	1974
chr10	90253430	90453430	harbor1	chr10	90260671	90260834	SINE/MIR	488	+	82	90260753	7323
chr10	90253430	90453430	harbor1	chr10	90261625	90261809	SINE/MIR	452	+	92	90261717	8287
chr10	112096015	112296015	harbor1	chr10	112121502	112121721	SINE/MIR	429	+	110	112121612	25597
chr10	112096015	112296015	harbor1	chr10	112162171	112162347	SINE/MIR	491	+	88	112162259	66244
chr10	112096015	112296015	harbor1	chr10	112172591	112172753	SINE/MIR	491	+	81	112172672	76657
chr10	112096015	112296015	harbor1	chr10	112183054	112183321	SINE/MIR	646	+	134	112183188	87173
chr10	111343389	111543389	harbor1	chr10	111365468	111365626	SINE/MIR	486	+	79	111365547	22158
chr10	111343389	111543389	harbor1	chr10	111441774	111441925	SINE/MIR	422	+	76	111441850	98461
chr10	95689335	95889335	harbor1	chr10	95758240	95758427	SINE/MIR	741	+	94	95758334	68999
chr10	95689335	95889335	harbor1	chr10	95785260	95785451	SINE/MIR	674	+	96	95785356	96021
chr10	95689335	95889335	harbor1	chr10	95785706	95785924	SINE/MIR	749	+	109	95785815	96480
chr10	91344346	91544346	harbor1	chr10	91423184	91423394	SINE/MIR	465	+	105	91423289	78943
chr10	91344346	91544346	harbor1	chr10	91434734	91434954	SINE/MIR	576	+	110	91434844	90498
chr10	102842779	103042779	harbor1	chr10	102877130	102877333	SINE/MIR	483	+	102	102877232	34453
chr10	102842779	103042779	harbor1	chr10	102881495	102881648	SINE/MIR	499	+	76	102881571	38792
chr10	27444300	27644300	harbor1	chr10	27449756	27449998	SINE/MIR	537	+	121	27449877	5577
chr10	97226320	97426320	harbor1	chr10	97296383	97296568	SINE/MIR	662	+	92	97296475	70155
chr10	97226320	97426320	harbor1	chr10	97296877	97296937	SINE/MIR	662	+	30	97296907	70587
chr10	97226320	97426320	harbor1	chr10	97308246	97308475	SINE/MIR	660	+	114	97308360	82040
chr10	114712314	114912314	harbor1	chr10	114742584	114742647	SINE/MIR	635	+	32	114742616	30302
chr10	114712314	114912314	harbor1	chr10	114742944	114743038	SINE/MIR	635	+	47	114742991	30677
chr10	114712314	114912314	harbor1	chr10	114757229	114757388	SINE/MIR	571	+	80	114757309	44995
chr10	114712314	114912314	harbor1	chr10	114766032	114766269	SINE/MIR	711	+	118	114766150	53836
chr10	114712314	114912314	harbor1	chr10	114796053	114796146	SINE/MIR	464	+	46	114796099	83785
chr10	114712314	114912314	harbor1	chr10	114796652	114796708	SINE/MIR	464	+	28	114796680	84366
chr10	16446858	16646858	harbor1	chr10	16499031	16499199	SINE/MIR	427	+	84	16499115	52257
chr10	16446858	16646858	harbor1	chr10	16525307	16525524	SINE/MIR	644	+	108	16525415	78557
chr10	47330122	47530122	harbor1	chr10	47352774	47352967	SINE/MIR	687	+	96	47352870	22748
chr10	47330122	47530122	harbor1	chr10	47358311	47358467	SINE/MIR	521	+	78	47358389	28267
chr10	85094795	85294795	harbor1	chr10	85113496	85113730	SINE/MIR	596	+	117	85113613	18818
chr10	85094795	85294795	harbor1	chr10	85121895	85122137	SINE/MIR	595	+	121	85122016	27221
chr10	85094795	85294795	harbor1	chr10	85136787	85136977	SINE/MIR	516	+	95	85136882	42087
chr10	85094795	85294795	harbor1	chr10	85151290	85151531	SINE/MIR	453	+	120	85151410	56615
chr10	85094795	85294795	harbor1	chr10	85173563	85173729	SINE/MIR	500	+	83	85173646	78851
chr10	85094795	85294795	harbor1	chr10	85179775	85179987	SINE/MIR	544	+	106	85179881	85086
chr10	70157152	70357152	harbor1	chr10	70182982	70183160	SINE/MIR	426	+	89	70183071	25919
chr10	70157152	70357152	harbor1	chr10	70233923	70234038	SINE/MIR	426	+	58	70233981	76829
chr10	70157152	70357152	harbor1	chr10	70248127	70248286	SINE/MIR	567	+	80	70248207	91055
chr10	70157152	70357152	harbor1	chr10	70254567	70254749	SINE/MIR	512	+	91	70254658	97506
chr10	62007144	62207144	harbor1	chr10	62028465	62028678	SINE/MIR	592	+	106	62028571	21427
chr10	62007144	62207144	harbor1	chr10	62028975	62029006	SINE/MIR	592	+	16	62028991	21847
chr10	62007144	62207144	harbor1	chr10	62047052	62047301	SINE/MIR	799	+	124	62047176	40032
chr10	62007144	62207144	harbor1	chr10	62054818	62055012	SINE/MIR	534	+	97	62054915	47771
chr10	62007144	62207144	harbor1	chr10	62055227	62055459	SINE/MIR	449	+	116	62055343	48199
chr10	62007144	62207144	harbor1	chr10	62067662	62067888	SINE/MIR	487	+	113	62067775	60631
chr10	62007144	62207144	harbor1	chr10	62079236	62079437	SINE/MIR	432	+	100	62079336	72192
chr10	62007144	62207144	harbor1	chr10	62085062	62085238	SINE/MIR	496	+	88	62085150	78006
chr10	536693	736693	harbor1	chr10	564559	564741	SINE/MIR	443	+	91	564650	27957
chr10	4510517	4710517	harbor1	chr10	4593077	4593242	SINE/MIR	422	+	82	4593159	82642
chr10	94046067	94246067	harbor1	chr10	94046700	94046863	SINE/MIR	536	+	82	94046782	715
chr10	94046067	94246067	harbor1	chr10	94053109	94053327	SINE/MIR	570	+	109	94053218	7151
chr10	94046067	94246067	harbor1	chr10	94055626	94055769	SINE/MIR	523	+	72	94055698	9631
chr10	94046067	94246067	harbor1	chr10	94061898	94062132	SINE/MIR	919	+	117	94062015	15948
chr10	94046067	94246067	harbor1	chr10	94064561	94064772	SINE/MIR	607	+	106	94064667	18600
chr10	94046067	94246067	harbor1	chr10	94086725	94086950	SINE/MIR	654	+	112	94086837	40770
chr10	94046067	94246067	harbor1	chr10	94088140	94088284	SINE/MIR	724	+	72	94088212	42145
chr10	94046067	94246067	harbor1	chr10	94126946	94127150	SINE/MIR	440	+	102	94127048	80981
chr10	94046067	94246067	harbor1	chr10	94142088	94142244	SINE/MIR	485	+	78	94142166	96099
chr10	94046067	94246067	harbor1	chr10	94142552	94142586	SINE/MIR	485	+	17	94142569	96502
chr10	43997448	44197448	harbor1	chr10	44027704	44027923	SINE/MIR	771	+	110	44027814	30366
chr10	19595073	19795073	harbor1	chr10	19610722	19610939	SINE/MIR	679	+	108	19610830	15757
chr10	19595073	19795073	harbor1	chr10	19655886	19656123	SINE/MIR	683	+	118	19656004	60931
chr10	73353531	73553531	harbor1	chr10	73357951	73358142	SINE/MIR	460	+	96	73358047	4516
chr10	73353531	73553531	harbor1	chr10	73403846	73404009	SINE/MIR	579	+	82	73403928	50397
chr10	76755875	76955875	harbor1	chr10	76769457	76769706	SINE/MIR	766	+	124	76769581	13706
chr10	76755875	76955875	harbor1	chr10	76769965	76770112	SINE/MIR	471	+	74	76770039	14164
chr10	76755875	76955875	harbor1	chr10	76785459	76785725	SINE/MIR	440	+	133	76785592	29717
chr10	76755875	76955875	harbor1	chr10	76802244	76802437	SINE/MIR	468	+	96	76802340	46465
chr10	76755875	76955875	harbor1	chr10	76809570	76809784	SINE/MIR	836	+	107	76809677	53802
chr10	18818088	19018088	harbor1	chr10	18833218	18833427	SINE/MIR	545	+	104	18833322	15234
chr10	18818088	19018088	harbor1	chr10	18904547	18904706	SINE/MIR	635	+	80	18904627	86539
chr10	18818088	19018088	harbor1	chr10	18904782	18904867	SINE/MIR	635	+	42	18904824	86736
chr10	24735189	24935189	harbor1	chr10	24751481	24751685	SINE/MIR	471	+	102	24751583	16394
chr10	24735189	24935189	harbor1	chr10	24816775	24816984	SINE/MIR	491	+	104	24816879	81690
chr10	89968694	90168694	harbor1	chr10	89971464	89971666	SINE/MIR	522	+	101	89971565	2871
chr10	89968694	90168694	harbor1	chr10	89979254	89979460	SINE/MIR	664	+	103	89979357	10663
chr10	89968694	90168694	harbor1	chr10	89981729	89981919	SINE/MIR	535	+	95	89981824	13130
chr10	89968694	90168694	harbor1	chr10	90007318	90007550	SINE/MIR	459	+	116	90007434	38740
chr10	89968694	90168694	harbor1	chr10	90039375	90039636	SINE/MIR	471	+	130	90039505	70811
chr10	89968694	90168694	harbor1	chr10	90064167	90064416	SINE/MIR	737	+	124	90064291	95597
chr10	89968694	90168694	harbor1	chr10	90066684	90066859	SINE/MIR	560	+	88	90066772	98078
chr10	93121417	93321417	harbor1	chr10	93140978	93141186	SINE/MIR	859	+	104	93141082	19665
chr10	93121417	93321417	harbor1	chr10	93160504	93160671	SINE/MIR	473	+	84	93160588	39171
chr10	93121417	93321417	harbor1	chr10	93173727	93173900	SINE/MIR	550	+	86	93173813	52396
chr10	93121417	93321417	harbor1	chr10	93203315	93203436	SINE/MIR	468	+	60	93203375	81958
chr10	93121417	93321417	harbor1	chr10	93210992	93211209	SINE/MIR	544	+	108	93211100	89683
chr10	5390021	5590021	harbor1	chr10	5399030	5399215	SINE/MIR	473	+	92	5399122	9101
chr10	5390021	5590021	harbor1	chr10	5443200	5443394	SINE/MIR	425	+	97	5443297	53276
chr10	72463387	72663387	harbor1	chr10	72468954	72469170	SINE/MIR	672	+	108	72469062	5675
chr10	72463387	72663387	harbor1	chr10	72503006	72503171	SINE/MIR	605	+	82	72503088	39701
chr10	72463387	72663387	harbor1	chr10	72527309	72527351	SINE/MIR	487	+	21	72527330	63943
chr10	72463387	72663387	harbor1	chr10	72527649	72527773	SINE/MIR	487	+	62	72527711	64324
chr10	7307930	7507930	harbor1	chr10	7315737	7315920	SINE/MIR	506	+	92	7315829	7899
chr10	102700332	102900332	harbor1	chr10	102751713	102751901	SINE/MIR	774	+	94	102751807	51475
chr10	102700332	102900332	harbor1	chr10	102770896	102771112	SINE/MIR	624	+	108	102771004	70672
chr10	50423010	50623010	harbor1	chr10	50435150	50435330	SINE/MIR	587	+	90	50435240	12230
chr10	50423010	50623010	harbor1	chr10	50436903	50437120	SINE/MIR	617	+	108	50437011	14001
chr10	50423010	50623010	harbor1	chr10	50496723	50496878	SINE/MIR	454	+	78	50496801	73791
chr10	48543230	48743230	harbor1	chr10	48556134	48556285	SINE/MIR	514	+	76	48556210	12980
chr10	48543230	48743230	harbor1	chr10	48556549	48556750	SINE/MIR	687	+	100	48556649	13419
chr10	48543230	48743230	harbor1	chr10	48558867	48558971	SINE/MIR	498	+	52	48558919	15689
chr10	48543230	48743230	harbor1	chr10	48565115	48565334	SINE/MIR	451	+	110	48565225	21995
chr10	48543230	48743230	harbor1	chr10	48598894	48599089	SINE/MIR	534	+	98	48598992	55762
chr10	48543230	48743230	harbor1	chr10	48622598	48622807	SINE/MIR	648	+	104	48622702	79472
chr10	48543230	48743230	harbor1	chr10	48625043	48625196	SINE/MIR	561	+	76	48625119	81889
chr10	120014118	120214118	harbor1	chr10	120019638	120019811	SINE/MIR	644	+	86	120019724	5606
chr10	120014118	120214118	harbor1	chr10	120069663	120069911	SINE/MIR	486	+	124	120069787	55669
chr10	120014118	120214118	harbor1	chr10	120096754	120096969	SINE/MIR	790	+	108	120096862	82744
chr10	74774083	74974083	harbor1	chr10	74814546	74814795	SINE/MIR	471	+	124	74814670	40587
chr10	74774083	74974083	harbor1	chr10	74865042	74865165	SINE/MIR	520	+	62	74865104	91021
chr10	126910105	127110105	harbor1	chr10	126913799	126914013	SINE/MIR	425	+	107	126913906	3801
chr10	126910105	127110105	harbor1	chr10	126925992	126926173	SINE/MIR	530	+	90	126926082	15977
chr10	126910105	127110105	harbor1	chr10	126943338	126943555	SINE/MIR	449	+	108	126943446	33341
chr10	126910105	127110105	harbor1	chr10	126949932	126950189	SINE/MIR	476	+	128	126950060	39955
chr10	48615587	48815587	harbor1	chr10	48622598	48622807	SINE/MIR	648	+	104	48622702	7115
chr10	48615587	48815587	harbor1	chr10	48625043	48625196	SINE/MIR	561	+	76	48625119	9532
chr10	48615587	48815587	harbor1	chr10	48657381	48657597	SINE/MIR	441	+	108	48657489	41902
chr10	48615587	48815587	harbor1	chr10	48695429	48695567	SINE/MIR	476	+	69	48695498	79911
chr10	48615587	48815587	harbor1	chr10	48712121	48712304	SINE/MIR	466	+	92	48712213	96626
chr10	27597691	27797691	harbor1	chr10	27687934	27688171	SINE/MIR	691	+	118	27688052	90361
chr10	27597691	27797691	harbor1	chr10	27690510	27690679	SINE/MIR	803	+	84	27690594	92903
chr10	114328234	114528234	harbor1	chr10	114337156	114337388	SINE/MIR	478	+	116	114337272	9038
chr10	114328234	114528234	harbor1	chr10	114351889	114352057	SINE/MIR	577	+	84	114351973	23739
chr10	114328234	114528234	harbor1	chr10	114362031	114362232	SINE/MIR	457	+	100	114362131	33897
chr10	114328234	114528234	harbor1	chr10	114416518	114416739	SINE/MIR	735	+	110	114416628	88394
chr10	72521546	72721546	harbor1	chr10	72527309	72527351	SINE/MIR	487	+	21	72527330	5784
chr10	72521546	72721546	harbor1	chr10	72527649	72527773	SINE/MIR	487	+	62	72527711	6165
chr10	112334921	112534921	harbor1	chr10	112336906	112337059	SINE/MIR	499	+	76	112336982	2061
chr10	112334921	112534921	harbor1	chr10	112345189	112345438	SINE/MIR	893	+	124	112345313	10392
chr10	112334921	112534921	harbor1	chr10	112346419	112346551	SINE/MIR	455	+	66	112346485	11564
chr10	112334921	112534921	harbor1	chr10	112346845	112346964	SINE/MIR	455	+	60	112346905	11984
chr10	112334921	112534921	harbor1	chr10	112349451	112349573	SINE/MIR	618	+	61	112349512	14591
chr10	112334921	112534921	harbor1	chr10	112351487	112351674	SINE/MIR	505	+	94	112351581	16660
chr10	112334921	112534921	harbor1	chr10	112356924	112357129	SINE/MIR	671	+	102	112357026	22105
chr10	112334921	112534921	harbor1	chr10	112362386	112362533	SINE/MIR	428	+	74	112362460	27539
chr10	112334921	112534921	harbor1	chr10	112393832	112393972	SINE/MIR	451	+	70	112393902	58981
chr10	112334921	112534921	harbor1	chr10	112399143	112399338	SINE/MIR	435	+	98	112399241	64320
chr10	112334921	112534921	harbor1	chr10	112409936	112410165	SINE/MIR	696	+	114	112410050	75129
chr10	112334921	112534921	harbor1	chr10	112431813	112432049	SINE/MIR	619	+	118	112431931	97010
chr10	57342966	57542966	harbor1	chr10	57359668	57359898	SINE/MIR	811	+	115	57359783	16817
chr10	57342966	57542966	harbor1	chr10	57386779	57386961	SINE/MIR	502	+	91	57386870	43904
chr10	62567016	62767016	harbor1	chr10	62566955	62567081	SINE/MIR	423	+	63	62567018	2
chr10	62567016	62767016	harbor1	chr10	62577081	62577286	SINE/MIR	829	+	102	62577183	10167
chr10	62567016	62767016	harbor1	chr10	62611198	62611364	SINE/MIR	464	+	83	62611281	44265
chr10	62567016	62767016	harbor1	chr10	62615613	62615837	SINE/MIR	482	+	112	62615725	48709
chr10	62567016	62767016	harbor1	chr10	62634864	62635099	SINE/MIR	732	+	118	62634982	67966
chr10	62567016	62767016	harbor1	chr10	62651081	62651210	SINE/MIR	628	+	64	62651145	84129
chr10	62567016	62767016	harbor1	chr10	62654009	62654250	SINE/MIR	718	+	120	62654129	87113
chr10	62567016	62767016	harbor1	chr10	62655892	62656000	SINE/MIR	539	+	54	62655946	88930
chr10	62567016	62767016	harbor1	chr10	62656309	62656373	SINE/MIR	539	+	32	62656341	89325
chr10	7695061	7895061	harbor1	chr10	7756942	7757168	SINE/MIR	509	+	113	7757055	61994
chr10	7695061	7895061	harbor1	chr10	7790709	7790885	SINE/MIR	516	+	88	7790797	95736
chr10	73603002	73803002	harbor1	chr10	73650340	73650535	SINE/MIR	570	+	98	73650438	47436
chr10	127331303	127531303	harbor1	chr10	127363834	127364022	SINE/MIR	490	+	94	127363928	32625
chr10	127331303	127531303	harbor1	chr10	127400501	127400693	SINE/MIR	476	+	96	127400597	69294
chr10	28676298	28876298	harbor1	chr10	28691988	28692148	SINE/MIR	450	+	80	28692068	15770
chr10	28676298	28876298	harbor1	chr10	28705177	28705373	SINE/MIR	908	+	98	28705275	28977
chr10	28676298	28876298	harbor1	chr10	28717542	28717702	SINE/MIR	435	+	80	28717622	41324
chr10	28676298	28876298	harbor1	chr10	28719927	28720109	SINE/MIR	595	+	91	28720018	43720
chr10	73401935	73601935	harbor1	chr10	73403846	73404009	SINE/MIR	579	+	82	73403928	1993
chr10	73401935	73601935	harbor1	chr10	73477026	73477236	SINE/MIR	836	+	105	73477131	75196
chr10	47883300	48083300	harbor1	chr10	47886917	47887133	SINE/MIR	642	+	108	47887025	3725
chr10	47883300	48083300	harbor1	chr10	47917306	47917496	SINE/MIR	721	+	95	47917401	34101
chr10	47883300	48083300	harbor1	chr10	47921551	47921765	SINE/MIR	748	+	107	47921658	38358
chr10	47883300	48083300	harbor1	chr10	47963095	47963310	SINE/MIR	681	+	108	47963203	79903
chr10	47883300	48083300	harbor1	chr10	47965099	47965208	SINE/MIR	448	+	54	47965153	81853
chr10	47883300	48083300	harbor1	chr10	47975506	47975741	SINE/MIR	443	+	118	47975624	92324
chr10	125302923	125502923	harbor1	chr10	125335452	125335645	SINE/MIR	540	+	96	125335548	32625
chr10	122205118	122405118	harbor1	chr10	122226907	122227071	SINE/MIR	510	+	82	122226989	21871
chr10	122205118	122405118	harbor1	chr10	122231313	122231528	SINE/MIR	469	+	108	122231421	26303
chr10	122205118	122405118	harbor1	chr10	122239955	122240146	SINE/MIR	590	+	96	122240051	34933
chr10	122205118	122405118	harbor1	chr10	122252212	122252440	SINE/MIR	627	+	114	122252326	47208
chr10	122205118	122405118	harbor1	chr10	122278242	122278523	SINE/MIR	707	+	140	122278382	73264
chr10	122205118	122405118	harbor1	chr10	122280130	122280266	SINE/MIR	508	+	68	122280198	75080
chr10	122205118	122405118	harbor1	chr10	122286394	122286529	SINE/MIR	535	+	68	122286462	81344
chr10	122205118	122405118	harbor1	chr10	122298643	122298854	SINE/MIR	565	+	106	122298749	93631
chr10	113263436	113463436	harbor1	chr10	113269637	113269862	SINE/MIR	598	+	112	113269749	6313
chr10	113263436	113463436	harbor1	chr10	113275381	113275563	SINE/MIR	544	+	91	113275472	12036
chr10	113263436	113463436	harbor1	chr10	113282975	113283150	SINE/MIR	524	+	88	113283063	19627
chr10	113263436	113463436	harbor1	chr10	113305529	113305777	SINE/MIR	699	+	124	113305653	42217
chr10	113263436	113463436	harbor1	chr10	113339402	113339642	SINE/MIR	894	+	120	113339522	76086
chr10	113263436	113463436	harbor1	chr10	113342963	113343175	SINE/MIR	532	+	106	113343069	79633
chr10	113263436	113463436	harbor1	chr10	113349992	113350199	SINE/MIR	585	+	104	113350096	86660
chr10	113263436	113463436	harbor1	chr10	113355437	113355563	SINE/MIR	486	+	63	113355500	92064
chr10	113263436	113463436	harbor1	chr10	113363216	113363348	SINE/MIR	472	+	66	113363282	99846
chr10	105525507	105725507	harbor1	chr10	105538424	105538682	SINE/MIR	540	+	129	105538553	13046
chr10	105525507	105725507	harbor1	chr10	105565612	105565823	SINE/MIR	574	+	106	105565718	40211
chr10	92566068	92766068	harbor1	chr10	92588679	92588850	SINE/MIR	540	+	86	92588765	22697
chr10	92566068	92766068	harbor1	chr10	92605226	92605377	SINE/MIR	550	+	76	92605302	39234
chr10	92566068	92766068	harbor1	chr10	92645231	92645335	SINE/MIR	425	+	52	92645283	79215
chr10	127801242	128001242	harbor1	chr10	127841673	127841859	SINE/MIR	742	+	93	127841766	40524
chr10	75996392	76196392	harbor1	chr10	76039619	76039793	SINE/MIR	692	+	87	76039706	43314
chr10	75996392	76196392	harbor1	chr10	76072223	76072448	SINE/MIR	467	+	112	76072335	75943
chr10	75996392	76196392	harbor1	chr10	76075797	76076056	SINE/MIR	538	+	130	76075927	79535
chr10	84880834	85080834	harbor1	chr10	84899142	84899361	SINE/MIR	786	+	110	84899252	18418
chr10	84880834	85080834	harbor1	chr10	84902730	84902877	SINE/MIR	476	+	74	84902804	21970
chr10	84880834	85080834	harbor1	chr10	84905444	84905653	SINE/MIR	475	+	104	84905548	24714
chr10	84880834	85080834	harbor1	chr10	84921030	84921227	SINE/MIR	733	+	98	84921128	40294
chr10	84880834	85080834	harbor1	chr10	84929857	84930089	SINE/MIR	519	+	116	84929973	49139
chr10	84880834	85080834	harbor1	chr10	84947578	84947798	SINE/MIR	530	+	110	84947688	66854
chr10	120030496	120230496	harbor1	chr10	120069663	120069911	SINE/MIR	486	+	124	120069787	39291
chr10	120030496	120230496	harbor1	chr10	120096754	120096969	SINE/MIR	790	+	108	120096862	66366
chr10	63036774	63236774	harbor1	chr10	63134480	63134690	SINE/MIR	444	+	105	63134585	97811
chr10	99362546	99562546	harbor1	chr10	99427768	99427943	SINE/MIR	435	+	88	99427856	65310
chr10	99362546	99562546	harbor1	chr10	99431631	99431858	SINE/MIR	557	+	114	99431745	69199
chr10	99362546	99562546	harbor1	chr10	99434990	99435071	SINE/MIR	469	+	40	99435030	72484
chr10	126713630	126913630	harbor1	chr10	126734951	126735116	SINE/MIR	531	+	82	126735033	21403
chr10	126713630	126913630	harbor1	chr10	126744608	126744810	SINE/MIR	607	+	101	126744709	31079
chr10	126713630	126913630	harbor1	chr10	126749591	126749848	SINE/MIR	451	+	128	126749719	36089
chr10	126713630	126913630	harbor1	chr10	126806622	126806856	SINE/MIR	816	+	117	126806739	93109
chr10	91474620	91674620	harbor1	chr10	91496590	91496678	SINE/MIR	472	+	44	91496634	22014
chr10	91474620	91674620	harbor1	chr10	91510832	91511073	SINE/MIR	603	+	120	91510952	36332
chr10	91474620	91674620	harbor1	chr10	91515304	91515508	SINE/MIR	683	+	102	91515406	40786
chr10	91474620	91674620	harbor1	chr10	91516615	91516779	SINE/MIR	479	+	82	91516697	42077
chr10	91474620	91674620	harbor1	chr10	91559767	91559961	SINE/MIR	620	+	97	91559864	85244
chr10	91474620	91674620	harbor1	chr10	91566943	91567183	SINE/MIR	738	+	120	91567063	92443
chr10	91474620	91674620	harbor1	chr10	91537364	91537571	SINE/MIR	633	+	104	91537468	62848
chr10	110101184	110301184	harbor1	chr10	110107617	110107793	SINE/MIR	615	+	88	110107705	6521
chr10	110101184	110301184	harbor1	chr10	110153069	110153210	SINE/MIR	476	+	70	110153139	51955
chr10	110101184	110301184	harbor1	chr10	110158002	110158091	SINE/MIR	441	+	44	110158046	56862
chr10	110101184	110301184	harbor1	chr10	110158487	110158731	SINE/MIR	494	+	122	110158609	57425
chr10	110101184	110301184	harbor1	chr10	110159973	110160170	SINE/MIR	511	+	98	110160071	58887
chr10	110101184	110301184	harbor1	chr10	110165146	110165336	SINE/MIR	670	+	95	110165241	64057
chr10	110101184	110301184	harbor1	chr10	110167719	110167939	SINE/MIR	926	+	110	110167829	66645
chr10	110101184	110301184	harbor1	chr10	110169065	110169310	SINE/MIR	560	+	122	110169187	68003
chr10	110101184	110301184	harbor1	chr10	110174330	110174553	SINE/MIR	611	+	112	110174442	73258
chr10	110101184	110301184	harbor1	chr10	110181666	110181826	SINE/MIR	619	+	80	110181746	80562
chr10	110101184	110301184	harbor1	chr10	110181861	110182082	SINE/MIR	890	+	110	110181971	80787
chr10	110101184	110301184	harbor1	chr10	110197492	110197673	SINE/MIR	501	+	90	110197582	96398
chr10	110101184	110301184	harbor1	chr10	110200442	110200469	SINE/MIR	501	+	14	110200456	99272
chr10	62294258	62494258	harbor1	chr10	62326281	62326525	SINE/MIR	590	+	122	62326403	32145
chr10	62294258	62494258	harbor1	chr10	62366886	62367142	SINE/MIR	652	+	128	62367014	72756
chr10	25852535	26052535	harbor1	chr10	25873293	25873524	SINE/MIR	580	+	116	25873409	20874
chr10	25852535	26052535	harbor1	chr10	25902820	25902971	SINE/MIR	444	+	76	25902896	50361
chr10	25852535	26052535	harbor1	chr10	25921960	25922072	SINE/MIR	588	+	56	25922016	69481
chr10	25852535	26052535	harbor1	chr10	25922700	25922783	SINE/MIR	588	+	42	25922742	70207
chr10	72584277	72784277	harbor1	chr10	72649879	72650013	SINE/MIR	471	+	67	72649946	65669
chr10	46154905	46354905	harbor1	chr10	46201826	46202006	SINE/MIR	667	+	90	46201916	47011
chr11	67285670	67485670	harbor1	chr11	67318637	67318787	SINE/MIR	516	+	75	67318712	33042
chr11	67285670	67485670	harbor1	chr11	67348541	67348735	SINE/MIR	536	+	97	67348638	62968
chr11	67285670	67485670	harbor1	chr11	67350020	67350230	SINE/MIR	426	+	105	67350125	64455
chr11	75213457	75413457	harbor1	chr11	75214901	75215088	SINE/MIR	443	+	94	75214995	1538
chr11	75213457	75413457	harbor1	chr11	75228644	75228771	SINE/MIR	584	+	64	75228708	15251
chr11	75213457	75413457	harbor1	chr11	75229060	75229079	SINE/MIR	584	+	10	75229070	15613
chr11	75213457	75413457	harbor1	chr11	75229379	75229440	SINE/MIR	584	+	30	75229409	15952
chr11	75213457	75413457	harbor1	chr11	75275632	75275824	SINE/MIR	392	+	96	75275728	62271
chr11	75213457	75413457	harbor1	chr11	75279520	75279655	SINE/MIR	702	+	68	75279588	66131
chr11	75213457	75413457	harbor1	chr11	75279968	75280075	SINE/MIR	702	+	54	75280022	66565
chr11	75213457	75413457	harbor1	chr11	75286872	75287013	SINE/MIR	464	+	70	75286942	73485
chr11	14344595	14544595	harbor1	chr11	14384003	14384113	SINE/MIR	412	+	55	14384058	39463
chr11	14344595	14544595	harbor1	chr11	14385790	14385967	SINE/MIR	507	+	88	14385878	41283
chr11	14344595	14544595	harbor1	chr11	14386495	14386719	SINE/MIR	533	+	112	14386607	42012
chr11	14344595	14544595	harbor1	chr11	14420468	14420648	SINE/MIR	480	+	90	14420558	75963
chr11	14344595	14544595	harbor1	chr11	14420960	14421009	SINE/MIR	480	+	24	14420984	76389
chr11	14344595	14544595	harbor1	chr11	14421245	14421386	SINE/MIR	579	+	70	14421315	76720
chr11	14344595	14544595	harbor1	chr11	14443028	14443224	SINE/MIR	524	+	98	14443126	98531
chr11	125420387	125620387	harbor1	chr11	125421438	125421636	SINE/MIR	568	+	99	125421537	1150
chr11	125420387	125620387	harbor1	chr11	125428276	125428512	SINE/MIR	466	+	118	125428394	8007
chr11	125420387	125620387	harbor1	chr11	125444747	125444961	SINE/MIR	408	+	107	125444854	24467
chr11	125420387	125620387	harbor1	chr11	125446279	125446439	SINE/MIR	471	+	80	125446359	25972
chr11	125420387	125620387	harbor1	chr11	125489933	125490149	SINE/MIR	682	+	108	125490041	69654
chr11	125420387	125620387	harbor1	chr11	125492583	125492807	SINE/MIR	672	+	112	125492695	72308
chr11	125420387	125620387	harbor1	chr11	125497627	125497705	SINE/MIR	486	+	39	125497666	77279
chr11	125420387	125620387	harbor1	chr11	125498002	125498098	SINE/MIR	486	+	48	125498050	77663
chr11	125420387	125620387	harbor1	chr11	125498688	125498879	SINE/MIR	615	+	96	125498784	78397
chr11	125420387	125620387	harbor1	chr11	125508381	125508544	SINE/MIR	421	+	82	125508463	88076
chr11	8731299	8931299	harbor1	chr11	8734363	8734505	SINE/MIR	460	+	71	8734434	3135
chr11	8731299	8931299	harbor1	chr11	8734816	8734888	SINE/MIR	460	+	36	8734852	3553
chr11	8731299	8931299	harbor1	chr11	8739296	8739498	SINE/MIR	386	+	101	8739397	8098
chr11	8731299	8931299	harbor1	chr11	8770407	8770511	SINE/MIR	433	+	52	8770459	39160
chr11	8731299	8931299	harbor1	chr11	8773965	8774124	SINE/MIR	673	+	80	8774045	42746
chr11	82927284	83127284	harbor1	chr11	82986678	82986775	SINE/MIR	402	+	48	82986726	59442
chr11	82927284	83127284	harbor1	chr11	82993237	82993468	SINE/MIR	565	+	116	82993353	66069
chr11	82927284	83127284	harbor1	chr11	82995746	82995923	SINE/MIR	471	+	88	82995834	68550
chr11	82927284	83127284	harbor1	chr11	82999330	82999513	SINE/MIR	549	+	92	82999422	72138
chr11	82927284	83127284	harbor1	chr11	83012400	83012721	SINE/MIR	647	+	160	83012560	85276
chr11	82927284	83127284	harbor1	chr11	83019811	83019934	SINE/MIR	776	+	62	83019873	92589
chr11	82927284	83127284	harbor1	chr11	83021783	83021879	SINE/MIR	776	+	48	83021831	94547
chr11	31370717	31570717	harbor1	chr11	31382188	31382398	SINE/MIR	681	+	105	31382293	11576
chr11	31370717	31570717	harbor1	chr11	31453899	31454123	SINE/MIR	503	+	112	31454011	83294
chr11	31370717	31570717	harbor1	chr11	31462659	31462905	SINE/MIR	608	+	123	31462782	92065
chr11	40312057	40512057	harbor1	chr11	40320571	40320771	SINE/MIR	417	+	100	40320671	8614
chr11	40312057	40512057	harbor1	chr11	40322607	40322823	SINE/MIR	386	+	108	40322715	10658
chr11	40312057	40512057	harbor1	chr11	40324815	40325015	SINE/MIR	612	+	100	40324915	12858
chr11	40312057	40512057	harbor1	chr11	40335832	40336054	SINE/MIR	667	+	111	40335943	23886
chr11	40312057	40512057	harbor1	chr11	40355998	40356152	SINE/MIR	388	+	77	40356075	44018
chr11	40312057	40512057	harbor1	chr11	40368791	40369006	SINE/MIR	593	+	108	40368899	56842
chr11	40312057	40512057	harbor1	chr11	40375796	40376022	SINE/MIR	416	+	113	40375909	63852
chr11	7599749	7799749	harbor1	chr11	7608286	7608359	SINE/MIR	534	+	36	7608322	8573
chr11	7599749	7799749	harbor1	chr11	7608670	7608857	SINE/MIR	534	+	94	7608764	9015
chr11	7599749	7799749	harbor1	chr11	7611571	7611755	SINE/MIR	560	+	92	7611663	11914
chr11	7599749	7799749	harbor1	chr11	7655998	7656153	SINE/MIR	430	+	78	7656076	56327
chr11	7599749	7799749	harbor1	chr11	7669842	7670002	SINE/MIR	428	+	80	7669922	70173
chr11	7599749	7799749	harbor1	chr11	7686150	7686362	SINE/MIR	485	+	106	7686256	86507
chr11	30093976	30293976	harbor1	chr11	30106825	30107000	SINE/MIR	475	+	88	30106913	12937
chr11	30093976	30293976	harbor1	chr11	30107454	30107735	SINE/MIR	522	+	140	30107594	13618
chr11	30093976	30293976	harbor1	chr11	30108269	30108352	SINE/MIR	856	+	42	30108311	14335
chr11	30093976	30293976	harbor1	chr11	30108823	30108961	SINE/MIR	856	+	69	30108892	14916
chr11	30093976	30293976	harbor1	chr11	30110944	30111181	SINE/MIR	500	+	118	30111062	17086
chr11	30093976	30293976	harbor1	chr11	30126936	30127156	SINE/MIR	775	+	110	30127046	33070
chr11	30093976	30293976	harbor1	chr11	30138518	30138729	SINE/MIR	608	+	106	30138624	44648
chr11	30093976	30293976	harbor1	chr11	30143681	30143861	SINE/MIR	394	+	90	30143771	49795
chr11	30093976	30293976	harbor1	chr11	30158168	30158354	SINE/MIR	512	+	93	30158261	64285
chr11	30093976	30293976	harbor1	chr11	30171892	30172046	SINE/MIR	405	+	77	30171969	77993
chr11	30093976	30293976	harbor1	chr11	30172401	30172523	SINE/MIR	485	+	61	30172462	78486
chr11	30093976	30293976	harbor1	chr11	30173492	30173642	SINE/MIR	534	+	75	30173567	79591
chr11	30093976	30293976	harbor1	chr11	30191558	30191587	SINE/MIR	454	+	14	30191572	97596
chr11	30093976	30293976	harbor1	chr11	30191943	30192062	SINE/MIR	454	+	60	30192003	98027
chr11	46536539	46736539	harbor1	chr11	46539606	46539831	SINE/MIR	526	+	112	46539718	3179
chr11	46536539	46736539	harbor1	chr11	46555349	46555469	SINE/MIR	467	+	60	46555409	18870
chr11	46536539	46736539	harbor1	chr11	46556600	46556804	SINE/MIR	482	+	102	46556702	20163
chr11	46536539	46736539	harbor1	chr11	46582572	46582819	SINE/MIR	1076	+	124	46582696	46157
chr11	21489651	21689651	harbor1	chr11	21503436	21503616	SINE/MIR	438	+	90	21503526	13875
chr11	21489651	21689651	harbor1	chr11	21510936	21511155	SINE/MIR	896	+	110	21511046	21395
chr11	21489651	21689651	harbor1	chr11	21516079	21516281	SINE/MIR	465	+	101	21516180	26529
chr11	21489651	21689651	harbor1	chr11	21524111	21524360	SINE/MIR	414	+	124	21524235	34584
chr11	21489651	21689651	harbor1	chr11	21535582	21535780	SINE/MIR	493	+	99	21535681	46030
chr11	21489651	21689651	harbor1	chr11	21559884	21560109	SINE/MIR	661	+	112	21559996	70345
chr11	21489651	21689651	harbor1	chr11	21569301	21569452	SINE/MIR	427	+	76	21569377	79726
chr11	21489651	21689651	harbor1	chr11	21584234	21584420	SINE/MIR	516	+	93	21584327	94676
chr11	112863382	113063382	harbor1	chr11	112867182	112867403	SINE/MIR	555	+	110	112867292	3910
chr11	112863382	113063382	harbor1	chr11	112876991	112877234	SINE/MIR	656	+	122	112877113	13731
chr11	112863382	113063382	harbor1	chr11	112886730	112886889	SINE/MIR	448	+	80	112886810	23428
chr11	93458650	93658650	harbor1	chr11	93476889	93477046	SINE/MIR	471	+	78	93476967	18317
chr11	93458650	93658650	harbor1	chr11	93481140	93481277	SINE/MIR	427	+	68	93481208	22558
chr11	93458650	93658650	harbor1	chr11	93484398	93484616	SINE/MIR	410	+	109	93484507	25857
chr11	93458650	93658650	harbor1	chr11	93489115	93489257	SINE/MIR	548	+	71	93489186	30536
chr11	93458650	93658650	harbor1	chr11	93497689	93497851	SINE/MIR	384	+	81	93497770	39120
chr11	93458650	93658650	harbor1	chr11	93513139	93513284	SINE/MIR	560	+	72	93513211	54561
chr11	93458650	93658650	harbor1	chr11	93525178	93525376	SINE/MIR	520	+	99	93525277	66627
chr11	93458650	93658650	harbor1	chr11	93527279	93527413	SINE/MIR	408	+	67	93527346	68696
chr11	93458650	93658650	harbor1	chr11	93544042	93544218	SINE/MIR	467	+	88	93544130	85480
chr11	95474112	95674112	harbor1	chr11	95512473	95512716	SINE/MIR	475	+	122	95512595	38483
chr11	95474112	95674112	harbor1	chr11	95514114	95514363	SINE/MIR	671	+	124	95514238	40126
chr11	95474112	95674112	harbor1	chr11	95523202	95523404	SINE/MIR	595	+	101	95523303	49191
chr11	102350638	102550638	harbor1	chr11	102375429	102375498	SINE/MIR	630	+	34	102375463	24825
chr11	102350638	102550638	harbor1	chr11	102375799	102375957	SINE/MIR	630	+	79	102375878	25240
chr11	102350638	102550638	harbor1	chr11	102376977	102377211	SINE/MIR	575	+	117	102377094	26456
chr11	102350638	102550638	harbor1	chr11	102382337	102382501	SINE/MIR	388	+	82	102382419	31781
chr11	102350638	102550638	harbor1	chr11	102408443	102408629	SINE/MIR	458	+	93	102408536	57898
chr11	102350638	102550638	harbor1	chr11	102447308	102447526	SINE/MIR	496	+	109	102447417	96779
chr11	11241036	11441036	harbor1	chr11	11244645	11244831	SINE/MIR	565	+	93	11244738	3702
chr11	11241036	11441036	harbor1	chr11	11262781	11263024	SINE/MIR	491	+	122	11262903	21867
chr11	11241036	11441036	harbor1	chr11	11263915	11264163	SINE/MIR	528	+	124	11264039	23003
chr11	11241036	11441036	harbor1	chr11	11264269	11264513	SINE/MIR	589	+	122	11264391	23355
chr11	11241036	11441036	harbor1	chr11	11285209	11285416	SINE/MIR	759	+	104	11285313	44277
chr11	11241036	11441036	harbor1	chr11	11291348	11291496	SINE/MIR	651	+	74	11291422	50386
chr11	11241036	11441036	harbor1	chr11	11292603	11292748	SINE/MIR	503	+	72	11292675	51639
chr11	11241036	11441036	harbor1	chr11	11305506	11305683	SINE/MIR	408	+	88	11305594	64558
chr11	11241036	11441036	harbor1	chr11	11313624	11313874	SINE/MIR	900	+	125	11313749	72713
chr11	11241036	11441036	harbor1	chr11	11317866	11318015	SINE/MIR	420	+	74	11317940	76904
chr11	11241036	11441036	harbor1	chr11	11329015	11329233	SINE/MIR	730	+	109	11329124	88088
chr11	99627574	99827574	harbor1	chr11	99643353	99643590	SINE/MIR	398	+	118	99643471	15897
chr11	99627574	99827574	harbor1	chr11	99670730	99670933	SINE/MIR	506	+	102	99670832	43258
chr11	99627574	99827574	harbor1	chr11	99695761	99695986	SINE/MIR	685	+	112	99695873	68299
chr11	99627574	99827574	harbor1	chr11	99714982	99715125	SINE/MIR	453	+	72	99715054	87480
chr11	20530905	20730905	harbor1	chr11	20537087	20537235	SINE/MIR	530	+	74	20537161	6256
chr11	20530905	20730905	harbor1	chr11	20537891	20538112	SINE/MIR	635	+	110	20538001	7096
chr11	20530905	20730905	harbor1	chr11	20541838	20542055	SINE/MIR	527	+	108	20541946	11041
chr11	20530905	20730905	harbor1	chr11	20552346	20552520	SINE/MIR	571	+	87	20552433	21528
chr11	20530905	20730905	harbor1	chr11	20557397	20557522	SINE/MIR	431	+	62	20557459	26554
chr11	20530905	20730905	harbor1	chr11	20557825	20557942	SINE/MIR	431	+	58	20557883	26978
chr11	20530905	20730905	harbor1	chr11	20559431	20559577	SINE/MIR	552	+	73	20559504	28599
chr11	20530905	20730905	harbor1	chr11	20564701	20564947	SINE/MIR	857	+	123	20564824	33919
chr11	20530905	20730905	harbor1	chr11	20613145	20613325	SINE/MIR	749	+	90	20613235	82330
chr11	20530905	20730905	harbor1	chr11	20613454	20613569	SINE/MIR	417	+	58	20613512	82607
chr11	20530905	20730905	harbor1	chr11	20614243	20614444	SINE/MIR	740	+	100	20614343	83438
chr11	20530905	20730905	harbor1	chr11	20617942	20618117	SINE/MIR	424	+	88	20618030	87125
chr11	20530905	20730905	harbor1	chr11	20620279	20620446	SINE/MIR	743	+	84	20620363	89458
chr11	96663549	96863549	harbor1	chr11	96687580	96687763	SINE/MIR	529	+	92	96687672	24123
chr11	96663549	96863549	harbor1	chr11	96761892	96762084	SINE/MIR	389	+	96	96761988	98439
chr11	122497329	122697329	harbor1	chr11	122504792	122504964	SINE/MIR	393	+	86	122504878	7549
chr11	122497329	122697329	harbor1	chr11	122509017	122509229	SINE/MIR	385	+	106	122509123	11794
chr11	122497329	122697329	harbor1	chr11	122522254	122522450	SINE/MIR	445	+	98	122522352	25023
chr11	122497329	122697329	harbor1	chr11	122532801	122532960	SINE/MIR	546	+	80	122532881	35552
chr11	39682468	39882468	harbor1	chr11	39686358	39686490	SINE/MIR	442	+	66	39686424	3956
chr11	71997262	72197262	harbor1	chr11	72007943	72008176	SINE/MIR	589	+	116	72008059	10797
chr11	71997262	72197262	harbor1	chr11	72030806	72031007	SINE/MIR	449	+	100	72030906	33644
chr11	71997262	72197262	harbor1	chr11	72031320	72031347	SINE/MIR	449	+	14	72031334	34072
chr11	71997262	72197262	harbor1	chr11	72036288	72036503	SINE/MIR	611	+	108	72036396	39134
chr11	71997262	72197262	harbor1	chr11	72052961	72053120	SINE/MIR	665	+	80	72053041	55779
chr11	71997262	72197262	harbor1	chr11	72073721	72073891	SINE/MIR	581	+	85	72073806	76544
chr11	71997262	72197262	harbor1	chr11	72088661	72088881	SINE/MIR	393	+	110	72088771	91509
chr11	71997262	72197262	harbor1	chr11	72093798	72094001	SINE/MIR	787	+	102	72093900	96638
chr11	25792580	25992580	harbor1	chr11	25843437	25843602	SINE/MIR	392	+	82	25843519	50939
chr11	25792580	25992580	harbor1	chr11	25845971	25846089	SINE/MIR	386	+	59	25846030	53450
chr11	25792580	25992580	harbor1	chr11	25868916	25869176	SINE/MIR	585	+	130	25869046	76466
chr11	47518878	47718878	harbor1	chr11	47521457	47521687	SINE/MIR	862	+	115	47521572	2694
chr11	47518878	47718878	harbor1	chr11	47581045	47581149	SINE/MIR	605	+	52	47581097	62219
chr11	47518878	47718878	harbor1	chr11	47581455	47581615	SINE/MIR	605	+	80	47581535	62657
chr11	47518878	47718878	harbor1	chr11	47582540	47582726	SINE/MIR	481	+	93	47582633	63755
chr11	47518878	47718878	harbor1	chr11	47583009	47583052	SINE/MIR	481	+	22	47583031	64153
chr11	47518878	47718878	harbor1	chr11	47592238	47592438	SINE/MIR	534	+	100	47592338	73460
chr11	47518878	47718878	harbor1	chr11	47603259	47603458	SINE/MIR	529	+	100	47603359	84481
chr11	47518878	47718878	harbor1	chr11	47608037	47608220	SINE/MIR	442	+	92	47608129	89251
chr11	97273141	97473141	harbor1	chr11	97296497	97296730	SINE/MIR	634	+	116	97296613	23472
chr11	97273141	97473141	harbor1	chr11	97298249	97298347	SINE/MIR	393	+	49	97298298	25157
chr11	97273141	97473141	harbor1	chr11	97341686	97341874	SINE/MIR	529	+	94	97341780	68639
chr11	23675695	23875695	harbor1	chr11	23678321	23678447	SINE/MIR	520	+	63	23678384	2689
chr11	23675695	23875695	harbor1	chr11	23701075	23701189	SINE/MIR	450	+	57	23701132	25437
chr11	23675695	23875695	harbor1	chr11	23714543	23714699	SINE/MIR	522	+	78	23714621	38926
chr11	23675695	23875695	harbor1	chr11	23720256	23720422	SINE/MIR	428	+	83	23720339	44644
chr11	81704916	81904916	harbor1	chr11	81804399	81804606	SINE/MIR	465	+	104	81804503	99587
chr11	128557882	128757882	harbor1	chr11	128563397	128563554	SINE/MIR	547	+	78	128563475	5593
chr11	128557882	128757882	harbor1	chr11	128584360	128584573	SINE/MIR	398	+	106	128584466	26584
chr11	128557882	128757882	harbor1	chr11	128593066	128593314	SINE/MIR	404	+	124	128593190	35308
chr11	128557882	128757882	harbor1	chr11	128608552	128608709	SINE/MIR	488	+	78	128608630	50748
chr11	128557882	128757882	harbor1	chr11	128614223	128614409	SINE/MIR	392	+	93	128614316	56434
chr11	86118253	86318253	harbor1	chr11	86118595	86118762	SINE/MIR	399	+	84	86118679	426
chr11	86118253	86318253	harbor1	chr11	86127242	86127443	SINE/MIR	649	+	100	86127342	9089
chr11	86118253	86318253	harbor1	chr11	86139409	86139540	SINE/MIR	485	+	66	86139475	21222
chr11	86118253	86318253	harbor1	chr11	86150736	86150918	SINE/MIR	506	+	91	86150827	32574
chr11	86118253	86318253	harbor1	chr11	86152763	86152945	SINE/MIR	847	+	91	86152854	34601
chr11	86118253	86318253	harbor1	chr11	86155264	86155432	SINE/MIR	468	+	84	86155348	37095
chr11	86118253	86318253	harbor1	chr11	86159173	86159351	SINE/MIR	684	+	89	86159262	41009
chr11	86118253	86318253	harbor1	chr11	86162599	86162750	SINE/MIR	399	+	76	86162675	44422
chr11	86118253	86318253	harbor1	chr11	86184259	86184464	SINE/MIR	446	+	102	86184361	66108
chr11	86118253	86318253	harbor1	chr11	86209916	86210135	SINE/MIR	548	+	110	86210026	91773
chr11	86118253	86318253	harbor1	chr11	86214143	86214396	SINE/MIR	660	+	126	86214269	96016
chr11	104346183	104546183	harbor1	chr11	104359153	104359394	SINE/MIR	570	+	120	104359273	13090
chr11	104346183	104546183	harbor1	chr11	104364390	104364613	SINE/MIR	496	+	112	104364502	18319
chr11	104346183	104546183	harbor1	chr11	104384821	104385054	SINE/MIR	962	+	116	104384937	38754
chr11	104346183	104546183	harbor1	chr11	104388053	104388315	SINE/MIR	696	+	131	104388184	42001
chr11	104346183	104546183	harbor1	chr11	104388594	104388843	SINE/MIR	913	+	124	104388718	42535
chr11	104346183	104546183	harbor1	chr11	104402077	104402279	SINE/MIR	424	+	101	104402178	55995
chr11	104346183	104546183	harbor1	chr11	104435480	104435609	SINE/MIR	488	+	64	104435544	89361
chr11	10368191	10568191	harbor1	chr11	10376474	10376670	SINE/MIR	591	+	98	10376572	8381
chr11	10368191	10568191	harbor1	chr11	10459838	10459985	SINE/MIR	411	+	74	10459912	91721
chr11	10368191	10568191	harbor1	chr11	10463985	10464181	SINE/MIR	707	+	98	10464083	95892
chr11	10368191	10568191	harbor1	chr11	10464937	10465171	SINE/MIR	738	+	117	10465054	96863
chr11	58105506	58305506	harbor1	chr11	58132302	58132490	SINE/MIR	909	+	94	58132396	26890
chr11	58105506	58305506	harbor1	chr11	58134775	58134880	SINE/MIR	408	+	52	58134827	29321
chr11	58105506	58305506	harbor1	chr11	58137654	58137890	SINE/MIR	608	+	118	58137772	32266
chr11	58105506	58305506	harbor1	chr11	58143493	58143591	SINE/MIR	430	+	49	58143542	38036
chr11	58105506	58305506	harbor1	chr11	58143877	58143977	SINE/MIR	430	+	50	58143927	38421
chr11	58105506	58305506	harbor1	chr11	58155612	58155765	SINE/MIR	520	+	76	58155688	50182
chr11	58105506	58305506	harbor1	chr11	58177329	58177508	SINE/MIR	725	+	90	58177419	71913
chr11	58105506	58305506	harbor1	chr11	58186070	58186257	SINE/MIR	673	+	94	58186164	80658
chr11	82239499	82439499	harbor1	chr11	82275252	82275470	SINE/MIR	613	+	109	82275361	35862
chr11	82239499	82439499	harbor1	chr11	82334456	82334629	SINE/MIR	411	+	86	82334542	95043
chr11	82239499	82439499	harbor1	chr11	82335228	82335408	SINE/MIR	591	+	90	82335318	95819
chr11	107394482	107594482	harbor1	chr11	107414007	107414148	SINE/MIR	621	+	70	107414077	19595
chr11	107394482	107594482	harbor1	chr11	107436478	107436629	SINE/MIR	414	+	76	107436554	42072
chr11	107394482	107594482	harbor1	chr11	107441709	107441915	SINE/MIR	695	+	103	107441812	47330
chr11	30576231	30776231	harbor1	chr11	30593166	30593343	SINE/MIR	842	+	88	30593254	17023
chr11	30576231	30776231	harbor1	chr11	30601583	30601725	SINE/MIR	528	+	71	30601654	25423
chr11	30576231	30776231	harbor1	chr11	30664204	30664414	SINE/MIR	616	+	105	30664309	88078
chr11	30576231	30776231	harbor1	chr11	30667578	30667764	SINE/MIR	501	+	93	30667671	91440
chr11	77853047	78053047	harbor1	chr11	77877116	77877297	SINE/MIR	540	+	90	77877206	24159
chr11	77853047	78053047	harbor1	chr11	77902478	77902678	SINE/MIR	557	+	100	77902578	49531
chr11	77853047	78053047	harbor1	chr11	77923562	77923689	SINE/MIR	440	+	64	77923626	70579
chr11	77853047	78053047	harbor1	chr11	77929729	77929903	SINE/MIR	597	+	87	77929816	76769
chr11	77853047	78053047	harbor1	chr11	77938490	77938636	SINE/MIR	543	+	73	77938563	85516
chr11	77853047	78053047	harbor1	chr11	77873131	77873347	SINE/MIR	553	+	108	77873239	20192
chr11	114355628	114555628	harbor1	chr11	114380991	114381177	SINE/MIR	563	+	93	114381084	25456
chr11	114355628	114555628	harbor1	chr11	114398389	114398526	SINE/MIR	384	+	68	114398457	42829
chr11	114355628	114555628	harbor1	chr11	114451730	114451955	SINE/MIR	522	+	112	114451842	96214
chr11	30278673	30478673	harbor1	chr11	30312650	30312797	SINE/MIR	436	+	74	30312724	34051
chr11	30278673	30478673	harbor1	chr11	30323780	30323904	SINE/MIR	388	+	62	30323842	45169
chr11	30278673	30478673	harbor1	chr11	30346578	30346775	SINE/MIR	719	+	98	30346676	68003
chr11	30278673	30478673	harbor1	chr11	30347075	30347113	SINE/MIR	719	+	19	30347094	68421
chr11	30278673	30478673	harbor1	chr11	30349051	30349238	SINE/MIR	511	+	94	30349145	70472
chr11	30278673	30478673	harbor1	chr11	30351325	30351549	SINE/MIR	574	+	112	30351437	72764
chr11	30278673	30478673	harbor1	chr11	30351756	30351923	SINE/MIR	550	+	84	30351840	73167
chr11	30278673	30478673	harbor1	chr11	30372981	30373170	SINE/MIR	549	+	94	30373075	94402
chr11	26126501	26326501	harbor1	chr11	26134370	26134554	SINE/MIR	460	+	92	26134462	7961
chr11	26126501	26326501	harbor1	chr11	26193898	26194114	SINE/MIR	499	+	108	26194006	67505
chr11	55702672	55902672	harbor1	chr11	55745880	55746034	SINE/MIR	475	+	77	55745957	43285
chr11	61698125	61898125	harbor1	chr11	61711798	61712013	SINE/MIR	589	+	108	61711906	13781
chr11	61698125	61898125	harbor1	chr11	61712186	61712369	SINE/MIR	410	+	92	61712278	14153
chr11	61698125	61898125	harbor1	chr11	61712907	61713006	SINE/MIR	410	+	50	61712957	14832
chr11	61698125	61898125	harbor1	chr11	61713261	61713458	SINE/MIR	546	+	98	61713359	15234
chr11	61698125	61898125	harbor1	chr11	61723690	61723867	SINE/MIR	688	+	88	61723778	25653
chr11	61698125	61898125	harbor1	chr11	61731594	61731775	SINE/MIR	667	+	90	61731684	33559
chr11	61698125	61898125	harbor1	chr11	61739082	61739234	SINE/MIR	384	+	76	61739158	41033
chr11	61698125	61898125	harbor1	chr11	61752057	61752208	SINE/MIR	556	+	76	61752133	54008
chr11	61698125	61898125	harbor1	chr11	61761747	61761901	SINE/MIR	568	+	77	61761824	63699
chr11	61698125	61898125	harbor1	chr11	61785353	61785525	SINE/MIR	401	+	86	61785439	87314
chr11	76821425	77021425	harbor1	chr11	76830590	76830801	SINE/MIR	560	+	106	76830696	9271
chr11	76821425	77021425	harbor1	chr11	76842630	76842867	SINE/MIR	645	+	118	76842748	21323
chr11	76821425	77021425	harbor1	chr11	76850941	76851122	SINE/MIR	662	+	90	76851031	29606
chr11	76821425	77021425	harbor1	chr11	76854354	76854610	SINE/MIR	813	+	128	76854482	33057
chr11	76821425	77021425	harbor1	chr11	76874142	76874369	SINE/MIR	391	+	114	76874256	52831
chr11	76821425	77021425	harbor1	chr11	76893388	76893537	SINE/MIR	413	+	74	76893462	72037
chr11	76821425	77021425	harbor1	chr11	76893659	76893749	SINE/MIR	413	+	45	76893704	72279
chr11	76821425	77021425	harbor1	chr11	76894471	76894655	SINE/MIR	498	+	92	76894563	73138
chr11	92389281	92589281	harbor1	chr11	92407951	92407984	SINE/MIR	418	+	16	92407967	18686
chr11	92389281	92589281	harbor1	chr11	92408379	92408592	SINE/MIR	418	+	106	92408485	19204
chr11	92389281	92589281	harbor1	chr11	92434599	92434806	SINE/MIR	590	+	104	92434703	45422
chr11	92389281	92589281	harbor1	chr11	92437360	92437558	SINE/MIR	538	+	99	92437459	48178
chr11	92389281	92589281	harbor1	chr11	92447257	92447460	SINE/MIR	485	+	102	92447359	58078
chr11	92389281	92589281	harbor1	chr11	92447990	92448241	SINE/MIR	746	+	126	92448116	58835
chr11	92389281	92589281	harbor1	chr11	92456078	92456288	SINE/MIR	656	+	105	92456183	66902
chr11	92389281	92589281	harbor1	chr11	92463328	92463584	SINE/MIR	592	+	128	92463456	74175
chr11	92389281	92589281	harbor1	chr11	92488786	92488939	SINE/MIR	655	+	76	92488862	99581
chr11	123084950	123284950	harbor1	chr11	123106487	123106724	SINE/MIR	633	+	118	123106605	21655
chr11	123084950	123284950	harbor1	chr11	123139346	123139528	SINE/MIR	479	+	91	123139437	54487
chr11	123084950	123284950	harbor1	chr11	123146306	123146411	SINE/MIR	388	+	52	123146358	61408
chr11	123084950	123284950	harbor1	chr11	123147982	123148206	SINE/MIR	729	+	112	123148094	63144
chr11	123084950	123284950	harbor1	chr11	123158705	123158936	SINE/MIR	611	+	116	123158821	73871
chr11	123084950	123284950	harbor1	chr11	123178435	123178628	SINE/MIR	432	+	96	123178531	93581
chr11	123084950	123284950	harbor1	chr11	123178779	123178944	SINE/MIR	488	+	82	123178861	93911
chr11	123084950	123284950	harbor1	chr11	123179758	123179867	SINE/MIR	425	+	54	123179812	94862
chr11	123084950	123284950	harbor1	chr11	123180073	123180161	SINE/MIR	401	+	44	123180117	95167
chr11	123084950	123284950	harbor1	chr11	123183882	123184079	SINE/MIR	597	+	98	123183980	99030
chr11	7398923	7598923	harbor1	chr11	7416228	7416467	SINE/MIR	938	+	120	7416348	17425
chr11	7398923	7598923	harbor1	chr11	7423373	7423607	SINE/MIR	651	+	117	7423490	24567
chr11	7398923	7598923	harbor1	chr11	7436834	7437046	SINE/MIR	570	+	106	7436940	38017
chr11	7398923	7598923	harbor1	chr11	7445003	7445240	SINE/MIR	605	+	118	7445121	46198
chr11	7398923	7598923	harbor1	chr11	7446257	7446382	SINE/MIR	413	+	62	7446319	47396
chr11	7398923	7598923	harbor1	chr11	7460036	7460181	SINE/MIR	431	+	72	7460108	61185
chr11	7398923	7598923	harbor1	chr11	7462134	7462362	SINE/MIR	562	+	114	7462248	63325
chr11	89310322	89510322	harbor1	chr11	89348787	89348990	SINE/MIR	670	+	102	89348889	38567
chr11	89310322	89510322	harbor1	chr11	89389757	89390002	SINE/MIR	603	+	122	89389879	79557
chr11	14353441	14553441	harbor1	chr11	14384003	14384113	SINE/MIR	412	+	55	14384058	30617
chr11	14353441	14553441	harbor1	chr11	14385790	14385967	SINE/MIR	507	+	88	14385878	32437
chr11	14353441	14553441	harbor1	chr11	14386495	14386719	SINE/MIR	533	+	112	14386607	33166
chr11	14353441	14553441	harbor1	chr11	14420468	14420648	SINE/MIR	480	+	90	14420558	67117
chr11	14353441	14553441	harbor1	chr11	14420960	14421009	SINE/MIR	480	+	24	14420984	67543
chr11	14353441	14553441	harbor1	chr11	14421245	14421386	SINE/MIR	579	+	70	14421315	67874
chr11	14353441	14553441	harbor1	chr11	14443028	14443224	SINE/MIR	524	+	98	14443126	89685
chr11	14353441	14553441	harbor1	chr11	14452898	14453136	SINE/MIR	498	+	119	14453017	99576
chr11	107310238	107510238	harbor1	chr11	107329451	107329637	SINE/MIR	881	+	93	107329544	19306
chr11	107310238	107510238	harbor1	chr11	107382332	107382528	SINE/MIR	441	+	98	107382430	72192
chr11	86851045	87051045	harbor1	chr11	86865183	86865418	SINE/MIR	423	+	118	86865301	14256
chr11	86851045	87051045	harbor1	chr11	86871988	86872226	SINE/MIR	507	+	119	86872107	21062
chr11	86851045	87051045	harbor1	chr11	86872753	86872979	SINE/MIR	593	+	113	86872866	21821
chr11	86851045	87051045	harbor1	chr11	86876396	86876535	SINE/MIR	447	+	70	86876466	25421
chr11	86851045	87051045	harbor1	chr11	86895183	86895361	SINE/MIR	552	+	89	86895272	44227
chr11	86851045	87051045	harbor1	chr11	86919590	86919707	SINE/MIR	486	+	58	86919648	68603
chr11	86851045	87051045	harbor1	chr11	86924522	86924686	SINE/MIR	387	+	82	86924604	73559
chr11	130235908	130435908	harbor1	chr11	130263993	130264246	SINE/MIR	849	+	126	130264119	28211
chr11	130235908	130435908	harbor1	chr11	130269661	130269908	SINE/MIR	463	+	124	130269785	33877
chr11	130235908	130435908	harbor1	chr11	130308390	130308624	SINE/MIR	733	+	117	130308507	72599
chr11	130235908	130435908	harbor1	chr11	130313150	130313338	SINE/MIR	412	+	94	130313244	77336
chr11	2586496	2786496	harbor1	chr11	2598710	2598930	SINE/MIR	646	+	110	2598820	12324
chr11	2586496	2786496	harbor1	chr11	2679289	2679516	SINE/MIR	728	+	114	2679403	92907
chr11	108876011	109076011	harbor1	chr11	108876522	108876733	SINE/MIR	603	+	106	108876628	617
chr11	108876011	109076011	harbor1	chr11	108888869	108889105	SINE/MIR	620	+	118	108888987	12976
chr11	108876011	109076011	harbor1	chr11	108910294	108910428	SINE/MIR	504	+	67	108910361	34350
chr11	108876011	109076011	harbor1	chr11	108928545	108928731	SINE/MIR	589	+	93	108928638	52627
chr11	108876011	109076011	harbor1	chr11	108939280	108939484	SINE/MIR	471	+	102	108939382	63371
chr11	108876011	109076011	harbor1	chr11	108969076	108969270	SINE/MIR	621	+	97	108969173	93162
chr11	66712144	66912144	harbor1	chr11	66712068	66712263	SINE/MIR	607	+	98	66712166	22
chr11	66712144	66912144	harbor1	chr11	66716598	66716748	SINE/MIR	523	+	75	66716673	4529
chr11	66712144	66912144	harbor1	chr11	66730950	66731176	SINE/MIR	763	+	113	66731063	18919
chr11	66712144	66912144	harbor1	chr11	66736920	66737121	SINE/MIR	688	+	100	66737020	24876
chr11	66712144	66912144	harbor1	chr11	66792535	66792685	SINE/MIR	610	+	75	66792610	80466
chr11	66712144	66912144	harbor1	chr11	66794746	66794850	SINE/MIR	507	+	52	66794798	82654
chr11	66712144	66912144	harbor1	chr11	66795144	66795269	SINE/MIR	507	+	62	66795206	83062
chr11	66712144	66912144	harbor1	chr11	66806179	66806296	SINE/MIR	417	+	58	66806237	94093
chr11	118442766	118642766	harbor1	chr11	118444495	118444565	SINE/MIR	724	+	35	118444530	1764
chr11	118442766	118642766	harbor1	chr11	118444875	118445024	SINE/MIR	724	+	74	118444949	2183
chr11	118442766	118642766	harbor1	chr11	118496739	118496941	SINE/MIR	795	+	101	118496840	54074
chr11	118442766	118642766	harbor1	chr11	118509722	118509911	SINE/MIR	384	+	94	118509816	67050
chr11	118442766	118642766	harbor1	chr11	118519178	118519348	SINE/MIR	488	+	85	118519263	76497
chr11	13521424	13721424	harbor1	chr11	13550948	13551149	SINE/MIR	768	+	100	13551048	29624
chr11	95476904	95676904	harbor1	chr11	95512473	95512716	SINE/MIR	475	+	122	95512595	35691
chr11	95476904	95676904	harbor1	chr11	95514114	95514363	SINE/MIR	671	+	124	95514238	37334
chr11	95476904	95676904	harbor1	chr11	95523202	95523404	SINE/MIR	595	+	101	95523303	46399
chr11	95476904	95676904	harbor1	chr11	95575154	95575411	SINE/MIR	603	+	128	95575282	98378
chr11	101981020	102181020	harbor1	chr11	102067986	102068181	SINE/MIR	511	+	98	102068084	87064
chr11	111504747	111704747	harbor1	chr11	111519015	111519236	SINE/MIR	611	+	110	111519125	14378
chr11	111504747	111704747	harbor1	chr11	111528869	111529127	SINE/MIR	578	+	129	111528998	24251
chr11	111504747	111704747	harbor1	chr11	111533196	111533434	SINE/MIR	563	+	119	111533315	28568
chr11	111504747	111704747	harbor1	chr11	111543099	111543357	SINE/MIR	815	+	129	111543228	38481
chr11	111504747	111704747	harbor1	chr11	111552916	111553042	SINE/MIR	467	+	63	111552979	48232
chr11	111504747	111704747	harbor1	chr11	111565446	111565643	SINE/MIR	589	+	98	111565544	60797
chr11	111504747	111704747	harbor1	chr11	111586974	111587166	SINE/MIR	488	+	96	111587070	82323
chr11	127052771	127252771	harbor1	chr11	127102228	127102393	SINE/MIR	695	+	82	127102310	49539
chr11	127052771	127252771	harbor1	chr11	127105177	127105386	SINE/MIR	483	+	104	127105281	52510
chr11	127052771	127252771	harbor1	chr11	127111232	127111409	SINE/MIR	509	+	88	127111320	58549
chr11	127052771	127252771	harbor1	chr11	127112425	127112635	SINE/MIR	422	+	105	127112530	59759
chr11	127052771	127252771	harbor1	chr11	127114826	127115037	SINE/MIR	495	+	106	127114932	62161
chr11	127052771	127252771	harbor1	chr11	127128424	127128601	SINE/MIR	542	+	88	127128512	75741
chr11	129394922	129594922	harbor1	chr11	129402189	129402391	SINE/MIR	434	+	101	129402290	7368
chr11	129394922	129594922	harbor1	chr11	129436105	129436284	SINE/MIR	465	+	90	129436195	41273
chr11	129394922	129594922	harbor1	chr11	129441809	129441968	SINE/MIR	430	+	80	129441889	46967
chr11	129394922	129594922	harbor1	chr11	129446371	129446555	SINE/MIR	590	+	92	129446463	51541
chr11	121333431	121533431	harbor1	chr11	121349808	121350016	SINE/MIR	529	+	104	121349912	16481
chr11	121333431	121533431	harbor1	chr11	121357848	121358034	SINE/MIR	512	+	93	121357941	24510
chr11	121333431	121533431	harbor1	chr11	121365691	121365825	SINE/MIR	390	+	67	121365758	32327
chr11	121333431	121533431	harbor1	chr11	121389071	121389257	SINE/MIR	531	+	93	121389164	55733
chr11	24282835	24482835	harbor1	chr11	24307766	24307976	SINE/MIR	435	+	105	24307871	25036
chr11	24282835	24482835	harbor1	chr11	24378598	24378778	SINE/MIR	385	+	90	24378688	95853
chr11	1044731	1244731	harbor1	chr11	1069295	1069535	SINE/MIR	437	+	120	1069415	24684
chr11	120166688	120366688	harbor1	chr11	120170585	120170753	SINE/MIR	790	+	84	120170669	3981
chr11	120166688	120366688	harbor1	chr11	120178274	120178453	SINE/MIR	530	+	90	120178364	11676
chr11	120166688	120366688	harbor1	chr11	120190824	120191060	SINE/MIR	543	+	118	120190942	24254
chr11	120166688	120366688	harbor1	chr11	120194655	120194762	SINE/MIR	411	+	54	120194709	28021
chr11	120166688	120366688	harbor1	chr11	120195076	120195182	SINE/MIR	411	+	53	120195129	28441
chr11	120166688	120366688	harbor1	chr11	120199450	120199626	SINE/MIR	556	+	88	120199538	32850
chr11	120166688	120366688	harbor1	chr11	120208234	120208459	SINE/MIR	828	+	112	120208346	41658
chr11	120166688	120366688	harbor1	chr11	120214162	120214289	SINE/MIR	534	+	64	120214226	47538
chr11	120166688	120366688	harbor1	chr11	120217641	120217725	SINE/MIR	402	+	42	120217683	50995
chr11	120166688	120366688	harbor1	chr11	120230199	120230372	SINE/MIR	445	+	86	120230285	63597
chr11	120166688	120366688	harbor1	chr11	120237066	120237262	SINE/MIR	629	+	98	120237164	70476
chr11	120166688	120366688	harbor1	chr11	120238865	120239035	SINE/MIR	403	+	85	120238950	72262
chr11	120166688	120366688	harbor1	chr11	120248255	120248461	SINE/MIR	533	+	103	120248358	81670
chr11	120166688	120366688	harbor1	chr11	120256228	120256394	SINE/MIR	672	+	83	120256311	89623
chr11	120166688	120366688	harbor1	chr11	120256864	120257116	SINE/MIR	901	+	126	120256990	90302
chr11	120166688	120366688	harbor1	chr11	120257680	120257808	SINE/MIR	397	+	64	120257744	91056
chr11	120166688	120366688	harbor1	chr11	120257873	120258064	SINE/MIR	402	+	96	120257969	91281
chr11	26893636	27093636	harbor1	chr11	26903685	26903867	SINE/MIR	454	+	91	26903776	10140
chr11	26893636	27093636	harbor1	chr11	26915135	26915287	SINE/MIR	399	+	76	26915211	21575
chr11	26893636	27093636	harbor1	chr11	26929216	26929404	SINE/MIR	392	+	94	26929310	35674
chr11	26893636	27093636	harbor1	chr11	26930692	26930873	SINE/MIR	648	+	90	26930782	37146
chr11	26893636	27093636	harbor1	chr11	26938933	26939137	SINE/MIR	445	+	102	26939035	45399
chr11	26893636	27093636	harbor1	chr11	26952243	26952465	SINE/MIR	730	+	111	26952354	58718
chr11	26893636	27093636	harbor1	chr11	26958710	26958947	SINE/MIR	545	+	118	26958828	65192
chr11	26893636	27093636	harbor1	chr11	26962149	26962375	SINE/MIR	619	+	113	26962262	68626
chr11	90309693	90509693	harbor1	chr11	90363134	90363354	SINE/MIR	731	+	110	90363244	53551
chr11	90309693	90509693	harbor1	chr11	90393803	90394033	SINE/MIR	622	+	115	90393918	84225
chr11	90309693	90509693	harbor1	chr11	90394595	90394821	SINE/MIR	554	+	113	90394708	85015
chr11	29062375	29262375	harbor1	chr11	29121716	29121862	SINE/MIR	436	+	73	29121789	59414
chr11	29062375	29262375	harbor1	chr11	29123807	29123974	SINE/MIR	486	+	84	29123891	61516
chr11	29062375	29262375	harbor1	chr11	29124155	29124212	SINE/MIR	486	+	28	29124183	61808
chr11	29062375	29262375	harbor1	chr11	29161846	29162058	SINE/MIR	495	+	106	29161952	99577
chr11	118190620	118390620	harbor1	chr11	118230262	118230506	SINE/MIR	955	+	122	118230384	39764
chr11	118190620	118390620	harbor1	chr11	118233566	118233711	SINE/MIR	799	+	72	118233638	43018
chr11	118190620	118390620	harbor1	chr11	118234019	118234128	SINE/MIR	799	+	54	118234073	43453
chr11	118190620	118390620	harbor1	chr11	118241374	118241624	SINE/MIR	720	+	125	118241499	50879
chr11	118190620	118390620	harbor1	chr11	118242116	118242297	SINE/MIR	529	+	90	118242206	51586
chr11	118190620	118390620	harbor1	chr11	118261319	118261528	SINE/MIR	546	+	104	118261423	70803
chr11	118190620	118390620	harbor1	chr11	118261774	118262007	SINE/MIR	604	+	116	118261890	71270
chr11	118190620	118390620	harbor1	chr11	118262007	118262108	SINE/MIR	393	+	50	118262057	71437
chr11	118190620	118390620	harbor1	chr11	118268107	118268344	SINE/MIR	761	+	118	118268225	77605
chr11	118190620	118390620	harbor1	chr11	118271288	118271412	SINE/MIR	490	+	62	118271350	80730
chr11	75283222	75483222	harbor1	chr11	75286872	75287013	SINE/MIR	464	+	70	75286942	3720
chr11	75283222	75483222	harbor1	chr11	75321624	75321774	SINE/MIR	445	+	75	75321699	38477
chr11	75283222	75483222	harbor1	chr11	75322754	75323017	SINE/MIR	795	+	132	75322886	39664
chr11	75283222	75483222	harbor1	chr11	75347621	75347834	SINE/MIR	505	+	106	75347727	64505
chr11	88388387	88588387	harbor1	chr11	88415802	88415990	SINE/MIR	384	+	94	88415896	27509
chr11	88388387	88588387	harbor1	chr11	88418738	88418848	SINE/MIR	446	+	55	88418793	30406
chr11	88388387	88588387	harbor1	chr11	88436598	88436767	SINE/MIR	519	+	84	88436682	48295
chr11	88388387	88588387	harbor1	chr11	88476342	88476590	SINE/MIR	693	+	124	88476466	88079
chr11	88388387	88588387	harbor1	chr11	88480886	88481066	SINE/MIR	547	+	90	88480976	92589
chr11	88388387	88588387	harbor1	chr11	88481714	88481956	SINE/MIR	410	+	121	88481835	93448
chr11	41359916	41559916	harbor1	chr11	41365825	41366053	SINE/MIR	506	+	114	41365939	6023
chr11	41359916	41559916	harbor1	chr11	41413990	41414192	SINE/MIR	485	+	101	41414091	54175
chr11	41359916	41559916	harbor1	chr11	41420655	41420873	SINE/MIR	507	+	109	41420764	60848
chr11	41359916	41559916	harbor1	chr11	41420972	41421210	SINE/MIR	643	+	119	41421091	61175
chr11	41359916	41559916	harbor1	chr11	41430038	41430246	SINE/MIR	427	+	104	41430142	70226
chr11	41359916	41559916	harbor1	chr11	41445552	41445758	SINE/MIR	459	+	103	41445655	85739
chr11	41359916	41559916	harbor1	chr11	41447118	41447293	SINE/MIR	611	+	88	41447206	87290
chr11	2565977	2765977	harbor1	chr11	2598710	2598930	SINE/MIR	646	+	110	2598820	32843
chr11	21236685	21436685	harbor1	chr11	21238776	21238934	SINE/MIR	419	+	79	21238855	2170
chr11	21236685	21436685	harbor1	chr11	21238947	21239091	SINE/MIR	482	+	72	21239019	2334
chr11	21236685	21436685	harbor1	chr11	21244791	21244992	SINE/MIR	742	+	100	21244891	8206
chr11	21236685	21436685	harbor1	chr11	21245247	21245431	SINE/MIR	389	+	92	21245339	8654
chr11	21236685	21436685	harbor1	chr11	21288533	21288677	SINE/MIR	544	+	72	21288605	51920
chr11	21236685	21436685	harbor1	chr11	21289193	21289212	SINE/MIR	544	+	10	21289203	52518
chr11	21236685	21436685	harbor1	chr11	21308023	21308210	SINE/MIR	692	+	94	21308117	71432
chr11	21236685	21436685	harbor1	chr11	21314340	21314529	SINE/MIR	579	+	94	21314434	77749
chr11	21236685	21436685	harbor1	chr11	21318811	21319022	SINE/MIR	636	+	106	21318917	82232
chr11	38484530	38684530	harbor1	chr11	38506615	38506875	SINE/MIR	460	+	130	38506745	22215
chr11	38484530	38684530	harbor1	chr11	38550863	38551010	SINE/MIR	442	+	74	38550937	66407
chr11	38484530	38684530	harbor1	chr11	38558201	38558448	SINE/MIR	488	+	124	38558325	73795
chr11	42090385	42290385	harbor1	chr11	42093466	42093696	SINE/MIR	632	+	115	42093581	3196
chr11	42090385	42290385	harbor1	chr11	42170285	42170461	SINE/MIR	545	+	88	42170373	79988
chr11	42090385	42290385	harbor1	chr11	42173496	42173760	SINE/MIR	558	+	132	42173628	83243
chr11	42090385	42290385	harbor1	chr11	42179056	42179244	SINE/MIR	513	+	94	42179150	88765
chr11	103502317	103702317	harbor1	chr11	103530598	103530815	SINE/MIR	1009	+	108	103530706	28389
chr11	103502317	103702317	harbor1	chr11	103566852	103566986	SINE/MIR	476	+	67	103566919	64602
chr11	103502317	103702317	harbor1	chr11	103590694	103590849	SINE/MIR	391	+	78	103590772	88455
chr11	103502317	103702317	harbor1	chr11	103591979	103592217	SINE/MIR	467	+	119	103592098	89781
chr11	103502317	103702317	harbor1	chr11	103596011	103596190	SINE/MIR	503	+	90	103596101	93784
chr11	131460042	131660042	harbor1	chr11	131469621	131469855	SINE/MIR	624	+	117	131469738	9696
chr11	131460042	131660042	harbor1	chr11	131485910	131486097	SINE/MIR	441	+	94	131486004	25962
chr11	131460042	131660042	harbor1	chr11	131498185	131498398	SINE/MIR	528	+	106	131498291	38249
chr11	131460042	131660042	harbor1	chr11	131505024	131505231	SINE/MIR	423	+	104	131505128	45086
chr11	131460042	131660042	harbor1	chr11	131505831	131505935	SINE/MIR	423	+	52	131505883	45841
chr11	131460042	131660042	harbor1	chr11	131514149	131514364	SINE/MIR	433	+	108	131514257	54215
chr11	131460042	131660042	harbor1	chr11	131525681	131525853	SINE/MIR	604	+	86	131525767	65725
chr11	131460042	131660042	harbor1	chr11	131547980	131548204	SINE/MIR	556	+	112	131548092	88050
chr11	131460042	131660042	harbor1	chr11	131556429	131556561	SINE/MIR	497	+	66	131556495	96453
chr11	121963765	122163765	harbor1	chr11	121998759	121998943	SINE/MIR	498	+	92	121998851	35086
chr11	121963765	122163765	harbor1	chr11	122025382	122025634	SINE/MIR	932	+	126	122025508	61743
chr11	121963765	122163765	harbor1	chr11	122026658	122026865	SINE/MIR	489	+	104	122026762	62997
chr11	121963765	122163765	harbor1	chr11	122029243	122029475	SINE/MIR	612	+	116	122029359	65594
chr11	121963765	122163765	harbor1	chr11	122034968	122035103	SINE/MIR	418	+	68	122035036	71271
chr11	69356778	69556778	harbor1	chr11	69359367	69359534	SINE/MIR	599	+	84	69359451	2673
chr11	69356778	69556778	harbor1	chr11	69361236	69361424	SINE/MIR	680	+	94	69361330	4552
chr11	69356778	69556778	harbor1	chr11	69364567	69364690	SINE/MIR	419	+	62	69364629	7851
chr11	69356778	69556778	harbor1	chr11	69364960	69365100	SINE/MIR	503	+	70	69365030	8252
chr11	69356778	69556778	harbor1	chr11	69371591	69371670	SINE/MIR	397	+	40	69371631	14853
chr11	69356778	69556778	harbor1	chr11	69414468	69414702	SINE/MIR	431	+	117	69414585	57807
chr11	69356778	69556778	harbor1	chr11	69428389	69428528	SINE/MIR	496	+	70	69428459	71681
chr11	69356778	69556778	harbor1	chr11	69442342	69442454	SINE/MIR	425	+	56	69442398	85620
chr11	103477047	103677047	harbor1	chr11	103530598	103530815	SINE/MIR	1009	+	108	103530706	53659
chr11	103477047	103677047	harbor1	chr11	103566852	103566986	SINE/MIR	476	+	67	103566919	89872
chr11	66138353	66338353	harbor1	chr11	66160236	66160382	SINE/MIR	433	+	73	66160309	21956
chr11	66138353	66338353	harbor1	chr11	66160911	66161104	SINE/MIR	591	+	96	66161007	22654
chr11	66138353	66338353	harbor1	chr11	66168537	66168652	SINE/MIR	419	+	58	66168595	30242
chr11	66138353	66338353	harbor1	chr11	66188947	66189153	SINE/MIR	429	+	103	66189050	50697
chr11	66138353	66338353	harbor1	chr11	66224268	66224447	SINE/MIR	449	+	90	66224358	86005
chr11	6780138	6980138	harbor1	chr11	6787266	6787534	SINE/MIR	429	+	134	6787400	7262
chr11	6780138	6980138	harbor1	chr11	6800010	6800187	SINE/MIR	472	+	88	6800098	19960
chr11	6780138	6980138	harbor1	chr11	6823421	6823598	SINE/MIR	568	+	88	6823509	43371
chr11	6780138	6980138	harbor1	chr11	6874613	6874779	SINE/MIR	632	+	83	6874696	94558
chr11	123134655	123334655	harbor1	chr11	123139346	123139528	SINE/MIR	479	+	91	123139437	4782
chr11	123134655	123334655	harbor1	chr11	123146306	123146411	SINE/MIR	388	+	52	123146358	11703
chr11	123134655	123334655	harbor1	chr11	123147982	123148206	SINE/MIR	729	+	112	123148094	13439
chr11	123134655	123334655	harbor1	chr11	123158705	123158936	SINE/MIR	611	+	116	123158821	24166
chr11	123134655	123334655	harbor1	chr11	123178435	123178628	SINE/MIR	432	+	96	123178531	43876
chr11	123134655	123334655	harbor1	chr11	123178779	123178944	SINE/MIR	488	+	82	123178861	44206
chr11	123134655	123334655	harbor1	chr11	123179758	123179867	SINE/MIR	425	+	54	123179812	45157
chr11	123134655	123334655	harbor1	chr11	123180073	123180161	SINE/MIR	401	+	44	123180117	45462
chr11	123134655	123334655	harbor1	chr11	123183882	123184079	SINE/MIR	597	+	98	123183980	49325
chr11	123134655	123334655	harbor1	chr11	123186094	123186285	SINE/MIR	465	+	96	123186190	51535
chr11	123134655	123334655	harbor1	chr11	123189295	123189538	SINE/MIR	762	+	122	123189417	54762
chr11	123134655	123334655	harbor1	chr11	123190879	123191000	SINE/MIR	385	+	60	123190939	56284
chr11	123134655	123334655	harbor1	chr11	123193157	123193361	SINE/MIR	665	+	102	123193259	58604
chr11	123134655	123334655	harbor1	chr11	123206475	123206693	SINE/MIR	602	+	109	123206584	71929
chr11	89538689	89738689	harbor1	chr11	89546443	89546559	SINE/MIR	579	+	58	89546501	7812
chr11	89538689	89738689	harbor1	chr11	89546951	89547091	SINE/MIR	579	+	70	89547021	8332
chr11	89538689	89738689	harbor1	chr11	89613249	89613466	SINE/MIR	424	+	108	89613357	74668
chr11	89538689	89738689	harbor1	chr11	89636495	89636671	SINE/MIR	453	+	88	89636583	97894
chr11	89538689	89738689	harbor1	chr11	89637668	89637825	SINE/MIR	451	+	78	89637746	99057
chr11	131462723	131662723	harbor1	chr11	131469621	131469855	SINE/MIR	624	+	117	131469738	7015
chr11	131462723	131662723	harbor1	chr11	131485910	131486097	SINE/MIR	441	+	94	131486004	23281
chr11	131462723	131662723	harbor1	chr11	131498185	131498398	SINE/MIR	528	+	106	131498291	35568
chr11	131462723	131662723	harbor1	chr11	131505024	131505231	SINE/MIR	423	+	104	131505128	42405
chr11	131462723	131662723	harbor1	chr11	131505831	131505935	SINE/MIR	423	+	52	131505883	43160
chr11	131462723	131662723	harbor1	chr11	131514149	131514364	SINE/MIR	433	+	108	131514257	51534
chr11	131462723	131662723	harbor1	chr11	131525681	131525853	SINE/MIR	604	+	86	131525767	63044
chr11	131462723	131662723	harbor1	chr11	131547980	131548204	SINE/MIR	556	+	112	131548092	85369
chr11	131462723	131662723	harbor1	chr11	131556429	131556561	SINE/MIR	497	+	66	131556495	93772
chr11	94321756	94521756	harbor1	chr11	94376587	94376731	SINE/MIR	471	+	72	94376659	54903
chr11	94321756	94521756	harbor1	chr11	94395433	94395560	SINE/MIR	444	+	64	94395497	73741
chr11	94321756	94521756	harbor1	chr11	94396784	94396974	SINE/MIR	462	+	95	94396879	75123
chr11	94321756	94521756	harbor1	chr11	94397538	94397703	SINE/MIR	590	+	82	94397620	75864
chr11	94321756	94521756	harbor1	chr11	94399408	94399548	SINE/MIR	544	+	70	94399478	77722
chr11	94321756	94521756	harbor1	chr11	94402276	94402378	SINE/MIR	430	+	51	94402327	80571
chr11	107138502	107338502	harbor1	chr11	107138921	107139140	SINE/MIR	685	+	110	107139031	529
chr11	107138502	107338502	harbor1	chr11	107174870	107175108	SINE/MIR	515	+	119	107174989	36487
chr11	107138502	107338502	harbor1	chr11	107200685	107200888	SINE/MIR	770	+	102	107200787	62285
chr11	107138502	107338502	harbor1	chr11	107222707	107222880	SINE/MIR	536	+	86	107222793	84291
chr11	118357495	118557495	harbor1	chr11	118433861	118434054	SINE/MIR	387	+	96	118433957	76462
chr11	118357495	118557495	harbor1	chr11	118444495	118444565	SINE/MIR	724	+	35	118444530	87035
chr11	118357495	118557495	harbor1	chr11	118444875	118445024	SINE/MIR	724	+	74	118444949	87454
chr11	15716278	15916278	harbor1	chr11	15721823	15721851	SINE/MIR	398	+	14	15721837	5559
chr11	15716278	15916278	harbor1	chr11	15722232	15722362	SINE/MIR	442	+	65	15722297	6019
chr11	15716278	15916278	harbor1	chr11	15724295	15724501	SINE/MIR	404	+	103	15724398	8120
chr11	15716278	15916278	harbor1	chr11	15738336	15738572	SINE/MIR	582	+	118	15738454	22176
chr11	15716278	15916278	harbor1	chr11	15741510	15741765	SINE/MIR	594	+	128	15741638	25360
chr11	15716278	15916278	harbor1	chr11	15743690	15743852	SINE/MIR	615	+	81	15743771	27493
chr11	15716278	15916278	harbor1	chr11	15759813	15759970	SINE/MIR	579	+	78	15759891	43613
chr11	15716278	15916278	harbor1	chr11	15777172	15777375	SINE/MIR	544	+	102	15777274	60996
chr11	15716278	15916278	harbor1	chr11	15783148	15783361	SINE/MIR	499	+	106	15783254	66976
chr11	15716278	15916278	harbor1	chr11	15786586	15786716	SINE/MIR	642	+	65	15786651	70373
chr11	15716278	15916278	harbor1	chr11	15787027	15787138	SINE/MIR	642	+	56	15787083	70805
chr11	85608148	85808148	harbor1	chr11	85634528	85634751	SINE/MIR	716	+	112	85634640	26492
chr11	85608148	85808148	harbor1	chr11	85637790	85638020	SINE/MIR	701	+	115	85637905	29757
chr11	85608148	85808148	harbor1	chr11	85682140	85682287	SINE/MIR	421	+	74	85682214	74066
chr11	85608148	85808148	harbor1	chr11	85695671	85695867	SINE/MIR	562	+	98	85695769	87621
chr11	85608148	85808148	harbor1	chr11	85696545	85696779	SINE/MIR	756	+	117	85696662	88514
chr11	85608148	85808148	harbor1	chr11	85707142	85707265	SINE/MIR	471	+	62	85707204	99056
chr11	87272884	87472884	harbor1	chr11	87294972	87295196	SINE/MIR	469	+	112	87295084	22200
chr11	87272884	87472884	harbor1	chr11	87296606	87296727	SINE/MIR	434	+	60	87296666	23782
chr11	87272884	87472884	harbor1	chr11	87300416	87300645	SINE/MIR	456	+	114	87300530	27646
chr11	87272884	87472884	harbor1	chr11	87303453	87303654	SINE/MIR	429	+	100	87303553	30669
chr11	87272884	87472884	harbor1	chr11	87319838	87320052	SINE/MIR	682	+	107	87319945	47061
chr11	96961880	97161880	harbor1	chr11	96974987	96975244	SINE/MIR	654	+	128	96975115	13235
chr11	96961880	97161880	harbor1	chr11	97008041	97008208	SINE/MIR	390	+	84	97008125	46245
chr11	83108771	83308771	harbor1	chr11	83116155	83116286	SINE/MIR	430	+	66	83116221	7450
chr11	83108771	83308771	harbor1	chr11	83117743	83117977	SINE/MIR	621	+	117	83117860	9089
chr11	83108771	83308771	harbor1	chr11	83119840	83120038	SINE/MIR	478	+	99	83119939	11168
chr11	83108771	83308771	harbor1	chr11	83141798	83141993	SINE/MIR	469	+	98	83141896	33125
chr11	83108771	83308771	harbor1	chr11	83173045	83173174	SINE/MIR	494	+	64	83173109	64338
chr11	83108771	83308771	harbor1	chr11	83173483	83173607	SINE/MIR	494	+	62	83173545	64774
chr11	83108771	83308771	harbor1	chr11	83191067	83191268	SINE/MIR	411	+	100	83191167	82396
chr11	13740596	13940596	harbor1	chr11	13778424	13778654	SINE/MIR	759	+	115	13778539	37943
chr11	13740596	13940596	harbor1	chr11	13836943	13837092	SINE/MIR	474	+	74	13837017	96421
chr11	13740596	13940596	harbor1	chr11	13837182	13837384	SINE/MIR	447	+	101	13837283	96687
chr11	63516977	63716977	harbor1	chr11	63543856	63544099	SINE/MIR	413	+	122	63543978	27001
chr11	63516977	63716977	harbor1	chr11	63558030	63558133	SINE/MIR	438	+	52	63558082	41105
chr11	63516977	63716977	harbor1	chr11	63592596	63592826	SINE/MIR	846	+	115	63592711	75734
chr11	63516977	63716977	harbor1	chr11	63608787	63609033	SINE/MIR	842	+	123	63608910	91933
chr11	102882022	103082022	harbor1	chr11	102903324	102903535	SINE/MIR	751	+	106	102903430	21408
chr11	102882022	103082022	harbor1	chr11	102926155	102926403	SINE/MIR	492	+	124	102926279	44257
chr11	102882022	103082022	harbor1	chr11	102933957	102934173	SINE/MIR	674	+	108	102934065	52043
chr11	102882022	103082022	harbor1	chr11	102975485	102975677	SINE/MIR	587	+	96	102975581	93559
chr11	29448325	29648325	harbor1	chr11	29458995	29459223	SINE/MIR	494	+	114	29459109	10784
chr11	29448325	29648325	harbor1	chr11	29488422	29488634	SINE/MIR	462	+	106	29488528	40203
chr11	29448325	29648325	harbor1	chr11	29529583	29529768	SINE/MIR	438	+	92	29529675	81350
chr11	29448325	29648325	harbor1	chr11	29536884	29537092	SINE/MIR	766	+	104	29536988	88663
chr11	83147528	83347528	harbor1	chr11	83173045	83173174	SINE/MIR	494	+	64	83173109	25581
chr11	83147528	83347528	harbor1	chr11	83173483	83173607	SINE/MIR	494	+	62	83173545	26017
chr11	83147528	83347528	harbor1	chr11	83191067	83191268	SINE/MIR	411	+	100	83191167	43639
chr11	12367641	12567641	harbor1	chr11	12382694	12382900	SINE/MIR	712	+	103	12382797	15156
chr11	12367641	12567641	harbor1	chr11	12386659	12386786	SINE/MIR	411	+	64	12386723	19082
chr11	12367641	12567641	harbor1	chr11	12396432	12396636	SINE/MIR	668	+	102	12396534	28893
chr11	12367641	12567641	harbor1	chr11	12398612	12398782	SINE/MIR	451	+	85	12398697	31056
chr11	12367641	12567641	harbor1	chr11	12410853	12411086	SINE/MIR	739	+	116	12410969	43328
chr11	12367641	12567641	harbor1	chr11	12460235	12460433	SINE/MIR	981	+	99	12460334	92693
chr11	12367641	12567641	harbor1	chr11	12402509	12402697	SINE/MIR	458	+	94	12402603	34962
chr11	43119223	43319223	harbor1	chr11	43135280	43135516	SINE/MIR	492	+	118	43135398	16175
chr11	43119223	43319223	harbor1	chr11	43140686	43140922	SINE/MIR	913	+	118	43140804	21581
chr11	43119223	43319223	harbor1	chr11	43176035	43176266	SINE/MIR	598	+	116	43176151	56928
chr11	43119223	43319223	harbor1	chr11	43180815	43180982	SINE/MIR	538	+	84	43180899	61676
chr11	43119223	43319223	harbor1	chr11	43191521	43191657	SINE/MIR	460	+	68	43191589	72366
chr11	108574239	108774239	harbor1	chr11	108588488	108588669	SINE/MIR	613	+	90	108588578	14339
chr11	108574239	108774239	harbor1	chr11	108589598	108589748	SINE/MIR	583	+	75	108589673	15434
chr11	108574239	108774239	harbor1	chr11	108589771	108589981	SINE/MIR	623	+	105	108589876	15637
chr11	108574239	108774239	harbor1	chr11	108667461	108667655	SINE/MIR	430	+	97	108667558	93319
chr11	95438969	95638969	harbor1	chr11	95451400	95451544	SINE/MIR	528	+	72	95451472	12503
chr11	95438969	95638969	harbor1	chr11	95451682	95451870	SINE/MIR	667	+	94	95451776	12807
chr11	95438969	95638969	harbor1	chr11	95512473	95512716	SINE/MIR	475	+	122	95512595	73626
chr11	95438969	95638969	harbor1	chr11	95514114	95514363	SINE/MIR	671	+	124	95514238	75269
chr11	95438969	95638969	harbor1	chr11	95523202	95523404	SINE/MIR	595	+	101	95523303	84334
chr11	88374871	88574871	harbor1	chr11	88415802	88415990	SINE/MIR	384	+	94	88415896	41025
chr11	88374871	88574871	harbor1	chr11	88418738	88418848	SINE/MIR	446	+	55	88418793	43922
chr11	88374871	88574871	harbor1	chr11	88436598	88436767	SINE/MIR	519	+	84	88436682	61811
chr11	55450892	55650892	harbor1	chr11	55547993	55548221	SINE/MIR	511	+	114	55548107	97215
chr11	6530607	6730607	harbor1	chr11	6530938	6531118	SINE/MIR	413	+	90	6531028	421
chr11	6530607	6730607	harbor1	chr11	6531944	6532131	SINE/MIR	759	+	94	6532038	1431
chr11	6530607	6730607	harbor1	chr11	6561031	6561142	SINE/MIR	436	+	56	6561087	30480
chr11	6530607	6730607	harbor1	chr11	6629044	6629186	SINE/MIR	561	+	71	6629115	98508
chr11	17145391	17345391	harbor1	chr11	17151518	17151763	SINE/MIR	1033	+	122	17151640	6249
chr11	17145391	17345391	harbor1	chr11	17238683	17238889	SINE/MIR	673	+	103	17238786	93395
chr11	100696789	100896789	harbor1	chr11	100705335	100705561	SINE/MIR	588	+	113	100705448	8659
chr11	100696789	100896789	harbor1	chr11	100713395	100713546	SINE/MIR	403	+	76	100713471	16682
chr11	100696789	100896789	harbor1	chr11	100733106	100733344	SINE/MIR	807	+	119	100733225	36436
chr11	100696789	100896789	harbor1	chr11	100757257	100757420	SINE/MIR	519	+	82	100757339	60550
chr11	100696789	100896789	harbor1	chr11	100765356	100765575	SINE/MIR	801	+	110	100765466	68677
chr11	100696789	100896789	harbor1	chr11	100771146	100771338	SINE/MIR	393	+	96	100771242	74453
chr11	100696789	100896789	harbor1	chr11	100784758	100784972	SINE/MIR	393	+	107	100784865	88076
chr11	100696789	100896789	harbor1	chr11	100785898	100786086	SINE/MIR	428	+	94	100785992	89203
chr11	68243792	68443792	harbor1	chr11	68255347	68255539	SINE/MIR	453	+	96	68255443	11651
chr11	49235848	49435848	harbor1	chr11	49236569	49236834	SINE/MIR	440	+	132	49236701	853
chr11	49235848	49435848	harbor1	chr11	49254539	49254760	SINE/MIR	757	+	110	49254649	18801
chr11	49235848	49435848	harbor1	chr11	49263282	49263535	SINE/MIR	462	+	126	49263408	27560
chr11	49235848	49435848	harbor1	chr11	49303520	49303711	SINE/MIR	559	+	96	49303616	67768
chr11	49235848	49435848	harbor1	chr11	49314366	49314556	SINE/MIR	432	+	95	49314461	78613
chr11	85649151	85849151	harbor1	chr11	85682140	85682287	SINE/MIR	421	+	74	85682214	33063
chr11	85649151	85849151	harbor1	chr11	85695671	85695867	SINE/MIR	562	+	98	85695769	46618
chr11	85649151	85849151	harbor1	chr11	85696545	85696779	SINE/MIR	756	+	117	85696662	47511
chr11	85649151	85849151	harbor1	chr11	85707142	85707265	SINE/MIR	471	+	62	85707204	58053
chr11	85649151	85849151	harbor1	chr11	85708669	85708834	SINE/MIR	404	+	82	85708751	59600
chr11	85649151	85849151	harbor1	chr11	85713550	85713768	SINE/MIR	689	+	109	85713659	64508
chr11	85649151	85849151	harbor1	chr11	85713799	85714025	SINE/MIR	688	+	113	85713912	64761
chr11	85649151	85849151	harbor1	chr11	85717780	85717976	SINE/MIR	698	+	98	85717878	68727
chr11	85649151	85849151	harbor1	chr11	85720352	85720541	SINE/MIR	598	+	94	85720446	71295
chr11	85649151	85849151	harbor1	chr11	85746819	85747036	SINE/MIR	701	+	108	85746927	97776
chr11	56611793	56811793	harbor1	chr11	56646680	56646906	SINE/MIR	415	+	113	56646793	35000
chr11	56611793	56811793	harbor1	chr11	56671753	56671970	SINE/MIR	650	+	108	56671861	60068
chr11	56611793	56811793	harbor1	chr11	56673420	56673651	SINE/MIR	474	+	116	56673536	61743
chr11	56611793	56811793	harbor1	chr11	56696326	56696529	SINE/MIR	648	+	102	56696428	84635
chr11	9554511	9754511	harbor1	chr11	9639884	9640043	SINE/MIR	496	+	80	9639964	85453
chr11	21832342	22032342	harbor1	chr11	21859149	21859348	SINE/MIR	549	+	100	21859249	26907
chr11	21832342	22032342	harbor1	chr11	21888432	21888591	SINE/MIR	406	+	80	21888512	56170
chr11	21832342	22032342	harbor1	chr11	21891910	21892153	SINE/MIR	718	+	122	21892032	59690
chr11	21832342	22032342	harbor1	chr11	21898285	21898528	SINE/MIR	662	+	122	21898407	66065
chr11	21832342	22032342	harbor1	chr11	21902250	21902416	SINE/MIR	654	+	83	21902333	69991
chr11	21832342	22032342	harbor1	chr11	21906218	21906357	SINE/MIR	532	+	70	21906288	73946
chr11	78137720	78337720	harbor1	chr11	78153223	78153472	SINE/MIR	861	+	124	78153347	15627
chr11	78137720	78337720	harbor1	chr11	78156963	78157197	SINE/MIR	714	+	117	78157080	19360
chr11	78137720	78337720	harbor1	chr11	78160999	78161174	SINE/MIR	487	+	88	78161087	23367
chr11	78137720	78337720	harbor1	chr11	78164223	78164349	SINE/MIR	439	+	63	78164286	26566
chr11	78137720	78337720	harbor1	chr11	78198692	78198908	SINE/MIR	878	+	108	78198800	61080
chr11	120980118	121180118	harbor1	chr11	120984312	120984458	SINE/MIR	451	+	73	120984385	4267
chr11	120980118	121180118	harbor1	chr11	121002149	121002353	SINE/MIR	585	+	102	121002251	22133
chr11	120980118	121180118	harbor1	chr11	121004650	121004836	SINE/MIR	716	+	93	121004743	24625
chr11	120980118	121180118	harbor1	chr11	121005123	121005211	SINE/MIR	716	+	44	121005167	25049
chr11	120980118	121180118	harbor1	chr11	121023387	121023603	SINE/MIR	475	+	108	121023495	43377
chr11	120980118	121180118	harbor1	chr11	121051733	121051817	SINE/MIR	391	+	42	121051775	71657
chr11	120980118	121180118	harbor1	chr11	121054437	121054622	SINE/MIR	630	+	92	121054529	74411
chr11	120980118	121180118	harbor1	chr11	121028466	121028669	SINE/MIR	759	+	102	121028568	48450
chr11	62900720	63100720	harbor1	chr11	62913098	62913318	SINE/MIR	703	+	110	62913208	12488
chr11	62900720	63100720	harbor1	chr11	62924045	62924233	SINE/MIR	446	+	94	62924139	23419
chr11	62900720	63100720	harbor1	chr11	62975596	62975830	SINE/MIR	1165	+	117	62975713	74993
chr11	62900720	63100720	harbor1	chr11	62977649	62977784	SINE/MIR	514	+	68	62977717	76997
chr11	62900720	63100720	harbor1	chr11	62977928	62978156	SINE/MIR	1114	+	114	62978042	77322
chr11	62900720	63100720	harbor1	chr11	62986644	62986840	SINE/MIR	836	+	98	62986742	86022
chr11	62900720	63100720	harbor1	chr11	62997697	62997900	SINE/MIR	687	+	102	62997799	97079
chr11	62900720	63100720	harbor1	chr11	62999303	62999516	SINE/MIR	475	+	106	62999409	98689
chr11	133897656	134097656	harbor1	chr11	133965427	133965557	SINE/MIR	453	+	65	133965492	67836
chr11	76053459	76253459	harbor1	chr11	76099306	76099455	SINE/MIR	633	+	74	76099380	45921
chr11	76053459	76253459	harbor1	chr11	76104076	76104285	SINE/MIR	540	+	104	76104180	50721
chr11	76053459	76253459	harbor1	chr11	76113694	76113850	SINE/MIR	609	+	78	76113772	60313
chr11	76053459	76253459	harbor1	chr11	76114402	76114591	SINE/MIR	613	+	94	76114496	61037
chr11	76053459	76253459	harbor1	chr11	76122310	76122548	SINE/MIR	592	+	119	76122429	68970
chr11	76053459	76253459	harbor1	chr11	76123651	76123758	SINE/MIR	438	+	54	76123705	70246
chr11	76053459	76253459	harbor1	chr11	76124063	76124201	SINE/MIR	438	+	69	76124132	70673
chr11	76053459	76253459	harbor1	chr11	76132909	76133156	SINE/MIR	787	+	124	76133033	79574
chr11	76053459	76253459	harbor1	chr11	76134525	76134666	SINE/MIR	401	+	70	76134595	81136
chr11	20341874	20541874	harbor1	chr11	20394955	20395148	SINE/MIR	549	+	96	20395051	53177
chr11	20341874	20541874	harbor1	chr11	20405472	20405607	SINE/MIR	565	+	68	20405540	63666
chr11	20341874	20541874	harbor1	chr11	20409206	20409448	SINE/MIR	388	+	121	20409327	67453
chr11	20341874	20541874	harbor1	chr11	20431292	20431443	SINE/MIR	853	+	76	20431368	89494
chr11	106664915	106864915	harbor1	chr11	106701979	106702181	SINE/MIR	571	+	101	106702080	37165
chr11	106664915	106864915	harbor1	chr11	106746169	106746410	SINE/MIR	554	+	120	106746289	81374
chr11	106664915	106864915	harbor1	chr11	106764351	106764545	SINE/MIR	505	+	97	106764448	99533
chr11	111150438	111350438	harbor1	chr11	111163451	111163655	SINE/MIR	444	+	102	111163553	13115
chr11	111150438	111350438	harbor1	chr11	111175848	111176111	SINE/MIR	556	+	132	111175980	25542
chr11	111150438	111350438	harbor1	chr11	111180070	111180275	SINE/MIR	662	+	102	111180172	29734
chr11	111150438	111350438	harbor1	chr11	111197895	111198109	SINE/MIR	537	+	107	111198002	47564
chr11	105240540	105440540	harbor1	chr11	105246581	105246845	SINE/MIR	418	+	132	105246713	6173
chr11	105240540	105440540	harbor1	chr11	105299173	105299378	SINE/MIR	400	+	102	105299275	58735
chr11	105240540	105440540	harbor1	chr11	105305609	105305830	SINE/MIR	620	+	110	105305719	65179
chr11	56697911	56897911	harbor1	chr11	56757317	56757483	SINE/MIR	401	+	83	56757400	59489
chr11	56697911	56897911	harbor1	chr11	56776735	56776871	SINE/MIR	466	+	68	56776803	78892
chr11	56697911	56897911	harbor1	chr11	56782745	56782923	SINE/MIR	465	+	89	56782834	84923
chr11	80011438	80211438	harbor1	chr11	80013441	80013579	SINE/MIR	385	+	69	80013510	2072
chr11	80011438	80211438	harbor1	chr11	80014874	80015114	SINE/MIR	575	+	120	80014994	3556
chr11	80011438	80211438	harbor1	chr11	80018923	80019126	SINE/MIR	491	+	102	80019025	7587
chr11	80011438	80211438	harbor1	chr11	80028642	80028819	SINE/MIR	418	+	88	80028730	17292
chr11	80011438	80211438	harbor1	chr11	80034261	80034477	SINE/MIR	591	+	108	80034369	22931
chr11	80011438	80211438	harbor1	chr11	80038770	80038884	SINE/MIR	412	+	57	80038827	27389
chr11	80011438	80211438	harbor1	chr11	80040499	80040713	SINE/MIR	461	+	107	80040606	29168
chr11	80011438	80211438	harbor1	chr11	80044407	80044593	SINE/MIR	412	+	93	80044500	33062
chr11	80011438	80211438	harbor1	chr11	80044985	80045132	SINE/MIR	407	+	74	80045059	33621
chr11	80011438	80211438	harbor1	chr11	80047678	80047901	SINE/MIR	617	+	112	80047790	36352
chr11	80011438	80211438	harbor1	chr11	80057776	80057979	SINE/MIR	391	+	102	80057878	46440
chr11	80011438	80211438	harbor1	chr11	80073560	80073764	SINE/MIR	471	+	102	80073662	62224
chr11	80011438	80211438	harbor1	chr11	80078597	80078839	SINE/MIR	689	+	121	80078718	67280
chr11	80011438	80211438	harbor1	chr11	80082071	80082283	SINE/MIR	485	+	106	80082177	70739
chr11	80011438	80211438	harbor1	chr11	80102404	80102567	SINE/MIR	451	+	82	80102486	91048
chr11	80011438	80211438	harbor1	chr11	80105286	80105514	SINE/MIR	712	+	114	80105400	93962
chr11	80011438	80211438	harbor1	chr11	80108460	80108701	SINE/MIR	856	+	120	80108580	97142
chr11	74732599	74932599	harbor1	chr11	74739707	74739906	SINE/MIR	473	+	100	74739807	7208
chr11	74732599	74932599	harbor1	chr11	74756295	74756541	SINE/MIR	679	+	123	74756418	23819
chr11	74732599	74932599	harbor1	chr11	74772220	74772462	SINE/MIR	556	+	121	74772341	39742
chr11	74732599	74932599	harbor1	chr11	74772560	74772719	SINE/MIR	564	+	80	74772640	40041
chr11	74732599	74932599	harbor1	chr11	74773701	74773927	SINE/MIR	677	+	113	74773814	41215
chr11	74732599	74932599	harbor1	chr11	74781749	74781960	SINE/MIR	804	+	106	74781855	49256
chr11	74732599	74932599	harbor1	chr11	74788978	74789087	SINE/MIR	436	+	54	74789032	56433
chr11	74732599	74932599	harbor1	chr11	74800403	74800561	SINE/MIR	691	+	79	74800482	67883
chr11	74732599	74932599	harbor1	chr11	74817081	74817322	SINE/MIR	428	+	120	74817201	84602
chr11	74732599	74932599	harbor1	chr11	74822568	74822791	SINE/MIR	745	+	112	74822680	90081
chr11	93730450	93930450	harbor1	chr11	93788793	93788900	SINE/MIR	502	+	54	93788847	58397
chr11	93730450	93930450	harbor1	chr11	93801049	93801317	SINE/MIR	586	+	134	93801183	70733
chr11	93730450	93930450	harbor1	chr11	93814462	93814657	SINE/MIR	500	+	98	93814560	84110
chr11	9234763	9434763	harbor1	chr11	9242527	9242651	SINE/MIR	404	+	62	9242589	7826
chr11	9234763	9434763	harbor1	chr11	9266226	9266423	SINE/MIR	436	+	98	9266324	31561
chr11	124337303	124537303	harbor1	chr11	124341947	124342176	SINE/MIR	531	+	114	124342061	4758
chr11	124337303	124537303	harbor1	chr11	124378867	124379139	SINE/MIR	550	+	136	124379003	41700
chr11	124337303	124537303	harbor1	chr11	124406140	124406380	SINE/MIR	639	+	120	124406260	68957
chr11	124337303	124537303	harbor1	chr11	124434074	124434306	SINE/MIR	611	+	116	124434190	96887
chr11	69096292	69296292	harbor1	chr11	69104310	69104422	SINE/MIR	406	+	56	69104366	8074
chr11	69096292	69296292	harbor1	chr11	69114072	69114174	SINE/MIR	414	+	51	69114123	17831
chr11	69096292	69296292	harbor1	chr11	69181565	69181771	SINE/MIR	430	+	103	69181668	85376
chr11	69096292	69296292	harbor1	chr11	69189637	69189808	SINE/MIR	581	+	86	69189723	93431
chr11	83020976	83220976	harbor1	chr11	83021783	83021879	SINE/MIR	776	+	48	83021831	855
chr11	83020976	83220976	harbor1	chr11	83038336	83038500	SINE/MIR	402	+	82	83038418	17442
chr11	83020976	83220976	harbor1	chr11	83045585	83045744	SINE/MIR	476	+	80	83045665	24689
chr11	83020976	83220976	harbor1	chr11	83045847	83045984	SINE/MIR	442	+	68	83045915	24939
chr11	83020976	83220976	harbor1	chr11	83053221	83053377	SINE/MIR	572	+	78	83053299	32323
chr11	83020976	83220976	harbor1	chr11	83055015	83055256	SINE/MIR	500	+	120	83055135	34159
chr11	83020976	83220976	harbor1	chr11	83056645	83056827	SINE/MIR	479	+	91	83056736	35760
chr11	83020976	83220976	harbor1	chr11	83059570	83059768	SINE/MIR	411	+	99	83059669	38693
chr11	83020976	83220976	harbor1	chr11	83081031	83081240	SINE/MIR	484	+	104	83081135	60159
chr11	83020976	83220976	harbor1	chr11	83089657	83089738	SINE/MIR	386	+	40	83089697	68721
chr11	83020976	83220976	harbor1	chr11	83093248	83093478	SINE/MIR	613	+	115	83093363	72387
chr11	83020976	83220976	harbor1	chr11	83096767	83096890	SINE/MIR	417	+	62	83096829	75853
chr11	83020976	83220976	harbor1	chr11	83101990	83102207	SINE/MIR	700	+	108	83102098	81122
chr11	83020976	83220976	harbor1	chr11	83116155	83116286	SINE/MIR	430	+	66	83116221	95245
chr11	83020976	83220976	harbor1	chr11	83117743	83117977	SINE/MIR	621	+	117	83117860	96884
chr11	83020976	83220976	harbor1	chr11	83119840	83120038	SINE/MIR	478	+	99	83119939	98963
chr11	133039330	133239330	harbor1	chr11	133049365	133049531	SINE/MIR	543	+	83	133049448	10118
chr11	133039330	133239330	harbor1	chr11	133069145	133069307	SINE/MIR	475	+	81	133069226	29896
chr11	133039330	133239330	harbor1	chr11	133110836	133111048	SINE/MIR	592	+	106	133110942	71612
chr11	94913229	95113229	harbor1	chr11	94917578	94917738	SINE/MIR	616	+	80	94917658	4429
chr11	94913229	95113229	harbor1	chr11	94926404	94926627	SINE/MIR	428	+	112	94926516	13287
chr11	94913229	95113229	harbor1	chr11	94931768	94931992	SINE/MIR	461	+	112	94931880	18651
chr11	94913229	95113229	harbor1	chr11	94960709	94960941	SINE/MIR	458	+	116	94960825	47596
chr11	94913229	95113229	harbor1	chr11	94961254	94961267	SINE/MIR	445	+	6	94961260	48031
chr11	94913229	95113229	harbor1	chr11	94975342	94975596	SINE/MIR	953	+	127	94975469	62240
chr11	94913229	95113229	harbor1	chr11	94995223	94995377	SINE/MIR	505	+	77	94995300	82071
chr11	23719433	23919433	harbor1	chr11	23720256	23720422	SINE/MIR	428	+	83	23720339	906
chr11	13485066	13685066	harbor1	chr11	13503759	13504009	SINE/MIR	550	+	125	13503884	18818
chr11	13485066	13685066	harbor1	chr11	13550948	13551149	SINE/MIR	768	+	100	13551048	65982
chr11	46701651	46901651	harbor1	chr11	46712970	46713124	SINE/MIR	609	+	77	46713047	11396
chr11	46701651	46901651	harbor1	chr11	46729634	46729789	SINE/MIR	608	+	78	46729712	28061
chr11	46701651	46901651	harbor1	chr11	46782580	46782820	SINE/MIR	718	+	120	46782700	81049
chr11	46701651	46901651	harbor1	chr11	46793149	46793304	SINE/MIR	424	+	78	46793227	91576
chr11	43029780	43229780	harbor1	chr11	43031206	43031317	SINE/MIR	397	+	56	43031262	1482
chr11	43029780	43229780	harbor1	chr11	43033071	43033281	SINE/MIR	749	+	105	43033176	3396
chr11	43029780	43229780	harbor1	chr11	43035810	43036045	SINE/MIR	642	+	118	43035928	6148
chr11	43029780	43229780	harbor1	chr11	43043476	43043706	SINE/MIR	691	+	115	43043591	13811
chr11	43029780	43229780	harbor1	chr11	43049829	43050000	SINE/MIR	421	+	86	43049915	20135
chr11	43029780	43229780	harbor1	chr11	43060789	43061081	SINE/MIR	419	+	146	43060935	31155
chr11	43029780	43229780	harbor1	chr11	43070708	43070890	SINE/MIR	469	+	91	43070799	41019
chr11	43029780	43229780	harbor1	chr11	43081885	43082046	SINE/MIR	598	+	80	43081965	52185
chr11	43029780	43229780	harbor1	chr11	43082296	43082306	SINE/MIR	598	+	5	43082301	52521
chr11	43029780	43229780	harbor1	chr11	43082420	43082527	SINE/MIR	598	+	54	43082474	52694
chr11	43029780	43229780	harbor1	chr11	43082957	43083099	SINE/MIR	629	+	71	43083028	53248
chr11	43029780	43229780	harbor1	chr11	43090331	43090527	SINE/MIR	542	+	98	43090429	60649
chr11	43029780	43229780	harbor1	chr11	43101845	43101902	SINE/MIR	468	+	28	43101873	72093
chr11	43029780	43229780	harbor1	chr11	43102142	43102215	SINE/MIR	468	+	36	43102178	72398
chr11	43029780	43229780	harbor1	chr11	43113119	43113351	SINE/MIR	838	+	116	43113235	83455
chr11	43029780	43229780	harbor1	chr11	43115682	43115921	SINE/MIR	677	+	120	43115802	86022
chr11	134412616	134612616	harbor1	chr11	134466690	134466835	SINE/MIR	402	+	72	134466762	54146
chr11	134412616	134612616	harbor1	chr11	134511500	134511671	SINE/MIR	586	+	86	134511586	98970
chr11	123804540	124004540	harbor1	chr11	123816089	123816265	SINE/MIR	440	+	88	123816177	11637
chr11	123804540	124004540	harbor1	chr11	123816327	123816553	SINE/MIR	562	+	113	123816440	11900
chr11	123804540	124004540	harbor1	chr11	123840180	123840416	SINE/MIR	633	+	118	123840298	35758
chr11	123804540	124004540	harbor1	chr11	123886506	123886668	SINE/MIR	415	+	81	123886587	82047
chr11	6773256	6973256	harbor1	chr11	6787266	6787534	SINE/MIR	429	+	134	6787400	14144
chr11	6773256	6973256	harbor1	chr11	6800010	6800187	SINE/MIR	472	+	88	6800098	26842
chr11	6773256	6973256	harbor1	chr11	6823421	6823598	SINE/MIR	568	+	88	6823509	50253
chr11	125974239	126174239	harbor1	chr11	125985064	125985169	SINE/MIR	418	+	52	125985116	10877
chr11	125974239	126174239	harbor1	chr11	125985479	125985619	SINE/MIR	418	+	70	125985549	11310
chr11	125974239	126174239	harbor1	chr11	126066843	126067101	SINE/MIR	430	+	129	126066972	92733
chr11	125974239	126174239	harbor1	chr11	126071386	126071500	SINE/MIR	391	+	57	126071443	97204
chr11	125974239	126174239	harbor1	chr11	126073456	126073542	SINE/MIR	467	+	43	126073499	99260
chr11	125974239	126174239	harbor1	chr11	126073841	126073946	SINE/MIR	467	+	52	126073893	99654
chr11	84683124	84883124	harbor1	chr11	84684551	84684776	SINE/MIR	648	+	112	84684663	1539
chr11	84683124	84883124	harbor1	chr11	84687194	84687390	SINE/MIR	391	+	98	84687292	4168
chr11	84683124	84883124	harbor1	chr11	84699876	84700103	SINE/MIR	403	+	114	84699990	16866
chr11	84683124	84883124	harbor1	chr11	84713189	84713414	SINE/MIR	656	+	112	84713301	30177
chr11	84683124	84883124	harbor1	chr11	84724083	84724262	SINE/MIR	513	+	90	84724173	41049
chr11	84683124	84883124	harbor1	chr11	84730177	84730382	SINE/MIR	507	+	102	84730279	47155
chr11	84683124	84883124	harbor1	chr11	84747421	84747650	SINE/MIR	478	+	114	84747535	64411
chr11	84683124	84883124	harbor1	chr11	84756440	84756616	SINE/MIR	470	+	88	84756528	73404
chr11	84683124	84883124	harbor1	chr11	84766942	84767208	SINE/MIR	624	+	133	84767075	83951
chr11	113337808	113537808	harbor1	chr11	113367200	113367458	SINE/MIR	734	+	129	113367329	29521
chr11	113337808	113537808	harbor1	chr11	113369663	113369838	SINE/MIR	489	+	88	113369751	31943
chr11	113337808	113537808	harbor1	chr11	113371684	113371939	SINE/MIR	468	+	128	113371812	34004
chr11	113337808	113537808	harbor1	chr11	113378349	113378571	SINE/MIR	416	+	111	113378460	40652
chr11	113337808	113537808	harbor1	chr11	113386359	113386566	SINE/MIR	464	+	104	113386463	48655
chr11	113337808	113537808	harbor1	chr11	113412267	113412420	SINE/MIR	482	+	76	113412343	74535
chr11	113337808	113537808	harbor1	chr11	113413894	113414125	SINE/MIR	519	+	116	113414010	76202
chr11	113337808	113537808	harbor1	chr11	113423986	113424190	SINE/MIR	603	+	102	113424088	86280
chr11	113337808	113537808	harbor1	chr11	113429749	113429953	SINE/MIR	543	+	102	113429851	92043
chr11	133001290	133201290	harbor1	chr11	133002414	133002645	SINE/MIR	518	+	116	133002530	1240
chr11	133001290	133201290	harbor1	chr11	133027025	133027122	SINE/MIR	420	+	48	133027073	25783
chr11	133001290	133201290	harbor1	chr11	133034497	133034746	SINE/MIR	440	+	124	133034621	33331
chr11	133001290	133201290	harbor1	chr11	133049365	133049531	SINE/MIR	543	+	83	133049448	48158
chr11	133001290	133201290	harbor1	chr11	133069145	133069307	SINE/MIR	475	+	81	133069226	67936
chr11	19918299	20118299	harbor1	chr11	19920162	19920295	SINE/MIR	388	+	66	19920228	1929
chr11	19918299	20118299	harbor1	chr11	19920586	19920657	SINE/MIR	388	+	36	19920622	2323
chr11	19918299	20118299	harbor1	chr11	19921716	19921893	SINE/MIR	609	+	88	19921804	3505
chr11	19918299	20118299	harbor1	chr11	19979889	19980034	SINE/MIR	393	+	72	19979961	61662
chr11	19918299	20118299	harbor1	chr11	19990978	19991098	SINE/MIR	387	+	60	19991038	72739
chr11	19918299	20118299	harbor1	chr11	19995053	19995198	SINE/MIR	438	+	72	19995125	76826
chr11	19918299	20118299	harbor1	chr11	20012850	20013049	SINE/MIR	606	+	100	20012950	94651
chr11	19918299	20118299	harbor1	chr11	20013064	20013268	SINE/MIR	596	+	102	20013166	94867
chr11	19918299	20118299	harbor1	chr11	20015945	20016120	SINE/MIR	477	+	88	20016033	97734
chr11	19918299	20118299	harbor1	chr11	20004851	20004950	SINE/MIR	388	+	50	20004901	86602
chr11	49707120	49907120	harbor1	chr11	49757677	49757881	SINE/MIR	565	+	102	49757779	50659
chr11	49707120	49907120	harbor1	chr11	49782844	49783085	SINE/MIR	433	+	120	49782964	75844
chr11	49707120	49907120	harbor1	chr11	49792477	49792729	SINE/MIR	690	+	126	49792603	85483
chr11	89153096	89353096	harbor1	chr11	89168045	89168231	SINE/MIR	578	+	93	89168138	15042
chr11	89153096	89353096	harbor1	chr11	89189129	89189291	SINE/MIR	457	+	81	89189210	36114
chr11	89153096	89353096	harbor1	chr11	89195969	89196126	SINE/MIR	564	+	78	89196047	42951
chr11	89153096	89353096	harbor1	chr11	89214817	89214994	SINE/MIR	500	+	88	89214905	61809
chr11	89153096	89353096	harbor1	chr11	89218883	89219084	SINE/MIR	699	+	100	89218983	65887
chr11	89153096	89353096	harbor1	chr11	89220030	89220093	SINE/MIR	516	+	32	89220062	66966
chr11	89153096	89353096	harbor1	chr11	89220507	89220608	SINE/MIR	516	+	50	89220557	67461
chr11	89153096	89353096	harbor1	chr11	89223088	89223279	SINE/MIR	400	+	96	89223184	70088
chr11	89153096	89353096	harbor1	chr11	89226998	89227175	SINE/MIR	406	+	88	89227086	73990
chr11	89153096	89353096	harbor1	chr11	89246209	89246367	SINE/MIR	469	+	79	89246288	93192
chr11	89153096	89353096	harbor1	chr11	89247976	89248204	SINE/MIR	506	+	114	89248090	94994
chr11	77855610	78055610	harbor1	chr11	77877116	77877297	SINE/MIR	540	+	90	77877206	21596
chr11	77855610	78055610	harbor1	chr11	77902478	77902678	SINE/MIR	557	+	100	77902578	46968
chr11	77855610	78055610	harbor1	chr11	77923562	77923689	SINE/MIR	440	+	64	77923626	68016
chr11	77855610	78055610	harbor1	chr11	77929729	77929903	SINE/MIR	597	+	87	77929816	74206
chr11	77855610	78055610	harbor1	chr11	77938490	77938636	SINE/MIR	543	+	73	77938563	82953
chr11	77855610	78055610	harbor1	chr11	77954151	77954314	SINE/MIR	405	+	82	77954233	98623
chr11	77855610	78055610	harbor1	chr11	77954446	77954535	SINE/MIR	405	+	44	77954490	98880
chr11	77855610	78055610	harbor1	chr11	77954868	77954898	SINE/MIR	405	+	15	77954883	99273
chr11	77855610	78055610	harbor1	chr11	77873131	77873347	SINE/MIR	553	+	108	77873239	17629
chr11	95721650	95921650	harbor1	chr11	95725066	95725167	SINE/MIR	402	+	50	95725116	3466
chr11	95721650	95921650	harbor1	chr11	95728541	95728719	SINE/MIR	527	+	89	95728630	6980
chr11	95721650	95921650	harbor1	chr11	95738801	95739037	SINE/MIR	534	+	118	95738919	17269
chr11	95721650	95921650	harbor1	chr11	95740180	95740341	SINE/MIR	446	+	80	95740260	18610
chr11	95721650	95921650	harbor1	chr11	95780735	95780861	SINE/MIR	504	+	63	95780798	59148
chr11	95027815	95227815	harbor1	chr11	95029305	95029501	SINE/MIR	573	+	98	95029403	1588
chr11	95027815	95227815	harbor1	chr11	95056035	95056239	SINE/MIR	666	+	102	95056137	28322
chr11	95027815	95227815	harbor1	chr11	95080691	95080895	SINE/MIR	454	+	102	95080793	52978
chr11	95027815	95227815	harbor1	chr11	95103634	95103839	SINE/MIR	482	+	102	95103736	75921
chr11	95027815	95227815	harbor1	chr11	95112337	95112497	SINE/MIR	489	+	80	95112417	84602
chr11	40027430	40227430	harbor1	chr11	40078550	40078769	SINE/MIR	522	+	110	40078660	51230
chr11	40027430	40227430	harbor1	chr11	40117704	40117967	SINE/MIR	882	+	132	40117836	90406
chr11	40027430	40227430	harbor1	chr11	40120810	40121034	SINE/MIR	390	+	112	40120922	93492
chr11	17240056	17440056	harbor1	chr11	17245639	17245768	SINE/MIR	399	+	64	17245703	5647
chr11	17240056	17440056	harbor1	chr11	17282798	17282939	SINE/MIR	393	+	70	17282868	42812
chr11	17240056	17440056	harbor1	chr11	17292413	17292434	SINE/MIR	773	+	10	17292423	52367
chr11	17240056	17440056	harbor1	chr11	17292624	17292856	SINE/MIR	773	+	116	17292740	52684
chr11	118939678	119139678	harbor1	chr11	118943974	118944092	SINE/MIR	596	+	59	118944033	4355
chr11	32256513	32456513	harbor1	chr11	32272961	32273111	SINE/MIR	436	+	75	32273036	16523
chr11	32256513	32456513	harbor1	chr11	32287264	32287474	SINE/MIR	495	+	105	32287369	30856
chr11	32256513	32456513	harbor1	chr11	32315774	32315864	SINE/MIR	427	+	45	32315819	59306
chr11	32256513	32456513	harbor1	chr11	32343864	32344045	SINE/MIR	684	+	90	32343954	87441
chr11	32256513	32456513	harbor1	chr11	32352938	32353017	SINE/MIR	572	+	40	32352978	96465
chr11	32256513	32456513	harbor1	chr11	32353315	32353461	SINE/MIR	572	+	73	32353388	96875
chr11	129836097	130036097	harbor1	chr11	129872330	129872481	SINE/MIR	417	+	76	129872406	36309
chr11	129836097	130036097	harbor1	chr11	129909867	129910084	SINE/MIR	614	+	108	129909975	73878
chr11	74867983	75067983	harbor1	chr11	74906542	74906726	SINE/MIR	635	+	92	74906634	38651
chr11	74867983	75067983	harbor1	chr11	74920579	74920832	SINE/MIR	1066	+	126	74920705	52722
chr11	74867983	75067983	harbor1	chr11	74936526	74936700	SINE/MIR	649	+	87	74936613	68630
chr11	74867983	75067983	harbor1	chr11	74941117	74941305	SINE/MIR	727	+	94	74941211	73228
chr11	74867983	75067983	harbor1	chr11	74942611	74942801	SINE/MIR	759	+	95	74942706	74723
chr11	74867983	75067983	harbor1	chr11	74950181	74950338	SINE/MIR	399	+	78	74950259	82276
chr11	74867983	75067983	harbor1	chr11	74951113	74951336	SINE/MIR	388	+	112	74951225	83242
chr11	74867983	75067983	harbor1	chr11	74960647	74960880	SINE/MIR	681	+	116	74960763	92780
chr11	29143489	29343489	harbor1	chr11	29161846	29162058	SINE/MIR	495	+	106	29161952	18463
chr11	29143489	29343489	harbor1	chr11	29178057	29178287	SINE/MIR	521	+	115	29178172	34683
chr11	29143489	29343489	harbor1	chr11	29197274	29197460	SINE/MIR	616	+	93	29197367	53878
chr11	29143489	29343489	harbor1	chr11	29199755	29199955	SINE/MIR	551	+	100	29199855	56366
chr11	29143489	29343489	harbor1	chr11	29179856	29180091	SINE/MIR	748	+	118	29179974	36485
chr11	12286716	12486716	harbor1	chr11	12321959	12322191	SINE/MIR	456	+	116	12322075	35359
chr11	12286716	12486716	harbor1	chr11	12327911	12328112	SINE/MIR	507	+	100	12328011	41295
chr11	12286716	12486716	harbor1	chr11	12328994	12329147	SINE/MIR	410	+	76	12329070	42354
chr11	12286716	12486716	harbor1	chr11	12329466	12329729	SINE/MIR	459	+	132	12329598	42882
chr11	12286716	12486716	harbor1	chr11	12331610	12331835	SINE/MIR	517	+	112	12331722	45006
chr11	12286716	12486716	harbor1	chr11	12348670	12348921	SINE/MIR	470	+	126	12348796	62080
chr11	12286716	12486716	harbor1	chr11	12382694	12382900	SINE/MIR	712	+	103	12382797	96081
chr11	27679324	27879324	harbor1	chr11	27689214	27689464	SINE/MIR	602	+	125	27689339	10015
chr11	27679324	27879324	harbor1	chr11	27711064	27711302	SINE/MIR	698	+	119	27711183	31859
chr11	27679324	27879324	harbor1	chr11	27711594	27711709	SINE/MIR	415	+	58	27711652	32328
chr11	27679324	27879324	harbor1	chr11	27715673	27715903	SINE/MIR	398	+	115	27715788	36464
chr11	27679324	27879324	harbor1	chr11	27730909	27731146	SINE/MIR	553	+	118	27731027	51703
chr11	27679324	27879324	harbor1	chr11	27744320	27744435	SINE/MIR	533	+	58	27744378	65054
chr11	27679324	27879324	harbor1	chr11	27747519	27747755	SINE/MIR	583	+	118	27747637	68313
chr11	27679324	27879324	harbor1	chr11	27748139	27748368	SINE/MIR	808	+	114	27748253	68929
chr11	27679324	27879324	harbor1	chr11	27752467	27752588	SINE/MIR	489	+	60	27752527	73203
chr11	27679324	27879324	harbor1	chr11	27756825	27757065	SINE/MIR	748	+	120	27756945	77621
chr11	27679324	27879324	harbor1	chr11	27760406	27760659	SINE/MIR	728	+	126	27760532	81208
chr11	27679324	27879324	harbor1	chr11	27769958	27770161	SINE/MIR	570	+	102	27770060	90736
chr11	9032564	9232564	harbor1	chr11	9051587	9051818	SINE/MIR	747	+	116	9051703	19139
chr11	9032564	9232564	harbor1	chr11	9051931	9052160	SINE/MIR	897	+	114	9052045	19481
chr11	9032564	9232564	harbor1	chr11	9068617	9068863	SINE/MIR	550	+	123	9068740	36176
chr11	9032564	9232564	harbor1	chr11	9110139	9110371	SINE/MIR	743	+	116	9110255	77691
chr11	9032564	9232564	harbor1	chr11	9121803	9121976	SINE/MIR	541	+	86	9121889	89325
chr11	38238782	38438782	harbor1	chr11	38304177	38304379	SINE/MIR	414	+	101	38304278	65496
chr11	38238782	38438782	harbor1	chr11	38329755	38329922	SINE/MIR	689	+	84	38329839	91057
chr11	100456914	100656914	harbor1	chr11	100545141	100545301	SINE/MIR	428	+	80	100545221	88307
chr11	31962740	32162740	harbor1	chr11	31963583	31963780	SINE/MIR	854	+	98	31963681	941
chr11	31962740	32162740	harbor1	chr11	31976275	31976439	SINE/MIR	653	+	82	31976357	13617
chr11	31962740	32162740	harbor1	chr11	31976749	31976801	SINE/MIR	653	+	26	31976775	14035
chr11	31962740	32162740	harbor1	chr11	31985570	31985737	SINE/MIR	728	+	84	31985654	22914
chr11	31962740	32162740	harbor1	chr11	31987743	31987986	SINE/MIR	752	+	122	31987865	25125
chr11	31962740	32162740	harbor1	chr11	31990149	31990306	SINE/MIR	422	+	78	31990227	27487
chr11	31962740	32162740	harbor1	chr11	31991749	31991888	SINE/MIR	627	+	70	31991819	29079
chr11	31962740	32162740	harbor1	chr11	31993862	31994073	SINE/MIR	416	+	106	31993968	31228
chr11	31962740	32162740	harbor1	chr11	32001226	32001445	SINE/MIR	448	+	110	32001336	38596
chr11	31962740	32162740	harbor1	chr11	32004004	32004215	SINE/MIR	586	+	106	32004110	41370
chr11	31962740	32162740	harbor1	chr11	32009395	32009549	SINE/MIR	548	+	77	32009472	46732
chr11	31962740	32162740	harbor1	chr11	32012958	32013192	SINE/MIR	486	+	117	32013075	50335
chr11	31962740	32162740	harbor1	chr11	32047518	32047777	SINE/MIR	478	+	130	32047648	84908
chr11	31962740	32162740	harbor1	chr11	32054115	32054364	SINE/MIR	445	+	124	32054239	91499
chr11	9018191	9218191	harbor1	chr11	9023643	9023874	SINE/MIR	661	+	116	9023759	5568
chr11	9018191	9218191	harbor1	chr11	9031907	9032096	SINE/MIR	423	+	94	9032001	13810
chr11	9018191	9218191	harbor1	chr11	9051587	9051818	SINE/MIR	747	+	116	9051703	33512
chr11	9018191	9218191	harbor1	chr11	9051931	9052160	SINE/MIR	897	+	114	9052045	33854
chr11	9018191	9218191	harbor1	chr11	9068617	9068863	SINE/MIR	550	+	123	9068740	50549
chr11	9018191	9218191	harbor1	chr11	9110139	9110371	SINE/MIR	743	+	116	9110255	92064
chr11	14582869	14782869	harbor1	chr11	14587635	14587846	SINE/MIR	578	+	106	14587741	4872
chr11	14582869	14782869	harbor1	chr11	14627493	14627741	SINE/MIR	645	+	124	14627617	44748
chr11	14582869	14782869	harbor1	chr11	14656532	14656762	SINE/MIR	747	+	115	14656647	73778
chr11	14582869	14782869	harbor1	chr11	14670150	14670375	SINE/MIR	656	+	112	14670262	87393
chr11	82087619	82287619	harbor1	chr11	82100992	82101189	SINE/MIR	604	+	98	82101090	13471
chr11	82087619	82287619	harbor1	chr11	82134926	82135121	SINE/MIR	601	+	98	82135024	47405
chr11	82087619	82287619	harbor1	chr11	82176113	82176344	SINE/MIR	488	+	116	82176229	88610
chr11	82087619	82287619	harbor1	chr11	82177110	82177246	SINE/MIR	437	+	68	82177178	89559
chr11	2501603	2701603	harbor1	chr11	2516165	2516311	SINE/MIR	449	+	73	2516238	14635
chr11	2501603	2701603	harbor1	chr11	2598710	2598930	SINE/MIR	646	+	110	2598820	97217
chr11	25378601	25578601	harbor1	chr11	25387536	25387739	SINE/MIR	400	+	102	25387638	9037
chr11	25378601	25578601	harbor1	chr11	25432817	25433054	SINE/MIR	676	+	118	25432935	54334
chr11	100014660	100214660	harbor1	chr11	100096209	100096385	SINE/MIR	433	+	88	100096297	81637
chr11	134412905	134612905	harbor1	chr11	134466690	134466835	SINE/MIR	402	+	72	134466762	53857
chr11	134412905	134612905	harbor1	chr11	134511500	134511671	SINE/MIR	586	+	86	134511586	98681
chr11	134412905	134612905	harbor1	chr11	134512554	134512758	SINE/MIR	397	+	102	134512656	99751
chr11	62917026	63117026	harbor1	chr11	62924045	62924233	SINE/MIR	446	+	94	62924139	7113
chr11	62917026	63117026	harbor1	chr11	62975596	62975830	SINE/MIR	1165	+	117	62975713	58687
chr11	62917026	63117026	harbor1	chr11	62977649	62977784	SINE/MIR	514	+	68	62977717	60691
chr11	62917026	63117026	harbor1	chr11	62977928	62978156	SINE/MIR	1114	+	114	62978042	61016
chr11	62917026	63117026	harbor1	chr11	62986644	62986840	SINE/MIR	836	+	98	62986742	69716
chr11	62917026	63117026	harbor1	chr11	62997697	62997900	SINE/MIR	687	+	102	62997799	80773
chr11	62917026	63117026	harbor1	chr11	62999303	62999516	SINE/MIR	475	+	106	62999409	82383
chr11	62917026	63117026	harbor1	chr11	63008433	63008673	SINE/MIR	610	+	120	63008553	91527
chr11	62917026	63117026	harbor1	chr11	63008720	63008949	SINE/MIR	400	+	114	63008834	91808
chr11	62917026	63117026	harbor1	chr11	63011157	63011376	SINE/MIR	863	+	110	63011267	94241
chr11	62917026	63117026	harbor1	chr11	63012959	63013205	SINE/MIR	1003	+	123	63013082	96056
chr11	62917026	63117026	harbor1	chr11	63013225	63013376	SINE/MIR	522	+	76	63013301	96275
chr11	62917026	63117026	harbor1	chr11	63013636	63013832	SINE/MIR	395	+	98	63013734	96708
chr11	47771432	47971432	harbor1	chr11	47781584	47781771	SINE/MIR	474	+	94	47781678	10246
chr11	47771432	47971432	harbor1	chr11	47859896	47860016	SINE/MIR	521	+	60	47859956	88524
chr11	47771432	47971432	harbor1	chr11	47863736	47863914	SINE/MIR	403	+	89	47863825	92393
chr11	73337356	73537356	harbor1	chr11	73338767	73338981	SINE/MIR	501	+	107	73338874	1518
chr11	73337356	73537356	harbor1	chr11	73344858	73345062	SINE/MIR	562	+	102	73344960	7604
chr11	73337356	73537356	harbor1	chr11	73346151	73346281	SINE/MIR	431	+	65	73346216	8860
chr11	73337356	73537356	harbor1	chr11	73349896	73350151	SINE/MIR	645	+	128	73350024	12668
chr11	73337356	73537356	harbor1	chr11	73363941	73364104	SINE/MIR	408	+	82	73364023	26667
chr11	73337356	73537356	harbor1	chr11	73365026	73365172	SINE/MIR	458	+	73	73365099	27743
chr11	73337356	73537356	harbor1	chr11	73370043	73370192	SINE/MIR	636	+	74	73370117	32761
chr11	73337356	73537356	harbor1	chr11	73403940	73404134	SINE/MIR	485	+	97	73404037	66681
chr11	73337356	73537356	harbor1	chr11	73405463	73405609	SINE/MIR	549	+	73	73405536	68180
chr11	73337356	73537356	harbor1	chr11	73409699	73409889	SINE/MIR	400	+	95	73409794	72438
chr11	73337356	73537356	harbor1	chr11	73410999	73411166	SINE/MIR	609	+	84	73411083	73727
chr11	73337356	73537356	harbor1	chr11	73414490	73414715	SINE/MIR	539	+	112	73414602	77246
chr11	73337356	73537356	harbor1	chr11	73422971	73423151	SINE/MIR	797	+	90	73423061	85705
chr11	73337356	73537356	harbor1	chr11	73425516	73425591	SINE/MIR	522	+	38	73425554	88198
chr11	73337356	73537356	harbor1	chr11	73425849	73425997	SINE/MIR	522	+	74	73425923	88567
chr11	73337356	73537356	harbor1	chr11	73427551	73427735	SINE/MIR	678	+	92	73427643	90287
chr11	73337356	73537356	harbor1	chr11	73429236	73429448	SINE/MIR	517	+	106	73429342	91986
chr11	73337356	73537356	harbor1	chr11	73400283	73400510	SINE/MIR	505	+	114	73400397	63041
chr11	103797045	103997045	harbor1	chr11	103806770	103806953	SINE/MIR	466	+	92	103806862	9817
chr11	103797045	103997045	harbor1	chr11	103807549	103807768	SINE/MIR	435	+	110	103807659	10614
chr11	103797045	103997045	harbor1	chr11	103848079	103848222	SINE/MIR	402	+	72	103848151	51106
chr11	103797045	103997045	harbor1	chr11	103872499	103872735	SINE/MIR	740	+	118	103872617	75572
chr11	103797045	103997045	harbor1	chr11	103884120	103884368	SINE/MIR	547	+	124	103884244	87199
chr11	103797045	103997045	harbor1	chr11	103889073	103889293	SINE/MIR	561	+	110	103889183	92138
chr11	109724655	109924655	harbor1	chr11	109733414	109733632	SINE/MIR	464	+	109	109733523	8868
chr11	109724655	109924655	harbor1	chr11	109748704	109748902	SINE/MIR	394	+	99	109748803	24148
chr11	109724655	109924655	harbor1	chr11	109769497	109769689	SINE/MIR	816	+	96	109769593	44938
chr11	109724655	109924655	harbor1	chr11	109780914	109781161	SINE/MIR	925	+	124	109781038	56383
chr11	109724655	109924655	harbor1	chr11	109784607	109784743	SINE/MIR	505	+	68	109784675	60020
chr11	109724655	109924655	harbor1	chr11	109786047	109786210	SINE/MIR	446	+	82	109786129	61474
chr11	109724655	109924655	harbor1	chr11	109798694	109798928	SINE/MIR	674	+	117	109798811	74156
chr11	96747160	96947160	harbor1	chr11	96761892	96762084	SINE/MIR	389	+	96	96761988	14828
chr11	96747160	96947160	harbor1	chr11	96796749	96796876	SINE/MIR	406	+	64	96796813	49653
chr11	96747160	96947160	harbor1	chr11	96800904	96801069	SINE/MIR	483	+	82	96800986	53826
chr11	96747160	96947160	harbor1	chr11	96804298	96804496	SINE/MIR	460	+	99	96804397	57237
chr11	96747160	96947160	harbor1	chr11	96835980	96836137	SINE/MIR	386	+	78	96836058	88898
chr11	96747160	96947160	harbor1	chr11	96837004	96837170	SINE/MIR	506	+	83	96837087	89927
chr11	102681897	102881897	harbor1	chr11	102721913	102722090	SINE/MIR	586	+	88	102722001	40104
chr11	102681897	102881897	harbor1	chr11	102723823	102724046	SINE/MIR	796	+	112	102723935	42038
chr11	102681897	102881897	harbor1	chr11	102727691	102727894	SINE/MIR	581	+	102	102727793	45896
chr11	102681897	102881897	harbor1	chr11	102732779	102732953	SINE/MIR	531	+	87	102732866	50969
chr11	9135891	9335891	harbor1	chr11	9151730	9151891	SINE/MIR	451	+	80	9151810	15919
chr11	9135891	9335891	harbor1	chr11	9180004	9180171	SINE/MIR	517	+	84	9180088	44197
chr11	9135891	9335891	harbor1	chr11	9181202	9181442	SINE/MIR	670	+	120	9181322	45431
chr11	9135891	9335891	harbor1	chr11	9183235	9183373	SINE/MIR	466	+	69	9183304	47413
chr11	9135891	9335891	harbor1	chr11	9205934	9206185	SINE/MIR	826	+	126	9206060	70169
chr11	9135891	9335891	harbor1	chr11	9216106	9216269	SINE/MIR	473	+	82	9216188	80297
chr11	9135891	9335891	harbor1	chr11	9230671	9230711	SINE/MIR	458	+	20	9230691	94800
chr11	9135891	9335891	harbor1	chr11	9231009	9231122	SINE/MIR	458	+	56	9231065	95174
chr11	69254265	69454265	harbor1	chr11	69269518	69269615	SINE/MIR	509	+	48	69269566	15301
chr11	69254265	69454265	harbor1	chr11	69272567	69272755	SINE/MIR	643	+	94	69272661	18396
chr11	69254265	69454265	harbor1	chr11	69280560	69280753	SINE/MIR	411	+	96	69280656	26391
chr11	69254265	69454265	harbor1	chr11	69282452	69282622	SINE/MIR	401	+	85	69282537	28272
chr11	69254265	69454265	harbor1	chr11	69284417	69284561	SINE/MIR	586	+	72	69284489	30224
chr11	69254265	69454265	harbor1	chr11	69290436	69290678	SINE/MIR	494	+	121	69290557	36292
chr11	69254265	69454265	harbor1	chr11	69291204	69291390	SINE/MIR	586	+	93	69291297	37032
chr11	69254265	69454265	harbor1	chr11	69316739	69316942	SINE/MIR	634	+	102	69316841	62576
chr11	69254265	69454265	harbor1	chr11	69325261	69325421	SINE/MIR	468	+	80	69325341	71076
chr11	69254265	69454265	harbor1	chr11	69333600	69333786	SINE/MIR	426	+	93	69333693	79428
chr11	69254265	69454265	harbor1	chr11	69352804	69353053	SINE/MIR	748	+	124	69352928	98663
chr11	69254265	69454265	harbor1	chr11	69353607	69353716	SINE/MIR	394	+	54	69353661	99396
chr11	123475973	123675973	harbor1	chr11	123493131	123493353	SINE/MIR	732	+	111	123493242	17269
chr11	123475973	123675973	harbor1	chr11	123507894	123508093	SINE/MIR	615	+	100	123507994	32021
chr11	123475973	123675973	harbor1	chr11	123508472	123508528	SINE/MIR	615	+	28	123508500	32527
chr11	123475973	123675973	harbor1	chr11	123511799	123511989	SINE/MIR	397	+	95	123511894	35921
chr11	123475973	123675973	harbor1	chr11	123514289	123514520	SINE/MIR	593	+	116	123514405	38432
chr11	123475973	123675973	harbor1	chr11	123522945	123523049	SINE/MIR	588	+	52	123522997	47024
chr11	123475973	123675973	harbor1	chr11	123523355	123523498	SINE/MIR	588	+	72	123523427	47454
chr11	123475973	123675973	harbor1	chr11	123536047	123536134	SINE/MIR	586	+	44	123536091	60118
chr11	123475973	123675973	harbor1	chr11	123536450	123536562	SINE/MIR	586	+	56	123536506	60533
chr11	123475973	123675973	harbor1	chr11	123545497	123545708	SINE/MIR	903	+	106	123545603	69630
chr11	123475973	123675973	harbor1	chr11	123556982	123557208	SINE/MIR	579	+	113	123557095	81122
chr11	123475973	123675973	harbor1	chr11	123573524	123573764	SINE/MIR	532	+	120	123573644	97671
chr11	34577149	34777149	harbor1	chr11	34585520	34585705	SINE/MIR	520	+	92	34585612	8463
chr11	34577149	34777149	harbor1	chr11	34588160	34588412	SINE/MIR	878	+	126	34588286	11137
chr11	34577149	34777149	harbor1	chr11	34595332	34595572	SINE/MIR	554	+	120	34595452	18303
chr11	34577149	34777149	harbor1	chr11	34602395	34602526	SINE/MIR	392	+	66	34602461	25312
chr11	34577149	34777149	harbor1	chr11	34606873	34606983	SINE/MIR	422	+	55	34606928	29779
chr11	34577149	34777149	harbor1	chr11	34610271	34610469	SINE/MIR	534	+	99	34610370	33221
chr11	34577149	34777149	harbor1	chr11	34610961	34611174	SINE/MIR	655	+	106	34611067	33918
chr11	34577149	34777149	harbor1	chr11	34614875	34615131	SINE/MIR	523	+	128	34615003	37854
chr11	34577149	34777149	harbor1	chr11	34626781	34626982	SINE/MIR	669	+	100	34626881	49732
chr11	34577149	34777149	harbor1	chr11	34630284	34630454	SINE/MIR	507	+	85	34630369	53220
chr11	34577149	34777149	harbor1	chr11	34634923	34635139	SINE/MIR	562	+	108	34635031	57882
chr11	34577149	34777149	harbor1	chr11	34655491	34655732	SINE/MIR	1013	+	120	34655611	78462
chr11	34577149	34777149	harbor1	chr11	34658228	34658403	SINE/MIR	499	+	88	34658316	81167
chr11	34577149	34777149	harbor1	chr11	34669153	34669304	SINE/MIR	479	+	76	34669229	92080
chr11	34577149	34777149	harbor1	chr11	34676675	34676851	SINE/MIR	623	+	88	34676763	99614
chr11	125208254	125408254	harbor1	chr11	125210886	125211090	SINE/MIR	503	+	102	125210988	2734
chr11	125208254	125408254	harbor1	chr11	125238844	125239058	SINE/MIR	472	+	107	125238951	30697
chr11	125208254	125408254	harbor1	chr11	125242939	125243131	SINE/MIR	517	+	96	125243035	34781
chr11	125208254	125408254	harbor1	chr11	125254454	125254600	SINE/MIR	520	+	73	125254527	46273
chr11	125208254	125408254	harbor1	chr11	125257486	125257715	SINE/MIR	573	+	114	125257600	49346
chr11	125208254	125408254	harbor1	chr11	125260873	125261097	SINE/MIR	622	+	112	125260985	52731
chr11	125208254	125408254	harbor1	chr11	125273637	125273793	SINE/MIR	567	+	78	125273715	65461
chr11	125208254	125408254	harbor1	chr11	125281426	125281648	SINE/MIR	512	+	111	125281537	73283
chr11	125208254	125408254	harbor1	chr11	125282189	125282423	SINE/MIR	670	+	117	125282306	74052
chr11	125208254	125408254	harbor1	chr11	125283966	125284183	SINE/MIR	766	+	108	125284074	75820
chr11	125208254	125408254	harbor1	chr11	125285379	125285586	SINE/MIR	389	+	104	125285483	77229
chr11	125208254	125408254	harbor1	chr11	125294614	125294808	SINE/MIR	555	+	97	125294711	86457
chr11	125208254	125408254	harbor1	chr11	125299482	125299692	SINE/MIR	575	+	105	125299587	91333
chr11	29635974	29835974	harbor1	chr11	29647288	29647451	SINE/MIR	526	+	82	29647370	11396
chr11	29635974	29835974	harbor1	chr11	29655929	29656120	SINE/MIR	480	+	96	29656025	20051
chr11	29635974	29835974	harbor1	chr11	29658220	29658475	SINE/MIR	818	+	128	29658348	22374
chr11	29635974	29835974	harbor1	chr11	29659052	29659205	SINE/MIR	409	+	76	29659128	23154
chr11	29635974	29835974	harbor1	chr11	29679353	29679582	SINE/MIR	429	+	114	29679467	43493
chr11	29635974	29835974	harbor1	chr11	29691924	29692107	SINE/MIR	605	+	92	29692016	56042
chr11	29635974	29835974	harbor1	chr11	29638470	29638712	SINE/MIR	753	+	121	29638591	2617
chr11	120018880	120218880	harbor1	chr11	120031348	120031518	SINE/MIR	828	+	85	120031433	12553
chr11	120018880	120218880	harbor1	chr11	120060344	120060563	SINE/MIR	503	+	110	120060454	41574
chr11	120018880	120218880	harbor1	chr11	120066149	120066349	SINE/MIR	404	+	100	120066249	47369
chr11	67336900	67536900	harbor1	chr11	67348541	67348735	SINE/MIR	536	+	97	67348638	11738
chr11	67336900	67536900	harbor1	chr11	67350020	67350230	SINE/MIR	426	+	105	67350125	13225
chr11	67336900	67536900	harbor1	chr11	67412755	67412862	SINE/MIR	410	+	54	67412809	75909
chr11	24031109	24231109	harbor1	chr11	24089981	24090203	SINE/MIR	433	+	111	24090092	58983
chr11	24031109	24231109	harbor1	chr11	24092403	24092641	SINE/MIR	819	+	119	24092522	61413
chr11	11088926	11288926	harbor1	chr11	11096773	11097006	SINE/MIR	550	+	116	11096889	7963
chr11	11088926	11288926	harbor1	chr11	11104738	11104861	SINE/MIR	519	+	62	11104800	15874
chr11	11088926	11288926	harbor1	chr11	11110273	11110516	SINE/MIR	637	+	122	11110395	21469
chr11	11088926	11288926	harbor1	chr11	11142061	11142270	SINE/MIR	390	+	104	11142165	53239
chr11	11088926	11288926	harbor1	chr11	11145813	11145963	SINE/MIR	544	+	75	11145888	56962
chr11	11088926	11288926	harbor1	chr11	11146292	11146503	SINE/MIR	440	+	106	11146398	57472
chr11	11088926	11288926	harbor1	chr11	11153355	11153551	SINE/MIR	817	+	98	11153453	64527
chr11	11088926	11288926	harbor1	chr11	11153832	11154036	SINE/MIR	583	+	102	11153934	65008
chr11	128612171	128812171	harbor1	chr11	128667594	128667782	SINE/MIR	638	+	94	128667688	55517
chr11	128612171	128812171	harbor1	chr11	128697340	128697476	SINE/MIR	542	+	68	128697408	85237
chr11	128612171	128812171	harbor1	chr11	128703975	128704161	SINE/MIR	570	+	93	128704068	91897
chr11	128612171	128812171	harbor1	chr11	128709036	128709297	SINE/MIR	454	+	130	128709166	96995
chr11	128612171	128812171	harbor1	chr11	128614223	128614409	SINE/MIR	392	+	93	128614316	2145
chr11	106062763	106262763	harbor1	chr11	106128346	106128548	SINE/MIR	776	+	101	106128447	65684
chr11	106062763	106262763	harbor1	chr11	106138817	106139001	SINE/MIR	545	+	92	106138909	76146
chr11	106062763	106262763	harbor1	chr11	106139076	106139094	SINE/MIR	545	+	9	106139085	76322
chr11	97255179	97455179	harbor1	chr11	97296497	97296730	SINE/MIR	634	+	116	97296613	41434
chr11	97255179	97455179	harbor1	chr11	97298249	97298347	SINE/MIR	393	+	49	97298298	43119
chr11	97255179	97455179	harbor1	chr11	97341686	97341874	SINE/MIR	529	+	94	97341780	86601
chr11	6450917	6650917	harbor1	chr11	6458754	6459001	SINE/MIR	584	+	124	6458878	7961
chr11	6450917	6650917	harbor1	chr11	6463285	6463399	SINE/MIR	397	+	57	6463342	12425
chr11	6450917	6650917	harbor1	chr11	6465907	6466036	SINE/MIR	568	+	64	6465971	15054
chr11	6450917	6650917	harbor1	chr11	6530938	6531118	SINE/MIR	413	+	90	6531028	80111
chr11	6450917	6650917	harbor1	chr11	6531944	6532131	SINE/MIR	759	+	94	6532038	81121
chr11	109175385	109375385	harbor1	chr11	109223325	109223552	SINE/MIR	478	+	114	109223439	48054
chr11	109175385	109375385	harbor1	chr11	109225903	109226150	SINE/MIR	540	+	124	109226027	50642
chr11	109175385	109375385	harbor1	chr11	109266045	109266296	SINE/MIR	606	+	126	109266171	90786
chr11	109175385	109375385	harbor1	chr11	109267541	109267726	SINE/MIR	405	+	92	109267633	92248
chr11	10446664	10646664	harbor1	chr11	10459838	10459985	SINE/MIR	411	+	74	10459912	13248
chr11	10446664	10646664	harbor1	chr11	10463985	10464181	SINE/MIR	707	+	98	10464083	17419
chr11	10446664	10646664	harbor1	chr11	10464937	10465171	SINE/MIR	738	+	117	10465054	18390
chr11	10446664	10646664	harbor1	chr11	10481014	10481137	SINE/MIR	385	+	62	10481076	34412
chr11	10446664	10646664	harbor1	chr11	10482922	10483163	SINE/MIR	936	+	120	10483042	36378
chr11	10446664	10646664	harbor1	chr11	10493707	10493894	SINE/MIR	419	+	94	10493801	47137
chr11	10446664	10646664	harbor1	chr11	10494516	10494584	SINE/MIR	385	+	34	10494550	47886
chr11	10446664	10646664	harbor1	chr11	10503136	10503309	SINE/MIR	407	+	86	10503222	56558
chr11	10446664	10646664	harbor1	chr11	10523296	10523501	SINE/MIR	487	+	102	10523398	76734
chr11	80368797	80568797	harbor1	chr11	80373020	80373235	SINE/MIR	884	+	108	80373128	4331
chr11	80368797	80568797	harbor1	chr11	80387396	80387623	SINE/MIR	540	+	114	80387510	18713
chr11	80368797	80568797	harbor1	chr11	80413384	80413508	SINE/MIR	397	+	62	80413446	44649
chr11	80368797	80568797	harbor1	chr11	80418650	80418863	SINE/MIR	934	+	106	80418756	49959
chr11	80368797	80568797	harbor1	chr11	80430300	80430511	SINE/MIR	480	+	106	80430406	61609
chr11	80368797	80568797	harbor1	chr11	80436779	80437022	SINE/MIR	476	+	122	80436901	68104
chr11	80368797	80568797	harbor1	chr11	80441465	80441670	SINE/MIR	577	+	102	80441567	72770
chr11	20604955	20804955	harbor1	chr11	20613145	20613325	SINE/MIR	749	+	90	20613235	8280
chr11	20604955	20804955	harbor1	chr11	20613454	20613569	SINE/MIR	417	+	58	20613512	8557
chr11	20604955	20804955	harbor1	chr11	20614243	20614444	SINE/MIR	740	+	100	20614343	9388
chr11	20604955	20804955	harbor1	chr11	20617942	20618117	SINE/MIR	424	+	88	20618030	13075
chr11	20604955	20804955	harbor1	chr11	20620279	20620446	SINE/MIR	743	+	84	20620363	15408
chr11	20604955	20804955	harbor1	chr11	20662565	20662737	SINE/MIR	505	+	86	20662651	57696
chr11	20604955	20804955	harbor1	chr11	20685532	20685682	SINE/MIR	532	+	75	20685607	80652
chr11	30235927	30435927	harbor1	chr11	30236100	30236275	SINE/MIR	862	+	88	30236188	261
chr11	30235927	30435927	harbor1	chr11	30236340	30236481	SINE/MIR	431	+	70	30236410	483
chr11	30235927	30435927	harbor1	chr11	30312650	30312797	SINE/MIR	436	+	74	30312724	76797
chr11	30235927	30435927	harbor1	chr11	30323780	30323904	SINE/MIR	388	+	62	30323842	87915
chr11	83901266	84101266	harbor1	chr11	83901748	83901876	SINE/MIR	451	+	64	83901812	546
chr11	83901266	84101266	harbor1	chr11	83909145	83909347	SINE/MIR	411	+	101	83909246	7980
chr11	83901266	84101266	harbor1	chr11	83921025	83921178	SINE/MIR	481	+	76	83921101	19835
chr11	83901266	84101266	harbor1	chr11	83921440	83921558	SINE/MIR	394	+	59	83921499	20233
chr11	83901266	84101266	harbor1	chr11	83928612	83928853	SINE/MIR	943	+	120	83928732	27466
chr11	83901266	84101266	harbor1	chr11	83935819	83936024	SINE/MIR	511	+	102	83935921	34655
chr11	83901266	84101266	harbor1	chr11	83940692	83940923	SINE/MIR	472	+	116	83940808	39542
chr11	83901266	84101266	harbor1	chr11	83943779	83944027	SINE/MIR	694	+	124	83943903	42637
chr11	83901266	84101266	harbor1	chr11	83948683	83948879	SINE/MIR	706	+	98	83948781	47515
chr11	83901266	84101266	harbor1	chr11	83950045	83950212	SINE/MIR	521	+	84	83950129	48863
chr11	83901266	84101266	harbor1	chr11	83959729	83959865	SINE/MIR	462	+	68	83959797	58531
chr11	83901266	84101266	harbor1	chr11	83961454	83961646	SINE/MIR	543	+	96	83961550	60284
chr11	83901266	84101266	harbor1	chr11	83970527	83970739	SINE/MIR	533	+	106	83970633	69367
chr11	83901266	84101266	harbor1	chr11	83973859	83974084	SINE/MIR	455	+	112	83973971	72705
chr11	83901266	84101266	harbor1	chr11	83978880	83979019	SINE/MIR	390	+	70	83978950	77684
chr11	9375860	9575860	harbor1	chr11	9383097	9383211	SINE/MIR	385	+	57	9383154	7294
chr11	9375860	9575860	harbor1	chr11	9385533	9385681	SINE/MIR	400	+	74	9385607	9747
chr11	9375860	9575860	harbor1	chr11	9413886	9414028	SINE/MIR	440	+	71	9413957	38097
chr11	25241921	25441921	harbor1	chr11	25331707	25331856	SINE/MIR	449	+	74	25331781	89860
chr11	132239446	132439446	harbor1	chr11	132318199	132318382	SINE/MIR	445	+	92	132318291	78845
chr11	5384615	5584615	harbor1	chr11	5419354	5419376	SINE/MIR	413	+	11	5419365	34750
chr11	5384615	5584615	harbor1	chr11	5419705	5419889	SINE/MIR	413	+	92	5419797	35182
chr11	5384615	5584615	harbor1	chr11	5476678	5476829	SINE/MIR	510	+	76	5476754	92139
chr11	7813040	8013040	harbor1	chr11	7830501	7830736	SINE/MIR	389	+	118	7830619	17579
chr11	7813040	8013040	harbor1	chr11	7854836	7855052	SINE/MIR	387	+	108	7854944	41904
chr11	7813040	8013040	harbor1	chr11	7889813	7890013	SINE/MIR	520	+	100	7889913	76873
chr11	7813040	8013040	harbor1	chr11	7892535	7892748	SINE/MIR	441	+	106	7892641	79601
chr11	75168679	75368679	harbor1	chr11	75168914	75169144	SINE/MIR	740	+	115	75169029	350
chr11	75168679	75368679	harbor1	chr11	75169825	75170005	SINE/MIR	624	+	90	75169915	1236
chr11	75168679	75368679	harbor1	chr11	75182265	75182461	SINE/MIR	539	+	98	75182363	13684
chr11	75168679	75368679	harbor1	chr11	75186915	75187085	SINE/MIR	578	+	85	75187000	18321
chr11	75168679	75368679	harbor1	chr11	75189246	75189486	SINE/MIR	738	+	120	75189366	20687
chr11	75168679	75368679	harbor1	chr11	75198205	75198379	SINE/MIR	395	+	87	75198292	29613
chr11	75168679	75368679	harbor1	chr11	75202290	75202490	SINE/MIR	477	+	100	75202390	33711
chr11	75168679	75368679	harbor1	chr11	75204650	75204767	SINE/MIR	395	+	58	75204708	36029
chr11	75168679	75368679	harbor1	chr11	75208262	75208460	SINE/MIR	678	+	99	75208361	39682
chr11	75168679	75368679	harbor1	chr11	75210341	75210471	SINE/MIR	455	+	65	75210406	41727
chr11	75168679	75368679	harbor1	chr11	75212065	75212179	SINE/MIR	431	+	57	75212122	43443
chr11	75168679	75368679	harbor1	chr11	75214901	75215088	SINE/MIR	443	+	94	75214995	46316
chr11	75168679	75368679	harbor1	chr11	75228644	75228771	SINE/MIR	584	+	64	75228708	60029
chr11	75168679	75368679	harbor1	chr11	75229060	75229079	SINE/MIR	584	+	10	75229070	60391
chr11	75168679	75368679	harbor1	chr11	75229379	75229440	SINE/MIR	584	+	30	75229409	60730
chr11	127350412	127550412	harbor1	chr11	127400701	127400932	SINE/MIR	452	+	116	127400817	50405
chr11	127350412	127550412	harbor1	chr11	127415227	127415368	SINE/MIR	484	+	70	127415297	64885
chr11	127350412	127550412	harbor1	chr11	127431618	127431870	SINE/MIR	611	+	126	127431744	81332
chr11	127350412	127550412	harbor1	chr11	127447416	127447670	SINE/MIR	700	+	127	127447543	97131
chr11	127350412	127550412	harbor1	chr11	127434740	127434915	SINE/MIR	425	+	88	127434828	84416
chr11	15249896	15449896	harbor1	chr11	15250155	15250425	SINE/MIR	896	+	135	15250290	394
chr11	15249896	15449896	harbor1	chr11	15254455	15254688	SINE/MIR	1089	+	116	15254571	4675
chr11	15249896	15449896	harbor1	chr11	15260411	15260633	SINE/MIR	571	+	111	15260522	10626
chr11	15249896	15449896	harbor1	chr11	15293557	15293744	SINE/MIR	404	+	94	15293651	43755
chr11	15249896	15449896	harbor1	chr11	15296124	15296307	SINE/MIR	719	+	92	15296216	46320
chr11	15249896	15449896	harbor1	chr11	15306282	15306514	SINE/MIR	561	+	116	15306398	56502
chr11	15249896	15449896	harbor1	chr11	15310845	15311047	SINE/MIR	395	+	101	15310946	61050
chr11	15249896	15449896	harbor1	chr11	15317141	15317340	SINE/MIR	748	+	100	15317241	67345
chr11	15249896	15449896	harbor1	chr11	15323900	15324040	SINE/MIR	480	+	70	15323970	74074
chr11	15249896	15449896	harbor1	chr11	15326433	15326467	SINE/MIR	431	+	17	15326450	76554
chr11	15249896	15449896	harbor1	chr11	15326526	15326639	SINE/MIR	431	+	56	15326582	76686
chr11	15249896	15449896	harbor1	chr11	15329022	15329207	SINE/MIR	545	+	92	15329114	79218
chr11	15249896	15449896	harbor1	chr11	15331482	15331685	SINE/MIR	567	+	102	15331584	81688
chr11	15249896	15449896	harbor1	chr11	15335601	15335735	SINE/MIR	466	+	67	15335668	85772
chr11	15249896	15449896	harbor1	chr11	15345303	15345477	SINE/MIR	713	+	87	15345390	95494
chr11	26823811	27023811	harbor1	chr11	26835101	26835321	SINE/MIR	476	+	110	26835211	11400
chr11	26823811	27023811	harbor1	chr11	26848421	26848613	SINE/MIR	413	+	96	26848517	24706
chr11	26823811	27023811	harbor1	chr11	26903685	26903867	SINE/MIR	454	+	91	26903776	79965
chr11	26823811	27023811	harbor1	chr11	26915135	26915287	SINE/MIR	399	+	76	26915211	91400
chr11	18238699	18438699	harbor1	chr11	18246975	18247174	SINE/MIR	414	+	100	18247075	8376
chr11	18238699	18438699	harbor1	chr11	18283354	18283573	SINE/MIR	719	+	110	18283464	44765
chr11	18238699	18438699	harbor1	chr11	18290358	18290503	SINE/MIR	537	+	72	18290430	51731
chr11	18238699	18438699	harbor1	chr11	18327403	18327617	SINE/MIR	656	+	107	18327510	88811
chr11	95914558	96114558	harbor1	chr11	95914855	95915005	SINE/MIR	528	+	75	95914930	372
chr11	95914558	96114558	harbor1	chr11	95925392	95925543	SINE/MIR	407	+	76	95925468	10910
chr11	95914558	96114558	harbor1	chr11	95958748	95958929	SINE/MIR	453	+	90	95958838	44280
chr11	95914558	96114558	harbor1	chr11	95994846	95995081	SINE/MIR	706	+	118	95994964	80406
chr11	95914558	96114558	harbor1	chr11	96004596	96004832	SINE/MIR	431	+	118	96004714	90156
chr11	88259323	88459323	harbor1	chr11	88292932	88293082	SINE/MIR	442	+	75	88293007	33684
chr11	88259323	88459323	harbor1	chr11	88294729	88294911	SINE/MIR	452	+	91	88294820	35497
chr11	88259323	88459323	harbor1	chr11	88304140	88304330	SINE/MIR	661	+	95	88304235	44912
chr11	88259323	88459323	harbor1	chr11	88316204	88316325	SINE/MIR	480	+	60	88316264	56941
chr11	88259323	88459323	harbor1	chr11	88318204	88318431	SINE/MIR	396	+	114	88318318	58995
chr11	88259323	88459323	harbor1	chr11	88343481	88343671	SINE/MIR	633	+	95	88343576	84253
chr11	88259323	88459323	harbor1	chr11	88349986	88350225	SINE/MIR	989	+	120	88350106	90783
chr11	88259323	88459323	harbor1	chr11	88356629	88356744	SINE/MIR	551	+	58	88356687	97364
chr11	88259323	88459323	harbor1	chr11	88357057	88357175	SINE/MIR	551	+	59	88357116	97793
chr11	111999346	112199346	harbor1	chr11	112039882	112040135	SINE/MIR	686	+	126	112040008	40662
chr11	111999346	112199346	harbor1	chr11	112041097	112041249	SINE/MIR	452	+	76	112041173	41827
chr11	111999346	112199346	harbor1	chr11	112073575	112073743	SINE/MIR	581	+	84	112073659	74313
chr11	18275911	18475911	harbor1	chr11	18283354	18283573	SINE/MIR	719	+	110	18283464	7553
chr11	18275911	18475911	harbor1	chr11	18290358	18290503	SINE/MIR	537	+	72	18290430	14519
chr11	18275911	18475911	harbor1	chr11	18327403	18327617	SINE/MIR	656	+	107	18327510	51599
chr11	18275911	18475911	harbor1	chr11	18371242	18371486	SINE/MIR	556	+	122	18371364	95453
chr11	18275911	18475911	harbor1	chr11	18372814	18372930	SINE/MIR	449	+	58	18372872	96961
chr11	50323124	50523124	harbor1	chr11	50332206	50332399	SINE/MIR	532	+	96	50332302	9178
chr11	50323124	50523124	harbor1	chr11	50348688	50348885	SINE/MIR	470	+	98	50348786	25662
chr11	50323124	50523124	harbor1	chr11	50422621	50422780	SINE/MIR	610	+	80	50422701	99577
chr11	18267351	18467351	harbor1	chr11	18283354	18283573	SINE/MIR	719	+	110	18283464	16113
chr11	18267351	18467351	harbor1	chr11	18290358	18290503	SINE/MIR	537	+	72	18290430	23079
chr11	18267351	18467351	harbor1	chr11	18327403	18327617	SINE/MIR	656	+	107	18327510	60159
chr11	97255639	97455639	harbor1	chr11	97296497	97296730	SINE/MIR	634	+	116	97296613	40974
chr11	97255639	97455639	harbor1	chr11	97298249	97298347	SINE/MIR	393	+	49	97298298	42659
chr11	97255639	97455639	harbor1	chr11	97341686	97341874	SINE/MIR	529	+	94	97341780	86141
chr11	85876108	86076108	harbor1	chr11	85895598	85895780	SINE/MIR	649	+	91	85895689	19581
chr11	85876108	86076108	harbor1	chr11	85972355	85972569	SINE/MIR	384	+	107	85972462	96354
chr11	65446051	65646051	harbor1	chr11	65529766	65530006	SINE/MIR	701	+	120	65529886	83835
chr11	65446051	65646051	harbor1	chr11	65486691	65486909	SINE/MIR	615	+	109	65486800	40749
chr11	101771192	101971192	harbor1	chr11	101773242	101773448	SINE/MIR	498	+	103	101773345	2153
chr11	101771192	101971192	harbor1	chr11	101803572	101803731	SINE/MIR	522	+	80	101803652	32460
chr11	101771192	101971192	harbor1	chr11	101845474	101845694	SINE/MIR	541	+	110	101845584	74392
chr11	8162192	8362192	harbor1	chr11	8193594	8193743	SINE/MIR	476	+	74	8193668	31476
chr11	8162192	8362192	harbor1	chr11	8200253	8200385	SINE/MIR	647	+	66	8200319	38127
chr11	8162192	8362192	harbor1	chr11	8200464	8200522	SINE/MIR	647	+	29	8200493	38301
chr11	8162192	8362192	harbor1	chr11	8227407	8227570	SINE/MIR	396	+	82	8227489	65297
chr11	8162192	8362192	harbor1	chr11	8245288	8245503	SINE/MIR	611	+	108	8245396	83204
chr11	8162192	8362192	harbor1	chr11	8254801	8255001	SINE/MIR	828	+	100	8254901	92709
chr11	8162192	8362192	harbor1	chr11	8255797	8255818	SINE/MIR	828	+	10	8255807	93615
chr11	8162192	8362192	harbor1	chr11	8256125	8256167	SINE/MIR	828	+	21	8256146	93954
chr11	46371371	46571371	harbor1	chr11	46446943	46447126	SINE/MIR	576	+	92	46447035	75664
chr11	46371371	46571371	harbor1	chr11	46447780	46447810	SINE/MIR	576	+	15	46447795	76424
chr11	44566246	44766246	harbor1	chr11	44566534	44566742	SINE/MIR	435	+	104	44566638	392
chr11	44566246	44766246	harbor1	chr11	44569774	44569997	SINE/MIR	608	+	112	44569886	3640
chr11	44566246	44766246	harbor1	chr11	44571316	44571547	SINE/MIR	1072	+	116	44571432	5186
chr11	44566246	44766246	harbor1	chr11	44581216	44581453	SINE/MIR	608	+	118	44581334	15088
chr11	44566246	44766246	harbor1	chr11	44583602	44583749	SINE/MIR	542	+	74	44583676	17430
chr11	44566246	44766246	harbor1	chr11	44591601	44591747	SINE/MIR	446	+	73	44591674	25428
chr11	44566246	44766246	harbor1	chr11	44594487	44594608	SINE/MIR	461	+	60	44594547	28301
chr11	44566246	44766246	harbor1	chr11	44602228	44602459	SINE/MIR	699	+	116	44602344	36098
chr11	44566246	44766246	harbor1	chr11	44605634	44605844	SINE/MIR	687	+	105	44605739	39493
chr11	44566246	44766246	harbor1	chr11	44610618	44610742	SINE/MIR	419	+	62	44610680	44434
chr11	44566246	44766246	harbor1	chr11	44612212	44612475	SINE/MIR	806	+	132	44612344	46098
chr11	44566246	44766246	harbor1	chr11	44629209	44629322	SINE/MIR	422	+	56	44629265	63019
chr11	77809083	78009083	harbor1	chr11	77809037	77809289	SINE/MIR	541	+	126	77809163	80
chr11	77809083	78009083	harbor1	chr11	77817619	77817765	SINE/MIR	409	+	73	77817692	8609
chr11	77809083	78009083	harbor1	chr11	77821813	77822031	SINE/MIR	438	+	109	77821922	12839
chr11	77809083	78009083	harbor1	chr11	77835944	77836063	SINE/MIR	421	+	60	77836004	26921
chr11	77809083	78009083	harbor1	chr11	77877116	77877297	SINE/MIR	540	+	90	77877206	68123
chr11	77809083	78009083	harbor1	chr11	77902478	77902678	SINE/MIR	557	+	100	77902578	93495
chr11	77809083	78009083	harbor1	chr11	77873131	77873347	SINE/MIR	553	+	108	77873239	64156
chr11	87861723	88061723	harbor1	chr11	87863141	87863384	SINE/MIR	440	+	122	87863263	1540
chr11	87861723	88061723	harbor1	chr11	87877219	87877402	SINE/MIR	455	+	92	87877311	15588
chr11	87861723	88061723	harbor1	chr11	87883295	87883494	SINE/MIR	484	+	100	87883395	21672
chr11	87861723	88061723	harbor1	chr11	87887502	87887685	SINE/MIR	486	+	92	87887594	25871
chr11	87861723	88061723	harbor1	chr11	87888373	87888571	SINE/MIR	605	+	99	87888472	26749
chr11	87861723	88061723	harbor1	chr11	87896656	87896865	SINE/MIR	388	+	104	87896760	35037
chr11	87861723	88061723	harbor1	chr11	87906360	87906517	SINE/MIR	510	+	78	87906438	44715
chr11	87861723	88061723	harbor1	chr11	87927652	87927775	SINE/MIR	406	+	62	87927714	65991
chr11	69936563	70136563	harbor1	chr11	69957791	69958011	SINE/MIR	453	+	110	69957901	21338
chr11	69936563	70136563	harbor1	chr11	69967443	69967658	SINE/MIR	478	+	108	69967551	30988
chr11	69936563	70136563	harbor1	chr11	69971134	69971297	SINE/MIR	538	+	82	69971216	34653
chr11	69936563	70136563	harbor1	chr11	69979324	69979506	SINE/MIR	589	+	91	69979415	42852
chr11	69936563	70136563	harbor1	chr11	69981221	69981455	SINE/MIR	1112	+	117	69981338	44775
chr11	69936563	70136563	harbor1	chr11	69988301	69988415	SINE/MIR	394	+	57	69988358	51795
chr11	69936563	70136563	harbor1	chr11	70025106	70025324	SINE/MIR	594	+	109	70025215	88652
chr11	59287099	59487099	harbor1	chr11	59314974	59315176	SINE/MIR	578	+	101	59315075	27976
chr11	59287099	59487099	harbor1	chr11	59366556	59366752	SINE/MIR	727	+	98	59366654	79555
chr11	59287099	59487099	harbor1	chr11	59377605	59377784	SINE/MIR	534	+	90	59377695	90596
chr11	104703064	104903064	harbor1	chr11	104731025	104731182	SINE/MIR	473	+	78	104731103	28039
chr11	104703064	104903064	harbor1	chr11	104777568	104777770	SINE/MIR	446	+	101	104777669	74605
chr11	85906126	86106126	harbor1	chr11	85972355	85972569	SINE/MIR	384	+	107	85972462	66336
chr11	85906126	86106126	harbor1	chr11	85980701	85980947	SINE/MIR	513	+	123	85980824	74698
chr11	104394103	104594103	harbor1	chr11	104402077	104402279	SINE/MIR	424	+	101	104402178	8075
chr11	104394103	104594103	harbor1	chr11	104435480	104435609	SINE/MIR	488	+	64	104435544	41441
chr11	99067646	99267646	harbor1	chr11	99099641	99099845	SINE/MIR	507	+	102	99099743	32097
chr11	99067646	99267646	harbor1	chr11	99145764	99145924	SINE/MIR	446	+	80	99145844	78198
chr11	84881492	85081492	harbor1	chr11	84885526	84885727	SINE/MIR	539	+	100	84885626	4134
chr11	84881492	85081492	harbor1	chr11	84909357	84909556	SINE/MIR	401	+	100	84909457	27965
chr11	84881492	85081492	harbor1	chr11	84914715	84914922	SINE/MIR	528	+	104	84914819	33327
chr11	84881492	85081492	harbor1	chr11	84917441	84917670	SINE/MIR	505	+	114	84917555	36063
chr11	84881492	85081492	harbor1	chr11	84928284	84928496	SINE/MIR	771	+	106	84928390	46898
chr11	84881492	85081492	harbor1	chr11	84948771	84948963	SINE/MIR	504	+	96	84948867	67375
chr11	84881492	85081492	harbor1	chr11	84953499	84953670	SINE/MIR	473	+	86	84953585	72093
chr11	84881492	85081492	harbor1	chr11	84974318	84974549	SINE/MIR	492	+	116	84974434	92942
chr11	61038779	61238779	harbor1	chr11	61051395	61051641	SINE/MIR	542	+	123	61051518	12739
chr11	61038779	61238779	harbor1	chr11	61055023	61055244	SINE/MIR	739	+	110	61055133	16354
chr11	61038779	61238779	harbor1	chr11	61059583	61059761	SINE/MIR	526	+	89	61059672	20893
chr11	61038779	61238779	harbor1	chr11	61073111	61073234	SINE/MIR	417	+	62	61073173	34394
chr11	61038779	61238779	harbor1	chr11	61105301	61105528	SINE/MIR	667	+	114	61105415	66636
chr11	61038779	61238779	harbor1	chr11	61107981	61108193	SINE/MIR	651	+	106	61108087	69308
chr11	61038779	61238779	harbor1	chr11	61110623	61110836	SINE/MIR	660	+	106	61110729	71950
chr11	61038779	61238779	harbor1	chr11	61133791	61133984	SINE/MIR	725	+	96	61133887	95108
chr11	1056116	1256116	harbor1	chr11	1069295	1069535	SINE/MIR	437	+	120	1069415	13299
chr11	37701605	37901605	harbor1	chr11	37711357	37711596	SINE/MIR	486	+	120	37711477	9872
chr11	37701605	37901605	harbor1	chr11	37778283	37778498	SINE/MIR	429	+	108	37778391	76786
chr11	35005890	35205890	harbor1	chr11	35011178	35011350	SINE/MIR	603	+	86	35011264	5374
chr11	35005890	35205890	harbor1	chr11	35032425	35032652	SINE/MIR	593	+	114	35032539	26649
chr11	35005890	35205890	harbor1	chr11	35045878	35046028	SINE/MIR	609	+	75	35045953	40063
chr11	35005890	35205890	harbor1	chr11	35052881	35053113	SINE/MIR	455	+	116	35052997	47107
chr11	35005890	35205890	harbor1	chr11	35054957	35055191	SINE/MIR	864	+	117	35055074	49184
chr11	35005890	35205890	harbor1	chr11	35059348	35059520	SINE/MIR	445	+	86	35059434	53544
chr11	35005890	35205890	harbor1	chr11	35090611	35090804	SINE/MIR	574	+	96	35090707	84817
chr11	35005890	35205890	harbor1	chr11	35101513	35101630	SINE/MIR	388	+	58	35101571	95681
chr11	130590810	130790810	harbor1	chr11	130603476	130603677	SINE/MIR	562	+	100	130603576	12766
chr11	130590810	130790810	harbor1	chr11	130603885	130604068	SINE/MIR	638	+	92	130603977	13167
chr11	130590810	130790810	harbor1	chr11	130605438	130605586	SINE/MIR	571	+	74	130605512	14702
chr11	130590810	130790810	harbor1	chr11	130605866	130605996	SINE/MIR	413	+	65	130605931	15121
chr11	130590810	130790810	harbor1	chr11	130611304	130611531	SINE/MIR	646	+	114	130611418	20608
chr11	130590810	130790810	harbor1	chr11	130645116	130645337	SINE/MIR	386	+	110	130645226	54416
chr11	17644643	17844643	harbor1	chr11	17654494	17654628	SINE/MIR	404	+	67	17654561	9918
chr11	17644643	17844643	harbor1	chr11	17685023	17685183	SINE/MIR	576	+	80	17685103	40460
chr11	17644643	17844643	harbor1	chr11	17686024	17686162	SINE/MIR	392	+	69	17686093	41450
chr11	17644643	17844643	harbor1	chr11	17687424	17687623	SINE/MIR	398	+	100	17687524	42881
chr11	17644643	17844643	harbor1	chr11	17697946	17698086	SINE/MIR	612	+	70	17698016	53373
chr11	17644643	17844643	harbor1	chr11	17700219	17700377	SINE/MIR	562	+	79	17700298	55655
chr11	17644643	17844643	harbor1	chr11	17741266	17741420	SINE/MIR	573	+	77	17741343	96700
chr11	17644643	17844643	harbor1	chr11	17744046	17744237	SINE/MIR	460	+	96	17744142	99499
chr11	27928269	28128269	harbor1	chr11	27945638	27945884	SINE/MIR	696	+	123	27945761	17492
chr11	27928269	28128269	harbor1	chr11	27947829	27948054	SINE/MIR	828	+	112	27947941	19672
chr11	27928269	28128269	harbor1	chr11	27959818	27959916	SINE/MIR	385	+	49	27959867	31598
chr11	27928269	28128269	harbor1	chr11	27960094	27960203	SINE/MIR	413	+	54	27960148	31879
chr11	27928269	28128269	harbor1	chr11	27960274	27960392	SINE/MIR	386	+	59	27960333	32064
chr11	27928269	28128269	harbor1	chr11	27961244	27961403	SINE/MIR	458	+	80	27961324	33055
chr11	27928269	28128269	harbor1	chr11	27987843	27988010	SINE/MIR	703	+	84	27987927	59658
chr11	27928269	28128269	harbor1	chr11	28023460	28023688	SINE/MIR	510	+	114	28023574	95305
chr11	20521196	20721196	harbor1	chr11	20525803	20526029	SINE/MIR	930	+	113	20525916	4720
chr11	20521196	20721196	harbor1	chr11	20537087	20537235	SINE/MIR	530	+	74	20537161	15965
chr11	20521196	20721196	harbor1	chr11	20537891	20538112	SINE/MIR	635	+	110	20538001	16805
chr11	20521196	20721196	harbor1	chr11	20541838	20542055	SINE/MIR	527	+	108	20541946	20750
chr11	20521196	20721196	harbor1	chr11	20552346	20552520	SINE/MIR	571	+	87	20552433	31237
chr11	20521196	20721196	harbor1	chr11	20557397	20557522	SINE/MIR	431	+	62	20557459	36263
chr11	20521196	20721196	harbor1	chr11	20557825	20557942	SINE/MIR	431	+	58	20557883	36687
chr11	20521196	20721196	harbor1	chr11	20559431	20559577	SINE/MIR	552	+	73	20559504	38308
chr11	20521196	20721196	harbor1	chr11	20564701	20564947	SINE/MIR	857	+	123	20564824	43628
chr11	20521196	20721196	harbor1	chr11	20613145	20613325	SINE/MIR	749	+	90	20613235	92039
chr11	20521196	20721196	harbor1	chr11	20613454	20613569	SINE/MIR	417	+	58	20613512	92316
chr11	20521196	20721196	harbor1	chr11	20614243	20614444	SINE/MIR	740	+	100	20614343	93147
chr11	20521196	20721196	harbor1	chr11	20617942	20618117	SINE/MIR	424	+	88	20618030	96834
chr11	20521196	20721196	harbor1	chr11	20620279	20620446	SINE/MIR	743	+	84	20620363	99167
chr11	121428805	121628805	harbor1	chr11	121437130	121437332	SINE/MIR	417	+	101	121437231	8426
chr11	121428805	121628805	harbor1	chr11	121439487	121439708	SINE/MIR	450	+	110	121439597	10792
chr11	121428805	121628805	harbor1	chr11	121447981	121448222	SINE/MIR	457	+	120	121448101	19296
chr11	121428805	121628805	harbor1	chr11	121474040	121474166	SINE/MIR	429	+	63	121474103	45298
chr11	121428805	121628805	harbor1	chr11	121475683	121475825	SINE/MIR	402	+	71	121475754	46949
chr11	121428805	121628805	harbor1	chr11	121485394	121485577	SINE/MIR	535	+	92	121485486	56681
chr11	26448784	26648784	harbor1	chr11	26461693	26461910	SINE/MIR	456	+	108	26461801	13017
chr11	26448784	26648784	harbor1	chr11	26480868	26481109	SINE/MIR	732	+	120	26480988	32204
chr11	26448784	26648784	harbor1	chr11	26506274	26506493	SINE/MIR	462	+	110	26506384	57600
chr11	82433722	82633722	harbor1	chr11	82443447	82443596	SINE/MIR	439	+	74	82443521	9799
chr11	82433722	82633722	harbor1	chr11	82446198	82446377	SINE/MIR	420	+	90	82446288	12566
chr11	82433722	82633722	harbor1	chr11	82451764	82452019	SINE/MIR	887	+	128	82451892	18170
chr11	82433722	82633722	harbor1	chr11	82452782	82453008	SINE/MIR	835	+	113	82452895	19173
chr11	82433722	82633722	harbor1	chr11	82456160	82456363	SINE/MIR	560	+	102	82456262	22540
chr11	82433722	82633722	harbor1	chr11	82466922	82467134	SINE/MIR	388	+	106	82467028	33306
chr11	82433722	82633722	harbor1	chr11	82496216	82496419	SINE/MIR	509	+	102	82496318	62596
chr11	82433722	82633722	harbor1	chr11	82502852	82502916	SINE/MIR	563	+	32	82502884	69162
chr11	82433722	82633722	harbor1	chr11	82503217	82503408	SINE/MIR	563	+	96	82503313	69591
chr11	82433722	82633722	harbor1	chr11	82505079	82505298	SINE/MIR	405	+	110	82505189	71467
chr11	82433722	82633722	harbor1	chr11	82507951	82508155	SINE/MIR	520	+	102	82508053	74331
chr11	82433722	82633722	harbor1	chr11	82527769	82528010	SINE/MIR	557	+	120	82527889	94167
chr11	106429639	106629639	harbor1	chr11	106444950	106445175	SINE/MIR	406	+	112	106445062	15423
chr11	106429639	106629639	harbor1	chr11	106479987	106480170	SINE/MIR	434	+	92	106480079	50440
chr11	106429639	106629639	harbor1	chr11	106484398	106484610	SINE/MIR	472	+	106	106484504	54865
chr11	106429639	106629639	harbor1	chr11	106524102	106524337	SINE/MIR	545	+	118	106524220	94581
chr11	87455305	87655305	harbor1	chr11	87469101	87469260	SINE/MIR	449	+	80	87469181	13876
chr11	87455305	87655305	harbor1	chr11	87474701	87474932	SINE/MIR	801	+	116	87474817	19512
chr11	87455305	87655305	harbor1	chr11	87516152	87516396	SINE/MIR	825	+	122	87516274	60969
chr11	87455305	87655305	harbor1	chr11	87516579	87516784	SINE/MIR	556	+	102	87516681	61376
chr11	87455305	87655305	harbor1	chr11	87519309	87519498	SINE/MIR	497	+	94	87519403	64098
chr11	50035481	50235481	harbor1	chr11	50056359	50056553	SINE/MIR	493	+	97	50056456	20975
chr11	50035481	50235481	harbor1	chr11	50086729	50086921	SINE/MIR	462	+	96	50086825	51344
chr11	50035481	50235481	harbor1	chr11	50134110	50134309	SINE/MIR	718	+	100	50134210	98729
chr11	126081749	126281749	harbor1	chr11	126087800	126087997	SINE/MIR	581	+	98	126087898	6149
chr11	126081749	126281749	harbor1	chr11	126095443	126095648	SINE/MIR	537	+	102	126095545	13796
chr11	126081749	126281749	harbor1	chr11	126102033	126102160	SINE/MIR	551	+	64	126102097	20348
chr11	126081749	126281749	harbor1	chr11	126109337	126109565	SINE/MIR	598	+	114	126109451	27702
chr11	126081749	126281749	harbor1	chr11	126117096	126117289	SINE/MIR	447	+	96	126117192	35443
chr11	126081749	126281749	harbor1	chr11	126119465	126119675	SINE/MIR	636	+	105	126119570	37821
chr11	126081749	126281749	harbor1	chr11	126126729	126126947	SINE/MIR	588	+	109	126126838	45089
chr11	126081749	126281749	harbor1	chr11	126128508	126128722	SINE/MIR	610	+	107	126128615	46866
chr11	126081749	126281749	harbor1	chr11	126129911	126130090	SINE/MIR	399	+	90	126130001	48252
chr11	126081749	126281749	harbor1	chr11	126133529	126133712	SINE/MIR	494	+	92	126133621	51872
chr11	126081749	126281749	harbor1	chr11	126136982	126137149	SINE/MIR	408	+	84	126137066	55317
chr11	126081749	126281749	harbor1	chr11	126161602	126161642	SINE/MIR	439	+	20	126161622	79873
chr11	126081749	126281749	harbor1	chr11	126162352	126162465	SINE/MIR	439	+	56	126162408	80659
chr11	14518134	14718134	harbor1	chr11	14581376	14581523	SINE/MIR	512	+	74	14581450	63316
chr11	14518134	14718134	harbor1	chr11	14587635	14587846	SINE/MIR	578	+	106	14587741	69607
chr11	74281987	74481987	harbor1	chr11	74302121	74302284	SINE/MIR	519	+	82	74302203	20216
chr11	21285364	21485364	harbor1	chr11	21288533	21288677	SINE/MIR	544	+	72	21288605	3241
chr11	21285364	21485364	harbor1	chr11	21289193	21289212	SINE/MIR	544	+	10	21289203	3839
chr11	21285364	21485364	harbor1	chr11	21308023	21308210	SINE/MIR	692	+	94	21308117	22753
chr11	21285364	21485364	harbor1	chr11	21314340	21314529	SINE/MIR	579	+	94	21314434	29070
chr11	21285364	21485364	harbor1	chr11	21318811	21319022	SINE/MIR	636	+	106	21318917	33553
chr11	21285364	21485364	harbor1	chr11	21344617	21344831	SINE/MIR	388	+	107	21344724	59360
chr11	21285364	21485364	harbor1	chr11	21365288	21365526	SINE/MIR	507	+	119	21365407	80043
chr11	21285364	21485364	harbor1	chr11	21381300	21381525	SINE/MIR	589	+	112	21381412	96048
chr11	66437089	66637089	harbor1	chr11	66439452	66439603	SINE/MIR	428	+	76	66439528	2439
chr11	66437089	66637089	harbor1	chr11	66444361	66444461	SINE/MIR	602	+	50	66444411	7322
chr11	66437089	66637089	harbor1	chr11	66444758	66444828	SINE/MIR	602	+	35	66444793	7704
chr11	66437089	66637089	harbor1	chr11	66468560	66468751	SINE/MIR	626	+	96	66468656	31567
chr11	66437089	66637089	harbor1	chr11	66470364	66470523	SINE/MIR	502	+	80	66470444	33355
chr11	66437089	66637089	harbor1	chr11	66471709	66471863	SINE/MIR	422	+	77	66471786	34697
chr11	66437089	66637089	harbor1	chr11	66472174	66472223	SINE/MIR	422	+	24	66472198	35109
chr11	66437089	66637089	harbor1	chr11	66472723	66472904	SINE/MIR	804	+	90	66472813	35724
chr11	66437089	66637089	harbor1	chr11	66478872	66479022	SINE/MIR	458	+	75	66478947	41858
chr11	66437089	66637089	harbor1	chr11	66481993	66482122	SINE/MIR	423	+	64	66482057	44968
chr11	66437089	66637089	harbor1	chr11	66490553	66490707	SINE/MIR	458	+	77	66490630	53541
chr11	66437089	66637089	harbor1	chr11	66494443	66494612	SINE/MIR	407	+	84	66494527	57438
chr11	66437089	66637089	harbor1	chr11	66494679	66494789	SINE/MIR	462	+	55	66494734	57645
chr11	66437089	66637089	harbor1	chr11	66496774	66496949	SINE/MIR	616	+	88	66496862	59773
chr11	66437089	66637089	harbor1	chr11	66513379	66513532	SINE/MIR	695	+	76	66513455	76366
chr11	66437089	66637089	harbor1	chr11	66513694	66513766	SINE/MIR	695	+	36	66513730	76641
chr11	112077533	112277533	harbor1	chr11	112161247	112161368	SINE/MIR	427	+	60	112161307	83774
chr11	131470084	131670084	harbor1	chr11	131485910	131486097	SINE/MIR	441	+	94	131486004	15920
chr11	131470084	131670084	harbor1	chr11	131498185	131498398	SINE/MIR	528	+	106	131498291	28207
chr11	131470084	131670084	harbor1	chr11	131505024	131505231	SINE/MIR	423	+	104	131505128	35044
chr11	131470084	131670084	harbor1	chr11	131505831	131505935	SINE/MIR	423	+	52	131505883	35799
chr11	131470084	131670084	harbor1	chr11	131514149	131514364	SINE/MIR	433	+	108	131514257	44173
chr11	131470084	131670084	harbor1	chr11	131525681	131525853	SINE/MIR	604	+	86	131525767	55683
chr11	131470084	131670084	harbor1	chr11	131547980	131548204	SINE/MIR	556	+	112	131548092	78008
chr11	131470084	131670084	harbor1	chr11	131556429	131556561	SINE/MIR	497	+	66	131556495	86411
chr11	131470084	131670084	harbor1	chr11	131563026	131563229	SINE/MIR	400	+	102	131563128	93044
chr11	78065097	78265097	harbor1	chr11	78065972	78066129	SINE/MIR	467	+	78	78066050	953
chr11	78065097	78265097	harbor1	chr11	78067930	78068132	SINE/MIR	692	+	101	78068031	2934
chr11	78065097	78265097	harbor1	chr11	78079125	78079293	SINE/MIR	396	+	84	78079209	14112
chr11	78065097	78265097	harbor1	chr11	78105384	78105517	SINE/MIR	393	+	66	78105450	40353
chr11	78065097	78265097	harbor1	chr11	78153223	78153472	SINE/MIR	861	+	124	78153347	88250
chr11	78065097	78265097	harbor1	chr11	78156963	78157197	SINE/MIR	714	+	117	78157080	91983
chr11	78065097	78265097	harbor1	chr11	78160999	78161174	SINE/MIR	487	+	88	78161087	95990
chr11	78065097	78265097	harbor1	chr11	78164223	78164349	SINE/MIR	439	+	63	78164286	99189
chr11	37039267	37239267	harbor1	chr11	37053899	37054145	SINE/MIR	618	+	123	37054022	14755
chr11	37039267	37239267	harbor1	chr11	37060805	37061025	SINE/MIR	543	+	110	37060915	21648
chr11	37039267	37239267	harbor1	chr11	37070406	37070605	SINE/MIR	502	+	100	37070506	31239
chr11	37039267	37239267	harbor1	chr11	37106719	37106945	SINE/MIR	436	+	113	37106832	67565
chr11	37039267	37239267	harbor1	chr11	37108527	37108721	SINE/MIR	494	+	97	37108624	69357
chr11	37039267	37239267	harbor1	chr11	37120525	37120771	SINE/MIR	749	+	123	37120648	81381
chr11	37039267	37239267	harbor1	chr11	37044090	37044315	SINE/MIR	514	+	112	37044202	4935
chr11	128025297	128225297	harbor1	chr11	128027370	128027512	SINE/MIR	507	+	71	128027441	2144
chr11	128025297	128225297	harbor1	chr11	128031275	128031473	SINE/MIR	415	+	99	128031374	6077
chr11	128025297	128225297	harbor1	chr11	128044075	128044203	SINE/MIR	388	+	64	128044139	18842
chr11	128025297	128225297	harbor1	chr11	128060871	128061071	SINE/MIR	418	+	100	128060971	35674
chr11	93147205	93347205	harbor1	chr11	93147717	93147877	SINE/MIR	460	+	80	93147797	592
chr11	93147205	93347205	harbor1	chr11	93196806	93196952	SINE/MIR	605	+	73	93196879	49674
chr11	93147205	93347205	harbor1	chr11	93200457	93200576	SINE/MIR	404	+	60	93200517	53312
chr11	103166665	103366665	harbor1	chr11	103175725	103175974	SINE/MIR	529	+	124	103175849	9184
chr11	100699795	100899795	harbor1	chr11	100705335	100705561	SINE/MIR	588	+	113	100705448	5653
chr11	100699795	100899795	harbor1	chr11	100713395	100713546	SINE/MIR	403	+	76	100713471	13676
chr11	100699795	100899795	harbor1	chr11	100733106	100733344	SINE/MIR	807	+	119	100733225	33430
chr11	100699795	100899795	harbor1	chr11	100757257	100757420	SINE/MIR	519	+	82	100757339	57544
chr11	100699795	100899795	harbor1	chr11	100765356	100765575	SINE/MIR	801	+	110	100765466	65671
chr11	100699795	100899795	harbor1	chr11	100771146	100771338	SINE/MIR	393	+	96	100771242	71447
chr11	100699795	100899795	harbor1	chr11	100784758	100784972	SINE/MIR	393	+	107	100784865	85070
chr11	100699795	100899795	harbor1	chr11	100785898	100786086	SINE/MIR	428	+	94	100785992	86197
chr11	21664253	21864253	harbor1	chr11	21732431	21732693	SINE/MIR	471	+	131	21732562	68309
chr11	130897120	131097120	harbor1	chr11	130898960	130899111	SINE/MIR	480	+	76	130899036	1916
chr11	130897120	131097120	harbor1	chr11	130902054	130902274	SINE/MIR	450	+	110	130902164	5044
chr11	130897120	131097120	harbor1	chr11	130910557	130910736	SINE/MIR	391	+	90	130910647	13527
chr11	130897120	131097120	harbor1	chr11	130948955	130949222	SINE/MIR	752	+	134	130949089	51969
chr11	130897120	131097120	harbor1	chr11	130953251	130953459	SINE/MIR	612	+	104	130953355	56235
chr11	16089545	16289545	harbor1	chr11	16104404	16104597	SINE/MIR	398	+	96	16104500	14955
chr11	16089545	16289545	harbor1	chr11	16114265	16114492	SINE/MIR	537	+	114	16114379	24834
chr11	16089545	16289545	harbor1	chr11	16140398	16140618	SINE/MIR	451	+	110	16140508	50963
chr11	16089545	16289545	harbor1	chr11	16155180	16155229	SINE/MIR	397	+	24	16155204	65659
chr11	16089545	16289545	harbor1	chr11	16155230	16155471	SINE/MIR	1027	+	120	16155350	65805
chr11	16089545	16289545	harbor1	chr11	16155472	16155637	SINE/MIR	431	+	82	16155554	66009
chr11	16089545	16289545	harbor1	chr11	16156037	16156181	SINE/MIR	464	+	72	16156109	66564
chr11	10075016	10275016	harbor1	chr11	10075132	10075326	SINE/MIR	456	+	97	10075229	213
chr11	10075016	10275016	harbor1	chr11	10114033	10114249	SINE/MIR	815	+	108	10114141	39125
chr11	10075016	10275016	harbor1	chr11	10127903	10128043	SINE/MIR	427	+	70	10127973	52957
chr11	24871415	25071415	harbor1	chr11	24873713	24873908	SINE/MIR	462	+	98	24873811	2396
chr11	24871415	25071415	harbor1	chr11	24884307	24884432	SINE/MIR	384	+	62	24884369	12954
chr11	24871415	25071415	harbor1	chr11	24940434	24940681	SINE/MIR	449	+	124	24940558	69143
chr11	99426326	99626326	harbor1	chr11	99447052	99447220	SINE/MIR	393	+	84	99447136	20810
chr11	99426326	99626326	harbor1	chr11	99447458	99447635	SINE/MIR	424	+	88	99447546	21220
chr11	99426326	99626326	harbor1	chr11	99471491	99471716	SINE/MIR	535	+	112	99471603	45277
chr11	99426326	99626326	harbor1	chr11	99480330	99480555	SINE/MIR	579	+	112	99480442	54116
chr11	99426326	99626326	harbor1	chr11	99509888	99510130	SINE/MIR	470	+	121	99510009	83683
chr11	41932777	42132777	harbor1	chr11	41938529	41938758	SINE/MIR	477	+	114	41938643	5866
chr11	41932777	42132777	harbor1	chr11	41951870	41952105	SINE/MIR	560	+	118	41951988	19211
chr11	41932777	42132777	harbor1	chr11	41964124	41964318	SINE/MIR	421	+	97	41964221	31444
chr11	41932777	42132777	harbor1	chr11	41987853	41987881	SINE/MIR	549	+	14	41987867	55090
chr11	41932777	42132777	harbor1	chr11	41988390	41988616	SINE/MIR	677	+	113	41988503	55726
chr11	41932777	42132777	harbor1	chr11	41993714	41993855	SINE/MIR	432	+	70	41993784	61007
chr11	23453809	23653809	harbor1	chr11	23473290	23473405	SINE/MIR	387	+	58	23473348	19539
chr11	23453809	23653809	harbor1	chr11	23502726	23502887	SINE/MIR	493	+	80	23502806	48997
chr11	23453809	23653809	harbor1	chr11	23503054	23503276	SINE/MIR	399	+	111	23503165	49356
chr11	23453809	23653809	harbor1	chr11	23503878	23504078	SINE/MIR	431	+	100	23503978	50169
chr11	7569294	7769294	harbor1	chr11	7580612	7580850	SINE/MIR	660	+	119	7580731	11437
chr11	7569294	7769294	harbor1	chr11	7608286	7608359	SINE/MIR	534	+	36	7608322	39028
chr11	7569294	7769294	harbor1	chr11	7608670	7608857	SINE/MIR	534	+	94	7608764	39470
chr11	7569294	7769294	harbor1	chr11	7611571	7611755	SINE/MIR	560	+	92	7611663	42369
chr11	7569294	7769294	harbor1	chr11	7655998	7656153	SINE/MIR	430	+	78	7656076	86782
chr11	73295817	73495817	harbor1	chr11	73301236	73301334	SINE/MIR	386	+	49	73301285	5468
chr11	73295817	73495817	harbor1	chr11	73301953	73301993	SINE/MIR	386	+	20	73301973	6156
chr11	73295817	73495817	harbor1	chr11	73321435	73321644	SINE/MIR	583	+	104	73321539	25722
chr11	73295817	73495817	harbor1	chr11	73332734	73332908	SINE/MIR	487	+	87	73332821	37004
chr11	73295817	73495817	harbor1	chr11	73336152	73336361	SINE/MIR	771	+	104	73336256	40439
chr11	73295817	73495817	harbor1	chr11	73338767	73338981	SINE/MIR	501	+	107	73338874	43057
chr11	73295817	73495817	harbor1	chr11	73344858	73345062	SINE/MIR	562	+	102	73344960	49143
chr11	73295817	73495817	harbor1	chr11	73346151	73346281	SINE/MIR	431	+	65	73346216	50399
chr11	73295817	73495817	harbor1	chr11	73349896	73350151	SINE/MIR	645	+	128	73350024	54207
chr11	73295817	73495817	harbor1	chr11	73363941	73364104	SINE/MIR	408	+	82	73364023	68206
chr11	73295817	73495817	harbor1	chr11	73365026	73365172	SINE/MIR	458	+	73	73365099	69282
chr11	73295817	73495817	harbor1	chr11	73370043	73370192	SINE/MIR	636	+	74	73370117	74300
chr11	75091837	75291837	harbor1	chr11	75097341	75097511	SINE/MIR	434	+	85	75097426	5589
chr11	75091837	75291837	harbor1	chr11	75109274	75109412	SINE/MIR	473	+	69	75109343	17506
chr11	75091837	75291837	harbor1	chr11	75126670	75126856	SINE/MIR	551	+	93	75126763	34926
chr11	75091837	75291837	harbor1	chr11	75140721	75140946	SINE/MIR	553	+	112	75140833	48996
chr11	75091837	75291837	harbor1	chr11	75142307	75142520	SINE/MIR	971	+	106	75142413	50576
chr11	75091837	75291837	harbor1	chr11	75150062	75150225	SINE/MIR	417	+	82	75150144	58307
chr11	75091837	75291837	harbor1	chr11	75162830	75162989	SINE/MIR	406	+	80	75162910	71073
chr11	75091837	75291837	harbor1	chr11	75168914	75169144	SINE/MIR	740	+	115	75169029	77192
chr11	75091837	75291837	harbor1	chr11	75169825	75170005	SINE/MIR	624	+	90	75169915	78078
chr11	75091837	75291837	harbor1	chr11	75182265	75182461	SINE/MIR	539	+	98	75182363	90526
chr11	75091837	75291837	harbor1	chr11	75186915	75187085	SINE/MIR	578	+	85	75187000	95163
chr11	75091837	75291837	harbor1	chr11	75189246	75189486	SINE/MIR	738	+	120	75189366	97529
chr11	13371929	13571929	harbor1	chr11	13382294	13382454	SINE/MIR	385	+	80	13382374	10445
chr11	13371929	13571929	harbor1	chr11	13393814	13393939	SINE/MIR	387	+	62	13393876	21947
chr11	13371929	13571929	harbor1	chr11	13419230	13419434	SINE/MIR	436	+	102	13419332	47403
chr11	97644035	97844035	harbor1	chr11	97707351	97707555	SINE/MIR	659	+	102	97707453	63418
chr11	84827260	85027260	harbor1	chr11	84829523	84829761	SINE/MIR	629	+	119	84829642	2382
chr11	84827260	85027260	harbor1	chr11	84835281	84835541	SINE/MIR	583	+	130	84835411	8151
chr11	84827260	85027260	harbor1	chr11	84854290	84854424	SINE/MIR	431	+	67	84854357	27097
chr11	84827260	85027260	harbor1	chr11	84858905	84859160	SINE/MIR	413	+	128	84859033	31773
chr11	84827260	85027260	harbor1	chr11	84885526	84885727	SINE/MIR	539	+	100	84885626	58366
chr11	84827260	85027260	harbor1	chr11	84909357	84909556	SINE/MIR	401	+	100	84909457	82197
chr11	84827260	85027260	harbor1	chr11	84914715	84914922	SINE/MIR	528	+	104	84914819	87559
chr11	84827260	85027260	harbor1	chr11	84917441	84917670	SINE/MIR	505	+	114	84917555	90295
chr11	95090719	95290719	harbor1	chr11	95103634	95103839	SINE/MIR	482	+	102	95103736	13017
chr11	95090719	95290719	harbor1	chr11	95112337	95112497	SINE/MIR	489	+	80	95112417	21698
chr11	95090719	95290719	harbor1	chr11	95133396	95133635	SINE/MIR	809	+	120	95133516	42797
chr11	95090719	95290719	harbor1	chr11	95140604	95140781	SINE/MIR	503	+	88	95140692	49973
chr11	95090719	95290719	harbor1	chr11	95157993	95158217	SINE/MIR	686	+	112	95158105	67386
chr11	101819670	102019670	harbor1	chr11	101845474	101845694	SINE/MIR	541	+	110	101845584	25914
chr11	101819670	102019670	harbor1	chr11	101886157	101886374	SINE/MIR	466	+	108	101886265	66595
chr11	36393814	36593814	harbor1	chr11	36406860	36407087	SINE/MIR	754	+	114	36406974	13160
chr11	36393814	36593814	harbor1	chr11	36410497	36410622	SINE/MIR	436	+	62	36410559	16745
chr11	36393814	36593814	harbor1	chr11	36418377	36418521	SINE/MIR	497	+	72	36418449	24635
chr11	36393814	36593814	harbor1	chr11	36418816	36418918	SINE/MIR	497	+	51	36418867	25053
chr11	36393814	36593814	harbor1	chr11	36420088	36420317	SINE/MIR	610	+	114	36420202	26388
chr11	36393814	36593814	harbor1	chr11	36420335	36420576	SINE/MIR	1041	+	120	36420455	26641
chr11	36393814	36593814	harbor1	chr11	36426317	36426509	SINE/MIR	396	+	96	36426413	32599
chr11	36393814	36593814	harbor1	chr11	36426567	36426756	SINE/MIR	489	+	94	36426661	32847
chr11	36393814	36593814	harbor1	chr11	36440599	36440650	SINE/MIR	710	+	26	36440625	46811
chr11	36393814	36593814	harbor1	chr11	36443448	36443644	SINE/MIR	710	+	98	36443546	49732
chr11	36393814	36593814	harbor1	chr11	36445542	36445761	SINE/MIR	462	+	110	36445652	51838
chr11	36393814	36593814	harbor1	chr11	36450664	36450864	SINE/MIR	551	+	100	36450764	56950
chr11	36393814	36593814	harbor1	chr11	36459519	36459725	SINE/MIR	596	+	103	36459622	65808
chr11	36393814	36593814	harbor1	chr11	36461098	36461338	SINE/MIR	582	+	120	36461218	67404
chr11	111615877	111815877	harbor1	chr11	111641803	111641943	SINE/MIR	482	+	70	111641873	25996
chr11	111615877	111815877	harbor1	chr11	111685968	111686140	SINE/MIR	558	+	86	111686054	70177
chr11	111615877	111815877	harbor1	chr11	111693675	111693789	SINE/MIR	394	+	57	111693732	77855
chr11	111615877	111815877	harbor1	chr11	111693850	111694092	SINE/MIR	966	+	121	111693971	78094
chr11	111615877	111815877	harbor1	chr11	111702109	111702303	SINE/MIR	744	+	97	111702206	86329
chr11	111615877	111815877	harbor1	chr11	111702569	111702635	SINE/MIR	611	+	33	111702602	86725
chr11	111615877	111815877	harbor1	chr11	111707775	111707950	SINE/MIR	389	+	88	111707863	91986
chr11	111615877	111815877	harbor1	chr11	111713326	111713513	SINE/MIR	474	+	94	111713420	97543
chr11	111615877	111815877	harbor1	chr11	111705992	111706243	SINE/MIR	676	+	126	111706118	90241
chr11	43874803	44074803	harbor1	chr11	43891209	43891444	SINE/MIR	611	+	118	43891327	16524
chr11	43874803	44074803	harbor1	chr11	43914176	43914395	SINE/MIR	589	+	110	43914286	39483
chr11	43874803	44074803	harbor1	chr11	43925708	43925906	SINE/MIR	503	+	99	43925807	51004
chr11	43874803	44074803	harbor1	chr11	43931503	43931728	SINE/MIR	519	+	112	43931615	56812
chr11	43874803	44074803	harbor1	chr11	43935388	43935651	SINE/MIR	456	+	132	43935520	60717
chr11	43874803	44074803	harbor1	chr11	43940901	43941145	SINE/MIR	719	+	122	43941023	66220
chr11	43874803	44074803	harbor1	chr11	43941662	43941874	SINE/MIR	645	+	106	43941768	66965
chr11	43874803	44074803	harbor1	chr11	43969414	43969539	SINE/MIR	391	+	62	43969476	94673
chr11	48191767	48391767	harbor1	chr11	48209964	48210062	SINE/MIR	444	+	49	48210013	18246
chr11	48191767	48391767	harbor1	chr11	48214825	48215015	SINE/MIR	607	+	95	48214920	23153
chr11	48191767	48391767	harbor1	chr11	48255408	48255609	SINE/MIR	574	+	100	48255508	63741
chr11	48191767	48391767	harbor1	chr11	48263448	48263567	SINE/MIR	429	+	60	48263508	71741
chr11	48191767	48391767	harbor1	chr11	48272261	48272505	SINE/MIR	711	+	122	48272383	80616
chr11	48191767	48391767	harbor1	chr11	48273317	48273567	SINE/MIR	524	+	125	48273442	81675
chr11	26384208	26584208	harbor1	chr11	26389221	26389392	SINE/MIR	581	+	86	26389307	5099
chr11	26384208	26584208	harbor1	chr11	26420945	26421095	SINE/MIR	462	+	75	26421020	36812
chr11	26384208	26584208	harbor1	chr11	26423814	26423967	SINE/MIR	416	+	76	26423890	39682
chr11	26384208	26584208	harbor1	chr11	26446619	26446819	SINE/MIR	448	+	100	26446719	62511
chr11	26384208	26584208	harbor1	chr11	26461693	26461910	SINE/MIR	456	+	108	26461801	77593
chr11	26384208	26584208	harbor1	chr11	26480868	26481109	SINE/MIR	732	+	120	26480988	96780
chr11	122003914	122203914	harbor1	chr11	122025382	122025634	SINE/MIR	932	+	126	122025508	21594
chr11	122003914	122203914	harbor1	chr11	122026658	122026865	SINE/MIR	489	+	104	122026762	22848
chr11	122003914	122203914	harbor1	chr11	122029243	122029475	SINE/MIR	612	+	116	122029359	25445
chr11	122003914	122203914	harbor1	chr11	122034968	122035103	SINE/MIR	418	+	68	122035036	31122
chr11	122003914	122203914	harbor1	chr11	122072740	122072961	SINE/MIR	479	+	110	122072850	68936
chr11	122003914	122203914	harbor1	chr11	122073510	122073752	SINE/MIR	891	+	121	122073631	69717
chr11	122003914	122203914	harbor1	chr11	122090500	122090647	SINE/MIR	610	+	74	122090574	86660
chr11	102896820	103096820	harbor1	chr11	102903324	102903535	SINE/MIR	751	+	106	102903430	6610
chr11	102896820	103096820	harbor1	chr11	102926155	102926403	SINE/MIR	492	+	124	102926279	29459
chr11	102896820	103096820	harbor1	chr11	102933957	102934173	SINE/MIR	674	+	108	102934065	37245
chr11	102896820	103096820	harbor1	chr11	102975485	102975677	SINE/MIR	587	+	96	102975581	78761
chr11	10748739	10948739	harbor1	chr11	10753821	10754044	SINE/MIR	573	+	112	10753933	5194
chr11	10748739	10948739	harbor1	chr11	10768640	10768847	SINE/MIR	541	+	104	10768744	20005
chr11	10748739	10948739	harbor1	chr11	10789042	10789207	SINE/MIR	461	+	82	10789124	40385
chr11	10748739	10948739	harbor1	chr11	10812712	10812878	SINE/MIR	554	+	83	10812795	64056
chr11	10748739	10948739	harbor1	chr11	10842891	10843009	SINE/MIR	703	+	59	10842950	94211
chr11	10748739	10948739	harbor1	chr11	10843827	10843969	SINE/MIR	703	+	71	10843898	95159
chr11	43313433	43513433	harbor1	chr11	43327523	43327710	SINE/MIR	468	+	94	43327617	14184
chr11	43313433	43513433	harbor1	chr11	43328325	43328483	SINE/MIR	426	+	79	43328404	14971
chr11	43313433	43513433	harbor1	chr11	43329418	43329619	SINE/MIR	725	+	100	43329518	16085
chr11	39900897	40100897	harbor1	chr11	39904659	39904873	SINE/MIR	512	+	107	39904766	3869
chr11	39900897	40100897	harbor1	chr11	39972539	39972557	SINE/MIR	390	+	9	39972548	71651
chr11	39900897	40100897	harbor1	chr11	39972942	39973129	SINE/MIR	390	+	94	39973036	72139
chr11	39900897	40100897	harbor1	chr11	39977334	39977561	SINE/MIR	472	+	114	39977448	76551
chr11	127802337	128002337	harbor1	chr11	127813508	127813707	SINE/MIR	508	+	100	127813608	11271
chr11	127802337	128002337	harbor1	chr11	127816332	127816548	SINE/MIR	420	+	108	127816440	14103
chr11	127802337	128002337	harbor1	chr11	127822488	127822688	SINE/MIR	539	+	100	127822588	20251
chr11	127802337	128002337	harbor1	chr11	127873144	127873371	SINE/MIR	730	+	114	127873258	70921
chr11	127802337	128002337	harbor1	chr11	127811540	127811701	SINE/MIR	437	+	80	127811620	9283
chr11	60363582	60563582	harbor1	chr11	60376102	60376206	SINE/MIR	447	+	52	60376154	12572
chr11	60363582	60563582	harbor1	chr11	60380893	60381116	SINE/MIR	542	+	112	60381005	17423
chr11	60363582	60563582	harbor1	chr11	60401491	60401738	SINE/MIR	428	+	124	60401615	38033
chr11	60363582	60563582	harbor1	chr11	60403221	60403418	SINE/MIR	502	+	98	60403319	39737
chr11	60363582	60563582	harbor1	chr11	60425316	60425513	SINE/MIR	387	+	98	60425414	61832
chr11	60363582	60563582	harbor1	chr11	60452986	60453167	SINE/MIR	482	+	90	60453076	89494
chr11	60363582	60563582	harbor1	chr11	60456197	60456348	SINE/MIR	523	+	76	60456273	92691
chr11	101922535	102122535	harbor1	chr11	101933388	101933623	SINE/MIR	769	+	118	101933506	10971
chr11	101922535	102122535	harbor1	chr11	101947522	101947670	SINE/MIR	528	+	74	101947596	25061
chr11	101922535	102122535	harbor1	chr11	101975438	101975573	SINE/MIR	526	+	68	101975506	52971
chr11	19057301	19257301	harbor1	chr11	19062354	19062524	SINE/MIR	448	+	85	19062439	5138
chr11	19057301	19257301	harbor1	chr11	19081159	19081344	SINE/MIR	424	+	92	19081251	23950
chr11	19057301	19257301	harbor1	chr11	19096186	19096323	SINE/MIR	448	+	68	19096254	38953
chr11	19057301	19257301	harbor1	chr11	19098164	19098344	SINE/MIR	651	+	90	19098254	40953
chr11	19057301	19257301	harbor1	chr11	19115244	19115434	SINE/MIR	603	+	95	19115339	58038
chr11	19057301	19257301	harbor1	chr11	19070907	19071108	SINE/MIR	388	+	100	19071007	13706
chr11	3410716	3610716	harbor1	chr11	3444446	3444678	SINE/MIR	794	+	116	3444562	33846
chr11	95758688	95958688	harbor1	chr11	95780735	95780861	SINE/MIR	504	+	63	95780798	22110
chr12	57211103	57411103	harbor1	chr12	57257190	57257396	SINE/MIR	476	+	103	57257293	46190
chr12	57211103	57411103	harbor1	chr12	57267701	57267880	SINE/MIR	460	+	90	57267791	56688
chr12	57211103	57411103	harbor1	chr12	57290353	57290606	SINE/MIR	830	+	126	57290479	79376
chr12	57211103	57411103	harbor1	chr12	57293947	57294193	SINE/MIR	904	+	123	57294070	82967
chr12	57211103	57411103	harbor1	chr12	57300507	57300756	SINE/MIR	499	+	124	57300631	89528
chr12	104538620	104738620	harbor1	chr12	104539188	104539353	SINE/MIR	572	+	82	104539270	650
chr12	104538620	104738620	harbor1	chr12	104547663	104547825	SINE/MIR	581	+	81	104547744	9124
chr12	104538620	104738620	harbor1	chr12	104553063	104553211	SINE/MIR	596	+	74	104553137	14517
chr12	104538620	104738620	harbor1	chr12	104564374	104564559	SINE/MIR	557	+	92	104564466	25846
chr12	104538620	104738620	harbor1	chr12	104593663	104593799	SINE/MIR	617	+	68	104593731	55111
chr12	104538620	104738620	harbor1	chr12	104596517	104596790	SINE/MIR	766	+	136	104596653	58033
chr12	104538620	104738620	harbor1	chr12	104597872	104598066	SINE/MIR	676	+	97	104597969	59349
chr12	104538620	104738620	harbor1	chr12	104603705	104603881	SINE/MIR	527	+	88	104603793	65173
chr12	104538620	104738620	harbor1	chr12	104615493	104615644	SINE/MIR	757	+	76	104615569	76949
chr12	104538620	104738620	harbor1	chr12	104615948	104616043	SINE/MIR	757	+	48	104615996	77376
chr12	104538620	104738620	harbor1	chr12	104617477	104617627	SINE/MIR	547	+	75	104617552	78932
chr12	104538620	104738620	harbor1	chr12	104617660	104617892	SINE/MIR	758	+	116	104617776	79156
chr12	104538620	104738620	harbor1	chr12	104622660	104622828	SINE/MIR	872	+	84	104622744	84124
chr12	104538620	104738620	harbor1	chr12	104630273	104630437	SINE/MIR	718	+	82	104630355	91735
chr12	104538620	104738620	harbor1	chr12	104636616	104636829	SINE/MIR	1016	+	106	104636722	98102
chr12	19104507	19304507	harbor1	chr12	19105700	19105931	SINE/MIR	847	+	116	19105816	1309
chr12	19104507	19304507	harbor1	chr12	19168837	19168983	SINE/MIR	458	+	73	19168910	64403
chr12	100983460	101183460	harbor1	chr12	101017611	101017850	SINE/MIR	826	+	120	101017731	34271
chr12	100983460	101183460	harbor1	chr12	101043845	101044078	SINE/MIR	671	+	116	101043961	60501
chr12	34153109	34353109	harbor1	chr12	34238163	34238209	SINE/MIR	513	+	23	34238186	85077
chr12	34153109	34353109	harbor1	chr12	34238500	34238672	SINE/MIR	513	+	86	34238586	85477
chr12	121501181	121701181	harbor1	chr12	121598302	121598544	SINE/MIR	650	+	121	121598423	97242
chr12	119676439	119876439	harbor1	chr12	119722558	119722776	SINE/MIR	469	+	109	119722667	46228
chr12	68286996	68486996	harbor1	chr12	68296646	68296864	SINE/MIR	473	+	109	68296755	9759
chr12	68286996	68486996	harbor1	chr12	68346023	68346245	SINE/MIR	464	+	111	68346134	59138
chr12	68286996	68486996	harbor1	chr12	68351037	68351168	SINE/MIR	710	+	66	68351103	64107
chr12	68286996	68486996	harbor1	chr12	68351482	68351587	SINE/MIR	710	+	52	68351534	64538
chr12	68286996	68486996	harbor1	chr12	68357245	68357454	SINE/MIR	668	+	104	68357349	70353
chr12	68286996	68486996	harbor1	chr12	68360648	68360813	SINE/MIR	553	+	82	68360730	73734
chr12	68286996	68486996	harbor1	chr12	68383502	68383704	SINE/MIR	613	+	101	68383603	96607
chr12	77103330	77303330	harbor1	chr12	77108304	77108536	SINE/MIR	492	+	116	77108420	5090
chr12	77103330	77303330	harbor1	chr12	77200822	77201008	SINE/MIR	550	+	93	77200915	97585
chr12	77103330	77303330	harbor1	chr12	77201744	77201946	SINE/MIR	623	+	101	77201845	98515
chr12	34157451	34357451	harbor1	chr12	34238163	34238209	SINE/MIR	513	+	23	34238186	80735
chr12	34157451	34357451	harbor1	chr12	34238500	34238672	SINE/MIR	513	+	86	34238586	81135
chr12	99489484	99689484	harbor1	chr12	99502549	99502782	SINE/MIR	812	+	116	99502665	13181
chr12	99489484	99689484	harbor1	chr12	99527628	99527789	SINE/MIR	440	+	80	99527708	38224
chr12	99489484	99689484	harbor1	chr12	99569312	99569498	SINE/MIR	608	+	93	99569405	79921
chr12	111484386	111684386	harbor1	chr12	111503284	111503493	SINE/MIR	533	+	104	111503388	19002
chr12	111484386	111684386	harbor1	chr12	111548266	111548487	SINE/MIR	462	+	110	111548376	63990
chr12	111484386	111684386	harbor1	chr12	111569151	111569394	SINE/MIR	703	+	122	111569273	84887
chr12	111484386	111684386	harbor1	chr12	111573538	111573797	SINE/MIR	695	+	130	111573668	89282
chr12	111484386	111684386	harbor1	chr12	111574897	111575029	SINE/MIR	528	+	66	111574963	90577
chr12	61608699	61808699	harbor1	chr12	61678889	61679095	SINE/MIR	637	+	103	61678992	70293
chr12	61608699	61808699	harbor1	chr12	61693206	61693437	SINE/MIR	806	+	116	61693322	84623
chr12	61608699	61808699	harbor1	chr12	61703940	61704135	SINE/MIR	545	+	98	61704038	95339
chr12	38387296	38587296	harbor1	chr12	38482947	38483177	SINE/MIR	676	+	115	38483062	95766
chr12	2870363	3070363	harbor1	chr12	2912104	2912261	SINE/MIR	516	+	78	2912182	41819
chr12	85382035	85582035	harbor1	chr12	85410698	85410854	SINE/MIR	467	+	78	85410776	28741
chr12	85382035	85582035	harbor1	chr12	85426860	85427083	SINE/MIR	600	+	112	85426972	44937
chr12	85382035	85582035	harbor1	chr12	85462122	85462260	SINE/MIR	494	+	69	85462191	80156
chr12	85382035	85582035	harbor1	chr12	85472904	85473044	SINE/MIR	461	+	70	85472974	90939
chr12	114972331	115172331	harbor1	chr12	114989321	114989545	SINE/MIR	762	+	112	114989433	17102
chr12	114972331	115172331	harbor1	chr12	115004361	115004497	SINE/MIR	448	+	68	115004429	32098
chr12	114972331	115172331	harbor1	chr12	115016831	115017049	SINE/MIR	651	+	109	115016940	44609
chr12	114972331	115172331	harbor1	chr12	115033442	115033604	SINE/MIR	473	+	81	115033523	61192
chr12	114972331	115172331	harbor1	chr12	115033646	115033702	SINE/MIR	473	+	28	115033674	61343
chr12	114972331	115172331	harbor1	chr12	115063145	115063398	SINE/MIR	736	+	126	115063271	90940
chr12	65031211	65231211	harbor1	chr12	65098796	65098975	SINE/MIR	454	+	90	65098886	67675
chr12	65031211	65231211	harbor1	chr12	65103732	65103862	SINE/MIR	509	+	65	65103797	72586
chr12	65031211	65231211	harbor1	chr12	65104454	65104684	SINE/MIR	1005	+	115	65104569	73358
chr12	65031211	65231211	harbor1	chr12	65109727	65109884	SINE/MIR	640	+	78	65109805	78594
chr12	65031211	65231211	harbor1	chr12	65110547	65110676	SINE/MIR	552	+	64	65110611	79400
chr12	110833997	111033997	harbor1	chr12	110895565	110895802	SINE/MIR	795	+	118	110895683	61686
chr12	110833997	111033997	harbor1	chr12	110899216	110899306	SINE/MIR	511	+	45	110899261	65264
chr12	110833997	111033997	harbor1	chr12	110899620	110899673	SINE/MIR	511	+	26	110899646	65649
chr12	110833997	111033997	harbor1	chr12	110912482	110912556	SINE/MIR	584	+	37	110912519	78522
chr12	110833997	111033997	harbor1	chr12	110912849	110912959	SINE/MIR	584	+	55	110912904	78907
chr12	110833997	111033997	harbor1	chr12	110913535	110913739	SINE/MIR	700	+	102	110913637	79640
chr12	110833997	111033997	harbor1	chr12	110926216	110926390	SINE/MIR	648	+	87	110926303	92306
chr12	110833997	111033997	harbor1	chr12	110929056	110929228	SINE/MIR	561	+	86	110929142	95145
chr12	5329102	5529102	harbor1	chr12	5363224	5363372	SINE/MIR	445	+	74	5363298	34196
chr12	5329102	5529102	harbor1	chr12	5398554	5398776	SINE/MIR	464	+	111	5398665	69563
chr12	5329102	5529102	harbor1	chr12	5424370	5424498	SINE/MIR	481	+	64	5424434	95332
chr12	22561062	22761062	harbor1	chr12	22628919	22629105	SINE/MIR	615	+	93	22629012	67950
chr12	22561062	22761062	harbor1	chr12	22659490	22659741	SINE/MIR	614	+	126	22659616	98554
chr12	32480134	32680134	harbor1	chr12	32500104	32500332	SINE/MIR	545	+	114	32500218	20084
chr12	32480134	32680134	harbor1	chr12	32547463	32547629	SINE/MIR	445	+	83	32547546	67412
chr12	132509551	132709551	harbor1	chr12	132524892	132525039	SINE/MIR	462	+	74	132524966	15415
chr12	11852236	12052236	harbor1	chr12	11860386	11860530	SINE/MIR	503	+	72	11860458	8222
chr12	11852236	12052236	harbor1	chr12	11868247	11868403	SINE/MIR	535	+	78	11868325	16089
chr12	11852236	12052236	harbor1	chr12	11882401	11882615	SINE/MIR	549	+	107	11882508	30272
chr12	11852236	12052236	harbor1	chr12	11901886	11902125	SINE/MIR	797	+	120	11902006	49770
chr12	11852236	12052236	harbor1	chr12	11904690	11904915	SINE/MIR	536	+	112	11904802	52566
chr12	24591619	24791619	harbor1	chr12	24607848	24608009	SINE/MIR	562	+	80	24607928	16309
chr12	24591619	24791619	harbor1	chr12	24679756	24680021	SINE/MIR	721	+	132	24679888	88269
chr12	31794778	31994778	harbor1	chr12	31838778	31838934	SINE/MIR	545	+	78	31838856	44078
chr12	31794778	31994778	harbor1	chr12	31891127	31891349	SINE/MIR	628	+	111	31891238	96460
chr12	24991760	25191760	harbor1	chr12	25003642	25003840	SINE/MIR	506	+	99	25003741	11981
chr12	24991760	25191760	harbor1	chr12	25003915	25004137	SINE/MIR	638	+	111	25004026	12266
chr12	24991760	25191760	harbor1	chr12	25021988	25022174	SINE/MIR	533	+	93	25022081	30321
chr12	24991760	25191760	harbor1	chr12	25056416	25056624	SINE/MIR	449	+	104	25056520	64760
chr12	24991760	25191760	harbor1	chr12	25074011	25074166	SINE/MIR	491	+	78	25074089	82329
chr12	24991760	25191760	harbor1	chr12	25078028	25078260	SINE/MIR	490	+	116	25078144	86384
chr12	24991760	25191760	harbor1	chr12	25088527	25088660	SINE/MIR	440	+	66	25088593	96833
chr12	24991760	25191760	harbor1	chr12	25088766	25088907	SINE/MIR	557	+	70	25088836	97076
chr12	101339660	101539660	harbor1	chr12	101339974	101340185	SINE/MIR	459	+	106	101340080	420
chr12	101339660	101539660	harbor1	chr12	101360992	101361214	SINE/MIR	630	+	111	101361103	21443
chr12	101339660	101539660	harbor1	chr12	101372256	101372481	SINE/MIR	442	+	112	101372368	32708
chr12	101339660	101539660	harbor1	chr12	101378089	101378346	SINE/MIR	780	+	128	101378217	38557
chr12	101339660	101539660	harbor1	chr12	101394835	101395068	SINE/MIR	492	+	116	101394951	55291
chr12	102651203	102851203	harbor1	chr12	102708944	102709194	SINE/MIR	604	+	125	102709069	57866
chr12	102651203	102851203	harbor1	chr12	102710809	102710953	SINE/MIR	572	+	72	102710881	59678
chr12	102651203	102851203	harbor1	chr12	102714472	102714623	SINE/MIR	646	+	76	102714548	63345
chr12	102651203	102851203	harbor1	chr12	102727851	102728058	SINE/MIR	688	+	104	102727955	76752
chr12	102651203	102851203	harbor1	chr12	102750846	102751045	SINE/MIR	451	+	100	102750946	99743
chr12	13136771	13336771	harbor1	chr12	13147052	13147289	SINE/MIR	753	+	118	13147170	10399
chr12	13136771	13336771	harbor1	chr12	13149649	13149812	SINE/MIR	554	+	82	13149731	12960
chr12	13136771	13336771	harbor1	chr12	13165039	13165171	SINE/MIR	498	+	66	13165105	28334
chr12	13136771	13336771	harbor1	chr12	13166397	13166605	SINE/MIR	455	+	104	13166501	29730
chr12	81370162	81570162	harbor1	chr12	81375372	81375559	SINE/MIR	547	+	94	81375466	5304
chr12	81370162	81570162	harbor1	chr12	81419168	81419414	SINE/MIR	530	+	123	81419291	49129
chr12	81370162	81570162	harbor1	chr12	81455771	81455950	SINE/MIR	629	+	90	81455861	85699
chr12	102425755	102625755	harbor1	chr12	102426158	102426388	SINE/MIR	711	+	115	102426273	518
chr12	102425755	102625755	harbor1	chr12	102453783	102454006	SINE/MIR	892	+	112	102453895	28140
chr12	102425755	102625755	harbor1	chr12	102522695	102522862	SINE/MIR	442	+	84	102522779	97024
chr12	96371388	96571388	harbor1	chr12	96413827	96413992	SINE/MIR	546	+	82	96413909	42521
chr12	96371388	96571388	harbor1	chr12	96422199	96422357	SINE/MIR	499	+	79	96422278	50890
chr12	80764436	80964436	harbor1	chr12	80793081	80793308	SINE/MIR	946	+	114	80793195	28759
chr12	80764436	80964436	harbor1	chr12	80803938	80804082	SINE/MIR	622	+	72	80804010	39574
chr12	80764436	80964436	harbor1	chr12	80805052	80805186	SINE/MIR	622	+	67	80805119	40683
chr12	80764436	80964436	harbor1	chr12	80819609	80819830	SINE/MIR	896	+	110	80819719	55283
chr12	80764436	80964436	harbor1	chr12	80839252	80839445	SINE/MIR	901	+	96	80839348	74912
chr12	80764436	80964436	harbor1	chr12	80850154	80850345	SINE/MIR	570	+	96	80850250	85814
chr12	16175546	16375546	harbor1	chr12	16185495	16185734	SINE/MIR	608	+	120	16185615	10069
chr12	16175546	16375546	harbor1	chr12	16186465	16186716	SINE/MIR	707	+	126	16186591	11045
chr12	16175546	16375546	harbor1	chr12	16197431	16197648	SINE/MIR	619	+	108	16197539	21993
chr12	16175546	16375546	harbor1	chr12	16206143	16206367	SINE/MIR	497	+	112	16206255	30709
chr12	16175546	16375546	harbor1	chr12	16217438	16217693	SINE/MIR	741	+	128	16217566	42020
chr12	79437177	79637177	harbor1	chr12	79510936	79511166	SINE/MIR	774	+	115	79511051	73874
chr12	79437177	79637177	harbor1	chr12	79519524	79519691	SINE/MIR	506	+	84	79519608	82431
chr12	12657799	12857799	harbor1	chr12	12659780	12659989	SINE/MIR	548	+	104	12659884	2085
chr12	12657799	12857799	harbor1	chr12	12670376	12670566	SINE/MIR	581	+	95	12670471	12672
chr12	12657799	12857799	harbor1	chr12	12679769	12679986	SINE/MIR	525	+	108	12679877	22078
chr12	12657799	12857799	harbor1	chr12	12680204	12680371	SINE/MIR	628	+	84	12680288	22489
chr12	12657799	12857799	harbor1	chr12	12683412	12683657	SINE/MIR	1012	+	122	12683534	25735
chr12	12657799	12857799	harbor1	chr12	12715692	12715866	SINE/MIR	498	+	87	12715779	57980
chr12	95785092	95985092	harbor1	chr12	95807423	95807552	SINE/MIR	529	+	64	95807487	22395
chr12	95785092	95985092	harbor1	chr12	95807829	95808000	SINE/MIR	792	+	86	95807915	22823
chr12	95785092	95985092	harbor1	chr12	95808382	95808463	SINE/MIR	792	+	40	95808422	23330
chr12	95785092	95985092	harbor1	chr12	95823178	95823383	SINE/MIR	570	+	102	95823280	38188
chr12	95785092	95985092	harbor1	chr12	95826989	95827162	SINE/MIR	536	+	86	95827075	41983
chr12	95785092	95985092	harbor1	chr12	95855358	95855569	SINE/MIR	461	+	106	95855464	70372
chr12	77027429	77227429	harbor1	chr12	77032518	77032716	SINE/MIR	842	+	99	77032617	5188
chr12	77027429	77227429	harbor1	chr12	77047180	77047329	SINE/MIR	571	+	74	77047254	19825
chr12	77027429	77227429	harbor1	chr12	77060249	77060379	SINE/MIR	440	+	65	77060314	32885
chr12	77027429	77227429	harbor1	chr12	77100919	77101154	SINE/MIR	840	+	118	77101037	73608
chr12	77027429	77227429	harbor1	chr12	77108304	77108536	SINE/MIR	492	+	116	77108420	80991
chr12	11896231	12096231	harbor1	chr12	11901886	11902125	SINE/MIR	797	+	120	11902006	5775
chr12	11896231	12096231	harbor1	chr12	11904690	11904915	SINE/MIR	536	+	112	11904802	8571
chr12	13928905	14128905	harbor1	chr12	13935496	13935738	SINE/MIR	865	+	121	13935617	6712
chr12	13928905	14128905	harbor1	chr12	13950320	13950565	SINE/MIR	662	+	122	13950442	21537
chr12	13928905	14128905	harbor1	chr12	13966015	13966302	SINE/MIR	479	+	144	13966159	37254
chr12	13928905	14128905	harbor1	chr12	13967361	13967572	SINE/MIR	518	+	106	13967467	38562
chr12	32290100	32490100	harbor1	chr12	32357950	32358090	SINE/MIR	529	+	70	32358020	67920
chr12	51474746	51674746	harbor1	chr12	51518101	51518275	SINE/MIR	596	+	87	51518188	43442
chr12	51474746	51674746	harbor1	chr12	51539132	51539162	SINE/MIR	583	+	15	51539147	64401
chr12	51474746	51674746	harbor1	chr12	51539476	51539640	SINE/MIR	583	+	82	51539558	64812
chr12	51474746	51674746	harbor1	chr12	51539635	51539842	SINE/MIR	626	+	104	51539739	64993
chr12	51474746	51674746	harbor1	chr12	51556094	51556292	SINE/MIR	447	+	99	51556193	81447
chr12	25393137	25593137	harbor1	chr12	25462211	25462422	SINE/MIR	555	+	106	25462317	69180
chr12	25393137	25593137	harbor1	chr12	25468678	25468914	SINE/MIR	729	+	118	25468796	75659
chr12	61338506	61538506	harbor1	chr12	61366918	61367162	SINE/MIR	455	+	122	61367040	28534
chr12	61338506	61538506	harbor1	chr12	61381916	61382159	SINE/MIR	822	+	122	61382038	43532
chr12	61338506	61538506	harbor1	chr12	61386139	61386183	SINE/MIR	519	+	22	61386161	47655
chr12	61338506	61538506	harbor1	chr12	61386597	61386750	SINE/MIR	519	+	76	61386673	48167
chr12	61338506	61538506	harbor1	chr12	61422147	61422344	SINE/MIR	578	+	98	61422245	83739
chr12	55517876	55717876	harbor1	chr12	55553722	55553970	SINE/MIR	522	+	124	55553846	35970
chr12	87889665	88089665	harbor1	chr12	87939537	87939758	SINE/MIR	903	+	110	87939647	49982
chr12	108361043	108561043	harbor1	chr12	108362563	108362777	SINE/MIR	658	+	107	108362670	1627
chr12	108361043	108561043	harbor1	chr12	108381400	108381599	SINE/MIR	662	+	100	108381500	20457
chr12	108361043	108561043	harbor1	chr12	108382103	108382216	SINE/MIR	446	+	56	108382159	21116
chr12	108361043	108561043	harbor1	chr12	108383899	108384095	SINE/MIR	546	+	98	108383997	22954
chr12	108361043	108561043	harbor1	chr12	108400559	108400744	SINE/MIR	608	+	92	108400651	39608
chr12	108361043	108561043	harbor1	chr12	108408160	108408262	SINE/MIR	492	+	51	108408211	47168
chr12	108361043	108561043	harbor1	chr12	108411673	108411881	SINE/MIR	935	+	104	108411777	50734
chr12	108361043	108561043	harbor1	chr12	108430227	108430477	SINE/MIR	734	+	125	108430352	69309
chr12	108361043	108561043	harbor1	chr12	108441725	108441942	SINE/MIR	659	+	108	108441833	80790
chr12	108361043	108561043	harbor1	chr12	108452645	108452816	SINE/MIR	490	+	86	108452731	91688
chr12	108361043	108561043	harbor1	chr12	108458188	108458318	SINE/MIR	600	+	65	108458253	97210
chr12	5069188	5269188	harbor1	chr12	5095216	5095396	SINE/MIR	521	+	90	5095306	26118
chr12	5069188	5269188	harbor1	chr12	5098925	5099111	SINE/MIR	478	+	93	5099018	29830
chr12	5069188	5269188	harbor1	chr12	5136782	5136989	SINE/MIR	801	+	104	5136886	67698
chr12	5069188	5269188	harbor1	chr12	5157449	5157630	SINE/MIR	496	+	90	5157539	88351
chr12	5069188	5269188	harbor1	chr12	5166361	5166562	SINE/MIR	500	+	100	5166461	97273
chr12	46058399	46258399	harbor1	chr12	46076774	46076955	SINE/MIR	695	+	90	46076864	18465
chr12	46058399	46258399	harbor1	chr12	46129754	46129913	SINE/MIR	485	+	80	46129834	71435
chr12	46058399	46258399	harbor1	chr12	46152160	46152366	SINE/MIR	871	+	103	46152263	93864
chr12	46058399	46258399	harbor1	chr12	46154370	46154586	SINE/MIR	464	+	108	46154478	96079
chr12	85415745	85615745	harbor1	chr12	85426860	85427083	SINE/MIR	600	+	112	85426972	11227
chr12	85415745	85615745	harbor1	chr12	85462122	85462260	SINE/MIR	494	+	69	85462191	46446
chr12	85415745	85615745	harbor1	chr12	85472904	85473044	SINE/MIR	461	+	70	85472974	57229
chr12	85415745	85615745	harbor1	chr12	85483994	85484181	SINE/MIR	595	+	94	85484088	68343
chr12	60419568	60619568	harbor1	chr12	60449700	60449927	SINE/MIR	718	+	114	60449814	30246
chr12	60419568	60619568	harbor1	chr12	60491020	60491205	SINE/MIR	450	+	92	60491112	71544
chr12	60419568	60619568	harbor1	chr12	60493677	60493800	SINE/MIR	557	+	62	60493739	74171
chr12	124732339	124932339	harbor1	chr12	124737978	124738105	SINE/MIR	626	+	64	124738042	5703
chr12	124732339	124932339	harbor1	chr12	124746375	124746566	SINE/MIR	497	+	96	124746471	14132
chr12	124732339	124932339	harbor1	chr12	124761074	124761288	SINE/MIR	519	+	107	124761181	28842
chr12	124732339	124932339	harbor1	chr12	124761704	124761915	SINE/MIR	456	+	106	124761810	29471
chr12	124732339	124932339	harbor1	chr12	124766028	124766275	SINE/MIR	710	+	124	124766152	33813
chr12	124732339	124932339	harbor1	chr12	124790736	124790805	SINE/MIR	717	+	34	124790770	58431
chr12	124732339	124932339	harbor1	chr12	124791351	124791525	SINE/MIR	717	+	87	124791438	59099
chr12	124732339	124932339	harbor1	chr12	124821573	124821735	SINE/MIR	570	+	81	124821654	89315
chr12	128407263	128607263	harbor1	chr12	128407407	128407418	SINE/MIR	504	+	6	128407413	150
chr12	128407263	128607263	harbor1	chr12	128417486	128417741	SINE/MIR	668	+	128	128417614	10351
chr12	128407263	128607263	harbor1	chr12	128471604	128471852	SINE/MIR	786	+	124	128471728	64465
chr12	128407263	128607263	harbor1	chr12	128479024	128479039	SINE/MIR	543	+	8	128479032	71769
chr12	128407263	128607263	harbor1	chr12	128479709	128479909	SINE/MIR	644	+	100	128479809	72546
chr12	72110170	72310170	harbor1	chr12	72208519	72208709	SINE/MIR	732	+	95	72208614	98444
chr12	81374628	81574628	harbor1	chr12	81375372	81375559	SINE/MIR	547	+	94	81375466	838
chr12	81374628	81574628	harbor1	chr12	81419168	81419414	SINE/MIR	530	+	123	81419291	44663
chr12	81374628	81574628	harbor1	chr12	81455771	81455950	SINE/MIR	629	+	90	81455861	81233
chr12	61965814	62165814	harbor1	chr12	61991061	61991260	SINE/MIR	709	+	100	61991161	25347
chr12	61965814	62165814	harbor1	chr12	61999618	61999748	SINE/MIR	442	+	65	61999683	33869
chr12	61965814	62165814	harbor1	chr12	62053716	62053928	SINE/MIR	695	+	106	62053822	88008
chr12	29920234	30120234	harbor1	chr12	29925724	29925871	SINE/MIR	608	+	74	29925798	5564
chr12	29920234	30120234	harbor1	chr12	29926026	29926091	SINE/MIR	608	+	32	29926058	5824
chr12	29920234	30120234	harbor1	chr12	29953464	29953660	SINE/MIR	722	+	98	29953562	33328
chr12	128863198	129063198	harbor1	chr12	128935981	128936144	SINE/MIR	513	+	82	128936063	72865
chr12	128863198	129063198	harbor1	chr12	128938068	128938304	SINE/MIR	691	+	118	128938186	74988
chr12	25068913	25268913	harbor1	chr12	25074011	25074166	SINE/MIR	491	+	78	25074089	5176
chr12	25068913	25268913	harbor1	chr12	25078028	25078260	SINE/MIR	490	+	116	25078144	9231
chr12	25068913	25268913	harbor1	chr12	25088527	25088660	SINE/MIR	440	+	66	25088593	19680
chr12	25068913	25268913	harbor1	chr12	25088766	25088907	SINE/MIR	557	+	70	25088836	19923
chr12	25068913	25268913	harbor1	chr12	25151119	25151334	SINE/MIR	562	+	108	25151227	82314
chr12	25068913	25268913	harbor1	chr12	25157886	25157948	SINE/MIR	469	+	31	25157917	89004
chr12	25068913	25268913	harbor1	chr12	25158247	25158346	SINE/MIR	469	+	50	25158297	89384
chr12	67448011	67648011	harbor1	chr12	67477178	67477418	SINE/MIR	686	+	120	67477298	29287
chr12	67448011	67648011	harbor1	chr12	67500607	67500723	SINE/MIR	437	+	58	67500665	52654
chr12	67448011	67648011	harbor1	chr12	67524632	67524833	SINE/MIR	573	+	100	67524732	76721
chr12	67448011	67648011	harbor1	chr12	67526208	67526442	SINE/MIR	596	+	117	67526325	78314
chr12	67448011	67648011	harbor1	chr12	67534029	67534226	SINE/MIR	439	+	98	67534127	86116
chr12	67448011	67648011	harbor1	chr12	67542833	67542965	SINE/MIR	565	+	66	67542899	94888
chr12	67448011	67648011	harbor1	chr12	67547659	67547817	SINE/MIR	613	+	79	67547738	99727
chr12	98035455	98235455	harbor1	chr12	98055946	98056157	SINE/MIR	667	+	106	98056052	20597
chr12	98035455	98235455	harbor1	chr12	98076191	98076396	SINE/MIR	459	+	102	98076293	40838
chr12	98035455	98235455	harbor1	chr12	98077284	98077585	SINE/MIR	673	+	150	98077434	41979
chr12	98035455	98235455	harbor1	chr12	98092755	98092899	SINE/MIR	484	+	72	98092827	57372
chr12	98035455	98235455	harbor1	chr12	98108308	98108479	SINE/MIR	683	+	86	98108394	72939
chr12	98035455	98235455	harbor1	chr12	98108772	98108827	SINE/MIR	683	+	28	98108800	73345
chr12	98035455	98235455	harbor1	chr12	98109009	98109260	SINE/MIR	510	+	126	98109135	73680
chr12	98035455	98235455	harbor1	chr12	98120973	98121182	SINE/MIR	595	+	104	98121077	85622
chr12	98035455	98235455	harbor1	chr12	98124357	98124586	SINE/MIR	701	+	114	98124471	89016
chr12	43917586	44117586	harbor1	chr12	43921379	43921571	SINE/MIR	704	+	96	43921475	3889
chr12	43917586	44117586	harbor1	chr12	43960979	43961209	SINE/MIR	743	+	115	43961094	43508
chr12	43917586	44117586	harbor1	chr12	43991525	43991694	SINE/MIR	445	+	84	43991609	74023
chr12	43917586	44117586	harbor1	chr12	43993247	43993375	SINE/MIR	457	+	64	43993311	75725
chr12	90596177	90796177	harbor1	chr12	90678324	90678543	SINE/MIR	884	+	110	90678434	82257
chr12	90596177	90796177	harbor1	chr12	90695694	90695836	SINE/MIR	483	+	71	90695765	99588
chr12	118230630	118430630	harbor1	chr12	118233977	118234139	SINE/MIR	623	+	81	118234058	3428
chr12	118230630	118430630	harbor1	chr12	118287511	118287702	SINE/MIR	490	+	96	118287607	56977
chr12	118230630	118430630	harbor1	chr12	118302349	118302496	SINE/MIR	502	+	74	118302423	71793
chr12	118230630	118430630	harbor1	chr12	118304968	118305191	SINE/MIR	655	+	112	118305080	74450
chr12	56159933	56359933	harbor1	chr12	56175410	56175612	SINE/MIR	556	+	101	56175511	15578
chr12	56159933	56359933	harbor1	chr12	56175621	56175850	SINE/MIR	713	+	114	56175735	15802
chr12	4973955	5173955	harbor1	chr12	4980327	4980572	SINE/MIR	866	+	122	4980449	6494
chr12	4973955	5173955	harbor1	chr12	4995123	4995331	SINE/MIR	546	+	104	4995227	21272
chr12	4973955	5173955	harbor1	chr12	4999042	4999207	SINE/MIR	476	+	82	4999124	25169
chr12	4973955	5173955	harbor1	chr12	5015563	5015799	SINE/MIR	1066	+	118	5015681	41726
chr12	4973955	5173955	harbor1	chr12	5021884	5022125	SINE/MIR	780	+	120	5022004	48049
chr12	4973955	5173955	harbor1	chr12	5023274	5023494	SINE/MIR	665	+	110	5023384	49429
chr12	4973955	5173955	harbor1	chr12	5035198	5035392	SINE/MIR	468	+	97	5035295	61340
chr12	4973955	5173955	harbor1	chr12	5042765	5043013	SINE/MIR	722	+	124	5042889	68934
chr12	4973955	5173955	harbor1	chr12	5064932	5065174	SINE/MIR	478	+	121	5065053	91098
chr12	4973955	5173955	harbor1	chr12	5068779	5068964	SINE/MIR	463	+	92	5068871	94916
chr12	130694580	130894580	harbor1	chr12	130747158	130747326	SINE/MIR	549	+	84	130747242	52662
chr12	130694580	130894580	harbor1	chr12	130749112	130749276	SINE/MIR	508	+	82	130749194	54614
chr12	56771697	56971697	harbor1	chr12	56771758	56771768	SINE/MIR	485	+	5	56771763	66
chr13	103686728	103886728	harbor1	chr13	103711074	103711300	SINE/MIR	555	+	113	103711187	24459
chr13	103686728	103886728	harbor1	chr13	103713303	103713582	SINE/MIR	613	+	140	103713443	26715
chr13	103686728	103886728	harbor1	chr13	103770284	103770442	SINE/MIR	521	+	79	103770363	83635
chr13	47380733	47580733	harbor1	chr13	47395156	47395375	SINE/MIR	493	+	110	47395266	14533
chr13	47380733	47580733	harbor1	chr13	47418703	47418918	SINE/MIR	508	+	108	47418811	38078
chr13	47380733	47580733	harbor1	chr13	47422845	47423041	SINE/MIR	448	+	98	47422943	42210
chr13	47380733	47580733	harbor1	chr13	47445662	47445851	SINE/MIR	571	+	94	47445756	65023
chr13	81517976	81717976	harbor1	chr13	81529115	81529304	SINE/MIR	520	+	94	81529209	11233
chr13	106769575	106969575	harbor1	chr13	106769480	106769674	SINE/MIR	680	+	97	106769577	2
chr13	106769575	106969575	harbor1	chr13	106787297	106787521	SINE/MIR	502	+	112	106787409	17834
chr13	106769575	106969575	harbor1	chr13	106843114	106843335	SINE/MIR	466	+	110	106843224	73649
chr13	106769575	106969575	harbor1	chr13	106848943	106849178	SINE/MIR	629	+	118	106849061	79486
chr13	106769575	106969575	harbor1	chr13	106868039	106868238	SINE/MIR	488	+	100	106868139	98564
chr13	42854879	43054879	harbor1	chr13	42855628	42855846	SINE/MIR	421	+	109	42855737	858
chr13	54452533	54652533	harbor1	chr13	54518912	54519080	SINE/MIR	438	+	84	54518996	66463
chr13	54452533	54652533	harbor1	chr13	54523723	54523958	SINE/MIR	463	+	118	54523841	71308
chr13	54452533	54652533	harbor1	chr13	54460312	54460532	SINE/MIR	712	+	110	54460422	7889
chr13	50456224	50656224	harbor1	chr13	50459760	50460013	SINE/MIR	801	+	126	50459886	3662
chr13	50456224	50656224	harbor1	chr13	50473872	50474120	SINE/MIR	501	+	124	50473996	17772
chr13	50456224	50656224	harbor1	chr13	50475629	50475855	SINE/MIR	425	+	113	50475742	19518
chr13	50456224	50656224	harbor1	chr13	50527592	50527809	SINE/MIR	602	+	108	50527700	71476
chr13	40336910	40536910	harbor1	chr13	40348881	40349081	SINE/MIR	942	+	100	40348981	12071
chr13	40336910	40536910	harbor1	chr13	40350404	40350604	SINE/MIR	627	+	100	40350504	13594
chr13	40336910	40536910	harbor1	chr13	40353950	40354183	SINE/MIR	551	+	116	40354066	17156
chr13	40336910	40536910	harbor1	chr13	40367538	40367761	SINE/MIR	646	+	112	40367650	30740
chr13	40336910	40536910	harbor1	chr13	40369486	40369657	SINE/MIR	441	+	86	40369572	32662
chr13	40336910	40536910	harbor1	chr13	40374476	40374680	SINE/MIR	730	+	102	40374578	37668
chr13	40336910	40536910	harbor1	chr13	40374982	40375033	SINE/MIR	730	+	26	40375008	38098
chr13	40336910	40536910	harbor1	chr13	40378148	40378236	SINE/MIR	784	+	44	40378192	41282
chr13	40336910	40536910	harbor1	chr13	40378649	40378826	SINE/MIR	784	+	88	40378737	41827
chr13	40336910	40536910	harbor1	chr13	40383505	40383702	SINE/MIR	619	+	98	40383603	46693
chr13	40336910	40536910	harbor1	chr13	40384108	40384270	SINE/MIR	663	+	81	40384189	47279
chr13	40336910	40536910	harbor1	chr13	40386991	40387185	SINE/MIR	544	+	97	40387088	50178
chr13	50465187	50665187	harbor1	chr13	50473872	50474120	SINE/MIR	501	+	124	50473996	8809
chr13	50465187	50665187	harbor1	chr13	50475629	50475855	SINE/MIR	425	+	113	50475742	10555
chr13	50465187	50665187	harbor1	chr13	50527592	50527809	SINE/MIR	602	+	108	50527700	62513
chr13	84171787	84371787	harbor1	chr13	84257298	84257533	SINE/MIR	702	+	118	84257416	85629
chr13	77237996	77437996	harbor1	chr13	77308381	77308596	SINE/MIR	765	+	108	77308489	70493
chr13	103694818	103894818	harbor1	chr13	103711074	103711300	SINE/MIR	555	+	113	103711187	16369
chr13	103694818	103894818	harbor1	chr13	103713303	103713582	SINE/MIR	613	+	140	103713443	18625
chr13	103694818	103894818	harbor1	chr13	103770284	103770442	SINE/MIR	521	+	79	103770363	75545
chr13	60240675	60440675	harbor1	chr13	60334789	60334944	SINE/MIR	452	+	78	60334867	94192
chr13	60240675	60440675	harbor1	chr13	60340400	60340572	SINE/MIR	587	+	86	60340486	99811
chr13	60240675	60440675	harbor1	chr13	60340592	60340742	SINE/MIR	689	+	75	60340667	99992
chr13	27585286	27785286	harbor1	chr13	27629209	27629454	SINE/MIR	716	+	122	27629331	44045
chr13	27585286	27785286	harbor1	chr13	27630514	27630735	SINE/MIR	823	+	110	27630624	45338
chr13	27585286	27785286	harbor1	chr13	27639929	27640112	SINE/MIR	533	+	92	27640021	54735
chr13	57670141	57870141	harbor1	chr13	57738719	57738876	SINE/MIR	493	+	78	57738797	68656
chr13	103299930	103499930	harbor1	chr13	103302573	103302766	SINE/MIR	477	+	96	103302669	2739
chr13	103299930	103499930	harbor1	chr13	103333141	103333316	SINE/MIR	466	+	88	103333229	33299
chr13	31887553	32087553	harbor1	chr13	31895670	31895874	SINE/MIR	422	+	102	31895772	8219
chr13	31887553	32087553	harbor1	chr13	31902739	31902972	SINE/MIR	422	+	116	31902855	15302
chr13	31887553	32087553	harbor1	chr13	31905261	31905509	SINE/MIR	564	+	124	31905385	17832
chr13	31887553	32087553	harbor1	chr13	31943623	31943835	SINE/MIR	518	+	106	31943729	56176
chr13	31887553	32087553	harbor1	chr13	31951546	31951714	SINE/MIR	436	+	84	31951630	64077
chr13	31887553	32087553	harbor1	chr13	31969284	31969424	SINE/MIR	418	+	70	31969354	81801
chr13	31887553	32087553	harbor1	chr13	31972742	31972890	SINE/MIR	491	+	74	31972816	85263
chr13	31069298	31269298	harbor1	chr13	31087126	31087257	SINE/MIR	434	+	66	31087192	17894
chr13	31069298	31269298	harbor1	chr13	31087722	31087787	SINE/MIR	434	+	32	31087754	18456
chr13	31069298	31269298	harbor1	chr13	31108305	31108432	SINE/MIR	436	+	64	31108369	39071
chr13	57278223	57478223	harbor1	chr13	57367253	57367478	SINE/MIR	523	+	112	57367365	89142
chr13	88101788	88301788	harbor1	chr13	88154960	88155159	SINE/MIR	504	+	100	88155060	53272
chr13	107368824	107568824	harbor1	chr13	107384857	107385116	SINE/MIR	546	+	130	107384987	16163
chr13	20762374	20962374	harbor1	chr13	20795658	20795881	SINE/MIR	610	+	112	20795770	33396
chr13	20762374	20962374	harbor1	chr13	20799455	20799688	SINE/MIR	530	+	116	20799571	37197
chr13	20762374	20962374	harbor1	chr13	20808007	20808173	SINE/MIR	573	+	83	20808090	45716
chr13	20762374	20962374	harbor1	chr13	20855872	20856098	SINE/MIR	645	+	113	20855985	93611
chr13	50573939	50773939	harbor1	chr13	50591117	50591302	SINE/MIR	589	+	92	50591209	17270
chr13	50573939	50773939	harbor1	chr13	50595285	50595482	SINE/MIR	843	+	98	50595383	21444
chr13	50573939	50773939	harbor1	chr13	50598503	50598754	SINE/MIR	468	+	126	50598629	24690
chr13	50573939	50773939	harbor1	chr13	50610902	50611103	SINE/MIR	630	+	100	50611002	37063
chr13	50573939	50773939	harbor1	chr13	50616149	50616312	SINE/MIR	594	+	82	50616231	42292
chr13	50573939	50773939	harbor1	chr13	50663772	50663933	SINE/MIR	404	+	80	50663852	89913
chr13	66871436	67071436	harbor1	chr13	66900174	66900339	SINE/MIR	609	+	82	66900256	28820
chr13	66871436	67071436	harbor1	chr13	66932155	66932334	SINE/MIR	413	+	90	66932245	60809
chr13	66871436	67071436	harbor1	chr13	66966118	66966331	SINE/MIR	421	+	106	66966224	94788
chr13	26706345	26906345	harbor1	chr13	26711050	26711243	SINE/MIR	552	+	96	26711146	4801
chr13	26706345	26906345	harbor1	chr13	26747254	26747471	SINE/MIR	600	+	108	26747362	41017
chr13	26706345	26906345	harbor1	chr13	26749558	26749686	SINE/MIR	470	+	64	26749622	43277
chr13	26706345	26906345	harbor1	chr13	26756587	26756718	SINE/MIR	437	+	66	26756653	50308
chr13	26706345	26906345	harbor1	chr13	26770151	26770308	SINE/MIR	410	+	78	26770229	63884
chr13	26706345	26906345	harbor1	chr13	26799500	26799648	SINE/MIR	426	+	74	26799574	93229
chr13	61797422	61997422	harbor1	chr13	61842101	61842316	SINE/MIR	569	+	108	61842209	44787
chr14	86839072	87039072	harbor1	chr14	86868537	86868716	SINE/MIR	613	+	90	86868627	29555
chr14	86839072	87039072	harbor1	chr14	86928306	86928478	SINE/MIR	629	+	86	86928392	89320
chr14	45694355	45894355	harbor1	chr14	45737264	45737457	SINE/MIR	611	+	96	45737360	43005
chr14	50497871	50697871	harbor1	chr14	50521401	50521609	SINE/MIR	531	+	104	50521505	23634
chr14	90701718	90901718	harbor1	chr14	90702086	90702266	SINE/MIR	630	+	90	90702176	458
chr14	90701718	90901718	harbor1	chr14	90733728	90733887	SINE/MIR	445	+	80	90733808	32090
chr14	90701718	90901718	harbor1	chr14	90776781	90776949	SINE/MIR	758	+	84	90776865	75147
chr14	90701718	90901718	harbor1	chr14	90795507	90795711	SINE/MIR	619	+	102	90795609	93891
chr14	29655336	29855336	harbor1	chr14	29673840	29674052	SINE/MIR	498	+	106	29673946	18610
chr14	29655336	29855336	harbor1	chr14	29686638	29686846	SINE/MIR	497	+	104	29686742	31406
chr14	88641441	88841441	harbor1	chr14	88701706	88701917	SINE/MIR	502	+	106	88701812	60371
chr14	95785244	95985244	harbor1	chr14	95792136	95792342	SINE/MIR	442	+	103	95792239	6995
chr14	95785244	95985244	harbor1	chr14	95812701	95812908	SINE/MIR	522	+	104	95812805	27561
chr14	95785244	95985244	harbor1	chr14	95826388	95826635	SINE/MIR	419	+	124	95826512	41268
chr14	95785244	95985244	harbor1	chr14	95828152	95828310	SINE/MIR	538	+	79	95828231	42987
chr14	95785244	95985244	harbor1	chr14	95840510	95840748	SINE/MIR	574	+	119	95840629	55385
chr14	95785244	95985244	harbor1	chr14	95841047	95841064	SINE/MIR	574	+	8	95841055	55811
chr14	95785244	95985244	harbor1	chr14	95843673	95843910	SINE/MIR	538	+	118	95843791	58547
chr14	95785244	95985244	harbor1	chr14	95855160	95855350	SINE/MIR	457	+	95	95855255	70011
chr14	95785244	95985244	harbor1	chr14	95873801	95874020	SINE/MIR	592	+	110	95873911	88667
chr14	92550386	92750386	harbor1	chr14	92566996	92567148	SINE/MIR	435	+	76	92567072	16686
chr14	92550386	92750386	harbor1	chr14	92574885	92575074	SINE/MIR	696	+	94	92574979	24593
chr14	92550386	92750386	harbor1	chr14	92576698	92576840	SINE/MIR	459	+	71	92576769	26383
chr14	92550386	92750386	harbor1	chr14	92577793	92577934	SINE/MIR	481	+	70	92577863	27477
chr14	92550386	92750386	harbor1	chr14	92582921	92583077	SINE/MIR	634	+	78	92582999	32613
chr14	92550386	92750386	harbor1	chr14	92589491	92589734	SINE/MIR	530	+	122	92589613	39227
chr14	92550386	92750386	harbor1	chr14	92597458	92597621	SINE/MIR	612	+	82	92597540	47154
chr14	92550386	92750386	harbor1	chr14	92602498	92602634	SINE/MIR	425	+	68	92602566	52180
chr14	92550386	92750386	harbor1	chr14	92635956	92636201	SINE/MIR	735	+	122	92636078	85692
chr14	92550386	92750386	harbor1	chr14	92637883	92638059	SINE/MIR	531	+	88	92637971	87585
chr14	92550386	92750386	harbor1	chr14	92585972	92586188	SINE/MIR	491	+	108	92586080	35694
chr14	28452872	28652872	harbor1	chr14	28472315	28472494	SINE/MIR	421	+	90	28472405	19533
chr14	84416343	84616343	harbor1	chr14	84461868	84462096	SINE/MIR	1068	+	114	84461982	45639
chr14	33335062	33535062	harbor1	chr14	33376664	33376927	SINE/MIR	571	+	132	33376796	41734
chr14	33335062	33535062	harbor1	chr14	33377995	33378219	SINE/MIR	502	+	112	33378107	43045
chr14	33335062	33535062	harbor1	chr14	33399802	33399964	SINE/MIR	539	+	81	33399883	64821
chr14	33335062	33535062	harbor1	chr14	33412619	33412859	SINE/MIR	525	+	120	33412739	77677
chr14	33335062	33535062	harbor1	chr14	33428165	33428396	SINE/MIR	878	+	116	33428281	93219
chr14	102116315	102316315	harbor1	chr14	102155116	102155285	SINE/MIR	650	+	84	102155200	38885
chr14	102116315	102316315	harbor1	chr14	102194066	102194261	SINE/MIR	778	+	98	102194164	77849
chr14	100289417	100489417	harbor1	chr14	100384820	100385049	SINE/MIR	619	+	114	100384934	95517
chr14	100289417	100489417	harbor1	chr14	100387010	100387183	SINE/MIR	551	+	86	100387096	97679
chr14	61226831	61426831	harbor1	chr14	61231081	61231262	SINE/MIR	669	+	90	61231171	4340
chr14	61226831	61426831	harbor1	chr14	61253699	61253895	SINE/MIR	507	+	98	61253797	26966
chr14	61226831	61426831	harbor1	chr14	61271556	61271762	SINE/MIR	793	+	103	61271659	44828
chr14	61226831	61426831	harbor1	chr14	61315338	61315482	SINE/MIR	541	+	72	61315410	88579
chr14	85133911	85333911	harbor1	chr14	85150285	85150499	SINE/MIR	463	+	107	85150392	16481
chr14	85133911	85333911	harbor1	chr14	85155613	85155784	SINE/MIR	486	+	86	85155699	21788
chr14	85133911	85333911	harbor1	chr14	85192145	85192353	SINE/MIR	599	+	104	85192249	58338
chr14	85133911	85333911	harbor1	chr14	85206463	85206708	SINE/MIR	458	+	122	85206585	72674
chr14	28306415	28506415	harbor1	chr14	28322126	28322383	SINE/MIR	721	+	128	28322254	15839
chr14	28306415	28506415	harbor1	chr14	28341474	28341658	SINE/MIR	626	+	92	28341566	35151
chr14	28306415	28506415	harbor1	chr14	28374345	28374566	SINE/MIR	498	+	110	28374455	68040
chr14	104232436	104432436	harbor1	chr14	104302500	104302701	SINE/MIR	812	+	100	104302600	70164
chr14	72010851	72210851	harbor1	chr14	72012706	72012868	SINE/MIR	526	+	81	72012787	1936
chr14	72010851	72210851	harbor1	chr14	72073059	72073216	SINE/MIR	563	+	78	72073137	62286
chr14	56687725	56887725	harbor1	chr14	56693098	56693172	SINE/MIR	606	+	37	56693135	5410
chr14	56687725	56887725	harbor1	chr14	56693494	56693637	SINE/MIR	606	+	72	56693566	5841
chr14	56687725	56887725	harbor1	chr14	56703500	56703758	SINE/MIR	437	+	129	56703629	15904
chr14	56687725	56887725	harbor1	chr14	56710927	56711057	SINE/MIR	436	+	65	56710992	23267
chr14	56687725	56887725	harbor1	chr14	56724063	56724283	SINE/MIR	484	+	110	56724173	36448
chr14	56687725	56887725	harbor1	chr14	56725679	56725733	SINE/MIR	516	+	27	56725706	37981
chr14	56687725	56887725	harbor1	chr14	56726045	56726122	SINE/MIR	516	+	38	56726083	38358
chr14	56687725	56887725	harbor1	chr14	56735597	56735790	SINE/MIR	446	+	96	56735693	47968
chr14	56687725	56887725	harbor1	chr14	56746511	56746709	SINE/MIR	712	+	99	56746610	58885
chr14	56687725	56887725	harbor1	chr14	56750591	56750676	SINE/MIR	487	+	42	56750633	62908
chr14	56687725	56887725	harbor1	chr14	56750984	56751079	SINE/MIR	487	+	48	56751032	63307
chr14	79568808	79768808	harbor1	chr14	79574289	79574497	SINE/MIR	453	+	104	79574393	5585
chr14	79568808	79768808	harbor1	chr14	79583208	79583322	SINE/MIR	501	+	57	79583265	14457
chr14	79568808	79768808	harbor1	chr14	79622382	79622554	SINE/MIR	585	+	86	79622468	53660
chr14	79568808	79768808	harbor1	chr14	79627650	79627835	SINE/MIR	425	+	92	79627742	58934
chr14	79568808	79768808	harbor1	chr14	79637058	79637299	SINE/MIR	828	+	120	79637178	68370
chr14	79998865	80198865	harbor1	chr14	80000737	80000921	SINE/MIR	479	+	92	80000829	1964
chr14	79998865	80198865	harbor1	chr14	80014794	80014839	SINE/MIR	453	+	22	80014816	15951
chr14	79998865	80198865	harbor1	chr14	80015052	80015097	SINE/MIR	453	+	22	80015074	16209
chr14	79998865	80198865	harbor1	chr14	80015587	80015731	SINE/MIR	453	+	72	80015659	16794
chr14	79998865	80198865	harbor1	chr14	80057095	80057286	SINE/MIR	645	+	96	80057191	58326
chr14	79998865	80198865	harbor1	chr14	80097316	80097443	SINE/MIR	436	+	64	80097380	98515
chr14	79998865	80198865	harbor1	chr14	80097743	80097832	SINE/MIR	436	+	44	80097787	98922
chr14	22417777	22617777	harbor1	chr14	22430895	22431126	SINE/MIR	527	+	116	22431011	13234
chr14	22417777	22617777	harbor1	chr14	22465157	22465316	SINE/MIR	593	+	80	22465237	47460
chr14	22417777	22617777	harbor1	chr14	22472161	22472401	SINE/MIR	710	+	120	22472281	54504
chr14	22417777	22617777	harbor1	chr14	22474630	22474798	SINE/MIR	605	+	84	22474714	56937
chr14	22417777	22617777	harbor1	chr14	22503437	22503664	SINE/MIR	617	+	114	22503551	85774
chr14	22417777	22617777	harbor1	chr14	22516958	22517210	SINE/MIR	1080	+	126	22517084	99307
chr14	44383951	44583951	harbor1	chr14	44392609	44392816	SINE/MIR	790	+	104	44392713	8762
chr14	44383951	44583951	harbor1	chr14	44453697	44453947	SINE/MIR	647	+	125	44453822	69871
chr14	44383951	44583951	harbor1	chr14	44480906	44481068	SINE/MIR	519	+	81	44480987	97036
chr14	75086592	75286592	harbor1	chr14	75163619	75163797	SINE/MIR	613	+	89	75163708	77116
chr14	75086592	75286592	harbor1	chr14	75175777	75175944	SINE/MIR	632	+	84	75175861	89269
chr14	39691917	39891917	harbor1	chr14	39718474	39718614	SINE/MIR	538	+	70	39718544	26627
chr14	39691917	39891917	harbor1	chr14	39726442	39726654	SINE/MIR	643	+	106	39726548	34631
chr14	91191240	91391240	harbor1	chr14	91212380	91212515	SINE/MIR	562	+	68	91212448	21208
chr14	91191240	91391240	harbor1	chr14	91220156	91220390	SINE/MIR	510	+	117	91220273	29033
chr14	91191240	91391240	harbor1	chr14	91236293	91236464	SINE/MIR	431	+	86	91236379	45139
chr14	91191240	91391240	harbor1	chr14	91255525	91255758	SINE/MIR	755	+	116	91255641	64401
chr14	91191240	91391240	harbor1	chr14	91258610	91258804	SINE/MIR	475	+	97	91258707	67467
chr14	91191240	91391240	harbor1	chr14	91259169	91259317	SINE/MIR	564	+	74	91259243	68003
chr14	91191240	91391240	harbor1	chr14	91259629	91259730	SINE/MIR	564	+	50	91259679	68439
chr14	91191240	91391240	harbor1	chr14	91260220	91260358	SINE/MIR	505	+	69	91260289	69049
chr14	91191240	91391240	harbor1	chr14	91286781	91287003	SINE/MIR	455	+	111	91286892	95652
chr14	25037602	25237602	harbor1	chr14	25040394	25040571	SINE/MIR	629	+	88	25040482	2880
chr14	25037602	25237602	harbor1	chr14	25051791	25051952	SINE/MIR	443	+	80	25051871	14269
chr14	25037602	25237602	harbor1	chr14	25055934	25056164	SINE/MIR	605	+	115	25056049	18447
chr14	25037602	25237602	harbor1	chr14	25069335	25069524	SINE/MIR	591	+	94	25069429	31827
chr14	25037602	25237602	harbor1	chr14	25072827	25073043	SINE/MIR	772	+	108	25072935	35333
chr14	25037602	25237602	harbor1	chr14	25103013	25103247	SINE/MIR	719	+	117	25103130	65528
chr14	25037602	25237602	harbor1	chr14	25121994	25122222	SINE/MIR	669	+	114	25122108	84506
chr14	25037602	25237602	harbor1	chr14	25125916	25126154	SINE/MIR	443	+	119	25126035	88433
chr14	24256088	24456088	harbor1	chr14	24273737	24274007	SINE/MIR	881	+	135	24273872	17784
chr14	24256088	24456088	harbor1	chr14	24282223	24282450	SINE/MIR	544	+	114	24282337	26249
chr14	24256088	24456088	harbor1	chr14	24291900	24292109	SINE/MIR	562	+	104	24292004	35916
chr14	24256088	24456088	harbor1	chr14	24345903	24346111	SINE/MIR	652	+	104	24346007	89919
chr14	65752844	65952844	harbor1	chr14	65757773	65757987	SINE/MIR	1029	+	107	65757880	5036
chr14	65752844	65952844	harbor1	chr14	65762287	65762402	SINE/MIR	450	+	58	65762345	9501
chr14	65752844	65952844	harbor1	chr14	65766431	65766590	SINE/MIR	667	+	80	65766511	13667
chr14	65752844	65952844	harbor1	chr14	65789715	65789924	SINE/MIR	552	+	104	65789819	36975
chr14	65752844	65952844	harbor1	chr14	65804030	65804156	SINE/MIR	456	+	63	65804093	51249
chr14	65752844	65952844	harbor1	chr14	65817188	65817364	SINE/MIR	514	+	88	65817276	64432
chr14	95003267	95203267	harbor1	chr14	95009125	95009327	SINE/MIR	481	+	101	95009226	5959
chr14	95003267	95203267	harbor1	chr14	95015519	95015744	SINE/MIR	600	+	112	95015631	12364
chr14	95003267	95203267	harbor1	chr14	95017164	95017328	SINE/MIR	493	+	82	95017246	13979
chr14	95003267	95203267	harbor1	chr14	95017689	95017736	SINE/MIR	493	+	24	95017713	14446
chr14	95003267	95203267	harbor1	chr14	95055710	95055932	SINE/MIR	725	+	111	95055821	52554
chr14	95003267	95203267	harbor1	chr14	95056243	95056276	SINE/MIR	725	+	16	95056259	52992
chr14	95003267	95203267	harbor1	chr14	95101897	95102088	SINE/MIR	636	+	96	95101993	98726
chr14	87928004	88128004	harbor1	chr14	87943522	87943695	SINE/MIR	483	+	86	87943608	15604
chr14	87928004	88128004	harbor1	chr14	87945965	87946177	SINE/MIR	419	+	106	87946071	18067
chr14	87928004	88128004	harbor1	chr14	87948388	87948533	SINE/MIR	606	+	72	87948460	20456
chr14	87928004	88128004	harbor1	chr14	87986165	87986348	SINE/MIR	433	+	92	87986257	58253
chr14	87928004	88128004	harbor1	chr14	87998116	87998364	SINE/MIR	640	+	124	87998240	70236
chr14	87928004	88128004	harbor1	chr14	88024014	88024239	SINE/MIR	509	+	112	88024126	96122
chr14	84504713	84704713	harbor1	chr14	84531369	84531587	SINE/MIR	444	+	109	84531478	26765
chr14	44219092	44419092	harbor1	chr14	44274402	44274623	SINE/MIR	454	+	110	44274512	55420
chr14	50870008	51070008	harbor1	chr14	50884454	50884649	SINE/MIR	582	+	98	50884552	14544
chr14	50870008	51070008	harbor1	chr14	50935417	50935603	SINE/MIR	594	+	93	50935510	65502
chr14	50870008	51070008	harbor1	chr14	50964062	50964279	SINE/MIR	746	+	108	50964170	94162
chr14	50870008	51070008	harbor1	chr14	50966167	50966397	SINE/MIR	744	+	115	50966282	96274
chr14	104052165	104252165	harbor1	chr14	104133405	104133548	SINE/MIR	438	+	72	104133477	81312
chr14	67764800	67964800	harbor1	chr14	67782532	67782721	SINE/MIR	503	+	94	67782626	17826
chr14	67764800	67964800	harbor1	chr14	67804799	67804981	SINE/MIR	745	+	91	67804890	40090
chr14	67764800	67964800	harbor1	chr14	67820209	67820407	SINE/MIR	438	+	99	67820308	55508
chr14	67764800	67964800	harbor1	chr14	67822854	67823098	SINE/MIR	681	+	122	67822976	58176
chr14	53528894	53728894	harbor1	chr14	53580882	53581019	SINE/MIR	525	+	68	53580950	52056
chr14	53528894	53728894	harbor1	chr14	53610739	53610968	SINE/MIR	583	+	114	53610853	81959
chr14	53528894	53728894	harbor1	chr14	53623885	53624110	SINE/MIR	564	+	112	53623997	95103
chr14	49916153	50116153	harbor1	chr14	49935053	49935141	SINE/MIR	761	+	44	49935097	18944
chr14	49916153	50116153	harbor1	chr14	49935462	49935543	SINE/MIR	761	+	40	49935502	19349
chr14	49916153	50116153	harbor1	chr14	49935677	49935765	SINE/MIR	761	+	44	49935721	19568
chr14	49916153	50116153	harbor1	chr14	49940465	49940691	SINE/MIR	729	+	113	49940578	24425
chr14	49916153	50116153	harbor1	chr14	49944701	49944861	SINE/MIR	476	+	80	49944781	28628
chr14	49916153	50116153	harbor1	chr14	49945154	49945201	SINE/MIR	476	+	24	49945178	29025
chr14	49916153	50116153	harbor1	chr14	49993208	49993462	SINE/MIR	657	+	127	49993335	77182
chr14	70671528	70871528	harbor1	chr14	70676605	70676719	SINE/MIR	424	+	57	70676662	5134
chr14	70671528	70871528	harbor1	chr14	70697075	70697226	SINE/MIR	524	+	76	70697151	25623
chr14	70671528	70871528	harbor1	chr14	70702159	70702205	SINE/MIR	856	+	23	70702182	30654
chr14	70671528	70871528	harbor1	chr14	70702413	70702615	SINE/MIR	856	+	101	70702514	30986
chr14	70671528	70871528	harbor1	chr14	70708074	70708298	SINE/MIR	875	+	112	70708186	36658
chr14	70671528	70871528	harbor1	chr14	70711093	70711216	SINE/MIR	433	+	62	70711155	39627
chr14	70671528	70871528	harbor1	chr14	70720638	70720815	SINE/MIR	640	+	88	70720726	49198
chr14	70671528	70871528	harbor1	chr14	70723577	70723774	SINE/MIR	533	+	98	70723675	52147
chr14	70671528	70871528	harbor1	chr14	70746527	70746761	SINE/MIR	676	+	117	70746644	75116
chr14	70671528	70871528	harbor1	chr14	70749435	70749593	SINE/MIR	454	+	79	70749514	77986
chr14	70671528	70871528	harbor1	chr14	70750249	70750455	SINE/MIR	632	+	103	70750352	78824
chr14	70671528	70871528	harbor1	chr14	70753019	70753187	SINE/MIR	539	+	84	70753103	81575
chr14	70671528	70871528	harbor1	chr14	70755363	70755592	SINE/MIR	606	+	114	70755477	83949
chr14	88015852	88215852	harbor1	chr14	88024014	88024239	SINE/MIR	509	+	112	88024126	8274
chr14	88015852	88215852	harbor1	chr14	88088572	88088806	SINE/MIR	866	+	117	88088689	72837
chr14	102697475	102897475	harbor1	chr14	102751907	102752044	SINE/MIR	491	+	68	102751975	54500
chr14	102697475	102897475	harbor1	chr14	102783750	102783967	SINE/MIR	431	+	108	102783858	86383
chr14	101402711	101602711	harbor1	chr14	101415231	101415458	SINE/MIR	666	+	114	101415345	12634
chr14	101402711	101602711	harbor1	chr14	101445512	101445658	SINE/MIR	454	+	73	101445585	42874
chr14	101402711	101602711	harbor1	chr14	101474634	101474870	SINE/MIR	437	+	118	101474752	72041
chr14	101402711	101602711	harbor1	chr14	101480207	101480392	SINE/MIR	661	+	92	101480299	77588
chr14	55407632	55607632	harbor1	chr14	55412206	55412388	SINE/MIR	550	+	91	55412297	4665
chr14	55407632	55607632	harbor1	chr14	55417839	55418039	SINE/MIR	541	+	100	55417939	10307
chr14	48189103	48389103	harbor1	chr14	48206481	48206734	SINE/MIR	745	+	126	48206607	17504
chr14	48189103	48389103	harbor1	chr14	48218466	48218637	SINE/MIR	615	+	86	48218552	29449
chr14	48189103	48389103	harbor1	chr14	48234369	48234558	SINE/MIR	661	+	94	48234463	45360
chr14	20030960	20230960	harbor1	chr14	20056120	20056362	SINE/MIR	616	+	121	20056241	25281
chr14	101566414	101766414	harbor1	chr14	101625070	101625261	SINE/MIR	624	+	96	101625166	58752
chr14	58823702	59023702	harbor1	chr14	58828716	58828936	SINE/MIR	440	+	110	58828826	5124
chr14	58823702	59023702	harbor1	chr14	58829957	58830153	SINE/MIR	421	+	98	58830055	6353
chr14	58823702	59023702	harbor1	chr14	58835252	58835369	SINE/MIR	433	+	58	58835310	11608
chr14	58823702	59023702	harbor1	chr14	58835522	58835699	SINE/MIR	632	+	88	58835610	11908
chr14	58823702	59023702	harbor1	chr14	58844005	58844178	SINE/MIR	595	+	86	58844091	20389
chr14	58823702	59023702	harbor1	chr14	58845281	58845415	SINE/MIR	670	+	67	58845348	21646
chr14	58823702	59023702	harbor1	chr14	58845921	58846037	SINE/MIR	670	+	58	58845979	22277
chr14	58823702	59023702	harbor1	chr14	58851406	58851652	SINE/MIR	738	+	123	58851529	27827
chr14	58823702	59023702	harbor1	chr14	58874109	58874293	SINE/MIR	556	+	92	58874201	50499
chr14	58823702	59023702	harbor1	chr14	58879401	58879571	SINE/MIR	894	+	85	58879486	55784
chr14	58823702	59023702	harbor1	chr14	58892301	58892441	SINE/MIR	474	+	70	58892371	68669
chr14	58823702	59023702	harbor1	chr14	58892563	58892705	SINE/MIR	509	+	71	58892634	68932
chr14	58823702	59023702	harbor1	chr14	58893345	58893426	SINE/MIR	509	+	40	58893385	69683
chr14	88339182	88539182	harbor1	chr14	88387663	88387816	SINE/MIR	469	+	76	88387739	48557
chr14	88339182	88539182	harbor1	chr14	88389976	88390197	SINE/MIR	854	+	110	88390086	50904
chr14	88339182	88539182	harbor1	chr14	88392317	88392525	SINE/MIR	499	+	104	88392421	53239
chr14	88339182	88539182	harbor1	chr14	88425065	88425261	SINE/MIR	538	+	98	88425163	85981
chr14	88339182	88539182	harbor1	chr14	88428463	88428623	SINE/MIR	505	+	80	88428543	89361
chr14	88339182	88539182	harbor1	chr14	88430647	88430865	SINE/MIR	624	+	109	88430756	91574
chr14	67363483	67563483	harbor1	chr14	67363511	67363652	SINE/MIR	588	+	70	67363581	98
chr14	67363483	67563483	harbor1	chr14	67417139	67417347	SINE/MIR	694	+	104	67417243	53760
chr14	67363483	67563483	harbor1	chr14	67438424	67438578	SINE/MIR	588	+	77	67438501	75018
chr14	67363483	67563483	harbor1	chr14	67439135	67439286	SINE/MIR	503	+	76	67439211	75728
chr14	67363483	67563483	harbor1	chr14	67452624	67452817	SINE/MIR	633	+	96	67452720	89237
chr14	67363483	67563483	harbor1	chr14	67453852	67453964	SINE/MIR	451	+	56	67453908	90425
chr14	67363483	67563483	harbor1	chr14	67454027	67454265	SINE/MIR	789	+	119	67454146	90663
chr14	103412962	103612962	harbor1	chr14	103429218	103429437	SINE/MIR	728	+	110	103429328	16366
chr14	103412962	103612962	harbor1	chr14	103445105	103445353	SINE/MIR	582	+	124	103445229	32267
chr14	81914270	82114270	harbor1	chr14	81956550	81956632	SINE/MIR	560	+	41	81956591	42321
chr14	81914270	82114270	harbor1	chr14	81956865	81956976	SINE/MIR	560	+	56	81956921	42651
chr14	23071503	23271503	harbor1	chr14	23072827	23072964	SINE/MIR	473	+	68	23072895	1392
chr14	23071503	23271503	harbor1	chr14	23121973	23122149	SINE/MIR	452	+	88	23122061	50558
chr14	23071503	23271503	harbor1	chr14	23138418	23138572	SINE/MIR	442	+	77	23138495	66992
chr14	23071503	23271503	harbor1	chr14	23164350	23164573	SINE/MIR	511	+	112	23164462	92959
chr14	103499765	103699765	harbor1	chr14	103527109	103527250	SINE/MIR	469	+	70	103527179	27414
chr14	40223085	40423085	harbor1	chr14	40265655	40265861	SINE/MIR	502	+	103	40265758	42673
chr14	40223085	40423085	harbor1	chr14	40285829	40286072	SINE/MIR	615	+	122	40285951	62866
chr14	93944237	94144237	harbor1	chr14	93946962	93947133	SINE/MIR	685	+	86	93947048	2811
chr14	93944237	94144237	harbor1	chr14	93949280	93949517	SINE/MIR	671	+	118	93949398	5161
chr14	93944237	94144237	harbor1	chr14	93949980	93950138	SINE/MIR	477	+	79	93950059	5822
chr14	93944237	94144237	harbor1	chr14	93950418	93950577	SINE/MIR	675	+	80	93950498	6261
chr14	93944237	94144237	harbor1	chr14	93950589	93950734	SINE/MIR	564	+	72	93950661	6424
chr14	93944237	94144237	harbor1	chr14	93952125	93952264	SINE/MIR	497	+	70	93952195	7958
chr14	93944237	94144237	harbor1	chr14	93952575	93952808	SINE/MIR	642	+	116	93952691	8454
chr14	93944237	94144237	harbor1	chr14	93957466	93957689	SINE/MIR	486	+	112	93957578	13341
chr14	93944237	94144237	harbor1	chr14	93963989	93964189	SINE/MIR	446	+	100	93964089	19852
chr14	93944237	94144237	harbor1	chr14	93967805	93968019	SINE/MIR	516	+	107	93967912	23675
chr14	93944237	94144237	harbor1	chr14	93970704	93970950	SINE/MIR	585	+	123	93970827	26590
chr14	93944237	94144237	harbor1	chr14	93984301	93984525	SINE/MIR	451	+	112	93984413	40176
chr14	93944237	94144237	harbor1	chr14	93994330	93994500	SINE/MIR	487	+	85	93994415	50178
chr14	93944237	94144237	harbor1	chr14	94001537	94001699	SINE/MIR	510	+	81	94001618	57381
chr14	93944237	94144237	harbor1	chr14	94008325	94008516	SINE/MIR	550	+	96	94008421	64184
chr14	93944237	94144237	harbor1	chr14	94025208	94025450	SINE/MIR	735	+	121	94025329	81092
chr14	93944237	94144237	harbor1	chr14	94040414	94040590	SINE/MIR	501	+	88	94040502	96265
chr14	57559874	57759874	harbor1	chr14	57571560	57571779	SINE/MIR	629	+	110	57571670	11796
chr14	57559874	57759874	harbor1	chr14	57588806	57589030	SINE/MIR	567	+	112	57588918	29044
chr14	57559874	57759874	harbor1	chr14	57613714	57613910	SINE/MIR	729	+	98	57613812	53938
chr14	57559874	57759874	harbor1	chr14	57657904	57658055	SINE/MIR	468	+	76	57657980	98106
chr14	89554168	89754168	harbor1	chr14	89637097	89637308	SINE/MIR	475	+	106	89637203	83035
chr14	56114935	56314935	harbor1	chr14	56151515	56151749	SINE/MIR	681	+	117	56151632	36697
chr14	56114935	56314935	harbor1	chr14	56152203	56152414	SINE/MIR	653	+	106	56152309	37374
chr14	56114935	56314935	harbor1	chr14	56170485	56170637	SINE/MIR	460	+	76	56170561	55626
chr14	56114935	56314935	harbor1	chr14	56192599	56192819	SINE/MIR	641	+	110	56192709	77774
chr14	78351073	78551073	harbor1	chr14	78360458	78360700	SINE/MIR	948	+	121	78360579	9506
chr14	78351073	78551073	harbor1	chr14	78365960	78366208	SINE/MIR	851	+	124	78366084	15011
chr14	78351073	78551073	harbor1	chr14	78384409	78384492	SINE/MIR	418	+	42	78384451	33378
chr14	78351073	78551073	harbor1	chr14	78392478	78392709	SINE/MIR	456	+	116	78392594	41521
chr14	78351073	78551073	harbor1	chr14	78402634	78402860	SINE/MIR	420	+	113	78402747	51674
chr14	78351073	78551073	harbor1	chr14	78410957	78411075	SINE/MIR	459	+	59	78411016	59943
chr14	78351073	78551073	harbor1	chr14	78411381	78411544	SINE/MIR	500	+	82	78411463	60390
chr14	78351073	78551073	harbor1	chr14	78411955	78412098	SINE/MIR	480	+	72	78412027	60954
chr14	78351073	78551073	harbor1	chr14	78415067	78415275	SINE/MIR	430	+	104	78415171	64098
chr14	78351073	78551073	harbor1	chr14	78427963	78428189	SINE/MIR	459	+	113	78428076	77003
chr14	78351073	78551073	harbor1	chr14	78436929	78437177	SINE/MIR	840	+	124	78437053	85980
chr14	78351073	78551073	harbor1	chr14	78443601	78443802	SINE/MIR	498	+	100	78443701	92628
chr14	19244827	19444827	harbor1	chr14	19259625	19259770	SINE/MIR	482	+	72	19259697	14870
chr14	19244827	19444827	harbor1	chr14	19284466	19284651	SINE/MIR	451	+	92	19284558	39731
chr14	100255432	100455432	harbor1	chr14	100276152	100276317	SINE/MIR	592	+	82	100276234	20802
chr14	54854988	55054988	harbor1	chr14	54867291	54867305	SINE/MIR	513	+	7	54867298	12310
chr14	54854988	55054988	harbor1	chr14	54867615	54867792	SINE/MIR	609	+	88	54867703	12715
chr14	54854988	55054988	harbor1	chr14	54893616	54893797	SINE/MIR	643	+	90	54893706	38718
chr14	54854988	55054988	harbor1	chr14	54919533	54919654	SINE/MIR	478	+	60	54919593	64605
chr14	54854988	55054988	harbor1	chr14	54921919	54922000	SINE/MIR	418	+	40	54921959	66971
chr14	54355858	54555858	harbor1	chr14	54376488	54376643	SINE/MIR	480	+	78	54376566	20708
chr14	54355858	54555858	harbor1	chr14	54376937	54376982	SINE/MIR	480	+	22	54376959	21101
chr14	54355858	54555858	harbor1	chr14	54388489	54388710	SINE/MIR	455	+	110	54388599	32741
chr14	54355858	54555858	harbor1	chr14	54434423	54434632	SINE/MIR	686	+	104	54434527	78669
chr14	54355858	54555858	harbor1	chr14	54450737	54450916	SINE/MIR	495	+	90	54450827	94969
chr14	89628980	89828980	harbor1	chr14	89637097	89637308	SINE/MIR	475	+	106	89637203	8223
chr14	98109503	98309503	harbor1	chr14	98119975	98120189	SINE/MIR	691	+	107	98120082	10579
chr14	98109503	98309503	harbor1	chr14	98166159	98166352	SINE/MIR	469	+	96	98166255	56752
chr14	43958480	44158480	harbor1	chr14	43994220	43994461	SINE/MIR	463	+	120	43994340	35860
chr14	43958480	44158480	harbor1	chr14	44010808	44010955	SINE/MIR	477	+	74	44010882	52402
chr14	65049969	65249969	harbor1	chr14	65139932	65140133	SINE/MIR	642	+	100	65140032	90063
chr14	65049969	65249969	harbor1	chr14	65140546	65140596	SINE/MIR	642	+	25	65140571	90602
chr14	53274795	53474795	harbor1	chr14	53295540	53295768	SINE/MIR	574	+	114	53295654	20859
chr14	53274795	53474795	harbor1	chr14	53329162	53329400	SINE/MIR	697	+	119	53329281	54486
chr14	53274795	53474795	harbor1	chr14	53348763	53348982	SINE/MIR	752	+	110	53348873	74078
chr14	53274795	53474795	harbor1	chr14	53361274	53361501	SINE/MIR	662	+	114	53361388	86593
chr14	53274795	53474795	harbor1	chr14	53374151	53374325	SINE/MIR	565	+	87	53374238	99443
chr14	68352781	68552781	harbor1	chr14	68396081	68396283	SINE/MIR	423	+	101	68396182	43401
chr14	68352781	68552781	harbor1	chr14	68396938	68397101	SINE/MIR	559	+	82	68397020	44239
chr14	68352781	68552781	harbor1	chr14	68405004	68405237	SINE/MIR	576	+	116	68405120	52339
chr14	49010037	49210037	harbor1	chr14	49042102	49042329	SINE/MIR	661	+	114	49042216	32179
chr14	49010037	49210037	harbor1	chr14	49053136	49053362	SINE/MIR	941	+	113	49053249	43212
chr14	49010037	49210037	harbor1	chr14	49057403	49057629	SINE/MIR	491	+	113	49057516	47479
chr14	54172065	54372065	harbor1	chr14	54243944	54244066	SINE/MIR	524	+	61	54244005	71940
chr14	54172065	54372065	harbor1	chr14	54262888	54263031	SINE/MIR	445	+	72	54262960	90895
chr14	54172065	54372065	harbor1	chr14	54263057	54263262	SINE/MIR	829	+	102	54263159	91094
chr14	54172065	54372065	harbor1	chr14	54271659	54271801	SINE/MIR	547	+	71	54271730	99665
chr14	99760514	99960514	harbor1	chr14	99770594	99770739	SINE/MIR	454	+	72	99770666	10152
chr14	99760514	99960514	harbor1	chr14	99807236	99807388	SINE/MIR	474	+	76	99807312	46798
chr14	36891476	37091476	harbor1	chr14	36957343	36957552	SINE/MIR	554	+	104	36957447	65971
chr14	36709619	36909619	harbor1	chr14	36711051	36711265	SINE/MIR	569	+	107	36711158	1539
chr14	36709619	36909619	harbor1	chr14	36727228	36727368	SINE/MIR	493	+	70	36727298	17679
chr14	36709619	36909619	harbor1	chr14	36762624	36762849	SINE/MIR	673	+	112	36762736	53117
chr14	36709619	36909619	harbor1	chr14	36766710	36766917	SINE/MIR	573	+	104	36766814	57195
chr14	36709619	36909619	harbor1	chr14	36768596	36768809	SINE/MIR	505	+	106	36768702	59083
chr14	36709619	36909619	harbor1	chr14	36786062	36786274	SINE/MIR	643	+	106	36786168	76549
chr14	36709619	36909619	harbor1	chr14	36799648	36799844	SINE/MIR	522	+	98	36799746	90127
chr14	36709619	36909619	harbor1	chr14	36804377	36804562	SINE/MIR	458	+	92	36804469	94850
chr14	58340777	58540777	harbor1	chr14	58355177	58355298	SINE/MIR	442	+	60	58355237	14460
chr14	58340777	58540777	harbor1	chr14	58355591	58355667	SINE/MIR	442	+	38	58355629	14852
chr14	75465146	75665146	harbor1	chr14	75489864	75490091	SINE/MIR	768	+	114	75489978	24832
chr14	75465146	75665146	harbor1	chr14	75494019	75494154	SINE/MIR	619	+	68	75494087	28941
chr14	75465146	75665146	harbor1	chr14	75518568	75518792	SINE/MIR	635	+	112	75518680	53534
chr14	75465146	75665146	harbor1	chr14	75524532	75524675	SINE/MIR	449	+	72	75524604	59458
chr14	75465146	75665146	harbor1	chr14	75527012	75527193	SINE/MIR	439	+	90	75527102	61956
chr14	75465146	75665146	harbor1	chr14	75540566	75540802	SINE/MIR	936	+	118	75540684	75538
chr14	50801765	51001765	harbor1	chr14	50843725	50843939	SINE/MIR	452	+	107	50843832	42067
chr14	50801765	51001765	harbor1	chr14	50854221	50854454	SINE/MIR	657	+	116	50854337	52572
chr14	50801765	51001765	harbor1	chr14	50857193	50857420	SINE/MIR	431	+	114	50857307	55542
chr14	50801765	51001765	harbor1	chr14	50884454	50884649	SINE/MIR	582	+	98	50884552	82787
chr14	74177464	74377464	harbor1	chr14	74220717	74220936	SINE/MIR	858	+	110	74220827	43363
chr14	74177464	74377464	harbor1	chr14	74229055	74229250	SINE/MIR	707	+	98	74229153	51689
chr14	74177464	74377464	harbor1	chr14	74234876	74235067	SINE/MIR	444	+	96	74234972	57508
chr14	102438758	102638758	harbor1	chr14	102532477	102532640	SINE/MIR	494	+	82	102532559	93801
chr14	102438758	102638758	harbor1	chr14	102536239	102536417	SINE/MIR	603	+	89	102536328	97570
chr14	102438758	102638758	harbor1	chr14	102537765	102537877	SINE/MIR	488	+	56	102537821	99063
chr14	47016503	47216503	harbor1	chr14	47047432	47047660	SINE/MIR	476	+	114	47047546	31043
chr14	47016503	47216503	harbor1	chr14	47099646	47099875	SINE/MIR	587	+	114	47099760	83257
chr14	82254737	82454737	harbor1	chr14	82308025	82308281	SINE/MIR	473	+	128	82308153	53416
chr14	82254737	82454737	harbor1	chr14	82343302	82343537	SINE/MIR	637	+	118	82343420	88683
chr14	85055988	85255988	harbor1	chr14	85150285	85150499	SINE/MIR	463	+	107	85150392	94404
chr14	85055988	85255988	harbor1	chr14	85155613	85155784	SINE/MIR	486	+	86	85155699	99711
chr14	54877183	55077183	harbor1	chr14	54893616	54893797	SINE/MIR	643	+	90	54893706	16523
chr14	54877183	55077183	harbor1	chr14	54919533	54919654	SINE/MIR	478	+	60	54919593	42410
chr14	54877183	55077183	harbor1	chr14	54921919	54922000	SINE/MIR	418	+	40	54921959	44776
chr14	43326571	43526571	harbor1	chr14	43349027	43349251	SINE/MIR	543	+	112	43349139	22568
chr14	78148357	78348357	harbor1	chr14	78207979	78208198	SINE/MIR	934	+	110	78208089	59732
chr14	78148357	78348357	harbor1	chr14	78208600	78208834	SINE/MIR	656	+	117	78208717	60360
chr14	78148357	78348357	harbor1	chr14	78210894	78211131	SINE/MIR	1024	+	118	78211012	62655
chr14	78148357	78348357	harbor1	chr14	78214879	78215090	SINE/MIR	534	+	106	78214985	66628
chr14	78148357	78348357	harbor1	chr14	78219477	78219686	SINE/MIR	554	+	104	78219581	71224
chr14	78148357	78348357	harbor1	chr14	78231641	78231833	SINE/MIR	713	+	96	78231737	83380
chr14	87110988	87310988	harbor1	chr14	87188288	87188454	SINE/MIR	646	+	83	87188371	77383
chr14	88552685	88752685	harbor1	chr14	88568668	88568858	SINE/MIR	430	+	95	88568763	16078
chr14	88552685	88752685	harbor1	chr14	88591864	88592020	SINE/MIR	455	+	78	88591942	39257
chr14	88552685	88752685	harbor1	chr14	88555486	88555641	SINE/MIR	537	+	78	88555564	2879
chr14	91172117	91372117	harbor1	chr14	91212380	91212515	SINE/MIR	562	+	68	91212448	40331
chr14	91172117	91372117	harbor1	chr14	91220156	91220390	SINE/MIR	510	+	117	91220273	48156
chr14	91172117	91372117	harbor1	chr14	91236293	91236464	SINE/MIR	431	+	86	91236379	64262
chr14	91172117	91372117	harbor1	chr14	91255525	91255758	SINE/MIR	755	+	116	91255641	83524
chr14	91172117	91372117	harbor1	chr14	91258610	91258804	SINE/MIR	475	+	97	91258707	86590
chr14	91172117	91372117	harbor1	chr14	91259169	91259317	SINE/MIR	564	+	74	91259243	87126
chr14	91172117	91372117	harbor1	chr14	91259629	91259730	SINE/MIR	564	+	50	91259679	87562
chr14	91172117	91372117	harbor1	chr14	91260220	91260358	SINE/MIR	505	+	69	91260289	88172
chr14	35461700	35661700	harbor1	chr14	35479505	35479664	SINE/MIR	695	+	80	35479585	17885
chr14	35461700	35661700	harbor1	chr14	35543067	35543310	SINE/MIR	534	+	122	35543189	81489
chr14	66887854	67087854	harbor1	chr14	66933526	66933745	SINE/MIR	537	+	110	66933636	45782
chr14	66887854	67087854	harbor1	chr14	66974798	66975037	SINE/MIR	703	+	120	66974918	87064
chr14	63234170	63434170	harbor1	chr14	63277100	63277320	SINE/MIR	419	+	110	63277210	43040
chr14	63234170	63434170	harbor1	chr14	63287227	63287405	SINE/MIR	584	+	89	63287316	53146
chr14	63234170	63434170	harbor1	chr14	63308419	63308661	SINE/MIR	540	+	121	63308540	74370
chr14	63234170	63434170	harbor1	chr14	63314210	63314419	SINE/MIR	594	+	104	63314314	80144
chr14	63234170	63434170	harbor1	chr14	63321718	63321808	SINE/MIR	465	+	45	63321763	87593
chr14	63234170	63434170	harbor1	chr14	63321894	63322093	SINE/MIR	543	+	100	63321994	87824
chr14	63234170	63434170	harbor1	chr14	63330343	63330483	SINE/MIR	458	+	70	63330413	96243
chr14	103682572	103882572	harbor1	chr14	103697464	103697600	SINE/MIR	515	+	68	103697532	14960
chr14	23540240	23740240	harbor1	chr14	23540592	23540782	SINE/MIR	652	+	95	23540687	447
chr14	23540240	23740240	harbor1	chr14	23570674	23570787	SINE/MIR	504	+	56	23570730	30490
chr14	23540240	23740240	harbor1	chr14	23583045	23583294	SINE/MIR	577	+	124	23583169	42929
chr14	23540240	23740240	harbor1	chr14	23612026	23612263	SINE/MIR	1104	+	118	23612144	71904
chr14	23540240	23740240	harbor1	chr14	23613060	23613280	SINE/MIR	901	+	110	23613170	72930
chr14	94629501	94829501	harbor1	chr14	94673077	94673241	SINE/MIR	422	+	82	94673159	43658
chr14	94629501	94829501	harbor1	chr14	94686002	94686114	SINE/MIR	426	+	56	94686058	56557
chr14	94629501	94829501	harbor1	chr14	94693922	94694052	SINE/MIR	515	+	65	94693987	64486
chr14	94629501	94829501	harbor1	chr14	94702242	94702301	SINE/MIR	706	+	30	94702272	72771
chr14	94629501	94829501	harbor1	chr14	94702605	94702723	SINE/MIR	706	+	59	94702664	73163
chr14	94629501	94829501	harbor1	chr14	94704995	94705218	SINE/MIR	793	+	112	94705107	75606
chr14	94629501	94829501	harbor1	chr14	94707236	94707401	SINE/MIR	439	+	82	94707318	77817
chr14	24234656	24434656	harbor1	chr14	24273737	24274007	SINE/MIR	881	+	135	24273872	39216
chr14	24234656	24434656	harbor1	chr14	24282223	24282450	SINE/MIR	544	+	114	24282337	47681
chr14	24234656	24434656	harbor1	chr14	24291900	24292109	SINE/MIR	562	+	104	24292004	57348
chr14	27003425	27203425	harbor1	chr14	27036399	27036585	SINE/MIR	622	+	93	27036492	33067
chr14	27003425	27203425	harbor1	chr14	27087248	27087463	SINE/MIR	595	+	108	27087356	83931
chr15	42947320	43147320	harbor1	chr15	42980354	42980572	SINE/MIR	683	+	109	42980463	33143
chr15	42947320	43147320	harbor1	chr15	42990765	42990895	SINE/MIR	542	+	65	42990830	43510
chr15	42947320	43147320	harbor1	chr15	43000545	43000746	SINE/MIR	550	+	100	43000645	53325
chr15	42947320	43147320	harbor1	chr15	43006129	43006350	SINE/MIR	1025	+	110	43006239	58919
chr15	39807874	40007874	harbor1	chr15	39814822	39815088	SINE/MIR	773	+	133	39814955	7081
chr15	39807874	40007874	harbor1	chr15	39875561	39875778	SINE/MIR	454	+	108	39875669	67795
chr15	33641088	33841088	harbor1	chr15	33650400	33650602	SINE/MIR	631	+	101	33650501	9413
chr15	33641088	33841088	harbor1	chr15	33675508	33675744	SINE/MIR	705	+	118	33675626	34538
chr15	33641088	33841088	harbor1	chr15	33680008	33680186	SINE/MIR	487	+	89	33680097	39009
chr15	33641088	33841088	harbor1	chr15	33712750	33712947	SINE/MIR	614	+	98	33712848	71760
chr15	101782193	101982193	harbor1	chr15	101874010	101874141	SINE/MIR	437	+	66	101874076	91883
chr15	93697932	93897932	harbor1	chr15	93701827	93702040	SINE/MIR	501	+	106	93701933	4001
chr15	93697932	93897932	harbor1	chr15	93708080	93708327	SINE/MIR	432	+	124	93708204	10272
chr15	93697932	93897932	harbor1	chr15	93764774	93765003	SINE/MIR	535	+	114	93764888	66956
chr15	67267631	67467631	harbor1	chr15	67292986	67293162	SINE/MIR	629	+	88	67293074	25443
chr15	67267631	67467631	harbor1	chr15	67296711	67296948	SINE/MIR	508	+	118	67296829	29198
chr15	67267631	67467631	harbor1	chr15	67309019	67309224	SINE/MIR	517	+	102	67309121	41490
chr15	67267631	67467631	harbor1	chr15	67319322	67319473	SINE/MIR	458	+	76	67319398	51767
chr15	67267631	67467631	harbor1	chr15	67337134	67337320	SINE/MIR	636	+	93	67337227	69596
chr15	67267631	67467631	harbor1	chr15	67360498	67360640	SINE/MIR	534	+	71	67360569	92938
chr15	61023704	61223704	harbor1	chr15	61027794	61027959	SINE/MIR	487	+	82	61027876	4172
chr15	61023704	61223704	harbor1	chr15	61037027	61037254	SINE/MIR	678	+	114	61037141	13437
chr15	61023704	61223704	harbor1	chr15	61079814	61080026	SINE/MIR	542	+	106	61079920	56216
chr15	61023704	61223704	harbor1	chr15	61109679	61109833	SINE/MIR	582	+	77	61109756	86052
chr15	91169839	91369839	harbor1	chr15	91171140	91171355	SINE/MIR	526	+	108	91171248	1409
chr15	91169839	91369839	harbor1	chr15	91172666	91172877	SINE/MIR	664	+	106	91172772	2933
chr15	91169839	91369839	harbor1	chr15	91186374	91186545	SINE/MIR	578	+	86	91186460	16621
chr15	91169839	91369839	harbor1	chr15	91195607	91195834	SINE/MIR	440	+	114	91195721	25882
chr15	91169839	91369839	harbor1	chr15	91202470	91202605	SINE/MIR	459	+	68	91202538	32699
chr15	91169839	91369839	harbor1	chr15	91213317	91213528	SINE/MIR	622	+	106	91213423	43584
chr15	91169839	91369839	harbor1	chr15	91222205	91222392	SINE/MIR	471	+	94	91222299	52460
chr15	91169839	91369839	harbor1	chr15	91229218	91229392	SINE/MIR	455	+	87	91229305	59466
chr15	91169839	91369839	harbor1	chr15	91229499	91229731	SINE/MIR	1020	+	116	91229615	59776
chr15	91169839	91369839	harbor1	chr15	91240159	91240384	SINE/MIR	657	+	112	91240271	70432
chr15	91169839	91369839	harbor1	chr15	91244145	91244291	SINE/MIR	424	+	73	91244218	74379
chr15	91169839	91369839	harbor1	chr15	91262080	91262328	SINE/MIR	540	+	124	91262204	92365
chr15	52886198	53086198	harbor1	chr15	52918415	52918653	SINE/MIR	786	+	119	52918534	32336
chr15	52886198	53086198	harbor1	chr15	52925734	52925881	SINE/MIR	488	+	74	52925808	39610
chr15	52886198	53086198	harbor1	chr15	52956080	52956318	SINE/MIR	771	+	119	52956199	70001
chr15	52886198	53086198	harbor1	chr15	52978043	52978241	SINE/MIR	537	+	99	52978142	91944
chr15	25837206	26037206	harbor1	chr15	25857777	25857962	SINE/MIR	698	+	92	25857869	20663
chr15	25837206	26037206	harbor1	chr15	25861331	25861482	SINE/MIR	445	+	76	25861407	24201
chr15	32828153	33028153	harbor1	chr15	32885429	32885652	SINE/MIR	438	+	112	32885541	57388
chr15	67665317	67865317	harbor1	chr15	67677265	67677445	SINE/MIR	817	+	90	67677355	12038
chr15	67665317	67865317	harbor1	chr15	67701862	67702129	SINE/MIR	796	+	134	67701996	36679
chr15	67665317	67865317	harbor1	chr15	67702162	67702320	SINE/MIR	533	+	79	67702241	36924
chr15	67665317	67865317	harbor1	chr15	67702971	67703141	SINE/MIR	534	+	85	67703056	37739
chr15	67665317	67865317	harbor1	chr15	67704874	67705058	SINE/MIR	612	+	92	67704966	39649
chr15	67665317	67865317	harbor1	chr15	67711318	67711465	SINE/MIR	447	+	74	67711392	46075
chr15	67665317	67865317	harbor1	chr15	67730819	67731048	SINE/MIR	532	+	114	67730933	65616
chr15	67665317	67865317	harbor1	chr15	67747039	67747276	SINE/MIR	434	+	118	67747157	81840
chr15	38841766	39041766	harbor1	chr15	38873914	38874141	SINE/MIR	425	+	114	38874028	32262
chr15	38841766	39041766	harbor1	chr15	38903228	38903419	SINE/MIR	497	+	96	38903324	61558
chr15	22437894	22637894	harbor1	chr15	22461051	22461188	SINE/MIR	466	+	68	22461119	23225
chr15	22437894	22637894	harbor1	chr15	22463035	22463252	SINE/MIR	528	+	108	22463143	25249
chr15	62262512	62462512	harbor1	chr15	62278200	62278387	SINE/MIR	431	+	94	62278294	15782
chr15	62262512	62462512	harbor1	chr15	62299876	62300127	SINE/MIR	661	+	126	62300002	37490
chr15	62262512	62462512	harbor1	chr15	62347789	62347993	SINE/MIR	670	+	102	62347891	85379
chr15	62262512	62462512	harbor1	chr15	62352800	62352893	SINE/MIR	476	+	46	62352846	90334
chr15	62262512	62462512	harbor1	chr15	62352925	62353027	SINE/MIR	476	+	51	62352976	90464
chr15	49688648	49888648	harbor1	chr15	49688641	49688759	SINE/MIR	433	+	59	49688700	52
chr15	49688648	49888648	harbor1	chr15	49724358	49724597	SINE/MIR	493	+	120	49724478	35830
chr15	49688648	49888648	harbor1	chr15	49769785	49770022	SINE/MIR	461	+	118	49769903	81255
chr15	49688648	49888648	harbor1	chr15	49772513	49772715	SINE/MIR	557	+	101	49772614	83966
chr15	49688648	49888648	harbor1	chr15	49773983	49774113	SINE/MIR	524	+	65	49774048	85400
chr15	73871405	74071405	harbor1	chr15	73876923	73877169	SINE/MIR	834	+	123	73877046	5641
chr15	73871405	74071405	harbor1	chr15	73882561	73882788	SINE/MIR	547	+	114	73882675	11270
chr15	73871405	74071405	harbor1	chr15	73897230	73897392	SINE/MIR	489	+	81	73897311	25906
chr15	73871405	74071405	harbor1	chr15	73908912	73909089	SINE/MIR	608	+	88	73909000	37595
chr15	73871405	74071405	harbor1	chr15	73909380	73909437	SINE/MIR	608	+	28	73909408	38003
chr15	64039475	64239475	harbor1	chr15	64039364	64039546	SINE/MIR	528	+	91	64039455	20
chr15	64039475	64239475	harbor1	chr15	64040597	64040629	SINE/MIR	489	+	16	64040613	1138
chr15	64039475	64239475	harbor1	chr15	64040921	64041102	SINE/MIR	489	+	90	64041011	1536
chr15	64039475	64239475	harbor1	chr15	64049903	64050160	SINE/MIR	694	+	128	64050031	10556
chr15	64039475	64239475	harbor1	chr15	64082814	64082919	SINE/MIR	442	+	52	64082866	43391
chr15	64039475	64239475	harbor1	chr15	64088347	64088578	SINE/MIR	802	+	116	64088463	48988
chr15	64039475	64239475	harbor1	chr15	64099138	64099350	SINE/MIR	579	+	106	64099244	59769
chr15	61209020	61409020	harbor1	chr15	61276820	61277062	SINE/MIR	422	+	121	61276941	67921
chr15	61209020	61409020	harbor1	chr15	61277177	61277400	SINE/MIR	550	+	112	61277289	68269
chr15	30369470	30569470	harbor1	chr15	30420965	30421116	SINE/MIR	518	+	76	30421041	51571
chr15	30369470	30569470	harbor1	chr15	30435712	30435826	SINE/MIR	441	+	57	30435769	66299
chr15	30369470	30569470	harbor1	chr15	30436058	30436165	SINE/MIR	441	+	54	30436112	66642
chr15	30369470	30569470	harbor1	chr15	30454720	30454917	SINE/MIR	584	+	98	30454818	85348
chr15	46632857	46832857	harbor1	chr15	46672730	46672889	SINE/MIR	455	+	80	46672810	39953
chr15	46632857	46832857	harbor1	chr15	46691840	46692057	SINE/MIR	480	+	108	46691948	59091
chr15	58042215	58242215	harbor1	chr15	58046501	58046699	SINE/MIR	474	+	99	58046600	4385
chr15	58042215	58242215	harbor1	chr15	58049302	58049445	SINE/MIR	460	+	72	58049374	7159
chr15	58042215	58242215	harbor1	chr15	58082093	58082328	SINE/MIR	623	+	118	58082211	39996
chr15	58042215	58242215	harbor1	chr15	58085124	58085374	SINE/MIR	650	+	125	58085249	43034
chr15	58042215	58242215	harbor1	chr15	58106064	58106264	SINE/MIR	674	+	100	58106164	63949
chr15	70010239	70210239	harbor1	chr15	70011038	70011257	SINE/MIR	692	+	110	70011148	909
chr15	70010239	70210239	harbor1	chr15	70012107	70012332	SINE/MIR	775	+	112	70012219	1980
chr15	70010239	70210239	harbor1	chr15	70016704	70016948	SINE/MIR	448	+	122	70016826	6587
chr15	70010239	70210239	harbor1	chr15	70031606	70031706	SINE/MIR	455	+	50	70031656	21417
chr15	70010239	70210239	harbor1	chr15	70042950	70043120	SINE/MIR	464	+	85	70043035	32796
chr15	70010239	70210239	harbor1	chr15	70066807	70066982	SINE/MIR	625	+	88	70066895	56656
chr15	70010239	70210239	harbor1	chr15	70081101	70081232	SINE/MIR	571	+	66	70081167	70928
chr15	70010239	70210239	harbor1	chr15	70091005	70091174	SINE/MIR	429	+	84	70091089	80850
chr15	70010239	70210239	harbor1	chr15	70102698	70102894	SINE/MIR	739	+	98	70102796	92557
chr15	70010239	70210239	harbor1	chr15	70109541	70109689	SINE/MIR	660	+	74	70109615	99376
chr15	78488864	78688864	harbor1	chr15	78542834	78543047	SINE/MIR	476	+	106	78542940	54076
chr15	78488864	78688864	harbor1	chr15	78566873	78566970	SINE/MIR	533	+	48	78566921	78057
chr15	78488864	78688864	harbor1	chr15	78567282	78567384	SINE/MIR	533	+	51	78567333	78469
chr15	67627180	67827180	harbor1	chr15	67630509	67630747	SINE/MIR	729	+	119	67630628	3448
chr15	67627180	67827180	harbor1	chr15	67677265	67677445	SINE/MIR	817	+	90	67677355	50175
chr15	67627180	67827180	harbor1	chr15	67701862	67702129	SINE/MIR	796	+	134	67701996	74816
chr15	67627180	67827180	harbor1	chr15	67702162	67702320	SINE/MIR	533	+	79	67702241	75061
chr15	67627180	67827180	harbor1	chr15	67702971	67703141	SINE/MIR	534	+	85	67703056	75876
chr15	67627180	67827180	harbor1	chr15	67704874	67705058	SINE/MIR	612	+	92	67704966	77786
chr15	67627180	67827180	harbor1	chr15	67711318	67711465	SINE/MIR	447	+	74	67711392	84212
chr15	84300251	84500251	harbor1	chr15	84374294	84374507	SINE/MIR	840	+	106	84374400	74149
chr15	96836054	97036054	harbor1	chr15	96859820	96860042	SINE/MIR	581	+	111	96859931	23877
chr15	96836054	97036054	harbor1	chr15	96886836	96887062	SINE/MIR	537	+	113	96886949	50895
chr15	45379160	45579160	harbor1	chr15	45391938	45392145	SINE/MIR	978	+	104	45392042	12882
chr15	45379160	45579160	harbor1	chr15	45393277	45393505	SINE/MIR	1013	+	114	45393391	14231
chr15	45379160	45579160	harbor1	chr15	45473386	45473626	SINE/MIR	739	+	120	45473506	94346
chr15	45379160	45579160	harbor1	chr15	45449150	45449346	SINE/MIR	494	+	98	45449248	70088
chr15	32860486	33060486	harbor1	chr15	32885429	32885652	SINE/MIR	438	+	112	32885541	25055
chr15	32860486	33060486	harbor1	chr15	32955029	32955221	SINE/MIR	495	+	96	32955125	94639
chr15	40462636	40662636	harbor1	chr15	40469921	40470035	SINE/MIR	421	+	57	40469978	7342
chr15	40462636	40662636	harbor1	chr15	40510468	40510615	SINE/MIR	616	+	74	40510542	47906
chr15	62260779	62460779	harbor1	chr15	62278200	62278387	SINE/MIR	431	+	94	62278294	17515
chr15	62260779	62460779	harbor1	chr15	62299876	62300127	SINE/MIR	661	+	126	62300002	39223
chr15	62260779	62460779	harbor1	chr15	62347789	62347993	SINE/MIR	670	+	102	62347891	87112
chr15	62260779	62460779	harbor1	chr15	62352800	62352893	SINE/MIR	476	+	46	62352846	92067
chr15	62260779	62460779	harbor1	chr15	62352925	62353027	SINE/MIR	476	+	51	62352976	92197
chr15	95403544	95603544	harbor1	chr15	95414104	95414261	SINE/MIR	460	+	78	95414182	10638
chr15	95403544	95603544	harbor1	chr15	95445819	95445875	SINE/MIR	485	+	28	95445847	42303
chr15	95403544	95603544	harbor1	chr15	95446192	95446344	SINE/MIR	485	+	76	95446268	42724
chr15	95403544	95603544	harbor1	chr15	95446327	95446557	SINE/MIR	707	+	115	95446442	42898
chr15	95403544	95603544	harbor1	chr15	95448776	95448916	SINE/MIR	451	+	70	95448846	45302
chr15	95403544	95603544	harbor1	chr15	95466492	95466748	SINE/MIR	686	+	128	95466620	63076
chr15	86265597	86465597	harbor1	chr15	86267878	86268099	SINE/MIR	516	+	110	86267988	2391
chr15	86265597	86465597	harbor1	chr15	86275864	86276058	SINE/MIR	709	+	97	86275961	10364
chr15	86265597	86465597	harbor1	chr15	86276281	86276473	SINE/MIR	493	+	96	86276377	10780
chr15	86265597	86465597	harbor1	chr15	86278973	86279107	SINE/MIR	510	+	67	86279040	13443
chr15	86265597	86465597	harbor1	chr15	86283864	86284092	SINE/MIR	660	+	114	86283978	18381
chr15	86265597	86465597	harbor1	chr15	86303062	86303285	SINE/MIR	667	+	112	86303174	37577
chr15	86265597	86465597	harbor1	chr15	86314862	86315054	SINE/MIR	530	+	96	86314958	49361
chr15	86265597	86465597	harbor1	chr15	86315257	86315434	SINE/MIR	442	+	88	86315345	49748
chr15	86265597	86465597	harbor1	chr15	86315736	86315795	SINE/MIR	442	+	30	86315766	50169
chr15	86265597	86465597	harbor1	chr15	86344528	86344762	SINE/MIR	586	+	117	86344645	79048
chr15	47804796	48004796	harbor1	chr15	47860747	47860947	SINE/MIR	647	+	100	47860847	56051
chr15	47804796	48004796	harbor1	chr15	47872479	47872680	SINE/MIR	520	+	100	47872579	67783
chr15	47804796	48004796	harbor1	chr15	47873799	47874005	SINE/MIR	429	+	103	47873902	69106
chr15	47804796	48004796	harbor1	chr15	47889257	47889412	SINE/MIR	429	+	78	47889335	84539
chr15	47804796	48004796	harbor1	chr15	47895105	47895333	SINE/MIR	508	+	114	47895219	90423
chr15	47804796	48004796	harbor1	chr15	47808325	47808526	SINE/MIR	775	+	100	47808425	3629
chr15	96595426	96795426	harbor1	chr15	96616041	96616231	SINE/MIR	436	+	95	96616136	20710
chr15	86911759	87111759	harbor1	chr15	86940272	86940407	SINE/MIR	453	+	68	86940340	28581
chr15	86911759	87111759	harbor1	chr15	86972961	86973206	SINE/MIR	466	+	122	86973083	61324
chr15	36286259	36486259	harbor1	chr15	36291517	36291733	SINE/MIR	533	+	108	36291625	5366
chr15	36286259	36486259	harbor1	chr15	36374531	36374714	SINE/MIR	457	+	92	36374623	88364
chr15	68399907	68599907	harbor1	chr15	68408813	68409053	SINE/MIR	683	+	120	68408933	9026
chr15	68399907	68599907	harbor1	chr15	68413528	68413671	SINE/MIR	540	+	72	68413600	13693
chr15	68399907	68599907	harbor1	chr15	68414453	68414612	SINE/MIR	509	+	80	68414533	14626
chr15	68399907	68599907	harbor1	chr15	68443055	68443255	SINE/MIR	850	+	100	68443155	43248
chr15	68399907	68599907	harbor1	chr15	68447177	68447276	SINE/MIR	632	+	50	68447227	47320
chr15	68399907	68599907	harbor1	chr15	68447784	68447918	SINE/MIR	632	+	67	68447851	47944
chr15	26646883	26846883	harbor1	chr15	26708749	26708925	SINE/MIR	460	+	88	26708837	61954
chr15	26646883	26846883	harbor1	chr15	26714123	26714268	SINE/MIR	458	+	72	26714195	67312
chr15	26646883	26846883	harbor1	chr15	26730705	26730932	SINE/MIR	462	+	114	26730819	83936
chr15	55067203	55267203	harbor1	chr15	55102971	55103204	SINE/MIR	599	+	116	55103087	35884
chr15	55067203	55267203	harbor1	chr15	55121621	55121776	SINE/MIR	683	+	78	55121699	54496
chr15	55067203	55267203	harbor1	chr15	55122088	55122166	SINE/MIR	683	+	39	55122127	54924
chr15	55067203	55267203	harbor1	chr15	55157760	55157904	SINE/MIR	458	+	72	55157832	90629
chr15	55067203	55267203	harbor1	chr15	55163353	55163604	SINE/MIR	546	+	126	55163479	96276
chr15	93593913	93793913	harbor1	chr15	93648977	93649111	SINE/MIR	435	+	67	93649044	55131
chr15	93593913	93793913	harbor1	chr15	93675100	93675342	SINE/MIR	666	+	121	93675221	81308
chr15	93593913	93793913	harbor1	chr15	93691770	93691980	SINE/MIR	483	+	105	93691875	97962
chr15	51964115	52164115	harbor1	chr15	52048926	52049155	SINE/MIR	440	+	114	52049040	84925
chr15	79910115	80110115	harbor1	chr15	79988872	79989091	SINE/MIR	469	+	110	79988982	78867
chr15	32325787	32525787	harbor1	chr15	32347737	32347854	SINE/MIR	442	+	58	32347795	22008
chr15	32325787	32525787	harbor1	chr15	32348730	32348934	SINE/MIR	529	+	102	32348832	23045
chr15	32325787	32525787	harbor1	chr15	32349425	32349560	SINE/MIR	426	+	68	32349493	23706
chr15	32325787	32525787	harbor1	chr15	32349721	32349858	SINE/MIR	556	+	68	32349789	24002
chr15	32325787	32525787	harbor1	chr15	32353648	32353881	SINE/MIR	752	+	116	32353764	27977
chr15	32325787	32525787	harbor1	chr15	32383692	32383885	SINE/MIR	766	+	96	32383788	58001
chr15	30790215	30990215	harbor1	chr15	30796770	30796935	SINE/MIR	449	+	82	30796852	6637
chr15	31697797	31897797	harbor1	chr15	31785742	31785881	SINE/MIR	515	+	70	31785812	88015
chr15	31697797	31897797	harbor1	chr15	31786275	31786312	SINE/MIR	515	+	18	31786293	88496
chr15	71034183	71234183	harbor1	chr15	71051189	71051319	SINE/MIR	479	+	65	71051254	17071
chr15	71034183	71234183	harbor1	chr15	71130488	71130752	SINE/MIR	705	+	132	71130620	96437
chr15	100135993	100335993	harbor1	chr15	100151884	100152114	SINE/MIR	446	+	115	100151999	16006
chr15	100135993	100335993	harbor1	chr15	100185100	100185297	SINE/MIR	746	+	98	100185198	49205
chr15	100135993	100335993	harbor1	chr15	100216017	100216239	SINE/MIR	487	+	111	100216128	80135
chr15	58597968	58797968	harbor1	chr15	58637738	58637923	SINE/MIR	561	+	92	58637830	39862
chr15	58597968	58797968	harbor1	chr15	58676253	58676409	SINE/MIR	491	+	78	58676331	78363
chr15	66634386	66834386	harbor1	chr15	66635936	66636130	SINE/MIR	694	+	97	66636033	1647
chr15	66634386	66834386	harbor1	chr15	66637385	66637647	SINE/MIR	620	+	131	66637516	3130
chr15	66634386	66834386	harbor1	chr15	66639186	66639445	SINE/MIR	998	+	130	66639316	4930
chr15	66634386	66834386	harbor1	chr15	66642348	66642557	SINE/MIR	818	+	104	66642452	8066
chr15	66634386	66834386	harbor1	chr15	66645053	66645246	SINE/MIR	559	+	96	66645149	10763
chr15	66634386	66834386	harbor1	chr15	66652101	66652248	SINE/MIR	426	+	74	66652175	17789
chr15	66634386	66834386	harbor1	chr15	66658700	66658806	SINE/MIR	453	+	53	66658753	24367
chr15	66634386	66834386	harbor1	chr15	66668969	66669192	SINE/MIR	910	+	112	66669081	34695
chr15	66634386	66834386	harbor1	chr15	66670700	66670903	SINE/MIR	672	+	102	66670802	36416
chr15	66634386	66834386	harbor1	chr15	66673836	66674034	SINE/MIR	689	+	99	66673935	39549
chr15	66634386	66834386	harbor1	chr15	66679101	66679294	SINE/MIR	517	+	96	66679197	44811
chr15	66634386	66834386	harbor1	chr15	66686179	66686342	SINE/MIR	443	+	82	66686261	51875
chr15	66634386	66834386	harbor1	chr15	66697775	66697946	SINE/MIR	568	+	86	66697861	63475
chr15	66634386	66834386	harbor1	chr15	66708996	66709126	SINE/MIR	427	+	65	66709061	74675
chr15	66634386	66834386	harbor1	chr15	66721483	66721709	SINE/MIR	733	+	113	66721596	87210
chr15	66634386	66834386	harbor1	chr15	66699211	66699328	SINE/MIR	427	+	58	66699269	64883
chr15	70377454	70577454	harbor1	chr15	70381086	70381261	SINE/MIR	430	+	88	70381174	3720
chr15	70377454	70577454	harbor1	chr15	70384535	70384625	SINE/MIR	455	+	45	70384580	7126
chr15	70377454	70577454	harbor1	chr15	70413647	70413871	SINE/MIR	487	+	112	70413759	36305
chr15	70377454	70577454	harbor1	chr15	70418119	70418312	SINE/MIR	546	+	96	70418215	40761
chr15	70377454	70577454	harbor1	chr15	70423374	70423541	SINE/MIR	548	+	84	70423458	46004
chr15	70377454	70577454	harbor1	chr15	70444363	70444517	SINE/MIR	571	+	77	70444440	66986
chr15	70377454	70577454	harbor1	chr15	70446821	70446989	SINE/MIR	478	+	84	70446905	69451
chr15	70377454	70577454	harbor1	chr15	70451872	70452091	SINE/MIR	436	+	110	70451982	74528
chr15	70377454	70577454	harbor1	chr15	70464104	70464330	SINE/MIR	438	+	113	70464217	86763
chr15	70377454	70577454	harbor1	chr15	70470927	70471156	SINE/MIR	599	+	114	70471041	93587
chr15	50193765	50393765	harbor1	chr15	50208345	50208560	SINE/MIR	498	+	108	50208453	14688
chr15	50193765	50393765	harbor1	chr15	50223948	50224090	SINE/MIR	423	+	71	50224019	30254
chr15	50193765	50393765	harbor1	chr15	50233444	50233694	SINE/MIR	931	+	125	50233569	39804
chr15	50193765	50393765	harbor1	chr15	50255993	50256167	SINE/MIR	630	+	87	50256080	62315
chr15	50193765	50393765	harbor1	chr15	50262216	50262430	SINE/MIR	644	+	107	50262323	68558
chr15	23390412	23590412	harbor1	chr15	23419991	23420124	SINE/MIR	478	+	66	23420057	29645
chr15	23390412	23590412	harbor1	chr15	23420186	23420297	SINE/MIR	495	+	56	23420242	29830
chr15	23390412	23590412	harbor1	chr15	23437931	23438081	SINE/MIR	492	+	75	23438006	47594
chr15	23390412	23590412	harbor1	chr15	23452971	23453201	SINE/MIR	670	+	115	23453086	62674
chr15	51780928	51980928	harbor1	chr15	51813620	51813862	SINE/MIR	1000	+	121	51813741	32813
chr15	51780928	51980928	harbor1	chr15	51814657	51814779	SINE/MIR	515	+	61	51814718	33790
chr15	51780928	51980928	harbor1	chr15	51816966	51817165	SINE/MIR	460	+	100	51817066	36138
chr15	51780928	51980928	harbor1	chr15	51827899	51828145	SINE/MIR	613	+	123	51828022	47094
chr15	51780928	51980928	harbor1	chr15	51840979	51841186	SINE/MIR	632	+	104	51841083	60155
chr15	41628899	41828899	harbor1	chr15	41648216	41648430	SINE/MIR	608	+	107	41648323	19424
chr15	41628899	41828899	harbor1	chr15	41726167	41726409	SINE/MIR	571	+	121	41726288	97389
chr15	25595729	25795729	harbor1	chr15	25669080	25669300	SINE/MIR	469	+	110	25669190	73461
chr15	88382779	88582779	harbor1	chr15	88382831	88383052	SINE/MIR	491	+	110	88382941	162
chr15	88382779	88582779	harbor1	chr15	88387561	88387684	SINE/MIR	503	+	62	88387623	4844
chr15	88382779	88582779	harbor1	chr15	88388874	88389068	SINE/MIR	672	+	97	88388971	6192
chr15	88382779	88582779	harbor1	chr15	88389529	88389563	SINE/MIR	672	+	17	88389546	6767
chr15	79950500	80150500	harbor1	chr15	79988872	79989091	SINE/MIR	469	+	110	79988982	38482
chr15	79950500	80150500	harbor1	chr15	80010495	80010717	SINE/MIR	890	+	111	80010606	60106
chr15	79950500	80150500	harbor1	chr15	80028664	80028864	SINE/MIR	433	+	100	80028764	78264
chr15	71486046	71686046	harbor1	chr15	71531506	71531720	SINE/MIR	529	+	107	71531613	45567
chr15	71486046	71686046	harbor1	chr15	71570704	71570855	SINE/MIR	427	+	76	71570780	84734
chr15	34133561	34333561	harbor1	chr15	34154302	34154555	SINE/MIR	459	+	126	34154428	20867
chr15	34133561	34333561	harbor1	chr15	34197263	34197375	SINE/MIR	433	+	56	34197319	63758
chr15	34133561	34333561	harbor1	chr15	34210627	34210811	SINE/MIR	874	+	92	34210719	77158
chr15	98781995	98981995	harbor1	chr15	98841273	98841469	SINE/MIR	799	+	98	98841371	59376
chr15	98781995	98981995	harbor1	chr15	98868575	98868819	SINE/MIR	536	+	122	98868697	86702
chr15	84616295	84816295	harbor1	chr15	84653768	84653991	SINE/MIR	476	+	112	84653880	37585
chr15	84616295	84816295	harbor1	chr15	84657733	84657900	SINE/MIR	441	+	84	84657817	41522
chr15	84616295	84816295	harbor1	chr15	84679697	84679870	SINE/MIR	535	+	86	84679783	63488
chr15	61231030	61431030	harbor1	chr15	61276820	61277062	SINE/MIR	422	+	121	61276941	45911
chr15	61231030	61431030	harbor1	chr15	61277177	61277400	SINE/MIR	550	+	112	61277289	46259
chr15	61231030	61431030	harbor1	chr15	61314009	61314269	SINE/MIR	612	+	130	61314139	83109
chr15	53213587	53413587	harbor1	chr15	53217804	53217995	SINE/MIR	426	+	96	53217900	4313
chr15	53213587	53413587	harbor1	chr15	53249458	53249675	SINE/MIR	556	+	108	53249566	35979
chr15	53213587	53413587	harbor1	chr15	53251224	53251408	SINE/MIR	464	+	92	53251316	37729
chr15	53213587	53413587	harbor1	chr15	53255282	53255526	SINE/MIR	705	+	122	53255404	41817
chr15	53213587	53413587	harbor1	chr15	53256429	53256621	SINE/MIR	449	+	96	53256525	42938
chr15	53213587	53413587	harbor1	chr15	53259143	53259379	SINE/MIR	430	+	118	53259261	45674
chr15	53213587	53413587	harbor1	chr15	53263682	53263855	SINE/MIR	515	+	86	53263768	50181
chr15	53213587	53413587	harbor1	chr15	53284295	53284537	SINE/MIR	996	+	121	53284416	70829
chr15	53213587	53413587	harbor1	chr15	53290442	53290617	SINE/MIR	508	+	88	53290530	76943
chr15	53213587	53413587	harbor1	chr15	53291401	53291551	SINE/MIR	436	+	75	53291476	77889
chr15	53213587	53413587	harbor1	chr15	53303499	53303600	SINE/MIR	423	+	50	53303549	89962
chr15	61327399	61527399	harbor1	chr15	61372323	61372472	SINE/MIR	481	+	74	61372397	44998
chr15	61327399	61527399	harbor1	chr15	61376515	61376734	SINE/MIR	501	+	110	61376625	49226
chr15	61327399	61527399	harbor1	chr15	61382815	61383050	SINE/MIR	560	+	118	61382933	55534
chr15	61327399	61527399	harbor1	chr15	61399629	61399833	SINE/MIR	555	+	102	61399731	72332
chr15	61327399	61527399	harbor1	chr15	61426756	61426938	SINE/MIR	534	+	91	61426847	99448
chr15	29156941	29356941	harbor1	chr15	29175127	29175365	SINE/MIR	748	+	119	29175246	18305
chr15	53760444	53960444	harbor1	chr15	53786640	53786868	SINE/MIR	741	+	114	53786754	26310
chr15	53760444	53960444	harbor1	chr15	53826824	53827021	SINE/MIR	683	+	98	53826922	66478
chr15	83247805	83447805	harbor1	chr15	83265689	83265854	SINE/MIR	460	+	82	83265771	17966
chr15	83247805	83447805	harbor1	chr15	83313633	83313831	SINE/MIR	623	+	99	83313732	65927
chr15	40191474	40391474	harbor1	chr15	40217869	40218055	SINE/MIR	429	+	93	40217962	26488
chr15	40191474	40391474	harbor1	chr15	40228331	40228482	SINE/MIR	430	+	76	40228407	36933
chr15	40191474	40391474	harbor1	chr15	40243317	40243537	SINE/MIR	718	+	110	40243427	51953
chr15	40191474	40391474	harbor1	chr15	40248884	40248952	SINE/MIR	755	+	34	40248918	57444
chr15	40191474	40391474	harbor1	chr15	40249345	40249537	SINE/MIR	755	+	96	40249441	57967
chr15	40191474	40391474	harbor1	chr15	40254663	40254875	SINE/MIR	529	+	106	40254769	63295
chr15	40191474	40391474	harbor1	chr15	40258340	40258544	SINE/MIR	772	+	102	40258442	66968
chr15	40191474	40391474	harbor1	chr15	40289367	40289612	SINE/MIR	613	+	122	40289489	98015
chr15	73429778	73629778	harbor1	chr15	73442020	73442105	SINE/MIR	560	+	42	73442062	12284
chr15	73429778	73629778	harbor1	chr15	73442412	73442540	SINE/MIR	560	+	64	73442476	12698
chr15	58747345	58947345	harbor1	chr15	58752724	58752811	SINE/MIR	483	+	44	58752768	5423
chr15	58747345	58947345	harbor1	chr15	58753124	58753211	SINE/MIR	483	+	44	58753168	5823
chr15	58747345	58947345	harbor1	chr15	58754579	58754803	SINE/MIR	669	+	112	58754691	7346
chr15	52711320	52911320	harbor1	chr15	52713626	52713850	SINE/MIR	652	+	112	52713738	2418
chr15	52711320	52911320	harbor1	chr15	52808121	52808337	SINE/MIR	725	+	108	52808229	96909
chr15	91220496	91420496	harbor1	chr15	91222205	91222392	SINE/MIR	471	+	94	91222299	1803
chr15	91220496	91420496	harbor1	chr15	91229218	91229392	SINE/MIR	455	+	87	91229305	8809
chr15	91220496	91420496	harbor1	chr15	91229499	91229731	SINE/MIR	1020	+	116	91229615	9119
chr15	91220496	91420496	harbor1	chr15	91240159	91240384	SINE/MIR	657	+	112	91240271	19775
chr15	91220496	91420496	harbor1	chr15	91244145	91244291	SINE/MIR	424	+	73	91244218	23722
chr15	91220496	91420496	harbor1	chr15	91262080	91262328	SINE/MIR	540	+	124	91262204	41708
chr15	91220496	91420496	harbor1	chr15	91284636	91284839	SINE/MIR	551	+	102	91284738	64242
chr15	91220496	91420496	harbor1	chr15	91316529	91316744	SINE/MIR	805	+	108	91316637	96141
chr15	55409019	55609019	harbor1	chr15	55467323	55467481	SINE/MIR	466	+	79	55467402	58383
chr15	55409019	55609019	harbor1	chr15	55496396	55496606	SINE/MIR	458	+	105	55496501	87482
chr15	20781726	20981726	harbor1	chr15	20797634	20797841	SINE/MIR	500	+	104	20797738	16012
chr15	20781726	20981726	harbor1	chr15	20861666	20861913	SINE/MIR	585	+	124	20861790	80064
chr16	79247025	79447025	harbor1	chr16	79268304	79268486	SINE/MIR	567	+	91	79268395	21370
chr16	79247025	79447025	harbor1	chr16	79297486	79297672	SINE/MIR	587	+	93	79297579	50554
chr16	79247025	79447025	harbor1	chr16	79306804	79306961	SINE/MIR	702	+	78	79306882	59857
chr16	79247025	79447025	harbor1	chr16	79313074	79313213	SINE/MIR	463	+	70	79313144	66119
chr16	79247025	79447025	harbor1	chr16	79320583	79320776	SINE/MIR	550	+	96	79320679	73654
chr16	79247025	79447025	harbor1	chr16	79327923	79328117	SINE/MIR	489	+	97	79328020	80995
chr16	49582518	49782518	harbor1	chr16	49598167	49598398	SINE/MIR	767	+	116	49598283	15765
chr16	49582518	49782518	harbor1	chr16	49601194	49601444	SINE/MIR	842	+	125	49601319	18801
chr16	49582518	49782518	harbor1	chr16	49651521	49651740	SINE/MIR	541	+	110	49651631	69113
chr16	49582518	49782518	harbor1	chr16	49661792	49662007	SINE/MIR	560	+	108	49661900	79382
chr16	49582518	49782518	harbor1	chr16	49668771	49668925	SINE/MIR	467	+	77	49668848	86330
chr16	16207152	16407152	harbor1	chr16	16217312	16217431	SINE/MIR	431	+	60	16217372	10220
chr16	16207152	16407152	harbor1	chr16	16217569	16217679	SINE/MIR	431	+	55	16217624	10472
chr16	16207152	16407152	harbor1	chr16	16222790	16222936	SINE/MIR	466	+	73	16222863	15711
chr16	16207152	16407152	harbor1	chr16	16240353	16240518	SINE/MIR	458	+	82	16240435	33283
chr16	16207152	16407152	harbor1	chr16	16242623	16242833	SINE/MIR	639	+	105	16242728	35576
chr16	16207152	16407152	harbor1	chr16	16245805	16246018	SINE/MIR	821	+	106	16245911	38759
chr16	16207152	16407152	harbor1	chr16	16251566	16251724	SINE/MIR	562	+	79	16251645	44493
chr16	16207152	16407152	harbor1	chr16	16263944	16264143	SINE/MIR	440	+	100	16264044	56892
chr16	16207152	16407152	harbor1	chr16	16286970	16287213	SINE/MIR	502	+	122	16287092	79940
chr16	16207152	16407152	harbor1	chr16	16305970	16306201	SINE/MIR	441	+	116	16306086	98934
chr16	84434350	84634350	harbor1	chr16	84452827	84452958	SINE/MIR	462	+	66	84452893	18543
chr16	84434350	84634350	harbor1	chr16	84487728	84487924	SINE/MIR	450	+	98	84487826	53476
chr16	84434350	84634350	harbor1	chr16	84498856	84499047	SINE/MIR	619	+	96	84498952	64602
chr16	84434350	84634350	harbor1	chr16	84521392	84521589	SINE/MIR	657	+	98	84521490	87140
chr16	67628753	67828753	harbor1	chr16	67686344	67686522	SINE/MIR	442	+	89	67686433	57680
chr16	67628753	67828753	harbor1	chr16	67697141	67697313	SINE/MIR	853	+	86	67697227	68474
chr16	67628753	67828753	harbor1	chr16	67724296	67724438	SINE/MIR	588	+	71	67724367	95614
chr16	22635333	22835333	harbor1	chr16	22644025	22644253	SINE/MIR	569	+	114	22644139	8806
chr16	22635333	22835333	harbor1	chr16	22669448	22669628	SINE/MIR	709	+	90	22669538	34205
chr16	22635333	22835333	harbor1	chr16	22680854	22681024	SINE/MIR	741	+	85	22680939	45606
chr16	22635333	22835333	harbor1	chr16	22682303	22682448	SINE/MIR	1153	+	72	22682375	47042
chr16	22635333	22835333	harbor1	chr16	22682900	22683008	SINE/MIR	1153	+	54	22682954	47621
chr16	22635333	22835333	harbor1	chr16	22683521	22683723	SINE/MIR	545	+	101	22683622	48289
chr16	22635333	22835333	harbor1	chr16	22685176	22685399	SINE/MIR	526	+	112	22685288	49955
chr16	22635333	22835333	harbor1	chr16	22699400	22699605	SINE/MIR	601	+	102	22699502	64169
chr16	22635333	22835333	harbor1	chr16	22706796	22706957	SINE/MIR	572	+	80	22706876	71543
chr16	22635333	22835333	harbor1	chr16	22734871	22735044	SINE/MIR	484	+	86	22734957	99624
chr16	7268393	7468393	harbor1	chr16	7288374	7288554	SINE/MIR	546	+	90	7288464	20071
chr16	7268393	7468393	harbor1	chr16	7318440	7318608	SINE/MIR	451	+	84	7318524	50131
chr16	7268393	7468393	harbor1	chr16	7321523	7321697	SINE/MIR	726	+	87	7321610	53217
chr16	7268393	7468393	harbor1	chr16	7332117	7332345	SINE/MIR	534	+	114	7332231	63838
chr16	7268393	7468393	harbor1	chr16	7339048	7339235	SINE/MIR	472	+	94	7339142	70749
chr16	7268393	7468393	harbor1	chr16	7342089	7342253	SINE/MIR	478	+	82	7342171	73778
chr16	7268393	7468393	harbor1	chr16	7362853	7363065	SINE/MIR	500	+	106	7362959	94566
chr16	7268393	7468393	harbor1	chr16	7323572	7323775	SINE/MIR	485	+	102	7323674	55281
chr16	2684609	2884609	harbor1	chr16	2714472	2714654	SINE/MIR	565	+	91	2714563	29954
chr16	2684609	2884609	harbor1	chr16	2782469	2782651	SINE/MIR	572	+	91	2782560	97951
chr16	69097297	69297297	harbor1	chr16	69130507	69130698	SINE/MIR	565	+	96	69130603	33306
chr16	69097297	69297297	harbor1	chr16	69190722	69190881	SINE/MIR	439	+	80	69190802	93505
chr16	58982416	59182416	harbor1	chr16	59015903	59016094	SINE/MIR	452	+	96	59015999	33583
chr16	58982416	59182416	harbor1	chr16	59035050	59035284	SINE/MIR	540	+	117	59035167	52751
chr16	53590684	53790684	harbor1	chr16	53607087	53607285	SINE/MIR	895	+	99	53607186	16502
chr16	53590684	53790684	harbor1	chr16	53639619	53639833	SINE/MIR	731	+	107	53639726	49042
chr16	53590684	53790684	harbor1	chr16	53671123	53671272	SINE/MIR	452	+	74	53671197	80513
chr16	75376610	75576610	harbor1	chr16	75388039	75388301	SINE/MIR	841	+	131	75388170	11560
chr16	22426060	22626060	harbor1	chr16	22431838	22432045	SINE/MIR	608	+	104	22431942	5882
chr16	22426060	22626060	harbor1	chr16	22511932	22512160	SINE/MIR	642	+	114	22512046	85986
chr16	60559730	60759730	harbor1	chr16	60562701	60562928	SINE/MIR	483	+	114	60562815	3085
chr16	60559730	60759730	harbor1	chr16	60566369	60566596	SINE/MIR	427	+	114	60566483	6753
chr16	60559730	60759730	harbor1	chr16	60611686	60611827	SINE/MIR	443	+	70	60611756	52026
chr16	61287052	61487052	harbor1	chr16	61306071	61306238	SINE/MIR	527	+	84	61306155	19103
chr16	61287052	61487052	harbor1	chr16	61306267	61306309	SINE/MIR	527	+	21	61306288	19236
chr16	46484095	46684095	harbor1	chr16	46530806	46531046	SINE/MIR	503	+	120	46530926	46831
chr16	46484095	46684095	harbor1	chr16	46564494	46564738	SINE/MIR	625	+	122	46564616	80521
chr16	5114311	5314311	harbor1	chr16	5117922	5118155	SINE/MIR	805	+	116	5118038	3727
chr16	5114311	5314311	harbor1	chr16	5164040	5164201	SINE/MIR	482	+	80	5164120	49809
chr16	5114311	5314311	harbor1	chr16	5205824	5206003	SINE/MIR	559	+	90	5205914	91603
chr16	67381482	67581482	harbor1	chr16	67404630	67404827	SINE/MIR	648	+	98	67404728	23246
chr16	67381482	67581482	harbor1	chr16	67421679	67421735	SINE/MIR	456	+	28	67421707	40225
chr16	67381482	67581482	harbor1	chr16	67422079	67422222	SINE/MIR	456	+	72	67422151	40669
chr16	67381482	67581482	harbor1	chr16	67426689	67426897	SINE/MIR	525	+	104	67426793	45311
chr16	67381482	67581482	harbor1	chr16	67441627	67441821	SINE/MIR	573	+	97	67441724	60242
chr16	5318934	5518934	harbor1	chr16	5322958	5323155	SINE/MIR	506	+	98	5323056	4122
chr16	5318934	5518934	harbor1	chr16	5336297	5336472	SINE/MIR	432	+	88	5336385	17451
chr16	5318934	5518934	harbor1	chr16	5342380	5342605	SINE/MIR	492	+	112	5342492	23558
chr16	5318934	5518934	harbor1	chr16	5346735	5346950	SINE/MIR	669	+	108	5346843	27909
chr16	5318934	5518934	harbor1	chr16	5354363	5354573	SINE/MIR	579	+	105	5354468	35534
chr16	5318934	5518934	harbor1	chr16	5378719	5378838	SINE/MIR	447	+	60	5378779	59845
chr16	5318934	5518934	harbor1	chr16	5384759	5384958	SINE/MIR	653	+	100	5384859	65925
chr16	5318934	5518934	harbor1	chr16	5410845	5411043	SINE/MIR	466	+	99	5410944	92010
chr16	5318934	5518934	harbor1	chr16	5412143	5412376	SINE/MIR	681	+	116	5412259	93325
chr16	85575754	85775754	harbor1	chr16	85585846	85586003	SINE/MIR	769	+	78	85585924	10170
chr16	85575754	85775754	harbor1	chr16	85592704	85592876	SINE/MIR	581	+	86	85592790	17036
chr16	85575754	85775754	harbor1	chr16	85618475	85618628	SINE/MIR	478	+	76	85618551	42797
chr16	12963667	13163667	harbor1	chr16	12983241	12983452	SINE/MIR	552	+	106	12983347	19680
chr16	12963667	13163667	harbor1	chr16	13024573	13024790	SINE/MIR	640	+	108	13024681	61014
chr16	12963667	13163667	harbor1	chr16	13029828	13030076	SINE/MIR	911	+	124	13029952	66285
chr16	12963667	13163667	harbor1	chr16	13044306	13044419	SINE/MIR	564	+	56	13044362	80695
chr16	12963667	13163667	harbor1	chr16	13044967	13045106	SINE/MIR	456	+	70	13045037	81370
chr16	12963667	13163667	harbor1	chr16	13056571	13056812	SINE/MIR	629	+	120	13056691	93024
chr16	19695567	19895567	harbor1	chr16	19706344	19706526	SINE/MIR	603	+	91	19706435	10868
chr16	19695567	19895567	harbor1	chr16	19708416	19708588	SINE/MIR	500	+	86	19708502	12935
chr16	19695567	19895567	harbor1	chr16	19712492	19712722	SINE/MIR	778	+	115	19712607	17040
chr16	19695567	19895567	harbor1	chr16	19715198	19715390	SINE/MIR	618	+	96	19715294	19727
chr16	19695567	19895567	harbor1	chr16	19720441	19720582	SINE/MIR	637	+	70	19720511	24944
chr16	19695567	19895567	harbor1	chr16	19738464	19738718	SINE/MIR	689	+	127	19738591	43024
chr16	19695567	19895567	harbor1	chr16	19748043	19748069	SINE/MIR	629	+	13	19748056	52489
chr16	19695567	19895567	harbor1	chr16	19748374	19748575	SINE/MIR	629	+	100	19748474	52907
chr16	19695567	19895567	harbor1	chr16	19750961	19751175	SINE/MIR	445	+	107	19751068	55501
chr16	70539193	70739193	harbor1	chr16	70545677	70545862	SINE/MIR	434	+	92	70545769	6576
chr16	70539193	70739193	harbor1	chr16	70582420	70582605	SINE/MIR	522	+	92	70582512	43319
chr16	70539193	70739193	harbor1	chr16	70631776	70631871	SINE/MIR	507	+	48	70631824	92631
chr16	70539193	70739193	harbor1	chr16	70632130	70632211	SINE/MIR	507	+	40	70632170	92977
chr16	2513853	2713853	harbor1	chr16	2549999	2550230	SINE/MIR	602	+	116	2550115	36262
chr16	22238360	22438360	harbor1	chr16	22273828	22274014	SINE/MIR	639	+	93	22273921	35561
chr16	22238360	22438360	harbor1	chr16	22302237	22302433	SINE/MIR	430	+	98	22302335	63975
chr16	22238360	22438360	harbor1	chr16	22305419	22305656	SINE/MIR	700	+	118	22305537	67177
chr16	22238360	22438360	harbor1	chr16	22316120	22316352	SINE/MIR	818	+	116	22316236	77876
chr16	24691652	24891652	harbor1	chr16	24724215	24724445	SINE/MIR	496	+	115	24724330	32678
chr16	24691652	24891652	harbor1	chr16	24743040	24743242	SINE/MIR	430	+	101	24743141	51489
chr16	65480851	65680851	harbor1	chr16	65481378	65481635	SINE/MIR	586	+	128	65481506	655
chr16	65480851	65680851	harbor1	chr16	65545214	65545410	SINE/MIR	480	+	98	65545312	64461
chr16	65480851	65680851	harbor1	chr16	65561702	65561911	SINE/MIR	717	+	104	65561806	80955
chr16	47592841	47792841	harbor1	chr16	47605876	47606067	SINE/MIR	608	+	96	47605972	13131
chr16	47592841	47792841	harbor1	chr16	47622990	47623242	SINE/MIR	818	+	126	47623116	30275
chr16	47592841	47792841	harbor1	chr16	47631271	47631424	SINE/MIR	467	+	76	47631347	38506
chr16	47592841	47792841	harbor1	chr16	47635181	47635404	SINE/MIR	606	+	112	47635293	42452
chr16	47592841	47792841	harbor1	chr16	47635708	47635856	SINE/MIR	625	+	74	47635782	42941
chr16	47592841	47792841	harbor1	chr16	47649637	47649852	SINE/MIR	1124	+	108	47649745	56904
chr16	47592841	47792841	harbor1	chr16	47669940	47670064	SINE/MIR	480	+	62	47670002	77161
chr16	76752033	76952033	harbor1	chr16	76803009	76803187	SINE/MIR	563	+	89	76803098	51065
chr16	76752033	76952033	harbor1	chr16	76831596	76831806	SINE/MIR	533	+	105	76831701	79668
chr16	31007012	31207012	harbor1	chr16	31008521	31008713	SINE/MIR	618	+	96	31008617	1605
chr16	31007012	31207012	harbor1	chr16	31008724	31008965	SINE/MIR	636	+	120	31008844	1832
chr16	31007012	31207012	harbor1	chr16	31009238	31009360	SINE/MIR	429	+	61	31009299	2287
chr16	31007012	31207012	harbor1	chr16	31026139	31026170	SINE/MIR	1008	+	16	31026155	19143
chr16	31007012	31207012	harbor1	chr16	31026489	31026706	SINE/MIR	1008	+	108	31026597	19585
chr16	31007012	31207012	harbor1	chr16	31067391	31067592	SINE/MIR	759	+	100	31067491	60479
chr16	31007012	31207012	harbor1	chr16	31089891	31090069	SINE/MIR	609	+	89	31089980	82968
chr16	31007012	31207012	harbor1	chr16	31090380	31090423	SINE/MIR	609	+	22	31090402	83390
chr16	46554760	46754760	harbor1	chr16	46564494	46564738	SINE/MIR	625	+	122	46564616	9856
chr16	22356315	22556315	harbor1	chr16	22383989	22384145	SINE/MIR	657	+	78	22384067	27752
chr16	22356315	22556315	harbor1	chr16	22384763	22384833	SINE/MIR	657	+	35	22384798	28483
chr16	22356315	22556315	harbor1	chr16	22396646	22396802	SINE/MIR	1005	+	78	22396724	40409
chr16	22356315	22556315	harbor1	chr16	22397075	22397184	SINE/MIR	1005	+	54	22397129	40814
chr16	22356315	22556315	harbor1	chr16	22406287	22406467	SINE/MIR	494	+	90	22406377	50062
chr16	22356315	22556315	harbor1	chr16	22431838	22432045	SINE/MIR	608	+	104	22431942	75627
chr16	86325797	86525797	harbor1	chr16	86365291	86365476	SINE/MIR	553	+	92	86365383	39586
chr16	86325797	86525797	harbor1	chr16	86377158	86377336	SINE/MIR	473	+	89	86377247	51450
chr16	86325797	86525797	harbor1	chr16	86390892	86391027	SINE/MIR	533	+	68	86390960	65163
chr16	86325797	86525797	harbor1	chr16	86392353	86392532	SINE/MIR	498	+	90	86392443	66646
chr16	86325797	86525797	harbor1	chr16	86394645	86394854	SINE/MIR	692	+	104	86394749	68952
chr16	86325797	86525797	harbor1	chr16	86396053	86396267	SINE/MIR	688	+	107	86396160	70363
chr16	86325797	86525797	harbor1	chr16	86418822	86419061	SINE/MIR	465	+	120	86418942	93145
chr16	69470699	69670699	harbor1	chr16	69494922	69495133	SINE/MIR	480	+	106	69495028	24329
chr16	69470699	69670699	harbor1	chr16	69495163	69495380	SINE/MIR	479	+	108	69495271	24572
chr16	69470699	69670699	harbor1	chr16	69498810	69499052	SINE/MIR	952	+	121	69498931	28232
chr16	69470699	69670699	harbor1	chr16	69520519	69520750	SINE/MIR	523	+	116	69520635	49936
chr16	69470699	69670699	harbor1	chr16	69523929	69524163	SINE/MIR	441	+	117	69524046	53347
chr16	69470699	69670699	harbor1	chr16	69534894	69535038	SINE/MIR	475	+	72	69534966	64267
chr16	69470699	69670699	harbor1	chr16	69569503	69569721	SINE/MIR	467	+	109	69569612	98913
chr16	49019945	49219945	harbor1	chr16	49021847	49021994	SINE/MIR	555	+	74	49021921	1976
chr16	49019945	49219945	harbor1	chr16	49052390	49052611	SINE/MIR	574	+	110	49052500	32555
chr16	49019945	49219945	harbor1	chr16	49059350	49059464	SINE/MIR	513	+	57	49059407	39462
chr16	49019945	49219945	harbor1	chr16	49059636	49059736	SINE/MIR	513	+	50	49059686	39741
chr16	49019945	49219945	harbor1	chr16	49062224	49062399	SINE/MIR	534	+	88	49062312	42367
chr16	49019945	49219945	harbor1	chr16	49064671	49064859	SINE/MIR	587	+	94	49064765	44820
chr16	49019945	49219945	harbor1	chr16	49093333	49093539	SINE/MIR	582	+	103	49093436	73491
chr16	49019945	49219945	harbor1	chr16	49108260	49108484	SINE/MIR	726	+	112	49108372	88427
chr16	24195584	24395584	harbor1	chr16	24204325	24204500	SINE/MIR	438	+	88	24204413	8829
chr16	24195584	24395584	harbor1	chr16	24213356	24213595	SINE/MIR	710	+	120	24213476	17892
chr16	24195584	24395584	harbor1	chr16	24274220	24274437	SINE/MIR	802	+	108	24274328	78744
chr16	24195584	24395584	harbor1	chr16	24289692	24289919	SINE/MIR	814	+	114	24289806	94222
chr16	24195584	24395584	harbor1	chr16	24290464	24290602	SINE/MIR	459	+	69	24290533	94949
chr16	24195584	24395584	harbor1	chr16	24290739	24290831	SINE/MIR	459	+	46	24290785	95201
chr16	24195584	24395584	harbor1	chr16	24290981	24291205	SINE/MIR	863	+	112	24291093	95509
chr16	24195584	24395584	harbor1	chr16	24291615	24291874	SINE/MIR	635	+	130	24291745	96161
chr16	24195584	24395584	harbor1	chr16	24293194	24293361	SINE/MIR	456	+	84	24293278	97694
chr16	24195584	24395584	harbor1	chr16	24293396	24293531	SINE/MIR	492	+	68	24293464	97880
chr16	23829161	24029161	harbor1	chr16	23842163	23842329	SINE/MIR	619	+	83	23842246	13085
chr16	23829161	24029161	harbor1	chr16	23848659	23848869	SINE/MIR	523	+	105	23848764	19603
chr16	23829161	24029161	harbor1	chr16	23872545	23872770	SINE/MIR	714	+	112	23872657	43496
chr16	23829161	24029161	harbor1	chr16	23879822	23880070	SINE/MIR	1031	+	124	23879946	50785
chr16	23829161	24029161	harbor1	chr16	23884961	23885082	SINE/MIR	439	+	60	23885021	55860
chr16	23829161	24029161	harbor1	chr16	23889185	23889451	SINE/MIR	850	+	133	23889318	60157
chr16	23829161	24029161	harbor1	chr16	23898824	23898992	SINE/MIR	461	+	84	23898908	69747
chr16	23829161	24029161	harbor1	chr16	23904692	23904757	SINE/MIR	700	+	32	23904724	75563
chr16	23829161	24029161	harbor1	chr16	23914475	23914690	SINE/MIR	669	+	108	23914583	85422
chr16	23829161	24029161	harbor1	chr16	23921256	23921364	SINE/MIR	466	+	54	23921310	92149
chr16	23829161	24029161	harbor1	chr16	23904176	23904381	SINE/MIR	700	+	102	23904278	75117
chr16	84506681	84706681	harbor1	chr16	84521392	84521589	SINE/MIR	657	+	98	84521490	14809
chr16	84506681	84706681	harbor1	chr16	84543350	84543559	SINE/MIR	880	+	104	84543454	36773
chr16	84506681	84706681	harbor1	chr16	84565341	84565476	SINE/MIR	471	+	68	84565409	58728
chr16	84506681	84706681	harbor1	chr16	84583107	84583350	SINE/MIR	631	+	122	84583229	76548
chr16	84506681	84706681	harbor1	chr16	84596320	84596436	SINE/MIR	489	+	58	84596378	89697
chr16	73146230	73346230	harbor1	chr16	73150293	73150491	SINE/MIR	521	+	99	73150392	4162
chr16	73146230	73346230	harbor1	chr16	73192938	73193037	SINE/MIR	474	+	50	73192988	46758
chr16	73146230	73346230	harbor1	chr16	73193167	73193417	SINE/MIR	451	+	125	73193292	47062
chr16	73146230	73346230	harbor1	chr16	73193673	73193906	SINE/MIR	525	+	116	73193789	47559
chr16	73146230	73346230	harbor1	chr16	73212765	73213002	SINE/MIR	525	+	118	73212883	66653
chr16	60761616	60961616	harbor1	chr16	60791266	60791518	SINE/MIR	871	+	126	60791392	29776
chr16	60761616	60961616	harbor1	chr16	60792097	60792263	SINE/MIR	445	+	83	60792180	30564
chr16	60761616	60961616	harbor1	chr16	60861348	60861474	SINE/MIR	431	+	63	60861411	99795
chr16	57534438	57734438	harbor1	chr16	57535696	57535818	SINE/MIR	426	+	61	57535757	1319
chr16	57534438	57734438	harbor1	chr16	57576989	57577205	SINE/MIR	939	+	108	57577097	42659
chr16	57534438	57734438	harbor1	chr16	57614061	57614302	SINE/MIR	533	+	120	57614181	79743
chr16	57534438	57734438	harbor1	chr16	57623848	57624033	SINE/MIR	456	+	92	57623940	89502
chr16	57534438	57734438	harbor1	chr16	57632318	57632476	SINE/MIR	512	+	79	57632397	97959
chr16	57534438	57734438	harbor1	chr16	57633541	57633736	SINE/MIR	549	+	98	57633639	99201
chr16	54927919	55127919	harbor1	chr16	54940366	54940522	SINE/MIR	451	+	78	54940444	12525
chr16	54927919	55127919	harbor1	chr16	54946347	54946576	SINE/MIR	635	+	114	54946461	18542
chr16	54927919	55127919	harbor1	chr16	54948823	54948950	SINE/MIR	447	+	64	54948887	20968
chr16	54927919	55127919	harbor1	chr16	54955841	54956050	SINE/MIR	824	+	104	54955945	28026
chr16	54927919	55127919	harbor1	chr16	54966573	54966777	SINE/MIR	699	+	102	54966675	38756
chr16	54927919	55127919	harbor1	chr16	54981076	54981249	SINE/MIR	602	+	86	54981162	53243
chr16	54927919	55127919	harbor1	chr16	54998907	54999134	SINE/MIR	536	+	114	54999021	71102
chr16	80174265	80374265	harbor1	chr16	80208228	80208479	SINE/MIR	458	+	126	80208354	34089
chr16	80174265	80374265	harbor1	chr16	80273922	80274120	SINE/MIR	612	+	99	80274021	99756
chr16	19458511	19658511	harbor1	chr16	19473533	19473679	SINE/MIR	435	+	73	19473606	15095
chr16	19458511	19658511	harbor1	chr16	19477668	19477813	SINE/MIR	567	+	72	19477740	19229
chr16	19458511	19658511	harbor1	chr16	19483373	19483496	SINE/MIR	481	+	62	19483435	24924
chr16	19458511	19658511	harbor1	chr16	19484103	19484195	SINE/MIR	481	+	46	19484149	25638
chr16	19458511	19658511	harbor1	chr16	19484355	19484483	SINE/MIR	429	+	64	19484419	25908
chr16	19458511	19658511	harbor1	chr16	19502124	19502373	SINE/MIR	509	+	124	19502248	43737
chr16	19458511	19658511	harbor1	chr16	19528964	19529170	SINE/MIR	742	+	103	19529067	70556
chr16	19458511	19658511	harbor1	chr16	19550919	19551148	SINE/MIR	622	+	114	19551033	92522
chr16	19964926	20164926	harbor1	chr16	19978461	19978498	SINE/MIR	449	+	18	19978479	13553
chr16	19964926	20164926	harbor1	chr16	19978792	19978993	SINE/MIR	449	+	100	19978892	13966
chr16	19964926	20164926	harbor1	chr16	19981055	19981263	SINE/MIR	587	+	104	19981159	16233
chr16	19964926	20164926	harbor1	chr16	19987266	19987459	SINE/MIR	704	+	96	19987362	22436
chr16	19964926	20164926	harbor1	chr16	19990720	19990955	SINE/MIR	577	+	118	19990838	25912
chr16	19964926	20164926	harbor1	chr16	19994037	19994204	SINE/MIR	522	+	84	19994121	29195
chr16	19964926	20164926	harbor1	chr16	19996363	19996575	SINE/MIR	771	+	106	19996469	31543
chr16	19964926	20164926	harbor1	chr16	20000977	20001225	SINE/MIR	947	+	124	20001101	36175
chr16	19964926	20164926	harbor1	chr16	20003911	20004129	SINE/MIR	615	+	109	20004020	39094
chr16	19964926	20164926	harbor1	chr16	20023824	20024015	SINE/MIR	450	+	96	20023920	58994
chr16	19964926	20164926	harbor1	chr16	20042012	20042262	SINE/MIR	855	+	125	20042137	77211
chr16	19964926	20164926	harbor1	chr16	20043912	20044142	SINE/MIR	547	+	115	20044027	79101
chr16	19964926	20164926	harbor1	chr16	20047747	20047945	SINE/MIR	809	+	99	20047846	82920
chr16	19964926	20164926	harbor1	chr16	20049657	20049891	SINE/MIR	900	+	117	20049774	84848
chr16	19964926	20164926	harbor1	chr16	20055803	20056009	SINE/MIR	650	+	103	20055906	90980
chr16	19964926	20164926	harbor1	chr16	20057140	20057388	SINE/MIR	683	+	124	20057264	92338
chr16	19640207	19840207	harbor1	chr16	19656490	19656703	SINE/MIR	490	+	106	19656596	16389
chr16	19640207	19840207	harbor1	chr16	19670320	19670556	SINE/MIR	500	+	118	19670438	30231
chr16	19640207	19840207	harbor1	chr16	19672976	19673158	SINE/MIR	436	+	91	19673067	32860
chr16	19640207	19840207	harbor1	chr16	19680035	19680301	SINE/MIR	546	+	133	19680168	39961
chr16	19640207	19840207	harbor1	chr16	19706344	19706526	SINE/MIR	603	+	91	19706435	66228
chr16	19640207	19840207	harbor1	chr16	19708416	19708588	SINE/MIR	500	+	86	19708502	68295
chr16	19640207	19840207	harbor1	chr16	19712492	19712722	SINE/MIR	778	+	115	19712607	72400
chr16	19640207	19840207	harbor1	chr16	19715198	19715390	SINE/MIR	618	+	96	19715294	75087
chr16	19640207	19840207	harbor1	chr16	19720441	19720582	SINE/MIR	637	+	70	19720511	80304
chr16	19640207	19840207	harbor1	chr16	19738464	19738718	SINE/MIR	689	+	127	19738591	98384
chr16	11854572	12054572	harbor1	chr16	11862800	11862929	SINE/MIR	458	+	64	11862864	8292
chr16	11854572	12054572	harbor1	chr16	11907292	11907492	SINE/MIR	498	+	100	11907392	52820
chr16	11854572	12054572	harbor1	chr16	11907638	11907813	SINE/MIR	562	+	88	11907726	53154
chr16	31187708	31387708	harbor1	chr16	31246544	31246703	SINE/MIR	722	+	80	31246624	58916
chr16	74809651	75009651	harbor1	chr16	74845223	74845419	SINE/MIR	813	+	98	74845321	35670
chr16	74809651	75009651	harbor1	chr16	74845725	74845769	SINE/MIR	813	+	22	74845747	36096
chr16	74809651	75009651	harbor1	chr16	74848752	74848948	SINE/MIR	572	+	98	74848850	39199
chr16	52976712	53176712	harbor1	chr16	52985950	52986015	SINE/MIR	757	+	32	52985982	9270
chr16	52976712	53176712	harbor1	chr16	52986762	52986896	SINE/MIR	757	+	67	52986829	10117
chr16	52976712	53176712	harbor1	chr16	52989439	52989601	SINE/MIR	520	+	81	52989520	12808
chr16	52976712	53176712	harbor1	chr16	53036152	53036339	SINE/MIR	494	+	94	53036246	59534
chr16	52976712	53176712	harbor1	chr16	53051883	53052097	SINE/MIR	541	+	107	53051990	75278
chr16	52976712	53176712	harbor1	chr16	53052399	53052443	SINE/MIR	504	+	22	53052421	75709
chr16	52976712	53176712	harbor1	chr16	53068074	53068221	SINE/MIR	555	+	74	53068148	91436
chr16	51276879	51476879	harbor1	chr16	51308215	51308413	SINE/MIR	714	+	99	51308314	31435
chr16	51276879	51476879	harbor1	chr16	51327411	51327624	SINE/MIR	800	+	106	51327517	50638
chr16	51276879	51476879	harbor1	chr16	51341925	51342140	SINE/MIR	734	+	108	51342033	65154
chr16	51276879	51476879	harbor1	chr16	51344554	51344736	SINE/MIR	723	+	91	51344645	67766
chr16	60946203	61146203	harbor1	chr16	61000395	61000610	SINE/MIR	465	+	108	61000503	54300
chr16	5395682	5595682	harbor1	chr16	5410845	5411043	SINE/MIR	466	+	99	5410944	15262
chr16	5395682	5595682	harbor1	chr16	5412143	5412376	SINE/MIR	681	+	116	5412259	16577
chr16	5395682	5595682	harbor1	chr16	5446904	5447052	SINE/MIR	454	+	74	5446978	51296
chr16	5395682	5595682	harbor1	chr16	5447223	5447354	SINE/MIR	451	+	66	5447289	51607
chr16	5395682	5595682	harbor1	chr16	5450839	5451076	SINE/MIR	610	+	118	5450957	55275
chr16	5395682	5595682	harbor1	chr16	5485801	5485996	SINE/MIR	533	+	98	5485899	90217
chr16	10945676	11145676	harbor1	chr16	10945526	10945725	SINE/MIR	642	+	100	10945626	50
chr16	10945676	11145676	harbor1	chr16	10968522	10968708	SINE/MIR	480	+	93	10968615	22939
chr16	10945676	11145676	harbor1	chr16	10969733	10969970	SINE/MIR	690	+	118	10969851	24175
chr16	10945676	11145676	harbor1	chr16	10978712	10978884	SINE/MIR	503	+	86	10978798	33122
chr16	10945676	11145676	harbor1	chr16	10994947	10995161	SINE/MIR	492	+	107	10995054	49378
chr16	10945676	11145676	harbor1	chr16	11001448	11001661	SINE/MIR	654	+	106	11001554	55878
chr16	10945676	11145676	harbor1	chr16	11002057	11002290	SINE/MIR	877	+	116	11002173	56497
chr16	10945676	11145676	harbor1	chr16	11003552	11003670	SINE/MIR	515	+	59	11003611	57935
chr16	10945676	11145676	harbor1	chr16	11035479	11035687	SINE/MIR	510	+	104	11035583	89907
chr16	47032223	47232223	harbor1	chr16	47044079	47044191	SINE/MIR	440	+	56	47044135	11912
chr16	47032223	47232223	harbor1	chr16	47056078	47056188	SINE/MIR	429	+	55	47056133	23910
chr16	47954153	48154153	harbor1	chr16	47956465	47956680	SINE/MIR	726	+	108	47956573	2420
chr16	47954153	48154153	harbor1	chr16	47959883	47960088	SINE/MIR	449	+	102	47959985	5832
chr16	47954153	48154153	harbor1	chr16	47967275	47967446	SINE/MIR	454	+	86	47967361	13208
chr16	47954153	48154153	harbor1	chr16	47973697	47973917	SINE/MIR	583	+	110	47973807	19654
chr16	47954153	48154153	harbor1	chr16	47979705	47979888	SINE/MIR	543	+	92	47979797	25644
chr16	47954153	48154153	harbor1	chr16	47984292	47984536	SINE/MIR	642	+	122	47984414	30261
chr16	47954153	48154153	harbor1	chr16	47996244	47996455	SINE/MIR	439	+	106	47996350	42197
chr16	47954153	48154153	harbor1	chr16	48000559	48000684	SINE/MIR	600	+	62	48000621	46468
chr16	47954153	48154153	harbor1	chr16	48013269	48013461	SINE/MIR	735	+	96	48013365	59212
chr16	47954153	48154153	harbor1	chr16	48014908	48014994	SINE/MIR	453	+	43	48014951	60798
chr16	47954153	48154153	harbor1	chr16	48015422	48015459	SINE/MIR	453	+	18	48015440	61287
chr16	47954153	48154153	harbor1	chr16	48026091	48026293	SINE/MIR	469	+	101	48026192	72039
chr16	47954153	48154153	harbor1	chr16	48030274	48030466	SINE/MIR	568	+	96	48030370	76217
chr16	52168599	52368599	harbor1	chr16	52170978	52171178	SINE/MIR	694	+	100	52171078	2479
chr16	52168599	52368599	harbor1	chr16	52184304	52184516	SINE/MIR	781	+	106	52184410	15811
chr16	52168599	52368599	harbor1	chr16	52184768	52184945	SINE/MIR	538	+	88	52184856	16257
chr16	52168599	52368599	harbor1	chr16	52231798	52231992	SINE/MIR	768	+	97	52231895	63296
chr16	52168599	52368599	harbor1	chr16	52236839	52237041	SINE/MIR	601	+	101	52236940	68341
chr16	80804404	81004404	harbor1	chr16	80878338	80878565	SINE/MIR	1018	+	114	80878452	74048
chr16	80804404	81004404	harbor1	chr16	80894244	80894409	SINE/MIR	523	+	82	80894326	89922
chr16	80804404	81004404	harbor1	chr16	80898102	80898331	SINE/MIR	487	+	114	80898216	93812
chr16	16432962	16632962	harbor1	chr16	16436961	16437198	SINE/MIR	639	+	118	16437079	4117
chr16	16432962	16632962	harbor1	chr16	16475781	16475915	SINE/MIR	497	+	67	16475848	42886
chr16	16432962	16632962	harbor1	chr16	16497680	16497898	SINE/MIR	618	+	109	16497789	64827
chr16	16432962	16632962	harbor1	chr16	16530333	16530561	SINE/MIR	557	+	114	16530447	97485
chr16	25660670	25860670	harbor1	chr16	25722673	25722849	SINE/MIR	515	+	88	25722761	62091
chr16	25660670	25860670	harbor1	chr16	25743160	25743408	SINE/MIR	774	+	124	25743284	82614
chr16	25660670	25860670	harbor1	chr16	25749599	25749782	SINE/MIR	451	+	92	25749691	89021
chr16	75218417	75418417	harbor1	chr16	75295284	75295505	SINE/MIR	559	+	110	75295394	76977
chr16	75218417	75418417	harbor1	chr16	75305483	75305675	SINE/MIR	441	+	96	75305579	87162
chr16	88378861	88578861	harbor1	chr16	88385733	88385916	SINE/MIR	433	+	92	88385825	6964
chr16	88378861	88578861	harbor1	chr16	88415005	88415179	SINE/MIR	490	+	87	88415092	36231
chr16	88378861	88578861	harbor1	chr16	88449913	88450071	SINE/MIR	469	+	79	88449992	71131
chr16	88378861	88578861	harbor1	chr16	88459289	88459486	SINE/MIR	555	+	98	88459387	80526
chr16	69101572	69301572	harbor1	chr16	69130507	69130698	SINE/MIR	565	+	96	69130603	29031
chr16	69101572	69301572	harbor1	chr16	69190722	69190881	SINE/MIR	439	+	80	69190802	89230
chr16	5635414	5835414	harbor1	chr16	5654064	5654208	SINE/MIR	464	+	72	5654136	18722
chr16	5635414	5835414	harbor1	chr16	5662819	5662967	SINE/MIR	473	+	74	5662893	27479
chr16	5635414	5835414	harbor1	chr16	5676411	5676579	SINE/MIR	723	+	84	5676495	41081
chr16	5635414	5835414	harbor1	chr16	5676873	5676925	SINE/MIR	723	+	26	5676899	41485
chr16	5635414	5835414	harbor1	chr16	5682902	5683094	SINE/MIR	447	+	96	5682998	47584
chr16	5635414	5835414	harbor1	chr16	5703581	5703754	SINE/MIR	428	+	86	5703667	68253
chr16	4927022	5127022	harbor1	chr16	4937584	4937791	SINE/MIR	460	+	104	4937688	10666
chr16	4927022	5127022	harbor1	chr16	4942200	4942394	SINE/MIR	566	+	97	4942297	15275
chr16	4927022	5127022	harbor1	chr16	4944570	4944678	SINE/MIR	540	+	54	4944624	17602
chr16	4927022	5127022	harbor1	chr16	4946213	4946381	SINE/MIR	566	+	84	4946297	19275
chr16	4927022	5127022	harbor1	chr16	4955240	4955394	SINE/MIR	649	+	77	4955317	28295
chr16	4927022	5127022	harbor1	chr16	4955527	4955601	SINE/MIR	649	+	37	4955564	28542
chr16	4927022	5127022	harbor1	chr16	4960602	4960812	SINE/MIR	503	+	105	4960707	33685
chr16	4927022	5127022	harbor1	chr16	4979295	4979447	SINE/MIR	489	+	76	4979371	52349
chr16	4927022	5127022	harbor1	chr16	4980003	4980226	SINE/MIR	573	+	112	4980115	53093
chr16	4927022	5127022	harbor1	chr16	5007029	5007219	SINE/MIR	519	+	95	5007124	80102
chr16	4927022	5127022	harbor1	chr16	5011697	5011825	SINE/MIR	439	+	64	5011761	84739
chr16	4927022	5127022	harbor1	chr16	5017987	5018229	SINE/MIR	962	+	121	5018108	91086
chr16	61259949	61459949	harbor1	chr16	61306071	61306238	SINE/MIR	527	+	84	61306155	46206
chr16	61259949	61459949	harbor1	chr16	61306267	61306309	SINE/MIR	527	+	21	61306288	46339
chr16	10928356	11128356	harbor1	chr16	10933447	10933640	SINE/MIR	501	+	96	10933543	5187
chr16	10928356	11128356	harbor1	chr16	10944044	10944252	SINE/MIR	771	+	104	10944148	15792
chr16	10928356	11128356	harbor1	chr16	10944916	10945050	SINE/MIR	602	+	67	10944983	16627
chr16	10928356	11128356	harbor1	chr16	10945526	10945725	SINE/MIR	642	+	100	10945626	17270
chr16	10928356	11128356	harbor1	chr16	10968522	10968708	SINE/MIR	480	+	93	10968615	40259
chr16	10928356	11128356	harbor1	chr16	10969733	10969970	SINE/MIR	690	+	118	10969851	41495
chr16	10928356	11128356	harbor1	chr16	10978712	10978884	SINE/MIR	503	+	86	10978798	50442
chr16	10928356	11128356	harbor1	chr16	10994947	10995161	SINE/MIR	492	+	107	10995054	66698
chr16	10928356	11128356	harbor1	chr16	11001448	11001661	SINE/MIR	654	+	106	11001554	73198
chr16	10928356	11128356	harbor1	chr16	11002057	11002290	SINE/MIR	877	+	116	11002173	73817
chr16	10928356	11128356	harbor1	chr16	11003552	11003670	SINE/MIR	515	+	59	11003611	75255
chr16	62899051	63099051	harbor1	chr16	62921651	62921857	SINE/MIR	447	+	103	62921754	22703
chr16	62899051	63099051	harbor1	chr16	62926116	62926385	SINE/MIR	574	+	134	62926250	27199
chr16	62899051	63099051	harbor1	chr16	62951590	62951786	SINE/MIR	499	+	98	62951688	52637
chr16	68424449	68624449	harbor1	chr16	68438839	68439065	SINE/MIR	718	+	113	68438952	14503
chr16	68424449	68624449	harbor1	chr16	68443841	68444021	SINE/MIR	471	+	90	68443931	19482
chr16	68424449	68624449	harbor1	chr16	68480796	68481022	SINE/MIR	596	+	113	68480909	56460
chr16	68424449	68624449	harbor1	chr16	68484640	68484793	SINE/MIR	557	+	76	68484716	60267
chr16	68424449	68624449	harbor1	chr16	68499259	68499496	SINE/MIR	665	+	118	68499377	74928
chr16	68424449	68624449	harbor1	chr16	68501849	68502102	SINE/MIR	677	+	126	68501975	77526
chr16	61960995	62160995	harbor1	chr16	61980880	61981106	SINE/MIR	524	+	113	61980993	19998
chr16	61960995	62160995	harbor1	chr16	62006330	62006574	SINE/MIR	526	+	122	62006452	45457
chr16	61960995	62160995	harbor1	chr16	62023326	62023513	SINE/MIR	519	+	94	62023420	62425
chr16	61960995	62160995	harbor1	chr16	62058900	62059064	SINE/MIR	486	+	82	62058982	97987
chr16	61960995	62160995	harbor1	chr16	62059287	62059490	SINE/MIR	508	+	102	62059389	98394
chr16	54947676	55147676	harbor1	chr16	54948823	54948950	SINE/MIR	447	+	64	54948887	1211
chr16	54947676	55147676	harbor1	chr16	54955841	54956050	SINE/MIR	824	+	104	54955945	8269
chr16	54947676	55147676	harbor1	chr16	54966573	54966777	SINE/MIR	699	+	102	54966675	18999
chr16	54947676	55147676	harbor1	chr16	54981076	54981249	SINE/MIR	602	+	86	54981162	33486
chr16	54947676	55147676	harbor1	chr16	54998907	54999134	SINE/MIR	536	+	114	54999021	51345
chr16	65465354	65665354	harbor1	chr16	65481378	65481635	SINE/MIR	586	+	128	65481506	16152
chr16	65465354	65665354	harbor1	chr16	65545214	65545410	SINE/MIR	480	+	98	65545312	79958
chr16	65465354	65665354	harbor1	chr16	65561702	65561911	SINE/MIR	717	+	104	65561806	96452
chr16	55962004	56162004	harbor1	chr16	56009981	56010123	SINE/MIR	592	+	71	56010052	48048
chr16	55962004	56162004	harbor1	chr16	56011262	56011487	SINE/MIR	859	+	112	56011374	49370
chr16	55962004	56162004	harbor1	chr16	56041365	56041516	SINE/MIR	534	+	76	56041441	79437
chr16	55962004	56162004	harbor1	chr16	56055635	56055810	SINE/MIR	454	+	88	56055723	93719
chr16	32683894	32883894	harbor1	chr16	32737413	32737545	SINE/MIR	483	+	66	32737479	53585
chr16	28237824	28437824	harbor1	chr16	28281572	28281778	SINE/MIR	497	+	103	28281675	43851
chr16	28237824	28437824	harbor1	chr16	28297508	28297742	SINE/MIR	778	+	117	28297625	59801
chr16	28237824	28437824	harbor1	chr16	28298445	28298630	SINE/MIR	768	+	92	28298537	60713
chr16	28237824	28437824	harbor1	chr16	28299137	28299297	SINE/MIR	737	+	80	28299217	61393
chr16	28237824	28437824	harbor1	chr16	28300227	28300301	SINE/MIR	440	+	37	28300264	62440
chr16	28237824	28437824	harbor1	chr16	28300624	28300774	SINE/MIR	440	+	75	28300699	62875
chr16	28237824	28437824	harbor1	chr16	28304396	28304576	SINE/MIR	586	+	90	28304486	66662
chr16	28237824	28437824	harbor1	chr16	28307830	28307973	SINE/MIR	487	+	72	28307902	70078
chr16	28237824	28437824	harbor1	chr16	28318322	28318528	SINE/MIR	636	+	103	28318425	80601
chr16	17201124	17401124	harbor1	chr16	17214222	17214469	SINE/MIR	563	+	124	17214346	13222
chr16	17201124	17401124	harbor1	chr16	17226865	17227038	SINE/MIR	675	+	86	17226951	25827
chr16	17201124	17401124	harbor1	chr16	17231368	17231516	SINE/MIR	520	+	74	17231442	30318
chr16	17201124	17401124	harbor1	chr16	17233893	17234007	SINE/MIR	454	+	57	17233950	32826
chr16	17201124	17401124	harbor1	chr16	17246068	17246298	SINE/MIR	488	+	115	17246183	45059
chr16	17201124	17401124	harbor1	chr16	17246503	17246729	SINE/MIR	799	+	113	17246616	45492
chr16	17201124	17401124	harbor1	chr16	17253933	17254122	SINE/MIR	436	+	94	17254027	52903
chr16	17201124	17401124	harbor1	chr16	17259553	17259746	SINE/MIR	452	+	96	17259649	58525
chr16	17201124	17401124	harbor1	chr16	17267104	17267358	SINE/MIR	545	+	127	17267231	66107
chr16	17201124	17401124	harbor1	chr16	17267724	17267946	SINE/MIR	734	+	111	17267835	66711
chr16	17201124	17401124	harbor1	chr16	17276735	17276959	SINE/MIR	539	+	112	17276847	75723
chr16	17201124	17401124	harbor1	chr16	17284017	17284262	SINE/MIR	706	+	122	17284139	83015
chr16	17201124	17401124	harbor1	chr16	17293940	17294056	SINE/MIR	520	+	58	17293998	92874
chr16	31890645	32090645	harbor1	chr16	31977548	31977713	SINE/MIR	608	+	82	31977630	86985
chr16	66745289	66945289	harbor1	chr16	66796989	66797112	SINE/MIR	454	+	62	66797051	51762
chr16	66745289	66945289	harbor1	chr16	66809218	66809449	SINE/MIR	484	+	116	66809334	64045
chr16	66745289	66945289	harbor1	chr16	66812155	66812414	SINE/MIR	710	+	130	66812285	66996
chr16	66745289	66945289	harbor1	chr16	66819441	66819538	SINE/MIR	591	+	48	66819489	74200
chr16	66745289	66945289	harbor1	chr16	66819769	66819816	SINE/MIR	591	+	24	66819793	74504
chr16	66745289	66945289	harbor1	chr16	66841715	66841890	SINE/MIR	444	+	88	66841803	96514
chr16	66745289	66945289	harbor1	chr16	66843784	66844004	SINE/MIR	458	+	110	66843894	98605
chr16	9665574	9865574	harbor1	chr16	9670309	9670527	SINE/MIR	574	+	109	9670418	4844
chr16	9665574	9865574	harbor1	chr16	9712549	9712768	SINE/MIR	557	+	110	9712659	47085
chr16	9665574	9865574	harbor1	chr16	9721483	9721676	SINE/MIR	595	+	96	9721579	56005
chr16	9665574	9865574	harbor1	chr16	9735004	9735156	SINE/MIR	434	+	76	9735080	69506
chr16	9665574	9865574	harbor1	chr16	9739962	9740117	SINE/MIR	509	+	78	9740040	74466
chr16	83493587	83693587	harbor1	chr16	83501916	83502078	SINE/MIR	529	+	81	83501997	8410
chr16	83493587	83693587	harbor1	chr16	83521736	83521929	SINE/MIR	445	+	96	83521832	28245
chr16	83493587	83693587	harbor1	chr16	83534229	83534484	SINE/MIR	461	+	128	83534357	40770
chr16	83493587	83693587	harbor1	chr16	83544328	83544355	SINE/MIR	480	+	14	83544342	50755
chr16	83493587	83693587	harbor1	chr16	83544738	83544903	SINE/MIR	480	+	82	83544820	51233
chr16	83493587	83693587	harbor1	chr16	83563915	83564125	SINE/MIR	481	+	105	83564020	70433
chr16	83493587	83693587	harbor1	chr16	83571912	83572117	SINE/MIR	443	+	102	83572014	78427
chr16	30050244	30250244	harbor1	chr16	30094344	30094558	SINE/MIR	774	+	107	30094451	44207
chr16	30050244	30250244	harbor1	chr16	30109945	30110154	SINE/MIR	511	+	104	30110049	59805
chr16	30050244	30250244	harbor1	chr16	30110445	30110460	SINE/MIR	470	+	8	30110453	60209
chr16	30050244	30250244	harbor1	chr16	30114813	30114924	SINE/MIR	568	+	56	30114869	64625
chr16	14227674	14427674	harbor1	chr16	14245951	14246193	SINE/MIR	712	+	121	14246072	18398
chr16	14227674	14427674	harbor1	chr16	14295004	14295183	SINE/MIR	452	+	90	14295094	67420
chr16	14227674	14427674	harbor1	chr16	14313426	14313674	SINE/MIR	719	+	124	14313550	85876
chr16	19692850	19892850	harbor1	chr16	19706344	19706526	SINE/MIR	603	+	91	19706435	13585
chr16	19692850	19892850	harbor1	chr16	19708416	19708588	SINE/MIR	500	+	86	19708502	15652
chr16	19692850	19892850	harbor1	chr16	19712492	19712722	SINE/MIR	778	+	115	19712607	19757
chr16	19692850	19892850	harbor1	chr16	19715198	19715390	SINE/MIR	618	+	96	19715294	22444
chr16	19692850	19892850	harbor1	chr16	19720441	19720582	SINE/MIR	637	+	70	19720511	27661
chr16	19692850	19892850	harbor1	chr16	19738464	19738718	SINE/MIR	689	+	127	19738591	45741
chr16	19692850	19892850	harbor1	chr16	19748043	19748069	SINE/MIR	629	+	13	19748056	55206
chr16	19692850	19892850	harbor1	chr16	19748374	19748575	SINE/MIR	629	+	100	19748474	55624
chr16	19692850	19892850	harbor1	chr16	19750961	19751175	SINE/MIR	445	+	107	19751068	58218
chr16	30436882	30636882	harbor1	chr16	30440113	30440307	SINE/MIR	494	+	97	30440210	3328
chr16	46472164	46672164	harbor1	chr16	46530806	46531046	SINE/MIR	503	+	120	46530926	58762
chr16	46472164	46672164	harbor1	chr16	46564494	46564738	SINE/MIR	625	+	122	46564616	92452
chr16	72406897	72606897	harbor1	chr16	72438876	72439106	SINE/MIR	596	+	115	72438991	32094
chr16	72406897	72606897	harbor1	chr16	72475365	72475561	SINE/MIR	618	+	98	72475463	68566
chr16	72406897	72606897	harbor1	chr16	72505037	72505262	SINE/MIR	442	+	112	72505149	98252
chr16	80213897	80413897	harbor1	chr16	80273922	80274120	SINE/MIR	612	+	99	80274021	60124
chr16	80213897	80413897	harbor1	chr16	80281896	80282121	SINE/MIR	431	+	112	80282008	68111
chr16	80213897	80413897	harbor1	chr16	80295232	80295439	SINE/MIR	583	+	104	80295336	81439
chr16	15921037	16121037	harbor1	chr16	15948237	15948420	SINE/MIR	772	+	92	15948329	27292
chr16	15921037	16121037	harbor1	chr16	15948927	15949070	SINE/MIR	621	+	72	15948999	27962
chr16	15921037	16121037	harbor1	chr16	15949086	15949207	SINE/MIR	491	+	60	15949146	28109
chr16	15921037	16121037	harbor1	chr16	15952054	15952241	SINE/MIR	588	+	94	15952148	31111
chr16	15921037	16121037	harbor1	chr16	15953447	15953608	SINE/MIR	506	+	80	15953527	32490
chr16	15921037	16121037	harbor1	chr16	15977898	15978069	SINE/MIR	536	+	86	15977984	56947
chr16	15921037	16121037	harbor1	chr16	15989668	15989857	SINE/MIR	450	+	94	15989762	68725
chr16	15921037	16121037	harbor1	chr16	15994268	15994514	SINE/MIR	582	+	123	15994391	73354
chr16	15921037	16121037	harbor1	chr16	16006617	16006840	SINE/MIR	667	+	112	16006729	85692
chr16	15921037	16121037	harbor1	chr16	16008115	16008282	SINE/MIR	533	+	84	16008199	87162
chr16	77628976	77828976	harbor1	chr16	77649531	77649691	SINE/MIR	602	+	80	77649611	20635
chr16	77628976	77828976	harbor1	chr16	77683053	77683251	SINE/MIR	480	+	99	77683152	54176
chr16	77628976	77828976	harbor1	chr16	77726111	77726370	SINE/MIR	738	+	130	77726241	97265
chr16	53312008	53512008	harbor1	chr16	53320841	53321056	SINE/MIR	695	+	108	53320949	8941
chr16	23538564	23738564	harbor1	chr16	23545574	23545669	SINE/MIR	460	+	48	23545622	7058
chr16	23538564	23738564	harbor1	chr16	23545987	23546134	SINE/MIR	460	+	74	23546061	7497
chr16	23538564	23738564	harbor1	chr16	23554719	23554904	SINE/MIR	432	+	92	23554811	16247
chr16	23538564	23738564	harbor1	chr16	23590278	23590514	SINE/MIR	921	+	118	23590396	51832
chr16	23538564	23738564	harbor1	chr16	23604259	23604484	SINE/MIR	837	+	112	23604371	65807
chr16	23538564	23738564	harbor1	chr16	23634172	23634367	SINE/MIR	722	+	98	23634270	95706
chr16	7270986	7470986	harbor1	chr16	7288374	7288554	SINE/MIR	546	+	90	7288464	17478
chr16	7270986	7470986	harbor1	chr16	7318440	7318608	SINE/MIR	451	+	84	7318524	47538
chr16	7270986	7470986	harbor1	chr16	7321523	7321697	SINE/MIR	726	+	87	7321610	50624
chr16	7270986	7470986	harbor1	chr16	7332117	7332345	SINE/MIR	534	+	114	7332231	61245
chr16	7270986	7470986	harbor1	chr16	7339048	7339235	SINE/MIR	472	+	94	7339142	68156
chr16	7270986	7470986	harbor1	chr16	7342089	7342253	SINE/MIR	478	+	82	7342171	71185
chr16	7270986	7470986	harbor1	chr16	7362853	7363065	SINE/MIR	500	+	106	7362959	91973
chr16	7270986	7470986	harbor1	chr16	7323572	7323775	SINE/MIR	485	+	102	7323674	52688
chr16	28643972	28843972	harbor1	chr16	28662018	28662117	SINE/MIR	493	+	50	28662068	18096
chr16	28643972	28843972	harbor1	chr16	28662417	28662466	SINE/MIR	493	+	24	28662441	18469
chr16	28643972	28843972	harbor1	chr16	28663456	28663656	SINE/MIR	676	+	100	28663556	19584
chr16	28643972	28843972	harbor1	chr16	28663956	28663968	SINE/MIR	578	+	6	28663962	19990
chr16	28643972	28843972	harbor1	chr16	28715683	28715874	SINE/MIR	507	+	96	28715779	71807
chr16	66749036	66949036	harbor1	chr16	66796989	66797112	SINE/MIR	454	+	62	66797051	48015
chr16	66749036	66949036	harbor1	chr16	66809218	66809449	SINE/MIR	484	+	116	66809334	60298
chr16	66749036	66949036	harbor1	chr16	66812155	66812414	SINE/MIR	710	+	130	66812285	63249
chr16	66749036	66949036	harbor1	chr16	66819441	66819538	SINE/MIR	591	+	48	66819489	70453
chr16	66749036	66949036	harbor1	chr16	66819769	66819816	SINE/MIR	591	+	24	66819793	70757
chr16	66749036	66949036	harbor1	chr16	66841715	66841890	SINE/MIR	444	+	88	66841803	92767
chr16	66749036	66949036	harbor1	chr16	66843784	66844004	SINE/MIR	458	+	110	66843894	94858
chr16	82651258	82851258	harbor1	chr16	82658497	82658706	SINE/MIR	893	+	104	82658601	7343
chr16	82651258	82851258	harbor1	chr16	82663994	82664180	SINE/MIR	445	+	93	82664087	12829
chr16	82651258	82851258	harbor1	chr16	82672082	82672292	SINE/MIR	504	+	105	82672187	20929
chr16	82651258	82851258	harbor1	chr16	82709425	82709667	SINE/MIR	602	+	121	82709546	58288
chr16	82651258	82851258	harbor1	chr16	82724808	82725056	SINE/MIR	527	+	124	82724932	73674
chr16	82651258	82851258	harbor1	chr16	82725274	82725608	SINE/MIR	708	+	167	82725441	74183
chr16	82651258	82851258	harbor1	chr16	82727985	82728172	SINE/MIR	503	+	94	82728079	76821
chr16	7029483	7229483	harbor1	chr16	7058419	7058580	SINE/MIR	506	+	80	7058499	29016
chr16	7029483	7229483	harbor1	chr16	7125156	7125385	SINE/MIR	465	+	114	7125270	95787
chr16	3963550	4163550	harbor1	chr16	4033742	4033930	SINE/MIR	712	+	94	4033836	70286
chr16	3963550	4163550	harbor1	chr16	4042780	4042949	SINE/MIR	450	+	84	4042864	79314
chr16	3963550	4163550	harbor1	chr16	4043257	4043323	SINE/MIR	450	+	33	4043290	79740
chr16	64346121	64546121	harbor1	chr16	64375291	64375467	SINE/MIR	480	+	88	64375379	29258
chr16	64346121	64546121	harbor1	chr16	64399483	64399668	SINE/MIR	769	+	92	64399575	53454
chr16	64346121	64546121	harbor1	chr16	64445935	64446123	SINE/MIR	532	+	94	64446029	99908
chr16	65842735	66042735	harbor1	chr16	65890319	65890505	SINE/MIR	487	+	93	65890412	47677
chr16	65842735	66042735	harbor1	chr16	65908993	65909217	SINE/MIR	549	+	112	65909105	66370
chr16	65842735	66042735	harbor1	chr16	65921197	65921358	SINE/MIR	428	+	80	65921277	78542
chr16	5660407	5860407	harbor1	chr16	5662819	5662967	SINE/MIR	473	+	74	5662893	2486
chr16	5660407	5860407	harbor1	chr16	5676411	5676579	SINE/MIR	723	+	84	5676495	16088
chr16	5660407	5860407	harbor1	chr16	5676873	5676925	SINE/MIR	723	+	26	5676899	16492
chr16	5660407	5860407	harbor1	chr16	5682902	5683094	SINE/MIR	447	+	96	5682998	22591
chr16	5660407	5860407	harbor1	chr16	5703581	5703754	SINE/MIR	428	+	86	5703667	43260
chr16	88520198	88720198	harbor1	chr16	88526422	88526550	SINE/MIR	469	+	64	88526486	6288
chr16	55791274	55991274	harbor1	chr16	55814410	55814608	SINE/MIR	732	+	99	55814509	23235
chr16	55791274	55991274	harbor1	chr16	55829020	55829173	SINE/MIR	463	+	76	55829096	37822
chr16	55791274	55991274	harbor1	chr16	55857112	55857337	SINE/MIR	624	+	112	55857224	65950
chr16	55791274	55991274	harbor1	chr16	55867666	55867834	SINE/MIR	636	+	84	55867750	76476
chr16	55791274	55991274	harbor1	chr16	55868810	55868991	SINE/MIR	573	+	90	55868900	77626
chr16	55791274	55991274	harbor1	chr16	55869891	55870133	SINE/MIR	897	+	121	55870012	78738
chr16	55791274	55991274	harbor1	chr16	55870849	55871097	SINE/MIR	524	+	124	55870973	79699
chr16	9610192	9810192	harbor1	chr16	9610063	9610324	SINE/MIR	884	+	130	9610193	1
chr16	9610192	9810192	harbor1	chr16	9614013	9614212	SINE/MIR	813	+	100	9614113	3921
chr16	9610192	9810192	harbor1	chr16	9645203	9645353	SINE/MIR	478	+	75	9645278	35086
chr16	9610192	9810192	harbor1	chr16	9648368	9648563	SINE/MIR	593	+	98	9648466	38274
chr16	9610192	9810192	harbor1	chr16	9656321	9656519	SINE/MIR	527	+	99	9656420	46228
chr16	9610192	9810192	harbor1	chr16	9659886	9660066	SINE/MIR	536	+	90	9659976	49784
chr16	9610192	9810192	harbor1	chr16	9670309	9670527	SINE/MIR	574	+	109	9670418	60226
chr16	56913112	57113112	harbor1	chr16	56986734	56986898	SINE/MIR	638	+	82	56986816	73704
chr16	56913112	57113112	harbor1	chr16	56987194	56987213	SINE/MIR	638	+	10	56987204	74092
chr16	56913112	57113112	harbor1	chr16	56987471	56987525	SINE/MIR	638	+	27	56987498	74386
chr16	56913112	57113112	harbor1	chr16	56987931	56988089	SINE/MIR	666	+	79	56988010	74898
chr16	56913112	57113112	harbor1	chr16	56990949	56991167	SINE/MIR	464	+	109	56991058	77946
chr16	82195950	82395950	harbor1	chr16	82217235	82217444	SINE/MIR	503	+	104	82217339	21389
chr16	82195950	82395950	harbor1	chr16	82265927	82266029	SINE/MIR	426	+	51	82265978	70028
chr16	82195950	82395950	harbor1	chr16	82277942	82278141	SINE/MIR	445	+	100	82278042	82092
chr16	60501510	60701510	harbor1	chr16	60541176	60541363	SINE/MIR	469	+	94	60541270	39760
chr16	60501510	60701510	harbor1	chr16	60547414	60547658	SINE/MIR	755	+	122	60547536	46026
chr16	60501510	60701510	harbor1	chr16	60548268	60548517	SINE/MIR	468	+	124	60548392	46882
chr16	60501510	60701510	harbor1	chr16	60562701	60562928	SINE/MIR	483	+	114	60562815	61305
chr16	60501510	60701510	harbor1	chr16	60566369	60566596	SINE/MIR	427	+	114	60566483	64973
chr16	64664388	64864388	harbor1	chr16	64723698	64723913	SINE/MIR	613	+	108	64723806	59418
chr16	64664388	64864388	harbor1	chr16	64761129	64761272	SINE/MIR	487	+	72	64761201	96813
chr16	24722355	24922355	harbor1	chr16	24724215	24724445	SINE/MIR	496	+	115	24724330	1975
chr16	24722355	24922355	harbor1	chr16	24743040	24743242	SINE/MIR	430	+	101	24743141	20786
chr16	53073087	53273087	harbor1	chr16	53087447	53087620	SINE/MIR	518	+	86	53087533	14446
chr16	53073087	53273087	harbor1	chr16	53091234	53091467	SINE/MIR	675	+	116	53091350	18263
chr16	53073087	53273087	harbor1	chr16	53093225	53093427	SINE/MIR	650	+	101	53093326	20239
chr16	53073087	53273087	harbor1	chr16	53111067	53111214	SINE/MIR	543	+	74	53111141	38054
chr16	53073087	53273087	harbor1	chr16	53127496	53127641	SINE/MIR	452	+	72	53127568	54481
chr16	53073087	53273087	harbor1	chr16	53127960	53128050	SINE/MIR	452	+	45	53128005	54918
chr16	53073087	53273087	harbor1	chr16	53158422	53158623	SINE/MIR	575	+	100	53158522	85435
chr16	20653	220653	harbor1	chr16	112332	112428	SINE/MIR	440	+	48	112380	91727
chr16	66527450	66727450	harbor1	chr16	66538837	66539105	SINE/MIR	684	+	134	66538971	11521
chr16	66527450	66727450	harbor1	chr16	66570687	66570895	SINE/MIR	433	+	104	66570791	43341
chr16	66527450	66727450	harbor1	chr16	66574348	66574549	SINE/MIR	527	+	100	66574448	46998
chr16	4298932	4498932	harbor1	chr16	4307060	4307176	SINE/MIR	463	+	58	4307118	8186
chr16	4298932	4498932	harbor1	chr16	4349789	4350002	SINE/MIR	519	+	106	4349895	50963
chr16	4298932	4498932	harbor1	chr16	4361665	4361862	SINE/MIR	704	+	98	4361763	62831
chr16	4298932	4498932	harbor1	chr16	4325249	4325391	SINE/MIR	645	+	71	4325320	26388
chr16	17878368	18078368	harbor1	chr16	17893527	17893748	SINE/MIR	534	+	110	17893637	15269
chr16	17878368	18078368	harbor1	chr16	17901308	17901529	SINE/MIR	597	+	110	17901418	23050
chr16	17878368	18078368	harbor1	chr16	17942888	17943111	SINE/MIR	718	+	112	17943000	64632
chr16	60532826	60732826	harbor1	chr16	60541176	60541363	SINE/MIR	469	+	94	60541270	8444
chr16	60532826	60732826	harbor1	chr16	60547414	60547658	SINE/MIR	755	+	122	60547536	14710
chr16	60532826	60732826	harbor1	chr16	60548268	60548517	SINE/MIR	468	+	124	60548392	15566
chr16	60532826	60732826	harbor1	chr16	60562701	60562928	SINE/MIR	483	+	114	60562815	29989
chr16	60532826	60732826	harbor1	chr16	60566369	60566596	SINE/MIR	427	+	114	60566483	33657
chr16	60532826	60732826	harbor1	chr16	60611686	60611827	SINE/MIR	443	+	70	60611756	78930
chr16	84270862	84470862	harbor1	chr16	84271115	84271335	SINE/MIR	752	+	110	84271225	363
chr16	84270862	84470862	harbor1	chr16	84285084	84285257	SINE/MIR	476	+	86	84285170	14308
chr16	84270862	84470862	harbor1	chr16	84295680	84295848	SINE/MIR	479	+	84	84295764	24902
chr16	84270862	84470862	harbor1	chr16	84304995	84305211	SINE/MIR	715	+	108	84305103	34241
chr16	84270862	84470862	harbor1	chr16	84319776	84319986	SINE/MIR	619	+	105	84319881	49019
chr16	84270862	84470862	harbor1	chr16	84321088	84321270	SINE/MIR	466	+	91	84321179	50317
chr16	84270862	84470862	harbor1	chr16	84321782	84322032	SINE/MIR	741	+	125	84321907	51045
chr16	84270862	84470862	harbor1	chr16	84331011	84331141	SINE/MIR	486	+	65	84331076	60214
chr16	84270862	84470862	harbor1	chr16	84346785	84346922	SINE/MIR	457	+	68	84346853	75991
chr16	14233975	14433975	harbor1	chr16	14245951	14246193	SINE/MIR	712	+	121	14246072	12097
chr16	14233975	14433975	harbor1	chr16	14295004	14295183	SINE/MIR	452	+	90	14295094	61119
chr16	14233975	14433975	harbor1	chr16	14313426	14313674	SINE/MIR	719	+	124	14313550	79575
chr16	19150381	19350381	harbor1	chr16	19164606	19164819	SINE/MIR	580	+	106	19164712	14331
chr16	19150381	19350381	harbor1	chr16	19166089	19166233	SINE/MIR	444	+	72	19166161	15780
chr16	19150381	19350381	harbor1	chr16	19174611	19174828	SINE/MIR	525	+	108	19174719	24338
chr16	19150381	19350381	harbor1	chr16	19183091	19183329	SINE/MIR	658	+	119	19183210	32829
chr16	19150381	19350381	harbor1	chr16	19197926	19198076	SINE/MIR	640	+	75	19198001	47620
chr16	19150381	19350381	harbor1	chr16	19203045	19203208	SINE/MIR	462	+	82	19203127	52746
chr16	19150381	19350381	harbor1	chr16	19222577	19222779	SINE/MIR	722	+	101	19222678	72297
chr16	19150381	19350381	harbor1	chr16	19223939	19224108	SINE/MIR	473	+	84	19224023	73642
chr16	19150381	19350381	harbor1	chr16	19225012	19225235	SINE/MIR	684	+	112	19225124	74743
chr16	19150381	19350381	harbor1	chr16	19226963	19227200	SINE/MIR	720	+	118	19227081	76700
chr16	19150381	19350381	harbor1	chr16	19230676	19230919	SINE/MIR	864	+	122	19230798	80417
chr16	19150381	19350381	harbor1	chr16	19234589	19234718	SINE/MIR	471	+	64	19234653	84272
chr16	19150381	19350381	harbor1	chr16	19238201	19238354	SINE/MIR	482	+	76	19238277	87896
chr16	64668348	64868348	harbor1	chr16	64723698	64723913	SINE/MIR	613	+	108	64723806	55458
chr16	64668348	64868348	harbor1	chr16	64761129	64761272	SINE/MIR	487	+	72	64761201	92853
chr16	13545688	13745688	harbor1	chr16	13558149	13558276	SINE/MIR	466	+	64	13558213	12525
chr16	13545688	13745688	harbor1	chr16	13571745	13571947	SINE/MIR	613	+	101	13571846	26158
chr16	13545688	13745688	harbor1	chr16	13601193	13601427	SINE/MIR	528	+	117	13601310	55622
chr16	13545688	13745688	harbor1	chr16	13624798	13624996	SINE/MIR	679	+	99	13624897	79209
chr16	13545688	13745688	harbor1	chr16	13642235	13642420	SINE/MIR	696	+	92	13642327	96639
chr16	27884862	28084862	harbor1	chr16	27886117	27886157	SINE/MIR	468	+	20	27886137	1275
chr16	27884862	28084862	harbor1	chr16	27886459	27886557	SINE/MIR	468	+	49	27886508	1646
chr16	27884862	28084862	harbor1	chr16	27894070	27894315	SINE/MIR	549	+	122	27894192	9330
chr16	27884862	28084862	harbor1	chr16	27897732	27897944	SINE/MIR	491	+	106	27897838	12976
chr16	27884862	28084862	harbor1	chr16	27899256	27899389	SINE/MIR	550	+	66	27899322	14460
chr16	27884862	28084862	harbor1	chr16	27902651	27902824	SINE/MIR	581	+	86	27902737	17875
chr16	27884862	28084862	harbor1	chr16	27908971	27909164	SINE/MIR	560	+	96	27909067	24205
chr16	27884862	28084862	harbor1	chr16	27915838	27915936	SINE/MIR	750	+	49	27915887	31025
chr16	27884862	28084862	harbor1	chr16	27916716	27916849	SINE/MIR	750	+	66	27916782	31920
chr16	27884862	28084862	harbor1	chr16	27923884	27924066	SINE/MIR	747	+	91	27923975	39113
chr16	27884862	28084862	harbor1	chr16	27948135	27948323	SINE/MIR	434	+	94	27948229	63367
chr16	27884862	28084862	harbor1	chr16	27960225	27960392	SINE/MIR	464	+	84	27960309	75447
chr16	27884862	28084862	harbor1	chr16	27961446	27961662	SINE/MIR	723	+	108	27961554	76692
chr16	27884862	28084862	harbor1	chr16	27972954	27973166	SINE/MIR	533	+	106	27973060	88198
chr16	27884862	28084862	harbor1	chr16	27973626	27973753	SINE/MIR	458	+	64	27973690	88828
chr16	27884862	28084862	harbor1	chr16	27981852	27982007	SINE/MIR	511	+	78	27981930	97068
chr16	27884862	28084862	harbor1	chr16	27934638	27934887	SINE/MIR	712	+	124	27934762	49900
chr16	79909712	80109712	harbor1	chr16	79911610	79911809	SINE/MIR	543	+	100	79911710	1998
chr16	79909712	80109712	harbor1	chr16	79911853	79911954	SINE/MIR	483	+	50	79911903	2191
chr16	79909712	80109712	harbor1	chr16	79912689	79912943	SINE/MIR	923	+	127	79912816	3104
chr16	79909712	80109712	harbor1	chr16	79913091	79913219	SINE/MIR	465	+	64	79913155	3443
chr16	79909712	80109712	harbor1	chr16	79914403	79914610	SINE/MIR	655	+	104	79914507	4795
chr16	79909712	80109712	harbor1	chr16	79917350	79917526	SINE/MIR	576	+	88	79917438	7726
chr16	79909712	80109712	harbor1	chr16	79935698	79935940	SINE/MIR	486	+	121	79935819	26107
chr16	79909712	80109712	harbor1	chr16	79969552	79969763	SINE/MIR	478	+	106	79969658	59946
chr17	28325298	28525298	harbor1	chr17	28342667	28342825	SINE/MIR	628	+	79	28342746	17448
chr17	28325298	28525298	harbor1	chr17	28350144	28350342	SINE/MIR	503	+	99	28350243	24945
chr17	28325298	28525298	harbor1	chr17	28377174	28377304	SINE/MIR	597	+	65	28377239	51941
chr17	28325298	28525298	harbor1	chr17	28389127	28389359	SINE/MIR	640	+	116	28389243	63945
chr17	28325298	28525298	harbor1	chr17	28401751	28401877	SINE/MIR	537	+	63	28401814	76516
chr17	28325298	28525298	harbor1	chr17	28402612	28402780	SINE/MIR	558	+	84	28402696	77398
chr17	28325298	28525298	harbor1	chr17	28406630	28406822	SINE/MIR	480	+	96	28406726	81428
chr17	54213243	54413243	harbor1	chr17	54303042	54303243	SINE/MIR	579	+	100	54303142	89899
chr17	53704825	53904825	harbor1	chr17	53710030	53710190	SINE/MIR	485	+	80	53710110	5285
chr17	53704825	53904825	harbor1	chr17	53741004	53741223	SINE/MIR	597	+	110	53741114	36289
chr17	7881354	8081354	harbor1	chr17	7890010	7890148	SINE/MIR	702	+	69	7890079	8725
chr17	7881354	8081354	harbor1	chr17	7890453	7890558	SINE/MIR	702	+	52	7890505	9151
chr17	7881354	8081354	harbor1	chr17	7891915	7892147	SINE/MIR	630	+	116	7892031	10677
chr17	7881354	8081354	harbor1	chr17	7917100	7917334	SINE/MIR	735	+	117	7917217	35863
chr17	7881354	8081354	harbor1	chr17	7934817	7934971	SINE/MIR	525	+	77	7934894	53540
chr17	28001894	28201894	harbor1	chr17	28020948	28021153	SINE/MIR	524	+	102	28021050	19156
chr17	28001894	28201894	harbor1	chr17	28023723	28023833	SINE/MIR	679	+	55	28023778	21884
chr17	28001894	28201894	harbor1	chr17	28024147	28024253	SINE/MIR	679	+	53	28024200	22306
chr17	28001894	28201894	harbor1	chr17	28047032	28047207	SINE/MIR	770	+	88	28047120	45226
chr17	28001894	28201894	harbor1	chr17	28064711	28064942	SINE/MIR	817	+	116	28064827	62933
chr17	28001894	28201894	harbor1	chr17	28084082	28084314	SINE/MIR	508	+	116	28084198	82304
chr17	44697409	44897409	harbor1	chr17	44757407	44757584	SINE/MIR	538	+	88	44757495	60086
chr17	44697409	44897409	harbor1	chr17	44764602	44764816	SINE/MIR	592	+	107	44764709	67300
chr17	44697409	44897409	harbor1	chr17	44768452	44768667	SINE/MIR	782	+	108	44768560	71151
chr17	62375578	62575578	harbor1	chr17	62386655	62386781	SINE/MIR	610	+	63	62386718	11140
chr17	62375578	62575578	harbor1	chr17	62396035	62396215	SINE/MIR	616	+	90	62396125	20547
chr17	42176876	42376876	harbor1	chr17	42179325	42179533	SINE/MIR	788	+	104	42179429	2553
chr17	42176876	42376876	harbor1	chr17	42181670	42181841	SINE/MIR	503	+	86	42181756	4880
chr17	42176876	42376876	harbor1	chr17	42193716	42193893	SINE/MIR	620	+	88	42193804	16928
chr17	42176876	42376876	harbor1	chr17	42275069	42275240	SINE/MIR	481	+	86	42275155	98279
chr17	44119398	44319398	harbor1	chr17	44133414	44133527	SINE/MIR	488	+	56	44133470	14072
chr17	44119398	44319398	harbor1	chr17	44208810	44208902	SINE/MIR	524	+	46	44208856	89458
chr17	44119398	44319398	harbor1	chr17	44209196	44209268	SINE/MIR	524	+	36	44209232	89834
chr17	18803951	19003951	harbor1	chr17	18815923	18816149	SINE/MIR	491	+	113	18816036	12085
chr17	18803951	19003951	harbor1	chr17	18856693	18856901	SINE/MIR	549	+	104	18856797	52846
chr17	66329241	66529241	harbor1	chr17	66357541	66357710	SINE/MIR	503	+	84	66357625	28384
chr17	66329241	66529241	harbor1	chr17	66386412	66386607	SINE/MIR	519	+	98	66386510	57269
chr17	66329241	66529241	harbor1	chr17	66371447	66371682	SINE/MIR	754	+	118	66371565	42324
chr17	50923982	51123982	harbor1	chr17	50926319	50926470	SINE/MIR	546	+	76	50926395	2413
chr17	50923982	51123982	harbor1	chr17	50926703	50926924	SINE/MIR	550	+	110	50926813	2831
chr17	50923982	51123982	harbor1	chr17	50927546	50927726	SINE/MIR	493	+	90	50927636	3654
chr17	50923982	51123982	harbor1	chr17	50950989	50951140	SINE/MIR	533	+	76	50951065	27083
chr17	50923982	51123982	harbor1	chr17	50983707	50983835	SINE/MIR	493	+	64	50983771	59789
chr17	50923982	51123982	harbor1	chr17	51017561	51017703	SINE/MIR	519	+	71	51017632	93650
chr17	50923982	51123982	harbor1	chr17	51022998	51023184	SINE/MIR	481	+	93	51023091	99109
chr17	51323513	51523513	harbor1	chr17	51345931	51346127	SINE/MIR	627	+	98	51346029	22516
chr17	51323513	51523513	harbor1	chr17	51346177	51346403	SINE/MIR	681	+	113	51346290	22777
chr17	51323513	51523513	harbor1	chr17	51347108	51347282	SINE/MIR	485	+	87	51347195	23682
chr17	51323513	51523513	harbor1	chr17	51348228	51348304	SINE/MIR	755	+	38	51348266	24753
chr17	51323513	51523513	harbor1	chr17	51348813	51348962	SINE/MIR	755	+	74	51348887	25374
chr17	51323513	51523513	harbor1	chr17	51359645	51359795	SINE/MIR	671	+	75	51359720	36207
chr17	51323513	51523513	harbor1	chr17	51362934	51363045	SINE/MIR	499	+	56	51362990	39477
chr17	51323513	51523513	harbor1	chr17	51367234	51367448	SINE/MIR	778	+	107	51367341	43828
chr17	51323513	51523513	harbor1	chr17	51381570	51381780	SINE/MIR	489	+	105	51381675	58162
chr17	51323513	51523513	harbor1	chr17	51401119	51401341	SINE/MIR	810	+	111	51401230	77717
chr17	76043571	76243571	harbor1	chr17	76073144	76073293	SINE/MIR	482	+	74	76073218	29647
chr17	39948885	40148885	harbor1	chr17	39966695	39966812	SINE/MIR	554	+	58	39966753	17868
chr17	39948885	40148885	harbor1	chr17	39986949	39987187	SINE/MIR	580	+	119	39987068	38183
chr17	71872766	72072766	harbor1	chr17	71891139	71891321	SINE/MIR	541	+	91	71891230	18464
chr17	71872766	72072766	harbor1	chr17	71956612	71956744	SINE/MIR	510	+	66	71956678	83912
chr17	71872766	72072766	harbor1	chr17	71957055	71957153	SINE/MIR	510	+	49	71957104	84338
chr17	64339005	64539005	harbor1	chr17	64368389	64368564	SINE/MIR	529	+	88	64368477	29472
chr17	64339005	64539005	harbor1	chr17	64378697	64378922	SINE/MIR	638	+	112	64378809	39804
chr17	64339005	64539005	harbor1	chr17	64382286	64382509	SINE/MIR	630	+	112	64382398	43393
chr17	64339005	64539005	harbor1	chr17	64413080	64413302	SINE/MIR	695	+	111	64413191	74186
chr17	1190416	1390416	harbor1	chr17	1223444	1223598	SINE/MIR	774	+	77	1223521	33105
chr17	1190416	1390416	harbor1	chr17	1223970	1224078	SINE/MIR	774	+	54	1224024	33608
chr17	1190416	1390416	harbor1	chr17	1260919	1261089	SINE/MIR	596	+	85	1261004	70588
chr17	1190416	1390416	harbor1	chr17	1273603	1273829	SINE/MIR	754	+	113	1273716	83300
chr17	20994147	21194147	harbor1	chr17	21023708	21023895	SINE/MIR	479	+	94	21023802	29655
chr17	20994147	21194147	harbor1	chr17	21046363	21046585	SINE/MIR	681	+	111	21046474	52327
chr17	20994147	21194147	harbor1	chr17	21064703	21064888	SINE/MIR	774	+	92	21064795	70648
chr17	20994147	21194147	harbor1	chr17	21065202	21065226	SINE/MIR	774	+	12	21065214	71067
chr17	62380581	62580581	harbor1	chr17	62386655	62386781	SINE/MIR	610	+	63	62386718	6137
chr17	62380581	62580581	harbor1	chr17	62396035	62396215	SINE/MIR	616	+	90	62396125	15544
chr17	61232526	61432526	harbor1	chr17	61258372	61258602	SINE/MIR	954	+	115	61258487	25961
chr17	61232526	61432526	harbor1	chr17	61305372	61305611	SINE/MIR	682	+	120	61305492	72966
chr17	61232526	61432526	harbor1	chr17	61310885	61311139	SINE/MIR	839	+	127	61311012	78486
chr17	61232526	61432526	harbor1	chr17	61318915	61319108	SINE/MIR	539	+	96	61319011	86485
chr17	61232526	61432526	harbor1	chr17	61330736	61330903	SINE/MIR	551	+	84	61330820	98294
chr17	35080978	35280978	harbor1	chr17	35116361	35116475	SINE/MIR	572	+	57	35116418	35440
chr17	35080978	35280978	harbor1	chr17	35116794	35116906	SINE/MIR	572	+	56	35116850	35872
chr17	35080978	35280978	harbor1	chr17	35162957	35163216	SINE/MIR	801	+	130	35163087	82109
chr17	35080978	35280978	harbor1	chr17	35176248	35176475	SINE/MIR	503	+	114	35176362	95384
chr17	1424888	1624888	harbor1	chr17	1452110	1452364	SINE/MIR	658	+	127	1452237	27349
chr17	1424888	1624888	harbor1	chr17	1499050	1499209	SINE/MIR	533	+	80	1499130	74242
chr17	1424888	1624888	harbor1	chr17	1501338	1501527	SINE/MIR	544	+	94	1501432	76544
chr17	51818734	52018734	harbor1	chr17	51818703	51818938	SINE/MIR	675	+	118	51818821	87
chr17	51818734	52018734	harbor1	chr17	51820626	51820815	SINE/MIR	677	+	94	51820720	1986
chr17	51818734	52018734	harbor1	chr17	51821792	51821957	SINE/MIR	591	+	82	51821874	3140
chr17	51818734	52018734	harbor1	chr17	51832089	51832262	SINE/MIR	525	+	86	51832175	13441
chr17	51818734	52018734	harbor1	chr17	51849475	51849675	SINE/MIR	491	+	100	51849575	30841
chr17	51818734	52018734	harbor1	chr17	51851329	51851557	SINE/MIR	639	+	114	51851443	32709
chr17	51818734	52018734	harbor1	chr17	51855061	51855293	SINE/MIR	530	+	116	51855177	36443
chr17	51818734	52018734	harbor1	chr17	51858829	51859072	SINE/MIR	682	+	122	51858951	40217
chr17	51818734	52018734	harbor1	chr17	51859587	51859793	SINE/MIR	708	+	103	51859690	40956
chr17	51818734	52018734	harbor1	chr17	51873023	51873262	SINE/MIR	607	+	120	51873143	54409
chr17	51818734	52018734	harbor1	chr17	51887476	51887669	SINE/MIR	590	+	96	51887572	68838
chr17	51818734	52018734	harbor1	chr17	51914752	51914976	SINE/MIR	519	+	112	51914864	96130
chr17	79648872	79848872	harbor1	chr17	79742596	79742835	SINE/MIR	600	+	120	79742716	93844
chr17	79648872	79848872	harbor1	chr17	79743792	79743991	SINE/MIR	548	+	100	79743892	95020
chr17	74282093	74482093	harbor1	chr17	74350964	74351183	SINE/MIR	494	+	110	74351074	68981
chr17	65239108	65439108	harbor1	chr17	65239575	65239811	SINE/MIR	702	+	118	65239693	585
chr17	65239108	65439108	harbor1	chr17	65276961	65277103	SINE/MIR	526	+	71	65277032	37924
chr17	65239108	65439108	harbor1	chr17	65285775	65285948	SINE/MIR	541	+	86	65285861	46753
chr17	65239108	65439108	harbor1	chr17	65294684	65294914	SINE/MIR	588	+	115	65294799	55691
chr17	65239108	65439108	harbor1	chr17	65321363	65321533	SINE/MIR	516	+	85	65321448	82340
chr17	18335767	18535767	harbor1	chr17	18372325	18372556	SINE/MIR	729	+	116	18372441	36674
chr17	38362250	38562250	harbor1	chr17	38383086	38383331	SINE/MIR	1127	+	122	38383208	20958
chr17	38362250	38562250	harbor1	chr17	38422145	38422337	SINE/MIR	742	+	96	38422241	59991
chr17	38362250	38562250	harbor1	chr17	38424708	38424888	SINE/MIR	648	+	90	38424798	62548
chr17	76601103	76801103	harbor1	chr17	76642262	76642471	SINE/MIR	701	+	104	76642366	41263
chr17	21309297	21509297	harbor1	chr17	21320732	21320927	SINE/MIR	502	+	98	21320830	11533
chr17	21309297	21509297	harbor1	chr17	21338110	21338289	SINE/MIR	689	+	90	21338200	28903
chr17	21309297	21509297	harbor1	chr17	21342971	21343113	SINE/MIR	506	+	71	21343042	33745
chr17	21309297	21509297	harbor1	chr17	21374842	21375034	SINE/MIR	545	+	96	21374938	65641
chr17	21309297	21509297	harbor1	chr17	21397093	21397274	SINE/MIR	553	+	90	21397183	87886
chr17	45160966	45360966	harbor1	chr17	45220736	45220945	SINE/MIR	585	+	104	45220840	59874
chr17	45160966	45360966	harbor1	chr17	45225738	45225945	SINE/MIR	679	+	104	45225842	64876
chr17	45160966	45360966	harbor1	chr17	45226504	45226684	SINE/MIR	708	+	90	45226594	65628
chr17	45160966	45360966	harbor1	chr17	45239112	45239326	SINE/MIR	589	+	107	45239219	78253
chr17	27600363	27800363	harbor1	chr17	27608243	27608413	SINE/MIR	558	+	85	27608328	7965
chr17	27600363	27800363	harbor1	chr17	27608949	27609149	SINE/MIR	617	+	100	27609049	8686
chr17	27600363	27800363	harbor1	chr17	27631649	27631868	SINE/MIR	503	+	110	27631759	31396
chr17	27600363	27800363	harbor1	chr17	27633144	27633267	SINE/MIR	579	+	62	27633206	32843
chr17	27600363	27800363	harbor1	chr17	27642620	27642808	SINE/MIR	632	+	94	27642714	42351
chr17	27600363	27800363	harbor1	chr17	27648274	27648449	SINE/MIR	684	+	88	27648362	47999
chr17	27600363	27800363	harbor1	chr17	27658003	27658183	SINE/MIR	545	+	90	27658093	57730
chr17	27600363	27800363	harbor1	chr17	27659312	27659509	SINE/MIR	480	+	98	27659410	59047
chr17	27600363	27800363	harbor1	chr17	27659798	27659837	SINE/MIR	480	+	20	27659818	59455
chr17	62318828	62518828	harbor1	chr17	62386655	62386781	SINE/MIR	610	+	63	62386718	67890
chr17	62318828	62518828	harbor1	chr17	62396035	62396215	SINE/MIR	616	+	90	62396125	77297
chr17	66906529	67106529	harbor1	chr17	66926499	66926681	SINE/MIR	633	+	91	66926590	20061
chr17	66906529	67106529	harbor1	chr17	66946852	66947062	SINE/MIR	557	+	105	66946957	40428
chr17	66906529	67106529	harbor1	chr17	66954685	66954844	SINE/MIR	554	+	80	66954765	48236
chr17	66906529	67106529	harbor1	chr17	66976148	66976321	SINE/MIR	518	+	86	66976234	69705
chr17	66906529	67106529	harbor1	chr17	66977400	66977647	SINE/MIR	649	+	124	66977524	70995
chr17	66906529	67106529	harbor1	chr17	66978104	66978348	SINE/MIR	505	+	122	66978226	71697
chr17	66906529	67106529	harbor1	chr17	66999012	66999252	SINE/MIR	777	+	120	66999132	92603
chr17	66906529	67106529	harbor1	chr17	67002663	67002911	SINE/MIR	573	+	124	67002787	96258
chr17	66906529	67106529	harbor1	chr17	67003789	67003971	SINE/MIR	503	+	91	67003880	97351
chr17	51648157	51848157	harbor1	chr17	51671974	51672150	SINE/MIR	510	+	88	51672062	23905
chr17	51648157	51848157	harbor1	chr17	51683270	51683503	SINE/MIR	717	+	116	51683386	35229
chr17	51648157	51848157	harbor1	chr17	51706008	51706235	SINE/MIR	499	+	114	51706122	57965
chr17	51648157	51848157	harbor1	chr17	51737142	51737340	SINE/MIR	538	+	99	51737241	89084
chr17	51648157	51848157	harbor1	chr17	51738874	51739030	SINE/MIR	520	+	78	51738952	90795
chr17	42394291	42594291	harbor1	chr17	42402092	42402306	SINE/MIR	695	+	107	42402199	7908
chr17	42394291	42594291	harbor1	chr17	42415251	42415428	SINE/MIR	555	+	88	42415339	21048
chr17	42394291	42594291	harbor1	chr17	42456349	42456481	SINE/MIR	624	+	66	42456415	62124
chr17	68287479	68487479	harbor1	chr17	68314067	68314241	SINE/MIR	706	+	87	68314154	26675
chr17	68287479	68487479	harbor1	chr17	68316546	68316769	SINE/MIR	738	+	112	68316658	29179
chr17	68287479	68487479	harbor1	chr17	68338553	68338802	SINE/MIR	566	+	124	68338677	51198
chr17	68287479	68487479	harbor1	chr17	68369647	68369792	SINE/MIR	496	+	72	68369719	82240
chr17	68287479	68487479	harbor1	chr17	68381886	68381947	SINE/MIR	858	+	30	68381916	94437
chr17	68287479	68487479	harbor1	chr17	68382245	68382456	SINE/MIR	858	+	106	68382351	94872
chr17	36508762	36708762	harbor1	chr17	36528576	36528824	SINE/MIR	794	+	124	36528700	19938
chr17	70075526	70275526	harbor1	chr17	70140431	70140624	SINE/MIR	823	+	96	70140527	65001
chr17	70075526	70275526	harbor1	chr17	70145569	70145788	SINE/MIR	660	+	110	70145679	70153
chr17	288031	488031	harbor1	chr17	343458	343641	SINE/MIR	508	+	92	343550	55519
chr17	288031	488031	harbor1	chr17	343842	343913	SINE/MIR	508	+	36	343878	55847
chr17	288031	488031	harbor1	chr17	383287	383515	SINE/MIR	496	+	114	383401	95370
chr17	48138606	48338606	harbor1	chr17	48227732	48227950	SINE/MIR	678	+	109	48227841	89235
chr17	50144722	50344722	harbor1	chr17	50153599	50153710	SINE/MIR	501	+	56	50153655	8933
chr17	50144722	50344722	harbor1	chr17	50164723	50164888	SINE/MIR	619	+	82	50164805	20083
chr17	50144722	50344722	harbor1	chr17	50221373	50221612	SINE/MIR	648	+	120	50221493	76771
chr17	50144722	50344722	harbor1	chr17	50221835	50221998	SINE/MIR	671	+	82	50221917	77195
chr17	59324528	59524528	harbor1	chr17	59336445	59336672	SINE/MIR	622	+	114	59336559	12031
chr17	59324528	59524528	harbor1	chr17	59364523	59364612	SINE/MIR	714	+	44	59364567	40039
chr17	59324528	59524528	harbor1	chr17	59364928	59365079	SINE/MIR	714	+	76	59365004	40476
chr17	59324528	59524528	harbor1	chr17	59390789	59390996	SINE/MIR	496	+	104	59390893	66365
chr17	59324528	59524528	harbor1	chr17	59405823	59406026	SINE/MIR	524	+	102	59405925	81397
chr17	59324528	59524528	harbor1	chr17	59415636	59415799	SINE/MIR	565	+	82	59415718	91190
chr17	18990903	19190903	harbor1	chr17	18999424	18999650	SINE/MIR	581	+	113	18999537	8634
chr17	18990903	19190903	harbor1	chr17	19013560	19013757	SINE/MIR	568	+	98	19013658	22755
chr17	18990903	19190903	harbor1	chr17	19079234	19079427	SINE/MIR	669	+	96	19079330	88427
chr17	36605441	36805441	harbor1	chr17	36612615	36612853	SINE/MIR	718	+	119	36612734	7293
chr17	36605441	36805441	harbor1	chr17	36613888	36614065	SINE/MIR	772	+	88	36613976	8535
chr17	36605441	36805441	harbor1	chr17	36631173	36631324	SINE/MIR	522	+	76	36631249	25808
chr17	36605441	36805441	harbor1	chr17	36677132	36677382	SINE/MIR	556	+	125	36677257	71816
chr17	36605441	36805441	harbor1	chr17	36695711	36695859	SINE/MIR	605	+	74	36695785	90344
chr17	36605441	36805441	harbor1	chr17	36699769	36700037	SINE/MIR	1132	+	134	36699903	94462
chr17	36605441	36805441	harbor1	chr17	36650946	36651192	SINE/MIR	851	+	123	36651069	45628
chr17	28390360	28590360	harbor1	chr17	28401751	28401877	SINE/MIR	537	+	63	28401814	11454
chr17	28390360	28590360	harbor1	chr17	28402612	28402780	SINE/MIR	558	+	84	28402696	12336
chr17	28390360	28590360	harbor1	chr17	28406630	28406822	SINE/MIR	480	+	96	28406726	16366
chr17	28390360	28590360	harbor1	chr17	28464113	28464252	SINE/MIR	573	+	70	28464183	73823
chr17	28390360	28590360	harbor1	chr17	28465113	28465335	SINE/MIR	589	+	111	28465224	74864
chr17	28390360	28590360	harbor1	chr17	28465369	28465506	SINE/MIR	493	+	68	28465437	75077
chr17	40877374	41077374	harbor1	chr17	40899651	40899864	SINE/MIR	627	+	106	40899757	22383
chr17	40877374	41077374	harbor1	chr17	40914921	40915075	SINE/MIR	531	+	77	40914998	37624
chr17	40877374	41077374	harbor1	chr17	40927887	40928090	SINE/MIR	758	+	102	40927989	50615
chr17	40877374	41077374	harbor1	chr17	40948020	40948233	SINE/MIR	593	+	106	40948126	70752
chr17	40877374	41077374	harbor1	chr17	40951951	40952145	SINE/MIR	688	+	97	40952048	74674
chr17	40877374	41077374	harbor1	chr17	40955206	40955320	SINE/MIR	513	+	57	40955263	77889
chr17	40877374	41077374	harbor1	chr17	40959109	40959260	SINE/MIR	493	+	76	40959185	81811
chr17	40877374	41077374	harbor1	chr17	40964038	40964288	SINE/MIR	679	+	125	40964163	86789
chr17	4473631	4673631	harbor1	chr17	4479715	4479907	SINE/MIR	736	+	96	4479811	6180
chr17	4473631	4673631	harbor1	chr17	4481595	4481803	SINE/MIR	485	+	104	4481699	8068
chr17	4473631	4673631	harbor1	chr17	4484090	4484309	SINE/MIR	576	+	110	4484200	10569
chr17	4473631	4673631	harbor1	chr17	4496502	4496674	SINE/MIR	609	+	86	4496588	22957
chr17	4473631	4673631	harbor1	chr17	4524205	4524402	SINE/MIR	657	+	98	4524303	50672
chr17	4473631	4673631	harbor1	chr17	4524702	4524794	SINE/MIR	657	+	46	4524748	51117
chr17	4473631	4673631	harbor1	chr17	4525680	4525863	SINE/MIR	661	+	92	4525772	52141
chr17	4473631	4673631	harbor1	chr17	4562962	4563175	SINE/MIR	640	+	106	4563068	89437
chr17	9545139	9745139	harbor1	chr17	9638760	9639008	SINE/MIR	516	+	124	9638884	93745
chr17	6028992	6228992	harbor1	chr17	6039432	6039572	SINE/MIR	643	+	70	6039502	10510
chr17	6028992	6228992	harbor1	chr17	6039925	6040020	SINE/MIR	643	+	48	6039973	10981
chr17	6028992	6228992	harbor1	chr17	6061678	6061859	SINE/MIR	625	+	90	6061768	32776
chr17	6028992	6228992	harbor1	chr17	6079828	6080049	SINE/MIR	646	+	110	6079938	50946
chr17	6028992	6228992	harbor1	chr17	6103042	6103205	SINE/MIR	488	+	82	6103124	74132
chr17	6028992	6228992	harbor1	chr17	6119619	6119829	SINE/MIR	482	+	105	6119724	90732
chr17	31913259	32113259	harbor1	chr17	31935095	31935310	SINE/MIR	715	+	108	31935203	21944
chr17	31913259	32113259	harbor1	chr17	31981719	31981945	SINE/MIR	848	+	113	31981832	68573
chr17	31913259	32113259	harbor1	chr17	31983596	31983785	SINE/MIR	706	+	94	31983690	70431
chr17	63994936	64194936	harbor1	chr17	64019026	64019212	SINE/MIR	944	+	93	64019119	24183
chr17	63994936	64194936	harbor1	chr17	64025152	64025249	SINE/MIR	482	+	48	64025200	30264
chr17	63994936	64194936	harbor1	chr17	64084417	64084618	SINE/MIR	696	+	100	64084517	89581
chr17	33455197	33655197	harbor1	chr17	33456964	33457182	SINE/MIR	621	+	109	33457073	1876
chr17	33455197	33655197	harbor1	chr17	33458481	33458686	SINE/MIR	656	+	102	33458583	3386
chr17	33455197	33655197	harbor1	chr17	33487399	33487550	SINE/MIR	615	+	76	33487475	32278
chr17	33455197	33655197	harbor1	chr17	33488084	33488117	SINE/MIR	615	+	16	33488100	32903
chr17	33455197	33655197	harbor1	chr17	33506663	33506853	SINE/MIR	558	+	95	33506758	51561
chr17	33455197	33655197	harbor1	chr17	33508936	33509151	SINE/MIR	526	+	108	33509044	53847
chr17	33455197	33655197	harbor1	chr17	33522416	33522629	SINE/MIR	648	+	106	33522522	67325
chr17	33455197	33655197	harbor1	chr17	33541863	33542066	SINE/MIR	501	+	102	33541965	86768
chr17	33455197	33655197	harbor1	chr17	33537931	33538115	SINE/MIR	680	+	92	33538023	82826
chr17	49314948	49514948	harbor1	chr17	49327937	49328161	SINE/MIR	636	+	112	49328049	13101
chr17	56704203	56904203	harbor1	chr17	56710458	56710626	SINE/MIR	557	+	84	56710542	6339
chr17	56704203	56904203	harbor1	chr17	56718040	56718262	SINE/MIR	649	+	111	56718151	13948
chr17	56704203	56904203	harbor1	chr17	56754429	56754625	SINE/MIR	571	+	98	56754527	50324
chr17	56704203	56904203	harbor1	chr17	56768300	56768536	SINE/MIR	618	+	118	56768418	64215
chr17	56704203	56904203	harbor1	chr17	56774486	56774701	SINE/MIR	1004	+	108	56774594	70391
chr17	56704203	56904203	harbor1	chr17	56778994	56779088	SINE/MIR	592	+	47	56779041	74838
chr17	56704203	56904203	harbor1	chr17	56779121	56779196	SINE/MIR	592	+	38	56779159	74956
chr17	56704203	56904203	harbor1	chr17	56787413	56787609	SINE/MIR	629	+	98	56787511	83308
chr17	13672687	13872687	harbor1	chr17	13678928	13679071	SINE/MIR	483	+	72	13679000	6313
chr17	76257157	76457157	harbor1	chr17	76259648	76259848	SINE/MIR	498	+	100	76259748	2591
chr17	76257157	76457157	harbor1	chr17	76259980	76260042	SINE/MIR	498	+	31	76260011	2854
chr17	76257157	76457157	harbor1	chr17	76274745	76274941	SINE/MIR	733	+	98	76274843	17686
chr17	78483526	78683526	harbor1	chr17	78487144	78487362	SINE/MIR	592	+	109	78487253	3727
chr17	1366461	1566461	harbor1	chr17	1452110	1452364	SINE/MIR	658	+	127	1452237	85776
chr17	50448896	50648896	harbor1	chr17	50481734	50481946	SINE/MIR	656	+	106	50481840	32944
chr17	50448896	50648896	harbor1	chr17	50498621	50498751	SINE/MIR	542	+	65	50498686	49790
chr17	50448896	50648896	harbor1	chr17	50520671	50520872	SINE/MIR	491	+	100	50520771	71875
chr17	50448896	50648896	harbor1	chr17	50537346	50537539	SINE/MIR	578	+	96	50537442	88546
chr17	50448896	50648896	harbor1	chr17	50539922	50540132	SINE/MIR	782	+	105	50540027	91131
chr17	22067008	22267008	harbor1	chr17	22137824	22138024	SINE/MIR	482	+	100	22137924	70916
chr17	80386460	80586460	harbor1	chr17	80397210	80397312	SINE/MIR	495	+	51	80397261	10801
chr17	80386460	80586460	harbor1	chr17	80464965	80465048	SINE/MIR	545	+	42	80465007	78547
chr17	63920891	64120891	harbor1	chr17	63942339	63942475	SINE/MIR	510	+	68	63942407	21516
chr17	63920891	64120891	harbor1	chr17	63952912	63953080	SINE/MIR	720	+	84	63952996	32105
chr17	63920891	64120891	harbor1	chr17	63953389	63953454	SINE/MIR	720	+	32	63953421	32530
chr17	63920891	64120891	harbor1	chr17	64019026	64019212	SINE/MIR	944	+	93	64019119	98228
chr17	71804052	72004052	harbor1	chr17	71815609	71815836	SINE/MIR	696	+	114	71815723	11671
chr17	71804052	72004052	harbor1	chr17	71864496	71864711	SINE/MIR	497	+	108	71864604	60552
chr17	71804052	72004052	harbor1	chr17	71891139	71891321	SINE/MIR	541	+	91	71891230	87178
chr17	31519438	31719438	harbor1	chr17	31610047	31610215	SINE/MIR	501	+	84	31610131	90693
chr17	66588735	66788735	harbor1	chr17	66677603	66677802	SINE/MIR	498	+	100	66677703	88968
chr17	77654730	77854730	harbor1	chr17	77678299	77678421	SINE/MIR	594	+	61	77678360	23630
chr17	77654730	77854730	harbor1	chr17	77706811	77707022	SINE/MIR	711	+	106	77706917	52187
chr17	62239078	62439078	harbor1	chr17	62311798	62312010	SINE/MIR	494	+	106	62311904	72826
chr17	39862049	40062049	harbor1	chr17	39912660	39912823	SINE/MIR	519	+	82	39912742	50693
chr17	39862049	40062049	harbor1	chr17	39913141	39913241	SINE/MIR	519	+	50	39913191	51142
chr17	39862049	40062049	harbor1	chr17	39932037	39932341	SINE/MIR	747	+	152	39932189	70140
chr17	51897855	52097855	harbor1	chr17	51914752	51914976	SINE/MIR	519	+	112	51914864	17009
chr17	45835176	46035176	harbor1	chr17	45848065	45848272	SINE/MIR	627	+	104	45848169	12993
chr17	45835176	46035176	harbor1	chr17	45852350	45852571	SINE/MIR	511	+	110	45852460	17284
chr17	45835176	46035176	harbor1	chr17	45918336	45918532	SINE/MIR	636	+	98	45918434	83258
chr17	45835176	46035176	harbor1	chr17	45922947	45923193	SINE/MIR	515	+	123	45923070	87894
chr17	45835176	46035176	harbor1	chr17	45923765	45924012	SINE/MIR	1104	+	124	45923889	88713
chr17	15386660	15586660	harbor1	chr17	15438561	15438779	SINE/MIR	629	+	109	15438670	52010
chr17	15386660	15586660	harbor1	chr17	15452161	15452332	SINE/MIR	515	+	86	15452247	65587
chr17	15386660	15586660	harbor1	chr17	15454716	15454943	SINE/MIR	510	+	114	15454830	68170
chr17	5232216	5432216	harbor1	chr17	5272693	5272851	SINE/MIR	579	+	79	5272772	40556
chr17	5232216	5432216	harbor1	chr17	5273163	5273208	SINE/MIR	579	+	22	5273185	40969
chr17	14988060	15188060	harbor1	chr17	15041651	15041871	SINE/MIR	760	+	110	15041761	53701
chr17	71323177	71523177	harbor1	chr17	71350073	71350317	SINE/MIR	765	+	122	71350195	27018
chr17	71323177	71523177	harbor1	chr17	71359542	71359777	SINE/MIR	583	+	118	71359660	36483
chr17	71323177	71523177	harbor1	chr17	71370267	71370489	SINE/MIR	556	+	111	71370378	47201
chr17	71323177	71523177	harbor1	chr17	71377592	71377788	SINE/MIR	504	+	98	71377690	54513
chr17	71323177	71523177	harbor1	chr17	71385814	71386011	SINE/MIR	550	+	98	71385912	62735
chr17	71323177	71523177	harbor1	chr17	71391900	71391926	SINE/MIR	503	+	13	71391913	68736
chr17	71323177	71523177	harbor1	chr17	71392531	71392681	SINE/MIR	503	+	75	71392606	69429
chr17	60064482	60264482	harbor1	chr17	60090537	60090777	SINE/MIR	630	+	120	60090657	26175
chr17	60064482	60264482	harbor1	chr17	60097211	60097360	SINE/MIR	566	+	74	60097285	32803
chr17	60064482	60264482	harbor1	chr17	60097503	60097651	SINE/MIR	567	+	74	60097577	33095
chr17	60064482	60264482	harbor1	chr17	60104789	60105009	SINE/MIR	735	+	110	60104899	40417
chr17	60064482	60264482	harbor1	chr17	60105488	60105663	SINE/MIR	584	+	88	60105576	41094
chr17	60064482	60264482	harbor1	chr17	60109902	60110034	SINE/MIR	552	+	66	60109968	45486
chr17	60064482	60264482	harbor1	chr17	60136853	60137071	SINE/MIR	492	+	109	60136962	72480
chr17	60064482	60264482	harbor1	chr17	60145828	60146009	SINE/MIR	490	+	90	60145918	81436
chr17	72370762	72570762	harbor1	chr17	72383848	72384079	SINE/MIR	723	+	116	72383964	13202
chr17	72370762	72570762	harbor1	chr17	72409512	72409692	SINE/MIR	622	+	90	72409602	38840
chr17	72370762	72570762	harbor1	chr17	72439343	72439522	SINE/MIR	771	+	90	72439433	68671
chr17	72370762	72570762	harbor1	chr17	72439875	72439910	SINE/MIR	771	+	18	72439893	69131
chr17	60001909	60201909	harbor1	chr17	60005516	60005664	SINE/MIR	484	+	74	60005590	3681
chr17	60001909	60201909	harbor1	chr17	60090537	60090777	SINE/MIR	630	+	120	60090657	88748
chr17	60001909	60201909	harbor1	chr17	60097211	60097360	SINE/MIR	566	+	74	60097285	95376
chr17	60001909	60201909	harbor1	chr17	60097503	60097651	SINE/MIR	567	+	74	60097577	95668
chr17	80441794	80641794	harbor1	chr17	80464965	80465048	SINE/MIR	545	+	42	80465007	23213
chr17	80441794	80641794	harbor1	chr17	80505491	80505728	SINE/MIR	557	+	118	80505609	63815
chr17	8260718	8460718	harbor1	chr17	8313661	8313747	SINE/MIR	553	+	43	8313704	52986
chr17	8260718	8460718	harbor1	chr17	8314046	8314125	SINE/MIR	553	+	40	8314086	53368
chr17	70012207	70212207	harbor1	chr17	70021964	70022149	SINE/MIR	557	+	92	70022056	9849
chr17	70012207	70212207	harbor1	chr17	70049196	70049439	SINE/MIR	867	+	122	70049318	37111
chr17	70012207	70212207	harbor1	chr17	70059686	70059878	SINE/MIR	548	+	96	70059782	47575
chr17	70508440	70708440	harbor1	chr17	70509420	70509655	SINE/MIR	654	+	118	70509538	1098
chr17	70508440	70708440	harbor1	chr17	70591188	70591398	SINE/MIR	600	+	105	70591293	82853
chr17	1695377	1895377	harbor1	chr17	1699278	1699431	SINE/MIR	560	+	76	1699354	3977
chr17	1695377	1895377	harbor1	chr17	1736955	1737150	SINE/MIR	717	+	98	1737053	41676
chr17	4834158	5034158	harbor1	chr17	4836442	4836700	SINE/MIR	500	+	129	4836571	2413
chr17	4834158	5034158	harbor1	chr17	4862199	4862372	SINE/MIR	843	+	86	4862285	28127
chr17	4834158	5034158	harbor1	chr17	4862673	4862711	SINE/MIR	843	+	19	4862692	28534
chr17	4834158	5034158	harbor1	chr17	4863576	4863777	SINE/MIR	508	+	100	4863676	29518
chr17	41509090	41709090	harbor1	chr17	41510210	41510370	SINE/MIR	507	+	80	41510290	1200
chr17	41509090	41709090	harbor1	chr17	41512197	41512419	SINE/MIR	552	+	111	41512308	3218
chr17	41509090	41709090	harbor1	chr17	41523024	41523192	SINE/MIR	639	+	84	41523108	14018
chr17	41509090	41709090	harbor1	chr17	41544846	41545067	SINE/MIR	572	+	110	41544956	35866
chr17	41509090	41709090	harbor1	chr17	41553804	41553937	SINE/MIR	481	+	66	41553870	44780
chr17	41509090	41709090	harbor1	chr17	41555222	41555389	SINE/MIR	638	+	84	41555306	46216
chr17	41509090	41709090	harbor1	chr17	41555387	41555621	SINE/MIR	662	+	117	41555504	46414
chr17	41509090	41709090	harbor1	chr17	41587595	41587813	SINE/MIR	696	+	109	41587704	78614
chr17	41509090	41709090	harbor1	chr17	41596014	41596259	SINE/MIR	574	+	122	41596136	87046
chr17	68469331	68669331	harbor1	chr17	68498933	68499108	SINE/MIR	671	+	88	68499021	29690
chr17	68469331	68669331	harbor1	chr17	68510231	68510426	SINE/MIR	704	+	98	68510329	40998
chr17	68469331	68669331	harbor1	chr17	68555123	68555326	SINE/MIR	573	+	102	68555225	85894
chr17	29223231	29423231	harbor1	chr17	29245952	29246216	SINE/MIR	494	+	132	29246084	22853
chr17	29223231	29423231	harbor1	chr17	29247388	29247520	SINE/MIR	656	+	66	29247454	24223
chr17	29223231	29423231	harbor1	chr17	29300475	29300707	SINE/MIR	529	+	116	29300591	77360
chr17	29223231	29423231	harbor1	chr17	29316778	29316966	SINE/MIR	517	+	94	29316872	93641
chr17	56314698	56514698	harbor1	chr17	56319960	56320178	SINE/MIR	599	+	109	56320069	5371
chr17	56314698	56514698	harbor1	chr17	56329552	56329726	SINE/MIR	507	+	87	56329639	14941
chr17	56314698	56514698	harbor1	chr17	56331602	56331758	SINE/MIR	519	+	78	56331680	16982
chr17	56314698	56514698	harbor1	chr17	56350527	56350681	SINE/MIR	580	+	77	56350604	35906
chr17	56314698	56514698	harbor1	chr17	56361459	56361584	SINE/MIR	662	+	62	56361521	46823
chr17	56314698	56514698	harbor1	chr17	56362088	56362184	SINE/MIR	662	+	48	56362136	47438
chr17	68343436	68543436	harbor1	chr17	68369647	68369792	SINE/MIR	496	+	72	68369719	26283
chr17	68343436	68543436	harbor1	chr17	68381886	68381947	SINE/MIR	858	+	30	68381916	38480
chr17	68343436	68543436	harbor1	chr17	68382245	68382456	SINE/MIR	858	+	106	68382351	38915
chr17	17337177	17537177	harbor1	chr17	17382159	17382360	SINE/MIR	570	+	100	17382259	45082
chr17	17337177	17537177	harbor1	chr17	17388783	17388990	SINE/MIR	548	+	104	17388887	51710
chr17	17337177	17537177	harbor1	chr17	17433671	17433706	SINE/MIR	518	+	18	17433689	96512
chr17	17337177	17537177	harbor1	chr17	17434021	17434230	SINE/MIR	518	+	104	17434125	96948
chr17	58440404	58640404	harbor1	chr17	58467470	58467736	SINE/MIR	860	+	133	58467603	27199
chr17	58440404	58640404	harbor1	chr17	58473063	58473277	SINE/MIR	698	+	107	58473170	32766
chr17	58440404	58640404	harbor1	chr17	58496717	58496887	SINE/MIR	503	+	85	58496802	56398
chr17	58440404	58640404	harbor1	chr17	58497367	58497564	SINE/MIR	553	+	98	58497465	57061
chr17	58440404	58640404	harbor1	chr17	58533308	58533423	SINE/MIR	630	+	58	58533366	92962
chr17	47405517	47605517	harbor1	chr17	47429413	47429661	SINE/MIR	759	+	124	47429537	24020
chr17	66298211	66498211	harbor1	chr17	66357541	66357710	SINE/MIR	503	+	84	66357625	59414
chr17	66298211	66498211	harbor1	chr17	66386412	66386607	SINE/MIR	519	+	98	66386510	88299
chr17	66298211	66498211	harbor1	chr17	66371447	66371682	SINE/MIR	754	+	118	66371565	73354
chr17	74247114	74447114	harbor1	chr17	74255146	74255386	SINE/MIR	644	+	120	74255266	8152
chr17	6438927	6638927	harbor1	chr17	6440352	6440600	SINE/MIR	718	+	124	6440476	1549
chr17	6438927	6638927	harbor1	chr17	6462053	6462197	SINE/MIR	493	+	72	6462125	23198
chr17	6438927	6638927	harbor1	chr17	6487169	6487388	SINE/MIR	842	+	110	6487279	48352
chr17	6438927	6638927	harbor1	chr17	6504711	6504892	SINE/MIR	780	+	90	6504801	65874
chr17	6438927	6638927	harbor1	chr17	6505197	6505221	SINE/MIR	569	+	12	6505209	66282
chr17	35492876	35692876	harbor1	chr17	35576625	35576858	SINE/MIR	707	+	116	35576741	83865
chr17	67537581	67737581	harbor1	chr17	67566854	67567053	SINE/MIR	540	+	100	67566954	29373
chr17	67537581	67737581	harbor1	chr17	67576278	67576441	SINE/MIR	553	+	82	67576360	38779
chr17	66400066	66600066	harbor1	chr17	66436273	66436513	SINE/MIR	702	+	120	66436393	36327
chr17	44894203	45094203	harbor1	chr17	44896732	44896935	SINE/MIR	600	+	102	44896834	2631
chr17	44894203	45094203	harbor1	chr17	44897240	44897282	SINE/MIR	600	+	21	44897261	3058
chr17	44894203	45094203	harbor1	chr17	44909154	44909360	SINE/MIR	635	+	103	44909257	15054
chr17	44894203	45094203	harbor1	chr17	44912845	44913038	SINE/MIR	577	+	96	44912941	18738
chr17	44894203	45094203	harbor1	chr17	44929410	44929669	SINE/MIR	689	+	130	44929540	35337
chr17	44894203	45094203	harbor1	chr17	44948380	44948506	SINE/MIR	489	+	63	44948443	54240
chr17	44894203	45094203	harbor1	chr17	44958076	44958320	SINE/MIR	486	+	122	44958198	63995
chr17	6491932	6691932	harbor1	chr17	6504711	6504892	SINE/MIR	780	+	90	6504801	12869
chr17	6491932	6691932	harbor1	chr17	6505197	6505221	SINE/MIR	569	+	12	6505209	13277
chr17	6491932	6691932	harbor1	chr17	6542502	6542699	SINE/MIR	646	+	98	6542600	50668
chr17	6491932	6691932	harbor1	chr17	6545072	6545271	SINE/MIR	605	+	100	6545172	53240
chr17	6491932	6691932	harbor1	chr17	6574060	6574222	SINE/MIR	659	+	81	6574141	82209
chr17	6491932	6691932	harbor1	chr17	6578013	6578175	SINE/MIR	712	+	81	6578094	86162
chr17	62665157	62865157	harbor1	chr17	62676638	62676858	SINE/MIR	583	+	110	62676748	11591
chr17	62665157	62865157	harbor1	chr17	62681191	62681405	SINE/MIR	852	+	107	62681298	16141
chr17	62665157	62865157	harbor1	chr17	62691367	62691495	SINE/MIR	492	+	64	62691431	26274
chr17	62665157	62865157	harbor1	chr17	62725736	62725971	SINE/MIR	709	+	118	62725854	60697
chr17	62665157	62865157	harbor1	chr17	62744640	62744788	SINE/MIR	512	+	74	62744714	79557
chr17	62665157	62865157	harbor1	chr17	62762926	62763172	SINE/MIR	640	+	123	62763049	97892
chr17	41266533	41466533	harbor1	chr17	41331296	41331466	SINE/MIR	755	+	85	41331381	64848
chr17	61800855	62000855	harbor1	chr17	61836891	61837077	SINE/MIR	769	+	93	61836984	36129
chr17	61800855	62000855	harbor1	chr17	61844768	61844933	SINE/MIR	503	+	82	61844850	43995
chr17	61800855	62000855	harbor1	chr17	61861726	61861892	SINE/MIR	513	+	83	61861809	60954
chr17	61800855	62000855	harbor1	chr17	61862287	61862482	SINE/MIR	535	+	98	61862385	61530
chr17	61800855	62000855	harbor1	chr17	61870828	61871058	SINE/MIR	1041	+	115	61870943	70088
chr17	61800855	62000855	harbor1	chr17	61875266	61875407	SINE/MIR	498	+	70	61875336	74481
chr17	61800855	62000855	harbor1	chr17	61887042	61887183	SINE/MIR	483	+	70	61887112	86257
chr17	55134541	55334541	harbor1	chr17	55135936	55136163	SINE/MIR	763	+	114	55136050	1509
chr17	55134541	55334541	harbor1	chr17	55137574	55137773	SINE/MIR	865	+	100	55137674	3133
chr17	55134541	55334541	harbor1	chr17	55144750	55145028	SINE/MIR	631	+	139	55144889	10348
chr17	55134541	55334541	harbor1	chr17	55149317	55149573	SINE/MIR	663	+	128	55149445	14904
chr17	50978138	51178138	harbor1	chr17	50983707	50983835	SINE/MIR	493	+	64	50983771	5633
chr17	50978138	51178138	harbor1	chr17	51017561	51017703	SINE/MIR	519	+	71	51017632	39494
chr17	50978138	51178138	harbor1	chr17	51022998	51023184	SINE/MIR	481	+	93	51023091	44953
chr17	15442413	15642413	harbor1	chr17	15452161	15452332	SINE/MIR	515	+	86	15452247	9834
chr17	15442413	15642413	harbor1	chr17	15454716	15454943	SINE/MIR	510	+	114	15454830	12417
chr17	15442413	15642413	harbor1	chr17	15517389	15517606	SINE/MIR	674	+	108	15517497	75084
chr17	75164071	75364071	harbor1	chr17	75221536	75221710	SINE/MIR	504	+	87	75221623	57552
chr17	53552486	53752486	harbor1	chr17	53614020	53614210	SINE/MIR	528	+	95	53614115	61629
chr17	53552486	53752486	harbor1	chr17	53649596	53649838	SINE/MIR	575	+	121	53649717	97231
chr17	70923628	71123628	harbor1	chr17	70936885	70937133	SINE/MIR	762	+	124	70937009	13381
chr17	70923628	71123628	harbor1	chr17	70978686	70978949	SINE/MIR	592	+	132	70978818	55190
chr17	61689302	61889302	harbor1	chr17	61744666	61744800	SINE/MIR	489	+	67	61744733	55431
chr17	68842126	69042126	harbor1	chr17	68918619	68918651	SINE/MIR	687	+	16	68918635	76509
chr17	68842126	69042126	harbor1	chr17	68918959	68919171	SINE/MIR	687	+	106	68919065	76939
chr17	19155229	19355229	harbor1	chr17	19173088	19173247	SINE/MIR	497	+	80	19173168	17939
chr17	19155229	19355229	harbor1	chr17	19205416	19205609	SINE/MIR	669	+	96	19205512	50283
chr17	19155229	19355229	harbor1	chr17	19218847	19219092	SINE/MIR	677	+	122	19218969	63740
chr17	19155229	19355229	harbor1	chr17	19219107	19219347	SINE/MIR	584	+	120	19219227	63998
chr17	19155229	19355229	harbor1	chr17	19233554	19233731	SINE/MIR	679	+	88	19233642	78413
chr17	48588965	48788965	harbor1	chr17	48678861	48679010	SINE/MIR	606	+	74	48678935	89970
chr17	40838357	41038357	harbor1	chr17	40874770	40874878	SINE/MIR	532	+	54	40874824	36467
chr17	40838357	41038357	harbor1	chr17	40899651	40899864	SINE/MIR	627	+	106	40899757	61400
chr17	40838357	41038357	harbor1	chr17	40914921	40915075	SINE/MIR	531	+	77	40914998	76641
chr17	40838357	41038357	harbor1	chr17	40927887	40928090	SINE/MIR	758	+	102	40927989	89632
chr17	34956416	35156416	harbor1	chr17	34970448	34970636	SINE/MIR	489	+	94	34970542	14126
chr17	34956416	35156416	harbor1	chr17	35022075	35022309	SINE/MIR	727	+	117	35022192	65776
chr17	57697138	57897138	harbor1	chr17	57759210	57759358	SINE/MIR	828	+	74	57759284	62146
chr17	57697138	57897138	harbor1	chr17	57760514	57760698	SINE/MIR	554	+	92	57760606	63468
chr17	57697138	57897138	harbor1	chr17	57777546	57777790	SINE/MIR	487	+	122	57777668	80530
chr17	57697138	57897138	harbor1	chr17	57787575	57787724	SINE/MIR	521	+	74	57787649	90511
chr17	44047477	44247477	harbor1	chr17	44133414	44133527	SINE/MIR	488	+	56	44133470	85993
chr17	41546946	41746946	harbor1	chr17	41553804	41553937	SINE/MIR	481	+	66	41553870	6924
chr17	41546946	41746946	harbor1	chr17	41555222	41555389	SINE/MIR	638	+	84	41555306	8360
chr17	41546946	41746946	harbor1	chr17	41555387	41555621	SINE/MIR	662	+	117	41555504	8558
chr17	41546946	41746946	harbor1	chr17	41587595	41587813	SINE/MIR	696	+	109	41587704	40758
chr17	41546946	41746946	harbor1	chr17	41596014	41596259	SINE/MIR	574	+	122	41596136	49190
chr17	41546946	41746946	harbor1	chr17	41609353	41609598	SINE/MIR	637	+	122	41609475	62529
chr17	46051927	46251927	harbor1	chr17	46056365	46056523	SINE/MIR	644	+	79	46056444	4517
chr17	45782149	45982149	harbor1	chr17	45788209	45788376	SINE/MIR	583	+	84	45788293	6144
chr17	45782149	45982149	harbor1	chr17	45788468	45788660	SINE/MIR	649	+	96	45788564	6415
chr17	45782149	45982149	harbor1	chr17	45789787	45789980	SINE/MIR	487	+	96	45789883	7734
chr17	45782149	45982149	harbor1	chr17	45814377	45814580	SINE/MIR	721	+	102	45814479	32330
chr17	45782149	45982149	harbor1	chr17	45831185	45831382	SINE/MIR	773	+	98	45831283	49134
chr17	45782149	45982149	harbor1	chr17	45848065	45848272	SINE/MIR	627	+	104	45848169	66020
chr17	45782149	45982149	harbor1	chr17	45852350	45852571	SINE/MIR	511	+	110	45852460	70311
chr17	69439185	69639185	harbor1	chr17	69442745	69442934	SINE/MIR	616	+	94	69442839	3654
chr17	69439185	69639185	harbor1	chr17	69449080	69449252	SINE/MIR	791	+	86	69449166	9981
chr17	39271552	39471552	harbor1	chr17	39273422	39273545	SINE/MIR	598	+	62	39273484	1932
chr17	39271552	39471552	harbor1	chr17	39273836	39273886	SINE/MIR	598	+	25	39273861	2309
chr17	39271552	39471552	harbor1	chr17	39274175	39274211	SINE/MIR	598	+	18	39274193	2641
chr17	36094304	36294304	harbor1	chr17	36096921	36097149	SINE/MIR	721	+	114	36097035	2731
chr17	36094304	36294304	harbor1	chr17	36103044	36103268	SINE/MIR	758	+	112	36103156	8852
chr17	36094304	36294304	harbor1	chr17	36149798	36150037	SINE/MIR	490	+	120	36149918	55614
chr17	67032577	67232577	harbor1	chr17	67043068	67043265	SINE/MIR	718	+	98	67043166	10589
chr17	67032577	67232577	harbor1	chr17	67131579	67131712	SINE/MIR	629	+	66	67131645	99068
chr17	67032577	67232577	harbor1	chr17	67132445	67132692	SINE/MIR	803	+	124	67132569	99992
chr17	52760920	52960920	harbor1	chr17	52770592	52770827	SINE/MIR	596	+	118	52770710	9790
chr17	52760920	52960920	harbor1	chr17	52845243	52845397	SINE/MIR	482	+	77	52845320	84400
chr17	76113394	76313394	harbor1	chr17	76146177	76146329	SINE/MIR	518	+	76	76146253	32859
chr17	76113394	76313394	harbor1	chr17	76192796	76192832	SINE/MIR	547	+	18	76192814	79420
chr17	76113394	76313394	harbor1	chr17	76193119	76193289	SINE/MIR	547	+	85	76193204	79810
chr17	76113394	76313394	harbor1	chr17	76208350	76208553	SINE/MIR	535	+	102	76208452	95058
chr17	75866579	76066579	harbor1	chr17	75910933	75911138	SINE/MIR	617	+	102	75911035	44456
chr17	75866579	76066579	harbor1	chr17	75911272	75911345	SINE/MIR	617	+	36	75911308	44729
chr17	69260842	69460842	harbor1	chr17	69284958	69285217	SINE/MIR	846	+	130	69285088	24246
chr17	69260842	69460842	harbor1	chr17	69319882	69320131	SINE/MIR	972	+	124	69320006	59164
chr17	69260842	69460842	harbor1	chr17	69326080	69326287	SINE/MIR	522	+	104	69326184	65342
chr17	69260842	69460842	harbor1	chr17	69271407	69271632	SINE/MIR	645	+	112	69271519	10677
chr17	64548935	64748935	harbor1	chr17	64556409	64556642	SINE/MIR	594	+	116	64556525	7590
chr17	64548935	64748935	harbor1	chr17	64570595	64570777	SINE/MIR	601	+	91	64570686	21751
chr17	64548935	64748935	harbor1	chr17	64571081	64571151	SINE/MIR	601	+	35	64571116	22181
chr17	64548935	64748935	harbor1	chr17	64618849	64619129	SINE/MIR	817	+	140	64618989	70054
chr17	64548935	64748935	harbor1	chr17	64632723	64632939	SINE/MIR	537	+	108	64632831	83896
chr17	56374425	56574425	harbor1	chr17	56427774	56427950	SINE/MIR	638	+	88	56427862	53437
chr17	56374425	56574425	harbor1	chr17	56428256	56428305	SINE/MIR	638	+	24	56428280	53855
chr17	56374425	56574425	harbor1	chr17	56451562	56451745	SINE/MIR	665	+	92	56451654	77229
chr17	56374425	56574425	harbor1	chr17	56452827	56453019	SINE/MIR	773	+	96	56452923	78498
chr17	56374425	56574425	harbor1	chr17	56469554	56469758	SINE/MIR	660	+	102	56469656	95231
chr17	32560258	32760258	harbor1	chr17	32574811	32575013	SINE/MIR	752	+	101	32574912	14654
chr17	32560258	32760258	harbor1	chr17	32610504	32610648	SINE/MIR	561	+	72	32610576	50318
chr17	57085617	57285617	harbor1	chr17	57111482	57111699	SINE/MIR	580	+	108	57111590	25973
chr17	57085617	57285617	harbor1	chr17	57135193	57135384	SINE/MIR	621	+	96	57135289	49672
chr17	57085617	57285617	harbor1	chr17	57142234	57142467	SINE/MIR	557	+	116	57142350	56733
chr17	57085617	57285617	harbor1	chr17	57144044	57144197	SINE/MIR	589	+	76	57144120	58503
chr17	57085617	57285617	harbor1	chr17	57144499	57144532	SINE/MIR	589	+	16	57144515	58898
chr17	57085617	57285617	harbor1	chr17	57171160	57171313	SINE/MIR	511	+	76	57171236	85619
chr17	57085617	57285617	harbor1	chr17	57176267	57176480	SINE/MIR	659	+	106	57176373	90756
chr17	56619858	56819858	harbor1	chr17	56654546	56654713	SINE/MIR	605	+	84	56654630	34772
chr17	56619858	56819858	harbor1	chr17	56669821	56670018	SINE/MIR	566	+	98	56669919	50061
chr17	56619858	56819858	harbor1	chr17	56688361	56688575	SINE/MIR	939	+	107	56688468	68610
chr17	56619858	56819858	harbor1	chr17	56688883	56688939	SINE/MIR	939	+	28	56688911	69053
chr17	56619858	56819858	harbor1	chr17	56692996	56693198	SINE/MIR	565	+	101	56693097	73239
chr17	56619858	56819858	harbor1	chr17	56703798	56704007	SINE/MIR	498	+	104	56703902	84044
chr17	56619858	56819858	harbor1	chr17	56710458	56710626	SINE/MIR	557	+	84	56710542	90684
chr17	56619858	56819858	harbor1	chr17	56718040	56718262	SINE/MIR	649	+	111	56718151	98293
chr17	56619858	56819858	harbor1	chr17	56623094	56623288	SINE/MIR	696	+	97	56623191	3333
chr17	48814031	49014031	harbor1	chr17	48815917	48816148	SINE/MIR	911	+	116	48816033	2002
chr17	48814031	49014031	harbor1	chr17	48826001	48826169	SINE/MIR	495	+	84	48826085	12054
chr17	48814031	49014031	harbor1	chr17	48877569	48877780	SINE/MIR	635	+	106	48877675	63644
chr17	59677740	59877740	harbor1	chr17	59711936	59712139	SINE/MIR	560	+	102	59712038	34298
chr17	59677740	59877740	harbor1	chr17	59748424	59748651	SINE/MIR	700	+	114	59748538	70798
chr17	29912854	30112854	harbor1	chr17	29918243	29918406	SINE/MIR	553	+	82	29918325	5471
chr17	29912854	30112854	harbor1	chr17	29921164	29921326	SINE/MIR	616	+	81	29921245	8391
chr17	29912854	30112854	harbor1	chr17	29926928	29927167	SINE/MIR	808	+	120	29927048	14194
chr17	59347672	59547672	harbor1	chr17	59364523	59364612	SINE/MIR	714	+	44	59364567	16895
chr17	59347672	59547672	harbor1	chr17	59364928	59365079	SINE/MIR	714	+	76	59365004	17332
chr17	59347672	59547672	harbor1	chr17	59390789	59390996	SINE/MIR	496	+	104	59390893	43221
chr17	59347672	59547672	harbor1	chr17	59405823	59406026	SINE/MIR	524	+	102	59405925	58253
chr17	59347672	59547672	harbor1	chr17	59415636	59415799	SINE/MIR	565	+	82	59415718	68046
chr17	65644230	65844230	harbor1	chr17	65686901	65687158	SINE/MIR	629	+	128	65687029	42799
chr17	65644230	65844230	harbor1	chr17	65711241	65711483	SINE/MIR	860	+	121	65711362	67132
chr17	65644230	65844230	harbor1	chr17	65740991	65741254	SINE/MIR	793	+	132	65741123	96893
chr17	64615714	64815714	harbor1	chr17	64618849	64619129	SINE/MIR	817	+	140	64618989	3275
chr17	64615714	64815714	harbor1	chr17	64632723	64632939	SINE/MIR	537	+	108	64632831	17117
chr17	64615714	64815714	harbor1	chr17	64711559	64711703	SINE/MIR	554	+	72	64711631	95917
chr17	34714794	34914794	harbor1	chr17	34729435	34729640	SINE/MIR	900	+	102	34729537	14743
chr17	34714794	34914794	harbor1	chr17	34730535	34730716	SINE/MIR	481	+	90	34730625	15831
chr17	34714794	34914794	harbor1	chr17	34761598	34761799	SINE/MIR	569	+	100	34761698	46904
chr17	34714794	34914794	harbor1	chr17	34769851	34769976	SINE/MIR	526	+	62	34769913	55119
chr17	62556837	62756837	harbor1	chr17	62650527	62650746	SINE/MIR	515	+	110	62650637	93800
chr17	4311366	4511366	harbor1	chr17	4382118	4382255	SINE/MIR	483	+	68	4382186	70820
chr17	7556832	7756832	harbor1	chr17	7576305	7576490	SINE/MIR	522	+	92	7576397	19565
chr17	7556832	7756832	harbor1	chr17	7638172	7638356	SINE/MIR	481	+	92	7638264	81432
chr17	12561571	12761571	harbor1	chr17	12565077	12565293	SINE/MIR	531	+	108	12565185	3614
chr17	16410744	16610744	harbor1	chr17	16449275	16449501	SINE/MIR	799	+	113	16449388	38644
chr17	64833728	65033728	harbor1	chr17	64852891	64853032	SINE/MIR	479	+	70	64852961	19233
chr17	64833728	65033728	harbor1	chr17	64853298	64853412	SINE/MIR	479	+	57	64853355	19627
chr17	64833728	65033728	harbor1	chr17	64864601	64864819	SINE/MIR	654	+	109	64864710	30982
chr17	64833728	65033728	harbor1	chr17	64882044	64882224	SINE/MIR	641	+	90	64882134	48406
chr17	51463380	51663380	harbor1	chr17	51500965	51501091	SINE/MIR	509	+	63	51501028	37648
chr17	51463380	51663380	harbor1	chr17	51552190	51552401	SINE/MIR	508	+	106	51552296	88916
chr17	47784906	47984906	harbor1	chr17	47823611	47823799	SINE/MIR	721	+	94	47823705	38799
chr17	47784906	47984906	harbor1	chr17	47830483	47830509	SINE/MIR	583	+	13	47830496	45590
chr17	47784906	47984906	harbor1	chr17	47830806	47831013	SINE/MIR	583	+	104	47830910	46004
chr17	47784906	47984906	harbor1	chr17	47873476	47873610	SINE/MIR	504	+	67	47873543	88637
chr17	47784906	47984906	harbor1	chr17	47882764	47883009	SINE/MIR	1100	+	122	47882886	97980
chr17	40673173	40873173	harbor1	chr17	40682243	40682399	SINE/MIR	512	+	78	40682321	9148
chr17	40673173	40873173	harbor1	chr17	40730664	40730910	SINE/MIR	685	+	123	40730787	57614
chr17	40673173	40873173	harbor1	chr17	40751994	40752221	SINE/MIR	627	+	114	40752108	78935
chr17	40673173	40873173	harbor1	chr17	40765067	40765301	SINE/MIR	582	+	117	40765184	92011
chr17	28224012	28424012	harbor1	chr17	28253724	28253930	SINE/MIR	525	+	103	28253827	29815
chr17	28224012	28424012	harbor1	chr17	28314958	28315135	SINE/MIR	483	+	88	28315046	91034
chr17	2470299	2670299	harbor1	chr17	2478131	2478320	SINE/MIR	563	+	94	2478225	7926
chr17	2470299	2670299	harbor1	chr17	2513727	2513958	SINE/MIR	678	+	116	2513843	43544
chr17	47565416	47765416	harbor1	chr17	47578898	47579106	SINE/MIR	549	+	104	47579002	13586
chr17	47565416	47765416	harbor1	chr17	47641473	47641605	SINE/MIR	784	+	66	47641539	76123
chr17	47565416	47765416	harbor1	chr17	47641926	47642058	SINE/MIR	784	+	66	47641992	76576
chr17	68677269	68877269	harbor1	chr17	68689653	68689866	SINE/MIR	529	+	106	68689759	12490
chr17	68677269	68877269	harbor1	chr17	68702688	68702812	SINE/MIR	486	+	62	68702750	25481
chr17	68677269	68877269	harbor1	chr17	68712730	68712928	SINE/MIR	582	+	99	68712829	35560
chr17	68677269	68877269	harbor1	chr17	68721875	68722108	SINE/MIR	745	+	116	68721991	44722
chr17	68677269	68877269	harbor1	chr17	68750344	68750529	SINE/MIR	479	+	92	68750436	73167
chr17	68677269	68877269	harbor1	chr17	68756056	68756244	SINE/MIR	587	+	94	68756150	78881
chr17	68677269	68877269	harbor1	chr17	68766819	68766984	SINE/MIR	591	+	82	68766901	89632
chr17	79997673	80197673	harbor1	chr17	80033959	80034122	SINE/MIR	558	+	82	80034041	36368
chr17	34883363	35083363	harbor1	chr17	34886121	34886330	SINE/MIR	764	+	104	34886225	2862
chr17	34883363	35083363	harbor1	chr17	34894934	34895144	SINE/MIR	496	+	105	34895039	11676
chr17	34883363	35083363	harbor1	chr17	34897634	34897842	SINE/MIR	752	+	104	34897738	14375
chr17	34883363	35083363	harbor1	chr17	34901562	34901728	SINE/MIR	597	+	83	34901645	18282
chr17	34883363	35083363	harbor1	chr17	34970448	34970636	SINE/MIR	489	+	94	34970542	87179
chr17	40734398	40934398	harbor1	chr17	40751994	40752221	SINE/MIR	627	+	114	40752108	17710
chr17	40734398	40934398	harbor1	chr17	40765067	40765301	SINE/MIR	582	+	117	40765184	30786
chr17	40734398	40934398	harbor1	chr17	40774759	40774978	SINE/MIR	961	+	110	40774869	40471
chr17	40734398	40934398	harbor1	chr17	40827500	40827720	SINE/MIR	601	+	110	40827610	93212
chr17	6251440	6451440	harbor1	chr17	6260227	6260428	SINE/MIR	733	+	100	6260327	8887
chr17	6251440	6451440	harbor1	chr17	6276741	6276909	SINE/MIR	529	+	84	6276825	25385
chr17	6251440	6451440	harbor1	chr17	6276989	6277231	SINE/MIR	586	+	121	6277110	25670
chr17	6251440	6451440	harbor1	chr17	6286907	6287155	SINE/MIR	616	+	124	6287031	35591
chr17	6251440	6451440	harbor1	chr17	6287334	6287460	SINE/MIR	515	+	63	6287397	35957
chr17	6251440	6451440	harbor1	chr17	6287497	6287677	SINE/MIR	738	+	90	6287587	36147
chr17	6251440	6451440	harbor1	chr17	6289304	6289477	SINE/MIR	721	+	86	6289390	37950
chr17	6251440	6451440	harbor1	chr17	6295878	6296022	SINE/MIR	579	+	72	6295950	44510
chr17	6251440	6451440	harbor1	chr17	6305406	6305602	SINE/MIR	675	+	98	6305504	54064
chr17	6251440	6451440	harbor1	chr17	6327581	6327768	SINE/MIR	492	+	94	6327675	76235
chr17	9659677	9859677	harbor1	chr17	9673671	9673883	SINE/MIR	678	+	106	9673777	14100
chr17	9659677	9859677	harbor1	chr17	9675884	9675986	SINE/MIR	566	+	51	9675935	16258
chr17	9659677	9859677	harbor1	chr17	9739029	9739210	SINE/MIR	512	+	90	9739119	79442
chr17	65572253	65772253	harbor1	chr17	65637940	65638127	SINE/MIR	543	+	94	65638034	65781
chr18	47071952	47271952	harbor1	chr18	47099592	47099776	SINE/MIR	716	+	92	47099684	27732
chr18	47071952	47271952	harbor1	chr18	47114276	47114454	SINE/MIR	621	+	89	47114365	42413
chr18	47071952	47271952	harbor1	chr18	47148862	47149086	SINE/MIR	576	+	112	47148974	77022
chr18	12920129	13120129	harbor1	chr18	12927192	12927395	SINE/MIR	650	+	102	12927294	7165
chr18	12920129	13120129	harbor1	chr18	12993651	12993864	SINE/MIR	499	+	106	12993757	73628
chr18	38869184	39069184	harbor1	chr18	38891215	38891440	SINE/MIR	422	+	112	38891327	22143
chr18	38869184	39069184	harbor1	chr18	38923879	38924020	SINE/MIR	450	+	70	38923949	54765
chr18	26390349	26590349	harbor1	chr18	26394778	26394929	SINE/MIR	434	+	76	26394854	4505
chr18	26390349	26590349	harbor1	chr18	26434818	26435009	SINE/MIR	768	+	96	26434914	44565
chr18	26390349	26590349	harbor1	chr18	26451732	26451884	SINE/MIR	417	+	76	26451808	61459
chr18	66800942	67000942	harbor1	chr18	66811299	66811534	SINE/MIR	465	+	118	66811417	10475
chr18	33053002	33253002	harbor1	chr18	33121645	33121796	SINE/MIR	427	+	76	33121721	68719
chr18	33053002	33253002	harbor1	chr18	33122131	33122171	SINE/MIR	427	+	20	33122151	69149
chr18	11266757	11466757	harbor1	chr18	11272105	11272289	SINE/MIR	488	+	92	11272197	5440
chr18	74101275	74301275	harbor1	chr18	74169196	74169330	SINE/MIR	469	+	67	74169263	67988
chr18	74101275	74301275	harbor1	chr18	74199298	74199491	SINE/MIR	473	+	96	74199394	98119
chr18	49439935	49639935	harbor1	chr18	49464510	49464642	SINE/MIR	526	+	66	49464576	24641
chr18	38819398	39019398	harbor1	chr18	38891215	38891440	SINE/MIR	422	+	112	38891327	71929
chr18	32445372	32645372	harbor1	chr18	32473455	32473641	SINE/MIR	682	+	93	32473548	28176
chr18	32445372	32645372	harbor1	chr18	32487738	32487897	SINE/MIR	494	+	80	32487818	42446
chr18	32445372	32645372	harbor1	chr18	32520064	32520227	SINE/MIR	570	+	82	32520146	74774
chr18	32445372	32645372	harbor1	chr18	32543226	32543397	SINE/MIR	504	+	86	32543312	97940
chr18	32445372	32645372	harbor1	chr18	32543405	32543624	SINE/MIR	478	+	110	32543515	98143
chr18	27839434	28039434	harbor1	chr18	27848999	27849214	SINE/MIR	532	+	108	27849107	9673
chr18	27839434	28039434	harbor1	chr18	27870032	27870218	SINE/MIR	524	+	93	27870125	30691
chr18	27839434	28039434	harbor1	chr18	27922220	27922337	SINE/MIR	440	+	58	27922278	82844
chr18	5545803	5745803	harbor1	chr18	5558556	5558793	SINE/MIR	570	+	118	5558674	12871
chr18	5545803	5745803	harbor1	chr18	5562416	5562651	SINE/MIR	501	+	118	5562534	16731
chr18	5545803	5745803	harbor1	chr18	5632745	5632873	SINE/MIR	414	+	64	5632809	87006
chr18	56292364	56492364	harbor1	chr18	56301582	56301776	SINE/MIR	647	+	97	56301679	9315
chr18	56292364	56492364	harbor1	chr18	56303176	56303300	SINE/MIR	496	+	62	56303238	10874
chr18	56292364	56492364	harbor1	chr18	56369087	56369283	SINE/MIR	638	+	98	56369185	76821
chr18	56292364	56492364	harbor1	chr18	56390889	56391010	SINE/MIR	423	+	60	56390949	98585
chr18	8952490	9152490	harbor1	chr18	8978658	8978884	SINE/MIR	486	+	113	8978771	26281
chr18	39197398	39397398	harbor1	chr18	39218210	39218420	SINE/MIR	450	+	105	39218315	20917
chr18	8917045	9117045	harbor1	chr18	8978658	8978884	SINE/MIR	486	+	113	8978771	61726
chr18	26296030	26496030	harbor1	chr18	26362115	26362323	SINE/MIR	567	+	104	26362219	66189
chr18	26296030	26496030	harbor1	chr18	26389112	26389296	SINE/MIR	438	+	92	26389204	93174
chr18	26296030	26496030	harbor1	chr18	26394778	26394929	SINE/MIR	434	+	76	26394854	98824
chr18	75331863	75531863	harbor1	chr18	75342332	75342512	SINE/MIR	740	+	90	75342422	10559
chr18	75331863	75531863	harbor1	chr18	75357496	75357699	SINE/MIR	539	+	102	75357598	25735
chr18	75331863	75531863	harbor1	chr18	75359963	75360211	SINE/MIR	478	+	124	75360087	28224
chr18	75331863	75531863	harbor1	chr18	75371374	75371594	SINE/MIR	786	+	110	75371484	39621
chr18	24111369	24311369	harbor1	chr18	24112335	24112506	SINE/MIR	452	+	86	24112421	1052
chr18	24111369	24311369	harbor1	chr18	24187430	24187648	SINE/MIR	658	+	109	24187539	76170
chr18	42729127	42929127	harbor1	chr18	42744469	42744710	SINE/MIR	526	+	120	42744589	15462
chr18	42729127	42929127	harbor1	chr18	42754933	42755129	SINE/MIR	498	+	98	42755031	25904
chr18	42729127	42929127	harbor1	chr18	42760577	42760712	SINE/MIR	570	+	68	42760645	31518
chr18	42729127	42929127	harbor1	chr18	42817647	42817887	SINE/MIR	712	+	120	42817767	88640
chr18	45955407	46155407	harbor1	chr18	46034400	46034551	SINE/MIR	460	+	76	46034476	79069
chr18	45955407	46155407	harbor1	chr18	46034653	46034894	SINE/MIR	753	+	120	46034773	79366
chr18	22524482	22724482	harbor1	chr18	22525493	22525749	SINE/MIR	500	+	128	22525621	1139
chr18	22524482	22724482	harbor1	chr18	22554037	22554231	SINE/MIR	628	+	97	22554134	29652
chr18	22524482	22724482	harbor1	chr18	22608363	22608606	SINE/MIR	464	+	122	22608485	84003
chr18	43090120	43290120	harbor1	chr18	43105955	43106195	SINE/MIR	447	+	120	43106075	15955
chr18	43090120	43290120	harbor1	chr18	43116790	43117002	SINE/MIR	848	+	106	43116896	26776
chr18	43090120	43290120	harbor1	chr18	43157851	43158040	SINE/MIR	521	+	94	43157945	67825
chr18	70185300	70385300	harbor1	chr18	70189581	70189774	SINE/MIR	489	+	96	70189677	4377
chr18	70185300	70385300	harbor1	chr18	70202652	70202883	SINE/MIR	481	+	116	70202768	17468
chr18	70185300	70385300	harbor1	chr18	70249605	70249829	SINE/MIR	623	+	112	70249717	64417
chr18	70185300	70385300	harbor1	chr18	70267865	70268006	SINE/MIR	566	+	70	70267935	82635
chr18	13469288	13669288	harbor1	chr18	13514201	13514402	SINE/MIR	636	+	100	13514301	45013
chr18	13469288	13669288	harbor1	chr18	13525132	13525336	SINE/MIR	449	+	102	13525234	55946
chr18	13469288	13669288	harbor1	chr18	13543720	13543951	SINE/MIR	479	+	116	13543836	74548
chr18	13469288	13669288	harbor1	chr18	13549826	13549992	SINE/MIR	461	+	83	13549909	80621
chr18	62706206	62906206	harbor1	chr18	62723803	62723920	SINE/MIR	468	+	58	62723861	17655
chr18	62706206	62906206	harbor1	chr18	62730397	62730539	SINE/MIR	437	+	71	62730468	24262
chr18	62706206	62906206	harbor1	chr18	62730809	62730906	SINE/MIR	437	+	48	62730857	24651
chr18	62706206	62906206	harbor1	chr18	62779869	62780065	SINE/MIR	466	+	98	62779967	73761
chr18	62706206	62906206	harbor1	chr18	62781031	62781227	SINE/MIR	564	+	98	62781129	74923
chr19	13229049	13429049	harbor1	chr19	13284073	13284304	SINE/MIR	914	+	116	13284189	55140
chr19	47633082	47833082	harbor1	chr19	47660760	47660928	SINE/MIR	652	+	84	47660844	27762
chr19	47633082	47833082	harbor1	chr19	47661230	47661257	SINE/MIR	652	+	14	47661244	28162
chr19	47633082	47833082	harbor1	chr19	47721617	47721702	SINE/MIR	724	+	42	47721659	88577
chr19	47633082	47833082	harbor1	chr19	47722058	47722164	SINE/MIR	724	+	53	47722111	89029
chr19	36192082	36392082	harbor1	chr19	36218123	36218357	SINE/MIR	742	+	117	36218240	26158
chr19	32748745	32948745	harbor1	chr19	32797331	32797533	SINE/MIR	794	+	101	32797432	48687
chr19	35716426	35916426	harbor1	chr19	35751416	35751552	SINE/MIR	726	+	68	35751484	35058
chr19	35716426	35916426	harbor1	chr19	35751677	35751729	SINE/MIR	726	+	26	35751703	35277
chr19	48650862	48850862	harbor1	chr19	48674986	48675150	SINE/MIR	673	+	82	48675068	24206
chr19	56525386	56725386	harbor1	chr19	56544563	56544770	SINE/MIR	872	+	104	56544667	19281
chr19	33576001	33776001	harbor1	chr19	33598084	33598249	SINE/MIR	820	+	82	33598166	22165
chr19	33576001	33776001	harbor1	chr19	33653605	33653850	SINE/MIR	854	+	122	33653727	77726
chr19	7986721	8186721	harbor1	chr19	8075609	8075785	SINE/MIR	667	+	88	8075697	88976
chr19	10157339	10357339	harbor1	chr19	10216117	10216303	SINE/MIR	812	+	93	10216210	58871
chr19	48155679	48355679	harbor1	chr19	48174183	48174430	SINE/MIR	727	+	124	48174307	18628
chr19	48155679	48355679	harbor1	chr19	48191847	48192085	SINE/MIR	713	+	119	48191966	36287
chr19	45080794	45280794	harbor1	chr19	45170596	45170735	SINE/MIR	645	+	70	45170666	89872
chr19	43346850	43546850	harbor1	chr19	43433770	43433902	SINE/MIR	905	+	66	43433836	86986
chr19	43346850	43546850	harbor1	chr19	43434210	43434287	SINE/MIR	905	+	38	43434248	87398
chr19	9921042	10121042	harbor1	chr19	9935005	9935246	SINE/MIR	658	+	120	9935125	14083
chr19	35823574	36023574	harbor1	chr19	35858995	35859227	SINE/MIR	1026	+	116	35859111	35537
chr19	57212762	57412762	harbor1	chr19	57247400	57247598	SINE/MIR	674	+	99	57247499	34737
chr19	39734302	39934302	harbor1	chr19	39759765	39759936	SINE/MIR	652	+	86	39759851	25549
chr19	39734302	39934302	harbor1	chr19	39773787	39774025	SINE/MIR	764	+	119	39773906	39604
chr19	39734302	39934302	harbor1	chr19	39795248	39795444	SINE/MIR	677	+	98	39795346	61044
chr19	39734302	39934302	harbor1	chr19	39814995	39815232	SINE/MIR	699	+	118	39815113	80811
chr19	43816361	44016361	harbor1	chr19	43829409	43829637	SINE/MIR	800	+	114	43829523	13162
chr19	46673627	46873627	harbor1	chr19	46678769	46678979	SINE/MIR	825	+	105	46678874	5247
chr19	46673627	46873627	harbor1	chr19	46685296	46685487	SINE/MIR	719	+	96	46685392	11765
chr19	46673627	46873627	harbor1	chr19	46687452	46687673	SINE/MIR	832	+	110	46687562	13935
chr19	41185565	41385565	harbor1	chr19	41231401	41231641	SINE/MIR	836	+	120	41231521	45956
chr19	41185565	41385565	harbor1	chr19	41234161	41234338	SINE/MIR	767	+	88	41234249	48684
chr19	41185565	41385565	harbor1	chr19	41235658	41235870	SINE/MIR	698	+	106	41235764	50199
chr19	13329899	13529899	harbor1	chr19	13349063	13349294	SINE/MIR	691	+	116	13349179	19280
chr19	13329899	13529899	harbor1	chr19	13371259	13371482	SINE/MIR	697	+	112	13371371	41472
chr19	13329899	13529899	harbor1	chr19	13372494	13372713	SINE/MIR	811	+	110	13372604	42705
chr19	13329899	13529899	harbor1	chr19	13401244	13401441	SINE/MIR	857	+	98	13401342	71443
chr19	13329899	13529899	harbor1	chr19	13427756	13427774	SINE/MIR	918	+	9	13427765	97866
chr19	13329899	13529899	harbor1	chr19	13427808	13427942	SINE/MIR	918	+	67	13427875	97976
chr19	13329899	13529899	harbor1	chr19	13428222	13428288	SINE/MIR	918	+	33	13428255	98356
chr19	6593652	6793652	harbor1	chr19	6604500	6604674	SINE/MIR	747	+	87	6604587	10935
chr19	7625760	7825760	harbor1	chr19	7704751	7704962	SINE/MIR	686	+	106	7704857	79097
chr19	39285635	39485635	harbor1	chr19	39309849	39309946	SINE/MIR	819	+	48	39309897	24262
chr19	39285635	39485635	harbor1	chr19	39310257	39310363	SINE/MIR	819	+	53	39310310	24675
chr19	39285635	39485635	harbor1	chr19	39316018	39316255	SINE/MIR	896	+	118	39316136	30501
chr19	39285635	39485635	harbor1	chr19	39317609	39317807	SINE/MIR	871	+	99	39317708	32073
chr19	39285635	39485635	harbor1	chr19	39346735	39346961	SINE/MIR	764	+	113	39346848	61213
chr19	45777478	45977478	harbor1	chr19	45869253	45869483	SINE/MIR	748	+	115	45869368	91890
chr19	42524327	42724327	harbor1	chr19	42563015	42563200	SINE/MIR	757	+	92	42563107	38780
chr19	33461054	33661054	harbor1	chr19	33464945	33465151	SINE/MIR	705	+	103	33465048	3994
chr19	33461054	33661054	harbor1	chr19	33528487	33528707	SINE/MIR	767	+	110	33528597	67543
chr19	39840966	40040966	harbor1	chr19	39887260	39887481	SINE/MIR	704	+	110	39887370	46404
chr19	39840966	40040966	harbor1	chr19	39903512	39903733	SINE/MIR	704	+	110	39903622	62656
chr19	39840966	40040966	harbor1	chr19	39908936	39909166	SINE/MIR	735	+	115	39909051	68085
chr19	39840966	40040966	harbor1	chr19	39923827	39924073	SINE/MIR	820	+	123	39923950	82984
chr19	39840966	40040966	harbor1	chr19	39925580	39925812	SINE/MIR	777	+	116	39925696	84730
chr19	47489029	47689029	harbor1	chr19	47556005	47556176	SINE/MIR	726	+	86	47556091	67062
chr19	45139543	45339543	harbor1	chr19	45170596	45170735	SINE/MIR	645	+	70	45170666	31123
chr19	29468999	29668999	harbor1	chr19	29547007	29547092	SINE/MIR	686	+	42	29547049	78050
chr19	29468999	29668999	harbor1	chr19	29547286	29547426	SINE/MIR	686	+	70	29547356	78357
chr19	13266505	13466505	harbor1	chr19	13284073	13284304	SINE/MIR	914	+	116	13284189	17684
chr19	13266505	13466505	harbor1	chr19	13349063	13349294	SINE/MIR	691	+	116	13349179	82674
chr19	43705683	43905683	harbor1	chr19	43740447	43740693	SINE/MIR	757	+	123	43740570	34887
chr19	11106905	11306905	harbor1	chr19	11156220	11156368	SINE/MIR	688	+	74	11156294	49389
chr19	8410181	8610181	harbor1	chr19	8483269	8483487	SINE/MIR	719	+	109	8483378	73197
chr19	16024750	16224750	harbor1	chr19	16060864	16061116	SINE/MIR	896	+	126	16060990	36240
chr19	16024750	16224750	harbor1	chr19	16085589	16085775	SINE/MIR	831	+	93	16085682	60932
chr19	43351328	43551328	harbor1	chr19	43433770	43433902	SINE/MIR	905	+	66	43433836	82508
chr19	43351328	43551328	harbor1	chr19	43434210	43434287	SINE/MIR	905	+	38	43434248	82920
chr19	46374763	46574763	harbor1	chr19	46377228	46377450	SINE/MIR	899	+	111	46377339	2576
chr19	46374763	46574763	harbor1	chr19	46422461	46422685	SINE/MIR	776	+	112	46422573	47810
chr19	38892955	39092955	harbor1	chr19	38919498	38919677	SINE/MIR	664	+	90	38919588	26633
chr19	38892955	39092955	harbor1	chr19	38929584	38929775	SINE/MIR	788	+	96	38929680	36725
chr19	13825237	14025237	harbor1	chr19	13838721	13838893	SINE/MIR	742	+	86	13838807	13570
chr19	31518181	31718181	harbor1	chr19	31571346	31571532	SINE/MIR	669	+	93	31571439	53258
chr19	5113409	5313409	harbor1	chr19	5195348	5195500	SINE/MIR	701	+	76	5195424	82015
chr19	5737327	5937327	harbor1	chr19	5811326	5811534	SINE/MIR	651	+	104	5811430	74103
chr19	13606051	13806051	harbor1	chr19	13618098	13618328	SINE/MIR	1011	+	115	13618213	12162
chr19	43368148	43568148	harbor1	chr19	43433770	43433902	SINE/MIR	905	+	66	43433836	65688
chr19	43368148	43568148	harbor1	chr19	43434210	43434287	SINE/MIR	905	+	38	43434248	66100
chr19	43368148	43568148	harbor1	chr19	43458633	43458973	SINE/MIR	878	+	170	43458803	90655
chr19	17524278	17724278	harbor1	chr19	17622219	17622452	SINE/MIR	820	+	116	17622335	98057
chr19	5110706	5310706	harbor1	chr19	5195348	5195500	SINE/MIR	701	+	76	5195424	84718
chr19	43688101	43888101	harbor1	chr19	43698225	43698362	SINE/MIR	671	+	68	43698293	10192
chr19	43688101	43888101	harbor1	chr19	43740447	43740693	SINE/MIR	757	+	123	43740570	52469
chr19	30668622	30868622	harbor1	chr19	30753634	30753873	SINE/MIR	670	+	120	30753754	85132
chr19	38326618	38526618	harbor1	chr19	38331821	38332063	SINE/MIR	878	+	121	38331942	5324
chr19	38326618	38526618	harbor1	chr19	38346732	38346922	SINE/MIR	745	+	95	38346827	20209
chr19	38326618	38526618	harbor1	chr19	38413564	38413734	SINE/MIR	644	+	85	38413649	87031
chr19	34969181	35169181	harbor1	chr19	35014552	35014743	SINE/MIR	674	+	96	35014648	45467
chr19	34969181	35169181	harbor1	chr19	35016060	35016301	SINE/MIR	821	+	120	35016180	46999
chr19	34969181	35169181	harbor1	chr19	35063751	35063985	SINE/MIR	672	+	117	35063868	94687
chr19	39450055	39650055	harbor1	chr19	39457068	39457299	SINE/MIR	650	+	116	39457184	7129
chr19	57637711	57837711	harbor1	chr19	57667371	57667587	SINE/MIR	762	+	108	57667479	29768
chr19	49704599	49904599	harbor1	chr19	49711550	49711742	SINE/MIR	650	+	96	49711646	7047
chr19	46266753	46466753	harbor1	chr19	46332008	46332232	SINE/MIR	703	+	112	46332120	65367
chr19	28061962	28261962	harbor1	chr19	28144567	28144800	SINE/MIR	848	+	116	28144683	82721
chr19	41830227	42030227	harbor1	chr19	41891201	41891278	SINE/MIR	712	+	38	41891239	61012
chr19	41830227	42030227	harbor1	chr19	41891584	41891727	SINE/MIR	712	+	72	41891656	61429
chr19	55504323	55704323	harbor1	chr19	55520245	55520481	SINE/MIR	660	+	118	55520363	16040
chr19	55504323	55704323	harbor1	chr19	55520761	55520960	SINE/MIR	757	+	100	55520861	16538
chr19	55504323	55704323	harbor1	chr19	55560568	55560756	SINE/MIR	891	+	94	55560662	56339
chr19	48348209	48548209	harbor1	chr19	48422155	48422331	SINE/MIR	764	+	88	48422243	74034
chr19	48348209	48548209	harbor1	chr19	48422627	48422718	SINE/MIR	764	+	46	48422673	74464
chr19	3211739	3411739	harbor1	chr19	3242184	3242251	SINE/MIR	690	+	34	3242218	30479
chr19	3211739	3411739	harbor1	chr19	3242991	3243146	SINE/MIR	690	+	78	3243069	31330
chr19	51448746	51648746	harbor1	chr19	51490045	51490270	SINE/MIR	656	+	112	51490157	41411
chr19	28103113	28303113	harbor1	chr19	28144567	28144800	SINE/MIR	848	+	116	28144683	41570
chr19	28103113	28303113	harbor1	chr19	28198062	28198281	SINE/MIR	877	+	110	28198172	95059
chr19	51429608	51629608	harbor1	chr19	51490045	51490270	SINE/MIR	656	+	112	51490157	60549
chr19	47378038	47578038	harbor1	chr19	47400496	47400722	SINE/MIR	845	+	113	47400609	22571
chr19	47378038	47578038	harbor1	chr19	47408674	47408834	SINE/MIR	643	+	80	47408754	30716
chr19	47378038	47578038	harbor1	chr19	47438209	47438396	SINE/MIR	925	+	94	47438303	60265
chr19	40409267	40609267	harbor1	chr19	40422296	40422458	SINE/MIR	656	+	81	40422377	13110
chr19	39928904	40128904	harbor1	chr19	39975536	39975746	SINE/MIR	735	+	105	39975641	46737
chr19	40471769	40671769	harbor1	chr19	40539359	40539477	SINE/MIR	646	+	59	40539418	67649
chr19	40471769	40671769	harbor1	chr19	40539779	40539882	SINE/MIR	646	+	52	40539831	68062
chr19	40471769	40671769	harbor1	chr19	40552994	40553197	SINE/MIR	664	+	102	40553096	81327
chr19	40471769	40671769	harbor1	chr19	40556327	40556485	SINE/MIR	695	+	79	40556406	84637
chr19	33052296	33252296	harbor1	chr19	33098508	33098755	SINE/MIR	815	+	124	33098632	46336
chr19	46681120	46881120	harbor1	chr19	46685296	46685487	SINE/MIR	719	+	96	46685392	4272
chr19	46681120	46881120	harbor1	chr19	46687452	46687673	SINE/MIR	832	+	110	46687562	6442
chr19	17339965	17539965	harbor1	chr19	17360069	17360288	SINE/MIR	685	+	110	17360179	20214
chr19	40021517	40221517	harbor1	chr19	40047685	40047918	SINE/MIR	865	+	116	40047801	26284
chr19	40021517	40221517	harbor1	chr19	40082134	40082392	SINE/MIR	871	+	129	40082263	60746
chr19	45884770	46084770	harbor1	chr19	45901057	45901254	SINE/MIR	707	+	98	45901155	16385
chr19	45884770	46084770	harbor1	chr19	45947901	45948061	SINE/MIR	671	+	80	45947981	63211
chr19	45884770	46084770	harbor1	chr19	45965744	45965945	SINE/MIR	730	+	100	45965844	81074
chr19	45884770	46084770	harbor1	chr19	45970050	45970233	SINE/MIR	800	+	92	45970142	85372
chr19	57576147	57776147	harbor1	chr19	57667371	57667587	SINE/MIR	762	+	108	57667479	91332
chr19	34610698	34810698	harbor1	chr19	34686917	34687151	SINE/MIR	712	+	117	34687034	76336
chr19	49907208	50107208	harbor1	chr19	49938165	49938346	SINE/MIR	776	+	90	49938255	31047
chr19	49907208	50107208	harbor1	chr19	49990141	49990360	SINE/MIR	832	+	110	49990251	83043
chr19	35824158	36024158	harbor1	chr19	35858995	35859227	SINE/MIR	1026	+	116	35859111	34953
chr19	30323778	30523778	harbor1	chr19	30404393	30404627	SINE/MIR	718	+	117	30404510	80732
chr19	44308673	44508673	harbor1	chr19	44340990	44341207	SINE/MIR	661	+	108	44341098	32425
chr19	48042049	48242049	harbor1	chr19	48042970	48043016	SINE/MIR	837	+	23	48042993	944
chr19	48042049	48242049	harbor1	chr19	48043307	48043507	SINE/MIR	837	+	100	48043407	1358
chr19	29164714	29364714	harbor1	chr19	29215047	29215241	SINE/MIR	889	+	97	29215144	50430
chr19	47087876	47287876	harbor1	chr19	47138346	47138506	SINE/MIR	755	+	80	47138426	50550
chr19	36137360	36337360	harbor1	chr19	36218123	36218357	SINE/MIR	742	+	117	36218240	80880
chr19	56547418	56747418	harbor1	chr19	56631928	56632102	SINE/MIR	692	+	87	56632015	84597
chr19	34655958	34855958	harbor1	chr19	34686917	34687151	SINE/MIR	712	+	117	34687034	31076
chr19	34655958	34855958	harbor1	chr19	34745229	34745466	SINE/MIR	790	+	118	34745347	89389
chr19	47702616	47902616	harbor1	chr19	47721617	47721702	SINE/MIR	724	+	42	47721659	19043
chr19	47702616	47902616	harbor1	chr19	47722058	47722164	SINE/MIR	724	+	53	47722111	19495
chr19	47702616	47902616	harbor1	chr19	47762692	47762939	SINE/MIR	875	+	124	47762816	60200
chr19	41375986	41575986	harbor1	chr19	41391408	41391556	SINE/MIR	686	+	74	41391482	15496
chr19	23918914	24118914	harbor1	chr19	23934648	23934855	SINE/MIR	648	+	104	23934752	15838
chr19	40729410	40929410	harbor1	chr19	40747892	40748121	SINE/MIR	668	+	114	40748006	18596
chr19	40729410	40929410	harbor1	chr19	40779202	40779416	SINE/MIR	804	+	107	40779309	49899
chr19	40729410	40929410	harbor1	chr19	40779819	40779852	SINE/MIR	804	+	16	40779835	50425
chr19	49709102	49909102	harbor1	chr19	49711550	49711742	SINE/MIR	650	+	96	49711646	2544
chr19	16059961	16259961	harbor1	chr19	16060864	16061116	SINE/MIR	896	+	126	16060990	1029
chr19	16059961	16259961	harbor1	chr19	16085589	16085775	SINE/MIR	831	+	93	16085682	25721
chr19	28803526	29003526	harbor1	chr19	28893432	28893664	SINE/MIR	751	+	116	28893548	90022
chr19	28803526	29003526	harbor1	chr19	28901819	28902062	SINE/MIR	729	+	122	28901941	98415
chr19	14466793	14666793	harbor1	chr19	14492824	14492999	SINE/MIR	646	+	88	14492912	26119
chr19	14466793	14666793	harbor1	chr19	14519980	14520201	SINE/MIR	773	+	110	14520090	53297
chr19	38155672	38355672	harbor1	chr19	38169407	38169603	SINE/MIR	773	+	98	38169505	13833
chr19	38155672	38355672	harbor1	chr19	38175010	38175269	SINE/MIR	834	+	130	38175140	19468
chr19	38155672	38355672	harbor1	chr19	38224788	38224968	SINE/MIR	891	+	90	38224878	69206
chr19	38155672	38355672	harbor1	chr19	38252598	38252822	SINE/MIR	1039	+	112	38252710	97038
chr19	40953641	41153641	harbor1	chr19	41023571	41023598	SINE/MIR	689	+	14	41023585	69944
chr19	40953641	41153641	harbor1	chr19	41023832	41024066	SINE/MIR	778	+	117	41023949	70308
chr19	42555159	42755159	harbor1	chr19	42563015	42563200	SINE/MIR	757	+	92	42563107	7948
chr19	40354755	40554755	harbor1	chr19	40368218	40368385	SINE/MIR	763	+	84	40368302	13547
chr19	40354755	40554755	harbor1	chr19	40374211	40374381	SINE/MIR	722	+	85	40374296	19541
chr19	40354755	40554755	harbor1	chr19	40422296	40422458	SINE/MIR	656	+	81	40422377	67622
chr19	41544529	41744529	harbor1	chr19	41579738	41579978	SINE/MIR	688	+	120	41579858	35329
chr19	42533792	42733792	harbor1	chr19	42563015	42563200	SINE/MIR	757	+	92	42563107	29315
chr19	42278497	42478497	harbor1	chr19	42319155	42319409	SINE/MIR	899	+	127	42319282	40785
chr19	46326583	46526583	harbor1	chr19	46332008	46332232	SINE/MIR	703	+	112	46332120	5537
chr19	46326583	46526583	harbor1	chr19	46377228	46377450	SINE/MIR	899	+	111	46377339	50756
chr19	46326583	46526583	harbor1	chr19	46422461	46422685	SINE/MIR	776	+	112	46422573	95990
chr19	49979549	50179549	harbor1	chr19	49990141	49990360	SINE/MIR	832	+	110	49990251	10702
chr19	49979549	50179549	harbor1	chr19	50018030	50018247	SINE/MIR	699	+	108	50018138	38589
chr19	49979549	50179549	harbor1	chr19	50047229	50047462	SINE/MIR	849	+	116	50047345	67796
chr19	40976993	41176993	harbor1	chr19	41023571	41023598	SINE/MIR	689	+	14	41023585	46592
chr19	40976993	41176993	harbor1	chr19	41023832	41024066	SINE/MIR	778	+	117	41023949	46956
chr19	7619759	7819759	harbor1	chr19	7704751	7704962	SINE/MIR	686	+	106	7704857	85098
chr19	17750488	17950488	harbor1	chr19	17773178	17773385	SINE/MIR	706	+	104	17773282	22794
chr19	17750488	17950488	harbor1	chr19	17808576	17808784	SINE/MIR	742	+	104	17808680	58192
chr19	3238206	3438206	harbor1	chr19	3242184	3242251	SINE/MIR	690	+	34	3242218	4012
chr19	3238206	3438206	harbor1	chr19	3242991	3243146	SINE/MIR	690	+	78	3243069	4863
chr19	40536226	40736226	harbor1	chr19	40539359	40539477	SINE/MIR	646	+	59	40539418	3192
chr19	40536226	40736226	harbor1	chr19	40539779	40539882	SINE/MIR	646	+	52	40539831	3605
chr19	40536226	40736226	harbor1	chr19	40552994	40553197	SINE/MIR	664	+	102	40553096	16870
chr19	40536226	40736226	harbor1	chr19	40556327	40556485	SINE/MIR	695	+	79	40556406	20180
chr19	46273520	46473520	harbor1	chr19	46332008	46332232	SINE/MIR	703	+	112	46332120	58600
chr19	50130530	50330530	harbor1	chr19	50199790	50199985	SINE/MIR	825	+	98	50199888	69358
chr19	50130530	50330530	harbor1	chr19	50202867	50203117	SINE/MIR	683	+	125	50202992	72462
chr19	50130530	50330530	harbor1	chr19	50227739	50227979	SINE/MIR	665	+	120	50227859	97329
chr19	44980412	45180412	harbor1	chr19	45030884	45031081	SINE/MIR	681	+	98	45030982	50570
chr19	12706380	12906380	harbor1	chr19	12788161	12788404	SINE/MIR	853	+	122	12788283	81903
chr19	49678935	49878935	harbor1	chr19	49711550	49711742	SINE/MIR	650	+	96	49711646	32711
chr19	57883378	58083378	harbor1	chr19	57977163	57977368	SINE/MIR	692	+	102	57977265	93887
chr19	29969100	30169100	harbor1	chr19	29974059	29974259	SINE/MIR	803	+	100	29974159	5059
chr19	5712177	5912177	harbor1	chr19	5811326	5811534	SINE/MIR	651	+	104	5811430	99253
chr19	41967650	42167650	harbor1	chr19	42054908	42055169	SINE/MIR	847	+	130	42055038	87388
chr19	30699281	30899281	harbor1	chr19	30753634	30753873	SINE/MIR	670	+	120	30753754	54473
chr19	38724202	38924202	harbor1	chr19	38747195	38747410	SINE/MIR	981	+	108	38747303	23101
chr19	38724202	38924202	harbor1	chr19	38820409	38820631	SINE/MIR	706	+	111	38820520	96318
chr19	10619751	10819751	harbor1	chr19	10628762	10628934	SINE/MIR	744	+	86	10628848	9097
chr19	40969345	41169345	harbor1	chr19	41023571	41023598	SINE/MIR	689	+	14	41023585	54240
chr19	40969345	41169345	harbor1	chr19	41023832	41024066	SINE/MIR	778	+	117	41023949	54604
chr19	43584962	43784962	harbor1	chr19	43673766	43673965	SINE/MIR	659	+	100	43673866	88904
chr19	43584962	43784962	harbor1	chr19	43674281	43674333	SINE/MIR	659	+	26	43674307	89345
chr19	45142329	45342329	harbor1	chr19	45170596	45170735	SINE/MIR	645	+	70	45170666	28337
chr19	56430803	56630803	harbor1	chr19	56457379	56457617	SINE/MIR	714	+	119	56457498	26695
chr19	56704905	56904905	harbor1	chr19	56791164	56791413	SINE/MIR	716	+	124	56791288	86383
chr19	30702719	30902719	harbor1	chr19	30753634	30753873	SINE/MIR	670	+	120	30753754	51035
chr19	43776277	43976277	harbor1	chr19	43829409	43829637	SINE/MIR	800	+	114	43829523	53246
chr19	42047509	42247509	harbor1	chr19	42054908	42055169	SINE/MIR	847	+	130	42055038	7529
chr19	42047509	42247509	harbor1	chr19	42073133	42073367	SINE/MIR	704	+	117	42073250	25741
chr19	42047509	42247509	harbor1	chr19	42092650	42092899	SINE/MIR	855	+	124	42092774	45265
chr19	35446792	35646792	harbor1	chr19	35479188	35479344	SINE/MIR	667	+	78	35479266	32474
chr19	11472338	11672338	harbor1	chr19	11497352	11497578	SINE/MIR	714	+	113	11497465	25127
chr19	55409140	55609140	harbor1	chr19	55443974	55444159	SINE/MIR	689	+	92	55444066	34926
chr19	50038465	50238465	harbor1	chr19	50047229	50047462	SINE/MIR	849	+	116	50047345	8880
chr19	40038073	40238073	harbor1	chr19	40047685	40047918	SINE/MIR	865	+	116	40047801	9728
chr19	40038073	40238073	harbor1	chr19	40082134	40082392	SINE/MIR	871	+	129	40082263	44190
chr20	61370575	61570575	harbor1	chr20	61374444	61374577	SINE/MIR	492	+	66	61374510	3935
chr20	17757330	17957330	harbor1	chr20	17812884	17813086	SINE/MIR	679	+	101	17812985	55655
chr20	17757330	17957330	harbor1	chr20	17813385	17813440	SINE/MIR	679	+	28	17813413	56083
chr20	17757330	17957330	harbor1	chr20	17819352	17819374	SINE/MIR	637	+	11	17819363	62033
chr20	17757330	17957330	harbor1	chr20	17819735	17819869	SINE/MIR	637	+	67	17819802	62472
chr20	64014144	64214144	harbor1	chr20	64096341	64096516	SINE/MIR	433	+	88	64096429	82285
chr20	44779652	44979652	harbor1	chr20	44782008	44782186	SINE/MIR	488	+	89	44782097	2445
chr20	44779652	44979652	harbor1	chr20	44785568	44785728	SINE/MIR	493	+	80	44785648	5996
chr20	44779652	44979652	harbor1	chr20	44791360	44791543	SINE/MIR	692	+	92	44791452	11800
chr20	44779652	44979652	harbor1	chr20	44792222	44792295	SINE/MIR	554	+	36	44792258	12606
chr20	44779652	44979652	harbor1	chr20	44792592	44792773	SINE/MIR	554	+	90	44792682	13030
chr20	44779652	44979652	harbor1	chr20	44795219	44795354	SINE/MIR	637	+	68	44795287	15635
chr20	44779652	44979652	harbor1	chr20	44795644	44795718	SINE/MIR	637	+	37	44795681	16029
chr20	44779652	44979652	harbor1	chr20	44798284	44798482	SINE/MIR	523	+	99	44798383	18731
chr20	44779652	44979652	harbor1	chr20	44803267	44803400	SINE/MIR	493	+	66	44803333	23681
chr20	44779652	44979652	harbor1	chr20	44806721	44806965	SINE/MIR	825	+	122	44806843	27191
chr20	44779652	44979652	harbor1	chr20	44817145	44817331	SINE/MIR	547	+	93	44817238	37586
chr20	44779652	44979652	harbor1	chr20	44820300	44820470	SINE/MIR	496	+	85	44820385	40733
chr20	44779652	44979652	harbor1	chr20	44820483	44820685	SINE/MIR	768	+	101	44820584	40932
chr20	6845781	7045781	harbor1	chr20	6848541	6848714	SINE/MIR	439	+	86	6848627	2846
chr20	6845781	7045781	harbor1	chr20	6871776	6871998	SINE/MIR	835	+	111	6871887	26106
chr20	6845781	7045781	harbor1	chr20	6898244	6898379	SINE/MIR	537	+	68	6898312	52531
chr20	6845781	7045781	harbor1	chr20	6908362	6908577	SINE/MIR	513	+	108	6908470	62689
chr20	6845781	7045781	harbor1	chr20	6919345	6919513	SINE/MIR	662	+	84	6919429	73648
chr20	6845781	7045781	harbor1	chr20	6919836	6919919	SINE/MIR	662	+	42	6919878	74097
chr20	6845781	7045781	harbor1	chr20	6941897	6942153	SINE/MIR	548	+	128	6942025	96244
chr20	20691771	20891771	harbor1	chr20	20701117	20701332	SINE/MIR	802	+	108	20701225	9454
chr20	20691771	20891771	harbor1	chr20	20751558	20751755	SINE/MIR	438	+	98	20751656	59885
chr20	41219839	41419839	harbor1	chr20	41225115	41225309	SINE/MIR	523	+	97	41225212	5373
chr20	41219839	41419839	harbor1	chr20	41247301	41247536	SINE/MIR	424	+	118	41247419	27580
chr20	41219839	41419839	harbor1	chr20	41254278	41254466	SINE/MIR	696	+	94	41254372	34533
chr20	41219839	41419839	harbor1	chr20	41254515	41254771	SINE/MIR	738	+	128	41254643	34804
chr20	41219839	41419839	harbor1	chr20	41285738	41285951	SINE/MIR	668	+	106	41285844	66005
chr20	18831823	19031823	harbor1	chr20	18837159	18837363	SINE/MIR	843	+	102	18837261	5438
chr20	18831823	19031823	harbor1	chr20	18852034	18852171	SINE/MIR	421	+	68	18852102	20279
chr20	18831823	19031823	harbor1	chr20	18856432	18856583	SINE/MIR	426	+	76	18856508	24685
chr20	18831823	19031823	harbor1	chr20	18856602	18856797	SINE/MIR	519	+	98	18856700	24877
chr20	11155507	11355507	harbor1	chr20	11161045	11161279	SINE/MIR	554	+	117	11161162	5655
chr20	11155507	11355507	harbor1	chr20	11165935	11166117	SINE/MIR	470	+	91	11166026	10519
chr20	11155507	11355507	harbor1	chr20	11198520	11198692	SINE/MIR	414	+	86	11198606	43099
chr20	11155507	11355507	harbor1	chr20	11199958	11200175	SINE/MIR	623	+	108	11200066	44559
chr20	11155507	11355507	harbor1	chr20	11221021	11221253	SINE/MIR	843	+	116	11221137	65630
chr20	11155507	11355507	harbor1	chr20	11223154	11223336	SINE/MIR	516	+	91	11223245	67738
chr20	11155507	11355507	harbor1	chr20	11253289	11253500	SINE/MIR	520	+	106	11253395	97888
chr20	23158929	23358929	harbor1	chr20	23201469	23201671	SINE/MIR	413	+	101	23201570	42641
chr20	13106023	13306023	harbor1	chr20	13109316	13109569	SINE/MIR	917	+	126	13109442	3419
chr20	13106023	13306023	harbor1	chr20	13122492	13122690	SINE/MIR	641	+	99	13122591	16568
chr20	13106023	13306023	harbor1	chr20	13127996	13128189	SINE/MIR	468	+	96	13128092	22069
chr20	13106023	13306023	harbor1	chr20	13131338	13131492	SINE/MIR	451	+	77	13131415	25392
chr20	13106023	13306023	harbor1	chr20	13152086	13152328	SINE/MIR	586	+	121	13152207	46184
chr20	13106023	13306023	harbor1	chr20	13156432	13156665	SINE/MIR	628	+	116	13156548	50525
chr20	13106023	13306023	harbor1	chr20	13181670	13181894	SINE/MIR	616	+	112	13181782	75759
chr20	58260032	58460032	harbor1	chr20	58266308	58266538	SINE/MIR	627	+	115	58266423	6391
chr20	58260032	58460032	harbor1	chr20	58302107	58302271	SINE/MIR	522	+	82	58302189	42157
chr20	58260032	58460032	harbor1	chr20	58317027	58317103	SINE/MIR	454	+	38	58317065	57033
chr20	58260032	58460032	harbor1	chr20	58317397	58317553	SINE/MIR	454	+	78	58317475	57443
chr20	58260032	58460032	harbor1	chr20	58318802	58318998	SINE/MIR	546	+	98	58318900	58868
chr20	42199979	42399979	harbor1	chr20	42200174	42200417	SINE/MIR	734	+	122	42200296	317
chr20	42199979	42399979	harbor1	chr20	42212516	42212765	SINE/MIR	784	+	124	42212640	12661
chr20	42199979	42399979	harbor1	chr20	42214843	42215082	SINE/MIR	700	+	120	42214963	14984
chr20	42199979	42399979	harbor1	chr20	42265258	42265469	SINE/MIR	540	+	106	42265364	65385
chr20	59455789	59655789	harbor1	chr20	59488326	59488570	SINE/MIR	601	+	122	59488448	32659
chr20	34758637	34958637	harbor1	chr20	34776551	34776783	SINE/MIR	632	+	116	34776667	18030
chr20	34758637	34958637	harbor1	chr20	34817985	34818208	SINE/MIR	470	+	112	34818097	59460
chr20	34758637	34958637	harbor1	chr20	34833003	34833149	SINE/MIR	493	+	73	34833076	74439
chr20	34758637	34958637	harbor1	chr20	34842472	34842620	SINE/MIR	522	+	74	34842546	83909
chr20	34758637	34958637	harbor1	chr20	34844354	34844552	SINE/MIR	775	+	99	34844453	85816
chr20	34758637	34958637	harbor1	chr20	34845524	34845744	SINE/MIR	772	+	110	34845634	86997
chr20	34758637	34958637	harbor1	chr20	34850417	34850641	SINE/MIR	666	+	112	34850529	91892
chr20	34758637	34958637	harbor1	chr20	34848670	34848822	SINE/MIR	556	+	76	34848746	90109
chr20	55891299	56091299	harbor1	chr20	55915101	55915297	SINE/MIR	429	+	98	55915199	23900
chr20	55891299	56091299	harbor1	chr20	55939623	55939769	SINE/MIR	417	+	73	55939696	48397
chr20	55891299	56091299	harbor1	chr20	55940136	55940197	SINE/MIR	417	+	30	55940166	48867
chr20	55891299	56091299	harbor1	chr20	55950665	55950850	SINE/MIR	518	+	92	55950757	59458
chr20	55891299	56091299	harbor1	chr20	55956459	55956693	SINE/MIR	526	+	117	55956576	65277
chr20	55891299	56091299	harbor1	chr20	55956721	55956935	SINE/MIR	521	+	107	55956828	65529
chr20	52563354	52763354	harbor1	chr20	52602463	52602686	SINE/MIR	543	+	112	52602575	39221
chr20	52563354	52763354	harbor1	chr20	52631005	52631239	SINE/MIR	865	+	117	52631122	67768
chr20	52563354	52763354	harbor1	chr20	52649253	52649343	SINE/MIR	498	+	45	52649298	85944
chr20	52563354	52763354	harbor1	chr20	52649812	52649940	SINE/MIR	498	+	64	52649876	86522
chr20	22657682	22857682	harbor1	chr20	22752043	22752228	SINE/MIR	413	+	92	22752135	94453
chr20	30197384	30397384	harbor1	chr20	30226535	30226728	SINE/MIR	433	+	96	30226631	29247
chr20	30197384	30397384	harbor1	chr20	30296435	30296651	SINE/MIR	462	+	108	30296543	99159
chr20	35958756	36158756	harbor1	chr20	35969112	35969355	SINE/MIR	925	+	122	35969234	10478
chr20	35958756	36158756	harbor1	chr20	35980226	35980336	SINE/MIR	462	+	55	35980281	21525
chr20	35958756	36158756	harbor1	chr20	35986346	35986572	SINE/MIR	703	+	113	35986459	27703
chr20	35958756	36158756	harbor1	chr20	35997482	35997732	SINE/MIR	721	+	125	35997607	38851
chr20	35958756	36158756	harbor1	chr20	36019985	36020070	SINE/MIR	857	+	42	36020027	61271
chr20	35958756	36158756	harbor1	chr20	36020381	36020537	SINE/MIR	857	+	78	36020459	61703
chr20	58030911	58230911	harbor1	chr20	58057872	58058047	SINE/MIR	522	+	88	58057960	27049
chr20	58030911	58230911	harbor1	chr20	58065769	58065963	SINE/MIR	787	+	97	58065866	34955
chr20	58030911	58230911	harbor1	chr20	58087962	58088190	SINE/MIR	477	+	114	58088076	57165
chr20	58030911	58230911	harbor1	chr20	58094935	58095131	SINE/MIR	545	+	98	58095033	64122
chr20	58030911	58230911	harbor1	chr20	58104168	58104366	SINE/MIR	553	+	99	58104267	73356
chr20	58030911	58230911	harbor1	chr20	58114567	58114765	SINE/MIR	439	+	99	58114666	83755
chr20	51830911	52030911	harbor1	chr20	51831167	51831397	SINE/MIR	654	+	115	51831282	371
chr20	51830911	52030911	harbor1	chr20	51880709	51880864	SINE/MIR	612	+	78	51880787	49876
chr20	51830911	52030911	harbor1	chr20	51881163	51881242	SINE/MIR	612	+	40	51881203	50292
chr20	51830911	52030911	harbor1	chr20	51900310	51900550	SINE/MIR	480	+	120	51900430	69519
chr20	51830911	52030911	harbor1	chr20	51911323	51911510	SINE/MIR	767	+	94	51911417	80506
chr20	51830911	52030911	harbor1	chr20	51919845	51919972	SINE/MIR	433	+	64	51919909	88998
chr20	51830911	52030911	harbor1	chr20	51923216	51923406	SINE/MIR	743	+	95	51923311	92400
chr20	33531992	33731992	harbor1	chr20	33626295	33626462	SINE/MIR	448	+	84	33626379	94387
chr20	23018105	23218105	harbor1	chr20	23018278	23018525	SINE/MIR	823	+	124	23018402	297
chr20	23018105	23218105	harbor1	chr20	23053816	23054050	SINE/MIR	731	+	117	23053933	35828
chr20	23018105	23218105	harbor1	chr20	23067731	23067937	SINE/MIR	512	+	103	23067834	49729
chr20	23018105	23218105	harbor1	chr20	23093292	23093446	SINE/MIR	557	+	77	23093369	75264
chr20	44269064	44469064	harbor1	chr20	44273081	44273267	SINE/MIR	852	+	93	44273174	4110
chr20	44269064	44469064	harbor1	chr20	44331326	44331486	SINE/MIR	561	+	80	44331406	62342
chr20	44269064	44469064	harbor1	chr20	44331856	44332098	SINE/MIR	813	+	121	44331977	62913
chr20	44269064	44469064	harbor1	chr20	44333377	44333573	SINE/MIR	737	+	98	44333475	64411
chr20	44269064	44469064	harbor1	chr20	44335749	44335965	SINE/MIR	647	+	108	44335857	66793
chr20	44269064	44469064	harbor1	chr20	44348119	44348279	SINE/MIR	448	+	80	44348199	79135
chr20	44269064	44469064	harbor1	chr20	44357157	44357344	SINE/MIR	650	+	94	44357251	88187
chr20	44269064	44469064	harbor1	chr20	44362797	44362838	SINE/MIR	833	+	20	44362817	93753
chr20	44269064	44469064	harbor1	chr20	44363156	44363314	SINE/MIR	833	+	79	44363235	94171
chr20	10417114	10617114	harbor1	chr20	10430215	10430454	SINE/MIR	656	+	120	10430335	13221
chr20	10417114	10617114	harbor1	chr20	10437823	10438052	SINE/MIR	827	+	114	10437937	20823
chr20	10417114	10617114	harbor1	chr20	10472569	10472710	SINE/MIR	428	+	70	10472639	55525
chr20	2881387	3081387	harbor1	chr20	2890300	2890515	SINE/MIR	543	+	108	2890408	9021
chr20	2881387	3081387	harbor1	chr20	2902914	2903041	SINE/MIR	982	+	64	2902978	21591
chr20	2881387	3081387	harbor1	chr20	2903278	2903376	SINE/MIR	982	+	49	2903327	21940
chr20	2881387	3081387	harbor1	chr20	2918797	2919050	SINE/MIR	578	+	126	2918923	37536
chr20	2881387	3081387	harbor1	chr20	2966197	2966441	SINE/MIR	834	+	122	2966319	84932
chr20	41546184	41746184	harbor1	chr20	41577793	41577986	SINE/MIR	525	+	96	41577889	31705
chr20	41546184	41746184	harbor1	chr20	41601671	41601841	SINE/MIR	727	+	85	41601756	55572
chr20	41546184	41746184	harbor1	chr20	41625594	41625669	SINE/MIR	416	+	38	41625632	79448
chr20	41546184	41746184	harbor1	chr20	41625976	41626074	SINE/MIR	416	+	49	41626025	79841
chr20	41546184	41746184	harbor1	chr20	41639210	41639428	SINE/MIR	748	+	109	41639319	93135
chr20	28637453	28837453	harbor1	chr20	28647122	28647335	SINE/MIR	417	+	106	28647228	9775
chr20	36561286	36761286	harbor1	chr20	36577993	36578130	SINE/MIR	472	+	68	36578061	16775
chr20	36561286	36761286	harbor1	chr20	36588088	36588286	SINE/MIR	440	+	99	36588187	26901
chr20	36561286	36761286	harbor1	chr20	36597377	36597525	SINE/MIR	593	+	74	36597451	36165
chr20	36561286	36761286	harbor1	chr20	36630524	36630702	SINE/MIR	631	+	89	36630613	69327
chr20	36561286	36761286	harbor1	chr20	36649358	36649512	SINE/MIR	446	+	77	36649435	88149
chr20	36561286	36761286	harbor1	chr20	36655689	36655839	SINE/MIR	543	+	75	36655764	94478
chr20	9402040	9602040	harbor1	chr20	9402939	9403110	SINE/MIR	782	+	86	9403025	985
chr20	9402040	9602040	harbor1	chr20	9424579	9424793	SINE/MIR	516	+	107	9424686	22646
chr20	9402040	9602040	harbor1	chr20	9488522	9488763	SINE/MIR	530	+	120	9488642	86602
chr20	6569772	6769772	harbor1	chr20	6585789	6585987	SINE/MIR	771	+	99	6585888	16116
chr20	6569772	6769772	harbor1	chr20	6591785	6592014	SINE/MIR	642	+	114	6591899	22127
chr20	6569772	6769772	harbor1	chr20	6601724	6601845	SINE/MIR	534	+	60	6601784	32012
chr20	6569772	6769772	harbor1	chr20	6608360	6608606	SINE/MIR	640	+	123	6608483	38711
chr20	6569772	6769772	harbor1	chr20	6615005	6615197	SINE/MIR	517	+	96	6615101	45329
chr20	6569772	6769772	harbor1	chr20	6655321	6655568	SINE/MIR	419	+	124	6655445	85673
chr20	6569772	6769772	harbor1	chr20	6663797	6664039	SINE/MIR	648	+	121	6663918	94146
chr20	6569772	6769772	harbor1	chr20	6635364	6635542	SINE/MIR	443	+	89	6635453	65681
chr20	19356745	19556745	harbor1	chr20	19415936	19416070	SINE/MIR	458	+	67	19416003	59258
chr20	19356745	19556745	harbor1	chr20	19435121	19435288	SINE/MIR	535	+	84	19435205	78460
chr20	19356745	19556745	harbor1	chr20	19447054	19447269	SINE/MIR	583	+	108	19447162	90417
chr20	31506248	31706248	harbor1	chr20	31521302	31521443	SINE/MIR	927	+	70	31521372	15124
chr20	31506248	31706248	harbor1	chr20	31521746	31521804	SINE/MIR	927	+	29	31521775	15527
chr20	31506248	31706248	harbor1	chr20	31538659	31538889	SINE/MIR	806	+	115	31538774	32526
chr20	31506248	31706248	harbor1	chr20	31539850	31540071	SINE/MIR	506	+	110	31539960	33712
chr20	31506248	31706248	harbor1	chr20	31544697	31544861	SINE/MIR	541	+	82	31544779	38531
chr20	31506248	31706248	harbor1	chr20	31545120	31545375	SINE/MIR	608	+	128	31545248	39000
chr20	31506248	31706248	harbor1	chr20	31552575	31552783	SINE/MIR	647	+	104	31552679	46431
chr20	31506248	31706248	harbor1	chr20	31596434	31596549	SINE/MIR	427	+	58	31596492	90244
chr20	430657	630657	harbor1	chr20	500416	500565	SINE/MIR	477	+	74	500490	69833
chr20	39446282	39646282	harbor1	chr20	39459736	39459943	SINE/MIR	507	+	104	39459840	13558
chr20	39446282	39646282	harbor1	chr20	39474122	39474348	SINE/MIR	497	+	113	39474235	27953
chr20	39446282	39646282	harbor1	chr20	39474482	39474655	SINE/MIR	621	+	86	39474568	28286
chr20	39446282	39646282	harbor1	chr20	39498611	39498733	SINE/MIR	418	+	61	39498672	52390
chr20	39446282	39646282	harbor1	chr20	39500523	39500642	SINE/MIR	485	+	60	39500583	54301
chr20	39446282	39646282	harbor1	chr20	39535595	39535749	SINE/MIR	508	+	77	39535672	89390
chr20	39446282	39646282	harbor1	chr20	39541037	39541185	SINE/MIR	496	+	74	39541111	94829
chr20	39446282	39646282	harbor1	chr20	39452630	39452796	SINE/MIR	470	+	83	39452713	6431
chr20	19048291	19248291	harbor1	chr20	19052863	19053036	SINE/MIR	419	+	86	19052949	4658
chr20	19048291	19248291	harbor1	chr20	19076337	19076465	SINE/MIR	431	+	64	19076401	28110
chr20	19048291	19248291	harbor1	chr20	19084706	19084844	SINE/MIR	454	+	69	19084775	36484
chr20	19048291	19248291	harbor1	chr20	19106940	19107118	SINE/MIR	509	+	89	19107029	58738
chr20	42133499	42333499	harbor1	chr20	42167034	42167163	SINE/MIR	502	+	64	42167098	33599
chr20	42133499	42333499	harbor1	chr20	42174713	42174840	SINE/MIR	466	+	64	42174777	41278
chr20	42133499	42333499	harbor1	chr20	42176989	42177112	SINE/MIR	451	+	62	42177051	43552
chr20	42133499	42333499	harbor1	chr20	42177269	42177299	SINE/MIR	451	+	15	42177284	43785
chr20	42133499	42333499	harbor1	chr20	42180847	42181101	SINE/MIR	865	+	127	42180974	47475
chr20	42133499	42333499	harbor1	chr20	42188388	42188568	SINE/MIR	599	+	90	42188478	54979
chr20	42133499	42333499	harbor1	chr20	42190816	42191086	SINE/MIR	533	+	135	42190951	57452
chr20	42133499	42333499	harbor1	chr20	42193075	42193278	SINE/MIR	421	+	102	42193177	59678
chr20	42133499	42333499	harbor1	chr20	42193474	42193710	SINE/MIR	568	+	118	42193592	60093
chr20	42133499	42333499	harbor1	chr20	42193930	42194168	SINE/MIR	450	+	119	42194049	60550
chr20	42133499	42333499	harbor1	chr20	42200174	42200417	SINE/MIR	734	+	122	42200296	66797
chr20	42133499	42333499	harbor1	chr20	42212516	42212765	SINE/MIR	784	+	124	42212640	79141
chr20	42133499	42333499	harbor1	chr20	42214843	42215082	SINE/MIR	700	+	120	42214963	81464
chr20	34050356	34250356	harbor1	chr20	34051290	34051532	SINE/MIR	783	+	121	34051411	1055
chr20	34050356	34250356	harbor1	chr20	34063352	34063578	SINE/MIR	720	+	113	34063465	13109
chr20	34050356	34250356	harbor1	chr20	34074579	34074699	SINE/MIR	442	+	60	34074639	24283
chr20	34050356	34250356	harbor1	chr20	34082943	34083089	SINE/MIR	438	+	73	34083016	32660
chr20	34050356	34250356	harbor1	chr20	34092862	34093063	SINE/MIR	550	+	100	34092962	42606
chr20	34050356	34250356	harbor1	chr20	34107338	34107562	SINE/MIR	562	+	112	34107450	57094
chr20	34050356	34250356	harbor1	chr20	34110919	34111066	SINE/MIR	430	+	74	34110993	60637
chr20	59417815	59617815	harbor1	chr20	59423280	59423494	SINE/MIR	425	+	107	59423387	5572
chr20	59417815	59617815	harbor1	chr20	59447456	59447651	SINE/MIR	713	+	98	59447554	29739
chr20	59417815	59617815	harbor1	chr20	59455386	59455642	SINE/MIR	486	+	128	59455514	37699
chr20	59417815	59617815	harbor1	chr20	59488326	59488570	SINE/MIR	601	+	122	59488448	70633
chr20	14234603	14434603	harbor1	chr20	14260624	14260836	SINE/MIR	560	+	106	14260730	26127
chr20	14234603	14434603	harbor1	chr20	14266186	14266336	SINE/MIR	421	+	75	14266261	31658
chr20	14234603	14434603	harbor1	chr20	14317761	14317911	SINE/MIR	553	+	75	14317836	83233
chr20	38757782	38957782	harbor1	chr20	38763593	38763741	SINE/MIR	444	+	74	38763667	5885
chr20	38757782	38957782	harbor1	chr20	38788669	38788899	SINE/MIR	752	+	115	38788784	31002
chr20	38757782	38957782	harbor1	chr20	38805292	38805457	SINE/MIR	433	+	82	38805374	47592
chr20	38757782	38957782	harbor1	chr20	38808567	38808748	SINE/MIR	601	+	90	38808657	50875
chr20	38757782	38957782	harbor1	chr20	38814374	38814494	SINE/MIR	455	+	60	38814434	56652
chr20	38757782	38957782	harbor1	chr20	38818082	38818310	SINE/MIR	756	+	114	38818196	60414
chr20	38757782	38957782	harbor1	chr20	38819112	38819336	SINE/MIR	805	+	112	38819224	61442
chr20	38757782	38957782	harbor1	chr20	38824057	38824171	SINE/MIR	438	+	57	38824114	66332
chr20	38757782	38957782	harbor1	chr20	38832125	38832267	SINE/MIR	586	+	71	38832196	74414
chr20	38757782	38957782	harbor1	chr20	38837115	38837366	SINE/MIR	589	+	126	38837241	79459
chr20	38757782	38957782	harbor1	chr20	38840700	38840950	SINE/MIR	944	+	125	38840825	83043
chr20	38757782	38957782	harbor1	chr20	38854579	38854714	SINE/MIR	489	+	68	38854647	96865
chr20	1999665	2199665	harbor1	chr20	2003273	2003447	SINE/MIR	515	+	87	2003360	3695
chr20	1999665	2199665	harbor1	chr20	2004656	2004889	SINE/MIR	889	+	116	2004772	5107
chr20	1999665	2199665	harbor1	chr20	2007718	2007854	SINE/MIR	486	+	68	2007786	8121
chr20	1999665	2199665	harbor1	chr20	2022814	2023052	SINE/MIR	532	+	119	2022933	23268
chr20	1999665	2199665	harbor1	chr20	2034386	2034518	SINE/MIR	556	+	66	2034452	34787
chr20	1999665	2199665	harbor1	chr20	2035499	2035743	SINE/MIR	714	+	122	2035621	35956
chr20	1999665	2199665	harbor1	chr20	2038600	2038834	SINE/MIR	799	+	117	2038717	39052
chr20	1999665	2199665	harbor1	chr20	2053347	2053587	SINE/MIR	685	+	120	2053467	53802
chr20	1999665	2199665	harbor1	chr20	2089563	2089720	SINE/MIR	444	+	78	2089641	89976
chr20	1999665	2199665	harbor1	chr20	2091328	2091493	SINE/MIR	569	+	82	2091410	91745
chr20	1999665	2199665	harbor1	chr20	2092201	2092439	SINE/MIR	603	+	119	2092320	92655
chr20	47287166	47487166	harbor1	chr20	47299232	47299408	SINE/MIR	707	+	88	47299320	12154
chr20	47287166	47487166	harbor1	chr20	47317744	47317987	SINE/MIR	657	+	122	47317866	30700
chr20	47287166	47487166	harbor1	chr20	47322928	47323149	SINE/MIR	845	+	110	47323038	35872
chr20	47287166	47487166	harbor1	chr20	47337550	47337665	SINE/MIR	440	+	58	47337608	50442
chr20	47287166	47487166	harbor1	chr20	47362974	47363207	SINE/MIR	617	+	116	47363090	75924
chr20	47287166	47487166	harbor1	chr20	47369377	47369570	SINE/MIR	710	+	96	47369473	82307
chr20	17346552	17546552	harbor1	chr20	17380429	17380665	SINE/MIR	732	+	118	17380547	33995
chr20	17346552	17546552	harbor1	chr20	17395463	17395641	SINE/MIR	473	+	89	17395552	49000
chr20	17346552	17546552	harbor1	chr20	17400301	17400563	SINE/MIR	680	+	131	17400432	53880
chr20	17346552	17546552	harbor1	chr20	17427017	17427231	SINE/MIR	767	+	107	17427124	80572
chr20	25506175	25706175	harbor1	chr20	25516837	25517085	SINE/MIR	471	+	124	25516961	10786
chr20	25506175	25706175	harbor1	chr20	25541151	25541363	SINE/MIR	580	+	106	25541257	35082
chr20	25506175	25706175	harbor1	chr20	25579224	25579400	SINE/MIR	429	+	88	25579312	73137
chr21	34625073	34825073	harbor1	chr21	34647791	34648011	SINE/MIR	521	+	110	34647901	22828
chr21	34625073	34825073	harbor1	chr21	34672688	34672943	SINE/MIR	985	+	128	34672816	47743
chr21	34625073	34825073	harbor1	chr21	34696497	34696710	SINE/MIR	825	+	106	34696603	71530
chr21	34625073	34825073	harbor1	chr21	34699071	34699238	SINE/MIR	504	+	84	34699155	74082
chr21	16973945	17173945	harbor1	chr21	16974732	16974895	SINE/MIR	531	+	82	16974814	869
chr21	15635602	15835602	harbor1	chr21	15644610	15644846	SINE/MIR	546	+	118	15644728	9126
chr21	15635602	15835602	harbor1	chr21	15719746	15719937	SINE/MIR	581	+	96	15719842	84240
chr21	15635602	15835602	harbor1	chr21	15722819	15723062	SINE/MIR	623	+	122	15722941	87339
chr21	14491627	14691627	harbor1	chr21	14554194	14554411	SINE/MIR	578	+	108	14554302	62675
chr21	14491627	14691627	harbor1	chr21	14557163	14557385	SINE/MIR	482	+	111	14557274	65647
chr21	14491627	14691627	harbor1	chr21	14572476	14572667	SINE/MIR	548	+	96	14572572	80945
chr21	14491627	14691627	harbor1	chr21	14581185	14581344	SINE/MIR	682	+	80	14581265	89638
chr21	14491627	14691627	harbor1	chr21	14581660	14581804	SINE/MIR	682	+	72	14581732	90105
chr21	14612836	14812836	harbor1	chr21	14665965	14666135	SINE/MIR	466	+	85	14666050	53214
chr21	14612836	14812836	harbor1	chr21	14680620	14680871	SINE/MIR	464	+	126	14680746	67910
chr21	14612836	14812836	harbor1	chr21	14686918	14687159	SINE/MIR	466	+	120	14687038	74202
chr21	20000894	20200894	harbor1	chr21	20005416	20005600	SINE/MIR	473	+	92	20005508	4614
chr21	20000894	20200894	harbor1	chr21	20081872	20082090	SINE/MIR	549	+	109	20081981	81087
chr21	37130125	37330125	harbor1	chr21	37173065	37173293	SINE/MIR	682	+	114	37173179	43054
chr21	44467263	44667263	harbor1	chr21	44495308	44495453	SINE/MIR	596	+	72	44495380	28117
chr21	42450690	42650690	harbor1	chr21	42536126	42536347	SINE/MIR	840	+	110	42536236	85546
chr21	20256392	20456392	harbor1	chr21	20293727	20293967	SINE/MIR	456	+	120	20293847	37455
chr21	20256392	20456392	harbor1	chr21	20298706	20298851	SINE/MIR	606	+	72	20298778	42386
chr21	34311097	34511097	harbor1	chr21	34374430	34374637	SINE/MIR	583	+	104	34374534	63437
chr21	34311097	34511097	harbor1	chr21	34378298	34378475	SINE/MIR	492	+	88	34378386	67289
chr21	16792096	16992096	harbor1	chr21	16821401	16821623	SINE/MIR	573	+	111	16821512	29416
chr21	26408972	26608972	harbor1	chr21	26411417	26411546	SINE/MIR	762	+	64	26411481	2509
chr21	26408972	26608972	harbor1	chr21	26411854	26411975	SINE/MIR	762	+	60	26411914	2942
chr21	26408972	26608972	harbor1	chr21	26458247	26458460	SINE/MIR	580	+	106	26458353	49381
chr21	26408972	26608972	harbor1	chr21	26461050	26461187	SINE/MIR	536	+	68	26461118	52146
chr21	26408972	26608972	harbor1	chr21	26483764	26483873	SINE/MIR	516	+	54	26483818	74846
chr21	39743786	39943786	harbor1	chr21	39775199	39775301	SINE/MIR	461	+	51	39775250	31464
chr21	15464659	15664659	harbor1	chr21	15474797	15475012	SINE/MIR	614	+	108	15474905	10246
chr21	15464659	15664659	harbor1	chr21	15528297	15528451	SINE/MIR	444	+	77	15528374	63715
chr21	32838069	33038069	harbor1	chr21	32839185	32839367	SINE/MIR	444	+	91	32839276	1207
chr21	32838069	33038069	harbor1	chr21	32865544	32865729	SINE/MIR	546	+	92	32865636	27567
chr21	32838069	33038069	harbor1	chr21	32870889	32871119	SINE/MIR	650	+	115	32871004	32935
chr21	32838069	33038069	harbor1	chr21	32881766	32882007	SINE/MIR	715	+	120	32881886	43817
chr21	32838069	33038069	harbor1	chr21	32894162	32894311	SINE/MIR	524	+	74	32894236	56167
chr21	32838069	33038069	harbor1	chr21	32916429	32916640	SINE/MIR	543	+	106	32916535	78466
chr21	33991353	34191353	harbor1	chr21	34012580	34012787	SINE/MIR	497	+	104	34012684	21331
chr21	33991353	34191353	harbor1	chr21	34017756	34017969	SINE/MIR	473	+	106	34017862	26509
chr21	33991353	34191353	harbor1	chr21	34045586	34045733	SINE/MIR	496	+	74	34045660	54307
chr21	33991353	34191353	harbor1	chr21	34069757	34069948	SINE/MIR	472	+	96	34069853	78500
chr21	33991353	34191353	harbor1	chr21	34086628	34086775	SINE/MIR	550	+	74	34086702	95349
chr21	33991353	34191353	harbor1	chr21	34088630	34088841	SINE/MIR	668	+	106	34088736	97383
chr21	44997121	45197121	harbor1	chr21	45079537	45079750	SINE/MIR	528	+	106	45079643	82522
chr21	18121982	18321982	harbor1	chr21	18130165	18130323	SINE/MIR	591	+	79	18130244	8262
chr21	18121982	18321982	harbor1	chr21	18143502	18143742	SINE/MIR	828	+	120	18143622	21640
chr21	18121982	18321982	harbor1	chr21	18164482	18164638	SINE/MIR	533	+	78	18164560	42578
chr21	18121982	18321982	harbor1	chr21	18174883	18175110	SINE/MIR	542	+	114	18174997	53015
chr21	18121982	18321982	harbor1	chr21	18179985	18180132	SINE/MIR	525	+	74	18180059	58077
chr21	18121982	18321982	harbor1	chr21	18180768	18180996	SINE/MIR	491	+	114	18180882	58900
chr21	13893683	14093683	harbor1	chr21	13975820	13976035	SINE/MIR	532	+	108	13975928	82245
chr22	39331954	39531954	harbor1	chr22	39371785	39371913	SINE/MIR	498	+	64	39371849	39895
chr22	39331954	39531954	harbor1	chr22	39378184	39378372	SINE/MIR	506	+	94	39378278	46324
chr22	39331954	39531954	harbor1	chr22	39418925	39419145	SINE/MIR	720	+	110	39419035	87081
chr22	45598581	45798581	harbor1	chr22	45604216	45604414	SINE/MIR	683	+	99	45604315	5734
chr22	45598581	45798581	harbor1	chr22	45628710	45628909	SINE/MIR	481	+	100	45628810	30229
chr22	45598581	45798581	harbor1	chr22	45633718	45633853	SINE/MIR	498	+	68	45633786	35205
chr22	45598581	45798581	harbor1	chr22	45689357	45689571	SINE/MIR	745	+	107	45689464	90883
chr22	45598581	45798581	harbor1	chr22	45691968	45692122	SINE/MIR	455	+	77	45692045	93464
chr22	41920564	42120564	harbor1	chr22	41953447	41953604	SINE/MIR	610	+	78	41953525	32961
chr22	41920564	42120564	harbor1	chr22	41981369	41981559	SINE/MIR	564	+	95	41981464	60900
chr22	41854598	42054598	harbor1	chr22	41865784	41865916	SINE/MIR	473	+	66	41865850	11252
chr22	41854598	42054598	harbor1	chr22	41953447	41953604	SINE/MIR	610	+	78	41953525	98927
chr22	38509582	38709582	harbor1	chr22	38562505	38562688	SINE/MIR	479	+	92	38562597	53015
chr22	38509582	38709582	harbor1	chr22	38579194	38579323	SINE/MIR	544	+	64	38579258	69676
chr22	38509582	38709582	harbor1	chr22	38604993	38605187	SINE/MIR	456	+	97	38605090	95508
chr22	44905154	45105154	harbor1	chr22	44935181	44935332	SINE/MIR	519	+	76	44935257	30103
chr22	44905154	45105154	harbor1	chr22	44935642	44935697	SINE/MIR	519	+	28	44935670	30516
chr22	42598210	42798210	harbor1	chr22	42614128	42614315	SINE/MIR	487	+	94	42614222	16012
chr22	24766312	24966312	harbor1	chr22	24792371	24792560	SINE/MIR	480	+	94	24792465	26153
chr22	24766312	24966312	harbor1	chr22	24823042	24823256	SINE/MIR	736	+	107	24823149	56837
chr22	24766312	24966312	harbor1	chr22	24828224	24828385	SINE/MIR	609	+	80	24828304	61992
chr22	24766312	24966312	harbor1	chr22	24842245	24842483	SINE/MIR	593	+	119	24842364	76052
chr22	44176045	44376045	harbor1	chr22	44194051	44194294	SINE/MIR	685	+	122	44194173	18128
chr22	44176045	44376045	harbor1	chr22	44197545	44197840	SINE/MIR	522	+	148	44197693	21648
chr22	44176045	44376045	harbor1	chr22	44213141	44213376	SINE/MIR	608	+	118	44213259	37214
chr22	44176045	44376045	harbor1	chr22	44214528	44214765	SINE/MIR	530	+	118	44214646	38601
chr22	44176045	44376045	harbor1	chr22	44261445	44261565	SINE/MIR	470	+	60	44261505	85460
chr22	42045353	42245353	harbor1	chr22	42061646	42061665	SINE/MIR	459	+	10	42061656	16303
chr22	42045353	42245353	harbor1	chr22	42061972	42062149	SINE/MIR	459	+	88	42062060	16707
chr22	15230986	15430986	harbor1	chr22	15245546	15245770	SINE/MIR	650	+	112	15245658	14672
chr22	24879023	25079023	harbor1	chr22	24880785	24880908	SINE/MIR	602	+	62	24880847	1824
chr22	24879023	25079023	harbor1	chr22	24881213	24881279	SINE/MIR	602	+	33	24881246	2223
chr22	24879023	25079023	harbor1	chr22	24893758	24893966	SINE/MIR	609	+	104	24893862	14839
chr22	24879023	25079023	harbor1	chr22	24904030	24904205	SINE/MIR	598	+	88	24904118	25095
chr22	24879023	25079023	harbor1	chr22	24920194	24920345	SINE/MIR	472	+	76	24920270	41247
chr22	24879023	25079023	harbor1	chr22	24920391	24920622	SINE/MIR	706	+	116	24920507	41484
chr22	24879023	25079023	harbor1	chr22	24930487	24930540	SINE/MIR	500	+	26	24930513	51490
chr22	24879023	25079023	harbor1	chr22	24930993	24931046	SINE/MIR	500	+	26	24931019	51996
chr22	24879023	25079023	harbor1	chr22	24932303	24932436	SINE/MIR	694	+	66	24932369	53346
chr22	24879023	25079023	harbor1	chr22	24948989	24949066	SINE/MIR	516	+	38	24949027	70004
chr22	24879023	25079023	harbor1	chr22	24962463	24962647	SINE/MIR	900	+	92	24962555	83532
chr22	24879023	25079023	harbor1	chr22	24964892	24965107	SINE/MIR	459	+	108	24965000	85977
chr22	24879023	25079023	harbor1	chr22	24976944	24977126	SINE/MIR	511	+	91	24977035	98012
chr22	16104386	16304386	harbor1	chr22	16113458	16113682	SINE/MIR	651	+	112	16113570	9184
chr22	39592622	39792622	harbor1	chr22	39593715	39593928	SINE/MIR	541	+	106	39593821	1199
chr22	39592622	39792622	harbor1	chr22	39594063	39594247	SINE/MIR	475	+	92	39594155	1533
chr22	39592622	39792622	harbor1	chr22	39600279	39600386	SINE/MIR	455	+	54	39600333	7711
chr22	39592622	39792622	harbor1	chr22	39634071	39634329	SINE/MIR	743	+	129	39634200	41578
chr22	39592622	39792622	harbor1	chr22	39641812	39641980	SINE/MIR	477	+	84	39641896	49274
chr22	39592622	39792622	harbor1	chr22	39642524	39642720	SINE/MIR	496	+	98	39642622	50000
chr22	39592622	39792622	harbor1	chr22	39655037	39655230	SINE/MIR	596	+	96	39655133	62511
chr22	39592622	39792622	harbor1	chr22	39657543	39657757	SINE/MIR	701	+	107	39657650	65028
chr22	39592622	39792622	harbor1	chr22	39661547	39661709	SINE/MIR	691	+	81	39661628	69006
chr22	39592622	39792622	harbor1	chr22	39666061	39666261	SINE/MIR	505	+	100	39666161	73539
chr22	39592622	39792622	harbor1	chr22	39666292	39666443	SINE/MIR	475	+	76	39666368	73746
chr22	39592622	39792622	harbor1	chr22	39676896	39677140	SINE/MIR	713	+	122	39677018	84396
chr22	39592622	39792622	harbor1	chr22	39599986	39600193	SINE/MIR	832	+	104	39600090	7468
chr22	27833544	28033544	harbor1	chr22	27846229	27846438	SINE/MIR	497	+	104	27846333	12789
chr22	27833544	28033544	harbor1	chr22	27898993	27899204	SINE/MIR	697	+	106	27899099	65555
chr22	27833544	28033544	harbor1	chr22	27906501	27906719	SINE/MIR	546	+	109	27906610	73066
chr22	27833544	28033544	harbor1	chr22	27923538	27923790	SINE/MIR	470	+	126	27923664	90120
chr22	36652013	36852013	harbor1	chr22	36660834	36661008	SINE/MIR	558	+	87	36660921	8908
chr22	36652013	36852013	harbor1	chr22	36661750	36661907	SINE/MIR	514	+	78	36661828	9815
chr22	36652013	36852013	harbor1	chr22	36665212	36665449	SINE/MIR	882	+	118	36665330	13317
chr22	36652013	36852013	harbor1	chr22	36674780	36675020	SINE/MIR	1046	+	120	36674900	22887
chr22	36652013	36852013	harbor1	chr22	36682229	36682381	SINE/MIR	521	+	76	36682305	30292
chr22	36652013	36852013	harbor1	chr22	36691582	36691824	SINE/MIR	862	+	121	36691703	39690
chr22	36652013	36852013	harbor1	chr22	36706862	36707058	SINE/MIR	490	+	98	36706960	54947
chr22	36652013	36852013	harbor1	chr22	36709277	36709408	SINE/MIR	512	+	66	36709343	57330
chr22	36652013	36852013	harbor1	chr22	36711691	36711889	SINE/MIR	482	+	99	36711790	59777
chr22	36652013	36852013	harbor1	chr22	36725212	36725398	SINE/MIR	450	+	93	36725305	73292
chr22	15156214	15356214	harbor1	chr22	15245546	15245770	SINE/MIR	650	+	112	15245658	89444
chr22	16487907	16687907	harbor1	chr22	16574698	16574944	SINE/MIR	870	+	123	16574821	86914
chr22	33821349	34021349	harbor1	chr22	33830439	33830612	SINE/MIR	739	+	86	33830525	9176
chr22	33821349	34021349	harbor1	chr22	33836154	33836361	SINE/MIR	450	+	104	33836258	14909
chr22	33821349	34021349	harbor1	chr22	33836648	33836860	SINE/MIR	652	+	106	33836754	15405
chr22	33821349	34021349	harbor1	chr22	33850367	33850583	SINE/MIR	510	+	108	33850475	29126
chr22	33821349	34021349	harbor1	chr22	33866534	33866691	SINE/MIR	614	+	78	33866612	45263
chr22	33821349	34021349	harbor1	chr22	33874637	33874807	SINE/MIR	494	+	85	33874722	53373
chr22	33821349	34021349	harbor1	chr22	33877420	33877579	SINE/MIR	546	+	80	33877500	56151
chr22	33821349	34021349	harbor1	chr22	33890147	33890391	SINE/MIR	497	+	122	33890269	68920
chr22	33821349	34021349	harbor1	chr22	33891522	33891703	SINE/MIR	522	+	90	33891612	70263
chr22	33821349	34021349	harbor1	chr22	33911155	33911329	SINE/MIR	457	+	87	33911242	89893
chr22	24232807	24432807	harbor1	chr22	24320461	24320709	SINE/MIR	907	+	124	24320585	87778
chr22	24232807	24432807	harbor1	chr22	24330733	24330952	SINE/MIR	831	+	110	24330843	98036
chr22	47287967	47487967	harbor1	chr22	47300017	47300216	SINE/MIR	469	+	100	47300117	12150
chr22	47287967	47487967	harbor1	chr22	47324201	47324429	SINE/MIR	718	+	114	47324315	36348
chr22	47287967	47487967	harbor1	chr22	47334620	47334826	SINE/MIR	661	+	103	47334723	46756
chr22	27397527	27597527	harbor1	chr22	27411190	27411404	SINE/MIR	597	+	107	27411297	13770
chr22	27397527	27597527	harbor1	chr22	27419429	27419652	SINE/MIR	620	+	112	27419541	22014
chr22	27397527	27597527	harbor1	chr22	27440772	27440960	SINE/MIR	633	+	94	27440866	43339
chr22	27397527	27597527	harbor1	chr22	27466736	27466925	SINE/MIR	488	+	94	27466830	69303
chr22	42927825	43127825	harbor1	chr22	42931232	42931363	SINE/MIR	482	+	66	42931298	3473
chr22	42927825	43127825	harbor1	chr22	42987144	42987271	SINE/MIR	530	+	64	42987208	59383
chr22	42927825	43127825	harbor1	chr22	42990929	42991031	SINE/MIR	505	+	51	42990980	63155
chr22	18928268	19128268	harbor1	chr22	18978352	18978576	SINE/MIR	516	+	112	18978464	50196
chr22	18928268	19128268	harbor1	chr22	18996682	18996921	SINE/MIR	522	+	120	18996802	68534
chr22	40561426	40761426	harbor1	chr22	40654509	40654732	SINE/MIR	468	+	112	40654621	93195
chr22	33915598	34115598	harbor1	chr22	33988659	33988865	SINE/MIR	682	+	103	33988762	73164
chr22	33915598	34115598	harbor1	chr22	34002098	34002246	SINE/MIR	506	+	74	34002172	86574
chr22	32342816	32542816	harbor1	chr22	32385666	32385811	SINE/MIR	467	+	72	32385738	42922
chr22	32342816	32542816	harbor1	chr22	32420559	32420647	SINE/MIR	499	+	44	32420603	77787
chr22	32342816	32542816	harbor1	chr22	32420853	32420976	SINE/MIR	499	+	62	32420915	78099
chr22	32342816	32542816	harbor1	chr22	32425124	32425281	SINE/MIR	506	+	78	32425202	82386
chr22	27975529	28175529	harbor1	chr22	28023776	28023979	SINE/MIR	922	+	102	28023878	48349
chr22	27975529	28175529	harbor1	chr22	28068214	28068455	SINE/MIR	788	+	120	28068334	92805
chr22	16504276	16704276	harbor1	chr22	16574698	16574944	SINE/MIR	870	+	123	16574821	70545
chr22	34074412	34274412	harbor1	chr22	34076318	34076516	SINE/MIR	483	+	99	34076417	2005
chr22	34074412	34274412	harbor1	chr22	34083218	34083453	SINE/MIR	731	+	118	34083336	8924
chr22	34074412	34274412	harbor1	chr22	34114071	34114290	SINE/MIR	611	+	110	34114181	39769
chr22	34074412	34274412	harbor1	chr22	34123486	34123627	SINE/MIR	651	+	70	34123556	49144
chr22	34074412	34274412	harbor1	chr22	34127307	34127516	SINE/MIR	477	+	104	34127411	52999
chr22	34074412	34274412	harbor1	chr22	34158774	34158960	SINE/MIR	470	+	93	34158867	84455
chrX	48410247	48610247	harbor1	chrX	48473312	48473498	SINE/MIR	671	+	93	48473405	63158
chrX	86587315	86787315	harbor1	chrX	86621563	86621800	SINE/MIR	680	+	118	86621681	34366
chrX	47619362	47819362	harbor1	chrX	47623042	47623186	SINE/MIR	577	+	72	47623114	3752
chrX	47619362	47819362	harbor1	chrX	47624723	47624934	SINE/MIR	956	+	106	47624829	5467
chrX	47619362	47819362	harbor1	chrX	47642987	47643089	SINE/MIR	759	+	51	47643038	23676
chrX	47619362	47819362	harbor1	chrX	47643222	47643375	SINE/MIR	759	+	76	47643298	23936
chrX	47619362	47819362	harbor1	chrX	47657995	47658218	SINE/MIR	861	+	112	47658107	38745
chrX	69199112	69399112	harbor1	chrX	69199262	69199431	SINE/MIR	661	+	84	69199346	234
chrX	69199112	69399112	harbor1	chrX	69199452	69199677	SINE/MIR	912	+	112	69199564	452
chrX	69199112	69399112	harbor1	chrX	69268559	69268759	SINE/MIR	661	+	100	69268659	69547
chrX	69199112	69399112	harbor1	chrX	69274900	69275117	SINE/MIR	603	+	108	69275008	75896
chrX	69199112	69399112	harbor1	chrX	69280190	69280353	SINE/MIR	642	+	82	69280272	81160
chrX	69199112	69399112	harbor1	chrX	69280641	69280749	SINE/MIR	642	+	54	69280695	81583
chrX	69199112	69399112	harbor1	chrX	69287520	69287672	SINE/MIR	645	+	76	69287596	88484
chrX	69199112	69399112	harbor1	chrX	69294443	69294695	SINE/MIR	1274	+	126	69294569	95457
chrX	8324370	8524370	harbor1	chrX	8333512	8333722	SINE/MIR	619	+	105	8333617	9247
chrX	8324370	8524370	harbor1	chrX	8393413	8393644	SINE/MIR	580	+	116	8393529	69159
chrX	120009773	120209773	harbor1	chrX	120017868	120018045	SINE/MIR	708	+	88	120017956	8183
chrX	96100675	96300675	harbor1	chrX	96155497	96155729	SINE/MIR	658	+	116	96155613	54938
chrX	12035511	12235511	harbor1	chrX	12103149	12103291	SINE/MIR	611	+	71	12103220	67709
chrX	12035511	12235511	harbor1	chrX	12129664	12129913	SINE/MIR	617	+	124	12129788	94277
chrX	78158611	78358611	harbor1	chrX	78170437	78170652	SINE/MIR	673	+	108	78170545	11934
chrX	146405723	146605723	harbor1	chrX	146449189	146449441	SINE/MIR	674	+	126	146449315	43592
chrX	38326752	38526752	harbor1	chrX	38353941	38354119	SINE/MIR	610	+	89	38354030	27278
chrX	38326752	38526752	harbor1	chrX	38389692	38389904	SINE/MIR	584	+	106	38389798	63046
chrX	79028734	79228734	harbor1	chrX	79088440	79088597	SINE/MIR	591	+	78	79088518	59784
chrX	79028734	79228734	harbor1	chrX	79090469	79090672	SINE/MIR	702	+	102	79090571	61837
chrX	79028734	79228734	harbor1	chrX	79094747	79094965	SINE/MIR	580	+	109	79094856	66122
