H_chr	H_start	H_end	Harbor	TE_chr	TE_start	TE_end	TE	score	TE_strand	TE_half	TE_middle_pos	TE_dis
chr1	239725062	239925062	harbor2	chr1	239726944	239727180	SINE/MIR	583	+	118	239727062	2000
chr1	239725062	239925062	harbor2	chr1	239776164	239776372	SINE/MIR	815	+	104	239776268	51206
chr1	239725062	239925062	harbor2	chr1	239817858	239818004	SINE/MIR	537	+	73	239817931	92869
chr1	205885423	206085423	harbor2	chr1	205925659	205925843	SINE/MIR	566	+	92	205925751	40328
chr1	205885423	206085423	harbor2	chr1	205926940	205927169	SINE/MIR	777	+	114	205927054	41631
chr1	205885423	206085423	harbor2	chr1	205936915	205937114	SINE/MIR	557	+	100	205937015	51592
chr1	205885423	206085423	harbor2	chr1	205937458	205937603	SINE/MIR	418	+	72	205937530	52107
chr1	205885423	206085423	harbor2	chr1	205950638	205950850	SINE/MIR	584	+	106	205950744	65321
chr1	205885423	206085423	harbor2	chr1	205968589	205968821	SINE/MIR	994	+	116	205968705	83282
chr1	221568264	221768264	harbor2	chr1	221574507	221574691	SINE/MIR	698	+	92	221574599	6335
chr1	221568264	221768264	harbor2	chr1	221593044	221593260	SINE/MIR	619	+	108	221593152	24888
chr1	221568264	221768264	harbor2	chr1	221632294	221632473	SINE/MIR	698	+	90	221632384	64120
chr1	221568264	221768264	harbor2	chr1	221646256	221646479	SINE/MIR	410	+	112	221646368	78104
chr1	173169202	173369202	harbor2	chr1	173182413	173182650	SINE/MIR	455	+	118	173182531	13329
chr1	173169202	173369202	harbor2	chr1	173192720	173192943	SINE/MIR	544	+	112	173192832	23630
chr1	173169202	173369202	harbor2	chr1	173221845	173222038	SINE/MIR	659	+	96	173221941	52739
chr1	173169202	173369202	harbor2	chr1	173223008	173223256	SINE/MIR	615	+	124	173223132	53930
chr1	173169202	173369202	harbor2	chr1	173251542	173251767	SINE/MIR	702	+	112	173251654	82452
chr1	193404752	193604752	harbor2	chr1	193410488	193410631	SINE/MIR	473	+	72	193410560	5808
chr1	193404752	193604752	harbor2	chr1	193457981	193458173	SINE/MIR	450	+	96	193458077	53325
chr1	193404752	193604752	harbor2	chr1	193466076	193466324	SINE/MIR	643	+	124	193466200	61448
chr1	193404752	193604752	harbor2	chr1	193469214	193469436	SINE/MIR	485	+	111	193469325	64573
chr1	193404752	193604752	harbor2	chr1	193475100	193475260	SINE/MIR	434	+	80	193475180	70428
chr1	193404752	193604752	harbor2	chr1	193488276	193488474	SINE/MIR	671	+	99	193488375	83623
chr1	204668520	204868520	harbor2	chr1	204668601	204668824	SINE/MIR	616	+	112	204668713	193
chr1	204668520	204868520	harbor2	chr1	204669124	204669161	SINE/MIR	616	+	18	204669142	622
chr1	204668520	204868520	harbor2	chr1	204676848	204677070	SINE/MIR	717	+	111	204676959	8439
chr1	204668520	204868520	harbor2	chr1	204680048	204680280	SINE/MIR	616	+	116	204680164	11644
chr1	204668520	204868520	harbor2	chr1	204699265	204699518	SINE/MIR	778	+	126	204699391	30871
chr1	204668520	204868520	harbor2	chr1	204704917	204705054	SINE/MIR	410	+	68	204704985	36465
chr1	204668520	204868520	harbor2	chr1	204711836	204712031	SINE/MIR	763	+	98	204711934	43414
chr1	204668520	204868520	harbor2	chr1	204712771	204712986	SINE/MIR	812	+	108	204712879	44359
chr1	204668520	204868520	harbor2	chr1	204731322	204731547	SINE/MIR	666	+	112	204731434	62914
chr1	204668520	204868520	harbor2	chr1	204757288	204757418	SINE/MIR	476	+	65	204757353	88833
chr1	204668520	204868520	harbor2	chr1	204760623	204760815	SINE/MIR	715	+	96	204760719	92199
chr1	204668520	204868520	harbor2	chr1	204767489	204767700	SINE/MIR	469	+	106	204767595	99075
chr1	204668520	204868520	harbor2	chr1	204767742	204767966	SINE/MIR	724	+	112	204767854	99334
chr1	242463745	242663745	harbor2	chr1	242497513	242497739	SINE/MIR	493	+	113	242497626	33881
chr1	242463745	242663745	harbor2	chr1	242542484	242542656	SINE/MIR	557	+	86	242542570	78825
chr1	231377078	231577078	harbor2	chr1	231389982	231390182	SINE/MIR	774	+	100	231390082	13004
chr1	231377078	231577078	harbor2	chr1	231393393	231393601	SINE/MIR	625	+	104	231393497	16419
chr1	231377078	231577078	harbor2	chr1	231401187	231401404	SINE/MIR	884	+	108	231401295	24217
chr1	180421925	180621925	harbor2	chr1	180424165	180424355	SINE/MIR	714	+	95	180424260	2335
chr1	180421925	180621925	harbor2	chr1	180445024	180445182	SINE/MIR	411	+	79	180445103	23178
chr1	180421925	180621925	harbor2	chr1	180466779	180466895	SINE/MIR	526	+	58	180466837	44912
chr1	180421925	180621925	harbor2	chr1	180474478	180474660	SINE/MIR	503	+	91	180474569	52644
chr1	180421925	180621925	harbor2	chr1	180488499	180488581	SINE/MIR	627	+	41	180488540	66615
chr1	180421925	180621925	harbor2	chr1	180488881	180489023	SINE/MIR	627	+	71	180488952	67027
chr1	238928802	239128802	harbor2	chr1	238984022	238984160	SINE/MIR	582	+	69	238984091	55289
chr1	245997606	246197606	harbor2	chr1	246003970	246004180	SINE/MIR	521	+	105	246004075	6469
chr1	245997606	246197606	harbor2	chr1	246022382	246022578	SINE/MIR	543	+	98	246022480	24874
chr1	245997606	246197606	harbor2	chr1	246032816	246032989	SINE/MIR	550	+	86	246032902	35296
chr1	245997606	246197606	harbor2	chr1	246048571	246048779	SINE/MIR	615	+	104	246048675	51069
chr1	244363444	244563444	harbor2	chr1	244370775	244370970	SINE/MIR	493	+	98	244370873	7429
chr1	191744002	191944002	harbor2	chr1	191842150	191842392	SINE/MIR	568	+	121	191842271	98269
chr1	207031304	207231304	harbor2	chr1	207037792	207037962	SINE/MIR	531	+	85	207037877	6573
chr1	207031304	207231304	harbor2	chr1	207055967	207056184	SINE/MIR	877	+	108	207056075	24771
chr1	228269738	228469738	harbor2	chr1	228322359	228322515	SINE/MIR	587	+	78	228322437	52699
chr1	228269738	228469738	harbor2	chr1	228324711	228324961	SINE/MIR	797	+	125	228324836	55098
chr1	182771213	182971213	harbor2	chr1	182808039	182808197	SINE/MIR	579	+	79	182808118	36905
chr1	182771213	182971213	harbor2	chr1	182840240	182840299	SINE/MIR	440	+	30	182840270	69057
chr1	182771213	182971213	harbor2	chr1	182840598	182840788	SINE/MIR	440	+	95	182840693	69480
chr1	155188349	155388349	harbor2	chr1	155210988	155211174	SINE/MIR	543	+	93	155211081	22732
chr1	155188349	155388349	harbor2	chr1	155220087	155220295	SINE/MIR	628	+	104	155220191	31842
chr1	155188349	155388349	harbor2	chr1	155231616	155231802	SINE/MIR	526	+	93	155231709	43360
chr1	155188349	155388349	harbor2	chr1	155242906	155243091	SINE/MIR	659	+	92	155242998	54649
chr1	155188349	155388349	harbor2	chr1	155283171	155283384	SINE/MIR	515	+	106	155283277	94928
chr1	240849580	241049580	harbor2	chr1	240849971	240850125	SINE/MIR	569	+	77	240850048	468
chr1	240849580	241049580	harbor2	chr1	240852504	240852585	SINE/MIR	569	+	40	240852544	2964
chr1	240849580	241049580	harbor2	chr1	240886881	240887118	SINE/MIR	474	+	118	240886999	37419
chr1	240849580	241049580	harbor2	chr1	240891066	240891282	SINE/MIR	417	+	108	240891174	41594
chr1	240849580	241049580	harbor2	chr1	240911702	240911859	SINE/MIR	410	+	78	240911780	62200
chr1	240849580	241049580	harbor2	chr1	240912178	240912249	SINE/MIR	410	+	36	240912214	62634
chr1	240849580	241049580	harbor2	chr1	240943222	240943468	SINE/MIR	558	+	123	240943345	93765
chr1	219423544	219623544	harbor2	chr1	219425545	219425707	SINE/MIR	467	+	81	219425626	2082
chr1	219423544	219623544	harbor2	chr1	219431826	219432026	SINE/MIR	578	+	100	219431926	8382
chr1	219423544	219623544	harbor2	chr1	219442017	219442142	SINE/MIR	430	+	62	219442079	18535
chr1	219423544	219623544	harbor2	chr1	219516712	219516919	SINE/MIR	720	+	104	219516816	93272
chr1	231931002	232131002	harbor2	chr1	231984898	231985038	SINE/MIR	489	+	70	231984968	53966
chr1	231931002	232131002	harbor2	chr1	231985365	231985456	SINE/MIR	489	+	46	231985411	54409
chr1	231931002	232131002	harbor2	chr1	231985957	231986161	SINE/MIR	416	+	102	231986059	55057
chr1	194769394	194969394	harbor2	chr1	194847366	194847582	SINE/MIR	608	+	108	194847474	78080
chr1	237772572	237972572	harbor2	chr1	237782206	237782360	SINE/MIR	439	+	77	237782283	9711
chr1	237772572	237972572	harbor2	chr1	237783120	237783348	SINE/MIR	507	+	114	237783234	10662
chr1	237772572	237972572	harbor2	chr1	237797520	237797738	SINE/MIR	410	+	109	237797629	25057
chr1	237772572	237972572	harbor2	chr1	237866244	237866458	SINE/MIR	423	+	107	237866351	93779
chr1	16590078	16790078	harbor2	chr1	16627937	16628172	SINE/MIR	841	+	118	16628055	37977
chr1	16590078	16790078	harbor2	chr1	16631944	16632142	SINE/MIR	460	+	99	16632043	41965
chr1	16590078	16790078	harbor2	chr1	16651671	16651909	SINE/MIR	414	+	119	16651790	61712
chr1	119497315	119697315	harbor2	chr1	119509958	119510064	SINE/MIR	420	+	53	119510011	12696
chr1	119497315	119697315	harbor2	chr1	119566358	119566571	SINE/MIR	414	+	106	119566464	69149
chr1	87815295	88015295	harbor2	chr1	87828044	87828256	SINE/MIR	487	+	106	87828150	12855
chr1	87815295	88015295	harbor2	chr1	87864367	87864601	SINE/MIR	581	+	117	87864484	49189
chr1	87815295	88015295	harbor2	chr1	87874559	87874692	SINE/MIR	443	+	66	87874625	59330
chr1	87815295	88015295	harbor2	chr1	87879464	87879618	SINE/MIR	528	+	77	87879541	64246
chr1	87815295	88015295	harbor2	chr1	87893894	87894100	SINE/MIR	582	+	103	87893997	78702
chr1	87815295	88015295	harbor2	chr1	87910406	87910585	SINE/MIR	828	+	90	87910496	95201
chr1	178829159	179029159	harbor2	chr1	178876349	178876468	SINE/MIR	461	+	60	178876409	47250
chr1	178829159	179029159	harbor2	chr1	178926997	178927230	SINE/MIR	743	+	116	178927113	97954
chr1	149124647	149324647	harbor2	chr1	149141016	149141169	SINE/MIR	461	+	76	149141092	16445
chr1	149124647	149324647	harbor2	chr1	149204372	149204584	SINE/MIR	708	+	106	149204478	79831
chr1	149124647	149324647	harbor2	chr1	149205028	149205247	SINE/MIR	602	+	110	149205138	80491
chr1	149124647	149324647	harbor2	chr1	149206298	149206509	SINE/MIR	659	+	106	149206404	81757
chr1	149124647	149324647	harbor2	chr1	149220925	149221071	SINE/MIR	431	+	73	149220998	96351
chr1	187609479	187809479	harbor2	chr1	187682783	187682833	SINE/MIR	488	+	25	187682808	73329
chr1	187609479	187809479	harbor2	chr1	187682874	187683010	SINE/MIR	488	+	68	187682942	73463
chr1	187609479	187809479	harbor2	chr1	187693226	187693433	SINE/MIR	480	+	104	187693330	83851
chr1	240690402	240890402	harbor2	chr1	240715797	240715933	SINE/MIR	447	+	68	240715865	25463
chr1	240690402	240890402	harbor2	chr1	240774582	240774771	SINE/MIR	475	+	94	240774676	84274
chr1	240690402	240890402	harbor2	chr1	240779699	240779843	SINE/MIR	456	+	72	240779771	89369
chr1	224191991	224391991	harbor2	chr1	224291004	224291206	SINE/MIR	733	+	101	224291105	99114
chr1	152478790	152678790	harbor2	chr1	152505630	152505875	SINE/MIR	496	+	122	152505752	26962
chr1	152478790	152678790	harbor2	chr1	152536909	152537132	SINE/MIR	572	+	112	152537021	58231
chr1	230709504	230909504	harbor2	chr1	230709600	230709802	SINE/MIR	490	+	101	230709701	197
chr1	230709504	230909504	harbor2	chr1	230803188	230803399	SINE/MIR	521	+	106	230803294	93790
chr1	243259341	243459341	harbor2	chr1	243292506	243292738	SINE/MIR	686	+	116	243292622	33281
chr1	243259341	243459341	harbor2	chr1	243309173	243309412	SINE/MIR	923	+	120	243309293	49952
chr1	243259341	243459341	harbor2	chr1	243320532	243320787	SINE/MIR	794	+	128	243320660	61319
chr1	243259341	243459341	harbor2	chr1	243325632	243325841	SINE/MIR	574	+	104	243325736	66395
chr1	243259341	243459341	harbor2	chr1	243337517	243337716	SINE/MIR	543	+	100	243337617	78276
chr1	241178131	241378131	harbor2	chr1	241180760	241180912	SINE/MIR	476	+	76	241180836	2705
chr1	241178131	241378131	harbor2	chr1	241181394	241181511	SINE/MIR	476	+	58	241181452	3321
chr1	241178131	241378131	harbor2	chr1	241199864	241200059	SINE/MIR	478	+	98	241199962	21831
chr1	236818810	237018810	harbor2	chr1	236872530	236872710	SINE/MIR	605	+	90	236872620	53810
chr1	236818810	237018810	harbor2	chr1	236872990	236873028	SINE/MIR	553	+	19	236873009	54199
chr1	236818810	237018810	harbor2	chr1	236873566	236873621	SINE/MIR	553	+	28	236873594	54784
chr1	236818810	237018810	harbor2	chr1	236893410	236893613	SINE/MIR	584	+	102	236893512	74702
chr1	236818810	237018810	harbor2	chr1	236896364	236896544	SINE/MIR	523	+	90	236896454	77644
chr1	173238349	173438349	harbor2	chr1	173251542	173251767	SINE/MIR	702	+	112	173251654	13305
chr1	48196763	48396763	harbor2	chr1	48204354	48204470	SINE/MIR	437	+	58	48204412	7649
chr1	48196763	48396763	harbor2	chr1	48228112	48228259	SINE/MIR	633	+	74	48228186	31423
chr1	48196763	48396763	harbor2	chr1	48250446	48250698	SINE/MIR	771	+	126	48250572	53809
chr1	48196763	48396763	harbor2	chr1	48270458	48270677	SINE/MIR	417	+	110	48270568	73805
chr1	215226560	215426560	harbor2	chr1	215241678	215241917	SINE/MIR	535	+	120	215241798	15238
chr1	215226560	215426560	harbor2	chr1	215271320	215271383	SINE/MIR	463	+	32	215271352	44792
chr1	215226560	215426560	harbor2	chr1	215271690	215271844	SINE/MIR	463	+	77	215271767	45207
chr1	215226560	215426560	harbor2	chr1	215274378	215274609	SINE/MIR	498	+	116	215274494	47934
chr1	164790245	164990245	harbor2	chr1	164857755	164857945	SINE/MIR	998	+	95	164857850	67605
chr1	164790245	164990245	harbor2	chr1	164867074	164867305	SINE/MIR	485	+	116	164867190	76945
chr1	164790245	164990245	harbor2	chr1	164878119	164878315	SINE/MIR	539	+	98	164878217	87972
chr1	164790245	164990245	harbor2	chr1	164884003	164884192	SINE/MIR	656	+	94	164884097	93852
chr1	164790245	164990245	harbor2	chr1	164885572	164885697	SINE/MIR	450	+	62	164885634	95389
chr1	235718422	235918422	harbor2	chr1	235728279	235728444	SINE/MIR	439	+	82	235728361	9939
chr1	235718422	235918422	harbor2	chr1	235760122	235760345	SINE/MIR	629	+	112	235760234	41812
chr1	235718422	235918422	harbor2	chr1	235766547	235766767	SINE/MIR	951	+	110	235766657	48235
chr1	235718422	235918422	harbor2	chr1	235784499	235784739	SINE/MIR	913	+	120	235784619	66197
chr1	235718422	235918422	harbor2	chr1	235799736	235799928	SINE/MIR	487	+	96	235799832	81410
chr1	235718422	235918422	harbor2	chr1	235800250	235800264	SINE/MIR	487	+	7	235800257	81835
chr1	225041215	225241215	harbor2	chr1	225078160	225078382	SINE/MIR	474	+	111	225078271	37056
chr1	246720650	246920650	harbor2	chr1	246765694	246765903	SINE/MIR	647	+	104	246765798	45148
chr1	246720650	246920650	harbor2	chr1	246807996	246808199	SINE/MIR	493	+	102	246808098	87448
chr1	246720650	246920650	harbor2	chr1	246811677	246811866	SINE/MIR	432	+	94	246811771	91121
chr1	178352446	178552446	harbor2	chr1	178364301	178364556	SINE/MIR	538	+	128	178364429	11983
chr1	178352446	178552446	harbor2	chr1	178368158	178368395	SINE/MIR	559	+	118	178368276	15830
chr1	178352446	178552446	harbor2	chr1	178408804	178408911	SINE/MIR	419	+	54	178408858	56412
chr1	196795554	196995554	harbor2	chr1	196878354	196878579	SINE/MIR	594	+	112	196878466	82912
chr1	204361166	204561166	harbor2	chr1	204364349	204364565	SINE/MIR	474	+	108	204364457	3291
chr1	204361166	204561166	harbor2	chr1	204376593	204376768	SINE/MIR	445	+	88	204376681	15515
chr1	204361166	204561166	harbor2	chr1	204390510	204390658	SINE/MIR	453	+	74	204390584	29418
chr1	204361166	204561166	harbor2	chr1	204421583	204421783	SINE/MIR	767	+	100	204421683	60517
chr1	204361166	204561166	harbor2	chr1	204441820	204441994	SINE/MIR	651	+	87	204441907	80741
chr1	198689580	198889580	harbor2	chr1	198715657	198715811	SINE/MIR	605	+	77	198715734	26154
chr1	198689580	198889580	harbor2	chr1	198742692	198742945	SINE/MIR	511	+	126	198742818	53238
chr1	198689580	198889580	harbor2	chr1	198787611	198787841	SINE/MIR	487	+	115	198787726	98146
chr1	237704271	237904271	harbor2	chr1	237727500	237727711	SINE/MIR	506	+	106	237727606	23335
chr1	237704271	237904271	harbor2	chr1	237749218	237749440	SINE/MIR	819	+	111	237749329	45058
chr1	237704271	237904271	harbor2	chr1	237782206	237782360	SINE/MIR	439	+	77	237782283	78012
chr1	237704271	237904271	harbor2	chr1	237783120	237783348	SINE/MIR	507	+	114	237783234	78963
chr1	237704271	237904271	harbor2	chr1	237797520	237797738	SINE/MIR	410	+	109	237797629	93358
chr1	236049308	236249308	harbor2	chr1	236067269	236067475	SINE/MIR	468	+	103	236067372	18064
chr1	236049308	236249308	harbor2	chr1	236098664	236098794	SINE/MIR	651	+	65	236098729	49421
chr1	245828070	246028070	harbor2	chr1	245835043	245835117	SINE/MIR	612	+	37	245835080	7010
chr1	245828070	246028070	harbor2	chr1	245835418	245835556	SINE/MIR	612	+	69	245835487	7417
chr1	241981769	242181769	harbor2	chr1	242036340	242036532	SINE/MIR	475	+	96	242036436	54667
chr1	220935696	221135696	harbor2	chr1	220983412	220983556	SINE/MIR	568	+	72	220983484	47788
chr1	220935696	221135696	harbor2	chr1	221028086	221028338	SINE/MIR	872	+	126	221028212	92516
chr1	196829765	197029765	harbor2	chr1	196878354	196878579	SINE/MIR	594	+	112	196878466	48701
chr1	109823463	110023463	harbor2	chr1	109845764	109846022	SINE/MIR	976	+	129	109845893	22430
chr1	196228220	196428220	harbor2	chr1	196240189	196240362	SINE/MIR	558	+	86	196240275	12055
chr1	196228220	196428220	harbor2	chr1	196257880	196258007	SINE/MIR	414	+	64	196257944	29724
chr1	196228220	196428220	harbor2	chr1	196261213	196261470	SINE/MIR	507	+	128	196261341	33121
chr1	196228220	196428220	harbor2	chr1	196288858	196289103	SINE/MIR	547	+	122	196288980	60760
chr1	203480744	203680744	harbor2	chr1	203484226	203484450	SINE/MIR	575	+	112	203484338	3594
chr1	203480744	203680744	harbor2	chr1	203492722	203492852	SINE/MIR	505	+	65	203492787	12043
chr1	203480744	203680744	harbor2	chr1	203501960	203502166	SINE/MIR	572	+	103	203502063	21319
chr1	203480744	203680744	harbor2	chr1	203518907	203519092	SINE/MIR	485	+	92	203518999	38255
chr1	203480744	203680744	harbor2	chr1	203521531	203521719	SINE/MIR	506	+	94	203521625	40881
chr1	203480744	203680744	harbor2	chr1	203548109	203548279	SINE/MIR	545	+	85	203548194	67450
chr1	203480744	203680744	harbor2	chr1	203548568	203548627	SINE/MIR	545	+	30	203548598	67854
chr1	203480744	203680744	harbor2	chr1	203558692	203558949	SINE/MIR	801	+	128	203558820	78076
chr1	203480744	203680744	harbor2	chr1	203538387	203538633	SINE/MIR	531	+	123	203538510	57766
chr1	177610094	177810094	harbor2	chr1	177611285	177611515	SINE/MIR	552	+	115	177611400	1306
chr1	177610094	177810094	harbor2	chr1	177616557	177616749	SINE/MIR	529	+	96	177616653	6559
chr1	177610094	177810094	harbor2	chr1	177622229	177622469	SINE/MIR	494	+	120	177622349	12255
chr1	177610094	177810094	harbor2	chr1	177681447	177681672	SINE/MIR	501	+	112	177681559	71465
chr1	177610094	177810094	harbor2	chr1	177707230	177707458	SINE/MIR	691	+	114	177707344	97250
chr1	74936217	75136217	harbor2	chr1	74982101	74982304	SINE/MIR	821	+	102	74982203	45986
chr1	74936217	75136217	harbor2	chr1	75007630	75007818	SINE/MIR	554	+	94	75007724	71507
chr1	74936217	75136217	harbor2	chr1	75009569	75009673	SINE/MIR	524	+	52	75009621	73404
chr1	74936217	75136217	harbor2	chr1	75010056	75010156	SINE/MIR	524	+	50	75010106	73889
chr1	74936217	75136217	harbor2	chr1	75024974	75025178	SINE/MIR	605	+	102	75025076	88859
chr1	204042223	204242223	harbor2	chr1	204066376	204066572	SINE/MIR	440	+	98	204066474	24251
chr1	204042223	204242223	harbor2	chr1	204075642	204075872	SINE/MIR	980	+	115	204075757	33534
chr1	204042223	204242223	harbor2	chr1	204099718	204099858	SINE/MIR	686	+	70	204099788	57565
chr1	71303832	71503832	harbor2	chr1	71370723	71370909	SINE/MIR	538	+	93	71370816	66984
chr1	57157366	57357366	harbor2	chr1	57157992	57158196	SINE/MIR	430	+	102	57158094	728
chr1	57157366	57357366	harbor2	chr1	57192007	57192035	SINE/MIR	484	+	14	57192021	34655
chr1	57157366	57357366	harbor2	chr1	57192344	57192540	SINE/MIR	484	+	98	57192442	35076
chr1	57157366	57357366	harbor2	chr1	57193800	57194051	SINE/MIR	755	+	126	57193926	36560
chr1	57157366	57357366	harbor2	chr1	57199673	57199892	SINE/MIR	491	+	110	57199783	42417
chr1	57157366	57357366	harbor2	chr1	57200459	57200673	SINE/MIR	601	+	107	57200566	43200
chr1	57157366	57357366	harbor2	chr1	57204528	57204754	SINE/MIR	435	+	113	57204641	47275
chr1	57157366	57357366	harbor2	chr1	57209928	57210132	SINE/MIR	687	+	102	57210030	52664
chr1	57157366	57357366	harbor2	chr1	57211429	57211681	SINE/MIR	439	+	126	57211555	54189
chr1	57157366	57357366	harbor2	chr1	57216128	57216361	SINE/MIR	412	+	116	57216244	58878
chr1	57157366	57357366	harbor2	chr1	57223895	57224020	SINE/MIR	423	+	62	57223957	66591
chr1	57157366	57357366	harbor2	chr1	57230562	57230623	SINE/MIR	538	+	30	57230592	73226
chr1	57157366	57357366	harbor2	chr1	57230828	57231020	SINE/MIR	538	+	96	57230924	73558
chr1	100205855	100405855	harbor2	chr1	100213032	100213200	SINE/MIR	604	+	84	100213116	7261
chr1	100205855	100405855	harbor2	chr1	100217869	100218023	SINE/MIR	494	+	77	100217946	12091
chr1	100205855	100405855	harbor2	chr1	100222459	100222646	SINE/MIR	591	+	94	100222553	16698
chr1	100205855	100405855	harbor2	chr1	100263418	100263604	SINE/MIR	512	+	93	100263511	57656
chr1	215166803	215366803	harbor2	chr1	215203244	215203433	SINE/MIR	439	+	94	215203338	36535
chr1	215166803	215366803	harbor2	chr1	215241678	215241917	SINE/MIR	535	+	120	215241798	74995
chr1	243072680	243272680	harbor2	chr1	243116916	243117130	SINE/MIR	464	+	107	243117023	44343
chr1	208851983	209051983	harbor2	chr1	208888256	208888450	SINE/MIR	470	+	97	208888353	36370
chr1	208851983	209051983	harbor2	chr1	208902690	208902931	SINE/MIR	576	+	120	208902810	50827
chr1	208851983	209051983	harbor2	chr1	208905706	208905825	SINE/MIR	413	+	60	208905766	53783
chr1	208851983	209051983	harbor2	chr1	208906138	208906166	SINE/MIR	413	+	14	208906152	54169
chr1	208851983	209051983	harbor2	chr1	208916161	208916427	SINE/MIR	977	+	133	208916294	64311
chr1	208851983	209051983	harbor2	chr1	208949679	208949870	SINE/MIR	655	+	96	208949775	97792
chr1	201494641	201694641	harbor2	chr1	201497601	201497730	SINE/MIR	717	+	64	201497665	3024
chr1	201494641	201694641	harbor2	chr1	201498031	201498118	SINE/MIR	717	+	44	201498075	3434
chr1	201494641	201694641	harbor2	chr1	201500957	201501171	SINE/MIR	531	+	107	201501064	6423
chr1	201494641	201694641	harbor2	chr1	201504143	201504372	SINE/MIR	712	+	114	201504257	9616
chr1	201494641	201694641	harbor2	chr1	201534257	201534453	SINE/MIR	599	+	98	201534355	39714
chr1	201494641	201694641	harbor2	chr1	201534835	201535079	SINE/MIR	1024	+	122	201534957	40316
chr1	201494641	201694641	harbor2	chr1	201555297	201555417	SINE/MIR	423	+	60	201555357	60716
chr1	201494641	201694641	harbor2	chr1	201557984	201558095	SINE/MIR	617	+	56	201558040	63399
chr1	201494641	201694641	harbor2	chr1	201559040	201559172	SINE/MIR	617	+	66	201559106	64465
chr1	201494641	201694641	harbor2	chr1	201563533	201563714	SINE/MIR	499	+	90	201563623	68982
chr1	201494641	201694641	harbor2	chr1	201568562	201568778	SINE/MIR	611	+	108	201568670	74029
chr1	201494641	201694641	harbor2	chr1	201569828	201570036	SINE/MIR	601	+	104	201569932	75291
chr1	201494641	201694641	harbor2	chr1	201573629	201573736	SINE/MIR	451	+	54	201573683	79042
chr1	201494641	201694641	harbor2	chr1	201589335	201589482	SINE/MIR	475	+	74	201589409	94768
chr1	201494641	201694641	harbor2	chr1	201589792	201589805	SINE/MIR	475	+	6	201589798	95157
chr1	192175076	192375076	harbor2	chr1	192195521	192195719	SINE/MIR	632	+	99	192195620	20544
chr1	192175076	192375076	harbor2	chr1	192265883	192266092	SINE/MIR	577	+	104	192265987	90911
chr1	231713143	231913143	harbor2	chr1	231719472	231719620	SINE/MIR	479	+	74	231719546	6403
chr1	231713143	231913143	harbor2	chr1	231735544	231735760	SINE/MIR	469	+	108	231735652	22509
chr1	231713143	231913143	harbor2	chr1	231763142	231763378	SINE/MIR	428	+	118	231763260	50117
chr1	231713143	231913143	harbor2	chr1	231791296	231791558	SINE/MIR	664	+	131	231791427	78284
chr1	231713143	231913143	harbor2	chr1	231805892	231806120	SINE/MIR	604	+	114	231806006	92863
chr1	208129250	208329250	harbor2	chr1	208131840	208132053	SINE/MIR	458	+	106	208131946	2696
chr1	208129250	208329250	harbor2	chr1	208132384	208132573	SINE/MIR	513	+	94	208132478	3228
chr1	208129250	208329250	harbor2	chr1	208162311	208162518	SINE/MIR	447	+	104	208162415	33165
chr1	208129250	208329250	harbor2	chr1	208167997	208168195	SINE/MIR	581	+	99	208168096	38846
chr1	208129250	208329250	harbor2	chr1	208173019	208173249	SINE/MIR	438	+	115	208173134	43884
chr1	208129250	208329250	harbor2	chr1	208177299	208177539	SINE/MIR	911	+	120	208177419	48169
chr1	208129250	208329250	harbor2	chr1	208190260	208190518	SINE/MIR	599	+	129	208190389	61139
chr1	208129250	208329250	harbor2	chr1	208198803	208199049	SINE/MIR	801	+	123	208198926	69676
chr1	208129250	208329250	harbor2	chr1	208199730	208199936	SINE/MIR	438	+	103	208199833	70583
chr1	208129250	208329250	harbor2	chr1	208205886	208206128	SINE/MIR	922	+	121	208206007	76757
chr1	208129250	208329250	harbor2	chr1	208208363	208208528	SINE/MIR	435	+	82	208208445	79195
chr1	208129250	208329250	harbor2	chr1	208212844	208213004	SINE/MIR	511	+	80	208212924	83674
chr1	208129250	208329250	harbor2	chr1	208213324	208213586	SINE/MIR	741	+	131	208213455	84205
chr1	208129250	208329250	harbor2	chr1	208221806	208222057	SINE/MIR	509	+	126	208221932	92682
chr1	79196825	79396825	harbor2	chr1	79228220	79228467	SINE/MIR	591	+	124	79228344	31519
chr1	79196825	79396825	harbor2	chr1	79237114	79237304	SINE/MIR	521	+	95	79237209	40384
chr1	79196825	79396825	harbor2	chr1	79237518	79237670	SINE/MIR	460	+	76	79237594	40769
chr1	79196825	79396825	harbor2	chr1	79250784	79250994	SINE/MIR	764	+	105	79250889	54064
chr1	157348253	157548253	harbor2	chr1	157374541	157374758	SINE/MIR	670	+	108	157374649	26396
chr1	80833785	81033785	harbor2	chr1	80867318	80867562	SINE/MIR	588	+	122	80867440	33655
chr1	80833785	81033785	harbor2	chr1	80906411	80906616	SINE/MIR	449	+	102	80906513	72728
chr1	80833785	81033785	harbor2	chr1	80913600	80913858	SINE/MIR	573	+	129	80913729	79944
chr1	80833785	81033785	harbor2	chr1	80918488	80918713	SINE/MIR	450	+	112	80918600	84815
chr1	214163154	214363154	harbor2	chr1	214170419	214170536	SINE/MIR	609	+	58	214170477	7323
chr1	214163154	214363154	harbor2	chr1	214188371	214188549	SINE/MIR	556	+	89	214188460	25306
chr1	214163154	214363154	harbor2	chr1	214228683	214228850	SINE/MIR	513	+	84	214228767	65613
chr1	214163154	214363154	harbor2	chr1	214239626	214239863	SINE/MIR	442	+	118	214239744	76590
chr1	214163154	214363154	harbor2	chr1	214261169	214261391	SINE/MIR	476	+	111	214261280	98126
chr1	214163154	214363154	harbor2	chr1	214262344	214262610	SINE/MIR	1138	+	133	214262477	99323
chr1	214163154	214363154	harbor2	chr1	214220657	214220884	SINE/MIR	623	+	114	214220771	57617
chr1	207298643	207498643	harbor2	chr1	207299945	207300181	SINE/MIR	504	+	118	207300063	1420
chr1	207298643	207498643	harbor2	chr1	207318403	207318602	SINE/MIR	459	+	100	207318503	19860
chr1	207298643	207498643	harbor2	chr1	207352471	207352724	SINE/MIR	525	+	126	207352597	53954
chr1	207298643	207498643	harbor2	chr1	207356631	207356736	SINE/MIR	529	+	52	207356683	58040
chr1	207298643	207498643	harbor2	chr1	207362286	207362509	SINE/MIR	696	+	112	207362398	63755
chr1	200909148	201109148	harbor2	chr1	200912617	200912822	SINE/MIR	873	+	102	200912719	3571
chr1	200909148	201109148	harbor2	chr1	200968891	200969118	SINE/MIR	519	+	114	200969005	59857
chr1	200909148	201109148	harbor2	chr1	200995566	200995813	SINE/MIR	652	+	124	200995690	86542
chr1	200909148	201109148	harbor2	chr1	200996482	200996605	SINE/MIR	582	+	62	200996544	87396
chr1	85453983	85653983	harbor2	chr1	85460021	85460130	SINE/MIR	528	+	54	85460075	6092
chr1	85453983	85653983	harbor2	chr1	85461878	85462121	SINE/MIR	732	+	122	85462000	8017
chr1	85453983	85653983	harbor2	chr1	85469312	85469546	SINE/MIR	651	+	117	85469429	15446
chr1	85453983	85653983	harbor2	chr1	85474903	85475038	SINE/MIR	637	+	68	85474971	20988
chr1	85453983	85653983	harbor2	chr1	85475102	85475303	SINE/MIR	555	+	100	85475202	21219
chr1	85453983	85653983	harbor2	chr1	85516932	85517185	SINE/MIR	593	+	126	85517058	63075
chr1	85453983	85653983	harbor2	chr1	85533677	85533882	SINE/MIR	591	+	102	85533779	79796
chr1	85453983	85653983	harbor2	chr1	85545868	85546108	SINE/MIR	508	+	120	85545988	92005
chr1	85453983	85653983	harbor2	chr1	85547076	85547329	SINE/MIR	542	+	126	85547202	93219
chr1	191057975	191257975	harbor2	chr1	191072575	191072750	SINE/MIR	455	+	88	191072663	14688
chr1	191057975	191257975	harbor2	chr1	191155187	191155330	SINE/MIR	461	+	72	191155259	97284
chr1	156452400	156652400	harbor2	chr1	156470605	156470830	SINE/MIR	721	+	112	156470717	18317
chr1	156452400	156652400	harbor2	chr1	156502279	156502497	SINE/MIR	562	+	109	156502388	49988
chr1	156452400	156652400	harbor2	chr1	156506631	156506868	SINE/MIR	483	+	118	156506749	54349
chr1	156452400	156652400	harbor2	chr1	156511770	156511940	SINE/MIR	457	+	85	156511855	59455
chr1	156452400	156652400	harbor2	chr1	156524369	156524566	SINE/MIR	478	+	98	156524467	72067
chr1	156452400	156652400	harbor2	chr1	156535742	156535982	SINE/MIR	581	+	120	156535862	83462
chr1	234757802	234957802	harbor2	chr1	234776060	234776238	SINE/MIR	550	+	89	234776149	18347
chr1	234757802	234957802	harbor2	chr1	234782180	234782388	SINE/MIR	885	+	104	234782284	24482
chr1	234757802	234957802	harbor2	chr1	234791580	234791752	SINE/MIR	485	+	86	234791666	33864
chr1	234757802	234957802	harbor2	chr1	234795145	234795378	SINE/MIR	520	+	116	234795261	37459
chr1	234757802	234957802	harbor2	chr1	234804897	234805046	SINE/MIR	414	+	74	234804971	47169
chr1	234757802	234957802	harbor2	chr1	234812200	234812334	SINE/MIR	477	+	67	234812267	54465
chr1	234757802	234957802	harbor2	chr1	234819482	234819677	SINE/MIR	614	+	98	234819580	61778
chr1	234757802	234957802	harbor2	chr1	234827929	234828097	SINE/MIR	483	+	84	234828013	70211
chr1	234757802	234957802	harbor2	chr1	234852415	234852457	SINE/MIR	541	+	21	234852436	94634
chr1	234757802	234957802	harbor2	chr1	234853075	234853208	SINE/MIR	541	+	66	234853141	95339
chr1	234757802	234957802	harbor2	chr1	234856451	234856646	SINE/MIR	697	+	98	234856549	98747
chr1	156785551	156985551	harbor2	chr1	156789660	156789838	SINE/MIR	445	+	89	156789749	4198
chr1	156785551	156985551	harbor2	chr1	156828680	156828917	SINE/MIR	513	+	118	156828798	43247
chr1	156785551	156985551	harbor2	chr1	156833073	156833274	SINE/MIR	598	+	100	156833173	47622
chr1	156785551	156985551	harbor2	chr1	156833577	156833628	SINE/MIR	598	+	26	156833603	48052
chr1	156785551	156985551	harbor2	chr1	156885354	156885568	SINE/MIR	863	+	107	156885461	99910
chr1	186035148	186235148	harbor2	chr1	186039508	186039604	SINE/MIR	425	+	48	186039556	4408
chr1	186035148	186235148	harbor2	chr1	186058937	186059117	SINE/MIR	596	+	90	186059027	23879
chr1	186035148	186235148	harbor2	chr1	186075430	186075626	SINE/MIR	474	+	98	186075528	40380
chr1	146253709	146453709	harbor2	chr1	146256399	146256609	SINE/MIR	726	+	105	146256504	2795
chr1	146253709	146453709	harbor2	chr1	146262699	146262928	SINE/MIR	542	+	114	146262813	9104
chr1	146253709	146453709	harbor2	chr1	146264680	146264914	SINE/MIR	736	+	117	146264797	11088
chr1	146253709	146453709	harbor2	chr1	146269681	146269933	SINE/MIR	657	+	126	146269807	16098
chr1	146253709	146453709	harbor2	chr1	146270230	146270412	SINE/MIR	523	+	91	146270321	16612
chr1	146253709	146453709	harbor2	chr1	146273643	146273849	SINE/MIR	431	+	103	146273746	20037
chr1	146253709	146453709	harbor2	chr1	146281828	146281897	SINE/MIR	585	+	34	146281862	28153
chr1	146253709	146453709	harbor2	chr1	146282410	146282558	SINE/MIR	585	+	74	146282484	28775
chr1	146253709	146453709	harbor2	chr1	146292245	146292417	SINE/MIR	517	+	86	146292331	38622
chr1	146253709	146453709	harbor2	chr1	146319022	146319217	SINE/MIR	683	+	98	146319120	65411
chr1	146253709	146453709	harbor2	chr1	146322197	146322440	SINE/MIR	659	+	122	146322319	68610
chr1	146253709	146453709	harbor2	chr1	146334171	146334415	SINE/MIR	603	+	122	146334293	80584
chr1	230652266	230852266	harbor2	chr1	230709600	230709802	SINE/MIR	490	+	101	230709701	57435
chr1	233168713	233368713	harbor2	chr1	233182061	233182172	SINE/MIR	411	+	56	233182117	13404
chr1	233168713	233368713	harbor2	chr1	233257191	233257368	SINE/MIR	628	+	88	233257279	88566
chr1	233168713	233368713	harbor2	chr1	233257502	233257573	SINE/MIR	628	+	36	233257538	88825
chr1	231406183	231606183	harbor2	chr1	231476984	231477234	SINE/MIR	589	+	125	231477109	70926
chr1	220177444	220377444	harbor2	chr1	220234033	220234216	SINE/MIR	562	+	92	220234125	56681
chr1	220177444	220377444	harbor2	chr1	220238401	220238604	SINE/MIR	674	+	102	220238503	61059
chr1	154016147	154216147	harbor2	chr1	154024260	154024449	SINE/MIR	448	+	94	154024354	8207
chr1	154016147	154216147	harbor2	chr1	154063678	154063790	SINE/MIR	424	+	56	154063734	47587
chr1	203652400	203852400	harbor2	chr1	203661274	203661455	SINE/MIR	576	+	90	203661364	8964
chr1	203652400	203852400	harbor2	chr1	203663973	203664134	SINE/MIR	433	+	80	203664053	11653
chr1	203652400	203852400	harbor2	chr1	203685678	203685860	SINE/MIR	493	+	91	203685769	33369
chr1	203652400	203852400	harbor2	chr1	203693997	203694168	SINE/MIR	509	+	86	203694083	41683
chr1	203652400	203852400	harbor2	chr1	203724801	203724867	SINE/MIR	557	+	33	203724834	72434
chr1	203652400	203852400	harbor2	chr1	203725449	203725535	SINE/MIR	557	+	43	203725492	73092
chr1	195498014	195698014	harbor2	chr1	195511545	195511794	SINE/MIR	475	+	124	195511669	13655
chr1	233098992	233298992	harbor2	chr1	233111130	233111367	SINE/MIR	596	+	118	233111248	12256
chr1	233098992	233298992	harbor2	chr1	233127581	233127826	SINE/MIR	778	+	122	233127703	28711
chr1	233098992	233298992	harbor2	chr1	233182061	233182172	SINE/MIR	411	+	56	233182117	83125
chr1	59486895	59686895	harbor2	chr1	59510143	59510393	SINE/MIR	481	+	125	59510268	23373
chr1	59486895	59686895	harbor2	chr1	59523806	59523850	SINE/MIR	508	+	22	59523828	36933
chr1	59486895	59686895	harbor2	chr1	59525436	59525551	SINE/MIR	508	+	58	59525494	38599
chr1	59486895	59686895	harbor2	chr1	59526747	59526976	SINE/MIR	535	+	114	59526861	39966
chr1	59486895	59686895	harbor2	chr1	59541781	59542015	SINE/MIR	624	+	117	59541898	55003
chr1	59486895	59686895	harbor2	chr1	59547459	59547657	SINE/MIR	488	+	99	59547558	60663
chr1	59486895	59686895	harbor2	chr1	59549422	59549629	SINE/MIR	469	+	104	59549526	62631
chr1	59486895	59686895	harbor2	chr1	59550798	59551019	SINE/MIR	750	+	110	59550908	64013
chr1	59486895	59686895	harbor2	chr1	59551633	59551855	SINE/MIR	676	+	111	59551744	64849
chr1	59486895	59686895	harbor2	chr1	59553640	59553847	SINE/MIR	550	+	104	59553744	66849
chr1	59486895	59686895	harbor2	chr1	59555324	59555522	SINE/MIR	602	+	99	59555423	68528
chr1	59486895	59686895	harbor2	chr1	59556560	59556787	SINE/MIR	589	+	114	59556674	69779
chr1	59486895	59686895	harbor2	chr1	59558004	59558204	SINE/MIR	604	+	100	59558104	71209
chr1	175313757	175513757	harbor2	chr1	175316967	175317206	SINE/MIR	933	+	120	175317087	3330
chr1	175313757	175513757	harbor2	chr1	175317254	175317400	SINE/MIR	486	+	73	175317327	3570
chr1	175313757	175513757	harbor2	chr1	175353137	175353408	SINE/MIR	866	+	136	175353273	39516
chr1	175313757	175513757	harbor2	chr1	175353488	175353721	SINE/MIR	468	+	116	175353604	39847
chr1	175313757	175513757	harbor2	chr1	175370096	175370273	SINE/MIR	465	+	88	175370184	56427
chr1	175313757	175513757	harbor2	chr1	175377029	175377227	SINE/MIR	677	+	99	175377128	63371
chr1	175313757	175513757	harbor2	chr1	175380234	175380404	SINE/MIR	442	+	85	175380319	66562
chr1	175313757	175513757	harbor2	chr1	175408545	175408785	SINE/MIR	764	+	120	175408665	94908
chr1	186314093	186514093	harbor2	chr1	186316629	186316883	SINE/MIR	814	+	127	186316756	2663
chr1	186314093	186514093	harbor2	chr1	186321420	186321634	SINE/MIR	631	+	107	186321527	7434
chr1	186314093	186514093	harbor2	chr1	186378622	186378877	SINE/MIR	909	+	128	186378750	64657
chr1	200602030	200802030	harbor2	chr1	200614515	200614712	SINE/MIR	647	+	98	200614613	12583
chr1	200602030	200802030	harbor2	chr1	200629320	200629526	SINE/MIR	915	+	103	200629423	27393
chr1	200602030	200802030	harbor2	chr1	200631428	200631638	SINE/MIR	795	+	105	200631533	29503
chr1	200602030	200802030	harbor2	chr1	200632983	200633174	SINE/MIR	603	+	96	200633079	31049
chr1	200602030	200802030	harbor2	chr1	200633481	200633534	SINE/MIR	603	+	26	200633507	31477
chr1	200602030	200802030	harbor2	chr1	200663495	200663743	SINE/MIR	555	+	124	200663619	61589
chr1	233993750	234193750	harbor2	chr1	233994890	233995127	SINE/MIR	477	+	118	233995008	1258
chr1	243559652	243759652	harbor2	chr1	243561399	243561657	SINE/MIR	523	+	129	243561528	1876
chr1	243559652	243759652	harbor2	chr1	243566562	243566796	SINE/MIR	509	+	117	243566679	7027
chr1	243559652	243759652	harbor2	chr1	243644361	243644590	SINE/MIR	516	+	114	243644475	84823
chr1	219505965	219705965	harbor2	chr1	219516712	219516919	SINE/MIR	720	+	104	219516816	10851
chr1	219505965	219705965	harbor2	chr1	219530154	219530293	SINE/MIR	556	+	70	219530224	24259
chr1	219505965	219705965	harbor2	chr1	219543579	219543761	SINE/MIR	490	+	91	219543670	37705
chr1	219505965	219705965	harbor2	chr1	219551807	219552029	SINE/MIR	861	+	111	219551918	45953
chr1	219505965	219705965	harbor2	chr1	219553255	219553368	SINE/MIR	614	+	56	219553311	47346
chr1	219505965	219705965	harbor2	chr1	219553496	219553621	SINE/MIR	614	+	62	219553558	47593
chr1	219505965	219705965	harbor2	chr1	219589101	219589305	SINE/MIR	423	+	102	219589203	83238
chr1	219505965	219705965	harbor2	chr1	219591004	219591139	SINE/MIR	447	+	68	219591072	85107
chr1	246218848	246418848	harbor2	chr1	246222372	246222594	SINE/MIR	498	+	111	246222483	3635
chr1	246218848	246418848	harbor2	chr1	246263166	246263398	SINE/MIR	603	+	116	246263282	44434
chr1	246218848	246418848	harbor2	chr1	246276895	246277093	SINE/MIR	642	+	99	246276994	58146
chr1	246218848	246418848	harbor2	chr1	246287487	246287603	SINE/MIR	429	+	58	246287545	68697
chr1	246218848	246418848	harbor2	chr1	246303101	246303248	SINE/MIR	455	+	74	246303175	84327
chr1	246218848	246418848	harbor2	chr1	246300591	246300822	SINE/MIR	843	+	116	246300707	81859
chr1	204973204	205173204	harbor2	chr1	204979630	204979810	SINE/MIR	592	+	90	204979720	6516
chr1	204973204	205173204	harbor2	chr1	205028804	205028968	SINE/MIR	652	+	82	205028886	55682
chr1	204973204	205173204	harbor2	chr1	205055649	205055858	SINE/MIR	483	+	104	205055753	82549
chr1	204973204	205173204	harbor2	chr1	205059969	205060182	SINE/MIR	999	+	106	205060075	86871
chr1	204973204	205173204	harbor2	chr1	205062813	205063040	SINE/MIR	544	+	114	205062927	89723
chr1	204973204	205173204	harbor2	chr1	205068559	205068790	SINE/MIR	740	+	116	205068675	95471
chr1	217022700	217222700	harbor2	chr1	217030444	217030613	SINE/MIR	602	+	84	217030528	7828
chr1	217022700	217222700	harbor2	chr1	217035032	217035202	SINE/MIR	518	+	85	217035117	12417
chr1	217022700	217222700	harbor2	chr1	217071353	217071564	SINE/MIR	674	+	106	217071459	48759
chr1	217022700	217222700	harbor2	chr1	217079521	217079747	SINE/MIR	734	+	113	217079634	56934
chr1	217022700	217222700	harbor2	chr1	217093135	217093298	SINE/MIR	559	+	82	217093217	70517
chr1	217022700	217222700	harbor2	chr1	217096392	217096517	SINE/MIR	456	+	62	217096454	73754
chr1	217022700	217222700	harbor2	chr1	217101185	217101405	SINE/MIR	689	+	110	217101295	78595
chr1	217022700	217222700	harbor2	chr1	217117081	217117267	SINE/MIR	507	+	93	217117174	94474
chr1	217022700	217222700	harbor2	chr1	217104373	217104581	SINE/MIR	631	+	104	217104477	81777
chr1	213209197	213409197	harbor2	chr1	213226916	213227183	SINE/MIR	457	+	134	213227050	17853
chr1	213209197	213409197	harbor2	chr1	213237201	213237455	SINE/MIR	1236	+	127	213237328	28131
chr1	213209197	213409197	harbor2	chr1	213265849	213266095	SINE/MIR	920	+	123	213265972	56775
chr1	164775365	164975365	harbor2	chr1	164857755	164857945	SINE/MIR	998	+	95	164857850	82485
chr1	164775365	164975365	harbor2	chr1	164867074	164867305	SINE/MIR	485	+	116	164867190	91825
chr1	96968652	97168652	harbor2	chr1	96970821	96970953	SINE/MIR	492	+	66	96970887	2235
chr1	96968652	97168652	harbor2	chr1	96990672	96990849	SINE/MIR	475	+	88	96990760	22108
chr1	96968652	97168652	harbor2	chr1	96996412	96996638	SINE/MIR	515	+	113	96996525	27873
chr1	96968652	97168652	harbor2	chr1	97000740	97001013	SINE/MIR	566	+	136	97000876	32224
chr1	96968652	97168652	harbor2	chr1	97002790	97003019	SINE/MIR	700	+	114	97002904	34252
chr1	96968652	97168652	harbor2	chr1	97005327	97005565	SINE/MIR	512	+	119	97005446	36794
chr1	96968652	97168652	harbor2	chr1	97032930	97033109	SINE/MIR	568	+	90	97033020	64368
chr1	96968652	97168652	harbor2	chr1	97052421	97052659	SINE/MIR	629	+	119	97052540	83888
chr1	96968652	97168652	harbor2	chr1	97068218	97068452	SINE/MIR	854	+	117	97068335	99683
chr1	237411472	237611472	harbor2	chr1	237478229	237478402	SINE/MIR	593	+	86	237478315	66843
chr1	167887707	168087707	harbor2	chr1	167892855	167893051	SINE/MIR	552	+	98	167892953	5246
chr1	167887707	168087707	harbor2	chr1	167894304	167894503	SINE/MIR	502	+	100	167894404	6697
chr1	174187051	174387051	harbor2	chr1	174266120	174266301	SINE/MIR	555	+	90	174266210	79159
chr1	78244959	78444959	harbor2	chr1	78254972	78255124	SINE/MIR	459	+	76	78255048	10089
chr1	78244959	78444959	harbor2	chr1	78318477	78318683	SINE/MIR	629	+	103	78318580	73621
chr1	78244959	78444959	harbor2	chr1	78335454	78335633	SINE/MIR	666	+	90	78335544	90585
chr1	78244959	78444959	harbor2	chr1	78341823	78342068	SINE/MIR	651	+	122	78341945	96986
chr1	245986290	246186290	harbor2	chr1	245988247	245988450	SINE/MIR	427	+	102	245988349	2059
chr1	245986290	246186290	harbor2	chr1	246003970	246004180	SINE/MIR	521	+	105	246004075	17785
chr1	245986290	246186290	harbor2	chr1	246022382	246022578	SINE/MIR	543	+	98	246022480	36190
chr1	245986290	246186290	harbor2	chr1	246032816	246032989	SINE/MIR	550	+	86	246032902	46612
chr1	245986290	246186290	harbor2	chr1	246048571	246048779	SINE/MIR	615	+	104	246048675	62385
chr1	174041563	174241563	harbor2	chr1	174069151	174069407	SINE/MIR	855	+	128	174069279	27716
chr1	174041563	174241563	harbor2	chr1	174075427	174075642	SINE/MIR	708	+	108	174075535	33972
chr1	239536944	239736944	harbor2	chr1	239546208	239546440	SINE/MIR	508	+	116	239546324	9380
chr1	239536944	239736944	harbor2	chr1	239547191	239547440	SINE/MIR	801	+	124	239547315	10371
chr1	239536944	239736944	harbor2	chr1	239607205	239607354	SINE/MIR	586	+	74	239607279	70335
chr1	239536944	239736944	harbor2	chr1	239612797	239613020	SINE/MIR	489	+	112	239612909	75965
chr1	242464051	242664051	harbor2	chr1	242497513	242497739	SINE/MIR	493	+	113	242497626	33575
chr1	242464051	242664051	harbor2	chr1	242542484	242542656	SINE/MIR	557	+	86	242542570	78519
chr1	46346229	46546229	harbor2	chr1	46354992	46355203	SINE/MIR	639	+	106	46355098	8869
chr1	46346229	46546229	harbor2	chr1	46355341	46355569	SINE/MIR	747	+	114	46355455	9226
chr1	46346229	46546229	harbor2	chr1	46429748	46429977	SINE/MIR	554	+	114	46429862	83633
chr1	46346229	46546229	harbor2	chr1	46430310	46430476	SINE/MIR	591	+	83	46430393	84164
chr1	46346229	46546229	harbor2	chr1	46442495	46442688	SINE/MIR	507	+	96	46442591	96362
chr1	46346229	46546229	harbor2	chr1	46444000	46444206	SINE/MIR	448	+	103	46444103	97874
chr1	46346229	46546229	harbor2	chr1	46445801	46446006	SINE/MIR	758	+	102	46445903	99674
chr1	246075828	246275828	harbor2	chr1	246110168	246110320	SINE/MIR	543	+	76	246110244	34416
chr1	246075828	246275828	harbor2	chr1	246124199	246124308	SINE/MIR	484	+	54	246124253	48425
chr1	246075828	246275828	harbor2	chr1	246140202	246140431	SINE/MIR	441	+	114	246140316	64488
chr1	246075828	246275828	harbor2	chr1	246145587	246145828	SINE/MIR	636	+	120	246145707	69879
chr1	246075828	246275828	harbor2	chr1	246151378	246151606	SINE/MIR	550	+	114	246151492	75664
chr1	220257701	220457701	harbor2	chr1	220291063	220291224	SINE/MIR	444	+	80	220291143	33442
chr1	220257701	220457701	harbor2	chr1	220298087	220298285	SINE/MIR	474	+	99	220298186	40485
chr1	192298548	192498548	harbor2	chr1	192335182	192335389	SINE/MIR	527	+	104	192335286	36738
chr1	192298548	192498548	harbor2	chr1	192338947	192339095	SINE/MIR	472	+	74	192339021	40473
chr1	192298548	192498548	harbor2	chr1	192344328	192344539	SINE/MIR	461	+	106	192344434	45886
chr1	192298548	192498548	harbor2	chr1	192355078	192355284	SINE/MIR	524	+	103	192355181	56633
chr1	230252696	230452696	harbor2	chr1	230273715	230273845	SINE/MIR	471	+	65	230273780	21084
chr1	230252696	230452696	harbor2	chr1	230302757	230303029	SINE/MIR	923	+	136	230302893	50197
chr1	230252696	230452696	harbor2	chr1	230343970	230344003	SINE/MIR	649	+	16	230343986	91290
chr1	230252696	230452696	harbor2	chr1	230344301	230344534	SINE/MIR	649	+	116	230344417	91721
chr1	230252696	230452696	harbor2	chr1	230351108	230351368	SINE/MIR	557	+	130	230351238	98542
chr1	230252696	230452696	harbor2	chr1	230342597	230342812	SINE/MIR	435	+	108	230342705	90009
chr1	231307694	231507694	harbor2	chr1	231327300	231327412	SINE/MIR	828	+	56	231327356	19662
chr1	231307694	231507694	harbor2	chr1	231327716	231327840	SINE/MIR	828	+	62	231327778	20084
chr1	231307694	231507694	harbor2	chr1	231389982	231390182	SINE/MIR	774	+	100	231390082	82388
chr1	231307694	231507694	harbor2	chr1	231393393	231393601	SINE/MIR	625	+	104	231393497	85803
chr1	231307694	231507694	harbor2	chr1	231401187	231401404	SINE/MIR	884	+	108	231401295	93601
chr1	65904856	66104856	harbor2	chr1	65904690	65904897	SINE/MIR	668	+	104	65904794	62
chr1	65904856	66104856	harbor2	chr1	65952760	65952915	SINE/MIR	457	+	78	65952838	47982
chr1	65904856	66104856	harbor2	chr1	65981561	65981801	SINE/MIR	488	+	120	65981681	76825
chr1	65904856	66104856	harbor2	chr1	65990696	65990860	SINE/MIR	558	+	82	65990778	85922
chr1	231714762	231914762	harbor2	chr1	231719472	231719620	SINE/MIR	479	+	74	231719546	4784
chr1	231714762	231914762	harbor2	chr1	231735544	231735760	SINE/MIR	469	+	108	231735652	20890
chr1	231714762	231914762	harbor2	chr1	231763142	231763378	SINE/MIR	428	+	118	231763260	48498
chr1	231714762	231914762	harbor2	chr1	231791296	231791558	SINE/MIR	664	+	131	231791427	76665
chr1	231714762	231914762	harbor2	chr1	231805892	231806120	SINE/MIR	604	+	114	231806006	91244
chr1	204416219	204616219	harbor2	chr1	204421583	204421783	SINE/MIR	767	+	100	204421683	5464
chr1	204416219	204616219	harbor2	chr1	204441820	204441994	SINE/MIR	651	+	87	204441907	25688
chr1	156051595	156251595	harbor2	chr1	156055590	156055829	SINE/MIR	717	+	120	156055710	4115
chr1	156051595	156251595	harbor2	chr1	156063770	156063938	SINE/MIR	584	+	84	156063854	12259
chr1	156051595	156251595	harbor2	chr1	156069078	156069170	SINE/MIR	425	+	46	156069124	17529
chr1	156051595	156251595	harbor2	chr1	156069479	156069623	SINE/MIR	425	+	72	156069551	17956
chr1	156051595	156251595	harbor2	chr1	156096303	156096484	SINE/MIR	652	+	90	156096393	44798
chr1	156051595	156251595	harbor2	chr1	156099346	156099491	SINE/MIR	450	+	72	156099418	47823
chr1	156051595	156251595	harbor2	chr1	156106986	156107188	SINE/MIR	594	+	101	156107087	55492
chr1	156051595	156251595	harbor2	chr1	156107739	156107795	SINE/MIR	441	+	28	156107767	56172
chr1	156051595	156251595	harbor2	chr1	156108067	156108200	SINE/MIR	441	+	66	156108133	56538
chr1	156051595	156251595	harbor2	chr1	156108438	156108491	SINE/MIR	544	+	26	156108464	56869
chr1	156051595	156251595	harbor2	chr1	156108778	156108811	SINE/MIR	544	+	16	156108794	57199
chr1	156051595	156251595	harbor2	chr1	156109025	156109179	SINE/MIR	544	+	77	156109102	57507
chr1	156051595	156251595	harbor2	chr1	156122168	156122339	SINE/MIR	454	+	86	156122254	70659
chr1	156051595	156251595	harbor2	chr1	156128046	156128226	SINE/MIR	592	+	90	156128136	76541
chr1	156051595	156251595	harbor2	chr1	156128613	156128806	SINE/MIR	432	+	96	156128709	77114
chr1	156051595	156251595	harbor2	chr1	156136578	156136772	SINE/MIR	616	+	97	156136675	85080
chr1	246665785	246865785	harbor2	chr1	246693187	246693430	SINE/MIR	840	+	122	246693309	27524
chr1	245437820	245637820	harbor2	chr1	245501150	245501393	SINE/MIR	866	+	122	245501272	63452
chr1	225820739	226020739	harbor2	chr1	225855211	225855388	SINE/MIR	794	+	88	225855299	34560
chr1	166085398	166285398	harbor2	chr1	166088416	166088597	SINE/MIR	441	+	90	166088506	3108
chr1	166085398	166285398	harbor2	chr1	166096531	166096638	SINE/MIR	463	+	54	166096585	11187
chr1	166085398	166285398	harbor2	chr1	166116767	166116912	SINE/MIR	428	+	72	166116839	31441
chr1	166085398	166285398	harbor2	chr1	166122592	166122806	SINE/MIR	618	+	107	166122699	37301
chr1	166085398	166285398	harbor2	chr1	166127044	166127206	SINE/MIR	410	+	81	166127125	41727
chr1	166085398	166285398	harbor2	chr1	166132311	166132542	SINE/MIR	542	+	116	166132427	47029
chr1	166085398	166285398	harbor2	chr1	166142977	166143176	SINE/MIR	916	+	100	166143077	57679
chr1	166085398	166285398	harbor2	chr1	166145974	166146121	SINE/MIR	409	+	74	166146048	60650
chr1	166085398	166285398	harbor2	chr1	166155265	166155425	SINE/MIR	439	+	80	166155345	69947
chr1	166085398	166285398	harbor2	chr1	166156443	166156623	SINE/MIR	489	+	90	166156533	71135
chr1	166085398	166285398	harbor2	chr1	166158359	166158540	SINE/MIR	424	+	90	166158449	73051
chr1	166085398	166285398	harbor2	chr1	166159235	166159418	SINE/MIR	576	+	92	166159327	73929
chr1	166085398	166285398	harbor2	chr1	166173586	166173827	SINE/MIR	536	+	120	166173706	88308
chr1	206639002	206839002	harbor2	chr1	206671600	206671716	SINE/MIR	477	+	58	206671658	32656
chr1	206639002	206839002	harbor2	chr1	206674223	206674469	SINE/MIR	411	+	123	206674346	35344
chr1	206639002	206839002	harbor2	chr1	206680819	206680970	SINE/MIR	485	+	76	206680895	41893
chr1	206639002	206839002	harbor2	chr1	206717167	206717350	SINE/MIR	590	+	92	206717259	78257
chr1	206639002	206839002	harbor2	chr1	206726631	206726772	SINE/MIR	585	+	70	206726701	87699
chr1	244929432	245129432	harbor2	chr1	244935973	244936139	SINE/MIR	632	+	83	244936056	6624
chr1	244929432	245129432	harbor2	chr1	244949416	244949597	SINE/MIR	539	+	90	244949506	20074
chr1	244929432	245129432	harbor2	chr1	244962807	244962944	SINE/MIR	466	+	68	244962875	33443
chr1	244929432	245129432	harbor2	chr1	244985243	244985410	SINE/MIR	517	+	84	244985327	55895
chr1	244929432	245129432	harbor2	chr1	245014668	245014793	SINE/MIR	522	+	62	245014730	85298
chr1	199463082	199663082	harbor2	chr1	199517132	199517358	SINE/MIR	433	+	113	199517245	54163
chr1	199463082	199663082	harbor2	chr1	199523336	199523464	SINE/MIR	679	+	64	199523400	60318
chr1	199463082	199663082	harbor2	chr1	199523697	199523818	SINE/MIR	679	+	60	199523757	60675
chr1	114303921	114503921	harbor2	chr1	114351589	114351841	SINE/MIR	816	+	126	114351715	47794
chr1	174021300	174221300	harbor2	chr1	174031828	174032068	SINE/MIR	495	+	120	174031948	10648
chr1	174021300	174221300	harbor2	chr1	174069151	174069407	SINE/MIR	855	+	128	174069279	47979
chr1	174021300	174221300	harbor2	chr1	174075427	174075642	SINE/MIR	708	+	108	174075535	54235
chr1	235471663	235671663	harbor2	chr1	235495113	235495341	SINE/MIR	792	+	114	235495227	23564
chr1	235471663	235671663	harbor2	chr1	235515245	235515412	SINE/MIR	576	+	84	235515329	43666
chr1	235471663	235671663	harbor2	chr1	235518934	235519163	SINE/MIR	567	+	114	235519048	47385
chr1	235471663	235671663	harbor2	chr1	235531662	235531891	SINE/MIR	632	+	114	235531776	60113
chr1	235471663	235671663	harbor2	chr1	235550380	235550519	SINE/MIR	562	+	70	235550450	78787
chr1	235471663	235671663	harbor2	chr1	235550826	235550908	SINE/MIR	562	+	41	235550867	79204
chr1	235471663	235671663	harbor2	chr1	235553762	235553919	SINE/MIR	587	+	78	235553840	82177
chr1	235471663	235671663	harbor2	chr1	235571254	235571498	SINE/MIR	722	+	122	235571376	99713
chr1	58553333	58753333	harbor2	chr1	58572526	58572705	SINE/MIR	550	+	90	58572616	19283
chr1	58553333	58753333	harbor2	chr1	58579423	58579600	SINE/MIR	520	+	88	58579511	26178
chr1	58553333	58753333	harbor2	chr1	58581296	58581457	SINE/MIR	572	+	80	58581376	28043
chr1	58553333	58753333	harbor2	chr1	58587757	58587941	SINE/MIR	802	+	92	58587849	34516
chr1	58553333	58753333	harbor2	chr1	58611021	58611207	SINE/MIR	613	+	93	58611114	57781
chr1	58553333	58753333	harbor2	chr1	58621394	58621512	SINE/MIR	496	+	59	58621453	68120
chr1	58553333	58753333	harbor2	chr1	58621602	58621773	SINE/MIR	490	+	86	58621688	68355
chr1	58553333	58753333	harbor2	chr1	58640277	58640510	SINE/MIR	700	+	116	58640393	87060
chr1	58553333	58753333	harbor2	chr1	58652351	58652581	SINE/MIR	637	+	115	58652466	99133
chr1	247233004	247433004	harbor2	chr1	247290907	247291089	SINE/MIR	445	+	91	247290998	57994
chr1	182513510	182713510	harbor2	chr1	182532407	182532628	SINE/MIR	542	+	110	182532517	19007
chr1	182513510	182713510	harbor2	chr1	182533571	182533757	SINE/MIR	580	+	93	182533664	20154
chr1	182513510	182713510	harbor2	chr1	182573918	182574152	SINE/MIR	531	+	117	182574035	60525
chr1	182513510	182713510	harbor2	chr1	182574971	182575102	SINE/MIR	469	+	66	182575037	61527
chr1	182513510	182713510	harbor2	chr1	182579894	182580099	SINE/MIR	590	+	102	182579996	66486
chr1	182513510	182713510	harbor2	chr1	182594447	182594618	SINE/MIR	686	+	86	182594533	81023
chr1	209241036	209441036	harbor2	chr1	209316475	209316675	SINE/MIR	442	+	100	209316575	75539
chr1	209241036	209441036	harbor2	chr1	209324116	209324381	SINE/MIR	824	+	132	209324248	83212
chr1	113088148	113288148	harbor2	chr1	113089437	113089585	SINE/MIR	436	+	74	113089511	1363
chr1	113088148	113288148	harbor2	chr1	113101670	113101809	SINE/MIR	445	+	70	113101740	13592
chr1	113088148	113288148	harbor2	chr1	113109954	113110136	SINE/MIR	620	+	91	113110045	21897
chr1	113088148	113288148	harbor2	chr1	113118594	113118664	SINE/MIR	995	+	35	113118629	30481
chr1	113088148	113288148	harbor2	chr1	113118962	113119140	SINE/MIR	995	+	89	113119051	30903
chr1	113088148	113288148	harbor2	chr1	113128344	113128522	SINE/MIR	463	+	89	113128433	40285
chr1	113088148	113288148	harbor2	chr1	113137729	113137964	SINE/MIR	696	+	118	113137847	49699
chr1	113088148	113288148	harbor2	chr1	113139003	113139172	SINE/MIR	424	+	84	113139087	50939
chr1	113088148	113288148	harbor2	chr1	113141977	113142193	SINE/MIR	808	+	108	113142085	53937
chr1	227212491	227412491	harbor2	chr1	227215282	227215471	SINE/MIR	725	+	94	227215376	2885
chr1	227212491	227412491	harbor2	chr1	227265202	227265405	SINE/MIR	460	+	102	227265304	52813
chr1	227212491	227412491	harbor2	chr1	227270409	227270559	SINE/MIR	471	+	75	227270484	57993
chr1	211170860	211370860	harbor2	chr1	211170742	211170863	SINE/MIR	466	+	60	211170802	58
chr1	211170860	211370860	harbor2	chr1	211180878	211181084	SINE/MIR	510	+	103	211180981	10121
chr1	44531845	44731845	harbor2	chr1	44544287	44544519	SINE/MIR	664	+	116	44544403	12558
chr1	44531845	44731845	harbor2	chr1	44563577	44563780	SINE/MIR	558	+	102	44563679	31834
chr1	44531845	44731845	harbor2	chr1	44585678	44585868	SINE/MIR	546	+	95	44585773	53928
chr1	44531845	44731845	harbor2	chr1	44589219	44589330	SINE/MIR	487	+	56	44589275	57430
chr1	44531845	44731845	harbor2	chr1	44608452	44608661	SINE/MIR	573	+	104	44608556	76711
chr1	227070105	227270105	harbor2	chr1	227077138	227077378	SINE/MIR	764	+	120	227077258	7153
chr1	227070105	227270105	harbor2	chr1	227088100	227088317	SINE/MIR	759	+	108	227088208	18103
chr1	227070105	227270105	harbor2	chr1	227115967	227116195	SINE/MIR	870	+	114	227116081	45976
chr1	203511550	203711550	harbor2	chr1	203518907	203519092	SINE/MIR	485	+	92	203518999	7449
chr1	203511550	203711550	harbor2	chr1	203521531	203521719	SINE/MIR	506	+	94	203521625	10075
chr1	203511550	203711550	harbor2	chr1	203548109	203548279	SINE/MIR	545	+	85	203548194	36644
chr1	203511550	203711550	harbor2	chr1	203548568	203548627	SINE/MIR	545	+	30	203548598	37048
chr1	203511550	203711550	harbor2	chr1	203558692	203558949	SINE/MIR	801	+	128	203558820	47270
chr1	203511550	203711550	harbor2	chr1	203604564	203604764	SINE/MIR	663	+	100	203604664	93114
chr1	203511550	203711550	harbor2	chr1	203605555	203605723	SINE/MIR	434	+	84	203605639	94089
chr1	203511550	203711550	harbor2	chr1	203538387	203538633	SINE/MIR	531	+	123	203538510	26960
chr1	164977481	165177481	harbor2	chr1	164982826	164983004	SINE/MIR	625	+	89	164982915	5434
chr1	164977481	165177481	harbor2	chr1	164983689	164983825	SINE/MIR	482	+	68	164983757	6276
chr1	164977481	165177481	harbor2	chr1	164998527	164998719	SINE/MIR	437	+	96	164998623	21142
chr1	164977481	165177481	harbor2	chr1	165024207	165024401	SINE/MIR	514	+	97	165024304	46823
chr1	164977481	165177481	harbor2	chr1	165047760	165047972	SINE/MIR	519	+	106	165047866	70385
chr1	164977481	165177481	harbor2	chr1	165065193	165065378	SINE/MIR	484	+	92	165065285	87804
chr1	164977481	165177481	harbor2	chr1	165069471	165069699	SINE/MIR	750	+	114	165069585	92104
chr1	246205223	246405223	harbor2	chr1	246222372	246222594	SINE/MIR	498	+	111	246222483	17260
chr1	246205223	246405223	harbor2	chr1	246263166	246263398	SINE/MIR	603	+	116	246263282	58059
chr1	246205223	246405223	harbor2	chr1	246276895	246277093	SINE/MIR	642	+	99	246276994	71771
chr1	246205223	246405223	harbor2	chr1	246287487	246287603	SINE/MIR	429	+	58	246287545	82322
chr1	246205223	246405223	harbor2	chr1	246303101	246303248	SINE/MIR	455	+	74	246303175	97952
chr1	246205223	246405223	harbor2	chr1	246300591	246300822	SINE/MIR	843	+	116	246300707	95484
chr1	115293225	115493225	harbor2	chr1	115352643	115352808	SINE/MIR	512	+	82	115352725	59500
chr1	115293225	115493225	harbor2	chr1	115357732	115357895	SINE/MIR	612	+	82	115357814	64589
chr1	115293225	115493225	harbor2	chr1	115358180	115358233	SINE/MIR	612	+	26	115358206	64981
chr1	77829601	78029601	harbor2	chr1	77837385	77837637	SINE/MIR	794	+	126	77837511	7910
chr1	77829601	78029601	harbor2	chr1	77852563	77852687	SINE/MIR	491	+	62	77852625	23024
chr1	77829601	78029601	harbor2	chr1	77852990	77853070	SINE/MIR	491	+	40	77853030	23429
chr1	77829601	78029601	harbor2	chr1	77867178	77867327	SINE/MIR	1028	+	74	77867252	37651
chr1	77829601	78029601	harbor2	chr1	77867628	77867708	SINE/MIR	1028	+	40	77867668	38067
chr1	77829601	78029601	harbor2	chr1	77906973	77907079	SINE/MIR	456	+	53	77907026	77425
chr1	77829601	78029601	harbor2	chr1	77927640	77927943	SINE/MIR	525	+	152	77927792	98191
chr1	169740664	169940664	harbor2	chr1	169745939	169746094	SINE/MIR	431	+	78	169746017	5353
chr1	169740664	169940664	harbor2	chr1	169757369	169757455	SINE/MIR	534	+	43	169757412	16748
chr1	169740664	169940664	harbor2	chr1	169759993	169760157	SINE/MIR	534	+	82	169760075	19411
chr1	169740664	169940664	harbor2	chr1	169806718	169806950	SINE/MIR	738	+	116	169806834	66170
chr1	169740664	169940664	harbor2	chr1	169833388	169833600	SINE/MIR	529	+	106	169833494	92830
chr1	231702696	231902696	harbor2	chr1	231719472	231719620	SINE/MIR	479	+	74	231719546	16850
chr1	231702696	231902696	harbor2	chr1	231735544	231735760	SINE/MIR	469	+	108	231735652	32956
chr1	231702696	231902696	harbor2	chr1	231763142	231763378	SINE/MIR	428	+	118	231763260	60564
chr1	231702696	231902696	harbor2	chr1	231791296	231791558	SINE/MIR	664	+	131	231791427	88731
chr1	245298974	245498974	harbor2	chr1	245303041	245303194	SINE/MIR	422	+	76	245303117	4143
chr1	245298974	245498974	harbor2	chr1	245303498	245303534	SINE/MIR	422	+	18	245303516	4542
chr1	245298974	245498974	harbor2	chr1	245382351	245382474	SINE/MIR	422	+	62	245382413	83439
chr1	245298974	245498974	harbor2	chr1	245395791	245395974	SINE/MIR	429	+	92	245395883	96909
chr1	168053211	168253211	harbor2	chr1	168085908	168086143	SINE/MIR	494	+	118	168086026	32815
chr1	168053211	168253211	harbor2	chr1	168098840	168099060	SINE/MIR	565	+	110	168098950	45739
chr1	168053211	168253211	harbor2	chr1	168101579	168101746	SINE/MIR	434	+	84	168101663	48452
chr1	168053211	168253211	harbor2	chr1	168114267	168114301	SINE/MIR	509	+	17	168114284	61073
chr1	168053211	168253211	harbor2	chr1	168114571	168114762	SINE/MIR	509	+	96	168114667	61456
chr1	168053211	168253211	harbor2	chr1	168117395	168117622	SINE/MIR	1135	+	114	168117509	64298
chr1	168053211	168253211	harbor2	chr1	168135211	168135380	SINE/MIR	415	+	84	168135295	82084
chr1	168053211	168253211	harbor2	chr1	168149129	168149283	SINE/MIR	445	+	77	168149206	95995
chr1	168053211	168253211	harbor2	chr1	168150404	168150549	SINE/MIR	415	+	72	168150476	97265
chr1	175564103	175764103	harbor2	chr1	175577916	175578089	SINE/MIR	483	+	86	175578002	13899
chr1	175564103	175764103	harbor2	chr1	175592099	175592249	SINE/MIR	496	+	75	175592174	28071
chr1	175564103	175764103	harbor2	chr1	175600047	175600255	SINE/MIR	728	+	104	175600151	36048
chr1	175564103	175764103	harbor2	chr1	175605172	175605366	SINE/MIR	654	+	97	175605269	41166
chr1	175564103	175764103	harbor2	chr1	175613917	175614096	SINE/MIR	714	+	90	175614007	49904
chr1	175564103	175764103	harbor2	chr1	175616830	175616957	SINE/MIR	444	+	64	175616894	52791
chr1	175564103	175764103	harbor2	chr1	175621861	175622115	SINE/MIR	625	+	127	175621988	57885
chr1	175564103	175764103	harbor2	chr1	175587289	175587496	SINE/MIR	570	+	104	175587393	23290
chr1	95955950	96155950	harbor2	chr1	95988787	95988875	SINE/MIR	412	+	44	95988831	32881
chr1	95955950	96155950	harbor2	chr1	96003104	96003273	SINE/MIR	674	+	84	96003188	47238
chr1	95955950	96155950	harbor2	chr1	96011128	96011314	SINE/MIR	420	+	93	96011221	55271
chr1	228963634	229163634	harbor2	chr1	228973111	228973273	SINE/MIR	413	+	81	228973192	9558
chr1	228963634	229163634	harbor2	chr1	228985936	228986139	SINE/MIR	472	+	102	228986038	22404
chr1	228963634	229163634	harbor2	chr1	228997181	228997414	SINE/MIR	509	+	116	228997297	33663
chr1	228963634	229163634	harbor2	chr1	229007562	229007786	SINE/MIR	435	+	112	229007674	44040
chr1	228963634	229163634	harbor2	chr1	229033866	229034084	SINE/MIR	570	+	109	229033975	70341
chr1	245328212	245528212	harbor2	chr1	245382351	245382474	SINE/MIR	422	+	62	245382413	54201
chr1	245328212	245528212	harbor2	chr1	245395791	245395974	SINE/MIR	429	+	92	245395883	67671
chr1	245328212	245528212	harbor2	chr1	245408869	245408958	SINE/MIR	414	+	44	245408913	80701
chr1	94636503	94836503	harbor2	chr1	94648875	94649069	SINE/MIR	460	+	97	94648972	12469
chr1	94636503	94836503	harbor2	chr1	94679691	94679798	SINE/MIR	430	+	54	94679745	43242
chr1	94636503	94836503	harbor2	chr1	94692402	94692595	SINE/MIR	477	+	96	94692498	55995
chr1	94636503	94836503	harbor2	chr1	94721587	94721841	SINE/MIR	415	+	127	94721714	85211
chr1	169465864	169665864	harbor2	chr1	169466126	169466321	SINE/MIR	487	+	98	169466224	360
chr1	169465864	169665864	harbor2	chr1	169469380	169469627	SINE/MIR	901	+	124	169469504	3640
chr1	169465864	169665864	harbor2	chr1	169473566	169473714	SINE/MIR	535	+	74	169473640	7776
chr1	169465864	169665864	harbor2	chr1	169496864	169497105	SINE/MIR	741	+	120	169496984	31120
chr1	169465864	169665864	harbor2	chr1	169512147	169512285	SINE/MIR	412	+	69	169512216	46352
chr1	169465864	169665864	harbor2	chr1	169514884	169515048	SINE/MIR	504	+	82	169514966	49102
chr1	169465864	169665864	harbor2	chr1	169523502	169523696	SINE/MIR	632	+	97	169523599	57735
chr1	68304497	68504497	harbor2	chr1	68319498	68319719	SINE/MIR	787	+	110	68319608	15111
chr1	68304497	68504497	harbor2	chr1	68338295	68338494	SINE/MIR	560	+	100	68338395	33898
chr1	216117544	216317544	harbor2	chr1	216118003	216118238	SINE/MIR	586	+	118	216118121	577
chr1	216087751	216287751	harbor2	chr1	216094752	216094943	SINE/MIR	821	+	96	216094848	7097
chr1	216087751	216287751	harbor2	chr1	216096836	216097072	SINE/MIR	639	+	118	216096954	9203
chr1	216087751	216287751	harbor2	chr1	216118003	216118238	SINE/MIR	586	+	118	216118121	30370
chr1	198256296	198456296	harbor2	chr1	198261254	198261470	SINE/MIR	632	+	108	198261362	5066
chr1	198256296	198456296	harbor2	chr1	198262074	198262260	SINE/MIR	414	+	93	198262167	5871
chr1	198256296	198456296	harbor2	chr1	198264819	198264997	SINE/MIR	628	+	89	198264908	8612
chr1	198256296	198456296	harbor2	chr1	198305979	198306167	SINE/MIR	611	+	94	198306073	49777
chr1	241404803	241604803	harbor2	chr1	241404924	241405093	SINE/MIR	518	+	84	241405008	205
chr1	241404803	241604803	harbor2	chr1	241449343	241449572	SINE/MIR	452	+	114	241449457	44654
chr1	241404803	241604803	harbor2	chr1	241462423	241462666	SINE/MIR	594	+	122	241462545	57742
chr1	212211688	212411688	harbor2	chr1	212220493	212220626	SINE/MIR	651	+	66	212220559	8871
chr1	212211688	212411688	harbor2	chr1	212220955	212220988	SINE/MIR	548	+	16	212220971	9283
chr1	212211688	212411688	harbor2	chr1	212237269	212237281	SINE/MIR	599	+	6	212237275	25587
chr1	212211688	212411688	harbor2	chr1	212237917	212238105	SINE/MIR	718	+	94	212238011	26323
chr1	150000998	150200998	harbor2	chr1	150031639	150031884	SINE/MIR	1136	+	122	150031761	30763
chr1	150000998	150200998	harbor2	chr1	150051598	150051747	SINE/MIR	449	+	74	150051672	50674
chr1	150000998	150200998	harbor2	chr1	150083099	150083297	SINE/MIR	691	+	99	150083198	82200
chr1	150000998	150200998	harbor2	chr1	150086220	150086367	SINE/MIR	578	+	74	150086294	85296
chr1	106642132	106842132	harbor2	chr1	106642667	106642897	SINE/MIR	690	+	115	106642782	650
chr1	106642132	106842132	harbor2	chr1	106717670	106717782	SINE/MIR	486	+	56	106717726	75594
chr1	238096011	238296011	harbor2	chr1	238132998	238133171	SINE/MIR	516	+	86	238133084	37073
chr1	238096011	238296011	harbor2	chr1	238135162	238135346	SINE/MIR	522	+	92	238135254	39243
chr1	237409367	237609367	harbor2	chr1	237478229	237478402	SINE/MIR	593	+	86	237478315	68948
chr1	171922557	172122557	harbor2	chr1	171996592	171996734	SINE/MIR	434	+	71	171996663	74106
chr1	171922557	172122557	harbor2	chr1	172005044	172005279	SINE/MIR	1259	+	118	172005162	82605
chr1	171922557	172122557	harbor2	chr1	172022080	172022251	SINE/MIR	469	+	86	172022166	99609
chr1	112868264	113068264	harbor2	chr1	112883426	112883606	SINE/MIR	467	+	90	112883516	15252
chr1	112868264	113068264	harbor2	chr1	112918166	112918385	SINE/MIR	457	+	110	112918276	50012
chr1	112868264	113068264	harbor2	chr1	112957990	112958179	SINE/MIR	499	+	94	112958084	89820
chr1	112868264	113068264	harbor2	chr1	112958776	112958815	SINE/MIR	474	+	20	112958796	90532
chr1	159811494	160011494	harbor2	chr1	159812877	159813073	SINE/MIR	535	+	98	159812975	1481
chr1	159811494	160011494	harbor2	chr1	159814814	159815049	SINE/MIR	510	+	118	159814932	3438
chr1	159811494	160011494	harbor2	chr1	159851367	159851566	SINE/MIR	626	+	100	159851467	39973
chr1	159811494	160011494	harbor2	chr1	159858359	159858481	SINE/MIR	425	+	61	159858420	46926
chr1	159811494	160011494	harbor2	chr1	159879439	159879557	SINE/MIR	476	+	59	159879498	68004
chr1	159811494	160011494	harbor2	chr1	159909481	159909696	SINE/MIR	460	+	108	159909589	98095
chr1	182959835	183159835	harbor2	chr1	182965408	182965655	SINE/MIR	867	+	124	182965532	5697
chr1	182959835	183159835	harbor2	chr1	183013635	183013884	SINE/MIR	799	+	124	183013759	53924
chr1	182959835	183159835	harbor2	chr1	183013888	183014108	SINE/MIR	632	+	110	183013998	54163
chr1	182959835	183159835	harbor2	chr1	183055365	183055531	SINE/MIR	418	+	83	183055448	95613
chr1	226731169	226931169	harbor2	chr1	226750763	226750942	SINE/MIR	669	+	90	226750853	19684
chr1	226731169	226931169	harbor2	chr1	226759646	226759887	SINE/MIR	929	+	120	226759766	28597
chr1	226731169	226931169	harbor2	chr1	226760780	226760836	SINE/MIR	553	+	28	226760808	29639
chr1	226731169	226931169	harbor2	chr1	226761135	226761266	SINE/MIR	553	+	66	226761201	30032
chr1	226731169	226931169	harbor2	chr1	226813132	226813370	SINE/MIR	609	+	119	226813251	82082
chr1	181478814	181678814	harbor2	chr1	181486546	181486768	SINE/MIR	657	+	111	181486657	7843
chr1	181478814	181678814	harbor2	chr1	181495300	181495523	SINE/MIR	786	+	112	181495412	16598
chr1	181478814	181678814	harbor2	chr1	181495615	181495808	SINE/MIR	491	+	96	181495711	16897
chr1	181478814	181678814	harbor2	chr1	181526669	181526915	SINE/MIR	524	+	123	181526792	47978
chr1	181478814	181678814	harbor2	chr1	181554867	181555070	SINE/MIR	445	+	102	181554969	76155
chr1	243495700	243695700	harbor2	chr1	243551126	243551324	SINE/MIR	460	+	99	243551225	55525
chr1	243495700	243695700	harbor2	chr1	243561399	243561657	SINE/MIR	523	+	129	243561528	65828
chr1	243495700	243695700	harbor2	chr1	243566562	243566796	SINE/MIR	509	+	117	243566679	70979
chr1	223003259	223203259	harbor2	chr1	223032286	223032453	SINE/MIR	871	+	84	223032370	29111
chr1	223003259	223203259	harbor2	chr1	223067392	223067603	SINE/MIR	551	+	106	223067498	64239
chr1	223003259	223203259	harbor2	chr1	223098452	223098646	SINE/MIR	488	+	97	223098549	95290
chr1	225075764	225275764	harbor2	chr1	225078160	225078382	SINE/MIR	474	+	111	225078271	2507
chr1	117649996	117849996	harbor2	chr1	117653940	117654075	SINE/MIR	649	+	68	117654008	4012
chr1	117649996	117849996	harbor2	chr1	117664669	117664840	SINE/MIR	466	+	86	117664755	14759
chr1	117649996	117849996	harbor2	chr1	117671850	117671986	SINE/MIR	417	+	68	117671918	21922
chr1	117649996	117849996	harbor2	chr1	117674344	117674535	SINE/MIR	448	+	96	117674440	24444
chr1	117649996	117849996	harbor2	chr1	117681898	117682080	SINE/MIR	462	+	91	117681989	31993
chr1	117649996	117849996	harbor2	chr1	117694849	117695020	SINE/MIR	422	+	86	117694935	44939
chr1	117649996	117849996	harbor2	chr1	117700945	117701082	SINE/MIR	528	+	68	117701013	51017
chr1	117649996	117849996	harbor2	chr1	117701162	117701405	SINE/MIR	593	+	122	117701284	51288
chr1	117649996	117849996	harbor2	chr1	117702124	117702366	SINE/MIR	748	+	121	117702245	52249
chr1	218441910	218641910	harbor2	chr1	218471112	218471297	SINE/MIR	607	+	92	218471204	29294
chr1	218441910	218641910	harbor2	chr1	218472052	218472240	SINE/MIR	508	+	94	218472146	30236
chr1	218441910	218641910	harbor2	chr1	218475246	218475452	SINE/MIR	575	+	103	218475349	33439
chr1	218441910	218641910	harbor2	chr1	218491401	218491612	SINE/MIR	791	+	106	218491507	49597
chr1	218441910	218641910	harbor2	chr1	218500714	218500971	SINE/MIR	576	+	128	218500842	58932
chr1	240918967	241118967	harbor2	chr1	240943222	240943468	SINE/MIR	558	+	123	240943345	24378
chr1	114571013	114771013	harbor2	chr1	114584192	114584261	SINE/MIR	500	+	34	114584226	13213
chr1	114571013	114771013	harbor2	chr1	114584576	114584705	SINE/MIR	500	+	64	114584640	13627
chr1	114571013	114771013	harbor2	chr1	114593849	114593968	SINE/MIR	412	+	60	114593909	22896
chr1	114571013	114771013	harbor2	chr1	114667749	114667973	SINE/MIR	724	+	112	114667861	96848
chr1	177842334	178042334	harbor2	chr1	177846228	177846434	SINE/MIR	512	+	103	177846331	3997
chr1	177842334	178042334	harbor2	chr1	177875063	177875227	SINE/MIR	456	+	82	177875145	32811
chr1	177842334	178042334	harbor2	chr1	177877836	177878024	SINE/MIR	626	+	94	177877930	35596
chr1	177842334	178042334	harbor2	chr1	177881672	177881881	SINE/MIR	587	+	104	177881776	39442
chr1	177842334	178042334	harbor2	chr1	177882297	177882551	SINE/MIR	1170	+	127	177882424	40090
chr1	177842334	178042334	harbor2	chr1	177908001	177908136	SINE/MIR	459	+	68	177908069	65735
chr1	177842334	178042334	harbor2	chr1	177922472	177922636	SINE/MIR	504	+	82	177922554	80220
chr1	177842334	178042334	harbor2	chr1	177924808	177925027	SINE/MIR	560	+	110	177924918	82584
chr1	96990780	97190780	harbor2	chr1	96990672	96990849	SINE/MIR	475	+	88	96990760	20
chr1	96990780	97190780	harbor2	chr1	96996412	96996638	SINE/MIR	515	+	113	96996525	5745
chr1	96990780	97190780	harbor2	chr1	97000740	97001013	SINE/MIR	566	+	136	97000876	10096
chr1	96990780	97190780	harbor2	chr1	97002790	97003019	SINE/MIR	700	+	114	97002904	12124
chr1	96990780	97190780	harbor2	chr1	97005327	97005565	SINE/MIR	512	+	119	97005446	14666
chr1	96990780	97190780	harbor2	chr1	97032930	97033109	SINE/MIR	568	+	90	97033020	42240
chr1	96990780	97190780	harbor2	chr1	97052421	97052659	SINE/MIR	629	+	119	97052540	61760
chr1	96990780	97190780	harbor2	chr1	97068218	97068452	SINE/MIR	854	+	117	97068335	77555
chr1	96990780	97190780	harbor2	chr1	97073047	97073225	SINE/MIR	448	+	89	97073136	82356
chr1	96990780	97190780	harbor2	chr1	97090277	97090511	SINE/MIR	675	+	117	97090394	99614
chr1	220478557	220678557	harbor2	chr1	220506683	220506906	SINE/MIR	761	+	112	220506795	28238
chr1	220478557	220678557	harbor2	chr1	220549137	220549396	SINE/MIR	973	+	130	220549267	70710
chr1	220478557	220678557	harbor2	chr1	220565951	220566196	SINE/MIR	567	+	122	220566073	87516
chr1	99208777	99408777	harbor2	chr1	99236542	99236678	SINE/MIR	471	+	68	99236610	27833
chr1	99208777	99408777	harbor2	chr1	99260798	99261026	SINE/MIR	476	+	114	99260912	52135
chr1	99208777	99408777	harbor2	chr1	99278178	99278447	SINE/MIR	646	+	134	99278312	69535
chr1	99208777	99408777	harbor2	chr1	99280173	99280402	SINE/MIR	451	+	114	99280287	71510
chr1	100043221	100243221	harbor2	chr1	100058297	100058522	SINE/MIR	591	+	112	100058409	15188
chr1	100043221	100243221	harbor2	chr1	100109635	100109886	SINE/MIR	1121	+	126	100109761	66540
chr1	100043221	100243221	harbor2	chr1	100132341	100132496	SINE/MIR	457	+	78	100132419	89198
chr1	238231855	238431855	harbor2	chr1	238316198	238316431	SINE/MIR	412	+	116	238316314	84459
chr1	47995342	48195342	harbor2	chr1	48004343	48004519	SINE/MIR	510	+	88	48004431	9089
chr1	47995342	48195342	harbor2	chr1	48008224	48008355	SINE/MIR	586	+	66	48008290	12948
chr1	47995342	48195342	harbor2	chr1	48022579	48022837	SINE/MIR	444	+	129	48022708	27366
chr1	47995342	48195342	harbor2	chr1	48027052	48027218	SINE/MIR	495	+	83	48027135	31793
chr1	47995342	48195342	harbor2	chr1	48034120	48034336	SINE/MIR	813	+	108	48034228	38886
chr1	47995342	48195342	harbor2	chr1	48042080	48042280	SINE/MIR	859	+	100	48042180	46838
chr1	47995342	48195342	harbor2	chr1	48049518	48049716	SINE/MIR	502	+	99	48049617	54275
chr1	47995342	48195342	harbor2	chr1	48052959	48053188	SINE/MIR	816	+	114	48053073	57731
chr1	47995342	48195342	harbor2	chr1	48056261	48056389	SINE/MIR	553	+	64	48056325	60983
chr1	47995342	48195342	harbor2	chr1	48056522	48056635	SINE/MIR	450	+	56	48056578	61236
chr1	47995342	48195342	harbor2	chr1	48063009	48063194	SINE/MIR	555	+	92	48063101	67759
chr1	47995342	48195342	harbor2	chr1	48068100	48068293	SINE/MIR	515	+	96	48068196	72854
chr1	47995342	48195342	harbor2	chr1	48071475	48071678	SINE/MIR	454	+	102	48071577	76235
chr1	47995342	48195342	harbor2	chr1	48074633	48074851	SINE/MIR	794	+	109	48074742	79400
chr1	215415829	215615829	harbor2	chr1	215454823	215454981	SINE/MIR	624	+	79	215454902	39073
chr1	215415829	215615829	harbor2	chr1	215489217	215489364	SINE/MIR	412	+	74	215489291	73462
chr1	215415829	215615829	harbor2	chr1	215498354	215498602	SINE/MIR	523	+	124	215498478	82649
chr1	89919810	90119810	harbor2	chr1	89926575	89926800	SINE/MIR	435	+	112	89926687	6877
chr1	89919810	90119810	harbor2	chr1	89939811	89940025	SINE/MIR	720	+	107	89939918	20108
chr1	89919810	90119810	harbor2	chr1	89944616	89944767	SINE/MIR	568	+	76	89944692	24882
chr1	89919810	90119810	harbor2	chr1	89946666	89946781	SINE/MIR	432	+	58	89946724	26914
chr1	89919810	90119810	harbor2	chr1	89974616	89974771	SINE/MIR	447	+	78	89974694	54884
chr1	89919810	90119810	harbor2	chr1	89988611	89988836	SINE/MIR	801	+	112	89988723	68913
chr1	218998799	219198799	harbor2	chr1	219051144	219051351	SINE/MIR	792	+	104	219051248	52449
chr1	218998799	219198799	harbor2	chr1	219087606	219087786	SINE/MIR	467	+	90	219087696	88897
chr1	187686169	187886169	harbor2	chr1	187693226	187693433	SINE/MIR	480	+	104	187693330	7161
chr1	187686169	187886169	harbor2	chr1	187715538	187715753	SINE/MIR	431	+	108	187715646	29477
chr1	187686169	187886169	harbor2	chr1	187738784	187738960	SINE/MIR	419	+	88	187738872	52703
chr1	187686169	187886169	harbor2	chr1	187763424	187763669	SINE/MIR	753	+	122	187763546	77377
chr1	235513665	235713665	harbor2	chr1	235515245	235515412	SINE/MIR	576	+	84	235515329	1664
chr1	235513665	235713665	harbor2	chr1	235518934	235519163	SINE/MIR	567	+	114	235519048	5383
chr1	235513665	235713665	harbor2	chr1	235531662	235531891	SINE/MIR	632	+	114	235531776	18111
chr1	235513665	235713665	harbor2	chr1	235550380	235550519	SINE/MIR	562	+	70	235550450	36785
chr1	235513665	235713665	harbor2	chr1	235550826	235550908	SINE/MIR	562	+	41	235550867	37202
chr1	235513665	235713665	harbor2	chr1	235553762	235553919	SINE/MIR	587	+	78	235553840	40175
chr1	235513665	235713665	harbor2	chr1	235571254	235571498	SINE/MIR	722	+	122	235571376	57711
chr1	215256336	215456336	harbor2	chr1	215271320	215271383	SINE/MIR	463	+	32	215271352	15016
chr1	215256336	215456336	harbor2	chr1	215271690	215271844	SINE/MIR	463	+	77	215271767	15431
chr1	215256336	215456336	harbor2	chr1	215274378	215274609	SINE/MIR	498	+	116	215274494	18158
chr1	215256336	215456336	harbor2	chr1	215342625	215342823	SINE/MIR	724	+	99	215342724	86388
chr1	176849541	177049541	harbor2	chr1	176862569	176862813	SINE/MIR	717	+	122	176862691	13150
chr1	176849541	177049541	harbor2	chr1	176872006	176872240	SINE/MIR	526	+	117	176872123	22582
chr1	176849541	177049541	harbor2	chr1	176888761	176889017	SINE/MIR	649	+	128	176888889	39348
chr1	176849541	177049541	harbor2	chr1	176900564	176900808	SINE/MIR	612	+	122	176900686	51145
chr1	176849541	177049541	harbor2	chr1	176908582	176908747	SINE/MIR	491	+	82	176908664	59123
chr1	176849541	177049541	harbor2	chr1	176926117	176926285	SINE/MIR	484	+	84	176926201	76660
chr1	176849541	177049541	harbor2	chr1	176948452	176948648	SINE/MIR	443	+	98	176948550	99009
chr1	176849541	177049541	harbor2	chr1	176947123	176947307	SINE/MIR	622	+	92	176947215	97674
chr1	232015105	232215105	harbor2	chr1	232106171	232106380	SINE/MIR	551	+	104	232106275	91170
chr1	219599758	219799758	harbor2	chr1	219650062	219650247	SINE/MIR	473	+	92	219650154	50396
chr1	219599758	219799758	harbor2	chr1	219650302	219650525	SINE/MIR	516	+	112	219650414	50656
chr1	219599758	219799758	harbor2	chr1	219667340	219667453	SINE/MIR	487	+	56	219667396	67638
chr1	219599758	219799758	harbor2	chr1	219667535	219667547	SINE/MIR	487	+	6	219667541	67783
chr1	219599758	219799758	harbor2	chr1	219667834	219667994	SINE/MIR	487	+	80	219667914	68156
chr1	219599758	219799758	harbor2	chr1	219670545	219670656	SINE/MIR	473	+	56	219670601	70843
chr1	219599758	219799758	harbor2	chr1	219672839	219673032	SINE/MIR	762	+	96	219672935	73177
chr1	219599758	219799758	harbor2	chr1	219677465	219677667	SINE/MIR	509	+	101	219677566	77808
chr1	219599758	219799758	harbor2	chr1	219692138	219692292	SINE/MIR	544	+	77	219692215	92457
chr1	146814543	147014543	harbor2	chr1	146846358	146846583	SINE/MIR	661	+	112	146846470	31927
chr1	146814543	147014543	harbor2	chr1	146853759	146853973	SINE/MIR	601	+	107	146853866	39323
chr1	146814543	147014543	harbor2	chr1	146876209	146876410	SINE/MIR	677	+	100	146876309	61766
chr1	146814543	147014543	harbor2	chr1	146897607	146897748	SINE/MIR	597	+	70	146897677	83134
chr1	146814543	147014543	harbor2	chr1	146897784	146897898	SINE/MIR	597	+	57	146897841	83298
chr1	94183132	94383132	harbor2	chr1	94191841	94191984	SINE/MIR	438	+	72	94191913	8781
chr1	94183132	94383132	harbor2	chr1	94204464	94204706	SINE/MIR	561	+	121	94204585	21453
chr1	94183132	94383132	harbor2	chr1	94206412	94206596	SINE/MIR	458	+	92	94206504	23372
chr1	94183132	94383132	harbor2	chr1	94213663	94213870	SINE/MIR	739	+	104	94213767	30635
chr1	94183132	94383132	harbor2	chr1	94223300	94223535	SINE/MIR	994	+	118	94223418	40286
chr1	94183132	94383132	harbor2	chr1	94225201	94225438	SINE/MIR	560	+	118	94225319	42187
chr1	94183132	94383132	harbor2	chr1	94236910	94237116	SINE/MIR	581	+	103	94237013	53881
chr1	94183132	94383132	harbor2	chr1	94267634	94267874	SINE/MIR	637	+	120	94267754	84622
chr1	226058123	226258123	harbor2	chr1	226091475	226091528	SINE/MIR	577	+	26	226091501	33378
chr1	226058123	226258123	harbor2	chr1	226091701	226091808	SINE/MIR	577	+	54	226091755	33632
chr1	226058123	226258123	harbor2	chr1	226093821	226093964	SINE/MIR	446	+	72	226093893	35770
chr1	226058123	226258123	harbor2	chr1	226094576	226094786	SINE/MIR	609	+	105	226094681	36558
chr1	226058123	226258123	harbor2	chr1	226132054	226132241	SINE/MIR	468	+	94	226132148	74025
chr1	205142037	205342037	harbor2	chr1	205161417	205161566	SINE/MIR	616	+	74	205161491	19454
chr1	205142037	205342037	harbor2	chr1	205168236	205168382	SINE/MIR	697	+	73	205168309	26272
chr1	205142037	205342037	harbor2	chr1	205191418	205191561	SINE/MIR	452	+	72	205191490	49453
chr1	205142037	205342037	harbor2	chr1	205217126	205217341	SINE/MIR	617	+	108	205217234	75197
chr1	190556118	190756118	harbor2	chr1	190605358	190605532	SINE/MIR	442	+	87	190605445	49327
chr1	176199391	176399391	harbor2	chr1	176200006	176200222	SINE/MIR	895	+	108	176200114	723
chr1	176199391	176399391	harbor2	chr1	176276960	176277125	SINE/MIR	619	+	82	176277042	77651
chr1	225698716	225898716	harbor2	chr1	225703804	225703970	SINE/MIR	476	+	83	225703887	5171
chr1	225698716	225898716	harbor2	chr1	225749973	225750182	SINE/MIR	881	+	104	225750077	51361
chr1	225698716	225898716	harbor2	chr1	225790828	225791002	SINE/MIR	661	+	87	225790915	92199
chr1	225698716	225898716	harbor2	chr1	225755021	225755195	SINE/MIR	505	+	87	225755108	56392
chr1	181855680	182055680	harbor2	chr1	181864740	181864942	SINE/MIR	821	+	101	181864841	9161
chr1	181855680	182055680	harbor2	chr1	181895493	181895748	SINE/MIR	683	+	128	181895621	39941
chr1	181855680	182055680	harbor2	chr1	181935641	181935831	SINE/MIR	753	+	95	181935736	80056
chr1	213152903	213352903	harbor2	chr1	213168910	213169065	SINE/MIR	489	+	78	213168988	16085
chr1	213152903	213352903	harbor2	chr1	213226916	213227183	SINE/MIR	457	+	134	213227050	74147
chr1	213152903	213352903	harbor2	chr1	213237201	213237455	SINE/MIR	1236	+	127	213237328	84425
chr1	15893017	16093017	harbor2	chr1	15947692	15947805	SINE/MIR	412	+	56	15947748	54731
chr1	201140882	201340882	harbor2	chr1	201155147	201155326	SINE/MIR	578	+	90	201155237	14355
chr1	201140882	201340882	harbor2	chr1	201155629	201155916	SINE/MIR	580	+	144	201155773	14891
chr1	201140882	201340882	harbor2	chr1	201186317	201186494	SINE/MIR	517	+	88	201186405	45523
chr1	201140882	201340882	harbor2	chr1	201186819	201187068	SINE/MIR	1053	+	124	201186943	46061
chr1	201140882	201340882	harbor2	chr1	201196190	201196355	SINE/MIR	790	+	82	201196272	55390
chr1	201140882	201340882	harbor2	chr1	201196645	201196728	SINE/MIR	790	+	42	201196687	55805
chr1	201140882	201340882	harbor2	chr1	201200594	201200767	SINE/MIR	617	+	86	201200680	59798
chr1	201140882	201340882	harbor2	chr1	201202275	201202402	SINE/MIR	534	+	64	201202339	61457
chr1	201140882	201340882	harbor2	chr1	201204598	201204801	SINE/MIR	663	+	102	201204700	63818
chr1	201140882	201340882	harbor2	chr1	201214681	201214901	SINE/MIR	654	+	110	201214791	73909
chr1	201140882	201340882	harbor2	chr1	201223265	201223349	SINE/MIR	716	+	42	201223307	82425
chr1	201140882	201340882	harbor2	chr1	201223673	201223839	SINE/MIR	716	+	83	201223756	82874
chr1	116163884	116363884	harbor2	chr1	116166976	116167152	SINE/MIR	782	+	88	116167064	3180
chr1	116163884	116363884	harbor2	chr1	116185449	116185609	SINE/MIR	551	+	80	116185529	21645
chr1	116163884	116363884	harbor2	chr1	116190231	116190389	SINE/MIR	441	+	79	116190310	26426
chr1	116163884	116363884	harbor2	chr1	116195751	116195977	SINE/MIR	653	+	113	116195864	31980
chr1	116163884	116363884	harbor2	chr1	116219529	116219733	SINE/MIR	778	+	102	116219631	55747
chr1	116163884	116363884	harbor2	chr1	116255935	116256117	SINE/MIR	440	+	91	116256026	92142
chr1	154343451	154543451	harbor2	chr1	154409411	154409625	SINE/MIR	501	+	107	154409518	66067
chr1	154343451	154543451	harbor2	chr1	154441842	154442003	SINE/MIR	418	+	80	154441922	98471
chr1	154343451	154543451	harbor2	chr1	154419043	154419217	SINE/MIR	490	+	87	154419130	75679
chr1	154343451	154543451	harbor2	chr1	154402629	154402824	SINE/MIR	536	+	98	154402727	59276
chr1	202052412	202252412	harbor2	chr1	202125258	202125474	SINE/MIR	548	+	108	202125366	72954
chr1	202052412	202252412	harbor2	chr1	202131311	202131427	SINE/MIR	436	+	58	202131369	78957
chr1	202052412	202252412	harbor2	chr1	202096539	202096776	SINE/MIR	785	+	118	202096657	44245
chr1	216853558	217053558	harbor2	chr1	216857937	216858119	SINE/MIR	548	+	91	216858028	4470
chr1	216853558	217053558	harbor2	chr1	216913555	216913795	SINE/MIR	600	+	120	216913675	60117
chr1	216853558	217053558	harbor2	chr1	216917396	216917561	SINE/MIR	471	+	82	216917478	63920
chr1	216853558	217053558	harbor2	chr1	216932993	216933184	SINE/MIR	556	+	96	216933089	79531
chr1	215893309	216093309	harbor2	chr1	215910351	215910551	SINE/MIR	571	+	100	215910451	17142
chr1	215893309	216093309	harbor2	chr1	215921658	215921890	SINE/MIR	547	+	116	215921774	28465
chr1	215893309	216093309	harbor2	chr1	215936350	215936589	SINE/MIR	633	+	120	215936470	43161
chr1	73702043	73902043	harbor2	chr1	73726168	73726302	SINE/MIR	441	+	67	73726235	24192
chr1	73702043	73902043	harbor2	chr1	73788010	73788167	SINE/MIR	674	+	78	73788088	86045
chr1	73702043	73902043	harbor2	chr1	73796800	73797025	SINE/MIR	732	+	112	73796912	94869
chr1	73702043	73902043	harbor2	chr1	73799588	73799796	SINE/MIR	639	+	104	73799692	97649
chr1	192878717	193078717	harbor2	chr1	192889506	192889740	SINE/MIR	830	+	117	192889623	10906
chr1	192878717	193078717	harbor2	chr1	192914594	192914780	SINE/MIR	417	+	93	192914687	35970
chr1	192878717	193078717	harbor2	chr1	192952374	192952588	SINE/MIR	543	+	107	192952481	73764
chr1	192878717	193078717	harbor2	chr1	192970034	192970252	SINE/MIR	622	+	109	192970143	91426
chr1	192878717	193078717	harbor2	chr1	192975797	192976030	SINE/MIR	685	+	116	192975913	97196
chr1	206211439	206411439	harbor2	chr1	206215037	206215265	SINE/MIR	565	+	114	206215151	3712
chr1	206211439	206411439	harbor2	chr1	206226426	206226659	SINE/MIR	532	+	116	206226542	15103
chr1	206211439	206411439	harbor2	chr1	206228020	206228138	SINE/MIR	435	+	59	206228079	16640
chr1	206211439	206411439	harbor2	chr1	206246023	206246267	SINE/MIR	521	+	122	206246145	34706
chr1	206211439	206411439	harbor2	chr1	206291195	206291388	SINE/MIR	425	+	96	206291291	79852
chr1	206211439	206411439	harbor2	chr1	206302789	206302931	SINE/MIR	448	+	71	206302860	91421
chr1	84421661	84621661	harbor2	chr1	84425282	84425484	SINE/MIR	513	+	101	84425383	3722
chr1	84421661	84621661	harbor2	chr1	84459631	84459877	SINE/MIR	879	+	123	84459754	38093
chr1	84421661	84621661	harbor2	chr1	84492418	84492647	SINE/MIR	533	+	114	84492532	70871
chr1	84421661	84621661	harbor2	chr1	84507393	84507546	SINE/MIR	476	+	76	84507469	85808
chr1	208454815	208654815	harbor2	chr1	208458273	208458481	SINE/MIR	458	+	104	208458377	3562
chr1	208454815	208654815	harbor2	chr1	208459381	208459636	SINE/MIR	620	+	128	208459509	4694
chr1	208454815	208654815	harbor2	chr1	208508951	208509170	SINE/MIR	428	+	110	208509061	54246
chr1	208454815	208654815	harbor2	chr1	208527900	208528118	SINE/MIR	496	+	109	208528009	73194
chr1	208454815	208654815	harbor2	chr1	208540503	208540731	SINE/MIR	540	+	114	208540617	85802
chr1	246157927	246357927	harbor2	chr1	246222372	246222594	SINE/MIR	498	+	111	246222483	64556
chr1	244323369	244523369	harbor2	chr1	244342249	244342417	SINE/MIR	583	+	84	244342333	18964
chr1	244323369	244523369	harbor2	chr1	244342727	244342794	SINE/MIR	583	+	34	244342761	19392
chr1	244323369	244523369	harbor2	chr1	244362347	244362488	SINE/MIR	434	+	70	244362417	39048
chr1	244323369	244523369	harbor2	chr1	244370775	244370970	SINE/MIR	493	+	98	244370873	47504
chr1	238340873	238540873	harbor2	chr1	238402819	238402986	SINE/MIR	733	+	84	238402903	62030
chr1	187375490	187575490	harbor2	chr1	187419191	187419415	SINE/MIR	786	+	112	187419303	43813
chr1	227568675	227768675	harbor2	chr1	227623252	227623507	SINE/MIR	563	+	128	227623380	54705
chr1	218004616	218204616	harbor2	chr1	218023734	218023937	SINE/MIR	504	+	102	218023836	19220
chr1	218004616	218204616	harbor2	chr1	218044758	218044963	SINE/MIR	454	+	102	218044860	40244
chr1	218004616	218204616	harbor2	chr1	218069460	218069648	SINE/MIR	477	+	94	218069554	64938
chr1	218004616	218204616	harbor2	chr1	218074945	218075091	SINE/MIR	643	+	73	218075018	70402
chr1	234711861	234911861	harbor2	chr1	234733297	234733531	SINE/MIR	738	+	117	234733414	21553
chr1	234711861	234911861	harbor2	chr1	234776060	234776238	SINE/MIR	550	+	89	234776149	64288
chr1	234711861	234911861	harbor2	chr1	234782180	234782388	SINE/MIR	885	+	104	234782284	70423
chr1	234711861	234911861	harbor2	chr1	234791580	234791752	SINE/MIR	485	+	86	234791666	79805
chr1	234711861	234911861	harbor2	chr1	234795145	234795378	SINE/MIR	520	+	116	234795261	83400
chr1	234711861	234911861	harbor2	chr1	234804897	234805046	SINE/MIR	414	+	74	234804971	93110
chr1	148386489	148586489	harbor2	chr1	148417962	148418179	SINE/MIR	503	+	108	148418070	31581
chr1	148386489	148586489	harbor2	chr1	148423715	148423900	SINE/MIR	427	+	92	148423807	37318
chr1	148386489	148586489	harbor2	chr1	148473013	148473257	SINE/MIR	612	+	122	148473135	86646
chr1	224298679	224498679	harbor2	chr1	224311955	224312176	SINE/MIR	567	+	110	224312065	13386
chr1	224298679	224498679	harbor2	chr1	224374357	224374409	SINE/MIR	484	+	26	224374383	75704
chr1	224298679	224498679	harbor2	chr1	224374690	224374849	SINE/MIR	484	+	80	224374770	76091
chr1	224298679	224498679	harbor2	chr1	224393173	224393332	SINE/MIR	446	+	80	224393253	94574
chr1	224298679	224498679	harbor2	chr1	224395050	224395250	SINE/MIR	597	+	100	224395150	96471
chr1	106321362	106521362	harbor2	chr1	106409720	106409959	SINE/MIR	592	+	120	106409840	88478
chr1	177464328	177664328	harbor2	chr1	177464526	177464715	SINE/MIR	626	+	94	177464620	292
chr1	177464328	177664328	harbor2	chr1	177475817	177476039	SINE/MIR	460	+	111	177475928	11600
chr1	177464328	177664328	harbor2	chr1	177514796	177514917	SINE/MIR	420	+	60	177514856	50528
chr1	210687508	210887508	harbor2	chr1	210703453	210703593	SINE/MIR	450	+	70	210703523	16015
chr1	210687508	210887508	harbor2	chr1	210750079	210750293	SINE/MIR	524	+	107	210750186	62678
chr1	210687508	210887508	harbor2	chr1	210782229	210782297	SINE/MIR	579	+	34	210782263	94755
chr1	210687508	210887508	harbor2	chr1	210782981	210783077	SINE/MIR	579	+	48	210783029	95521
chr1	231106840	231306840	harbor2	chr1	231188568	231188780	SINE/MIR	827	+	106	231188674	81834
chr1	202534924	202734924	harbor2	chr1	202536054	202536154	SINE/MIR	416	+	50	202536104	1180
chr1	202534924	202734924	harbor2	chr1	202585392	202585553	SINE/MIR	419	+	80	202585472	50548
chr1	202534924	202734924	harbor2	chr1	202626744	202626915	SINE/MIR	409	+	86	202626830	91906
chr1	202534924	202734924	harbor2	chr1	202628813	202629009	SINE/MIR	576	+	98	202628911	93987
chr1	202534924	202734924	harbor2	chr1	202632763	202632990	SINE/MIR	495	+	114	202632877	97953
chr1	202534924	202734924	harbor2	chr1	202633990	202634203	SINE/MIR	653	+	106	202634096	99172
chr1	245323050	245523050	harbor2	chr1	245382351	245382474	SINE/MIR	422	+	62	245382413	59363
chr1	245323050	245523050	harbor2	chr1	245395791	245395974	SINE/MIR	429	+	92	245395883	72833
chr1	245323050	245523050	harbor2	chr1	245408869	245408958	SINE/MIR	414	+	44	245408913	85863
chr2	224224135	224424135	harbor2	chr2	224244083	224244274	SINE/MIR	475	+	96	224244179	20044
chr2	224224135	224424135	harbor2	chr2	224262882	224263035	SINE/MIR	464	+	76	224262958	38823
chr2	224224135	224424135	harbor2	chr2	224263506	224263734	SINE/MIR	475	+	114	224263620	39485
chr2	224224135	224424135	harbor2	chr2	224312658	224312866	SINE/MIR	867	+	104	224312762	88627
chr2	188091667	188291667	harbor2	chr2	188130732	188130946	SINE/MIR	529	+	107	188130839	39172
chr2	97739523	97939523	harbor2	chr2	97744381	97744554	SINE/MIR	455	+	86	97744467	4944
chr2	218996117	219196117	harbor2	chr2	219018555	219018785	SINE/MIR	478	+	115	219018670	22553
chr2	218996117	219196117	harbor2	chr2	219043679	219043887	SINE/MIR	803	+	104	219043783	47666
chr2	218996117	219196117	harbor2	chr2	219046277	219046530	SINE/MIR	472	+	126	219046403	50286
chr2	218996117	219196117	harbor2	chr2	219052831	219053080	SINE/MIR	784	+	124	219052955	56838
chr2	218996117	219196117	harbor2	chr2	219064418	219064602	SINE/MIR	589	+	92	219064510	68393
chr2	218996117	219196117	harbor2	chr2	219075104	219075325	SINE/MIR	637	+	110	219075214	79097
chr2	218996117	219196117	harbor2	chr2	219084542	219084708	SINE/MIR	542	+	83	219084625	88508
chr2	218996117	219196117	harbor2	chr2	219089940	219090152	SINE/MIR	595	+	106	219090046	93929
chr2	218996117	219196117	harbor2	chr2	219090235	219090454	SINE/MIR	831	+	110	219090345	94228
chr2	201502385	201702385	harbor2	chr2	201601126	201601273	SINE/MIR	497	+	74	201601200	98815
chr2	148649890	148849890	harbor2	chr2	148653802	148653914	SINE/MIR	416	+	56	148653858	3968
chr2	144946065	145146065	harbor2	chr2	144952901	144953105	SINE/MIR	694	+	102	144953003	6938
chr2	144946065	145146065	harbor2	chr2	144959993	144960180	SINE/MIR	430	+	94	144960087	14022
chr2	144946065	145146065	harbor2	chr2	144978876	144979106	SINE/MIR	430	+	115	144978991	32926
chr2	144946065	145146065	harbor2	chr2	144979499	144979694	SINE/MIR	630	+	98	144979597	33532
chr2	144946065	145146065	harbor2	chr2	145023668	145023901	SINE/MIR	492	+	116	145023784	77719
chr2	191063338	191263338	harbor2	chr2	191070728	191070980	SINE/MIR	659	+	126	191070854	7516
chr2	191063338	191263338	harbor2	chr2	191112242	191112459	SINE/MIR	701	+	108	191112350	49012
chr2	96700455	96900455	harbor2	chr2	96715797	96716008	SINE/MIR	668	+	106	96715903	15448
chr2	96700455	96900455	harbor2	chr2	96727903	96728058	SINE/MIR	588	+	78	96727981	27526
chr2	96700455	96900455	harbor2	chr2	96729293	96729489	SINE/MIR	455	+	98	96729391	28936
chr2	96700455	96900455	harbor2	chr2	96747812	96748009	SINE/MIR	418	+	98	96747910	47455
chr2	179329043	179529043	harbor2	chr2	179335311	179335492	SINE/MIR	569	+	90	179335401	6358
chr2	179329043	179529043	harbor2	chr2	179346754	179346933	SINE/MIR	484	+	90	179346844	17801
chr2	179329043	179529043	harbor2	chr2	179371540	179371766	SINE/MIR	529	+	113	179371653	42610
chr2	179329043	179529043	harbor2	chr2	179421879	179422094	SINE/MIR	590	+	108	179421987	92944
chr2	218432470	218632470	harbor2	chr2	218509217	218509448	SINE/MIR	629	+	116	218509333	76863
chr2	154137434	154337434	harbor2	chr2	154193753	154193994	SINE/MIR	792	+	120	154193873	56439
chr2	229827521	230027521	harbor2	chr2	229835492	229835696	SINE/MIR	492	+	102	229835594	8073
chr2	229827521	230027521	harbor2	chr2	229854849	229854981	SINE/MIR	517	+	66	229854915	27394
chr2	229827521	230027521	harbor2	chr2	229855292	229855397	SINE/MIR	517	+	52	229855344	27823
chr2	229827521	230027521	harbor2	chr2	229881972	229882230	SINE/MIR	603	+	129	229882101	54580
chr2	228308760	228508760	harbor2	chr2	228375082	228375304	SINE/MIR	563	+	111	228375193	66433
chr2	228308760	228508760	harbor2	chr2	228407499	228407722	SINE/MIR	529	+	112	228407611	98851
chr2	189967004	190167004	harbor2	chr2	190046256	190046400	SINE/MIR	407	+	72	190046328	79324
chr2	189967004	190167004	harbor2	chr2	190064435	190064645	SINE/MIR	514	+	105	190064540	97536
chr2	201676087	201876087	harbor2	chr2	201684340	201684518	SINE/MIR	549	+	89	201684429	8342
chr2	201676087	201876087	harbor2	chr2	201731343	201731597	SINE/MIR	672	+	127	201731470	55383
chr2	201676087	201876087	harbor2	chr2	201752884	201753077	SINE/MIR	543	+	96	201752980	76893
chr2	201676087	201876087	harbor2	chr2	201765853	201766042	SINE/MIR	702	+	94	201765947	89860
chr2	229281317	229481317	harbor2	chr2	229281427	229281589	SINE/MIR	625	+	81	229281508	191
chr2	229281317	229481317	harbor2	chr2	229295376	229295589	SINE/MIR	550	+	106	229295482	14165
chr2	229281317	229481317	harbor2	chr2	229319282	229319473	SINE/MIR	498	+	96	229319378	38061
chr2	182581973	182781973	harbor2	chr2	182584346	182584554	SINE/MIR	601	+	104	182584450	2477
chr2	182581973	182781973	harbor2	chr2	182657884	182658050	SINE/MIR	513	+	83	182657967	75994
chr2	168617520	168817520	harbor2	chr2	168624352	168624584	SINE/MIR	582	+	116	168624468	6948
chr2	168617520	168817520	harbor2	chr2	168626011	168626270	SINE/MIR	757	+	130	168626141	8621
chr2	168617520	168817520	harbor2	chr2	168636897	168637049	SINE/MIR	429	+	76	168636973	19453
chr2	168617520	168817520	harbor2	chr2	168658006	168658196	SINE/MIR	700	+	95	168658101	40581
chr2	168617520	168817520	harbor2	chr2	168689897	168690123	SINE/MIR	614	+	113	168690010	72490
chr2	168617520	168817520	harbor2	chr2	168700623	168700859	SINE/MIR	809	+	118	168700741	83221
chr2	168617520	168817520	harbor2	chr2	168705046	168705234	SINE/MIR	487	+	94	168705140	87620
chr2	235579117	235779117	harbor2	chr2	235635120	235635282	SINE/MIR	507	+	81	235635201	56084
chr2	174274517	174474517	harbor2	chr2	174324507	174324618	SINE/MIR	515	+	56	174324563	50046
chr2	234952307	235152307	harbor2	chr2	234986616	234986803	SINE/MIR	511	+	94	234986710	34403
chr2	234952307	235152307	harbor2	chr2	235010386	235010580	SINE/MIR	725	+	97	235010483	58176
chr2	234736652	234936652	harbor2	chr2	234765610	234765762	SINE/MIR	550	+	76	234765686	29034
chr2	234736652	234936652	harbor2	chr2	234787926	234788137	SINE/MIR	505	+	106	234788032	51380
chr2	234736652	234936652	harbor2	chr2	234794482	234794665	SINE/MIR	436	+	92	234794574	57922
chr2	234736652	234936652	harbor2	chr2	234808753	234809025	SINE/MIR	743	+	136	234808889	72237
chr2	214641648	214841648	harbor2	chr2	214698731	214698913	SINE/MIR	464	+	91	214698822	57174
chr2	214641648	214841648	harbor2	chr2	214709543	214709766	SINE/MIR	444	+	112	214709655	68007
chr2	234396660	234596660	harbor2	chr2	234403522	234403732	SINE/MIR	572	+	105	234403627	6967
chr2	234396660	234596660	harbor2	chr2	234405525	234405722	SINE/MIR	406	+	98	234405623	8963
chr2	234396660	234596660	harbor2	chr2	234429543	234429746	SINE/MIR	464	+	102	234429645	32985
chr2	234396660	234596660	harbor2	chr2	234465542	234465719	SINE/MIR	597	+	88	234465630	68970
chr2	234396660	234596660	harbor2	chr2	234486151	234486401	SINE/MIR	553	+	125	234486276	89616
chr2	234396660	234596660	harbor2	chr2	234489861	234490092	SINE/MIR	542	+	116	234489977	93317
chr2	188548667	188748667	harbor2	chr2	188566186	188566374	SINE/MIR	514	+	94	188566280	17613
chr2	188548667	188748667	harbor2	chr2	188633522	188633732	SINE/MIR	560	+	105	188633627	84960
chr2	232266425	232466425	harbor2	chr2	232276671	232276891	SINE/MIR	940	+	110	232276781	10356
chr2	232266425	232466425	harbor2	chr2	232284258	232284420	SINE/MIR	445	+	81	232284339	17914
chr2	232266425	232466425	harbor2	chr2	232285591	232285764	SINE/MIR	492	+	86	232285677	19252
chr2	232266425	232466425	harbor2	chr2	232294737	232294895	SINE/MIR	404	+	79	232294816	28391
chr2	134937452	135137452	harbor2	chr2	134959766	134959934	SINE/MIR	463	+	84	134959850	22398
chr2	134937452	135137452	harbor2	chr2	134965022	134965205	SINE/MIR	500	+	92	134965114	27662
chr2	134937452	135137452	harbor2	chr2	134981704	134981877	SINE/MIR	422	+	86	134981790	44338
chr2	199006957	199206957	harbor2	chr2	199014148	199014270	SINE/MIR	426	+	61	199014209	7252
chr2	199006957	199206957	harbor2	chr2	199016742	199016919	SINE/MIR	571	+	88	199016830	9873
chr2	199006957	199206957	harbor2	chr2	199020860	199021060	SINE/MIR	627	+	100	199020960	14003
chr2	199006957	199206957	harbor2	chr2	199101853	199102024	SINE/MIR	408	+	86	199101939	94982
chr2	177353826	177553826	harbor2	chr2	177394632	177394853	SINE/MIR	757	+	110	177394742	40916
chr2	177353826	177553826	harbor2	chr2	177407041	177407261	SINE/MIR	690	+	110	177407151	53325
chr2	177353826	177553826	harbor2	chr2	177417591	177417759	SINE/MIR	416	+	84	177417675	63849
chr2	177353826	177553826	harbor2	chr2	177448181	177448315	SINE/MIR	645	+	67	177448248	94422
chr2	72253737	72453737	harbor2	chr2	72278571	72278773	SINE/MIR	427	+	101	72278672	24935
chr2	72253737	72453737	harbor2	chr2	72308510	72308608	SINE/MIR	516	+	49	72308559	54822
chr2	72253737	72453737	harbor2	chr2	72338068	72338275	SINE/MIR	816	+	104	72338172	84435
chr2	72253737	72453737	harbor2	chr2	72269659	72269862	SINE/MIR	755	+	102	72269761	16024
chr2	197029951	197229951	harbor2	chr2	197095623	197095848	SINE/MIR	738	+	112	197095735	65784
chr2	197029951	197229951	harbor2	chr2	197108117	197108335	SINE/MIR	740	+	109	197108226	78275
chr2	132934362	133134362	harbor2	chr2	132957393	132957516	SINE/MIR	528	+	62	132957455	23093
chr2	132934362	133134362	harbor2	chr2	132973389	132973546	SINE/MIR	413	+	78	132973467	39105
chr2	132934362	133134362	harbor2	chr2	132980518	132980714	SINE/MIR	498	+	98	132980616	46254
chr2	132934362	133134362	harbor2	chr2	132987838	132988033	SINE/MIR	738	+	98	132987936	53574
chr2	132934362	133134362	harbor2	chr2	132991078	132991250	SINE/MIR	570	+	86	132991164	56802
chr2	132934362	133134362	harbor2	chr2	133018424	133018679	SINE/MIR	402	+	128	133018552	84190
chr2	57469719	57669719	harbor2	chr2	57499618	57499796	SINE/MIR	460	+	89	57499707	29988
chr2	57469719	57669719	harbor2	chr2	57500529	57500773	SINE/MIR	702	+	122	57500651	30932
chr2	57469719	57669719	harbor2	chr2	57501729	57501954	SINE/MIR	581	+	112	57501841	32122
chr2	57469719	57669719	harbor2	chr2	57550228	57550429	SINE/MIR	519	+	100	57550328	80609
chr2	57469719	57669719	harbor2	chr2	57553524	57553773	SINE/MIR	597	+	124	57553648	83929
chr2	220743709	220943709	harbor2	chr2	220758124	220758352	SINE/MIR	760	+	114	220758238	14529
chr2	220743709	220943709	harbor2	chr2	220797945	220798193	SINE/MIR	714	+	124	220798069	54360
chr2	220743709	220943709	harbor2	chr2	220841350	220841605	SINE/MIR	455	+	128	220841478	97769
chr2	13955983	14155983	harbor2	chr2	13979585	13979840	SINE/MIR	652	+	128	13979713	23730
chr2	13955983	14155983	harbor2	chr2	14052534	14052753	SINE/MIR	514	+	110	14052644	96661
chr2	203777634	203977634	harbor2	chr2	203813904	203814150	SINE/MIR	781	+	123	203814027	36393
chr2	203777634	203977634	harbor2	chr2	203817872	203818063	SINE/MIR	484	+	96	203817968	40334
chr2	203777634	203977634	harbor2	chr2	203829723	203829827	SINE/MIR	433	+	52	203829775	52141
chr2	203777634	203977634	harbor2	chr2	203838997	203839098	SINE/MIR	509	+	50	203839047	61413
chr2	203777634	203977634	harbor2	chr2	203839394	203839463	SINE/MIR	509	+	34	203839428	61794
chr2	203777634	203977634	harbor2	chr2	203859303	203859478	SINE/MIR	499	+	88	203859391	81757
chr2	203777634	203977634	harbor2	chr2	203864972	203865115	SINE/MIR	556	+	72	203865044	87410
chr2	157174367	157374367	harbor2	chr2	157255347	157255554	SINE/MIR	407	+	104	157255451	81084
chr2	225205974	225405974	harbor2	chr2	225225546	225225780	SINE/MIR	516	+	117	225225663	19689
chr2	225205974	225405974	harbor2	chr2	225228401	225228548	SINE/MIR	404	+	74	225228475	22501
chr2	225205974	225405974	harbor2	chr2	225230015	225230035	SINE/MIR	404	+	10	225230025	24051
chr2	225205974	225405974	harbor2	chr2	225234408	225234645	SINE/MIR	463	+	118	225234526	28552
chr2	225205974	225405974	harbor2	chr2	225265714	225265981	SINE/MIR	577	+	134	225265848	59874
chr2	225205974	225405974	harbor2	chr2	225299866	225300030	SINE/MIR	447	+	82	225299948	93974
chr2	180190418	180390418	harbor2	chr2	180198730	180198924	SINE/MIR	737	+	97	180198827	8409
chr2	180190418	180390418	harbor2	chr2	180221011	180221210	SINE/MIR	464	+	100	180221111	30693
chr2	180190418	180390418	harbor2	chr2	180268934	180269183	SINE/MIR	832	+	124	180269058	78640
chr2	214228839	214428839	harbor2	chr2	214327302	214327477	SINE/MIR	525	+	88	214327390	98551
chr2	70597744	70797744	harbor2	chr2	70633876	70634065	SINE/MIR	564	+	94	70633970	36226
chr2	70597744	70797744	harbor2	chr2	70634206	70634400	SINE/MIR	769	+	97	70634303	36559
chr2	70597744	70797744	harbor2	chr2	70634695	70634713	SINE/MIR	769	+	9	70634704	36960
chr2	70597744	70797744	harbor2	chr2	70645245	70645434	SINE/MIR	619	+	94	70645339	47595
chr2	70597744	70797744	harbor2	chr2	70661825	70662049	SINE/MIR	772	+	112	70661937	64193
chr2	70597744	70797744	harbor2	chr2	70663141	70663305	SINE/MIR	693	+	82	70663223	65479
chr2	70597744	70797744	harbor2	chr2	70685493	70685693	SINE/MIR	872	+	100	70685593	87849
chr2	235445541	235645541	harbor2	chr2	235447447	235447608	SINE/MIR	677	+	80	235447527	1986
chr2	235445541	235645541	harbor2	chr2	235479830	235479983	SINE/MIR	425	+	76	235479906	34365
chr2	124433387	124633387	harbor2	chr2	124479790	124479990	SINE/MIR	600	+	100	124479890	46503
chr2	124433387	124633387	harbor2	chr2	124502837	124503033	SINE/MIR	439	+	98	124502935	69548
chr2	226416283	226616283	harbor2	chr2	226422781	226422984	SINE/MIR	541	+	102	226422883	6600
chr2	223711393	223911393	harbor2	chr2	223764877	223765145	SINE/MIR	977	+	134	223765011	53618
chr2	223711393	223911393	harbor2	chr2	223795621	223795877	SINE/MIR	478	+	128	223795749	84356
chr2	72744643	72944643	harbor2	chr2	72759025	72759273	SINE/MIR	992	+	124	72759149	14506
chr2	72744643	72944643	harbor2	chr2	72788080	72788286	SINE/MIR	559	+	103	72788183	43540
chr2	72744643	72944643	harbor2	chr2	72824858	72825081	SINE/MIR	673	+	112	72824970	80327
chr2	72744643	72944643	harbor2	chr2	72832512	72832632	SINE/MIR	402	+	60	72832572	87929
chr2	72744643	72944643	harbor2	chr2	72832952	72833028	SINE/MIR	402	+	38	72832990	88347
chr2	72744643	72944643	harbor2	chr2	72840304	72840499	SINE/MIR	809	+	98	72840402	95759
chr2	72744643	72944643	harbor2	chr2	72844568	72844694	SINE/MIR	413	+	63	72844631	99988
chr2	229317158	229517158	harbor2	chr2	229319282	229319473	SINE/MIR	498	+	96	229319378	2220
chr2	203551851	203751851	harbor2	chr2	203563058	203563312	SINE/MIR	947	+	127	203563185	11334
chr2	203551851	203751851	harbor2	chr2	203583195	203583415	SINE/MIR	584	+	110	203583305	31454
chr2	203551851	203751851	harbor2	chr2	203584844	203585087	SINE/MIR	701	+	122	203584966	33115
chr2	203551851	203751851	harbor2	chr2	203599781	203599960	SINE/MIR	428	+	90	203599871	48020
chr2	203551851	203751851	harbor2	chr2	203599970	203600215	SINE/MIR	594	+	122	203600092	48241
chr2	203551851	203751851	harbor2	chr2	203648570	203648763	SINE/MIR	528	+	96	203648666	96815
chr2	205106837	205306837	harbor2	chr2	205107290	205107511	SINE/MIR	551	+	110	205107400	563
chr2	205106837	205306837	harbor2	chr2	205128466	205128675	SINE/MIR	606	+	104	205128570	21733
chr2	205106837	205306837	harbor2	chr2	205131899	205132133	SINE/MIR	656	+	117	205132016	25179
chr2	205106837	205306837	harbor2	chr2	205132672	205132830	SINE/MIR	505	+	79	205132751	25914
chr2	205106837	205306837	harbor2	chr2	205156556	205156745	SINE/MIR	472	+	94	205156650	49813
chr2	205106837	205306837	harbor2	chr2	205159472	205159662	SINE/MIR	472	+	95	205159567	52730
chr2	205106837	205306837	harbor2	chr2	205159738	205159940	SINE/MIR	591	+	101	205159839	53002
chr2	205106837	205306837	harbor2	chr2	205167464	205167665	SINE/MIR	537	+	100	205167564	60727
chr2	205106837	205306837	harbor2	chr2	205167766	205167944	SINE/MIR	528	+	89	205167855	61018
chr2	205106837	205306837	harbor2	chr2	205190573	205190724	SINE/MIR	477	+	76	205190649	83812
chr2	238482499	238682499	harbor2	chr2	238568878	238569062	SINE/MIR	456	+	92	238568970	86471
chr2	238482499	238682499	harbor2	chr2	238572835	238573071	SINE/MIR	849	+	118	238572953	90454
chr2	222917583	223117583	harbor2	chr2	222983196	222983438	SINE/MIR	631	+	121	222983317	65734
chr2	190765097	190965097	harbor2	chr2	190811168	190811338	SINE/MIR	479	+	85	190811253	46156
chr2	141673041	141873041	harbor2	chr2	141675493	141675665	SINE/MIR	739	+	86	141675579	2538
chr2	141673041	141873041	harbor2	chr2	141712472	141712657	SINE/MIR	510	+	92	141712564	39523
chr2	141673041	141873041	harbor2	chr2	141731637	141731843	SINE/MIR	618	+	103	141731740	58699
chr2	177490086	177690086	harbor2	chr2	177523207	177523386	SINE/MIR	497	+	90	177523297	33211
chr2	177490086	177690086	harbor2	chr2	177529772	177530016	SINE/MIR	728	+	122	177529894	39808
chr2	177490086	177690086	harbor2	chr2	177574709	177574876	SINE/MIR	545	+	84	177574793	84707
chr2	177490086	177690086	harbor2	chr2	177587805	177587961	SINE/MIR	488	+	78	177587883	97797
chr2	49297297	49497297	harbor2	chr2	49298071	49298285	SINE/MIR	442	+	107	49298178	881
chr2	49297297	49497297	harbor2	chr2	49337950	49338046	SINE/MIR	488	+	48	49337998	40701
chr2	49297297	49497297	harbor2	chr2	49338094	49338222	SINE/MIR	488	+	64	49338158	40861
chr2	49297297	49497297	harbor2	chr2	49368532	49368765	SINE/MIR	613	+	116	49368648	71351
chr2	209531007	209731007	harbor2	chr2	209547578	209547768	SINE/MIR	825	+	95	209547673	16666
chr2	209531007	209731007	harbor2	chr2	209556372	209556539	SINE/MIR	644	+	84	209556456	25449
chr2	209531007	209731007	harbor2	chr2	209561425	209561634	SINE/MIR	685	+	104	209561529	30522
chr2	209531007	209731007	harbor2	chr2	209563218	209563317	SINE/MIR	542	+	50	209563268	32261
chr2	209531007	209731007	harbor2	chr2	209563394	209563459	SINE/MIR	542	+	32	209563426	32419
chr2	209531007	209731007	harbor2	chr2	209570341	209570494	SINE/MIR	488	+	76	209570417	39410
chr2	209531007	209731007	harbor2	chr2	209622398	209622575	SINE/MIR	674	+	88	209622486	91479
chr2	175635640	175835640	harbor2	chr2	175667841	175668016	SINE/MIR	557	+	88	175667929	32289
chr2	175635640	175835640	harbor2	chr2	175680230	175680467	SINE/MIR	1171	+	118	175680348	44708
chr2	175635640	175835640	harbor2	chr2	175708442	175708584	SINE/MIR	568	+	71	175708513	72873
chr2	175635640	175835640	harbor2	chr2	175734304	175734503	SINE/MIR	487	+	100	175734404	98764
chr2	175515290	175715290	harbor2	chr2	175527614	175527823	SINE/MIR	511	+	104	175527718	12428
chr2	175515290	175715290	harbor2	chr2	175554266	175554441	SINE/MIR	416	+	88	175554354	39064
chr2	175515290	175715290	harbor2	chr2	175555900	175556129	SINE/MIR	619	+	114	175556014	40724
chr2	175515290	175715290	harbor2	chr2	175570036	175570166	SINE/MIR	410	+	65	175570101	54811
chr2	175515290	175715290	harbor2	chr2	175572329	175572585	SINE/MIR	606	+	128	175572457	57167
chr2	175515290	175715290	harbor2	chr2	175574949	175575108	SINE/MIR	731	+	80	175575029	59739
chr2	84989646	85189646	harbor2	chr2	84992040	84992248	SINE/MIR	762	+	104	84992144	2498
chr2	84989646	85189646	harbor2	chr2	85050888	85051092	SINE/MIR	552	+	102	85050990	61344
chr2	149596618	149796618	harbor2	chr2	149599437	149599562	SINE/MIR	407	+	62	149599499	2881
chr2	149596618	149796618	harbor2	chr2	149644624	149644845	SINE/MIR	457	+	110	149644734	48116
chr2	149596618	149796618	harbor2	chr2	149671048	149671213	SINE/MIR	510	+	82	149671130	74512
chr2	149596618	149796618	harbor2	chr2	149689456	149689700	SINE/MIR	748	+	122	149689578	92960
chr2	215840333	216040333	harbor2	chr2	215844938	215845165	SINE/MIR	571	+	114	215845052	4719
chr2	215840333	216040333	harbor2	chr2	215902797	215902938	SINE/MIR	632	+	70	215902867	62534
chr2	215840333	216040333	harbor2	chr2	215903456	215903577	SINE/MIR	632	+	60	215903516	63183
chr2	233170747	233370747	harbor2	chr2	233205774	233205796	SINE/MIR	519	+	11	233205785	35038
chr2	233170747	233370747	harbor2	chr2	233206090	233206243	SINE/MIR	519	+	76	233206166	35419
chr2	233170747	233370747	harbor2	chr2	233210249	233210473	SINE/MIR	581	+	112	233210361	39614
chr2	233170747	233370747	harbor2	chr2	233211831	233212008	SINE/MIR	573	+	88	233211919	41172
chr2	233170747	233370747	harbor2	chr2	233212324	233212405	SINE/MIR	573	+	40	233212364	41617
chr2	233170747	233370747	harbor2	chr2	233238156	233238314	SINE/MIR	436	+	79	233238235	67488
chr2	233170747	233370747	harbor2	chr2	233244979	233245017	SINE/MIR	620	+	19	233244998	74251
chr2	233170747	233370747	harbor2	chr2	233245313	233245462	SINE/MIR	620	+	74	233245387	74640
chr2	233170747	233370747	harbor2	chr2	233248079	233248328	SINE/MIR	905	+	124	233248203	77456
chr2	233170747	233370747	harbor2	chr2	233269167	233269347	SINE/MIR	563	+	90	233269257	98510
chr2	197048463	197248463	harbor2	chr2	197095623	197095848	SINE/MIR	738	+	112	197095735	47272
chr2	197048463	197248463	harbor2	chr2	197108117	197108335	SINE/MIR	740	+	109	197108226	59763
chr2	127462755	127662755	harbor2	chr2	127468012	127468229	SINE/MIR	416	+	108	127468120	5365
chr2	127462755	127662755	harbor2	chr2	127492642	127492875	SINE/MIR	894	+	116	127492758	30003
chr2	127462755	127662755	harbor2	chr2	127511189	127511426	SINE/MIR	410	+	118	127511307	48552
chr2	127462755	127662755	harbor2	chr2	127529013	127529168	SINE/MIR	606	+	78	127529091	66336
chr2	127462755	127662755	harbor2	chr2	127531976	127532197	SINE/MIR	566	+	110	127532086	69331
chr2	127462755	127662755	harbor2	chr2	127538507	127538562	SINE/MIR	462	+	28	127538535	75780
chr2	127462755	127662755	harbor2	chr2	127538864	127539032	SINE/MIR	462	+	84	127538948	76193
chr2	195318620	195518620	harbor2	chr2	195321705	195321897	SINE/MIR	458	+	96	195321801	3181
chr2	195318620	195518620	harbor2	chr2	195405894	195406075	SINE/MIR	403	+	90	195405984	87364
chr2	192071854	192271854	harbor2	chr2	192078110	192078349	SINE/MIR	511	+	120	192078230	6376
chr2	192071854	192271854	harbor2	chr2	192089679	192089892	SINE/MIR	677	+	106	192089785	17931
chr2	192071854	192271854	harbor2	chr2	192101914	192102043	SINE/MIR	444	+	64	192101978	30124
chr2	192071854	192271854	harbor2	chr2	192145642	192145869	SINE/MIR	485	+	114	192145756	73902
chr2	192071854	192271854	harbor2	chr2	192157217	192157418	SINE/MIR	423	+	100	192157317	85463
chr2	192071854	192271854	harbor2	chr2	192165231	192165442	SINE/MIR	518	+	106	192165337	93483
chr2	232405183	232605183	harbor2	chr2	232431590	232431801	SINE/MIR	485	+	106	232431696	26513
chr2	232405183	232605183	harbor2	chr2	232500410	232500602	SINE/MIR	545	+	96	232500506	95323
chr2	232405183	232605183	harbor2	chr2	232500948	232501146	SINE/MIR	587	+	99	232501047	95864
chr2	223624939	223824939	harbor2	chr2	223629471	223629716	SINE/MIR	830	+	122	223629593	4654
chr2	223624939	223824939	harbor2	chr2	223656357	223656595	SINE/MIR	827	+	119	223656476	31537
chr2	223624939	223824939	harbor2	chr2	223669116	223669294	SINE/MIR	575	+	89	223669205	44266
chr2	223624939	223824939	harbor2	chr2	223687498	223687715	SINE/MIR	428	+	108	223687606	62667
chr2	230038502	230238502	harbor2	chr2	230055050	230055279	SINE/MIR	552	+	114	230055164	16662
chr2	230038502	230238502	harbor2	chr2	230132097	230132238	SINE/MIR	530	+	70	230132167	93665
chr2	230038502	230238502	harbor2	chr2	230132592	230132639	SINE/MIR	530	+	24	230132616	94114
chr2	207938153	208138153	harbor2	chr2	207988260	207988488	SINE/MIR	919	+	114	207988374	50221
chr2	207938153	208138153	harbor2	chr2	207992182	207992424	SINE/MIR	700	+	121	207992303	54150
chr2	207938153	208138153	harbor2	chr2	207995492	207995691	SINE/MIR	700	+	100	207995592	57439
chr2	207938153	208138153	harbor2	chr2	208035339	208035557	SINE/MIR	486	+	109	208035448	97295
chr2	207938153	208138153	harbor2	chr2	208035865	208035894	SINE/MIR	486	+	14	208035879	97726
chr2	146617968	146817968	harbor2	chr2	146626192	146626447	SINE/MIR	728	+	128	146626320	8352
chr2	146617968	146817968	harbor2	chr2	146652304	146652526	SINE/MIR	653	+	111	146652415	34447
chr2	146617968	146817968	harbor2	chr2	146695612	146695757	SINE/MIR	552	+	72	146695684	77716
chr2	214947276	215147276	harbor2	chr2	214995459	214995616	SINE/MIR	457	+	78	214995537	48261
chr2	214947276	215147276	harbor2	chr2	214999363	214999537	SINE/MIR	691	+	87	214999450	52174
chr2	214947276	215147276	harbor2	chr2	215011132	215011307	SINE/MIR	498	+	88	215011220	63944
chr2	214947276	215147276	harbor2	chr2	215034613	215034813	SINE/MIR	597	+	100	215034713	87437
chr2	214947276	215147276	harbor2	chr2	215044608	215044795	SINE/MIR	675	+	94	215044702	97426
chr2	169728161	169928161	harbor2	chr2	169737020	169737273	SINE/MIR	915	+	126	169737146	8985
chr2	220648732	220848732	harbor2	chr2	220697405	220697436	SINE/MIR	512	+	16	220697421	48689
chr2	220648732	220848732	harbor2	chr2	220697743	220697939	SINE/MIR	512	+	98	220697841	49109
chr2	220648732	220848732	harbor2	chr2	220702431	220702673	SINE/MIR	847	+	121	220702552	53820
chr2	54896789	55096789	harbor2	chr2	54982848	54983052	SINE/MIR	553	+	102	54982950	86161
chr2	187646878	187846878	harbor2	chr2	187682556	187682733	SINE/MIR	452	+	88	187682644	35766
chr2	187646878	187846878	harbor2	chr2	187708034	187708278	SINE/MIR	689	+	122	187708156	61278
chr2	209097031	209297031	harbor2	chr2	209135334	209135530	SINE/MIR	659	+	98	209135432	38401
chr2	209097031	209297031	harbor2	chr2	209147846	209148025	SINE/MIR	680	+	90	209147936	50905
chr2	238096677	238296677	harbor2	chr2	238123287	238123437	SINE/MIR	403	+	75	238123362	26685
chr2	238096677	238296677	harbor2	chr2	238140026	238140243	SINE/MIR	745	+	108	238140134	43457
chr2	238096677	238296677	harbor2	chr2	238140364	238140578	SINE/MIR	414	+	107	238140471	43794
chr2	238096677	238296677	harbor2	chr2	238155242	238155378	SINE/MIR	441	+	68	238155310	58633
chr2	231737676	231937676	harbor2	chr2	231785902	231786093	SINE/MIR	527	+	96	231785998	48322
chr2	231737676	231937676	harbor2	chr2	231793034	231793160	SINE/MIR	511	+	63	231793097	55421
chr2	231737676	231937676	harbor2	chr2	231793421	231793470	SINE/MIR	511	+	24	231793445	55769
chr2	101324815	101524815	harbor2	chr2	101370021	101370208	SINE/MIR	650	+	94	101370115	45300
chr2	101324815	101524815	harbor2	chr2	101387740	101387959	SINE/MIR	632	+	110	101387850	63035
chr2	101324815	101524815	harbor2	chr2	101399921	101400106	SINE/MIR	476	+	92	101400013	75198
chr2	101324815	101524815	harbor2	chr2	101401784	101402007	SINE/MIR	589	+	112	101401896	77081
chr2	199135002	199335002	harbor2	chr2	199154244	199154460	SINE/MIR	860	+	108	199154352	19350
chr2	199135002	199335002	harbor2	chr2	199160240	199160380	SINE/MIR	453	+	70	199160310	25308
chr2	199135002	199335002	harbor2	chr2	199203285	199203488	SINE/MIR	612	+	102	199203387	68385
chr2	199135002	199335002	harbor2	chr2	199205193	199205342	SINE/MIR	582	+	74	199205267	70265
chr2	199135002	199335002	harbor2	chr2	199210241	199210412	SINE/MIR	513	+	86	199210327	75325
chr2	199135002	199335002	harbor2	chr2	199211658	199211790	SINE/MIR	549	+	66	199211724	76722
chr2	25668844	25868844	harbor2	chr2	25720057	25720189	SINE/MIR	404	+	66	25720123	51279
chr2	25668844	25868844	harbor2	chr2	25725154	25725360	SINE/MIR	471	+	103	25725257	56413
chr2	25668844	25868844	harbor2	chr2	25750568	25750774	SINE/MIR	762	+	103	25750671	81827
chr2	224586360	224786360	harbor2	chr2	224587177	224587411	SINE/MIR	515	+	117	224587294	934
chr2	224586360	224786360	harbor2	chr2	224592233	224592446	SINE/MIR	449	+	106	224592339	5979
chr2	224586360	224786360	harbor2	chr2	224604518	224604591	SINE/MIR	760	+	36	224604554	18194
chr2	224586360	224786360	harbor2	chr2	224605045	224605230	SINE/MIR	760	+	92	224605137	18777
chr2	224586360	224786360	harbor2	chr2	224641813	224642024	SINE/MIR	457	+	106	224641919	55559
chr2	224586360	224786360	harbor2	chr2	224644223	224644436	SINE/MIR	532	+	106	224644329	57969
chr2	224586360	224786360	harbor2	chr2	224649257	224649507	SINE/MIR	809	+	125	224649382	63022
chr2	170347697	170547697	harbor2	chr2	170372176	170372329	SINE/MIR	427	+	76	170372252	24555
chr2	170347697	170547697	harbor2	chr2	170387730	170387954	SINE/MIR	716	+	112	170387842	40145
chr2	170347697	170547697	harbor2	chr2	170389124	170389199	SINE/MIR	423	+	38	170389162	41465
chr2	170347697	170547697	harbor2	chr2	170402047	170402131	SINE/MIR	409	+	42	170402089	54392
chr2	170347697	170547697	harbor2	chr2	170402264	170402394	SINE/MIR	409	+	65	170402329	54632
chr2	170347697	170547697	harbor2	chr2	170406917	170407090	SINE/MIR	631	+	86	170407003	59306
chr2	73635078	73835078	harbor2	chr2	73641834	73642009	SINE/MIR	755	+	88	73641922	6844
chr2	73635078	73835078	harbor2	chr2	73701519	73701687	SINE/MIR	795	+	84	73701603	66525
chr2	73635078	73835078	harbor2	chr2	73717919	73718084	SINE/MIR	835	+	82	73718001	82923
chr2	73635078	73835078	harbor2	chr2	73728982	73729074	SINE/MIR	438	+	46	73729028	93950
chr2	73635078	73835078	harbor2	chr2	73732977	73733174	SINE/MIR	596	+	98	73733075	97997
chr2	220072649	220272649	harbor2	chr2	220106301	220106533	SINE/MIR	865	+	116	220106417	33768
chr2	220072649	220272649	harbor2	chr2	220109531	220109616	SINE/MIR	514	+	42	220109573	36924
chr2	220072649	220272649	harbor2	chr2	220110146	220110276	SINE/MIR	514	+	65	220110211	37562
chr2	220072649	220272649	harbor2	chr2	220111871	220112090	SINE/MIR	533	+	110	220111981	39332
chr2	220072649	220272649	harbor2	chr2	220114934	220115127	SINE/MIR	572	+	96	220115030	42381
chr2	220072649	220272649	harbor2	chr2	220129922	220130145	SINE/MIR	498	+	112	220130034	57385
chr2	220072649	220272649	harbor2	chr2	220145472	220145657	SINE/MIR	419	+	92	220145564	72915
chr2	220072649	220272649	harbor2	chr2	220148496	220148719	SINE/MIR	676	+	112	220148608	75959
chr2	220072649	220272649	harbor2	chr2	220149277	220149438	SINE/MIR	520	+	80	220149357	76708
chr2	195630835	195830835	harbor2	chr2	195648709	195648888	SINE/MIR	611	+	90	195648799	17964
chr2	211421627	211621627	harbor2	chr2	211436333	211436560	SINE/MIR	732	+	114	211436447	14820
chr2	211421627	211621627	harbor2	chr2	211438410	211438559	SINE/MIR	564	+	74	211438484	16857
chr2	211421627	211621627	harbor2	chr2	211439538	211439775	SINE/MIR	639	+	118	211439656	18029
chr2	211421627	211621627	harbor2	chr2	211443634	211443859	SINE/MIR	726	+	112	211443746	22119
chr2	211421627	211621627	harbor2	chr2	211475248	211475465	SINE/MIR	444	+	108	211475356	53729
chr2	211421627	211621627	harbor2	chr2	211486603	211486835	SINE/MIR	445	+	116	211486719	65092
chr2	211421627	211621627	harbor2	chr2	211489288	211489480	SINE/MIR	659	+	96	211489384	67757
chr2	211421627	211621627	harbor2	chr2	211492274	211492469	SINE/MIR	447	+	98	211492372	70745
chr2	211421627	211621627	harbor2	chr2	211518148	211518300	SINE/MIR	430	+	76	211518224	96597
chr2	199218118	199418118	harbor2	chr2	199273021	199273216	SINE/MIR	654	+	98	199273119	55001
chr2	199218118	199418118	harbor2	chr2	199282402	199282668	SINE/MIR	449	+	133	199282535	64417
chr2	199218118	199418118	harbor2	chr2	199312465	199312648	SINE/MIR	422	+	92	199312557	94439
chr2	186979665	187179665	harbor2	chr2	187004977	187005161	SINE/MIR	476	+	92	187005069	25404
chr2	140898307	141098307	harbor2	chr2	140956737	140956937	SINE/MIR	410	+	100	140956837	58530
chr2	220695013	220895013	harbor2	chr2	220697405	220697436	SINE/MIR	512	+	16	220697421	2408
chr2	220695013	220895013	harbor2	chr2	220697743	220697939	SINE/MIR	512	+	98	220697841	2828
chr2	220695013	220895013	harbor2	chr2	220702431	220702673	SINE/MIR	847	+	121	220702552	7539
chr2	220695013	220895013	harbor2	chr2	220758124	220758352	SINE/MIR	760	+	114	220758238	63225
chr2	68858427	69058427	harbor2	chr2	68886440	68886658	SINE/MIR	409	+	109	68886549	28122
chr2	68858427	69058427	harbor2	chr2	68952313	68952475	SINE/MIR	587	+	81	68952394	93967
chr2	130915569	131115569	harbor2	chr2	130987884	130988111	SINE/MIR	440	+	114	130987998	72429
chr2	162794510	162994510	harbor2	chr2	162796128	162796342	SINE/MIR	625	+	107	162796235	1725
chr2	162794510	162994510	harbor2	chr2	162887408	162887577	SINE/MIR	549	+	84	162887492	92982
chr2	208872417	209072417	harbor2	chr2	208943696	208943872	SINE/MIR	709	+	88	208943784	71367
chr2	123570999	123770999	harbor2	chr2	123579076	123579306	SINE/MIR	628	+	115	123579191	8192
chr2	219826320	220026320	harbor2	chr2	219845365	219845515	SINE/MIR	492	+	75	219845440	19120
chr2	219826320	220026320	harbor2	chr2	219845559	219845788	SINE/MIR	637	+	114	219845673	19353
chr2	219826320	220026320	harbor2	chr2	219855811	219855907	SINE/MIR	421	+	48	219855859	29539
chr2	219826320	220026320	harbor2	chr2	219857302	219857547	SINE/MIR	689	+	122	219857424	31104
chr2	219826320	220026320	harbor2	chr2	219879364	219879493	SINE/MIR	422	+	64	219879428	53108
chr2	219826320	220026320	harbor2	chr2	219892516	219892639	SINE/MIR	411	+	62	219892578	66258
chr2	219826320	220026320	harbor2	chr2	219920214	219920400	SINE/MIR	528	+	93	219920307	93987
chr2	219826320	220026320	harbor2	chr2	219921835	219921981	SINE/MIR	402	+	73	219921908	95588
chr2	219826320	220026320	harbor2	chr2	219922197	219922380	SINE/MIR	449	+	92	219922289	95969
chr2	239706336	239906336	harbor2	chr2	239771979	239772188	SINE/MIR	441	+	104	239772083	65747
chr2	239706336	239906336	harbor2	chr2	239773167	239773368	SINE/MIR	542	+	100	239773267	66931
chr2	119331641	119531641	harbor2	chr2	119336932	119337042	SINE/MIR	589	+	55	119336987	5346
chr2	119331641	119531641	harbor2	chr2	119337363	119337502	SINE/MIR	589	+	70	119337433	5792
chr2	119331641	119531641	harbor2	chr2	119391947	119392172	SINE/MIR	489	+	112	119392059	60418
chr2	119331641	119531641	harbor2	chr2	119408489	119408650	SINE/MIR	584	+	80	119408569	76928
chr2	119331641	119531641	harbor2	chr2	119408951	119409031	SINE/MIR	584	+	40	119408991	77350
chr2	174899698	175099698	harbor2	chr2	174914011	174914194	SINE/MIR	829	+	92	174914103	14405
chr2	174899698	175099698	harbor2	chr2	174946039	174946267	SINE/MIR	657	+	114	174946153	46455
chr2	174899698	175099698	harbor2	chr2	174958629	174958805	SINE/MIR	405	+	88	174958717	59019
chr2	223706650	223906650	harbor2	chr2	223764877	223765145	SINE/MIR	977	+	134	223765011	58361
chr2	223706650	223906650	harbor2	chr2	223795621	223795877	SINE/MIR	478	+	128	223795749	89099
chr2	141327226	141527226	harbor2	chr2	141339437	141339561	SINE/MIR	430	+	62	141339499	12273
chr2	141327226	141527226	harbor2	chr2	141409246	141409477	SINE/MIR	613	+	116	141409362	82136
chr2	141327226	141527226	harbor2	chr2	141416214	141416435	SINE/MIR	647	+	110	141416324	89098
chr2	141327226	141527226	harbor2	chr2	141328199	141328423	SINE/MIR	492	+	112	141328311	1085
chr2	228327938	228527938	harbor2	chr2	228375082	228375304	SINE/MIR	563	+	111	228375193	47255
chr2	228327938	228527938	harbor2	chr2	228407499	228407722	SINE/MIR	529	+	112	228407611	79673
chr2	228327938	228527938	harbor2	chr2	228413720	228413919	SINE/MIR	446	+	100	228413820	85882
chr2	133457274	133657274	harbor2	chr2	133478390	133478607	SINE/MIR	409	+	108	133478498	21224
chr2	133457274	133657274	harbor2	chr2	133492494	133492704	SINE/MIR	555	+	105	133492599	35325
chr2	133457274	133657274	harbor2	chr2	133510748	133511011	SINE/MIR	752	+	132	133510880	53606
chr2	133457274	133657274	harbor2	chr2	133518655	133518753	SINE/MIR	403	+	49	133518704	61430
chr2	133457274	133657274	harbor2	chr2	133525826	133525986	SINE/MIR	514	+	80	133525906	68632
chr2	142280076	142480076	harbor2	chr2	142282198	142282379	SINE/MIR	405	+	90	142282288	2212
chr2	142280076	142480076	harbor2	chr2	142286164	142286397	SINE/MIR	433	+	116	142286280	6204
chr2	142280076	142480076	harbor2	chr2	142308128	142308316	SINE/MIR	491	+	94	142308222	28146
chr2	142280076	142480076	harbor2	chr2	142317841	142318081	SINE/MIR	413	+	120	142317961	37885
chr2	142280076	142480076	harbor2	chr2	142347112	142347337	SINE/MIR	581	+	112	142347224	67148
chr2	217110449	217310449	harbor2	chr2	217116700	217116919	SINE/MIR	829	+	110	217116810	6361
chr2	217110449	217310449	harbor2	chr2	217174523	217174660	SINE/MIR	436	+	68	217174591	64142
chr2	217110449	217310449	harbor2	chr2	217206506	217206738	SINE/MIR	717	+	116	217206622	96173
chr2	208269806	208469806	harbor2	chr2	208297518	208297659	SINE/MIR	462	+	70	208297588	27782
chr2	200856643	201056643	harbor2	chr2	200897878	200898104	SINE/MIR	475	+	113	200897991	41348
chr2	200856643	201056643	harbor2	chr2	200935938	200936155	SINE/MIR	440	+	108	200936046	79403
chr2	200856643	201056643	harbor2	chr2	200940978	200941112	SINE/MIR	471	+	67	200941045	84402
chr2	178161413	178361413	harbor2	chr2	178232377	178232571	SINE/MIR	521	+	97	178232474	71061
chr2	231803450	232003450	harbor2	chr2	231856679	231856884	SINE/MIR	593	+	102	231856781	53331
chr2	231803450	232003450	harbor2	chr2	231892683	231892790	SINE/MIR	604	+	54	231892737	89287
chr2	231803450	232003450	harbor2	chr2	231893091	231893196	SINE/MIR	604	+	52	231893143	89693
chr2	145008898	145208898	harbor2	chr2	145023668	145023901	SINE/MIR	492	+	116	145023784	14886
chr2	145008898	145208898	harbor2	chr2	145047834	145047987	SINE/MIR	490	+	76	145047910	39012
chr2	183753159	183953159	harbor2	chr2	183754315	183754567	SINE/MIR	862	+	126	183754441	1282
chr2	95570265	95770265	harbor2	chr2	95643519	95643722	SINE/MIR	481	+	102	95643621	73356
chr2	95570265	95770265	harbor2	chr2	95648448	95648657	SINE/MIR	509	+	104	95648552	78287
chr2	95570265	95770265	harbor2	chr2	95664202	95664343	SINE/MIR	500	+	70	95664272	94007
chr2	149577102	149777102	harbor2	chr2	149599437	149599562	SINE/MIR	407	+	62	149599499	22397
chr2	149577102	149777102	harbor2	chr2	149644624	149644845	SINE/MIR	457	+	110	149644734	67632
chr2	149577102	149777102	harbor2	chr2	149671048	149671213	SINE/MIR	510	+	82	149671130	94028
chr2	173003780	173203780	harbor2	chr2	173007836	173007955	SINE/MIR	743	+	60	173007896	4116
chr2	173003780	173203780	harbor2	chr2	173008313	173008425	SINE/MIR	743	+	56	173008369	4589
chr2	173003780	173203780	harbor2	chr2	173010001	173010181	SINE/MIR	416	+	90	173010091	6311
chr2	173003780	173203780	harbor2	chr2	173068986	173069139	SINE/MIR	477	+	76	173069062	65282
chr2	173003780	173203780	harbor2	chr2	173072027	173072220	SINE/MIR	457	+	96	173072123	68343
chr2	173003780	173203780	harbor2	chr2	173078834	173079008	SINE/MIR	402	+	87	173078921	75141
chr2	173003780	173203780	harbor2	chr2	173080221	173080259	SINE/MIR	402	+	19	173080240	76460
chr2	173003780	173203780	harbor2	chr2	173099794	173099959	SINE/MIR	517	+	82	173099876	96096
chr2	228104609	228304609	harbor2	chr2	228111182	228111396	SINE/MIR	460	+	107	228111289	6680
chr2	228104609	228304609	harbor2	chr2	228114443	228114649	SINE/MIR	548	+	103	228114546	9937
chr2	228104609	228304609	harbor2	chr2	228116300	228116523	SINE/MIR	465	+	112	228116412	11803
chr2	228104609	228304609	harbor2	chr2	228141179	228141392	SINE/MIR	549	+	106	228141285	36676
chr2	228104609	228304609	harbor2	chr2	228147536	228147699	SINE/MIR	471	+	82	228147618	43009
chr2	228104609	228304609	harbor2	chr2	228174440	228174584	SINE/MIR	489	+	72	228174512	69903
chr2	228104609	228304609	harbor2	chr2	228178202	228178416	SINE/MIR	460	+	107	228178309	73700
chr2	148151022	148351022	harbor2	chr2	148163222	148163426	SINE/MIR	697	+	102	148163324	12302
chr2	148151022	148351022	harbor2	chr2	148163716	148163792	SINE/MIR	697	+	38	148163754	12732
chr2	148151022	148351022	harbor2	chr2	148175679	148175898	SINE/MIR	539	+	110	148175789	24767
chr2	148151022	148351022	harbor2	chr2	148198296	148198458	SINE/MIR	402	+	81	148198377	47355
chr2	148151022	148351022	harbor2	chr2	148242013	148242187	SINE/MIR	495	+	87	148242100	91078
chr2	148151022	148351022	harbor2	chr2	148244170	148244299	SINE/MIR	508	+	64	148244234	93212
chr2	141207846	141407846	harbor2	chr2	141259725	141259878	SINE/MIR	603	+	76	141259801	51955
chr2	141207846	141407846	harbor2	chr2	141281769	141282002	SINE/MIR	445	+	116	141281885	74039
chr2	217681055	217881055	harbor2	chr2	217702183	217702275	SINE/MIR	440	+	46	217702229	21174
chr2	217681055	217881055	harbor2	chr2	217711686	217711878	SINE/MIR	440	+	96	217711782	30727
chr2	217681055	217881055	harbor2	chr2	217724721	217724995	SINE/MIR	785	+	137	217724858	43803
chr2	217681055	217881055	harbor2	chr2	217739071	217739205	SINE/MIR	423	+	67	217739138	58083
chr2	217681055	217881055	harbor2	chr2	217746086	217746227	SINE/MIR	522	+	70	217746156	65101
chr2	217681055	217881055	harbor2	chr2	217754376	217754582	SINE/MIR	486	+	103	217754479	73424
chr2	174735903	174935903	harbor2	chr2	174814493	174814680	SINE/MIR	460	+	94	174814587	78684
chr2	192948548	193148548	harbor2	chr2	192950763	192950918	SINE/MIR	425	+	78	192950841	2293
chr2	239223067	239423067	harbor2	chr2	239260243	239260489	SINE/MIR	614	+	123	239260366	37299
chr2	239223067	239423067	harbor2	chr2	239322353	239322528	SINE/MIR	481	+	88	239322441	99374
chr2	239618147	239818147	harbor2	chr2	239664831	239665020	SINE/MIR	633	+	94	239664925	46778
chr2	131964762	132164762	harbor2	chr2	131970923	131971133	SINE/MIR	453	+	105	131971028	6266
chr2	131964762	132164762	harbor2	chr2	131973622	131973855	SINE/MIR	432	+	116	131973738	8976
chr2	202939107	203139107	harbor2	chr2	202950594	202950779	SINE/MIR	556	+	92	202950686	11579
chr2	202939107	203139107	harbor2	chr2	202952316	202952467	SINE/MIR	551	+	76	202952392	13285
chr2	202939107	203139107	harbor2	chr2	202973550	202973742	SINE/MIR	594	+	96	202973646	34539
chr2	202939107	203139107	harbor2	chr2	203036416	203036664	SINE/MIR	558	+	124	203036540	97433
chr2	185085181	185285181	harbor2	chr2	185101277	185101464	SINE/MIR	529	+	94	185101371	16190
chr2	225089496	225289496	harbor2	chr2	225134561	225134674	SINE/MIR	463	+	56	225134617	45121
chr2	225089496	225289496	harbor2	chr2	225134861	225134956	SINE/MIR	463	+	48	225134909	45413
chr2	142599861	142799861	harbor2	chr2	142623867	142624050	SINE/MIR	420	+	92	142623959	24098
chr2	151993138	152193138	harbor2	chr2	151998386	151998574	SINE/MIR	484	+	94	151998480	5342
chr2	151993138	152193138	harbor2	chr2	152000255	152000516	SINE/MIR	828	+	130	152000385	7247
chr2	151993138	152193138	harbor2	chr2	152005781	152005974	SINE/MIR	732	+	96	152005877	12739
chr2	151993138	152193138	harbor2	chr2	152048690	152048851	SINE/MIR	411	+	80	152048770	55632
chr2	43066399	43266399	harbor2	chr2	43073647	43073829	SINE/MIR	442	+	91	43073738	7339
chr2	43066399	43266399	harbor2	chr2	43107822	43107971	SINE/MIR	413	+	74	43107896	41497
chr2	43066399	43266399	harbor2	chr2	43132375	43132576	SINE/MIR	517	+	100	43132475	66076
chr2	43066399	43266399	harbor2	chr2	43141988	43142159	SINE/MIR	468	+	86	43142074	75675
chr2	43066399	43266399	harbor2	chr2	43150175	43150385	SINE/MIR	507	+	105	43150280	83881
chr2	43066399	43266399	harbor2	chr2	43152347	43152484	SINE/MIR	414	+	68	43152415	86016
chr2	209610584	209810584	harbor2	chr2	209622398	209622575	SINE/MIR	674	+	88	209622486	11902
chr2	191225204	191425204	harbor2	chr2	191230767	191230996	SINE/MIR	435	+	114	191230881	5677
chr2	191225204	191425204	harbor2	chr2	191241087	191241227	SINE/MIR	518	+	70	191241157	15953
chr2	191225204	191425204	harbor2	chr2	191256192	191256440	SINE/MIR	757	+	124	191256316	31112
chr2	191225204	191425204	harbor2	chr2	191276320	191276475	SINE/MIR	626	+	78	191276398	51194
chr2	189716195	189916195	harbor2	chr2	189786547	189786714	SINE/MIR	549	+	84	189786631	70436
chr2	189716195	189916195	harbor2	chr2	189791204	189791337	SINE/MIR	491	+	66	189791270	75075
chr2	189716195	189916195	harbor2	chr2	189791636	189791696	SINE/MIR	491	+	30	189791666	75471
chr2	138403142	138603142	harbor2	chr2	138432593	138432750	SINE/MIR	441	+	78	138432671	29529
chr2	138403142	138603142	harbor2	chr2	138432764	138432985	SINE/MIR	660	+	110	138432874	29732
chr2	138403142	138603142	harbor2	chr2	138443850	138444120	SINE/MIR	608	+	135	138443985	40843
chr2	138403142	138603142	harbor2	chr2	138452632	138452820	SINE/MIR	528	+	94	138452726	49584
chr2	138403142	138603142	harbor2	chr2	138469875	138470095	SINE/MIR	576	+	110	138469985	66843
chr2	137695810	137895810	harbor2	chr2	137770796	137770956	SINE/MIR	507	+	80	137770876	75066
chr2	137695810	137895810	harbor2	chr2	137777174	137777406	SINE/MIR	506	+	116	137777290	81480
chr2	162607381	162807381	harbor2	chr2	162616399	162616572	SINE/MIR	507	+	86	162616485	9104
chr2	162607381	162807381	harbor2	chr2	162623571	162623787	SINE/MIR	717	+	108	162623679	16298
chr2	162607381	162807381	harbor2	chr2	162625204	162625436	SINE/MIR	668	+	116	162625320	17939
chr2	162607381	162807381	harbor2	chr2	162655364	162655504	SINE/MIR	555	+	70	162655434	48053
chr2	162607381	162807381	harbor2	chr2	162655812	162655889	SINE/MIR	555	+	38	162655850	48469
chr2	162607381	162807381	harbor2	chr2	162688848	162689083	SINE/MIR	446	+	118	162688966	81585
chr2	162607381	162807381	harbor2	chr2	162698603	162698803	SINE/MIR	496	+	100	162698703	91322
chr2	205344147	205544147	harbor2	chr2	205399887	205400081	SINE/MIR	486	+	97	205399984	55837
chr2	205344147	205544147	harbor2	chr2	205412828	205413029	SINE/MIR	515	+	100	205412928	68781
chr2	205344147	205544147	harbor2	chr2	205413047	205413267	SINE/MIR	487	+	110	205413157	69010
chr2	217835737	218035737	harbor2	chr2	217849325	217849576	SINE/MIR	455	+	126	217849451	13714
chr2	217835737	218035737	harbor2	chr2	217861579	217861788	SINE/MIR	635	+	104	217861683	25946
chr2	217835737	218035737	harbor2	chr2	217863541	217863727	SINE/MIR	476	+	93	217863634	27897
chr2	217835737	218035737	harbor2	chr2	217866991	217867187	SINE/MIR	534	+	98	217867089	31352
chr2	217835737	218035737	harbor2	chr2	217878400	217878570	SINE/MIR	530	+	85	217878485	42748
chr2	217835737	218035737	harbor2	chr2	217891261	217891471	SINE/MIR	694	+	105	217891366	55629
chr2	217835737	218035737	harbor2	chr2	217897364	217897514	SINE/MIR	490	+	75	217897439	61702
chr2	217835737	218035737	harbor2	chr2	217900073	217900279	SINE/MIR	629	+	103	217900176	64439
chr2	217835737	218035737	harbor2	chr2	217901177	217901415	SINE/MIR	450	+	119	217901296	65559
chr2	217835737	218035737	harbor2	chr2	217909789	217909995	SINE/MIR	443	+	103	217909892	74155
chr2	217835737	218035737	harbor2	chr2	217915705	217915952	SINE/MIR	420	+	124	217915829	80092
chr2	217835737	218035737	harbor2	chr2	217915955	217916163	SINE/MIR	649	+	104	217916059	80322
chr2	217835737	218035737	harbor2	chr2	217932254	217932475	SINE/MIR	527	+	110	217932364	96627
chr2	224856958	225056958	harbor2	chr2	224893109	224893322	SINE/MIR	589	+	106	224893215	36257
chr2	224856958	225056958	harbor2	chr2	224900596	224900774	SINE/MIR	520	+	89	224900685	43727
chr2	224856958	225056958	harbor2	chr2	224910415	224910661	SINE/MIR	441	+	123	224910538	53580
chr2	224856958	225056958	harbor2	chr2	224935478	224935678	SINE/MIR	524	+	100	224935578	78620
chr2	224856958	225056958	harbor2	chr2	224949649	224949883	SINE/MIR	798	+	117	224949766	92808
chr2	80661486	80861486	harbor2	chr2	80675710	80675955	SINE/MIR	426	+	122	80675832	14346
chr2	80661486	80861486	harbor2	chr2	80677740	80677968	SINE/MIR	634	+	114	80677854	16368
chr2	80661486	80861486	harbor2	chr2	80714000	80714240	SINE/MIR	535	+	120	80714120	52634
chr2	73432808	73632808	harbor2	chr2	73456425	73456546	SINE/MIR	438	+	60	73456485	23677
chr2	148756488	148956488	harbor2	chr2	148817995	148818168	SINE/MIR	452	+	86	148818081	61593
chr2	148756488	148956488	harbor2	chr2	148833220	148833461	SINE/MIR	593	+	120	148833340	76852
chr2	76765084	76965084	harbor2	chr2	76790405	76790607	SINE/MIR	659	+	101	76790506	25422
chr2	76765084	76965084	harbor2	chr2	76859187	76859433	SINE/MIR	637	+	123	76859310	94226
chr2	235997299	236197299	harbor2	chr2	236020037	236020227	SINE/MIR	500	+	95	236020132	22833
chr2	235997299	236197299	harbor2	chr2	236020483	236020692	SINE/MIR	589	+	104	236020587	23288
chr2	235997299	236197299	harbor2	chr2	236067105	236067336	SINE/MIR	634	+	116	236067221	69922
chr2	152751904	152951904	harbor2	chr2	152829199	152829416	SINE/MIR	1003	+	108	152829307	77403
chr2	155578211	155778211	harbor2	chr2	155613682	155613920	SINE/MIR	521	+	119	155613801	35590
chr2	155578211	155778211	harbor2	chr2	155616869	155617093	SINE/MIR	486	+	112	155616981	38770
chr2	155578211	155778211	harbor2	chr2	155641731	155641948	SINE/MIR	526	+	108	155641839	63628
chr2	155578211	155778211	harbor2	chr2	155649184	155649404	SINE/MIR	453	+	110	155649294	71083
chr2	155578211	155778211	harbor2	chr2	155663605	155663777	SINE/MIR	491	+	86	155663691	85480
chr2	181856323	182056323	harbor2	chr2	181862728	181862916	SINE/MIR	451	+	94	181862822	6499
chr2	181856323	182056323	harbor2	chr2	181865437	181865663	SINE/MIR	812	+	113	181865550	9227
chr2	181856323	182056323	harbor2	chr2	181877350	181877531	SINE/MIR	494	+	90	181877440	21117
chr2	181856323	182056323	harbor2	chr2	181884104	181884236	SINE/MIR	427	+	66	181884170	27847
chr2	181856323	182056323	harbor2	chr2	181884403	181884615	SINE/MIR	635	+	106	181884509	28186
chr2	181856323	182056323	harbor2	chr2	181936324	181936518	SINE/MIR	453	+	97	181936421	80098
chr2	178194991	178394991	harbor2	chr2	178232377	178232571	SINE/MIR	521	+	97	178232474	37483
chr3	135737425	135937425	harbor2	chr3	135740986	135741135	SINE/MIR	402	+	74	135741060	3635
chr3	135737425	135937425	harbor2	chr3	135746903	135747066	SINE/MIR	552	+	82	135746985	9560
chr3	135737425	135937425	harbor2	chr3	135783876	135784004	SINE/MIR	489	+	64	135783940	46515
chr3	135737425	135937425	harbor2	chr3	135784142	135784251	SINE/MIR	417	+	54	135784196	46771
chr3	135737425	135937425	harbor2	chr3	135787779	135787948	SINE/MIR	455	+	84	135787863	50438
chr3	135737425	135937425	harbor2	chr3	135789298	135789527	SINE/MIR	828	+	114	135789412	51987
chr3	135737425	135937425	harbor2	chr3	135795686	135795851	SINE/MIR	451	+	82	135795768	58343
chr3	135737425	135937425	harbor2	chr3	135798824	135799053	SINE/MIR	493	+	114	135798938	61513
chr3	157350228	157550228	harbor2	chr3	157368049	157368193	SINE/MIR	451	+	72	157368121	17893
chr3	157350228	157550228	harbor2	chr3	157379788	157379986	SINE/MIR	746	+	99	157379887	29659
chr3	157350228	157550228	harbor2	chr3	157394316	157394468	SINE/MIR	472	+	76	157394392	44164
chr3	157350228	157550228	harbor2	chr3	157441191	157441432	SINE/MIR	814	+	120	157441311	91083
chr3	157350228	157550228	harbor2	chr3	157446803	157447048	SINE/MIR	486	+	122	157446925	96697
chr3	159804571	160004571	harbor2	chr3	159851410	159851560	SINE/MIR	444	+	75	159851485	46914
chr3	159804571	160004571	harbor2	chr3	159876302	159876515	SINE/MIR	768	+	106	159876408	71837
chr3	159804571	160004571	harbor2	chr3	159879375	159879519	SINE/MIR	424	+	72	159879447	74876
chr3	159804571	160004571	harbor2	chr3	159888265	159888495	SINE/MIR	762	+	115	159888380	83809
chr3	159804571	160004571	harbor2	chr3	159899380	159899590	SINE/MIR	407	+	105	159899485	94914
chr3	176067346	176267346	harbor2	chr3	176082695	176082938	SINE/MIR	401	+	122	176082817	15471
chr3	176067346	176267346	harbor2	chr3	176115283	176115454	SINE/MIR	439	+	86	176115369	48023
chr3	107716305	107916305	harbor2	chr3	107721756	107721922	SINE/MIR	443	+	83	107721839	5534
chr3	107716305	107916305	harbor2	chr3	107801536	107801723	SINE/MIR	423	+	94	107801630	85325
chr3	55922194	56122194	harbor2	chr3	55942096	55942266	SINE/MIR	582	+	85	55942181	19987
chr3	55922194	56122194	harbor2	chr3	55955841	55956036	SINE/MIR	814	+	98	55955939	33745
chr3	55922194	56122194	harbor2	chr3	55975021	55975277	SINE/MIR	780	+	128	55975149	52955
chr3	55922194	56122194	harbor2	chr3	55989622	55989825	SINE/MIR	616	+	102	55989724	67530
chr3	167855307	168055307	harbor2	chr3	167874308	167874484	SINE/MIR	608	+	88	167874396	19089
chr3	167855307	168055307	harbor2	chr3	167900090	167900264	SINE/MIR	704	+	87	167900177	44870
chr3	175369911	175569911	harbor2	chr3	175379083	175379314	SINE/MIR	501	+	116	175379199	9288
chr3	198026190	198226190	harbor2	chr3	198077459	198077707	SINE/MIR	630	+	124	198077583	51393
chr3	186053468	186253468	harbor2	chr3	186062235	186062376	SINE/MIR	647	+	70	186062305	8837
chr3	186053468	186253468	harbor2	chr3	186062637	186062743	SINE/MIR	647	+	53	186062690	9222
chr3	186053468	186253468	harbor2	chr3	186071370	186071605	SINE/MIR	543	+	118	186071488	18020
chr3	186053468	186253468	harbor2	chr3	186120049	186120247	SINE/MIR	512	+	99	186120148	66680
chr3	186053468	186253468	harbor2	chr3	186120259	186120472	SINE/MIR	491	+	106	186120365	66897
chr3	186053468	186253468	harbor2	chr3	186144256	186144465	SINE/MIR	556	+	104	186144360	90892
chr3	186053468	186253468	harbor2	chr3	186147308	186147431	SINE/MIR	484	+	62	186147370	93902
chr3	186053468	186253468	harbor2	chr3	186150995	186151214	SINE/MIR	492	+	110	186151105	97637
chr3	158110215	158310215	harbor2	chr3	158152112	158152220	SINE/MIR	393	+	54	158152166	41951
chr3	196283785	196483785	harbor2	chr3	196307136	196307300	SINE/MIR	465	+	82	196307218	23433
chr3	196283785	196483785	harbor2	chr3	196307603	196307669	SINE/MIR	465	+	33	196307636	23851
chr3	196283785	196483785	harbor2	chr3	196323402	196323607	SINE/MIR	427	+	102	196323504	39719
chr3	151071040	151271040	harbor2	chr3	151090119	151090350	SINE/MIR	581	+	116	151090235	19195
chr3	151071040	151271040	harbor2	chr3	151091843	151091989	SINE/MIR	481	+	73	151091916	20876
chr3	151071040	151271040	harbor2	chr3	151134971	151135024	SINE/MIR	462	+	26	151134997	63957
chr3	151071040	151271040	harbor2	chr3	151135317	151135391	SINE/MIR	462	+	37	151135354	64314
chr3	138051657	138251657	harbor2	chr3	138059401	138059601	SINE/MIR	453	+	100	138059501	7844
chr3	138051657	138251657	harbor2	chr3	138080759	138080952	SINE/MIR	404	+	96	138080855	29198
chr3	138051657	138251657	harbor2	chr3	138091200	138091333	SINE/MIR	391	+	66	138091266	39609
chr3	138051657	138251657	harbor2	chr3	138095061	138095271	SINE/MIR	735	+	105	138095166	43509
chr3	138051657	138251657	harbor2	chr3	138104198	138104392	SINE/MIR	446	+	97	138104295	52638
chr3	138051657	138251657	harbor2	chr3	138118130	138118310	SINE/MIR	489	+	90	138118220	66563
chr3	194279864	194479864	harbor2	chr3	194284843	194285063	SINE/MIR	478	+	110	194284953	5089
chr3	194279864	194479864	harbor2	chr3	194312547	194312713	SINE/MIR	442	+	83	194312630	32766
chr3	194279864	194479864	harbor2	chr3	194343626	194343837	SINE/MIR	757	+	106	194343732	63868
chr3	194279864	194479864	harbor2	chr3	194346547	194346751	SINE/MIR	739	+	102	194346649	66785
chr3	194279864	194479864	harbor2	chr3	194350403	194350621	SINE/MIR	572	+	109	194350512	70648
chr3	194279864	194479864	harbor2	chr3	194353440	194353579	SINE/MIR	459	+	70	194353510	73646
chr3	194279864	194479864	harbor2	chr3	194354574	194354745	SINE/MIR	467	+	86	194354660	74796
chr3	194279864	194479864	harbor2	chr3	194366247	194366362	SINE/MIR	509	+	58	194366305	86441
chr3	77365189	77565189	harbor2	chr3	77452541	77452682	SINE/MIR	447	+	70	77452611	87422
chr3	187273367	187473367	harbor2	chr3	187284665	187284872	SINE/MIR	569	+	104	187284769	11402
chr3	187273367	187473367	harbor2	chr3	187287488	187287697	SINE/MIR	678	+	104	187287592	14225
chr3	187273367	187473367	harbor2	chr3	187354428	187354595	SINE/MIR	432	+	84	187354512	81145
chr3	187273367	187473367	harbor2	chr3	187365557	187365654	SINE/MIR	484	+	48	187365605	92238
chr3	187273367	187473367	harbor2	chr3	187365969	187366048	SINE/MIR	484	+	40	187366009	92642
chr3	189944963	190144963	harbor2	chr3	189947973	189948146	SINE/MIR	541	+	86	189948059	3096
chr3	189944963	190144963	harbor2	chr3	190014861	190015007	SINE/MIR	491	+	73	190014934	69971
chr3	189944963	190144963	harbor2	chr3	190025377	190025629	SINE/MIR	635	+	126	190025503	80540
chr3	150526410	150726410	harbor2	chr3	150560748	150560987	SINE/MIR	633	+	120	150560868	34458
chr3	150526410	150726410	harbor2	chr3	150612500	150612627	SINE/MIR	478	+	64	150612564	86154
chr3	193056224	193256224	harbor2	chr3	193089308	193089493	SINE/MIR	524	+	92	193089400	33176
chr3	193056224	193256224	harbor2	chr3	193094903	193095106	SINE/MIR	554	+	102	193095005	38781
chr3	193056224	193256224	harbor2	chr3	193132492	193132702	SINE/MIR	539	+	105	193132597	76373
chr3	89942464	90142464	harbor2	chr3	89956762	89956965	SINE/MIR	408	+	102	89956864	14400
chr3	168263475	168463475	harbor2	chr3	168273126	168273345	SINE/MIR	520	+	110	168273236	9761
chr3	168263475	168463475	harbor2	chr3	168281621	168281847	SINE/MIR	582	+	113	168281734	18259
chr3	168263475	168463475	harbor2	chr3	168310643	168310830	SINE/MIR	439	+	94	168310737	47262
chr3	168263475	168463475	harbor2	chr3	168334307	168334420	SINE/MIR	450	+	56	168334363	70888
chr3	168263475	168463475	harbor2	chr3	168334775	168334802	SINE/MIR	450	+	14	168334789	71314
chr3	168263475	168463475	harbor2	chr3	168337552	168337789	SINE/MIR	619	+	118	168337670	74195
chr3	168263475	168463475	harbor2	chr3	168338314	168338511	SINE/MIR	421	+	98	168338412	74937
chr3	168263475	168463475	harbor2	chr3	168360713	168360939	SINE/MIR	485	+	113	168360826	97351
chr3	169137252	169337252	harbor2	chr3	169159731	169159979	SINE/MIR	803	+	124	169159855	22603
chr3	169137252	169337252	harbor2	chr3	169172783	169172982	SINE/MIR	420	+	100	169172883	35631
chr3	169137252	169337252	harbor2	chr3	169181780	169181974	SINE/MIR	671	+	97	169181877	44625
chr3	169137252	169337252	harbor2	chr3	169182931	169183154	SINE/MIR	528	+	112	169183043	45791
chr3	169137252	169337252	harbor2	chr3	169194920	169195159	SINE/MIR	431	+	120	169195040	57788
chr3	169137252	169337252	harbor2	chr3	169203320	169203571	SINE/MIR	553	+	126	169203446	66194
chr3	169137252	169337252	harbor2	chr3	169221002	169221243	SINE/MIR	600	+	120	169221122	83870
chr3	129380109	129580109	harbor2	chr3	129380382	129380536	SINE/MIR	400	+	77	129380459	350
chr3	129380109	129580109	harbor2	chr3	129381538	129381703	SINE/MIR	479	+	82	129381620	1511
chr3	129380109	129580109	harbor2	chr3	129388545	129388747	SINE/MIR	394	+	101	129388646	8537
chr3	129380109	129580109	harbor2	chr3	129402159	129402372	SINE/MIR	842	+	106	129402265	22156
chr3	129380109	129580109	harbor2	chr3	129412980	129413147	SINE/MIR	397	+	84	129413064	32955
chr3	129380109	129580109	harbor2	chr3	129422119	129422329	SINE/MIR	840	+	105	129422224	42115
chr3	129380109	129580109	harbor2	chr3	129423204	129423335	SINE/MIR	432	+	66	129423270	43161
chr3	129380109	129580109	harbor2	chr3	129444371	129444528	SINE/MIR	576	+	78	129444449	64340
chr3	129380109	129580109	harbor2	chr3	129444820	129444876	SINE/MIR	576	+	28	129444848	64739
chr3	129380109	129580109	harbor2	chr3	129444994	129445043	SINE/MIR	839	+	24	129445018	64909
chr3	129380109	129580109	harbor2	chr3	129445354	129445565	SINE/MIR	839	+	106	129445460	65351
chr3	129380109	129580109	harbor2	chr3	129445619	129445858	SINE/MIR	1014	+	120	129445739	65630
chr3	129380109	129580109	harbor2	chr3	129463962	129464181	SINE/MIR	793	+	110	129464072	83963
chr3	26115753	26315753	harbor2	chr3	26199501	26199708	SINE/MIR	542	+	104	26199605	83852
chr3	26115753	26315753	harbor2	chr3	26202512	26202681	SINE/MIR	544	+	84	26202596	86843
chr3	145842706	146042706	harbor2	chr3	145884438	145884677	SINE/MIR	553	+	120	145884558	41852
chr3	145842706	146042706	harbor2	chr3	145895312	145895528	SINE/MIR	622	+	108	145895420	52714
chr3	145842706	146042706	harbor2	chr3	145896082	145896111	SINE/MIR	499	+	14	145896096	53390
chr3	145842706	146042706	harbor2	chr3	145926375	145926547	SINE/MIR	455	+	86	145926461	83755
chr3	145842706	146042706	harbor2	chr3	145941552	145941754	SINE/MIR	501	+	101	145941653	98947
chr3	49054887	49254887	harbor2	chr3	49077608	49077819	SINE/MIR	719	+	106	49077714	22827
chr3	174557268	174757268	harbor2	chr3	174585821	174586072	SINE/MIR	981	+	126	174585947	28679
chr3	174557268	174757268	harbor2	chr3	174590652	174590867	SINE/MIR	427	+	108	174590760	33492
chr3	174557268	174757268	harbor2	chr3	174633846	174634042	SINE/MIR	428	+	98	174633944	76676
chr3	137121287	137321287	harbor2	chr3	137124297	137124507	SINE/MIR	768	+	105	137124402	3115
chr3	137121287	137321287	harbor2	chr3	137127865	137127971	SINE/MIR	492	+	53	137127918	6631
chr3	137121287	137321287	harbor2	chr3	137151745	137151978	SINE/MIR	708	+	116	137151861	30574
chr3	137121287	137321287	harbor2	chr3	137175170	137175374	SINE/MIR	813	+	102	137175272	53985
chr3	137121287	137321287	harbor2	chr3	137194326	137194560	SINE/MIR	544	+	117	137194443	73156
chr3	137121287	137321287	harbor2	chr3	137204940	137205206	SINE/MIR	887	+	133	137205073	83786
chr3	197809322	198009322	harbor2	chr3	197851869	197852124	SINE/MIR	453	+	128	197851997	42675
chr3	115871018	116071018	harbor2	chr3	115959535	115959775	SINE/MIR	695	+	120	115959655	88637
chr3	115871018	116071018	harbor2	chr3	115962421	115962654	SINE/MIR	531	+	116	115962537	91519
chr3	194006829	194206829	harbor2	chr3	194037714	194037898	SINE/MIR	607	+	92	194037806	30977
chr3	194006829	194206829	harbor2	chr3	194044045	194044245	SINE/MIR	801	+	100	194044145	37316
chr3	194006829	194206829	harbor2	chr3	194049863	194050078	SINE/MIR	617	+	108	194049971	43142
chr3	194006829	194206829	harbor2	chr3	194057702	194057938	SINE/MIR	916	+	118	194057820	50991
chr3	194006829	194206829	harbor2	chr3	194063949	194064136	SINE/MIR	434	+	94	194064043	57214
chr3	194006829	194206829	harbor2	chr3	194065217	194065389	SINE/MIR	503	+	86	194065303	58474
chr3	194006829	194206829	harbor2	chr3	194085415	194085566	SINE/MIR	464	+	76	194085491	78662
chr3	194006829	194206829	harbor2	chr3	194099144	194099298	SINE/MIR	511	+	77	194099221	92392
chr3	194006829	194206829	harbor2	chr3	194105690	194105811	SINE/MIR	413	+	60	194105750	98921
chr3	194006829	194206829	harbor2	chr3	194019300	194019445	SINE/MIR	516	+	72	194019372	12543
chr3	57459528	57659528	harbor2	chr3	57460738	57460935	SINE/MIR	774	+	98	57460836	1308
chr3	57459528	57659528	harbor2	chr3	57542331	57542496	SINE/MIR	755	+	82	57542413	82885
chr3	57459528	57659528	harbor2	chr3	57555575	57555742	SINE/MIR	490	+	84	57555659	96131
chr3	174325597	174525597	harbor2	chr3	174378683	174378872	SINE/MIR	518	+	94	174378777	53180
chr3	174325597	174525597	harbor2	chr3	174384095	174384216	SINE/MIR	440	+	60	174384155	58558
chr3	174325597	174525597	harbor2	chr3	174419119	174419304	SINE/MIR	687	+	92	174419211	93614
chr3	141405871	141605871	harbor2	chr3	141425791	141426011	SINE/MIR	604	+	110	141425901	20030
chr3	141405871	141605871	harbor2	chr3	141490799	141490886	SINE/MIR	396	+	44	141490843	84972
chr3	141405871	141605871	harbor2	chr3	141500495	141500634	SINE/MIR	416	+	70	141500565	94694
chr3	138510963	138710963	harbor2	chr3	138529877	138530114	SINE/MIR	582	+	118	138529995	19032
chr3	138510963	138710963	harbor2	chr3	138591434	138591625	SINE/MIR	642	+	96	138591530	80567
chr3	119051027	119251027	harbor2	chr3	119061951	119062129	SINE/MIR	460	+	89	119062040	11013
chr3	119051027	119251027	harbor2	chr3	119081575	119081721	SINE/MIR	422	+	73	119081648	30621
chr3	119051027	119251027	harbor2	chr3	119098139	119098372	SINE/MIR	608	+	116	119098255	47228
chr3	119051027	119251027	harbor2	chr3	119149991	119150154	SINE/MIR	544	+	82	119150073	99046
chr3	83733080	83933080	harbor2	chr3	83739401	83739604	SINE/MIR	686	+	102	83739503	6423
chr3	83733080	83933080	harbor2	chr3	83746740	83747002	SINE/MIR	592	+	131	83746871	13791
chr3	176116167	176316167	harbor2	chr3	176175493	176175720	SINE/MIR	698	+	114	176175607	59440
chr3	176116167	176316167	harbor2	chr3	176182681	176182862	SINE/MIR	441	+	90	176182771	66604
chr3	176116167	176316167	harbor2	chr3	176199273	176199452	SINE/MIR	479	+	90	176199363	83196
chr3	196587820	196787820	harbor2	chr3	196595439	196595692	SINE/MIR	791	+	126	196595565	7745
chr3	196587820	196787820	harbor2	chr3	196617667	196617794	SINE/MIR	448	+	64	196617731	29911
chr3	196587820	196787820	harbor2	chr3	196640108	196640287	SINE/MIR	466	+	90	196640198	52378
chr3	196587820	196787820	harbor2	chr3	196645342	196645563	SINE/MIR	485	+	110	196645452	57632
chr3	196587820	196787820	harbor2	chr3	196656358	196656576	SINE/MIR	653	+	109	196656467	68647
chr3	196587820	196787820	harbor2	chr3	196676835	196677001	SINE/MIR	531	+	83	196676918	89098
chr3	196587820	196787820	harbor2	chr3	196687377	196687583	SINE/MIR	848	+	103	196687480	99660
chr3	170366424	170566424	harbor2	chr3	170417821	170417895	SINE/MIR	500	+	37	170417858	51434
chr3	170366424	170566424	harbor2	chr3	170418196	170418316	SINE/MIR	500	+	60	170418256	51832
chr3	170366424	170566424	harbor2	chr3	170426494	170426706	SINE/MIR	689	+	106	170426600	60176
chr3	188647536	188847536	harbor2	chr3	188653124	188653307	SINE/MIR	471	+	92	188653216	5680
chr3	188647536	188847536	harbor2	chr3	188675565	188675736	SINE/MIR	437	+	86	188675651	28115
chr3	188647536	188847536	harbor2	chr3	188693170	188693367	SINE/MIR	538	+	98	188693268	45732
chr3	188647536	188847536	harbor2	chr3	188694998	188695170	SINE/MIR	417	+	86	188695084	47548
chr3	188647536	188847536	harbor2	chr3	188744456	188744613	SINE/MIR	548	+	78	188744534	96998
chr3	188647536	188847536	harbor2	chr3	188710860	188711046	SINE/MIR	530	+	93	188710953	63417
chr3	188647536	188847536	harbor2	chr3	188727116	188727313	SINE/MIR	552	+	98	188727214	79678
chr3	118156705	118356705	harbor2	chr3	118204897	118205093	SINE/MIR	413	+	98	118204995	48290
chr3	118156705	118356705	harbor2	chr3	118243495	118243728	SINE/MIR	525	+	116	118243611	86906
chr3	118156705	118356705	harbor2	chr3	118246865	118247033	SINE/MIR	457	+	84	118246949	90244
chr3	197318617	197518617	harbor2	chr3	197320726	197320916	SINE/MIR	603	+	95	197320821	2204
chr3	197318617	197518617	harbor2	chr3	197336321	197336492	SINE/MIR	506	+	86	197336407	17790
chr3	197318617	197518617	harbor2	chr3	197353381	197353560	SINE/MIR	636	+	90	197353471	34854
chr3	197318617	197518617	harbor2	chr3	197358665	197358864	SINE/MIR	448	+	100	197358765	40148
chr3	197318617	197518617	harbor2	chr3	197372315	197372519	SINE/MIR	413	+	102	197372417	53800
chr3	197318617	197518617	harbor2	chr3	197406012	197406220	SINE/MIR	549	+	104	197406116	87499
chr3	87852220	88052220	harbor2	chr3	87888703	87888867	SINE/MIR	572	+	82	87888785	36565
chr3	87852220	88052220	harbor2	chr3	87894639	87894878	SINE/MIR	769	+	120	87894759	42539
chr3	105864673	106064673	harbor2	chr3	105891990	105892182	SINE/MIR	441	+	96	105892086	27413
chr3	105864673	106064673	harbor2	chr3	105913666	105913684	SINE/MIR	661	+	9	105913675	49002
chr3	105864673	106064673	harbor2	chr3	105914006	105914225	SINE/MIR	661	+	110	105914116	49443
chr3	105864673	106064673	harbor2	chr3	105945905	105946169	SINE/MIR	734	+	132	105946037	81364
chr3	191350027	191550027	harbor2	chr3	191349998	191350213	SINE/MIR	504	+	108	191350106	79
chr3	191350027	191550027	harbor2	chr3	191357692	191357904	SINE/MIR	659	+	106	191357798	7771
chr3	191350027	191550027	harbor2	chr3	191358303	191358510	SINE/MIR	544	+	104	191358407	8380
chr3	191350027	191550027	harbor2	chr3	191360824	191361010	SINE/MIR	420	+	93	191360917	10890
chr3	191350027	191550027	harbor2	chr3	191363340	191363547	SINE/MIR	472	+	104	191363444	13417
chr3	191350027	191550027	harbor2	chr3	191388310	191388526	SINE/MIR	547	+	108	191388418	38391
chr3	191350027	191550027	harbor2	chr3	191421134	191421283	SINE/MIR	409	+	74	191421208	71181
chr3	191350027	191550027	harbor2	chr3	191438782	191438984	SINE/MIR	390	+	101	191438883	88856
chr3	178365210	178565210	harbor2	chr3	178373805	178374027	SINE/MIR	412	+	111	178373916	8706
chr3	178365210	178565210	harbor2	chr3	178412113	178412310	SINE/MIR	538	+	98	178412211	47001
chr3	178365210	178565210	harbor2	chr3	178445159	178445187	SINE/MIR	576	+	14	178445173	79963
chr3	178365210	178565210	harbor2	chr3	178445300	178445471	SINE/MIR	576	+	86	178445386	80176
chr3	178365210	178565210	harbor2	chr3	178459540	178459726	SINE/MIR	392	+	93	178459633	94423
chr3	146521192	146721192	harbor2	chr3	146528234	146528387	SINE/MIR	482	+	76	146528310	7118
chr3	146521192	146721192	harbor2	chr3	146531908	146532051	SINE/MIR	477	+	72	146531980	10788
chr3	146521192	146721192	harbor2	chr3	146549819	146550021	SINE/MIR	618	+	101	146549920	28728
chr3	156431661	156631661	harbor2	chr3	156453383	156453550	SINE/MIR	436	+	84	156453467	21806
chr3	156431661	156631661	harbor2	chr3	156453782	156453981	SINE/MIR	389	+	100	156453882	22221
chr3	156431661	156631661	harbor2	chr3	156461944	156462142	SINE/MIR	613	+	99	156462043	30382
chr3	156431661	156631661	harbor2	chr3	156468465	156468682	SINE/MIR	605	+	108	156468573	36912
chr3	156431661	156631661	harbor2	chr3	156482590	156482794	SINE/MIR	754	+	102	156482692	51031
chr3	156431661	156631661	harbor2	chr3	156484904	156485084	SINE/MIR	510	+	90	156484994	53333
chr3	156431661	156631661	harbor2	chr3	156495577	156495819	SINE/MIR	951	+	121	156495698	64037
chr3	156431661	156631661	harbor2	chr3	156527213	156527368	SINE/MIR	485	+	78	156527291	95630
chr3	171116709	171316709	harbor2	chr3	171117315	171117504	SINE/MIR	634	+	94	171117409	700
chr3	171116709	171316709	harbor2	chr3	171155869	171156035	SINE/MIR	479	+	83	171155952	39243
chr3	171116709	171316709	harbor2	chr3	171170485	171170661	SINE/MIR	660	+	88	171170573	53864
chr3	171116709	171316709	harbor2	chr3	171189528	171189768	SINE/MIR	855	+	120	171189648	72939
chr3	171116709	171316709	harbor2	chr3	171204823	171205072	SINE/MIR	624	+	124	171204947	88238
chr3	142314744	142514744	harbor2	chr3	142364029	142364194	SINE/MIR	390	+	82	142364111	49367
chr3	142314744	142514744	harbor2	chr3	142401157	142401381	SINE/MIR	710	+	112	142401269	86525
chr3	85078702	85278702	harbor2	chr3	85114630	85114789	SINE/MIR	555	+	80	85114710	36008
chr3	85078702	85278702	harbor2	chr3	85141175	85141426	SINE/MIR	991	+	126	85141301	62599
chr3	85078702	85278702	harbor2	chr3	85145949	85146157	SINE/MIR	613	+	104	85146053	67351
chr3	125027321	125227321	harbor2	chr3	125028541	125028726	SINE/MIR	390	+	92	125028633	1312
chr3	125027321	125227321	harbor2	chr3	125037781	125038031	SINE/MIR	802	+	125	125037906	10585
chr3	125027321	125227321	harbor2	chr3	125051425	125051604	SINE/MIR	455	+	90	125051515	24194
chr3	125027321	125227321	harbor2	chr3	125064942	125065171	SINE/MIR	676	+	114	125065056	37735
chr3	125027321	125227321	harbor2	chr3	125068727	125068906	SINE/MIR	776	+	90	125068817	41496
chr3	125027321	125227321	harbor2	chr3	125101124	125101340	SINE/MIR	716	+	108	125101232	73911
chr3	125027321	125227321	harbor2	chr3	125126943	125127073	SINE/MIR	555	+	65	125127008	99687
chr3	193545693	193745693	harbor2	chr3	193546751	193546965	SINE/MIR	540	+	107	193546858	1165
chr3	193545693	193745693	harbor2	chr3	193552709	193552928	SINE/MIR	432	+	110	193552819	7126
chr3	193545693	193745693	harbor2	chr3	193556033	193556264	SINE/MIR	465	+	116	193556149	10456
chr3	193545693	193745693	harbor2	chr3	193570684	193570933	SINE/MIR	729	+	124	193570808	25115
chr3	193545693	193745693	harbor2	chr3	193614385	193614602	SINE/MIR	887	+	108	193614493	68800
chr3	193545693	193745693	harbor2	chr3	193616943	193617137	SINE/MIR	712	+	97	193617040	71347
chr3	187042236	187242236	harbor2	chr3	187059549	187059737	SINE/MIR	591	+	94	187059643	17407
chr3	187042236	187242236	harbor2	chr3	187063764	187063995	SINE/MIR	582	+	116	187063880	21644
chr3	187042236	187242236	harbor2	chr3	187067746	187067923	SINE/MIR	528	+	88	187067834	25598
chr3	187042236	187242236	harbor2	chr3	187068367	187068580	SINE/MIR	630	+	106	187068473	26237
chr3	187042236	187242236	harbor2	chr3	187077511	187077721	SINE/MIR	560	+	105	187077616	35380
chr3	187042236	187242236	harbor2	chr3	187131571	187131816	SINE/MIR	681	+	122	187131693	89457
chr3	122843372	123043372	harbor2	chr3	122885964	122886151	SINE/MIR	497	+	94	122886058	42686
chr3	122843372	123043372	harbor2	chr3	122914449	122914628	SINE/MIR	566	+	90	122914539	71167
chr3	122843372	123043372	harbor2	chr3	122941405	122941532	SINE/MIR	449	+	64	122941469	98097
chr3	122843372	123043372	harbor2	chr3	122942512	122942658	SINE/MIR	405	+	73	122942585	99213
chr3	122843372	123043372	harbor2	chr3	122942830	122942886	SINE/MIR	405	+	28	122942858	99486
chr3	67611370	67811370	harbor2	chr3	67617714	67617856	SINE/MIR	539	+	71	67617785	6415
chr3	67611370	67811370	harbor2	chr3	67634905	67635063	SINE/MIR	430	+	79	67634984	23614
chr3	67611370	67811370	harbor2	chr3	67638087	67638307	SINE/MIR	557	+	110	67638197	26827
chr3	67611370	67811370	harbor2	chr3	67647795	67647959	SINE/MIR	446	+	82	67647877	36507
chr3	67611370	67811370	harbor2	chr3	67648527	67648714	SINE/MIR	434	+	94	67648621	37251
chr3	67611370	67811370	harbor2	chr3	67652755	67652880	SINE/MIR	452	+	62	67652817	41447
chr3	67611370	67811370	harbor2	chr3	67684749	67684903	SINE/MIR	441	+	77	67684826	73456
chr3	67611370	67811370	harbor2	chr3	67698137	67698336	SINE/MIR	481	+	100	67698237	86867
chr3	67611370	67811370	harbor2	chr3	67699181	67699391	SINE/MIR	402	+	105	67699286	87916
chr3	178343339	178543339	harbor2	chr3	178373805	178374027	SINE/MIR	412	+	111	178373916	30577
chr3	178343339	178543339	harbor2	chr3	178412113	178412310	SINE/MIR	538	+	98	178412211	68872
chr3	141073010	141273010	harbor2	chr3	141073123	141073262	SINE/MIR	484	+	70	141073193	183
chr3	141073010	141273010	harbor2	chr3	141074116	141074353	SINE/MIR	486	+	118	141074234	1224
chr3	141073010	141273010	harbor2	chr3	141075385	141075518	SINE/MIR	461	+	66	141075451	2441
chr3	141073010	141273010	harbor2	chr3	141080881	141081071	SINE/MIR	540	+	95	141080976	7966
chr3	141073010	141273010	harbor2	chr3	141081694	141081865	SINE/MIR	475	+	86	141081780	8770
chr3	141073010	141273010	harbor2	chr3	141086314	141086559	SINE/MIR	761	+	122	141086436	13426
chr3	141073010	141273010	harbor2	chr3	141092089	141092318	SINE/MIR	584	+	114	141092203	19193
chr3	141073010	141273010	harbor2	chr3	141101443	141101680	SINE/MIR	777	+	118	141101561	28551
chr3	141073010	141273010	harbor2	chr3	141111401	141111510	SINE/MIR	405	+	54	141111455	38445
chr3	141073010	141273010	harbor2	chr3	141112065	141112298	SINE/MIR	569	+	116	141112181	39171
chr3	141073010	141273010	harbor2	chr3	141116543	141116740	SINE/MIR	579	+	98	141116641	43631
chr3	159535986	159735986	harbor2	chr3	159592953	159593190	SINE/MIR	552	+	118	159593071	57085
chr3	159535986	159735986	harbor2	chr3	159608638	159608804	SINE/MIR	428	+	83	159608721	72735
chr3	159535986	159735986	harbor2	chr3	159625132	159625349	SINE/MIR	577	+	108	159625240	89254
chr3	159535986	159735986	harbor2	chr3	159629586	159629719	SINE/MIR	518	+	66	159629652	93666
chr3	184956312	185156312	harbor2	chr3	184981765	184981971	SINE/MIR	536	+	103	184981868	25556
chr3	184956312	185156312	harbor2	chr3	184992430	184992636	SINE/MIR	453	+	103	184992533	36221
chr3	184956312	185156312	harbor2	chr3	184997224	184997439	SINE/MIR	903	+	108	184997332	41020
chr3	184956312	185156312	harbor2	chr3	185025806	185026008	SINE/MIR	563	+	101	185025907	69595
chr3	184956312	185156312	harbor2	chr3	185044239	185044479	SINE/MIR	786	+	120	185044359	88047
chr3	113641073	113841073	harbor2	chr3	113676748	113676980	SINE/MIR	653	+	116	113676864	35791
chr3	113641073	113841073	harbor2	chr3	113689118	113689351	SINE/MIR	529	+	116	113689234	48161
chr3	134613723	134813723	harbor2	chr3	134629114	134629342	SINE/MIR	717	+	114	134629228	15505
chr3	134613723	134813723	harbor2	chr3	134640280	134640528	SINE/MIR	743	+	124	134640404	26681
chr3	134613723	134813723	harbor2	chr3	134642800	134643032	SINE/MIR	774	+	116	134642916	29193
chr3	134613723	134813723	harbor2	chr3	134652079	134652272	SINE/MIR	449	+	96	134652175	38452
chr3	134613723	134813723	harbor2	chr3	134654978	134655131	SINE/MIR	434	+	76	134655054	41331
chr3	134613723	134813723	harbor2	chr3	134672199	134672355	SINE/MIR	498	+	78	134672277	58554
chr3	115309506	115509506	harbor2	chr3	115330005	115330218	SINE/MIR	675	+	106	115330111	20605
chr3	115309506	115509506	harbor2	chr3	115340427	115340694	SINE/MIR	548	+	134	115340561	31055
chr3	115309506	115509506	harbor2	chr3	115382327	115382560	SINE/MIR	494	+	116	115382443	72937
chr3	115309506	115509506	harbor2	chr3	115394975	115395201	SINE/MIR	392	+	113	115395088	85582
chr3	115309506	115509506	harbor2	chr3	115402191	115402393	SINE/MIR	596	+	101	115402292	92786
chr3	115309506	115509506	harbor2	chr3	115408183	115408390	SINE/MIR	470	+	104	115408287	98781
chr3	193279023	193479023	harbor2	chr3	193313537	193313725	SINE/MIR	465	+	94	193313631	34608
chr3	193279023	193479023	harbor2	chr3	193330941	193331085	SINE/MIR	397	+	72	193331013	51990
chr3	193279023	193479023	harbor2	chr3	193340947	193341108	SINE/MIR	518	+	80	193341027	62004
chr3	193279023	193479023	harbor2	chr3	193370454	193370667	SINE/MIR	490	+	106	193370560	91537
chr3	193279023	193479023	harbor2	chr3	193377829	193378068	SINE/MIR	516	+	120	193377949	98926
chr3	175748277	175948277	harbor2	chr3	175777292	175777488	SINE/MIR	731	+	98	175777390	29113
chr3	36333782	36533782	harbor2	chr3	36334894	36335047	SINE/MIR	453	+	76	36334970	1188
chr3	36333782	36533782	harbor2	chr3	36374288	36374515	SINE/MIR	475	+	114	36374402	40620
chr3	36333782	36533782	harbor2	chr3	36379701	36379915	SINE/MIR	701	+	107	36379808	46026
chr3	36333782	36533782	harbor2	chr3	36389702	36389903	SINE/MIR	420	+	100	36389802	56020
chr3	36333782	36533782	harbor2	chr3	36404328	36404488	SINE/MIR	605	+	80	36404408	70626
chr3	36333782	36533782	harbor2	chr3	36406928	36407140	SINE/MIR	707	+	106	36407034	73252
chr3	36333782	36533782	harbor2	chr3	36411756	36411895	SINE/MIR	411	+	70	36411826	78044
chr3	36333782	36533782	harbor2	chr3	36432781	36432965	SINE/MIR	663	+	92	36432873	99091
chr3	168884260	169084260	harbor2	chr3	168901298	168901512	SINE/MIR	527	+	107	168901405	17145
chr3	168884260	169084260	harbor2	chr3	168904666	168904837	SINE/MIR	469	+	86	168904752	20492
chr3	168884260	169084260	harbor2	chr3	168950633	168950812	SINE/MIR	679	+	90	168950723	66463
chr3	168884260	169084260	harbor2	chr3	168950864	168951010	SINE/MIR	485	+	73	168950937	66677
chr3	111715251	111915251	harbor2	chr3	111727906	111728119	SINE/MIR	522	+	106	111728012	12761
chr3	111715251	111915251	harbor2	chr3	111731907	111732085	SINE/MIR	445	+	89	111731996	16745
chr3	111715251	111915251	harbor2	chr3	111738921	111739092	SINE/MIR	584	+	86	111739007	23756
chr3	111715251	111915251	harbor2	chr3	111744671	111744889	SINE/MIR	735	+	109	111744780	29529
chr3	111715251	111915251	harbor2	chr3	111762110	111762333	SINE/MIR	621	+	112	111762222	46971
chr3	111715251	111915251	harbor2	chr3	111763301	111763531	SINE/MIR	729	+	115	111763416	48165
chr3	111715251	111915251	harbor2	chr3	111764012	111764221	SINE/MIR	628	+	104	111764116	48865
chr3	111715251	111915251	harbor2	chr3	111767512	111767695	SINE/MIR	411	+	92	111767604	52353
chr3	111715251	111915251	harbor2	chr3	111786622	111786822	SINE/MIR	393	+	100	111786722	71471
chr3	111715251	111915251	harbor2	chr3	111789509	111789764	SINE/MIR	671	+	128	111789637	74386
chr3	111715251	111915251	harbor2	chr3	111807150	111807296	SINE/MIR	447	+	73	111807223	91972
chr3	193604971	193804971	harbor2	chr3	193614385	193614602	SINE/MIR	887	+	108	193614493	9522
chr3	193604971	193804971	harbor2	chr3	193616943	193617137	SINE/MIR	712	+	97	193617040	12069
chr3	193604971	193804971	harbor2	chr3	193655543	193655747	SINE/MIR	871	+	102	193655645	50674
chr3	193604971	193804971	harbor2	chr3	193669387	193669550	SINE/MIR	418	+	82	193669469	64498
chr3	110162472	110362472	harbor2	chr3	110169690	110169913	SINE/MIR	539	+	112	110169802	7330
chr3	110162472	110362472	harbor2	chr3	110216208	110216405	SINE/MIR	523	+	98	110216306	53834
chr3	110162472	110362472	harbor2	chr3	110243333	110243566	SINE/MIR	654	+	116	110243449	80977
chr3	133058622	133258622	harbor2	chr3	133104075	133104300	SINE/MIR	588	+	112	133104187	45565
chr3	133058622	133258622	harbor2	chr3	133109100	133109311	SINE/MIR	630	+	106	133109206	50584
chr3	133058622	133258622	harbor2	chr3	133156490	133156652	SINE/MIR	412	+	81	133156571	97949
chr3	173224997	173424997	harbor2	chr3	173315075	173315292	SINE/MIR	833	+	108	173315183	90186
chr3	169648746	169848746	harbor2	chr3	169670482	169670680	SINE/MIR	763	+	99	169670581	21835
chr3	178590644	178790644	harbor2	chr3	178621884	178622121	SINE/MIR	747	+	118	178622002	31358
chr3	178590644	178790644	harbor2	chr3	178626194	178626416	SINE/MIR	739	+	111	178626305	35661
chr3	178590644	178790644	harbor2	chr3	178639408	178639585	SINE/MIR	568	+	88	178639496	48852
chr3	178590644	178790644	harbor2	chr3	178644724	178644965	SINE/MIR	454	+	120	178644844	54200
chr3	178590644	178790644	harbor2	chr3	178647469	178647654	SINE/MIR	465	+	92	178647561	56917
chr3	178590644	178790644	harbor2	chr3	178654809	178654985	SINE/MIR	602	+	88	178654897	64253
chr3	178590644	178790644	harbor2	chr3	178657372	178657502	SINE/MIR	399	+	65	178657437	66793
chr3	178590644	178790644	harbor2	chr3	178660084	178660324	SINE/MIR	559	+	120	178660204	69560
chr3	172831577	173031577	harbor2	chr3	172848451	172848635	SINE/MIR	404	+	92	172848543	16966
chr3	172831577	173031577	harbor2	chr3	172857601	172857774	SINE/MIR	479	+	86	172857687	26110
chr3	172831577	173031577	harbor2	chr3	172876952	172877184	SINE/MIR	583	+	116	172877068	45491
chr3	172831577	173031577	harbor2	chr3	172892227	172892422	SINE/MIR	504	+	98	172892325	60748
chr3	172831577	173031577	harbor2	chr3	172920097	172920303	SINE/MIR	492	+	103	172920200	88623
chr3	172831577	173031577	harbor2	chr3	172834814	172835040	SINE/MIR	652	+	113	172834927	3350
chr3	193595590	193795590	harbor2	chr3	193614385	193614602	SINE/MIR	887	+	108	193614493	18903
chr3	193595590	193795590	harbor2	chr3	193616943	193617137	SINE/MIR	712	+	97	193617040	21450
chr3	193595590	193795590	harbor2	chr3	193655543	193655747	SINE/MIR	871	+	102	193655645	60055
chr3	193595590	193795590	harbor2	chr3	193669387	193669550	SINE/MIR	418	+	82	193669469	73879
chr3	173403692	173603692	harbor2	chr3	173416231	173416364	SINE/MIR	454	+	66	173416297	12605
chr3	173403692	173603692	harbor2	chr3	173456346	173456561	SINE/MIR	470	+	108	173456454	52762
chr3	173403692	173603692	harbor2	chr3	173470485	173470711	SINE/MIR	749	+	113	173470598	66906
chr3	173403692	173603692	harbor2	chr3	173492017	173492256	SINE/MIR	503	+	120	173492137	88445
chr3	47851809	48051809	harbor2	chr3	47904104	47904216	SINE/MIR	394	+	56	47904160	52351
chr3	47851809	48051809	harbor2	chr3	47874039	47874185	SINE/MIR	401	+	73	47874112	22303
chr3	169567198	169767198	harbor2	chr3	169577016	169577255	SINE/MIR	912	+	120	169577136	9938
chr3	169567198	169767198	harbor2	chr3	169589420	169589593	SINE/MIR	509	+	86	169589506	22308
chr3	169567198	169767198	harbor2	chr3	169614880	169615085	SINE/MIR	477	+	102	169614982	47784
chr3	169567198	169767198	harbor2	chr3	169620972	169621094	SINE/MIR	410	+	61	169621033	53835
chr3	169567198	169767198	harbor2	chr3	169621180	169621382	SINE/MIR	636	+	101	169621281	54083
chr3	169567198	169767198	harbor2	chr3	169635106	169635296	SINE/MIR	774	+	95	169635201	68003
chr3	169567198	169767198	harbor2	chr3	169647175	169647360	SINE/MIR	416	+	92	169647267	80069
chr3	186072416	186272416	harbor2	chr3	186120049	186120247	SINE/MIR	512	+	99	186120148	47732
chr3	186072416	186272416	harbor2	chr3	186120259	186120472	SINE/MIR	491	+	106	186120365	47949
chr3	186072416	186272416	harbor2	chr3	186144256	186144465	SINE/MIR	556	+	104	186144360	71944
chr3	186072416	186272416	harbor2	chr3	186147308	186147431	SINE/MIR	484	+	62	186147370	74954
chr3	186072416	186272416	harbor2	chr3	186150995	186151214	SINE/MIR	492	+	110	186151105	78689
chr3	42417874	42617874	harbor2	chr3	42418348	42418572	SINE/MIR	897	+	112	42418460	586
chr3	42417874	42617874	harbor2	chr3	42438565	42438736	SINE/MIR	598	+	86	42438651	20777
chr3	42417874	42617874	harbor2	chr3	42443511	42443754	SINE/MIR	794	+	122	42443633	25759
chr3	42417874	42617874	harbor2	chr3	42516767	42516929	SINE/MIR	502	+	81	42516848	98974
chr3	149640932	149840932	harbor2	chr3	149650295	149650533	SINE/MIR	742	+	119	149650414	9482
chr3	149640932	149840932	harbor2	chr3	149660651	149660758	SINE/MIR	406	+	54	149660705	19773
chr3	149640932	149840932	harbor2	chr3	149702334	149702464	SINE/MIR	614	+	65	149702399	61467
chr3	149640932	149840932	harbor2	chr3	149702494	149702613	SINE/MIR	614	+	60	149702554	61622
chr3	149640932	149840932	harbor2	chr3	149710356	149710548	SINE/MIR	590	+	96	149710452	69520
chr3	173847773	174047773	harbor2	chr3	173848035	173848254	SINE/MIR	594	+	110	173848145	372
chr3	173847773	174047773	harbor2	chr3	173875310	173875518	SINE/MIR	440	+	104	173875414	27641
chr3	173847773	174047773	harbor2	chr3	173893279	173893523	SINE/MIR	602	+	122	173893401	45628
chr3	173847773	174047773	harbor2	chr3	173912325	173912524	SINE/MIR	549	+	100	173912425	64652
chr3	173847773	174047773	harbor2	chr3	173917909	173918114	SINE/MIR	457	+	102	173918011	70238
chr3	173847773	174047773	harbor2	chr3	173922830	173922993	SINE/MIR	548	+	82	173922912	75139
chr3	173847773	174047773	harbor2	chr3	173916005	173916184	SINE/MIR	461	+	90	173916095	68322
chr3	159740595	159940595	harbor2	chr3	159760410	159760586	SINE/MIR	720	+	88	159760498	19903
chr3	159740595	159940595	harbor2	chr3	159792258	159792478	SINE/MIR	420	+	110	159792368	51773
chr3	159740595	159940595	harbor2	chr3	159795288	159795409	SINE/MIR	606	+	60	159795348	54753
chr3	159740595	159940595	harbor2	chr3	159798186	159798375	SINE/MIR	636	+	94	159798280	57685
chr3	35692225	35892225	harbor2	chr3	35722317	35722520	SINE/MIR	644	+	102	35722419	30194
chr3	35692225	35892225	harbor2	chr3	35736051	35736266	SINE/MIR	533	+	108	35736159	43934
chr3	35692225	35892225	harbor2	chr3	35765773	35765996	SINE/MIR	531	+	112	35765885	73660
chr3	198057526	198257526	harbor2	chr3	198077459	198077707	SINE/MIR	630	+	124	198077583	20057
chr3	114185871	114385871	harbor2	chr3	114189310	114189505	SINE/MIR	518	+	98	114189408	3537
chr3	114185871	114385871	harbor2	chr3	114217140	114217305	SINE/MIR	744	+	82	114217222	31351
chr3	114185871	114385871	harbor2	chr3	114220953	114221146	SINE/MIR	547	+	96	114221049	35178
chr3	114185871	114385871	harbor2	chr3	114223382	114223571	SINE/MIR	463	+	94	114223476	37605
chr3	114185871	114385871	harbor2	chr3	114226830	114227042	SINE/MIR	619	+	106	114226936	41065
chr3	114185871	114385871	harbor2	chr3	114250966	114251172	SINE/MIR	576	+	103	114251069	65198
chr3	110538434	110738434	harbor2	chr3	110587244	110587487	SINE/MIR	489	+	122	110587366	48932
chr3	110538434	110738434	harbor2	chr3	110614410	110614600	SINE/MIR	437	+	95	110614505	76071
chr3	110538434	110738434	harbor2	chr3	110627750	110627880	SINE/MIR	438	+	65	110627815	89381
chr3	194544952	194744952	harbor2	chr3	194598412	194598555	SINE/MIR	417	+	72	194598484	53532
chr3	194544952	194744952	harbor2	chr3	194605325	194605376	SINE/MIR	526	+	26	194605351	60399
chr3	194544952	194744952	harbor2	chr3	194605724	194605829	SINE/MIR	526	+	52	194605776	60824
chr3	194544952	194744952	harbor2	chr3	194606505	194606612	SINE/MIR	446	+	54	194606559	61607
chr3	194544952	194744952	harbor2	chr3	194607517	194607749	SINE/MIR	713	+	116	194607633	62681
chr3	194544952	194744952	harbor2	chr3	194626293	194626432	SINE/MIR	498	+	70	194626363	81411
chr3	194544952	194744952	harbor2	chr3	194626473	194626677	SINE/MIR	601	+	102	194626575	81623
chr3	194544952	194744952	harbor2	chr3	194632081	194632225	SINE/MIR	412	+	72	194632153	87201
chr3	194544952	194744952	harbor2	chr3	194642868	194643026	SINE/MIR	447	+	79	194642947	97995
chr3	156753933	156953933	harbor2	chr3	156801566	156801698	SINE/MIR	537	+	66	156801632	47699
chr3	102504874	102704874	harbor2	chr3	102575838	102576007	SINE/MIR	682	+	84	102575922	71048
chr3	102504874	102704874	harbor2	chr3	102594129	102594296	SINE/MIR	461	+	84	102594213	89339
chr3	102504874	102704874	harbor2	chr3	102596047	102596219	SINE/MIR	553	+	86	102596133	91259
chr3	174156561	174356561	harbor2	chr3	174177924	174178072	SINE/MIR	479	+	74	174177998	21437
chr3	174156561	174356561	harbor2	chr3	174199244	174199377	SINE/MIR	439	+	66	174199310	42749
chr3	174156561	174356561	harbor2	chr3	174200057	174200301	SINE/MIR	507	+	122	174200179	43618
chr3	174156561	174356561	harbor2	chr3	174219239	174219399	SINE/MIR	400	+	80	174219319	62758
chr3	174156561	174356561	harbor2	chr3	174228993	174229203	SINE/MIR	652	+	105	174229098	72537
chr3	174156561	174356561	harbor2	chr3	174229222	174229359	SINE/MIR	455	+	68	174229290	72729
chr3	174156561	174356561	harbor2	chr3	174252517	174252665	SINE/MIR	481	+	74	174252591	96030
chr3	109314596	109514596	harbor2	chr3	109367477	109367594	SINE/MIR	492	+	58	109367535	52939
chr3	109314596	109514596	harbor2	chr3	109372891	109373109	SINE/MIR	547	+	109	109373000	58404
chr3	109314596	109514596	harbor2	chr3	109388446	109388559	SINE/MIR	401	+	56	109388502	73906
chr3	109314596	109514596	harbor2	chr3	109394319	109394502	SINE/MIR	585	+	92	109394411	79815
chr3	165847588	166047588	harbor2	chr3	165939795	165939982	SINE/MIR	413	+	94	165939889	92301
chr3	167548222	167748222	harbor2	chr3	167551534	167551690	SINE/MIR	439	+	78	167551612	3390
chr3	167548222	167748222	harbor2	chr3	167562670	167562941	SINE/MIR	754	+	136	167562806	14584
chr3	167548222	167748222	harbor2	chr3	167577457	167577655	SINE/MIR	523	+	99	167577556	29334
chr3	167548222	167748222	harbor2	chr3	167624881	167625085	SINE/MIR	481	+	102	167624983	76761
chr3	167548222	167748222	harbor2	chr3	167648044	167648285	SINE/MIR	399	+	120	167648164	99942
chr3	189206628	189406628	harbor2	chr3	189216505	189216634	SINE/MIR	421	+	64	189216569	9941
chr3	189206628	189406628	harbor2	chr3	189235724	189235964	SINE/MIR	420	+	120	189235844	29216
chr3	189206628	189406628	harbor2	chr3	189252621	189252800	SINE/MIR	397	+	90	189252711	46083
chr3	189206628	189406628	harbor2	chr3	189260052	189260266	SINE/MIR	568	+	107	189260159	53531
chr3	189206628	189406628	harbor2	chr3	189264066	189264213	SINE/MIR	559	+	74	189264140	57512
chr3	189206628	189406628	harbor2	chr3	189266056	189266228	SINE/MIR	393	+	86	189266142	59514
chr3	189206628	189406628	harbor2	chr3	189271775	189271989	SINE/MIR	410	+	107	189271882	65254
chr3	189206628	189406628	harbor2	chr3	189279420	189279664	SINE/MIR	556	+	122	189279542	72914
chr3	189206628	189406628	harbor2	chr3	189280634	189280834	SINE/MIR	549	+	100	189280734	74106
chr3	189206628	189406628	harbor2	chr3	189289463	189289691	SINE/MIR	601	+	114	189289577	82949
chr3	189206628	189406628	harbor2	chr3	189292418	189292593	SINE/MIR	476	+	88	189292506	85878
chr3	189206628	189406628	harbor2	chr3	189300163	189300354	SINE/MIR	510	+	96	189300259	93631
chr3	150399199	150599199	harbor2	chr3	150421926	150422131	SINE/MIR	839	+	102	150422028	22829
chr3	150399199	150599199	harbor2	chr3	150480481	150480676	SINE/MIR	677	+	98	150480579	81380
chr3	179731060	179931060	harbor2	chr3	179737233	179737393	SINE/MIR	602	+	80	179737313	6253
chr3	179731060	179931060	harbor2	chr3	179757251	179757424	SINE/MIR	456	+	86	179757337	26277
chr3	179731060	179931060	harbor2	chr3	179785741	179785926	SINE/MIR	420	+	92	179785833	54773
chr3	179731060	179931060	harbor2	chr3	179787244	179787417	SINE/MIR	440	+	86	179787330	56270
chr3	179731060	179931060	harbor2	chr3	179790971	179791121	SINE/MIR	547	+	75	179791046	59986
chr3	179731060	179931060	harbor2	chr3	179822860	179823085	SINE/MIR	488	+	112	179822972	91912
chr3	179731060	179931060	harbor2	chr3	179825633	179825828	SINE/MIR	572	+	98	179825731	94671
chr3	179731060	179931060	harbor2	chr3	179829392	179829601	SINE/MIR	688	+	104	179829496	98436
chr3	179731060	179931060	harbor2	chr3	179748757	179748972	SINE/MIR	711	+	108	179748865	17805
chr3	157929982	158129982	harbor2	chr3	157930850	157930997	SINE/MIR	519	+	74	157930924	942
chr3	157929982	158129982	harbor2	chr3	157944808	157945061	SINE/MIR	892	+	126	157944934	14952
chr3	157929982	158129982	harbor2	chr3	157961336	157961595	SINE/MIR	824	+	130	157961466	31484
chr3	157929982	158129982	harbor2	chr3	157963725	157963821	SINE/MIR	502	+	48	157963773	33791
chr3	157929982	158129982	harbor2	chr3	157982935	157983155	SINE/MIR	659	+	110	157983045	53063
chr3	157929982	158129982	harbor2	chr3	157983672	157983898	SINE/MIR	412	+	113	157983785	53803
chr3	157929982	158129982	harbor2	chr3	157986957	157987094	SINE/MIR	479	+	68	157987025	57043
chr3	157929982	158129982	harbor2	chr3	158005189	158005385	SINE/MIR	637	+	98	158005287	75305
chr3	197645112	197845112	harbor2	chr3	197702109	197702350	SINE/MIR	548	+	120	197702229	57117
chr3	197645112	197845112	harbor2	chr3	197703793	197704017	SINE/MIR	429	+	112	197703905	58793
chr3	197645112	197845112	harbor2	chr3	197734421	197734644	SINE/MIR	798	+	112	197734533	89421
chr3	171183654	171383654	harbor2	chr3	171189528	171189768	SINE/MIR	855	+	120	171189648	5994
chr3	171183654	171383654	harbor2	chr3	171204823	171205072	SINE/MIR	624	+	124	171204947	21293
chr3	171183654	171383654	harbor2	chr3	171222245	171222451	SINE/MIR	675	+	103	171222348	38694
chr3	171183654	171383654	harbor2	chr3	171223518	171223762	SINE/MIR	684	+	122	171223640	39986
chr3	171183654	171383654	harbor2	chr3	171250599	171250827	SINE/MIR	565	+	114	171250713	67059
chr3	171183654	171383654	harbor2	chr3	171270720	171270922	SINE/MIR	820	+	101	171270821	87167
chr3	171183654	171383654	harbor2	chr3	171280305	171280556	SINE/MIR	615	+	126	171280431	96777
chr3	171183654	171383654	harbor2	chr3	171281368	171281625	SINE/MIR	708	+	128	171281496	97842
chr3	171183654	171383654	harbor2	chr3	171229034	171229246	SINE/MIR	634	+	106	171229140	45486
chr3	181791604	181991604	harbor2	chr3	181801953	181802179	SINE/MIR	563	+	113	181802066	10462
chr3	181791604	181991604	harbor2	chr3	181805780	181805982	SINE/MIR	602	+	101	181805881	14277
chr3	181791604	181991604	harbor2	chr3	181816857	181817030	SINE/MIR	564	+	86	181816943	25339
chr3	181791604	181991604	harbor2	chr3	181882163	181882354	SINE/MIR	565	+	96	181882259	90655
chr3	115948689	116148689	harbor2	chr3	115959535	115959775	SINE/MIR	695	+	120	115959655	10966
chr3	115948689	116148689	harbor2	chr3	115962421	115962654	SINE/MIR	531	+	116	115962537	13848
chr3	115948689	116148689	harbor2	chr3	116038090	116038305	SINE/MIR	549	+	108	116038198	89509
chr3	196753114	196953114	harbor2	chr3	196814015	196814251	SINE/MIR	630	+	118	196814133	61019
chr3	196753114	196953114	harbor2	chr3	196818765	196818950	SINE/MIR	663	+	92	196818857	65743
chr3	95925212	96125212	harbor2	chr3	95982476	95982724	SINE/MIR	516	+	124	95982600	57388
chr3	182004530	182204530	harbor2	chr3	182015920	182016079	SINE/MIR	428	+	80	182016000	11470
chr3	182004530	182204530	harbor2	chr3	182024232	182024388	SINE/MIR	421	+	78	182024310	19780
chr3	182004530	182204530	harbor2	chr3	182026761	182026927	SINE/MIR	438	+	83	182026844	22314
chr3	182004530	182204530	harbor2	chr3	182045337	182045548	SINE/MIR	406	+	106	182045443	40913
chr3	182004530	182204530	harbor2	chr3	182060575	182060816	SINE/MIR	497	+	120	182060695	56165
chr3	168725440	168925440	harbor2	chr3	168749041	168749260	SINE/MIR	512	+	110	168749151	23711
chr3	168725440	168925440	harbor2	chr3	168749701	168749962	SINE/MIR	718	+	130	168749831	24391
chr3	168725440	168925440	harbor2	chr3	168807721	168807958	SINE/MIR	500	+	118	168807839	82399
chr3	168725440	168925440	harbor2	chr3	168823791	168823975	SINE/MIR	451	+	92	168823883	98443
chr3	169246100	169446100	harbor2	chr3	169247901	169248118	SINE/MIR	490	+	108	169248009	1909
chr3	169246100	169446100	harbor2	chr3	169259842	169260058	SINE/MIR	767	+	108	169259950	13850
chr3	169246100	169446100	harbor2	chr3	169309713	169309906	SINE/MIR	481	+	96	169309809	63709
chr3	169246100	169446100	harbor2	chr3	169319636	169319818	SINE/MIR	500	+	91	169319727	73627
chr3	169246100	169446100	harbor2	chr3	169344489	169344635	SINE/MIR	518	+	73	169344562	98462
chr3	160681626	160881626	harbor2	chr3	160705101	160705314	SINE/MIR	548	+	106	160705207	23581
chr3	160681626	160881626	harbor2	chr3	160737223	160737488	SINE/MIR	812	+	132	160737355	55729
chr3	160681626	160881626	harbor2	chr3	160753067	160753265	SINE/MIR	410	+	99	160753166	71540
chr3	160681626	160881626	harbor2	chr3	160779276	160779451	SINE/MIR	473	+	88	160779364	97738
chr3	160681626	160881626	harbor2	chr3	160779454	160779525	SINE/MIR	695	+	36	160779490	97864
chr3	160681626	160881626	harbor2	chr3	160779832	160780025	SINE/MIR	695	+	96	160779928	98302
chr3	158289550	158489550	harbor2	chr3	158338769	158338988	SINE/MIR	390	+	110	158338879	49329
chr3	158289550	158489550	harbor2	chr3	158364446	158364666	SINE/MIR	771	+	110	158364556	75006
chr3	124459021	124659021	harbor2	chr3	124476229	124476472	SINE/MIR	675	+	122	124476351	17330
chr3	124459021	124659021	harbor2	chr3	124487439	124487582	SINE/MIR	448	+	72	124487511	28490
chr3	124459021	124659021	harbor2	chr3	124499268	124499406	SINE/MIR	420	+	69	124499337	40316
chr3	124459021	124659021	harbor2	chr3	124502487	124502688	SINE/MIR	458	+	100	124502587	43566
chr3	124459021	124659021	harbor2	chr3	124516246	124516487	SINE/MIR	804	+	120	124516366	57345
chr3	124459021	124659021	harbor2	chr3	124551874	124552110	SINE/MIR	610	+	118	124551992	92971
chr3	81566951	81766951	harbor2	chr3	81642152	81642342	SINE/MIR	446	+	95	81642247	75296
chr3	179747648	179947648	harbor2	chr3	179757251	179757424	SINE/MIR	456	+	86	179757337	9689
chr3	179747648	179947648	harbor2	chr3	179785741	179785926	SINE/MIR	420	+	92	179785833	38185
chr3	179747648	179947648	harbor2	chr3	179787244	179787417	SINE/MIR	440	+	86	179787330	39682
chr3	179747648	179947648	harbor2	chr3	179790971	179791121	SINE/MIR	547	+	75	179791046	43398
chr3	179747648	179947648	harbor2	chr3	179822860	179823085	SINE/MIR	488	+	112	179822972	75324
chr3	179747648	179947648	harbor2	chr3	179825633	179825828	SINE/MIR	572	+	98	179825731	78083
chr3	179747648	179947648	harbor2	chr3	179829392	179829601	SINE/MIR	688	+	104	179829496	81848
chr3	179747648	179947648	harbor2	chr3	179836156	179836315	SINE/MIR	558	+	80	179836236	88588
chr3	179747648	179947648	harbor2	chr3	179748757	179748972	SINE/MIR	711	+	108	179748865	1217
chr3	14648385	14848385	harbor2	chr3	14669603	14669846	SINE/MIR	472	+	122	14669725	21340
chr3	14648385	14848385	harbor2	chr3	14706655	14706781	SINE/MIR	409	+	63	14706718	58333
chr3	14648385	14848385	harbor2	chr3	14717040	14717282	SINE/MIR	499	+	121	14717161	68776
chr3	194806497	195006497	harbor2	chr3	194811546	194811710	SINE/MIR	568	+	82	194811628	5131
chr3	194806497	195006497	harbor2	chr3	194814621	194814832	SINE/MIR	551	+	106	194814727	8230
chr3	194806497	195006497	harbor2	chr3	194838266	194838477	SINE/MIR	715	+	106	194838372	31875
chr3	194806497	195006497	harbor2	chr3	194846716	194846919	SINE/MIR	486	+	102	194846818	40321
chr3	194806497	195006497	harbor2	chr3	194847826	194848071	SINE/MIR	402	+	122	194847948	41451
chr3	194806497	195006497	harbor2	chr3	194858385	194858575	SINE/MIR	496	+	95	194858480	51983
chr3	194806497	195006497	harbor2	chr3	194868370	194868479	SINE/MIR	489	+	54	194868424	61927
chr3	154694415	154894415	harbor2	chr3	154760772	154760960	SINE/MIR	878	+	94	154760866	66451
chr3	154694415	154894415	harbor2	chr3	154762693	154762931	SINE/MIR	398	+	119	154762812	68397
chr3	189896620	190096620	harbor2	chr3	189941828	189941936	SINE/MIR	433	+	54	189941882	45262
chr3	189896620	190096620	harbor2	chr3	189947973	189948146	SINE/MIR	541	+	86	189948059	51439
chr3	149677721	149877721	harbor2	chr3	149702334	149702464	SINE/MIR	614	+	65	149702399	24678
chr3	149677721	149877721	harbor2	chr3	149702494	149702613	SINE/MIR	614	+	60	149702554	24833
chr3	149677721	149877721	harbor2	chr3	149710356	149710548	SINE/MIR	590	+	96	149710452	32731
chr3	149677721	149877721	harbor2	chr3	149754747	149754915	SINE/MIR	406	+	84	149754831	77110
chr3	149677721	149877721	harbor2	chr3	149768444	149768560	SINE/MIR	520	+	58	149768502	90781
chr3	149677721	149877721	harbor2	chr3	149768843	149768991	SINE/MIR	520	+	74	149768917	91196
chr3	149677721	149877721	harbor2	chr3	149775352	149775498	SINE/MIR	421	+	73	149775425	97704
chr3	150858506	151058506	harbor2	chr3	150877930	150878175	SINE/MIR	450	+	122	150878052	19546
chr3	150858506	151058506	harbor2	chr3	150897981	150898166	SINE/MIR	549	+	92	150898073	39567
chr3	150858506	151058506	harbor2	chr3	150907538	150907670	SINE/MIR	585	+	66	150907604	49098
chr3	150858506	151058506	harbor2	chr3	150910894	150911060	SINE/MIR	541	+	83	150910977	52471
chr3	150858506	151058506	harbor2	chr3	150913662	150913782	SINE/MIR	412	+	60	150913722	55216
chr3	150858506	151058506	harbor2	chr3	150916322	150916506	SINE/MIR	420	+	92	150916414	57908
chr3	130950921	131150921	harbor2	chr3	130951259	130951486	SINE/MIR	506	+	114	130951373	452
chr3	130950921	131150921	harbor2	chr3	130955908	130956070	SINE/MIR	415	+	81	130955989	5068
chr3	130950921	131150921	harbor2	chr3	131000662	131000820	SINE/MIR	486	+	79	131000741	49820
chr3	130950921	131150921	harbor2	chr3	131001128	131001156	SINE/MIR	486	+	14	131001142	50221
chr3	130950921	131150921	harbor2	chr3	131023763	131023977	SINE/MIR	534	+	107	131023870	72949
chr3	184163860	184363860	harbor2	chr3	184165806	184166038	SINE/MIR	592	+	116	184165922	2062
chr3	184163860	184363860	harbor2	chr3	184167189	184167331	SINE/MIR	390	+	71	184167260	3400
chr3	184163860	184363860	harbor2	chr3	184173370	184173600	SINE/MIR	1222	+	115	184173485	9625
chr3	184163860	184363860	harbor2	chr3	184201148	184201314	SINE/MIR	642	+	83	184201231	37371
chr3	184163860	184363860	harbor2	chr3	184216211	184216458	SINE/MIR	655	+	124	184216335	52475
chr3	184163860	184363860	harbor2	chr3	184237817	184237988	SINE/MIR	447	+	86	184237903	74043
chr3	184163860	184363860	harbor2	chr3	184243048	184243371	SINE/MIR	564	+	162	184243210	79350
chr3	184163860	184363860	harbor2	chr3	184251733	184251947	SINE/MIR	450	+	107	184251840	87980
chr3	184163860	184363860	harbor2	chr3	184253516	184253668	SINE/MIR	689	+	76	184253592	89732
chr3	184163860	184363860	harbor2	chr3	184253970	184254069	SINE/MIR	689	+	50	184254020	90160
chr3	52564304	52764304	harbor2	chr3	52580684	52580893	SINE/MIR	752	+	104	52580788	16484
chr3	52564304	52764304	harbor2	chr3	52650964	52651187	SINE/MIR	1016	+	112	52651076	86772
chr3	127167106	127367106	harbor2	chr3	127173578	127173790	SINE/MIR	547	+	106	127173684	6578
chr3	120593500	120793500	harbor2	chr3	120596707	120596936	SINE/MIR	718	+	114	120596821	3321
chr3	120593500	120793500	harbor2	chr3	120607354	120607542	SINE/MIR	510	+	94	120607448	13948
chr3	120593500	120793500	harbor2	chr3	120637185	120637435	SINE/MIR	477	+	125	120637310	43810
chr3	120593500	120793500	harbor2	chr3	120644034	120644275	SINE/MIR	518	+	120	120644154	50654
chr3	120593500	120793500	harbor2	chr3	120681405	120681583	SINE/MIR	424	+	89	120681494	87994
chr3	13842048	14042048	harbor2	chr3	13844145	13844306	SINE/MIR	391	+	80	13844225	2177
chr3	13842048	14042048	harbor2	chr3	13846365	13846607	SINE/MIR	799	+	121	13846486	4438
chr3	13842048	14042048	harbor2	chr3	13855210	13855399	SINE/MIR	510	+	94	13855304	13256
chr3	13842048	14042048	harbor2	chr3	13856187	13856381	SINE/MIR	399	+	97	13856284	14236
chr3	13842048	14042048	harbor2	chr3	13857805	13857900	SINE/MIR	450	+	48	13857853	15805
chr3	13842048	14042048	harbor2	chr3	13858919	13859097	SINE/MIR	460	+	89	13859008	16960
chr3	13842048	14042048	harbor2	chr3	13859288	13859407	SINE/MIR	584	+	60	13859348	17300
chr3	13842048	14042048	harbor2	chr3	13862907	13863162	SINE/MIR	882	+	128	13863035	20987
chr3	13842048	14042048	harbor2	chr3	13877580	13877791	SINE/MIR	810	+	106	13877686	35638
chr3	13842048	14042048	harbor2	chr3	13885714	13885895	SINE/MIR	752	+	90	13885804	43756
chr3	13842048	14042048	harbor2	chr3	13888287	13888538	SINE/MIR	582	+	126	13888413	46365
chr3	13842048	14042048	harbor2	chr3	13891128	13891289	SINE/MIR	414	+	80	13891208	49160
chr3	13842048	14042048	harbor2	chr3	13891404	13891608	SINE/MIR	540	+	102	13891506	49458
chr3	13842048	14042048	harbor2	chr3	13937528	13937753	SINE/MIR	474	+	112	13937640	95592
chr3	181335743	181535743	harbor2	chr3	181336002	181336204	SINE/MIR	737	+	101	181336103	360
chr3	181335743	181535743	harbor2	chr3	181384473	181384707	SINE/MIR	432	+	117	181384590	48847
chr3	181335743	181535743	harbor2	chr3	181402682	181402827	SINE/MIR	590	+	72	181402754	67011
chr3	181335743	181535743	harbor2	chr3	181403124	181403167	SINE/MIR	590	+	22	181403146	67403
chr3	181335743	181535743	harbor2	chr3	181423319	181423544	SINE/MIR	608	+	112	181423431	87688
chr3	181335743	181535743	harbor2	chr3	181426067	181426278	SINE/MIR	721	+	106	181426173	90430
chr3	191945779	192145779	harbor2	chr3	191954357	191954556	SINE/MIR	420	+	100	191954457	8678
chr3	191945779	192145779	harbor2	chr3	191962357	191962532	SINE/MIR	588	+	88	191962445	16666
chr3	191945779	192145779	harbor2	chr3	191968950	191969180	SINE/MIR	448	+	115	191969065	23286
chr3	191945779	192145779	harbor2	chr3	192014156	192014378	SINE/MIR	488	+	111	192014267	68488
chr3	137762873	137962873	harbor2	chr3	137779482	137779755	SINE/MIR	625	+	136	137779618	16745
chr3	137762873	137962873	harbor2	chr3	137780628	137780828	SINE/MIR	467	+	100	137780728	17855
chr3	137762873	137962873	harbor2	chr3	137820842	137821016	SINE/MIR	480	+	87	137820929	58056
chr3	137762873	137962873	harbor2	chr3	137824793	137824958	SINE/MIR	487	+	82	137824875	62002
chr3	137762873	137962873	harbor2	chr3	137826138	137826291	SINE/MIR	405	+	76	137826214	63341
chr3	172192277	172392277	harbor2	chr3	172289774	172289960	SINE/MIR	486	+	93	172289867	97590
chr3	172192277	172392277	harbor2	chr3	172195779	172196015	SINE/MIR	620	+	118	172195897	3620
chr3	189000753	189200753	harbor2	chr3	189026869	189027084	SINE/MIR	409	+	108	189026977	26224
chr3	189000753	189200753	harbor2	chr3	189041344	189041461	SINE/MIR	480	+	58	189041402	40649
chr3	189000753	189200753	harbor2	chr3	189059050	189059186	SINE/MIR	607	+	68	189059118	58365
chr3	189000753	189200753	harbor2	chr3	189078708	189078901	SINE/MIR	494	+	96	189078804	78051
chr3	189000753	189200753	harbor2	chr3	189083477	189083635	SINE/MIR	570	+	79	189083556	82803
chr3	189000753	189200753	harbor2	chr3	189090956	189091171	SINE/MIR	619	+	108	189091064	90311
chr3	122674825	122874825	harbor2	chr3	122693361	122693556	SINE/MIR	810	+	98	122693459	18634
chr3	122674825	122874825	harbor2	chr3	122697879	122698086	SINE/MIR	798	+	104	122697983	23158
chr3	122674825	122874825	harbor2	chr3	122698539	122698770	SINE/MIR	741	+	116	122698655	23830
chr3	122674825	122874825	harbor2	chr3	122766733	122766937	SINE/MIR	526	+	102	122766835	92010
chr3	182921064	183121064	harbor2	chr3	182953424	182953624	SINE/MIR	658	+	100	182953524	32460
chr3	182921064	183121064	harbor2	chr3	182956414	182956637	SINE/MIR	569	+	112	182956526	35462
chr3	182921064	183121064	harbor2	chr3	182963169	182963309	SINE/MIR	439	+	70	182963239	42175
chr3	182921064	183121064	harbor2	chr3	182971043	182971262	SINE/MIR	636	+	110	182971153	50089
chr3	182921064	183121064	harbor2	chr3	182977191	182977338	SINE/MIR	391	+	74	182977265	56201
chr3	195390492	195590492	harbor2	chr3	195391563	195391698	SINE/MIR	553	+	68	195391631	1139
chr3	193190665	193390665	harbor2	chr3	193214447	193214560	SINE/MIR	710	+	56	193214503	23838
chr3	193190665	193390665	harbor2	chr3	193215068	193215214	SINE/MIR	710	+	73	193215141	24476
chr3	193190665	193390665	harbor2	chr3	193243630	193243791	SINE/MIR	642	+	80	193243710	53045
chr3	138919317	139119317	harbor2	chr3	138927019	138927199	SINE/MIR	423	+	90	138927109	7792
chr3	138919317	139119317	harbor2	chr3	138957610	138957837	SINE/MIR	851	+	114	138957724	38407
chr3	138919317	139119317	harbor2	chr3	138963517	138963742	SINE/MIR	437	+	112	138963629	44312
chr3	138919317	139119317	harbor2	chr3	138971583	138971721	SINE/MIR	467	+	69	138971652	52335
chr3	138919317	139119317	harbor2	chr3	138981919	138982191	SINE/MIR	755	+	136	138982055	62738
chr3	138919317	139119317	harbor2	chr3	138983372	138983584	SINE/MIR	665	+	106	138983478	64161
chr3	138919317	139119317	harbor2	chr3	138984197	138984374	SINE/MIR	538	+	88	138984285	64968
chr3	2267694	2467694	harbor2	chr3	2271384	2271547	SINE/MIR	521	+	82	2271466	3772
chr3	2267694	2467694	harbor2	chr3	2278639	2278868	SINE/MIR	538	+	114	2278753	11059
chr3	2267694	2467694	harbor2	chr3	2289350	2289523	SINE/MIR	529	+	86	2289436	21742
chr3	2267694	2467694	harbor2	chr3	2293219	2293373	SINE/MIR	459	+	77	2293296	25602
chr3	2267694	2467694	harbor2	chr3	2293444	2293641	SINE/MIR	886	+	98	2293542	25848
chr3	2267694	2467694	harbor2	chr3	2321243	2321415	SINE/MIR	497	+	86	2321329	53635
chr3	2267694	2467694	harbor2	chr3	2358238	2358389	SINE/MIR	513	+	76	2358314	90620
chr3	172834891	173034891	harbor2	chr3	172848451	172848635	SINE/MIR	404	+	92	172848543	13652
chr3	172834891	173034891	harbor2	chr3	172857601	172857774	SINE/MIR	479	+	86	172857687	22796
chr3	172834891	173034891	harbor2	chr3	172876952	172877184	SINE/MIR	583	+	116	172877068	42177
chr3	172834891	173034891	harbor2	chr3	172892227	172892422	SINE/MIR	504	+	98	172892325	57434
chr3	172834891	173034891	harbor2	chr3	172920097	172920303	SINE/MIR	492	+	103	172920200	85309
chr3	172834891	173034891	harbor2	chr3	172834814	172835040	SINE/MIR	652	+	113	172834927	36
chr3	186457632	186657632	harbor2	chr3	186502058	186502282	SINE/MIR	584	+	112	186502170	44538
chr3	186457632	186657632	harbor2	chr3	186507791	186507959	SINE/MIR	399	+	84	186507875	50243
chr3	186457632	186657632	harbor2	chr3	186520274	186520508	SINE/MIR	741	+	117	186520391	62759
chr3	186457632	186657632	harbor2	chr3	186532186	186532342	SINE/MIR	443	+	78	186532264	74632
chr3	186457632	186657632	harbor2	chr3	186538195	186538358	SINE/MIR	492	+	82	186538277	80645
chr3	186457632	186657632	harbor2	chr3	186553497	186553665	SINE/MIR	469	+	84	186553581	95949
chr3	183074128	183274128	harbor2	chr3	183122871	183123093	SINE/MIR	547	+	111	183122982	48854
chr3	183074128	183274128	harbor2	chr3	183124271	183124434	SINE/MIR	511	+	82	183124353	50225
chr3	183074128	183274128	harbor2	chr3	183160352	183160397	SINE/MIR	691	+	22	183160374	86246
chr3	183074128	183274128	harbor2	chr3	183160529	183160705	SINE/MIR	691	+	88	183160617	86489
chr3	183074128	183274128	harbor2	chr3	183160706	183160935	SINE/MIR	732	+	114	183160820	86692
chr3	169372861	169572861	harbor2	chr3	169406213	169406402	SINE/MIR	563	+	94	169406307	33446
chr3	169372861	169572861	harbor2	chr3	169408688	169408889	SINE/MIR	401	+	100	169408788	35927
chr3	169372861	169572861	harbor2	chr3	169422733	169422940	SINE/MIR	397	+	104	169422837	49976
chr3	169372861	169572861	harbor2	chr3	169429648	169429849	SINE/MIR	424	+	100	169429748	56887
chr3	169372861	169572861	harbor2	chr3	169465172	169465442	SINE/MIR	1033	+	135	169465307	92446
chr3	164735911	164935911	harbor2	chr3	164761430	164761611	SINE/MIR	492	+	90	164761520	25609
chr3	164735911	164935911	harbor2	chr3	164827975	164828183	SINE/MIR	654	+	104	164828079	92168
chr3	140575673	140775673	harbor2	chr3	140615295	140615457	SINE/MIR	478	+	81	140615376	39703
chr3	144365639	144565639	harbor2	chr3	144421758	144421998	SINE/MIR	588	+	120	144421878	56239
chr3	144365639	144565639	harbor2	chr3	144430216	144430366	SINE/MIR	435	+	75	144430291	64652
chr3	144365639	144565639	harbor2	chr3	144430469	144430604	SINE/MIR	415	+	68	144430537	64898
chr3	86763365	86963365	harbor2	chr3	86852548	86852762	SINE/MIR	752	+	107	86852655	89290
chr3	181055847	181255847	harbor2	chr3	181088646	181088819	SINE/MIR	609	+	86	181088732	32885
chr3	181055847	181255847	harbor2	chr3	181107643	181107877	SINE/MIR	968	+	117	181107760	51913
chr3	181055847	181255847	harbor2	chr3	181114243	181114485	SINE/MIR	783	+	121	181114364	58517
chr3	181055847	181255847	harbor2	chr3	181155628	181155835	SINE/MIR	664	+	104	181155732	99885
chr3	146525067	146725067	harbor2	chr3	146528234	146528387	SINE/MIR	482	+	76	146528310	3243
chr3	146525067	146725067	harbor2	chr3	146531908	146532051	SINE/MIR	477	+	72	146531980	6913
chr3	146525067	146725067	harbor2	chr3	146549819	146550021	SINE/MIR	618	+	101	146549920	24853
chr3	167464650	167664650	harbor2	chr3	167469850	167469977	SINE/MIR	396	+	64	167469914	5264
chr3	167464650	167664650	harbor2	chr3	167492352	167492527	SINE/MIR	466	+	88	167492440	27790
chr3	167464650	167664650	harbor2	chr3	167508289	167508540	SINE/MIR	863	+	126	167508415	43765
chr3	167464650	167664650	harbor2	chr3	167527117	167527373	SINE/MIR	864	+	128	167527245	62595
chr3	167464650	167664650	harbor2	chr3	167533235	167533460	SINE/MIR	683	+	112	167533347	68697
chr3	167464650	167664650	harbor2	chr3	167551534	167551690	SINE/MIR	439	+	78	167551612	86962
chr3	167464650	167664650	harbor2	chr3	167562670	167562941	SINE/MIR	754	+	136	167562806	98156
chr3	77059245	77259245	harbor2	chr3	77147198	77147430	SINE/MIR	566	+	116	77147314	88069
chr3	176320770	176520770	harbor2	chr3	176377654	176377828	SINE/MIR	462	+	87	176377741	56971
chr3	176320770	176520770	harbor2	chr3	176380726	176380863	SINE/MIR	668	+	68	176380794	60024
chr3	173608339	173808339	harbor2	chr3	173656925	173657065	SINE/MIR	396	+	70	173656995	48656
chr3	173608339	173808339	harbor2	chr3	173663072	173663247	SINE/MIR	587	+	88	173663160	54821
chr3	173608339	173808339	harbor2	chr3	173681641	173681861	SINE/MIR	444	+	110	173681751	73412
chr3	173608339	173808339	harbor2	chr3	173707272	173707497	SINE/MIR	391	+	112	173707384	99045
chr3	64021949	64221949	harbor2	chr3	64037922	64038128	SINE/MIR	589	+	103	64038025	16076
chr3	64021949	64221949	harbor2	chr3	64111026	64111251	SINE/MIR	483	+	112	64111138	89189
chr3	192373076	192573076	harbor2	chr3	192422212	192422360	SINE/MIR	448	+	74	192422286	49210
chr3	192373076	192573076	harbor2	chr3	192426120	192426290	SINE/MIR	487	+	85	192426205	53129
chr3	192373076	192573076	harbor2	chr3	192441330	192441464	SINE/MIR	482	+	67	192441397	68321
chr3	192373076	192573076	harbor2	chr3	192467224	192467379	SINE/MIR	442	+	78	192467302	94226
chr4	124208264	124408264	harbor2	chr4	124230019	124230193	SINE/MIR	437	+	87	124230106	21842
chr4	124208264	124408264	harbor2	chr4	124251741	124251986	SINE/MIR	736	+	122	124251863	43599
chr4	177470228	177670228	harbor2	chr4	177484466	177484682	SINE/MIR	691	+	108	177484574	14346
chr4	177470228	177670228	harbor2	chr4	177490584	177490784	SINE/MIR	623	+	100	177490684	20456
chr4	177470228	177670228	harbor2	chr4	177552333	177552440	SINE/MIR	662	+	54	177552387	82159
chr4	177470228	177670228	harbor2	chr4	177552753	177552903	SINE/MIR	662	+	75	177552828	82600
chr4	111493042	111693042	harbor2	chr4	111542936	111543170	SINE/MIR	862	+	117	111543053	50011
chr4	183412328	183612328	harbor2	chr4	183478640	183478821	SINE/MIR	424	+	90	183478730	66402
chr4	177551851	177751851	harbor2	chr4	177552333	177552440	SINE/MIR	662	+	54	177552387	536
chr4	177551851	177751851	harbor2	chr4	177552753	177552903	SINE/MIR	662	+	75	177552828	977
chr4	177551851	177751851	harbor2	chr4	177579358	177579583	SINE/MIR	438	+	112	177579470	27619
chr4	177551851	177751851	harbor2	chr4	177611136	177611241	SINE/MIR	471	+	52	177611188	59337
chr4	177551851	177751851	harbor2	chr4	177611378	177611481	SINE/MIR	471	+	52	177611430	59579
chr4	177551851	177751851	harbor2	chr4	177613690	177613917	SINE/MIR	438	+	114	177613804	61953
chr4	182403966	182603966	harbor2	chr4	182445170	182445375	SINE/MIR	425	+	102	182445272	41306
chr4	62114084	62314084	harbor2	chr4	62116859	62117077	SINE/MIR	487	+	109	62116968	2884
chr4	62114084	62314084	harbor2	chr4	62122574	62122731	SINE/MIR	514	+	78	62122652	8568
chr4	62114084	62314084	harbor2	chr4	62189000	62189204	SINE/MIR	545	+	102	62189102	75018
chr4	144269383	144469383	harbor2	chr4	144295863	144296044	SINE/MIR	582	+	90	144295953	26570
chr4	144269383	144469383	harbor2	chr4	144299293	144299508	SINE/MIR	727	+	108	144299401	30018
chr4	144269383	144469383	harbor2	chr4	144359630	144359755	SINE/MIR	491	+	62	144359692	90309
chr4	44473915	44673915	harbor2	chr4	44488696	44488874	SINE/MIR	509	+	89	44488785	14870
chr4	44473915	44673915	harbor2	chr4	44540643	44540807	SINE/MIR	522	+	82	44540725	66810
chr4	44473915	44673915	harbor2	chr4	44554398	44554583	SINE/MIR	439	+	92	44554490	80575
chr4	73676317	73876317	harbor2	chr4	73721674	73721894	SINE/MIR	972	+	110	73721784	45467
chr4	73676317	73876317	harbor2	chr4	73730722	73730948	SINE/MIR	555	+	113	73730835	54518
chr4	73676317	73876317	harbor2	chr4	73732707	73732892	SINE/MIR	520	+	92	73732799	56482
chr4	76774114	76974114	harbor2	chr4	76813162	76813353	SINE/MIR	500	+	96	76813258	39144
chr4	76774114	76974114	harbor2	chr4	76813632	76813699	SINE/MIR	500	+	34	76813666	39552
chr4	76774114	76974114	harbor2	chr4	76823689	76823898	SINE/MIR	826	+	104	76823793	49679
chr4	76774114	76974114	harbor2	chr4	76847974	76848216	SINE/MIR	790	+	121	76848095	73981
chr4	76774114	76974114	harbor2	chr4	76856070	76856188	SINE/MIR	422	+	59	76856129	82015
chr4	173361095	173561095	harbor2	chr4	173384955	173385130	SINE/MIR	588	+	88	173385043	23948
chr4	164638326	164838326	harbor2	chr4	164644519	164644706	SINE/MIR	683	+	94	164644613	6287
chr4	164638326	164838326	harbor2	chr4	164647374	164647616	SINE/MIR	776	+	121	164647495	9169
chr4	164638326	164838326	harbor2	chr4	164648587	164648797	SINE/MIR	434	+	105	164648692	10366
chr4	164638326	164838326	harbor2	chr4	164685073	164685324	SINE/MIR	611	+	126	164685199	46873
chr4	164638326	164838326	harbor2	chr4	164686599	164686749	SINE/MIR	513	+	75	164686674	48348
chr4	164638326	164838326	harbor2	chr4	164722995	164723143	SINE/MIR	607	+	74	164723069	84743
chr4	182479447	182679447	harbor2	chr4	182508001	182508222	SINE/MIR	771	+	110	182508111	28664
chr4	182479447	182679447	harbor2	chr4	182535824	182535946	SINE/MIR	490	+	61	182535885	56438
chr4	176958474	177158474	harbor2	chr4	176987684	176987896	SINE/MIR	666	+	106	176987790	29316
chr4	176958474	177158474	harbor2	chr4	177046471	177046644	SINE/MIR	477	+	86	177046557	88083
chr4	148612420	148812420	harbor2	chr4	148646822	148646980	SINE/MIR	493	+	79	148646901	34481
chr4	148612420	148812420	harbor2	chr4	148679423	148679617	SINE/MIR	501	+	97	148679520	67100
chr4	129543363	129743363	harbor2	chr4	129596410	129596628	SINE/MIR	643	+	109	129596519	53156
chr4	73135446	73335446	harbor2	chr4	73160909	73161143	SINE/MIR	744	+	117	73161026	25580
chr4	146499401	146699401	harbor2	chr4	146549640	146549802	SINE/MIR	471	+	81	146549721	50320
chr4	146499401	146699401	harbor2	chr4	146588848	146589024	SINE/MIR	658	+	88	146588936	89535
chr4	187475114	187675114	harbor2	chr4	187503490	187503668	SINE/MIR	579	+	89	187503579	28465
chr4	187475114	187675114	harbor2	chr4	187503749	187503806	SINE/MIR	579	+	28	187503777	28663
chr4	187475114	187675114	harbor2	chr4	187558311	187558521	SINE/MIR	525	+	105	187558416	83302
chr4	154351076	154551076	harbor2	chr4	154360002	154360207	SINE/MIR	432	+	102	154360104	9028
chr4	154351076	154551076	harbor2	chr4	154429798	154430026	SINE/MIR	703	+	114	154429912	78836
chr4	172198149	172398149	harbor2	chr4	172207614	172207861	SINE/MIR	579	+	124	172207738	9589
chr4	172198149	172398149	harbor2	chr4	172275348	172275578	SINE/MIR	818	+	115	172275463	77314
chr4	96488286	96688286	harbor2	chr4	96523234	96523400	SINE/MIR	565	+	83	96523317	35031
chr4	96488286	96688286	harbor2	chr4	96545813	96546047	SINE/MIR	646	+	117	96545930	57644
chr4	140941023	141141023	harbor2	chr4	140955350	140955538	SINE/MIR	519	+	94	140955444	14421
chr4	140941023	141141023	harbor2	chr4	140964197	140964428	SINE/MIR	798	+	116	140964313	23290
chr4	140941023	141141023	harbor2	chr4	140996423	140996645	SINE/MIR	589	+	111	140996534	55511
chr4	140941023	141141023	harbor2	chr4	141009329	141009619	SINE/MIR	533	+	145	141009474	68451
chr4	172661969	172861969	harbor2	chr4	172708435	172708687	SINE/MIR	735	+	126	172708561	46592
chr4	172661969	172861969	harbor2	chr4	172723304	172723511	SINE/MIR	421	+	104	172723408	61439
chr4	172661969	172861969	harbor2	chr4	172725880	172725988	SINE/MIR	449	+	54	172725934	63965
chr4	172661969	172861969	harbor2	chr4	172746163	172746325	SINE/MIR	493	+	81	172746244	84275
chr4	180487785	180687785	harbor2	chr4	180517695	180517799	SINE/MIR	486	+	52	180517747	29962
chr4	180487785	180687785	harbor2	chr4	180518125	180518277	SINE/MIR	486	+	76	180518201	30416
chr4	180487785	180687785	harbor2	chr4	180526326	180526486	SINE/MIR	477	+	80	180526406	38621
chr4	180487785	180687785	harbor2	chr4	180541239	180541395	SINE/MIR	484	+	78	180541317	53532
chr4	187685066	187885066	harbor2	chr4	187691554	187691779	SINE/MIR	669	+	112	187691666	6600
chr4	187685066	187885066	harbor2	chr4	187700486	187700696	SINE/MIR	463	+	105	187700591	15525
chr4	111182672	111382672	harbor2	chr4	111200315	111200528	SINE/MIR	418	+	106	111200421	17749
chr4	111182672	111382672	harbor2	chr4	111202144	111202373	SINE/MIR	510	+	114	111202258	19586
chr4	111182672	111382672	harbor2	chr4	111203298	111203571	SINE/MIR	493	+	136	111203434	20762
chr4	111182672	111382672	harbor2	chr4	111219838	111219984	SINE/MIR	493	+	73	111219911	37239
chr4	111182672	111382672	harbor2	chr4	111267599	111267860	SINE/MIR	810	+	130	111267729	85057
chr4	111182672	111382672	harbor2	chr4	111272055	111272251	SINE/MIR	658	+	98	111272153	89481
chr4	111182672	111382672	harbor2	chr4	111279886	111280082	SINE/MIR	502	+	98	111279984	97312
chr4	86720220	86920220	harbor2	chr4	86736689	86736826	SINE/MIR	510	+	68	86736757	16537
chr4	86720220	86920220	harbor2	chr4	86747180	86747421	SINE/MIR	762	+	120	86747300	27080
chr4	86720220	86920220	harbor2	chr4	86759387	86759601	SINE/MIR	419	+	107	86759494	39274
chr4	86720220	86920220	harbor2	chr4	86759621	86759875	SINE/MIR	683	+	127	86759748	39528
chr4	86720220	86920220	harbor2	chr4	86764206	86764403	SINE/MIR	577	+	98	86764304	44084
chr4	86720220	86920220	harbor2	chr4	86773103	86773351	SINE/MIR	792	+	124	86773227	53007
chr4	155739217	155939217	harbor2	chr4	155832220	155832417	SINE/MIR	434	+	98	155832318	93101
chr4	130164162	130364162	harbor2	chr4	130175781	130176028	SINE/MIR	415	+	124	130175905	11743
chr4	130164162	130364162	harbor2	chr4	130182655	130182794	SINE/MIR	525	+	70	130182725	18563
chr4	130164162	130364162	harbor2	chr4	130187870	130188090	SINE/MIR	441	+	110	130187980	23818
chr4	130164162	130364162	harbor2	chr4	130214996	130215228	SINE/MIR	653	+	116	130215112	50950
chr4	130164162	130364162	harbor2	chr4	130250599	130250833	SINE/MIR	437	+	117	130250716	86554
chr4	176514013	176714013	harbor2	chr4	176528680	176528916	SINE/MIR	560	+	118	176528798	14785
chr4	176514013	176714013	harbor2	chr4	176548796	176548998	SINE/MIR	589	+	101	176548897	34884
chr4	176514013	176714013	harbor2	chr4	176608737	176608954	SINE/MIR	598	+	108	176608845	94832
chr4	173641364	173841364	harbor2	chr4	173669472	173669705	SINE/MIR	694	+	116	173669588	28224
chr4	135085562	135285562	harbor2	chr4	135144690	135144900	SINE/MIR	551	+	105	135144795	59233
chr4	124573540	124773540	harbor2	chr4	124652689	124652886	SINE/MIR	669	+	98	124652787	79247
chr4	83076091	83276091	harbor2	chr4	83104430	83104635	SINE/MIR	454	+	102	83104532	28441
chr4	83076091	83276091	harbor2	chr4	83116256	83116444	SINE/MIR	605	+	94	83116350	40259
chr4	83076091	83276091	harbor2	chr4	83161201	83161285	SINE/MIR	426	+	42	83161243	85152
chr4	83076091	83276091	harbor2	chr4	83161599	83161673	SINE/MIR	426	+	37	83161636	85545
chr4	83076091	83276091	harbor2	chr4	83162357	83162594	SINE/MIR	807	+	118	83162475	86384
chr4	101491315	101691315	harbor2	chr4	101513144	101513357	SINE/MIR	496	+	106	101513250	21935
chr4	101491315	101691315	harbor2	chr4	101529038	101529219	SINE/MIR	440	+	90	101529128	37813
chr4	101491315	101691315	harbor2	chr4	101541218	101541437	SINE/MIR	578	+	110	101541328	50013
chr4	78043274	78243274	harbor2	chr4	78054203	78054383	SINE/MIR	615	+	90	78054293	11019
chr4	78043274	78243274	harbor2	chr4	78069452	78069674	SINE/MIR	444	+	111	78069563	26289
chr4	78043274	78243274	harbor2	chr4	78070804	78070967	SINE/MIR	521	+	82	78070886	27612
chr4	78043274	78243274	harbor2	chr4	78075549	78075743	SINE/MIR	509	+	97	78075646	32372
chr4	78043274	78243274	harbor2	chr4	78094777	78094944	SINE/MIR	707	+	84	78094861	51587
chr4	78043274	78243274	harbor2	chr4	78137724	78137965	SINE/MIR	657	+	120	78137844	94570
chr4	78043274	78243274	harbor2	chr4	78138592	78138818	SINE/MIR	527	+	113	78138705	95431
chr4	78043274	78243274	harbor2	chr4	78140416	78140541	SINE/MIR	490	+	62	78140478	97204
chr4	73048892	73248892	harbor2	chr4	73059248	73059462	SINE/MIR	821	+	107	73059355	10463
chr4	73048892	73248892	harbor2	chr4	73059527	73059772	SINE/MIR	1143	+	122	73059649	10757
chr4	73048892	73248892	harbor2	chr4	73062881	73063020	SINE/MIR	417	+	70	73062951	14059
chr4	73048892	73248892	harbor2	chr4	73131626	73131834	SINE/MIR	757	+	104	73131730	82838
chr4	73048892	73248892	harbor2	chr4	73133859	73134062	SINE/MIR	480	+	102	73133961	85069
chr4	185070158	185270158	harbor2	chr4	185074720	185074919	SINE/MIR	454	+	100	185074820	4662
chr4	185070158	185270158	harbor2	chr4	185076979	185077137	SINE/MIR	455	+	79	185077058	6900
chr4	185070158	185270158	harbor2	chr4	185080665	185080812	SINE/MIR	594	+	74	185080739	10581
chr4	185070158	185270158	harbor2	chr4	185085444	185085654	SINE/MIR	465	+	105	185085549	15391
chr4	185070158	185270158	harbor2	chr4	185091377	185091590	SINE/MIR	490	+	106	185091483	21325
chr4	185070158	185270158	harbor2	chr4	185101574	185101803	SINE/MIR	671	+	114	185101688	31530
chr4	185070158	185270158	harbor2	chr4	185104596	185104745	SINE/MIR	707	+	74	185104670	34512
chr4	185070158	185270158	harbor2	chr4	185114858	185115041	SINE/MIR	631	+	92	185114950	44792
chr4	156528381	156728381	harbor2	chr4	156591595	156591846	SINE/MIR	556	+	126	156591721	63340
chr4	156528381	156728381	harbor2	chr4	156595265	156595495	SINE/MIR	593	+	115	156595380	66999
chr4	175451337	175651337	harbor2	chr4	175520786	175521019	SINE/MIR	426	+	116	175520902	69565
chr4	175451337	175651337	harbor2	chr4	175527480	175527673	SINE/MIR	624	+	96	175527576	76239
chr4	47831467	48031467	harbor2	chr4	47856136	47856299	SINE/MIR	542	+	82	47856218	24751
chr4	47831467	48031467	harbor2	chr4	47890323	47890522	SINE/MIR	453	+	100	47890423	58956
chr4	147697520	147897520	harbor2	chr4	147738121	147738269	SINE/MIR	425	+	74	147738195	40675
chr4	147697520	147897520	harbor2	chr4	147738553	147738640	SINE/MIR	425	+	44	147738597	41077
chr4	147697520	147897520	harbor2	chr4	147743415	147743494	SINE/MIR	485	+	40	147743455	45935
chr4	147697520	147897520	harbor2	chr4	147773947	147774186	SINE/MIR	1042	+	120	147774067	76547
chr4	147060843	147260843	harbor2	chr4	147064088	147064307	SINE/MIR	584	+	110	147064198	3355
chr4	147060843	147260843	harbor2	chr4	147159172	147159392	SINE/MIR	534	+	110	147159282	98439
chr5	169371166	169571166	harbor2	chr5	169389295	169389494	SINE/MIR	414	+	100	169389395	18229
chr5	169371166	169571166	harbor2	chr5	169393763	169394003	SINE/MIR	765	+	120	169393883	22717
chr5	169371166	169571166	harbor2	chr5	169417466	169417584	SINE/MIR	498	+	59	169417525	46359
chr5	169371166	169571166	harbor2	chr5	169425438	169425593	SINE/MIR	531	+	78	169425516	54350
chr5	169371166	169571166	harbor2	chr5	169427939	169428116	SINE/MIR	595	+	88	169428027	56861
chr5	169371166	169571166	harbor2	chr5	169428915	169428954	SINE/MIR	531	+	20	169428935	57769
chr5	169371166	169571166	harbor2	chr5	169429404	169429615	SINE/MIR	481	+	106	169429510	58344
chr5	124439845	124639845	harbor2	chr5	124443530	124443699	SINE/MIR	439	+	84	124443614	3769
chr5	124439845	124639845	harbor2	chr5	124470955	124471212	SINE/MIR	580	+	128	124471083	31238
chr5	124439845	124639845	harbor2	chr5	124472072	124472210	SINE/MIR	414	+	69	124472141	32296
chr5	124439845	124639845	harbor2	chr5	124475905	124476131	SINE/MIR	567	+	113	124476018	36173
chr5	124439845	124639845	harbor2	chr5	124509010	124509191	SINE/MIR	679	+	90	124509100	69255
chr5	124439845	124639845	harbor2	chr5	124517690	124517863	SINE/MIR	511	+	86	124517776	77931
chr5	177328908	177528908	harbor2	chr5	177350849	177351035	SINE/MIR	560	+	93	177350942	22034
chr5	177328908	177528908	harbor2	chr5	177355188	177355333	SINE/MIR	498	+	72	177355260	26352
chr5	177328908	177528908	harbor2	chr5	177358873	177359090	SINE/MIR	414	+	108	177358981	30073
chr5	177328908	177528908	harbor2	chr5	177361493	177361738	SINE/MIR	772	+	122	177361615	32707
chr5	177328908	177528908	harbor2	chr5	177406633	177406716	SINE/MIR	555	+	42	177406675	77767
chr5	177328908	177528908	harbor2	chr5	177407305	177407408	SINE/MIR	555	+	52	177407357	78449
chr5	165170376	165370376	harbor2	chr5	165243258	165243489	SINE/MIR	536	+	116	165243374	72998
chr5	168449915	168649915	harbor2	chr5	168454323	168454474	SINE/MIR	628	+	76	168454399	4484
chr5	148136332	148336332	harbor2	chr5	148136584	148136713	SINE/MIR	411	+	64	148136648	316
chr5	148136332	148336332	harbor2	chr5	148140263	148140501	SINE/MIR	741	+	119	148140382	4050
chr5	148136332	148336332	harbor2	chr5	148186779	148186971	SINE/MIR	391	+	96	148186875	50543
chr5	148136332	148336332	harbor2	chr5	148206288	148206484	SINE/MIR	514	+	98	148206386	70054
chr5	148136332	148336332	harbor2	chr5	148216682	148216929	SINE/MIR	672	+	124	148216806	80474
chr5	181364939	181564939	harbor2	chr5	181365335	181365466	SINE/MIR	415	+	66	181365401	462
chr5	181364939	181564939	harbor2	chr5	181419111	181419255	SINE/MIR	527	+	72	181419183	54244
chr5	147475542	147675542	harbor2	chr5	147481109	147481342	SINE/MIR	546	+	116	147481225	5683
chr5	147475542	147675542	harbor2	chr5	147485691	147485912	SINE/MIR	403	+	110	147485801	10259
chr5	147475542	147675542	harbor2	chr5	147489353	147489572	SINE/MIR	454	+	110	147489463	13921
chr5	147475542	147675542	harbor2	chr5	147505918	147506038	SINE/MIR	466	+	60	147505978	30436
chr5	147475542	147675542	harbor2	chr5	147522267	147522506	SINE/MIR	894	+	120	147522387	46845
chr5	147475542	147675542	harbor2	chr5	147534042	147534194	SINE/MIR	515	+	76	147534118	58576
chr5	147475542	147675542	harbor2	chr5	147534379	147534606	SINE/MIR	695	+	114	147534493	58951
chr5	147475542	147675542	harbor2	chr5	147541149	147541297	SINE/MIR	409	+	74	147541223	65681
chr5	147475542	147675542	harbor2	chr5	147546254	147546401	SINE/MIR	533	+	74	147546328	70786
chr5	147475542	147675542	harbor2	chr5	147572414	147572603	SINE/MIR	390	+	94	147572508	96966
chr5	147475542	147675542	harbor2	chr5	147575270	147575401	SINE/MIR	482	+	66	147575336	99794
chr5	45600664	45800664	harbor2	chr5	45630250	45630480	SINE/MIR	682	+	115	45630365	29701
chr5	45600664	45800664	harbor2	chr5	45643565	45643817	SINE/MIR	737	+	126	45643691	43027
chr5	45600664	45800664	harbor2	chr5	45679126	45679348	SINE/MIR	639	+	111	45679237	78573
chr5	15948365	16148365	harbor2	chr5	16000008	16000223	SINE/MIR	573	+	108	16000116	51751
chr5	15948365	16148365	harbor2	chr5	16014156	16014331	SINE/MIR	403	+	88	16014244	65879
chr5	15948365	16148365	harbor2	chr5	16022229	16022436	SINE/MIR	714	+	104	16022333	73968
chr5	15948365	16148365	harbor2	chr5	16027450	16027641	SINE/MIR	728	+	96	16027546	79181
chr5	15948365	16148365	harbor2	chr5	16038372	16038540	SINE/MIR	544	+	84	16038456	90091
chr5	163108959	163308959	harbor2	chr5	163134216	163134406	SINE/MIR	549	+	95	163134311	25352
chr5	163108959	163308959	harbor2	chr5	163188259	163188497	SINE/MIR	628	+	119	163188378	79419
chr5	163108959	163308959	harbor2	chr5	163197180	163197349	SINE/MIR	402	+	84	163197264	88305
chr5	112464181	112664181	harbor2	chr5	112537920	112538125	SINE/MIR	626	+	102	112538022	73841
chr5	112464181	112664181	harbor2	chr5	112538329	112538464	SINE/MIR	508	+	68	112538397	74216
chr5	113429064	113629064	harbor2	chr5	113432361	113432567	SINE/MIR	569	+	103	113432464	3400
chr5	113429064	113629064	harbor2	chr5	113439673	113439852	SINE/MIR	589	+	90	113439763	10699
chr5	113429064	113629064	harbor2	chr5	113476949	113477185	SINE/MIR	606	+	118	113477067	48003
chr5	113429064	113629064	harbor2	chr5	113489230	113489349	SINE/MIR	388	+	60	113489290	60226
chr5	113429064	113629064	harbor2	chr5	113527063	113527262	SINE/MIR	436	+	100	113527163	98099
chr5	128746720	128946720	harbor2	chr5	128753406	128753657	SINE/MIR	657	+	126	128753532	6812
chr5	128746720	128946720	harbor2	chr5	128765318	128765427	SINE/MIR	513	+	54	128765372	18652
chr5	128746720	128946720	harbor2	chr5	128767041	128767256	SINE/MIR	543	+	108	128767149	20429
chr5	128746720	128946720	harbor2	chr5	128770261	128770461	SINE/MIR	659	+	100	128770361	23641
chr5	128746720	128946720	harbor2	chr5	128801616	128801814	SINE/MIR	548	+	99	128801715	54995
chr5	128746720	128946720	harbor2	chr5	128825884	128826054	SINE/MIR	685	+	85	128825969	79249
chr5	159305169	159505169	harbor2	chr5	159317190	159317385	SINE/MIR	731	+	98	159317288	12119
chr5	159305169	159505169	harbor2	chr5	159320034	159320271	SINE/MIR	667	+	118	159320152	14983
chr5	159305169	159505169	harbor2	chr5	159323719	159323974	SINE/MIR	728	+	128	159323847	18678
chr5	159305169	159505169	harbor2	chr5	159324577	159324807	SINE/MIR	589	+	115	159324692	19523
chr5	159305169	159505169	harbor2	chr5	159325598	159325798	SINE/MIR	809	+	100	159325698	20529
chr5	159305169	159505169	harbor2	chr5	159328320	159328497	SINE/MIR	509	+	88	159328408	23239
chr5	159305169	159505169	harbor2	chr5	159329251	159329447	SINE/MIR	422	+	98	159329349	24180
chr5	159305169	159505169	harbor2	chr5	159332528	159332745	SINE/MIR	577	+	108	159332636	27467
chr5	159305169	159505169	harbor2	chr5	159339815	159339980	SINE/MIR	627	+	82	159339897	34728
chr5	159305169	159505169	harbor2	chr5	159356783	159356918	SINE/MIR	496	+	68	159356851	51682
chr5	159305169	159505169	harbor2	chr5	159395613	159395858	SINE/MIR	481	+	122	159395735	90566
chr5	159305169	159505169	harbor2	chr5	159317888	159318040	SINE/MIR	555	+	76	159317964	12795
chr5	168340798	168540798	harbor2	chr5	168344330	168344549	SINE/MIR	531	+	110	168344440	3642
chr5	168340798	168540798	harbor2	chr5	168345855	168345972	SINE/MIR	433	+	58	168345913	5115
chr5	168340798	168540798	harbor2	chr5	168352439	168352586	SINE/MIR	803	+	74	168352513	11715
chr5	168340798	168540798	harbor2	chr5	168352884	168353017	SINE/MIR	803	+	66	168352950	12152
chr5	168340798	168540798	harbor2	chr5	168358553	168358680	SINE/MIR	549	+	64	168358617	17819
chr5	168340798	168540798	harbor2	chr5	168362210	168362325	SINE/MIR	425	+	58	168362268	21470
chr5	168340798	168540798	harbor2	chr5	168384162	168384324	SINE/MIR	787	+	81	168384243	43445
chr5	168340798	168540798	harbor2	chr5	168390028	168390282	SINE/MIR	871	+	127	168390155	49357
chr5	168340798	168540798	harbor2	chr5	168421645	168421818	SINE/MIR	449	+	86	168421731	80933
chr5	168340798	168540798	harbor2	chr5	168432078	168432303	SINE/MIR	639	+	112	168432190	91392
chr5	175697009	175897009	harbor2	chr5	175698321	175698565	SINE/MIR	502	+	122	175698443	1434
chr5	175697009	175897009	harbor2	chr5	175746104	175746236	SINE/MIR	488	+	66	175746170	49161
chr5	175697009	175897009	harbor2	chr5	175753522	175753709	SINE/MIR	640	+	94	175753616	56607
chr5	175697009	175897009	harbor2	chr5	175773688	175773881	SINE/MIR	473	+	96	175773784	76775
chr5	175697009	175897009	harbor2	chr5	175773929	175774147	SINE/MIR	518	+	109	175774038	77029
chr5	175697009	175897009	harbor2	chr5	175774839	175775059	SINE/MIR	616	+	110	175774949	77940
chr5	175697009	175897009	harbor2	chr5	175778419	175778662	SINE/MIR	664	+	122	175778541	81532
chr5	175697009	175897009	harbor2	chr5	175779329	175779480	SINE/MIR	555	+	76	175779405	82396
chr5	175697009	175897009	harbor2	chr5	175794110	175794327	SINE/MIR	546	+	108	175794218	97209
chr5	175697009	175897009	harbor2	chr5	175794545	175794683	SINE/MIR	474	+	69	175794614	97605
chr5	106859988	107059988	harbor2	chr5	106891455	106891602	SINE/MIR	497	+	74	106891529	31541
chr5	133577924	133777924	harbor2	chr5	133589797	133590022	SINE/MIR	510	+	112	133589909	11985
chr5	133577924	133777924	harbor2	chr5	133604077	133604255	SINE/MIR	588	+	89	133604166	26242
chr5	133577924	133777924	harbor2	chr5	133636508	133636702	SINE/MIR	838	+	97	133636605	58681
chr5	133577924	133777924	harbor2	chr5	133660944	133660981	SINE/MIR	553	+	18	133660962	83038
chr5	133577924	133777924	harbor2	chr5	133661290	133661480	SINE/MIR	553	+	95	133661385	83461
chr5	107786803	107986803	harbor2	chr5	107790664	107790771	SINE/MIR	459	+	54	107790718	3915
chr5	107786803	107986803	harbor2	chr5	107819100	107819227	SINE/MIR	551	+	64	107819164	32361
chr5	107786803	107986803	harbor2	chr5	107823452	107823560	SINE/MIR	785	+	54	107823506	36703
chr5	107786803	107986803	harbor2	chr5	107823922	107824068	SINE/MIR	785	+	73	107823995	37192
chr5	107786803	107986803	harbor2	chr5	107824488	107824683	SINE/MIR	426	+	98	107824586	37783
chr5	107786803	107986803	harbor2	chr5	107829333	107829482	SINE/MIR	584	+	74	107829407	42604
chr5	107786803	107986803	harbor2	chr5	107884669	107884869	SINE/MIR	586	+	100	107884769	97966
chr5	113847054	114047054	harbor2	chr5	113863124	113863339	SINE/MIR	487	+	108	113863232	16178
chr5	168176684	168376684	harbor2	chr5	168177132	168177281	SINE/MIR	417	+	74	168177206	522
chr5	168176684	168376684	harbor2	chr5	168179160	168179376	SINE/MIR	649	+	108	168179268	2584
chr5	168176684	168376684	harbor2	chr5	168179675	168179873	SINE/MIR	539	+	99	168179774	3090
chr5	168176684	168376684	harbor2	chr5	168221791	168222025	SINE/MIR	688	+	117	168221908	45224
chr5	168176684	168376684	harbor2	chr5	168240384	168240602	SINE/MIR	578	+	109	168240493	63809
chr5	168176684	168376684	harbor2	chr5	168242434	168242664	SINE/MIR	430	+	115	168242549	65865
chr5	168176684	168376684	harbor2	chr5	168248636	168248827	SINE/MIR	585	+	96	168248732	72048
chr5	168176684	168376684	harbor2	chr5	168252887	168252954	SINE/MIR	463	+	34	168252921	76237
chr5	168176684	168376684	harbor2	chr5	168253266	168253374	SINE/MIR	463	+	54	168253320	76636
chr5	168176684	168376684	harbor2	chr5	168269683	168269917	SINE/MIR	626	+	117	168269800	93116
chr5	168176684	168376684	harbor2	chr5	168274334	168274518	SINE/MIR	403	+	92	168274426	97742
chr5	145814051	146014051	harbor2	chr5	145822634	145822787	SINE/MIR	611	+	76	145822710	8659
chr5	145814051	146014051	harbor2	chr5	145828094	145828299	SINE/MIR	577	+	102	145828196	14145
chr5	145814051	146014051	harbor2	chr5	145832550	145832751	SINE/MIR	604	+	100	145832650	18599
chr5	145814051	146014051	harbor2	chr5	145860666	145860880	SINE/MIR	483	+	107	145860773	46722
chr5	145814051	146014051	harbor2	chr5	145862734	145862951	SINE/MIR	700	+	108	145862842	48791
chr5	145814051	146014051	harbor2	chr5	145908941	145909182	SINE/MIR	801	+	120	145909061	95010
chr5	150016885	150216885	harbor2	chr5	150019935	150020169	SINE/MIR	518	+	117	150020052	3167
chr5	150016885	150216885	harbor2	chr5	150041359	150041569	SINE/MIR	515	+	105	150041464	24579
chr5	150016885	150216885	harbor2	chr5	150047964	150048176	SINE/MIR	547	+	106	150048070	31185
chr5	150016885	150216885	harbor2	chr5	150067116	150067328	SINE/MIR	394	+	106	150067222	50337
chr5	150016885	150216885	harbor2	chr5	150067326	150067521	SINE/MIR	557	+	98	150067424	50539
chr5	150016885	150216885	harbor2	chr5	150068968	150069085	SINE/MIR	428	+	58	150069026	52141
chr5	150016885	150216885	harbor2	chr5	150071002	150071214	SINE/MIR	567	+	106	150071108	54223
chr5	150016885	150216885	harbor2	chr5	150077473	150077661	SINE/MIR	589	+	94	150077567	60682
chr5	150016885	150216885	harbor2	chr5	150080461	150080689	SINE/MIR	442	+	114	150080575	63690
chr5	150016885	150216885	harbor2	chr5	150081587	150081727	SINE/MIR	450	+	70	150081657	64772
chr5	150016885	150216885	harbor2	chr5	150082632	150082810	SINE/MIR	526	+	89	150082721	65836
chr5	150016885	150216885	harbor2	chr5	150112273	150112398	SINE/MIR	421	+	62	150112335	95450
chr5	172848887	173048887	harbor2	chr5	172850497	172850714	SINE/MIR	600	+	108	172850605	1718
chr5	172848887	173048887	harbor2	chr5	172857170	172857270	SINE/MIR	474	+	50	172857220	8333
chr5	172848887	173048887	harbor2	chr5	172857489	172857640	SINE/MIR	531	+	76	172857565	8678
chr5	172848887	173048887	harbor2	chr5	172861536	172861674	SINE/MIR	450	+	69	172861605	12718
chr5	172848887	173048887	harbor2	chr5	172873645	172873862	SINE/MIR	587	+	108	172873753	24866
chr5	172848887	173048887	harbor2	chr5	172881661	172881863	SINE/MIR	477	+	101	172881762	32875
chr5	172848887	173048887	harbor2	chr5	172882487	172882661	SINE/MIR	547	+	87	172882574	33687
chr5	172848887	173048887	harbor2	chr5	172890936	172891071	SINE/MIR	426	+	68	172891004	42117
chr5	172848887	173048887	harbor2	chr5	172892403	172892510	SINE/MIR	447	+	54	172892457	43570
chr5	172848887	173048887	harbor2	chr5	172898579	172898743	SINE/MIR	454	+	82	172898661	49774
chr5	172848887	173048887	harbor2	chr5	172903434	172903584	SINE/MIR	395	+	75	172903509	54622
chr5	172848887	173048887	harbor2	chr5	172910857	172911005	SINE/MIR	474	+	74	172910931	62044
chr5	172848887	173048887	harbor2	chr5	172912233	172912391	SINE/MIR	601	+	79	172912312	63425
chr5	172848887	173048887	harbor2	chr5	172912687	172912746	SINE/MIR	601	+	30	172912717	63830
chr5	172848887	173048887	harbor2	chr5	172915073	172915264	SINE/MIR	441	+	96	172915169	66282
chr5	172848887	173048887	harbor2	chr5	172919543	172919668	SINE/MIR	612	+	62	172919605	70718
chr5	172848887	173048887	harbor2	chr5	172926118	172926319	SINE/MIR	477	+	100	172926218	77331
chr5	172848887	173048887	harbor2	chr5	172928742	172928954	SINE/MIR	724	+	106	172928848	79961
chr5	172848887	173048887	harbor2	chr5	172933707	172933910	SINE/MIR	506	+	102	172933809	84922
chr5	172848887	173048887	harbor2	chr5	172942990	172943215	SINE/MIR	570	+	112	172943102	94215
chr5	38951439	39151439	harbor2	chr5	38953697	38953912	SINE/MIR	632	+	108	38953805	2366
chr5	38951439	39151439	harbor2	chr5	38992433	38992604	SINE/MIR	477	+	86	38992519	41080
chr5	38951439	39151439	harbor2	chr5	39029615	39029850	SINE/MIR	517	+	118	39029733	78294
chr5	152353164	152553164	harbor2	chr5	152385373	152385610	SINE/MIR	581	+	118	152385491	32327
chr5	152353164	152553164	harbor2	chr5	152393155	152393318	SINE/MIR	419	+	82	152393237	40073
chr5	152353164	152553164	harbor2	chr5	152409825	152410001	SINE/MIR	592	+	88	152409913	56749
chr5	152353164	152553164	harbor2	chr5	152419981	152420211	SINE/MIR	853	+	115	152420096	66932
chr5	152353164	152553164	harbor2	chr5	152428050	152428268	SINE/MIR	456	+	109	152428159	74995
chr5	152353164	152553164	harbor2	chr5	152431607	152431831	SINE/MIR	410	+	112	152431719	78555
chr5	152353164	152553164	harbor2	chr5	152432553	152432714	SINE/MIR	623	+	80	152432633	79469
chr5	152353164	152553164	harbor2	chr5	152434814	152435021	SINE/MIR	546	+	104	152434918	81754
chr5	152353164	152553164	harbor2	chr5	152436901	152436964	SINE/MIR	400	+	32	152436933	83769
chr5	152353164	152553164	harbor2	chr5	152437274	152437333	SINE/MIR	400	+	30	152437304	84140
chr5	152353164	152553164	harbor2	chr5	152450617	152450796	SINE/MIR	470	+	90	152450707	97543
chr5	176964090	177164090	harbor2	chr5	177019152	177019348	SINE/MIR	424	+	98	177019250	55160
chr5	176964090	177164090	harbor2	chr5	177041441	177041638	SINE/MIR	537	+	98	177041539	77449
chr5	176964090	177164090	harbor2	chr5	177041941	177042156	SINE/MIR	646	+	108	177042049	77959
chr5	176964090	177164090	harbor2	chr5	177042415	177042551	SINE/MIR	523	+	68	177042483	78393
chr5	176964090	177164090	harbor2	chr5	177049643	177049826	SINE/MIR	742	+	92	177049735	85645
chr5	155158380	155358380	harbor2	chr5	155176174	155176352	SINE/MIR	607	+	89	155176263	17883
chr5	155158380	155358380	harbor2	chr5	155177851	155178054	SINE/MIR	644	+	102	155177953	19573
chr5	155158380	155358380	harbor2	chr5	155213610	155213679	SINE/MIR	451	+	34	155213644	55264
chr5	155158380	155358380	harbor2	chr5	155213982	155214168	SINE/MIR	451	+	93	155214075	55695
chr5	155158380	155358380	harbor2	chr5	155217316	155217463	SINE/MIR	607	+	74	155217390	59010
chr5	149157560	149357560	harbor2	chr5	149161972	149162108	SINE/MIR	414	+	68	149162040	4480
chr5	149157560	149357560	harbor2	chr5	149174773	149174980	SINE/MIR	723	+	104	149174877	17317
chr5	149157560	149357560	harbor2	chr5	149176467	149176712	SINE/MIR	753	+	122	149176589	19029
chr5	149157560	149357560	harbor2	chr5	149198810	149198971	SINE/MIR	411	+	80	149198890	41330
chr5	149157560	149357560	harbor2	chr5	149209327	149209524	SINE/MIR	422	+	98	149209425	51865
chr5	149157560	149357560	harbor2	chr5	149210240	149210374	SINE/MIR	507	+	67	149210307	52747
chr5	149157560	149357560	harbor2	chr5	149220676	149220810	SINE/MIR	400	+	67	149220743	63183
chr5	149157560	149357560	harbor2	chr5	149223799	149223935	SINE/MIR	452	+	68	149223867	66307
chr5	149157560	149357560	harbor2	chr5	149236781	149236954	SINE/MIR	666	+	86	149236867	79307
chr5	149157560	149357560	harbor2	chr5	149237059	149237262	SINE/MIR	476	+	102	149237161	79601
chr5	149157560	149357560	harbor2	chr5	149253281	149253553	SINE/MIR	650	+	136	149253417	95857
chr5	120300361	120500361	harbor2	chr5	120323403	120323588	SINE/MIR	483	+	92	120323495	23134
chr5	120300361	120500361	harbor2	chr5	120361617	120361832	SINE/MIR	491	+	108	120361725	61364
chr5	150591198	150791198	harbor2	chr5	150594513	150594644	SINE/MIR	501	+	66	150594579	3381
chr5	150591198	150791198	harbor2	chr5	150599496	150599692	SINE/MIR	428	+	98	150599594	8396
chr5	150591198	150791198	harbor2	chr5	150604895	150605100	SINE/MIR	677	+	102	150604997	13799
chr5	150591198	150791198	harbor2	chr5	150610382	150610588	SINE/MIR	575	+	103	150610485	19287
chr5	150591198	150791198	harbor2	chr5	150612506	150612747	SINE/MIR	895	+	120	150612626	21428
chr5	150591198	150791198	harbor2	chr5	150614891	150615093	SINE/MIR	418	+	101	150614992	23794
chr5	150591198	150791198	harbor2	chr5	150615784	150615964	SINE/MIR	676	+	90	150615874	24676
chr5	150591198	150791198	harbor2	chr5	150620058	150620283	SINE/MIR	424	+	112	150620170	28972
chr5	150591198	150791198	harbor2	chr5	150628390	150628574	SINE/MIR	525	+	92	150628482	37284
chr5	150591198	150791198	harbor2	chr5	150637229	150637452	SINE/MIR	560	+	112	150637341	46143
chr5	150591198	150791198	harbor2	chr5	150639530	150639745	SINE/MIR	599	+	108	150639638	48440
chr5	150591198	150791198	harbor2	chr5	150639918	150640111	SINE/MIR	552	+	96	150640014	48816
chr5	150591198	150791198	harbor2	chr5	150641950	150642177	SINE/MIR	757	+	114	150642064	50866
chr5	150591198	150791198	harbor2	chr5	150643194	150643412	SINE/MIR	606	+	109	150643303	52105
chr5	150591198	150791198	harbor2	chr5	150645672	150645848	SINE/MIR	464	+	88	150645760	54562
chr5	150591198	150791198	harbor2	chr5	150651251	150651383	SINE/MIR	423	+	66	150651317	60119
chr5	150591198	150791198	harbor2	chr5	150652833	150653017	SINE/MIR	528	+	92	150652925	61727
chr5	150591198	150791198	harbor2	chr5	150654412	150654562	SINE/MIR	440	+	75	150654487	63289
chr5	150591198	150791198	harbor2	chr5	150659332	150659509	SINE/MIR	437	+	88	150659420	68222
chr5	150591198	150791198	harbor2	chr5	150673132	150673333	SINE/MIR	551	+	100	150673232	82034
chr5	150591198	150791198	harbor2	chr5	150678577	150678733	SINE/MIR	551	+	78	150678655	87457
chr5	173411990	173611990	harbor2	chr5	173448460	173448634	SINE/MIR	813	+	87	173448547	36557
chr5	173411990	173611990	harbor2	chr5	173468883	173469128	SINE/MIR	584	+	122	173469005	57015
chr5	173411990	173611990	harbor2	chr5	173471445	173471607	SINE/MIR	495	+	81	173471526	59536
chr5	173411990	173611990	harbor2	chr5	173474988	173475219	SINE/MIR	704	+	116	173475104	63114
chr5	173411990	173611990	harbor2	chr5	173486116	173486251	SINE/MIR	456	+	68	173486184	74194
chr5	89493842	89693842	harbor2	chr5	89525602	89525746	SINE/MIR	424	+	72	89525674	31832
chr5	89493842	89693842	harbor2	chr5	89551813	89552023	SINE/MIR	575	+	105	89551918	58076
chr5	178863597	179063597	harbor2	chr5	178865199	178865269	SINE/MIR	661	+	35	178865234	1637
chr5	178863597	179063597	harbor2	chr5	178865567	178865736	SINE/MIR	661	+	84	178865651	2054
chr5	168886675	169086675	harbor2	chr5	168887424	168887559	SINE/MIR	413	+	68	168887492	817
chr5	168886675	169086675	harbor2	chr5	168930415	168930629	SINE/MIR	736	+	107	168930522	43847
chr5	168886675	169086675	harbor2	chr5	168932606	168932775	SINE/MIR	394	+	84	168932690	46015
chr5	168886675	169086675	harbor2	chr5	168937658	168937862	SINE/MIR	483	+	102	168937760	51085
chr5	168886675	169086675	harbor2	chr5	168941285	168941517	SINE/MIR	475	+	116	168941401	54726
chr5	168886675	169086675	harbor2	chr5	168943472	168943684	SINE/MIR	675	+	106	168943578	56903
chr5	168886675	169086675	harbor2	chr5	168959152	168959343	SINE/MIR	576	+	96	168959248	72573
chr5	168886675	169086675	harbor2	chr5	168968782	168968932	SINE/MIR	528	+	75	168968857	82182
chr5	168886675	169086675	harbor2	chr5	168970774	168970862	SINE/MIR	410	+	44	168970818	84143
chr5	168886675	169086675	harbor2	chr5	168972491	168972655	SINE/MIR	394	+	82	168972573	85898
chr5	168886675	169086675	harbor2	chr5	168983524	168983714	SINE/MIR	491	+	95	168983619	96944
chr5	167496504	167696504	harbor2	chr5	167524231	167524412	SINE/MIR	752	+	90	167524321	27817
chr5	167496504	167696504	harbor2	chr5	167528359	167528578	SINE/MIR	502	+	110	167528469	31965
chr5	167496504	167696504	harbor2	chr5	167557342	167557583	SINE/MIR	914	+	120	167557462	60958
chr5	167496504	167696504	harbor2	chr5	167560471	167560742	SINE/MIR	779	+	136	167560607	64103
chr5	167496504	167696504	harbor2	chr5	167569482	167569669	SINE/MIR	445	+	94	167569576	73072
chr5	174393716	174593716	harbor2	chr5	174398199	174398276	SINE/MIR	390	+	38	174398237	4521
chr5	174393716	174593716	harbor2	chr5	174398754	174398835	SINE/MIR	390	+	40	174398794	5078
chr5	174393716	174593716	harbor2	chr5	174410266	174410458	SINE/MIR	402	+	96	174410362	16646
chr5	174393716	174593716	harbor2	chr5	174414767	174414921	SINE/MIR	618	+	77	174414844	21128
chr5	174393716	174593716	harbor2	chr5	174421275	174421456	SINE/MIR	495	+	90	174421365	27649
chr5	174393716	174593716	harbor2	chr5	174424745	174424896	SINE/MIR	644	+	76	174424821	31105
chr5	174393716	174593716	harbor2	chr5	174430191	174430382	SINE/MIR	523	+	96	174430287	36571
chr5	174393716	174593716	harbor2	chr5	174461902	174462157	SINE/MIR	392	+	128	174462030	68314
chr5	179990546	180190546	harbor2	chr5	180039831	180039986	SINE/MIR	443	+	78	180039909	49363
chr5	110221772	110421772	harbor2	chr5	110296512	110296757	SINE/MIR	885	+	122	110296634	74862
chr5	179473522	179673522	harbor2	chr5	179519007	179519180	SINE/MIR	403	+	86	179519093	45571
chr5	179473522	179673522	harbor2	chr5	179562767	179562873	SINE/MIR	468	+	53	179562820	89298
chr5	72268943	72468943	harbor2	chr5	72344543	72344629	SINE/MIR	422	+	43	72344586	75643
chr5	72268943	72468943	harbor2	chr5	72345710	72345808	SINE/MIR	422	+	49	72345759	76816
chr5	72268943	72468943	harbor2	chr5	72359910	72360028	SINE/MIR	574	+	59	72359969	91026
chr5	148949930	149149930	harbor2	chr5	148961497	148961683	SINE/MIR	533	+	93	148961590	11660
chr5	148949930	149149930	harbor2	chr5	148990498	148990758	SINE/MIR	786	+	130	148990628	40698
chr5	148949930	149149930	harbor2	chr5	149011459	149011690	SINE/MIR	640	+	116	149011575	61645
chr5	148949930	149149930	harbor2	chr5	149012858	149013056	SINE/MIR	659	+	99	149012957	63027
chr5	148949930	149149930	harbor2	chr5	149038942	149039090	SINE/MIR	397	+	74	149039016	89086
chr5	148949930	149149930	harbor2	chr5	149049306	149049484	SINE/MIR	391	+	89	149049395	99465
chr5	148949930	149149930	harbor2	chr5	149049799	149049868	SINE/MIR	391	+	34	149049833	99903
chr5	148949930	149149930	harbor2	chr5	148963180	148963412	SINE/MIR	843	+	116	148963296	13366
chr5	156505983	156705983	harbor2	chr5	156514685	156514927	SINE/MIR	481	+	121	156514806	8823
chr5	156505983	156705983	harbor2	chr5	156528111	156528352	SINE/MIR	997	+	120	156528231	22248
chr5	156505983	156705983	harbor2	chr5	156534618	156534871	SINE/MIR	642	+	126	156534744	28761
chr5	156505983	156705983	harbor2	chr5	156543462	156543686	SINE/MIR	442	+	112	156543574	37591
chr5	156505983	156705983	harbor2	chr5	156548542	156548728	SINE/MIR	410	+	93	156548635	42652
chr5	156505983	156705983	harbor2	chr5	156558146	156558394	SINE/MIR	477	+	124	156558270	52287
chr5	156505983	156705983	harbor2	chr5	156559531	156559715	SINE/MIR	439	+	92	156559623	53640
chr5	156505983	156705983	harbor2	chr5	156561773	156562008	SINE/MIR	429	+	118	156561891	55908
chr5	156505983	156705983	harbor2	chr5	156595939	156596172	SINE/MIR	549	+	116	156596055	90072
chr5	156505983	156705983	harbor2	chr5	156596254	156596504	SINE/MIR	617	+	125	156596379	90396
chr5	156505983	156705983	harbor2	chr5	156599764	156600015	SINE/MIR	412	+	126	156599890	93907
chr5	160690315	160890315	harbor2	chr5	160700279	160700398	SINE/MIR	581	+	60	160700339	10024
chr5	160690315	160890315	harbor2	chr5	160721907	160722108	SINE/MIR	638	+	100	160722007	31692
chr5	160690315	160890315	harbor2	chr5	160728972	160729166	SINE/MIR	431	+	97	160729069	38754
chr5	160690315	160890315	harbor2	chr5	160744951	160745120	SINE/MIR	399	+	84	160745035	54720
chr5	160690315	160890315	harbor2	chr5	160758242	160758405	SINE/MIR	452	+	82	160758324	68009
chr5	160690315	160890315	harbor2	chr5	160775597	160775676	SINE/MIR	481	+	40	160775637	85322
chr5	160690315	160890315	harbor2	chr5	160775938	160776015	SINE/MIR	481	+	38	160775976	85661
chr5	160690315	160890315	harbor2	chr5	160776259	160776429	SINE/MIR	396	+	85	160776344	86029
chr5	160690315	160890315	harbor2	chr5	160778799	160778956	SINE/MIR	547	+	78	160778877	88562
chr5	158192152	158392152	harbor2	chr5	158216062	158216216	SINE/MIR	401	+	77	158216139	23987
chr5	158192152	158392152	harbor2	chr5	158233932	158234187	SINE/MIR	641	+	128	158234060	41908
chr5	158192152	158392152	harbor2	chr5	158238218	158238442	SINE/MIR	692	+	112	158238330	46178
chr5	158192152	158392152	harbor2	chr5	158257659	158257755	SINE/MIR	424	+	48	158257707	65555
chr5	158192152	158392152	harbor2	chr5	158282950	158283221	SINE/MIR	761	+	136	158283086	90934
chr5	158192152	158392152	harbor2	chr5	158253053	158253216	SINE/MIR	536	+	82	158253135	60983
chr5	157990183	158190183	harbor2	chr5	158025493	158025635	SINE/MIR	394	+	71	158025564	35381
chr5	157990183	158190183	harbor2	chr5	158047798	158048051	SINE/MIR	751	+	126	158047924	57741
chr5	157990183	158190183	harbor2	chr5	158055307	158055434	SINE/MIR	445	+	64	158055371	65188
chr5	157990183	158190183	harbor2	chr5	158059674	158059919	SINE/MIR	527	+	122	158059796	69613
chr5	157990183	158190183	harbor2	chr5	158061112	158061274	SINE/MIR	398	+	81	158061193	71010
chr5	157990183	158190183	harbor2	chr5	158061812	158061991	SINE/MIR	490	+	90	158061902	71719
chr5	157990183	158190183	harbor2	chr5	158063915	158064156	SINE/MIR	604	+	120	158064035	73852
chr5	157990183	158190183	harbor2	chr5	158073781	158073957	SINE/MIR	648	+	88	158073869	83686
chr5	179708163	179908163	harbor2	chr5	179755077	179755241	SINE/MIR	408	+	82	179755159	46996
chr5	51430356	51630356	harbor2	chr5	51442483	51442634	SINE/MIR	425	+	76	51442559	12203
chr5	51430356	51630356	harbor2	chr5	51472518	51472711	SINE/MIR	568	+	96	51472614	42258
chr5	51430356	51630356	harbor2	chr5	51507771	51507998	SINE/MIR	677	+	114	51507885	77529
chr5	117953165	118153165	harbor2	chr5	117987407	117987637	SINE/MIR	392	+	115	117987522	34357
chr5	117953165	118153165	harbor2	chr5	118001704	118001866	SINE/MIR	401	+	81	118001785	48620
chr5	117953165	118153165	harbor2	chr5	118015971	118016218	SINE/MIR	708	+	124	118016095	62930
chr5	158283094	158483094	harbor2	chr5	158282950	158283221	SINE/MIR	761	+	136	158283086	8
chr5	158283094	158483094	harbor2	chr5	158294814	158295034	SINE/MIR	446	+	110	158294924	11830
chr5	158283094	158483094	harbor2	chr5	158312438	158312653	SINE/MIR	513	+	108	158312546	29452
chr5	158283094	158483094	harbor2	chr5	158314897	158315133	SINE/MIR	754	+	118	158315015	31921
chr5	158283094	158483094	harbor2	chr5	158318167	158318411	SINE/MIR	712	+	122	158318289	35195
chr5	158283094	158483094	harbor2	chr5	158347280	158347439	SINE/MIR	635	+	80	158347360	64266
chr5	158283094	158483094	harbor2	chr5	158350455	158350708	SINE/MIR	594	+	126	158350581	67487
chr5	158283094	158483094	harbor2	chr5	158358127	158358332	SINE/MIR	829	+	102	158358229	75135
chr5	158283094	158483094	harbor2	chr5	158366856	158367101	SINE/MIR	786	+	122	158366978	83884
chr5	158283094	158483094	harbor2	chr5	158374469	158374682	SINE/MIR	761	+	106	158374575	91481
chr5	158283094	158483094	harbor2	chr5	158382394	158382495	SINE/MIR	409	+	50	158382444	99350
chr5	168201309	168401309	harbor2	chr5	168221791	168222025	SINE/MIR	688	+	117	168221908	20599
chr5	168201309	168401309	harbor2	chr5	168240384	168240602	SINE/MIR	578	+	109	168240493	39184
chr5	168201309	168401309	harbor2	chr5	168242434	168242664	SINE/MIR	430	+	115	168242549	41240
chr5	168201309	168401309	harbor2	chr5	168248636	168248827	SINE/MIR	585	+	96	168248732	47423
chr5	168201309	168401309	harbor2	chr5	168252887	168252954	SINE/MIR	463	+	34	168252921	51612
chr5	168201309	168401309	harbor2	chr5	168253266	168253374	SINE/MIR	463	+	54	168253320	52011
chr5	168201309	168401309	harbor2	chr5	168269683	168269917	SINE/MIR	626	+	117	168269800	68491
chr5	168201309	168401309	harbor2	chr5	168274334	168274518	SINE/MIR	403	+	92	168274426	73117
chr5	168201309	168401309	harbor2	chr5	168289771	168289927	SINE/MIR	405	+	78	168289849	88540
chr5	125572120	125772120	harbor2	chr5	125581061	125581278	SINE/MIR	564	+	108	125581169	9049
chr5	125572120	125772120	harbor2	chr5	125596932	125597066	SINE/MIR	429	+	67	125596999	24879
chr5	125572120	125772120	harbor2	chr5	125668474	125668645	SINE/MIR	490	+	86	125668560	96440
chr5	125569177	125769177	harbor2	chr5	125581061	125581278	SINE/MIR	564	+	108	125581169	11992
chr5	125569177	125769177	harbor2	chr5	125596932	125597066	SINE/MIR	429	+	67	125596999	27822
chr5	125569177	125769177	harbor2	chr5	125668474	125668645	SINE/MIR	490	+	86	125668560	99383
chr5	154900897	155100897	harbor2	chr5	154915530	154915728	SINE/MIR	474	+	99	154915629	14732
chr5	154900897	155100897	harbor2	chr5	154955520	154955660	SINE/MIR	424	+	70	154955590	54693
chr5	154900897	155100897	harbor2	chr5	154957646	154957819	SINE/MIR	600	+	86	154957732	56835
chr5	154900897	155100897	harbor2	chr5	154985714	154985885	SINE/MIR	516	+	86	154985800	84903
chr5	154900897	155100897	harbor2	chr5	154986410	154986505	SINE/MIR	408	+	48	154986458	85561
chr5	154900897	155100897	harbor2	chr5	154993031	154993283	SINE/MIR	673	+	126	154993157	92260
chr5	154900897	155100897	harbor2	chr5	154997614	154997739	SINE/MIR	414	+	62	154997676	96779
chr5	161153651	161353651	harbor2	chr5	161168498	161168735	SINE/MIR	398	+	118	161168616	14965
chr5	161153651	161353651	harbor2	chr5	161195410	161195589	SINE/MIR	526	+	90	161195500	41849
chr5	161153651	161353651	harbor2	chr5	161219532	161219760	SINE/MIR	466	+	114	161219646	65995
chr5	161153651	161353651	harbor2	chr5	161235220	161235291	SINE/MIR	488	+	36	161235256	81605
chr5	161153651	161353651	harbor2	chr5	161235701	161235795	SINE/MIR	488	+	47	161235748	82097
chr5	84681162	84881162	harbor2	chr5	84780185	84780389	SINE/MIR	648	+	102	84780287	99125
chr5	126266477	126466477	harbor2	chr5	126317505	126317653	SINE/MIR	397	+	74	126317579	51102
chr5	126266477	126466477	harbor2	chr5	126343500	126343709	SINE/MIR	771	+	104	126343604	77127
chr5	169590646	169790646	harbor2	chr5	169595379	169595591	SINE/MIR	707	+	106	169595485	4839
chr5	169590646	169790646	harbor2	chr5	169632221	169632379	SINE/MIR	414	+	79	169632300	41654
chr5	169590646	169790646	harbor2	chr5	169638497	169638615	SINE/MIR	394	+	59	169638556	47910
chr5	169590646	169790646	harbor2	chr5	169648549	169648825	SINE/MIR	655	+	138	169648687	58041
chr5	169590646	169790646	harbor2	chr5	169649619	169649798	SINE/MIR	488	+	90	169649709	59063
chr5	169590646	169790646	harbor2	chr5	169652986	169653214	SINE/MIR	568	+	114	169653100	62454
chr5	169590646	169790646	harbor2	chr5	169667302	169667509	SINE/MIR	706	+	104	169667406	76760
chr5	169590646	169790646	harbor2	chr5	169667600	169667807	SINE/MIR	597	+	104	169667704	77058
chr5	169590646	169790646	harbor2	chr5	169668047	169668229	SINE/MIR	715	+	91	169668138	77492
chr5	169590646	169790646	harbor2	chr5	169680168	169680305	SINE/MIR	602	+	68	169680236	89590
chr5	40398259	40598259	harbor2	chr5	40412687	40412881	SINE/MIR	738	+	97	40412784	14525
chr5	40398259	40598259	harbor2	chr5	40423392	40423546	SINE/MIR	431	+	77	40423469	25210
chr5	40398259	40598259	harbor2	chr5	40485158	40485375	SINE/MIR	498	+	108	40485266	87007
chr5	175828877	176028877	harbor2	chr5	175834080	175834316	SINE/MIR	562	+	118	175834198	5321
chr5	175828877	176028877	harbor2	chr5	175837700	175837810	SINE/MIR	391	+	55	175837755	8878
chr5	175828877	176028877	harbor2	chr5	175841736	175841923	SINE/MIR	460	+	94	175841830	12953
chr5	175828877	176028877	harbor2	chr5	175846313	175846478	SINE/MIR	603	+	82	175846395	17518
chr5	175828877	176028877	harbor2	chr5	175854436	175854578	SINE/MIR	507	+	71	175854507	25630
chr5	175828877	176028877	harbor2	chr5	175855207	175855410	SINE/MIR	454	+	102	175855309	26432
chr5	175828877	176028877	harbor2	chr5	175856070	175856253	SINE/MIR	793	+	92	175856162	27285
chr5	175828877	176028877	harbor2	chr5	175863369	175863549	SINE/MIR	429	+	90	175863459	34582
chr5	175828877	176028877	harbor2	chr5	175864892	175865018	SINE/MIR	412	+	63	175864955	36078
chr5	175828877	176028877	harbor2	chr5	175868813	175869018	SINE/MIR	390	+	102	175868915	40038
chr5	175828877	176028877	harbor2	chr5	175885097	175885303	SINE/MIR	540	+	103	175885200	56323
chr5	175828877	176028877	harbor2	chr5	175888182	175888469	SINE/MIR	426	+	144	175888326	59449
chr5	175828877	176028877	harbor2	chr5	175895347	175895569	SINE/MIR	570	+	111	175895458	66581
chr5	175828877	176028877	harbor2	chr5	175908024	175908230	SINE/MIR	478	+	103	175908127	79250
chr5	175828877	176028877	harbor2	chr5	175912132	175912355	SINE/MIR	498	+	112	175912244	83367
chr5	175828877	176028877	harbor2	chr5	175920978	175921113	SINE/MIR	393	+	68	175921046	92169
chr5	79943567	80143567	harbor2	chr5	79966827	79967048	SINE/MIR	1111	+	110	79966937	23370
chr5	79943567	80143567	harbor2	chr5	80005521	80005742	SINE/MIR	499	+	110	80005631	62064
chr5	79943567	80143567	harbor2	chr5	80013637	80013882	SINE/MIR	835	+	122	80013759	70192
chr5	79943567	80143567	harbor2	chr5	80024873	80025024	SINE/MIR	470	+	76	80024949	81382
chr5	175656669	175856669	harbor2	chr5	175663809	175663973	SINE/MIR	536	+	82	175663891	7222
chr5	175656669	175856669	harbor2	chr5	175672412	175672599	SINE/MIR	534	+	94	175672506	15837
chr5	175656669	175856669	harbor2	chr5	175675020	175675199	SINE/MIR	759	+	90	175675110	18441
chr5	175656669	175856669	harbor2	chr5	175679901	175680036	SINE/MIR	496	+	68	175679969	23300
chr5	175656669	175856669	harbor2	chr5	175692406	175692600	SINE/MIR	653	+	97	175692503	35834
chr5	175656669	175856669	harbor2	chr5	175692990	175693141	SINE/MIR	389	+	76	175693066	36397
chr5	175656669	175856669	harbor2	chr5	175695254	175695411	SINE/MIR	638	+	78	175695332	38663
chr5	175656669	175856669	harbor2	chr5	175695971	175696105	SINE/MIR	418	+	67	175696038	39369
chr5	175656669	175856669	harbor2	chr5	175696735	175696919	SINE/MIR	480	+	92	175696827	40158
chr5	175656669	175856669	harbor2	chr5	175698321	175698565	SINE/MIR	502	+	122	175698443	41774
chr5	175656669	175856669	harbor2	chr5	175746104	175746236	SINE/MIR	488	+	66	175746170	89501
chr5	175656669	175856669	harbor2	chr5	175753522	175753709	SINE/MIR	640	+	94	175753616	96947
chr5	157072669	157272669	harbor2	chr5	157093245	157093406	SINE/MIR	445	+	80	157093325	20656
chr5	157072669	157272669	harbor2	chr5	157094945	157095166	SINE/MIR	643	+	110	157095055	22386
chr5	157072669	157272669	harbor2	chr5	157133121	157133342	SINE/MIR	656	+	110	157133231	60562
chr5	144458011	144658011	harbor2	chr5	144463636	144463859	SINE/MIR	515	+	112	144463748	5737
chr5	144458011	144658011	harbor2	chr5	144464221	144464353	SINE/MIR	427	+	66	144464287	6276
chr5	144458011	144658011	harbor2	chr5	144466646	144466907	SINE/MIR	429	+	130	144466776	8765
chr5	144458011	144658011	harbor2	chr5	144472933	144473069	SINE/MIR	417	+	68	144473001	14990
chr5	144458011	144658011	harbor2	chr5	144485909	144486096	SINE/MIR	646	+	94	144486003	27992
chr5	144458011	144658011	harbor2	chr5	144512717	144512947	SINE/MIR	697	+	115	144512832	54821
chr5	109234010	109434010	harbor2	chr5	109251426	109251635	SINE/MIR	521	+	104	109251530	17520
chr5	109234010	109434010	harbor2	chr5	109328324	109328543	SINE/MIR	467	+	110	109328434	94424
chr5	174693798	174893798	harbor2	chr5	174696401	174696553	SINE/MIR	460	+	76	174696477	2679
chr5	174693798	174893798	harbor2	chr5	174696865	174696914	SINE/MIR	460	+	24	174696889	3091
chr5	174693798	174893798	harbor2	chr5	174697614	174697813	SINE/MIR	707	+	100	174697714	3916
chr5	174693798	174893798	harbor2	chr5	174704412	174704607	SINE/MIR	470	+	98	174704510	10712
chr5	174693798	174893798	harbor2	chr5	174707691	174707822	SINE/MIR	422	+	66	174707757	13959
chr5	174693798	174893798	harbor2	chr5	174716998	174717121	SINE/MIR	453	+	62	174717060	23262
chr5	174693798	174893798	harbor2	chr5	174721487	174721618	SINE/MIR	395	+	66	174721553	27755
chr5	174693798	174893798	harbor2	chr5	174744605	174744818	SINE/MIR	437	+	106	174744711	50913
chr5	174693798	174893798	harbor2	chr5	174747359	174747511	SINE/MIR	448	+	76	174747435	53637
chr5	174693798	174893798	harbor2	chr5	174749821	174750027	SINE/MIR	543	+	103	174749924	56126
chr5	174693798	174893798	harbor2	chr5	174755945	174756091	SINE/MIR	548	+	73	174756018	62220
chr5	174693798	174893798	harbor2	chr5	174758464	174758528	SINE/MIR	562	+	32	174758496	64698
chr5	174693798	174893798	harbor2	chr5	174759049	174759211	SINE/MIR	562	+	81	174759130	65332
chr5	174693798	174893798	harbor2	chr5	174765966	174766169	SINE/MIR	614	+	102	174766068	72270
chr5	174693798	174893798	harbor2	chr5	174789694	174789862	SINE/MIR	488	+	84	174789778	95980
chr5	148285819	148485819	harbor2	chr5	148292362	148292501	SINE/MIR	459	+	70	148292432	6613
chr5	148285819	148485819	harbor2	chr5	148306798	148306978	SINE/MIR	406	+	90	148306888	21069
chr5	148285819	148485819	harbor2	chr5	148313707	148313905	SINE/MIR	493	+	99	148313806	27987
chr5	148285819	148485819	harbor2	chr5	148315400	148315591	SINE/MIR	449	+	96	148315496	29677
chr5	148285819	148485819	harbor2	chr5	148323813	148324036	SINE/MIR	455	+	112	148323925	38106
chr5	148285819	148485819	harbor2	chr5	148333763	148333952	SINE/MIR	553	+	94	148333857	48038
chr5	148285819	148485819	harbor2	chr5	148343671	148343888	SINE/MIR	499	+	108	148343779	57960
chr5	148285819	148485819	harbor2	chr5	148345774	148345979	SINE/MIR	700	+	102	148345876	60057
chr5	148285819	148485819	harbor2	chr5	148347566	148347800	SINE/MIR	516	+	117	148347683	61864
chr5	148285819	148485819	harbor2	chr5	148349065	148349263	SINE/MIR	594	+	99	148349164	63345
chr5	148285819	148485819	harbor2	chr5	148349928	148350179	SINE/MIR	503	+	126	148350054	64235
chr5	148285819	148485819	harbor2	chr5	148358742	148358944	SINE/MIR	532	+	101	148358843	73024
chr5	148285819	148485819	harbor2	chr5	148384850	148385026	SINE/MIR	477	+	88	148384938	99119
chr5	148285819	148485819	harbor2	chr5	148385423	148385612	SINE/MIR	525	+	94	148385517	99698
chr5	88247775	88447775	harbor2	chr5	88259913	88260152	SINE/MIR	618	+	120	88260033	12258
chr5	88247775	88447775	harbor2	chr5	88286081	88286158	SINE/MIR	504	+	38	88286119	38344
chr5	88247775	88447775	harbor2	chr5	88286593	88286728	SINE/MIR	504	+	68	88286661	38886
chr5	88247775	88447775	harbor2	chr5	88302994	88303195	SINE/MIR	547	+	100	88303094	55319
chr5	88247775	88447775	harbor2	chr5	88321718	88321919	SINE/MIR	488	+	100	88321818	74043
chr5	88247775	88447775	harbor2	chr5	88331271	88331498	SINE/MIR	490	+	114	88331385	83610
chr5	119764175	119964175	harbor2	chr5	119784180	119784359	SINE/MIR	391	+	90	119784270	20095
chr5	119764175	119964175	harbor2	chr5	119790187	119790428	SINE/MIR	586	+	120	119790307	26132
chr5	133011623	133211623	harbor2	chr5	133048748	133048927	SINE/MIR	401	+	90	133048838	37215
chr5	133011623	133211623	harbor2	chr5	133076336	133076524	SINE/MIR	549	+	94	133076430	64807
chr5	139755432	139955432	harbor2	chr5	139763936	139764130	SINE/MIR	397	+	97	139764033	8601
chr5	139755432	139955432	harbor2	chr5	139787366	139787534	SINE/MIR	648	+	84	139787450	32018
chr5	139755432	139955432	harbor2	chr5	139794227	139794346	SINE/MIR	445	+	60	139794287	38855
chr5	139755432	139955432	harbor2	chr5	139823533	139823739	SINE/MIR	556	+	103	139823636	68204
chr5	139755432	139955432	harbor2	chr5	139833206	139833442	SINE/MIR	795	+	118	139833324	77892
chr5	139755432	139955432	harbor2	chr5	139848850	139849011	SINE/MIR	401	+	80	139848930	93498
chr5	139755432	139955432	harbor2	chr5	139853248	139853393	SINE/MIR	439	+	72	139853320	97888
chr5	55479545	55679545	harbor2	chr5	55510712	55510955	SINE/MIR	704	+	122	55510834	31289
chr5	55479545	55679545	harbor2	chr5	55544724	55544818	SINE/MIR	929	+	47	55544771	65226
chr5	55479545	55679545	harbor2	chr5	55545082	55545220	SINE/MIR	929	+	69	55545151	65606
chr5	55479545	55679545	harbor2	chr5	55548895	55549128	SINE/MIR	451	+	116	55549011	69466
chr5	55479545	55679545	harbor2	chr5	55574935	55575012	SINE/MIR	550	+	38	55574973	95428
chr5	55479545	55679545	harbor2	chr5	55574484	55574623	SINE/MIR	550	+	70	55574554	95009
chr5	180850364	181050364	harbor2	chr5	180870006	180870127	SINE/MIR	446	+	60	180870066	19702
chr5	175794759	175994759	harbor2	chr5	175798153	175798313	SINE/MIR	509	+	80	175798233	3474
chr5	175794759	175994759	harbor2	chr5	175801500	175801730	SINE/MIR	873	+	115	175801615	6856
chr5	175794759	175994759	harbor2	chr5	175804929	175805083	SINE/MIR	468	+	77	175805006	10247
chr5	175794759	175994759	harbor2	chr5	175817211	175817440	SINE/MIR	511	+	114	175817325	22566
chr5	175794759	175994759	harbor2	chr5	175834080	175834316	SINE/MIR	562	+	118	175834198	39439
chr5	175794759	175994759	harbor2	chr5	175837700	175837810	SINE/MIR	391	+	55	175837755	42996
chr5	175794759	175994759	harbor2	chr5	175841736	175841923	SINE/MIR	460	+	94	175841830	47071
chr5	175794759	175994759	harbor2	chr5	175846313	175846478	SINE/MIR	603	+	82	175846395	51636
chr5	175794759	175994759	harbor2	chr5	175854436	175854578	SINE/MIR	507	+	71	175854507	59748
chr5	175794759	175994759	harbor2	chr5	175855207	175855410	SINE/MIR	454	+	102	175855309	60550
chr5	175794759	175994759	harbor2	chr5	175856070	175856253	SINE/MIR	793	+	92	175856162	61403
chr5	175794759	175994759	harbor2	chr5	175863369	175863549	SINE/MIR	429	+	90	175863459	68700
chr5	175794759	175994759	harbor2	chr5	175864892	175865018	SINE/MIR	412	+	63	175864955	70196
chr5	175794759	175994759	harbor2	chr5	175868813	175869018	SINE/MIR	390	+	102	175868915	74156
chr5	175794759	175994759	harbor2	chr5	175885097	175885303	SINE/MIR	540	+	103	175885200	90441
chr5	175794759	175994759	harbor2	chr5	175888182	175888469	SINE/MIR	426	+	144	175888326	93567
chr5	168068816	168268816	harbor2	chr5	168071043	168071268	SINE/MIR	607	+	112	168071155	2339
chr5	168068816	168268816	harbor2	chr5	168076954	168077154	SINE/MIR	611	+	100	168077054	8238
chr5	168068816	168268816	harbor2	chr5	168089618	168089805	SINE/MIR	540	+	94	168089712	20896
chr5	168068816	168268816	harbor2	chr5	168090996	168091162	SINE/MIR	514	+	83	168091079	22263
chr5	168068816	168268816	harbor2	chr5	168099295	168099506	SINE/MIR	650	+	106	168099401	30585
chr5	168068816	168268816	harbor2	chr5	168108295	168108525	SINE/MIR	589	+	115	168108410	39594
chr5	168068816	168268816	harbor2	chr5	168117861	168118104	SINE/MIR	387	+	122	168117983	49167
chr5	168068816	168268816	harbor2	chr5	168134229	168134363	SINE/MIR	437	+	67	168134296	65480
chr5	168068816	168268816	harbor2	chr5	168138119	168138365	SINE/MIR	471	+	123	168138242	69426
chr5	168068816	168268816	harbor2	chr5	168150783	168150981	SINE/MIR	518	+	99	168150882	82066
chr5	168068816	168268816	harbor2	chr5	168151993	168152208	SINE/MIR	839	+	108	168152101	83285
chr5	168068816	168268816	harbor2	chr5	168167778	168167921	SINE/MIR	552	+	72	168167850	99034
chr5	175733812	175933812	harbor2	chr5	175746104	175746236	SINE/MIR	488	+	66	175746170	12358
chr5	175733812	175933812	harbor2	chr5	175753522	175753709	SINE/MIR	640	+	94	175753616	19804
chr5	175733812	175933812	harbor2	chr5	175773688	175773881	SINE/MIR	473	+	96	175773784	39972
chr5	175733812	175933812	harbor2	chr5	175773929	175774147	SINE/MIR	518	+	109	175774038	40226
chr5	175733812	175933812	harbor2	chr5	175774839	175775059	SINE/MIR	616	+	110	175774949	41137
chr5	175733812	175933812	harbor2	chr5	175778419	175778662	SINE/MIR	664	+	122	175778541	44729
chr5	175733812	175933812	harbor2	chr5	175779329	175779480	SINE/MIR	555	+	76	175779405	45593
chr5	175733812	175933812	harbor2	chr5	175794110	175794327	SINE/MIR	546	+	108	175794218	60406
chr5	175733812	175933812	harbor2	chr5	175794545	175794683	SINE/MIR	474	+	69	175794614	60802
chr5	175733812	175933812	harbor2	chr5	175798153	175798313	SINE/MIR	509	+	80	175798233	64421
chr5	175733812	175933812	harbor2	chr5	175801500	175801730	SINE/MIR	873	+	115	175801615	67803
chr5	175733812	175933812	harbor2	chr5	175804929	175805083	SINE/MIR	468	+	77	175805006	71194
chr5	175733812	175933812	harbor2	chr5	175817211	175817440	SINE/MIR	511	+	114	175817325	83513
chr5	155515478	155715478	harbor2	chr5	155525540	155525613	SINE/MIR	537	+	36	155525576	10098
chr5	155515478	155715478	harbor2	chr5	155525907	155526068	SINE/MIR	537	+	80	155525987	10509
chr5	155515478	155715478	harbor2	chr5	155530140	155530376	SINE/MIR	419	+	118	155530258	14780
chr5	155515478	155715478	harbor2	chr5	155531777	155531992	SINE/MIR	742	+	108	155531885	16407
chr5	155515478	155715478	harbor2	chr5	155532068	155532204	SINE/MIR	510	+	68	155532136	16658
chr5	155515478	155715478	harbor2	chr5	155538553	155538753	SINE/MIR	486	+	100	155538653	23175
chr5	155515478	155715478	harbor2	chr5	155553774	155554016	SINE/MIR	616	+	121	155553895	38417
chr5	155515478	155715478	harbor2	chr5	155565589	155565732	SINE/MIR	519	+	72	155565661	50183
chr5	155515478	155715478	harbor2	chr5	155576630	155576858	SINE/MIR	862	+	114	155576744	61266
chr5	155515478	155715478	harbor2	chr5	155584171	155584434	SINE/MIR	503	+	132	155584303	68825
chr5	155515478	155715478	harbor2	chr5	155590576	155590795	SINE/MIR	628	+	110	155590686	75208
chr5	155515478	155715478	harbor2	chr5	155593985	155594191	SINE/MIR	691	+	103	155594088	78610
chr5	155515478	155715478	harbor2	chr5	155612670	155612827	SINE/MIR	456	+	78	155612748	97270
chr5	179527553	179727553	harbor2	chr5	179562767	179562873	SINE/MIR	468	+	53	179562820	35267
chr5	179527553	179727553	harbor2	chr5	179584290	179584496	SINE/MIR	727	+	103	179584393	56840
chr5	170419457	170619457	harbor2	chr5	170426454	170426682	SINE/MIR	436	+	114	170426568	7111
chr5	170419457	170619457	harbor2	chr5	170434081	170434278	SINE/MIR	500	+	98	170434179	14722
chr5	170419457	170619457	harbor2	chr5	170449466	170449717	SINE/MIR	666	+	126	170449592	30135
chr5	170419457	170619457	harbor2	chr5	170472081	170472264	SINE/MIR	394	+	92	170472173	52716
chr5	170419457	170619457	harbor2	chr5	170494809	170494981	SINE/MIR	567	+	86	170494895	75438
chr5	170419457	170619457	harbor2	chr5	170496370	170496576	SINE/MIR	772	+	103	170496473	77016
chr5	170419457	170619457	harbor2	chr5	170506173	170506315	SINE/MIR	497	+	71	170506244	86787
chr5	170419457	170619457	harbor2	chr5	170507205	170507418	SINE/MIR	618	+	106	170507311	87854
chr5	170419457	170619457	harbor2	chr5	170512451	170512683	SINE/MIR	770	+	116	170512567	93110
chr5	170419457	170619457	harbor2	chr5	170516666	170516909	SINE/MIR	450	+	122	170516788	97331
chr5	63074122	63274122	harbor2	chr5	63075804	63076032	SINE/MIR	692	+	114	63075918	1796
chr5	63074122	63274122	harbor2	chr5	63077027	63077219	SINE/MIR	745	+	96	63077123	3001
chr5	63074122	63274122	harbor2	chr5	63086351	63086434	SINE/MIR	444	+	42	63086393	12271
chr5	63074122	63274122	harbor2	chr5	63089847	63090031	SINE/MIR	624	+	92	63089939	15817
chr5	63074122	63274122	harbor2	chr5	63100770	63100896	SINE/MIR	425	+	63	63100833	26711
chr5	63074122	63274122	harbor2	chr5	63101369	63101450	SINE/MIR	425	+	40	63101409	27287
chr5	63074122	63274122	harbor2	chr5	63148703	63148839	SINE/MIR	411	+	68	63148771	74649
chr5	92866703	93066703	harbor2	chr5	92946044	92946262	SINE/MIR	588	+	109	92946153	79450
chr5	175170609	175370609	harbor2	chr5	175183452	175183672	SINE/MIR	473	+	110	175183562	12953
chr5	175170609	175370609	harbor2	chr5	175208983	175209097	SINE/MIR	392	+	57	175209040	38431
chr5	175170609	175370609	harbor2	chr5	175222019	175222229	SINE/MIR	772	+	105	175222124	51515
chr5	175170609	175370609	harbor2	chr5	175223926	175224166	SINE/MIR	551	+	120	175224046	53437
chr5	175170609	175370609	harbor2	chr5	175225138	175225336	SINE/MIR	399	+	99	175225237	54628
chr5	175170609	175370609	harbor2	chr5	175229933	175230063	SINE/MIR	414	+	65	175229998	59389
chr5	175170609	175370609	harbor2	chr5	175234771	175234994	SINE/MIR	483	+	112	175234883	64274
chr5	175170609	175370609	harbor2	chr5	175248250	175248372	SINE/MIR	443	+	61	175248311	77702
chr5	175170609	175370609	harbor2	chr5	175250653	175250836	SINE/MIR	542	+	92	175250745	80136
chr5	171730868	171930868	harbor2	chr5	171737360	171737575	SINE/MIR	664	+	108	171737468	6600
chr5	171730868	171930868	harbor2	chr5	171744873	171745068	SINE/MIR	595	+	98	171744971	14103
chr5	171730868	171930868	harbor2	chr5	171773093	171773323	SINE/MIR	588	+	115	171773208	42340
chr5	171730868	171930868	harbor2	chr5	171775625	171775789	SINE/MIR	461	+	82	171775707	44839
chr5	171730868	171930868	harbor2	chr5	171780868	171781099	SINE/MIR	737	+	116	171780984	50116
chr5	171730868	171930868	harbor2	chr5	171791224	171791439	SINE/MIR	507	+	108	171791332	60464
chr5	171730868	171930868	harbor2	chr5	171798162	171798349	SINE/MIR	443	+	94	171798256	67388
chr5	171730868	171930868	harbor2	chr5	171805850	171806041	SINE/MIR	442	+	96	171805946	75078
chr5	171730868	171930868	harbor2	chr5	171809227	171809363	SINE/MIR	404	+	68	171809295	78427
chr5	171730868	171930868	harbor2	chr5	171809669	171809750	SINE/MIR	404	+	40	171809709	78841
chr5	158093956	158293956	harbor2	chr5	158095138	158095278	SINE/MIR	423	+	70	158095208	1252
chr5	158093956	158293956	harbor2	chr5	158095943	158096091	SINE/MIR	507	+	74	158096017	2061
chr5	158093956	158293956	harbor2	chr5	158096145	158096357	SINE/MIR	430	+	106	158096251	2295
chr5	158093956	158293956	harbor2	chr5	158106431	158106551	SINE/MIR	466	+	60	158106491	12535
chr5	158093956	158293956	harbor2	chr5	158106854	158106953	SINE/MIR	466	+	50	158106904	12948
chr5	158093956	158293956	harbor2	chr5	158116226	158116478	SINE/MIR	661	+	126	158116352	22396
chr5	158093956	158293956	harbor2	chr5	158119491	158119611	SINE/MIR	417	+	60	158119551	25595
chr5	158093956	158293956	harbor2	chr5	158133046	158133312	SINE/MIR	537	+	133	158133179	39223
chr5	158093956	158293956	harbor2	chr5	158153388	158153513	SINE/MIR	484	+	62	158153450	59494
chr5	158093956	158293956	harbor2	chr5	158168226	158168462	SINE/MIR	395	+	118	158168344	74388
chr5	158093956	158293956	harbor2	chr5	158170604	158170812	SINE/MIR	479	+	104	158170708	76752
chr5	158093956	158293956	harbor2	chr5	158171798	158171945	SINE/MIR	435	+	74	158171872	77916
chr5	158093956	158293956	harbor2	chr5	158173808	158173976	SINE/MIR	431	+	84	158173892	79936
chr5	158093956	158293956	harbor2	chr5	158176697	158176932	SINE/MIR	482	+	118	158176815	82859
chr5	158093956	158293956	harbor2	chr5	158177702	158177909	SINE/MIR	449	+	104	158177806	83850
chr5	158093956	158293956	harbor2	chr5	158180114	158180270	SINE/MIR	519	+	78	158180192	86236
chr5	158093956	158293956	harbor2	chr5	158180279	158180489	SINE/MIR	622	+	105	158180384	86428
chr5	133771609	133971609	harbor2	chr5	133783969	133784163	SINE/MIR	426	+	97	133784066	12457
chr5	133771609	133971609	harbor2	chr5	133790236	133790460	SINE/MIR	920	+	112	133790348	18739
chr5	42726834	42926834	harbor2	chr5	42824632	42824785	SINE/MIR	677	+	76	42824708	97874
chr5	37026248	37226248	harbor2	chr5	37046305	37046479	SINE/MIR	557	+	87	37046392	20144
chr5	37026248	37226248	harbor2	chr5	37052074	37052255	SINE/MIR	526	+	90	37052164	25916
chr5	37026248	37226248	harbor2	chr5	37114167	37114290	SINE/MIR	464	+	62	37114229	87981
chr5	37026248	37226248	harbor2	chr5	37118493	37118669	SINE/MIR	671	+	88	37118581	92333
chr5	163798978	163998978	harbor2	chr5	163836088	163836333	SINE/MIR	403	+	122	163836210	37232
chr5	163798978	163998978	harbor2	chr5	163865997	163866127	SINE/MIR	464	+	65	163866062	67084
chr5	160088972	160288972	harbor2	chr5	160106272	160106452	SINE/MIR	409	+	90	160106362	17390
chr5	160088972	160288972	harbor2	chr5	160134482	160134696	SINE/MIR	691	+	107	160134589	45617
chr5	160088972	160288972	harbor2	chr5	160157358	160157467	SINE/MIR	515	+	54	160157412	68440
chr5	160088972	160288972	harbor2	chr5	160157788	160157924	SINE/MIR	515	+	68	160157856	68884
chr5	160088972	160288972	harbor2	chr5	160160570	160160735	SINE/MIR	428	+	82	160160652	71680
chr5	160088972	160288972	harbor2	chr5	160170027	160170196	SINE/MIR	447	+	84	160170111	81139
chr5	160088972	160288972	harbor2	chr5	160176275	160176462	SINE/MIR	564	+	94	160176369	87397
chr5	160088972	160288972	harbor2	chr5	160188690	160188803	SINE/MIR	408	+	56	160188746	99774
chr5	160725356	160925356	harbor2	chr5	160728972	160729166	SINE/MIR	431	+	97	160729069	3713
chr5	160725356	160925356	harbor2	chr5	160744951	160745120	SINE/MIR	399	+	84	160745035	19679
chr5	160725356	160925356	harbor2	chr5	160758242	160758405	SINE/MIR	452	+	82	160758324	32968
chr5	160725356	160925356	harbor2	chr5	160775597	160775676	SINE/MIR	481	+	40	160775637	50281
chr5	160725356	160925356	harbor2	chr5	160775938	160776015	SINE/MIR	481	+	38	160775976	50620
chr5	160725356	160925356	harbor2	chr5	160776259	160776429	SINE/MIR	396	+	85	160776344	50988
chr5	160725356	160925356	harbor2	chr5	160778799	160778956	SINE/MIR	547	+	78	160778877	53521
chr5	160725356	160925356	harbor2	chr5	160800182	160800340	SINE/MIR	632	+	79	160800261	74905
chr5	160725356	160925356	harbor2	chr5	160804662	160804849	SINE/MIR	560	+	94	160804756	79400
chr5	160725356	160925356	harbor2	chr5	160805080	160805132	SINE/MIR	560	+	26	160805106	79750
chr5	149861530	150061530	harbor2	chr5	149864745	149864912	SINE/MIR	458	+	84	149864829	3299
chr5	149861530	150061530	harbor2	chr5	149868310	149868511	SINE/MIR	595	+	100	149868410	6880
chr5	149861530	150061530	harbor2	chr5	149872132	149872253	SINE/MIR	422	+	60	149872192	10662
chr5	149861530	150061530	harbor2	chr5	149883655	149883876	SINE/MIR	641	+	110	149883765	22235
chr5	149861530	150061530	harbor2	chr5	149885364	149885504	SINE/MIR	480	+	70	149885434	23904
chr5	149861530	150061530	harbor2	chr5	149896929	149897165	SINE/MIR	661	+	118	149897047	35517
chr5	149861530	150061530	harbor2	chr5	149921133	149921257	SINE/MIR	392	+	62	149921195	59665
chr5	149861530	150061530	harbor2	chr5	149940133	149940258	SINE/MIR	452	+	62	149940195	78665
chr5	149861530	150061530	harbor2	chr5	149959103	149959346	SINE/MIR	689	+	122	149959225	97695
chr5	149861530	150061530	harbor2	chr5	149897200	149897326	SINE/MIR	438	+	63	149897263	35733
chr5	152450127	152650127	harbor2	chr5	152450617	152450796	SINE/MIR	470	+	90	152450707	580
chr5	152450127	152650127	harbor2	chr5	152462848	152462999	SINE/MIR	479	+	76	152462924	12797
chr5	152450127	152650127	harbor2	chr5	152465340	152465547	SINE/MIR	428	+	104	152465444	15317
chr5	152450127	152650127	harbor2	chr5	152471990	152472172	SINE/MIR	440	+	91	152472081	21954
chr5	152450127	152650127	harbor2	chr5	152474107	152474284	SINE/MIR	406	+	88	152474195	24068
chr5	152450127	152650127	harbor2	chr5	152533381	152533615	SINE/MIR	573	+	117	152533498	83371
chr5	152450127	152650127	harbor2	chr5	152537182	152537376	SINE/MIR	471	+	97	152537279	87152
chr5	167214039	167414039	harbor2	chr5	167220620	167220759	SINE/MIR	464	+	70	167220690	6651
chr5	167214039	167414039	harbor2	chr5	167261279	167261482	SINE/MIR	677	+	102	167261381	47342
chr5	167214039	167414039	harbor2	chr5	167270772	167271003	SINE/MIR	461	+	116	167270888	56849
chr5	179967824	180167824	harbor2	chr5	180039831	180039986	SINE/MIR	443	+	78	180039909	72085
chr5	165456247	165656247	harbor2	chr5	165474933	165475171	SINE/MIR	494	+	119	165475052	18805
chr5	165456247	165656247	harbor2	chr5	165530430	165530580	SINE/MIR	499	+	75	165530505	74258
chr5	165456247	165656247	harbor2	chr5	165531186	165531433	SINE/MIR	466	+	124	165531310	75063
chr5	165456247	165656247	harbor2	chr5	165551069	165551204	SINE/MIR	581	+	68	165551137	94890
chr5	165456247	165656247	harbor2	chr5	165543791	165544027	SINE/MIR	505	+	118	165543909	87662
chr5	150465723	150665723	harbor2	chr5	150466363	150466456	SINE/MIR	388	+	46	150466409	686
chr5	150465723	150665723	harbor2	chr5	150487115	150487216	SINE/MIR	450	+	50	150487165	21442
chr5	150465723	150665723	harbor2	chr5	150491272	150491501	SINE/MIR	524	+	114	150491386	25663
chr5	150465723	150665723	harbor2	chr5	150492036	150492212	SINE/MIR	477	+	88	150492124	26401
chr5	150465723	150665723	harbor2	chr5	150498150	150498389	SINE/MIR	649	+	120	150498270	32547
chr5	150465723	150665723	harbor2	chr5	150502946	150503161	SINE/MIR	928	+	108	150503054	37331
chr5	150465723	150665723	harbor2	chr5	150503474	150503512	SINE/MIR	928	+	19	150503493	37770
chr5	150465723	150665723	harbor2	chr5	150504598	150504844	SINE/MIR	669	+	123	150504721	38998
chr5	150465723	150665723	harbor2	chr5	150504885	150505119	SINE/MIR	408	+	117	150505002	39279
chr5	150465723	150665723	harbor2	chr5	150505377	150505522	SINE/MIR	449	+	72	150505449	39726
chr5	150465723	150665723	harbor2	chr5	150510041	150510235	SINE/MIR	535	+	97	150510138	44415
chr5	150465723	150665723	harbor2	chr5	150510966	150511167	SINE/MIR	500	+	100	150511066	45343
chr5	150465723	150665723	harbor2	chr5	150514143	150514287	SINE/MIR	689	+	72	150514215	48492
chr5	150465723	150665723	harbor2	chr5	150514583	150514645	SINE/MIR	689	+	31	150514614	48891
chr5	150465723	150665723	harbor2	chr5	150521815	150521960	SINE/MIR	555	+	72	150521887	56164
chr5	150465723	150665723	harbor2	chr5	150524085	150524293	SINE/MIR	485	+	104	150524189	58466
chr5	150465723	150665723	harbor2	chr5	150527491	150527624	SINE/MIR	392	+	66	150527557	61834
chr5	150465723	150665723	harbor2	chr5	150535444	150535606	SINE/MIR	454	+	81	150535525	69802
chr5	150465723	150665723	harbor2	chr5	150550802	150550965	SINE/MIR	487	+	82	150550884	85161
chr5	150465723	150665723	harbor2	chr5	150562383	150562614	SINE/MIR	630	+	116	150562499	96776
chr5	82419363	82619363	harbor2	chr5	82447317	82447498	SINE/MIR	505	+	90	82447407	28044
chr5	82419363	82619363	harbor2	chr5	82447555	82447790	SINE/MIR	926	+	118	82447673	28310
chr5	82419363	82619363	harbor2	chr5	82448861	82449023	SINE/MIR	422	+	81	82448942	29579
chr5	82419363	82619363	harbor2	chr5	82457994	82458183	SINE/MIR	596	+	94	82458088	38725
chr5	82419363	82619363	harbor2	chr5	82486073	82486182	SINE/MIR	563	+	54	82486127	66764
chr5	82419363	82619363	harbor2	chr5	82511763	82512027	SINE/MIR	778	+	132	82511895	92532
chr5	82419363	82619363	harbor2	chr5	82515665	82515841	SINE/MIR	416	+	88	82515753	96390
chr5	82419363	82619363	harbor2	chr5	82517200	82517347	SINE/MIR	430	+	74	82517274	97911
chr5	82419363	82619363	harbor2	chr5	82493369	82493619	SINE/MIR	695	+	125	82493494	74131
chr5	123519188	123719188	harbor2	chr5	123591900	123591964	SINE/MIR	402	+	32	123591932	72744
chr5	123519188	123719188	harbor2	chr5	123606394	123606602	SINE/MIR	574	+	104	123606498	87310
chr5	146395613	146595613	harbor2	chr5	146396582	146396733	SINE/MIR	433	+	76	146396658	1045
chr5	146395613	146595613	harbor2	chr5	146401838	146401910	SINE/MIR	470	+	36	146401874	6261
chr5	146395613	146595613	harbor2	chr5	146402185	146402330	SINE/MIR	470	+	72	146402257	6644
chr5	146395613	146595613	harbor2	chr5	146434843	146435043	SINE/MIR	491	+	100	146434943	39330
chr5	146395613	146595613	harbor2	chr5	146435409	146435568	SINE/MIR	496	+	80	146435489	39876
chr5	146395613	146595613	harbor2	chr5	146442040	146442294	SINE/MIR	1149	+	127	146442167	46554
chr5	146395613	146595613	harbor2	chr5	146443361	146443584	SINE/MIR	715	+	112	146443473	47860
chr5	146395613	146595613	harbor2	chr5	146446262	146446502	SINE/MIR	709	+	120	146446382	50769
chr5	146395613	146595613	harbor2	chr5	146449910	146450065	SINE/MIR	426	+	78	146449988	54375
chr5	146395613	146595613	harbor2	chr5	146452892	146453071	SINE/MIR	734	+	90	146452982	57369
chr5	168397784	168597784	harbor2	chr5	168421645	168421818	SINE/MIR	449	+	86	168421731	23947
chr5	168397784	168597784	harbor2	chr5	168432078	168432303	SINE/MIR	639	+	112	168432190	34406
chr5	168397784	168597784	harbor2	chr5	168443517	168443723	SINE/MIR	465	+	103	168443620	45836
chr5	168397784	168597784	harbor2	chr5	168454323	168454474	SINE/MIR	628	+	76	168454399	56615
chr5	180071636	180271636	harbor2	chr5	180116839	180117021	SINE/MIR	471	+	91	180116930	45294
chr5	180071636	180271636	harbor2	chr5	180127993	180128171	SINE/MIR	409	+	89	180128082	56446
chr5	171084776	171284776	harbor2	chr5	171104605	171104835	SINE/MIR	573	+	115	171104720	19944
chr5	171084776	171284776	harbor2	chr5	171110127	171110304	SINE/MIR	595	+	88	171110215	25439
chr5	171084776	171284776	harbor2	chr5	171131015	171131204	SINE/MIR	610	+	94	171131109	46333
chr5	171084776	171284776	harbor2	chr5	171146839	171147033	SINE/MIR	471	+	97	171146936	62160
chr5	171084776	171284776	harbor2	chr5	171148660	171148954	SINE/MIR	558	+	147	171148807	64031
chr5	171084776	171284776	harbor2	chr5	171182414	171182649	SINE/MIR	735	+	118	171182532	97756
chr5	65519450	65719450	harbor2	chr5	65560922	65561153	SINE/MIR	785	+	116	65561038	41588
chr5	65519450	65719450	harbor2	chr5	65568917	65569135	SINE/MIR	427	+	109	65569026	49576
chr5	65519450	65719450	harbor2	chr5	65586384	65586528	SINE/MIR	473	+	72	65586456	67006
chr5	165437225	165637225	harbor2	chr5	165474933	165475171	SINE/MIR	494	+	119	165475052	37827
chr5	165437225	165637225	harbor2	chr5	165530430	165530580	SINE/MIR	499	+	75	165530505	93280
chr5	165437225	165637225	harbor2	chr5	165531186	165531433	SINE/MIR	466	+	124	165531310	94085
chr5	149384362	149584362	harbor2	chr5	149384493	149384642	SINE/MIR	414	+	74	149384567	205
chr5	149384362	149584362	harbor2	chr5	149388853	149389044	SINE/MIR	460	+	96	149388949	4587
chr5	149384362	149584362	harbor2	chr5	149407613	149407777	SINE/MIR	420	+	82	149407695	23333
chr5	149384362	149584362	harbor2	chr5	149408348	149408539	SINE/MIR	587	+	96	149408444	24082
chr5	149384362	149584362	harbor2	chr5	149411302	149411554	SINE/MIR	866	+	126	149411428	27066
chr5	149384362	149584362	harbor2	chr5	149423487	149423650	SINE/MIR	514	+	82	149423569	39207
chr5	149384362	149584362	harbor2	chr5	149441010	149441185	SINE/MIR	563	+	88	149441098	56736
chr5	160248716	160448716	harbor2	chr5	160257672	160257828	SINE/MIR	524	+	78	160257750	9034
chr5	160248716	160448716	harbor2	chr5	160259896	160260119	SINE/MIR	575	+	112	160260008	11292
chr5	160248716	160448716	harbor2	chr5	160269865	160270028	SINE/MIR	547	+	82	160269947	21231
chr5	160248716	160448716	harbor2	chr5	160270602	160270616	SINE/MIR	547	+	7	160270609	21893
chr5	160248716	160448716	harbor2	chr5	160280150	160280369	SINE/MIR	558	+	110	160280260	31544
chr5	160248716	160448716	harbor2	chr5	160296886	160297099	SINE/MIR	491	+	106	160296992	48276
chr5	160248716	160448716	harbor2	chr5	160305685	160305887	SINE/MIR	526	+	101	160305786	57070
chr5	160248716	160448716	harbor2	chr5	160313296	160313483	SINE/MIR	471	+	94	160313390	64674
chr5	160248716	160448716	harbor2	chr5	160322322	160322524	SINE/MIR	459	+	101	160322423	73707
chr5	160248716	160448716	harbor2	chr5	160324988	160325143	SINE/MIR	529	+	78	160325066	76350
chr5	160248716	160448716	harbor2	chr5	160327129	160327303	SINE/MIR	408	+	87	160327216	78500
chr5	160248716	160448716	harbor2	chr5	160343027	160343275	SINE/MIR	749	+	124	160343151	94435
chr5	160248716	160448716	harbor2	chr5	160268282	160268488	SINE/MIR	508	+	103	160268385	19669
chr5	115352520	115552520	harbor2	chr5	115372127	115372318	SINE/MIR	554	+	96	115372223	19703
chr5	115352520	115552520	harbor2	chr5	115394834	115395018	SINE/MIR	746	+	92	115394926	42406
chr5	115352520	115552520	harbor2	chr5	115434851	115434861	SINE/MIR	411	+	5	115434856	82336
chr5	115352520	115552520	harbor2	chr5	115435126	115435276	SINE/MIR	411	+	75	115435201	82681
chr5	173689405	173889405	harbor2	chr5	173692864	173692954	SINE/MIR	391	+	45	173692909	3504
chr5	173689405	173889405	harbor2	chr5	173693160	173693392	SINE/MIR	701	+	116	173693276	3871
chr5	173689405	173889405	harbor2	chr5	173707273	173707478	SINE/MIR	669	+	102	173707375	17970
chr5	173689405	173889405	harbor2	chr5	173709691	173709866	SINE/MIR	510	+	88	173709779	20374
chr5	173689405	173889405	harbor2	chr5	173721962	173722126	SINE/MIR	444	+	82	173722044	32639
chr5	173689405	173889405	harbor2	chr5	173727837	173727945	SINE/MIR	465	+	54	173727891	38486
chr5	173689405	173889405	harbor2	chr5	173728191	173728417	SINE/MIR	605	+	113	173728304	38899
chr5	173689405	173889405	harbor2	chr5	173729425	173729607	SINE/MIR	391	+	91	173729516	40111
chr5	173689405	173889405	harbor2	chr5	173730124	173730303	SINE/MIR	601	+	90	173730214	40809
chr5	173689405	173889405	harbor2	chr5	173734994	173735214	SINE/MIR	452	+	110	173735104	45699
chr5	173689405	173889405	harbor2	chr5	173738118	173738317	SINE/MIR	639	+	100	173738218	48813
chr5	173689405	173889405	harbor2	chr5	173743960	173744161	SINE/MIR	583	+	100	173744060	54655
chr5	173689405	173889405	harbor2	chr5	173750973	173751181	SINE/MIR	444	+	104	173751077	61672
chr5	173689405	173889405	harbor2	chr5	173758225	173758403	SINE/MIR	413	+	89	173758314	68909
chr5	173689405	173889405	harbor2	chr5	173767296	173767443	SINE/MIR	449	+	74	173767370	77965
chr5	173689405	173889405	harbor2	chr5	173768519	173768702	SINE/MIR	703	+	92	173768611	79206
chr5	173689405	173889405	harbor2	chr5	173770217	173770292	SINE/MIR	863	+	38	173770255	80850
chr5	173689405	173889405	harbor2	chr5	173770375	173770541	SINE/MIR	863	+	83	173770458	81053
chr5	173689405	173889405	harbor2	chr5	173772177	173772308	SINE/MIR	473	+	66	173772243	82838
chr5	173689405	173889405	harbor2	chr5	173780935	173781155	SINE/MIR	611	+	110	173781045	91640
chr5	173689405	173889405	harbor2	chr5	173787770	173787960	SINE/MIR	469	+	95	173787865	98460
chr5	173689405	173889405	harbor2	chr5	173735825	173736021	SINE/MIR	711	+	98	173735923	46518
chr5	92851329	93051329	harbor2	chr5	92946044	92946262	SINE/MIR	588	+	109	92946153	94824
chr5	58108157	58308157	harbor2	chr5	58124551	58124704	SINE/MIR	659	+	76	58124627	16470
chr5	58108157	58308157	harbor2	chr5	58126318	58126575	SINE/MIR	758	+	128	58126446	18289
chr5	58108157	58308157	harbor2	chr5	58132325	58132531	SINE/MIR	501	+	103	58132428	24271
chr5	58108157	58308157	harbor2	chr5	58159137	58159365	SINE/MIR	495	+	114	58159251	51094
chr5	58108157	58308157	harbor2	chr5	58187796	58188010	SINE/MIR	867	+	107	58187903	79746
chr5	118080672	118280672	harbor2	chr5	118098851	118099066	SINE/MIR	422	+	108	118098959	18287
chr5	118080672	118280672	harbor2	chr5	118144664	118144869	SINE/MIR	546	+	102	118144766	64094
chr5	118080672	118280672	harbor2	chr5	118166122	118166304	SINE/MIR	388	+	91	118166213	85541
chr6	70749683	70949683	harbor2	chr6	70752108	70752245	SINE/MIR	420	+	68	70752176	2493
chr6	70749683	70949683	harbor2	chr6	70752344	70752556	SINE/MIR	410	+	106	70752450	2767
chr6	70749683	70949683	harbor2	chr6	70796145	70796261	SINE/MIR	494	+	58	70796203	46520
chr6	70749683	70949683	harbor2	chr6	70796314	70796538	SINE/MIR	495	+	112	70796426	46743
chr6	169229148	169429148	harbor2	chr6	169251960	169252079	SINE/MIR	459	+	60	169252020	22872
chr6	143029044	143229044	harbor2	chr6	143050001	143050136	SINE/MIR	509	+	68	143050069	21025
chr6	143029044	143229044	harbor2	chr6	143050675	143050887	SINE/MIR	738	+	106	143050781	21737
chr6	143029044	143229044	harbor2	chr6	143089325	143089533	SINE/MIR	681	+	104	143089429	60385
chr6	143029044	143229044	harbor2	chr6	143089943	143090009	SINE/MIR	681	+	33	143089976	60932
chr6	143029044	143229044	harbor2	chr6	143090109	143090266	SINE/MIR	404	+	78	143090187	61143
chr6	143029044	143229044	harbor2	chr6	143114832	143114966	SINE/MIR	406	+	67	143114899	85855
chr6	143029044	143229044	harbor2	chr6	143115581	143115727	SINE/MIR	459	+	73	143115654	86610
chr6	153903016	154103016	harbor2	chr6	153985006	153985239	SINE/MIR	823	+	116	153985122	82106
chr6	158215953	158415953	harbor2	chr6	158287997	158288201	SINE/MIR	506	+	102	158288099	72146
chr6	158215953	158415953	harbor2	chr6	158290835	158291069	SINE/MIR	659	+	117	158290952	74999
chr6	153957261	154157261	harbor2	chr6	153985006	153985239	SINE/MIR	823	+	116	153985122	27861
chr6	153957261	154157261	harbor2	chr6	154009999	154010239	SINE/MIR	603	+	120	154010119	52858
chr6	138057692	138257692	harbor2	chr6	138069788	138070041	SINE/MIR	734	+	126	138069914	12222
chr6	138057692	138257692	harbor2	chr6	138085982	138086113	SINE/MIR	426	+	66	138086048	28356
chr6	138057692	138257692	harbor2	chr6	138109181	138109381	SINE/MIR	660	+	100	138109281	51589
chr6	138057692	138257692	harbor2	chr6	138122352	138122522	SINE/MIR	407	+	85	138122437	64745
chr6	90906655	91106655	harbor2	chr6	90950621	90950847	SINE/MIR	518	+	113	90950734	44079
chr6	90906655	91106655	harbor2	chr6	90951787	90951944	SINE/MIR	509	+	78	90951865	45210
chr6	90906655	91106655	harbor2	chr6	90955987	90956213	SINE/MIR	804	+	113	90956100	49445
chr6	90906655	91106655	harbor2	chr6	90970516	90970690	SINE/MIR	650	+	87	90970603	63948
chr6	90906655	91106655	harbor2	chr6	90987500	90987645	SINE/MIR	443	+	72	90987572	80917
chr6	128525513	128725513	harbor2	chr6	128599020	128599258	SINE/MIR	706	+	119	128599139	73626
chr6	45836312	46036312	harbor2	chr6	45904066	45904306	SINE/MIR	1039	+	120	45904186	67874
chr6	45836312	46036312	harbor2	chr6	45917156	45917344	SINE/MIR	538	+	94	45917250	80938
chr6	45836312	46036312	harbor2	chr6	45923826	45924031	SINE/MIR	697	+	102	45923928	87616
chr6	131542373	131742373	harbor2	chr6	131576341	131576568	SINE/MIR	486	+	114	131576455	34082
chr6	131542373	131742373	harbor2	chr6	131598791	131598955	SINE/MIR	469	+	82	131598873	56500
chr6	36244557	36444557	harbor2	chr6	36249504	36249699	SINE/MIR	410	+	98	36249602	5045
chr6	36244557	36444557	harbor2	chr6	36249696	36249944	SINE/MIR	697	+	124	36249820	5263
chr6	36244557	36444557	harbor2	chr6	36271861	36271991	SINE/MIR	539	+	65	36271926	27369
chr6	36244557	36444557	harbor2	chr6	36272501	36272574	SINE/MIR	539	+	36	36272537	27980
chr6	36244557	36444557	harbor2	chr6	36289848	36290014	SINE/MIR	429	+	83	36289931	45374
chr6	36244557	36444557	harbor2	chr6	36296697	36296862	SINE/MIR	407	+	82	36296779	52222
chr6	36244557	36444557	harbor2	chr6	36296853	36297024	SINE/MIR	622	+	86	36296939	52382
chr6	36244557	36444557	harbor2	chr6	36307803	36308041	SINE/MIR	601	+	119	36307922	63365
chr6	36244557	36444557	harbor2	chr6	36314837	36315010	SINE/MIR	491	+	86	36314923	70366
chr6	36244557	36444557	harbor2	chr6	36322735	36322864	SINE/MIR	523	+	64	36322799	78242
chr6	36244557	36444557	harbor2	chr6	36325906	36326032	SINE/MIR	427	+	63	36325969	81412
chr6	36244557	36444557	harbor2	chr6	36327349	36327527	SINE/MIR	545	+	89	36327438	82881
chr6	36244557	36444557	harbor2	chr6	36341799	36341921	SINE/MIR	418	+	61	36341860	97303
chr6	36244557	36444557	harbor2	chr6	36290371	36290564	SINE/MIR	768	+	96	36290467	45910
chr6	137384853	137584853	harbor2	chr6	137385301	137385536	SINE/MIR	554	+	118	137385419	566
chr6	137384853	137584853	harbor2	chr6	137391227	137391482	SINE/MIR	484	+	128	137391355	6502
chr6	137384853	137584853	harbor2	chr6	137398450	137398608	SINE/MIR	554	+	79	137398529	13676
chr6	137384853	137584853	harbor2	chr6	137452832	137453082	SINE/MIR	435	+	125	137452957	68104
chr6	137384853	137584853	harbor2	chr6	137471311	137471453	SINE/MIR	465	+	71	137471382	86529
chr6	137384853	137584853	harbor2	chr6	137478795	137478944	SINE/MIR	649	+	74	137478869	94016
chr6	137384853	137584853	harbor2	chr6	137479234	137479323	SINE/MIR	649	+	44	137479278	94425
chr6	137384853	137584853	harbor2	chr6	137479998	137480170	SINE/MIR	459	+	86	137480084	95231
chr6	137384853	137584853	harbor2	chr6	137483255	137483417	SINE/MIR	808	+	81	137483336	98483
chr6	169972501	170172501	harbor2	chr6	170017729	170017934	SINE/MIR	839	+	102	170017831	45330
chr6	169972501	170172501	harbor2	chr6	170048983	170049142	SINE/MIR	464	+	80	170049063	76562
chr6	165505728	165705728	harbor2	chr6	165572254	165572393	SINE/MIR	416	+	70	165572324	66596
chr6	165505728	165705728	harbor2	chr6	165588734	165588926	SINE/MIR	484	+	96	165588830	83102
chr6	165505728	165705728	harbor2	chr6	165598531	165598689	SINE/MIR	532	+	79	165598610	92882
chr6	96630774	96830774	harbor2	chr6	96631095	96631332	SINE/MIR	885	+	118	96631213	439
chr6	96630774	96830774	harbor2	chr6	96712923	96713170	SINE/MIR	645	+	124	96713047	82273
chr6	122138709	122338709	harbor2	chr6	122180538	122180748	SINE/MIR	571	+	105	122180643	41934
chr6	122138709	122338709	harbor2	chr6	122198494	122198680	SINE/MIR	574	+	93	122198587	59878
chr6	62201863	62401863	harbor2	chr6	62236625	62236771	SINE/MIR	449	+	73	62236698	34835
chr6	87971843	88171843	harbor2	chr6	88009274	88009417	SINE/MIR	460	+	72	88009346	37503
chr6	87971843	88171843	harbor2	chr6	88047187	88047345	SINE/MIR	464	+	79	88047266	75423
chr6	87971843	88171843	harbor2	chr6	88062353	88062468	SINE/MIR	408	+	58	88062411	90568
chr6	97655208	97855208	harbor2	chr6	97662546	97662772	SINE/MIR	682	+	113	97662659	7451
chr6	97655208	97855208	harbor2	chr6	97685445	97685625	SINE/MIR	591	+	90	97685535	30327
chr6	97655208	97855208	harbor2	chr6	97712775	97713011	SINE/MIR	539	+	118	97712893	57685
chr6	97655208	97855208	harbor2	chr6	97748665	97748845	SINE/MIR	583	+	90	97748755	93547
chr6	97655208	97855208	harbor2	chr6	97751928	97752139	SINE/MIR	563	+	106	97752034	96826
chr6	72668379	72868379	harbor2	chr6	72672545	72672738	SINE/MIR	545	+	96	72672641	4262
chr6	72668379	72868379	harbor2	chr6	72694439	72694656	SINE/MIR	438	+	108	72694547	26168
chr6	72668379	72868379	harbor2	chr6	72699958	72700082	SINE/MIR	500	+	62	72700020	31641
chr6	72668379	72868379	harbor2	chr6	72720990	72721235	SINE/MIR	573	+	122	72721112	52733
chr6	121539229	121739229	harbor2	chr6	121560617	121560784	SINE/MIR	462	+	84	121560701	21472
chr6	139566587	139766587	harbor2	chr6	139578998	139579166	SINE/MIR	499	+	84	139579082	12495
chr6	139566587	139766587	harbor2	chr6	139609045	139609294	SINE/MIR	511	+	124	139609169	42582
chr6	139566587	139766587	harbor2	chr6	139656773	139657004	SINE/MIR	784	+	116	139656889	90302
chr6	139566587	139766587	harbor2	chr6	139624337	139624587	SINE/MIR	639	+	125	139624462	57875
chr6	146843477	147043477	harbor2	chr6	146848395	146848582	SINE/MIR	503	+	94	146848489	5012
chr6	146843477	147043477	harbor2	chr6	146906145	146906376	SINE/MIR	493	+	116	146906261	62784
chr6	146843477	147043477	harbor2	chr6	146913221	146913437	SINE/MIR	532	+	108	146913329	69852
chr6	146843477	147043477	harbor2	chr6	146918490	146918707	SINE/MIR	431	+	108	146918598	75121
chr6	133228895	133428895	harbor2	chr6	133240135	133240347	SINE/MIR	464	+	106	133240241	11346
chr6	133228895	133428895	harbor2	chr6	133250327	133250359	SINE/MIR	581	+	16	133250343	21448
chr6	133228895	133428895	harbor2	chr6	133250672	133250855	SINE/MIR	581	+	92	133250764	21869
chr6	133228895	133428895	harbor2	chr6	133254940	133255156	SINE/MIR	680	+	108	133255048	26153
chr6	133228895	133428895	harbor2	chr6	133298563	133298739	SINE/MIR	642	+	88	133298651	69756
chr6	133228895	133428895	harbor2	chr6	133328058	133328296	SINE/MIR	563	+	119	133328177	99282
chr6	29991401	30191401	harbor2	chr6	30058922	30059105	SINE/MIR	602	+	92	30059014	67613
chr6	120243317	120443317	harbor2	chr6	120313185	120313358	SINE/MIR	541	+	86	120313271	69954
chr6	120243317	120443317	harbor2	chr6	120313742	120313793	SINE/MIR	541	+	26	120313768	70451
chr6	132357172	132557172	harbor2	chr6	132360282	132360377	SINE/MIR	563	+	48	132360330	3158
chr6	132357172	132557172	harbor2	chr6	132363543	132363751	SINE/MIR	496	+	104	132363647	6475
chr6	132357172	132557172	harbor2	chr6	132375738	132375970	SINE/MIR	412	+	116	132375854	18682
chr6	132357172	132557172	harbor2	chr6	132413940	132414163	SINE/MIR	910	+	112	132414052	56880
chr6	132357172	132557172	harbor2	chr6	132438084	132438337	SINE/MIR	672	+	126	132438210	81038
chr6	132357172	132557172	harbor2	chr6	132443582	132443833	SINE/MIR	589	+	126	132443708	86536
chr6	162931369	163131369	harbor2	chr6	162997947	162998109	SINE/MIR	644	+	81	162998028	66659
chr6	148572296	148772296	harbor2	chr6	148591779	148591926	SINE/MIR	430	+	74	148591853	19557
chr6	148572296	148772296	harbor2	chr6	148592766	148593002	SINE/MIR	494	+	118	148592884	20588
chr6	148572296	148772296	harbor2	chr6	148615040	148615233	SINE/MIR	503	+	96	148615136	42840
chr6	148572296	148772296	harbor2	chr6	148617429	148617666	SINE/MIR	479	+	118	148617547	45251
chr6	148572296	148772296	harbor2	chr6	148634503	148634687	SINE/MIR	473	+	92	148634595	62299
chr6	148572296	148772296	harbor2	chr6	148636118	148636305	SINE/MIR	563	+	94	148636212	63916
chr6	23124269	23324269	harbor2	chr6	23129300	23129485	SINE/MIR	457	+	92	23129392	5123
chr6	23124269	23324269	harbor2	chr6	23212325	23212508	SINE/MIR	426	+	92	23212417	88148
chr6	23124269	23324269	harbor2	chr6	23220388	23220638	SINE/MIR	625	+	125	23220513	96244
chr6	130097882	130297882	harbor2	chr6	130099757	130099921	SINE/MIR	627	+	82	130099839	1957
chr6	130097882	130297882	harbor2	chr6	130103061	130103209	SINE/MIR	433	+	74	130103135	5253
chr6	130097882	130297882	harbor2	chr6	130108002	130108216	SINE/MIR	422	+	107	130108109	10227
chr6	130097882	130297882	harbor2	chr6	130122356	130122615	SINE/MIR	807	+	130	130122486	24604
chr6	130097882	130297882	harbor2	chr6	130122725	130122904	SINE/MIR	697	+	90	130122815	24933
chr6	74997706	75197706	harbor2	chr6	75021535	75021750	SINE/MIR	463	+	108	75021643	23937
chr6	74997706	75197706	harbor2	chr6	75030636	75030845	SINE/MIR	650	+	104	75030740	33034
chr6	94062142	94262142	harbor2	chr6	94159554	94159706	SINE/MIR	565	+	76	94159630	97488
chr6	80852540	81052540	harbor2	chr6	80881771	80881986	SINE/MIR	430	+	108	80881879	29339
chr6	143585689	143785689	harbor2	chr6	143600971	143601176	SINE/MIR	707	+	102	143601073	15384
chr6	143585689	143785689	harbor2	chr6	143611470	143611665	SINE/MIR	644	+	98	143611568	25879
chr6	158730669	158930669	harbor2	chr6	158820152	158820284	SINE/MIR	586	+	66	158820218	89549
chr6	158730669	158930669	harbor2	chr6	158821569	158821590	SINE/MIR	508	+	10	158821579	90910
chr6	158730669	158930669	harbor2	chr6	158821905	158822097	SINE/MIR	508	+	96	158822001	91332
chr6	156328844	156528844	harbor2	chr6	156335791	156335941	SINE/MIR	448	+	75	156335866	7022
chr6	156328844	156528844	harbor2	chr6	156340122	156340304	SINE/MIR	643	+	91	156340213	11369
chr6	156328844	156528844	harbor2	chr6	156349934	156350185	SINE/MIR	483	+	126	156350060	21216
chr6	156328844	156528844	harbor2	chr6	156357789	156358012	SINE/MIR	699	+	112	156357901	29057
chr6	156328844	156528844	harbor2	chr6	156398508	156398667	SINE/MIR	471	+	80	156398588	69744
chr6	156328844	156528844	harbor2	chr6	156398686	156398811	SINE/MIR	413	+	62	156398748	69904
chr6	156328844	156528844	harbor2	chr6	156416935	156417129	SINE/MIR	445	+	97	156417032	88188
chr6	166679815	166879815	harbor2	chr6	166754830	166755022	SINE/MIR	503	+	96	166754926	75111
chr6	166679815	166879815	harbor2	chr6	166763343	166763538	SINE/MIR	590	+	98	166763441	83626
chr6	155518162	155718162	harbor2	chr6	155582852	155582984	SINE/MIR	474	+	66	155582918	64756
chr6	161856379	162056379	harbor2	chr6	161893548	161893717	SINE/MIR	473	+	84	161893632	37253
chr6	161856379	162056379	harbor2	chr6	161924006	161924204	SINE/MIR	689	+	99	161924105	67726
chr6	116187857	116387857	harbor2	chr6	116192170	116192318	SINE/MIR	443	+	74	116192244	4387
chr6	116187857	116387857	harbor2	chr6	116193380	116193584	SINE/MIR	473	+	102	116193482	5625
chr6	116187857	116387857	harbor2	chr6	116197572	116197812	SINE/MIR	547	+	120	116197692	9835
chr6	116187857	116387857	harbor2	chr6	116210430	116210679	SINE/MIR	1003	+	124	116210554	22697
chr6	116187857	116387857	harbor2	chr6	116221678	116221874	SINE/MIR	479	+	98	116221776	33919
chr6	116187857	116387857	harbor2	chr6	116269130	116269344	SINE/MIR	771	+	107	116269237	81380
chr6	156263374	156463374	harbor2	chr6	156313920	156314169	SINE/MIR	631	+	124	156314044	50670
chr6	156263374	156463374	harbor2	chr6	156335791	156335941	SINE/MIR	448	+	75	156335866	72492
chr6	156263374	156463374	harbor2	chr6	156340122	156340304	SINE/MIR	643	+	91	156340213	76839
chr6	156263374	156463374	harbor2	chr6	156349934	156350185	SINE/MIR	483	+	126	156350060	86686
chr6	156263374	156463374	harbor2	chr6	156357789	156358012	SINE/MIR	699	+	112	156357901	94527
chr6	169345239	169545239	harbor2	chr6	169444922	169445031	SINE/MIR	433	+	54	169444976	99737
chr6	161720605	161920605	harbor2	chr6	161736227	161736417	SINE/MIR	514	+	95	161736322	15717
chr6	161720605	161920605	harbor2	chr6	161766910	161767043	SINE/MIR	410	+	66	161766976	46371
chr6	161720605	161920605	harbor2	chr6	161776738	161776927	SINE/MIR	525	+	94	161776832	56227
chr6	161720605	161920605	harbor2	chr6	161777020	161777231	SINE/MIR	449	+	106	161777126	56521
chr6	129780150	129980150	harbor2	chr6	129788848	129789068	SINE/MIR	542	+	110	129788958	8808
chr6	129780150	129980150	harbor2	chr6	129844336	129844523	SINE/MIR	513	+	94	129844430	64280
chr6	146888609	147088609	harbor2	chr6	146906145	146906376	SINE/MIR	493	+	116	146906261	17652
chr6	146888609	147088609	harbor2	chr6	146913221	146913437	SINE/MIR	532	+	108	146913329	24720
chr6	146888609	147088609	harbor2	chr6	146918490	146918707	SINE/MIR	431	+	108	146918598	29989
chr6	146888609	147088609	harbor2	chr6	146974343	146974491	SINE/MIR	497	+	74	146974417	85808
chr6	168808701	169008701	harbor2	chr6	168873029	168873185	SINE/MIR	434	+	78	168873107	64406
chr6	140226038	140426038	harbor2	chr6	140229168	140229362	SINE/MIR	530	+	97	140229265	3227
chr6	140226038	140426038	harbor2	chr6	140263628	140263769	SINE/MIR	483	+	70	140263698	37660
chr6	140226038	140426038	harbor2	chr6	140310458	140310656	SINE/MIR	843	+	99	140310557	84519
chr6	90147112	90347112	harbor2	chr6	90179566	90179739	SINE/MIR	487	+	86	90179652	32540
chr6	90147112	90347112	harbor2	chr6	90191543	90191788	SINE/MIR	674	+	122	90191665	44553
chr6	90147112	90347112	harbor2	chr6	90230123	90230342	SINE/MIR	464	+	110	90230233	83121
chr6	90147112	90347112	harbor2	chr6	90233461	90233684	SINE/MIR	670	+	112	90233573	86461
chr6	90147112	90347112	harbor2	chr6	90235232	90235454	SINE/MIR	694	+	111	90235343	88231
chr6	159849420	160049420	harbor2	chr6	159854748	159854960	SINE/MIR	611	+	106	159854854	5434
chr6	159849420	160049420	harbor2	chr6	159886452	159886568	SINE/MIR	414	+	58	159886510	37090
chr6	159849420	160049420	harbor2	chr6	159908292	159908460	SINE/MIR	517	+	84	159908376	58956
chr6	159849420	160049420	harbor2	chr6	159933951	159934195	SINE/MIR	668	+	122	159934073	84653
chr6	158008970	158208970	harbor2	chr6	158032582	158032802	SINE/MIR	681	+	110	158032692	23722
chr6	158008970	158208970	harbor2	chr6	158047287	158047494	SINE/MIR	541	+	104	158047391	38421
chr6	158008970	158208970	harbor2	chr6	158047805	158047853	SINE/MIR	541	+	24	158047829	38859
chr6	115317808	115517808	harbor2	chr6	115364665	115364898	SINE/MIR	592	+	116	115364781	46973
chr6	115317808	115517808	harbor2	chr6	115371336	115371479	SINE/MIR	435	+	72	115371408	53600
chr6	115317808	115517808	harbor2	chr6	115383500	115383711	SINE/MIR	607	+	106	115383606	65798
chr6	115317808	115517808	harbor2	chr6	115384798	115384977	SINE/MIR	455	+	90	115384888	67080
chr6	115317808	115517808	harbor2	chr6	115413158	115413409	SINE/MIR	553	+	126	115413284	95476
chr6	167670830	167870830	harbor2	chr6	167755367	167755520	SINE/MIR	455	+	76	167755443	84613
chr6	127770974	127970974	harbor2	chr6	127800070	127800228	SINE/MIR	445	+	79	127800149	29175
chr6	127770974	127970974	harbor2	chr6	127804390	127804523	SINE/MIR	411	+	66	127804456	33482
chr6	127770974	127970974	harbor2	chr6	127835313	127835563	SINE/MIR	609	+	125	127835438	64464
chr6	127770974	127970974	harbor2	chr6	127868020	127868230	SINE/MIR	558	+	105	127868125	97151
chr6	72276611	72476611	harbor2	chr6	72281197	72281340	SINE/MIR	449	+	72	72281269	4658
chr6	72276611	72476611	harbor2	chr6	72282580	72282797	SINE/MIR	529	+	108	72282688	6077
chr6	72276611	72476611	harbor2	chr6	72346062	72346210	SINE/MIR	404	+	74	72346136	69525
chr6	72276611	72476611	harbor2	chr6	72357478	72357670	SINE/MIR	409	+	96	72357574	80963
chr6	72276611	72476611	harbor2	chr6	72371799	72371915	SINE/MIR	459	+	58	72371857	95246
chr6	167536745	167736745	harbor2	chr6	167560938	167561150	SINE/MIR	497	+	106	167561044	24299
chr6	153121046	153321046	harbor2	chr6	153140925	153141162	SINE/MIR	492	+	118	153141043	19997
chr6	153121046	153321046	harbor2	chr6	153175182	153175289	SINE/MIR	460	+	54	153175236	54190
chr6	153121046	153321046	harbor2	chr6	153208091	153208318	SINE/MIR	544	+	114	153208205	87159
chr6	70577198	70777198	harbor2	chr6	70587569	70587789	SINE/MIR	832	+	110	70587679	10481
chr6	70577198	70777198	harbor2	chr6	70589697	70589816	SINE/MIR	832	+	60	70589757	12559
chr6	70577198	70777198	harbor2	chr6	70590716	70590761	SINE/MIR	832	+	22	70590738	13540
chr6	70577198	70777198	harbor2	chr6	70591220	70591275	SINE/MIR	832	+	28	70591248	14050
chr6	70577198	70777198	harbor2	chr6	70638766	70638951	SINE/MIR	579	+	92	70638858	61660
chr6	70577198	70777198	harbor2	chr6	70667130	70667326	SINE/MIR	768	+	98	70667228	90030
chr6	117290755	117490755	harbor2	chr6	117291568	117291751	SINE/MIR	590	+	92	117291660	905
chr6	117290755	117490755	harbor2	chr6	117309882	117310050	SINE/MIR	403	+	84	117309966	19211
chr6	117290755	117490755	harbor2	chr6	117311343	117311561	SINE/MIR	641	+	109	117311452	20697
chr6	117290755	117490755	harbor2	chr6	117356181	117356407	SINE/MIR	873	+	113	117356294	65539
chr6	117290755	117490755	harbor2	chr6	117364347	117364568	SINE/MIR	438	+	110	117364457	73702
chr6	116916365	117116365	harbor2	chr6	116940848	116941036	SINE/MIR	474	+	94	116940942	24577
chr6	145015612	145215612	harbor2	chr6	145088793	145088995	SINE/MIR	521	+	101	145088894	73282
chr6	125468561	125668561	harbor2	chr6	125469834	125470060	SINE/MIR	689	+	113	125469947	1386
chr6	125468561	125668561	harbor2	chr6	125470116	125470312	SINE/MIR	687	+	98	125470214	1653
chr6	125468561	125668561	harbor2	chr6	125477056	125477290	SINE/MIR	479	+	117	125477173	8612
chr6	125468561	125668561	harbor2	chr6	125482236	125482406	SINE/MIR	435	+	85	125482321	13760
chr6	125468561	125668561	harbor2	chr6	125493333	125493579	SINE/MIR	528	+	123	125493456	24895
chr6	125468561	125668561	harbor2	chr6	125518924	125519174	SINE/MIR	602	+	125	125519049	50488
chr6	125468561	125668561	harbor2	chr6	125538417	125538607	SINE/MIR	529	+	95	125538512	69951
chr6	150209643	150409643	harbor2	chr6	150221600	150221771	SINE/MIR	591	+	86	150221686	12043
chr6	150209643	150409643	harbor2	chr6	150266428	150266668	SINE/MIR	831	+	120	150266548	56905
chr6	72593689	72793689	harbor2	chr6	72607894	72608111	SINE/MIR	514	+	108	72608002	14313
chr6	72593689	72793689	harbor2	chr6	72617153	72617315	SINE/MIR	411	+	81	72617234	23545
chr6	72593689	72793689	harbor2	chr6	72617629	72617695	SINE/MIR	411	+	33	72617662	23973
chr6	72593689	72793689	harbor2	chr6	72672545	72672738	SINE/MIR	545	+	96	72672641	78952
chr6	82153051	82353051	harbor2	chr6	82198004	82198165	SINE/MIR	411	+	80	82198084	45033
chr6	82153051	82353051	harbor2	chr6	82226039	82226320	SINE/MIR	515	+	140	82226179	73128
chr6	82153051	82353051	harbor2	chr6	82243990	82244215	SINE/MIR	405	+	112	82244102	91051
chr6	82153051	82353051	harbor2	chr6	82249337	82249523	SINE/MIR	537	+	93	82249430	96379
chr6	82153051	82353051	harbor2	chr6	82251801	82251982	SINE/MIR	594	+	90	82251891	98840
chr6	161954446	162154446	harbor2	chr6	162017217	162017458	SINE/MIR	455	+	120	162017337	62891
chr6	27979642	28179642	harbor2	chr6	28046063	28046270	SINE/MIR	434	+	104	28046167	66525
chr6	27979642	28179642	harbor2	chr6	28064339	28064560	SINE/MIR	403	+	110	28064449	84807
chr6	104218893	104418893	harbor2	chr6	104290961	104291180	SINE/MIR	836	+	110	104291071	72178
chr6	104218893	104418893	harbor2	chr6	104315645	104315820	SINE/MIR	609	+	88	104315733	96840
chr6	143423242	143623242	harbor2	chr6	143428940	143429106	SINE/MIR	620	+	83	143429023	5781
chr6	143423242	143623242	harbor2	chr6	143446716	143446922	SINE/MIR	538	+	103	143446819	23577
chr6	143423242	143623242	harbor2	chr6	143468251	143468349	SINE/MIR	429	+	49	143468300	45058
chr6	143423242	143623242	harbor2	chr6	143502664	143502828	SINE/MIR	523	+	82	143502746	79504
chr6	143423242	143623242	harbor2	chr6	143515553	143515719	SINE/MIR	511	+	83	143515636	92394
chr6	155757033	155957033	harbor2	chr6	155785160	155785401	SINE/MIR	653	+	120	155785280	28247
chr6	113526634	113726634	harbor2	chr6	113569820	113569962	SINE/MIR	526	+	71	113569891	43257
chr6	113526634	113726634	harbor2	chr6	113597675	113597894	SINE/MIR	722	+	110	113597785	71151
chr6	113526634	113726634	harbor2	chr6	113624760	113624868	SINE/MIR	425	+	54	113624814	98180
chr6	162738529	162938529	harbor2	chr6	162758579	162758787	SINE/MIR	547	+	104	162758683	20154
chr6	165795412	165995412	harbor2	chr6	165808385	165808570	SINE/MIR	402	+	92	165808477	13065
chr6	165795412	165995412	harbor2	chr6	165816457	165816655	SINE/MIR	436	+	99	165816556	21144
chr6	161903771	162103771	harbor2	chr6	161924006	161924204	SINE/MIR	689	+	99	161924105	20334
chr6	140870200	141070200	harbor2	chr6	140969487	140969735	SINE/MIR	539	+	124	140969611	99411
chr6	123435705	123635705	harbor2	chr6	123439048	123439232	SINE/MIR	453	+	92	123439140	3435
chr6	123435705	123635705	harbor2	chr6	123442116	123442276	SINE/MIR	492	+	80	123442196	6491
chr6	123435705	123635705	harbor2	chr6	123442576	123442632	SINE/MIR	492	+	28	123442604	6899
chr6	123435705	123635705	harbor2	chr6	123459805	123459972	SINE/MIR	405	+	84	123459889	24184
chr6	123435705	123635705	harbor2	chr6	123481512	123481662	SINE/MIR	430	+	75	123481587	45882
chr6	123435705	123635705	harbor2	chr6	123488783	123488975	SINE/MIR	563	+	96	123488879	53174
chr6	75403514	75603514	harbor2	chr6	75413951	75414134	SINE/MIR	417	+	92	75414043	10529
chr6	75403514	75603514	harbor2	chr6	75470385	75470581	SINE/MIR	606	+	98	75470483	66969
chr6	75403514	75603514	harbor2	chr6	75486595	75486822	SINE/MIR	785	+	114	75486709	83195
chr6	156954378	157154378	harbor2	chr6	156968654	156968852	SINE/MIR	476	+	99	156968753	14375
chr6	156954378	157154378	harbor2	chr6	156986459	156986667	SINE/MIR	495	+	104	156986563	32185
chr6	156954378	157154378	harbor2	chr6	156989527	156989694	SINE/MIR	632	+	84	156989611	35233
chr6	156954378	157154378	harbor2	chr6	157012587	157012768	SINE/MIR	436	+	90	157012677	58299
chr6	166940676	167140676	harbor2	chr6	167005964	167006163	SINE/MIR	632	+	100	167006064	65388
chr6	166940676	167140676	harbor2	chr6	167035469	167035562	SINE/MIR	502	+	46	167035515	94839
chr6	166940676	167140676	harbor2	chr6	167035866	167036011	SINE/MIR	502	+	72	167035938	95262
chr6	166940676	167140676	harbor2	chr6	167034675	167034891	SINE/MIR	453	+	108	167034783	94107
chr6	156583979	156783979	harbor2	chr6	156621755	156621956	SINE/MIR	634	+	100	156621855	37876
chr6	109930813	110130813	harbor2	chr6	109947731	109947941	SINE/MIR	511	+	105	109947836	17023
chr6	109930813	110130813	harbor2	chr6	109947968	109948202	SINE/MIR	604	+	117	109948085	17272
chr6	109930813	110130813	harbor2	chr6	109952227	109952470	SINE/MIR	877	+	122	109952349	21536
chr6	109930813	110130813	harbor2	chr6	109970280	109970409	SINE/MIR	419	+	64	109970344	39531
chr6	109930813	110130813	harbor2	chr6	109999232	109999378	SINE/MIR	416	+	73	109999305	68492
chr6	109930813	110130813	harbor2	chr6	110024539	110024724	SINE/MIR	685	+	92	110024631	93818
chr6	136041197	136241197	harbor2	chr6	136043379	136043573	SINE/MIR	609	+	97	136043476	2279
chr6	136041197	136241197	harbor2	chr6	136057012	136057147	SINE/MIR	489	+	68	136057080	15883
chr6	136041197	136241197	harbor2	chr6	136095679	136095914	SINE/MIR	569	+	118	136095797	54600
chr6	136041197	136241197	harbor2	chr6	136105345	136105581	SINE/MIR	475	+	118	136105463	64266
chr6	136041197	136241197	harbor2	chr6	136132397	136132617	SINE/MIR	565	+	110	136132507	91310
chr6	133055704	133255704	harbor2	chr6	133061527	133061782	SINE/MIR	655	+	128	133061655	5951
chr6	133055704	133255704	harbor2	chr6	133106387	133106617	SINE/MIR	431	+	115	133106502	50798
chr6	133055704	133255704	harbor2	chr6	133107606	133107636	SINE/MIR	430	+	15	133107621	51917
chr6	133055704	133255704	harbor2	chr6	133107751	133107984	SINE/MIR	488	+	116	133107867	52163
chr6	161264527	161464527	harbor2	chr6	161267999	161268228	SINE/MIR	485	+	114	161268113	3586
chr6	145161065	145361065	harbor2	chr6	145212074	145212193	SINE/MIR	404	+	60	145212134	51069
chr6	145161065	145361065	harbor2	chr6	145212511	145212529	SINE/MIR	404	+	9	145212520	51455
chr6	145161065	145361065	harbor2	chr6	145212787	145212837	SINE/MIR	404	+	25	145212812	51747
chr6	138097019	138297019	harbor2	chr6	138109181	138109381	SINE/MIR	660	+	100	138109281	12262
chr6	138097019	138297019	harbor2	chr6	138122352	138122522	SINE/MIR	407	+	85	138122437	25418
chr6	138097019	138297019	harbor2	chr6	138191225	138191389	SINE/MIR	536	+	82	138191307	94288
chr6	163531058	163731058	harbor2	chr6	163534451	163534629	SINE/MIR	471	+	89	163534540	3482
chr6	163531058	163731058	harbor2	chr6	163587396	163587583	SINE/MIR	588	+	94	163587490	56432
chr6	168074650	168274650	harbor2	chr6	168120194	168120336	SINE/MIR	412	+	71	168120265	45615
chr6	168074650	168274650	harbor2	chr6	168149661	168149797	SINE/MIR	466	+	68	168149729	75079
chr6	168074650	168274650	harbor2	chr6	168159976	168160122	SINE/MIR	487	+	73	168160049	85399
chr6	112532305	112732305	harbor2	chr6	112550026	112550219	SINE/MIR	463	+	96	112550122	17817
chr6	140145928	140345928	harbor2	chr6	140167181	140167425	SINE/MIR	741	+	122	140167303	21375
chr6	140145928	140345928	harbor2	chr6	140184407	140184645	SINE/MIR	490	+	119	140184526	38598
chr6	140145928	140345928	harbor2	chr6	140229168	140229362	SINE/MIR	530	+	97	140229265	83337
chr6	83276125	83476125	harbor2	chr6	83286098	83286309	SINE/MIR	705	+	106	83286204	10079
chr6	158066418	158266418	harbor2	chr6	158162188	158162366	SINE/MIR	743	+	89	158162277	95859
chr6	144120730	144320730	harbor2	chr6	144176255	144176415	SINE/MIR	520	+	80	144176335	55605
chr6	144120730	144320730	harbor2	chr6	144178148	144178369	SINE/MIR	566	+	110	144178258	57528
chr6	144120730	144320730	harbor2	chr6	144190177	144190417	SINE/MIR	1077	+	120	144190297	69567
chr6	108950817	109150817	harbor2	chr6	108974172	108974306	SINE/MIR	431	+	67	108974239	23422
chr6	65755597	65955597	harbor2	chr6	65806435	65806643	SINE/MIR	632	+	104	65806539	50942
chr6	86640098	86840098	harbor2	chr6	86715238	86715484	SINE/MIR	639	+	123	86715361	75263
chr6	96301735	96501735	harbor2	chr6	96330792	96331042	SINE/MIR	555	+	125	96330917	29182
chr6	96301735	96501735	harbor2	chr6	96356152	96356350	SINE/MIR	594	+	99	96356251	54516
chr6	96301735	96501735	harbor2	chr6	96358624	96358795	SINE/MIR	717	+	86	96358710	56975
chr6	96301735	96501735	harbor2	chr6	96387111	96387263	SINE/MIR	482	+	76	96387187	85452
chr6	96301735	96501735	harbor2	chr6	96401356	96401471	SINE/MIR	443	+	58	96401414	99679
chr6	112793836	112993836	harbor2	chr6	112806307	112806536	SINE/MIR	534	+	114	112806421	12585
chr6	112793836	112993836	harbor2	chr6	112892887	112893035	SINE/MIR	473	+	74	112892961	99125
chr6	134125113	134325113	harbor2	chr6	134133436	134133572	SINE/MIR	494	+	68	134133504	8391
chr6	134125113	134325113	harbor2	chr6	134133890	134133983	SINE/MIR	494	+	46	134133936	8823
chr6	134125113	134325113	harbor2	chr6	134143224	134143458	SINE/MIR	542	+	117	134143341	18228
chr6	157528997	157728997	harbor2	chr6	157545749	157545982	SINE/MIR	503	+	116	157545865	16868
chr6	157528997	157728997	harbor2	chr6	157594374	157594592	SINE/MIR	649	+	109	157594483	65486
chr6	157528997	157728997	harbor2	chr6	157596582	157596826	SINE/MIR	485	+	122	157596704	67707
chr6	157528997	157728997	harbor2	chr6	157620872	157620999	SINE/MIR	490	+	64	157620936	91939
chr6	157528997	157728997	harbor2	chr6	157624599	157624780	SINE/MIR	429	+	90	157624689	95692
chr6	157528997	157728997	harbor2	chr6	157627631	157627832	SINE/MIR	532	+	100	157627731	98734
chr6	158436311	158636311	harbor2	chr6	158510328	158510475	SINE/MIR	421	+	74	158510402	74091
chr6	131451807	131651807	harbor2	chr6	131457333	131457539	SINE/MIR	508	+	103	131457436	5629
chr6	131451807	131651807	harbor2	chr6	131462937	131463173	SINE/MIR	868	+	118	131463055	11248
chr6	127992873	128192873	harbor2	chr6	128014327	128014536	SINE/MIR	447	+	104	128014431	21558
chr6	127992873	128192873	harbor2	chr6	128018532	128018713	SINE/MIR	566	+	90	128018622	25749
chr6	127992873	128192873	harbor2	chr6	128026447	128026608	SINE/MIR	518	+	80	128026527	33654
chr6	170699504	170899504	harbor2	chr6	170703952	170704160	SINE/MIR	442	+	104	170704056	4552
chr6	106442911	106642911	harbor2	chr6	106445313	106445467	SINE/MIR	570	+	77	106445390	2479
chr6	106442911	106642911	harbor2	chr6	106476815	106477040	SINE/MIR	810	+	112	106476927	34016
chr6	106442911	106642911	harbor2	chr6	106516743	106516877	SINE/MIR	503	+	67	106516810	73899
chr6	106442911	106642911	harbor2	chr6	106538908	106539056	SINE/MIR	489	+	74	106538982	96071
chr6	118034344	118234344	harbor2	chr6	118046457	118046713	SINE/MIR	635	+	128	118046585	12241
chr6	118034344	118234344	harbor2	chr6	118073249	118073505	SINE/MIR	551	+	128	118073377	39033
chr6	118034344	118234344	harbor2	chr6	118102875	118103091	SINE/MIR	501	+	108	118102983	68639
chr6	118034344	118234344	harbor2	chr6	118104255	118104492	SINE/MIR	682	+	118	118104373	70029
chr6	118034344	118234344	harbor2	chr6	118124110	118124304	SINE/MIR	516	+	97	118124207	89863
chr6	118034344	118234344	harbor2	chr6	118130101	118130284	SINE/MIR	655	+	92	118130193	95849
chr6	118034344	118234344	harbor2	chr6	118132380	118132610	SINE/MIR	1027	+	115	118132495	98151
chr6	170617719	170817719	harbor2	chr6	170637655	170637786	SINE/MIR	415	+	66	170637721	20002
chr6	170617719	170817719	harbor2	chr6	170681192	170681328	SINE/MIR	413	+	68	170681260	63541
chr6	170617719	170817719	harbor2	chr6	170694663	170694807	SINE/MIR	571	+	72	170694735	77016
chr6	170617719	170817719	harbor2	chr6	170703952	170704160	SINE/MIR	442	+	104	170704056	86337
chr6	152479011	152679011	harbor2	chr6	152479523	152479693	SINE/MIR	572	+	85	152479608	597
chr6	152479011	152679011	harbor2	chr6	152564757	152564997	SINE/MIR	446	+	120	152564877	85866
chr6	152479011	152679011	harbor2	chr6	152569322	152569463	SINE/MIR	531	+	70	152569392	90381
chr6	152479011	152679011	harbor2	chr6	152575634	152575865	SINE/MIR	785	+	116	152575750	96739
chr6	149360081	149560081	harbor2	chr6	149371505	149371733	SINE/MIR	449	+	114	149371619	11538
chr6	165728998	165928998	harbor2	chr6	165754641	165754825	SINE/MIR	566	+	92	165754733	25735
chr6	165728998	165928998	harbor2	chr6	165785066	165785288	SINE/MIR	471	+	111	165785177	56179
chr6	165728998	165928998	harbor2	chr6	165808385	165808570	SINE/MIR	402	+	92	165808477	79479
chr6	165728998	165928998	harbor2	chr6	165816457	165816655	SINE/MIR	436	+	99	165816556	87558
chr6	125081735	125281735	harbor2	chr6	125095118	125095359	SINE/MIR	895	+	120	125095238	13503
chr6	125081735	125281735	harbor2	chr6	125102858	125103086	SINE/MIR	591	+	114	125102972	21237
chr6	125081735	125281735	harbor2	chr6	125114014	125114170	SINE/MIR	452	+	78	125114092	32357
chr6	125081735	125281735	harbor2	chr6	125116796	125116950	SINE/MIR	576	+	77	125116873	35138
chr6	125081735	125281735	harbor2	chr6	125162582	125162828	SINE/MIR	920	+	123	125162705	80970
chr6	125081735	125281735	harbor2	chr6	125173933	125174146	SINE/MIR	482	+	106	125174039	92304
chr6	109474743	109674743	harbor2	chr6	109480733	109481019	SINE/MIR	511	+	143	109480876	6133
chr6	109474743	109674743	harbor2	chr6	109484002	109484219	SINE/MIR	450	+	108	109484110	9367
chr6	109474743	109674743	harbor2	chr6	109498229	109498407	SINE/MIR	437	+	89	109498318	23575
chr6	109474743	109674743	harbor2	chr6	109517514	109517646	SINE/MIR	620	+	66	109517580	42837
chr6	128827983	129027983	harbor2	chr6	128855404	128855599	SINE/MIR	544	+	98	128855502	27519
chr6	128827983	129027983	harbor2	chr6	128893049	128893245	SINE/MIR	446	+	98	128893147	65164
chr6	150573167	150773167	harbor2	chr6	150593550	150593757	SINE/MIR	500	+	104	150593654	20487
chr6	150573167	150773167	harbor2	chr6	150596674	150596859	SINE/MIR	402	+	92	150596766	23599
chr6	150573167	150773167	harbor2	chr6	150605298	150605510	SINE/MIR	445	+	106	150605404	32237
chr6	150573167	150773167	harbor2	chr6	150621036	150621159	SINE/MIR	432	+	62	150621098	47931
chr6	156566783	156766783	harbor2	chr6	156571687	156571907	SINE/MIR	474	+	110	156571797	5014
chr6	156566783	156766783	harbor2	chr6	156621755	156621956	SINE/MIR	634	+	100	156621855	55072
chr6	156584004	156784004	harbor2	chr6	156621755	156621956	SINE/MIR	634	+	100	156621855	37851
chr6	118508870	118708870	harbor2	chr6	118601109	118601262	SINE/MIR	629	+	76	118601185	92315
chr6	158190498	158390498	harbor2	chr6	158213877	158214130	SINE/MIR	956	+	126	158214003	23505
chr6	158190498	158390498	harbor2	chr6	158287997	158288201	SINE/MIR	506	+	102	158288099	97601
chr6	121774161	121974161	harbor2	chr6	121788246	121788432	SINE/MIR	759	+	93	121788339	14178
chr6	121774161	121974161	harbor2	chr6	121788567	121788633	SINE/MIR	759	+	33	121788600	14439
chr6	121774161	121974161	harbor2	chr6	121805748	121805893	SINE/MIR	490	+	72	121805820	31659
chr6	121774161	121974161	harbor2	chr6	121812854	121812950	SINE/MIR	524	+	48	121812902	38741
chr6	121774161	121974161	harbor2	chr6	121839155	121839295	SINE/MIR	681	+	70	121839225	65064
chr6	121774161	121974161	harbor2	chr6	121839967	121840059	SINE/MIR	681	+	46	121840013	65852
chr6	136359282	136559282	harbor2	chr6	136388880	136389062	SINE/MIR	469	+	91	136388971	29689
chr6	136359282	136559282	harbor2	chr6	136398160	136398393	SINE/MIR	539	+	116	136398276	38994
chr6	136359282	136559282	harbor2	chr6	136407052	136407132	SINE/MIR	412	+	40	136407092	47810
chr6	136359282	136559282	harbor2	chr6	136422923	136423115	SINE/MIR	511	+	96	136423019	63737
chr6	136359282	136559282	harbor2	chr6	136423202	136423395	SINE/MIR	774	+	96	136423298	64016
chr6	136359282	136559282	harbor2	chr6	136396667	136396869	SINE/MIR	566	+	101	136396768	37486
chr6	160638041	160838041	harbor2	chr6	160686464	160686652	SINE/MIR	455	+	94	160686558	48517
chr6	160638041	160838041	harbor2	chr6	160712390	160712611	SINE/MIR	611	+	110	160712500	74459
chr6	166509450	166709450	harbor2	chr6	166587377	166587557	SINE/MIR	574	+	90	166587467	78017
chr6	154042696	154242696	harbor2	chr6	154074129	154074340	SINE/MIR	871	+	106	154074235	31539
chr6	154042696	154242696	harbor2	chr6	154075794	154075947	SINE/MIR	460	+	76	154075870	33174
chr6	83769979	83969979	harbor2	chr6	83791716	83791859	SINE/MIR	432	+	72	83791788	21809
chr6	83769979	83969979	harbor2	chr6	83806429	83806569	SINE/MIR	416	+	70	83806499	36520
chr6	83769979	83969979	harbor2	chr6	83809637	83809824	SINE/MIR	538	+	94	83809731	39752
chr6	83769979	83969979	harbor2	chr6	83820085	83820279	SINE/MIR	406	+	97	83820182	50203
chr6	83769979	83969979	harbor2	chr6	83828898	83829101	SINE/MIR	641	+	102	83829000	59021
chr6	83769979	83969979	harbor2	chr6	83829512	83829698	SINE/MIR	433	+	93	83829605	59626
chr6	83769979	83969979	harbor2	chr6	83839482	83839620	SINE/MIR	458	+	69	83839551	69572
chr6	83769979	83969979	harbor2	chr6	83862013	83862197	SINE/MIR	537	+	92	83862105	92126
chr6	140557701	140757701	harbor2	chr6	140565217	140565443	SINE/MIR	476	+	113	140565330	7629
chr6	169362022	169562022	harbor2	chr6	169444922	169445031	SINE/MIR	433	+	54	169444976	82954
chr6	169362022	169562022	harbor2	chr6	169445443	169445585	SINE/MIR	428	+	71	169445514	83492
chr6	116240826	116440826	harbor2	chr6	116269130	116269344	SINE/MIR	771	+	107	116269237	28411
chr6	116240826	116440826	harbor2	chr6	116288116	116288315	SINE/MIR	632	+	100	116288216	47390
chr6	116240826	116440826	harbor2	chr6	116298019	116298185	SINE/MIR	455	+	83	116298102	57276
chr6	116240826	116440826	harbor2	chr6	116308505	116308660	SINE/MIR	454	+	78	116308583	67757
chr6	84171601	84371601	harbor2	chr6	84192740	84192953	SINE/MIR	482	+	106	84192846	21245
chr6	84171601	84371601	harbor2	chr6	84209092	84209331	SINE/MIR	749	+	120	84209212	37611
chr6	84171601	84371601	harbor2	chr6	84255200	84255401	SINE/MIR	461	+	100	84255300	83699
chr6	140105758	140305758	harbor2	chr6	140109367	140109588	SINE/MIR	580	+	110	140109477	3719
chr6	140105758	140305758	harbor2	chr6	140167181	140167425	SINE/MIR	741	+	122	140167303	61545
chr6	140105758	140305758	harbor2	chr6	140184407	140184645	SINE/MIR	490	+	119	140184526	78768
chr6	169640899	169840899	harbor2	chr6	169715065	169715241	SINE/MIR	441	+	88	169715153	74254
chr6	169640899	169840899	harbor2	chr6	169721941	169722164	SINE/MIR	486	+	112	169722053	81154
chr6	169640899	169840899	harbor2	chr6	169726565	169726716	SINE/MIR	563	+	76	169726641	85742
chr7	119903331	120103331	harbor2	chr7	119959338	119959594	SINE/MIR	663	+	128	119959466	56135
chr7	102823324	103023324	harbor2	chr7	102833308	102833431	SINE/MIR	520	+	62	102833370	10046
chr7	102823324	103023324	harbor2	chr7	102833722	102833821	SINE/MIR	520	+	50	102833772	10448
chr7	102823324	103023324	harbor2	chr7	102838107	102838381	SINE/MIR	805	+	137	102838244	14920
chr7	102823324	103023324	harbor2	chr7	102845907	102846124	SINE/MIR	540	+	108	102846015	22691
chr7	102823324	103023324	harbor2	chr7	102888835	102889048	SINE/MIR	717	+	106	102888941	65617
chr7	102823324	103023324	harbor2	chr7	102912102	102912297	SINE/MIR	624	+	98	102912200	88876
chr7	102823324	103023324	harbor2	chr7	102825841	102826014	SINE/MIR	638	+	86	102825927	2603
chr7	148508704	148708704	harbor2	chr7	148545286	148545513	SINE/MIR	664	+	114	148545400	36696
chr7	66896286	67096286	harbor2	chr7	66928397	66928610	SINE/MIR	833	+	106	66928503	32217
chr7	66896286	67096286	harbor2	chr7	66929131	66929348	SINE/MIR	563	+	108	66929239	32953
chr7	66896286	67096286	harbor2	chr7	66970157	66970280	SINE/MIR	558	+	62	66970219	73933
chr7	116098646	116298646	harbor2	chr7	116160999	116161148	SINE/MIR	451	+	74	116161073	62427
chr7	129794382	129994382	harbor2	chr7	129796799	129796849	SINE/MIR	624	+	25	129796824	2442
chr7	129794382	129994382	harbor2	chr7	129797161	129797300	SINE/MIR	624	+	70	129797231	2849
chr7	129794382	129994382	harbor2	chr7	129866754	129866959	SINE/MIR	652	+	102	129866856	72474
chr7	129794382	129994382	harbor2	chr7	129881119	129881351	SINE/MIR	484	+	116	129881235	86853
chr7	89648725	89848725	harbor2	chr7	89703510	89703728	SINE/MIR	796	+	109	89703619	54894
chr7	89648725	89848725	harbor2	chr7	89708941	89709162	SINE/MIR	467	+	110	89709051	60326
chr7	89648725	89848725	harbor2	chr7	89716620	89716841	SINE/MIR	604	+	110	89716730	68005
chr7	89648725	89848725	harbor2	chr7	89725612	89725890	SINE/MIR	441	+	139	89725751	77026
chr7	89648725	89848725	harbor2	chr7	89741460	89741694	SINE/MIR	1099	+	117	89741577	92852
chr7	89648725	89848725	harbor2	chr7	89743483	89743739	SINE/MIR	454	+	128	89743611	94886
chr7	89648725	89848725	harbor2	chr7	89744657	89744908	SINE/MIR	711	+	126	89744783	96058
chr7	132080533	132280533	harbor2	chr7	132084492	132084653	SINE/MIR	551	+	80	132084572	4039
chr7	132080533	132280533	harbor2	chr7	132085270	132085361	SINE/MIR	551	+	46	132085316	4783
chr7	132080533	132280533	harbor2	chr7	132169023	132169206	SINE/MIR	473	+	92	132169115	88582
chr7	132080533	132280533	harbor2	chr7	132171803	132171939	SINE/MIR	451	+	68	132171871	91338
chr7	132080533	132280533	harbor2	chr7	132173872	132174101	SINE/MIR	541	+	114	132173986	93453
chr7	135320164	135520164	harbor2	chr7	135405051	135405232	SINE/MIR	456	+	90	135405141	84977
chr7	96290428	96490428	harbor2	chr7	96300313	96300480	SINE/MIR	527	+	84	96300397	9969
chr7	96290428	96490428	harbor2	chr7	96312125	96312406	SINE/MIR	842	+	140	96312265	21837
chr7	96290428	96490428	harbor2	chr7	96316525	96316757	SINE/MIR	777	+	116	96316641	26213
chr7	96290428	96490428	harbor2	chr7	96316872	96316963	SINE/MIR	458	+	46	96316918	26490
chr7	96290428	96490428	harbor2	chr7	96317267	96317399	SINE/MIR	458	+	66	96317333	26905
chr7	96290428	96490428	harbor2	chr7	96329843	96330034	SINE/MIR	554	+	96	96329939	39511
chr7	96290428	96490428	harbor2	chr7	96356889	96357054	SINE/MIR	453	+	82	96356971	66543
chr7	156141128	156341128	harbor2	chr7	156163645	156163846	SINE/MIR	478	+	100	156163745	22617
chr7	156141128	156341128	harbor2	chr7	156187770	156188012	SINE/MIR	775	+	121	156187891	46763
chr7	156141128	156341128	harbor2	chr7	156214447	156214668	SINE/MIR	467	+	110	156214557	73429
chr7	71902313	72102313	harbor2	chr7	71943297	71943445	SINE/MIR	608	+	74	71943371	41058
chr7	71902313	72102313	harbor2	chr7	71943742	71943816	SINE/MIR	608	+	37	71943779	41466
chr7	112010964	112210964	harbor2	chr7	112022463	112022692	SINE/MIR	642	+	114	112022577	11613
chr7	112010964	112210964	harbor2	chr7	112068358	112068594	SINE/MIR	871	+	118	112068476	57512
chr7	112010964	112210964	harbor2	chr7	112069420	112069612	SINE/MIR	443	+	96	112069516	58552
chr7	112010964	112210964	harbor2	chr7	112081865	112082131	SINE/MIR	681	+	133	112081998	71034
chr7	112010964	112210964	harbor2	chr7	112088703	112088948	SINE/MIR	895	+	122	112088825	77861
chr7	112010964	112210964	harbor2	chr7	112102335	112102426	SINE/MIR	510	+	46	112102381	91417
chr7	84029667	84229667	harbor2	chr7	84100433	84100561	SINE/MIR	447	+	64	84100497	70830
chr7	84029667	84229667	harbor2	chr7	84117765	84117888	SINE/MIR	465	+	62	84117827	88160
chr7	155116397	155316397	harbor2	chr7	155174261	155174434	SINE/MIR	490	+	86	155174347	57950
chr7	155116397	155316397	harbor2	chr7	155175203	155175425	SINE/MIR	520	+	111	155175314	58917
chr7	155116397	155316397	harbor2	chr7	155172697	155172877	SINE/MIR	460	+	90	155172787	56390
chr7	65240785	65440785	harbor2	chr7	65285837	65286021	SINE/MIR	479	+	92	65285929	45144
chr7	106812202	107012202	harbor2	chr7	106860258	106860435	SINE/MIR	567	+	88	106860346	48144
chr7	106812202	107012202	harbor2	chr7	106888766	106889007	SINE/MIR	496	+	120	106888886	76684
chr7	101720639	101920639	harbor2	chr7	101775083	101775253	SINE/MIR	459	+	85	101775168	54529
chr7	148288457	148488457	harbor2	chr7	148358734	148358886	SINE/MIR	446	+	76	148358810	70353
chr7	55231173	55431173	harbor2	chr7	55237024	55237191	SINE/MIR	522	+	84	55237108	5935
chr7	55231173	55431173	harbor2	chr7	55253559	55253654	SINE/MIR	450	+	48	55253607	22434
chr7	147003517	147203517	harbor2	chr7	147062511	147062704	SINE/MIR	577	+	96	147062607	59090
chr7	147003517	147203517	harbor2	chr7	147065113	147065291	SINE/MIR	478	+	89	147065202	61685
chr7	147003517	147203517	harbor2	chr7	147077630	147077853	SINE/MIR	805	+	112	147077742	74225
chr7	135866803	136066803	harbor2	chr7	135922775	135923005	SINE/MIR	842	+	115	135922890	56087
chr7	135866803	136066803	harbor2	chr7	135942441	135942692	SINE/MIR	835	+	126	135942567	75764
chr7	135866803	136066803	harbor2	chr7	135954014	135954234	SINE/MIR	558	+	110	135954124	87321
chr7	50551944	50751944	harbor2	chr7	50597744	50597871	SINE/MIR	456	+	64	50597808	45864
chr7	50551944	50751944	harbor2	chr7	50598164	50598253	SINE/MIR	456	+	44	50598208	46264
chr7	50551944	50751944	harbor2	chr7	50630242	50630423	SINE/MIR	606	+	90	50630332	78388
chr7	130801709	131001709	harbor2	chr7	130854598	130854807	SINE/MIR	787	+	104	130854702	52993
chr7	130801709	131001709	harbor2	chr7	130873005	130873245	SINE/MIR	593	+	120	130873125	71416
chr7	130801709	131001709	harbor2	chr7	130882067	130882256	SINE/MIR	520	+	94	130882161	80452
chr7	130801709	131001709	harbor2	chr7	130883033	130883154	SINE/MIR	716	+	60	130883093	81384
chr7	130801709	131001709	harbor2	chr7	130883449	130883568	SINE/MIR	716	+	60	130883509	81800
chr7	129161134	129361134	harbor2	chr7	129227020	129227220	SINE/MIR	474	+	100	129227120	65986
chr7	114574153	114774153	harbor2	chr7	114575126	114575326	SINE/MIR	639	+	100	114575226	1073
chr7	114574153	114774153	harbor2	chr7	114637818	114638000	SINE/MIR	462	+	91	114637909	63756
chr7	114574153	114774153	harbor2	chr7	114640792	114640997	SINE/MIR	497	+	102	114640894	66741
chr7	114574153	114774153	harbor2	chr7	114641046	114641241	SINE/MIR	558	+	98	114641144	66991
chr7	114574153	114774153	harbor2	chr7	114666696	114666890	SINE/MIR	580	+	97	114666793	92640
chr7	117603072	117803072	harbor2	chr7	117613385	117613580	SINE/MIR	594	+	98	117613483	10411
chr7	117603072	117803072	harbor2	chr7	117620219	117620374	SINE/MIR	535	+	78	117620297	17225
chr7	117603072	117803072	harbor2	chr7	117646075	117646224	SINE/MIR	731	+	74	117646149	43077
chr7	117603072	117803072	harbor2	chr7	117650913	117651151	SINE/MIR	725	+	119	117651032	47960
chr7	155300054	155500054	harbor2	chr7	155317797	155318011	SINE/MIR	492	+	107	155317904	17850
chr7	155300054	155500054	harbor2	chr7	155370222	155370359	SINE/MIR	505	+	68	155370290	70236
chr7	155300054	155500054	harbor2	chr7	155394293	155394504	SINE/MIR	508	+	106	155394399	94345
chr7	158299142	158499142	harbor2	chr7	158355227	158355372	SINE/MIR	464	+	72	158355299	56157
chr7	143673511	143873511	harbor2	chr7	143714814	143714842	SINE/MIR	534	+	14	143714828	41317
chr7	143673511	143873511	harbor2	chr7	143715416	143715600	SINE/MIR	534	+	92	143715508	41997
chr7	150979848	151179848	harbor2	chr7	150994167	150994305	SINE/MIR	475	+	69	150994236	14388
chr7	150979848	151179848	harbor2	chr7	151065026	151065249	SINE/MIR	629	+	112	151065138	85290
chr7	64083292	64283292	harbor2	chr7	64093050	64093217	SINE/MIR	639	+	84	64093134	9842
chr7	108197237	108397237	harbor2	chr7	108229919	108230073	SINE/MIR	677	+	77	108229996	32759
chr7	108197237	108397237	harbor2	chr7	108233867	108233981	SINE/MIR	487	+	57	108233924	36687
chr7	108197237	108397237	harbor2	chr7	108258535	108258769	SINE/MIR	686	+	117	108258652	61415
chr7	108197237	108397237	harbor2	chr7	108292573	108292827	SINE/MIR	999	+	127	108292700	95463
chr7	68941540	69141540	harbor2	chr7	68999048	68999226	SINE/MIR	445	+	89	68999137	57597
chr7	157089570	157289570	harbor2	chr7	157116890	157117118	SINE/MIR	502	+	114	157117004	27434
chr7	130790798	130990798	harbor2	chr7	130854598	130854807	SINE/MIR	787	+	104	130854702	63904
chr7	130790798	130990798	harbor2	chr7	130873005	130873245	SINE/MIR	593	+	120	130873125	82327
chr7	130790798	130990798	harbor2	chr7	130882067	130882256	SINE/MIR	520	+	94	130882161	91363
chr7	130790798	130990798	harbor2	chr7	130883033	130883154	SINE/MIR	716	+	60	130883093	92295
chr7	130790798	130990798	harbor2	chr7	130883449	130883568	SINE/MIR	716	+	60	130883509	92711
chr7	150455077	150655077	harbor2	chr7	150515983	150516248	SINE/MIR	494	+	132	150516115	61038
chr7	119066310	119266310	harbor2	chr7	119086721	119086907	SINE/MIR	495	+	93	119086814	20504
chr7	119066310	119266310	harbor2	chr7	119128990	119129197	SINE/MIR	729	+	104	119129094	62784
chr7	138153572	138353572	harbor2	chr7	138158572	138158783	SINE/MIR	581	+	106	138158678	5106
chr7	138153572	138353572	harbor2	chr7	138244847	138245046	SINE/MIR	459	+	100	138244947	91375
chr7	143403404	143603404	harbor2	chr7	143411429	143411571	SINE/MIR	518	+	71	143411500	8096
chr7	143403404	143603404	harbor2	chr7	143465649	143465810	SINE/MIR	640	+	80	143465729	62325
chr7	143403404	143603404	harbor2	chr7	143491426	143491661	SINE/MIR	643	+	118	143491544	88140
chr7	143403404	143603404	harbor2	chr7	143495746	143495910	SINE/MIR	463	+	82	143495828	92424
chr7	143403404	143603404	harbor2	chr7	143501081	143501330	SINE/MIR	597	+	124	143501205	97801
chr7	123349681	123549681	harbor2	chr7	123351578	123351707	SINE/MIR	479	+	64	123351642	1961
chr7	123349681	123549681	harbor2	chr7	123388849	123389043	SINE/MIR	486	+	97	123388946	39265
chr7	123349681	123549681	harbor2	chr7	123411507	123411695	SINE/MIR	718	+	94	123411601	61920
chr7	8695916	8895916	harbor2	chr7	8770889	8771065	SINE/MIR	579	+	88	8770977	75061
chr7	119979467	120179467	harbor2	chr7	120022989	120023145	SINE/MIR	583	+	78	120023067	43600
chr7	134044141	134244141	harbor2	chr7	134108571	134108779	SINE/MIR	583	+	104	134108675	64534
chr7	134044141	134244141	harbor2	chr7	134123455	134123697	SINE/MIR	677	+	121	134123576	79435
chr7	134044141	134244141	harbor2	chr7	134124548	134124770	SINE/MIR	719	+	111	134124659	80518
chr7	134044141	134244141	harbor2	chr7	134124953	134125145	SINE/MIR	486	+	96	134125049	80908
chr7	134044141	134244141	harbor2	chr7	134130764	134130997	SINE/MIR	556	+	116	134130880	86739
chr7	134044141	134244141	harbor2	chr7	134136479	134136725	SINE/MIR	626	+	123	134136602	92461
chr7	134044141	134244141	harbor2	chr7	134138792	134139017	SINE/MIR	641	+	112	134138904	94763
chr7	105131952	105331952	harbor2	chr7	105156189	105156442	SINE/MIR	834	+	126	105156315	24363
chr7	40787092	40987092	harbor2	chr7	40846755	40847003	SINE/MIR	581	+	124	40846879	59787
chr7	40787092	40987092	harbor2	chr7	40850198	40850435	SINE/MIR	717	+	118	40850316	63224
chr7	40787092	40987092	harbor2	chr7	40853333	40853371	SINE/MIR	466	+	19	40853352	66260
chr7	40787092	40987092	harbor2	chr7	40853665	40853839	SINE/MIR	466	+	87	40853752	66660
chr7	40787092	40987092	harbor2	chr7	40857929	40858202	SINE/MIR	468	+	136	40858065	70973
chr7	40787092	40987092	harbor2	chr7	40883413	40883646	SINE/MIR	618	+	116	40883529	96437
chr7	40787092	40987092	harbor2	chr7	40884893	40885085	SINE/MIR	467	+	96	40884989	97897
chr7	153442944	153642944	harbor2	chr7	153525737	153525946	SINE/MIR	604	+	104	153525841	82897
chr7	153442944	153642944	harbor2	chr7	153526376	153526563	SINE/MIR	521	+	94	153526470	83526
chr7	151842393	152042393	harbor2	chr7	151856473	151856694	SINE/MIR	466	+	110	151856583	14190
chr7	153100017	153300017	harbor2	chr7	153195344	153195600	SINE/MIR	659	+	128	153195472	95455
chr7	57446033	57646033	harbor2	chr7	57478476	57478713	SINE/MIR	687	+	118	57478594	32561
chr7	134700347	134900347	harbor2	chr7	134702868	134703056	SINE/MIR	497	+	94	134702962	2615
chr7	134700347	134900347	harbor2	chr7	134710897	134711139	SINE/MIR	558	+	121	134711018	10671
chr7	134700347	134900347	harbor2	chr7	134723083	134723251	SINE/MIR	471	+	84	134723167	22820
chr7	134700347	134900347	harbor2	chr7	134751069	134751294	SINE/MIR	680	+	112	134751181	50834
chr7	130868684	131068684	harbor2	chr7	130873005	130873245	SINE/MIR	593	+	120	130873125	4441
chr7	130868684	131068684	harbor2	chr7	130882067	130882256	SINE/MIR	520	+	94	130882161	13477
chr7	130868684	131068684	harbor2	chr7	130883033	130883154	SINE/MIR	716	+	60	130883093	14409
chr7	130868684	131068684	harbor2	chr7	130883449	130883568	SINE/MIR	716	+	60	130883509	14825
chr7	130868684	131068684	harbor2	chr7	130903356	130903567	SINE/MIR	526	+	106	130903462	34778
chr7	130868684	131068684	harbor2	chr7	130933389	130933629	SINE/MIR	588	+	120	130933509	64825
chr7	130868684	131068684	harbor2	chr7	130934045	130934277	SINE/MIR	702	+	116	130934161	65477
chr7	130868684	131068684	harbor2	chr7	130936153	130936363	SINE/MIR	622	+	105	130936258	67574
chr7	78324598	78524598	harbor2	chr7	78324392	78324616	SINE/MIR	595	+	112	78324504	94
chr7	78324598	78524598	harbor2	chr7	78347390	78347603	SINE/MIR	772	+	106	78347496	22898
chr7	78324598	78524598	harbor2	chr7	78351887	78352137	SINE/MIR	577	+	125	78352012	27414
chr7	78324598	78524598	harbor2	chr7	78363764	78363981	SINE/MIR	713	+	108	78363872	39274
chr7	78324598	78524598	harbor2	chr7	78365401	78365646	SINE/MIR	719	+	122	78365523	40925
chr7	78324598	78524598	harbor2	chr7	78348194	78348332	SINE/MIR	482	+	69	78348263	23665
chr7	139222123	139422123	harbor2	chr7	139256426	139256612	SINE/MIR	515	+	93	139256519	34396
chr7	139222123	139422123	harbor2	chr7	139311400	139311634	SINE/MIR	641	+	117	139311517	89394
chr7	139222123	139422123	harbor2	chr7	139247477	139247665	SINE/MIR	514	+	94	139247571	25448
chr7	120282487	120482487	harbor2	chr7	120330088	120330289	SINE/MIR	660	+	100	120330188	47701
chr7	120282487	120482487	harbor2	chr7	120362571	120362751	SINE/MIR	511	+	90	120362661	80174
chr7	120282487	120482487	harbor2	chr7	120377036	120377231	SINE/MIR	471	+	98	120377134	94647
chr7	156237581	156437581	harbor2	chr7	156259161	156259327	SINE/MIR	453	+	83	156259244	21663
chr7	143590674	143790674	harbor2	chr7	143635596	143635624	SINE/MIR	471	+	14	143635610	44936
chr7	143590674	143790674	harbor2	chr7	143636198	143636382	SINE/MIR	471	+	92	143636290	45616
chr7	143590674	143790674	harbor2	chr7	143605606	143605848	SINE/MIR	833	+	121	143605727	15053
chr7	118350414	118550414	harbor2	chr7	118398017	118398230	SINE/MIR	458	+	106	118398123	47709
chr7	85894966	86094966	harbor2	chr7	85956507	85956751	SINE/MIR	562	+	122	85956629	61663
chr7	85894966	86094966	harbor2	chr7	85981974	85982164	SINE/MIR	599	+	95	85982069	87103
chr7	154054491	154254491	harbor2	chr7	154089344	154089575	SINE/MIR	558	+	116	154089460	34969
chr7	154054491	154254491	harbor2	chr7	154111318	154111468	SINE/MIR	611	+	75	154111393	56902
chr7	154054491	154254491	harbor2	chr7	154114270	154114447	SINE/MIR	488	+	88	154114358	59867
chr7	147541126	147741126	harbor2	chr7	147563072	147563292	SINE/MIR	621	+	110	147563182	22056
chr7	147541126	147741126	harbor2	chr7	147593461	147593659	SINE/MIR	514	+	99	147593560	52434
chr7	128242757	128442757	harbor2	chr7	128253395	128253555	SINE/MIR	520	+	80	128253475	10718
chr7	128242757	128442757	harbor2	chr7	128266582	128266804	SINE/MIR	785	+	111	128266693	23936
chr7	128242757	128442757	harbor2	chr7	128325588	128325713	SINE/MIR	485	+	62	128325650	82893
chr7	140143500	140343500	harbor2	chr7	140148271	140148497	SINE/MIR	549	+	113	140148384	4884
chr7	140143500	140343500	harbor2	chr7	140170471	140170708	SINE/MIR	760	+	118	140170589	27089
chr7	140143500	140343500	harbor2	chr7	140202423	140202648	SINE/MIR	663	+	112	140202535	59035
chr7	140143500	140343500	harbor2	chr7	140206172	140206338	SINE/MIR	539	+	83	140206255	62755
chr7	140143500	140343500	harbor2	chr7	140206637	140206707	SINE/MIR	539	+	35	140206672	63172
chr7	140143500	140343500	harbor2	chr7	140211969	140212120	SINE/MIR	558	+	76	140212045	68545
chr7	140143500	140343500	harbor2	chr7	140227120	140227339	SINE/MIR	669	+	110	140227230	83730
chr7	39223880	39423880	harbor2	chr7	39239151	39239297	SINE/MIR	621	+	73	39239224	15344
chr7	39223880	39423880	harbor2	chr7	39240323	39240498	SINE/MIR	501	+	88	39240411	16531
chr7	39223880	39423880	harbor2	chr7	39288225	39288468	SINE/MIR	706	+	122	39288347	64467
chr7	39223880	39423880	harbor2	chr7	39239620	39239724	SINE/MIR	621	+	52	39239672	15792
chr7	149045194	149245194	harbor2	chr7	149072714	149072931	SINE/MIR	666	+	108	149072822	27628
chr7	107140879	107340879	harbor2	chr7	107187961	107188132	SINE/MIR	556	+	86	107188047	47168
chr7	107140879	107340879	harbor2	chr7	107193754	107193933	SINE/MIR	534	+	90	107193844	52965
chr7	107140879	107340879	harbor2	chr7	107223732	107223940	SINE/MIR	461	+	104	107223836	82957
chr7	107140879	107340879	harbor2	chr7	107231072	107231304	SINE/MIR	634	+	116	107231188	90309
chr7	142867782	143067782	harbor2	chr7	142869410	142869637	SINE/MIR	938	+	114	142869524	1742
chr7	142867782	143067782	harbor2	chr7	142869646	142869779	SINE/MIR	564	+	66	142869712	1930
chr7	142867782	143067782	harbor2	chr7	142895289	142895528	SINE/MIR	675	+	120	142895409	27627
chr7	142867782	143067782	harbor2	chr7	142895639	142895789	SINE/MIR	539	+	75	142895714	27932
chr7	142867782	143067782	harbor2	chr7	142895778	142895934	SINE/MIR	500	+	78	142895856	28074
chr7	142867782	143067782	harbor2	chr7	142915973	142916199	SINE/MIR	527	+	113	142916086	48304
chr7	142867782	143067782	harbor2	chr7	142920606	142920771	SINE/MIR	526	+	82	142920688	52906
chr7	142867782	143067782	harbor2	chr7	142945294	142945500	SINE/MIR	751	+	103	142945397	77615
chr7	142867782	143067782	harbor2	chr7	142950817	142951051	SINE/MIR	464	+	117	142950934	83152
chr7	142867782	143067782	harbor2	chr7	142951446	142951686	SINE/MIR	594	+	120	142951566	83784
chr7	152905932	153105932	harbor2	chr7	152939159	152939399	SINE/MIR	442	+	120	152939279	33347
chr7	152905932	153105932	harbor2	chr7	152952874	152953105	SINE/MIR	736	+	116	152952990	47058
chr7	152905932	153105932	harbor2	chr7	152994499	152994637	SINE/MIR	525	+	69	152994568	88636
chr7	146762074	146962074	harbor2	chr7	146766538	146766742	SINE/MIR	517	+	102	146766640	4566
chr7	146762074	146962074	harbor2	chr7	146796593	146796842	SINE/MIR	590	+	124	146796717	34643
chr7	146762074	146962074	harbor2	chr7	146799690	146799941	SINE/MIR	705	+	126	146799816	37742
chr7	146762074	146962074	harbor2	chr7	146806779	146806990	SINE/MIR	665	+	106	146806885	44811
chr7	146762074	146962074	harbor2	chr7	146816712	146816949	SINE/MIR	473	+	118	146816830	54756
chr7	146762074	146962074	harbor2	chr7	146847336	146847559	SINE/MIR	572	+	112	146847448	85374
chr7	146762074	146962074	harbor2	chr7	146849504	146849697	SINE/MIR	555	+	96	146849600	87526
chr7	139719990	139919990	harbor2	chr7	139732600	139732749	SINE/MIR	599	+	74	139732674	12684
chr7	139719990	139919990	harbor2	chr7	139749369	139749531	SINE/MIR	447	+	81	139749450	29460
chr7	139719990	139919990	harbor2	chr7	139766625	139766785	SINE/MIR	526	+	80	139766705	46715
chr7	139719990	139919990	harbor2	chr7	139780001	139780156	SINE/MIR	560	+	78	139780079	60089
chr7	92243039	92443039	harbor2	chr7	92322831	92323036	SINE/MIR	827	+	102	92322933	79894
chr7	92243039	92443039	harbor2	chr7	92342156	92342341	SINE/MIR	450	+	92	92342248	99209
chr7	143362473	143562473	harbor2	chr7	143383838	143384066	SINE/MIR	456	+	114	143383952	21479
chr7	143362473	143562473	harbor2	chr7	143411429	143411571	SINE/MIR	518	+	71	143411500	49027
chr7	123912276	124112276	harbor2	chr7	123968683	123968904	SINE/MIR	689	+	110	123968793	56517
chr7	137464289	137664289	harbor2	chr7	137525499	137525739	SINE/MIR	857	+	120	137525619	61330
chr7	137464289	137664289	harbor2	chr7	137545024	137545248	SINE/MIR	1049	+	112	137545136	80847
chr7	50847315	51047315	harbor2	chr7	50862030	50862206	SINE/MIR	514	+	88	50862118	14803
chr7	50847315	51047315	harbor2	chr7	50913991	50914140	SINE/MIR	467	+	74	50914065	66750
chr7	50847315	51047315	harbor2	chr7	50937541	50937714	SINE/MIR	717	+	86	50937627	90312
chr7	152875391	153075391	harbor2	chr7	152904096	152904313	SINE/MIR	818	+	108	152904204	28813
chr7	152875391	153075391	harbor2	chr7	152939159	152939399	SINE/MIR	442	+	120	152939279	63888
chr7	152875391	153075391	harbor2	chr7	152952874	152953105	SINE/MIR	736	+	116	152952990	77599
chr7	86428718	86628718	harbor2	chr7	86452602	86452822	SINE/MIR	546	+	110	86452712	23994
chr7	86428718	86628718	harbor2	chr7	86475649	86475810	SINE/MIR	485	+	80	86475729	47011
chr7	86428718	86628718	harbor2	chr7	86482588	86482745	SINE/MIR	527	+	78	86482666	53948
chr7	86428718	86628718	harbor2	chr7	86495400	86495639	SINE/MIR	547	+	120	86495520	66802
chr7	86428718	86628718	harbor2	chr7	86504855	86505111	SINE/MIR	867	+	128	86504983	76265
chr7	46416262	46616262	harbor2	chr7	46493348	46493470	SINE/MIR	456	+	61	46493409	77147
chr7	153649556	153849556	harbor2	chr7	153675992	153676223	SINE/MIR	820	+	116	153676108	26552
chr7	68025632	68225632	harbor2	chr7	68059758	68059982	SINE/MIR	765	+	112	68059870	34238
chr7	71830047	72030047	harbor2	chr7	71891444	71891658	SINE/MIR	721	+	107	71891551	61504
chr7	89740407	89940407	harbor2	chr7	89741460	89741694	SINE/MIR	1099	+	117	89741577	1170
chr7	89740407	89940407	harbor2	chr7	89743483	89743739	SINE/MIR	454	+	128	89743611	3204
chr7	89740407	89940407	harbor2	chr7	89744657	89744908	SINE/MIR	711	+	126	89744783	4376
chr7	89740407	89940407	harbor2	chr7	89817238	89817442	SINE/MIR	609	+	102	89817340	76933
chr7	89740407	89940407	harbor2	chr7	89831626	89831853	SINE/MIR	890	+	114	89831740	91333
chr7	89740407	89940407	harbor2	chr7	89836992	89837201	SINE/MIR	467	+	104	89837096	96689
chr7	89740407	89940407	harbor2	chr7	89838038	89838284	SINE/MIR	516	+	123	89838161	97754
chr7	155265144	155465144	harbor2	chr7	155317797	155318011	SINE/MIR	492	+	107	155317904	52760
chr7	139741525	139941525	harbor2	chr7	139749369	139749531	SINE/MIR	447	+	81	139749450	7925
chr7	139741525	139941525	harbor2	chr7	139766625	139766785	SINE/MIR	526	+	80	139766705	25180
chr7	139741525	139941525	harbor2	chr7	139780001	139780156	SINE/MIR	560	+	78	139780079	38554
chr7	139741525	139941525	harbor2	chr7	139826605	139826765	SINE/MIR	558	+	80	139826685	85160
chr7	127853166	128053166	harbor2	chr7	127855433	127855659	SINE/MIR	513	+	113	127855546	2380
chr7	127853166	128053166	harbor2	chr7	127875930	127876063	SINE/MIR	715	+	66	127875996	22830
chr7	127853166	128053166	harbor2	chr7	127914761	127914995	SINE/MIR	732	+	117	127914878	61712
chr7	151475141	151675141	harbor2	chr7	151506387	151506549	SINE/MIR	486	+	81	151506468	31327
chr7	151475141	151675141	harbor2	chr7	151510295	151510508	SINE/MIR	655	+	106	151510401	35260
chr7	151475141	151675141	harbor2	chr7	151567227	151567454	SINE/MIR	642	+	114	151567341	92200
chr7	118164179	118364179	harbor2	chr7	118187630	118187855	SINE/MIR	597	+	112	118187742	23563
chr7	118164179	118364179	harbor2	chr7	118207594	118207848	SINE/MIR	620	+	127	118207721	43542
chr7	115377747	115577747	harbor2	chr7	115412658	115412927	SINE/MIR	689	+	134	115412792	35045
chr7	115377747	115577747	harbor2	chr7	115428094	115428270	SINE/MIR	442	+	88	115428182	50435
chr7	115377747	115577747	harbor2	chr7	115441920	115442099	SINE/MIR	560	+	90	115442010	64263
chr7	151570336	151770336	harbor2	chr7	151655731	151655867	SINE/MIR	650	+	68	151655799	85463
chr7	151570336	151770336	harbor2	chr7	151657480	151657693	SINE/MIR	590	+	106	151657586	87250
chr7	127044070	127244070	harbor2	chr7	127046454	127046634	SINE/MIR	647	+	90	127046544	2474
chr7	127044070	127244070	harbor2	chr7	127137029	127137161	SINE/MIR	494	+	66	127137095	93025
chr7	102886072	103086072	harbor2	chr7	102888835	102889048	SINE/MIR	717	+	106	102888941	2869
chr7	102886072	103086072	harbor2	chr7	102912102	102912297	SINE/MIR	624	+	98	102912200	26128
chr7	102886072	103086072	harbor2	chr7	102965214	102965459	SINE/MIR	693	+	122	102965336	79264
chr7	141882688	142082688	harbor2	chr7	141935166	141935324	SINE/MIR	499	+	79	141935245	52557
chr7	141882688	142082688	harbor2	chr7	141947991	141948188	SINE/MIR	555	+	98	141948089	65401
chr7	80873878	81073878	harbor2	chr7	80876399	80876612	SINE/MIR	652	+	106	80876505	2627
chr7	80873878	81073878	harbor2	chr7	80950277	80950500	SINE/MIR	461	+	112	80950389	76511
chr7	80873878	81073878	harbor2	chr7	80958130	80958372	SINE/MIR	557	+	121	80958251	84373
chr7	140788529	140988529	harbor2	chr7	140791855	140792097	SINE/MIR	551	+	121	140791976	3447
chr7	140788529	140988529	harbor2	chr7	140842173	140842413	SINE/MIR	858	+	120	140842293	53764
chr7	140788529	140988529	harbor2	chr7	140848213	140848477	SINE/MIR	542	+	132	140848345	59816
chr7	137361699	137561699	harbor2	chr7	137368924	137369122	SINE/MIR	454	+	99	137369023	7324
chr7	137361699	137561699	harbor2	chr7	137399444	137399627	SINE/MIR	706	+	92	137399536	37837
chr7	137361699	137561699	harbor2	chr7	137399939	137399979	SINE/MIR	706	+	20	137399959	38260
chr7	137361699	137561699	harbor2	chr7	137412455	137412560	SINE/MIR	556	+	52	137412507	50808
chr7	137361699	137561699	harbor2	chr7	137440528	137440780	SINE/MIR	660	+	126	137440654	78955
chr7	77726427	77926427	harbor2	chr7	77803441	77803670	SINE/MIR	673	+	114	77803555	77128
chr7	92539694	92739694	harbor2	chr7	92576182	92576353	SINE/MIR	513	+	86	92576268	36574
chr7	92539694	92739694	harbor2	chr7	92618908	92619091	SINE/MIR	604	+	92	92619000	79306
chr7	92539694	92739694	harbor2	chr7	92624993	92625217	SINE/MIR	587	+	112	92625105	85411
chr7	107160237	107360237	harbor2	chr7	107187961	107188132	SINE/MIR	556	+	86	107188047	27810
chr7	107160237	107360237	harbor2	chr7	107193754	107193933	SINE/MIR	534	+	90	107193844	33607
chr7	107160237	107360237	harbor2	chr7	107223732	107223940	SINE/MIR	461	+	104	107223836	63599
chr7	107160237	107360237	harbor2	chr7	107231072	107231304	SINE/MIR	634	+	116	107231188	70951
chr7	124184453	124384453	harbor2	chr7	124234835	124235025	SINE/MIR	498	+	95	124234930	50477
chr7	124184453	124384453	harbor2	chr7	124244872	124245063	SINE/MIR	471	+	96	124244968	60515
chr7	124184453	124384453	harbor2	chr7	124255746	124255974	SINE/MIR	532	+	114	124255860	71407
chr7	124184453	124384453	harbor2	chr7	124239853	124240044	SINE/MIR	509	+	96	124239949	55496
chr7	140844786	141044786	harbor2	chr7	140848213	140848477	SINE/MIR	542	+	132	140848345	3559
chr7	140844786	141044786	harbor2	chr7	140889875	140889986	SINE/MIR	488	+	56	140889931	45145
chr7	30513750	30713750	harbor2	chr7	30549310	30549527	SINE/MIR	684	+	108	30549418	35668
chr7	30513750	30713750	harbor2	chr7	30592735	30592929	SINE/MIR	487	+	97	30592832	79082
chr7	148172927	148372927	harbor2	chr7	148204789	148205008	SINE/MIR	709	+	110	148204899	31972
chr7	148172927	148372927	harbor2	chr7	148245176	148245379	SINE/MIR	492	+	102	148245278	72351
chr7	148172927	148372927	harbor2	chr7	148270754	148271022	SINE/MIR	473	+	134	148270888	97961
chr7	131512363	131712363	harbor2	chr7	131557547	131557778	SINE/MIR	729	+	116	131557663	45300
chr7	19468207	19668207	harbor2	chr7	19487909	19488046	SINE/MIR	511	+	68	19487977	19770
chr7	19468207	19668207	harbor2	chr7	19489748	19489831	SINE/MIR	511	+	42	19489790	21583
chr7	19468207	19668207	harbor2	chr7	19541060	19541223	SINE/MIR	500	+	82	19541142	72935
chr7	119531939	119731939	harbor2	chr7	119547699	119547890	SINE/MIR	445	+	96	119547795	15856
chr7	132827115	133027115	harbor2	chr7	132840459	132840663	SINE/MIR	465	+	102	132840561	13446
chr7	132827115	133027115	harbor2	chr7	132845068	132845279	SINE/MIR	712	+	106	132845174	18059
chr7	132827115	133027115	harbor2	chr7	132866233	132866484	SINE/MIR	453	+	126	132866359	39244
chr7	132827115	133027115	harbor2	chr7	132912445	132912558	SINE/MIR	835	+	56	132912501	85386
chr7	132827115	133027115	harbor2	chr7	132912855	132912931	SINE/MIR	835	+	38	132912893	85778
chr7	132827115	133027115	harbor2	chr7	132918197	132918434	SINE/MIR	505	+	118	132918315	91200
chr7	157050152	157250152	harbor2	chr7	157116890	157117118	SINE/MIR	502	+	114	157117004	66852
chr7	114034524	114234524	harbor2	chr7	114106087	114106287	SINE/MIR	551	+	100	114106187	71663
chr7	82324291	82524291	harbor2	chr7	82326391	82326580	SINE/MIR	518	+	94	82326485	2194
chr7	82324291	82524291	harbor2	chr7	82411231	82411490	SINE/MIR	525	+	130	82411361	87070
chr7	50014165	50214165	harbor2	chr7	50055463	50055702	SINE/MIR	527	+	120	50055583	41418
chr7	50014165	50214165	harbor2	chr7	50058822	50059060	SINE/MIR	604	+	119	50058941	44776
chr7	50014165	50214165	harbor2	chr7	50079250	50079390	SINE/MIR	453	+	70	50079320	65155
chr7	50014165	50214165	harbor2	chr7	50091847	50092046	SINE/MIR	611	+	100	50091947	77782
chr7	144050315	144250315	harbor2	chr7	144076954	144077182	SINE/MIR	540	+	114	144077068	26753
chr7	151465348	151665348	harbor2	chr7	151468828	151468996	SINE/MIR	510	+	84	151468912	3564
chr7	151465348	151665348	harbor2	chr7	151506387	151506549	SINE/MIR	486	+	81	151506468	41120
chr7	151465348	151665348	harbor2	chr7	151510295	151510508	SINE/MIR	655	+	106	151510401	45053
chr8	142293187	142493187	harbor2	chr8	142354127	142354328	SINE/MIR	385	+	100	142354227	61040
chr8	142293187	142493187	harbor2	chr8	142355246	142355443	SINE/MIR	474	+	98	142355344	62157
chr8	32835494	33035494	harbor2	chr8	32839263	32839431	SINE/MIR	413	+	84	32839347	3853
chr8	32835494	33035494	harbor2	chr8	32843901	32844058	SINE/MIR	620	+	78	32843979	8485
chr8	32835494	33035494	harbor2	chr8	32874946	32875109	SINE/MIR	495	+	82	32875028	39534
chr8	32835494	33035494	harbor2	chr8	32889768	32890014	SINE/MIR	507	+	123	32889891	54397
chr8	32835494	33035494	harbor2	chr8	32898670	32898810	SINE/MIR	414	+	70	32898740	63246
chr8	122600489	122800489	harbor2	chr8	122604813	122604977	SINE/MIR	375	+	82	122604895	4406
chr8	122600489	122800489	harbor2	chr8	122608005	122608137	SINE/MIR	430	+	66	122608071	7582
chr8	122600489	122800489	harbor2	chr8	122608423	122608449	SINE/MIR	430	+	13	122608436	7947
chr8	122600489	122800489	harbor2	chr8	122615740	122615838	SINE/MIR	377	+	49	122615789	15300
chr8	122600489	122800489	harbor2	chr8	122629370	122629609	SINE/MIR	532	+	120	122629490	29001
chr8	122600489	122800489	harbor2	chr8	122636978	122637107	SINE/MIR	396	+	64	122637042	36553
chr8	122600489	122800489	harbor2	chr8	122637926	122638053	SINE/MIR	374	+	64	122637990	37501
chr8	122600489	122800489	harbor2	chr8	122641150	122641311	SINE/MIR	460	+	80	122641230	40741
chr8	122600489	122800489	harbor2	chr8	122667618	122667806	SINE/MIR	485	+	94	122667712	67223
chr8	122600489	122800489	harbor2	chr8	122667989	122668190	SINE/MIR	539	+	100	122668089	67600
chr8	122600489	122800489	harbor2	chr8	122684667	122684872	SINE/MIR	390	+	102	122684769	84280
chr8	132829375	133029375	harbor2	chr8	132829240	132829482	SINE/MIR	628	+	121	132829361	14
chr8	132829375	133029375	harbor2	chr8	132829703	132829942	SINE/MIR	810	+	120	132829823	448
chr8	132829375	133029375	harbor2	chr8	132849577	132849770	SINE/MIR	478	+	96	132849673	20298
chr8	132829375	133029375	harbor2	chr8	132880191	132880394	SINE/MIR	451	+	102	132880293	50918
chr8	132829375	133029375	harbor2	chr8	132892288	132892496	SINE/MIR	546	+	104	132892392	63017
chr8	132829375	133029375	harbor2	chr8	132897142	132897318	SINE/MIR	573	+	88	132897230	67855
chr8	132829375	133029375	harbor2	chr8	132899882	132900086	SINE/MIR	395	+	102	132899984	70609
chr8	132829375	133029375	harbor2	chr8	132900384	132900583	SINE/MIR	471	+	100	132900484	71109
chr8	132829375	133029375	harbor2	chr8	132903744	132903963	SINE/MIR	614	+	110	132903854	74479
chr8	132829375	133029375	harbor2	chr8	132904084	132904238	SINE/MIR	398	+	77	132904161	74786
chr8	132829375	133029375	harbor2	chr8	132904278	132904485	SINE/MIR	384	+	104	132904382	75007
chr8	132829375	133029375	harbor2	chr8	132904887	132905120	SINE/MIR	762	+	116	132905003	75628
chr8	132829375	133029375	harbor2	chr8	132909618	132909779	SINE/MIR	480	+	80	132909698	80323
chr8	132829375	133029375	harbor2	chr8	132909810	132910036	SINE/MIR	730	+	113	132909923	80548
chr8	132829375	133029375	harbor2	chr8	132911136	132911301	SINE/MIR	375	+	82	132911218	81843
chr8	132829375	133029375	harbor2	chr8	132912785	132912975	SINE/MIR	523	+	95	132912880	83505
chr8	132829375	133029375	harbor2	chr8	132916094	132916298	SINE/MIR	561	+	102	132916196	86821
chr8	132829375	133029375	harbor2	chr8	132918612	132918817	SINE/MIR	380	+	102	132918714	89339
chr8	132829375	133029375	harbor2	chr8	132920698	132920872	SINE/MIR	364	+	87	132920785	91410
chr8	132829375	133029375	harbor2	chr8	132921250	132921289	SINE/MIR	364	+	20	132921270	91895
chr8	132829375	133029375	harbor2	chr8	132924647	132924801	SINE/MIR	450	+	77	132924724	95349
chr8	132829375	133029375	harbor2	chr8	132890584	132890774	SINE/MIR	531	+	95	132890679	61304
chr8	132035604	132235604	harbor2	chr8	132035761	132035915	SINE/MIR	380	+	77	132035838	234
chr8	132035604	132235604	harbor2	chr8	132040195	132040281	SINE/MIR	396	+	43	132040238	4634
chr8	132035604	132235604	harbor2	chr8	132044060	132044255	SINE/MIR	476	+	98	132044158	8554
chr8	132035604	132235604	harbor2	chr8	132050005	132050141	SINE/MIR	396	+	68	132050073	14469
chr8	132035604	132235604	harbor2	chr8	132050509	132050707	SINE/MIR	433	+	99	132050608	15004
chr8	132035604	132235604	harbor2	chr8	132051443	132051632	SINE/MIR	547	+	94	132051537	15933
chr8	132035604	132235604	harbor2	chr8	132055183	132055294	SINE/MIR	383	+	56	132055239	19635
chr8	132035604	132235604	harbor2	chr8	132057040	132057138	SINE/MIR	391	+	49	132057089	21485
chr8	132035604	132235604	harbor2	chr8	132066146	132066377	SINE/MIR	581	+	116	132066262	30658
chr8	132035604	132235604	harbor2	chr8	132066511	132066699	SINE/MIR	447	+	94	132066605	31001
chr8	132035604	132235604	harbor2	chr8	132088087	132088226	SINE/MIR	469	+	70	132088157	52553
chr8	132035604	132235604	harbor2	chr8	132088692	132088908	SINE/MIR	806	+	108	132088800	53196
chr8	132035604	132235604	harbor2	chr8	132106495	132106618	SINE/MIR	415	+	62	132106557	70953
chr8	132035604	132235604	harbor2	chr8	132116466	132116612	SINE/MIR	441	+	73	132116539	80935
chr8	132035604	132235604	harbor2	chr8	132118115	132118362	SINE/MIR	968	+	124	132118239	82635
chr8	132035604	132235604	harbor2	chr8	132122104	132122263	SINE/MIR	492	+	80	132122184	86580
chr8	132035604	132235604	harbor2	chr8	132128155	132128346	SINE/MIR	403	+	96	132128251	92647
chr8	141236987	141436987	harbor2	chr8	141310292	141310452	SINE/MIR	382	+	80	141310372	73385
chr8	141236987	141436987	harbor2	chr8	141314205	141314387	SINE/MIR	398	+	91	141314296	77309
chr8	141236987	141436987	harbor2	chr8	141332524	141332713	SINE/MIR	533	+	94	141332618	95631
chr8	66731921	66931921	harbor2	chr8	66747896	66748100	SINE/MIR	557	+	102	66747998	16077
chr8	66731921	66931921	harbor2	chr8	66775792	66776000	SINE/MIR	671	+	104	66775896	43975
chr8	66731921	66931921	harbor2	chr8	66785258	66785447	SINE/MIR	518	+	94	66785352	53431
chr8	66731921	66931921	harbor2	chr8	66786272	66786456	SINE/MIR	429	+	92	66786364	54443
chr8	66731921	66931921	harbor2	chr8	66786524	66786660	SINE/MIR	386	+	68	66786592	54671
chr8	66731921	66931921	harbor2	chr8	66793116	66793260	SINE/MIR	568	+	72	66793188	61267
chr8	113615636	113815636	harbor2	chr8	113672172	113672338	SINE/MIR	453	+	83	113672255	56619
chr8	141386963	141586963	harbor2	chr8	141446985	141447101	SINE/MIR	394	+	58	141447043	60080
chr8	141386963	141586963	harbor2	chr8	141450868	141451033	SINE/MIR	527	+	82	141450950	63987
chr8	141820671	142020671	harbor2	chr8	141821564	141821765	SINE/MIR	513	+	100	141821664	993
chr8	141820671	142020671	harbor2	chr8	141843235	141843471	SINE/MIR	501	+	118	141843353	22682
chr8	141820671	142020671	harbor2	chr8	141855098	141855278	SINE/MIR	639	+	90	141855188	34517
chr8	141820671	142020671	harbor2	chr8	141857585	141857775	SINE/MIR	457	+	95	141857680	37009
chr8	141820671	142020671	harbor2	chr8	141885043	141885238	SINE/MIR	449	+	98	141885141	64470
chr8	134772848	134972848	harbor2	chr8	134780558	134780757	SINE/MIR	399	+	100	134780658	7810
chr8	134772848	134972848	harbor2	chr8	134810565	134810788	SINE/MIR	528	+	112	134810677	37829
chr8	134772848	134972848	harbor2	chr8	134811756	134811881	SINE/MIR	553	+	62	134811818	38970
chr8	134772848	134972848	harbor2	chr8	134812178	134812280	SINE/MIR	553	+	51	134812229	39381
chr8	134772848	134972848	harbor2	chr8	134832831	134833037	SINE/MIR	501	+	103	134832934	60086
chr8	134772848	134972848	harbor2	chr8	134842894	134843001	SINE/MIR	370	+	54	134842948	70100
chr8	134772848	134972848	harbor2	chr8	134847161	134847316	SINE/MIR	539	+	78	134847239	74391
chr8	134772848	134972848	harbor2	chr8	134848253	134848332	SINE/MIR	539	+	40	134848293	75445
chr8	134772848	134972848	harbor2	chr8	134849211	134849384	SINE/MIR	517	+	86	134849297	76449
chr8	134772848	134972848	harbor2	chr8	134851208	134851325	SINE/MIR	403	+	58	134851266	78418
chr8	134772848	134972848	harbor2	chr8	134852742	134852927	SINE/MIR	633	+	92	134852834	79986
chr8	134772848	134972848	harbor2	chr8	134855511	134855680	SINE/MIR	578	+	84	134855595	82747
chr8	134772848	134972848	harbor2	chr8	134856040	134856091	SINE/MIR	578	+	26	134856066	83218
chr8	134772848	134972848	harbor2	chr8	134858104	134858316	SINE/MIR	556	+	106	134858210	85362
chr8	134772848	134972848	harbor2	chr8	134859254	134859378	SINE/MIR	492	+	62	134859316	86468
chr8	92041702	92241702	harbor2	chr8	92042222	92042315	SINE/MIR	371	+	46	92042268	566
chr8	92041702	92241702	harbor2	chr8	92042618	92042769	SINE/MIR	371	+	76	92042694	992
chr8	92041702	92241702	harbor2	chr8	92057334	92057540	SINE/MIR	463	+	103	92057437	15735
chr8	92041702	92241702	harbor2	chr8	92081057	92081241	SINE/MIR	667	+	92	92081149	39447
chr8	92041702	92241702	harbor2	chr8	92118077	92118219	SINE/MIR	404	+	71	92118148	76446
chr8	92041702	92241702	harbor2	chr8	92124466	92124623	SINE/MIR	369	+	78	92124544	82842
chr8	92041702	92241702	harbor2	chr8	92128851	92129091	SINE/MIR	645	+	120	92128971	87269
chr8	92041702	92241702	harbor2	chr8	92130439	92130631	SINE/MIR	560	+	96	92130535	88833
chr8	92041702	92241702	harbor2	chr8	92137806	92137947	SINE/MIR	515	+	70	92137876	96174
chr8	137348870	137548870	harbor2	chr8	137383435	137383615	SINE/MIR	482	+	90	137383525	34655
chr8	137348870	137548870	harbor2	chr8	137390671	137390868	SINE/MIR	416	+	98	137390769	41899
chr8	137348870	137548870	harbor2	chr8	137436092	137436293	SINE/MIR	500	+	100	137436192	87322
chr8	137348870	137548870	harbor2	chr8	137440627	137440859	SINE/MIR	523	+	116	137440743	91873
chr8	119550816	119750816	harbor2	chr8	119558250	119558413	SINE/MIR	426	+	82	119558332	7516
chr8	119550816	119750816	harbor2	chr8	119560731	119560994	SINE/MIR	424	+	132	119560863	10047
chr8	119550816	119750816	harbor2	chr8	119588892	119589073	SINE/MIR	512	+	90	119588982	38166
chr8	119550816	119750816	harbor2	chr8	119601828	119602019	SINE/MIR	472	+	96	119601924	51108
chr8	119550816	119750816	harbor2	chr8	119603456	119603697	SINE/MIR	745	+	120	119603576	52760
chr8	119550816	119750816	harbor2	chr8	119608625	119608873	SINE/MIR	807	+	124	119608749	57933
chr8	119550816	119750816	harbor2	chr8	119626788	119627025	SINE/MIR	669	+	118	119626906	76090
chr8	119550816	119750816	harbor2	chr8	119646540	119646749	SINE/MIR	571	+	104	119646644	95828
chr8	119550816	119750816	harbor2	chr8	119647681	119647722	SINE/MIR	386	+	20	119647701	96885
chr8	119550816	119750816	harbor2	chr8	119648019	119648196	SINE/MIR	386	+	88	119648107	97291
chr8	133345337	133545337	harbor2	chr8	133348306	133348509	SINE/MIR	483	+	102	133348408	3071
chr8	133345337	133545337	harbor2	chr8	133353363	133353527	SINE/MIR	421	+	82	133353445	8108
chr8	133345337	133545337	harbor2	chr8	133358395	133358646	SINE/MIR	762	+	126	133358521	13184
chr8	133345337	133545337	harbor2	chr8	133366088	133366183	SINE/MIR	381	+	48	133366136	20799
chr8	133345337	133545337	harbor2	chr8	133370510	133370702	SINE/MIR	479	+	96	133370606	25269
chr8	133345337	133545337	harbor2	chr8	133371969	133372177	SINE/MIR	466	+	104	133372073	26736
chr8	133345337	133545337	harbor2	chr8	133382364	133382524	SINE/MIR	644	+	80	133382444	37107
chr8	133345337	133545337	harbor2	chr8	133383618	133383774	SINE/MIR	499	+	78	133383696	38359
chr8	133345337	133545337	harbor2	chr8	133384152	133384261	SINE/MIR	499	+	54	133384206	38869
chr8	133345337	133545337	harbor2	chr8	133390580	133390791	SINE/MIR	578	+	106	133390686	45349
chr8	133345337	133545337	harbor2	chr8	133394172	133394399	SINE/MIR	436	+	114	133394286	48949
chr8	133345337	133545337	harbor2	chr8	133395776	133396025	SINE/MIR	456	+	124	133395900	50563
chr8	133345337	133545337	harbor2	chr8	133397598	133397682	SINE/MIR	385	+	42	133397640	52303
chr8	133345337	133545337	harbor2	chr8	133398194	133398349	SINE/MIR	385	+	78	133398272	52935
chr8	133345337	133545337	harbor2	chr8	133398823	133398984	SINE/MIR	494	+	80	133398903	53566
chr8	133345337	133545337	harbor2	chr8	133412586	133412757	SINE/MIR	614	+	86	133412672	67335
chr8	133345337	133545337	harbor2	chr8	133424475	133424703	SINE/MIR	458	+	114	133424589	79252
chr8	133345337	133545337	harbor2	chr8	133438430	133438571	SINE/MIR	412	+	70	133438500	93163
chr8	140300235	140500235	harbor2	chr8	140300883	140301033	SINE/MIR	399	+	75	140300958	723
chr8	86233310	86433310	harbor2	chr8	86259493	86259681	SINE/MIR	554	+	94	86259587	26277
chr8	86233310	86433310	harbor2	chr8	86261872	86262094	SINE/MIR	643	+	111	86261983	28673
chr8	86233310	86433310	harbor2	chr8	86269995	86270230	SINE/MIR	453	+	118	86270113	36803
chr8	86233310	86433310	harbor2	chr8	86285166	86285286	SINE/MIR	504	+	60	86285226	51916
chr8	86233310	86433310	harbor2	chr8	86285582	86285711	SINE/MIR	504	+	64	86285646	52336
chr8	86233310	86433310	harbor2	chr8	86313754	86313900	SINE/MIR	366	+	73	86313827	80517
chr8	131191988	131391988	harbor2	chr8	131211404	131211606	SINE/MIR	592	+	101	131211505	19517
chr8	131191988	131391988	harbor2	chr8	131223482	131223643	SINE/MIR	503	+	80	131223562	31574
chr8	131191988	131391988	harbor2	chr8	131229885	131230094	SINE/MIR	556	+	104	131229989	38001
chr8	131191988	131391988	harbor2	chr8	131270755	131270925	SINE/MIR	490	+	85	131270840	78852
chr8	88131932	88331932	harbor2	chr8	88141443	88141670	SINE/MIR	578	+	114	88141557	9625
chr8	88131932	88331932	harbor2	chr8	88155917	88156082	SINE/MIR	454	+	82	88155999	24067
chr8	88131932	88331932	harbor2	chr8	88191234	88191396	SINE/MIR	444	+	81	88191315	59383
chr8	88131932	88331932	harbor2	chr8	88212183	88212435	SINE/MIR	435	+	126	88212309	80377
chr8	140979826	141179826	harbor2	chr8	141005475	141005607	SINE/MIR	368	+	66	141005541	25715
chr8	140979826	141179826	harbor2	chr8	141020639	141020689	SINE/MIR	442	+	25	141020664	40838
chr8	140979826	141179826	harbor2	chr8	141020956	141021093	SINE/MIR	442	+	68	141021024	41198
chr8	140979826	141179826	harbor2	chr8	141030199	141030426	SINE/MIR	513	+	114	141030313	50487
chr8	101744124	101944124	harbor2	chr8	101746229	101746416	SINE/MIR	492	+	94	101746323	2199
chr8	101744124	101944124	harbor2	chr8	101767079	101767319	SINE/MIR	492	+	120	101767199	23075
chr8	101744124	101944124	harbor2	chr8	101785024	101785233	SINE/MIR	538	+	104	101785128	41004
chr8	101744124	101944124	harbor2	chr8	101834888	101835036	SINE/MIR	403	+	74	101834962	90838
chr8	101744124	101944124	harbor2	chr8	101810151	101810336	SINE/MIR	549	+	92	101810243	66119
chr8	111561014	111761014	harbor2	chr8	111651413	111651636	SINE/MIR	486	+	112	111651525	90511
chr8	98539176	98739176	harbor2	chr8	98541979	98542180	SINE/MIR	596	+	100	98542079	2903
chr8	98539176	98739176	harbor2	chr8	98600251	98600457	SINE/MIR	607	+	103	98600354	61178
chr8	143190853	143390853	harbor2	chr8	143235034	143235184	SINE/MIR	378	+	75	143235109	44256
chr8	17678203	17878203	harbor2	chr8	17681424	17681581	SINE/MIR	435	+	78	17681502	3299
chr8	17678203	17878203	harbor2	chr8	17681653	17681665	SINE/MIR	435	+	6	17681659	3456
chr8	17678203	17878203	harbor2	chr8	17695335	17695447	SINE/MIR	402	+	56	17695391	17188
chr8	17678203	17878203	harbor2	chr8	17731223	17731450	SINE/MIR	774	+	114	17731337	53134
chr8	17678203	17878203	harbor2	chr8	17737147	17737389	SINE/MIR	886	+	121	17737268	59065
chr8	17678203	17878203	harbor2	chr8	17739591	17739794	SINE/MIR	677	+	102	17739693	61490
chr8	129305812	129505812	harbor2	chr8	129319821	129320083	SINE/MIR	574	+	131	129319952	14140
chr8	129305812	129505812	harbor2	chr8	129335826	129336053	SINE/MIR	660	+	114	129335940	30128
chr8	129305812	129505812	harbor2	chr8	129339436	129339630	SINE/MIR	470	+	97	129339533	33721
chr8	129305812	129505812	harbor2	chr8	129339800	129339950	SINE/MIR	364	+	75	129339875	34063
chr8	129305812	129505812	harbor2	chr8	129353369	129353573	SINE/MIR	469	+	102	129353471	47659
chr8	129305812	129505812	harbor2	chr8	129357481	129357703	SINE/MIR	395	+	111	129357592	51780
chr8	129305812	129505812	harbor2	chr8	129364821	129365033	SINE/MIR	417	+	106	129364927	59115
chr8	125735247	125935247	harbor2	chr8	125745743	125745962	SINE/MIR	614	+	110	125745853	10606
chr8	125735247	125935247	harbor2	chr8	125770382	125770421	SINE/MIR	405	+	20	125770402	35155
chr8	125735247	125935247	harbor2	chr8	125770712	125770831	SINE/MIR	405	+	60	125770772	35525
chr8	125735247	125935247	harbor2	chr8	125788828	125789071	SINE/MIR	636	+	122	125788950	53703
chr8	125735247	125935247	harbor2	chr8	125795574	125795797	SINE/MIR	563	+	112	125795686	60439
chr8	125735247	125935247	harbor2	chr8	125801609	125801781	SINE/MIR	371	+	86	125801695	66448
chr8	125735247	125935247	harbor2	chr8	125809208	125809450	SINE/MIR	547	+	121	125809329	74082
chr8	125735247	125935247	harbor2	chr8	125811965	125812214	SINE/MIR	498	+	124	125812089	76842
chr8	125735247	125935247	harbor2	chr8	125817545	125817713	SINE/MIR	384	+	84	125817629	82382
chr8	125735247	125935247	harbor2	chr8	125828106	125828270	SINE/MIR	396	+	82	125828188	92941
chr8	125735247	125935247	harbor2	chr8	125829803	125829978	SINE/MIR	602	+	88	125829891	94644
chr8	73964926	74164926	harbor2	chr8	73966937	73967105	SINE/MIR	586	+	84	73967021	2095
chr8	73964926	74164926	harbor2	chr8	74009812	74009949	SINE/MIR	384	+	68	74009880	44954
chr8	73964926	74164926	harbor2	chr8	74010535	74010703	SINE/MIR	471	+	84	74010619	45693
chr8	73964926	74164926	harbor2	chr8	74055346	74055525	SINE/MIR	425	+	90	74055436	90510
chr8	122989981	123189981	harbor2	chr8	123011426	123011464	SINE/MIR	416	+	19	123011445	21464
chr8	122989981	123189981	harbor2	chr8	123011768	123011849	SINE/MIR	416	+	40	123011808	21827
chr8	122989981	123189981	harbor2	chr8	123026571	123026734	SINE/MIR	483	+	82	123026653	36672
chr8	122989981	123189981	harbor2	chr8	123061492	123061638	SINE/MIR	475	+	73	123061565	71584
chr8	122989981	123189981	harbor2	chr8	123071892	123071997	SINE/MIR	420	+	52	123071944	81963
chr8	122989981	123189981	harbor2	chr8	123085912	123086092	SINE/MIR	380	+	90	123086002	96021
chr8	108376556	108576556	harbor2	chr8	108389030	108389130	SINE/MIR	396	+	50	108389080	12524
chr8	108376556	108576556	harbor2	chr8	108402511	108402689	SINE/MIR	484	+	89	108402600	26044
chr8	108376556	108576556	harbor2	chr8	108406557	108406754	SINE/MIR	454	+	98	108406655	30099
chr8	108376556	108576556	harbor2	chr8	108436414	108436546	SINE/MIR	445	+	66	108436480	59924
chr8	108376556	108576556	harbor2	chr8	108474767	108474953	SINE/MIR	702	+	93	108474860	98304
chr8	134671447	134871447	harbor2	chr8	134699359	134699533	SINE/MIR	418	+	87	134699446	27999
chr8	134671447	134871447	harbor2	chr8	134699594	134699802	SINE/MIR	443	+	104	134699698	28251
chr8	134671447	134871447	harbor2	chr8	134703612	134703730	SINE/MIR	403	+	59	134703671	32224
chr8	134671447	134871447	harbor2	chr8	134729694	134729889	SINE/MIR	498	+	98	134729792	58345
chr8	134671447	134871447	harbor2	chr8	134739387	134739520	SINE/MIR	366	+	66	134739453	68006
chr8	134671447	134871447	harbor2	chr8	134758355	134758444	SINE/MIR	437	+	44	134758399	86952
chr8	140406158	140606158	harbor2	chr8	140422064	140422261	SINE/MIR	668	+	98	140422162	16004
chr8	140406158	140606158	harbor2	chr8	140429389	140429565	SINE/MIR	900	+	88	140429477	23319
chr8	140406158	140606158	harbor2	chr8	140429827	140429861	SINE/MIR	900	+	17	140429844	23686
chr8	140406158	140606158	harbor2	chr8	140452793	140452941	SINE/MIR	403	+	74	140452867	46709
chr8	128547797	128747797	harbor2	chr8	128567000	128567196	SINE/MIR	718	+	98	128567098	19301
chr8	128547797	128747797	harbor2	chr8	128586137	128586286	SINE/MIR	513	+	74	128586211	38414
chr8	128547797	128747797	harbor2	chr8	128590240	128590288	SINE/MIR	722	+	24	128590264	42467
chr8	128547797	128747797	harbor2	chr8	128590754	128590968	SINE/MIR	731	+	107	128590861	43064
chr8	142469077	142669077	harbor2	chr8	142480270	142480423	SINE/MIR	526	+	76	142480346	11269
chr8	142469077	142669077	harbor2	chr8	142490110	142490246	SINE/MIR	419	+	68	142490178	21101
chr8	142469077	142669077	harbor2	chr8	142507010	142507181	SINE/MIR	388	+	86	142507096	38019
chr8	142469077	142669077	harbor2	chr8	142535910	142536031	SINE/MIR	391	+	60	142535970	66893
chr8	111272284	111472284	harbor2	chr8	111303846	111304037	SINE/MIR	430	+	96	111303942	31658
chr8	82662078	82862078	harbor2	chr8	82711643	82711845	SINE/MIR	554	+	101	82711744	49666
chr8	82662078	82862078	harbor2	chr8	82754777	82754966	SINE/MIR	377	+	94	82754871	92793
chr8	113764596	113964596	harbor2	chr8	113844998	113845180	SINE/MIR	452	+	91	113845089	80493
chr8	63433934	63633934	harbor2	chr8	63523606	63523849	SINE/MIR	940	+	122	63523728	89794
chr8	63433934	63633934	harbor2	chr8	63526161	63526350	SINE/MIR	476	+	94	63526255	92321
chr8	22782431	22982431	harbor2	chr8	22783967	22784124	SINE/MIR	418	+	78	22784045	1614
chr8	22782431	22982431	harbor2	chr8	22785890	22786088	SINE/MIR	544	+	99	22785989	3558
chr8	22782431	22982431	harbor2	chr8	22800265	22800451	SINE/MIR	477	+	93	22800358	17927
chr8	22782431	22982431	harbor2	chr8	22809504	22809724	SINE/MIR	449	+	110	22809614	27183
chr8	22782431	22982431	harbor2	chr8	22814993	22815211	SINE/MIR	527	+	109	22815102	32671
chr8	22782431	22982431	harbor2	chr8	22835106	22835308	SINE/MIR	419	+	101	22835207	52776
chr8	22782431	22982431	harbor2	chr8	22836063	22836267	SINE/MIR	692	+	102	22836165	53734
chr8	22782431	22982431	harbor2	chr8	22876866	22877042	SINE/MIR	500	+	88	22876954	94523
chr8	22782431	22982431	harbor2	chr8	22880288	22880386	SINE/MIR	377	+	49	22880337	97906
chr8	22782431	22982431	harbor2	chr8	22881749	22881983	SINE/MIR	428	+	117	22881866	99435
chr8	118248287	118448287	harbor2	chr8	118250217	118250414	SINE/MIR	539	+	98	118250315	2028
chr8	118248287	118448287	harbor2	chr8	118285597	118285825	SINE/MIR	472	+	114	118285711	37424
chr8	118248287	118448287	harbor2	chr8	118321684	118321886	SINE/MIR	793	+	101	118321785	73498
chr8	118248287	118448287	harbor2	chr8	118342987	118343110	SINE/MIR	477	+	62	118343049	94762
chr8	118248287	118448287	harbor2	chr8	118343835	118344019	SINE/MIR	493	+	92	118343927	95640
chr8	118248287	118448287	harbor2	chr8	118347893	118348032	SINE/MIR	454	+	70	118347963	99676
chr8	91674303	91874303	harbor2	chr8	91690985	91691107	SINE/MIR	459	+	61	91691046	16743
chr8	91674303	91874303	harbor2	chr8	91691376	91691453	SINE/MIR	459	+	38	91691414	17111
chr8	91674303	91874303	harbor2	chr8	91725789	91725890	SINE/MIR	392	+	50	91725839	51536
chr8	91674303	91874303	harbor2	chr8	91741558	91741663	SINE/MIR	430	+	52	91741610	67307
chr8	127507490	127707490	harbor2	chr8	127515091	127515242	SINE/MIR	468	+	76	127515167	7677
chr8	127507490	127707490	harbor2	chr8	127526419	127526558	SINE/MIR	386	+	70	127526489	18999
chr8	127507490	127707490	harbor2	chr8	127529871	127530011	SINE/MIR	364	+	70	127529941	22451
chr8	127507490	127707490	harbor2	chr8	127548476	127548652	SINE/MIR	636	+	88	127548564	41074
chr8	127507490	127707490	harbor2	chr8	127549784	127550028	SINE/MIR	648	+	122	127549906	42416
chr8	127507490	127707490	harbor2	chr8	127574275	127574407	SINE/MIR	385	+	66	127574341	66851
chr8	127507490	127707490	harbor2	chr8	127577326	127577540	SINE/MIR	409	+	107	127577433	69943
chr8	127507490	127707490	harbor2	chr8	127580082	127580317	SINE/MIR	456	+	118	127580200	72710
chr8	127507490	127707490	harbor2	chr8	127583285	127583440	SINE/MIR	449	+	78	127583363	75873
chr8	127507490	127707490	harbor2	chr8	127586950	127587097	SINE/MIR	392	+	74	127587024	79534
chr8	127507490	127707490	harbor2	chr8	127588908	127589128	SINE/MIR	383	+	110	127589018	81528
chr8	127507490	127707490	harbor2	chr8	127589972	127590225	SINE/MIR	728	+	126	127590098	82608
chr8	127507490	127707490	harbor2	chr8	127600581	127600823	SINE/MIR	588	+	121	127600702	93212
chr8	127507490	127707490	harbor2	chr8	127602318	127602490	SINE/MIR	635	+	86	127602404	94914
chr8	91969950	92169950	harbor2	chr8	91994491	91994650	SINE/MIR	988	+	80	91994571	24621
chr8	91969950	92169950	harbor2	chr8	91999268	91999482	SINE/MIR	553	+	107	91999375	29425
chr8	91969950	92169950	harbor2	chr8	92012623	92012752	SINE/MIR	389	+	64	92012687	42737
chr8	91969950	92169950	harbor2	chr8	92021568	92021780	SINE/MIR	452	+	106	92021674	51724
chr8	91969950	92169950	harbor2	chr8	92042222	92042315	SINE/MIR	371	+	46	92042268	72318
chr8	91969950	92169950	harbor2	chr8	92042618	92042769	SINE/MIR	371	+	76	92042694	72744
chr8	91969950	92169950	harbor2	chr8	92057334	92057540	SINE/MIR	463	+	103	92057437	87487
chr8	126079079	126279079	harbor2	chr8	126086625	126086857	SINE/MIR	442	+	116	126086741	7662
chr8	126079079	126279079	harbor2	chr8	126134880	126134950	SINE/MIR	461	+	35	126134915	55836
chr8	126079079	126279079	harbor2	chr8	126135401	126135547	SINE/MIR	461	+	73	126135474	56395
chr8	126079079	126279079	harbor2	chr8	126138672	126138771	SINE/MIR	390	+	50	126138722	59643
chr8	126079079	126279079	harbor2	chr8	126139165	126139271	SINE/MIR	390	+	53	126139218	60139
chr8	126079079	126279079	harbor2	chr8	126159620	126159751	SINE/MIR	379	+	66	126159686	80607
chr8	126079079	126279079	harbor2	chr8	126171329	126171512	SINE/MIR	399	+	92	126171421	92342
chr8	126079079	126279079	harbor2	chr8	126177624	126177774	SINE/MIR	522	+	75	126177699	98620
chr8	115240895	115440895	harbor2	chr8	115242716	115242954	SINE/MIR	625	+	119	115242835	1940
chr8	115240895	115440895	harbor2	chr8	115263945	115264192	SINE/MIR	488	+	124	115264069	23174
chr8	115240895	115440895	harbor2	chr8	115295261	115295462	SINE/MIR	523	+	100	115295361	54466
chr8	115240895	115440895	harbor2	chr8	115297756	115297915	SINE/MIR	479	+	80	115297836	56941
chr8	115240895	115440895	harbor2	chr8	115299682	115299861	SINE/MIR	415	+	90	115299772	58877
chr8	115240895	115440895	harbor2	chr8	115303695	115303941	SINE/MIR	467	+	123	115303818	62923
chr8	115240895	115440895	harbor2	chr8	115328393	115328602	SINE/MIR	542	+	104	115328497	87602
chr8	57353890	57553890	harbor2	chr8	57355588	57355770	SINE/MIR	596	+	91	57355679	1789
chr8	57353890	57553890	harbor2	chr8	57361413	57361549	SINE/MIR	393	+	68	57361481	7591
chr8	57353890	57553890	harbor2	chr8	57365035	57365211	SINE/MIR	500	+	88	57365123	11233
chr8	57353890	57553890	harbor2	chr8	57404839	57404946	SINE/MIR	514	+	54	57404893	51003
chr8	57353890	57553890	harbor2	chr8	57441952	57442163	SINE/MIR	659	+	106	57442058	88168
chr8	57353890	57553890	harbor2	chr8	57443277	57443474	SINE/MIR	484	+	98	57443375	89485
chr8	57353890	57553890	harbor2	chr8	57444989	57445224	SINE/MIR	789	+	118	57445107	91217
chr8	57353890	57553890	harbor2	chr8	57393045	57393263	SINE/MIR	440	+	109	57393154	39264
chr8	120809838	121009838	harbor2	chr8	120823121	120823342	SINE/MIR	589	+	110	120823231	13393
chr8	120809838	121009838	harbor2	chr8	120833468	120833645	SINE/MIR	372	+	88	120833556	23718
chr8	120809838	121009838	harbor2	chr8	120848894	120849072	SINE/MIR	428	+	89	120848983	39145
chr8	120809838	121009838	harbor2	chr8	120885196	120885400	SINE/MIR	389	+	102	120885298	75460
chr8	120809838	121009838	harbor2	chr8	120888561	120888713	SINE/MIR	552	+	76	120888637	78799
chr8	120809838	121009838	harbor2	chr8	120889191	120889356	SINE/MIR	410	+	82	120889273	79435
chr8	105772674	105972674	harbor2	chr8	105781325	105781400	SINE/MIR	429	+	38	105781363	8689
chr8	105772674	105972674	harbor2	chr8	105782039	105782227	SINE/MIR	584	+	94	105782133	9459
chr8	105772674	105972674	harbor2	chr8	105785411	105785619	SINE/MIR	610	+	104	105785515	12841
chr8	105772674	105972674	harbor2	chr8	105800662	105800871	SINE/MIR	483	+	104	105800766	28092
chr8	105772674	105972674	harbor2	chr8	105839527	105839753	SINE/MIR	760	+	113	105839640	66966
chr8	136521926	136721926	harbor2	chr8	136570119	136570351	SINE/MIR	369	+	116	136570235	48309
chr8	136521926	136721926	harbor2	chr8	136591132	136591402	SINE/MIR	746	+	135	136591267	69341
chr8	136521926	136721926	harbor2	chr8	136618659	136618848	SINE/MIR	410	+	94	136618753	96827
chr8	136521926	136721926	harbor2	chr8	136619214	136619246	SINE/MIR	410	+	16	136619230	97304
chr8	143624587	143824587	harbor2	chr8	143633318	143633466	SINE/MIR	422	+	74	143633392	8805
chr8	58008491	58208491	harbor2	chr8	58029616	58029792	SINE/MIR	444	+	88	58029704	21213
chr8	58008491	58208491	harbor2	chr8	58034488	58034704	SINE/MIR	422	+	108	58034596	26105
chr8	58008491	58208491	harbor2	chr8	58034721	58034838	SINE/MIR	417	+	58	58034779	26288
chr8	58008491	58208491	harbor2	chr8	58057636	58057865	SINE/MIR	608	+	114	58057750	49259
chr8	136964841	137164841	harbor2	chr8	136965411	136965622	SINE/MIR	486	+	106	136965517	676
chr8	136964841	137164841	harbor2	chr8	137042744	137042980	SINE/MIR	543	+	118	137042862	78021
chr8	139539541	139739541	harbor2	chr8	139592568	139592677	SINE/MIR	417	+	54	139592622	53081
chr8	141052174	141252174	harbor2	chr8	141088438	141088554	SINE/MIR	446	+	58	141088496	36322
chr8	141052174	141252174	harbor2	chr8	141098659	141098786	SINE/MIR	385	+	64	141098723	46549
chr8	141052174	141252174	harbor2	chr8	141099076	141099133	SINE/MIR	385	+	28	141099104	46930
chr8	87725827	87925827	harbor2	chr8	87727150	87727372	SINE/MIR	423	+	111	87727261	1434
chr8	115380708	115580708	harbor2	chr8	115420834	115420985	SINE/MIR	366	+	76	115420910	40202
chr8	115380708	115580708	harbor2	chr8	115421284	115421350	SINE/MIR	366	+	33	115421317	40609
chr8	115380708	115580708	harbor2	chr8	115443567	115443774	SINE/MIR	693	+	104	115443671	62963
chr8	115380708	115580708	harbor2	chr8	115462370	115462564	SINE/MIR	575	+	97	115462467	81759
chr8	115380708	115580708	harbor2	chr8	115480125	115480329	SINE/MIR	376	+	102	115480227	99519
chr8	134843472	135043472	harbor2	chr8	134847161	134847316	SINE/MIR	539	+	78	134847239	3767
chr8	134843472	135043472	harbor2	chr8	134848253	134848332	SINE/MIR	539	+	40	134848293	4821
chr8	134843472	135043472	harbor2	chr8	134849211	134849384	SINE/MIR	517	+	86	134849297	5825
chr8	134843472	135043472	harbor2	chr8	134851208	134851325	SINE/MIR	403	+	58	134851266	7794
chr8	134843472	135043472	harbor2	chr8	134852742	134852927	SINE/MIR	633	+	92	134852834	9362
chr8	134843472	135043472	harbor2	chr8	134855511	134855680	SINE/MIR	578	+	84	134855595	12123
chr8	134843472	135043472	harbor2	chr8	134856040	134856091	SINE/MIR	578	+	26	134856066	12594
chr8	134843472	135043472	harbor2	chr8	134858104	134858316	SINE/MIR	556	+	106	134858210	14738
chr8	134843472	135043472	harbor2	chr8	134859254	134859378	SINE/MIR	492	+	62	134859316	15844
chr8	134843472	135043472	harbor2	chr8	134878639	134878875	SINE/MIR	790	+	118	134878757	35285
chr8	134843472	135043472	harbor2	chr8	134911184	134911408	SINE/MIR	591	+	112	134911296	67824
chr8	134843472	135043472	harbor2	chr8	134912184	134912403	SINE/MIR	616	+	110	134912294	68822
chr8	129924847	130124847	harbor2	chr8	129959305	129959433	SINE/MIR	436	+	64	129959369	34522
chr8	129924847	130124847	harbor2	chr8	129961825	129961925	SINE/MIR	365	+	50	129961875	37028
chr8	129924847	130124847	harbor2	chr8	129967975	129968225	SINE/MIR	823	+	125	129968100	43253
chr8	129924847	130124847	harbor2	chr8	129970880	129971079	SINE/MIR	604	+	100	129970980	46133
chr8	129924847	130124847	harbor2	chr8	129985085	129985309	SINE/MIR	689	+	112	129985197	60350
chr8	129924847	130124847	harbor2	chr8	130007328	130007502	SINE/MIR	455	+	87	130007415	82568
chr8	129924847	130124847	harbor2	chr8	130007807	130007844	SINE/MIR	455	+	18	130007825	82978
chr8	129924847	130124847	harbor2	chr8	130018504	130018687	SINE/MIR	523	+	92	130018596	93749
chr8	129924847	130124847	harbor2	chr8	130019533	130019748	SINE/MIR	542	+	108	130019641	94794
chr8	129924847	130124847	harbor2	chr8	130021005	130021209	SINE/MIR	465	+	102	130021107	96260
chr8	124549068	124749068	harbor2	chr8	124554647	124554835	SINE/MIR	577	+	94	124554741	5673
chr8	124549068	124749068	harbor2	chr8	124566699	124566911	SINE/MIR	633	+	106	124566805	17737
chr8	124549068	124749068	harbor2	chr8	124575325	124575490	SINE/MIR	621	+	82	124575407	26339
chr8	124549068	124749068	harbor2	chr8	124613160	124613374	SINE/MIR	437	+	107	124613267	64199
chr8	124549068	124749068	harbor2	chr8	124625167	124625360	SINE/MIR	548	+	96	124625263	76195
chr8	124549068	124749068	harbor2	chr8	124630596	124630818	SINE/MIR	546	+	111	124630707	81639
chr8	124549068	124749068	harbor2	chr8	124641417	124641559	SINE/MIR	450	+	71	124641488	92420
chr8	124549068	124749068	harbor2	chr8	124642917	124643043	SINE/MIR	374	+	63	124642980	93912
chr8	119578592	119778592	harbor2	chr8	119588892	119589073	SINE/MIR	512	+	90	119588982	10390
chr8	119578592	119778592	harbor2	chr8	119601828	119602019	SINE/MIR	472	+	96	119601924	23332
chr8	119578592	119778592	harbor2	chr8	119603456	119603697	SINE/MIR	745	+	120	119603576	24984
chr8	119578592	119778592	harbor2	chr8	119608625	119608873	SINE/MIR	807	+	124	119608749	30157
chr8	119578592	119778592	harbor2	chr8	119626788	119627025	SINE/MIR	669	+	118	119626906	48314
chr8	119578592	119778592	harbor2	chr8	119646540	119646749	SINE/MIR	571	+	104	119646644	68052
chr8	119578592	119778592	harbor2	chr8	119647681	119647722	SINE/MIR	386	+	20	119647701	69109
chr8	119578592	119778592	harbor2	chr8	119648019	119648196	SINE/MIR	386	+	88	119648107	69515
chr8	119578592	119778592	harbor2	chr8	119655427	119655641	SINE/MIR	565	+	107	119655534	76942
chr8	119578592	119778592	harbor2	chr8	119664265	119664474	SINE/MIR	705	+	104	119664369	85777
chr8	119578592	119778592	harbor2	chr8	119674964	119675135	SINE/MIR	496	+	86	119675050	96458
chr8	127241927	127441927	harbor2	chr8	127250961	127251157	SINE/MIR	561	+	98	127251059	9132
chr8	127241927	127441927	harbor2	chr8	127259811	127260052	SINE/MIR	818	+	120	127259931	18004
chr8	127241927	127441927	harbor2	chr8	127267730	127267964	SINE/MIR	681	+	117	127267847	25920
chr8	127241927	127441927	harbor2	chr8	127273594	127273816	SINE/MIR	512	+	111	127273705	31778
chr8	127241927	127441927	harbor2	chr8	127276081	127276206	SINE/MIR	447	+	62	127276143	34216
chr8	127241927	127441927	harbor2	chr8	127281617	127281843	SINE/MIR	372	+	113	127281730	39803
chr8	127241927	127441927	harbor2	chr8	127282416	127282596	SINE/MIR	386	+	90	127282506	40579
chr8	127241927	127441927	harbor2	chr8	127282593	127282818	SINE/MIR	482	+	112	127282705	40778
chr8	127241927	127441927	harbor2	chr8	127297309	127297433	SINE/MIR	412	+	62	127297371	55444
chr8	127241927	127441927	harbor2	chr8	127330676	127330832	SINE/MIR	514	+	78	127330754	88827
chr8	127241927	127441927	harbor2	chr8	127333115	127333291	SINE/MIR	408	+	88	127333203	91276
chr8	35888755	36088755	harbor2	chr8	35950167	35950387	SINE/MIR	477	+	110	35950277	61522
chr8	35888755	36088755	harbor2	chr8	35973396	35973549	SINE/MIR	372	+	76	35973472	84717
chr8	142415878	142615878	harbor2	chr8	142432527	142432781	SINE/MIR	477	+	127	142432654	16776
chr8	142415878	142615878	harbor2	chr8	142467640	142467864	SINE/MIR	388	+	112	142467752	51874
chr8	142415878	142615878	harbor2	chr8	142480270	142480423	SINE/MIR	526	+	76	142480346	64468
chr8	142415878	142615878	harbor2	chr8	142490110	142490246	SINE/MIR	419	+	68	142490178	74300
chr8	142415878	142615878	harbor2	chr8	142507010	142507181	SINE/MIR	388	+	86	142507096	91218
chr8	88377779	88577779	harbor2	chr8	88382218	88382324	SINE/MIR	374	+	53	88382271	4492
chr8	88377779	88577779	harbor2	chr8	88382480	88382503	SINE/MIR	374	+	12	88382492	4713
chr8	88377779	88577779	harbor2	chr8	88416852	88417051	SINE/MIR	536	+	100	88416952	39173
chr8	126466380	126666380	harbor2	chr8	126490622	126490759	SINE/MIR	483	+	68	126490690	24310
chr8	126466380	126666380	harbor2	chr8	126496418	126496523	SINE/MIR	642	+	52	126496470	30090
chr8	126466380	126666380	harbor2	chr8	126496820	126496932	SINE/MIR	642	+	56	126496876	30496
chr8	126466380	126666380	harbor2	chr8	126514016	126514242	SINE/MIR	435	+	113	126514129	47749
chr8	126466380	126666380	harbor2	chr8	126515879	126516051	SINE/MIR	588	+	86	126515965	49585
chr8	126466380	126666380	harbor2	chr8	126528348	126528403	SINE/MIR	465	+	28	126528376	61996
chr8	126466380	126666380	harbor2	chr8	126528786	126528869	SINE/MIR	465	+	42	126528828	62448
chr8	126466380	126666380	harbor2	chr8	126529320	126529346	SINE/MIR	465	+	13	126529333	62953
chr8	126466380	126666380	harbor2	chr8	126530852	126531059	SINE/MIR	512	+	104	126530956	64576
chr8	126466380	126666380	harbor2	chr8	126531220	126531421	SINE/MIR	608	+	100	126531320	64940
chr8	126466380	126666380	harbor2	chr8	126534764	126534881	SINE/MIR	425	+	58	126534822	68442
chr8	126466380	126666380	harbor2	chr8	126541338	126541492	SINE/MIR	478	+	77	126541415	75035
chr8	126466380	126666380	harbor2	chr8	126547643	126547827	SINE/MIR	425	+	92	126547735	81355
chr8	84922072	85122072	harbor2	chr8	84955905	84956024	SINE/MIR	396	+	60	84955965	33893
chr8	123845879	124045879	harbor2	chr8	123849496	123849641	SINE/MIR	499	+	72	123849568	3689
chr8	123845879	124045879	harbor2	chr8	123856433	123856545	SINE/MIR	481	+	56	123856489	10610
chr8	123845879	124045879	harbor2	chr8	123867474	123867712	SINE/MIR	763	+	119	123867593	21714
chr8	123845879	124045879	harbor2	chr8	123930570	123930808	SINE/MIR	688	+	119	123930689	84810
chr8	123845879	124045879	harbor2	chr8	123942995	123943197	SINE/MIR	491	+	101	123943096	97217
chr8	123845879	124045879	harbor2	chr8	123944018	123944196	SINE/MIR	496	+	89	123944107	98228
chr8	123845879	124045879	harbor2	chr8	123944377	123944522	SINE/MIR	450	+	72	123944449	98570
chr8	68854144	69054144	harbor2	chr8	68872811	68872974	SINE/MIR	646	+	82	68872893	18749
chr8	68854144	69054144	harbor2	chr8	68941678	68941812	SINE/MIR	369	+	67	68941745	87601
chr8	121559789	121759789	harbor2	chr8	121568427	121568616	SINE/MIR	492	+	94	121568521	8732
chr8	121559789	121759789	harbor2	chr8	121610474	121610691	SINE/MIR	402	+	108	121610582	50793
chr8	121559789	121759789	harbor2	chr8	121622332	121622566	SINE/MIR	599	+	117	121622449	62660
chr8	121559789	121759789	harbor2	chr8	121629402	121629575	SINE/MIR	470	+	86	121629488	69699
chr8	121559789	121759789	harbor2	chr8	121629868	121630034	SINE/MIR	592	+	83	121629951	70162
chr8	121559789	121759789	harbor2	chr8	121635183	121635342	SINE/MIR	599	+	80	121635263	75474
chr8	121559789	121759789	harbor2	chr8	121643562	121643778	SINE/MIR	403	+	108	121643670	83881
chr8	121559789	121759789	harbor2	chr8	121585612	121585848	SINE/MIR	605	+	118	121585730	25941
chr8	113201809	113401809	harbor2	chr8	113208261	113208500	SINE/MIR	654	+	120	113208381	6572
chr8	113201809	113401809	harbor2	chr8	113223342	113223544	SINE/MIR	461	+	101	113223443	21634
chr8	113201809	113401809	harbor2	chr8	113288778	113288930	SINE/MIR	369	+	76	113288854	87045
chr8	113201809	113401809	harbor2	chr8	113289016	113289212	SINE/MIR	718	+	98	113289114	87305
chr8	130478667	130678667	harbor2	chr8	130487123	130487172	SINE/MIR	678	+	24	130487147	8480
chr8	130478667	130678667	harbor2	chr8	130487616	130487791	SINE/MIR	678	+	88	130487704	9037
chr8	130478667	130678667	harbor2	chr8	130487816	130487872	SINE/MIR	373	+	28	130487844	9177
chr8	130478667	130678667	harbor2	chr8	130488288	130488421	SINE/MIR	373	+	66	130488354	9687
chr8	130478667	130678667	harbor2	chr8	130488471	130488709	SINE/MIR	847	+	119	130488590	9923
chr8	130478667	130678667	harbor2	chr8	130518295	130518486	SINE/MIR	497	+	96	130518391	39724
chr8	130478667	130678667	harbor2	chr8	130536806	130536952	SINE/MIR	458	+	73	130536879	58212
chr8	130478667	130678667	harbor2	chr8	130558332	130558555	SINE/MIR	586	+	112	130558444	79777
chr8	130478667	130678667	harbor2	chr8	130559421	130559553	SINE/MIR	392	+	66	130559487	80820
chr8	130478667	130678667	harbor2	chr8	130564961	130565141	SINE/MIR	493	+	90	130565051	86384
chr8	130478667	130678667	harbor2	chr8	130577190	130577366	SINE/MIR	408	+	88	130577278	98611
chr8	104515804	104715804	harbor2	chr8	104533885	104534052	SINE/MIR	656	+	84	104533969	18165
chr8	104515804	104715804	harbor2	chr8	104562088	104562281	SINE/MIR	762	+	96	104562184	46380
chr8	104515804	104715804	harbor2	chr8	104563047	104563196	SINE/MIR	784	+	74	104563121	47317
chr8	104515804	104715804	harbor2	chr8	104583656	104583803	SINE/MIR	394	+	74	104583730	67926
chr8	100361852	100561852	harbor2	chr8	100362521	100362739	SINE/MIR	769	+	109	100362630	778
chr8	100361852	100561852	harbor2	chr8	100375513	100375742	SINE/MIR	645	+	114	100375627	13775
chr8	100361852	100561852	harbor2	chr8	100392250	100392476	SINE/MIR	572	+	113	100392363	30511
chr8	100361852	100561852	harbor2	chr8	100412477	100412605	SINE/MIR	390	+	64	100412541	50689
chr8	100361852	100561852	harbor2	chr8	100418315	100418532	SINE/MIR	919	+	108	100418423	56571
chr8	100361852	100561852	harbor2	chr8	100426195	100426347	SINE/MIR	442	+	76	100426271	64419
chr8	100361852	100561852	harbor2	chr8	100444348	100444488	SINE/MIR	415	+	70	100444418	82566
chr8	100361852	100561852	harbor2	chr8	100456849	100457091	SINE/MIR	472	+	121	100456970	95118
chr8	100361852	100561852	harbor2	chr8	100461142	100461367	SINE/MIR	849	+	112	100461254	99402
chr8	109060874	109260874	harbor2	chr8	109063402	109063567	SINE/MIR	463	+	82	109063484	2610
chr8	109060874	109260874	harbor2	chr8	109075021	109075209	SINE/MIR	629	+	94	109075115	14241
chr8	109060874	109260874	harbor2	chr8	109078472	109078651	SINE/MIR	548	+	90	109078562	17688
chr8	109060874	109260874	harbor2	chr8	109078942	109078986	SINE/MIR	548	+	22	109078964	18090
chr8	109060874	109260874	harbor2	chr8	109090033	109090232	SINE/MIR	434	+	100	109090133	29259
chr8	109060874	109260874	harbor2	chr8	109101371	109101604	SINE/MIR	571	+	116	109101487	40613
chr8	109060874	109260874	harbor2	chr8	109112743	109112971	SINE/MIR	375	+	114	109112857	51983
chr8	109060874	109260874	harbor2	chr8	109118103	109118341	SINE/MIR	366	+	119	109118222	57348
chr8	109060874	109260874	harbor2	chr8	109141291	109141449	SINE/MIR	408	+	79	109141370	80496
chr8	109060874	109260874	harbor2	chr8	109117227	109117447	SINE/MIR	676	+	110	109117337	56463
chr8	33191056	33391056	harbor2	chr8	33195180	33195348	SINE/MIR	441	+	84	33195264	4208
chr8	33191056	33391056	harbor2	chr8	33202995	33203090	SINE/MIR	369	+	48	33203043	11987
chr8	33191056	33391056	harbor2	chr8	33256651	33256867	SINE/MIR	445	+	108	33256759	65703
chr8	33191056	33391056	harbor2	chr8	33257737	33258002	SINE/MIR	875	+	132	33257869	66813
chr8	33191056	33391056	harbor2	chr8	33274704	33274959	SINE/MIR	474	+	128	33274832	83776
chr8	33191056	33391056	harbor2	chr8	33284199	33284433	SINE/MIR	772	+	117	33284316	93260
chr8	33191056	33391056	harbor2	chr8	33242970	33243182	SINE/MIR	857	+	106	33243076	52020
chr8	105483030	105683030	harbor2	chr8	105484538	105484678	SINE/MIR	410	+	70	105484608	1578
chr8	105483030	105683030	harbor2	chr8	105505050	105505279	SINE/MIR	462	+	114	105505164	22134
chr8	105483030	105683030	harbor2	chr8	105507414	105507602	SINE/MIR	483	+	94	105507508	24478
chr8	105483030	105683030	harbor2	chr8	105512262	105512479	SINE/MIR	442	+	108	105512370	29340
chr8	105483030	105683030	harbor2	chr8	105522985	105523203	SINE/MIR	391	+	109	105523094	40064
chr8	105483030	105683030	harbor2	chr8	105526920	105527085	SINE/MIR	687	+	82	105527002	43972
chr8	105483030	105683030	harbor2	chr8	105540292	105540479	SINE/MIR	518	+	94	105540386	57356
chr8	105483030	105683030	harbor2	chr8	105573814	105574040	SINE/MIR	411	+	113	105573927	90897
chr8	131178775	131378775	harbor2	chr8	131189561	131189763	SINE/MIR	599	+	101	131189662	10887
chr8	131178775	131378775	harbor2	chr8	131211404	131211606	SINE/MIR	592	+	101	131211505	32730
chr8	131178775	131378775	harbor2	chr8	131223482	131223643	SINE/MIR	503	+	80	131223562	44787
chr8	131178775	131378775	harbor2	chr8	131229885	131230094	SINE/MIR	556	+	104	131229989	51214
chr8	131178775	131378775	harbor2	chr8	131270755	131270925	SINE/MIR	490	+	85	131270840	92065
chr8	69915173	70115173	harbor2	chr8	69954270	69954490	SINE/MIR	405	+	110	69954380	39207
chr8	69915173	70115173	harbor2	chr8	70003884	70004019	SINE/MIR	479	+	68	70003952	88779
chr8	141905435	142105435	harbor2	chr8	141945167	141945360	SINE/MIR	500	+	96	141945263	39828
chr8	86159278	86359278	harbor2	chr8	86181020	86181241	SINE/MIR	850	+	110	86181130	21852
chr8	86159278	86359278	harbor2	chr8	86216669	86216845	SINE/MIR	633	+	88	86216757	57479
chr8	134488229	134688229	harbor2	chr8	134528154	134528312	SINE/MIR	418	+	79	134528233	40004
chr8	134488229	134688229	harbor2	chr8	134551214	134551401	SINE/MIR	474	+	94	134551308	63079
chr8	134488229	134688229	harbor2	chr8	134586789	134586996	SINE/MIR	821	+	104	134586893	98664
chr8	52009409	52209409	harbor2	chr8	52011719	52011960	SINE/MIR	568	+	120	52011839	2430
chr8	52009409	52209409	harbor2	chr8	52033345	52033537	SINE/MIR	547	+	96	52033441	24032
chr8	52009409	52209409	harbor2	chr8	52059514	52059682	SINE/MIR	532	+	84	52059598	50189
chr8	52009409	52209409	harbor2	chr8	52108492	52108640	SINE/MIR	431	+	74	52108566	99157
chr8	135753873	135953873	harbor2	chr8	135757825	135758033	SINE/MIR	465	+	104	135757929	4056
chr8	135753873	135953873	harbor2	chr8	135793986	135794169	SINE/MIR	452	+	92	135794078	40205
chr8	135753873	135953873	harbor2	chr8	135841662	135841896	SINE/MIR	875	+	117	135841779	87906
chr8	135753873	135953873	harbor2	chr8	135843225	135843449	SINE/MIR	391	+	112	135843337	89464
chr8	67991814	68191814	harbor2	chr8	68004110	68004301	SINE/MIR	526	+	96	68004206	12392
chr8	67991814	68191814	harbor2	chr8	68033295	68033410	SINE/MIR	371	+	58	68033353	41539
chr8	67991814	68191814	harbor2	chr8	68074340	68074449	SINE/MIR	403	+	54	68074394	82580
chr8	67991814	68191814	harbor2	chr8	68085049	68085239	SINE/MIR	367	+	95	68085144	93330
chr8	143773224	143973224	harbor2	chr8	143779666	143779849	SINE/MIR	416	+	92	143779758	6534
chr8	143773224	143973224	harbor2	chr8	143838320	143838444	SINE/MIR	434	+	62	143838382	65158
chr8	51331166	51531166	harbor2	chr8	51370073	51370184	SINE/MIR	369	+	56	51370129	38963
chr8	74785289	74985289	harbor2	chr8	74817344	74817578	SINE/MIR	397	+	117	74817461	32172
chr8	74785289	74985289	harbor2	chr8	74826631	74826863	SINE/MIR	573	+	116	74826747	41458
chr8	74785289	74985289	harbor2	chr8	74827142	74827269	SINE/MIR	558	+	64	74827206	41917
chr8	139754752	139954752	harbor2	chr8	139795276	139795473	SINE/MIR	402	+	98	139795374	40622
chr8	86118807	86318807	harbor2	chr8	86135430	86135618	SINE/MIR	436	+	94	86135524	16717
chr8	86118807	86318807	harbor2	chr8	86137738	86137947	SINE/MIR	641	+	104	86137842	19035
chr8	86118807	86318807	harbor2	chr8	86181020	86181241	SINE/MIR	850	+	110	86181130	62323
chr8	86118807	86318807	harbor2	chr8	86216669	86216845	SINE/MIR	633	+	88	86216757	97950
chr8	128930423	129130423	harbor2	chr8	128931549	128931778	SINE/MIR	618	+	114	128931663	1240
chr8	128930423	129130423	harbor2	chr8	128936024	128936272	SINE/MIR	495	+	124	128936148	5725
chr8	128930423	129130423	harbor2	chr8	128938827	128939055	SINE/MIR	486	+	114	128938941	8518
chr8	128930423	129130423	harbor2	chr8	128944388	128944530	SINE/MIR	412	+	71	128944459	14036
chr8	128930423	129130423	harbor2	chr8	128969298	128969435	SINE/MIR	390	+	68	128969366	38943
chr8	128930423	129130423	harbor2	chr8	128969517	128969545	SINE/MIR	390	+	14	128969531	39108
chr8	128930423	129130423	harbor2	chr8	128976456	128976660	SINE/MIR	376	+	102	128976558	46135
chr8	128930423	129130423	harbor2	chr8	128977634	128977888	SINE/MIR	617	+	127	128977761	47338
chr8	128930423	129130423	harbor2	chr8	128980600	128980783	SINE/MIR	494	+	92	128980692	50269
chr8	128930423	129130423	harbor2	chr8	129000173	129000412	SINE/MIR	708	+	120	129000293	69870
chr8	128930423	129130423	harbor2	chr8	129002674	129002840	SINE/MIR	365	+	83	129002757	72334
chr8	128930423	129130423	harbor2	chr8	129018933	129019096	SINE/MIR	465	+	82	129019015	88592
chr8	128930423	129130423	harbor2	chr8	129026392	129026615	SINE/MIR	606	+	112	129026504	96081
chr8	52154516	52354516	harbor2	chr8	52209251	52209485	SINE/MIR	613	+	117	52209368	54852
chr8	52154516	52354516	harbor2	chr8	52236961	52237151	SINE/MIR	387	+	95	52237056	82540
chr8	52154516	52354516	harbor2	chr8	52243496	52243715	SINE/MIR	569	+	110	52243606	89090
chr8	69327043	69527043	harbor2	chr8	69390816	69390962	SINE/MIR	416	+	73	69390889	63846
chr8	138691793	138891793	harbor2	chr8	138711868	138712103	SINE/MIR	582	+	118	138711986	20193
chr8	138691793	138891793	harbor2	chr8	138744520	138744774	SINE/MIR	442	+	127	138744647	52854
chr8	138691793	138891793	harbor2	chr8	138753955	138754116	SINE/MIR	452	+	80	138754035	62242
chr8	138691793	138891793	harbor2	chr8	138762982	138763081	SINE/MIR	399	+	50	138763032	71239
chr8	138691793	138891793	harbor2	chr8	138766984	138767226	SINE/MIR	730	+	121	138767105	75312
chr8	126552234	126752234	harbor2	chr8	126585278	126585421	SINE/MIR	482	+	72	126585350	33116
chr8	126552234	126752234	harbor2	chr8	126605784	126606028	SINE/MIR	575	+	122	126605906	53672
chr8	126552234	126752234	harbor2	chr8	126621689	126621899	SINE/MIR	683	+	105	126621794	69560
chr8	126552234	126752234	harbor2	chr8	126635466	126635658	SINE/MIR	597	+	96	126635562	83328
chr8	126552234	126752234	harbor2	chr8	126639639	126639807	SINE/MIR	492	+	84	126639723	87489
chr8	126552234	126752234	harbor2	chr8	126651800	126651983	SINE/MIR	420	+	92	126651892	99658
chr8	82520946	82720946	harbor2	chr8	82557304	82557503	SINE/MIR	397	+	100	82557404	36458
chr8	134294299	134494299	harbor2	chr8	134296695	134296900	SINE/MIR	686	+	102	134296797	2498
chr8	134294299	134494299	harbor2	chr8	134330517	134330724	SINE/MIR	456	+	104	134330621	36322
chr8	134294299	134494299	harbor2	chr8	134340217	134340427	SINE/MIR	565	+	105	134340322	46023
chr8	134294299	134494299	harbor2	chr8	134379701	134379876	SINE/MIR	579	+	88	134379789	85490
chr8	134294299	134494299	harbor2	chr8	134383927	134384168	SINE/MIR	766	+	120	134384047	89748
chr8	144726723	144926723	harbor2	chr8	144797568	144797656	SINE/MIR	421	+	44	144797612	70889
chr8	144726723	144926723	harbor2	chr8	144797950	144798063	SINE/MIR	421	+	56	144798006	71283
chr8	142888574	143088574	harbor2	chr8	142951732	142951951	SINE/MIR	905	+	110	142951842	63268
chr8	142888574	143088574	harbor2	chr8	142952893	142953031	SINE/MIR	416	+	69	142952962	64388
chr8	115704589	115904589	harbor2	chr8	115708916	115709127	SINE/MIR	677	+	106	115709022	4433
chr8	115704589	115904589	harbor2	chr8	115732730	115732958	SINE/MIR	584	+	114	115732844	28255
chr8	115704589	115904589	harbor2	chr8	115742224	115742473	SINE/MIR	661	+	124	115742348	37759
chr8	115704589	115904589	harbor2	chr8	115775493	115775684	SINE/MIR	407	+	96	115775589	71000
chr8	115704589	115904589	harbor2	chr8	115789494	115789629	SINE/MIR	386	+	68	115789562	84973
chr8	115704589	115904589	harbor2	chr8	115801310	115801487	SINE/MIR	591	+	88	115801398	96809
chr8	59999989	60199989	harbor2	chr8	60025405	60025655	SINE/MIR	724	+	125	60025530	25541
chr8	59999989	60199989	harbor2	chr8	60028797	60028941	SINE/MIR	377	+	72	60028869	28880
chr8	59999989	60199989	harbor2	chr8	60032709	60032916	SINE/MIR	710	+	104	60032813	32824
chr8	59999989	60199989	harbor2	chr8	60049983	60050178	SINE/MIR	624	+	98	60050081	50092
chr8	59999989	60199989	harbor2	chr8	60055545	60055666	SINE/MIR	419	+	60	60055605	55616
chr8	59999989	60199989	harbor2	chr8	60065799	60065987	SINE/MIR	485	+	94	60065893	65904
chr8	130834258	131034258	harbor2	chr8	130849135	130849314	SINE/MIR	677	+	90	130849225	14967
chr8	130834258	131034258	harbor2	chr8	130867219	130867435	SINE/MIR	884	+	108	130867327	33069
chr8	130834258	131034258	harbor2	chr8	130871325	130871554	SINE/MIR	943	+	114	130871439	37181
chr8	130834258	131034258	harbor2	chr8	130876903	130877149	SINE/MIR	505	+	123	130877026	42768
chr8	130834258	131034258	harbor2	chr8	130882537	130882778	SINE/MIR	481	+	120	130882657	48399
chr8	130834258	131034258	harbor2	chr8	130898092	130898290	SINE/MIR	631	+	99	130898191	63933
chr8	130834258	131034258	harbor2	chr8	130904933	130905165	SINE/MIR	829	+	116	130905049	70791
chr8	130834258	131034258	harbor2	chr8	130913817	130914035	SINE/MIR	610	+	109	130913926	79668
chr8	130834258	131034258	harbor2	chr8	130914173	130914310	SINE/MIR	398	+	68	130914241	79983
chr8	130834258	131034258	harbor2	chr8	130915467	130915682	SINE/MIR	449	+	108	130915575	81317
chr8	130834258	131034258	harbor2	chr8	130922838	130923023	SINE/MIR	389	+	92	130922930	88672
chr8	80707940	80907940	harbor2	chr8	80721922	80721954	SINE/MIR	687	+	16	80721938	13998
chr8	80707940	80907940	harbor2	chr8	80722276	80722485	SINE/MIR	773	+	104	80722380	14440
chr8	80707940	80907940	harbor2	chr8	80728707	80728946	SINE/MIR	537	+	120	80728827	20887
chr8	80707940	80907940	harbor2	chr8	80729235	80729472	SINE/MIR	446	+	118	80729353	21413
chr8	80707940	80907940	harbor2	chr8	80743668	80743883	SINE/MIR	748	+	108	80743776	35836
chr8	84834921	85034921	harbor2	chr8	84848921	84849111	SINE/MIR	382	+	95	84849016	14095
chr8	84834921	85034921	harbor2	chr8	84853846	84854034	SINE/MIR	412	+	94	84853940	19019
chr8	84834921	85034921	harbor2	chr8	84856128	84856311	SINE/MIR	365	+	92	84856220	21299
chr8	84834921	85034921	harbor2	chr8	84866230	84866455	SINE/MIR	573	+	112	84866342	31421
chr8	84834921	85034921	harbor2	chr8	84866470	84866707	SINE/MIR	784	+	118	84866588	31667
chr8	84834921	85034921	harbor2	chr8	84881895	84882092	SINE/MIR	475	+	98	84881993	47072
chr8	84834921	85034921	harbor2	chr8	84894928	84895082	SINE/MIR	448	+	77	84895005	60084
chr8	84834921	85034921	harbor2	chr8	84897073	84897236	SINE/MIR	591	+	82	84897155	62234
chr8	84834921	85034921	harbor2	chr8	84909654	84909827	SINE/MIR	721	+	86	84909740	74819
chr8	120940536	121140536	harbor2	chr8	120949305	120949522	SINE/MIR	526	+	108	120949413	8877
chr8	120940536	121140536	harbor2	chr8	120958909	120959096	SINE/MIR	567	+	94	120959003	18467
chr8	120940536	121140536	harbor2	chr8	120967151	120967281	SINE/MIR	440	+	65	120967216	26680
chr8	120940536	121140536	harbor2	chr8	120973210	120973327	SINE/MIR	469	+	58	120973268	32732
chr8	120940536	121140536	harbor2	chr8	120979939	120980154	SINE/MIR	691	+	108	120980047	39511
chr8	120940536	121140536	harbor2	chr8	120984233	120984452	SINE/MIR	575	+	110	120984343	43807
chr8	120940536	121140536	harbor2	chr8	121009194	121009317	SINE/MIR	367	+	62	121009256	68720
chr8	120940536	121140536	harbor2	chr8	121010143	121010335	SINE/MIR	467	+	96	121010239	69703
chr8	120940536	121140536	harbor2	chr8	121028976	121029192	SINE/MIR	498	+	108	121029084	88548
chr8	138577387	138777387	harbor2	chr8	138584204	138584338	SINE/MIR	372	+	67	138584271	6884
chr8	138577387	138777387	harbor2	chr8	138594462	138594706	SINE/MIR	634	+	122	138594584	17197
chr8	138577387	138777387	harbor2	chr8	138595934	138596167	SINE/MIR	394	+	116	138596050	18663
chr8	138577387	138777387	harbor2	chr8	138605134	138605343	SINE/MIR	662	+	104	138605238	27851
chr8	138577387	138777387	harbor2	chr8	138610060	138610238	SINE/MIR	758	+	89	138610149	32762
chr8	138577387	138777387	harbor2	chr8	138616458	138616635	SINE/MIR	390	+	88	138616546	39159
chr8	138577387	138777387	harbor2	chr8	138617734	138617905	SINE/MIR	476	+	86	138617820	40433
chr8	138577387	138777387	harbor2	chr8	138621594	138621784	SINE/MIR	566	+	95	138621689	44302
chr8	138577387	138777387	harbor2	chr8	138623468	138623673	SINE/MIR	437	+	102	138623570	46183
chr8	138577387	138777387	harbor2	chr8	138629853	138629996	SINE/MIR	434	+	72	138629925	52538
chr8	138577387	138777387	harbor2	chr8	138632196	138632395	SINE/MIR	547	+	100	138632296	54909
chr8	138577387	138777387	harbor2	chr8	138637383	138637592	SINE/MIR	412	+	104	138637487	60100
chr8	138577387	138777387	harbor2	chr8	138637604	138637794	SINE/MIR	577	+	95	138637699	60312
chr8	138577387	138777387	harbor2	chr8	138652512	138652674	SINE/MIR	499	+	81	138652593	75206
chr8	138577387	138777387	harbor2	chr8	138653375	138653562	SINE/MIR	475	+	94	138653469	76082
chr8	138577387	138777387	harbor2	chr8	138666872	138667056	SINE/MIR	431	+	92	138666964	89577
chr8	138577387	138777387	harbor2	chr8	138669542	138669754	SINE/MIR	573	+	106	138669648	92261
chr8	138577387	138777387	harbor2	chr8	138672102	138672283	SINE/MIR	558	+	90	138672192	94805
chr8	138577387	138777387	harbor2	chr8	138673600	138673749	SINE/MIR	376	+	74	138673674	96287
chr8	138577387	138777387	harbor2	chr8	138677158	138677361	SINE/MIR	491	+	102	138677260	99873
chr8	134103965	134303965	harbor2	chr8	134120019	134120233	SINE/MIR	592	+	107	134120126	16161
chr8	134103965	134303965	harbor2	chr8	134120974	134121166	SINE/MIR	526	+	96	134121070	17105
chr8	134103965	134303965	harbor2	chr8	134121185	134121432	SINE/MIR	573	+	124	134121309	17344
chr8	134103965	134303965	harbor2	chr8	134135359	134135581	SINE/MIR	484	+	111	134135470	31505
chr8	134103965	134303965	harbor2	chr8	134144892	134145043	SINE/MIR	435	+	76	134144968	41003
chr8	134103965	134303965	harbor2	chr8	134153127	134153308	SINE/MIR	524	+	90	134153217	49252
chr8	134103965	134303965	harbor2	chr8	134170261	134170372	SINE/MIR	377	+	56	134170317	66352
chr8	134103965	134303965	harbor2	chr8	134174123	134174274	SINE/MIR	552	+	76	134174199	70234
chr8	134103965	134303965	harbor2	chr8	134174635	134174769	SINE/MIR	430	+	67	134174702	70737
chr8	134103965	134303965	harbor2	chr8	134184447	134184655	SINE/MIR	442	+	104	134184551	80586
chr8	134103965	134303965	harbor2	chr8	134192864	134192978	SINE/MIR	367	+	57	134192921	88956
chr8	103975478	104175478	harbor2	chr8	103991755	103991910	SINE/MIR	483	+	78	103991833	16355
chr8	103975478	104175478	harbor2	chr8	103996660	103996867	SINE/MIR	749	+	104	103996764	21286
chr8	103975478	104175478	harbor2	chr8	104039259	104039383	SINE/MIR	441	+	62	104039321	63843
chr8	103975478	104175478	harbor2	chr8	104047405	104047627	SINE/MIR	782	+	111	104047516	72038
chr8	103975478	104175478	harbor2	chr8	104051746	104051890	SINE/MIR	415	+	72	104051818	76340
chr8	103975478	104175478	harbor2	chr8	104074241	104074444	SINE/MIR	473	+	102	104074343	98865
chr8	141411682	141611682	harbor2	chr8	141446985	141447101	SINE/MIR	394	+	58	141447043	35361
chr8	141411682	141611682	harbor2	chr8	141450868	141451033	SINE/MIR	527	+	82	141450950	39268
chr8	96819223	97019223	harbor2	chr8	96823715	96823839	SINE/MIR	511	+	62	96823777	4554
chr8	96819223	97019223	harbor2	chr8	96824204	96824396	SINE/MIR	487	+	96	96824300	5077
chr8	96819223	97019223	harbor2	chr8	96825378	96825494	SINE/MIR	409	+	58	96825436	6213
chr8	96819223	97019223	harbor2	chr8	96830906	96831067	SINE/MIR	371	+	80	96830986	11763
chr8	96819223	97019223	harbor2	chr8	96835592	96835832	SINE/MIR	366	+	120	96835712	16489
chr8	96819223	97019223	harbor2	chr8	96844420	96844645	SINE/MIR	740	+	112	96844532	25309
chr8	96819223	97019223	harbor2	chr8	96864885	96865074	SINE/MIR	447	+	94	96864979	45756
chr8	96819223	97019223	harbor2	chr8	96870509	96870743	SINE/MIR	797	+	117	96870626	51403
chr8	96819223	97019223	harbor2	chr8	96904434	96904583	SINE/MIR	404	+	74	96904508	85285
chr8	96819223	97019223	harbor2	chr8	96911864	96912074	SINE/MIR	641	+	105	96911969	92746
chr8	96819223	97019223	harbor2	chr8	96862119	96862270	SINE/MIR	436	+	76	96862195	42972
chr8	133622265	133822265	harbor2	chr8	133629260	133629473	SINE/MIR	494	+	106	133629366	7101
chr8	133622265	133822265	harbor2	chr8	133631254	133631477	SINE/MIR	411	+	112	133631366	9101
chr8	133622265	133822265	harbor2	chr8	133637418	133637628	SINE/MIR	496	+	105	133637523	15258
chr8	133622265	133822265	harbor2	chr8	133640396	133640659	SINE/MIR	526	+	132	133640528	18263
chr8	133622265	133822265	harbor2	chr8	133659822	133660079	SINE/MIR	722	+	128	133659950	37685
chr8	133622265	133822265	harbor2	chr8	133685704	133685836	SINE/MIR	486	+	66	133685770	63505
chr8	133622265	133822265	harbor2	chr8	133691633	133691837	SINE/MIR	631	+	102	133691735	69470
chr8	133622265	133822265	harbor2	chr8	133704667	133704862	SINE/MIR	467	+	98	133704765	82500
chr8	133622265	133822265	harbor2	chr8	133713544	133713722	SINE/MIR	373	+	89	133713633	91368
chr8	104735627	104935627	harbor2	chr8	104748693	104748855	SINE/MIR	564	+	81	104748774	13147
chr8	104735627	104935627	harbor2	chr8	104753439	104753698	SINE/MIR	401	+	130	104753569	17942
chr8	104735627	104935627	harbor2	chr8	104754777	104754977	SINE/MIR	427	+	100	104754877	19250
chr8	104735627	104935627	harbor2	chr8	104780679	104780919	SINE/MIR	932	+	120	104780799	45172
chr8	104735627	104935627	harbor2	chr8	104793522	104793732	SINE/MIR	418	+	105	104793627	58000
chr8	104735627	104935627	harbor2	chr8	104811425	104811652	SINE/MIR	640	+	114	104811539	75912
chr8	104735627	104935627	harbor2	chr8	104811660	104811814	SINE/MIR	502	+	77	104811737	76110
chr8	104735627	104935627	harbor2	chr8	104812284	104812479	SINE/MIR	384	+	98	104812382	76755
chr8	104735627	104935627	harbor2	chr8	104815698	104815931	SINE/MIR	689	+	116	104815814	80187
chr8	104735627	104935627	harbor2	chr8	104827016	104827200	SINE/MIR	495	+	92	104827108	91481
chr8	129037790	129237790	harbor2	chr8	129059756	129059946	SINE/MIR	535	+	95	129059851	22061
chr8	129037790	129237790	harbor2	chr8	129065763	129065901	SINE/MIR	429	+	69	129065832	28042
chr8	129037790	129237790	harbor2	chr8	129069904	129070017	SINE/MIR	399	+	56	129069960	32170
chr8	129037790	129237790	harbor2	chr8	129074065	129074277	SINE/MIR	738	+	106	129074171	36381
chr8	129037790	129237790	harbor2	chr8	129076708	129076949	SINE/MIR	603	+	120	129076828	39038
chr8	129037790	129237790	harbor2	chr8	129086556	129086804	SINE/MIR	510	+	124	129086680	48890
chr8	129037790	129237790	harbor2	chr8	129088688	129088854	SINE/MIR	543	+	83	129088771	50981
chr8	129037790	129237790	harbor2	chr8	129106012	129106195	SINE/MIR	721	+	92	129106104	68314
chr8	129037790	129237790	harbor2	chr8	129121149	129121291	SINE/MIR	390	+	71	129121220	83430
chr8	129037790	129237790	harbor2	chr8	129129106	129129330	SINE/MIR	427	+	112	129129218	91428
chr8	129037790	129237790	harbor2	chr8	129135034	129135164	SINE/MIR	399	+	65	129135099	97309
chr8	110689105	110889105	harbor2	chr8	110769775	110770036	SINE/MIR	522	+	130	110769905	80800
chr8	110689105	110889105	harbor2	chr8	110722931	110723128	SINE/MIR	596	+	98	110723029	33924
chr8	115304157	115504157	harbor2	chr8	115328393	115328602	SINE/MIR	542	+	104	115328497	24340
chr8	102206885	102406885	harbor2	chr8	102232395	102232623	SINE/MIR	613	+	114	102232509	25624
chr8	102206885	102406885	harbor2	chr8	102240413	102240570	SINE/MIR	742	+	78	102240491	33606
chr8	102206885	102406885	harbor2	chr8	102251232	102251411	SINE/MIR	520	+	90	102251322	44437
chr8	102206885	102406885	harbor2	chr8	102254740	102254828	SINE/MIR	368	+	44	102254784	47899
chr8	102206885	102406885	harbor2	chr8	102291806	102292018	SINE/MIR	579	+	106	102291912	85027
chr8	118467950	118667950	harbor2	chr8	118470430	118470666	SINE/MIR	514	+	118	118470548	2598
chr8	118467950	118667950	harbor2	chr8	118471914	118472005	SINE/MIR	382	+	46	118471960	4010
chr8	118467950	118667950	harbor2	chr8	118494913	118495114	SINE/MIR	471	+	100	118495013	27063
chr8	118467950	118667950	harbor2	chr8	118495596	118495807	SINE/MIR	743	+	106	118495702	27752
chr8	118467950	118667950	harbor2	chr8	118517281	118517489	SINE/MIR	566	+	104	118517385	49435
chr8	118467950	118667950	harbor2	chr8	118563649	118563799	SINE/MIR	405	+	75	118563724	95774
chr8	137729452	137929452	harbor2	chr8	137784683	137784870	SINE/MIR	453	+	94	137784777	55325
chr8	137729452	137929452	harbor2	chr8	137785137	137785284	SINE/MIR	390	+	74	137785211	55759
chr8	137729452	137929452	harbor2	chr8	137809944	137810116	SINE/MIR	381	+	86	137810030	80578
chr8	137729452	137929452	harbor2	chr8	137821537	137821632	SINE/MIR	450	+	48	137821585	92133
chr8	137729452	137929452	harbor2	chr8	137822741	137822889	SINE/MIR	441	+	74	137822815	93363
chr8	81466757	81666757	harbor2	chr8	81492956	81493167	SINE/MIR	457	+	106	81493062	26305
chr8	81466757	81666757	harbor2	chr8	81526406	81526561	SINE/MIR	456	+	78	81526484	59727
chr8	112310389	112510389	harbor2	chr8	112325720	112325958	SINE/MIR	702	+	119	112325839	15450
chr8	112310389	112510389	harbor2	chr8	112326364	112326532	SINE/MIR	452	+	84	112326448	16059
chr8	112310389	112510389	harbor2	chr8	112330914	112331131	SINE/MIR	771	+	108	112331022	20633
chr8	112310389	112510389	harbor2	chr8	112363060	112363290	SINE/MIR	517	+	115	112363175	52786
chr8	112310389	112510389	harbor2	chr8	112368717	112368954	SINE/MIR	403	+	118	112368835	58446
chr8	112310389	112510389	harbor2	chr8	112381746	112381923	SINE/MIR	382	+	88	112381834	71445
chr8	112310389	112510389	harbor2	chr8	112385136	112385378	SINE/MIR	490	+	121	112385257	74868
chr8	112310389	112510389	harbor2	chr8	112395185	112395371	SINE/MIR	440	+	93	112395278	84889
chr8	112310389	112510389	harbor2	chr8	112403225	112403422	SINE/MIR	393	+	98	112403323	92934
chr8	67620856	67820856	harbor2	chr8	67621550	67621671	SINE/MIR	405	+	60	67621610	754
chr8	67620856	67820856	harbor2	chr8	67687443	67687626	SINE/MIR	450	+	92	67687535	66679
chr8	67620856	67820856	harbor2	chr8	67687669	67687879	SINE/MIR	606	+	105	67687774	66918
chr8	67620856	67820856	harbor2	chr8	67697368	67697579	SINE/MIR	484	+	106	67697474	76618
chr8	67620856	67820856	harbor2	chr8	67665751	67665950	SINE/MIR	625	+	100	67665851	44995
chr8	137471062	137671062	harbor2	chr8	137533420	137533605	SINE/MIR	408	+	92	137533512	62450
chr8	117277292	117477292	harbor2	chr8	117278773	117278965	SINE/MIR	380	+	96	117278869	1577
chr8	117277292	117477292	harbor2	chr8	117306459	117306578	SINE/MIR	415	+	60	117306519	29227
chr8	117277292	117477292	harbor2	chr8	117316964	117317187	SINE/MIR	559	+	112	117317076	39784
chr8	117277292	117477292	harbor2	chr8	117332448	117332670	SINE/MIR	611	+	111	117332559	55267
chr8	117277292	117477292	harbor2	chr8	117335185	117335401	SINE/MIR	557	+	108	117335293	58001
chr8	117277292	117477292	harbor2	chr8	117355705	117355858	SINE/MIR	449	+	76	117355781	78489
chr8	134352370	134552370	harbor2	chr8	134379701	134379876	SINE/MIR	579	+	88	134379789	27419
chr8	134352370	134552370	harbor2	chr8	134383927	134384168	SINE/MIR	766	+	120	134384047	31677
chr8	134352370	134552370	harbor2	chr8	134395483	134395679	SINE/MIR	435	+	98	134395581	43211
chr8	134352370	134552370	harbor2	chr8	134413176	134413421	SINE/MIR	879	+	122	134413298	60928
chr8	134352370	134552370	harbor2	chr8	134421444	134421606	SINE/MIR	585	+	81	134421525	69155
chr8	134352370	134552370	harbor2	chr8	134425797	134425970	SINE/MIR	508	+	86	134425883	73513
chr8	134352370	134552370	harbor2	chr8	134434303	134434497	SINE/MIR	657	+	97	134434400	82030
chr8	134352370	134552370	harbor2	chr8	134430607	134430846	SINE/MIR	666	+	120	134430727	78357
chr8	54811819	55011819	harbor2	chr8	54813873	54814077	SINE/MIR	506	+	102	54813975	2156
chr8	54811819	55011819	harbor2	chr8	54838812	54839000	SINE/MIR	484	+	94	54838906	27087
chr8	54811819	55011819	harbor2	chr8	54856512	54856720	SINE/MIR	774	+	104	54856616	44797
chr8	54811819	55011819	harbor2	chr8	54866133	54866378	SINE/MIR	523	+	122	54866255	54436
chr8	54811819	55011819	harbor2	chr8	54867480	54867631	SINE/MIR	529	+	76	54867556	55737
chr8	54811819	55011819	harbor2	chr8	54897687	54897814	SINE/MIR	388	+	64	54897751	85932
chr8	54811819	55011819	harbor2	chr8	54899725	54899962	SINE/MIR	709	+	118	54899843	88024
chr8	54811819	55011819	harbor2	chr8	54903263	54903480	SINE/MIR	456	+	108	54903371	91552
chr8	39106270	39306270	harbor2	chr8	39169229	39169439	SINE/MIR	621	+	105	39169334	63064
chr8	39106270	39306270	harbor2	chr8	39187736	39187907	SINE/MIR	540	+	86	39187822	81552
chr8	123005513	123205513	harbor2	chr8	123011426	123011464	SINE/MIR	416	+	19	123011445	5932
chr8	123005513	123205513	harbor2	chr8	123011768	123011849	SINE/MIR	416	+	40	123011808	6295
chr8	123005513	123205513	harbor2	chr8	123026571	123026734	SINE/MIR	483	+	82	123026653	21140
chr8	123005513	123205513	harbor2	chr8	123061492	123061638	SINE/MIR	475	+	73	123061565	56052
chr8	123005513	123205513	harbor2	chr8	123071892	123071997	SINE/MIR	420	+	52	123071944	66431
chr8	123005513	123205513	harbor2	chr8	123085912	123086092	SINE/MIR	380	+	90	123086002	80489
chr8	127934366	128134366	harbor2	chr8	127935657	127935839	SINE/MIR	425	+	91	127935748	1382
chr8	127934366	128134366	harbor2	chr8	127944324	127944491	SINE/MIR	519	+	84	127944408	10042
chr8	127934366	128134366	harbor2	chr8	127971594	127971800	SINE/MIR	612	+	103	127971697	37331
chr8	127934366	128134366	harbor2	chr8	127981996	127982213	SINE/MIR	402	+	108	127982104	47738
chr8	127934366	128134366	harbor2	chr8	127989785	127990017	SINE/MIR	680	+	116	127989901	55535
chr8	127934366	128134366	harbor2	chr8	128004520	128004635	SINE/MIR	441	+	58	128004578	70212
chr8	127934366	128134366	harbor2	chr8	128013121	128013334	SINE/MIR	514	+	106	128013227	78861
chr8	131736662	131936662	harbor2	chr8	131738427	131738536	SINE/MIR	459	+	54	131738481	1819
chr8	131736662	131936662	harbor2	chr8	131750029	131750223	SINE/MIR	596	+	97	131750126	13464
chr8	131736662	131936662	harbor2	chr8	131751834	131752048	SINE/MIR	752	+	107	131751941	15279
chr8	131736662	131936662	harbor2	chr8	131763377	131763519	SINE/MIR	421	+	71	131763448	26786
chr8	131736662	131936662	harbor2	chr8	131769699	131769823	SINE/MIR	443	+	62	131769761	33099
chr8	131736662	131936662	harbor2	chr8	131777085	131777326	SINE/MIR	435	+	120	131777205	40543
chr8	131736662	131936662	harbor2	chr8	131778230	131778462	SINE/MIR	593	+	116	131778346	41684
chr8	131736662	131936662	harbor2	chr8	131790400	131790574	SINE/MIR	429	+	87	131790487	53825
chr8	131736662	131936662	harbor2	chr8	131800536	131800761	SINE/MIR	731	+	112	131800648	63986
chr8	131736662	131936662	harbor2	chr8	131803826	131804076	SINE/MIR	513	+	125	131803951	67289
chr8	131736662	131936662	harbor2	chr8	131826920	131827077	SINE/MIR	389	+	78	131826998	90336
chr8	131736662	131936662	harbor2	chr8	131827788	131828021	SINE/MIR	726	+	116	131827904	91242
chr8	131736662	131936662	harbor2	chr8	131835764	131836023	SINE/MIR	485	+	130	131835894	99232
chr8	62207449	62407449	harbor2	chr8	62246637	62246850	SINE/MIR	447	+	106	62246743	39294
chr8	107178472	107378472	harbor2	chr8	107236014	107236172	SINE/MIR	491	+	79	107236093	57621
chr8	107178472	107378472	harbor2	chr8	107258210	107258461	SINE/MIR	464	+	126	107258336	79864
chr8	106794709	106994709	harbor2	chr8	106794756	106794960	SINE/MIR	485	+	102	106794858	149
chr8	106794709	106994709	harbor2	chr8	106797439	106797603	SINE/MIR	472	+	82	106797521	2812
chr8	106794709	106994709	harbor2	chr8	106808806	106808950	SINE/MIR	480	+	72	106808878	14169
chr8	106794709	106994709	harbor2	chr8	106816830	106816952	SINE/MIR	431	+	61	106816891	22182
chr8	106794709	106994709	harbor2	chr8	106850227	106850454	SINE/MIR	740	+	114	106850341	55632
chr8	106794709	106994709	harbor2	chr8	106865840	106866028	SINE/MIR	485	+	94	106865934	71225
chr8	106794709	106994709	harbor2	chr8	106866319	106866349	SINE/MIR	485	+	15	106866334	71625
chr8	106794709	106994709	harbor2	chr8	106882786	106882972	SINE/MIR	749	+	93	106882879	88170
chr8	118682130	118882130	harbor2	chr8	118740135	118740274	SINE/MIR	407	+	70	118740205	58075
chr8	118682130	118882130	harbor2	chr8	118754991	118755223	SINE/MIR	544	+	116	118755107	72977
chr8	118682130	118882130	harbor2	chr8	118755244	118755414	SINE/MIR	386	+	85	118755329	73199
chr8	118682130	118882130	harbor2	chr8	118759220	118759448	SINE/MIR	519	+	114	118759334	77204
chr8	118682130	118882130	harbor2	chr8	118767179	118767391	SINE/MIR	464	+	106	118767285	85155
chr8	118682130	118882130	harbor2	chr8	118780840	118781085	SINE/MIR	686	+	122	118780962	98832
chr8	81257934	81457934	harbor2	chr8	81258992	81259196	SINE/MIR	1118	+	102	81259094	1160
chr8	81257934	81457934	harbor2	chr8	81283010	81283211	SINE/MIR	778	+	100	81283110	25176
chr8	81257934	81457934	harbor2	chr8	81318273	81318493	SINE/MIR	390	+	110	81318383	60449
chr8	81257934	81457934	harbor2	chr8	81321734	81321875	SINE/MIR	372	+	70	81321804	63870
chr8	81257934	81457934	harbor2	chr8	81354303	81354402	SINE/MIR	377	+	50	81354353	96419
chr8	136316121	136516121	harbor2	chr8	136332581	136332750	SINE/MIR	461	+	84	136332665	16544
chr8	136316121	136516121	harbor2	chr8	136398485	136398620	SINE/MIR	370	+	68	136398553	82432
chr8	136316121	136516121	harbor2	chr8	136413182	136413373	SINE/MIR	377	+	96	136413278	97157
chr8	111013653	111213653	harbor2	chr8	111037779	111037986	SINE/MIR	436	+	104	111037883	24230
chr8	100473971	100673971	harbor2	chr8	100490835	100490962	SINE/MIR	415	+	64	100490899	16928
chr8	100473971	100673971	harbor2	chr8	100496129	100496266	SINE/MIR	506	+	68	100496197	22226
chr8	100473971	100673971	harbor2	chr8	100516931	100517110	SINE/MIR	623	+	90	100517021	43050
chr8	100473971	100673971	harbor2	chr8	100520334	100520481	SINE/MIR	375	+	74	100520408	46437
chr8	100473971	100673971	harbor2	chr8	100529002	100529247	SINE/MIR	418	+	122	100529124	55153
chr8	100473971	100673971	harbor2	chr8	100536407	100536464	SINE/MIR	388	+	28	100536435	62464
chr8	100473971	100673971	harbor2	chr8	100544602	100544796	SINE/MIR	416	+	97	100544699	70728
chr8	100473971	100673971	harbor2	chr8	100558692	100558922	SINE/MIR	642	+	115	100558807	84836
chr8	103272372	103472372	harbor2	chr8	103277939	103278138	SINE/MIR	630	+	100	103278039	5667
chr8	103272372	103472372	harbor2	chr8	103313028	103313266	SINE/MIR	669	+	119	103313147	40775
chr8	103272372	103472372	harbor2	chr8	103364150	103364273	SINE/MIR	394	+	62	103364212	91840
chr8	103825947	104025947	harbor2	chr8	103860242	103860466	SINE/MIR	614	+	112	103860354	34407
chr8	103825947	104025947	harbor2	chr8	103870154	103870325	SINE/MIR	658	+	86	103870240	44293
chr8	103825947	104025947	harbor2	chr8	103889875	103890086	SINE/MIR	509	+	106	103889981	64034
chr8	103825947	104025947	harbor2	chr8	103914273	103914485	SINE/MIR	389	+	106	103914379	88432
chr8	115040581	115240581	harbor2	chr8	115078857	115079015	SINE/MIR	379	+	79	115078936	38355
chr8	115040581	115240581	harbor2	chr8	115102086	115102283	SINE/MIR	380	+	98	115102184	61603
chr8	115040581	115240581	harbor2	chr8	115104862	115105112	SINE/MIR	763	+	125	115104987	64406
chr8	115040581	115240581	harbor2	chr8	115105339	115105568	SINE/MIR	498	+	114	115105453	64872
chr8	115040581	115240581	harbor2	chr8	115122521	115122650	SINE/MIR	395	+	64	115122585	82004
chr8	115040581	115240581	harbor2	chr8	115123736	115123892	SINE/MIR	429	+	78	115123814	83233
chr8	128790441	128990441	harbor2	chr8	128790631	128790735	SINE/MIR	601	+	52	128790683	242
chr8	128790441	128990441	harbor2	chr8	128812580	128812800	SINE/MIR	670	+	110	128812690	22249
chr8	128790441	128990441	harbor2	chr8	128817241	128817477	SINE/MIR	711	+	118	128817359	26918
chr8	128790441	128990441	harbor2	chr8	128840708	128840911	SINE/MIR	392	+	102	128840810	50369
chr8	128790441	128990441	harbor2	chr8	128864366	128864579	SINE/MIR	825	+	106	128864472	74031
chr8	128790441	128990441	harbor2	chr8	128884698	128884903	SINE/MIR	563	+	102	128884800	94359
chr8	100408674	100608674	harbor2	chr8	100412477	100412605	SINE/MIR	390	+	64	100412541	3867
chr8	100408674	100608674	harbor2	chr8	100418315	100418532	SINE/MIR	919	+	108	100418423	9749
chr8	100408674	100608674	harbor2	chr8	100426195	100426347	SINE/MIR	442	+	76	100426271	17597
chr8	100408674	100608674	harbor2	chr8	100444348	100444488	SINE/MIR	415	+	70	100444418	35744
chr8	100408674	100608674	harbor2	chr8	100456849	100457091	SINE/MIR	472	+	121	100456970	48296
chr8	100408674	100608674	harbor2	chr8	100461142	100461367	SINE/MIR	849	+	112	100461254	52580
chr8	100408674	100608674	harbor2	chr8	100463952	100464184	SINE/MIR	487	+	116	100464068	55394
chr8	100408674	100608674	harbor2	chr8	100490835	100490962	SINE/MIR	415	+	64	100490899	82225
chr8	100408674	100608674	harbor2	chr8	100496129	100496266	SINE/MIR	506	+	68	100496197	87523
chr8	115668369	115868369	harbor2	chr8	115708916	115709127	SINE/MIR	677	+	106	115709022	40653
chr8	115668369	115868369	harbor2	chr8	115732730	115732958	SINE/MIR	584	+	114	115732844	64475
chr8	115668369	115868369	harbor2	chr8	115742224	115742473	SINE/MIR	661	+	124	115742348	73979
chr8	137894807	138094807	harbor2	chr8	137933543	137933659	SINE/MIR	583	+	58	137933601	38794
chr8	137894807	138094807	harbor2	chr8	137964965	137965081	SINE/MIR	423	+	58	137965023	70216
chr8	137894807	138094807	harbor2	chr8	137936735	137936976	SINE/MIR	422	+	120	137936855	42048
chr9	107556332	107756332	harbor2	chr9	107563075	107563244	SINE/MIR	477	+	84	107563159	6827
chr9	107556332	107756332	harbor2	chr9	107576354	107576428	SINE/MIR	538	+	37	107576391	20059
chr9	107556332	107756332	harbor2	chr9	107576739	107576918	SINE/MIR	538	+	90	107576829	20497
chr9	107556332	107756332	harbor2	chr9	107593878	107594073	SINE/MIR	647	+	98	107593976	37644
chr9	107556332	107756332	harbor2	chr9	107594502	107594694	SINE/MIR	614	+	96	107594598	38266
chr9	107556332	107756332	harbor2	chr9	107600499	107600616	SINE/MIR	404	+	58	107600557	44225
chr9	107556332	107756332	harbor2	chr9	107614298	107614484	SINE/MIR	475	+	93	107614391	58059
chr9	107556332	107756332	harbor2	chr9	107618064	107618141	SINE/MIR	442	+	38	107618102	61770
chr9	107556332	107756332	harbor2	chr9	107618318	107618392	SINE/MIR	442	+	37	107618355	62023
chr9	107556332	107756332	harbor2	chr9	107625940	107626107	SINE/MIR	433	+	84	107626024	69692
chr9	107556332	107756332	harbor2	chr9	107627504	107627736	SINE/MIR	585	+	116	107627620	71288
chr9	107556332	107756332	harbor2	chr9	107636256	107636463	SINE/MIR	631	+	104	107636360	80028
chr9	107556332	107756332	harbor2	chr9	107645476	107645551	SINE/MIR	559	+	38	107645514	89182
chr9	107556332	107756332	harbor2	chr9	107645687	107645821	SINE/MIR	559	+	67	107645754	89422
chr9	107556332	107756332	harbor2	chr9	107653661	107653832	SINE/MIR	420	+	86	107653747	97415
chr9	107556332	107756332	harbor2	chr9	107642799	107642982	SINE/MIR	601	+	92	107642891	86559
chr9	98108223	98308223	harbor2	chr9	98125139	98125314	SINE/MIR	505	+	88	98125227	17004
chr9	98108223	98308223	harbor2	chr9	98132769	98132946	SINE/MIR	434	+	88	98132857	24634
chr9	98108223	98308223	harbor2	chr9	98136591	98136830	SINE/MIR	780	+	120	98136711	28488
chr9	98108223	98308223	harbor2	chr9	98137792	98137986	SINE/MIR	693	+	97	98137889	29666
chr9	98108223	98308223	harbor2	chr9	98141760	98141901	SINE/MIR	488	+	70	98141830	33607
chr9	98108223	98308223	harbor2	chr9	98143452	98143661	SINE/MIR	488	+	104	98143556	35333
chr9	98108223	98308223	harbor2	chr9	98158039	98158164	SINE/MIR	651	+	62	98158101	49878
chr9	98108223	98308223	harbor2	chr9	98158296	98158387	SINE/MIR	651	+	46	98158342	50119
chr9	98108223	98308223	harbor2	chr9	98174226	98174371	SINE/MIR	495	+	72	98174298	66075
chr9	98108223	98308223	harbor2	chr9	98175685	98175902	SINE/MIR	703	+	108	98175793	67570
chr9	98108223	98308223	harbor2	chr9	98182591	98182784	SINE/MIR	606	+	96	98182687	74464
chr9	98108223	98308223	harbor2	chr9	98203630	98203824	SINE/MIR	666	+	97	98203727	95504
chr9	98108223	98308223	harbor2	chr9	98203825	98204017	SINE/MIR	492	+	96	98203921	95698
chr9	126613935	126813935	harbor2	chr9	126620262	126620426	SINE/MIR	510	+	82	126620344	6409
chr9	126613935	126813935	harbor2	chr9	126622800	126623019	SINE/MIR	450	+	110	126622910	8975
chr9	126613935	126813935	harbor2	chr9	126632009	126632189	SINE/MIR	561	+	90	126632099	18164
chr9	126613935	126813935	harbor2	chr9	126643341	126643542	SINE/MIR	548	+	100	126643441	29506
chr9	126613935	126813935	harbor2	chr9	126648440	126648630	SINE/MIR	519	+	95	126648535	34600
chr9	126613935	126813935	harbor2	chr9	126660438	126660674	SINE/MIR	874	+	118	126660556	46621
chr9	126613935	126813935	harbor2	chr9	126662065	126662325	SINE/MIR	653	+	130	126662195	48260
chr9	126613935	126813935	harbor2	chr9	126663006	126663124	SINE/MIR	409	+	59	126663065	49130
chr9	126613935	126813935	harbor2	chr9	126663454	126663652	SINE/MIR	745	+	99	126663553	49618
chr9	126613935	126813935	harbor2	chr9	126676624	126676823	SINE/MIR	441	+	100	126676724	62789
chr9	126613935	126813935	harbor2	chr9	126686748	126686905	SINE/MIR	468	+	78	126686826	72891
chr9	126613935	126813935	harbor2	chr9	126689762	126689979	SINE/MIR	762	+	108	126689870	75935
chr9	100258438	100458438	harbor2	chr9	100269114	100269307	SINE/MIR	566	+	96	100269210	10772
chr9	100258438	100458438	harbor2	chr9	100278631	100278730	SINE/MIR	424	+	50	100278681	20243
chr9	100258438	100458438	harbor2	chr9	100281185	100281348	SINE/MIR	473	+	82	100281267	22829
chr9	100258438	100458438	harbor2	chr9	100293261	100293510	SINE/MIR	629	+	124	100293385	34947
chr9	100258438	100458438	harbor2	chr9	100328406	100328580	SINE/MIR	444	+	87	100328493	70055
chr9	104470066	104670066	harbor2	chr9	104472607	104472837	SINE/MIR	517	+	115	104472722	2656
chr9	104470066	104670066	harbor2	chr9	104486000	104486233	SINE/MIR	502	+	116	104486116	16050
chr9	132592966	132792966	harbor2	chr9	132624539	132624723	SINE/MIR	520	+	92	132624631	31665
chr9	132592966	132792966	harbor2	chr9	132658226	132658439	SINE/MIR	464	+	106	132658332	65366
chr9	123165155	123365155	harbor2	chr9	123175956	123176154	SINE/MIR	671	+	99	123176055	10900
chr9	123165155	123365155	harbor2	chr9	123219650	123219823	SINE/MIR	442	+	86	123219736	54581
chr9	123165155	123365155	harbor2	chr9	123221338	123221462	SINE/MIR	505	+	62	123221400	56245
chr9	123165155	123365155	harbor2	chr9	123237905	123238157	SINE/MIR	788	+	126	123238031	72876
chr9	123165155	123365155	harbor2	chr9	123247221	123247270	SINE/MIR	508	+	24	123247245	82090
chr9	123165155	123365155	harbor2	chr9	123247569	123247754	SINE/MIR	508	+	92	123247661	82506
chr9	123165155	123365155	harbor2	chr9	123251513	123251656	SINE/MIR	430	+	72	123251585	86430
chr9	90947332	91147332	harbor2	chr9	90968658	90968840	SINE/MIR	474	+	91	90968749	21417
chr9	90947332	91147332	harbor2	chr9	91004735	91004939	SINE/MIR	572	+	102	91004837	57505
chr9	90947332	91147332	harbor2	chr9	91014959	91015188	SINE/MIR	724	+	114	91015073	67741
chr9	90947332	91147332	harbor2	chr9	91025309	91025485	SINE/MIR	471	+	88	91025397	78065
chr9	108440982	108640982	harbor2	chr9	108442633	108442770	SINE/MIR	398	+	68	108442701	1719
chr9	108440982	108640982	harbor2	chr9	108443177	108443308	SINE/MIR	505	+	66	108443243	2261
chr9	108440982	108640982	harbor2	chr9	108470402	108470645	SINE/MIR	724	+	122	108470524	29542
chr9	108440982	108640982	harbor2	chr9	108476569	108476783	SINE/MIR	692	+	107	108476676	35694
chr9	108440982	108640982	harbor2	chr9	108514010	108514247	SINE/MIR	539	+	118	108514128	73146
chr9	107459913	107659913	harbor2	chr9	107468856	107469099	SINE/MIR	715	+	122	107468978	9065
chr9	107459913	107659913	harbor2	chr9	107471456	107471644	SINE/MIR	417	+	94	107471550	11637
chr9	107459913	107659913	harbor2	chr9	107494138	107494360	SINE/MIR	605	+	111	107494249	34336
chr9	107459913	107659913	harbor2	chr9	107498109	107498308	SINE/MIR	481	+	100	107498209	38296
chr9	107459913	107659913	harbor2	chr9	107528922	107529128	SINE/MIR	523	+	103	107529025	69112
chr9	107459913	107659913	harbor2	chr9	107529377	107529401	SINE/MIR	523	+	12	107529389	69476
chr9	107459913	107659913	harbor2	chr9	107530779	107530996	SINE/MIR	511	+	108	107530887	70974
chr9	107459913	107659913	harbor2	chr9	107540032	107540288	SINE/MIR	679	+	128	107540160	80247
chr9	121406825	121606825	harbor2	chr9	121461566	121461804	SINE/MIR	548	+	119	121461685	54860
chr9	121406825	121606825	harbor2	chr9	121486602	121486815	SINE/MIR	407	+	106	121486708	79883
chr9	121406825	121606825	harbor2	chr9	121493349	121493520	SINE/MIR	518	+	86	121493435	86610
chr9	121406825	121606825	harbor2	chr9	121497410	121497538	SINE/MIR	483	+	64	121497474	90649
chr9	126613982	126813982	harbor2	chr9	126620262	126620426	SINE/MIR	510	+	82	126620344	6362
chr9	126613982	126813982	harbor2	chr9	126622800	126623019	SINE/MIR	450	+	110	126622910	8928
chr9	126613982	126813982	harbor2	chr9	126632009	126632189	SINE/MIR	561	+	90	126632099	18117
chr9	126613982	126813982	harbor2	chr9	126643341	126643542	SINE/MIR	548	+	100	126643441	29459
chr9	126613982	126813982	harbor2	chr9	126648440	126648630	SINE/MIR	519	+	95	126648535	34553
chr9	126613982	126813982	harbor2	chr9	126660438	126660674	SINE/MIR	874	+	118	126660556	46574
chr9	126613982	126813982	harbor2	chr9	126662065	126662325	SINE/MIR	653	+	130	126662195	48213
chr9	126613982	126813982	harbor2	chr9	126663006	126663124	SINE/MIR	409	+	59	126663065	49083
chr9	126613982	126813982	harbor2	chr9	126663454	126663652	SINE/MIR	745	+	99	126663553	49571
chr9	126613982	126813982	harbor2	chr9	126676624	126676823	SINE/MIR	441	+	100	126676724	62742
chr9	126613982	126813982	harbor2	chr9	126686748	126686905	SINE/MIR	468	+	78	126686826	72844
chr9	126613982	126813982	harbor2	chr9	126689762	126689979	SINE/MIR	762	+	108	126689870	75888
chr9	134531104	134731104	harbor2	chr9	134541581	134541717	SINE/MIR	575	+	68	134541649	10545
chr9	134531104	134731104	harbor2	chr9	134561385	134561621	SINE/MIR	428	+	118	134561503	30399
chr9	133682269	133882269	harbor2	chr9	133689536	133689656	SINE/MIR	559	+	60	133689596	7327
chr9	133682269	133882269	harbor2	chr9	133713686	133713861	SINE/MIR	532	+	88	133713774	31505
chr9	131452157	131652157	harbor2	chr9	131467265	131467433	SINE/MIR	518	+	84	131467349	15192
chr9	131452157	131652157	harbor2	chr9	131510922	131511165	SINE/MIR	462	+	122	131511044	58887
chr9	105459241	105659241	harbor2	chr9	105484743	105484977	SINE/MIR	561	+	117	105484860	25619
chr9	105459241	105659241	harbor2	chr9	105551332	105551532	SINE/MIR	721	+	100	105551432	92191
chr9	110043025	110243025	harbor2	chr9	110066207	110066414	SINE/MIR	756	+	104	110066311	23286
chr9	110043025	110243025	harbor2	chr9	110077104	110077345	SINE/MIR	640	+	120	110077224	34199
chr9	110043025	110243025	harbor2	chr9	110112299	110112515	SINE/MIR	595	+	108	110112407	69382
chr9	110043025	110243025	harbor2	chr9	110112706	110112940	SINE/MIR	679	+	117	110112823	69798
chr9	76666041	76866041	harbor2	chr9	76679015	76679210	SINE/MIR	696	+	98	76679113	13072
chr9	76666041	76866041	harbor2	chr9	76697689	76697895	SINE/MIR	408	+	103	76697792	31751
chr9	76666041	76866041	harbor2	chr9	76720391	76720580	SINE/MIR	554	+	94	76720485	54444
chr9	76666041	76866041	harbor2	chr9	76728693	76728911	SINE/MIR	633	+	109	76728802	62761
chr9	76666041	76866041	harbor2	chr9	76734380	76734596	SINE/MIR	730	+	108	76734488	68447
chr9	76666041	76866041	harbor2	chr9	76763145	76763344	SINE/MIR	514	+	100	76763245	97204
chr9	76666041	76866041	harbor2	chr9	76765678	76765868	SINE/MIR	509	+	95	76765773	99732
chr9	99729583	99929583	harbor2	chr9	99804960	99805163	SINE/MIR	462	+	102	99805062	75479
chr9	107527226	107727226	harbor2	chr9	107528922	107529128	SINE/MIR	523	+	103	107529025	1799
chr9	107527226	107727226	harbor2	chr9	107529377	107529401	SINE/MIR	523	+	12	107529389	2163
chr9	107527226	107727226	harbor2	chr9	107530779	107530996	SINE/MIR	511	+	108	107530887	3661
chr9	107527226	107727226	harbor2	chr9	107540032	107540288	SINE/MIR	679	+	128	107540160	12934
chr9	107527226	107727226	harbor2	chr9	107563075	107563244	SINE/MIR	477	+	84	107563159	35933
chr9	107527226	107727226	harbor2	chr9	107576354	107576428	SINE/MIR	538	+	37	107576391	49165
chr9	107527226	107727226	harbor2	chr9	107576739	107576918	SINE/MIR	538	+	90	107576829	49603
chr9	107527226	107727226	harbor2	chr9	107593878	107594073	SINE/MIR	647	+	98	107593976	66750
chr9	107527226	107727226	harbor2	chr9	107594502	107594694	SINE/MIR	614	+	96	107594598	67372
chr9	107527226	107727226	harbor2	chr9	107600499	107600616	SINE/MIR	404	+	58	107600557	73331
chr9	107527226	107727226	harbor2	chr9	107614298	107614484	SINE/MIR	475	+	93	107614391	87165
chr9	107527226	107727226	harbor2	chr9	107618064	107618141	SINE/MIR	442	+	38	107618102	90876
chr9	107527226	107727226	harbor2	chr9	107618318	107618392	SINE/MIR	442	+	37	107618355	91129
chr9	107527226	107727226	harbor2	chr9	107625940	107626107	SINE/MIR	433	+	84	107626024	98798
chr9	95467272	95667272	harbor2	chr9	95483877	95484058	SINE/MIR	484	+	90	95483967	16695
chr9	109602614	109802614	harbor2	chr9	109641898	109642173	SINE/MIR	504	+	138	109642036	39422
chr9	109602614	109802614	harbor2	chr9	109642165	109642414	SINE/MIR	794	+	124	109642289	39675
chr9	114087302	114287302	harbor2	chr9	114119289	114119522	SINE/MIR	516	+	116	114119405	32103
chr9	114087302	114287302	harbor2	chr9	114120052	114120233	SINE/MIR	486	+	90	114120142	32840
chr9	114087302	114287302	harbor2	chr9	114121142	114121376	SINE/MIR	851	+	117	114121259	33957
chr9	114087302	114287302	harbor2	chr9	114122683	114122927	SINE/MIR	494	+	122	114122805	35503
chr9	114087302	114287302	harbor2	chr9	114125954	114126162	SINE/MIR	672	+	104	114126058	38756
chr9	114087302	114287302	harbor2	chr9	114132655	114132860	SINE/MIR	440	+	102	114132757	45455
chr9	114087302	114287302	harbor2	chr9	114141875	114142103	SINE/MIR	715	+	114	114141989	54687
chr9	114087302	114287302	harbor2	chr9	114147776	114148004	SINE/MIR	457	+	114	114147890	60588
chr9	114087302	114287302	harbor2	chr9	114149488	114149633	SINE/MIR	459	+	72	114149560	62258
chr9	114087302	114287302	harbor2	chr9	114157715	114157949	SINE/MIR	652	+	117	114157832	70530
chr9	114087302	114287302	harbor2	chr9	114164053	114164285	SINE/MIR	705	+	116	114164169	76867
chr9	114087302	114287302	harbor2	chr9	114173583	114173697	SINE/MIR	583	+	57	114173640	86338
chr9	114087302	114287302	harbor2	chr9	114176067	114176192	SINE/MIR	483	+	62	114176129	88827
chr9	114087302	114287302	harbor2	chr9	114182635	114182848	SINE/MIR	513	+	106	114182741	95439
chr9	111995960	112195960	harbor2	chr9	111998990	111999224	SINE/MIR	796	+	117	111999107	3147
chr9	111995960	112195960	harbor2	chr9	112000203	112000442	SINE/MIR	671	+	120	112000323	4363
chr9	111995960	112195960	harbor2	chr9	112021447	112021669	SINE/MIR	498	+	111	112021558	25598
chr9	111995960	112195960	harbor2	chr9	112044275	112044518	SINE/MIR	595	+	122	112044397	48437
chr9	80899446	81099446	harbor2	chr9	80911627	80911851	SINE/MIR	608	+	112	80911739	12293
chr9	80899446	81099446	harbor2	chr9	80930535	80930741	SINE/MIR	566	+	103	80930638	31192
chr9	117071547	117271547	harbor2	chr9	117075745	117075906	SINE/MIR	418	+	80	117075825	4278
chr9	117071547	117271547	harbor2	chr9	117123319	117123560	SINE/MIR	589	+	120	117123439	51892
chr9	117071547	117271547	harbor2	chr9	117124156	117124311	SINE/MIR	466	+	78	117124234	52687
chr9	117071547	117271547	harbor2	chr9	117124846	117125036	SINE/MIR	606	+	95	117124941	53394
chr9	117071547	117271547	harbor2	chr9	117135159	117135406	SINE/MIR	665	+	124	117135283	63736
chr9	117071547	117271547	harbor2	chr9	117139928	117140166	SINE/MIR	646	+	119	117140047	68500
chr9	117071547	117271547	harbor2	chr9	117150525	117150703	SINE/MIR	477	+	89	117150614	79067
chr9	117071547	117271547	harbor2	chr9	117151950	117152217	SINE/MIR	608	+	134	117152084	80537
chr9	117071547	117271547	harbor2	chr9	117162518	117162773	SINE/MIR	823	+	128	117162646	91099
chr9	117071547	117271547	harbor2	chr9	117168888	117169120	SINE/MIR	497	+	116	117169004	97457
chr9	117071547	117271547	harbor2	chr9	117171296	117171491	SINE/MIR	469	+	98	117171394	99847
chr9	117071547	117271547	harbor2	chr9	117096275	117096524	SINE/MIR	640	+	124	117096399	24852
chr9	22411098	22611098	harbor2	chr9	22430404	22430553	SINE/MIR	516	+	74	22430478	19380
chr9	22411098	22611098	harbor2	chr9	22464569	22464772	SINE/MIR	623	+	102	22464671	53573
chr9	22411098	22611098	harbor2	chr9	22488917	22489102	SINE/MIR	428	+	92	22489009	77911
chr9	22411098	22611098	harbor2	chr9	22497713	22497873	SINE/MIR	403	+	80	22497793	86695
chr9	22411098	22611098	harbor2	chr9	22509639	22509878	SINE/MIR	576	+	120	22509759	98661
chr9	129272052	129472052	harbor2	chr9	129312906	129313141	SINE/MIR	618	+	118	129313024	40972
chr9	129272052	129472052	harbor2	chr9	129323904	129324078	SINE/MIR	400	+	87	129323991	51939
chr9	129272052	129472052	harbor2	chr9	129331893	129332099	SINE/MIR	407	+	103	129331996	59944
chr9	129272052	129472052	harbor2	chr9	129349593	129349766	SINE/MIR	490	+	86	129349679	77627
chr9	81582716	81782716	harbor2	chr9	81589541	81589725	SINE/MIR	554	+	92	81589633	6917
chr9	81582716	81782716	harbor2	chr9	81597117	81597264	SINE/MIR	397	+	74	81597191	14475
chr9	134790587	134990587	harbor2	chr9	134798042	134798207	SINE/MIR	426	+	82	134798124	7537
chr9	67347834	67547834	harbor2	chr9	67398161	67398404	SINE/MIR	450	+	122	67398283	50449
chr9	68782491	68982491	harbor2	chr9	68795179	68795357	SINE/MIR	406	+	89	68795268	12777
chr9	68782491	68982491	harbor2	chr9	68804469	68804588	SINE/MIR	582	+	60	68804529	22038
chr9	68782491	68982491	harbor2	chr9	68804756	68804930	SINE/MIR	582	+	87	68804843	22352
chr9	68782491	68982491	harbor2	chr9	68829647	68829796	SINE/MIR	395	+	74	68829721	47230
chr9	68782491	68982491	harbor2	chr9	68847982	68848124	SINE/MIR	483	+	71	68848053	65562
chr9	68782491	68982491	harbor2	chr9	68860620	68860780	SINE/MIR	525	+	80	68860700	78209
chr9	68782491	68982491	harbor2	chr9	68860820	68861037	SINE/MIR	677	+	108	68860928	78437
chr9	136169280	136369280	harbor2	chr9	136235071	136235247	SINE/MIR	475	+	88	136235159	65879
chr9	134794885	134994885	harbor2	chr9	134798042	134798207	SINE/MIR	426	+	82	134798124	3239
chr9	120169894	120369894	harbor2	chr9	120172827	120173027	SINE/MIR	527	+	100	120172927	3033
chr9	120169894	120369894	harbor2	chr9	120174373	120174521	SINE/MIR	435	+	74	120174447	4553
chr9	120169894	120369894	harbor2	chr9	120177483	120177615	SINE/MIR	468	+	66	120177549	7655
chr9	120169894	120369894	harbor2	chr9	120196669	120196885	SINE/MIR	877	+	108	120196777	26883
chr9	120169894	120369894	harbor2	chr9	120204181	120204431	SINE/MIR	700	+	125	120204306	34412
chr9	120169894	120369894	harbor2	chr9	120205891	120206079	SINE/MIR	564	+	94	120205985	36091
chr9	120169894	120369894	harbor2	chr9	120209162	120209374	SINE/MIR	505	+	106	120209268	39374
chr9	120169894	120369894	harbor2	chr9	120231118	120231261	SINE/MIR	514	+	72	120231190	61296
chr9	120169894	120369894	harbor2	chr9	120248822	120248997	SINE/MIR	519	+	88	120248910	79016
chr9	120169894	120369894	harbor2	chr9	120266560	120266702	SINE/MIR	395	+	71	120266631	96737
chr9	134298943	134498943	harbor2	chr9	134337411	134337524	SINE/MIR	397	+	56	134337467	38524
chr9	130586813	130786813	harbor2	chr9	130588154	130588316	SINE/MIR	567	+	81	130588235	1422
chr9	130586813	130786813	harbor2	chr9	130591073	130591162	SINE/MIR	625	+	44	130591117	4304
chr9	130586813	130786813	harbor2	chr9	130591396	130591470	SINE/MIR	625	+	37	130591433	4620
chr9	130586813	130786813	harbor2	chr9	130604402	130604590	SINE/MIR	824	+	94	130604496	17683
chr9	130586813	130786813	harbor2	chr9	130678908	130679077	SINE/MIR	479	+	84	130678992	92179
chr9	130586813	130786813	harbor2	chr9	130682392	130682494	SINE/MIR	517	+	51	130682443	95630
chr9	130586813	130786813	harbor2	chr9	130685324	130685542	SINE/MIR	909	+	109	130685433	98620
chr9	134067326	134267326	harbor2	chr9	134087516	134087709	SINE/MIR	620	+	96	134087612	20286
chr9	134067326	134267326	harbor2	chr9	134132638	134132826	SINE/MIR	661	+	94	134132732	65406
chr9	123506479	123706479	harbor2	chr9	123512727	123512941	SINE/MIR	599	+	107	123512834	6355
chr9	123506479	123706479	harbor2	chr9	123521335	123521458	SINE/MIR	394	+	62	123521397	14918
chr9	123506479	123706479	harbor2	chr9	123544521	123544705	SINE/MIR	420	+	92	123544613	38134
chr9	123506479	123706479	harbor2	chr9	123568208	123568431	SINE/MIR	602	+	112	123568320	61841
chr9	123506479	123706479	harbor2	chr9	123589899	123590083	SINE/MIR	423	+	92	123589991	83512
chr9	123506479	123706479	harbor2	chr9	123590368	123590613	SINE/MIR	975	+	122	123590490	84011
chr9	123506479	123706479	harbor2	chr9	123591929	123592158	SINE/MIR	543	+	114	123592043	85564
chr9	123506479	123706479	harbor2	chr9	123592349	123592471	SINE/MIR	629	+	61	123592410	85931
chr9	123506479	123706479	harbor2	chr9	123593185	123593341	SINE/MIR	437	+	78	123593263	86784
chr9	123506479	123706479	harbor2	chr9	123596798	123596958	SINE/MIR	473	+	80	123596878	90399
chr9	126834794	127034794	harbor2	chr9	126859224	126859439	SINE/MIR	826	+	108	126859332	24538
chr9	126834794	127034794	harbor2	chr9	126863122	126863327	SINE/MIR	637	+	102	126863224	28430
chr9	126834794	127034794	harbor2	chr9	126864161	126864288	SINE/MIR	608	+	64	126864225	29431
chr9	126834794	127034794	harbor2	chr9	126869317	126869474	SINE/MIR	471	+	78	126869395	34601
chr9	126834794	127034794	harbor2	chr9	126914200	126914392	SINE/MIR	405	+	96	126914296	79502
chr9	126834794	127034794	harbor2	chr9	126917471	126917652	SINE/MIR	619	+	90	126917561	82767
chr9	126834794	127034794	harbor2	chr9	126917774	126917906	SINE/MIR	417	+	66	126917840	83046
chr9	126834794	127034794	harbor2	chr9	126919435	126919700	SINE/MIR	785	+	132	126919567	84773
chr9	126834794	127034794	harbor2	chr9	126920858	126921069	SINE/MIR	813	+	106	126920964	86170
chr9	126834794	127034794	harbor2	chr9	126921599	126921853	SINE/MIR	632	+	127	126921726	86932
chr9	126834794	127034794	harbor2	chr9	126928911	126929080	SINE/MIR	523	+	84	126928995	94201
chr9	124772609	124972609	harbor2	chr9	124779141	124779262	SINE/MIR	416	+	60	124779201	6592
chr9	124772609	124972609	harbor2	chr9	124793527	124793653	SINE/MIR	466	+	63	124793590	20981
chr9	124772609	124972609	harbor2	chr9	124821312	124821446	SINE/MIR	417	+	67	124821379	48770
chr9	124772609	124972609	harbor2	chr9	124821762	124821890	SINE/MIR	417	+	64	124821826	49217
chr9	124772609	124972609	harbor2	chr9	124830917	124831148	SINE/MIR	868	+	116	124831033	58424
chr9	124772609	124972609	harbor2	chr9	124833090	124833278	SINE/MIR	761	+	94	124833184	60575
chr9	124772609	124972609	harbor2	chr9	124833880	124833935	SINE/MIR	761	+	28	124833908	61299
chr9	124772609	124972609	harbor2	chr9	124833931	124834098	SINE/MIR	577	+	84	124834015	61406
chr9	124772609	124972609	harbor2	chr9	124852580	124852709	SINE/MIR	399	+	64	124852644	80035
chr9	124772609	124972609	harbor2	chr9	124863459	124863651	SINE/MIR	398	+	96	124863555	90946
chr9	122911468	123111468	harbor2	chr9	122929428	122929628	SINE/MIR	644	+	100	122929528	18060
chr9	122911468	123111468	harbor2	chr9	122948331	122948563	SINE/MIR	492	+	116	122948447	36979
chr9	122911468	123111468	harbor2	chr9	122954767	122954914	SINE/MIR	516	+	74	122954841	43373
chr9	122911468	123111468	harbor2	chr9	122991080	122991259	SINE/MIR	398	+	90	122991170	79702
chr9	122911468	123111468	harbor2	chr9	123001623	123001843	SINE/MIR	631	+	110	123001733	90265
chr9	114816475	115016475	harbor2	chr9	114825774	114825964	SINE/MIR	478	+	95	114825869	9394
chr9	114816475	115016475	harbor2	chr9	114862762	114862912	SINE/MIR	429	+	75	114862837	46362
chr9	114816475	115016475	harbor2	chr9	114866585	114866764	SINE/MIR	674	+	90	114866675	50200
chr9	114816475	115016475	harbor2	chr9	114866795	114866853	SINE/MIR	674	+	29	114866824	50349
chr9	114816475	115016475	harbor2	chr9	114887205	114887380	SINE/MIR	403	+	88	114887293	70818
chr9	114816475	115016475	harbor2	chr9	114894489	114894738	SINE/MIR	451	+	124	114894613	78138
chr9	114816475	115016475	harbor2	chr9	114897845	114898006	SINE/MIR	521	+	80	114897925	81450
chr9	114816475	115016475	harbor2	chr9	114898301	114898394	SINE/MIR	521	+	46	114898347	81872
chr9	114816475	115016475	harbor2	chr9	114912067	114912257	SINE/MIR	602	+	95	114912162	95687
chr9	114816475	115016475	harbor2	chr9	114913656	114913880	SINE/MIR	470	+	112	114913768	97293
chr9	114816475	115016475	harbor2	chr9	114915584	114915752	SINE/MIR	456	+	84	114915668	99193
chr9	114816475	115016475	harbor2	chr9	114851673	114851923	SINE/MIR	704	+	125	114851798	35323
chr9	97532727	97732727	harbor2	chr9	97537073	97537223	SINE/MIR	506	+	75	97537148	4421
chr9	97532727	97732727	harbor2	chr9	97545926	97546076	SINE/MIR	460	+	75	97546001	13274
chr9	97532727	97732727	harbor2	chr9	97547370	97547628	SINE/MIR	975	+	129	97547499	14772
chr9	97532727	97732727	harbor2	chr9	97577351	97577506	SINE/MIR	401	+	78	97577429	44702
chr9	97532727	97732727	harbor2	chr9	97591038	97591205	SINE/MIR	393	+	84	97591122	58395
chr9	97532727	97732727	harbor2	chr9	97598004	97598046	SINE/MIR	401	+	21	97598025	65298
chr9	97532727	97732727	harbor2	chr9	97598350	97598484	SINE/MIR	401	+	67	97598417	65690
chr9	97532727	97732727	harbor2	chr9	97613035	97613174	SINE/MIR	413	+	70	97613105	80378
chr9	130280801	130480801	harbor2	chr9	130281207	130281343	SINE/MIR	630	+	68	130281275	474
chr9	130280801	130480801	harbor2	chr9	130281912	130282017	SINE/MIR	630	+	52	130281964	1163
chr9	130280801	130480801	harbor2	chr9	130289449	130289617	SINE/MIR	483	+	84	130289533	8732
chr9	130280801	130480801	harbor2	chr9	130307767	130307941	SINE/MIR	451	+	87	130307854	27053
chr9	130280801	130480801	harbor2	chr9	130308257	130308291	SINE/MIR	441	+	17	130308274	27473
chr9	130280801	130480801	harbor2	chr9	130310776	130310966	SINE/MIR	514	+	95	130310871	30070
chr9	130280801	130480801	harbor2	chr9	130317132	130317384	SINE/MIR	668	+	126	130317258	36457
chr9	130280801	130480801	harbor2	chr9	130331535	130331707	SINE/MIR	434	+	86	130331621	50820
chr9	130280801	130480801	harbor2	chr9	130332297	130332522	SINE/MIR	416	+	112	130332409	51608
chr9	130280801	130480801	harbor2	chr9	130339482	130339687	SINE/MIR	718	+	102	130339584	58783
chr9	130280801	130480801	harbor2	chr9	130339985	130340183	SINE/MIR	403	+	99	130340084	59283
chr9	130280801	130480801	harbor2	chr9	130363260	130363437	SINE/MIR	524	+	88	130363348	82547
chr9	110852309	111052309	harbor2	chr9	110876120	110876289	SINE/MIR	561	+	84	110876204	23895
chr9	110852309	111052309	harbor2	chr9	110894270	110894451	SINE/MIR	634	+	90	110894360	42051
chr9	110852309	111052309	harbor2	chr9	110905806	110906012	SINE/MIR	400	+	103	110905909	53600
chr9	110852309	111052309	harbor2	chr9	110935212	110935392	SINE/MIR	439	+	90	110935302	82993
chr9	110852309	111052309	harbor2	chr9	110936421	110936567	SINE/MIR	423	+	73	110936494	84185
chr9	110852309	111052309	harbor2	chr9	110937400	110937555	SINE/MIR	534	+	78	110937478	85169
chr9	87077403	87277403	harbor2	chr9	87100059	87100218	SINE/MIR	422	+	80	87100139	22736
chr9	97740641	97940641	harbor2	chr9	97755409	97755620	SINE/MIR	545	+	106	97755515	14874
chr9	97740641	97940641	harbor2	chr9	97757525	97757689	SINE/MIR	606	+	82	97757607	16966
chr9	97740641	97940641	harbor2	chr9	97758691	97758812	SINE/MIR	395	+	60	97758751	18110
chr9	97740641	97940641	harbor2	chr9	97770409	97770533	SINE/MIR	522	+	62	97770471	29830
chr9	97740641	97940641	harbor2	chr9	97774791	97775013	SINE/MIR	945	+	111	97774902	34261
chr9	97740641	97940641	harbor2	chr9	97786860	97787089	SINE/MIR	498	+	114	97786974	46333
chr9	97740641	97940641	harbor2	chr9	97802015	97802189	SINE/MIR	620	+	87	97802102	61461
chr9	97740641	97940641	harbor2	chr9	97806788	97807033	SINE/MIR	1160	+	122	97806910	66269
chr9	97740641	97940641	harbor2	chr9	97808259	97808417	SINE/MIR	555	+	79	97808338	67697
chr9	97740641	97940641	harbor2	chr9	97809056	97809169	SINE/MIR	445	+	56	97809112	68471
chr9	97740641	97940641	harbor2	chr9	97809657	97809801	SINE/MIR	439	+	72	97809729	69088
chr9	97740641	97940641	harbor2	chr9	97817069	97817223	SINE/MIR	532	+	77	97817146	76505
chr9	97740641	97940641	harbor2	chr9	97820638	97820825	SINE/MIR	474	+	94	97820732	80091
chr9	113213443	113413443	harbor2	chr9	113218216	113218372	SINE/MIR	542	+	78	113218294	4851
chr9	113213443	113413443	harbor2	chr9	113224802	113225008	SINE/MIR	773	+	103	113224905	11462
chr9	113213443	113413443	harbor2	chr9	113303608	113303809	SINE/MIR	577	+	100	113303708	90265
chr9	113213443	113413443	harbor2	chr9	113310462	113310681	SINE/MIR	461	+	110	113310572	97129
chr9	75984471	76184471	harbor2	chr9	76019011	76019235	SINE/MIR	644	+	112	76019123	34652
chr9	75984471	76184471	harbor2	chr9	76048543	76048759	SINE/MIR	449	+	108	76048651	64180
chr9	75984471	76184471	harbor2	chr9	76055778	76055917	SINE/MIR	463	+	70	76055848	71377
chr9	75984471	76184471	harbor2	chr9	76074578	76074780	SINE/MIR	545	+	101	76074679	90208
chr9	75984471	76184471	harbor2	chr9	76080600	76080847	SINE/MIR	483	+	124	76080724	96253
chr9	120189137	120389137	harbor2	chr9	120196669	120196885	SINE/MIR	877	+	108	120196777	7640
chr9	120189137	120389137	harbor2	chr9	120204181	120204431	SINE/MIR	700	+	125	120204306	15169
chr9	120189137	120389137	harbor2	chr9	120205891	120206079	SINE/MIR	564	+	94	120205985	16848
chr9	120189137	120389137	harbor2	chr9	120209162	120209374	SINE/MIR	505	+	106	120209268	20131
chr9	120189137	120389137	harbor2	chr9	120231118	120231261	SINE/MIR	514	+	72	120231190	42053
chr9	120189137	120389137	harbor2	chr9	120248822	120248997	SINE/MIR	519	+	88	120248910	59773
chr9	120189137	120389137	harbor2	chr9	120266560	120266702	SINE/MIR	395	+	71	120266631	77494
chr9	120189137	120389137	harbor2	chr9	120279822	120279979	SINE/MIR	572	+	78	120279900	90763
chr9	120189137	120389137	harbor2	chr9	120287350	120287559	SINE/MIR	741	+	104	120287454	98317
chr9	37822987	38022987	harbor2	chr9	37898950	37899182	SINE/MIR	572	+	116	37899066	76079
chr9	90393530	90593530	harbor2	chr9	90404361	90404548	SINE/MIR	606	+	94	90404455	10925
chr9	90393530	90593530	harbor2	chr9	90430405	90430591	SINE/MIR	628	+	93	90430498	36968
chr9	90393530	90593530	harbor2	chr9	90491501	90491706	SINE/MIR	571	+	102	90491603	98073
chr9	81833101	82033101	harbor2	chr9	81833803	81833950	SINE/MIR	434	+	74	81833877	776
chr9	81833101	82033101	harbor2	chr9	81834245	81834272	SINE/MIR	434	+	14	81834259	1158
chr9	81833101	82033101	harbor2	chr9	81843584	81843816	SINE/MIR	663	+	116	81843700	10599
chr9	81833101	82033101	harbor2	chr9	81847104	81847200	SINE/MIR	447	+	48	81847152	14051
chr9	81833101	82033101	harbor2	chr9	81849328	81849513	SINE/MIR	530	+	92	81849420	16319
chr9	95979886	96179886	harbor2	chr9	96042082	96042261	SINE/MIR	543	+	90	96042172	62286
chr9	95979886	96179886	harbor2	chr9	96065333	96065524	SINE/MIR	455	+	96	96065429	85543
chr9	129743476	129943476	harbor2	chr9	129788736	129788911	SINE/MIR	536	+	88	129788824	45348
chr9	129743476	129943476	harbor2	chr9	129839092	129839311	SINE/MIR	636	+	110	129839202	95726
chr9	23350550	23550550	harbor2	chr9	23404832	23405069	SINE/MIR	605	+	118	23404950	54400
chr9	23350550	23550550	harbor2	chr9	23413584	23413697	SINE/MIR	410	+	56	23413640	63090
chr9	23350550	23550550	harbor2	chr9	23438975	23439192	SINE/MIR	520	+	108	23439083	88533
chr9	79065580	79265580	harbor2	chr9	79077763	79077897	SINE/MIR	450	+	67	79077830	12250
chr9	79065580	79265580	harbor2	chr9	79118489	79118748	SINE/MIR	502	+	130	79118619	53039
chr9	79065580	79265580	harbor2	chr9	79132877	79133024	SINE/MIR	476	+	74	79132951	67371
chr9	79065580	79265580	harbor2	chr9	79138591	79138773	SINE/MIR	609	+	91	79138682	73102
chr9	107905849	108105849	harbor2	chr9	107927248	107927426	SINE/MIR	479	+	89	107927337	21488
chr9	107905849	108105849	harbor2	chr9	107948475	107948720	SINE/MIR	482	+	122	107948597	42748
chr9	107905849	108105849	harbor2	chr9	107958345	107958492	SINE/MIR	403	+	74	107958419	52570
chr9	107905849	108105849	harbor2	chr9	107966965	107966980	SINE/MIR	672	+	8	107966973	61124
chr9	107905849	108105849	harbor2	chr9	107967318	107967535	SINE/MIR	672	+	108	107967426	61577
chr9	107905849	108105849	harbor2	chr9	107971572	107971733	SINE/MIR	415	+	80	107971652	65803
chr9	107905849	108105849	harbor2	chr9	107988363	107988607	SINE/MIR	460	+	122	107988485	82636
chr9	107905849	108105849	harbor2	chr9	107990605	107990795	SINE/MIR	498	+	95	107990700	84851
chr9	107905849	108105849	harbor2	chr9	107990808	107991014	SINE/MIR	668	+	103	107990911	85062
chr9	107905849	108105849	harbor2	chr9	107997614	107997753	SINE/MIR	493	+	70	107997684	91835
chr9	107905849	108105849	harbor2	chr9	107998034	107998247	SINE/MIR	420	+	106	107998140	92291
chr9	107905849	108105849	harbor2	chr9	108004778	108004976	SINE/MIR	900	+	99	108004877	99028
chr9	79373918	79573918	harbor2	chr9	79428047	79428221	SINE/MIR	423	+	87	79428134	54216
chr9	79373918	79573918	harbor2	chr9	79459020	79459171	SINE/MIR	395	+	76	79459096	85178
chr9	79373918	79573918	harbor2	chr9	79472470	79472662	SINE/MIR	534	+	96	79472566	98648
chr9	128415043	128615043	harbor2	chr9	128428525	128428644	SINE/MIR	409	+	60	128428585	13542
chr9	128415043	128615043	harbor2	chr9	128442348	128442491	SINE/MIR	461	+	72	128442420	27377
chr9	128415043	128615043	harbor2	chr9	128493609	128493744	SINE/MIR	422	+	68	128493677	78634
chr9	128415043	128615043	harbor2	chr9	128494093	128494268	SINE/MIR	480	+	88	128494181	79138
chr9	128415043	128615043	harbor2	chr9	128496560	128496714	SINE/MIR	654	+	77	128496637	81594
chr9	128415043	128615043	harbor2	chr9	128497027	128497122	SINE/MIR	654	+	48	128497075	82032
chr9	128415043	128615043	harbor2	chr9	128497975	128498134	SINE/MIR	419	+	80	128498055	83012
chr9	128415043	128615043	harbor2	chr9	128498531	128498750	SINE/MIR	488	+	110	128498641	83598
chr9	134719323	134919323	harbor2	chr9	134798042	134798207	SINE/MIR	426	+	82	134798124	78801
chr9	104122283	104322283	harbor2	chr9	104173853	104174036	SINE/MIR	491	+	92	104173945	51662
chr9	104122283	104322283	harbor2	chr9	104192910	104193148	SINE/MIR	606	+	119	104193029	70746
chr9	138220474	138420474	harbor2	chr9	138317951	138318082	SINE/MIR	415	+	66	138318017	97543
chr9	105077485	105277485	harbor2	chr9	105094200	105094395	SINE/MIR	487	+	98	105094298	16813
chr9	105077485	105277485	harbor2	chr9	105094844	105094948	SINE/MIR	438	+	52	105094896	17411
chr9	105077485	105277485	harbor2	chr9	105097941	105098069	SINE/MIR	479	+	64	105098005	20520
chr9	105077485	105277485	harbor2	chr9	105115199	105115374	SINE/MIR	447	+	88	105115287	37802
chr9	105077485	105277485	harbor2	chr9	105119506	105119616	SINE/MIR	462	+	55	105119561	42076
chr9	105077485	105277485	harbor2	chr9	105119919	105120024	SINE/MIR	462	+	52	105119971	42486
chr9	105077485	105277485	harbor2	chr9	105120094	105120291	SINE/MIR	527	+	98	105120192	42707
chr9	105077485	105277485	harbor2	chr9	105152380	105152508	SINE/MIR	584	+	64	105152444	74959
chr9	105077485	105277485	harbor2	chr9	105152857	105152910	SINE/MIR	584	+	26	105152883	75398
chr9	105077485	105277485	harbor2	chr9	105173980	105174217	SINE/MIR	616	+	118	105174098	96613
chr9	127479016	127679016	harbor2	chr9	127486606	127486836	SINE/MIR	540	+	115	127486721	7705
chr9	127479016	127679016	harbor2	chr9	127490583	127490769	SINE/MIR	696	+	93	127490676	11660
chr9	127479016	127679016	harbor2	chr9	127494334	127494528	SINE/MIR	448	+	97	127494431	15415
chr9	127479016	127679016	harbor2	chr9	127509332	127509530	SINE/MIR	511	+	99	127509431	30415
chr9	127479016	127679016	harbor2	chr9	127539833	127540041	SINE/MIR	662	+	104	127539937	60921
chr9	127479016	127679016	harbor2	chr9	127547106	127547244	SINE/MIR	440	+	69	127547175	68159
chr9	127479016	127679016	harbor2	chr9	127570416	127570587	SINE/MIR	453	+	86	127570502	91486
chr9	112704170	112904170	harbor2	chr9	112719876	112720078	SINE/MIR	595	+	101	112719977	15807
chr9	112704170	112904170	harbor2	chr9	112720800	112720933	SINE/MIR	457	+	66	112720866	16696
chr9	112704170	112904170	harbor2	chr9	112759754	112759954	SINE/MIR	628	+	100	112759854	55684
chr9	112704170	112904170	harbor2	chr9	112773133	112773306	SINE/MIR	484	+	86	112773219	69049
chr9	112704170	112904170	harbor2	chr9	112783238	112783448	SINE/MIR	428	+	105	112783343	79173
chr9	125823469	126023469	harbor2	chr9	125839010	125839262	SINE/MIR	731	+	126	125839136	15667
chr9	125823469	126023469	harbor2	chr9	125854767	125854993	SINE/MIR	407	+	113	125854880	31411
chr9	125823469	126023469	harbor2	chr9	125903818	125904071	SINE/MIR	848	+	126	125903944	80475
chr9	125823469	126023469	harbor2	chr9	125907777	125908011	SINE/MIR	721	+	117	125907894	84425
chr9	130643387	130843387	harbor2	chr9	130678908	130679077	SINE/MIR	479	+	84	130678992	35605
chr9	130643387	130843387	harbor2	chr9	130682392	130682494	SINE/MIR	517	+	51	130682443	39056
chr9	130643387	130843387	harbor2	chr9	130685324	130685542	SINE/MIR	909	+	109	130685433	42046
chr9	130643387	130843387	harbor2	chr9	130694395	130694564	SINE/MIR	457	+	84	130694479	51092
chr9	130643387	130843387	harbor2	chr9	130695773	130695848	SINE/MIR	538	+	38	130695811	52424
chr9	130643387	130843387	harbor2	chr9	130696164	130696255	SINE/MIR	538	+	46	130696210	52823
chr9	130643387	130843387	harbor2	chr9	130711004	130711238	SINE/MIR	730	+	117	130711121	67734
chr9	99400652	99600652	harbor2	chr9	99406402	99406636	SINE/MIR	544	+	117	99406519	5867
chr9	99400652	99600652	harbor2	chr9	99407255	99407378	SINE/MIR	524	+	62	99407317	6665
chr9	99400652	99600652	harbor2	chr9	99421463	99421618	SINE/MIR	432	+	78	99421541	20889
chr9	99400652	99600652	harbor2	chr9	99466695	99466883	SINE/MIR	427	+	94	99466789	66137
chr9	99400652	99600652	harbor2	chr9	99478390	99478629	SINE/MIR	393	+	120	99478510	77858
chr9	99400652	99600652	harbor2	chr9	99479100	99479251	SINE/MIR	571	+	76	99479176	78524
chr9	99400652	99600652	harbor2	chr9	99479494	99479689	SINE/MIR	676	+	98	99479592	78940
chr9	99400652	99600652	harbor2	chr9	99492139	99492283	SINE/MIR	738	+	72	99492211	91559
chr9	114251538	114451538	harbor2	chr9	114253559	114253753	SINE/MIR	398	+	97	114253656	2118
chr9	114251538	114451538	harbor2	chr9	114255811	114256033	SINE/MIR	440	+	111	114255922	4384
chr9	114251538	114451538	harbor2	chr9	114260734	114260899	SINE/MIR	438	+	82	114260816	9278
chr9	114251538	114451538	harbor2	chr9	114261744	114261884	SINE/MIR	473	+	70	114261814	10276
chr9	114251538	114451538	harbor2	chr9	114265652	114265767	SINE/MIR	407	+	58	114265710	14172
chr9	114251538	114451538	harbor2	chr9	114268557	114268724	SINE/MIR	443	+	84	114268641	17103
chr9	114251538	114451538	harbor2	chr9	114274340	114274570	SINE/MIR	731	+	115	114274455	22917
chr9	114251538	114451538	harbor2	chr9	114277915	114278055	SINE/MIR	467	+	70	114277985	26447
chr9	114251538	114451538	harbor2	chr9	114299474	114299692	SINE/MIR	429	+	109	114299583	48045
chr9	114251538	114451538	harbor2	chr9	114300274	114300387	SINE/MIR	481	+	56	114300330	48792
chr9	114251538	114451538	harbor2	chr9	114342931	114343187	SINE/MIR	925	+	128	114343059	91521
chr9	114251538	114451538	harbor2	chr9	114346948	114347066	SINE/MIR	464	+	59	114347007	95469
chr9	63322269	63522269	harbor2	chr9	63323684	63323717	SINE/MIR	707	+	16	63323700	1431
chr9	63322269	63522269	harbor2	chr9	63357881	63358039	SINE/MIR	605	+	79	63357960	35691
chr9	63322269	63522269	harbor2	chr9	63324012	63324222	SINE/MIR	727	+	105	63324117	1848
chr9	132353085	132553085	harbor2	chr9	132417510	132417746	SINE/MIR	486	+	118	132417628	64543
chr9	132353085	132553085	harbor2	chr9	132418014	132418158	SINE/MIR	523	+	72	132418086	65001
chr9	132353085	132553085	harbor2	chr9	132432401	132432533	SINE/MIR	575	+	66	132432467	79382
chr9	132353085	132553085	harbor2	chr9	132433148	132433291	SINE/MIR	575	+	72	132433220	80135
chr9	132353085	132553085	harbor2	chr9	132448419	132448570	SINE/MIR	442	+	76	132448495	95410
chr9	134770949	134970949	harbor2	chr9	134798042	134798207	SINE/MIR	426	+	82	134798124	27175
chr9	99329565	99529565	harbor2	chr9	99346394	99346552	SINE/MIR	415	+	79	99346473	16908
chr9	99329565	99529565	harbor2	chr9	99364565	99364717	SINE/MIR	506	+	76	99364641	35076
chr9	99329565	99529565	harbor2	chr9	99370963	99371166	SINE/MIR	541	+	102	99371065	41500
chr9	99329565	99529565	harbor2	chr9	99374571	99374731	SINE/MIR	770	+	80	99374651	45086
chr9	99329565	99529565	harbor2	chr9	99375406	99375543	SINE/MIR	474	+	68	99375474	45909
chr9	99329565	99529565	harbor2	chr9	99380677	99380919	SINE/MIR	730	+	121	99380798	51233
chr9	99329565	99529565	harbor2	chr9	99383652	99383829	SINE/MIR	650	+	88	99383740	54175
chr9	99329565	99529565	harbor2	chr9	99399090	99399340	SINE/MIR	813	+	125	99399215	69650
chr9	99329565	99529565	harbor2	chr9	99406402	99406636	SINE/MIR	544	+	117	99406519	76954
chr9	99329565	99529565	harbor2	chr9	99407255	99407378	SINE/MIR	524	+	62	99407317	77752
chr9	99329565	99529565	harbor2	chr9	99421463	99421618	SINE/MIR	432	+	78	99421541	91976
chr9	109704297	109904297	harbor2	chr9	109705695	109705898	SINE/MIR	800	+	102	109705797	1500
chr9	109704297	109904297	harbor2	chr9	109727353	109727465	SINE/MIR	402	+	56	109727409	23112
chr9	109704297	109904297	harbor2	chr9	109763324	109763527	SINE/MIR	650	+	102	109763426	59129
chr9	109704297	109904297	harbor2	chr9	109765254	109765410	SINE/MIR	412	+	78	109765332	61035
chr9	109704297	109904297	harbor2	chr9	109768648	109768819	SINE/MIR	677	+	86	109768734	64437
chr9	111560543	111760543	harbor2	chr9	111600416	111600564	SINE/MIR	482	+	74	111600490	39947
chr9	33841818	34041818	harbor2	chr9	33849462	33849579	SINE/MIR	455	+	58	33849520	7702
chr9	77466909	77666909	harbor2	chr9	77513263	77513484	SINE/MIR	432	+	110	77513373	46464
chr9	36479068	36679068	harbor2	chr9	36500803	36500903	SINE/MIR	400	+	50	36500853	21785
chr9	36479068	36679068	harbor2	chr9	36514146	36514222	SINE/MIR	400	+	38	36514184	35116
chr9	36479068	36679068	harbor2	chr9	36515383	36515546	SINE/MIR	559	+	82	36515465	36397
chr9	36479068	36679068	harbor2	chr9	36516754	36516814	SINE/MIR	559	+	30	36516784	37716
chr9	36479068	36679068	harbor2	chr9	36552505	36552651	SINE/MIR	445	+	73	36552578	73510
chr9	124666645	124866645	harbor2	chr9	124666794	124666998	SINE/MIR	420	+	102	124666896	251
chr9	124666645	124866645	harbor2	chr9	124673970	124674174	SINE/MIR	816	+	102	124674072	7427
chr9	124666645	124866645	harbor2	chr9	124674344	124674605	SINE/MIR	946	+	130	124674474	7829
chr9	124666645	124866645	harbor2	chr9	124693130	124693342	SINE/MIR	670	+	106	124693236	26591
chr9	124666645	124866645	harbor2	chr9	124697739	124697957	SINE/MIR	571	+	109	124697848	31203
chr9	124666645	124866645	harbor2	chr9	124717736	124717943	SINE/MIR	674	+	104	124717840	51195
chr9	124666645	124866645	harbor2	chr9	124733417	124733643	SINE/MIR	401	+	113	124733530	66885
chr9	124666645	124866645	harbor2	chr9	124741715	124741878	SINE/MIR	450	+	82	124741797	75152
chr9	124666645	124866645	harbor2	chr9	124748539	124748579	SINE/MIR	394	+	20	124748559	81914
chr9	124666645	124866645	harbor2	chr9	124748884	124748980	SINE/MIR	394	+	48	124748932	82287
chr9	135195852	135395852	harbor2	chr9	135221598	135221791	SINE/MIR	416	+	96	135221694	25842
chr9	135195852	135395852	harbor2	chr9	135275206	135275431	SINE/MIR	414	+	112	135275318	79466
chr9	135195852	135395852	harbor2	chr9	135280515	135280652	SINE/MIR	435	+	68	135280583	84731
chr9	133603394	133803394	harbor2	chr9	133608470	133608703	SINE/MIR	514	+	116	133608586	5192
chr9	133603394	133803394	harbor2	chr9	133609631	133609826	SINE/MIR	432	+	98	133609729	6335
chr9	133603394	133803394	harbor2	chr9	133619192	133619391	SINE/MIR	839	+	100	133619292	15898
chr9	133603394	133803394	harbor2	chr9	133640344	133640504	SINE/MIR	523	+	80	133640424	37030
chr9	133603394	133803394	harbor2	chr9	133689536	133689656	SINE/MIR	559	+	60	133689596	86202
chr9	131432557	131632557	harbor2	chr9	131433953	131434180	SINE/MIR	456	+	114	131434067	1510
chr9	131432557	131632557	harbor2	chr9	131467265	131467433	SINE/MIR	518	+	84	131467349	34792
chr9	131432557	131632557	harbor2	chr9	131510922	131511165	SINE/MIR	462	+	122	131511044	78487
chr9	84229887	84429887	harbor2	chr9	84236344	84236492	SINE/MIR	487	+	74	84236418	6531
chr9	84229887	84429887	harbor2	chr9	84243878	84244056	SINE/MIR	752	+	89	84243967	14080
chr9	108580134	108780134	harbor2	chr9	108580497	108580704	SINE/MIR	449	+	104	108580601	467
chr9	108580134	108780134	harbor2	chr9	108587121	108587254	SINE/MIR	500	+	66	108587187	7053
chr9	108580134	108780134	harbor2	chr9	108587552	108587596	SINE/MIR	500	+	22	108587574	7440
chr9	108580134	108780134	harbor2	chr9	108594237	108594434	SINE/MIR	523	+	98	108594335	14201
chr9	108580134	108780134	harbor2	chr9	108596151	108596379	SINE/MIR	488	+	114	108596265	16131
chr9	108580134	108780134	harbor2	chr9	108628613	108628860	SINE/MIR	528	+	124	108628737	48603
chr9	108580134	108780134	harbor2	chr9	108640406	108640648	SINE/MIR	411	+	121	108640527	60393
chr9	108580134	108780134	harbor2	chr9	108641987	108642177	SINE/MIR	399	+	95	108642082	61948
chr9	108580134	108780134	harbor2	chr9	108654790	108654985	SINE/MIR	641	+	98	108654888	74754
chr9	108580134	108780134	harbor2	chr9	108662519	108662537	SINE/MIR	496	+	9	108662528	82394
chr9	108580134	108780134	harbor2	chr9	108662753	108662986	SINE/MIR	617	+	116	108662869	82735
chr9	106149327	106349327	harbor2	chr9	106217613	106217728	SINE/MIR	407	+	58	106217671	68344
chr9	106149327	106349327	harbor2	chr9	106228576	106228787	SINE/MIR	449	+	106	106228682	79355
chr9	106149327	106349327	harbor2	chr9	106233709	106233882	SINE/MIR	520	+	86	106233795	84468
chr9	104951871	105151871	harbor2	chr9	104984234	104984454	SINE/MIR	410	+	110	104984344	32473
chr9	104951871	105151871	harbor2	chr9	104986421	104986595	SINE/MIR	435	+	87	104986508	34637
chr9	104951871	105151871	harbor2	chr9	104989396	104989432	SINE/MIR	563	+	18	104989414	37543
chr9	104951871	105151871	harbor2	chr9	104989749	104989909	SINE/MIR	563	+	80	104989829	37958
chr9	104951871	105151871	harbor2	chr9	104997787	104997972	SINE/MIR	399	+	92	104997879	46008
chr9	104951871	105151871	harbor2	chr9	105028608	105028774	SINE/MIR	416	+	83	105028691	76820
chr9	130479733	130679733	harbor2	chr9	130491980	130492111	SINE/MIR	551	+	66	130492046	12313
chr9	130479733	130679733	harbor2	chr9	130494000	130494167	SINE/MIR	500	+	84	130494084	14351
chr9	130479733	130679733	harbor2	chr9	130515479	130515673	SINE/MIR	411	+	97	130515576	35843
chr9	130479733	130679733	harbor2	chr9	130517164	130517399	SINE/MIR	451	+	118	130517282	37549
chr9	130479733	130679733	harbor2	chr9	130521897	130522039	SINE/MIR	552	+	71	130521968	42235
chr9	130479733	130679733	harbor2	chr9	130541616	130541830	SINE/MIR	583	+	107	130541723	61990
chr9	130479733	130679733	harbor2	chr9	130548622	130548762	SINE/MIR	443	+	70	130548692	68959
chr9	130479733	130679733	harbor2	chr9	130555567	130555749	SINE/MIR	538	+	91	130555658	75925
chr9	87457687	87657687	harbor2	chr9	87510745	87510962	SINE/MIR	677	+	108	87510853	53166
chr9	115261594	115461594	harbor2	chr9	115263313	115263565	SINE/MIR	428	+	126	115263439	1845
chr9	115261594	115461594	harbor2	chr9	115268519	115268726	SINE/MIR	474	+	104	115268623	7029
chr9	115261594	115461594	harbor2	chr9	115278836	115279073	SINE/MIR	413	+	118	115278954	17360
chr9	115261594	115461594	harbor2	chr9	115286873	115287051	SINE/MIR	793	+	89	115286962	25368
chr9	115261594	115461594	harbor2	chr9	115294471	115294644	SINE/MIR	619	+	86	115294557	32963
chr9	115261594	115461594	harbor2	chr9	115298717	115298896	SINE/MIR	453	+	90	115298807	37213
chr9	115261594	115461594	harbor2	chr9	115324246	115324405	SINE/MIR	432	+	80	115324326	62732
chr9	115261594	115461594	harbor2	chr9	115325785	115326025	SINE/MIR	1078	+	120	115325905	64311
chr9	115261594	115461594	harbor2	chr9	115340936	115341099	SINE/MIR	460	+	82	115341018	79424
chr9	115261594	115461594	harbor2	chr9	115356564	115356798	SINE/MIR	430	+	117	115356681	95087
chr9	115261594	115461594	harbor2	chr9	115358234	115358345	SINE/MIR	553	+	56	115358290	96696
chr9	115261594	115461594	harbor2	chr9	115358728	115358828	SINE/MIR	553	+	50	115358778	97184
chr9	107698657	107898657	harbor2	chr9	107730392	107730519	SINE/MIR	558	+	64	107730456	31799
chr9	107698657	107898657	harbor2	chr9	107731199	107731399	SINE/MIR	732	+	100	107731299	32642
chr9	107698657	107898657	harbor2	chr9	107738674	107738809	SINE/MIR	585	+	68	107738742	40085
chr9	107698657	107898657	harbor2	chr9	107739030	107739125	SINE/MIR	585	+	48	107739078	40421
chr9	107698657	107898657	harbor2	chr9	107741576	107741789	SINE/MIR	755	+	106	107741682	43025
chr9	107698657	107898657	harbor2	chr9	107742135	107742310	SINE/MIR	548	+	88	107742223	43566
chr9	107698657	107898657	harbor2	chr9	107766800	107766970	SINE/MIR	475	+	85	107766885	68228
chr9	107698657	107898657	harbor2	chr9	107770289	107770447	SINE/MIR	602	+	79	107770368	71711
chr9	107698657	107898657	harbor2	chr9	107770864	107771117	SINE/MIR	899	+	126	107770990	72333
chr9	107698657	107898657	harbor2	chr9	107780928	107781135	SINE/MIR	441	+	104	107781032	82375
chr9	107698657	107898657	harbor2	chr9	107785286	107785454	SINE/MIR	580	+	84	107785370	86713
chr9	117958419	118158419	harbor2	chr9	117964296	117964469	SINE/MIR	416	+	86	117964382	5963
chr9	117958419	118158419	harbor2	chr9	117981216	117981365	SINE/MIR	542	+	74	117981290	22871
chr9	117958419	118158419	harbor2	chr9	117988093	117988300	SINE/MIR	441	+	104	117988197	29778
chr9	117958419	118158419	harbor2	chr9	118020738	118020898	SINE/MIR	561	+	80	118020818	62399
chr9	117958419	118158419	harbor2	chr9	118030818	118030855	SINE/MIR	486	+	18	118030836	72417
chr9	117958419	118158419	harbor2	chr9	118031259	118031470	SINE/MIR	628	+	106	118031365	72946
chr9	117958419	118158419	harbor2	chr9	118046178	118046408	SINE/MIR	414	+	115	118046293	87874
chr9	75534965	75734965	harbor2	chr9	75554569	75554683	SINE/MIR	440	+	57	75554626	19661
chr9	75534965	75734965	harbor2	chr9	75594182	75594362	SINE/MIR	461	+	90	75594272	59307
chr9	95889036	96089036	harbor2	chr9	95904471	95904689	SINE/MIR	591	+	109	95904580	15544
chr9	95889036	96089036	harbor2	chr9	95933420	95933562	SINE/MIR	451	+	71	95933491	44455
chr9	95889036	96089036	harbor2	chr9	95933868	95933954	SINE/MIR	451	+	43	95933911	44875
chr9	95889036	96089036	harbor2	chr9	95965192	95965436	SINE/MIR	553	+	122	95965314	76278
chr9	129541432	129741432	harbor2	chr9	129553414	129553552	SINE/MIR	430	+	69	129553483	12051
chr9	129541432	129741432	harbor2	chr9	129571721	129571862	SINE/MIR	404	+	70	129571791	30359
chr9	129541432	129741432	harbor2	chr9	129583887	129584069	SINE/MIR	506	+	91	129583978	42546
chr9	129541432	129741432	harbor2	chr9	129603249	129603448	SINE/MIR	571	+	100	129603349	61917
chr9	129541432	129741432	harbor2	chr9	129616027	129616209	SINE/MIR	440	+	91	129616118	74686
chr9	129541432	129741432	harbor2	chr9	129620727	129620913	SINE/MIR	462	+	93	129620820	79388
chr9	129541432	129741432	harbor2	chr9	129620931	129621058	SINE/MIR	490	+	64	129620995	79563
chr9	80730528	80930528	harbor2	chr9	80754754	80754894	SINE/MIR	403	+	70	80754824	24296
chr9	80730528	80930528	harbor2	chr9	80759306	80759513	SINE/MIR	595	+	104	80759410	28882
chr9	134607339	134807339	harbor2	chr9	134648434	134648619	SINE/MIR	438	+	92	134648526	41187
chr9	134607339	134807339	harbor2	chr9	134655455	134655601	SINE/MIR	480	+	73	134655528	48189
chr9	134607339	134807339	harbor2	chr9	134660642	134660793	SINE/MIR	442	+	76	134660718	53379
chr9	134607339	134807339	harbor2	chr9	134704176	134704389	SINE/MIR	616	+	106	134704282	96943
chr9	128211085	128411085	harbor2	chr9	128216256	128216425	SINE/MIR	474	+	84	128216340	5255
chr9	128211085	128411085	harbor2	chr9	128217202	128217361	SINE/MIR	434	+	80	128217282	6197
chr9	128211085	128411085	harbor2	chr9	128221393	128221512	SINE/MIR	394	+	60	128221453	10368
chr9	128211085	128411085	harbor2	chr9	128251985	128252201	SINE/MIR	432	+	108	128252093	41008
chr9	134331196	134531196	harbor2	chr9	134337411	134337524	SINE/MIR	397	+	56	134337467	6271
chr9	126094804	126294804	harbor2	chr9	126096092	126096326	SINE/MIR	455	+	117	126096209	1405
chr9	126094804	126294804	harbor2	chr9	126099713	126099937	SINE/MIR	876	+	112	126099825	5021
chr9	126094804	126294804	harbor2	chr9	126104298	126104488	SINE/MIR	443	+	95	126104393	9589
chr9	126094804	126294804	harbor2	chr9	126105077	126105161	SINE/MIR	443	+	42	126105119	10315
chr9	126094804	126294804	harbor2	chr9	126106343	126106572	SINE/MIR	522	+	114	126106457	11653
chr9	126094804	126294804	harbor2	chr9	126106665	126106820	SINE/MIR	432	+	78	126106743	11939
chr9	126094804	126294804	harbor2	chr9	126119440	126119638	SINE/MIR	760	+	99	126119539	24735
chr9	126094804	126294804	harbor2	chr9	126130488	126130706	SINE/MIR	555	+	109	126130597	35793
chr9	126094804	126294804	harbor2	chr9	126162927	126163149	SINE/MIR	501	+	111	126163038	68234
chr9	126094804	126294804	harbor2	chr9	126169447	126169691	SINE/MIR	768	+	122	126169569	74765
chr9	126094804	126294804	harbor2	chr9	126174708	126174936	SINE/MIR	731	+	114	126174822	80018
chr9	131178330	131378330	harbor2	chr9	131226011	131226244	SINE/MIR	523	+	116	131226127	47797
chr9	131178330	131378330	harbor2	chr9	131256867	131257027	SINE/MIR	526	+	80	131256947	78617
chr9	94340555	94540555	harbor2	chr9	94361340	94361563	SINE/MIR	504	+	112	94361452	20897
chr9	94340555	94540555	harbor2	chr9	94393521	94393745	SINE/MIR	768	+	112	94393633	53078
chr9	92859681	93059681	harbor2	chr9	92868339	92868469	SINE/MIR	522	+	65	92868404	8723
chr9	92859681	93059681	harbor2	chr9	92915328	92915485	SINE/MIR	513	+	78	92915406	55725
chr9	123046876	123246876	harbor2	chr9	123052198	123052335	SINE/MIR	418	+	68	123052266	5390
chr9	123046876	123246876	harbor2	chr9	123089225	123089461	SINE/MIR	621	+	118	123089343	42467
chr9	123046876	123246876	harbor2	chr9	123098892	123099063	SINE/MIR	461	+	86	123098978	52102
chr9	123046876	123246876	harbor2	chr9	123102026	123102203	SINE/MIR	487	+	88	123102114	55238
chr9	123046876	123246876	harbor2	chr9	123132124	123132298	SINE/MIR	486	+	87	123132211	85335
chr9	116973115	117173115	harbor2	chr9	116995636	116995833	SINE/MIR	450	+	98	116995734	22619
chr9	116973115	117173115	harbor2	chr9	117008446	117008674	SINE/MIR	520	+	114	117008560	35445
chr9	116973115	117173115	harbor2	chr9	117017481	117017637	SINE/MIR	402	+	78	117017559	44444
chr9	116973115	117173115	harbor2	chr9	117018594	117018763	SINE/MIR	446	+	84	117018678	45563
chr9	116973115	117173115	harbor2	chr9	117019709	117019905	SINE/MIR	410	+	98	117019807	46692
chr9	116973115	117173115	harbor2	chr9	117033691	117033933	SINE/MIR	403	+	121	117033812	60697
chr9	116973115	117173115	harbor2	chr9	117040341	117040448	SINE/MIR	569	+	54	117040395	67280
chr9	116973115	117173115	harbor2	chr9	117040751	117040812	SINE/MIR	569	+	30	117040781	67666
chr9	116973115	117173115	harbor2	chr9	117045066	117045258	SINE/MIR	428	+	96	117045162	72047
chr9	116973115	117173115	harbor2	chr9	117045917	117045954	SINE/MIR	508	+	18	117045935	72820
chr9	116973115	117173115	harbor2	chr9	117046299	117046518	SINE/MIR	508	+	110	117046409	73294
chr9	116973115	117173115	harbor2	chr9	117052005	117052158	SINE/MIR	529	+	76	117052081	78966
chr9	116973115	117173115	harbor2	chr9	117052460	117052516	SINE/MIR	529	+	28	117052488	79373
chr9	112543059	112743059	harbor2	chr9	112553471	112553636	SINE/MIR	585	+	82	112553553	10494
chr9	112543059	112743059	harbor2	chr9	112581091	112581302	SINE/MIR	901	+	106	112581197	38138
chr9	112543059	112743059	harbor2	chr9	112584121	112584338	SINE/MIR	659	+	108	112584229	41170
chr9	112543059	112743059	harbor2	chr9	112592380	112592606	SINE/MIR	626	+	113	112592493	49434
chr9	118405048	118605048	harbor2	chr9	118405515	118405685	SINE/MIR	439	+	85	118405600	552
chr9	118405048	118605048	harbor2	chr9	118468133	118468388	SINE/MIR	447	+	128	118468261	63213
chr9	118405048	118605048	harbor2	chr9	118476789	118477024	SINE/MIR	512	+	118	118476907	71859
chr9	118405048	118605048	harbor2	chr9	118482768	118482952	SINE/MIR	564	+	92	118482860	77812
chr9	118405048	118605048	harbor2	chr9	118484350	118484594	SINE/MIR	603	+	122	118484472	79424
chr9	97844110	98044110	harbor2	chr9	97924882	97925045	SINE/MIR	432	+	82	97924964	80854
chr9	97844110	98044110	harbor2	chr9	97935935	97936135	SINE/MIR	451	+	100	97936035	91925
chr9	97844110	98044110	harbor2	chr9	97938541	97938693	SINE/MIR	444	+	76	97938617	94507
chr9	97844110	98044110	harbor2	chr9	97939120	97939346	SINE/MIR	542	+	113	97939233	95123
chr9	97844110	98044110	harbor2	chr9	97943025	97943193	SINE/MIR	463	+	84	97943109	98999
chr9	126344181	126544181	harbor2	chr9	126353445	126353587	SINE/MIR	585	+	71	126353516	9335
chr9	126344181	126544181	harbor2	chr9	126409366	126409541	SINE/MIR	572	+	88	126409454	65273
chr9	126344181	126544181	harbor2	chr9	126410340	126410553	SINE/MIR	480	+	106	126410446	66265
chr9	126344181	126544181	harbor2	chr9	126416701	126416823	SINE/MIR	421	+	61	126416762	72581
chr9	126344181	126544181	harbor2	chr9	126433085	126433164	SINE/MIR	396	+	40	126433125	88944
chr9	24234184	24434184	harbor2	chr9	24299417	24299554	SINE/MIR	473	+	68	24299485	65301
chr9	122171411	122371411	harbor2	chr9	122173787	122173964	SINE/MIR	636	+	88	122173875	2464
chr9	122171411	122371411	harbor2	chr9	122179431	122179640	SINE/MIR	582	+	104	122179535	8124
chr9	122171411	122371411	harbor2	chr9	122181631	122181889	SINE/MIR	689	+	129	122181760	10349
chr9	122171411	122371411	harbor2	chr9	122186910	122187176	SINE/MIR	697	+	133	122187043	15632
chr9	122171411	122371411	harbor2	chr9	122199163	122199365	SINE/MIR	598	+	101	122199264	27853
chr9	122171411	122371411	harbor2	chr9	122204856	122205035	SINE/MIR	698	+	90	122204946	33535
chr9	122171411	122371411	harbor2	chr9	122231693	122231951	SINE/MIR	586	+	129	122231822	60411
chr9	122171411	122371411	harbor2	chr9	122232271	122232402	SINE/MIR	431	+	66	122232337	60926
chr9	122171411	122371411	harbor2	chr9	122233542	122233783	SINE/MIR	569	+	120	122233662	62251
chr9	122171411	122371411	harbor2	chr9	122234454	122234659	SINE/MIR	453	+	102	122234556	63145
chr9	122171411	122371411	harbor2	chr9	122238027	122238201	SINE/MIR	558	+	87	122238114	66703
chr9	122171411	122371411	harbor2	chr9	122262024	122262192	SINE/MIR	493	+	84	122262108	90697
chr9	122171411	122371411	harbor2	chr9	122262248	122262445	SINE/MIR	819	+	98	122262346	90935
chr9	122171411	122371411	harbor2	chr9	122267624	122267837	SINE/MIR	651	+	106	122267730	96319
chr9	122171411	122371411	harbor2	chr9	122268550	122268714	SINE/MIR	564	+	82	122268632	97221
chr9	122171411	122371411	harbor2	chr9	122270585	122270790	SINE/MIR	455	+	102	122270687	99276
chr9	130027485	130227485	harbor2	chr9	130035523	130035625	SINE/MIR	446	+	51	130035574	8089
chr9	130027485	130227485	harbor2	chr9	130047919	130048037	SINE/MIR	428	+	59	130047978	20493
chr9	130027485	130227485	harbor2	chr9	130048343	130048407	SINE/MIR	428	+	32	130048375	20890
chr9	130027485	130227485	harbor2	chr9	130048389	130048486	SINE/MIR	439	+	48	130048437	20952
chr9	130027485	130227485	harbor2	chr9	130049079	130049106	SINE/MIR	439	+	14	130049093	21608
chr9	130027485	130227485	harbor2	chr9	130049403	130049441	SINE/MIR	439	+	19	130049422	21937
chr9	130027485	130227485	harbor2	chr9	130049728	130049785	SINE/MIR	439	+	28	130049756	22271
chr9	130027485	130227485	harbor2	chr9	130053214	130053426	SINE/MIR	446	+	106	130053320	25835
chr9	130027485	130227485	harbor2	chr9	130062028	130062129	SINE/MIR	407	+	50	130062078	34593
chr9	130027485	130227485	harbor2	chr9	130069070	130069291	SINE/MIR	580	+	110	130069180	41695
chr9	130027485	130227485	harbor2	chr9	130079385	130079578	SINE/MIR	628	+	96	130079481	51996
chr9	130027485	130227485	harbor2	chr9	130118040	130118256	SINE/MIR	437	+	108	130118148	90663
chr9	133386044	133586044	harbor2	chr9	133416685	133416899	SINE/MIR	409	+	107	133416792	30748
chr9	133386044	133586044	harbor2	chr9	133455041	133455239	SINE/MIR	441	+	99	133455140	69096
chr9	133386044	133586044	harbor2	chr9	133477590	133477790	SINE/MIR	586	+	100	133477690	91646
chr9	101831259	102031259	harbor2	chr9	101849390	101849622	SINE/MIR	871	+	116	101849506	18247
chr9	101831259	102031259	harbor2	chr9	101850937	101851113	SINE/MIR	512	+	88	101851025	19766
chr9	101831259	102031259	harbor2	chr9	101859060	101859300	SINE/MIR	674	+	120	101859180	27921
chr9	101831259	102031259	harbor2	chr9	101866950	101867168	SINE/MIR	527	+	109	101867059	35800
chr9	101831259	102031259	harbor2	chr9	101868067	101868203	SINE/MIR	459	+	68	101868135	36876
chr9	101831259	102031259	harbor2	chr9	101897350	101897615	SINE/MIR	830	+	132	101897482	66223
chr9	101831259	102031259	harbor2	chr9	101897615	101897834	SINE/MIR	737	+	110	101897725	66466
chr9	101831259	102031259	harbor2	chr9	101900727	101900916	SINE/MIR	524	+	94	101900821	69562
chr9	128312963	128512963	harbor2	chr9	128315177	128315416	SINE/MIR	708	+	120	128315297	2334
chr9	128312963	128512963	harbor2	chr9	128317724	128317892	SINE/MIR	438	+	84	128317808	4845
chr9	128312963	128512963	harbor2	chr9	128329074	128329280	SINE/MIR	460	+	103	128329177	16214
chr9	128312963	128512963	harbor2	chr9	128329250	128329372	SINE/MIR	683	+	61	128329311	16348
chr9	128312963	128512963	harbor2	chr9	128329670	128329788	SINE/MIR	683	+	59	128329729	16766
chr9	128312963	128512963	harbor2	chr9	128333213	128333431	SINE/MIR	616	+	109	128333322	20359
chr9	128312963	128512963	harbor2	chr9	128344809	128345009	SINE/MIR	529	+	100	128344909	31946
chr9	128312963	128512963	harbor2	chr9	128348149	128348347	SINE/MIR	461	+	99	128348248	35285
chr9	128312963	128512963	harbor2	chr9	128348748	128348950	SINE/MIR	395	+	101	128348849	35886
chr9	128312963	128512963	harbor2	chr9	128349266	128349511	SINE/MIR	543	+	122	128349388	36425
chr9	128312963	128512963	harbor2	chr9	128354276	128354478	SINE/MIR	462	+	101	128354377	41414
chr9	128312963	128512963	harbor2	chr9	128360013	128360206	SINE/MIR	431	+	96	128360109	47146
chr9	128312963	128512963	harbor2	chr9	128362587	128362805	SINE/MIR	559	+	109	128362696	49733
chr9	128312963	128512963	harbor2	chr9	128375018	128375226	SINE/MIR	433	+	104	128375122	62159
chr9	128312963	128512963	harbor2	chr9	128388092	128388218	SINE/MIR	402	+	63	128388155	75192
chr9	128312963	128512963	harbor2	chr9	128404223	128404363	SINE/MIR	456	+	70	128404293	91330
chr9	128312963	128512963	harbor2	chr9	128408236	128408465	SINE/MIR	502	+	114	128408350	95387
chr9	128312963	128512963	harbor2	chr9	128410363	128410489	SINE/MIR	592	+	63	128410426	97463
chr9	128312963	128512963	harbor2	chr9	128410795	128410857	SINE/MIR	592	+	31	128410826	97863
chr9	128312963	128512963	harbor2	chr9	128411149	128411202	SINE/MIR	592	+	26	128411175	98212
chr9	35779188	35979188	harbor2	chr9	35807813	35807929	SINE/MIR	514	+	58	35807871	28683
chr9	35779188	35979188	harbor2	chr9	35870445	35870611	SINE/MIR	395	+	83	35870528	91340
chr9	35779188	35979188	harbor2	chr9	35864432	35864666	SINE/MIR	605	+	117	35864549	85361
chr9	63044033	63244033	harbor2	chr9	63139986	63140106	SINE/MIR	518	+	60	63140046	96013
chr9	103847919	104047919	harbor2	chr9	103854154	103854384	SINE/MIR	606	+	115	103854269	6350
chr9	103847919	104047919	harbor2	chr9	103898811	103899035	SINE/MIR	889	+	112	103898923	51004
chr9	103847919	104047919	harbor2	chr9	103940315	103940454	SINE/MIR	486	+	70	103940385	92466
chr9	126572782	126772782	harbor2	chr9	126581653	126581859	SINE/MIR	528	+	103	126581756	8974
chr9	126572782	126772782	harbor2	chr9	126598967	126599095	SINE/MIR	557	+	64	126599031	26249
chr9	126572782	126772782	harbor2	chr9	126599484	126599589	SINE/MIR	557	+	52	126599536	26754
chr9	126572782	126772782	harbor2	chr9	126605924	126606147	SINE/MIR	588	+	112	126606036	33254
chr9	126572782	126772782	harbor2	chr9	126606381	126606554	SINE/MIR	532	+	86	126606467	33685
chr9	126572782	126772782	harbor2	chr9	126620262	126620426	SINE/MIR	510	+	82	126620344	47562
chr9	126572782	126772782	harbor2	chr9	126622800	126623019	SINE/MIR	450	+	110	126622910	50128
chr9	126572782	126772782	harbor2	chr9	126632009	126632189	SINE/MIR	561	+	90	126632099	59317
chr9	126572782	126772782	harbor2	chr9	126643341	126643542	SINE/MIR	548	+	100	126643441	70659
chr9	126572782	126772782	harbor2	chr9	126648440	126648630	SINE/MIR	519	+	95	126648535	75753
chr9	126572782	126772782	harbor2	chr9	126660438	126660674	SINE/MIR	874	+	118	126660556	87774
chr9	126572782	126772782	harbor2	chr9	126662065	126662325	SINE/MIR	653	+	130	126662195	89413
chr9	126572782	126772782	harbor2	chr9	126663006	126663124	SINE/MIR	409	+	59	126663065	90283
chr9	126572782	126772782	harbor2	chr9	126663454	126663652	SINE/MIR	745	+	99	126663553	90771
chr9	95314538	95514538	harbor2	chr9	95393574	95393832	SINE/MIR	681	+	129	95393703	79165
chr9	102450618	102650618	harbor2	chr9	102475940	102476086	SINE/MIR	467	+	73	102476013	25395
chr9	102450618	102650618	harbor2	chr9	102525872	102526100	SINE/MIR	602	+	114	102525986	75368
chr9	102450618	102650618	harbor2	chr9	102545081	102545273	SINE/MIR	513	+	96	102545177	94559
chr9	135185950	135385950	harbor2	chr9	135221598	135221791	SINE/MIR	416	+	96	135221694	35744
chr9	135185950	135385950	harbor2	chr9	135275206	135275431	SINE/MIR	414	+	112	135275318	89368
chr9	135185950	135385950	harbor2	chr9	135280515	135280652	SINE/MIR	435	+	68	135280583	94633
chr9	125107518	125307518	harbor2	chr9	125141685	125141925	SINE/MIR	952	+	120	125141805	34287
chr9	125107518	125307518	harbor2	chr9	125192881	125193106	SINE/MIR	574	+	112	125192993	85475
chr9	125107518	125307518	harbor2	chr9	125193422	125193457	SINE/MIR	574	+	18	125193440	85922
chr9	68654845	68854845	harbor2	chr9	68662533	68662670	SINE/MIR	437	+	68	68662601	7756
chr9	68654845	68854845	harbor2	chr9	68672720	68672961	SINE/MIR	733	+	120	68672840	17995
chr9	68654845	68854845	harbor2	chr9	68673968	68674146	SINE/MIR	426	+	89	68674057	19212
chr9	68654845	68854845	harbor2	chr9	68681816	68682008	SINE/MIR	680	+	96	68681912	27067
chr9	68654845	68854845	harbor2	chr9	68733993	68734159	SINE/MIR	467	+	83	68734076	79231
chr9	68654845	68854845	harbor2	chr9	68748951	68749086	SINE/MIR	535	+	68	68749019	94174
chr9	68654845	68854845	harbor2	chr9	68749922	68750126	SINE/MIR	878	+	102	68750024	95179
chr9	127783022	127983022	harbor2	chr9	127783462	127783706	SINE/MIR	460	+	122	127783584	562
chr9	127783022	127983022	harbor2	chr9	127784762	127784983	SINE/MIR	520	+	110	127784872	1850
chr9	127783022	127983022	harbor2	chr9	127795882	127796088	SINE/MIR	472	+	103	127795985	12963
chr9	127783022	127983022	harbor2	chr9	127796390	127796420	SINE/MIR	472	+	15	127796405	13383
chr9	127783022	127983022	harbor2	chr9	127800587	127800769	SINE/MIR	394	+	91	127800678	17656
chr9	127783022	127983022	harbor2	chr9	127809043	127809220	SINE/MIR	400	+	88	127809131	26109
chr9	127783022	127983022	harbor2	chr9	127836575	127836773	SINE/MIR	548	+	99	127836674	53652
chr9	127783022	127983022	harbor2	chr9	127841860	127842050	SINE/MIR	458	+	95	127841955	58933
chr9	127783022	127983022	harbor2	chr9	127845495	127845677	SINE/MIR	492	+	91	127845586	62564
chr9	127783022	127983022	harbor2	chr9	127846952	127847085	SINE/MIR	506	+	66	127847018	63996
chr9	127783022	127983022	harbor2	chr9	127849782	127850005	SINE/MIR	692	+	112	127849894	66872
chr9	127783022	127983022	harbor2	chr9	127855694	127855886	SINE/MIR	417	+	96	127855790	72768
chr9	111379637	111579637	harbor2	chr9	111397467	111397686	SINE/MIR	415	+	110	111397577	17940
chr9	111379637	111579637	harbor2	chr9	111408935	111409179	SINE/MIR	653	+	122	111409057	29420
chr9	111379637	111579637	harbor2	chr9	111435476	111435675	SINE/MIR	572	+	100	111435576	55939
chr9	111379637	111579637	harbor2	chr9	111448989	111449125	SINE/MIR	492	+	68	111449057	69420
chr9	63210422	63410422	harbor2	chr9	63275392	63275644	SINE/MIR	488	+	126	63275518	65096
chr9	115540471	115740471	harbor2	chr9	115551192	115551436	SINE/MIR	714	+	122	115551314	10843
chr9	115540471	115740471	harbor2	chr9	115551927	115552110	SINE/MIR	456	+	92	115552019	11548
chr9	115540471	115740471	harbor2	chr9	115592853	115593004	SINE/MIR	431	+	76	115592929	52458
chr9	115540471	115740471	harbor2	chr9	115608070	115608202	SINE/MIR	530	+	66	115608136	67665
chr9	115540471	115740471	harbor2	chr9	115631428	115631650	SINE/MIR	602	+	111	115631539	91068
chr9	42008266	42208266	harbor2	chr9	42017751	42017947	SINE/MIR	404	+	98	42017849	9583
chr9	42008266	42208266	harbor2	chr9	42018731	42018950	SINE/MIR	408	+	110	42018841	10575
chr9	42008266	42208266	harbor2	chr9	42035459	42035641	SINE/MIR	463	+	91	42035550	27284
chr9	42008266	42208266	harbor2	chr9	42055808	42056038	SINE/MIR	708	+	115	42055923	47657
chr9	117999149	118199149	harbor2	chr9	118020738	118020898	SINE/MIR	561	+	80	118020818	21669
chr9	117999149	118199149	harbor2	chr9	118030818	118030855	SINE/MIR	486	+	18	118030836	31687
chr9	117999149	118199149	harbor2	chr9	118031259	118031470	SINE/MIR	628	+	106	118031365	32216
chr9	117999149	118199149	harbor2	chr9	118046178	118046408	SINE/MIR	414	+	115	118046293	47144
chr9	117999149	118199149	harbor2	chr9	118083511	118083699	SINE/MIR	428	+	94	118083605	84456
chr9	117999149	118199149	harbor2	chr9	118088587	118088733	SINE/MIR	666	+	73	118088660	89511
chr9	105036724	105236724	harbor2	chr9	105065110	105065305	SINE/MIR	672	+	98	105065208	28484
chr9	105036724	105236724	harbor2	chr9	105066492	105066634	SINE/MIR	447	+	71	105066563	29839
chr9	105036724	105236724	harbor2	chr9	105094200	105094395	SINE/MIR	487	+	98	105094298	57574
chr9	105036724	105236724	harbor2	chr9	105094844	105094948	SINE/MIR	438	+	52	105094896	58172
chr9	105036724	105236724	harbor2	chr9	105097941	105098069	SINE/MIR	479	+	64	105098005	61281
chr9	105036724	105236724	harbor2	chr9	105115199	105115374	SINE/MIR	447	+	88	105115287	78563
chr9	105036724	105236724	harbor2	chr9	105119506	105119616	SINE/MIR	462	+	55	105119561	82837
chr9	105036724	105236724	harbor2	chr9	105119919	105120024	SINE/MIR	462	+	52	105119971	83247
chr9	105036724	105236724	harbor2	chr9	105120094	105120291	SINE/MIR	527	+	98	105120192	83468
chr9	65953297	66153297	harbor2	chr9	66023547	66023694	SINE/MIR	631	+	74	66023621	70324
chr9	65953297	66153297	harbor2	chr9	66023801	66024021	SINE/MIR	466	+	110	66023911	70614
chr9	65953297	66153297	harbor2	chr9	66046895	66047021	SINE/MIR	464	+	63	66046958	93661
chr9	65953297	66153297	harbor2	chr9	66048251	66048469	SINE/MIR	501	+	109	66048360	95063
chr9	27892714	28092714	harbor2	chr9	27905285	27905436	SINE/MIR	629	+	76	27905361	12647
chr9	27892714	28092714	harbor2	chr9	27905678	27905771	SINE/MIR	629	+	46	27905724	13010
chr9	27892714	28092714	harbor2	chr9	27950780	27951007	SINE/MIR	544	+	114	27950894	58180
chr9	27892714	28092714	harbor2	chr9	27965950	27966052	SINE/MIR	415	+	51	27966001	73287
chr9	27892714	28092714	harbor2	chr9	27975990	27976207	SINE/MIR	803	+	108	27976098	83384
chr9	27892714	28092714	harbor2	chr9	27982731	27982934	SINE/MIR	553	+	102	27982833	90119
chr9	99796057	99996057	harbor2	chr9	99804960	99805163	SINE/MIR	462	+	102	99805062	9005
chr9	99796057	99996057	harbor2	chr9	99830189	99830420	SINE/MIR	415	+	116	99830305	34248
chr9	99796057	99996057	harbor2	chr9	99834954	99835148	SINE/MIR	759	+	97	99835051	38994
chr9	99796057	99996057	harbor2	chr9	99842793	99842960	SINE/MIR	556	+	84	99842877	46820
chr9	99796057	99996057	harbor2	chr9	99844427	99844536	SINE/MIR	416	+	54	99844481	48424
chr9	99796057	99996057	harbor2	chr9	99850585	99850781	SINE/MIR	654	+	98	99850683	54626
chr9	99796057	99996057	harbor2	chr9	99852988	99853177	SINE/MIR	574	+	94	99853082	57025
chr9	99796057	99996057	harbor2	chr9	99858661	99858888	SINE/MIR	571	+	114	99858775	62718
chr9	99796057	99996057	harbor2	chr9	99876793	99876961	SINE/MIR	425	+	84	99876877	80820
chr9	111592584	111792584	harbor2	chr9	111600416	111600564	SINE/MIR	482	+	74	111600490	7906
chr9	111592584	111792584	harbor2	chr9	111691092	111691211	SINE/MIR	399	+	60	111691152	98568
chr9	123209294	123409294	harbor2	chr9	123219650	123219823	SINE/MIR	442	+	86	123219736	10442
chr9	123209294	123409294	harbor2	chr9	123221338	123221462	SINE/MIR	505	+	62	123221400	12106
chr9	123209294	123409294	harbor2	chr9	123237905	123238157	SINE/MIR	788	+	126	123238031	28737
chr9	123209294	123409294	harbor2	chr9	123247221	123247270	SINE/MIR	508	+	24	123247245	37951
chr9	123209294	123409294	harbor2	chr9	123247569	123247754	SINE/MIR	508	+	92	123247661	38367
chr9	123209294	123409294	harbor2	chr9	123251513	123251656	SINE/MIR	430	+	72	123251585	42291
chr9	123209294	123409294	harbor2	chr9	123269135	123269333	SINE/MIR	569	+	99	123269234	59940
chr9	123209294	123409294	harbor2	chr9	123270358	123270542	SINE/MIR	555	+	92	123270450	61156
chr9	123209294	123409294	harbor2	chr9	123291680	123291844	SINE/MIR	467	+	82	123291762	82468
chr9	123209294	123409294	harbor2	chr9	123292270	123292471	SINE/MIR	484	+	100	123292370	83076
chr9	107405664	107605664	harbor2	chr9	107407260	107407501	SINE/MIR	550	+	120	107407380	1716
chr9	107405664	107605664	harbor2	chr9	107419855	107420021	SINE/MIR	483	+	83	107419938	14274
chr9	107405664	107605664	harbor2	chr9	107428614	107428791	SINE/MIR	513	+	88	107428702	23038
chr9	107405664	107605664	harbor2	chr9	107431880	107431916	SINE/MIR	617	+	18	107431898	26234
chr9	107405664	107605664	harbor2	chr9	107432518	107432670	SINE/MIR	617	+	76	107432594	26930
chr9	107405664	107605664	harbor2	chr9	107439554	107439679	SINE/MIR	395	+	62	107439616	33952
chr9	107405664	107605664	harbor2	chr9	107468856	107469099	SINE/MIR	715	+	122	107468978	63314
chr9	107405664	107605664	harbor2	chr9	107471456	107471644	SINE/MIR	417	+	94	107471550	65886
chr9	107405664	107605664	harbor2	chr9	107494138	107494360	SINE/MIR	605	+	111	107494249	88585
chr9	107405664	107605664	harbor2	chr9	107498109	107498308	SINE/MIR	481	+	100	107498209	92545
chr9	120238344	120438344	harbor2	chr9	120248822	120248997	SINE/MIR	519	+	88	120248910	10566
chr9	120238344	120438344	harbor2	chr9	120266560	120266702	SINE/MIR	395	+	71	120266631	28287
chr9	120238344	120438344	harbor2	chr9	120279822	120279979	SINE/MIR	572	+	78	120279900	41556
chr9	120238344	120438344	harbor2	chr9	120287350	120287559	SINE/MIR	741	+	104	120287454	49110
chr9	120238344	120438344	harbor2	chr9	120289434	120289643	SINE/MIR	420	+	104	120289538	51194
chr9	120238344	120438344	harbor2	chr9	120290681	120290845	SINE/MIR	409	+	82	120290763	52419
chr9	120238344	120438344	harbor2	chr9	120296492	120296708	SINE/MIR	773	+	108	120296600	58256
chr9	120238344	120438344	harbor2	chr9	120300320	120300582	SINE/MIR	603	+	131	120300451	62107
chr9	120238344	120438344	harbor2	chr9	120309834	120309941	SINE/MIR	446	+	54	120309888	71544
chr9	120238344	120438344	harbor2	chr9	120318528	120318706	SINE/MIR	506	+	89	120318617	80273
chr9	120238344	120438344	harbor2	chr9	120320149	120320248	SINE/MIR	491	+	50	120320199	81855
chr9	120238344	120438344	harbor2	chr9	120320626	120320718	SINE/MIR	491	+	46	120320672	82328
chr9	120238344	120438344	harbor2	chr9	120323253	120323479	SINE/MIR	789	+	113	120323366	85022
chr9	134311443	134511443	harbor2	chr9	134337411	134337524	SINE/MIR	397	+	56	134337467	26024
chr9	126546276	126746276	harbor2	chr9	126581653	126581859	SINE/MIR	528	+	103	126581756	35480
chr9	126546276	126746276	harbor2	chr9	126598967	126599095	SINE/MIR	557	+	64	126599031	52755
chr9	126546276	126746276	harbor2	chr9	126599484	126599589	SINE/MIR	557	+	52	126599536	53260
chr9	126546276	126746276	harbor2	chr9	126605924	126606147	SINE/MIR	588	+	112	126606036	59760
chr9	126546276	126746276	harbor2	chr9	126606381	126606554	SINE/MIR	532	+	86	126606467	60191
chr9	126546276	126746276	harbor2	chr9	126620262	126620426	SINE/MIR	510	+	82	126620344	74068
chr9	126546276	126746276	harbor2	chr9	126622800	126623019	SINE/MIR	450	+	110	126622910	76634
chr9	126546276	126746276	harbor2	chr9	126632009	126632189	SINE/MIR	561	+	90	126632099	85823
chr9	126546276	126746276	harbor2	chr9	126643341	126643542	SINE/MIR	548	+	100	126643441	97165
chr9	114369103	114569103	harbor2	chr9	114371263	114371376	SINE/MIR	552	+	56	114371319	2216
chr9	114369103	114569103	harbor2	chr9	114379138	114379388	SINE/MIR	489	+	125	114379263	10160
chr9	114369103	114569103	harbor2	chr9	114381520	114381655	SINE/MIR	458	+	68	114381588	12485
chr9	114369103	114569103	harbor2	chr9	114381949	114382038	SINE/MIR	458	+	44	114381993	12890
chr9	114369103	114569103	harbor2	chr9	114389423	114389635	SINE/MIR	608	+	106	114389529	20426
chr9	114369103	114569103	harbor2	chr9	114392407	114392630	SINE/MIR	629	+	112	114392519	23416
chr9	114369103	114569103	harbor2	chr9	114404645	114404819	SINE/MIR	469	+	87	114404732	35629
chr9	114369103	114569103	harbor2	chr9	114405378	114405511	SINE/MIR	643	+	66	114405444	36341
chr9	114369103	114569103	harbor2	chr9	114419118	114419362	SINE/MIR	837	+	122	114419240	50137
chr9	114369103	114569103	harbor2	chr9	114431149	114431339	SINE/MIR	412	+	95	114431244	62141
chr9	114369103	114569103	harbor2	chr9	114432517	114432739	SINE/MIR	757	+	111	114432628	63525
chr9	114369103	114569103	harbor2	chr9	114447264	114447472	SINE/MIR	605	+	104	114447368	78265
chr9	114369103	114569103	harbor2	chr9	114451253	114451498	SINE/MIR	519	+	122	114451375	82272
chr9	114369103	114569103	harbor2	chr9	114451799	114452022	SINE/MIR	889	+	112	114451911	82808
chr9	114369103	114569103	harbor2	chr9	114460261	114460453	SINE/MIR	655	+	96	114460357	91254
chr9	114369103	114569103	harbor2	chr9	114462650	114462881	SINE/MIR	431	+	116	114462766	93663
chr9	114369103	114569103	harbor2	chr9	114463869	114463989	SINE/MIR	485	+	60	114463929	94826
chr9	114369103	114569103	harbor2	chr9	114464123	114464254	SINE/MIR	485	+	66	114464189	95086
chr9	114369103	114569103	harbor2	chr9	114465641	114465878	SINE/MIR	798	+	118	114465759	96656
chr9	114369103	114569103	harbor2	chr9	114468056	114468279	SINE/MIR	745	+	112	114468168	99065
chr9	114369103	114569103	harbor2	chr9	114468933	114469164	SINE/MIR	740	+	116	114469049	99946
chr9	112736080	112936080	harbor2	chr9	112759754	112759954	SINE/MIR	628	+	100	112759854	23774
chr9	112736080	112936080	harbor2	chr9	112773133	112773306	SINE/MIR	484	+	86	112773219	37139
chr9	112736080	112936080	harbor2	chr9	112783238	112783448	SINE/MIR	428	+	105	112783343	47263
chr9	133812119	134012119	harbor2	chr9	133822870	133823038	SINE/MIR	532	+	84	133822954	10835
chr9	133812119	134012119	harbor2	chr9	133831815	133832028	SINE/MIR	616	+	106	133831921	19802
chr9	133812119	134012119	harbor2	chr9	133836984	133837200	SINE/MIR	639	+	108	133837092	24973
chr9	133812119	134012119	harbor2	chr9	133847633	133847811	SINE/MIR	489	+	89	133847722	35603
chr9	102594210	102794210	harbor2	chr9	102649628	102649794	SINE/MIR	453	+	83	102649711	55501
chr9	102594210	102794210	harbor2	chr9	102670207	102670440	SINE/MIR	711	+	116	102670323	76113
chr9	102594210	102794210	harbor2	chr9	102671866	102672073	SINE/MIR	493	+	104	102671970	77760
chr9	73622977	73822977	harbor2	chr9	73648155	73648322	SINE/MIR	425	+	84	73648239	25262
chr9	135336313	135536313	harbor2	chr9	135360007	135360156	SINE/MIR	588	+	74	135360081	23768
chr9	95783267	95983267	harbor2	chr9	95876251	95876455	SINE/MIR	452	+	102	95876353	93086
chr9	124163345	124363345	harbor2	chr9	124183386	124183646	SINE/MIR	567	+	130	124183516	20171
chr9	124163345	124363345	harbor2	chr9	124184541	124184735	SINE/MIR	473	+	97	124184638	21293
chr9	124163345	124363345	harbor2	chr9	124202374	124202482	SINE/MIR	458	+	54	124202428	39083
chr9	124163345	124363345	harbor2	chr9	124213986	124214189	SINE/MIR	834	+	102	124214088	50743
chr9	124163345	124363345	harbor2	chr9	124219252	124219472	SINE/MIR	525	+	110	124219362	56017
chr9	124163345	124363345	harbor2	chr9	124219633	124219724	SINE/MIR	397	+	46	124219679	56334
chr9	124163345	124363345	harbor2	chr9	124220326	124220407	SINE/MIR	397	+	40	124220366	57021
chr9	124163345	124363345	harbor2	chr9	124240237	124240392	SINE/MIR	571	+	78	124240315	76970
chr9	124163345	124363345	harbor2	chr9	124244220	124244328	SINE/MIR	634	+	54	124244274	80929
chr9	124163345	124363345	harbor2	chr9	124244639	124244653	SINE/MIR	634	+	7	124244646	81301
chr9	124163345	124363345	harbor2	chr9	124244964	124245117	SINE/MIR	634	+	76	124245040	81695
chr9	124163345	124363345	harbor2	chr9	124255312	124255495	SINE/MIR	465	+	92	124255404	92059
chr9	135030113	135230113	harbor2	chr9	135062160	135062383	SINE/MIR	427	+	112	135062272	32159
chr9	135030113	135230113	harbor2	chr9	135093295	135093551	SINE/MIR	683	+	128	135093423	63310
chr9	114675553	114875553	harbor2	chr9	114681463	114681605	SINE/MIR	496	+	71	114681534	5981
chr9	114675553	114875553	harbor2	chr9	114684867	114685081	SINE/MIR	539	+	107	114684974	9421
chr9	114675553	114875553	harbor2	chr9	114692912	114693111	SINE/MIR	402	+	100	114693012	17459
chr9	114675553	114875553	harbor2	chr9	114736591	114736808	SINE/MIR	717	+	108	114736699	61146
chr9	114675553	114875553	harbor2	chr9	114738774	114738969	SINE/MIR	528	+	98	114738872	63319
chr9	114675553	114875553	harbor2	chr9	114747096	114747207	SINE/MIR	410	+	56	114747152	71599
chr9	133433643	133633643	harbor2	chr9	133455041	133455239	SINE/MIR	441	+	99	133455140	21497
chr9	133433643	133633643	harbor2	chr9	133477590	133477790	SINE/MIR	586	+	100	133477690	44047
chr9	133433643	133633643	harbor2	chr9	133497593	133497812	SINE/MIR	699	+	110	133497703	64060
chr9	133433643	133633643	harbor2	chr9	133520366	133520545	SINE/MIR	465	+	90	133520456	86813
chr9	132748336	132948336	harbor2	chr9	132835539	132835705	SINE/MIR	401	+	83	132835622	87286
chr9	132748336	132948336	harbor2	chr9	132836312	132836363	SINE/MIR	401	+	26	132836338	88002
chr9	132748336	132948336	harbor2	chr9	132836825	132836959	SINE/MIR	420	+	67	132836892	88556
chr9	132748336	132948336	harbor2	chr9	132844922	132845056	SINE/MIR	405	+	67	132844989	96653
chr9	124274319	124474319	harbor2	chr9	124285749	124285953	SINE/MIR	754	+	102	124285851	11532
chr9	124274319	124474319	harbor2	chr9	124287309	124287537	SINE/MIR	494	+	114	124287423	13104
chr9	124274319	124474319	harbor2	chr9	124293153	124293365	SINE/MIR	597	+	106	124293259	18940
chr9	124274319	124474319	harbor2	chr9	124295520	124295743	SINE/MIR	470	+	112	124295632	21313
chr9	124274319	124474319	harbor2	chr9	124297999	124298166	SINE/MIR	484	+	84	124298083	23764
chr9	124274319	124474319	harbor2	chr9	124298700	124298908	SINE/MIR	768	+	104	124298804	24485
chr9	124274319	124474319	harbor2	chr9	124301725	124301884	SINE/MIR	459	+	80	124301805	27486
chr9	124274319	124474319	harbor2	chr9	124304347	124304587	SINE/MIR	722	+	120	124304467	30148
chr9	124274319	124474319	harbor2	chr9	124310090	124310338	SINE/MIR	530	+	124	124310214	35895
chr9	124274319	124474319	harbor2	chr9	124315817	124316000	SINE/MIR	437	+	92	124315909	41590
chr9	124274319	124474319	harbor2	chr9	124338649	124338831	SINE/MIR	479	+	91	124338740	64421
chr9	124274319	124474319	harbor2	chr9	124348513	124348638	SINE/MIR	492	+	62	124348575	74256
chr9	124274319	124474319	harbor2	chr9	124351689	124351931	SINE/MIR	605	+	121	124351810	77491
chr9	124274319	124474319	harbor2	chr9	124360709	124360927	SINE/MIR	726	+	109	124360818	86499
chr9	124274319	124474319	harbor2	chr9	124367585	124367837	SINE/MIR	501	+	126	124367711	93392
chr9	117903973	118103973	harbor2	chr9	117919102	117919359	SINE/MIR	508	+	128	117919230	15257
chr9	117903973	118103973	harbor2	chr9	117958222	117958409	SINE/MIR	612	+	94	117958316	54343
chr9	117903973	118103973	harbor2	chr9	117964296	117964469	SINE/MIR	416	+	86	117964382	60409
chr9	117903973	118103973	harbor2	chr9	117981216	117981365	SINE/MIR	542	+	74	117981290	77317
chr9	117903973	118103973	harbor2	chr9	117988093	117988300	SINE/MIR	441	+	104	117988197	84224
chr9	138282578	138482578	harbor2	chr9	138317951	138318082	SINE/MIR	415	+	66	138318017	35439
chr9	125247298	125447298	harbor2	chr9	125247398	125247549	SINE/MIR	534	+	76	125247474	176
chr9	125247298	125447298	harbor2	chr9	125247841	125247903	SINE/MIR	534	+	31	125247872	574
chr9	125247298	125447298	harbor2	chr9	125340347	125340603	SINE/MIR	591	+	128	125340475	93177
chr9	125247298	125447298	harbor2	chr9	125345641	125345810	SINE/MIR	703	+	84	125345725	98427
chr9	67109652	67309652	harbor2	chr9	67136640	67136834	SINE/MIR	655	+	97	67136737	27085
chr9	119665161	119865161	harbor2	chr9	119675358	119675575	SINE/MIR	665	+	108	119675466	10305
chr9	119665161	119865161	harbor2	chr9	119679752	119679959	SINE/MIR	465	+	104	119679856	14695
chr9	119665161	119865161	harbor2	chr9	119682626	119682789	SINE/MIR	433	+	82	119682708	17547
chr9	119665161	119865161	harbor2	chr9	119701282	119701498	SINE/MIR	599	+	108	119701390	36229
chr9	119665161	119865161	harbor2	chr9	119704028	119704267	SINE/MIR	706	+	120	119704148	38987
chr9	119665161	119865161	harbor2	chr9	119711405	119711635	SINE/MIR	401	+	115	119711520	46359
chr9	119665161	119865161	harbor2	chr9	119713940	119714185	SINE/MIR	803	+	122	119714062	48901
chr9	119665161	119865161	harbor2	chr9	119719014	119719219	SINE/MIR	449	+	102	119719116	53955
chr9	119665161	119865161	harbor2	chr9	119737530	119737729	SINE/MIR	557	+	100	119737630	72469
chr9	119665161	119865161	harbor2	chr9	119743362	119743498	SINE/MIR	479	+	68	119743430	78269
chr9	119665161	119865161	harbor2	chr9	119746600	119746835	SINE/MIR	400	+	118	119746718	81557
chr9	119665161	119865161	harbor2	chr9	119751503	119751710	SINE/MIR	458	+	104	119751607	86446
chr9	119665161	119865161	harbor2	chr9	119760040	119760271	SINE/MIR	605	+	116	119760156	94995
chr9	119665161	119865161	harbor2	chr9	119764213	119764359	SINE/MIR	613	+	73	119764286	99125
chr9	97263539	97463539	harbor2	chr9	97292792	97293006	SINE/MIR	729	+	107	97292899	29360
chr9	97263539	97463539	harbor2	chr9	97296937	97297141	SINE/MIR	543	+	102	97297039	33500
chr9	97263539	97463539	harbor2	chr9	97320516	97320715	SINE/MIR	409	+	100	97320616	57077
chr9	93492769	93692769	harbor2	chr9	93549261	93549444	SINE/MIR	489	+	92	93549353	56584
chr9	79001458	79201458	harbor2	chr9	79023498	79023754	SINE/MIR	908	+	128	79023626	22168
chr9	79001458	79201458	harbor2	chr9	79077763	79077897	SINE/MIR	450	+	67	79077830	76372
chr9	136478925	136678925	harbor2	chr9	136488609	136488725	SINE/MIR	397	+	58	136488667	9742
chr9	127452094	127652094	harbor2	chr9	127455771	127456028	SINE/MIR	527	+	128	127455899	3805
chr9	127452094	127652094	harbor2	chr9	127486606	127486836	SINE/MIR	540	+	115	127486721	34627
chr9	127452094	127652094	harbor2	chr9	127490583	127490769	SINE/MIR	696	+	93	127490676	38582
chr9	127452094	127652094	harbor2	chr9	127494334	127494528	SINE/MIR	448	+	97	127494431	42337
chr9	127452094	127652094	harbor2	chr9	127509332	127509530	SINE/MIR	511	+	99	127509431	57337
chr9	127452094	127652094	harbor2	chr9	127539833	127540041	SINE/MIR	662	+	104	127539937	87843
chr9	127452094	127652094	harbor2	chr9	127547106	127547244	SINE/MIR	440	+	69	127547175	95081
chr9	110380798	110580798	harbor2	chr9	110445448	110445665	SINE/MIR	629	+	108	110445556	64758
chr9	110380798	110580798	harbor2	chr9	110470931	110471103	SINE/MIR	451	+	86	110471017	90219
chr9	110380798	110580798	harbor2	chr9	110472911	110473113	SINE/MIR	545	+	101	110473012	92214
chr9	135155490	135355490	harbor2	chr9	135221598	135221791	SINE/MIR	416	+	96	135221694	66204
chr9	127901835	128101835	harbor2	chr9	127908726	127908899	SINE/MIR	406	+	86	127908812	6977
chr9	127901835	128101835	harbor2	chr9	127913174	127913295	SINE/MIR	478	+	60	127913234	11399
chr9	127901835	128101835	harbor2	chr9	127921496	127921682	SINE/MIR	578	+	93	127921589	19754
chr9	127901835	128101835	harbor2	chr9	127926782	127927001	SINE/MIR	479	+	110	127926892	25057
chr9	127901835	128101835	harbor2	chr9	127930100	127930254	SINE/MIR	473	+	77	127930177	28342
chr9	127901835	128101835	harbor2	chr9	127937222	127937380	SINE/MIR	429	+	79	127937301	35466
chr9	127901835	128101835	harbor2	chr9	127948491	127948695	SINE/MIR	447	+	102	127948593	46758
chr9	127901835	128101835	harbor2	chr9	127976191	127976427	SINE/MIR	495	+	118	127976309	74474
chr9	127901835	128101835	harbor2	chr9	127990674	127990831	SINE/MIR	429	+	78	127990752	88917
chr9	130773987	130973987	harbor2	chr9	130799480	130799681	SINE/MIR	429	+	100	130799580	25593
chr9	130773987	130973987	harbor2	chr9	130826013	130826127	SINE/MIR	435	+	57	130826070	52083
chr9	130773987	130973987	harbor2	chr9	130833988	130834233	SINE/MIR	512	+	122	130834110	60123
chr9	130773987	130973987	harbor2	chr9	130839646	130839779	SINE/MIR	407	+	66	130839712	65725
chr9	130773987	130973987	harbor2	chr9	130839888	130840099	SINE/MIR	504	+	106	130839994	66007
chr9	135154561	135354561	harbor2	chr9	135221598	135221791	SINE/MIR	416	+	96	135221694	67133
chr9	124166574	124366574	harbor2	chr9	124183386	124183646	SINE/MIR	567	+	130	124183516	16942
chr9	124166574	124366574	harbor2	chr9	124184541	124184735	SINE/MIR	473	+	97	124184638	18064
chr9	124166574	124366574	harbor2	chr9	124202374	124202482	SINE/MIR	458	+	54	124202428	35854
chr9	124166574	124366574	harbor2	chr9	124213986	124214189	SINE/MIR	834	+	102	124214088	47514
chr9	124166574	124366574	harbor2	chr9	124219252	124219472	SINE/MIR	525	+	110	124219362	52788
chr9	124166574	124366574	harbor2	chr9	124219633	124219724	SINE/MIR	397	+	46	124219679	53105
chr9	124166574	124366574	harbor2	chr9	124220326	124220407	SINE/MIR	397	+	40	124220366	53792
chr9	124166574	124366574	harbor2	chr9	124240237	124240392	SINE/MIR	571	+	78	124240315	73741
chr9	124166574	124366574	harbor2	chr9	124244220	124244328	SINE/MIR	634	+	54	124244274	77700
chr9	124166574	124366574	harbor2	chr9	124244639	124244653	SINE/MIR	634	+	7	124244646	78072
chr9	124166574	124366574	harbor2	chr9	124244964	124245117	SINE/MIR	634	+	76	124245040	78466
chr9	124166574	124366574	harbor2	chr9	124255312	124255495	SINE/MIR	465	+	92	124255404	88830
chr9	113241042	113441042	harbor2	chr9	113303608	113303809	SINE/MIR	577	+	100	113303708	62666
chr9	113241042	113441042	harbor2	chr9	113310462	113310681	SINE/MIR	461	+	110	113310572	69530
chr9	113241042	113441042	harbor2	chr9	113313556	113313702	SINE/MIR	569	+	73	113313629	72587
chr9	113241042	113441042	harbor2	chr9	113319378	113319561	SINE/MIR	768	+	92	113319470	78428
chr9	113241042	113441042	harbor2	chr9	113335686	113335843	SINE/MIR	403	+	78	113335764	94722
chr9	113241042	113441042	harbor2	chr9	113337168	113337263	SINE/MIR	438	+	48	113337216	96174
chr9	132839864	133039864	harbor2	chr9	132844922	132845056	SINE/MIR	405	+	67	132844989	5125
chr9	132839864	133039864	harbor2	chr9	132879358	132879561	SINE/MIR	395	+	102	132879460	39596
chr9	132839864	133039864	harbor2	chr9	132884287	132884405	SINE/MIR	445	+	59	132884346	44482
chr9	132839864	133039864	harbor2	chr9	132935367	132935582	SINE/MIR	594	+	108	132935475	95611
chr9	79641870	79841870	harbor2	chr9	79677038	79677228	SINE/MIR	394	+	95	79677133	35263
chr9	79641870	79841870	harbor2	chr9	79683724	79683890	SINE/MIR	393	+	83	79683807	41937
chr9	79641870	79841870	harbor2	chr9	79711907	79712126	SINE/MIR	418	+	110	79712017	70147
chr9	121854484	122054484	harbor2	chr9	121855999	121856082	SINE/MIR	619	+	42	121856041	1557
chr9	121854484	122054484	harbor2	chr9	121856373	121856554	SINE/MIR	619	+	90	121856463	1979
chr9	121854484	122054484	harbor2	chr9	121857326	121857567	SINE/MIR	500	+	120	121857446	2962
chr9	121854484	122054484	harbor2	chr9	121858370	121858505	SINE/MIR	502	+	68	121858438	3954
chr9	121854484	122054484	harbor2	chr9	121859024	121859187	SINE/MIR	397	+	82	121859106	4622
chr9	121854484	122054484	harbor2	chr9	121861051	121861087	SINE/MIR	491	+	18	121861069	6585
chr9	121854484	122054484	harbor2	chr9	121861377	121861485	SINE/MIR	491	+	54	121861431	6947
chr9	121854484	122054484	harbor2	chr9	121862207	121862445	SINE/MIR	703	+	119	121862326	7842
chr9	121854484	122054484	harbor2	chr9	121864454	121864663	SINE/MIR	397	+	104	121864558	10074
chr9	121854484	122054484	harbor2	chr9	121878905	121879126	SINE/MIR	727	+	110	121879015	24531
chr9	121854484	122054484	harbor2	chr9	121881884	121882110	SINE/MIR	865	+	113	121881997	27513
chr9	121854484	122054484	harbor2	chr9	121883185	121883379	SINE/MIR	487	+	97	121883282	28798
chr9	121854484	122054484	harbor2	chr9	121883848	121884091	SINE/MIR	735	+	122	121883970	29486
chr9	121854484	122054484	harbor2	chr9	121903435	121903621	SINE/MIR	651	+	93	121903528	49044
chr9	121854484	122054484	harbor2	chr9	121908157	121908340	SINE/MIR	444	+	92	121908249	53765
chr9	86412780	86612780	harbor2	chr9	86461311	86461498	SINE/MIR	532	+	94	86461405	48625
chr9	86412780	86612780	harbor2	chr9	86481923	86482112	SINE/MIR	568	+	94	86482017	69237
chr9	86412780	86612780	harbor2	chr9	86504420	86504625	SINE/MIR	396	+	102	86504522	91742
chr9	109742329	109942329	harbor2	chr9	109763324	109763527	SINE/MIR	650	+	102	109763426	21097
chr9	109742329	109942329	harbor2	chr9	109765254	109765410	SINE/MIR	412	+	78	109765332	23003
chr9	109742329	109942329	harbor2	chr9	109768648	109768819	SINE/MIR	677	+	86	109768734	26405
chr9	109742329	109942329	harbor2	chr9	109832248	109832468	SINE/MIR	539	+	110	109832358	90029
chr9	101131497	101331497	harbor2	chr9	101131790	101132021	SINE/MIR	947	+	116	101131906	409
chr9	101131497	101331497	harbor2	chr9	101133812	101134034	SINE/MIR	692	+	111	101133923	2426
chr9	101131497	101331497	harbor2	chr9	101160218	101160403	SINE/MIR	398	+	92	101160310	28813
chr9	101131497	101331497	harbor2	chr9	101161472	101161681	SINE/MIR	598	+	104	101161576	30079
chr9	101131497	101331497	harbor2	chr9	101161962	101162207	SINE/MIR	504	+	122	101162084	30587
chr9	101131497	101331497	harbor2	chr9	101164152	101164342	SINE/MIR	727	+	95	101164247	32750
chr9	101131497	101331497	harbor2	chr9	101192378	101192517	SINE/MIR	484	+	70	101192448	60951
chr9	101131497	101331497	harbor2	chr9	101201451	101201673	SINE/MIR	501	+	111	101201562	70065
chr9	101131497	101331497	harbor2	chr9	101203365	101203568	SINE/MIR	424	+	102	101203467	71970
chr9	101131497	101331497	harbor2	chr9	101218459	101218626	SINE/MIR	527	+	84	101218543	87046
chr9	115084853	115284853	harbor2	chr9	115093971	115094198	SINE/MIR	557	+	114	115094085	9232
chr9	115084853	115284853	harbor2	chr9	115097106	115097367	SINE/MIR	627	+	130	115097236	12383
chr9	115084853	115284853	harbor2	chr9	115114704	115114890	SINE/MIR	393	+	93	115114797	29944
chr9	115084853	115284853	harbor2	chr9	115132112	115132327	SINE/MIR	683	+	108	115132220	47367
chr9	115084853	115284853	harbor2	chr9	115159575	115159743	SINE/MIR	401	+	84	115159659	74806
chr9	115084853	115284853	harbor2	chr9	115171335	115171469	SINE/MIR	456	+	67	115171402	86549
chr9	115084853	115284853	harbor2	chr9	115171595	115171803	SINE/MIR	508	+	104	115171699	86846
chr9	115084853	115284853	harbor2	chr9	115181085	115181271	SINE/MIR	462	+	93	115181178	96325
chr9	126275475	126475475	harbor2	chr9	126284459	126284596	SINE/MIR	435	+	68	126284527	9052
chr9	126275475	126475475	harbor2	chr9	126299290	126299438	SINE/MIR	467	+	74	126299364	23889
chr9	126275475	126475475	harbor2	chr9	126299866	126300011	SINE/MIR	628	+	72	126299938	24463
chr9	126275475	126475475	harbor2	chr9	126306357	126306564	SINE/MIR	866	+	104	126306461	30986
chr9	126275475	126475475	harbor2	chr9	126310222	126310359	SINE/MIR	467	+	68	126310290	34815
chr9	126275475	126475475	harbor2	chr9	126310662	126310764	SINE/MIR	467	+	51	126310713	35238
chr9	126275475	126475475	harbor2	chr9	126319408	126319651	SINE/MIR	565	+	122	126319530	44055
chr9	126275475	126475475	harbor2	chr9	126328466	126328706	SINE/MIR	775	+	120	126328586	53111
chr9	126275475	126475475	harbor2	chr9	126329110	126329327	SINE/MIR	550	+	108	126329218	53743
chr9	126275475	126475475	harbor2	chr9	126353445	126353587	SINE/MIR	585	+	71	126353516	78041
chr9	79981518	80181518	harbor2	chr9	79984692	79984901	SINE/MIR	750	+	104	79984796	3278
chr9	79981518	80181518	harbor2	chr9	80047720	80047962	SINE/MIR	588	+	121	80047841	66323
chr9	79981518	80181518	harbor2	chr9	80073134	80073350	SINE/MIR	461	+	108	80073242	91724
chr9	136664701	136864701	harbor2	chr9	136758564	136758671	SINE/MIR	462	+	54	136758618	93917
chr9	136664701	136864701	harbor2	chr9	136758981	136759024	SINE/MIR	462	+	22	136759003	94302
chr9	120489848	120689848	harbor2	chr9	120503557	120503760	SINE/MIR	465	+	102	120503659	13811
chr9	120489848	120689848	harbor2	chr9	120524016	120524261	SINE/MIR	769	+	122	120524138	34290
chr9	120489848	120689848	harbor2	chr9	120524279	120524358	SINE/MIR	410	+	40	120524319	34471
chr9	120489848	120689848	harbor2	chr9	120524653	120524757	SINE/MIR	410	+	52	120524705	34857
chr9	120489848	120689848	harbor2	chr9	120525177	120525373	SINE/MIR	621	+	98	120525275	35427
chr9	120489848	120689848	harbor2	chr9	120528458	120528648	SINE/MIR	684	+	95	120528553	38705
chr9	120489848	120689848	harbor2	chr9	120537171	120537310	SINE/MIR	546	+	70	120537241	47393
chr9	120489848	120689848	harbor2	chr9	120537576	120537852	SINE/MIR	508	+	138	120537714	47866
chr9	120489848	120689848	harbor2	chr9	120540609	120540771	SINE/MIR	403	+	81	120540690	50842
chr9	120489848	120689848	harbor2	chr9	120549480	120549677	SINE/MIR	485	+	98	120549578	59730
chr9	120489848	120689848	harbor2	chr9	120554430	120554620	SINE/MIR	393	+	95	120554525	64677
chr9	120489848	120689848	harbor2	chr9	120560115	120560321	SINE/MIR	560	+	103	120560218	70370
chr9	120489848	120689848	harbor2	chr9	120567758	120567999	SINE/MIR	566	+	120	120567878	78030
chr9	120489848	120689848	harbor2	chr9	120582153	120582233	SINE/MIR	397	+	40	120582193	92345
chr9	120489848	120689848	harbor2	chr9	120582531	120582621	SINE/MIR	397	+	45	120582576	92728
chr9	71124876	71324876	harbor2	chr9	71127472	71127657	SINE/MIR	489	+	92	71127564	2688
chr9	71124876	71324876	harbor2	chr9	71127737	71127990	SINE/MIR	728	+	126	71127863	2987
chr9	71124876	71324876	harbor2	chr9	71156181	71156376	SINE/MIR	456	+	98	71156279	31403
chr9	71124876	71324876	harbor2	chr9	71156422	71156473	SINE/MIR	456	+	26	71156448	31572
chr9	71124876	71324876	harbor2	chr9	71165106	71165335	SINE/MIR	899	+	114	71165220	40344
chr9	71124876	71324876	harbor2	chr9	71188749	71188908	SINE/MIR	510	+	80	71188829	63953
chr9	71124876	71324876	harbor2	chr9	71202696	71202886	SINE/MIR	572	+	95	71202791	77915
chr9	71124876	71324876	harbor2	chr9	71203176	71203322	SINE/MIR	430	+	73	71203249	78373
chr9	71124876	71324876	harbor2	chr9	71203545	71203780	SINE/MIR	1043	+	118	71203663	78787
chr9	77807952	78007952	harbor2	chr9	77810292	77810551	SINE/MIR	831	+	130	77810422	2470
chr9	77807952	78007952	harbor2	chr9	77819832	77820064	SINE/MIR	411	+	116	77819948	11996
chr9	77807952	78007952	harbor2	chr9	77820723	77820919	SINE/MIR	594	+	98	77820821	12869
chr9	77807952	78007952	harbor2	chr9	77826590	77826821	SINE/MIR	546	+	116	77826706	18754
chr9	77807952	78007952	harbor2	chr9	77853246	77853426	SINE/MIR	409	+	90	77853336	45384
chr9	84999112	85199112	harbor2	chr9	85044179	85044407	SINE/MIR	400	+	114	85044293	45181
chr9	84999112	85199112	harbor2	chr9	85078996	85079109	SINE/MIR	426	+	56	85079052	79940
chr9	84999112	85199112	harbor2	chr9	85079731	85079816	SINE/MIR	426	+	42	85079773	80661
chr9	84999112	85199112	harbor2	chr9	85081235	85081433	SINE/MIR	663	+	99	85081334	82222
chr9	84999112	85199112	harbor2	chr9	85089896	85089977	SINE/MIR	393	+	40	85089936	90824
chr9	127315677	127515677	harbor2	chr9	127329718	127329902	SINE/MIR	407	+	92	127329810	14133
chr9	127315677	127515677	harbor2	chr9	127338500	127338726	SINE/MIR	615	+	113	127338613	22936
chr9	127315677	127515677	harbor2	chr9	127352170	127352387	SINE/MIR	508	+	108	127352278	36601
chr9	127315677	127515677	harbor2	chr9	127356699	127356892	SINE/MIR	457	+	96	127356795	41118
chr9	127315677	127515677	harbor2	chr9	127382983	127383243	SINE/MIR	935	+	130	127383113	67436
chr9	127315677	127515677	harbor2	chr9	127398646	127398812	SINE/MIR	418	+	83	127398729	83052
chr9	127315677	127515677	harbor2	chr9	127400788	127400812	SINE/MIR	449	+	12	127400800	85123
chr9	127315677	127515677	harbor2	chr9	127401114	127401295	SINE/MIR	449	+	90	127401204	85527
chr9	127315677	127515677	harbor2	chr9	127404360	127404509	SINE/MIR	425	+	74	127404434	88757
chr9	127315677	127515677	harbor2	chr9	127405869	127406028	SINE/MIR	411	+	80	127405949	90272
chr9	127315677	127515677	harbor2	chr9	127320032	127320224	SINE/MIR	571	+	96	127320128	4451
chr9	123174661	123374661	harbor2	chr9	123175956	123176154	SINE/MIR	671	+	99	123176055	1394
chr9	123174661	123374661	harbor2	chr9	123219650	123219823	SINE/MIR	442	+	86	123219736	45075
chr9	123174661	123374661	harbor2	chr9	123221338	123221462	SINE/MIR	505	+	62	123221400	46739
chr9	123174661	123374661	harbor2	chr9	123237905	123238157	SINE/MIR	788	+	126	123238031	63370
chr9	123174661	123374661	harbor2	chr9	123247221	123247270	SINE/MIR	508	+	24	123247245	72584
chr9	123174661	123374661	harbor2	chr9	123247569	123247754	SINE/MIR	508	+	92	123247661	73000
chr9	123174661	123374661	harbor2	chr9	123251513	123251656	SINE/MIR	430	+	72	123251585	76924
chr9	123174661	123374661	harbor2	chr9	123269135	123269333	SINE/MIR	569	+	99	123269234	94573
chr9	123174661	123374661	harbor2	chr9	123270358	123270542	SINE/MIR	555	+	92	123270450	95789
chr9	70361464	70561464	harbor2	chr9	70383883	70384112	SINE/MIR	587	+	114	70383997	22533
chr9	70361464	70561464	harbor2	chr9	70404052	70404222	SINE/MIR	512	+	85	70404137	42673
chr9	70361464	70561464	harbor2	chr9	70425859	70426072	SINE/MIR	535	+	106	70425965	64501
chr9	70361464	70561464	harbor2	chr9	70426775	70426799	SINE/MIR	535	+	12	70426787	65323
chr9	70361464	70561464	harbor2	chr9	70452014	70452117	SINE/MIR	474	+	52	70452066	90602
chr9	106990723	107190723	harbor2	chr9	107004360	107004545	SINE/MIR	409	+	92	107004452	13729
chr9	106990723	107190723	harbor2	chr9	107016056	107016212	SINE/MIR	596	+	78	107016134	25411
chr9	106990723	107190723	harbor2	chr9	107020447	107020647	SINE/MIR	484	+	100	107020547	29824
chr9	106990723	107190723	harbor2	chr9	107020965	107021091	SINE/MIR	398	+	63	107021028	30305
chr9	106990723	107190723	harbor2	chr9	107024747	107024841	SINE/MIR	394	+	47	107024794	34071
chr9	106990723	107190723	harbor2	chr9	107035825	107036029	SINE/MIR	432	+	102	107035927	45204
chr9	106990723	107190723	harbor2	chr9	107039113	107039306	SINE/MIR	620	+	96	107039209	48486
chr9	106990723	107190723	harbor2	chr9	107045896	107046120	SINE/MIR	605	+	112	107046008	55285
chr9	106990723	107190723	harbor2	chr9	107055101	107055137	SINE/MIR	455	+	18	107055119	64396
chr9	106990723	107190723	harbor2	chr9	107055430	107055650	SINE/MIR	455	+	110	107055540	64817
chr9	106990723	107190723	harbor2	chr9	107081059	107081244	SINE/MIR	521	+	92	107081151	90428
chr9	106990723	107190723	harbor2	chr9	107081459	107081678	SINE/MIR	527	+	110	107081569	90846
chr9	106990723	107190723	harbor2	chr9	107083337	107083454	SINE/MIR	408	+	58	107083395	92672
chr9	117466202	117666202	harbor2	chr9	117470230	117470455	SINE/MIR	560	+	112	117470342	4140
chr9	117466202	117666202	harbor2	chr9	117477644	117477764	SINE/MIR	496	+	60	117477704	11502
chr9	117466202	117666202	harbor2	chr9	117484657	117484865	SINE/MIR	653	+	104	117484761	18559
chr9	117466202	117666202	harbor2	chr9	117512801	117513034	SINE/MIR	583	+	116	117512917	46715
chr9	117466202	117666202	harbor2	chr9	117513564	117513737	SINE/MIR	714	+	86	117513650	47448
chr9	117466202	117666202	harbor2	chr9	117524383	117524537	SINE/MIR	410	+	77	117524460	58258
chr9	117466202	117666202	harbor2	chr9	117526468	117526694	SINE/MIR	788	+	113	117526581	60379
chr9	117466202	117666202	harbor2	chr9	117531828	117532051	SINE/MIR	466	+	112	117531940	65738
chr9	117466202	117666202	harbor2	chr9	117563029	117563221	SINE/MIR	394	+	96	117563125	96923
chr9	117466202	117666202	harbor2	chr9	117564345	117564380	SINE/MIR	431	+	18	117564363	98161
chr9	117466202	117666202	harbor2	chr9	117564680	117564852	SINE/MIR	431	+	86	117564766	98564
chr9	136238156	136438156	harbor2	chr9	136294879	136295032	SINE/MIR	556	+	76	136294955	56799
chr9	120524058	120724058	harbor2	chr9	120524016	120524261	SINE/MIR	769	+	122	120524138	80
chr9	120524058	120724058	harbor2	chr9	120524279	120524358	SINE/MIR	410	+	40	120524319	261
chr9	120524058	120724058	harbor2	chr9	120524653	120524757	SINE/MIR	410	+	52	120524705	647
chr9	120524058	120724058	harbor2	chr9	120525177	120525373	SINE/MIR	621	+	98	120525275	1217
chr9	120524058	120724058	harbor2	chr9	120528458	120528648	SINE/MIR	684	+	95	120528553	4495
chr9	120524058	120724058	harbor2	chr9	120537171	120537310	SINE/MIR	546	+	70	120537241	13183
chr9	120524058	120724058	harbor2	chr9	120537576	120537852	SINE/MIR	508	+	138	120537714	13656
chr9	120524058	120724058	harbor2	chr9	120540609	120540771	SINE/MIR	403	+	81	120540690	16632
chr9	120524058	120724058	harbor2	chr9	120549480	120549677	SINE/MIR	485	+	98	120549578	25520
chr9	120524058	120724058	harbor2	chr9	120554430	120554620	SINE/MIR	393	+	95	120554525	30467
chr9	120524058	120724058	harbor2	chr9	120560115	120560321	SINE/MIR	560	+	103	120560218	36160
chr9	120524058	120724058	harbor2	chr9	120567758	120567999	SINE/MIR	566	+	120	120567878	43820
chr9	120524058	120724058	harbor2	chr9	120582153	120582233	SINE/MIR	397	+	40	120582193	58135
chr9	120524058	120724058	harbor2	chr9	120582531	120582621	SINE/MIR	397	+	45	120582576	58518
chr9	120524058	120724058	harbor2	chr9	120603109	120603327	SINE/MIR	559	+	109	120603218	79160
chr9	120524058	120724058	harbor2	chr9	120606574	120606811	SINE/MIR	525	+	118	120606692	82634
chr9	138260083	138460083	harbor2	chr9	138317951	138318082	SINE/MIR	415	+	66	138318017	57934
chr9	76395034	76595034	harbor2	chr9	76486060	76486268	SINE/MIR	713	+	104	76486164	91130
chr9	138223654	138423654	harbor2	chr9	138317951	138318082	SINE/MIR	415	+	66	138318017	94363
chr9	128762246	128962246	harbor2	chr9	128762415	128762647	SINE/MIR	646	+	116	128762531	285
chr9	128762246	128962246	harbor2	chr9	128793447	128793577	SINE/MIR	422	+	65	128793512	31266
chr9	128762246	128962246	harbor2	chr9	128799351	128799496	SINE/MIR	442	+	72	128799423	37177
chr9	128762246	128962246	harbor2	chr9	128799544	128799741	SINE/MIR	418	+	98	128799642	37396
chr9	134964344	135164344	harbor2	chr9	135011728	135011849	SINE/MIR	406	+	60	135011788	47444
chr9	134964344	135164344	harbor2	chr9	135062160	135062383	SINE/MIR	427	+	112	135062272	97928
chr9	109663871	109863871	harbor2	chr9	109705695	109705898	SINE/MIR	800	+	102	109705797	41926
chr9	109663871	109863871	harbor2	chr9	109727353	109727465	SINE/MIR	402	+	56	109727409	63538
chr9	109663871	109863871	harbor2	chr9	109763324	109763527	SINE/MIR	650	+	102	109763426	99555
chr9	116776244	116976244	harbor2	chr9	116804205	116804361	SINE/MIR	569	+	78	116804283	28039
chr9	116776244	116976244	harbor2	chr9	116804396	116804586	SINE/MIR	486	+	95	116804491	28247
chr9	116776244	116976244	harbor2	chr9	116806610	116806807	SINE/MIR	440	+	98	116806708	30464
chr9	116776244	116976244	harbor2	chr9	116810308	116810495	SINE/MIR	553	+	94	116810402	34158
chr9	116776244	116976244	harbor2	chr9	116811532	116811764	SINE/MIR	423	+	116	116811648	35404
chr9	116776244	116976244	harbor2	chr9	116817956	116818195	SINE/MIR	782	+	120	116818076	41832
chr9	116776244	116976244	harbor2	chr9	116820858	116821091	SINE/MIR	522	+	116	116820974	44730
chr9	116776244	116976244	harbor2	chr9	116821220	116821414	SINE/MIR	465	+	97	116821317	45073
chr9	116776244	116976244	harbor2	chr9	116825142	116825376	SINE/MIR	402	+	117	116825259	49015
chr9	116776244	116976244	harbor2	chr9	116844048	116844202	SINE/MIR	395	+	77	116844125	67881
chr9	116776244	116976244	harbor2	chr9	116844445	116844664	SINE/MIR	498	+	110	116844555	68311
chr9	116776244	116976244	harbor2	chr9	116854059	116854180	SINE/MIR	467	+	60	116854119	77875
chr9	116776244	116976244	harbor2	chr9	116855658	116855839	SINE/MIR	473	+	90	116855748	79504
chr9	116776244	116976244	harbor2	chr9	116857051	116857164	SINE/MIR	403	+	56	116857107	80863
chr9	116776244	116976244	harbor2	chr9	116871875	116871974	SINE/MIR	489	+	50	116871925	95681
chr9	116776244	116976244	harbor2	chr9	116872207	116872354	SINE/MIR	489	+	74	116872281	96037
chr9	116776244	116976244	harbor2	chr9	116784953	116785169	SINE/MIR	468	+	108	116785061	8817
chr10	82387658	82587658	harbor2	chr10	82407377	82407589	SINE/MIR	402	+	106	82407483	19825
chr10	82387658	82587658	harbor2	chr10	82479111	82479286	SINE/MIR	452	+	88	82479199	91541
chr10	82387658	82587658	harbor2	chr10	82484232	82484465	SINE/MIR	711	+	116	82484348	96690
chr10	120263406	120463406	harbor2	chr10	120270670	120270910	SINE/MIR	414	+	120	120270790	7384
chr10	120263406	120463406	harbor2	chr10	120292736	120292988	SINE/MIR	595	+	126	120292862	29456
chr10	120263406	120463406	harbor2	chr10	120303379	120303609	SINE/MIR	655	+	115	120303494	40088
chr10	123683661	123883661	harbor2	chr10	123685834	123685951	SINE/MIR	430	+	58	123685892	2231
chr10	123683661	123883661	harbor2	chr10	123686760	123686927	SINE/MIR	434	+	84	123686844	3183
chr10	123683661	123883661	harbor2	chr10	123687544	123687751	SINE/MIR	674	+	104	123687648	3987
chr10	123683661	123883661	harbor2	chr10	123705109	123705282	SINE/MIR	481	+	86	123705195	21534
chr10	123683661	123883661	harbor2	chr10	123729725	123729872	SINE/MIR	464	+	74	123729799	46138
chr10	123683661	123883661	harbor2	chr10	123740125	123740249	SINE/MIR	447	+	62	123740187	56526
chr10	123683661	123883661	harbor2	chr10	123740759	123740961	SINE/MIR	541	+	101	123740860	57199
chr10	123683661	123883661	harbor2	chr10	123780430	123780660	SINE/MIR	444	+	115	123780545	96884
chr10	107628214	107828214	harbor2	chr10	107654906	107655107	SINE/MIR	437	+	100	107655006	26792
chr10	107628214	107828214	harbor2	chr10	107673206	107673419	SINE/MIR	420	+	106	107673312	45098
chr10	107628214	107828214	harbor2	chr10	107704243	107704399	SINE/MIR	421	+	78	107704321	76107
chr10	107628214	107828214	harbor2	chr10	107719977	107720225	SINE/MIR	529	+	124	107720101	91887
chr10	117552498	117752498	harbor2	chr10	117565883	117566053	SINE/MIR	433	+	85	117565968	13470
chr10	117552498	117752498	harbor2	chr10	117575399	117575560	SINE/MIR	561	+	80	117575479	22981
chr10	117552498	117752498	harbor2	chr10	117592347	117592491	SINE/MIR	421	+	72	117592419	39921
chr10	117552498	117752498	harbor2	chr10	117596462	117596676	SINE/MIR	447	+	107	117596569	44071
chr10	117552498	117752498	harbor2	chr10	117612830	117613037	SINE/MIR	546	+	104	117612934	60436
chr10	117552498	117752498	harbor2	chr10	117615254	117615448	SINE/MIR	527	+	97	117615351	62853
chr10	128805473	129005473	harbor2	chr10	128837555	128837767	SINE/MIR	494	+	106	128837661	32188
chr10	123323055	123523055	harbor2	chr10	123327673	123327858	SINE/MIR	424	+	92	123327765	4710
chr10	123323055	123523055	harbor2	chr10	123343520	123343739	SINE/MIR	681	+	110	123343630	20575
chr10	123323055	123523055	harbor2	chr10	123343826	123343925	SINE/MIR	399	+	50	123343876	20821
chr10	123323055	123523055	harbor2	chr10	123346590	123346601	SINE/MIR	460	+	6	123346596	23541
chr10	123323055	123523055	harbor2	chr10	123346928	123347156	SINE/MIR	477	+	114	123347042	23987
chr10	123323055	123523055	harbor2	chr10	123366497	123366723	SINE/MIR	494	+	113	123366610	43555
chr10	123323055	123523055	harbor2	chr10	123373373	123373616	SINE/MIR	691	+	122	123373495	50440
chr10	123323055	123523055	harbor2	chr10	123390060	123390185	SINE/MIR	465	+	62	123390122	67067
chr10	123323055	123523055	harbor2	chr10	123403328	123403535	SINE/MIR	708	+	104	123403432	80377
chr10	123323055	123523055	harbor2	chr10	123419745	123419944	SINE/MIR	442	+	100	123419845	96790
chr10	80510470	80710470	harbor2	chr10	80598067	80598260	SINE/MIR	535	+	96	80598163	87693
chr10	80510470	80710470	harbor2	chr10	80602890	80603106	SINE/MIR	712	+	108	80602998	92528
chr10	72833819	73033819	harbor2	chr10	72837376	72837531	SINE/MIR	497	+	78	72837454	3635
chr10	72833819	73033819	harbor2	chr10	72932124	72932314	SINE/MIR	554	+	95	72932219	98400
chr10	106547378	106747378	harbor2	chr10	106552851	106553076	SINE/MIR	461	+	112	106552963	5585
chr10	106547378	106747378	harbor2	chr10	106579676	106579887	SINE/MIR	861	+	106	106579782	32404
chr10	106547378	106747378	harbor2	chr10	106607447	106607663	SINE/MIR	495	+	108	106607555	60177
chr10	106547378	106747378	harbor2	chr10	106610253	106610498	SINE/MIR	574	+	122	106610375	62997
chr10	106547378	106747378	harbor2	chr10	106611211	106611382	SINE/MIR	590	+	86	106611297	63919
chr10	106547378	106747378	harbor2	chr10	106616354	106616514	SINE/MIR	459	+	80	106616434	69056
chr10	106547378	106747378	harbor2	chr10	106627844	106628061	SINE/MIR	645	+	108	106627952	80574
chr10	106547378	106747378	harbor2	chr10	106643108	106643304	SINE/MIR	631	+	98	106643206	95828
chr10	73977799	74177799	harbor2	chr10	73979001	73979193	SINE/MIR	457	+	96	73979097	1298
chr10	73977799	74177799	harbor2	chr10	73980842	73980986	SINE/MIR	410	+	72	73980914	3115
chr10	73977799	74177799	harbor2	chr10	73998479	73998705	SINE/MIR	647	+	113	73998592	20793
chr10	73977799	74177799	harbor2	chr10	74013615	74013836	SINE/MIR	569	+	110	74013725	35926
chr10	73977799	74177799	harbor2	chr10	74025766	74025784	SINE/MIR	422	+	9	74025775	47976
chr10	73977799	74177799	harbor2	chr10	74026395	74026538	SINE/MIR	422	+	72	74026467	48668
chr10	103635085	103835085	harbor2	chr10	103636879	103636992	SINE/MIR	404	+	56	103636935	1850
chr10	103635085	103835085	harbor2	chr10	103638522	103638727	SINE/MIR	756	+	102	103638624	3539
chr10	103635085	103835085	harbor2	chr10	103651572	103651727	SINE/MIR	405	+	78	103651650	16565
chr10	103635085	103835085	harbor2	chr10	103666564	103666789	SINE/MIR	559	+	112	103666676	31591
chr10	103635085	103835085	harbor2	chr10	103670198	103670440	SINE/MIR	710	+	121	103670319	35234
chr10	103635085	103835085	harbor2	chr10	103672549	103672749	SINE/MIR	574	+	100	103672649	37564
chr10	103635085	103835085	harbor2	chr10	103697087	103697324	SINE/MIR	539	+	118	103697205	62120
chr10	103635085	103835085	harbor2	chr10	103700171	103700369	SINE/MIR	625	+	99	103700270	65185
chr10	103635085	103835085	harbor2	chr10	103709674	103709823	SINE/MIR	480	+	74	103709748	74663
chr10	103635085	103835085	harbor2	chr10	103710399	103710456	SINE/MIR	480	+	28	103710427	75342
chr10	103635085	103835085	harbor2	chr10	103719316	103719486	SINE/MIR	489	+	85	103719401	84316
chr10	103635085	103835085	harbor2	chr10	103728155	103728338	SINE/MIR	431	+	92	103728247	93162
chr10	103635085	103835085	harbor2	chr10	103728389	103728595	SINE/MIR	517	+	103	103728492	93407
chr10	102366329	102566329	harbor2	chr10	102392674	102392877	SINE/MIR	626	+	102	102392776	26447
chr10	102366329	102566329	harbor2	chr10	102397721	102397921	SINE/MIR	432	+	100	102397821	31492
chr10	102366329	102566329	harbor2	chr10	102460570	102460817	SINE/MIR	582	+	124	102460694	94365
chr10	97943130	98143130	harbor2	chr10	97949655	97949922	SINE/MIR	651	+	134	97949789	6659
chr10	97943130	98143130	harbor2	chr10	97980051	97980241	SINE/MIR	534	+	95	97980146	37016
chr10	97943130	98143130	harbor2	chr10	97986770	97986980	SINE/MIR	462	+	105	97986875	43745
chr10	97943130	98143130	harbor2	chr10	98009818	98010033	SINE/MIR	618	+	108	98009926	66796
chr10	97943130	98143130	harbor2	chr10	98013550	98013669	SINE/MIR	429	+	60	98013610	70480
chr10	97943130	98143130	harbor2	chr10	98018241	98018403	SINE/MIR	434	+	81	98018322	75192
chr10	97943130	98143130	harbor2	chr10	98021531	98021655	SINE/MIR	478	+	62	98021593	78463
chr10	97943130	98143130	harbor2	chr10	98025003	98025197	SINE/MIR	618	+	97	98025100	81970
chr10	97943130	98143130	harbor2	chr10	98027842	98028068	SINE/MIR	462	+	113	98027955	84825
chr10	97943130	98143130	harbor2	chr10	98037028	98037145	SINE/MIR	553	+	58	98037086	93956
chr10	97943130	98143130	harbor2	chr10	97976310	97976577	SINE/MIR	497	+	134	97976444	33314
chr10	51876603	52076603	harbor2	chr10	51903837	51904032	SINE/MIR	468	+	98	51903935	27332
chr10	51876603	52076603	harbor2	chr10	51920648	51920768	SINE/MIR	534	+	60	51920708	44105
chr10	51876603	52076603	harbor2	chr10	51938724	51938912	SINE/MIR	500	+	94	51938818	62215
chr10	51876603	52076603	harbor2	chr10	51952354	51952613	SINE/MIR	595	+	130	51952484	75881
chr10	51876603	52076603	harbor2	chr10	51952669	51952842	SINE/MIR	584	+	86	51952755	76152
chr10	127336351	127536351	harbor2	chr10	127363834	127364022	SINE/MIR	490	+	94	127363928	27577
chr10	127336351	127536351	harbor2	chr10	127400501	127400693	SINE/MIR	476	+	96	127400597	64246
chr10	116926452	117126452	harbor2	chr10	116956311	116956514	SINE/MIR	422	+	102	116956413	29961
chr10	116926452	117126452	harbor2	chr10	116983117	116983319	SINE/MIR	745	+	101	116983218	56766
chr10	48972285	49172285	harbor2	chr10	49010729	49010894	SINE/MIR	443	+	82	49010811	38526
chr10	48972285	49172285	harbor2	chr10	49031251	49031451	SINE/MIR	934	+	100	49031351	59066
chr10	48972285	49172285	harbor2	chr10	49033647	49033872	SINE/MIR	474	+	112	49033759	61474
chr10	54670085	54870085	harbor2	chr10	54705410	54705542	SINE/MIR	420	+	66	54705476	35391
chr10	73356590	73556590	harbor2	chr10	73357951	73358142	SINE/MIR	460	+	96	73358047	1457
chr10	73356590	73556590	harbor2	chr10	73395112	73395307	SINE/MIR	412	+	98	73395210	38620
chr10	73356590	73556590	harbor2	chr10	73403846	73404009	SINE/MIR	579	+	82	73403928	47338
chr10	114340499	114540499	harbor2	chr10	114351889	114352057	SINE/MIR	577	+	84	114351973	11474
chr10	114340499	114540499	harbor2	chr10	114362031	114362232	SINE/MIR	457	+	100	114362131	21632
chr10	114340499	114540499	harbor2	chr10	114416518	114416739	SINE/MIR	735	+	110	114416628	76129
chr10	114340499	114540499	harbor2	chr10	114429492	114429707	SINE/MIR	508	+	108	114429600	89101
chr10	94359759	94559759	harbor2	chr10	94410748	94410926	SINE/MIR	440	+	89	94410837	51078
chr10	94359759	94559759	harbor2	chr10	94412045	94412272	SINE/MIR	588	+	114	94412159	52400
chr10	93703293	93903293	harbor2	chr10	93707459	93707679	SINE/MIR	765	+	110	93707569	4276
chr10	93703293	93903293	harbor2	chr10	93708165	93708376	SINE/MIR	571	+	106	93708271	4978
chr10	93703293	93903293	harbor2	chr10	93720528	93720794	SINE/MIR	579	+	133	93720661	17368
chr10	93703293	93903293	harbor2	chr10	93730177	93730277	SINE/MIR	476	+	50	93730227	26934
chr10	93703293	93903293	harbor2	chr10	93749626	93749854	SINE/MIR	620	+	114	93749740	46447
chr10	93703293	93903293	harbor2	chr10	93752120	93752387	SINE/MIR	876	+	134	93752254	48961
chr10	93703293	93903293	harbor2	chr10	93759806	93760028	SINE/MIR	430	+	111	93759917	56624
chr10	93703293	93903293	harbor2	chr10	93764561	93764799	SINE/MIR	692	+	119	93764680	61387
chr10	93703293	93903293	harbor2	chr10	93768306	93768493	SINE/MIR	454	+	94	93768400	65107
chr10	93703293	93903293	harbor2	chr10	93768728	93768875	SINE/MIR	492	+	74	93768802	65509
chr10	93703293	93903293	harbor2	chr10	93782229	93782462	SINE/MIR	461	+	116	93782345	79052
chr10	93703293	93903293	harbor2	chr10	93793433	93793638	SINE/MIR	484	+	102	93793535	90242
chr10	93703293	93903293	harbor2	chr10	93796429	93796625	SINE/MIR	448	+	98	93796527	93234
chr10	93703293	93903293	harbor2	chr10	93799529	93799695	SINE/MIR	617	+	83	93799612	96319
chr10	110135988	110335988	harbor2	chr10	110153069	110153210	SINE/MIR	476	+	70	110153139	17151
chr10	110135988	110335988	harbor2	chr10	110158002	110158091	SINE/MIR	441	+	44	110158046	22058
chr10	110135988	110335988	harbor2	chr10	110158487	110158731	SINE/MIR	494	+	122	110158609	22621
chr10	110135988	110335988	harbor2	chr10	110159973	110160170	SINE/MIR	511	+	98	110160071	24083
chr10	110135988	110335988	harbor2	chr10	110165146	110165336	SINE/MIR	670	+	95	110165241	29253
chr10	110135988	110335988	harbor2	chr10	110167719	110167939	SINE/MIR	926	+	110	110167829	31841
chr10	110135988	110335988	harbor2	chr10	110169065	110169310	SINE/MIR	560	+	122	110169187	33199
chr10	110135988	110335988	harbor2	chr10	110174330	110174553	SINE/MIR	611	+	112	110174442	38454
chr10	110135988	110335988	harbor2	chr10	110181666	110181826	SINE/MIR	619	+	80	110181746	45758
chr10	110135988	110335988	harbor2	chr10	110181861	110182082	SINE/MIR	890	+	110	110181971	45983
chr10	110135988	110335988	harbor2	chr10	110197492	110197673	SINE/MIR	501	+	90	110197582	61594
chr10	110135988	110335988	harbor2	chr10	110200442	110200469	SINE/MIR	501	+	14	110200456	64468
chr10	110135988	110335988	harbor2	chr10	110212573	110212807	SINE/MIR	632	+	117	110212690	76702
chr10	110135988	110335988	harbor2	chr10	110221216	110221328	SINE/MIR	444	+	56	110221272	85284
chr10	124541250	124741250	harbor2	chr10	124549713	124549898	SINE/MIR	565	+	92	124549805	8555
chr10	124541250	124741250	harbor2	chr10	124611240	124611423	SINE/MIR	496	+	92	124611332	70082
chr10	117107575	117307575	harbor2	chr10	117108824	117108948	SINE/MIR	439	+	62	117108886	1311
chr10	117107575	117307575	harbor2	chr10	117109281	117109379	SINE/MIR	415	+	49	117109330	1755
chr10	117107575	117307575	harbor2	chr10	117114891	117115057	SINE/MIR	439	+	83	117114974	7399
chr10	117107575	117307575	harbor2	chr10	117115192	117115383	SINE/MIR	557	+	96	117115288	7713
chr10	117107575	117307575	harbor2	chr10	117144348	117144575	SINE/MIR	494	+	114	117144462	36887
chr10	117107575	117307575	harbor2	chr10	117166756	117166907	SINE/MIR	469	+	76	117166832	59257
chr10	117107575	117307575	harbor2	chr10	117169877	117170067	SINE/MIR	416	+	95	117169972	62397
chr10	117107575	117307575	harbor2	chr10	117184697	117184780	SINE/MIR	490	+	42	117184739	77164
chr10	117107575	117307575	harbor2	chr10	117186659	117186850	SINE/MIR	717	+	96	117186755	79180
chr10	117107575	117307575	harbor2	chr10	117197839	117197974	SINE/MIR	434	+	68	117197907	90332
chr10	36389931	36589931	harbor2	chr10	36463272	36463494	SINE/MIR	851	+	111	36463383	73452
chr10	93744844	93944844	harbor2	chr10	93749626	93749854	SINE/MIR	620	+	114	93749740	4896
chr10	93744844	93944844	harbor2	chr10	93752120	93752387	SINE/MIR	876	+	134	93752254	7410
chr10	93744844	93944844	harbor2	chr10	93759806	93760028	SINE/MIR	430	+	111	93759917	15073
chr10	93744844	93944844	harbor2	chr10	93764561	93764799	SINE/MIR	692	+	119	93764680	19836
chr10	93744844	93944844	harbor2	chr10	93768306	93768493	SINE/MIR	454	+	94	93768400	23556
chr10	93744844	93944844	harbor2	chr10	93768728	93768875	SINE/MIR	492	+	74	93768802	23958
chr10	93744844	93944844	harbor2	chr10	93782229	93782462	SINE/MIR	461	+	116	93782345	37501
chr10	93744844	93944844	harbor2	chr10	93793433	93793638	SINE/MIR	484	+	102	93793535	48691
chr10	93744844	93944844	harbor2	chr10	93796429	93796625	SINE/MIR	448	+	98	93796527	51683
chr10	93744844	93944844	harbor2	chr10	93799529	93799695	SINE/MIR	617	+	83	93799612	54768
chr10	93744844	93944844	harbor2	chr10	93805508	93805670	SINE/MIR	435	+	81	93805589	60745
chr10	93744844	93944844	harbor2	chr10	93836558	93836798	SINE/MIR	844	+	120	93836678	91834
chr10	93744844	93944844	harbor2	chr10	93838461	93838532	SINE/MIR	662	+	36	93838497	93653
chr10	93744844	93944844	harbor2	chr10	93839169	93839290	SINE/MIR	662	+	60	93839229	94385
chr10	71086628	71286628	harbor2	chr10	71140173	71140370	SINE/MIR	583	+	98	71140271	53643
chr10	112408909	112608909	harbor2	chr10	112409936	112410165	SINE/MIR	696	+	114	112410050	1141
chr10	112408909	112608909	harbor2	chr10	112431813	112432049	SINE/MIR	619	+	118	112431931	23022
chr10	112408909	112608909	harbor2	chr10	112439881	112439988	SINE/MIR	656	+	54	112439935	31026
chr10	112408909	112608909	harbor2	chr10	112447638	112447773	SINE/MIR	402	+	68	112447706	38797
chr10	112408909	112608909	harbor2	chr10	112451104	112451345	SINE/MIR	523	+	120	112451224	42315
chr10	112408909	112608909	harbor2	chr10	112454766	112454969	SINE/MIR	400	+	102	112454868	45959
chr10	112408909	112608909	harbor2	chr10	112478257	112478443	SINE/MIR	441	+	93	112478350	69441
chr10	112408909	112608909	harbor2	chr10	112484108	112484269	SINE/MIR	478	+	80	112484188	75279
chr10	112408909	112608909	harbor2	chr10	112486204	112486422	SINE/MIR	763	+	109	112486313	77404
chr10	112408909	112608909	harbor2	chr10	112491274	112491467	SINE/MIR	672	+	96	112491370	82461
chr10	112408909	112608909	harbor2	chr10	112497369	112497586	SINE/MIR	813	+	108	112497477	88568
chr10	107029040	107229040	harbor2	chr10	107040580	107040745	SINE/MIR	477	+	82	107040662	11622
chr10	107029040	107229040	harbor2	chr10	107058570	107058752	SINE/MIR	691	+	91	107058661	29621
chr10	107029040	107229040	harbor2	chr10	107067653	107067902	SINE/MIR	824	+	124	107067777	38737
chr10	107029040	107229040	harbor2	chr10	107121035	107121252	SINE/MIR	446	+	108	107121143	92103
chr10	107029040	107229040	harbor2	chr10	107123648	107123800	SINE/MIR	416	+	76	107123724	94684
chr10	107029040	107229040	harbor2	chr10	107127810	107127988	SINE/MIR	488	+	89	107127899	98859
chr10	107029040	107229040	harbor2	chr10	107128405	107128612	SINE/MIR	402	+	104	107128509	99469
chr10	90550312	90750312	harbor2	chr10	90580652	90580887	SINE/MIR	512	+	118	90580770	30458
chr10	90550312	90750312	harbor2	chr10	90589281	90589528	SINE/MIR	660	+	124	90589405	39093
chr10	90550312	90750312	harbor2	chr10	90591272	90591467	SINE/MIR	550	+	98	90591370	41058
chr10	90550312	90750312	harbor2	chr10	90612801	90613060	SINE/MIR	627	+	130	90612931	62619
chr10	90550312	90750312	harbor2	chr10	90616060	90616257	SINE/MIR	539	+	98	90616158	65846
chr10	90550312	90750312	harbor2	chr10	90640875	90641077	SINE/MIR	657	+	101	90640976	90664
chr10	90550312	90750312	harbor2	chr10	90641485	90641706	SINE/MIR	1003	+	110	90641595	91283
chr10	90550312	90750312	harbor2	chr10	90643169	90643321	SINE/MIR	522	+	76	90643245	92933
chr10	85316891	85516891	harbor2	chr10	85380477	85380607	SINE/MIR	437	+	65	85380542	63651
chr10	129250848	129450848	harbor2	chr10	129316514	129316704	SINE/MIR	432	+	95	129316609	65761
chr10	102833597	103033597	harbor2	chr10	102877130	102877333	SINE/MIR	483	+	102	102877232	43635
chr10	102833597	103033597	harbor2	chr10	102881495	102881648	SINE/MIR	499	+	76	102881571	47974
chr10	102833597	103033597	harbor2	chr10	102905686	102905857	SINE/MIR	405	+	86	102905772	72175
chr10	113747177	113947177	harbor2	chr10	113748945	113749144	SINE/MIR	605	+	100	113749045	1868
chr10	113747177	113947177	harbor2	chr10	113777556	113777713	SINE/MIR	559	+	78	113777634	30457
chr10	113747177	113947177	harbor2	chr10	113846209	113846391	SINE/MIR	572	+	91	113846300	99123
chr10	92875019	93075019	harbor2	chr10	92877331	92877558	SINE/MIR	692	+	114	92877445	2426
chr10	92875019	93075019	harbor2	chr10	92886563	92886731	SINE/MIR	415	+	84	92886647	11628
chr10	92875019	93075019	harbor2	chr10	92892775	92893002	SINE/MIR	675	+	114	92892889	17870
chr10	92875019	93075019	harbor2	chr10	92922291	92922482	SINE/MIR	398	+	96	92922387	47368
chr10	92875019	93075019	harbor2	chr10	92949535	92949594	SINE/MIR	441	+	30	92949565	74546
chr10	92875019	93075019	harbor2	chr10	92949895	92950017	SINE/MIR	441	+	61	92949956	74937
chr10	92875019	93075019	harbor2	chr10	92956789	92956913	SINE/MIR	451	+	62	92956851	81832
chr10	70548916	70748916	harbor2	chr10	70557092	70557263	SINE/MIR	506	+	86	70557178	8262
chr10	70548916	70748916	harbor2	chr10	70558244	70558405	SINE/MIR	399	+	80	70558324	9408
chr10	70548916	70748916	harbor2	chr10	70568212	70568388	SINE/MIR	611	+	88	70568300	19384
chr10	70548916	70748916	harbor2	chr10	70603087	70603250	SINE/MIR	403	+	82	70603169	54253
chr10	70548916	70748916	harbor2	chr10	70618655	70618875	SINE/MIR	410	+	110	70618765	69849
chr10	113662521	113862521	harbor2	chr10	113706722	113706873	SINE/MIR	572	+	76	113706798	44277
chr10	113662521	113862521	harbor2	chr10	113712109	113712264	SINE/MIR	413	+	78	113712187	49666
chr10	113662521	113862521	harbor2	chr10	113724182	113724420	SINE/MIR	469	+	119	113724301	61780
chr10	113662521	113862521	harbor2	chr10	113734339	113734515	SINE/MIR	467	+	88	113734427	71906
chr10	113662521	113862521	harbor2	chr10	113737036	113737288	SINE/MIR	475	+	126	113737162	74641
chr10	113662521	113862521	harbor2	chr10	113748945	113749144	SINE/MIR	605	+	100	113749045	86524
chr10	122234087	122434087	harbor2	chr10	122239955	122240146	SINE/MIR	590	+	96	122240051	5964
chr10	122234087	122434087	harbor2	chr10	122252212	122252440	SINE/MIR	627	+	114	122252326	18239
chr10	122234087	122434087	harbor2	chr10	122278242	122278523	SINE/MIR	707	+	140	122278382	44295
chr10	122234087	122434087	harbor2	chr10	122280130	122280266	SINE/MIR	508	+	68	122280198	46111
chr10	122234087	122434087	harbor2	chr10	122286394	122286529	SINE/MIR	535	+	68	122286462	52375
chr10	122234087	122434087	harbor2	chr10	122298643	122298854	SINE/MIR	565	+	106	122298749	64662
chr10	122234087	122434087	harbor2	chr10	122306797	122306928	SINE/MIR	439	+	66	122306863	72776
chr10	122234087	122434087	harbor2	chr10	122306957	122307066	SINE/MIR	442	+	54	122307011	72924
chr10	122234087	122434087	harbor2	chr10	122329059	122329178	SINE/MIR	474	+	60	122329119	95032
chr10	122234087	122434087	harbor2	chr10	122329680	122329826	SINE/MIR	445	+	73	122329753	95666
chr10	88792895	88992895	harbor2	chr10	88837100	88837356	SINE/MIR	701	+	128	88837228	44333
chr10	88792895	88992895	harbor2	chr10	88849534	88849715	SINE/MIR	725	+	90	88849624	56729
chr10	88792895	88992895	harbor2	chr10	88884841	88885029	SINE/MIR	677	+	94	88884935	92040
chr10	14097671	14297671	harbor2	chr10	14121775	14121991	SINE/MIR	467	+	108	14121883	24212
chr10	14097671	14297671	harbor2	chr10	14122029	14122228	SINE/MIR	582	+	100	14122129	24458
chr10	14097671	14297671	harbor2	chr10	14146039	14146201	SINE/MIR	655	+	81	14146120	48449
chr10	14097671	14297671	harbor2	chr10	14147843	14148057	SINE/MIR	532	+	107	14147950	50279
chr10	71399093	71599093	harbor2	chr10	71402382	71402591	SINE/MIR	473	+	104	71402486	3393
chr10	71399093	71599093	harbor2	chr10	71410000	71410236	SINE/MIR	1052	+	118	71410118	11025
chr10	71399093	71599093	harbor2	chr10	71418801	71418997	SINE/MIR	566	+	98	71418899	19806
chr10	71399093	71599093	harbor2	chr10	71422276	71422494	SINE/MIR	593	+	109	71422385	23292
chr10	71399093	71599093	harbor2	chr10	71435128	71435207	SINE/MIR	444	+	40	71435168	36075
chr10	71399093	71599093	harbor2	chr10	71436493	71436666	SINE/MIR	517	+	86	71436579	37486
chr10	71399093	71599093	harbor2	chr10	71441927	71442106	SINE/MIR	721	+	90	71442017	42924
chr10	71399093	71599093	harbor2	chr10	71445104	71445273	SINE/MIR	459	+	84	71445188	46095
chr10	71399093	71599093	harbor2	chr10	71448619	71448704	SINE/MIR	404	+	42	71448661	49568
chr10	71399093	71599093	harbor2	chr10	71454161	71454324	SINE/MIR	612	+	82	71454243	55150
chr10	71399093	71599093	harbor2	chr10	71458351	71458564	SINE/MIR	709	+	106	71458457	59364
chr10	71399093	71599093	harbor2	chr10	71462561	71462755	SINE/MIR	461	+	97	71462658	63565
chr10	71399093	71599093	harbor2	chr10	71467538	71467802	SINE/MIR	745	+	132	71467670	68577
chr10	71399093	71599093	harbor2	chr10	71473499	71473721	SINE/MIR	626	+	111	71473610	74517
chr10	71399093	71599093	harbor2	chr10	71494397	71494634	SINE/MIR	959	+	118	71494515	95422
chr10	62683146	62883146	harbor2	chr10	62686132	62686261	SINE/MIR	501	+	64	62686196	3050
chr10	62683146	62883146	harbor2	chr10	62696001	62696240	SINE/MIR	761	+	120	62696121	12975
chr10	62683146	62883146	harbor2	chr10	62701251	62701479	SINE/MIR	1113	+	114	62701365	18219
chr10	62683146	62883146	harbor2	chr10	62741660	62741800	SINE/MIR	489	+	70	62741730	58584
chr10	62683146	62883146	harbor2	chr10	62744404	62744557	SINE/MIR	424	+	76	62744480	61334
chr10	62683146	62883146	harbor2	chr10	62755399	62755512	SINE/MIR	498	+	56	62755455	72309
chr10	62683146	62883146	harbor2	chr10	62757274	62757493	SINE/MIR	413	+	110	62757384	74238
chr10	62683146	62883146	harbor2	chr10	62766026	62766198	SINE/MIR	621	+	86	62766112	82966
chr10	119935140	120135140	harbor2	chr10	119952726	119952956	SINE/MIR	451	+	115	119952841	17701
chr10	119935140	120135140	harbor2	chr10	119957532	119957730	SINE/MIR	580	+	99	119957631	22491
chr10	119935140	120135140	harbor2	chr10	119960178	119960300	SINE/MIR	416	+	61	119960239	25099
chr10	119935140	120135140	harbor2	chr10	119971851	119971997	SINE/MIR	627	+	73	119971924	36784
chr10	119935140	120135140	harbor2	chr10	119980584	119980813	SINE/MIR	533	+	114	119980698	45558
chr10	119935140	120135140	harbor2	chr10	119982190	119982298	SINE/MIR	438	+	54	119982244	47104
chr10	119935140	120135140	harbor2	chr10	119982598	119982674	SINE/MIR	438	+	38	119982636	47496
chr10	119935140	120135140	harbor2	chr10	120002679	120002915	SINE/MIR	813	+	118	120002797	67657
chr10	119935140	120135140	harbor2	chr10	120019638	120019811	SINE/MIR	644	+	86	120019724	84584
chr10	101368209	101568209	harbor2	chr10	101380135	101380326	SINE/MIR	504	+	96	101380231	12022
chr10	101368209	101568209	harbor2	chr10	101380705	101380769	SINE/MIR	454	+	32	101380737	12528
chr10	101368209	101568209	harbor2	chr10	101381088	101381136	SINE/MIR	454	+	24	101381112	12903
chr10	101368209	101568209	harbor2	chr10	101381393	101381495	SINE/MIR	454	+	51	101381444	13235
chr10	61703519	61903519	harbor2	chr10	61742482	61742718	SINE/MIR	892	+	118	61742600	39081
chr10	61703519	61903519	harbor2	chr10	61749730	61749968	SINE/MIR	602	+	119	61749849	46330
chr10	61703519	61903519	harbor2	chr10	61778244	61778464	SINE/MIR	470	+	110	61778354	74835
chr10	61703519	61903519	harbor2	chr10	61796187	61796342	SINE/MIR	603	+	78	61796265	92746
chr10	61703519	61903519	harbor2	chr10	61799779	61800022	SINE/MIR	675	+	122	61799901	96382
chr10	116487021	116687021	harbor2	chr10	116489811	116489988	SINE/MIR	418	+	88	116489899	2878
chr10	116487021	116687021	harbor2	chr10	116546272	116546291	SINE/MIR	640	+	10	116546282	59261
chr10	116487021	116687021	harbor2	chr10	116546458	116546660	SINE/MIR	640	+	101	116546559	59538
chr10	116487021	116687021	harbor2	chr10	116577674	116577866	SINE/MIR	542	+	96	116577770	90749
chr10	111929341	112129341	harbor2	chr10	111933870	111934033	SINE/MIR	594	+	82	111933952	4611
chr10	111929341	112129341	harbor2	chr10	111937289	111937542	SINE/MIR	545	+	126	111937415	8074
chr10	111929341	112129341	harbor2	chr10	111939954	111940074	SINE/MIR	432	+	60	111940014	10673
chr10	111929341	112129341	harbor2	chr10	111967735	111967987	SINE/MIR	432	+	126	111967861	38520
chr10	111929341	112129341	harbor2	chr10	111976640	111976799	SINE/MIR	499	+	80	111976720	47379
chr10	51274934	51474934	harbor2	chr10	51308307	51308501	SINE/MIR	438	+	97	51308404	33470
chr10	51274934	51474934	harbor2	chr10	51318318	51318407	SINE/MIR	402	+	44	51318362	43428
chr10	51274934	51474934	harbor2	chr10	51321169	51321394	SINE/MIR	568	+	112	51321281	46347
chr10	51274934	51474934	harbor2	chr10	51323376	51323586	SINE/MIR	424	+	105	51323481	48547
chr10	51274934	51474934	harbor2	chr10	51354975	51355197	SINE/MIR	462	+	111	51355086	80152
chr10	51274934	51474934	harbor2	chr10	51360429	51360660	SINE/MIR	433	+	116	51360545	85611
chr10	108044744	108244744	harbor2	chr10	108064590	108064786	SINE/MIR	403	+	98	108064688	19944
chr10	108044744	108244744	harbor2	chr10	108074230	108074455	SINE/MIR	568	+	112	108074342	29598
chr10	108044744	108244744	harbor2	chr10	108080602	108080849	SINE/MIR	460	+	124	108080726	35982
chr10	108044744	108244744	harbor2	chr10	108095357	108095591	SINE/MIR	756	+	117	108095474	50730
chr10	108044744	108244744	harbor2	chr10	108139218	108139306	SINE/MIR	471	+	44	108139262	94518
chr10	108044744	108244744	harbor2	chr10	108139348	108139462	SINE/MIR	471	+	57	108139405	94661
chr10	108044744	108244744	harbor2	chr10	108142464	108142692	SINE/MIR	441	+	114	108142578	97834
chr10	124058875	124258875	harbor2	chr10	124062423	124062606	SINE/MIR	401	+	92	124062515	3640
chr10	124058875	124258875	harbor2	chr10	124078237	124078465	SINE/MIR	569	+	114	124078351	19476
chr10	124058875	124258875	harbor2	chr10	124096152	124096245	SINE/MIR	454	+	46	124096198	37323
chr10	124058875	124258875	harbor2	chr10	124119566	124119739	SINE/MIR	412	+	86	124119652	60777
chr10	93294618	93494618	harbor2	chr10	93304745	93304770	SINE/MIR	800	+	12	93304757	10139
chr10	93294618	93494618	harbor2	chr10	93305066	93305173	SINE/MIR	800	+	54	93305120	10502
chr10	93294618	93494618	harbor2	chr10	93305527	93305627	SINE/MIR	800	+	50	93305577	10959
chr10	93294618	93494618	harbor2	chr10	93330053	93330275	SINE/MIR	611	+	111	93330164	35546
chr10	93294618	93494618	harbor2	chr10	93352123	93352367	SINE/MIR	400	+	122	93352245	57627
chr10	93294618	93494618	harbor2	chr10	93354710	93354921	SINE/MIR	859	+	106	93354816	60198
chr10	93294618	93494618	harbor2	chr10	93360278	93360520	SINE/MIR	408	+	121	93360399	65781
chr10	93294618	93494618	harbor2	chr10	93365505	93365663	SINE/MIR	547	+	79	93365584	70966
chr10	93294618	93494618	harbor2	chr10	93366711	93366852	SINE/MIR	412	+	70	93366781	72163
chr10	93294618	93494618	harbor2	chr10	93375471	93375674	SINE/MIR	471	+	102	93375573	80955
chr10	102901169	103101169	harbor2	chr10	102905686	102905857	SINE/MIR	405	+	86	102905772	4603
chr10	102901169	103101169	harbor2	chr10	102959460	102959575	SINE/MIR	690	+	58	102959518	58349
chr10	102901169	103101169	harbor2	chr10	102959741	102959770	SINE/MIR	690	+	14	102959755	58586
chr10	102901169	103101169	harbor2	chr10	102960090	102960202	SINE/MIR	690	+	56	102960146	58977
chr10	102901169	103101169	harbor2	chr10	102964648	102964788	SINE/MIR	412	+	70	102964718	63549
chr10	102901169	103101169	harbor2	chr10	102965188	102965232	SINE/MIR	412	+	22	102965210	64041
chr10	102901169	103101169	harbor2	chr10	102992743	102992899	SINE/MIR	513	+	78	102992821	91652
chr10	106143184	106343184	harbor2	chr10	106150408	106150600	SINE/MIR	488	+	96	106150504	7320
chr10	106143184	106343184	harbor2	chr10	106157313	106157527	SINE/MIR	452	+	107	106157420	14236
chr10	106143184	106343184	harbor2	chr10	106215849	106216032	SINE/MIR	506	+	92	106215941	72757
chr10	80861833	81061833	harbor2	chr10	80892904	80893073	SINE/MIR	506	+	84	80892988	31155
chr10	80861833	81061833	harbor2	chr10	80913804	80914034	SINE/MIR	442	+	115	80913919	52086
chr10	80861833	81061833	harbor2	chr10	80919370	80919608	SINE/MIR	467	+	119	80919489	57656
chr10	80861833	81061833	harbor2	chr10	80921561	80921805	SINE/MIR	600	+	122	80921683	59850
chr10	88881543	89081543	harbor2	chr10	88884841	88885029	SINE/MIR	677	+	94	88884935	3392
chr10	88881543	89081543	harbor2	chr10	88910204	88910333	SINE/MIR	438	+	64	88910268	28725
chr10	88881543	89081543	harbor2	chr10	88917431	88917645	SINE/MIR	506	+	107	88917538	35995
chr10	88881543	89081543	harbor2	chr10	88918351	88918569	SINE/MIR	431	+	109	88918460	36917
chr10	88881543	89081543	harbor2	chr10	88919132	88919339	SINE/MIR	623	+	104	88919236	37693
chr10	88881543	89081543	harbor2	chr10	88920852	88921020	SINE/MIR	593	+	84	88920936	39393
chr10	88881543	89081543	harbor2	chr10	88921770	88921982	SINE/MIR	592	+	106	88921876	40333
chr10	88881543	89081543	harbor2	chr10	88942940	88943128	SINE/MIR	675	+	94	88943034	61491
chr10	88881543	89081543	harbor2	chr10	88944142	88944403	SINE/MIR	692	+	130	88944272	62729
chr10	88881543	89081543	harbor2	chr10	88950664	88950902	SINE/MIR	767	+	119	88950783	69240
chr10	88881543	89081543	harbor2	chr10	88955888	88956043	SINE/MIR	477	+	78	88955966	74423
chr10	88881543	89081543	harbor2	chr10	88967280	88967471	SINE/MIR	530	+	96	88967376	85833
chr10	88881543	89081543	harbor2	chr10	88981160	88981349	SINE/MIR	597	+	94	88981254	99711
chr10	121155520	121355520	harbor2	chr10	121168489	121168692	SINE/MIR	406	+	102	121168591	13071
chr10	121155520	121355520	harbor2	chr10	121171385	121171654	SINE/MIR	502	+	134	121171519	15999
chr10	87278880	87478880	harbor2	chr10	87299286	87299482	SINE/MIR	419	+	98	87299384	20504
chr10	87278880	87478880	harbor2	chr10	87310241	87310464	SINE/MIR	511	+	112	87310353	31473
chr10	73935508	74135508	harbor2	chr10	73955955	73956052	SINE/MIR	563	+	48	73956003	20495
chr10	73935508	74135508	harbor2	chr10	73956363	73956487	SINE/MIR	563	+	62	73956425	20917
chr10	73935508	74135508	harbor2	chr10	73964543	73964697	SINE/MIR	710	+	77	73964620	29112
chr10	73935508	74135508	harbor2	chr10	73964991	73965065	SINE/MIR	710	+	37	73965028	29520
chr10	73935508	74135508	harbor2	chr10	73968610	73968788	SINE/MIR	441	+	89	73968699	33191
chr10	73935508	74135508	harbor2	chr10	73979001	73979193	SINE/MIR	457	+	96	73979097	43589
chr10	73935508	74135508	harbor2	chr10	73980842	73980986	SINE/MIR	410	+	72	73980914	45406
chr10	73935508	74135508	harbor2	chr10	73998479	73998705	SINE/MIR	647	+	113	73998592	63084
chr10	73935508	74135508	harbor2	chr10	74013615	74013836	SINE/MIR	569	+	110	74013725	78217
chr10	73935508	74135508	harbor2	chr10	74025766	74025784	SINE/MIR	422	+	9	74025775	90267
chr10	73935508	74135508	harbor2	chr10	74026395	74026538	SINE/MIR	422	+	72	74026467	90959
chr10	105268978	105468978	harbor2	chr10	105273556	105273686	SINE/MIR	413	+	65	105273621	4643
chr10	105268978	105468978	harbor2	chr10	105289305	105289543	SINE/MIR	525	+	119	105289424	20446
chr10	105268978	105468978	harbor2	chr10	105334228	105334445	SINE/MIR	468	+	108	105334336	65358
chr10	105268978	105468978	harbor2	chr10	105350533	105350750	SINE/MIR	452	+	108	105350641	81663
chr10	105268978	105468978	harbor2	chr10	105359204	105359402	SINE/MIR	487	+	99	105359303	90325
chr10	109564190	109764190	harbor2	chr10	109579506	109579742	SINE/MIR	423	+	118	109579624	15434
chr10	109564190	109764190	harbor2	chr10	109580013	109580253	SINE/MIR	446	+	120	109580133	15943
chr10	109564190	109764190	harbor2	chr10	109593033	109593211	SINE/MIR	521	+	89	109593122	28932
chr10	109564190	109764190	harbor2	chr10	109643155	109643383	SINE/MIR	686	+	114	109643269	79079
chr10	116809507	117009507	harbor2	chr10	116809349	116809569	SINE/MIR	646	+	110	116809459	48
chr10	116809507	117009507	harbor2	chr10	116844105	116844223	SINE/MIR	427	+	59	116844164	34657
chr10	116809507	117009507	harbor2	chr10	116863925	116864060	SINE/MIR	505	+	68	116863993	54486
chr10	116809507	117009507	harbor2	chr10	116895717	116895943	SINE/MIR	480	+	113	116895830	86323
chr10	97498082	97698082	harbor2	chr10	97502467	97502600	SINE/MIR	428	+	66	97502533	4451
chr10	97498082	97698082	harbor2	chr10	97505631	97505813	SINE/MIR	531	+	91	97505722	7640
chr10	97498082	97698082	harbor2	chr10	97510374	97510592	SINE/MIR	836	+	109	97510483	12401
chr10	97498082	97698082	harbor2	chr10	97520003	97520184	SINE/MIR	489	+	90	97520093	22011
chr10	97498082	97698082	harbor2	chr10	97541067	97541185	SINE/MIR	442	+	59	97541126	43044
chr10	97498082	97698082	harbor2	chr10	97546926	97547071	SINE/MIR	431	+	72	97546998	48916
chr10	97498082	97698082	harbor2	chr10	97566484	97566643	SINE/MIR	653	+	80	97566564	68482
chr10	97498082	97698082	harbor2	chr10	97578870	97579034	SINE/MIR	447	+	82	97578952	80870
chr10	97498082	97698082	harbor2	chr10	97579150	97579160	SINE/MIR	447	+	5	97579155	81073
chr10	97498082	97698082	harbor2	chr10	97586881	97587025	SINE/MIR	444	+	72	97586953	88871
chr10	80830817	81030817	harbor2	chr10	80853860	80854069	SINE/MIR	412	+	104	80853964	23147
chr10	80830817	81030817	harbor2	chr10	80892904	80893073	SINE/MIR	506	+	84	80892988	62171
chr10	80830817	81030817	harbor2	chr10	80913804	80914034	SINE/MIR	442	+	115	80913919	83102
chr10	80830817	81030817	harbor2	chr10	80919370	80919608	SINE/MIR	467	+	119	80919489	88672
chr10	80830817	81030817	harbor2	chr10	80921561	80921805	SINE/MIR	600	+	122	80921683	90866
chr10	94435153	94635153	harbor2	chr10	94504579	94504773	SINE/MIR	580	+	97	94504676	69523
chr10	96788065	96988065	harbor2	chr10	96828701	96828866	SINE/MIR	434	+	82	96828783	40718
chr10	105917178	106117178	harbor2	chr10	105961968	105962101	SINE/MIR	415	+	66	105962034	44856
chr10	105917178	106117178	harbor2	chr10	106002613	106002830	SINE/MIR	715	+	108	106002721	85543
chr10	105917178	106117178	harbor2	chr10	106002906	106002942	SINE/MIR	715	+	18	106002924	85746
chr10	105917178	106117178	harbor2	chr10	105922471	105922706	SINE/MIR	464	+	118	105922589	5411
chr10	127281110	127481110	harbor2	chr10	127363834	127364022	SINE/MIR	490	+	94	127363928	82818
chr10	65015027	65215027	harbor2	chr10	65114043	65114158	SINE/MIR	539	+	58	65114101	99074
chr10	78359505	78559505	harbor2	chr10	78360275	78360377	SINE/MIR	446	+	51	78360326	821
chr10	78359505	78559505	harbor2	chr10	78364486	78364653	SINE/MIR	496	+	84	78364570	5065
chr10	78359505	78559505	harbor2	chr10	78379606	78379777	SINE/MIR	499	+	86	78379692	20187
chr10	78359505	78559505	harbor2	chr10	78389118	78389363	SINE/MIR	699	+	122	78389240	29735
chr10	78359505	78559505	harbor2	chr10	78393881	78394072	SINE/MIR	503	+	96	78393977	34472
chr10	78359505	78559505	harbor2	chr10	78397698	78397828	SINE/MIR	451	+	65	78397763	38258
chr10	78359505	78559505	harbor2	chr10	78411309	78411578	SINE/MIR	739	+	134	78411443	51938
chr10	78359505	78559505	harbor2	chr10	78431634	78431762	SINE/MIR	528	+	64	78431698	72193
chr10	80991778	81191778	harbor2	chr10	81068060	81068245	SINE/MIR	472	+	92	81068152	76374
chr10	121493930	121693930	harbor2	chr10	121507182	121507305	SINE/MIR	541	+	62	121507244	13314
chr10	121493930	121693930	harbor2	chr10	121507599	121507711	SINE/MIR	541	+	56	121507655	13725
chr10	121493930	121693930	harbor2	chr10	121583828	121584015	SINE/MIR	522	+	94	121583922	89992
chr10	114531574	114731574	harbor2	chr10	114551081	114551234	SINE/MIR	472	+	76	114551157	19583
chr10	114531574	114731574	harbor2	chr10	114554834	114554978	SINE/MIR	413	+	72	114554906	23332
chr10	114531574	114731574	harbor2	chr10	114567258	114567470	SINE/MIR	859	+	106	114567364	35790
chr10	122882476	123082476	harbor2	chr10	122887984	122888186	SINE/MIR	609	+	101	122888085	5609
chr10	122882476	123082476	harbor2	chr10	122908917	122909045	SINE/MIR	431	+	64	122908981	26505
chr10	122882476	123082476	harbor2	chr10	122950076	122950250	SINE/MIR	511	+	87	122950163	67687
chr10	108273291	108473291	harbor2	chr10	108330442	108330682	SINE/MIR	677	+	120	108330562	57271
chr10	108273291	108473291	harbor2	chr10	108342777	108343017	SINE/MIR	522	+	120	108342897	69606
chr10	108273291	108473291	harbor2	chr10	108352494	108352723	SINE/MIR	526	+	114	108352608	79317
chr10	122727500	122927500	harbor2	chr10	122744281	122744479	SINE/MIR	437	+	99	122744380	16880
chr10	122727500	122927500	harbor2	chr10	122763967	122764185	SINE/MIR	406	+	109	122764076	36576
chr10	122727500	122927500	harbor2	chr10	122766067	122766285	SINE/MIR	556	+	109	122766176	38676
chr10	122727500	122927500	harbor2	chr10	122774944	122775182	SINE/MIR	668	+	119	122775063	47563
chr10	122727500	122927500	harbor2	chr10	122777238	122777427	SINE/MIR	429	+	94	122777332	49832
chr10	122727500	122927500	harbor2	chr10	122804640	122804804	SINE/MIR	433	+	82	122804722	77222
chr10	94144607	94344607	harbor2	chr10	94147994	94148204	SINE/MIR	571	+	105	94148099	3492
chr10	94144607	94344607	harbor2	chr10	94152503	94152750	SINE/MIR	581	+	124	94152627	8020
chr10	94144607	94344607	harbor2	chr10	94157554	94157750	SINE/MIR	479	+	98	94157652	13045
chr10	94144607	94344607	harbor2	chr10	94166654	94166880	SINE/MIR	515	+	113	94166767	22160
chr10	94144607	94344607	harbor2	chr10	94179409	94179512	SINE/MIR	473	+	52	94179461	34854
chr10	94144607	94344607	harbor2	chr10	94179806	94179895	SINE/MIR	473	+	44	94179850	35243
chr10	94144607	94344607	harbor2	chr10	94185530	94185709	SINE/MIR	405	+	90	94185620	41013
chr10	94144607	94344607	harbor2	chr10	94189849	94190015	SINE/MIR	466	+	83	94189932	45325
chr10	94144607	94344607	harbor2	chr10	94194586	94194823	SINE/MIR	591	+	118	94194704	50097
chr10	94144607	94344607	harbor2	chr10	94195961	94196108	SINE/MIR	399	+	74	94196035	51428
chr10	94144607	94344607	harbor2	chr10	94201267	94201406	SINE/MIR	495	+	70	94201337	56730
chr10	94144607	94344607	harbor2	chr10	94211352	94211534	SINE/MIR	731	+	91	94211443	66836
chr10	94144607	94344607	harbor2	chr10	94215994	94216168	SINE/MIR	740	+	87	94216081	71474
chr10	94144607	94344607	harbor2	chr10	94217072	94217221	SINE/MIR	478	+	74	94217146	72539
chr10	94144607	94344607	harbor2	chr10	94226406	94226521	SINE/MIR	546	+	58	94226464	81857
chr10	94144607	94344607	harbor2	chr10	94228253	94228527	SINE/MIR	544	+	137	94228390	83783
chr10	94144607	94344607	harbor2	chr10	94238916	94239134	SINE/MIR	596	+	109	94239025	94418
chr10	75978938	76178938	harbor2	chr10	75978918	75979157	SINE/MIR	746	+	120	75979038	100
chr10	75978938	76178938	harbor2	chr10	76039619	76039793	SINE/MIR	692	+	87	76039706	60768
chr10	75978938	76178938	harbor2	chr10	76072223	76072448	SINE/MIR	467	+	112	76072335	93397
chr10	75978938	76178938	harbor2	chr10	76075797	76076056	SINE/MIR	538	+	130	76075927	96989
chr11	115587420	115787420	harbor2	chr11	115598687	115598920	SINE/MIR	650	+	116	115598803	11383
chr11	115587420	115787420	harbor2	chr11	115602142	115602263	SINE/MIR	444	+	60	115602202	14782
chr11	115587420	115787420	harbor2	chr11	115612893	115613153	SINE/MIR	1027	+	130	115613023	25603
chr11	115587420	115787420	harbor2	chr11	115626781	115626943	SINE/MIR	516	+	81	115626862	39442
chr11	115587420	115787420	harbor2	chr11	115638410	115638535	SINE/MIR	457	+	62	115638472	51052
chr11	115587420	115787420	harbor2	chr11	115639960	115640187	SINE/MIR	486	+	114	115640074	52654
chr11	115587420	115787420	harbor2	chr11	115650826	115650983	SINE/MIR	592	+	78	115650904	63484
chr11	115587420	115787420	harbor2	chr11	115653220	115653426	SINE/MIR	532	+	103	115653323	65903
chr11	115587420	115787420	harbor2	chr11	115654415	115654639	SINE/MIR	722	+	112	115654527	67107
chr11	115587420	115787420	harbor2	chr11	115655803	115655979	SINE/MIR	433	+	88	115655891	68471
chr11	115587420	115787420	harbor2	chr11	115669068	115669331	SINE/MIR	982	+	132	115669200	81780
chr11	115587420	115787420	harbor2	chr11	115671098	115671335	SINE/MIR	844	+	118	115671216	83796
chr11	115587420	115787420	harbor2	chr11	115686112	115686348	SINE/MIR	658	+	118	115686230	98810
chr11	105728734	105928734	harbor2	chr11	105737768	105738004	SINE/MIR	433	+	118	105737886	9152
chr11	105728734	105928734	harbor2	chr11	105783983	105784165	SINE/MIR	513	+	91	105784074	55340
chr11	105728734	105928734	harbor2	chr11	105813583	105813754	SINE/MIR	369	+	86	105813669	84935
chr11	105728734	105928734	harbor2	chr11	105814493	105814651	SINE/MIR	425	+	79	105814572	85838
chr11	105728734	105928734	harbor2	chr11	105817043	105817211	SINE/MIR	647	+	84	105817127	88393
chr11	105728734	105928734	harbor2	chr11	105819240	105819440	SINE/MIR	620	+	100	105819340	90606
chr11	121372315	121572315	harbor2	chr11	121389071	121389257	SINE/MIR	531	+	93	121389164	16849
chr11	121372315	121572315	harbor2	chr11	121403419	121403640	SINE/MIR	379	+	110	121403529	31214
chr11	121372315	121572315	harbor2	chr11	121437130	121437332	SINE/MIR	417	+	101	121437231	64916
chr11	121372315	121572315	harbor2	chr11	121439487	121439708	SINE/MIR	450	+	110	121439597	67282
chr11	121372315	121572315	harbor2	chr11	121447981	121448222	SINE/MIR	457	+	120	121448101	75786
chr11	59814001	60014001	harbor2	chr11	59829695	59829934	SINE/MIR	366	+	120	59829815	15814
chr11	59814001	60014001	harbor2	chr11	59833919	59834082	SINE/MIR	550	+	82	59834001	20000
chr11	59814001	60014001	harbor2	chr11	59875122	59875305	SINE/MIR	586	+	92	59875214	61213
chr11	131569515	131769515	harbor2	chr11	131570969	131571153	SINE/MIR	509	+	92	131571061	1546
chr11	131569515	131769515	harbor2	chr11	131576759	131576981	SINE/MIR	628	+	111	131576870	7355
chr11	131569515	131769515	harbor2	chr11	131577035	131577248	SINE/MIR	589	+	106	131577141	7626
chr11	131569515	131769515	harbor2	chr11	131578588	131578761	SINE/MIR	551	+	86	131578674	9159
chr11	131569515	131769515	harbor2	chr11	131592227	131592340	SINE/MIR	391	+	56	131592283	22768
chr11	131569515	131769515	harbor2	chr11	131594889	131595062	SINE/MIR	437	+	86	131594975	25460
chr11	131569515	131769515	harbor2	chr11	131623154	131623371	SINE/MIR	484	+	108	131623262	53747
chr11	131569515	131769515	harbor2	chr11	131631062	131631265	SINE/MIR	368	+	102	131631164	61649
chr11	131569515	131769515	harbor2	chr11	131636663	131636798	SINE/MIR	441	+	68	131636731	67216
chr11	131569515	131769515	harbor2	chr11	131664120	131664239	SINE/MIR	372	+	60	131664180	94665
chr11	131569515	131769515	harbor2	chr11	131665790	131665973	SINE/MIR	368	+	92	131665882	96367
chr11	106399700	106599700	harbor2	chr11	106399540	106399745	SINE/MIR	698	+	102	106399642	58
chr11	106399700	106599700	harbor2	chr11	106400666	106400888	SINE/MIR	840	+	111	106400777	1077
chr11	106399700	106599700	harbor2	chr11	106444950	106445175	SINE/MIR	406	+	112	106445062	45362
chr11	106399700	106599700	harbor2	chr11	106479987	106480170	SINE/MIR	434	+	92	106480079	80379
chr11	106399700	106599700	harbor2	chr11	106484398	106484610	SINE/MIR	472	+	106	106484504	84804
chr11	95035374	95235374	harbor2	chr11	95056035	95056239	SINE/MIR	666	+	102	95056137	20763
chr11	95035374	95235374	harbor2	chr11	95080691	95080895	SINE/MIR	454	+	102	95080793	45419
chr11	95035374	95235374	harbor2	chr11	95103634	95103839	SINE/MIR	482	+	102	95103736	68362
chr11	95035374	95235374	harbor2	chr11	95112337	95112497	SINE/MIR	489	+	80	95112417	77043
chr11	95035374	95235374	harbor2	chr11	95112917	95113025	SINE/MIR	366	+	54	95112971	77597
chr11	95035374	95235374	harbor2	chr11	95133396	95133635	SINE/MIR	809	+	120	95133516	98142
chr11	100668883	100868883	harbor2	chr11	100705335	100705561	SINE/MIR	588	+	113	100705448	36565
chr11	100668883	100868883	harbor2	chr11	100713395	100713546	SINE/MIR	403	+	76	100713471	44588
chr11	100668883	100868883	harbor2	chr11	100733106	100733344	SINE/MIR	807	+	119	100733225	64342
chr11	100668883	100868883	harbor2	chr11	100757257	100757420	SINE/MIR	519	+	82	100757339	88456
chr11	100668883	100868883	harbor2	chr11	100765356	100765575	SINE/MIR	801	+	110	100765466	96583
chr11	104611140	104811140	harbor2	chr11	104620538	104620716	SINE/MIR	380	+	89	104620627	9487
chr11	104611140	104811140	harbor2	chr11	104626656	104626858	SINE/MIR	498	+	101	104626757	15617
chr11	104611140	104811140	harbor2	chr11	104678962	104679181	SINE/MIR	405	+	110	104679072	67932
chr11	109933823	110133823	harbor2	chr11	109938327	109938563	SINE/MIR	682	+	118	109938445	4622
chr11	109933823	110133823	harbor2	chr11	109945808	109945949	SINE/MIR	449	+	70	109945878	12055
chr11	109933823	110133823	harbor2	chr11	109994132	109994368	SINE/MIR	890	+	118	109994250	60427
chr11	109933823	110133823	harbor2	chr11	109999612	109999792	SINE/MIR	430	+	90	109999702	65879
chr11	109933823	110133823	harbor2	chr11	110020409	110020527	SINE/MIR	613	+	59	110020468	86645
chr11	109933823	110133823	harbor2	chr11	110020632	110020776	SINE/MIR	613	+	72	110020704	86881
chr11	109933823	110133823	harbor2	chr11	110026686	110026892	SINE/MIR	533	+	103	110026789	92966
chr11	126051486	126251486	harbor2	chr11	126066843	126067101	SINE/MIR	430	+	129	126066972	15486
chr11	126051486	126251486	harbor2	chr11	126071386	126071500	SINE/MIR	391	+	57	126071443	19957
chr11	126051486	126251486	harbor2	chr11	126073456	126073542	SINE/MIR	467	+	43	126073499	22013
chr11	126051486	126251486	harbor2	chr11	126073841	126073946	SINE/MIR	467	+	52	126073893	22407
chr11	126051486	126251486	harbor2	chr11	126080779	126080922	SINE/MIR	673	+	72	126080851	29365
chr11	126051486	126251486	harbor2	chr11	126087800	126087997	SINE/MIR	581	+	98	126087898	36412
chr11	126051486	126251486	harbor2	chr11	126095443	126095648	SINE/MIR	537	+	102	126095545	44059
chr11	126051486	126251486	harbor2	chr11	126100630	126100748	SINE/MIR	368	+	59	126100689	49203
chr11	126051486	126251486	harbor2	chr11	126102033	126102160	SINE/MIR	551	+	64	126102097	50611
chr11	126051486	126251486	harbor2	chr11	126109337	126109565	SINE/MIR	598	+	114	126109451	57965
chr11	126051486	126251486	harbor2	chr11	126117096	126117289	SINE/MIR	447	+	96	126117192	65706
chr11	126051486	126251486	harbor2	chr11	126119465	126119675	SINE/MIR	636	+	105	126119570	68084
chr11	126051486	126251486	harbor2	chr11	126126729	126126947	SINE/MIR	588	+	109	126126838	75352
chr11	126051486	126251486	harbor2	chr11	126128508	126128722	SINE/MIR	610	+	107	126128615	77129
chr11	126051486	126251486	harbor2	chr11	126129911	126130090	SINE/MIR	399	+	90	126130001	78515
chr11	126051486	126251486	harbor2	chr11	126133529	126133712	SINE/MIR	494	+	92	126133621	82135
chr11	126051486	126251486	harbor2	chr11	126136982	126137149	SINE/MIR	408	+	84	126137066	85580
chr11	56496321	56696321	harbor2	chr11	56573764	56573914	SINE/MIR	369	+	75	56573839	77518
chr11	131088421	131288421	harbor2	chr11	131110400	131110530	SINE/MIR	467	+	65	131110465	22044
chr11	131088421	131288421	harbor2	chr11	131117740	131117861	SINE/MIR	370	+	60	131117800	29379
chr11	131088421	131288421	harbor2	chr11	131119944	131120052	SINE/MIR	399	+	54	131119998	31577
chr11	131088421	131288421	harbor2	chr11	131158731	131158911	SINE/MIR	480	+	90	131158821	70400
chr11	131088421	131288421	harbor2	chr11	131179660	131179899	SINE/MIR	665	+	120	131179780	91359
chr11	131088421	131288421	harbor2	chr11	131182761	131182911	SINE/MIR	476	+	75	131182836	94415
chr11	121971062	122171062	harbor2	chr11	121998759	121998943	SINE/MIR	498	+	92	121998851	27789
chr11	121971062	122171062	harbor2	chr11	122025382	122025634	SINE/MIR	932	+	126	122025508	54446
chr11	121971062	122171062	harbor2	chr11	122026658	122026865	SINE/MIR	489	+	104	122026762	55700
chr11	121971062	122171062	harbor2	chr11	122029243	122029475	SINE/MIR	612	+	116	122029359	58297
chr11	121971062	122171062	harbor2	chr11	122034968	122035103	SINE/MIR	418	+	68	122035036	63974
chr11	121971062	122171062	harbor2	chr11	122053001	122053077	SINE/MIR	380	+	38	122053039	81977
chr11	133618884	133818884	harbor2	chr11	133624044	133624256	SINE/MIR	456	+	106	133624150	5266
chr11	133618884	133818884	harbor2	chr11	133659038	133659263	SINE/MIR	636	+	112	133659150	40266
chr11	133618884	133818884	harbor2	chr11	133664685	133664782	SINE/MIR	374	+	48	133664733	45849
chr11	133618884	133818884	harbor2	chr11	133681230	133681447	SINE/MIR	701	+	108	133681338	62454
chr11	133618884	133818884	harbor2	chr11	133681453	133681626	SINE/MIR	559	+	86	133681539	62655
chr11	133618884	133818884	harbor2	chr11	133688163	133688365	SINE/MIR	527	+	101	133688264	69380
chr11	133618884	133818884	harbor2	chr11	133708274	133708488	SINE/MIR	641	+	107	133708381	89497
chr11	115243455	115443455	harbor2	chr11	115253906	115254055	SINE/MIR	593	+	74	115253980	10525
chr11	115243455	115443455	harbor2	chr11	115264589	115264810	SINE/MIR	581	+	110	115264699	21244
chr11	115243455	115443455	harbor2	chr11	115301623	115301860	SINE/MIR	471	+	118	115301741	58286
chr11	115243455	115443455	harbor2	chr11	115309638	115309861	SINE/MIR	509	+	112	115309750	66295
chr11	115243455	115443455	harbor2	chr11	115327648	115327854	SINE/MIR	438	+	103	115327751	84296
chr11	134413318	134613318	harbor2	chr11	134466690	134466835	SINE/MIR	402	+	72	134466762	53444
chr11	134413318	134613318	harbor2	chr11	134511500	134511671	SINE/MIR	586	+	86	134511586	98268
chr11	134413318	134613318	harbor2	chr11	134512554	134512758	SINE/MIR	397	+	102	134512656	99338
chr11	132542821	132742821	harbor2	chr11	132546593	132546831	SINE/MIR	838	+	119	132546712	3891
chr11	132542821	132742821	harbor2	chr11	132564826	132565054	SINE/MIR	423	+	114	132564940	22119
chr11	132542821	132742821	harbor2	chr11	132591514	132591749	SINE/MIR	372	+	118	132591632	48811
chr11	132542821	132742821	harbor2	chr11	132595978	132596232	SINE/MIR	642	+	127	132596105	53284
chr11	132542821	132742821	harbor2	chr11	132605017	132605221	SINE/MIR	420	+	102	132605119	62298
chr11	132542821	132742821	harbor2	chr11	132615256	132615440	SINE/MIR	550	+	92	132615348	72527
chr11	132542821	132742821	harbor2	chr11	132615745	132615806	SINE/MIR	550	+	30	132615775	72954
chr11	132542821	132742821	harbor2	chr11	132622832	132622978	SINE/MIR	436	+	73	132622905	80084
chr11	131381073	131581073	harbor2	chr11	131400443	131400564	SINE/MIR	393	+	60	131400503	19430
chr11	131381073	131581073	harbor2	chr11	131469621	131469855	SINE/MIR	624	+	117	131469738	88665
chr11	107535726	107735726	harbor2	chr11	107563347	107563521	SINE/MIR	519	+	87	107563434	27708
chr11	107535726	107735726	harbor2	chr11	107581870	107582106	SINE/MIR	676	+	118	107581988	46262
chr11	107535726	107735726	harbor2	chr11	107583540	107583608	SINE/MIR	372	+	34	107583574	47848
chr11	107535726	107735726	harbor2	chr11	107608950	107609203	SINE/MIR	897	+	126	107609076	73350
chr11	102565532	102765532	harbor2	chr11	102581605	102581851	SINE/MIR	581	+	123	102581728	16196
chr11	102565532	102765532	harbor2	chr11	102596303	102596514	SINE/MIR	597	+	106	102596409	30877
chr11	102565532	102765532	harbor2	chr11	102599367	102599559	SINE/MIR	552	+	96	102599463	33931
chr11	102565532	102765532	harbor2	chr11	102603407	102603624	SINE/MIR	595	+	108	102603515	37983
chr11	102565532	102765532	harbor2	chr11	102606135	102606366	SINE/MIR	419	+	116	102606251	40719
chr11	102565532	102765532	harbor2	chr11	102606780	102607017	SINE/MIR	896	+	118	102606898	41366
chr11	102565532	102765532	harbor2	chr11	102608403	102608553	SINE/MIR	374	+	75	102608478	42946
chr11	102565532	102765532	harbor2	chr11	102621386	102621563	SINE/MIR	429	+	88	102621474	55942
chr11	102565532	102765532	harbor2	chr11	102640307	102640483	SINE/MIR	747	+	88	102640395	74863
chr11	129616325	129816325	harbor2	chr11	129637580	129637695	SINE/MIR	373	+	58	129637638	21313
chr11	129616325	129816325	harbor2	chr11	129667353	129667482	SINE/MIR	386	+	64	129667417	51092
chr11	129616325	129816325	harbor2	chr11	129703177	129703393	SINE/MIR	642	+	108	129703285	86960
chr11	77042675	77242675	harbor2	chr11	77063670	77063824	SINE/MIR	409	+	77	77063747	21072
chr11	77042675	77242675	harbor2	chr11	77084654	77084796	SINE/MIR	408	+	71	77084725	42050
chr11	77042675	77242675	harbor2	chr11	77085200	77085419	SINE/MIR	423	+	110	77085310	42635
chr11	77042675	77242675	harbor2	chr11	77085516	77085634	SINE/MIR	409	+	59	77085575	42900
chr11	77042675	77242675	harbor2	chr11	77087530	77087711	SINE/MIR	507	+	90	77087620	44945
chr11	77042675	77242675	harbor2	chr11	77089923	77090114	SINE/MIR	739	+	96	77090019	47344
chr11	77042675	77242675	harbor2	chr11	77091402	77091564	SINE/MIR	389	+	81	77091483	48808
chr11	77042675	77242675	harbor2	chr11	77093007	77093178	SINE/MIR	416	+	86	77093093	50418
chr11	77042675	77242675	harbor2	chr11	77106521	77106679	SINE/MIR	385	+	79	77106600	63925
chr11	77042675	77242675	harbor2	chr11	77111280	77111517	SINE/MIR	595	+	118	77111398	68723
chr11	77042675	77242675	harbor2	chr11	77116362	77116520	SINE/MIR	458	+	79	77116441	73766
chr11	77042675	77242675	harbor2	chr11	77121505	77121711	SINE/MIR	525	+	103	77121608	78933
chr11	77042675	77242675	harbor2	chr11	77123933	77124036	SINE/MIR	445	+	52	77123985	81310
chr11	77042675	77242675	harbor2	chr11	77128833	77128964	SINE/MIR	370	+	66	77128899	86224
chr11	77042675	77242675	harbor2	chr11	77131891	77132058	SINE/MIR	516	+	84	77131975	89300
chr11	77042675	77242675	harbor2	chr11	77139764	77139890	SINE/MIR	385	+	63	77139827	97152
chr11	77042675	77242675	harbor2	chr11	77140369	77140470	SINE/MIR	552	+	50	77140419	97744
chr11	91654982	91854982	harbor2	chr11	91679123	91679325	SINE/MIR	414	+	101	91679224	24242
chr11	91654982	91854982	harbor2	chr11	91693043	91693251	SINE/MIR	743	+	104	91693147	38165
chr11	91654982	91854982	harbor2	chr11	91696066	91696201	SINE/MIR	370	+	68	91696134	41152
chr11	91654982	91854982	harbor2	chr11	91703612	91703786	SINE/MIR	555	+	87	91703699	48717
chr11	91654982	91854982	harbor2	chr11	91715628	91715808	SINE/MIR	452	+	90	91715718	60736
chr11	91654982	91854982	harbor2	chr11	91749841	91750006	SINE/MIR	415	+	82	91749923	94941
chr11	91654982	91854982	harbor2	chr11	91753942	91754092	SINE/MIR	425	+	75	91754017	99035
chr11	106123776	106323776	harbor2	chr11	106128346	106128548	SINE/MIR	776	+	101	106128447	4671
chr11	106123776	106323776	harbor2	chr11	106138817	106139001	SINE/MIR	545	+	92	106138909	15133
chr11	106123776	106323776	harbor2	chr11	106139076	106139094	SINE/MIR	545	+	9	106139085	15309
chr11	106123776	106323776	harbor2	chr11	106192539	106192687	SINE/MIR	538	+	74	106192613	68837
chr11	106123776	106323776	harbor2	chr11	106203398	106203564	SINE/MIR	549	+	83	106203481	79705
chr11	126031673	126231673	harbor2	chr11	126066843	126067101	SINE/MIR	430	+	129	126066972	35299
chr11	126031673	126231673	harbor2	chr11	126071386	126071500	SINE/MIR	391	+	57	126071443	39770
chr11	126031673	126231673	harbor2	chr11	126073456	126073542	SINE/MIR	467	+	43	126073499	41826
chr11	126031673	126231673	harbor2	chr11	126073841	126073946	SINE/MIR	467	+	52	126073893	42220
chr11	126031673	126231673	harbor2	chr11	126080779	126080922	SINE/MIR	673	+	72	126080851	49178
chr11	126031673	126231673	harbor2	chr11	126087800	126087997	SINE/MIR	581	+	98	126087898	56225
chr11	126031673	126231673	harbor2	chr11	126095443	126095648	SINE/MIR	537	+	102	126095545	63872
chr11	126031673	126231673	harbor2	chr11	126100630	126100748	SINE/MIR	368	+	59	126100689	69016
chr11	126031673	126231673	harbor2	chr11	126102033	126102160	SINE/MIR	551	+	64	126102097	70424
chr11	126031673	126231673	harbor2	chr11	126109337	126109565	SINE/MIR	598	+	114	126109451	77778
chr11	126031673	126231673	harbor2	chr11	126117096	126117289	SINE/MIR	447	+	96	126117192	85519
chr11	126031673	126231673	harbor2	chr11	126119465	126119675	SINE/MIR	636	+	105	126119570	87897
chr11	126031673	126231673	harbor2	chr11	126126729	126126947	SINE/MIR	588	+	109	126126838	95165
chr11	126031673	126231673	harbor2	chr11	126128508	126128722	SINE/MIR	610	+	107	126128615	96942
chr11	126031673	126231673	harbor2	chr11	126129911	126130090	SINE/MIR	399	+	90	126130001	98328
chr11	110321497	110521497	harbor2	chr11	110321492	110321739	SINE/MIR	803	+	124	110321616	119
chr11	110321497	110521497	harbor2	chr11	110356897	110357066	SINE/MIR	458	+	84	110356981	35484
chr11	110321497	110521497	harbor2	chr11	110364681	110364926	SINE/MIR	659	+	122	110364803	43306
chr11	110321497	110521497	harbor2	chr11	110374579	110374751	SINE/MIR	388	+	86	110374665	53168
chr11	110321497	110521497	harbor2	chr11	110391936	110392097	SINE/MIR	385	+	80	110392016	70519
chr11	110321497	110521497	harbor2	chr11	110409916	110410004	SINE/MIR	536	+	44	110409960	88463
chr11	110321497	110521497	harbor2	chr11	110410308	110410381	SINE/MIR	536	+	36	110410344	88847
chr11	21886649	22086649	harbor2	chr11	21888432	21888591	SINE/MIR	406	+	80	21888512	1863
chr11	21886649	22086649	harbor2	chr11	21891910	21892153	SINE/MIR	718	+	122	21892032	5383
chr11	21886649	22086649	harbor2	chr11	21898285	21898528	SINE/MIR	662	+	122	21898407	11758
chr11	21886649	22086649	harbor2	chr11	21902250	21902416	SINE/MIR	654	+	83	21902333	15684
chr11	21886649	22086649	harbor2	chr11	21906218	21906357	SINE/MIR	532	+	70	21906288	19639
chr11	21886649	22086649	harbor2	chr11	21934699	21934909	SINE/MIR	517	+	105	21934804	48155
chr11	21886649	22086649	harbor2	chr11	21937371	21937644	SINE/MIR	737	+	136	21937507	50858
chr11	21886649	22086649	harbor2	chr11	21945405	21945518	SINE/MIR	462	+	56	21945461	58812
chr11	21886649	22086649	harbor2	chr11	21966597	21966837	SINE/MIR	509	+	120	21966717	80068
chr11	21886649	22086649	harbor2	chr11	21978301	21978449	SINE/MIR	387	+	74	21978375	91726
chr11	21886649	22086649	harbor2	chr11	21979814	21979879	SINE/MIR	542	+	32	21979846	93197
chr11	21886649	22086649	harbor2	chr11	21980264	21980453	SINE/MIR	542	+	94	21980358	93709
chr11	133218066	133418066	harbor2	chr11	133225361	133225563	SINE/MIR	370	+	101	133225462	7396
chr11	133218066	133418066	harbor2	chr11	133244132	133244391	SINE/MIR	488	+	130	133244262	26196
chr11	133218066	133418066	harbor2	chr11	133256201	133256385	SINE/MIR	645	+	92	133256293	38227
chr11	133218066	133418066	harbor2	chr11	133263028	133263244	SINE/MIR	423	+	108	133263136	45070
chr11	133218066	133418066	harbor2	chr11	133271053	133271285	SINE/MIR	452	+	116	133271169	53103
chr11	133218066	133418066	harbor2	chr11	133284680	133284875	SINE/MIR	377	+	98	133284778	66712
chr11	133218066	133418066	harbor2	chr11	133267337	133267523	SINE/MIR	617	+	93	133267430	49364
chr11	79313885	79513885	harbor2	chr11	79314053	79314319	SINE/MIR	785	+	133	79314186	301
chr11	79313885	79513885	harbor2	chr11	79321065	79321221	SINE/MIR	373	+	78	79321143	7258
chr11	79313885	79513885	harbor2	chr11	79336577	79336708	SINE/MIR	418	+	66	79336643	22758
chr11	79313885	79513885	harbor2	chr11	79345575	79345730	SINE/MIR	427	+	78	79345653	31768
chr11	79313885	79513885	harbor2	chr11	79346293	79346427	SINE/MIR	437	+	67	79346360	32475
chr11	79313885	79513885	harbor2	chr11	79348800	79348947	SINE/MIR	474	+	74	79348874	34989
chr11	79313885	79513885	harbor2	chr11	79356223	79356425	SINE/MIR	450	+	101	79356324	42439
chr11	79313885	79513885	harbor2	chr11	79356461	79356705	SINE/MIR	432	+	122	79356583	42698
chr11	79313885	79513885	harbor2	chr11	79362632	79362864	SINE/MIR	713	+	116	79362748	48863
chr11	79313885	79513885	harbor2	chr11	79363432	79363636	SINE/MIR	663	+	102	79363534	49649
chr11	79313885	79513885	harbor2	chr11	79368565	79368782	SINE/MIR	871	+	108	79368673	54788
chr11	79313885	79513885	harbor2	chr11	79372563	79372773	SINE/MIR	397	+	105	79372668	58783
chr11	79313885	79513885	harbor2	chr11	79377415	79377627	SINE/MIR	447	+	106	79377521	63636
chr11	79313885	79513885	harbor2	chr11	79387419	79387611	SINE/MIR	415	+	96	79387515	73630
chr11	79313885	79513885	harbor2	chr11	79390747	79390950	SINE/MIR	470	+	102	79390849	76964
chr11	79313885	79513885	harbor2	chr11	79391026	79391231	SINE/MIR	653	+	102	79391128	77243
chr11	79313885	79513885	harbor2	chr11	79394350	79394571	SINE/MIR	451	+	110	79394460	80575
chr11	79313885	79513885	harbor2	chr11	79398383	79398523	SINE/MIR	399	+	70	79398453	84568
chr11	79313885	79513885	harbor2	chr11	79399712	79399946	SINE/MIR	814	+	117	79399829	85944
chr11	79313885	79513885	harbor2	chr11	79400622	79400770	SINE/MIR	498	+	74	79400696	86811
chr11	79313885	79513885	harbor2	chr11	79410651	79410807	SINE/MIR	411	+	78	79410729	96844
chr11	79313885	79513885	harbor2	chr11	79412453	79412680	SINE/MIR	816	+	114	79412567	98682
chr11	118530420	118730420	harbor2	chr11	118561647	118561777	SINE/MIR	426	+	65	118561712	31292
chr11	118530420	118730420	harbor2	chr11	118569581	118569825	SINE/MIR	835	+	122	118569703	39283
chr11	118530420	118730420	harbor2	chr11	118570365	118570532	SINE/MIR	438	+	84	118570449	40029
chr11	118530420	118730420	harbor2	chr11	118570676	118570802	SINE/MIR	408	+	63	118570739	40319
chr11	74498650	74698650	harbor2	chr11	74520500	74520661	SINE/MIR	536	+	80	74520580	21930
chr11	74498650	74698650	harbor2	chr11	74521686	74521876	SINE/MIR	488	+	95	74521781	23131
chr11	74498650	74698650	harbor2	chr11	74523797	74523907	SINE/MIR	425	+	55	74523852	25202
chr11	74498650	74698650	harbor2	chr11	74544977	74545134	SINE/MIR	387	+	78	74545055	46405
chr11	74498650	74698650	harbor2	chr11	74559066	74559208	SINE/MIR	441	+	71	74559137	60487
chr11	74498650	74698650	harbor2	chr11	74565010	74565128	SINE/MIR	417	+	59	74565069	66419
chr11	74498650	74698650	harbor2	chr11	74569465	74569618	SINE/MIR	397	+	76	74569541	70891
chr11	74498650	74698650	harbor2	chr11	74585304	74585424	SINE/MIR	583	+	60	74585364	86714
chr11	74498650	74698650	harbor2	chr11	74586752	74586994	SINE/MIR	900	+	121	74586873	88223
chr11	66306005	66506005	harbor2	chr11	66310560	66310782	SINE/MIR	599	+	111	66310671	4666
chr11	66306005	66506005	harbor2	chr11	66362627	66362856	SINE/MIR	482	+	114	66362741	56736
chr11	66306005	66506005	harbor2	chr11	66403967	66404204	SINE/MIR	800	+	118	66404085	98080
chr11	102830611	103030611	harbor2	chr11	102853524	102853711	SINE/MIR	512	+	94	102853618	23007
chr11	102830611	103030611	harbor2	chr11	102861084	102861326	SINE/MIR	649	+	121	102861205	30594
chr11	102830611	103030611	harbor2	chr11	102903324	102903535	SINE/MIR	751	+	106	102903430	72819
chr11	102830611	103030611	harbor2	chr11	102926155	102926403	SINE/MIR	492	+	124	102926279	95668
chr11	92604486	92804486	harbor2	chr11	92604791	92605024	SINE/MIR	528	+	116	92604907	421
chr11	92604486	92804486	harbor2	chr11	92611910	92612094	SINE/MIR	506	+	92	92612002	7516
chr11	92604486	92804486	harbor2	chr11	92643389	92643632	SINE/MIR	496	+	122	92643511	39025
chr11	92604486	92804486	harbor2	chr11	92650719	92650926	SINE/MIR	512	+	104	92650823	46337
chr11	92604486	92804486	harbor2	chr11	92668485	92668735	SINE/MIR	725	+	125	92668610	64124
chr11	92604486	92804486	harbor2	chr11	92669666	92669870	SINE/MIR	646	+	102	92669768	65282
chr11	92604486	92804486	harbor2	chr11	92682047	92682322	SINE/MIR	839	+	138	92682185	77699
chr11	92604486	92804486	harbor2	chr11	92698355	92698602	SINE/MIR	465	+	124	92698479	93993
chr11	92604486	92804486	harbor2	chr11	92701962	92702208	SINE/MIR	594	+	123	92702085	97599
chr11	130634854	130834854	harbor2	chr11	130645116	130645337	SINE/MIR	386	+	110	130645226	10372
chr11	130634854	130834854	harbor2	chr11	130675915	130676056	SINE/MIR	382	+	70	130675985	41131
chr11	130634854	130834854	harbor2	chr11	130714738	130714961	SINE/MIR	427	+	112	130714850	79996
chr11	130634854	130834854	harbor2	chr11	130716292	130716472	SINE/MIR	400	+	90	130716382	81528
chr11	124337190	124537190	harbor2	chr11	124341947	124342176	SINE/MIR	531	+	114	124342061	4871
chr11	124337190	124537190	harbor2	chr11	124367918	124368056	SINE/MIR	378	+	69	124367987	30797
chr11	124337190	124537190	harbor2	chr11	124378867	124379139	SINE/MIR	550	+	136	124379003	41813
chr11	124337190	124537190	harbor2	chr11	124406140	124406380	SINE/MIR	639	+	120	124406260	69070
chr11	124337190	124537190	harbor2	chr11	124434074	124434306	SINE/MIR	611	+	116	124434190	97000
chr11	123121075	123321075	harbor2	chr11	123139346	123139528	SINE/MIR	479	+	91	123139437	18362
chr11	123121075	123321075	harbor2	chr11	123146306	123146411	SINE/MIR	388	+	52	123146358	25283
chr11	123121075	123321075	harbor2	chr11	123147982	123148206	SINE/MIR	729	+	112	123148094	27019
chr11	123121075	123321075	harbor2	chr11	123158705	123158936	SINE/MIR	611	+	116	123158821	37746
chr11	123121075	123321075	harbor2	chr11	123173595	123173751	SINE/MIR	367	+	78	123173673	52598
chr11	123121075	123321075	harbor2	chr11	123178435	123178628	SINE/MIR	432	+	96	123178531	57456
chr11	123121075	123321075	harbor2	chr11	123178779	123178944	SINE/MIR	488	+	82	123178861	57786
chr11	123121075	123321075	harbor2	chr11	123179758	123179867	SINE/MIR	425	+	54	123179812	58737
chr11	123121075	123321075	harbor2	chr11	123180073	123180161	SINE/MIR	401	+	44	123180117	59042
chr11	123121075	123321075	harbor2	chr11	123183882	123184079	SINE/MIR	597	+	98	123183980	62905
chr11	123121075	123321075	harbor2	chr11	123186094	123186285	SINE/MIR	465	+	96	123186190	65115
chr11	123121075	123321075	harbor2	chr11	123189295	123189538	SINE/MIR	762	+	122	123189417	68342
chr11	123121075	123321075	harbor2	chr11	123190879	123191000	SINE/MIR	385	+	60	123190939	69864
chr11	123121075	123321075	harbor2	chr11	123193157	123193361	SINE/MIR	665	+	102	123193259	72184
chr11	123121075	123321075	harbor2	chr11	123201135	123201286	SINE/MIR	374	+	76	123201211	80136
chr11	123121075	123321075	harbor2	chr11	123201580	123201629	SINE/MIR	374	+	24	123201604	80529
chr11	123121075	123321075	harbor2	chr11	123206475	123206693	SINE/MIR	602	+	109	123206584	85509
chr11	114899611	115099611	harbor2	chr11	114910714	114910898	SINE/MIR	576	+	92	114910806	11195
chr11	114899611	115099611	harbor2	chr11	114920256	114920398	SINE/MIR	608	+	71	114920327	20716
chr11	114899611	115099611	harbor2	chr11	114936921	114937068	SINE/MIR	451	+	74	114936995	37384
chr11	114899611	115099611	harbor2	chr11	114945382	114945601	SINE/MIR	1072	+	110	114945492	45881
chr11	114899611	115099611	harbor2	chr11	114957158	114957308	SINE/MIR	609	+	75	114957233	57622
chr11	114899611	115099611	harbor2	chr11	114983182	114983392	SINE/MIR	533	+	105	114983287	83676
chr11	114899611	115099611	harbor2	chr11	114990777	114990976	SINE/MIR	562	+	100	114990877	91266
chr11	114899611	115099611	harbor2	chr11	114917181	114917408	SINE/MIR	487	+	114	114917295	17684
chr11	96041429	96241429	harbor2	chr11	96045287	96045487	SINE/MIR	446	+	100	96045387	3958
chr11	96041429	96241429	harbor2	chr11	96047341	96047538	SINE/MIR	503	+	98	96047439	6010
chr11	96041429	96241429	harbor2	chr11	96049528	96049747	SINE/MIR	607	+	110	96049638	8209
chr11	96041429	96241429	harbor2	chr11	96064645	96064840	SINE/MIR	574	+	98	96064743	23314
chr11	96041429	96241429	harbor2	chr11	96079422	96079625	SINE/MIR	456	+	102	96079524	38095
chr11	96041429	96241429	harbor2	chr11	96087027	96087137	SINE/MIR	381	+	55	96087082	45653
chr11	96041429	96241429	harbor2	chr11	96094272	96094467	SINE/MIR	708	+	98	96094370	52941
chr11	96041429	96241429	harbor2	chr11	96096631	96096765	SINE/MIR	373	+	67	96096698	55269
chr11	96041429	96241429	harbor2	chr11	96101467	96101705	SINE/MIR	400	+	119	96101586	60157
chr11	96041429	96241429	harbor2	chr11	96107218	96107466	SINE/MIR	555	+	124	96107342	65913
chr11	96041429	96241429	harbor2	chr11	96108462	96108661	SINE/MIR	760	+	100	96108562	67133
chr11	82529450	82729450	harbor2	chr11	82546445	82546594	SINE/MIR	374	+	74	82546519	17069
chr11	82529450	82729450	harbor2	chr11	82548512	82548721	SINE/MIR	463	+	104	82548616	19166
chr11	82529450	82729450	harbor2	chr11	82552172	82552389	SINE/MIR	420	+	108	82552280	22830
chr11	82529450	82729450	harbor2	chr11	82555154	82555345	SINE/MIR	633	+	96	82555250	25800
chr11	82529450	82729450	harbor2	chr11	82558364	82558512	SINE/MIR	386	+	74	82558438	28988
chr11	82529450	82729450	harbor2	chr11	82572944	82573104	SINE/MIR	509	+	80	82573024	43574
chr11	82529450	82729450	harbor2	chr11	82598530	82598696	SINE/MIR	611	+	83	82598613	69163
chr11	82529450	82729450	harbor2	chr11	82599030	82599082	SINE/MIR	611	+	26	82599056	69606
chr11	82529450	82729450	harbor2	chr11	82599291	82599521	SINE/MIR	570	+	115	82599406	69956
chr11	82529450	82729450	harbor2	chr11	82611426	82611582	SINE/MIR	436	+	78	82611504	82054
chr11	130353639	130553639	harbor2	chr11	130407732	130407948	SINE/MIR	730	+	108	130407840	54201
chr11	130353639	130553639	harbor2	chr11	130418407	130418585	SINE/MIR	483	+	89	130418496	64857
chr11	130353639	130553639	harbor2	chr11	130444342	130444435	SINE/MIR	405	+	46	130444388	90749
chr11	112454368	112654368	harbor2	chr11	112475393	112475579	SINE/MIR	541	+	93	112475486	21118
chr11	112454368	112654368	harbor2	chr11	112497366	112497606	SINE/MIR	862	+	120	112497486	43118
chr11	112454368	112654368	harbor2	chr11	112517271	112517447	SINE/MIR	771	+	88	112517359	62991
chr11	112454368	112654368	harbor2	chr11	112550560	112550810	SINE/MIR	564	+	125	112550685	96317
chr11	112454368	112654368	harbor2	chr11	112552156	112552394	SINE/MIR	732	+	119	112552275	97907
chr11	112454368	112654368	harbor2	chr11	112553720	112553961	SINE/MIR	724	+	120	112553840	99472
chr11	60266667	60466667	harbor2	chr11	60284083	60284312	SINE/MIR	529	+	114	60284197	17530
chr11	89942535	90142535	harbor2	chr11	89963726	89963963	SINE/MIR	853	+	118	89963844	21309
chr11	85109281	85309281	harbor2	chr11	85113606	85113741	SINE/MIR	424	+	68	85113674	4393
chr11	85109281	85309281	harbor2	chr11	85117277	85117375	SINE/MIR	399	+	49	85117326	8045
chr11	85109281	85309281	harbor2	chr11	85118701	85118894	SINE/MIR	537	+	96	85118797	9516
chr11	85109281	85309281	harbor2	chr11	85118986	85119132	SINE/MIR	436	+	73	85119059	9778
chr11	85109281	85309281	harbor2	chr11	85192102	85192243	SINE/MIR	542	+	70	85192172	82891
chr11	85109281	85309281	harbor2	chr11	85206348	85206493	SINE/MIR	494	+	72	85206420	97139
chr11	85109281	85309281	harbor2	chr11	85209031	85209207	SINE/MIR	383	+	88	85209119	99838
chr11	128510189	128710189	harbor2	chr11	128512101	128512221	SINE/MIR	466	+	60	128512161	1972
chr11	128510189	128710189	harbor2	chr11	128526236	128526448	SINE/MIR	649	+	106	128526342	16153
chr11	128510189	128710189	harbor2	chr11	128538486	128538720	SINE/MIR	605	+	117	128538603	28414
chr11	128510189	128710189	harbor2	chr11	128545367	128545601	SINE/MIR	468	+	117	128545484	35295
chr11	128510189	128710189	harbor2	chr11	128557078	128557224	SINE/MIR	399	+	73	128557151	46962
chr11	128510189	128710189	harbor2	chr11	128563397	128563554	SINE/MIR	547	+	78	128563475	53286
chr11	128510189	128710189	harbor2	chr11	128584360	128584573	SINE/MIR	398	+	106	128584466	74277
chr11	128510189	128710189	harbor2	chr11	128593066	128593314	SINE/MIR	404	+	124	128593190	83001
chr11	128510189	128710189	harbor2	chr11	128608552	128608709	SINE/MIR	488	+	78	128608630	98441
chr11	100170805	100370805	harbor2	chr11	100175265	100175398	SINE/MIR	407	+	66	100175331	4526
chr11	100170805	100370805	harbor2	chr11	100175640	100175851	SINE/MIR	497	+	106	100175746	4941
chr11	100170805	100370805	harbor2	chr11	100194613	100194773	SINE/MIR	387	+	80	100194693	23888
chr11	100170805	100370805	harbor2	chr11	100212553	100212730	SINE/MIR	459	+	88	100212641	41836
chr11	100170805	100370805	harbor2	chr11	100253425	100253549	SINE/MIR	388	+	62	100253487	82682
chr11	130516266	130716266	harbor2	chr11	130555451	130555577	SINE/MIR	376	+	63	130555514	39248
chr11	130516266	130716266	harbor2	chr11	130562789	130562969	SINE/MIR	530	+	90	130562879	46613
chr11	130516266	130716266	harbor2	chr11	130581044	130581273	SINE/MIR	592	+	114	130581158	64892
chr11	130516266	130716266	harbor2	chr11	130584758	130584882	SINE/MIR	369	+	62	130584820	68554
chr11	130516266	130716266	harbor2	chr11	130603476	130603677	SINE/MIR	562	+	100	130603576	87310
chr11	130516266	130716266	harbor2	chr11	130603885	130604068	SINE/MIR	638	+	92	130603977	87711
chr11	130516266	130716266	harbor2	chr11	130605438	130605586	SINE/MIR	571	+	74	130605512	89246
chr11	130516266	130716266	harbor2	chr11	130605866	130605996	SINE/MIR	413	+	65	130605931	89665
chr11	130516266	130716266	harbor2	chr11	130611304	130611531	SINE/MIR	646	+	114	130611418	95152
chr11	47531890	47731890	harbor2	chr11	47581045	47581149	SINE/MIR	605	+	52	47581097	49207
chr11	47531890	47731890	harbor2	chr11	47581455	47581615	SINE/MIR	605	+	80	47581535	49645
chr11	47531890	47731890	harbor2	chr11	47582540	47582726	SINE/MIR	481	+	93	47582633	50743
chr11	47531890	47731890	harbor2	chr11	47583009	47583052	SINE/MIR	481	+	22	47583031	51141
chr11	47531890	47731890	harbor2	chr11	47592238	47592438	SINE/MIR	534	+	100	47592338	60448
chr11	47531890	47731890	harbor2	chr11	47603259	47603458	SINE/MIR	529	+	100	47603359	71469
chr11	47531890	47731890	harbor2	chr11	47608037	47608220	SINE/MIR	442	+	92	47608129	76239
chr11	47531890	47731890	harbor2	chr11	47620717	47620928	SINE/MIR	725	+	106	47620823	88933
chr11	47531890	47731890	harbor2	chr11	47629532	47629756	SINE/MIR	575	+	112	47629644	97754
chr11	117881882	118081882	harbor2	chr11	117886327	117886548	SINE/MIR	623	+	110	117886437	4555
chr11	117881882	118081882	harbor2	chr11	117898447	117898689	SINE/MIR	744	+	121	117898568	16686
chr11	117881882	118081882	harbor2	chr11	117908093	117908318	SINE/MIR	812	+	112	117908205	26323
chr11	117881882	118081882	harbor2	chr11	117920087	117920293	SINE/MIR	405	+	103	117920190	38308
chr11	117881882	118081882	harbor2	chr11	117924959	117925077	SINE/MIR	399	+	59	117925018	43136
chr11	117881882	118081882	harbor2	chr11	117935489	117935717	SINE/MIR	622	+	114	117935603	53721
chr11	117881882	118081882	harbor2	chr11	117940096	117940211	SINE/MIR	375	+	58	117940154	58272
chr11	117881882	118081882	harbor2	chr11	117940777	117940990	SINE/MIR	527	+	106	117940883	59001
chr11	117881882	118081882	harbor2	chr11	117951628	117951845	SINE/MIR	461	+	108	117951736	69854
chr11	117881882	118081882	harbor2	chr11	117952769	117953004	SINE/MIR	1064	+	118	117952887	71005
chr11	117881882	118081882	harbor2	chr11	117954088	117954278	SINE/MIR	685	+	95	117954183	72301
chr11	117881882	118081882	harbor2	chr11	117955072	117955300	SINE/MIR	617	+	114	117955186	73304
chr11	117881882	118081882	harbor2	chr11	117973179	117973387	SINE/MIR	508	+	104	117973283	91401
chr11	117881882	118081882	harbor2	chr11	117980376	117980582	SINE/MIR	864	+	103	117980479	98597
chr11	117881882	118081882	harbor2	chr11	117980970	117981025	SINE/MIR	864	+	28	117980998	99116
chr11	107800525	108000525	harbor2	chr11	107844146	107844345	SINE/MIR	624	+	100	107844246	43721
chr11	107800525	108000525	harbor2	chr11	107844673	107844692	SINE/MIR	624	+	10	107844683	44158
chr11	107800525	108000525	harbor2	chr11	107844999	107845087	SINE/MIR	624	+	44	107845043	44518
chr11	107800525	108000525	harbor2	chr11	107857787	107857954	SINE/MIR	542	+	84	107857871	57346
chr11	34617075	34817075	harbor2	chr11	34626781	34626982	SINE/MIR	669	+	100	34626881	9806
chr11	34617075	34817075	harbor2	chr11	34630284	34630454	SINE/MIR	507	+	85	34630369	13294
chr11	34617075	34817075	harbor2	chr11	34634923	34635139	SINE/MIR	562	+	108	34635031	17956
chr11	34617075	34817075	harbor2	chr11	34655491	34655732	SINE/MIR	1013	+	120	34655611	38536
chr11	34617075	34817075	harbor2	chr11	34658228	34658403	SINE/MIR	499	+	88	34658316	41241
chr11	34617075	34817075	harbor2	chr11	34669153	34669304	SINE/MIR	479	+	76	34669229	52154
chr11	34617075	34817075	harbor2	chr11	34676675	34676851	SINE/MIR	623	+	88	34676763	59688
chr11	34617075	34817075	harbor2	chr11	34679977	34680177	SINE/MIR	695	+	100	34680077	63002
chr11	73234538	73434538	harbor2	chr11	73254779	73254918	SINE/MIR	377	+	70	73254849	20311
chr11	73234538	73434538	harbor2	chr11	73263811	73263947	SINE/MIR	486	+	68	73263879	29341
chr11	73234538	73434538	harbor2	chr11	73263955	73264194	SINE/MIR	1071	+	120	73264075	29537
chr11	73234538	73434538	harbor2	chr11	73265844	73266007	SINE/MIR	555	+	82	73265926	31388
chr11	73234538	73434538	harbor2	chr11	73280156	73280382	SINE/MIR	633	+	113	73280269	45731
chr11	73234538	73434538	harbor2	chr11	73288070	73288192	SINE/MIR	464	+	61	73288131	53593
chr11	73234538	73434538	harbor2	chr11	73289737	73289937	SINE/MIR	366	+	100	73289837	55299
chr11	73234538	73434538	harbor2	chr11	73301236	73301334	SINE/MIR	386	+	49	73301285	66747
chr11	73234538	73434538	harbor2	chr11	73301953	73301993	SINE/MIR	386	+	20	73301973	67435
chr11	73234538	73434538	harbor2	chr11	73321435	73321644	SINE/MIR	583	+	104	73321539	87001
chr11	73234538	73434538	harbor2	chr11	73327915	73328039	SINE/MIR	375	+	62	73327977	93439
chr11	73234538	73434538	harbor2	chr11	73332734	73332908	SINE/MIR	487	+	87	73332821	98283
chr11	103565830	103765830	harbor2	chr11	103566852	103566986	SINE/MIR	476	+	67	103566919	1089
chr11	103565830	103765830	harbor2	chr11	103590694	103590849	SINE/MIR	391	+	78	103590772	24942
chr11	103565830	103765830	harbor2	chr11	103591979	103592217	SINE/MIR	467	+	119	103592098	26268
chr11	103565830	103765830	harbor2	chr11	103629857	103630060	SINE/MIR	540	+	102	103629959	64129
chr11	103565830	103765830	harbor2	chr11	103648573	103648764	SINE/MIR	392	+	96	103648669	82839
chr11	103565830	103765830	harbor2	chr11	103651603	103651761	SINE/MIR	631	+	79	103651682	85852
chr11	103565830	103765830	harbor2	chr11	103652513	103652565	SINE/MIR	631	+	26	103652539	86709
chr11	103565830	103765830	harbor2	chr11	103662790	103662949	SINE/MIR	369	+	80	103662870	97040
chr11	103565830	103765830	harbor2	chr11	103596011	103596190	SINE/MIR	503	+	90	103596101	30271
chr11	120334298	120534298	harbor2	chr11	120349516	120349751	SINE/MIR	677	+	118	120349634	15336
chr11	120334298	120534298	harbor2	chr11	120370905	120371096	SINE/MIR	491	+	96	120371001	36703
chr11	120334298	120534298	harbor2	chr11	120372684	120372855	SINE/MIR	410	+	86	120372770	38472
chr11	120334298	120534298	harbor2	chr11	120390755	120391005	SINE/MIR	660	+	125	120390880	56582
chr11	99147087	99347087	harbor2	chr11	99170386	99170520	SINE/MIR	453	+	67	99170453	23366
chr11	121465489	121665489	harbor2	chr11	121474040	121474166	SINE/MIR	429	+	63	121474103	8614
chr11	121465489	121665489	harbor2	chr11	121475683	121475825	SINE/MIR	402	+	71	121475754	10265
chr11	121465489	121665489	harbor2	chr11	121485394	121485577	SINE/MIR	535	+	92	121485486	19997
chr11	121465489	121665489	harbor2	chr11	121532155	121532335	SINE/MIR	420	+	90	121532245	66756
chr11	121465489	121665489	harbor2	chr11	121553093	121553326	SINE/MIR	992	+	116	121553209	87720
chr11	133830240	134030240	harbor2	chr11	133836497	133836637	SINE/MIR	526	+	70	133836567	6327
chr11	125433357	125633357	harbor2	chr11	125444747	125444961	SINE/MIR	408	+	107	125444854	11497
chr11	125433357	125633357	harbor2	chr11	125446279	125446439	SINE/MIR	471	+	80	125446359	13002
chr11	125433357	125633357	harbor2	chr11	125489933	125490149	SINE/MIR	682	+	108	125490041	56684
chr11	125433357	125633357	harbor2	chr11	125492583	125492807	SINE/MIR	672	+	112	125492695	59338
chr11	125433357	125633357	harbor2	chr11	125497627	125497705	SINE/MIR	486	+	39	125497666	64309
chr11	125433357	125633357	harbor2	chr11	125498002	125498098	SINE/MIR	486	+	48	125498050	64693
chr11	125433357	125633357	harbor2	chr11	125498688	125498879	SINE/MIR	615	+	96	125498784	65427
chr11	125433357	125633357	harbor2	chr11	125508381	125508544	SINE/MIR	421	+	82	125508463	75106
chr11	59194541	59394541	harbor2	chr11	59202256	59202466	SINE/MIR	690	+	105	59202361	7820
chr11	59194541	59394541	harbor2	chr11	59202623	59202774	SINE/MIR	397	+	76	59202699	8158
chr11	59194541	59394541	harbor2	chr11	59222545	59222748	SINE/MIR	525	+	102	59222647	28106
chr11	59194541	59394541	harbor2	chr11	59263964	59264167	SINE/MIR	400	+	102	59264066	69525
chr11	116593308	116793308	harbor2	chr11	116596125	116596320	SINE/MIR	520	+	98	116596223	2915
chr11	116593308	116793308	harbor2	chr11	116604653	116604841	SINE/MIR	494	+	94	116604747	11439
chr11	116593308	116793308	harbor2	chr11	116645193	116645395	SINE/MIR	443	+	101	116645294	51986
chr11	116593308	116793308	harbor2	chr11	116646540	116646661	SINE/MIR	477	+	60	116646600	53292
chr11	116593308	116793308	harbor2	chr11	116648100	116648278	SINE/MIR	437	+	89	116648189	54881
chr11	116593308	116793308	harbor2	chr11	116649872	116650045	SINE/MIR	706	+	86	116649958	56650
chr11	116593308	116793308	harbor2	chr11	116652019	116652205	SINE/MIR	473	+	93	116652112	58804
chr11	116593308	116793308	harbor2	chr11	116662687	116662822	SINE/MIR	367	+	68	116662755	69447
chr11	116593308	116793308	harbor2	chr11	116686294	116686470	SINE/MIR	564	+	88	116686382	93074
chr11	116593308	116793308	harbor2	chr11	116687144	116687361	SINE/MIR	592	+	108	116687252	93944
chr11	102035105	102235105	harbor2	chr11	102067986	102068181	SINE/MIR	511	+	98	102068084	32979
chr11	102035105	102235105	harbor2	chr11	102085097	102085249	SINE/MIR	527	+	76	102085173	50068
chr11	102035105	102235105	harbor2	chr11	102085580	102085705	SINE/MIR	527	+	62	102085642	50537
chr11	126495669	126695669	harbor2	chr11	126508648	126508887	SINE/MIR	601	+	120	126508768	13099
chr11	126495669	126695669	harbor2	chr11	126524057	126524304	SINE/MIR	704	+	124	126524181	28512
chr11	126495669	126695669	harbor2	chr11	126533682	126533876	SINE/MIR	531	+	97	126533779	38110
chr11	126495669	126695669	harbor2	chr11	126537602	126537820	SINE/MIR	655	+	109	126537711	42042
chr11	126495669	126695669	harbor2	chr11	126539047	126539220	SINE/MIR	470	+	86	126539133	43464
chr11	126495669	126695669	harbor2	chr11	126545900	126546115	SINE/MIR	682	+	108	126546008	50339
chr11	126495669	126695669	harbor2	chr11	126547868	126548034	SINE/MIR	393	+	83	126547951	52282
chr11	126495669	126695669	harbor2	chr11	126568566	126568808	SINE/MIR	463	+	121	126568687	73018
chr11	126495669	126695669	harbor2	chr11	126583532	126583769	SINE/MIR	733	+	118	126583650	87981
chr11	126495669	126695669	harbor2	chr11	126588000	126588182	SINE/MIR	577	+	91	126588091	92422
chr11	126495669	126695669	harbor2	chr11	126588194	126588400	SINE/MIR	552	+	103	126588297	92628
chr11	59250997	59450997	harbor2	chr11	59263964	59264167	SINE/MIR	400	+	102	59264066	13069
chr11	59250997	59450997	harbor2	chr11	59310939	59311073	SINE/MIR	375	+	67	59311006	60009
chr11	59250997	59450997	harbor2	chr11	59314974	59315176	SINE/MIR	578	+	101	59315075	64078
chr11	115988127	116188127	harbor2	chr11	116050282	116050510	SINE/MIR	434	+	114	116050396	62269
chr11	115988127	116188127	harbor2	chr11	116052204	116052350	SINE/MIR	413	+	73	116052277	64150
chr11	115988127	116188127	harbor2	chr11	116060506	116060712	SINE/MIR	585	+	103	116060609	72482
chr11	115988127	116188127	harbor2	chr11	116061129	116061380	SINE/MIR	484	+	126	116061255	73128
chr11	115988127	116188127	harbor2	chr11	116067077	116067269	SINE/MIR	574	+	96	116067173	79046
chr11	115988127	116188127	harbor2	chr11	116075518	116075716	SINE/MIR	381	+	99	116075617	87490
chr11	115988127	116188127	harbor2	chr11	116081526	116081628	SINE/MIR	397	+	51	116081577	93450
chr11	115988127	116188127	harbor2	chr11	116081922	116081957	SINE/MIR	397	+	18	116081940	93813
chr11	115988127	116188127	harbor2	chr11	116047713	116047953	SINE/MIR	737	+	120	116047833	59706
chr11	81291438	81491438	harbor2	chr11	81305342	81305579	SINE/MIR	609	+	118	81305460	14022
chr11	81291438	81491438	harbor2	chr11	81312267	81312499	SINE/MIR	440	+	116	81312383	20945
chr11	81291438	81491438	harbor2	chr11	81376304	81376496	SINE/MIR	496	+	96	81376400	84962
chr11	81291438	81491438	harbor2	chr11	81380623	81380895	SINE/MIR	584	+	136	81380759	89321
chr11	81291438	81491438	harbor2	chr11	81391043	81391251	SINE/MIR	531	+	104	81391147	99709
chr11	96303532	96503532	harbor2	chr11	96310721	96310864	SINE/MIR	428	+	72	96310793	7261
chr11	96303532	96503532	harbor2	chr11	96324160	96324390	SINE/MIR	721	+	115	96324275	20743
chr11	96303532	96503532	harbor2	chr11	96366476	96366604	SINE/MIR	457	+	64	96366540	63008
chr11	68273088	68473088	harbor2	chr11	68315414	68315564	SINE/MIR	368	+	75	68315489	42401
chr11	68273088	68473088	harbor2	chr11	68325744	68325901	SINE/MIR	367	+	78	68325822	52734
chr11	68273088	68473088	harbor2	chr11	68372469	68372645	SINE/MIR	389	+	88	68372557	99469
chr11	15935050	16135050	harbor2	chr11	15962161	15962310	SINE/MIR	424	+	74	15962235	27185
chr11	15935050	16135050	harbor2	chr11	15976236	15976435	SINE/MIR	598	+	100	15976336	41286
chr11	15935050	16135050	harbor2	chr11	15982181	15982418	SINE/MIR	667	+	118	15982299	47249
chr11	15935050	16135050	harbor2	chr11	16004804	16005016	SINE/MIR	713	+	106	16004910	69860
chr11	15935050	16135050	harbor2	chr11	16012655	16012889	SINE/MIR	684	+	117	16012772	77722
chr11	15935050	16135050	harbor2	chr11	16026113	16026189	SINE/MIR	435	+	38	16026151	91101
chr11	134025000	134225000	harbor2	chr11	134029055	134029272	SINE/MIR	463	+	108	134029163	4163
chr11	134025000	134225000	harbor2	chr11	134043200	134043324	SINE/MIR	412	+	62	134043262	18262
chr11	134125356	134325356	harbor2	chr11	134154017	134154213	SINE/MIR	557	+	98	134154115	28759
chr11	127026399	127226399	harbor2	chr11	127038254	127038443	SINE/MIR	558	+	94	127038348	11949
chr11	127026399	127226399	harbor2	chr11	127040170	127040323	SINE/MIR	444	+	76	127040246	13847
chr11	127026399	127226399	harbor2	chr11	127102228	127102393	SINE/MIR	695	+	82	127102310	75911
chr11	127026399	127226399	harbor2	chr11	127105177	127105386	SINE/MIR	483	+	104	127105281	78882
chr11	127026399	127226399	harbor2	chr11	127111232	127111409	SINE/MIR	509	+	88	127111320	84921
chr11	127026399	127226399	harbor2	chr11	127112425	127112635	SINE/MIR	422	+	105	127112530	86131
chr11	127026399	127226399	harbor2	chr11	127114826	127115037	SINE/MIR	495	+	106	127114932	88533
chr11	107303657	107503657	harbor2	chr11	107329451	107329637	SINE/MIR	881	+	93	107329544	25887
chr11	107303657	107503657	harbor2	chr11	107382332	107382528	SINE/MIR	441	+	98	107382430	78773
chr11	125207210	125407210	harbor2	chr11	125210886	125211090	SINE/MIR	503	+	102	125210988	3778
chr11	125207210	125407210	harbor2	chr11	125238844	125239058	SINE/MIR	472	+	107	125238951	31741
chr11	125207210	125407210	harbor2	chr11	125242939	125243131	SINE/MIR	517	+	96	125243035	35825
chr11	125207210	125407210	harbor2	chr11	125254454	125254600	SINE/MIR	520	+	73	125254527	47317
chr11	125207210	125407210	harbor2	chr11	125257486	125257715	SINE/MIR	573	+	114	125257600	50390
chr11	125207210	125407210	harbor2	chr11	125260873	125261097	SINE/MIR	622	+	112	125260985	53775
chr11	125207210	125407210	harbor2	chr11	125265954	125266145	SINE/MIR	383	+	96	125266050	58840
chr11	125207210	125407210	harbor2	chr11	125273637	125273793	SINE/MIR	567	+	78	125273715	66505
chr11	125207210	125407210	harbor2	chr11	125281426	125281648	SINE/MIR	512	+	111	125281537	74327
chr11	125207210	125407210	harbor2	chr11	125282189	125282423	SINE/MIR	670	+	117	125282306	75096
chr11	125207210	125407210	harbor2	chr11	125283966	125284183	SINE/MIR	766	+	108	125284074	76864
chr11	125207210	125407210	harbor2	chr11	125285379	125285586	SINE/MIR	389	+	104	125285483	78273
chr11	125207210	125407210	harbor2	chr11	125294614	125294808	SINE/MIR	555	+	97	125294711	87501
chr11	125207210	125407210	harbor2	chr11	125299482	125299692	SINE/MIR	575	+	105	125299587	92377
chr11	44457288	44657288	harbor2	chr11	44459146	44459320	SINE/MIR	439	+	87	44459233	1945
chr11	44457288	44657288	harbor2	chr11	44465250	44465339	SINE/MIR	383	+	44	44465294	8006
chr11	44457288	44657288	harbor2	chr11	44470515	44470639	SINE/MIR	417	+	62	44470577	13289
chr11	44457288	44657288	harbor2	chr11	44474639	44474815	SINE/MIR	613	+	88	44474727	17439
chr11	44457288	44657288	harbor2	chr11	44489898	44490147	SINE/MIR	1011	+	124	44490022	32734
chr11	44457288	44657288	harbor2	chr11	44495744	44495887	SINE/MIR	370	+	72	44495816	38528
chr11	44457288	44657288	harbor2	chr11	44497011	44497162	SINE/MIR	411	+	76	44497087	39799
chr11	44457288	44657288	harbor2	chr11	44510186	44510350	SINE/MIR	398	+	82	44510268	52980
chr11	44457288	44657288	harbor2	chr11	44523751	44523928	SINE/MIR	535	+	88	44523839	66551
chr11	44457288	44657288	harbor2	chr11	44527258	44527458	SINE/MIR	447	+	100	44527358	70070
chr11	44457288	44657288	harbor2	chr11	44528452	44528587	SINE/MIR	401	+	68	44528520	71232
chr11	44457288	44657288	harbor2	chr11	44534504	44534599	SINE/MIR	384	+	48	44534552	77264
chr11	44457288	44657288	harbor2	chr11	44535670	44535895	SINE/MIR	666	+	112	44535782	78494
chr11	44457288	44657288	harbor2	chr11	44543782	44543977	SINE/MIR	433	+	98	44543880	86592
chr11	132267467	132467467	harbor2	chr11	132318199	132318382	SINE/MIR	445	+	92	132318291	50824
chr11	132267467	132467467	harbor2	chr11	132351455	132351553	SINE/MIR	376	+	49	132351504	84037
chr11	50130739	50330739	harbor2	chr11	50134110	50134309	SINE/MIR	718	+	100	50134210	3471
chr11	50130739	50330739	harbor2	chr11	50136028	50136252	SINE/MIR	504	+	112	50136140	5401
chr11	50130739	50330739	harbor2	chr11	50140351	50140508	SINE/MIR	386	+	78	50140429	9690
chr11	50130739	50330739	harbor2	chr11	50164675	50164853	SINE/MIR	488	+	89	50164764	34025
chr11	50130739	50330739	harbor2	chr11	50168981	50169078	SINE/MIR	474	+	48	50169029	38290
chr11	50130739	50330739	harbor2	chr11	50220476	50220585	SINE/MIR	422	+	54	50220530	89791
chr11	131109189	131309189	harbor2	chr11	131110400	131110530	SINE/MIR	467	+	65	131110465	1276
chr11	131109189	131309189	harbor2	chr11	131117740	131117861	SINE/MIR	370	+	60	131117800	8611
chr11	131109189	131309189	harbor2	chr11	131119944	131120052	SINE/MIR	399	+	54	131119998	10809
chr11	131109189	131309189	harbor2	chr11	131158731	131158911	SINE/MIR	480	+	90	131158821	49632
chr11	131109189	131309189	harbor2	chr11	131179660	131179899	SINE/MIR	665	+	120	131179780	70591
chr11	131109189	131309189	harbor2	chr11	131182761	131182911	SINE/MIR	476	+	75	131182836	73647
chr11	97400297	97600297	harbor2	chr11	97491849	97492038	SINE/MIR	475	+	94	97491943	91646
chr11	105300891	105500891	harbor2	chr11	105305609	105305830	SINE/MIR	620	+	110	105305719	4828
chr11	134840767	135040767	harbor2	chr11	134865966	134866131	SINE/MIR	451	+	82	134866048	25281
chr11	134840767	135040767	harbor2	chr11	134881188	134881390	SINE/MIR	386	+	101	134881289	40522
chr11	134840767	135040767	harbor2	chr11	134908133	134908286	SINE/MIR	390	+	76	134908209	67442
chr11	134840767	135040767	harbor2	chr11	134910774	134911019	SINE/MIR	648	+	122	134910896	70129
chr11	116746118	116946118	harbor2	chr11	116766491	116766708	SINE/MIR	795	+	108	116766599	20481
chr11	116746118	116946118	harbor2	chr11	116786571	116786754	SINE/MIR	616	+	92	116786663	40545
chr11	116746118	116946118	harbor2	chr11	116806434	116806533	SINE/MIR	671	+	50	116806484	60366
chr11	116746118	116946118	harbor2	chr11	116806852	116806985	SINE/MIR	671	+	66	116806918	60800
chr11	116746118	116946118	harbor2	chr11	116825979	116826193	SINE/MIR	801	+	107	116826086	79968
chr11	116746118	116946118	harbor2	chr11	116833120	116833345	SINE/MIR	438	+	112	116833232	87114
chr11	116746118	116946118	harbor2	chr11	116833552	116833692	SINE/MIR	379	+	70	116833622	87504
chr11	116746118	116946118	harbor2	chr11	116838451	116838658	SINE/MIR	405	+	104	116838555	92437
chr11	119072439	119272439	harbor2	chr11	119085818	119086041	SINE/MIR	507	+	112	119085930	13491
chr11	119072439	119272439	harbor2	chr11	119091109	119091284	SINE/MIR	859	+	88	119091197	18758
chr11	119072439	119272439	harbor2	chr11	119098716	119098902	SINE/MIR	447	+	93	119098809	26370
chr11	119072439	119272439	harbor2	chr11	119100101	119100125	SINE/MIR	373	+	12	119100113	27674
chr11	119072439	119272439	harbor2	chr11	119117391	119117599	SINE/MIR	751	+	104	119117495	45056
chr11	119072439	119272439	harbor2	chr11	119117781	119117948	SINE/MIR	569	+	84	119117865	45426
chr11	119072439	119272439	harbor2	chr11	119125972	119126071	SINE/MIR	494	+	50	119126022	53583
chr11	119072439	119272439	harbor2	chr11	119126374	119126467	SINE/MIR	494	+	46	119126420	53981
chr11	119072439	119272439	harbor2	chr11	119146068	119146246	SINE/MIR	451	+	89	119146157	73718
chr11	119072439	119272439	harbor2	chr11	119147658	119147823	SINE/MIR	456	+	82	119147740	75301
chr11	119072439	119272439	harbor2	chr11	119151827	119152004	SINE/MIR	466	+	88	119151915	79476
chr11	119072439	119272439	harbor2	chr11	119157334	119157471	SINE/MIR	436	+	68	119157402	84963
chr11	119072439	119272439	harbor2	chr11	119159454	119159641	SINE/MIR	814	+	94	119159548	87109
chr11	119072439	119272439	harbor2	chr11	119168503	119168673	SINE/MIR	493	+	85	119168588	96149
chr11	119072439	119272439	harbor2	chr11	119171550	119171670	SINE/MIR	440	+	60	119171610	99171
chr11	119072439	119272439	harbor2	chr11	119171972	119172033	SINE/MIR	440	+	30	119172002	99563
chr11	134811151	135011151	harbor2	chr11	134865966	134866131	SINE/MIR	451	+	82	134866048	54897
chr11	134811151	135011151	harbor2	chr11	134881188	134881390	SINE/MIR	386	+	101	134881289	70138
chr11	134811151	135011151	harbor2	chr11	134908133	134908286	SINE/MIR	390	+	76	134908209	97058
chr11	134811151	135011151	harbor2	chr11	134910774	134911019	SINE/MIR	648	+	122	134910896	99745
chr11	84027708	84227708	harbor2	chr11	84044063	84044275	SINE/MIR	532	+	106	84044169	16461
chr11	84027708	84227708	harbor2	chr11	84061129	84061347	SINE/MIR	611	+	109	84061238	33530
chr11	84027708	84227708	harbor2	chr11	84062222	84062392	SINE/MIR	386	+	85	84062307	34599
chr11	84027708	84227708	harbor2	chr11	84064390	84064648	SINE/MIR	727	+	129	84064519	36811
chr11	84027708	84227708	harbor2	chr11	84094096	84094342	SINE/MIR	818	+	123	84094219	66511
chr11	84027708	84227708	harbor2	chr11	84105229	84105370	SINE/MIR	430	+	70	84105299	77591
chr11	84027708	84227708	harbor2	chr11	84112811	84112948	SINE/MIR	371	+	68	84112879	85171
chr11	84027708	84227708	harbor2	chr11	84121204	84121296	SINE/MIR	383	+	46	84121250	93542
chr11	84027708	84227708	harbor2	chr11	84123127	84123290	SINE/MIR	452	+	82	84123209	95501
chr11	96982112	97182112	harbor2	chr11	97008041	97008208	SINE/MIR	390	+	84	97008125	26013
chr11	131765004	131965004	harbor2	chr11	131791803	131792019	SINE/MIR	448	+	108	131791911	26907
chr11	131765004	131965004	harbor2	chr11	131799832	131800080	SINE/MIR	468	+	124	131799956	34952
chr11	131765004	131965004	harbor2	chr11	131813771	131814003	SINE/MIR	569	+	116	131813887	48883
chr11	131765004	131965004	harbor2	chr11	131821461	131821639	SINE/MIR	436	+	89	131821550	56546
chr11	131765004	131965004	harbor2	chr11	131828004	131828244	SINE/MIR	638	+	120	131828124	63120
chr11	131765004	131965004	harbor2	chr11	131838403	131838574	SINE/MIR	401	+	86	131838489	73485
chr11	131765004	131965004	harbor2	chr11	131859558	131859775	SINE/MIR	467	+	108	131859666	94662
chr11	101791681	101991681	harbor2	chr11	101803572	101803731	SINE/MIR	522	+	80	101803652	11971
chr11	101791681	101991681	harbor2	chr11	101845474	101845694	SINE/MIR	541	+	110	101845584	53903
chr11	101791681	101991681	harbor2	chr11	101886157	101886374	SINE/MIR	466	+	108	101886265	94584
chr11	131041936	131241936	harbor2	chr11	131078404	131078577	SINE/MIR	491	+	86	131078490	36554
chr11	131041936	131241936	harbor2	chr11	131110400	131110530	SINE/MIR	467	+	65	131110465	68529
chr11	131041936	131241936	harbor2	chr11	131117740	131117861	SINE/MIR	370	+	60	131117800	75864
chr11	131041936	131241936	harbor2	chr11	131119944	131120052	SINE/MIR	399	+	54	131119998	78062
chr11	111268056	111468056	harbor2	chr11	111272326	111272509	SINE/MIR	531	+	92	111272418	4362
chr11	111268056	111468056	harbor2	chr11	111274800	111275052	SINE/MIR	503	+	126	111274926	6870
chr11	111268056	111468056	harbor2	chr11	111295401	111295424	SINE/MIR	373	+	12	111295413	27357
chr11	111268056	111468056	harbor2	chr11	111295717	111295856	SINE/MIR	420	+	70	111295787	27731
chr11	111268056	111468056	harbor2	chr11	111301571	111301812	SINE/MIR	714	+	120	111301691	33635
chr11	111268056	111468056	harbor2	chr11	111321317	111321435	SINE/MIR	381	+	59	111321376	53320
chr11	111268056	111468056	harbor2	chr11	111322838	111322964	SINE/MIR	555	+	63	111322901	54845
chr11	111268056	111468056	harbor2	chr11	111323607	111323767	SINE/MIR	402	+	80	111323687	55631
chr11	111268056	111468056	harbor2	chr11	111328444	111328602	SINE/MIR	389	+	79	111328523	60467
chr11	111268056	111468056	harbor2	chr11	111331161	111331281	SINE/MIR	476	+	60	111331221	63165
chr11	111268056	111468056	harbor2	chr11	111333806	111334059	SINE/MIR	589	+	126	111333932	65876
chr11	111268056	111468056	harbor2	chr11	111338453	111338691	SINE/MIR	433	+	119	111338572	70516
chr11	111268056	111468056	harbor2	chr11	111345846	111346014	SINE/MIR	483	+	84	111345930	77874
chr11	111268056	111468056	harbor2	chr11	111359453	111359592	SINE/MIR	473	+	70	111359523	91467
chr11	111268056	111468056	harbor2	chr11	111361360	111361587	SINE/MIR	745	+	114	111361474	93418
chr11	125481315	125681315	harbor2	chr11	125489933	125490149	SINE/MIR	682	+	108	125490041	8726
chr11	125481315	125681315	harbor2	chr11	125492583	125492807	SINE/MIR	672	+	112	125492695	11380
chr11	125481315	125681315	harbor2	chr11	125497627	125497705	SINE/MIR	486	+	39	125497666	16351
chr11	125481315	125681315	harbor2	chr11	125498002	125498098	SINE/MIR	486	+	48	125498050	16735
chr11	125481315	125681315	harbor2	chr11	125498688	125498879	SINE/MIR	615	+	96	125498784	17469
chr11	125481315	125681315	harbor2	chr11	125508381	125508544	SINE/MIR	421	+	82	125508463	27148
chr11	130506283	130706283	harbor2	chr11	130555451	130555577	SINE/MIR	376	+	63	130555514	49231
chr11	130506283	130706283	harbor2	chr11	130562789	130562969	SINE/MIR	530	+	90	130562879	56596
chr11	130506283	130706283	harbor2	chr11	130581044	130581273	SINE/MIR	592	+	114	130581158	74875
chr11	130506283	130706283	harbor2	chr11	130584758	130584882	SINE/MIR	369	+	62	130584820	78537
chr11	130506283	130706283	harbor2	chr11	130603476	130603677	SINE/MIR	562	+	100	130603576	97293
chr11	130506283	130706283	harbor2	chr11	130603885	130604068	SINE/MIR	638	+	92	130603977	97694
chr11	130506283	130706283	harbor2	chr11	130605438	130605586	SINE/MIR	571	+	74	130605512	99229
chr11	130506283	130706283	harbor2	chr11	130605866	130605996	SINE/MIR	413	+	65	130605931	99648
chr11	120339062	120539062	harbor2	chr11	120349516	120349751	SINE/MIR	677	+	118	120349634	10572
chr11	120339062	120539062	harbor2	chr11	120370905	120371096	SINE/MIR	491	+	96	120371001	31939
chr11	120339062	120539062	harbor2	chr11	120372684	120372855	SINE/MIR	410	+	86	120372770	33708
chr11	120339062	120539062	harbor2	chr11	120390755	120391005	SINE/MIR	660	+	125	120390880	51818
chr11	101353004	101553004	harbor2	chr11	101353259	101353443	SINE/MIR	483	+	92	101353351	347
chr11	101353004	101553004	harbor2	chr11	101364045	101364241	SINE/MIR	513	+	98	101364143	11139
chr11	101353004	101553004	harbor2	chr11	101370281	101370491	SINE/MIR	454	+	105	101370386	17382
chr11	101353004	101553004	harbor2	chr11	101373038	101373200	SINE/MIR	601	+	81	101373119	20115
chr11	101353004	101553004	harbor2	chr11	101399364	101399560	SINE/MIR	552	+	98	101399462	46458
chr11	101353004	101553004	harbor2	chr11	101406100	101406262	SINE/MIR	499	+	81	101406181	53177
chr11	101353004	101553004	harbor2	chr11	101437825	101438012	SINE/MIR	486	+	94	101437919	84915
chr11	101353004	101553004	harbor2	chr11	101450369	101450512	SINE/MIR	396	+	72	101450441	97437
chr11	132897692	133097692	harbor2	chr11	132905716	132905908	SINE/MIR	416	+	96	132905812	8120
chr11	132897692	133097692	harbor2	chr11	132964349	132964556	SINE/MIR	499	+	104	132964453	66761
chr11	62187982	62387982	harbor2	chr11	62265992	62266142	SINE/MIR	408	+	75	62266067	78085
chr11	130335148	130535148	harbor2	chr11	130407732	130407948	SINE/MIR	730	+	108	130407840	72692
chr11	130335148	130535148	harbor2	chr11	130418407	130418585	SINE/MIR	483	+	89	130418496	83348
chr11	25785849	25985849	harbor2	chr11	25789457	25789656	SINE/MIR	453	+	100	25789557	3708
chr11	25785849	25985849	harbor2	chr11	25843437	25843602	SINE/MIR	392	+	82	25843519	57670
chr11	25785849	25985849	harbor2	chr11	25845971	25846089	SINE/MIR	386	+	59	25846030	60181
chr11	25785849	25985849	harbor2	chr11	25868916	25869176	SINE/MIR	585	+	130	25869046	83197
chr11	122753206	122953206	harbor2	chr11	122756866	122757030	SINE/MIR	408	+	82	122756948	3742
chr11	122753206	122953206	harbor2	chr11	122785622	122785855	SINE/MIR	579	+	116	122785738	32532
chr11	122753206	122953206	harbor2	chr11	122791224	122791398	SINE/MIR	651	+	87	122791311	38105
chr11	122753206	122953206	harbor2	chr11	122804453	122804697	SINE/MIR	399	+	122	122804575	51369
chr11	122753206	122953206	harbor2	chr11	122839250	122839419	SINE/MIR	469	+	84	122839334	86128
chr11	36334086	36534086	harbor2	chr11	36347890	36348091	SINE/MIR	492	+	100	36347990	13904
chr11	36334086	36534086	harbor2	chr11	36354064	36354241	SINE/MIR	459	+	88	36354152	20066
chr11	36334086	36534086	harbor2	chr11	36359068	36359209	SINE/MIR	531	+	70	36359138	25052
chr11	36334086	36534086	harbor2	chr11	36364030	36364259	SINE/MIR	857	+	114	36364144	30058
chr11	36334086	36534086	harbor2	chr11	36364368	36364604	SINE/MIR	669	+	118	36364486	30400
chr11	36334086	36534086	harbor2	chr11	36366154	36366323	SINE/MIR	543	+	84	36366238	32152
chr11	36334086	36534086	harbor2	chr11	36382254	36382425	SINE/MIR	484	+	86	36382340	48254
chr11	36334086	36534086	harbor2	chr11	36383008	36383220	SINE/MIR	567	+	106	36383114	49028
chr11	36334086	36534086	harbor2	chr11	36386660	36386853	SINE/MIR	483	+	96	36386756	52670
chr11	36334086	36534086	harbor2	chr11	36390440	36390611	SINE/MIR	447	+	86	36390526	56440
chr11	36334086	36534086	harbor2	chr11	36396936	36397049	SINE/MIR	368	+	56	36396992	62906
chr11	36334086	36534086	harbor2	chr11	36406860	36407087	SINE/MIR	754	+	114	36406974	72888
chr11	36334086	36534086	harbor2	chr11	36410497	36410622	SINE/MIR	436	+	62	36410559	76473
chr11	36334086	36534086	harbor2	chr11	36418377	36418521	SINE/MIR	497	+	72	36418449	84363
chr11	36334086	36534086	harbor2	chr11	36418816	36418918	SINE/MIR	497	+	51	36418867	84781
chr11	36334086	36534086	harbor2	chr11	36420088	36420317	SINE/MIR	610	+	114	36420202	86116
chr11	36334086	36534086	harbor2	chr11	36420335	36420576	SINE/MIR	1041	+	120	36420455	86369
chr11	36334086	36534086	harbor2	chr11	36426317	36426509	SINE/MIR	396	+	96	36426413	92327
chr11	36334086	36534086	harbor2	chr11	36426567	36426756	SINE/MIR	489	+	94	36426661	92575
chr11	39441878	39641878	harbor2	chr11	39471953	39472173	SINE/MIR	773	+	110	39472063	30185
chr11	39441878	39641878	harbor2	chr11	39496964	39497186	SINE/MIR	527	+	111	39497075	55197
chr11	129314371	129514371	harbor2	chr11	129317543	129317678	SINE/MIR	514	+	68	129317611	3240
chr11	129314371	129514371	harbor2	chr11	129320765	129320846	SINE/MIR	421	+	40	129320805	6434
chr11	129314371	129514371	harbor2	chr11	129321030	129321140	SINE/MIR	391	+	55	129321085	6714
chr11	129314371	129514371	harbor2	chr11	129323161	129323366	SINE/MIR	625	+	102	129323263	8892
chr11	129314371	129514371	harbor2	chr11	129364849	129365079	SINE/MIR	643	+	115	129364964	50593
chr11	129314371	129514371	harbor2	chr11	129388855	129389033	SINE/MIR	745	+	89	129388944	74573
chr11	129314371	129514371	harbor2	chr11	129389036	129389217	SINE/MIR	721	+	90	129389126	74755
chr11	129314371	129514371	harbor2	chr11	129402189	129402391	SINE/MIR	434	+	101	129402290	87919
chr11	128841021	129041021	harbor2	chr11	128846121	128846367	SINE/MIR	574	+	123	128846244	5223
chr11	128841021	129041021	harbor2	chr11	128879534	128879763	SINE/MIR	450	+	114	128879648	38627
chr11	128841021	129041021	harbor2	chr11	128887326	128887348	SINE/MIR	403	+	11	128887337	46316
chr11	128841021	129041021	harbor2	chr11	128888007	128888213	SINE/MIR	403	+	103	128888110	47089
chr11	128841021	129041021	harbor2	chr11	128898357	128898497	SINE/MIR	430	+	70	128898427	57406
chr11	128841021	129041021	harbor2	chr11	128899123	128899344	SINE/MIR	736	+	110	128899233	58212
chr11	128841021	129041021	harbor2	chr11	128901173	128901394	SINE/MIR	669	+	110	128901283	60262
chr11	128841021	129041021	harbor2	chr11	128903959	128904188	SINE/MIR	535	+	114	128904073	63052
chr11	128841021	129041021	harbor2	chr11	128910017	128910160	SINE/MIR	444	+	72	128910089	69068
chr11	72616375	72816375	harbor2	chr11	72629723	72629914	SINE/MIR	511	+	96	72629819	13444
chr11	72616375	72816375	harbor2	chr11	72633947	72634070	SINE/MIR	467	+	62	72634009	17634
chr11	72616375	72816375	harbor2	chr11	72645169	72645317	SINE/MIR	460	+	74	72645243	28868
chr11	72616375	72816375	harbor2	chr11	72651479	72651703	SINE/MIR	452	+	112	72651591	35216
chr11	72616375	72816375	harbor2	chr11	72655553	72655770	SINE/MIR	479	+	108	72655661	39286
chr11	72616375	72816375	harbor2	chr11	72668223	72668456	SINE/MIR	540	+	116	72668339	51964
chr11	72616375	72816375	harbor2	chr11	72676517	72676697	SINE/MIR	429	+	90	72676607	60232
chr11	72616375	72816375	harbor2	chr11	72691123	72691279	SINE/MIR	369	+	78	72691201	74826
chr11	72616375	72816375	harbor2	chr11	72706868	72707036	SINE/MIR	421	+	84	72706952	90577
chr11	72616375	72816375	harbor2	chr11	72715067	72715253	SINE/MIR	650	+	93	72715160	98785
chr11	96809802	97009802	harbor2	chr11	96835980	96836137	SINE/MIR	386	+	78	96836058	26256
chr11	96809802	97009802	harbor2	chr11	96837004	96837170	SINE/MIR	506	+	83	96837087	27285
chr11	96809802	97009802	harbor2	chr11	96879186	96879364	SINE/MIR	420	+	89	96879275	69473
chr11	96809802	97009802	harbor2	chr11	96886752	96886916	SINE/MIR	585	+	82	96886834	77032
chr11	122206826	122406826	harbor2	chr11	122212797	122213011	SINE/MIR	469	+	107	122212904	6078
chr11	122206826	122406826	harbor2	chr11	122245304	122245502	SINE/MIR	412	+	99	122245403	38577
chr11	122206826	122406826	harbor2	chr11	122250352	122250553	SINE/MIR	430	+	100	122250452	43626
chr11	122206826	122406826	harbor2	chr11	122269401	122269609	SINE/MIR	629	+	104	122269505	62679
chr11	122206826	122406826	harbor2	chr11	122283894	122284119	SINE/MIR	652	+	112	122284006	77180
chr11	122206826	122406826	harbor2	chr11	122286171	122286343	SINE/MIR	501	+	86	122286257	79431
chr11	122206826	122406826	harbor2	chr11	122288221	122288469	SINE/MIR	620	+	124	122288345	81519
chr11	122206826	122406826	harbor2	chr11	122295657	122295853	SINE/MIR	529	+	98	122295755	88929
chr11	133566798	133766798	harbor2	chr11	133577825	133578022	SINE/MIR	592	+	98	133577923	11125
chr11	133566798	133766798	harbor2	chr11	133624044	133624256	SINE/MIR	456	+	106	133624150	57352
chr11	133566798	133766798	harbor2	chr11	133659038	133659263	SINE/MIR	636	+	112	133659150	92352
chr11	133566798	133766798	harbor2	chr11	133664685	133664782	SINE/MIR	374	+	48	133664733	97935
chr11	121443829	121643829	harbor2	chr11	121447981	121448222	SINE/MIR	457	+	120	121448101	4272
chr11	121443829	121643829	harbor2	chr11	121474040	121474166	SINE/MIR	429	+	63	121474103	30274
chr11	121443829	121643829	harbor2	chr11	121475683	121475825	SINE/MIR	402	+	71	121475754	31925
chr11	121443829	121643829	harbor2	chr11	121485394	121485577	SINE/MIR	535	+	92	121485486	41657
chr11	121443829	121643829	harbor2	chr11	121532155	121532335	SINE/MIR	420	+	90	121532245	88416
chr11	119124851	119324851	harbor2	chr11	119125972	119126071	SINE/MIR	494	+	50	119126022	1171
chr11	119124851	119324851	harbor2	chr11	119126374	119126467	SINE/MIR	494	+	46	119126420	1569
chr11	119124851	119324851	harbor2	chr11	119146068	119146246	SINE/MIR	451	+	89	119146157	21306
chr11	119124851	119324851	harbor2	chr11	119147658	119147823	SINE/MIR	456	+	82	119147740	22889
chr11	119124851	119324851	harbor2	chr11	119151827	119152004	SINE/MIR	466	+	88	119151915	27064
chr11	119124851	119324851	harbor2	chr11	119157334	119157471	SINE/MIR	436	+	68	119157402	32551
chr11	119124851	119324851	harbor2	chr11	119159454	119159641	SINE/MIR	814	+	94	119159548	34697
chr11	119124851	119324851	harbor2	chr11	119168503	119168673	SINE/MIR	493	+	85	119168588	43737
chr11	119124851	119324851	harbor2	chr11	119171550	119171670	SINE/MIR	440	+	60	119171610	46759
chr11	119124851	119324851	harbor2	chr11	119171972	119172033	SINE/MIR	440	+	30	119172002	47151
chr11	119124851	119324851	harbor2	chr11	119176854	119177074	SINE/MIR	835	+	110	119176964	52113
chr11	119124851	119324851	harbor2	chr11	119177382	119177398	SINE/MIR	835	+	8	119177390	52539
chr11	134582088	134782088	harbor2	chr11	134633645	134633830	SINE/MIR	483	+	92	134633737	51649
chr11	134582088	134782088	harbor2	chr11	134640245	134640492	SINE/MIR	393	+	124	134640369	58281
chr11	134582088	134782088	harbor2	chr11	134678073	134678205	SINE/MIR	410	+	66	134678139	96051
chr11	134582088	134782088	harbor2	chr11	134643594	134643817	SINE/MIR	537	+	112	134643706	61618
chr11	134227707	134427707	harbor2	chr11	134234354	134234533	SINE/MIR	430	+	90	134234444	6737
chr11	134227707	134427707	harbor2	chr11	134251348	134251512	SINE/MIR	456	+	82	134251430	23723
chr11	134227707	134427707	harbor2	chr11	134272591	134272784	SINE/MIR	572	+	96	134272687	44980
chr11	134227707	134427707	harbor2	chr11	134307679	134307877	SINE/MIR	447	+	99	134307778	80071
chr11	72482129	72682129	harbor2	chr11	72484216	72484437	SINE/MIR	1076	+	110	72484326	2197
chr11	72482129	72682129	harbor2	chr11	72524012	72524224	SINE/MIR	587	+	106	72524118	41989
chr11	72482129	72682129	harbor2	chr11	72579714	72579905	SINE/MIR	521	+	96	72579810	97681
chr11	126645293	126845293	harbor2	chr11	126653304	126653531	SINE/MIR	444	+	114	126653418	8125
chr11	126645293	126845293	harbor2	chr11	126665765	126666008	SINE/MIR	705	+	122	126665887	20594
chr11	126645293	126845293	harbor2	chr11	126682306	126682417	SINE/MIR	612	+	56	126682362	37069
chr11	126645293	126845293	harbor2	chr11	126683473	126683618	SINE/MIR	411	+	72	126683545	38252
chr11	126645293	126845293	harbor2	chr11	126696807	126697008	SINE/MIR	466	+	100	126696907	51614
chr11	126645293	126845293	harbor2	chr11	126702053	126702272	SINE/MIR	555	+	110	126702163	56870
chr11	126645293	126845293	harbor2	chr11	126721100	126721248	SINE/MIR	477	+	74	126721174	75881
chr11	126645293	126845293	harbor2	chr11	126721547	126721617	SINE/MIR	477	+	35	126721582	76289
chr11	126645293	126845293	harbor2	chr11	126725816	126725900	SINE/MIR	399	+	42	126725858	80565
chr11	126645293	126845293	harbor2	chr11	126743612	126743823	SINE/MIR	700	+	106	126743718	98425
chr11	126050602	126250602	harbor2	chr11	126066843	126067101	SINE/MIR	430	+	129	126066972	16370
chr11	126050602	126250602	harbor2	chr11	126071386	126071500	SINE/MIR	391	+	57	126071443	20841
chr11	126050602	126250602	harbor2	chr11	126073456	126073542	SINE/MIR	467	+	43	126073499	22897
chr11	126050602	126250602	harbor2	chr11	126073841	126073946	SINE/MIR	467	+	52	126073893	23291
chr11	126050602	126250602	harbor2	chr11	126080779	126080922	SINE/MIR	673	+	72	126080851	30249
chr11	126050602	126250602	harbor2	chr11	126087800	126087997	SINE/MIR	581	+	98	126087898	37296
chr11	126050602	126250602	harbor2	chr11	126095443	126095648	SINE/MIR	537	+	102	126095545	44943
chr11	126050602	126250602	harbor2	chr11	126100630	126100748	SINE/MIR	368	+	59	126100689	50087
chr11	126050602	126250602	harbor2	chr11	126102033	126102160	SINE/MIR	551	+	64	126102097	51495
chr11	126050602	126250602	harbor2	chr11	126109337	126109565	SINE/MIR	598	+	114	126109451	58849
chr11	126050602	126250602	harbor2	chr11	126117096	126117289	SINE/MIR	447	+	96	126117192	66590
chr11	126050602	126250602	harbor2	chr11	126119465	126119675	SINE/MIR	636	+	105	126119570	68968
chr11	126050602	126250602	harbor2	chr11	126126729	126126947	SINE/MIR	588	+	109	126126838	76236
chr11	126050602	126250602	harbor2	chr11	126128508	126128722	SINE/MIR	610	+	107	126128615	78013
chr11	126050602	126250602	harbor2	chr11	126129911	126130090	SINE/MIR	399	+	90	126130001	79399
chr11	126050602	126250602	harbor2	chr11	126133529	126133712	SINE/MIR	494	+	92	126133621	83019
chr11	126050602	126250602	harbor2	chr11	126136982	126137149	SINE/MIR	408	+	84	126137066	86464
chr11	106969454	107169454	harbor2	chr11	106973638	106973782	SINE/MIR	444	+	72	106973710	4256
chr11	106969454	107169454	harbor2	chr11	106979486	106979655	SINE/MIR	556	+	84	106979570	10116
chr11	106969454	107169454	harbor2	chr11	106980842	106981083	SINE/MIR	552	+	120	106980962	11508
chr11	106969454	107169454	harbor2	chr11	106989220	106989346	SINE/MIR	367	+	63	106989283	19829
chr11	106969454	107169454	harbor2	chr11	106997755	106997884	SINE/MIR	381	+	64	106997819	28365
chr11	106969454	107169454	harbor2	chr11	107004227	107004342	SINE/MIR	384	+	58	107004285	34831
chr11	106969454	107169454	harbor2	chr11	107048950	107049120	SINE/MIR	459	+	85	107049035	79581
chr11	121931138	122131138	harbor2	chr11	121931177	121931307	SINE/MIR	379	+	65	121931242	104
chr11	121931138	122131138	harbor2	chr11	121936963	121937124	SINE/MIR	402	+	80	121937043	5905
chr11	121931138	122131138	harbor2	chr11	121953344	121953539	SINE/MIR	416	+	98	121953442	22304
chr11	121931138	122131138	harbor2	chr11	121954258	121954466	SINE/MIR	503	+	104	121954362	23224
chr11	121931138	122131138	harbor2	chr11	121998759	121998943	SINE/MIR	498	+	92	121998851	67713
chr11	121931138	122131138	harbor2	chr11	122025382	122025634	SINE/MIR	932	+	126	122025508	94370
chr11	121931138	122131138	harbor2	chr11	122026658	122026865	SINE/MIR	489	+	104	122026762	95624
chr11	121931138	122131138	harbor2	chr11	122029243	122029475	SINE/MIR	612	+	116	122029359	98221
chr11	15211424	15411424	harbor2	chr11	15220501	15220736	SINE/MIR	750	+	118	15220619	9195
chr11	15211424	15411424	harbor2	chr11	15223985	15224219	SINE/MIR	669	+	117	15224102	12678
chr11	15211424	15411424	harbor2	chr11	15225425	15225613	SINE/MIR	485	+	94	15225519	14095
chr11	15211424	15411424	harbor2	chr11	15227239	15227451	SINE/MIR	478	+	106	15227345	15921
chr11	15211424	15411424	harbor2	chr11	15227903	15228138	SINE/MIR	625	+	118	15228021	16597
chr11	15211424	15411424	harbor2	chr11	15229416	15229622	SINE/MIR	968	+	103	15229519	18095
chr11	15211424	15411424	harbor2	chr11	15237285	15237472	SINE/MIR	647	+	94	15237379	25955
chr11	15211424	15411424	harbor2	chr11	15238489	15238675	SINE/MIR	485	+	93	15238582	27158
chr11	15211424	15411424	harbor2	chr11	15244609	15244718	SINE/MIR	428	+	54	15244663	33239
chr11	15211424	15411424	harbor2	chr11	15250155	15250425	SINE/MIR	896	+	135	15250290	38866
chr11	15211424	15411424	harbor2	chr11	15254455	15254688	SINE/MIR	1089	+	116	15254571	43147
chr11	15211424	15411424	harbor2	chr11	15260411	15260633	SINE/MIR	571	+	111	15260522	49098
chr11	15211424	15411424	harbor2	chr11	15293557	15293744	SINE/MIR	404	+	94	15293651	82227
chr11	15211424	15411424	harbor2	chr11	15296124	15296307	SINE/MIR	719	+	92	15296216	84792
chr11	15211424	15411424	harbor2	chr11	15306282	15306514	SINE/MIR	561	+	116	15306398	94974
chr11	15211424	15411424	harbor2	chr11	15310845	15311047	SINE/MIR	395	+	101	15310946	99522
chr11	133036367	133236367	harbor2	chr11	133041190	133041316	SINE/MIR	382	+	63	133041253	4886
chr11	133036367	133236367	harbor2	chr11	133049365	133049531	SINE/MIR	543	+	83	133049448	13081
chr11	133036367	133236367	harbor2	chr11	133069145	133069307	SINE/MIR	475	+	81	133069226	32859
chr11	133036367	133236367	harbor2	chr11	133110836	133111048	SINE/MIR	592	+	106	133110942	74575
chr11	57225564	57425564	harbor2	chr11	57229964	57230145	SINE/MIR	486	+	90	57230054	4490
chr11	57225564	57425564	harbor2	chr11	57232470	57232698	SINE/MIR	858	+	114	57232584	7020
chr11	57225564	57425564	harbor2	chr11	57270343	57270572	SINE/MIR	886	+	114	57270457	44893
chr11	57225564	57425564	harbor2	chr11	57277540	57277770	SINE/MIR	848	+	115	57277655	52091
chr11	57225564	57425564	harbor2	chr11	57290528	57290781	SINE/MIR	528	+	126	57290654	65090
chr11	57225564	57425564	harbor2	chr11	57305135	57305332	SINE/MIR	412	+	98	57305233	79669
chr11	57225564	57425564	harbor2	chr11	57310628	57310842	SINE/MIR	784	+	107	57310735	85171
chr11	57225564	57425564	harbor2	chr11	57314419	57314624	SINE/MIR	371	+	102	57314521	88957
chr11	57225564	57425564	harbor2	chr11	57317407	57317571	SINE/MIR	376	+	82	57317489	91925
chr11	57225564	57425564	harbor2	chr11	57322917	57323153	SINE/MIR	613	+	118	57323035	97471
chr11	117474637	117674637	harbor2	chr11	117505200	117505372	SINE/MIR	397	+	86	117505286	30649
chr11	117474637	117674637	harbor2	chr11	117510277	117510436	SINE/MIR	375	+	80	117510357	35720
chr11	117474637	117674637	harbor2	chr11	117518941	117519162	SINE/MIR	608	+	110	117519051	44414
chr11	117474637	117674637	harbor2	chr11	117519336	117519535	SINE/MIR	378	+	100	117519436	44799
chr11	117474637	117674637	harbor2	chr11	117527869	117528120	SINE/MIR	500	+	126	117527995	53358
chr11	117474637	117674637	harbor2	chr11	117528608	117528845	SINE/MIR	511	+	118	117528726	54089
chr11	117474637	117674637	harbor2	chr11	117531232	117531407	SINE/MIR	446	+	88	117531320	56683
chr11	117474637	117674637	harbor2	chr11	117532675	117532835	SINE/MIR	563	+	80	117532755	58118
chr11	117474637	117674637	harbor2	chr11	117549432	117549645	SINE/MIR	598	+	106	117549538	74901
chr11	117474637	117674637	harbor2	chr11	117552463	117552693	SINE/MIR	658	+	115	117552578	77941
chr11	117474637	117674637	harbor2	chr11	117556000	117556207	SINE/MIR	669	+	104	117556104	81467
chr11	88796575	88996575	harbor2	chr11	88800658	88800904	SINE/MIR	427	+	123	88800781	4206
chr11	88796575	88996575	harbor2	chr11	88805981	88806117	SINE/MIR	417	+	68	88806049	9474
chr11	88796575	88996575	harbor2	chr11	88819127	88819275	SINE/MIR	437	+	74	88819201	22626
chr11	88796575	88996575	harbor2	chr11	88820507	88820714	SINE/MIR	408	+	104	88820611	24036
chr11	88796575	88996575	harbor2	chr11	88837269	88837505	SINE/MIR	818	+	118	88837387	40812
chr11	88796575	88996575	harbor2	chr11	88838118	88838205	SINE/MIR	367	+	44	88838162	41587
chr11	88796575	88996575	harbor2	chr11	88847364	88847434	SINE/MIR	374	+	35	88847399	50824
chr11	88796575	88996575	harbor2	chr11	88868000	88868116	SINE/MIR	435	+	58	88868058	71483
chr11	88796575	88996575	harbor2	chr11	88868287	88868492	SINE/MIR	627	+	102	88868389	71814
chr11	88796575	88996575	harbor2	chr11	88880793	88880963	SINE/MIR	440	+	85	88880878	84303
chr11	127080810	127280810	harbor2	chr11	127102228	127102393	SINE/MIR	695	+	82	127102310	21500
chr11	127080810	127280810	harbor2	chr11	127105177	127105386	SINE/MIR	483	+	104	127105281	24471
chr11	127080810	127280810	harbor2	chr11	127111232	127111409	SINE/MIR	509	+	88	127111320	30510
chr11	127080810	127280810	harbor2	chr11	127112425	127112635	SINE/MIR	422	+	105	127112530	31720
chr11	127080810	127280810	harbor2	chr11	127114826	127115037	SINE/MIR	495	+	106	127114932	34122
chr11	127080810	127280810	harbor2	chr11	127126722	127126840	SINE/MIR	377	+	59	127126781	45971
chr11	127080810	127280810	harbor2	chr11	127128424	127128601	SINE/MIR	542	+	88	127128512	47702
chr11	127080810	127280810	harbor2	chr11	127154633	127154824	SINE/MIR	593	+	96	127154729	73919
chr11	127080810	127280810	harbor2	chr11	127174716	127174916	SINE/MIR	811	+	100	127174816	94006
chr11	101172513	101372513	harbor2	chr11	101174907	101175126	SINE/MIR	603	+	110	101175017	2504
chr11	101172513	101372513	harbor2	chr11	101178218	101178301	SINE/MIR	417	+	42	101178260	5747
chr11	101172513	101372513	harbor2	chr11	101200199	101200402	SINE/MIR	490	+	102	101200301	27788
chr11	101172513	101372513	harbor2	chr11	101268079	101268294	SINE/MIR	437	+	108	101268187	95674
chr11	129936304	130136304	harbor2	chr11	129949186	129949393	SINE/MIR	665	+	104	129949290	12986
chr11	129936304	130136304	harbor2	chr11	129969372	129969489	SINE/MIR	388	+	58	129969430	33126
chr11	129936304	130136304	harbor2	chr11	129974013	129974228	SINE/MIR	637	+	108	129974121	37817
chr11	98256539	98456539	harbor2	chr11	98310540	98310724	SINE/MIR	563	+	92	98310632	54093
chr11	92909724	93109724	harbor2	chr11	92918014	92918203	SINE/MIR	480	+	94	92918108	8384
chr11	92909724	93109724	harbor2	chr11	92932536	92932676	SINE/MIR	541	+	70	92932606	22882
chr11	92909724	93109724	harbor2	chr11	92955856	92956030	SINE/MIR	366	+	87	92955943	46219
chr11	92909724	93109724	harbor2	chr11	92965033	92965202	SINE/MIR	435	+	84	92965117	55393
chr11	92909724	93109724	harbor2	chr11	92982981	92983212	SINE/MIR	581	+	116	92983097	73373
chr11	92909724	93109724	harbor2	chr11	93009318	93009532	SINE/MIR	534	+	107	93009425	99701
chr11	108706522	108906522	harbor2	chr11	108755691	108755886	SINE/MIR	608	+	98	108755789	49267
chr11	126641768	126841768	harbor2	chr11	126643079	126643295	SINE/MIR	553	+	108	126643187	1419
chr11	126641768	126841768	harbor2	chr11	126653304	126653531	SINE/MIR	444	+	114	126653418	11650
chr11	126641768	126841768	harbor2	chr11	126665765	126666008	SINE/MIR	705	+	122	126665887	24119
chr11	126641768	126841768	harbor2	chr11	126682306	126682417	SINE/MIR	612	+	56	126682362	40594
chr11	126641768	126841768	harbor2	chr11	126683473	126683618	SINE/MIR	411	+	72	126683545	41777
chr11	126641768	126841768	harbor2	chr11	126696807	126697008	SINE/MIR	466	+	100	126696907	55139
chr11	126641768	126841768	harbor2	chr11	126702053	126702272	SINE/MIR	555	+	110	126702163	60395
chr11	126641768	126841768	harbor2	chr11	126721100	126721248	SINE/MIR	477	+	74	126721174	79406
chr11	126641768	126841768	harbor2	chr11	126721547	126721617	SINE/MIR	477	+	35	126721582	79814
chr11	126641768	126841768	harbor2	chr11	126725816	126725900	SINE/MIR	399	+	42	126725858	84090
chr11	131091737	131291737	harbor2	chr11	131110400	131110530	SINE/MIR	467	+	65	131110465	18728
chr11	131091737	131291737	harbor2	chr11	131117740	131117861	SINE/MIR	370	+	60	131117800	26063
chr11	131091737	131291737	harbor2	chr11	131119944	131120052	SINE/MIR	399	+	54	131119998	28261
chr11	131091737	131291737	harbor2	chr11	131158731	131158911	SINE/MIR	480	+	90	131158821	67084
chr11	131091737	131291737	harbor2	chr11	131179660	131179899	SINE/MIR	665	+	120	131179780	88043
chr11	131091737	131291737	harbor2	chr11	131182761	131182911	SINE/MIR	476	+	75	131182836	91099
chr11	124452527	124652527	harbor2	chr11	124486656	124486784	SINE/MIR	489	+	64	124486720	34193
chr11	124452527	124652527	harbor2	chr11	124515910	124516097	SINE/MIR	386	+	94	124516004	63477
chr11	124452527	124652527	harbor2	chr11	124520439	124520603	SINE/MIR	512	+	82	124520521	67994
chr11	124452527	124652527	harbor2	chr11	124521325	124521492	SINE/MIR	385	+	84	124521409	68882
chr11	124452527	124652527	harbor2	chr11	124542321	124542513	SINE/MIR	465	+	96	124542417	89890
chr11	127088018	127288018	harbor2	chr11	127102228	127102393	SINE/MIR	695	+	82	127102310	14292
chr11	127088018	127288018	harbor2	chr11	127105177	127105386	SINE/MIR	483	+	104	127105281	17263
chr11	127088018	127288018	harbor2	chr11	127111232	127111409	SINE/MIR	509	+	88	127111320	23302
chr11	127088018	127288018	harbor2	chr11	127112425	127112635	SINE/MIR	422	+	105	127112530	24512
chr11	127088018	127288018	harbor2	chr11	127114826	127115037	SINE/MIR	495	+	106	127114932	26914
chr11	127088018	127288018	harbor2	chr11	127126722	127126840	SINE/MIR	377	+	59	127126781	38763
chr11	127088018	127288018	harbor2	chr11	127128424	127128601	SINE/MIR	542	+	88	127128512	40494
chr11	127088018	127288018	harbor2	chr11	127154633	127154824	SINE/MIR	593	+	96	127154729	66711
chr11	127088018	127288018	harbor2	chr11	127174716	127174916	SINE/MIR	811	+	100	127174816	86798
chr11	127088018	127288018	harbor2	chr11	127181586	127181778	SINE/MIR	564	+	96	127181682	93664
chr11	128309831	128509831	harbor2	chr11	128331186	128331405	SINE/MIR	758	+	110	128331296	21465
chr11	128309831	128509831	harbor2	chr11	128360780	128360905	SINE/MIR	390	+	62	128360842	51011
chr11	128309831	128509831	harbor2	chr11	128384203	128384442	SINE/MIR	515	+	120	128384323	74492
chr11	128309831	128509831	harbor2	chr11	128406809	128407002	SINE/MIR	380	+	96	128406905	97074
chr11	127243005	127443005	harbor2	chr11	127249091	127249255	SINE/MIR	549	+	82	127249173	6168
chr11	127243005	127443005	harbor2	chr11	127279354	127279596	SINE/MIR	761	+	121	127279475	36470
chr11	127243005	127443005	harbor2	chr11	127300927	127301051	SINE/MIR	379	+	62	127300989	57984
chr11	63924099	64124099	harbor2	chr11	63940383	63940581	SINE/MIR	568	+	99	63940482	16383
chr11	63924099	64124099	harbor2	chr11	63943500	63943675	SINE/MIR	414	+	88	63943588	19489
chr11	63924099	64124099	harbor2	chr11	63943812	63943854	SINE/MIR	414	+	21	63943833	19734
chr11	63924099	64124099	harbor2	chr11	63948837	63948897	SINE/MIR	437	+	30	63948867	24768
chr11	63924099	64124099	harbor2	chr11	63949214	63949311	SINE/MIR	437	+	48	63949262	25163
chr11	63924099	64124099	harbor2	chr11	63971067	63971213	SINE/MIR	499	+	73	63971140	47041
chr11	63924099	64124099	harbor2	chr11	63971504	63971594	SINE/MIR	499	+	45	63971549	47450
chr11	63924099	64124099	harbor2	chr11	63981339	63981473	SINE/MIR	492	+	67	63981406	57307
chr11	63924099	64124099	harbor2	chr11	63987570	63987757	SINE/MIR	399	+	94	63987664	63565
chr11	63924099	64124099	harbor2	chr11	63989337	63989444	SINE/MIR	382	+	54	63989391	65292
chr11	63924099	64124099	harbor2	chr11	63990030	63990065	SINE/MIR	382	+	18	63990048	65949
chr11	63924099	64124099	harbor2	chr11	63991068	63991247	SINE/MIR	538	+	90	63991158	67059
chr11	63924099	64124099	harbor2	chr11	64001840	64002042	SINE/MIR	787	+	101	64001941	77842
chr11	46572022	46772022	harbor2	chr11	46582572	46582819	SINE/MIR	1076	+	124	46582696	10674
chr11	127947075	128147075	harbor2	chr11	127963425	127963615	SINE/MIR	367	+	95	127963520	16445
chr11	127947075	128147075	harbor2	chr11	127963743	127963889	SINE/MIR	398	+	73	127963816	16741
chr11	127947075	128147075	harbor2	chr11	127997287	127997536	SINE/MIR	607	+	124	127997411	50336
chr11	127947075	128147075	harbor2	chr11	127997909	127998085	SINE/MIR	671	+	88	127997997	50922
chr11	127947075	128147075	harbor2	chr11	128005015	128005168	SINE/MIR	368	+	76	128005091	58016
chr11	127947075	128147075	harbor2	chr11	128017633	128017883	SINE/MIR	885	+	125	128017758	70683
chr11	127947075	128147075	harbor2	chr11	128023875	128024106	SINE/MIR	539	+	116	128023991	76916
chr11	127947075	128147075	harbor2	chr11	128027370	128027512	SINE/MIR	507	+	71	128027441	80366
chr11	127947075	128147075	harbor2	chr11	128031275	128031473	SINE/MIR	415	+	99	128031374	84299
chr11	127947075	128147075	harbor2	chr11	128044075	128044203	SINE/MIR	388	+	64	128044139	97064
chr11	129162465	129362465	harbor2	chr11	129189230	129189452	SINE/MIR	380	+	111	129189341	26876
chr11	129162465	129362465	harbor2	chr11	129198271	129198361	SINE/MIR	469	+	45	129198316	35851
chr11	129162465	129362465	harbor2	chr11	129200660	129200803	SINE/MIR	469	+	72	129200732	38267
chr11	129162465	129362465	harbor2	chr11	129205459	129205638	SINE/MIR	423	+	90	129205549	43084
chr11	129162465	129362465	harbor2	chr11	129217824	129218029	SINE/MIR	565	+	102	129217926	55461
chr11	129162465	129362465	harbor2	chr11	129240227	129240324	SINE/MIR	451	+	48	129240275	77810
chr11	129162465	129362465	harbor2	chr11	129240952	129241190	SINE/MIR	521	+	119	129241071	78606
chr11	111892459	112092459	harbor2	chr11	111920831	111920983	SINE/MIR	472	+	76	111920907	28448
chr11	111892459	112092459	harbor2	chr11	111934081	111934285	SINE/MIR	441	+	102	111934183	41724
chr11	111892459	112092459	harbor2	chr11	111948950	111949171	SINE/MIR	681	+	110	111949060	56601
chr11	111892459	112092459	harbor2	chr11	111961318	111961535	SINE/MIR	504	+	108	111961426	68967
chr11	111892459	112092459	harbor2	chr11	111963037	111963214	SINE/MIR	396	+	88	111963125	70666
chr11	116089504	116289504	harbor2	chr11	116098956	116099097	SINE/MIR	413	+	70	116099026	9522
chr11	116089504	116289504	harbor2	chr11	116106771	116106992	SINE/MIR	802	+	110	116106881	17377
chr11	116089504	116289504	harbor2	chr11	116131124	116131357	SINE/MIR	713	+	116	116131240	41736
chr11	116089504	116289504	harbor2	chr11	116168940	116169096	SINE/MIR	461	+	78	116169018	79514
chr11	116089504	116289504	harbor2	chr11	116177144	116177349	SINE/MIR	443	+	102	116177246	87742
chr11	116089504	116289504	harbor2	chr11	116181942	116182160	SINE/MIR	599	+	109	116182051	92547
chr11	116089504	116289504	harbor2	chr11	116187141	116187235	SINE/MIR	529	+	47	116187188	97684
chr11	116089504	116289504	harbor2	chr11	116187643	116187776	SINE/MIR	529	+	66	116187709	98205
chr11	131592850	131792850	harbor2	chr11	131594889	131595062	SINE/MIR	437	+	86	131594975	2125
chr11	131592850	131792850	harbor2	chr11	131623154	131623371	SINE/MIR	484	+	108	131623262	30412
chr11	131592850	131792850	harbor2	chr11	131631062	131631265	SINE/MIR	368	+	102	131631164	38314
chr11	131592850	131792850	harbor2	chr11	131636663	131636798	SINE/MIR	441	+	68	131636731	43881
chr11	131592850	131792850	harbor2	chr11	131664120	131664239	SINE/MIR	372	+	60	131664180	71330
chr11	131592850	131792850	harbor2	chr11	131665790	131665973	SINE/MIR	368	+	92	131665882	73032
chr11	131592850	131792850	harbor2	chr11	131683991	131684195	SINE/MIR	464	+	102	131684093	91243
chr11	123004849	123204849	harbor2	chr11	123007355	123007468	SINE/MIR	559	+	56	123007411	2562
chr11	123004849	123204849	harbor2	chr11	123014649	123014793	SINE/MIR	530	+	72	123014721	9872
chr11	123004849	123204849	harbor2	chr11	123015642	123015857	SINE/MIR	721	+	108	123015750	10901
chr11	123004849	123204849	harbor2	chr11	123027028	123027241	SINE/MIR	1161	+	106	123027134	22285
chr11	123004849	123204849	harbor2	chr11	123030934	123031078	SINE/MIR	458	+	72	123031006	26157
chr11	123004849	123204849	harbor2	chr11	123039097	123039226	SINE/MIR	455	+	64	123039161	34312
chr11	123004849	123204849	harbor2	chr11	123068998	123069020	SINE/MIR	608	+	11	123069009	64160
chr11	123004849	123204849	harbor2	chr11	123069323	123069494	SINE/MIR	608	+	86	123069409	64560
chr11	132883750	133083750	harbor2	chr11	132905716	132905908	SINE/MIR	416	+	96	132905812	22062
chr11	132883750	133083750	harbor2	chr11	132964349	132964556	SINE/MIR	499	+	104	132964453	80703
chr11	72714012	72914012	harbor2	chr11	72715067	72715253	SINE/MIR	650	+	93	72715160	1148
chr11	72714012	72914012	harbor2	chr11	72719403	72719503	SINE/MIR	432	+	50	72719453	5441
chr11	72714012	72914012	harbor2	chr11	72739531	72739654	SINE/MIR	403	+	62	72739593	25581
chr11	72714012	72914012	harbor2	chr11	72742633	72742813	SINE/MIR	410	+	90	72742723	28711
chr11	72714012	72914012	harbor2	chr11	72747989	72748212	SINE/MIR	817	+	112	72748101	34089
chr11	72714012	72914012	harbor2	chr11	72749207	72749412	SINE/MIR	546	+	102	72749309	35297
chr11	72714012	72914012	harbor2	chr11	72765475	72765688	SINE/MIR	611	+	106	72765581	51569
chr11	72714012	72914012	harbor2	chr11	72767757	72767913	SINE/MIR	431	+	78	72767835	53823
chr11	72714012	72914012	harbor2	chr11	72776551	72776728	SINE/MIR	439	+	88	72776639	62627
chr11	72714012	72914012	harbor2	chr11	72778198	72778405	SINE/MIR	587	+	104	72778302	64290
chr11	72714012	72914012	harbor2	chr11	72778667	72778839	SINE/MIR	451	+	86	72778753	64741
chr11	72714012	72914012	harbor2	chr11	72784290	72784454	SINE/MIR	524	+	82	72784372	70360
chr11	72714012	72914012	harbor2	chr11	72789147	72789282	SINE/MIR	454	+	68	72789215	75203
chr11	72714012	72914012	harbor2	chr11	72790268	72790465	SINE/MIR	406	+	98	72790366	76354
chr11	125890316	126090316	harbor2	chr11	125898797	125899022	SINE/MIR	910	+	112	125898909	8593
chr11	125890316	126090316	harbor2	chr11	125910488	125910694	SINE/MIR	451	+	103	125910591	20275
chr11	125890316	126090316	harbor2	chr11	125985064	125985169	SINE/MIR	418	+	52	125985116	94800
chr11	125890316	126090316	harbor2	chr11	125985479	125985619	SINE/MIR	418	+	70	125985549	95233
chr11	112904796	113104796	harbor2	chr11	112967415	112967596	SINE/MIR	506	+	90	112967505	62709
chr11	112904796	113104796	harbor2	chr11	112969546	112969650	SINE/MIR	399	+	52	112969598	64802
chr11	112904796	113104796	harbor2	chr11	112970482	112970642	SINE/MIR	426	+	80	112970562	65766
chr11	112904796	113104796	harbor2	chr11	112973489	112973702	SINE/MIR	571	+	106	112973595	68799
chr11	134703317	134903317	harbor2	chr11	134711248	134711423	SINE/MIR	478	+	88	134711336	8019
chr11	134703317	134903317	harbor2	chr11	134727255	134727406	SINE/MIR	371	+	76	134727331	24014
chr11	105326011	105526011	harbor2	chr11	105404714	105404834	SINE/MIR	512	+	60	105404774	78763
chr11	105326011	105526011	harbor2	chr11	105411094	105411228	SINE/MIR	456	+	67	105411161	85150
chr11	105326011	105526011	harbor2	chr11	105417219	105417428	SINE/MIR	573	+	104	105417323	91312
chr11	85378501	85578501	harbor2	chr11	85384471	85384556	SINE/MIR	531	+	42	85384513	6012
chr11	85378501	85578501	harbor2	chr11	85384872	85385007	SINE/MIR	531	+	68	85384940	6439
chr11	85378501	85578501	harbor2	chr11	85439958	85440178	SINE/MIR	711	+	110	85440068	61567
chr11	85378501	85578501	harbor2	chr11	85440217	85440387	SINE/MIR	489	+	85	85440302	61801
chr11	85378501	85578501	harbor2	chr11	85451549	85451721	SINE/MIR	509	+	86	85451635	73134
chr11	85378501	85578501	harbor2	chr11	85409712	85409874	SINE/MIR	418	+	81	85409793	31292
chr11	133102959	133302959	harbor2	chr11	133110836	133111048	SINE/MIR	592	+	106	133110942	7983
chr11	133102959	133302959	harbor2	chr11	133192616	133192816	SINE/MIR	401	+	100	133192716	89757
chr11	79608636	79808636	harbor2	chr11	79625840	79625998	SINE/MIR	528	+	79	79625919	17283
chr11	79608636	79808636	harbor2	chr11	79635758	79635966	SINE/MIR	493	+	104	79635862	27226
chr11	79608636	79808636	harbor2	chr11	79638432	79638558	SINE/MIR	375	+	63	79638495	29859
chr11	79608636	79808636	harbor2	chr11	79656938	79657104	SINE/MIR	439	+	83	79657021	48385
chr11	79608636	79808636	harbor2	chr11	79660233	79660480	SINE/MIR	659	+	124	79660357	51721
chr11	79608636	79808636	harbor2	chr11	79670568	79670810	SINE/MIR	417	+	121	79670689	62053
chr11	79608636	79808636	harbor2	chr11	79672898	79673128	SINE/MIR	659	+	115	79673013	64377
chr11	79608636	79808636	harbor2	chr11	79675078	79675303	SINE/MIR	516	+	112	79675190	66554
chr11	79608636	79808636	harbor2	chr11	79686215	79686450	SINE/MIR	611	+	118	79686333	77697
chr11	79608636	79808636	harbor2	chr11	79686550	79686738	SINE/MIR	741	+	94	79686644	78008
chr11	68235716	68435716	harbor2	chr11	68255347	68255539	SINE/MIR	453	+	96	68255443	19727
chr11	68235716	68435716	harbor2	chr11	68260438	68260642	SINE/MIR	368	+	102	68260540	24824
chr11	68235716	68435716	harbor2	chr11	68315414	68315564	SINE/MIR	368	+	75	68315489	79773
chr11	68235716	68435716	harbor2	chr11	68325744	68325901	SINE/MIR	367	+	78	68325822	90106
chr11	112816776	113016776	harbor2	chr11	112829604	112829849	SINE/MIR	813	+	122	112829726	12950
chr11	112816776	113016776	harbor2	chr11	112833575	112833772	SINE/MIR	667	+	98	112833673	16897
chr11	112816776	113016776	harbor2	chr11	112839296	112839493	SINE/MIR	484	+	98	112839394	22618
chr11	112816776	113016776	harbor2	chr11	112851731	112851963	SINE/MIR	738	+	116	112851847	35071
chr11	112816776	113016776	harbor2	chr11	112863092	112863248	SINE/MIR	439	+	78	112863170	46394
chr11	112816776	113016776	harbor2	chr11	112867182	112867403	SINE/MIR	555	+	110	112867292	50516
chr11	112816776	113016776	harbor2	chr11	112876991	112877234	SINE/MIR	656	+	122	112877113	60337
chr11	112816776	113016776	harbor2	chr11	112886730	112886889	SINE/MIR	448	+	80	112886810	70034
chr11	38637912	38837912	harbor2	chr11	38662337	38662520	SINE/MIR	395	+	92	38662429	24517
chr11	38637912	38837912	harbor2	chr11	38683940	38684067	SINE/MIR	367	+	64	38684004	46092
chr11	66826160	67026160	harbor2	chr11	66910887	66911088	SINE/MIR	466	+	100	66910987	84827
chr11	66826160	67026160	harbor2	chr11	66921579	66921773	SINE/MIR	487	+	97	66921676	95516
chr11	122047721	122247721	harbor2	chr11	122053001	122053077	SINE/MIR	380	+	38	122053039	5318
chr11	122047721	122247721	harbor2	chr11	122072740	122072961	SINE/MIR	479	+	110	122072850	25129
chr11	122047721	122247721	harbor2	chr11	122073510	122073752	SINE/MIR	891	+	121	122073631	25910
chr11	122047721	122247721	harbor2	chr11	122090500	122090647	SINE/MIR	610	+	74	122090574	42853
chr11	122047721	122247721	harbor2	chr11	122112750	122112926	SINE/MIR	669	+	88	122112838	65117
chr11	122047721	122247721	harbor2	chr11	122117539	122117760	SINE/MIR	608	+	110	122117649	69928
chr11	122047721	122247721	harbor2	chr11	122122966	122123177	SINE/MIR	544	+	106	122123072	75351
chr11	105338520	105538520	harbor2	chr11	105404714	105404834	SINE/MIR	512	+	60	105404774	66254
chr11	105338520	105538520	harbor2	chr11	105411094	105411228	SINE/MIR	456	+	67	105411161	72641
chr11	105338520	105538520	harbor2	chr11	105417219	105417428	SINE/MIR	573	+	104	105417323	78803
chr11	105338520	105538520	harbor2	chr11	105427788	105428028	SINE/MIR	534	+	120	105427908	89388
chr11	131163137	131363137	harbor2	chr11	131179660	131179899	SINE/MIR	665	+	120	131179780	16643
chr11	131163137	131363137	harbor2	chr11	131182761	131182911	SINE/MIR	476	+	75	131182836	19699
chr11	131163137	131363137	harbor2	chr11	131209330	131209530	SINE/MIR	404	+	100	131209430	46293
chr11	131163137	131363137	harbor2	chr11	131217233	131217413	SINE/MIR	629	+	90	131217323	54186
chr11	131163137	131363137	harbor2	chr11	131237135	131237284	SINE/MIR	458	+	74	131237209	74072
chr11	131163137	131363137	harbor2	chr11	131240103	131240331	SINE/MIR	440	+	114	131240217	77080
chr11	131163137	131363137	harbor2	chr11	131245033	131245193	SINE/MIR	517	+	80	131245113	81976
chr11	131163137	131363137	harbor2	chr11	131245923	131246083	SINE/MIR	384	+	80	131246003	82866
chr11	131163137	131363137	harbor2	chr11	131261366	131261561	SINE/MIR	366	+	98	131261464	98327
chr11	106528181	106728181	harbor2	chr11	106621108	106621341	SINE/MIR	581	+	116	106621224	93043
chr11	106528181	106728181	harbor2	chr11	106623725	106623881	SINE/MIR	376	+	78	106623803	95622
chr11	121321596	121521596	harbor2	chr11	121331947	121332166	SINE/MIR	681	+	110	121332057	10461
chr11	121321596	121521596	harbor2	chr11	121349808	121350016	SINE/MIR	529	+	104	121349912	28316
chr11	121321596	121521596	harbor2	chr11	121357848	121358034	SINE/MIR	512	+	93	121357941	36345
chr11	121321596	121521596	harbor2	chr11	121365691	121365825	SINE/MIR	390	+	67	121365758	44162
chr11	121321596	121521596	harbor2	chr11	121389071	121389257	SINE/MIR	531	+	93	121389164	67568
chr11	121321596	121521596	harbor2	chr11	121403419	121403640	SINE/MIR	379	+	110	121403529	81933
chr11	106892552	107092552	harbor2	chr11	106921620	106921748	SINE/MIR	481	+	64	106921684	29132
chr11	106892552	107092552	harbor2	chr11	106924489	106924713	SINE/MIR	739	+	112	106924601	32049
chr11	106892552	107092552	harbor2	chr11	106965203	106965383	SINE/MIR	370	+	90	106965293	72741
chr11	106892552	107092552	harbor2	chr11	106973638	106973782	SINE/MIR	444	+	72	106973710	81158
chr11	106892552	107092552	harbor2	chr11	106979486	106979655	SINE/MIR	556	+	84	106979570	87018
chr11	106892552	107092552	harbor2	chr11	106980842	106981083	SINE/MIR	552	+	120	106980962	88410
chr11	106892552	107092552	harbor2	chr11	106989220	106989346	SINE/MIR	367	+	63	106989283	96731
chr11	84611613	84811613	harbor2	chr11	84613410	84613615	SINE/MIR	471	+	102	84613512	1899
chr11	84611613	84811613	harbor2	chr11	84616566	84616810	SINE/MIR	517	+	122	84616688	5075
chr11	84611613	84811613	harbor2	chr11	84631778	84631986	SINE/MIR	643	+	104	84631882	20269
chr11	84611613	84811613	harbor2	chr11	84636330	84636580	SINE/MIR	514	+	125	84636455	24842
chr11	84611613	84811613	harbor2	chr11	84641122	84641377	SINE/MIR	1070	+	128	84641250	29637
chr11	84611613	84811613	harbor2	chr11	84641626	84641826	SINE/MIR	504	+	100	84641726	30113
chr11	84611613	84811613	harbor2	chr11	84645112	84645359	SINE/MIR	526	+	124	84645236	33623
chr11	84611613	84811613	harbor2	chr11	84655580	84655820	SINE/MIR	538	+	120	84655700	44087
chr11	84611613	84811613	harbor2	chr11	84656621	84656844	SINE/MIR	382	+	112	84656733	45120
chr11	84611613	84811613	harbor2	chr11	84678419	84678667	SINE/MIR	473	+	124	84678543	66930
chr11	84611613	84811613	harbor2	chr11	84678749	84678964	SINE/MIR	371	+	108	84678857	67244
chr11	84611613	84811613	harbor2	chr11	84682237	84682417	SINE/MIR	491	+	90	84682327	70714
chr11	84611613	84811613	harbor2	chr11	84684551	84684776	SINE/MIR	648	+	112	84684663	73050
chr11	84611613	84811613	harbor2	chr11	84687194	84687390	SINE/MIR	391	+	98	84687292	75679
chr11	84611613	84811613	harbor2	chr11	84699876	84700103	SINE/MIR	403	+	114	84699990	88377
chr11	26950706	27150706	harbor2	chr11	26952243	26952465	SINE/MIR	730	+	111	26952354	1648
chr11	26950706	27150706	harbor2	chr11	26958710	26958947	SINE/MIR	545	+	118	26958828	8122
chr11	26950706	27150706	harbor2	chr11	26962149	26962375	SINE/MIR	619	+	113	26962262	11556
chr11	26950706	27150706	harbor2	chr11	26993344	26993442	SINE/MIR	367	+	49	26993393	42687
chr11	26950706	27150706	harbor2	chr11	26998171	26998250	SINE/MIR	419	+	40	26998211	47505
chr11	26950706	27150706	harbor2	chr11	27000521	27000660	SINE/MIR	387	+	70	27000591	49885
chr11	26950706	27150706	harbor2	chr11	27003383	27003556	SINE/MIR	589	+	86	27003469	52763
chr11	26950706	27150706	harbor2	chr11	27007737	27007931	SINE/MIR	514	+	97	27007834	57128
chr11	26950706	27150706	harbor2	chr11	27011995	27012219	SINE/MIR	430	+	112	27012107	61401
chr11	26950706	27150706	harbor2	chr11	27025441	27025669	SINE/MIR	697	+	114	27025555	74849
chr11	26950706	27150706	harbor2	chr11	27047715	27047865	SINE/MIR	417	+	75	27047790	97084
chr11	113179290	113379290	harbor2	chr11	113180717	113180849	SINE/MIR	464	+	66	113180783	1493
chr11	113179290	113379290	harbor2	chr11	113191494	113191688	SINE/MIR	806	+	97	113191591	12301
chr11	113179290	113379290	harbor2	chr11	113198765	113198970	SINE/MIR	498	+	102	113198867	19577
chr11	113179290	113379290	harbor2	chr11	113200508	113200681	SINE/MIR	460	+	86	113200594	21304
chr11	113179290	113379290	harbor2	chr11	113241973	113242247	SINE/MIR	647	+	137	113242110	62820
chr11	113179290	113379290	harbor2	chr11	113257272	113257500	SINE/MIR	727	+	114	113257386	78096
chr11	113179290	113379290	harbor2	chr11	113258830	113259039	SINE/MIR	474	+	104	113258934	79644
chr11	113179290	113379290	harbor2	chr11	113278633	113278868	SINE/MIR	368	+	118	113278751	99461
chr11	125988263	126188263	harbor2	chr11	126066843	126067101	SINE/MIR	430	+	129	126066972	78709
chr11	125988263	126188263	harbor2	chr11	126071386	126071500	SINE/MIR	391	+	57	126071443	83180
chr11	125988263	126188263	harbor2	chr11	126073456	126073542	SINE/MIR	467	+	43	126073499	85236
chr11	125988263	126188263	harbor2	chr11	126073841	126073946	SINE/MIR	467	+	52	126073893	85630
chr11	125988263	126188263	harbor2	chr11	126080779	126080922	SINE/MIR	673	+	72	126080851	92588
chr11	125988263	126188263	harbor2	chr11	126087800	126087997	SINE/MIR	581	+	98	126087898	99635
chr11	78980672	79180672	harbor2	chr11	78980616	78980786	SINE/MIR	598	+	85	78980701	29
chr11	78980672	79180672	harbor2	chr11	78984088	78984325	SINE/MIR	470	+	118	78984206	3534
chr11	78980672	79180672	harbor2	chr11	78984716	78984750	SINE/MIR	1040	+	17	78984733	4061
chr11	78980672	79180672	harbor2	chr11	78984969	78985156	SINE/MIR	1040	+	94	78985063	4391
chr11	78980672	79180672	harbor2	chr11	78986890	78987047	SINE/MIR	506	+	78	78986968	6296
chr11	78980672	79180672	harbor2	chr11	78995749	78995939	SINE/MIR	661	+	95	78995844	15172
chr11	78980672	79180672	harbor2	chr11	78998198	78998405	SINE/MIR	645	+	104	78998302	17630
chr11	78980672	79180672	harbor2	chr11	79010882	79011042	SINE/MIR	431	+	80	79010962	30290
chr11	78980672	79180672	harbor2	chr11	79016824	79017050	SINE/MIR	755	+	113	79016937	36265
chr11	78980672	79180672	harbor2	chr11	79028022	79028245	SINE/MIR	693	+	112	79028134	47462
chr11	78980672	79180672	harbor2	chr11	79041364	79041500	SINE/MIR	392	+	68	79041432	60760
chr11	78980672	79180672	harbor2	chr11	79047671	79047912	SINE/MIR	404	+	120	79047791	67119
chr11	78980672	79180672	harbor2	chr11	79058571	79058749	SINE/MIR	424	+	89	79058660	77988
chr11	78980672	79180672	harbor2	chr11	79061025	79061166	SINE/MIR	381	+	70	79061095	80423
chr11	78980672	79180672	harbor2	chr11	79061733	79061942	SINE/MIR	757	+	104	79061837	81165
chr11	78980672	79180672	harbor2	chr11	79067807	79067986	SINE/MIR	466	+	90	79067897	87225
chr11	78980672	79180672	harbor2	chr11	79073645	79073832	SINE/MIR	807	+	94	79073739	93067
chr11	99089171	99289171	harbor2	chr11	99099641	99099845	SINE/MIR	507	+	102	99099743	10572
chr11	99089171	99289171	harbor2	chr11	99105089	99105272	SINE/MIR	366	+	92	99105181	16010
chr11	99089171	99289171	harbor2	chr11	99145764	99145924	SINE/MIR	446	+	80	99145844	56673
chr11	99089171	99289171	harbor2	chr11	99170386	99170520	SINE/MIR	453	+	67	99170453	81282
chr11	89208181	89408181	harbor2	chr11	89214817	89214994	SINE/MIR	500	+	88	89214905	6724
chr11	89208181	89408181	harbor2	chr11	89218883	89219084	SINE/MIR	699	+	100	89218983	10802
chr11	89208181	89408181	harbor2	chr11	89220030	89220093	SINE/MIR	516	+	32	89220062	11881
chr11	89208181	89408181	harbor2	chr11	89220507	89220608	SINE/MIR	516	+	50	89220557	12376
chr11	89208181	89408181	harbor2	chr11	89223088	89223279	SINE/MIR	400	+	96	89223184	15003
chr11	89208181	89408181	harbor2	chr11	89226998	89227175	SINE/MIR	406	+	88	89227086	18905
chr11	89208181	89408181	harbor2	chr11	89246209	89246367	SINE/MIR	469	+	79	89246288	38107
chr11	89208181	89408181	harbor2	chr11	89247976	89248204	SINE/MIR	506	+	114	89248090	39909
chr11	89208181	89408181	harbor2	chr11	89268016	89268232	SINE/MIR	794	+	108	89268124	59943
chr11	89208181	89408181	harbor2	chr11	89285189	89285391	SINE/MIR	374	+	101	89285290	77109
chr11	89208181	89408181	harbor2	chr11	89299588	89299767	SINE/MIR	569	+	90	89299678	91497
chr11	134192454	134392454	harbor2	chr11	134234354	134234533	SINE/MIR	430	+	90	134234444	41990
chr11	134192454	134392454	harbor2	chr11	134251348	134251512	SINE/MIR	456	+	82	134251430	58976
chr11	134192454	134392454	harbor2	chr11	134272591	134272784	SINE/MIR	572	+	96	134272687	80233
chr11	122739781	122939781	harbor2	chr11	122743539	122743670	SINE/MIR	412	+	66	122743605	3824
chr11	122739781	122939781	harbor2	chr11	122747785	122748000	SINE/MIR	678	+	108	122747893	8112
chr11	122739781	122939781	harbor2	chr11	122756866	122757030	SINE/MIR	408	+	82	122756948	17167
chr11	122739781	122939781	harbor2	chr11	122785622	122785855	SINE/MIR	579	+	116	122785738	45957
chr11	122739781	122939781	harbor2	chr11	122791224	122791398	SINE/MIR	651	+	87	122791311	51530
chr11	122739781	122939781	harbor2	chr11	122804453	122804697	SINE/MIR	399	+	122	122804575	64794
chr11	122739781	122939781	harbor2	chr11	122839250	122839419	SINE/MIR	469	+	84	122839334	99553
chr11	125947387	126147387	harbor2	chr11	125985064	125985169	SINE/MIR	418	+	52	125985116	37729
chr11	125947387	126147387	harbor2	chr11	125985479	125985619	SINE/MIR	418	+	70	125985549	38162
chr11	36643658	36843658	harbor2	chr11	36657615	36657803	SINE/MIR	454	+	94	36657709	14051
chr11	36643658	36843658	harbor2	chr11	36688384	36688608	SINE/MIR	460	+	112	36688496	44838
chr11	36643658	36843658	harbor2	chr11	36689178	36689353	SINE/MIR	366	+	88	36689266	45608
chr11	36643658	36843658	harbor2	chr11	36704050	36704211	SINE/MIR	387	+	80	36704130	60472
chr11	36643658	36843658	harbor2	chr11	36728954	36729189	SINE/MIR	491	+	118	36729072	85414
chr11	130856728	131056728	harbor2	chr11	130858064	130858250	SINE/MIR	390	+	93	130858157	1429
chr11	130856728	131056728	harbor2	chr11	130859389	130859639	SINE/MIR	659	+	125	130859514	2786
chr11	130856728	131056728	harbor2	chr11	130867088	130867306	SINE/MIR	457	+	109	130867197	10469
chr11	130856728	131056728	harbor2	chr11	130873451	130873596	SINE/MIR	653	+	72	130873523	16795
chr11	130856728	131056728	harbor2	chr11	130873661	130873735	SINE/MIR	653	+	37	130873698	16970
chr11	130856728	131056728	harbor2	chr11	130898960	130899111	SINE/MIR	480	+	76	130899036	42308
chr11	130856728	131056728	harbor2	chr11	130902054	130902274	SINE/MIR	450	+	110	130902164	45436
chr11	130856728	131056728	harbor2	chr11	130910557	130910736	SINE/MIR	391	+	90	130910647	53919
chr11	130856728	131056728	harbor2	chr11	130948955	130949222	SINE/MIR	752	+	134	130949089	92361
chr11	130856728	131056728	harbor2	chr11	130953251	130953459	SINE/MIR	612	+	104	130953355	96627
chr11	120611621	120811621	harbor2	chr11	120621630	120621784	SINE/MIR	375	+	77	120621707	10086
chr11	120611621	120811621	harbor2	chr11	120629227	120629388	SINE/MIR	591	+	80	120629307	17686
chr11	120611621	120811621	harbor2	chr11	120630964	120631178	SINE/MIR	461	+	107	120631071	19450
chr11	120611621	120811621	harbor2	chr11	120633980	120634198	SINE/MIR	644	+	109	120634089	22468
chr11	120611621	120811621	harbor2	chr11	120642380	120642558	SINE/MIR	425	+	89	120642469	30848
chr11	120611621	120811621	harbor2	chr11	120643581	120643826	SINE/MIR	536	+	122	120643703	32082
chr11	120611621	120811621	harbor2	chr11	120643846	120643980	SINE/MIR	390	+	67	120643913	32292
chr11	120611621	120811621	harbor2	chr11	120652015	120652206	SINE/MIR	451	+	96	120652111	40490
chr11	120611621	120811621	harbor2	chr11	120654203	120654355	SINE/MIR	475	+	76	120654279	42658
chr11	120611621	120811621	harbor2	chr11	120668735	120668957	SINE/MIR	924	+	111	120668846	57225
chr11	120611621	120811621	harbor2	chr11	120675367	120675571	SINE/MIR	443	+	102	120675469	63848
chr11	120611621	120811621	harbor2	chr11	120675613	120675842	SINE/MIR	671	+	114	120675727	64106
chr11	120611621	120811621	harbor2	chr11	120686003	120686159	SINE/MIR	414	+	78	120686081	74460
chr11	120611621	120811621	harbor2	chr11	120694229	120694385	SINE/MIR	375	+	78	120694307	82686
chr11	120611621	120811621	harbor2	chr11	120694598	120694631	SINE/MIR	372	+	16	120694614	82993
chr11	120611621	120811621	harbor2	chr11	120698351	120698539	SINE/MIR	463	+	94	120698445	86824
chr11	120611621	120811621	harbor2	chr11	120703959	120704205	SINE/MIR	452	+	123	120704082	92461
chr11	90422519	90622519	harbor2	chr11	90488344	90488516	SINE/MIR	378	+	86	90488430	65911
chr11	90422519	90622519	harbor2	chr11	90488533	90488763	SINE/MIR	424	+	115	90488648	66129
chr11	90422519	90622519	harbor2	chr11	90491275	90491465	SINE/MIR	471	+	95	90491370	68851
chr11	90422519	90622519	harbor2	chr11	90505432	90505650	SINE/MIR	774	+	109	90505541	83022
chr11	71998292	72198292	harbor2	chr11	72007943	72008176	SINE/MIR	589	+	116	72008059	9767
chr11	71998292	72198292	harbor2	chr11	72030806	72031007	SINE/MIR	449	+	100	72030906	32614
chr11	71998292	72198292	harbor2	chr11	72031320	72031347	SINE/MIR	449	+	14	72031334	33042
chr11	71998292	72198292	harbor2	chr11	72036288	72036503	SINE/MIR	611	+	108	72036396	38104
chr11	71998292	72198292	harbor2	chr11	72052961	72053120	SINE/MIR	665	+	80	72053041	54749
chr11	71998292	72198292	harbor2	chr11	72073721	72073891	SINE/MIR	581	+	85	72073806	75514
chr11	71998292	72198292	harbor2	chr11	72088661	72088881	SINE/MIR	393	+	110	72088771	90479
chr11	71998292	72198292	harbor2	chr11	72093798	72094001	SINE/MIR	787	+	102	72093900	95608
chr11	124030302	124230302	harbor2	chr11	124071167	124071334	SINE/MIR	466	+	84	124071251	40949
chr11	124030302	124230302	harbor2	chr11	124101101	124101306	SINE/MIR	525	+	102	124101203	70901
chr11	124030302	124230302	harbor2	chr11	124104490	124104740	SINE/MIR	566	+	125	124104615	74313
chr11	124030302	124230302	harbor2	chr11	124108806	124109019	SINE/MIR	481	+	106	124108912	78610
chr11	124030302	124230302	harbor2	chr11	124111454	124111655	SINE/MIR	440	+	100	124111554	81252
chr11	119529564	119729564	harbor2	chr11	119529638	119529806	SINE/MIR	387	+	84	119529722	158
chr11	119529564	119729564	harbor2	chr11	119532928	119533042	SINE/MIR	491	+	57	119532985	3421
chr11	119529564	119729564	harbor2	chr11	119534473	119534675	SINE/MIR	400	+	101	119534574	5010
chr11	119529564	119729564	harbor2	chr11	119536581	119536751	SINE/MIR	599	+	85	119536666	7102
chr11	119529564	119729564	harbor2	chr11	119541215	119541458	SINE/MIR	539	+	122	119541337	11773
chr11	119529564	119729564	harbor2	chr11	119558635	119558791	SINE/MIR	391	+	78	119558713	29149
chr11	119529564	119729564	harbor2	chr11	119559151	119559235	SINE/MIR	391	+	42	119559193	29629
chr11	119529564	119729564	harbor2	chr11	119566419	119566619	SINE/MIR	382	+	100	119566519	36955
chr11	119529564	119729564	harbor2	chr11	119566961	119567022	SINE/MIR	382	+	30	119566991	37427
chr11	119529564	119729564	harbor2	chr11	119567015	119567193	SINE/MIR	532	+	89	119567104	37540
chr11	119529564	119729564	harbor2	chr11	119575600	119575749	SINE/MIR	948	+	74	119575674	46110
chr11	119529564	119729564	harbor2	chr11	119576542	119576645	SINE/MIR	948	+	52	119576594	47030
chr11	119529564	119729564	harbor2	chr11	119611726	119611853	SINE/MIR	378	+	64	119611790	82226
chr11	119529564	119729564	harbor2	chr11	119615311	119615523	SINE/MIR	714	+	106	119615417	85853
chr11	119529564	119729564	harbor2	chr11	119616110	119616250	SINE/MIR	392	+	70	119616180	86616
chr11	119995821	120195821	harbor2	chr11	119997865	119998026	SINE/MIR	419	+	80	119997945	2124
chr11	119995821	120195821	harbor2	chr11	120017165	120017393	SINE/MIR	687	+	114	120017279	21458
chr11	119995821	120195821	harbor2	chr11	120031348	120031518	SINE/MIR	828	+	85	120031433	35612
chr11	119995821	120195821	harbor2	chr11	120060344	120060563	SINE/MIR	503	+	110	120060454	64633
chr11	119995821	120195821	harbor2	chr11	120066149	120066349	SINE/MIR	404	+	100	120066249	70428
chr11	119225147	119425147	harbor2	chr11	119260464	119260608	SINE/MIR	491	+	72	119260536	35389
chr11	119225147	119425147	harbor2	chr11	119262882	119263111	SINE/MIR	552	+	114	119262996	37849
chr11	121865952	122065952	harbor2	chr11	121868411	121868551	SINE/MIR	425	+	70	121868481	2529
chr11	121865952	122065952	harbor2	chr11	121886664	121886885	SINE/MIR	455	+	110	121886774	20822
chr11	121865952	122065952	harbor2	chr11	121888359	121888574	SINE/MIR	431	+	108	121888467	22515
chr11	121865952	122065952	harbor2	chr11	121890093	121890266	SINE/MIR	393	+	86	121890179	24227
chr11	121865952	122065952	harbor2	chr11	121891841	121892033	SINE/MIR	384	+	96	121891937	25985
chr11	121865952	122065952	harbor2	chr11	121900426	121900509	SINE/MIR	697	+	42	121900468	34516
chr11	121865952	122065952	harbor2	chr11	121901006	121901165	SINE/MIR	697	+	80	121901086	35134
chr11	121865952	122065952	harbor2	chr11	121903146	121903378	SINE/MIR	725	+	116	121903262	37310
chr11	121865952	122065952	harbor2	chr11	121925284	121925543	SINE/MIR	763	+	130	121925414	59462
chr11	121865952	122065952	harbor2	chr11	121931177	121931307	SINE/MIR	379	+	65	121931242	65290
chr11	121865952	122065952	harbor2	chr11	121936963	121937124	SINE/MIR	402	+	80	121937043	71091
chr11	121865952	122065952	harbor2	chr11	121953344	121953539	SINE/MIR	416	+	98	121953442	87490
chr11	121865952	122065952	harbor2	chr11	121954258	121954466	SINE/MIR	503	+	104	121954362	88410
chr11	57741315	57941315	harbor2	chr11	57751392	57751650	SINE/MIR	817	+	129	57751521	10206
chr11	57741315	57941315	harbor2	chr11	57767554	57767760	SINE/MIR	622	+	103	57767657	26342
chr11	57741315	57941315	harbor2	chr11	57786952	57787133	SINE/MIR	425	+	90	57787042	45727
chr11	57741315	57941315	harbor2	chr11	57825381	57825562	SINE/MIR	635	+	90	57825471	84156
chr11	57741315	57941315	harbor2	chr11	57840584	57840713	SINE/MIR	391	+	64	57840648	99333
chr11	30448581	30648581	harbor2	chr11	30451032	30451220	SINE/MIR	530	+	94	30451126	2545
chr11	30448581	30648581	harbor2	chr11	30464920	30465104	SINE/MIR	367	+	92	30465012	16431
chr11	30448581	30648581	harbor2	chr11	30485127	30485359	SINE/MIR	541	+	116	30485243	36662
chr11	30448581	30648581	harbor2	chr11	30492802	30493017	SINE/MIR	813	+	108	30492910	44329
chr11	30448581	30648581	harbor2	chr11	30500513	30500687	SINE/MIR	494	+	87	30500600	52019
chr11	30448581	30648581	harbor2	chr11	30501021	30501172	SINE/MIR	366	+	76	30501097	52516
chr11	30448581	30648581	harbor2	chr11	30505779	30506011	SINE/MIR	541	+	116	30505895	57314
chr11	30448581	30648581	harbor2	chr11	30524506	30524628	SINE/MIR	400	+	61	30524567	75986
chr11	30448581	30648581	harbor2	chr11	30531975	30532184	SINE/MIR	462	+	104	30532079	83498
chr11	30448581	30648581	harbor2	chr11	30532205	30532351	SINE/MIR	521	+	73	30532278	83697
chr11	30448581	30648581	harbor2	chr11	30540049	30540265	SINE/MIR	515	+	108	30540157	91576
chr11	30448581	30648581	harbor2	chr11	30540271	30540521	SINE/MIR	720	+	125	30540396	91815
chr11	30448581	30648581	harbor2	chr11	30543288	30543452	SINE/MIR	435	+	82	30543370	94789
chr11	30448581	30648581	harbor2	chr11	30548030	30548218	SINE/MIR	654	+	94	30548124	99543
chr11	30448581	30648581	harbor2	chr11	30548519	30548584	SINE/MIR	654	+	32	30548551	99970
chr11	82866824	83066824	harbor2	chr11	82876154	82876353	SINE/MIR	390	+	100	82876254	9430
chr11	82866824	83066824	harbor2	chr11	82884686	82884907	SINE/MIR	501	+	110	82884796	17972
chr11	82866824	83066824	harbor2	chr11	82893815	82893944	SINE/MIR	382	+	64	82893879	27055
chr11	82866824	83066824	harbor2	chr11	82916060	82916297	SINE/MIR	595	+	118	82916178	49354
chr11	82866824	83066824	harbor2	chr11	82916330	82916559	SINE/MIR	892	+	114	82916444	49620
chr11	82866824	83066824	harbor2	chr11	82886645	82886791	SINE/MIR	473	+	73	82886718	19894
chr11	131701632	131901632	harbor2	chr11	131720719	131720967	SINE/MIR	762	+	124	131720843	19211
chr11	131701632	131901632	harbor2	chr11	131721288	131721515	SINE/MIR	768	+	114	131721402	19770
chr11	131701632	131901632	harbor2	chr11	131721521	131721713	SINE/MIR	613	+	96	131721617	19985
chr11	131701632	131901632	harbor2	chr11	131729038	131729252	SINE/MIR	383	+	107	131729145	27513
chr11	131701632	131901632	harbor2	chr11	131731962	131732146	SINE/MIR	427	+	92	131732054	30422
chr11	131701632	131901632	harbor2	chr11	131739275	131739419	SINE/MIR	366	+	72	131739347	37715
chr11	131701632	131901632	harbor2	chr11	131739978	131740142	SINE/MIR	391	+	82	131740060	38428
chr11	131701632	131901632	harbor2	chr11	131740149	131740387	SINE/MIR	389	+	119	131740268	38636
chr11	131701632	131901632	harbor2	chr11	131749213	131749419	SINE/MIR	563	+	103	131749316	47684
chr11	131701632	131901632	harbor2	chr11	131764493	131764689	SINE/MIR	691	+	98	131764591	62959
chr11	131701632	131901632	harbor2	chr11	131791803	131792019	SINE/MIR	448	+	108	131791911	90279
chr11	131701632	131901632	harbor2	chr11	131799832	131800080	SINE/MIR	468	+	124	131799956	98324
chr11	97003824	97203824	harbor2	chr11	97008041	97008208	SINE/MIR	390	+	84	97008125	4301
chr11	97003824	97203824	harbor2	chr11	97091980	97092199	SINE/MIR	470	+	110	97092090	88266
chr11	134178511	134378511	harbor2	chr11	134234354	134234533	SINE/MIR	430	+	90	134234444	55933
chr11	134178511	134378511	harbor2	chr11	134251348	134251512	SINE/MIR	456	+	82	134251430	72919
chr11	134178511	134378511	harbor2	chr11	134272591	134272784	SINE/MIR	572	+	96	134272687	94176
chr11	127804035	128004035	harbor2	chr11	127813508	127813707	SINE/MIR	508	+	100	127813608	9573
chr11	127804035	128004035	harbor2	chr11	127816332	127816548	SINE/MIR	420	+	108	127816440	12405
chr11	127804035	128004035	harbor2	chr11	127822488	127822688	SINE/MIR	539	+	100	127822588	18553
chr11	127804035	128004035	harbor2	chr11	127873144	127873371	SINE/MIR	730	+	114	127873258	69223
chr11	127804035	128004035	harbor2	chr11	127811540	127811701	SINE/MIR	437	+	80	127811620	7585
chr11	103934155	104134155	harbor2	chr11	103947935	103948140	SINE/MIR	458	+	102	103948037	13882
chr11	103934155	104134155	harbor2	chr11	103962647	103962823	SINE/MIR	440	+	88	103962735	28580
chr11	103934155	104134155	harbor2	chr11	103962948	103963157	SINE/MIR	787	+	104	103963052	28897
chr11	103934155	104134155	harbor2	chr11	104019837	104020017	SINE/MIR	384	+	90	104019927	85772
chr11	117252503	117452503	harbor2	chr11	117291888	117292107	SINE/MIR	1010	+	110	117291998	39495
chr11	117252503	117452503	harbor2	chr11	117308476	117308641	SINE/MIR	444	+	82	117308558	56055
chr11	117252503	117452503	harbor2	chr11	117318918	117319059	SINE/MIR	548	+	70	117318988	66485
chr11	117252503	117452503	harbor2	chr11	117329446	117329535	SINE/MIR	718	+	44	117329490	76987
chr11	117252503	117452503	harbor2	chr11	117329840	117330004	SINE/MIR	718	+	82	117329922	77419
chr11	131522932	131722932	harbor2	chr11	131525681	131525853	SINE/MIR	604	+	86	131525767	2835
chr11	131522932	131722932	harbor2	chr11	131547980	131548204	SINE/MIR	556	+	112	131548092	25160
chr11	131522932	131722932	harbor2	chr11	131556429	131556561	SINE/MIR	497	+	66	131556495	33563
chr11	131522932	131722932	harbor2	chr11	131563026	131563229	SINE/MIR	400	+	102	131563128	40196
chr11	131522932	131722932	harbor2	chr11	131570969	131571153	SINE/MIR	509	+	92	131571061	48129
chr11	131522932	131722932	harbor2	chr11	131576759	131576981	SINE/MIR	628	+	111	131576870	53938
chr11	131522932	131722932	harbor2	chr11	131577035	131577248	SINE/MIR	589	+	106	131577141	54209
chr11	131522932	131722932	harbor2	chr11	131578588	131578761	SINE/MIR	551	+	86	131578674	55742
chr11	131522932	131722932	harbor2	chr11	131592227	131592340	SINE/MIR	391	+	56	131592283	69351
chr11	131522932	131722932	harbor2	chr11	131594889	131595062	SINE/MIR	437	+	86	131594975	72043
chr11	124311035	124511035	harbor2	chr11	124341947	124342176	SINE/MIR	531	+	114	124342061	31026
chr11	124311035	124511035	harbor2	chr11	124367918	124368056	SINE/MIR	378	+	69	124367987	56952
chr11	124311035	124511035	harbor2	chr11	124378867	124379139	SINE/MIR	550	+	136	124379003	67968
chr11	124311035	124511035	harbor2	chr11	124406140	124406380	SINE/MIR	639	+	120	124406260	95225
chr11	94657573	94857573	harbor2	chr11	94674567	94674785	SINE/MIR	601	+	109	94674676	17103
chr11	94657573	94857573	harbor2	chr11	94679457	94679596	SINE/MIR	531	+	70	94679527	21954
chr11	94657573	94857573	harbor2	chr11	94708373	94708574	SINE/MIR	491	+	100	94708473	50900
chr11	94657573	94857573	harbor2	chr11	94710306	94710533	SINE/MIR	765	+	114	94710420	52847
chr11	94657573	94857573	harbor2	chr11	94729161	94729327	SINE/MIR	467	+	83	94729244	71671
chr11	94657573	94857573	harbor2	chr11	94753962	94754162	SINE/MIR	698	+	100	94754062	96489
chr11	94657573	94857573	harbor2	chr11	94748552	94748682	SINE/MIR	410	+	65	94748617	91044
chr11	42131070	42331070	harbor2	chr11	42170285	42170461	SINE/MIR	545	+	88	42170373	39303
chr11	42131070	42331070	harbor2	chr11	42173496	42173760	SINE/MIR	558	+	132	42173628	42558
chr11	42131070	42331070	harbor2	chr11	42179056	42179244	SINE/MIR	513	+	94	42179150	48080
chr11	42131070	42331070	harbor2	chr11	42227047	42227298	SINE/MIR	484	+	126	42227173	96103
chr11	42131070	42331070	harbor2	chr11	42227623	42227813	SINE/MIR	375	+	95	42227718	96648
chr11	115709221	115909221	harbor2	chr11	115714880	115714995	SINE/MIR	401	+	58	115714938	5717
chr11	115709221	115909221	harbor2	chr11	115723186	115723387	SINE/MIR	568	+	100	115723286	14065
chr11	115709221	115909221	harbor2	chr11	115729920	115730169	SINE/MIR	993	+	124	115730044	20823
chr11	115709221	115909221	harbor2	chr11	115732866	115732969	SINE/MIR	414	+	52	115732918	23697
chr11	115709221	115909221	harbor2	chr11	115733129	115733273	SINE/MIR	414	+	72	115733201	23980
chr11	115709221	115909221	harbor2	chr11	115779507	115779677	SINE/MIR	442	+	85	115779592	70371
chr11	115709221	115909221	harbor2	chr11	115804788	115805021	SINE/MIR	431	+	116	115804904	95683
chr11	123325886	123525886	harbor2	chr11	123329306	123329525	SINE/MIR	522	+	110	123329416	3530
chr11	123325886	123525886	harbor2	chr11	123351769	123352003	SINE/MIR	779	+	117	123351886	26000
chr11	123325886	123525886	harbor2	chr11	123352559	123352742	SINE/MIR	430	+	92	123352651	26765
chr11	123325886	123525886	harbor2	chr11	123357761	123357881	SINE/MIR	433	+	60	123357821	31935
chr11	123325886	123525886	harbor2	chr11	123383296	123383567	SINE/MIR	584	+	136	123383432	57546
chr11	123325886	123525886	harbor2	chr11	123386031	123386202	SINE/MIR	516	+	86	123386117	60231
chr11	123325886	123525886	harbor2	chr11	123420727	123420903	SINE/MIR	535	+	88	123420815	94929
chr11	123325886	123525886	harbor2	chr11	123423713	123423945	SINE/MIR	559	+	116	123423829	97943
chr11	123646098	123846098	harbor2	chr11	123650764	123650927	SINE/MIR	499	+	82	123650846	4748
chr11	123646098	123846098	harbor2	chr11	123664794	123665038	SINE/MIR	710	+	122	123664916	18818
chr11	123646098	123846098	harbor2	chr11	123676894	123677006	SINE/MIR	382	+	56	123676950	30852
chr11	123646098	123846098	harbor2	chr11	123689063	123689258	SINE/MIR	692	+	98	123689161	43063
chr11	123646098	123846098	harbor2	chr11	123701171	123701289	SINE/MIR	481	+	59	123701230	55132
chr11	123646098	123846098	harbor2	chr11	123706048	123706234	SINE/MIR	416	+	93	123706141	60043
chr11	123646098	123846098	harbor2	chr11	123731549	123731737	SINE/MIR	743	+	94	123731643	85545
chr11	123646098	123846098	harbor2	chr11	123736663	123736892	SINE/MIR	568	+	114	123736777	90679
chr11	123646098	123846098	harbor2	chr11	123742040	123742191	SINE/MIR	384	+	76	123742116	96018
chr11	101437089	101637089	harbor2	chr11	101437825	101438012	SINE/MIR	486	+	94	101437919	830
chr11	101437089	101637089	harbor2	chr11	101450369	101450512	SINE/MIR	396	+	72	101450441	13352
chr11	101437089	101637089	harbor2	chr11	101457608	101457867	SINE/MIR	583	+	130	101457738	20649
chr11	101437089	101637089	harbor2	chr11	101472449	101472586	SINE/MIR	381	+	68	101472517	35428
chr11	101437089	101637089	harbor2	chr11	101473140	101473270	SINE/MIR	420	+	65	101473205	36116
chr11	101437089	101637089	harbor2	chr11	101473990	101474233	SINE/MIR	398	+	122	101474112	37023
chr11	101437089	101637089	harbor2	chr11	101477572	101477791	SINE/MIR	682	+	110	101477682	40593
chr11	101437089	101637089	harbor2	chr11	101494185	101494447	SINE/MIR	434	+	131	101494316	57227
chr11	101437089	101637089	harbor2	chr11	101495394	101495571	SINE/MIR	538	+	88	101495482	58393
chr11	101437089	101637089	harbor2	chr11	101503631	101503855	SINE/MIR	509	+	112	101503743	66654
chr11	101437089	101637089	harbor2	chr11	101525194	101525381	SINE/MIR	594	+	94	101525288	88199
chr11	101437089	101637089	harbor2	chr11	101482373	101482581	SINE/MIR	377	+	104	101482477	45388
chr11	121975182	122175182	harbor2	chr11	121998759	121998943	SINE/MIR	498	+	92	121998851	23669
chr11	121975182	122175182	harbor2	chr11	122025382	122025634	SINE/MIR	932	+	126	122025508	50326
chr11	121975182	122175182	harbor2	chr11	122026658	122026865	SINE/MIR	489	+	104	122026762	51580
chr11	121975182	122175182	harbor2	chr11	122029243	122029475	SINE/MIR	612	+	116	122029359	54177
chr11	121975182	122175182	harbor2	chr11	122034968	122035103	SINE/MIR	418	+	68	122035036	59854
chr11	121975182	122175182	harbor2	chr11	122053001	122053077	SINE/MIR	380	+	38	122053039	77857
chr11	121975182	122175182	harbor2	chr11	122072740	122072961	SINE/MIR	479	+	110	122072850	97668
chr11	121975182	122175182	harbor2	chr11	122073510	122073752	SINE/MIR	891	+	121	122073631	98449
chr11	126764677	126964677	harbor2	chr11	126769731	126769909	SINE/MIR	544	+	89	126769820	5143
chr11	126764677	126964677	harbor2	chr11	126776316	126776461	SINE/MIR	381	+	72	126776388	11711
chr11	126764677	126964677	harbor2	chr11	126790383	126790545	SINE/MIR	443	+	81	126790464	25787
chr11	126764677	126964677	harbor2	chr11	126792103	126792288	SINE/MIR	446	+	92	126792195	27518
chr11	126764677	126964677	harbor2	chr11	126794347	126794535	SINE/MIR	532	+	94	126794441	29764
chr11	126764677	126964677	harbor2	chr11	126797166	126797389	SINE/MIR	368	+	112	126797278	32601
chr11	126764677	126964677	harbor2	chr11	126801537	126801768	SINE/MIR	545	+	116	126801653	36976
chr11	126764677	126964677	harbor2	chr11	126815290	126815529	SINE/MIR	434	+	120	126815410	50733
chr11	126764677	126964677	harbor2	chr11	126818329	126818527	SINE/MIR	545	+	99	126818428	53751
chr11	126764677	126964677	harbor2	chr11	126822095	126822257	SINE/MIR	394	+	81	126822176	57499
chr11	126764677	126964677	harbor2	chr11	126827905	126828143	SINE/MIR	734	+	119	126828024	63347
chr11	126764677	126964677	harbor2	chr11	126830994	126831172	SINE/MIR	454	+	89	126831083	66406
chr11	126764677	126964677	harbor2	chr11	126837078	126837309	SINE/MIR	562	+	116	126837194	72517
chr11	126764677	126964677	harbor2	chr11	126861613	126861703	SINE/MIR	406	+	45	126861658	96981
chr11	85083028	85283028	harbor2	chr11	85102188	85102371	SINE/MIR	379	+	92	85102280	19252
chr11	85083028	85283028	harbor2	chr11	85113606	85113741	SINE/MIR	424	+	68	85113674	30646
chr11	85083028	85283028	harbor2	chr11	85117277	85117375	SINE/MIR	399	+	49	85117326	34298
chr11	85083028	85283028	harbor2	chr11	85118701	85118894	SINE/MIR	537	+	96	85118797	35769
chr11	85083028	85283028	harbor2	chr11	85118986	85119132	SINE/MIR	436	+	73	85119059	36031
chr11	130927594	131127594	harbor2	chr11	130948955	130949222	SINE/MIR	752	+	134	130949089	21495
chr11	130927594	131127594	harbor2	chr11	130953251	130953459	SINE/MIR	612	+	104	130953355	25761
chr11	69870248	70070248	harbor2	chr11	69887645	69887789	SINE/MIR	535	+	72	69887717	17469
chr11	69870248	70070248	harbor2	chr11	69889557	69889755	SINE/MIR	567	+	99	69889656	19408
chr11	69870248	70070248	harbor2	chr11	69906627	69906752	SINE/MIR	451	+	62	69906689	36441
chr11	69870248	70070248	harbor2	chr11	69957791	69958011	SINE/MIR	453	+	110	69957901	87653
chr11	69870248	70070248	harbor2	chr11	69967443	69967658	SINE/MIR	478	+	108	69967551	97303
chr11	97897428	98097428	harbor2	chr11	97920321	97920470	SINE/MIR	541	+	74	97920395	22967
chr11	97897428	98097428	harbor2	chr11	97995169	97995395	SINE/MIR	585	+	113	97995282	97854
chr11	57033219	57233219	harbor2	chr11	57085322	57085600	SINE/MIR	957	+	139	57085461	52242
chr11	57033219	57233219	harbor2	chr11	57089004	57089235	SINE/MIR	486	+	116	57089120	55901
chr11	57033219	57233219	harbor2	chr11	57095656	57095873	SINE/MIR	562	+	108	57095764	62545
chr11	57033219	57233219	harbor2	chr11	57099433	57099674	SINE/MIR	874	+	120	57099553	66334
chr11	57033219	57233219	harbor2	chr11	57111141	57111398	SINE/MIR	490	+	128	57111269	78050
chr11	57033219	57233219	harbor2	chr11	57127605	57127819	SINE/MIR	708	+	107	57127712	94493
chr11	57033219	57233219	harbor2	chr11	57128989	57129091	SINE/MIR	383	+	51	57129040	95821
chr11	108537014	108737014	harbor2	chr11	108554026	108554063	SINE/MIR	548	+	18	108554044	17030
chr11	108537014	108737014	harbor2	chr11	108554355	108554512	SINE/MIR	548	+	78	108554433	17419
chr11	108537014	108737014	harbor2	chr11	108588488	108588669	SINE/MIR	613	+	90	108588578	51564
chr11	108537014	108737014	harbor2	chr11	108589598	108589748	SINE/MIR	583	+	75	108589673	52659
chr11	108537014	108737014	harbor2	chr11	108589771	108589981	SINE/MIR	623	+	105	108589876	52862
chr11	108537014	108737014	harbor2	chr11	108598869	108598961	SINE/MIR	382	+	46	108598915	61901
chr11	68472860	68672860	harbor2	chr11	68481925	68482086	SINE/MIR	573	+	80	68482005	9145
chr11	68472860	68672860	harbor2	chr11	68525063	68525294	SINE/MIR	588	+	116	68525179	52319
chr11	134702523	134902523	harbor2	chr11	134711248	134711423	SINE/MIR	478	+	88	134711336	8813
chr11	134702523	134902523	harbor2	chr11	134727255	134727406	SINE/MIR	371	+	76	134727331	24808
chr11	106488846	106688846	harbor2	chr11	106522091	106522223	SINE/MIR	371	+	66	106522157	33311
chr11	106488846	106688846	harbor2	chr11	106524102	106524337	SINE/MIR	545	+	118	106524220	35374
chr11	132208572	132408572	harbor2	chr11	132232511	132232655	SINE/MIR	498	+	72	132232583	24011
chr11	96699014	96899014	harbor2	chr11	96761892	96762084	SINE/MIR	389	+	96	96761988	62974
chr11	96699014	96899014	harbor2	chr11	96796749	96796876	SINE/MIR	406	+	64	96796813	97799
chr11	105217804	105417804	harbor2	chr11	105245678	105245867	SINE/MIR	373	+	94	105245772	27968
chr11	105217804	105417804	harbor2	chr11	105246581	105246845	SINE/MIR	418	+	132	105246713	28909
chr11	105217804	105417804	harbor2	chr11	105299173	105299378	SINE/MIR	400	+	102	105299275	81471
chr11	105217804	105417804	harbor2	chr11	105305609	105305830	SINE/MIR	620	+	110	105305719	87915
chr11	76071393	76271393	harbor2	chr11	76099306	76099455	SINE/MIR	633	+	74	76099380	27987
chr11	76071393	76271393	harbor2	chr11	76104076	76104285	SINE/MIR	540	+	104	76104180	32787
chr11	76071393	76271393	harbor2	chr11	76113694	76113850	SINE/MIR	609	+	78	76113772	42379
chr11	76071393	76271393	harbor2	chr11	76114402	76114591	SINE/MIR	613	+	94	76114496	43103
chr11	76071393	76271393	harbor2	chr11	76122310	76122548	SINE/MIR	592	+	119	76122429	51036
chr11	76071393	76271393	harbor2	chr11	76123651	76123758	SINE/MIR	438	+	54	76123705	52312
chr11	76071393	76271393	harbor2	chr11	76124063	76124201	SINE/MIR	438	+	69	76124132	52739
chr11	76071393	76271393	harbor2	chr11	76132909	76133156	SINE/MIR	787	+	124	76133033	61640
chr11	76071393	76271393	harbor2	chr11	76134525	76134666	SINE/MIR	401	+	70	76134595	63202
chr11	76071393	76271393	harbor2	chr11	76158957	76159156	SINE/MIR	748	+	100	76159057	87664
chr11	77900685	78100685	harbor2	chr11	77902478	77902678	SINE/MIR	557	+	100	77902578	1893
chr11	77900685	78100685	harbor2	chr11	77923562	77923689	SINE/MIR	440	+	64	77923626	22941
chr11	77900685	78100685	harbor2	chr11	77929729	77929903	SINE/MIR	597	+	87	77929816	29131
chr11	77900685	78100685	harbor2	chr11	77938490	77938636	SINE/MIR	543	+	73	77938563	37878
chr11	77900685	78100685	harbor2	chr11	77954151	77954314	SINE/MIR	405	+	82	77954233	53548
chr11	77900685	78100685	harbor2	chr11	77954446	77954535	SINE/MIR	405	+	44	77954490	53805
chr11	77900685	78100685	harbor2	chr11	77954868	77954898	SINE/MIR	405	+	15	77954883	54198
chr11	77900685	78100685	harbor2	chr11	77978560	77978790	SINE/MIR	515	+	115	77978675	77990
chr11	77900685	78100685	harbor2	chr11	77983012	77983219	SINE/MIR	571	+	104	77983116	82431
chr11	77900685	78100685	harbor2	chr11	77987264	77987461	SINE/MIR	435	+	98	77987362	86677
chr11	77900685	78100685	harbor2	chr11	77991419	77991557	SINE/MIR	532	+	69	77991488	90803
chr11	77900685	78100685	harbor2	chr11	77991688	77991729	SINE/MIR	532	+	20	77991708	91023
chr11	67792776	67992776	harbor2	chr11	67822740	67822875	SINE/MIR	429	+	68	67822808	30032
chr11	67792776	67992776	harbor2	chr11	67827016	67827249	SINE/MIR	717	+	116	67827132	34356
chr11	119118132	119318132	harbor2	chr11	119125972	119126071	SINE/MIR	494	+	50	119126022	7890
chr11	119118132	119318132	harbor2	chr11	119126374	119126467	SINE/MIR	494	+	46	119126420	8288
chr11	119118132	119318132	harbor2	chr11	119146068	119146246	SINE/MIR	451	+	89	119146157	28025
chr11	119118132	119318132	harbor2	chr11	119147658	119147823	SINE/MIR	456	+	82	119147740	29608
chr11	119118132	119318132	harbor2	chr11	119151827	119152004	SINE/MIR	466	+	88	119151915	33783
chr11	119118132	119318132	harbor2	chr11	119157334	119157471	SINE/MIR	436	+	68	119157402	39270
chr11	119118132	119318132	harbor2	chr11	119159454	119159641	SINE/MIR	814	+	94	119159548	41416
chr11	119118132	119318132	harbor2	chr11	119168503	119168673	SINE/MIR	493	+	85	119168588	50456
chr11	119118132	119318132	harbor2	chr11	119171550	119171670	SINE/MIR	440	+	60	119171610	53478
chr11	119118132	119318132	harbor2	chr11	119171972	119172033	SINE/MIR	440	+	30	119172002	53870
chr11	119118132	119318132	harbor2	chr11	119176854	119177074	SINE/MIR	835	+	110	119176964	58832
chr11	119118132	119318132	harbor2	chr11	119177382	119177398	SINE/MIR	835	+	8	119177390	59258
chr11	92856785	93056785	harbor2	chr11	92873911	92874059	SINE/MIR	541	+	74	92873985	17200
chr11	92856785	93056785	harbor2	chr11	92918014	92918203	SINE/MIR	480	+	94	92918108	61323
chr11	92856785	93056785	harbor2	chr11	92932536	92932676	SINE/MIR	541	+	70	92932606	75821
chr11	92856785	93056785	harbor2	chr11	92955856	92956030	SINE/MIR	366	+	87	92955943	99158
chr11	50059486	50259486	harbor2	chr11	50086729	50086921	SINE/MIR	462	+	96	50086825	27339
chr11	50059486	50259486	harbor2	chr11	50134110	50134309	SINE/MIR	718	+	100	50134210	74724
chr11	50059486	50259486	harbor2	chr11	50136028	50136252	SINE/MIR	504	+	112	50136140	76654
chr11	50059486	50259486	harbor2	chr11	50140351	50140508	SINE/MIR	386	+	78	50140429	80943
chr11	74106055	74306055	harbor2	chr11	74108623	74108856	SINE/MIR	608	+	116	74108739	2684
chr11	74106055	74306055	harbor2	chr11	74111063	74111176	SINE/MIR	418	+	56	74111119	5064
chr11	74106055	74306055	harbor2	chr11	74122698	74122923	SINE/MIR	708	+	112	74122810	16755
chr11	74106055	74306055	harbor2	chr11	74136551	74136675	SINE/MIR	531	+	62	74136613	30558
chr11	74106055	74306055	harbor2	chr11	74167966	74168190	SINE/MIR	522	+	112	74168078	62023
chr11	74106055	74306055	harbor2	chr11	74182097	74182290	SINE/MIR	374	+	96	74182193	76138
chr11	74106055	74306055	harbor2	chr11	74186429	74186587	SINE/MIR	541	+	79	74186508	80453
chr11	74106055	74306055	harbor2	chr11	74201526	74201727	SINE/MIR	692	+	100	74201626	95571
chr11	74106055	74306055	harbor2	chr11	74121153	74121323	SINE/MIR	500	+	85	74121238	15183
chr11	107198782	107398782	harbor2	chr11	107200685	107200888	SINE/MIR	770	+	102	107200787	2005
chr11	107198782	107398782	harbor2	chr11	107222707	107222880	SINE/MIR	536	+	86	107222793	24011
chr11	107198782	107398782	harbor2	chr11	107269437	107269606	SINE/MIR	628	+	84	107269521	70739
chr11	117821010	118021010	harbor2	chr11	117825930	117826115	SINE/MIR	818	+	92	117826022	5012
chr11	117821010	118021010	harbor2	chr11	117831263	117831381	SINE/MIR	428	+	59	117831322	10312
chr11	117821010	118021010	harbor2	chr11	117839921	117840130	SINE/MIR	576	+	104	117840025	19015
chr11	117821010	118021010	harbor2	chr11	117861029	117861143	SINE/MIR	400	+	57	117861086	40076
chr11	117821010	118021010	harbor2	chr11	117886327	117886548	SINE/MIR	623	+	110	117886437	65427
chr11	117821010	118021010	harbor2	chr11	117898447	117898689	SINE/MIR	744	+	121	117898568	77558
chr11	117821010	118021010	harbor2	chr11	117908093	117908318	SINE/MIR	812	+	112	117908205	87195
chr11	117821010	118021010	harbor2	chr11	117920087	117920293	SINE/MIR	405	+	103	117920190	99180
chr11	119385523	119585523	harbor2	chr11	119386237	119386361	SINE/MIR	441	+	62	119386299	776
chr11	119385523	119585523	harbor2	chr11	119386794	119386886	SINE/MIR	441	+	46	119386840	1317
chr11	72304702	72504702	harbor2	chr11	72312029	72312272	SINE/MIR	679	+	122	72312151	7449
chr11	72304702	72504702	harbor2	chr11	72316844	72317013	SINE/MIR	714	+	84	72316928	12226
chr11	72304702	72504702	harbor2	chr11	72317424	72317644	SINE/MIR	541	+	110	72317534	12832
chr11	72304702	72504702	harbor2	chr11	72319502	72319753	SINE/MIR	595	+	126	72319628	14926
chr11	72304702	72504702	harbor2	chr11	72325984	72326198	SINE/MIR	372	+	107	72326091	21389
chr11	72304702	72504702	harbor2	chr11	72362537	72362766	SINE/MIR	987	+	114	72362651	57949
chr11	72304702	72504702	harbor2	chr11	72387296	72387396	SINE/MIR	386	+	50	72387346	82644
chr11	72304702	72504702	harbor2	chr11	72387496	72387657	SINE/MIR	482	+	80	72387576	82874
chr11	72304702	72504702	harbor2	chr11	72395379	72395604	SINE/MIR	618	+	112	72395491	90789
chr11	72304702	72504702	harbor2	chr11	72402279	72402451	SINE/MIR	449	+	86	72402365	97663
chr11	81056099	81256099	harbor2	chr11	81058876	81059065	SINE/MIR	615	+	94	81058970	2871
chr11	81056099	81256099	harbor2	chr11	81077763	81077927	SINE/MIR	384	+	82	81077845	21746
chr11	81056099	81256099	harbor2	chr11	81078467	81078640	SINE/MIR	475	+	86	81078553	22454
chr11	81056099	81256099	harbor2	chr11	81079046	81079284	SINE/MIR	525	+	119	81079165	23066
chr11	81056099	81256099	harbor2	chr11	81086879	81087131	SINE/MIR	606	+	126	81087005	30906
chr11	81056099	81256099	harbor2	chr11	81088734	81088940	SINE/MIR	543	+	103	81088837	32738
chr11	81056099	81256099	harbor2	chr11	81088996	81089100	SINE/MIR	369	+	52	81089048	32949
chr11	81056099	81256099	harbor2	chr11	81141256	81141371	SINE/MIR	442	+	58	81141314	85215
chr11	81056099	81256099	harbor2	chr11	81150495	81150705	SINE/MIR	627	+	105	81150600	94501
chr11	81056099	81256099	harbor2	chr11	81153302	81153542	SINE/MIR	430	+	120	81153422	97323
chr11	128205223	128405223	harbor2	chr11	128235161	128235373	SINE/MIR	481	+	106	128235267	30044
chr11	128205223	128405223	harbor2	chr11	128245562	128245748	SINE/MIR	639	+	93	128245655	40432
chr11	128205223	128405223	harbor2	chr11	128248306	128248556	SINE/MIR	483	+	125	128248431	43208
chr11	128205223	128405223	harbor2	chr11	128250002	128250217	SINE/MIR	399	+	108	128250110	44887
chr11	128205223	128405223	harbor2	chr11	128291647	128291832	SINE/MIR	485	+	92	128291739	86516
chr11	100744923	100944923	harbor2	chr11	100757257	100757420	SINE/MIR	519	+	82	100757339	12416
chr11	100744923	100944923	harbor2	chr11	100765356	100765575	SINE/MIR	801	+	110	100765466	20543
chr11	100744923	100944923	harbor2	chr11	100771146	100771338	SINE/MIR	393	+	96	100771242	26319
chr11	100744923	100944923	harbor2	chr11	100784758	100784972	SINE/MIR	393	+	107	100784865	39942
chr11	100744923	100944923	harbor2	chr11	100785898	100786086	SINE/MIR	428	+	94	100785992	41069
chr11	100744923	100944923	harbor2	chr11	100819535	100819750	SINE/MIR	566	+	108	100819643	74720
chr11	100744923	100944923	harbor2	chr11	100831060	100831270	SINE/MIR	381	+	105	100831165	86242
chr11	93509214	93709214	harbor2	chr11	93513139	93513284	SINE/MIR	560	+	72	93513211	3997
chr11	93509214	93709214	harbor2	chr11	93525178	93525376	SINE/MIR	520	+	99	93525277	16063
chr11	93509214	93709214	harbor2	chr11	93527279	93527413	SINE/MIR	408	+	67	93527346	18132
chr11	93509214	93709214	harbor2	chr11	93544042	93544218	SINE/MIR	467	+	88	93544130	34916
chr11	93509214	93709214	harbor2	chr11	93561561	93561734	SINE/MIR	377	+	86	93561647	52433
chr11	93509214	93709214	harbor2	chr11	93568301	93568529	SINE/MIR	694	+	114	93568415	59201
chr11	93509214	93709214	harbor2	chr11	93578812	93578983	SINE/MIR	447	+	86	93578898	69684
chr11	93509214	93709214	harbor2	chr11	93587547	93587637	SINE/MIR	394	+	45	93587592	78378
chr11	93509214	93709214	harbor2	chr11	93588461	93588641	SINE/MIR	381	+	90	93588551	79337
chr11	49734957	49934957	harbor2	chr11	49757677	49757881	SINE/MIR	565	+	102	49757779	22822
chr11	49734957	49934957	harbor2	chr11	49782844	49783085	SINE/MIR	433	+	120	49782964	48007
chr11	49734957	49934957	harbor2	chr11	49792477	49792729	SINE/MIR	690	+	126	49792603	57646
chr11	122022191	122222191	harbor2	chr11	122025382	122025634	SINE/MIR	932	+	126	122025508	3317
chr11	122022191	122222191	harbor2	chr11	122026658	122026865	SINE/MIR	489	+	104	122026762	4571
chr11	122022191	122222191	harbor2	chr11	122029243	122029475	SINE/MIR	612	+	116	122029359	7168
chr11	122022191	122222191	harbor2	chr11	122034968	122035103	SINE/MIR	418	+	68	122035036	12845
chr11	122022191	122222191	harbor2	chr11	122053001	122053077	SINE/MIR	380	+	38	122053039	30848
chr11	122022191	122222191	harbor2	chr11	122072740	122072961	SINE/MIR	479	+	110	122072850	50659
chr11	122022191	122222191	harbor2	chr11	122073510	122073752	SINE/MIR	891	+	121	122073631	51440
chr11	122022191	122222191	harbor2	chr11	122090500	122090647	SINE/MIR	610	+	74	122090574	68383
chr11	122022191	122222191	harbor2	chr11	122112750	122112926	SINE/MIR	669	+	88	122112838	90647
chr11	122022191	122222191	harbor2	chr11	122117539	122117760	SINE/MIR	608	+	110	122117649	95458
chr11	76838906	77038906	harbor2	chr11	76842630	76842867	SINE/MIR	645	+	118	76842748	3842
chr11	76838906	77038906	harbor2	chr11	76850941	76851122	SINE/MIR	662	+	90	76851031	12125
chr11	76838906	77038906	harbor2	chr11	76854354	76854610	SINE/MIR	813	+	128	76854482	15576
chr11	76838906	77038906	harbor2	chr11	76874142	76874369	SINE/MIR	391	+	114	76874256	35350
chr11	76838906	77038906	harbor2	chr11	76893388	76893537	SINE/MIR	413	+	74	76893462	54556
chr11	76838906	77038906	harbor2	chr11	76893659	76893749	SINE/MIR	413	+	45	76893704	54798
chr11	76838906	77038906	harbor2	chr11	76894471	76894655	SINE/MIR	498	+	92	76894563	55657
chr11	76838906	77038906	harbor2	chr11	76922665	76922894	SINE/MIR	502	+	114	76922779	83873
chr11	88138487	88338487	harbor2	chr11	88138540	88138774	SINE/MIR	716	+	117	88138657	170
chr11	88138487	88338487	harbor2	chr11	88143105	88143288	SINE/MIR	481	+	92	88143197	4710
chr11	88138487	88338487	harbor2	chr11	88151049	88151259	SINE/MIR	496	+	105	88151154	12667
chr11	88138487	88338487	harbor2	chr11	88165211	88165469	SINE/MIR	370	+	129	88165340	26853
chr11	88138487	88338487	harbor2	chr11	88170923	88171103	SINE/MIR	407	+	90	88171013	32526
chr11	88138487	88338487	harbor2	chr11	88181589	88181819	SINE/MIR	592	+	115	88181704	43217
chr11	88138487	88338487	harbor2	chr11	88189360	88189507	SINE/MIR	374	+	74	88189434	50947
chr11	88138487	88338487	harbor2	chr11	88189655	88189794	SINE/MIR	386	+	70	88189725	51238
chr11	88138487	88338487	harbor2	chr11	88190076	88190174	SINE/MIR	369	+	49	88190125	51638
chr11	88138487	88338487	harbor2	chr11	88190708	88190916	SINE/MIR	810	+	104	88190812	52325
chr11	88138487	88338487	harbor2	chr11	88210621	88210865	SINE/MIR	410	+	122	88210743	72256
chr11	88138487	88338487	harbor2	chr11	88234792	88234999	SINE/MIR	486	+	104	88234896	96409
chr11	88138487	88338487	harbor2	chr11	88235120	88235348	SINE/MIR	410	+	114	88235234	96747
chr11	130639853	130839853	harbor2	chr11	130645116	130645337	SINE/MIR	386	+	110	130645226	5373
chr11	130639853	130839853	harbor2	chr11	130675915	130676056	SINE/MIR	382	+	70	130675985	36132
chr11	130639853	130839853	harbor2	chr11	130714738	130714961	SINE/MIR	427	+	112	130714850	74997
chr11	130639853	130839853	harbor2	chr11	130716292	130716472	SINE/MIR	400	+	90	130716382	76529
chr11	130639853	130839853	harbor2	chr11	130736874	130737091	SINE/MIR	825	+	108	130736982	97129
chr11	123675965	123875965	harbor2	chr11	123676894	123677006	SINE/MIR	382	+	56	123676950	985
chr11	123675965	123875965	harbor2	chr11	123689063	123689258	SINE/MIR	692	+	98	123689161	13196
chr11	123675965	123875965	harbor2	chr11	123701171	123701289	SINE/MIR	481	+	59	123701230	25265
chr11	123675965	123875965	harbor2	chr11	123706048	123706234	SINE/MIR	416	+	93	123706141	30176
chr11	123675965	123875965	harbor2	chr11	123731549	123731737	SINE/MIR	743	+	94	123731643	55678
chr11	123675965	123875965	harbor2	chr11	123736663	123736892	SINE/MIR	568	+	114	123736777	60812
chr11	123675965	123875965	harbor2	chr11	123742040	123742191	SINE/MIR	384	+	76	123742116	66151
chr11	114688660	114888660	harbor2	chr11	114717491	114717709	SINE/MIR	416	+	109	114717600	28940
chr11	114688660	114888660	harbor2	chr11	114718142	114718362	SINE/MIR	576	+	110	114718252	29592
chr11	114688660	114888660	harbor2	chr11	114735396	114735601	SINE/MIR	628	+	102	114735498	46838
chr11	114688660	114888660	harbor2	chr11	114759250	114759462	SINE/MIR	885	+	106	114759356	70696
chr11	114688660	114888660	harbor2	chr11	114767849	114768047	SINE/MIR	518	+	99	114767948	79288
chr11	114688660	114888660	harbor2	chr11	114777712	114777871	SINE/MIR	426	+	80	114777792	89132
chr11	73380972	73580972	harbor2	chr11	73403004	73403109	SINE/MIR	379	+	52	73403056	22084
chr11	73380972	73580972	harbor2	chr11	73403940	73404134	SINE/MIR	485	+	97	73404037	23065
chr11	73380972	73580972	harbor2	chr11	73405463	73405609	SINE/MIR	549	+	73	73405536	24564
chr11	73380972	73580972	harbor2	chr11	73409699	73409889	SINE/MIR	400	+	95	73409794	28822
chr11	73380972	73580972	harbor2	chr11	73410999	73411166	SINE/MIR	609	+	84	73411083	30111
chr11	73380972	73580972	harbor2	chr11	73411729	73411845	SINE/MIR	383	+	58	73411787	30815
chr11	73380972	73580972	harbor2	chr11	73414490	73414715	SINE/MIR	539	+	112	73414602	33630
chr11	73380972	73580972	harbor2	chr11	73422971	73423151	SINE/MIR	797	+	90	73423061	42089
chr11	73380972	73580972	harbor2	chr11	73425516	73425591	SINE/MIR	522	+	38	73425554	44582
chr11	73380972	73580972	harbor2	chr11	73425849	73425997	SINE/MIR	522	+	74	73425923	44951
chr11	73380972	73580972	harbor2	chr11	73427551	73427735	SINE/MIR	678	+	92	73427643	46671
chr11	73380972	73580972	harbor2	chr11	73429236	73429448	SINE/MIR	517	+	106	73429342	48370
chr11	73380972	73580972	harbor2	chr11	73443640	73443835	SINE/MIR	439	+	98	73443738	62766
chr11	73380972	73580972	harbor2	chr11	73444014	73444251	SINE/MIR	449	+	118	73444132	63160
chr11	73380972	73580972	harbor2	chr11	73447838	73448024	SINE/MIR	446	+	93	73447931	66959
chr11	73380972	73580972	harbor2	chr11	73455966	73456140	SINE/MIR	483	+	87	73456053	75081
chr11	73380972	73580972	harbor2	chr11	73457857	73457996	SINE/MIR	467	+	70	73457927	76955
chr11	73380972	73580972	harbor2	chr11	73468775	73468895	SINE/MIR	445	+	60	73468835	87863
chr11	73380972	73580972	harbor2	chr11	73471205	73471339	SINE/MIR	498	+	67	73471272	90300
chr11	73380972	73580972	harbor2	chr11	73400283	73400510	SINE/MIR	505	+	114	73400397	19425
chr11	127044278	127244278	harbor2	chr11	127102228	127102393	SINE/MIR	695	+	82	127102310	58032
chr11	127044278	127244278	harbor2	chr11	127105177	127105386	SINE/MIR	483	+	104	127105281	61003
chr11	127044278	127244278	harbor2	chr11	127111232	127111409	SINE/MIR	509	+	88	127111320	67042
chr11	127044278	127244278	harbor2	chr11	127112425	127112635	SINE/MIR	422	+	105	127112530	68252
chr11	127044278	127244278	harbor2	chr11	127114826	127115037	SINE/MIR	495	+	106	127114932	70654
chr11	127044278	127244278	harbor2	chr11	127126722	127126840	SINE/MIR	377	+	59	127126781	82503
chr11	127044278	127244278	harbor2	chr11	127128424	127128601	SINE/MIR	542	+	88	127128512	84234
chr11	129598243	129798243	harbor2	chr11	129611083	129611190	SINE/MIR	446	+	54	129611137	12894
chr11	129598243	129798243	harbor2	chr11	129615448	129615636	SINE/MIR	399	+	94	129615542	17299
chr11	129598243	129798243	harbor2	chr11	129637580	129637695	SINE/MIR	373	+	58	129637638	39395
chr11	129598243	129798243	harbor2	chr11	129667353	129667482	SINE/MIR	386	+	64	129667417	69174
chr11	134858538	135058538	harbor2	chr11	134865966	134866131	SINE/MIR	451	+	82	134866048	7510
chr11	134858538	135058538	harbor2	chr11	134881188	134881390	SINE/MIR	386	+	101	134881289	22751
chr11	134858538	135058538	harbor2	chr11	134908133	134908286	SINE/MIR	390	+	76	134908209	49671
chr11	134858538	135058538	harbor2	chr11	134910774	134911019	SINE/MIR	648	+	122	134910896	52358
chr11	134858538	135058538	harbor2	chr11	134943335	134943512	SINE/MIR	378	+	88	134943423	84885
chr11	134858538	135058538	harbor2	chr11	134954950	134955125	SINE/MIR	384	+	88	134955038	96500
chr11	104548764	104748764	harbor2	chr11	104550960	104551122	SINE/MIR	374	+	81	104551041	2277
chr11	104548764	104748764	harbor2	chr11	104572697	104572927	SINE/MIR	540	+	115	104572812	24048
chr11	104548764	104748764	harbor2	chr11	104620538	104620716	SINE/MIR	380	+	89	104620627	71863
chr11	104548764	104748764	harbor2	chr11	104626656	104626858	SINE/MIR	498	+	101	104626757	77993
chr11	73929600	74129600	harbor2	chr11	73952688	73952892	SINE/MIR	646	+	102	73952790	23190
chr11	73929600	74129600	harbor2	chr11	73962847	73963043	SINE/MIR	504	+	98	73962945	33345
chr11	73929600	74129600	harbor2	chr11	73963374	73963389	SINE/MIR	504	+	8	73963382	33782
chr11	73929600	74129600	harbor2	chr11	73963892	73964078	SINE/MIR	438	+	93	73963985	34385
chr11	73929600	74129600	harbor2	chr11	73972233	73972420	SINE/MIR	582	+	94	73972327	42727
chr11	73929600	74129600	harbor2	chr11	73977366	73977485	SINE/MIR	379	+	60	73977426	47826
chr11	73929600	74129600	harbor2	chr11	73977502	73977696	SINE/MIR	375	+	97	73977599	47999
chr11	73929600	74129600	harbor2	chr11	73981136	73981375	SINE/MIR	504	+	120	73981256	51656
chr11	73929600	74129600	harbor2	chr11	74002369	74002607	SINE/MIR	1008	+	119	74002488	72888
chr11	73929600	74129600	harbor2	chr11	74002921	74003130	SINE/MIR	591	+	104	74003025	73425
chr11	73929600	74129600	harbor2	chr11	74026640	74026687	SINE/MIR	395	+	24	74026664	97064
chr11	73929600	74129600	harbor2	chr11	74026984	74027077	SINE/MIR	395	+	46	74027030	97430
chr11	73929600	74129600	harbor2	chr11	74027409	74027537	SINE/MIR	474	+	64	74027473	97873
chr11	132588900	132788900	harbor2	chr11	132591514	132591749	SINE/MIR	372	+	118	132591632	2732
chr11	132588900	132788900	harbor2	chr11	132595978	132596232	SINE/MIR	642	+	127	132596105	7205
chr11	132588900	132788900	harbor2	chr11	132605017	132605221	SINE/MIR	420	+	102	132605119	16219
chr11	132588900	132788900	harbor2	chr11	132615256	132615440	SINE/MIR	550	+	92	132615348	26448
chr11	132588900	132788900	harbor2	chr11	132615745	132615806	SINE/MIR	550	+	30	132615775	26875
chr11	132588900	132788900	harbor2	chr11	132622832	132622978	SINE/MIR	436	+	73	132622905	34005
chr11	132588900	132788900	harbor2	chr11	132651241	132651418	SINE/MIR	388	+	88	132651329	62429
chr11	132588900	132788900	harbor2	chr11	132652456	132652706	SINE/MIR	561	+	125	132652581	63681
chr11	132588900	132788900	harbor2	chr11	132683449	132683642	SINE/MIR	524	+	96	132683545	94645
chr11	133255352	133455352	harbor2	chr11	133256201	133256385	SINE/MIR	645	+	92	133256293	941
chr11	133255352	133455352	harbor2	chr11	133263028	133263244	SINE/MIR	423	+	108	133263136	7784
chr11	133255352	133455352	harbor2	chr11	133271053	133271285	SINE/MIR	452	+	116	133271169	15817
chr11	133255352	133455352	harbor2	chr11	133284680	133284875	SINE/MIR	377	+	98	133284778	29426
chr11	133255352	133455352	harbor2	chr11	133320344	133320562	SINE/MIR	436	+	109	133320453	65101
chr11	133255352	133455352	harbor2	chr11	133328070	133328157	SINE/MIR	401	+	44	133328114	72762
chr11	133255352	133455352	harbor2	chr11	133328458	133328517	SINE/MIR	401	+	30	133328488	73136
chr11	133255352	133455352	harbor2	chr11	133267337	133267523	SINE/MIR	617	+	93	133267430	12078
chr11	133996879	134196879	harbor2	chr11	133999190	133999374	SINE/MIR	466	+	92	133999282	2403
chr11	133996879	134196879	harbor2	chr11	134001078	134001263	SINE/MIR	486	+	92	134001170	4291
chr11	133996879	134196879	harbor2	chr11	134012298	134012555	SINE/MIR	529	+	128	134012426	15547
chr11	133996879	134196879	harbor2	chr11	134018319	134018468	SINE/MIR	489	+	74	134018393	21514
chr11	133996879	134196879	harbor2	chr11	134029055	134029272	SINE/MIR	463	+	108	134029163	32284
chr11	133996879	134196879	harbor2	chr11	134043200	134043324	SINE/MIR	412	+	62	134043262	46383
chr11	130492466	130692466	harbor2	chr11	130555451	130555577	SINE/MIR	376	+	63	130555514	63048
chr11	130492466	130692466	harbor2	chr11	130562789	130562969	SINE/MIR	530	+	90	130562879	70413
chr11	130492466	130692466	harbor2	chr11	130581044	130581273	SINE/MIR	592	+	114	130581158	88692
chr11	130492466	130692466	harbor2	chr11	130584758	130584882	SINE/MIR	369	+	62	130584820	92354
chr11	57904710	58104710	harbor2	chr11	57915016	57915232	SINE/MIR	454	+	108	57915124	10414
chr11	57904710	58104710	harbor2	chr11	57917012	57917205	SINE/MIR	730	+	96	57917108	12398
chr11	57904710	58104710	harbor2	chr11	57937945	57938161	SINE/MIR	518	+	108	57938053	33343
chr11	57904710	58104710	harbor2	chr11	57939522	57939756	SINE/MIR	527	+	117	57939639	34929
chr11	57904710	58104710	harbor2	chr11	57961695	57961911	SINE/MIR	791	+	108	57961803	57093
chr11	57904710	58104710	harbor2	chr11	57993847	57994031	SINE/MIR	459	+	92	57993939	89229
chr11	57904710	58104710	harbor2	chr11	58001607	58001778	SINE/MIR	609	+	86	58001693	96983
chr11	104593410	104793410	harbor2	chr11	104620538	104620716	SINE/MIR	380	+	89	104620627	27217
chr11	104593410	104793410	harbor2	chr11	104626656	104626858	SINE/MIR	498	+	101	104626757	33347
chr11	104593410	104793410	harbor2	chr11	104678962	104679181	SINE/MIR	405	+	110	104679072	85662
chr11	60426000	60626000	harbor2	chr11	60452986	60453167	SINE/MIR	482	+	90	60453076	27076
chr11	60426000	60626000	harbor2	chr11	60456197	60456348	SINE/MIR	523	+	76	60456273	30273
chr11	60426000	60626000	harbor2	chr11	60459226	60459393	SINE/MIR	378	+	84	60459310	33310
chr11	60426000	60626000	harbor2	chr11	60464682	60464861	SINE/MIR	402	+	90	60464772	38772
chr11	60426000	60626000	harbor2	chr11	60466197	60466444	SINE/MIR	1073	+	124	60466321	40321
chr11	60426000	60626000	harbor2	chr11	60486307	60486528	SINE/MIR	476	+	110	60486417	60417
chr11	60426000	60626000	harbor2	chr11	60495957	60496159	SINE/MIR	544	+	101	60496058	70058
chr11	60426000	60626000	harbor2	chr11	60500420	60500621	SINE/MIR	390	+	100	60500520	74520
chr11	60426000	60626000	harbor2	chr11	60513070	60513293	SINE/MIR	619	+	112	60513182	87182
chr11	91509517	91709517	harbor2	chr11	91547892	91548028	SINE/MIR	505	+	68	91547960	38443
chr11	91509517	91709517	harbor2	chr11	91548186	91548420	SINE/MIR	366	+	117	91548303	38786
chr11	91509517	91709517	harbor2	chr11	91550288	91550519	SINE/MIR	467	+	116	91550404	40887
chr11	101939647	102139647	harbor2	chr11	101947522	101947670	SINE/MIR	528	+	74	101947596	7949
chr11	101939647	102139647	harbor2	chr11	101975438	101975573	SINE/MIR	526	+	68	101975506	35859
chr11	132793627	132993627	harbor2	chr11	132803697	132803911	SINE/MIR	473	+	107	132803804	10177
chr11	132793627	132993627	harbor2	chr11	132822773	132823027	SINE/MIR	713	+	127	132822900	29273
chr11	132793627	132993627	harbor2	chr11	132825394	132825596	SINE/MIR	581	+	101	132825495	31868
chr11	132793627	132993627	harbor2	chr11	132840498	132840655	SINE/MIR	374	+	78	132840576	46949
chr11	132793627	132993627	harbor2	chr11	132840891	132841135	SINE/MIR	475	+	122	132841013	47386
chr11	132793627	132993627	harbor2	chr11	132848730	132848903	SINE/MIR	470	+	86	132848816	55189
chr11	132793627	132993627	harbor2	chr11	132864365	132864570	SINE/MIR	539	+	102	132864467	70840
chr11	133820416	134020416	harbor2	chr11	133826450	133826575	SINE/MIR	368	+	62	133826512	6096
chr11	133820416	134020416	harbor2	chr11	133836497	133836637	SINE/MIR	526	+	70	133836567	16151
chr11	102144386	102344386	harbor2	chr11	102169021	102169250	SINE/MIR	513	+	114	102169135	24749
chr11	102144386	102344386	harbor2	chr11	102177934	102178165	SINE/MIR	900	+	116	102178050	33664
chr11	102144386	102344386	harbor2	chr11	102184810	102185060	SINE/MIR	754	+	125	102184935	40549
chr11	112134148	112334148	harbor2	chr11	112161247	112161368	SINE/MIR	427	+	60	112161307	27159
chr11	112134148	112334148	harbor2	chr11	112187789	112188009	SINE/MIR	763	+	110	112187899	53751
chr11	121472785	121672785	harbor2	chr11	121474040	121474166	SINE/MIR	429	+	63	121474103	1318
chr11	121472785	121672785	harbor2	chr11	121475683	121475825	SINE/MIR	402	+	71	121475754	2969
chr11	121472785	121672785	harbor2	chr11	121485394	121485577	SINE/MIR	535	+	92	121485486	12701
chr11	121472785	121672785	harbor2	chr11	121532155	121532335	SINE/MIR	420	+	90	121532245	59460
chr11	121472785	121672785	harbor2	chr11	121553093	121553326	SINE/MIR	992	+	116	121553209	80424
chr11	56520612	56720612	harbor2	chr11	56573764	56573914	SINE/MIR	369	+	75	56573839	53227
chr11	56520612	56720612	harbor2	chr11	56601308	56601530	SINE/MIR	576	+	111	56601419	80807
chr11	56520612	56720612	harbor2	chr11	56610473	56610637	SINE/MIR	387	+	82	56610555	89943
chr11	112183940	112383940	harbor2	chr11	112187789	112188009	SINE/MIR	763	+	110	112187899	3959
chr11	112183940	112383940	harbor2	chr11	112259218	112259379	SINE/MIR	563	+	80	112259298	75358
chr11	112183940	112383940	harbor2	chr11	112259511	112259653	SINE/MIR	427	+	71	112259582	75642
chr11	112183940	112383940	harbor2	chr11	112265523	112265736	SINE/MIR	587	+	106	112265629	81689
chr11	112183940	112383940	harbor2	chr11	112270531	112270663	SINE/MIR	402	+	66	112270597	86657
chr11	86803997	87003997	harbor2	chr11	86865183	86865418	SINE/MIR	423	+	118	86865301	61304
chr11	86803997	87003997	harbor2	chr11	86871988	86872226	SINE/MIR	507	+	119	86872107	68110
chr11	86803997	87003997	harbor2	chr11	86872753	86872979	SINE/MIR	593	+	113	86872866	68869
chr11	86803997	87003997	harbor2	chr11	86876396	86876535	SINE/MIR	447	+	70	86876466	72469
chr11	86803997	87003997	harbor2	chr11	86895183	86895361	SINE/MIR	552	+	89	86895272	91275
chr11	130816546	131016546	harbor2	chr11	130822208	130822405	SINE/MIR	665	+	98	130822306	5760
chr11	130816546	131016546	harbor2	chr11	130829400	130829625	SINE/MIR	629	+	112	130829512	12966
chr11	130816546	131016546	harbor2	chr11	130841315	130841537	SINE/MIR	430	+	111	130841426	24880
chr11	130816546	131016546	harbor2	chr11	130858064	130858250	SINE/MIR	390	+	93	130858157	41611
chr11	130816546	131016546	harbor2	chr11	130859389	130859639	SINE/MIR	659	+	125	130859514	42968
chr11	130816546	131016546	harbor2	chr11	130867088	130867306	SINE/MIR	457	+	109	130867197	50651
chr11	130816546	131016546	harbor2	chr11	130873451	130873596	SINE/MIR	653	+	72	130873523	56977
chr11	130816546	131016546	harbor2	chr11	130873661	130873735	SINE/MIR	653	+	37	130873698	57152
chr11	130816546	131016546	harbor2	chr11	130898960	130899111	SINE/MIR	480	+	76	130899036	82490
chr11	130816546	131016546	harbor2	chr11	130902054	130902274	SINE/MIR	450	+	110	130902164	85618
chr11	130816546	131016546	harbor2	chr11	130910557	130910736	SINE/MIR	391	+	90	130910647	94101
chr11	128074175	128274175	harbor2	chr11	128134867	128135136	SINE/MIR	409	+	134	128135001	60826
chr11	128074175	128274175	harbor2	chr11	128150582	128150732	SINE/MIR	448	+	75	128150657	76482
chr11	121650782	121850782	harbor2	chr11	121697862	121698109	SINE/MIR	885	+	124	121697986	47204
chr11	121650782	121850782	harbor2	chr11	121700700	121700895	SINE/MIR	601	+	98	121700798	50016
chr11	121650782	121850782	harbor2	chr11	121708448	121708692	SINE/MIR	681	+	122	121708570	57788
chr11	121650782	121850782	harbor2	chr11	121683965	121684104	SINE/MIR	434	+	70	121684035	33253
chr12	119639906	119839906	harbor2	chr12	119642575	119642722	SINE/MIR	583	+	74	119642649	2743
chr12	119639906	119839906	harbor2	chr12	119658616	119658860	SINE/MIR	907	+	122	119658738	18832
chr12	119639906	119839906	harbor2	chr12	119660000	119660225	SINE/MIR	625	+	112	119660112	20206
chr12	119639906	119839906	harbor2	chr12	119722558	119722776	SINE/MIR	469	+	109	119722667	82761
chr12	108289208	108489208	harbor2	chr12	108290267	108290476	SINE/MIR	814	+	104	108290371	1163
chr12	108289208	108489208	harbor2	chr12	108290515	108290704	SINE/MIR	643	+	94	108290609	1401
chr12	108289208	108489208	harbor2	chr12	108294447	108294675	SINE/MIR	590	+	114	108294561	5353
chr12	108289208	108489208	harbor2	chr12	108296160	108296337	SINE/MIR	696	+	88	108296248	7040
chr12	108289208	108489208	harbor2	chr12	108300576	108300824	SINE/MIR	630	+	124	108300700	11492
chr12	108289208	108489208	harbor2	chr12	108308121	108308268	SINE/MIR	503	+	74	108308195	18987
chr12	108289208	108489208	harbor2	chr12	108308967	108309207	SINE/MIR	853	+	120	108309087	19879
chr12	108289208	108489208	harbor2	chr12	108319421	108319694	SINE/MIR	614	+	136	108319557	30349
chr12	108289208	108489208	harbor2	chr12	108324311	108324416	SINE/MIR	558	+	52	108324363	35155
chr12	108289208	108489208	harbor2	chr12	108334681	108334926	SINE/MIR	621	+	122	108334803	45595
chr12	108289208	108489208	harbor2	chr12	108341686	108341806	SINE/MIR	513	+	60	108341746	52538
chr12	108289208	108489208	harbor2	chr12	108345001	108345198	SINE/MIR	571	+	98	108345099	55891
chr12	108289208	108489208	harbor2	chr12	108350009	108350146	SINE/MIR	698	+	68	108350077	60869
chr12	108289208	108489208	harbor2	chr12	108350487	108350549	SINE/MIR	698	+	31	108350518	61310
chr12	108289208	108489208	harbor2	chr12	108350639	108350774	SINE/MIR	480	+	68	108350707	61499
chr12	108289208	108489208	harbor2	chr12	108355444	108355602	SINE/MIR	498	+	79	108355523	66315
chr12	108289208	108489208	harbor2	chr12	108362563	108362777	SINE/MIR	658	+	107	108362670	73462
chr12	108289208	108489208	harbor2	chr12	108381400	108381599	SINE/MIR	662	+	100	108381500	92292
chr12	108289208	108489208	harbor2	chr12	108382103	108382216	SINE/MIR	446	+	56	108382159	92951
chr12	108289208	108489208	harbor2	chr12	108383899	108384095	SINE/MIR	546	+	98	108383997	94789
chr12	114870048	115070048	harbor2	chr12	114871369	114871593	SINE/MIR	794	+	112	114871481	1433
chr12	114870048	115070048	harbor2	chr12	114894207	114894338	SINE/MIR	444	+	66	114894273	24225
chr12	114870048	115070048	harbor2	chr12	114900735	114900952	SINE/MIR	873	+	108	114900843	30795
chr12	114870048	115070048	harbor2	chr12	114909261	114909395	SINE/MIR	485	+	67	114909328	39280
chr12	114870048	115070048	harbor2	chr12	114918655	114918822	SINE/MIR	543	+	84	114918739	48691
chr12	114870048	115070048	harbor2	chr12	114947598	114947835	SINE/MIR	464	+	118	114947716	77668
chr12	114870048	115070048	harbor2	chr12	114968233	114968437	SINE/MIR	544	+	102	114968335	98287
chr12	99676176	99876176	harbor2	chr12	99765150	99765311	SINE/MIR	481	+	80	99765230	89054
chr12	32726335	32926335	harbor2	chr12	32773313	32773486	SINE/MIR	556	+	86	32773399	47064
chr12	32726335	32926335	harbor2	chr12	32800477	32800722	SINE/MIR	658	+	122	32800599	74264
chr12	32726335	32926335	harbor2	chr12	32822170	32822389	SINE/MIR	638	+	110	32822280	95945
chr12	55930913	56130913	harbor2	chr12	55939559	55939800	SINE/MIR	748	+	120	55939679	8766
chr12	55930913	56130913	harbor2	chr12	56024370	56024592	SINE/MIR	918	+	111	56024481	93568
chr12	129287037	129487037	harbor2	chr12	129328794	129329011	SINE/MIR	515	+	108	129328902	41865
chr12	69880314	70080314	harbor2	chr12	69883140	69883264	SINE/MIR	451	+	62	69883202	2888
chr12	69880314	70080314	harbor2	chr12	69896083	69896321	SINE/MIR	757	+	119	69896202	15888
chr12	69880314	70080314	harbor2	chr12	69929688	69929956	SINE/MIR	1009	+	134	69929822	49508
chr12	69880314	70080314	harbor2	chr12	69955860	69956065	SINE/MIR	645	+	102	69955962	75648
chr12	69880314	70080314	harbor2	chr12	69959771	69959997	SINE/MIR	440	+	113	69959884	79570
chr12	69880314	70080314	harbor2	chr12	69964487	69964723	SINE/MIR	726	+	118	69964605	84291
chr12	69880314	70080314	harbor2	chr12	69972960	69973162	SINE/MIR	537	+	101	69973061	92747
chr12	69880314	70080314	harbor2	chr12	69978701	69978808	SINE/MIR	470	+	54	69978755	98441
chr12	102232113	102432113	harbor2	chr12	102273860	102274094	SINE/MIR	835	+	117	102273977	41864
chr12	102232113	102432113	harbor2	chr12	102283426	102283666	SINE/MIR	653	+	120	102283546	51433
chr12	102232113	102432113	harbor2	chr12	102320091	102320261	SINE/MIR	577	+	85	102320176	88063
chr12	76855038	77055038	harbor2	chr12	76861689	76861893	SINE/MIR	481	+	102	76861791	6753
chr12	76855038	77055038	harbor2	chr12	76861927	76862117	SINE/MIR	534	+	95	76862022	6984
chr12	76855038	77055038	harbor2	chr12	76874308	76874517	SINE/MIR	590	+	104	76874412	19374
chr12	76855038	77055038	harbor2	chr12	76881143	76881400	SINE/MIR	1061	+	128	76881271	26233
chr12	114199544	114399544	harbor2	chr12	114202653	114202924	SINE/MIR	541	+	136	114202789	3245
chr12	114199544	114399544	harbor2	chr12	114214318	114214570	SINE/MIR	578	+	126	114214444	14900
chr12	114199544	114399544	harbor2	chr12	114218773	114218943	SINE/MIR	462	+	85	114218858	19314
chr12	114199544	114399544	harbor2	chr12	114226012	114226214	SINE/MIR	577	+	101	114226113	26569
chr12	114199544	114399544	harbor2	chr12	114229259	114229469	SINE/MIR	704	+	105	114229364	29820
chr12	114199544	114399544	harbor2	chr12	114241600	114241788	SINE/MIR	528	+	94	114241694	42150
chr12	114199544	114399544	harbor2	chr12	114253057	114253243	SINE/MIR	806	+	93	114253150	53606
chr12	114199544	114399544	harbor2	chr12	114265996	114266196	SINE/MIR	614	+	100	114266096	66552
chr12	114199544	114399544	harbor2	chr12	114267468	114267682	SINE/MIR	593	+	107	114267575	68031
chr12	114199544	114399544	harbor2	chr12	114293773	114293970	SINE/MIR	455	+	98	114293871	94327
chr12	114199544	114399544	harbor2	chr12	114295527	114295762	SINE/MIR	691	+	118	114295645	96101
chr12	109829159	110029159	harbor2	chr12	109830211	109830424	SINE/MIR	508	+	106	109830317	1158
chr12	109829159	110029159	harbor2	chr12	109839282	109839525	SINE/MIR	586	+	122	109839404	10245
chr12	109829159	110029159	harbor2	chr12	109852894	109853120	SINE/MIR	871	+	113	109853007	23848
chr12	109829159	110029159	harbor2	chr12	109858084	109858269	SINE/MIR	831	+	92	109858176	29017
chr12	109829159	110029159	harbor2	chr12	109861273	109861467	SINE/MIR	531	+	97	109861370	32211
chr12	109829159	110029159	harbor2	chr12	109861759	109861814	SINE/MIR	531	+	28	109861787	32628
chr12	109829159	110029159	harbor2	chr12	109870043	109870159	SINE/MIR	540	+	58	109870101	40942
chr12	109829159	110029159	harbor2	chr12	109874142	109874290	SINE/MIR	487	+	74	109874216	45057
chr12	109829159	110029159	harbor2	chr12	109896337	109896521	SINE/MIR	654	+	92	109896429	67270
chr12	109829159	110029159	harbor2	chr12	109897027	109897232	SINE/MIR	560	+	102	109897129	67970
chr12	133089252	133289252	harbor2	chr12	133158033	133158271	SINE/MIR	933	+	119	133158152	68900
chr12	133089252	133289252	harbor2	chr12	133159036	133159181	SINE/MIR	596	+	72	133159108	69856
chr12	116672089	116872089	harbor2	chr12	116684700	116684878	SINE/MIR	431	+	89	116684789	12700
chr12	116672089	116872089	harbor2	chr12	116685301	116685326	SINE/MIR	431	+	12	116685313	13224
chr12	116672089	116872089	harbor2	chr12	116748794	116749032	SINE/MIR	1019	+	119	116748913	76824
chr12	116672089	116872089	harbor2	chr12	116750397	116750583	SINE/MIR	629	+	93	116750490	78401
chr12	116672089	116872089	harbor2	chr12	116750574	116750772	SINE/MIR	687	+	99	116750673	78584
chr12	60797283	60997283	harbor2	chr12	60851716	60851938	SINE/MIR	476	+	111	60851827	54544
chr12	119928213	120128213	harbor2	chr12	119988165	119988412	SINE/MIR	511	+	124	119988289	60076
chr12	119928213	120128213	harbor2	chr12	119997595	119997779	SINE/MIR	434	+	92	119997687	69474
chr12	119928213	120128213	harbor2	chr12	120011819	120011979	SINE/MIR	481	+	80	120011899	83686
chr12	105847551	106047551	harbor2	chr12	105854640	105854823	SINE/MIR	701	+	92	105854732	7181
chr12	105847551	106047551	harbor2	chr12	105858184	105858314	SINE/MIR	637	+	65	105858249	10698
chr12	105847551	106047551	harbor2	chr12	105870009	105870244	SINE/MIR	764	+	118	105870127	22576
chr12	105847551	106047551	harbor2	chr12	105870808	105870986	SINE/MIR	442	+	89	105870897	23346
chr12	105847551	106047551	harbor2	chr12	105875512	105875750	SINE/MIR	856	+	119	105875631	28080
chr12	105847551	106047551	harbor2	chr12	105880943	105881109	SINE/MIR	471	+	83	105881026	33475
chr12	105847551	106047551	harbor2	chr12	105894373	105894434	SINE/MIR	578	+	30	105894403	46852
chr12	105847551	106047551	harbor2	chr12	105894739	105894855	SINE/MIR	578	+	58	105894797	47246
chr12	105847551	106047551	harbor2	chr12	105913743	105913986	SINE/MIR	549	+	122	105913865	66314
chr12	105847551	106047551	harbor2	chr12	105919156	105919293	SINE/MIR	446	+	68	105919224	71673
chr12	105847551	106047551	harbor2	chr12	105931763	105931963	SINE/MIR	428	+	100	105931863	84312
chr12	103345079	103545079	harbor2	chr12	103344976	103345237	SINE/MIR	537	+	130	103345106	27
chr12	103345079	103545079	harbor2	chr12	103345223	103345404	SINE/MIR	793	+	90	103345313	234
chr12	103345079	103545079	harbor2	chr12	103378665	103378891	SINE/MIR	625	+	113	103378778	33699
chr12	103345079	103545079	harbor2	chr12	103381541	103381636	SINE/MIR	701	+	48	103381589	36510
chr12	103345079	103545079	harbor2	chr12	103381931	103382085	SINE/MIR	701	+	77	103382008	36929
chr12	103345079	103545079	harbor2	chr12	103431445	103431687	SINE/MIR	540	+	121	103431566	86487
chr12	110540774	110740774	harbor2	chr12	110547239	110547461	SINE/MIR	855	+	111	110547350	6576
chr12	108697819	108897819	harbor2	chr12	108705081	108705183	SINE/MIR	434	+	51	108705132	7313
chr12	108697819	108897819	harbor2	chr12	108732415	108732598	SINE/MIR	477	+	92	108732507	34688
chr12	108697819	108897819	harbor2	chr12	108732759	108732851	SINE/MIR	445	+	46	108732805	34986
chr12	108697819	108897819	harbor2	chr12	108734497	108734747	SINE/MIR	619	+	125	108734622	36803
chr12	108697819	108897819	harbor2	chr12	108746021	108746227	SINE/MIR	457	+	103	108746124	48305
chr12	108697819	108897819	harbor2	chr12	108752625	108752749	SINE/MIR	657	+	62	108752687	54868
chr12	108697819	108897819	harbor2	chr12	108754949	108755131	SINE/MIR	857	+	91	108755040	57221
chr12	108697819	108897819	harbor2	chr12	108755429	108755488	SINE/MIR	857	+	30	108755459	57640
chr12	108697819	108897819	harbor2	chr12	108763102	108763319	SINE/MIR	675	+	108	108763210	65391
chr12	108697819	108897819	harbor2	chr12	108763617	108763672	SINE/MIR	675	+	28	108763645	65826
chr12	108697819	108897819	harbor2	chr12	108764655	108764759	SINE/MIR	430	+	52	108764707	66888
chr12	108697819	108897819	harbor2	chr12	108769247	108769409	SINE/MIR	477	+	81	108769328	71509
chr12	108697819	108897819	harbor2	chr12	108778383	108778565	SINE/MIR	541	+	91	108778474	80655
chr12	129723543	129923543	harbor2	chr12	129771245	129771450	SINE/MIR	606	+	102	129771347	47804
chr12	129723543	129923543	harbor2	chr12	129773830	129774016	SINE/MIR	458	+	93	129773923	50380
chr12	129723543	129923543	harbor2	chr12	129774807	129775031	SINE/MIR	510	+	112	129774919	51376
chr12	123602139	123802139	harbor2	chr12	123602485	123602627	SINE/MIR	661	+	71	123602556	417
chr12	123602139	123802139	harbor2	chr12	123611831	123612039	SINE/MIR	443	+	104	123611935	9796
chr12	80500266	80700266	harbor2	chr12	80534316	80534498	SINE/MIR	591	+	91	80534407	34141
chr12	80500266	80700266	harbor2	chr12	80547590	80547836	SINE/MIR	570	+	123	80547713	47447
chr12	133073239	133273239	harbor2	chr12	133158033	133158271	SINE/MIR	933	+	119	133158152	84913
chr12	133073239	133273239	harbor2	chr12	133159036	133159181	SINE/MIR	596	+	72	133159108	85869
chr12	76017268	76217268	harbor2	chr12	76087610	76087801	SINE/MIR	736	+	96	76087706	70438
chr12	76017268	76217268	harbor2	chr12	76088226	76088308	SINE/MIR	736	+	41	76088267	70999
chr12	76017268	76217268	harbor2	chr12	76104283	76104501	SINE/MIR	445	+	109	76104392	87124
chr12	120113600	120313600	harbor2	chr12	120125440	120125603	SINE/MIR	544	+	82	120125522	11922
chr12	120113600	120313600	harbor2	chr12	120190896	120191090	SINE/MIR	629	+	97	120190993	77393
chr12	118125568	118325568	harbor2	chr12	118152668	118152906	SINE/MIR	639	+	119	118152787	27219
chr12	118125568	118325568	harbor2	chr12	118154872	118154934	SINE/MIR	589	+	31	118154903	29335
chr12	118125568	118325568	harbor2	chr12	118155460	118155632	SINE/MIR	589	+	86	118155546	29978
chr12	118125568	118325568	harbor2	chr12	118184811	118184990	SINE/MIR	494	+	90	118184901	59333
chr12	132496218	132696218	harbor2	chr12	132524892	132525039	SINE/MIR	462	+	74	132524966	28748
chr12	88392528	88592528	harbor2	chr12	88399455	88399662	SINE/MIR	438	+	104	88399559	7031
chr12	88392528	88592528	harbor2	chr12	88401462	88401713	SINE/MIR	453	+	126	88401588	9060
chr12	88392528	88592528	harbor2	chr12	88425581	88425826	SINE/MIR	996	+	122	88425703	33175
chr12	51521873	51721873	harbor2	chr12	51539132	51539162	SINE/MIR	583	+	15	51539147	17274
chr12	51521873	51721873	harbor2	chr12	51539476	51539640	SINE/MIR	583	+	82	51539558	17685
chr12	51521873	51721873	harbor2	chr12	51539635	51539842	SINE/MIR	626	+	104	51539739	17866
chr12	51521873	51721873	harbor2	chr12	51556094	51556292	SINE/MIR	447	+	99	51556193	34320
chr12	51521873	51721873	harbor2	chr12	51595499	51595724	SINE/MIR	983	+	112	51595611	73738
chr12	110756045	110956045	harbor2	chr12	110774965	110775131	SINE/MIR	719	+	83	110775048	19003
chr12	110756045	110956045	harbor2	chr12	110777017	110777240	SINE/MIR	838	+	112	110777129	21084
chr12	110756045	110956045	harbor2	chr12	110815822	110816031	SINE/MIR	813	+	104	110815926	59881
chr12	110756045	110956045	harbor2	chr12	110817025	110817257	SINE/MIR	655	+	116	110817141	61096
chr12	110756045	110956045	harbor2	chr12	110817919	110818014	SINE/MIR	543	+	48	110817967	61922
chr12	110756045	110956045	harbor2	chr12	110826615	110826761	SINE/MIR	520	+	73	110826688	70643
chr12	110756045	110956045	harbor2	chr12	110829675	110829806	SINE/MIR	861	+	66	110829741	73696
chr12	110756045	110956045	harbor2	chr12	110830130	110830208	SINE/MIR	861	+	39	110830169	74124
chr12	110756045	110956045	harbor2	chr12	110831384	110831524	SINE/MIR	701	+	70	110831454	75409
chr12	110756045	110956045	harbor2	chr12	110833474	110833542	SINE/MIR	691	+	34	110833508	77463
chr12	110756045	110956045	harbor2	chr12	110833843	110833914	SINE/MIR	691	+	36	110833879	77834
chr12	110756045	110956045	harbor2	chr12	110845371	110845484	SINE/MIR	433	+	56	110845427	89382
chr12	31162790	31362790	harbor2	chr12	31169201	31169429	SINE/MIR	688	+	114	31169315	6525
chr12	31162790	31362790	harbor2	chr12	31187555	31187725	SINE/MIR	652	+	85	31187640	24850
chr12	31162790	31362790	harbor2	chr12	31207684	31207922	SINE/MIR	790	+	119	31207803	45013
chr12	31162790	31362790	harbor2	chr12	31222145	31222351	SINE/MIR	707	+	103	31222248	59458
chr12	31162790	31362790	harbor2	chr12	31234746	31234894	SINE/MIR	431	+	74	31234820	72030
chr12	31162790	31362790	harbor2	chr12	31236523	31236723	SINE/MIR	657	+	100	31236623	73833
chr12	108046019	108246019	harbor2	chr12	108047535	108047778	SINE/MIR	595	+	122	108047657	1638
chr12	108046019	108246019	harbor2	chr12	108049989	108050191	SINE/MIR	629	+	101	108050090	4071
chr12	108046019	108246019	harbor2	chr12	108054878	108055082	SINE/MIR	659	+	102	108054980	8961
chr12	108046019	108246019	harbor2	chr12	108063239	108063417	SINE/MIR	453	+	89	108063328	17309
chr12	108046019	108246019	harbor2	chr12	108064429	108064566	SINE/MIR	436	+	68	108064497	18478
chr12	108046019	108246019	harbor2	chr12	108064753	108064875	SINE/MIR	495	+	61	108064814	18795
chr12	108046019	108246019	harbor2	chr12	108065543	108065683	SINE/MIR	480	+	70	108065613	19594
chr12	108046019	108246019	harbor2	chr12	108072085	108072293	SINE/MIR	682	+	104	108072189	26170
chr12	108046019	108246019	harbor2	chr12	108078346	108078573	SINE/MIR	763	+	114	108078460	32441
chr12	108046019	108246019	harbor2	chr12	108080866	108081105	SINE/MIR	608	+	120	108080986	34967
chr12	108046019	108246019	harbor2	chr12	108096070	108096222	SINE/MIR	444	+	76	108096146	50127
chr12	108046019	108246019	harbor2	chr12	108101759	108101950	SINE/MIR	441	+	96	108101855	55836
chr12	108046019	108246019	harbor2	chr12	108111168	108111378	SINE/MIR	633	+	105	108111273	65254
chr12	108046019	108246019	harbor2	chr12	108113795	108114029	SINE/MIR	677	+	117	108113912	67893
chr12	108046019	108246019	harbor2	chr12	108114119	108114311	SINE/MIR	558	+	96	108114215	68196
chr12	108046019	108246019	harbor2	chr12	108121085	108121293	SINE/MIR	490	+	104	108121189	75170
chr12	108046019	108246019	harbor2	chr12	108121645	108121814	SINE/MIR	499	+	84	108121729	75710
chr12	108046019	108246019	harbor2	chr12	108131174	108131353	SINE/MIR	537	+	90	108131264	85245
chr12	108046019	108246019	harbor2	chr12	108138379	108138575	SINE/MIR	700	+	98	108138477	92458
chr12	108046019	108246019	harbor2	chr12	108139503	108139757	SINE/MIR	966	+	127	108139630	93611
chr12	108046019	108246019	harbor2	chr12	108140128	108140342	SINE/MIR	563	+	107	108140235	94216
chr12	126756084	126956084	harbor2	chr12	126851266	126851510	SINE/MIR	788	+	122	126851388	95304
chr12	103013653	103213653	harbor2	chr12	103025640	103025712	SINE/MIR	435	+	36	103025676	12023
chr12	103013653	103213653	harbor2	chr12	103026114	103026280	SINE/MIR	435	+	83	103026197	12544
chr12	103013653	103213653	harbor2	chr12	103027726	103027871	SINE/MIR	634	+	72	103027798	14145
chr12	103013653	103213653	harbor2	chr12	103029203	103029380	SINE/MIR	464	+	88	103029291	15638
chr12	103013653	103213653	harbor2	chr12	103044990	103045193	SINE/MIR	610	+	102	103045092	31439
chr12	103013653	103213653	harbor2	chr12	103048478	103048616	SINE/MIR	448	+	69	103048547	34894
chr12	103013653	103213653	harbor2	chr12	103083830	103084012	SINE/MIR	441	+	91	103083921	70268
chr12	103013653	103213653	harbor2	chr12	103090377	103090561	SINE/MIR	443	+	92	103090469	76816
chr12	103013653	103213653	harbor2	chr12	103098241	103098400	SINE/MIR	586	+	80	103098321	84668
chr12	103013653	103213653	harbor2	chr12	103100966	103101144	SINE/MIR	591	+	89	103101055	87402
chr12	116709784	116909784	harbor2	chr12	116748794	116749032	SINE/MIR	1019	+	119	116748913	39129
chr12	116709784	116909784	harbor2	chr12	116750397	116750583	SINE/MIR	629	+	93	116750490	40706
chr12	116709784	116909784	harbor2	chr12	116750574	116750772	SINE/MIR	687	+	99	116750673	40889
chr12	116709784	116909784	harbor2	chr12	116775493	116775735	SINE/MIR	599	+	121	116775614	65830
chr12	116709784	116909784	harbor2	chr12	116776826	116776916	SINE/MIR	499	+	45	116776871	67087
chr12	116709784	116909784	harbor2	chr12	116777218	116777307	SINE/MIR	499	+	44	116777262	67478
chr12	116709784	116909784	harbor2	chr12	116777512	116777682	SINE/MIR	586	+	85	116777597	67813
chr12	116709784	116909784	harbor2	chr12	116777838	116778034	SINE/MIR	590	+	98	116777936	68152
chr12	116709784	116909784	harbor2	chr12	116780844	116781087	SINE/MIR	514	+	122	116780966	71182
chr12	116709784	116909784	harbor2	chr12	116781088	116781204	SINE/MIR	436	+	58	116781146	71362
chr12	116709784	116909784	harbor2	chr12	116798391	116798561	SINE/MIR	750	+	85	116798476	88692
chr12	116709784	116909784	harbor2	chr12	116801407	116801603	SINE/MIR	584	+	98	116801505	91721
chr12	120988560	121188560	harbor2	chr12	121004595	121004758	SINE/MIR	442	+	82	121004677	16117
chr12	120988560	121188560	harbor2	chr12	121007358	121007571	SINE/MIR	871	+	106	121007464	18904
chr12	120988560	121188560	harbor2	chr12	121010331	121010590	SINE/MIR	1075	+	130	121010461	21901
chr12	120988560	121188560	harbor2	chr12	121013305	121013477	SINE/MIR	570	+	86	121013391	24831
chr12	120988560	121188560	harbor2	chr12	121013770	121014021	SINE/MIR	841	+	126	121013896	25336
chr12	120988560	121188560	harbor2	chr12	121022865	121023097	SINE/MIR	579	+	116	121022981	34421
chr12	120988560	121188560	harbor2	chr12	121027863	121028008	SINE/MIR	505	+	72	121027935	39375
chr12	120988560	121188560	harbor2	chr12	121034593	121034830	SINE/MIR	496	+	118	121034711	46151
chr12	120988560	121188560	harbor2	chr12	121037143	121037326	SINE/MIR	591	+	92	121037235	48675
chr12	120988560	121188560	harbor2	chr12	121051424	121051674	SINE/MIR	847	+	125	121051549	62989
chr12	117002890	117202890	harbor2	chr12	117046959	117047090	SINE/MIR	548	+	66	117047025	44135
chr12	117002890	117202890	harbor2	chr12	117061826	117062039	SINE/MIR	528	+	106	117061932	59042
chr12	117002890	117202890	harbor2	chr12	117067703	117067870	SINE/MIR	455	+	84	117067787	64897
chr12	117002890	117202890	harbor2	chr12	117070623	117070771	SINE/MIR	546	+	74	117070697	67807
chr12	117002890	117202890	harbor2	chr12	117091968	117092169	SINE/MIR	465	+	100	117092068	89178
chr12	117002890	117202890	harbor2	chr12	117095557	117095595	SINE/MIR	508	+	19	117095576	92686
chr12	117002890	117202890	harbor2	chr12	117095917	117096130	SINE/MIR	508	+	106	117096023	93133
chr12	44787354	44987354	harbor2	chr12	44795339	44795525	SINE/MIR	451	+	93	44795432	8078
chr12	44787354	44987354	harbor2	chr12	44795965	44796208	SINE/MIR	458	+	122	44796087	8733
chr12	44787354	44987354	harbor2	chr12	44801503	44801737	SINE/MIR	785	+	117	44801620	14266
chr12	44787354	44987354	harbor2	chr12	44838421	44838618	SINE/MIR	583	+	98	44838519	51165
chr12	129249274	129449274	harbor2	chr12	129254412	129254640	SINE/MIR	622	+	114	129254526	5252
chr12	129249274	129449274	harbor2	chr12	129258097	129258269	SINE/MIR	448	+	86	129258183	8909
chr12	129249274	129449274	harbor2	chr12	129328794	129329011	SINE/MIR	515	+	108	129328902	79628
chr12	119213184	119413184	harbor2	chr12	119214720	119214861	SINE/MIR	448	+	70	119214790	1606
chr12	119213184	119413184	harbor2	chr12	119216214	119216455	SINE/MIR	909	+	120	119216334	3150
chr12	119213184	119413184	harbor2	chr12	119225174	119225365	SINE/MIR	788	+	96	119225270	12086
chr12	119213184	119413184	harbor2	chr12	119236791	119236916	SINE/MIR	430	+	62	119236853	23669
chr12	119213184	119413184	harbor2	chr12	119236920	119237152	SINE/MIR	696	+	116	119237036	23852
chr12	119213184	119413184	harbor2	chr12	119241097	119241266	SINE/MIR	427	+	84	119241181	27997
chr12	119213184	119413184	harbor2	chr12	119246427	119246683	SINE/MIR	578	+	128	119246555	33371
chr12	119213184	119413184	harbor2	chr12	119258544	119258770	SINE/MIR	541	+	113	119258657	45473
chr12	119213184	119413184	harbor2	chr12	119261484	119261626	SINE/MIR	525	+	71	119261555	48371
chr12	119213184	119413184	harbor2	chr12	119281331	119281510	SINE/MIR	641	+	90	119281421	68237
chr12	119213184	119413184	harbor2	chr12	119294025	119294189	SINE/MIR	694	+	82	119294107	80923
chr12	119213184	119413184	harbor2	chr12	119296359	119296466	SINE/MIR	491	+	54	119296413	83229
chr12	47672999	47872999	harbor2	chr12	47722285	47722540	SINE/MIR	1185	+	128	47722413	49414
chr12	47672999	47872999	harbor2	chr12	47730769	47731017	SINE/MIR	972	+	124	47730893	57894
chr12	47672999	47872999	harbor2	chr12	47752485	47752738	SINE/MIR	767	+	126	47752611	79612
chr12	47672999	47872999	harbor2	chr12	47754442	47754687	SINE/MIR	895	+	122	47754564	81565
chr12	47672999	47872999	harbor2	chr12	47755141	47755389	SINE/MIR	1068	+	124	47755265	82266
chr12	122814334	123014334	harbor2	chr12	122832319	122832463	SINE/MIR	436	+	72	122832391	18057
chr12	122814334	123014334	harbor2	chr12	122833074	122833084	SINE/MIR	440	+	5	122833079	18745
chr12	122814334	123014334	harbor2	chr12	122833391	122833471	SINE/MIR	440	+	40	122833431	19097
chr12	122814334	123014334	harbor2	chr12	122840436	122840589	SINE/MIR	513	+	76	122840512	26178
chr12	122814334	123014334	harbor2	chr12	122846226	122846392	SINE/MIR	530	+	83	122846309	31975
chr12	117294111	117494111	harbor2	chr12	117301962	117302178	SINE/MIR	797	+	108	117302070	7959
chr12	117294111	117494111	harbor2	chr12	117315662	117315861	SINE/MIR	549	+	100	117315762	21651
chr12	117294111	117494111	harbor2	chr12	117323419	117323549	SINE/MIR	507	+	65	117323484	29373
chr12	117294111	117494111	harbor2	chr12	117340349	117340509	SINE/MIR	601	+	80	117340429	46318
chr12	117294111	117494111	harbor2	chr12	117343464	117343648	SINE/MIR	509	+	92	117343556	49445
chr12	117294111	117494111	harbor2	chr12	117348289	117348470	SINE/MIR	556	+	90	117348379	54268
chr12	117294111	117494111	harbor2	chr12	117357460	117357620	SINE/MIR	527	+	80	117357540	63429
chr12	117294111	117494111	harbor2	chr12	117365438	117365658	SINE/MIR	450	+	110	117365548	71437
chr12	117294111	117494111	harbor2	chr12	117368428	117368568	SINE/MIR	439	+	70	117368498	74387
chr12	117294111	117494111	harbor2	chr12	117369147	117369401	SINE/MIR	1013	+	127	117369274	75163
chr12	117294111	117494111	harbor2	chr12	117372097	117372238	SINE/MIR	508	+	70	117372167	78056
chr12	117294111	117494111	harbor2	chr12	117380881	117381101	SINE/MIR	558	+	110	117380991	86880
chr12	117294111	117494111	harbor2	chr12	117382716	117382979	SINE/MIR	694	+	132	117382848	88737
chr12	75156606	75356606	harbor2	chr12	75156524	75156715	SINE/MIR	451	+	96	75156620	14
chr12	75156606	75356606	harbor2	chr12	75205149	75205346	SINE/MIR	456	+	98	75205247	48641
chr12	117169644	117369644	harbor2	chr12	117192442	117192606	SINE/MIR	692	+	82	117192524	22880
chr12	117169644	117369644	harbor2	chr12	117240557	117240722	SINE/MIR	489	+	82	117240639	70995
chr12	132951108	133151108	harbor2	chr12	133039472	133039644	SINE/MIR	427	+	86	133039558	88450
chr12	66689491	66889491	harbor2	chr12	66692756	66692960	SINE/MIR	461	+	102	66692858	3367
chr12	66689491	66889491	harbor2	chr12	66761846	66762092	SINE/MIR	995	+	123	66761969	72478
chr12	66689491	66889491	harbor2	chr12	66769965	66770185	SINE/MIR	878	+	110	66770075	80584
chr12	66689491	66889491	harbor2	chr12	66789308	66789530	SINE/MIR	492	+	111	66789419	99928
chr12	66689491	66889491	harbor2	chr12	66748343	66748469	SINE/MIR	478	+	63	66748406	58915
chr12	103720962	103920962	harbor2	chr12	103725284	103725480	SINE/MIR	585	+	98	103725382	4420
chr12	103720962	103920962	harbor2	chr12	103737223	103737474	SINE/MIR	856	+	126	103737349	16387
chr12	103720962	103920962	harbor2	chr12	103745606	103745785	SINE/MIR	432	+	90	103745696	24734
chr12	103720962	103920962	harbor2	chr12	103748394	103748559	SINE/MIR	652	+	82	103748476	27514
chr12	103720962	103920962	harbor2	chr12	103749931	103750149	SINE/MIR	664	+	109	103750040	29078
chr12	103720962	103920962	harbor2	chr12	103754343	103754547	SINE/MIR	762	+	102	103754445	33483
chr12	103720962	103920962	harbor2	chr12	103755817	103756062	SINE/MIR	917	+	122	103755939	34977
chr12	103720962	103920962	harbor2	chr12	103759567	103759694	SINE/MIR	556	+	64	103759631	38669
chr12	103720962	103920962	harbor2	chr12	103761718	103761871	SINE/MIR	597	+	76	103761794	40832
chr12	103720962	103920962	harbor2	chr12	103761935	103762158	SINE/MIR	743	+	112	103762047	41085
chr12	103720962	103920962	harbor2	chr12	103783317	103783527	SINE/MIR	429	+	105	103783422	62460
chr12	103720962	103920962	harbor2	chr12	103783950	103784163	SINE/MIR	485	+	106	103784056	63094
chr12	103720962	103920962	harbor2	chr12	103795126	103795371	SINE/MIR	960	+	122	103795248	74286
chr12	103720962	103920962	harbor2	chr12	103803923	103804146	SINE/MIR	949	+	112	103804035	83073
chr12	103720962	103920962	harbor2	chr12	103809860	103810085	SINE/MIR	631	+	112	103809972	89010
chr12	103720962	103920962	harbor2	chr12	103812637	103812827	SINE/MIR	638	+	95	103812732	91770
chr12	93581067	93781067	harbor2	chr12	93621369	93621493	SINE/MIR	749	+	62	93621431	40364
chr12	93581067	93781067	harbor2	chr12	93621788	93621962	SINE/MIR	749	+	87	93621875	40808
chr12	93581067	93781067	harbor2	chr12	93637511	93637708	SINE/MIR	459	+	98	93637609	56542
chr12	93581067	93781067	harbor2	chr12	93639678	93639887	SINE/MIR	557	+	104	93639782	58715
chr12	93581067	93781067	harbor2	chr12	93661372	93661520	SINE/MIR	435	+	74	93661446	80379
chr12	93581067	93781067	harbor2	chr12	93665131	93665319	SINE/MIR	449	+	94	93665225	84158
chr13	103122893	103322893	harbor2	chr13	103171200	103171430	SINE/MIR	559	+	115	103171315	48422
chr13	103122893	103322893	harbor2	chr13	103207885	103208056	SINE/MIR	572	+	86	103207971	85078
chr13	44084326	44284326	harbor2	chr13	44107847	44107994	SINE/MIR	407	+	74	44107921	23595
chr13	44084326	44284326	harbor2	chr13	44108149	44108233	SINE/MIR	407	+	42	44108191	23865
chr13	44084326	44284326	harbor2	chr13	44139556	44139715	SINE/MIR	495	+	80	44139636	55310
chr13	44084326	44284326	harbor2	chr13	44179611	44179844	SINE/MIR	982	+	116	44179727	95401
chr13	23277787	23477787	harbor2	chr13	23280594	23280803	SINE/MIR	481	+	104	23280698	2911
chr13	23277787	23477787	harbor2	chr13	23294662	23294845	SINE/MIR	585	+	92	23294754	16967
chr13	23277787	23477787	harbor2	chr13	23353323	23353547	SINE/MIR	410	+	112	23353435	75648
chr13	103581973	103781973	harbor2	chr13	103640224	103640450	SINE/MIR	520	+	113	103640337	58364
chr13	91519719	91719719	harbor2	chr13	91550646	91550691	SINE/MIR	456	+	22	91550668	30949
chr13	91519719	91719719	harbor2	chr13	91551039	91551174	SINE/MIR	456	+	68	91551107	31388
chr13	91519719	91719719	harbor2	chr13	91590888	91591092	SINE/MIR	609	+	102	91590990	71271
chr13	91519719	91719719	harbor2	chr13	91612960	91613120	SINE/MIR	550	+	80	91613040	93321
chr13	91519719	91719719	harbor2	chr13	91618717	91618913	SINE/MIR	533	+	98	91618815	99096
chr13	78151813	78351813	harbor2	chr13	78194227	78194473	SINE/MIR	460	+	123	78194350	42537
chr13	69420893	69620893	harbor2	chr13	69476267	69476522	SINE/MIR	537	+	128	69476395	55502
chr13	81927542	82127542	harbor2	chr13	81996176	81996390	SINE/MIR	403	+	107	81996283	68741
chr13	75583739	75783739	harbor2	chr13	75589108	75589329	SINE/MIR	855	+	110	75589218	5479
chr13	75583739	75783739	harbor2	chr13	75591631	75591803	SINE/MIR	1074	+	86	75591717	7978
chr13	75583739	75783739	harbor2	chr13	75592026	75592095	SINE/MIR	1074	+	34	75592060	8321
chr13	112052966	112252966	harbor2	chr13	112094565	112094797	SINE/MIR	440	+	116	112094681	41715
chr13	114250005	114450005	harbor2	chr13	114251222	114251457	SINE/MIR	618	+	118	114251340	1335
chr13	114250005	114450005	harbor2	chr13	114323508	114323629	SINE/MIR	448	+	60	114323568	73563
chr13	52806569	53006569	harbor2	chr13	52806575	52806705	SINE/MIR	408	+	65	52806640	71
chr13	52806569	53006569	harbor2	chr13	52808251	52808473	SINE/MIR	599	+	111	52808362	1793
chr13	52806569	53006569	harbor2	chr13	52830243	52830472	SINE/MIR	954	+	114	52830357	23788
chr13	52806569	53006569	harbor2	chr13	52842923	52843143	SINE/MIR	763	+	110	52843033	36464
chr13	52806569	53006569	harbor2	chr13	52852684	52852795	SINE/MIR	593	+	56	52852740	46171
chr13	52806569	53006569	harbor2	chr13	52853121	52853227	SINE/MIR	593	+	53	52853174	46605
chr13	52806569	53006569	harbor2	chr13	52866680	52866876	SINE/MIR	692	+	98	52866778	60209
chr13	67964874	68164874	harbor2	chr13	67966727	67966895	SINE/MIR	606	+	84	67966811	1937
chr13	67964874	68164874	harbor2	chr13	68045860	68046094	SINE/MIR	404	+	117	68045977	81103
chr13	64001967	64201967	harbor2	chr13	64067442	64067565	SINE/MIR	412	+	62	64067504	65537
chr13	64001967	64201967	harbor2	chr13	64090961	64091154	SINE/MIR	437	+	96	64091057	89090
chr13	33252164	33452164	harbor2	chr13	33262972	33263125	SINE/MIR	459	+	76	33263048	10884
chr13	33252164	33452164	harbor2	chr13	33266101	33266330	SINE/MIR	599	+	114	33266215	14051
chr13	33252164	33452164	harbor2	chr13	33271890	33272163	SINE/MIR	517	+	136	33272026	19862
chr13	33252164	33452164	harbor2	chr13	33283307	33283435	SINE/MIR	462	+	64	33283371	31207
chr13	33252164	33452164	harbor2	chr13	33300063	33300248	SINE/MIR	540	+	92	33300155	47991
chr13	33252164	33452164	harbor2	chr13	33303328	33303494	SINE/MIR	603	+	83	33303411	51247
chr13	33252164	33452164	harbor2	chr13	33310712	33310736	SINE/MIR	677	+	12	33310724	58560
chr13	33252164	33452164	harbor2	chr13	33311428	33311614	SINE/MIR	677	+	93	33311521	59357
chr13	33252164	33452164	harbor2	chr13	33319904	33320069	SINE/MIR	499	+	82	33319986	67822
chr13	33252164	33452164	harbor2	chr13	33328255	33328492	SINE/MIR	443	+	118	33328373	76209
chr13	85029067	85229067	harbor2	chr13	85076405	85076628	SINE/MIR	571	+	112	85076517	47450
chr13	80288286	80488286	harbor2	chr13	80299781	80299997	SINE/MIR	489	+	108	80299889	11603
chr13	80288286	80488286	harbor2	chr13	80354862	80355024	SINE/MIR	503	+	81	80354943	66657
chr13	80288286	80488286	harbor2	chr13	80362163	80362343	SINE/MIR	477	+	90	80362253	73967
chr13	80288286	80488286	harbor2	chr13	80388007	80388239	SINE/MIR	608	+	116	80388123	99837
chr13	107834376	108034376	harbor2	chr13	107858715	107858818	SINE/MIR	408	+	52	107858767	24391
chr13	107834376	108034376	harbor2	chr13	107902293	107902509	SINE/MIR	594	+	108	107902401	68025
chr13	106993100	107193100	harbor2	chr13	107044546	107044768	SINE/MIR	401	+	111	107044657	51557
chr13	106993100	107193100	harbor2	chr13	107068139	107068347	SINE/MIR	598	+	104	107068243	75143
chr13	106993100	107193100	harbor2	chr13	107079907	107080085	SINE/MIR	611	+	89	107079996	86896
chr13	106993100	107193100	harbor2	chr13	107080295	107080423	SINE/MIR	448	+	64	107080359	87259
chr13	60899199	61099199	harbor2	chr13	60988174	60988353	SINE/MIR	585	+	90	60988264	89065
chr13	106353966	106553966	harbor2	chr13	106379807	106379980	SINE/MIR	468	+	86	106379893	25927
chr13	106353966	106553966	harbor2	chr13	106419307	106419526	SINE/MIR	463	+	110	106419417	65451
chr13	97857659	98057659	harbor2	chr13	97894806	97894959	SINE/MIR	432	+	76	97894882	37223
chr13	97857659	98057659	harbor2	chr13	97921245	97921290	SINE/MIR	474	+	22	97921267	63608
chr13	97857659	98057659	harbor2	chr13	97921470	97921601	SINE/MIR	474	+	66	97921536	63877
chr13	97857659	98057659	harbor2	chr13	97935868	97936091	SINE/MIR	686	+	112	97935980	78321
chr13	98953146	99153146	harbor2	chr13	98972060	98972278	SINE/MIR	569	+	109	98972169	19023
chr13	98953146	99153146	harbor2	chr13	98984699	98984839	SINE/MIR	404	+	70	98984769	31623
chr13	98953146	99153146	harbor2	chr13	99002766	99002972	SINE/MIR	663	+	103	99002869	49723
chr13	98953146	99153146	harbor2	chr13	99034434	99034655	SINE/MIR	624	+	110	99034544	81398
chr13	98953146	99153146	harbor2	chr13	99039829	99039963	SINE/MIR	614	+	67	99039896	86750
chr13	31225586	31425586	harbor2	chr13	31286415	31286552	SINE/MIR	419	+	68	31286483	60897
chr13	75275868	75475868	harbor2	chr13	75308362	75308555	SINE/MIR	443	+	96	75308458	32590
chr13	100673014	100873014	harbor2	chr13	100743969	100744154	SINE/MIR	502	+	92	100744061	71047
chr13	100673014	100873014	harbor2	chr13	100758129	100758334	SINE/MIR	854	+	102	100758231	85217
chr13	81118593	81318593	harbor2	chr13	81151420	81151605	SINE/MIR	427	+	92	81151512	32919
chr13	68772053	68972053	harbor2	chr13	68857352	68857525	SINE/MIR	433	+	86	68857438	85385
chr13	103156601	103356601	harbor2	chr13	103171200	103171430	SINE/MIR	559	+	115	103171315	14714
chr13	103156601	103356601	harbor2	chr13	103207885	103208056	SINE/MIR	572	+	86	103207971	51370
chr13	103156601	103356601	harbor2	chr13	103228317	103228514	SINE/MIR	571	+	98	103228415	71814
chr13	104452152	104652152	harbor2	chr13	104452077	104452303	SINE/MIR	414	+	113	104452190	38
chr13	104452152	104652152	harbor2	chr13	104457946	104458173	SINE/MIR	605	+	114	104458060	5908
chr13	104452152	104652152	harbor2	chr13	104477946	104478233	SINE/MIR	498	+	144	104478090	25938
chr13	98855832	99055832	harbor2	chr13	98879586	98879830	SINE/MIR	938	+	122	98879708	23876
chr13	98855832	99055832	harbor2	chr13	98887204	98887334	SINE/MIR	512	+	65	98887269	31437
chr13	98855832	99055832	harbor2	chr13	98887642	98887750	SINE/MIR	512	+	54	98887696	31864
chr13	30310256	30510256	harbor2	chr13	30317038	30317141	SINE/MIR	424	+	52	30317090	6834
chr13	30310256	30510256	harbor2	chr13	30317413	30317464	SINE/MIR	424	+	26	30317439	7183
chr13	30310256	30510256	harbor2	chr13	30317761	30317846	SINE/MIR	424	+	42	30317803	7547
chr13	30310256	30510256	harbor2	chr13	30319881	30320097	SINE/MIR	586	+	108	30319989	9733
chr13	30310256	30510256	harbor2	chr13	30338213	30338416	SINE/MIR	607	+	102	30338315	28059
chr13	30310256	30510256	harbor2	chr13	30348718	30348949	SINE/MIR	504	+	116	30348834	38578
chr13	30310256	30510256	harbor2	chr13	30371017	30371246	SINE/MIR	982	+	114	30371131	60875
chr13	30310256	30510256	harbor2	chr13	30378769	30379018	SINE/MIR	535	+	124	30378893	68637
chr13	77838969	78038969	harbor2	chr13	77842237	77842283	SINE/MIR	466	+	23	77842260	3291
chr13	77838969	78038969	harbor2	chr13	77842644	77842779	SINE/MIR	466	+	68	77842712	3743
chr13	77838969	78038969	harbor2	chr13	77872425	77872590	SINE/MIR	667	+	82	77872507	33538
chr13	77838969	78038969	harbor2	chr13	77915446	77915669	SINE/MIR	481	+	112	77915558	76589
chr13	79508942	79708942	harbor2	chr13	79543876	79544100	SINE/MIR	451	+	112	79543988	35046
chr13	31315096	31515096	harbor2	chr13	31350267	31350516	SINE/MIR	757	+	124	31350391	35295
chr13	31315096	31515096	harbor2	chr13	31409707	31409922	SINE/MIR	528	+	108	31409815	94719
chr13	31315096	31515096	harbor2	chr13	31413163	31413344	SINE/MIR	692	+	90	31413253	98157
chr13	31315096	31515096	harbor2	chr13	31414984	31415209	SINE/MIR	607	+	112	31415096	100000
chr13	91843147	92043147	harbor2	chr13	91845802	91845935	SINE/MIR	451	+	66	91845868	2721
chr13	91843147	92043147	harbor2	chr13	91873246	91873356	SINE/MIR	491	+	55	91873301	30154
chr13	91843147	92043147	harbor2	chr13	91873981	91874125	SINE/MIR	491	+	72	91874053	30906
chr13	43527131	43727131	harbor2	chr13	43535009	43535160	SINE/MIR	450	+	76	43535085	7954
chr13	43527131	43727131	harbor2	chr13	43544225	43544388	SINE/MIR	510	+	82	43544307	17176
chr13	43527131	43727131	harbor2	chr13	43561324	43561559	SINE/MIR	447	+	118	43561442	34311
chr13	43527131	43727131	harbor2	chr13	43579023	43579177	SINE/MIR	521	+	77	43579100	51969
chr13	100490270	100690270	harbor2	chr13	100535423	100535518	SINE/MIR	468	+	48	100535471	45201
chr13	72300107	72500107	harbor2	chr13	72355535	72355795	SINE/MIR	534	+	130	72355665	55558
chr13	72300107	72500107	harbor2	chr13	72388418	72388540	SINE/MIR	416	+	61	72388479	88372
chr13	72300107	72500107	harbor2	chr13	72396098	72396256	SINE/MIR	523	+	79	72396177	96070
chr14	92055393	92255393	harbor2	chr14	92083333	92083554	SINE/MIR	489	+	110	92083443	28050
chr14	78299095	78499095	harbor2	chr14	78323333	78323547	SINE/MIR	436	+	107	78323440	24345
chr14	78299095	78499095	harbor2	chr14	78326853	78327063	SINE/MIR	545	+	105	78326958	27863
chr14	78299095	78499095	harbor2	chr14	78331981	78332217	SINE/MIR	735	+	118	78332099	33004
chr14	78299095	78499095	harbor2	chr14	78360458	78360700	SINE/MIR	948	+	121	78360579	61484
chr14	78299095	78499095	harbor2	chr14	78365960	78366208	SINE/MIR	851	+	124	78366084	66989
chr14	78299095	78499095	harbor2	chr14	78384409	78384492	SINE/MIR	418	+	42	78384451	85356
chr14	78299095	78499095	harbor2	chr14	78392478	78392709	SINE/MIR	456	+	116	78392594	93499
chr14	73511653	73711653	harbor2	chr14	73512433	73512677	SINE/MIR	670	+	122	73512555	902
chr14	73511653	73711653	harbor2	chr14	73528560	73528770	SINE/MIR	486	+	105	73528665	17012
chr14	73511653	73711653	harbor2	chr14	73556597	73556805	SINE/MIR	429	+	104	73556701	45048
chr14	59581272	59781272	harbor2	chr14	59585382	59585509	SINE/MIR	418	+	64	59585446	4174
chr14	59581272	59781272	harbor2	chr14	59586375	59586583	SINE/MIR	574	+	104	59586479	5207
chr14	59581272	59781272	harbor2	chr14	59597246	59597419	SINE/MIR	494	+	86	59597332	16060
chr14	59581272	59781272	harbor2	chr14	59605071	59605259	SINE/MIR	452	+	94	59605165	23893
chr14	59581272	59781272	harbor2	chr14	59606852	59607025	SINE/MIR	557	+	86	59606938	25666
chr14	59581272	59781272	harbor2	chr14	59627280	59627495	SINE/MIR	461	+	108	59627388	46116
chr14	27330265	27530265	harbor2	chr14	27356166	27356330	SINE/MIR	424	+	82	27356248	25983
chr14	27330265	27530265	harbor2	chr14	27416485	27416729	SINE/MIR	884	+	122	27416607	86342
chr14	66927967	67127967	harbor2	chr14	66933526	66933745	SINE/MIR	537	+	110	66933636	5669
chr14	66927967	67127967	harbor2	chr14	66974798	66975037	SINE/MIR	703	+	120	66974918	46951
chr14	66927967	67127967	harbor2	chr14	67002548	67002780	SINE/MIR	622	+	116	67002664	74697
chr14	66927967	67127967	harbor2	chr14	67026076	67026186	SINE/MIR	470	+	55	67026131	98164
chr14	84404078	84604078	harbor2	chr14	84406540	84406750	SINE/MIR	558	+	105	84406645	2567
chr14	84404078	84604078	harbor2	chr14	84461868	84462096	SINE/MIR	1068	+	114	84461982	57904
chr14	100007732	100207732	harbor2	chr14	100084962	100085206	SINE/MIR	487	+	122	100085084	77352
chr14	100007732	100207732	harbor2	chr14	100094133	100094279	SINE/MIR	580	+	73	100094206	86474
chr14	100007732	100207732	harbor2	chr14	100098717	100098952	SINE/MIR	615	+	118	100098835	91103
chr14	100007732	100207732	harbor2	chr14	100103994	100104144	SINE/MIR	470	+	75	100104069	96337
chr14	100007732	100207732	harbor2	chr14	100105551	100105783	SINE/MIR	455	+	116	100105667	97935
chr14	95304695	95504695	harbor2	chr14	95355657	95355902	SINE/MIR	679	+	122	95355779	51084
chr14	95304695	95504695	harbor2	chr14	95358499	95358698	SINE/MIR	605	+	100	95358599	53904
chr14	95304695	95504695	harbor2	chr14	95361209	95361420	SINE/MIR	445	+	106	95361315	56620
chr14	95304695	95504695	harbor2	chr14	95391144	95391255	SINE/MIR	526	+	56	95391200	86505
chr14	95304695	95504695	harbor2	chr14	95392485	95392624	SINE/MIR	445	+	70	95392555	87860
chr14	95304695	95504695	harbor2	chr14	95395393	95395584	SINE/MIR	416	+	96	95395489	90794
chr14	88164775	88364775	harbor2	chr14	88183090	88183323	SINE/MIR	689	+	116	88183206	18431
chr14	88164775	88364775	harbor2	chr14	88195170	88195399	SINE/MIR	836	+	114	88195284	30509
chr14	88164775	88364775	harbor2	chr14	88214964	88215173	SINE/MIR	422	+	104	88215068	50293
chr14	88164775	88364775	harbor2	chr14	88230766	88230952	SINE/MIR	760	+	93	88230859	66084
chr14	88164775	88364775	harbor2	chr14	88241249	88241462	SINE/MIR	820	+	106	88241355	76580
chr14	88164775	88364775	harbor2	chr14	88246771	88246897	SINE/MIR	414	+	63	88246834	82059
chr14	88164775	88364775	harbor2	chr14	88249580	88249783	SINE/MIR	662	+	102	88249682	84907
chr14	88164775	88364775	harbor2	chr14	88255248	88255411	SINE/MIR	563	+	82	88255330	90555
chr14	88164775	88364775	harbor2	chr14	88260577	88260776	SINE/MIR	432	+	100	88260677	95902
chr14	65467609	65667609	harbor2	chr14	65477122	65477322	SINE/MIR	471	+	100	65477222	9613
chr14	65467609	65667609	harbor2	chr14	65496870	65497025	SINE/MIR	602	+	78	65496948	29339
chr14	65467609	65667609	harbor2	chr14	65514824	65514936	SINE/MIR	427	+	56	65514880	47271
chr14	65467609	65667609	harbor2	chr14	65539455	65539610	SINE/MIR	582	+	78	65539533	71924
chr14	65467609	65667609	harbor2	chr14	65541967	65542174	SINE/MIR	859	+	104	65542071	74462
chr14	95011729	95211729	harbor2	chr14	95015519	95015744	SINE/MIR	600	+	112	95015631	3902
chr14	95011729	95211729	harbor2	chr14	95017164	95017328	SINE/MIR	493	+	82	95017246	5517
chr14	95011729	95211729	harbor2	chr14	95017689	95017736	SINE/MIR	493	+	24	95017713	5984
chr14	95011729	95211729	harbor2	chr14	95055710	95055932	SINE/MIR	725	+	111	95055821	44092
chr14	95011729	95211729	harbor2	chr14	95056243	95056276	SINE/MIR	725	+	16	95056259	44530
chr14	95011729	95211729	harbor2	chr14	95101897	95102088	SINE/MIR	636	+	96	95101993	90264
chr14	95011729	95211729	harbor2	chr14	95104385	95104620	SINE/MIR	681	+	118	95104503	92774
chr14	90929987	91129987	harbor2	chr14	90958482	90958606	SINE/MIR	422	+	62	90958544	28557
chr14	90929987	91129987	harbor2	chr14	90964222	90964425	SINE/MIR	484	+	102	90964324	34337
chr14	90929987	91129987	harbor2	chr14	91001577	91001738	SINE/MIR	504	+	80	91001657	71670
chr14	90929987	91129987	harbor2	chr14	91002086	91002205	SINE/MIR	466	+	60	91002146	72159
chr14	90929987	91129987	harbor2	chr14	91029556	91029731	SINE/MIR	557	+	88	91029644	99657
chr14	103321875	103521875	harbor2	chr14	103324951	103325079	SINE/MIR	412	+	64	103325015	3140
chr14	103321875	103521875	harbor2	chr14	103330053	103330242	SINE/MIR	577	+	94	103330147	8272
chr14	103321875	103521875	harbor2	chr14	103330292	103330514	SINE/MIR	768	+	111	103330403	8528
chr14	102041982	102241982	harbor2	chr14	102090880	102091064	SINE/MIR	638	+	92	102090972	48990
chr14	102041982	102241982	harbor2	chr14	102093539	102093676	SINE/MIR	480	+	68	102093607	51625
chr14	98000416	98200416	harbor2	chr14	98025094	98025263	SINE/MIR	620	+	84	98025178	24762
chr14	98000416	98200416	harbor2	chr14	98033691	98033861	SINE/MIR	503	+	85	98033776	33360
chr14	98000416	98200416	harbor2	chr14	98076715	98076943	SINE/MIR	532	+	114	98076829	76413
chr14	98000416	98200416	harbor2	chr14	98080664	98080858	SINE/MIR	522	+	97	98080761	80345
chr14	98000416	98200416	harbor2	chr14	98095509	98095738	SINE/MIR	437	+	114	98095623	95207
chr14	81695896	81895896	harbor2	chr14	81699127	81699317	SINE/MIR	429	+	95	81699222	3326
chr14	81695896	81895896	harbor2	chr14	81703630	81703880	SINE/MIR	982	+	125	81703755	7859
chr14	81695896	81895896	harbor2	chr14	81719843	81720068	SINE/MIR	447	+	112	81719955	24059
chr14	81695896	81895896	harbor2	chr14	81742025	81742253	SINE/MIR	674	+	114	81742139	46243
chr14	81695896	81895896	harbor2	chr14	81765186	81765411	SINE/MIR	666	+	112	81765298	69402
chr14	56510063	56710063	harbor2	chr14	56519296	56519488	SINE/MIR	701	+	96	56519392	9329
chr14	56510063	56710063	harbor2	chr14	56541263	56541426	SINE/MIR	438	+	82	56541345	31282
chr14	56510063	56710063	harbor2	chr14	56560247	56560369	SINE/MIR	495	+	61	56560308	50245
chr14	56510063	56710063	harbor2	chr14	56560678	56560740	SINE/MIR	495	+	31	56560709	50646
chr14	96521686	96721686	harbor2	chr14	96548900	96549154	SINE/MIR	758	+	127	96549027	27341
chr14	96521686	96721686	harbor2	chr14	96573535	96573727	SINE/MIR	407	+	96	96573631	51945
chr14	96521686	96721686	harbor2	chr14	96591726	96591762	SINE/MIR	666	+	18	96591744	70058
chr14	96521686	96721686	harbor2	chr14	96592119	96592288	SINE/MIR	666	+	84	96592203	70517
chr14	96521686	96721686	harbor2	chr14	96596541	96596742	SINE/MIR	421	+	100	96596641	74955
chr14	95466410	95666410	harbor2	chr14	95478945	95479086	SINE/MIR	462	+	70	95479015	12605
chr14	95466410	95666410	harbor2	chr14	95497213	95497408	SINE/MIR	631	+	98	95497311	30901
chr14	95466410	95666410	harbor2	chr14	95498603	95498801	SINE/MIR	485	+	99	95498702	32292
chr14	95466410	95666410	harbor2	chr14	95508087	95508307	SINE/MIR	439	+	110	95508197	41787
chr14	95466410	95666410	harbor2	chr14	95511097	95511231	SINE/MIR	422	+	67	95511164	44754
chr14	95466410	95666410	harbor2	chr14	95539651	95539885	SINE/MIR	839	+	117	95539768	73358
chr14	95466410	95666410	harbor2	chr14	95561492	95561601	SINE/MIR	448	+	54	95561546	95136
chr14	77119391	77319391	harbor2	chr14	77127220	77127485	SINE/MIR	921	+	132	77127352	7961
chr14	77119391	77319391	harbor2	chr14	77136180	77136413	SINE/MIR	606	+	116	77136296	16905
chr14	77119391	77319391	harbor2	chr14	77137933	77138095	SINE/MIR	413	+	81	77138014	18623
chr14	77119391	77319391	harbor2	chr14	77142138	77142362	SINE/MIR	481	+	112	77142250	22859
chr14	77119391	77319391	harbor2	chr14	77143830	77144029	SINE/MIR	577	+	100	77143930	24539
chr14	77119391	77319391	harbor2	chr14	77146703	77146883	SINE/MIR	659	+	90	77146793	27402
chr14	77119391	77319391	harbor2	chr14	77147143	77147369	SINE/MIR	848	+	113	77147256	27865
chr14	77119391	77319391	harbor2	chr14	77162051	77162222	SINE/MIR	409	+	86	77162137	42746
chr14	77119391	77319391	harbor2	chr14	77197431	77197610	SINE/MIR	616	+	90	77197521	78130
chr14	77119391	77319391	harbor2	chr14	77205799	77206027	SINE/MIR	457	+	114	77205913	86522
chr14	77119391	77319391	harbor2	chr14	77207553	77207769	SINE/MIR	625	+	108	77207661	88270
chr14	77119391	77319391	harbor2	chr14	77207949	77208099	SINE/MIR	496	+	75	77208024	88633
chr14	77119391	77319391	harbor2	chr14	77211309	77211474	SINE/MIR	447	+	82	77211391	92000
chr14	95753418	95953418	harbor2	chr14	95764202	95764439	SINE/MIR	575	+	118	95764320	10902
chr14	95753418	95953418	harbor2	chr14	95792136	95792342	SINE/MIR	442	+	103	95792239	38821
chr14	95753418	95953418	harbor2	chr14	95810027	95810274	SINE/MIR	410	+	124	95810151	56733
chr14	95753418	95953418	harbor2	chr14	95812701	95812908	SINE/MIR	522	+	104	95812805	59387
chr14	95753418	95953418	harbor2	chr14	95826388	95826635	SINE/MIR	419	+	124	95826512	73094
chr14	95753418	95953418	harbor2	chr14	95828152	95828310	SINE/MIR	538	+	79	95828231	74813
chr14	95753418	95953418	harbor2	chr14	95840510	95840748	SINE/MIR	574	+	119	95840629	87211
chr14	95753418	95953418	harbor2	chr14	95841047	95841064	SINE/MIR	574	+	8	95841055	87637
chr14	95753418	95953418	harbor2	chr14	95843673	95843910	SINE/MIR	538	+	118	95843791	90373
chr14	81844453	82044453	harbor2	chr14	81859337	81859501	SINE/MIR	587	+	82	81859419	14966
chr14	81844453	82044453	harbor2	chr14	81906273	81906481	SINE/MIR	614	+	104	81906377	61924
chr14	24211827	24411827	harbor2	chr14	24273737	24274007	SINE/MIR	881	+	135	24273872	62045
chr14	24211827	24411827	harbor2	chr14	24282223	24282450	SINE/MIR	544	+	114	24282337	70510
chr14	24211827	24411827	harbor2	chr14	24291900	24292109	SINE/MIR	562	+	104	24292004	80177
chr14	74207141	74407141	harbor2	chr14	74220717	74220936	SINE/MIR	858	+	110	74220827	13686
chr14	74207141	74407141	harbor2	chr14	74229055	74229250	SINE/MIR	707	+	98	74229153	22012
chr14	74207141	74407141	harbor2	chr14	74234876	74235067	SINE/MIR	444	+	96	74234972	27831
chr14	74207141	74407141	harbor2	chr14	74293428	74293657	SINE/MIR	753	+	114	74293542	86401
chr14	102697105	102897105	harbor2	chr14	102751907	102752044	SINE/MIR	491	+	68	102751975	54870
chr14	102697105	102897105	harbor2	chr14	102783750	102783967	SINE/MIR	431	+	108	102783858	86753
chr14	76856363	77056363	harbor2	chr14	76861075	76861282	SINE/MIR	658	+	104	76861179	4816
chr14	76856363	77056363	harbor2	chr14	76873937	76874129	SINE/MIR	516	+	96	76874033	17670
chr14	76856363	77056363	harbor2	chr14	76916974	76917131	SINE/MIR	554	+	78	76917052	60689
chr14	76856363	77056363	harbor2	chr14	76921632	76921859	SINE/MIR	472	+	114	76921746	65383
chr14	76856363	77056363	harbor2	chr14	76923465	76923677	SINE/MIR	620	+	106	76923571	67208
chr14	76856363	77056363	harbor2	chr14	76925132	76925324	SINE/MIR	465	+	96	76925228	68865
chr14	76856363	77056363	harbor2	chr14	76931847	76931989	SINE/MIR	501	+	71	76931918	75555
chr14	76856363	77056363	harbor2	chr14	76937921	76938095	SINE/MIR	514	+	87	76938008	81645
chr14	71188843	71388843	harbor2	chr14	71267840	71268053	SINE/MIR	612	+	106	71267946	79103
chr14	71188843	71388843	harbor2	chr14	71278972	71279186	SINE/MIR	574	+	107	71279079	90236
chr14	71188843	71388843	harbor2	chr14	71280496	71280705	SINE/MIR	479	+	104	71280600	91757
chr14	87649716	87849716	harbor2	chr14	87667242	87667486	SINE/MIR	575	+	122	87667364	17648
chr14	87649716	87849716	harbor2	chr14	87677268	87677490	SINE/MIR	537	+	111	87677379	27663
chr14	87649716	87849716	harbor2	chr14	87707722	87707947	SINE/MIR	502	+	112	87707834	58118
chr14	87649716	87849716	harbor2	chr14	87732241	87732401	SINE/MIR	465	+	80	87732321	82605
chr14	87649716	87849716	harbor2	chr14	87732427	87732477	SINE/MIR	465	+	25	87732452	82736
chr14	89468810	89668810	harbor2	chr14	89470395	89470484	SINE/MIR	478	+	44	89470439	1629
chr14	89468810	89668810	harbor2	chr14	89481583	89481810	SINE/MIR	624	+	114	89481697	12887
chr14	89468810	89668810	harbor2	chr14	89489090	89489323	SINE/MIR	436	+	116	89489206	20396
chr14	89468810	89668810	harbor2	chr14	89536170	89536348	SINE/MIR	445	+	89	89536259	67449
chr14	89468810	89668810	harbor2	chr14	89539540	89539739	SINE/MIR	421	+	100	89539640	70830
chr14	83320605	83520605	harbor2	chr14	83328450	83328712	SINE/MIR	438	+	131	83328581	7976
chr14	83320605	83520605	harbor2	chr14	83401741	83401925	SINE/MIR	632	+	92	83401833	81228
chr14	44968582	45168582	harbor2	chr14	45030791	45031027	SINE/MIR	669	+	118	45030909	62327
chr14	44968582	45168582	harbor2	chr14	45052772	45052937	SINE/MIR	445	+	82	45052854	84272
chr14	95706846	95906846	harbor2	chr14	95751629	95751831	SINE/MIR	669	+	101	95751730	44884
chr14	95706846	95906846	harbor2	chr14	95764202	95764439	SINE/MIR	575	+	118	95764320	57474
chr14	95706846	95906846	harbor2	chr14	95792136	95792342	SINE/MIR	442	+	103	95792239	85393
chr14	99291582	99491582	harbor2	chr14	99309098	99309210	SINE/MIR	463	+	56	99309154	17572
chr14	99291582	99491582	harbor2	chr14	99323351	99323563	SINE/MIR	687	+	106	99323457	31875
chr14	99291582	99491582	harbor2	chr14	99351419	99351547	SINE/MIR	469	+	64	99351483	59901
chr14	99291582	99491582	harbor2	chr14	99359947	99360161	SINE/MIR	515	+	107	99360054	68472
chr14	99291582	99491582	harbor2	chr14	99364447	99364580	SINE/MIR	472	+	66	99364513	72931
chr14	99291582	99491582	harbor2	chr14	99372673	99372826	SINE/MIR	483	+	76	99372749	81167
chr14	75873247	76073247	harbor2	chr14	75883936	75884182	SINE/MIR	734	+	123	75884059	10812
chr14	75873247	76073247	harbor2	chr14	75885744	75885904	SINE/MIR	762	+	80	75885824	12577
chr14	75873247	76073247	harbor2	chr14	75915478	75915643	SINE/MIR	603	+	82	75915560	42313
chr14	75873247	76073247	harbor2	chr14	75929186	75929307	SINE/MIR	417	+	60	75929246	55999
chr14	90154189	90354189	harbor2	chr14	90166991	90167154	SINE/MIR	578	+	82	90167073	12884
chr14	90154189	90354189	harbor2	chr14	90180074	90180242	SINE/MIR	461	+	84	90180158	25969
chr14	90154189	90354189	harbor2	chr14	90194589	90194820	SINE/MIR	640	+	116	90194705	40516
chr14	90154189	90354189	harbor2	chr14	90194921	90195124	SINE/MIR	516	+	102	90195023	40834
chr14	90154189	90354189	harbor2	chr14	90196516	90196737	SINE/MIR	507	+	110	90196626	42437
chr14	90154189	90354189	harbor2	chr14	90197142	90197284	SINE/MIR	721	+	71	90197213	43024
chr14	90154189	90354189	harbor2	chr14	90234909	90235065	SINE/MIR	451	+	78	90234987	80798
chr14	104235296	104435296	harbor2	chr14	104302500	104302701	SINE/MIR	812	+	100	104302600	67304
chr14	94883246	95083246	harbor2	chr14	94886467	94886690	SINE/MIR	571	+	112	94886579	3333
chr14	94883246	95083246	harbor2	chr14	94892641	94892798	SINE/MIR	434	+	78	94892719	9473
chr14	94883246	95083246	harbor2	chr14	94902467	94902646	SINE/MIR	456	+	90	94902557	19311
chr14	94883246	95083246	harbor2	chr14	94906052	94906257	SINE/MIR	466	+	102	94906154	22908
chr14	94883246	95083246	harbor2	chr14	94916618	94916845	SINE/MIR	435	+	114	94916732	33486
chr14	94883246	95083246	harbor2	chr14	94924318	94924464	SINE/MIR	437	+	73	94924391	41145
chr14	94883246	95083246	harbor2	chr14	94927334	94927574	SINE/MIR	833	+	120	94927454	44208
chr14	94883246	95083246	harbor2	chr14	94932129	94932271	SINE/MIR	442	+	71	94932200	48954
chr14	94883246	95083246	harbor2	chr14	94960823	94961062	SINE/MIR	930	+	120	94960943	77697
chr14	94883246	95083246	harbor2	chr14	94964398	94964590	SINE/MIR	431	+	96	94964494	81248
chr14	94883246	95083246	harbor2	chr14	94964777	94964935	SINE/MIR	537	+	79	94964856	81610
chr14	94883246	95083246	harbor2	chr14	94972342	94972530	SINE/MIR	462	+	94	94972436	89190
chr14	94883246	95083246	harbor2	chr14	94895966	94896177	SINE/MIR	647	+	106	94896072	12826
chr14	33576013	33776013	harbor2	chr14	33587377	33587578	SINE/MIR	550	+	100	33587477	11464
chr14	33576013	33776013	harbor2	chr14	33638348	33638612	SINE/MIR	756	+	132	33638480	62467
chr14	33576013	33776013	harbor2	chr14	33651569	33651775	SINE/MIR	506	+	103	33651672	75659
chr14	33576013	33776013	harbor2	chr14	33672726	33672907	SINE/MIR	445	+	90	33672816	96803
chr14	103115900	103315900	harbor2	chr14	103115961	103116084	SINE/MIR	488	+	62	103116023	123
chr14	103115900	103315900	harbor2	chr14	103120071	103120243	SINE/MIR	583	+	86	103120157	4257
chr14	89793742	89993742	harbor2	chr14	89845950	89846195	SINE/MIR	925	+	122	89846072	52330
chr14	89793742	89993742	harbor2	chr14	89847782	89847977	SINE/MIR	616	+	98	89847880	54138
chr14	89793742	89993742	harbor2	chr14	89880810	89880965	SINE/MIR	590	+	78	89880888	87146
chr14	89793742	89993742	harbor2	chr14	89889286	89889479	SINE/MIR	602	+	96	89889382	95640
chr14	97951996	98151996	harbor2	chr14	97980837	97981033	SINE/MIR	506	+	98	97980935	28939
chr14	97951996	98151996	harbor2	chr14	97991390	97991606	SINE/MIR	628	+	108	97991498	39502
chr14	97951996	98151996	harbor2	chr14	98025094	98025263	SINE/MIR	620	+	84	98025178	73182
chr14	97951996	98151996	harbor2	chr14	98033691	98033861	SINE/MIR	503	+	85	98033776	81780
chr14	48653750	48853750	harbor2	chr14	48704867	48705041	SINE/MIR	584	+	87	48704954	51204
chr14	74156785	74356785	harbor2	chr14	74172264	74172464	SINE/MIR	689	+	100	74172364	15579
chr14	74156785	74356785	harbor2	chr14	74220717	74220936	SINE/MIR	858	+	110	74220827	64042
chr14	74156785	74356785	harbor2	chr14	74229055	74229250	SINE/MIR	707	+	98	74229153	72368
chr14	74156785	74356785	harbor2	chr14	74234876	74235067	SINE/MIR	444	+	96	74234972	78187
chr14	96935129	97135129	harbor2	chr14	96945937	96946172	SINE/MIR	648	+	118	96946055	10926
chr14	96935129	97135129	harbor2	chr14	96958813	96959049	SINE/MIR	549	+	118	96958931	23802
chr14	96935129	97135129	harbor2	chr14	96960030	96960274	SINE/MIR	635	+	122	96960152	25023
chr14	96935129	97135129	harbor2	chr14	96990359	96990570	SINE/MIR	669	+	106	96990465	55336
chr14	96935129	97135129	harbor2	chr14	96994308	96994475	SINE/MIR	592	+	84	96994392	59263
chr14	96935129	97135129	harbor2	chr14	96995278	96995466	SINE/MIR	470	+	94	96995372	60243
chr14	96935129	97135129	harbor2	chr14	97015228	97015414	SINE/MIR	455	+	93	97015321	80192
chr14	76525809	76725809	harbor2	chr14	76532734	76532794	SINE/MIR	488	+	30	76532764	6955
chr14	76525809	76725809	harbor2	chr14	76533090	76533261	SINE/MIR	488	+	86	76533176	7367
chr14	76525809	76725809	harbor2	chr14	76535245	76535459	SINE/MIR	774	+	107	76535352	9543
chr14	76525809	76725809	harbor2	chr14	76544408	76544582	SINE/MIR	505	+	87	76544495	18686
chr14	76525809	76725809	harbor2	chr14	76545195	76545385	SINE/MIR	447	+	95	76545290	19481
chr14	76525809	76725809	harbor2	chr14	76568289	76568416	SINE/MIR	592	+	64	76568353	42544
chr14	76525809	76725809	harbor2	chr14	76574136	76574365	SINE/MIR	650	+	114	76574250	48441
chr14	76525809	76725809	harbor2	chr14	76591984	76592209	SINE/MIR	475	+	112	76592096	66287
chr14	76525809	76725809	harbor2	chr14	76620675	76620883	SINE/MIR	515	+	104	76620779	94970
chr14	85272534	85472534	harbor2	chr14	85291513	85291691	SINE/MIR	521	+	89	85291602	19068
chr14	85272534	85472534	harbor2	chr14	85299637	85299775	SINE/MIR	489	+	69	85299706	27172
chr14	85272534	85472534	harbor2	chr14	85314036	85314255	SINE/MIR	453	+	110	85314146	41612
chr14	85272534	85472534	harbor2	chr14	85325836	85326063	SINE/MIR	667	+	114	85325950	53416
chr14	85272534	85472534	harbor2	chr14	85327801	85328028	SINE/MIR	437	+	114	85327915	55381
chr14	54251616	54451616	harbor2	chr14	54262888	54263031	SINE/MIR	445	+	72	54262960	11344
chr14	54251616	54451616	harbor2	chr14	54263057	54263262	SINE/MIR	829	+	102	54263159	11543
chr14	54251616	54451616	harbor2	chr14	54271659	54271801	SINE/MIR	547	+	71	54271730	20114
chr14	54251616	54451616	harbor2	chr14	54297958	54298197	SINE/MIR	451	+	120	54298078	46462
chr14	54251616	54451616	harbor2	chr14	54306100	54306327	SINE/MIR	556	+	114	54306214	54598
chr14	54251616	54451616	harbor2	chr14	54326216	54326478	SINE/MIR	711	+	131	54326347	74731
chr14	54251616	54451616	harbor2	chr14	54346576	54346812	SINE/MIR	567	+	118	54346694	95078
chr14	88834696	89034696	harbor2	chr14	88872545	88872640	SINE/MIR	493	+	48	88872593	37897
chr14	89174047	89374047	harbor2	chr14	89184559	89184778	SINE/MIR	556	+	110	89184669	10622
chr14	89174047	89374047	harbor2	chr14	89217510	89217656	SINE/MIR	461	+	73	89217583	43536
chr14	89174047	89374047	harbor2	chr14	89219604	89219787	SINE/MIR	583	+	92	89219696	45649
chr14	89174047	89374047	harbor2	chr14	89220217	89220412	SINE/MIR	655	+	98	89220315	46268
chr14	89174047	89374047	harbor2	chr14	89230371	89230588	SINE/MIR	411	+	108	89230479	56432
chr14	89174047	89374047	harbor2	chr14	89254016	89254236	SINE/MIR	542	+	110	89254126	80079
chr14	94009966	94209966	harbor2	chr14	94025208	94025450	SINE/MIR	735	+	121	94025329	15363
chr14	94009966	94209966	harbor2	chr14	94040414	94040590	SINE/MIR	501	+	88	94040502	30536
chr14	94009966	94209966	harbor2	chr14	94048418	94048614	SINE/MIR	595	+	98	94048516	38550
chr14	94009966	94209966	harbor2	chr14	94059353	94059486	SINE/MIR	413	+	66	94059419	49453
chr14	94009966	94209966	harbor2	chr14	94077448	94077685	SINE/MIR	703	+	118	94077566	67600
chr14	94009966	94209966	harbor2	chr14	94079965	94080156	SINE/MIR	450	+	96	94080061	70095
chr14	94009966	94209966	harbor2	chr14	94085261	94085440	SINE/MIR	600	+	90	94085351	75385
chr14	61078531	61278531	harbor2	chr14	61113039	61113171	SINE/MIR	414	+	66	61113105	34574
chr14	61078531	61278531	harbor2	chr14	61148681	61148829	SINE/MIR	497	+	74	61148755	70224
chr14	61078531	61278531	harbor2	chr14	61158979	61159164	SINE/MIR	472	+	92	61159071	80540
chr14	39852683	40052683	harbor2	chr14	39882290	39882525	SINE/MIR	698	+	118	39882408	29725
chr14	39852683	40052683	harbor2	chr14	39916674	39916846	SINE/MIR	455	+	86	39916760	64077
chr14	39852683	40052683	harbor2	chr14	39935082	39935308	SINE/MIR	820	+	113	39935195	82512
chr14	102343438	102543438	harbor2	chr14	102360509	102360702	SINE/MIR	738	+	96	102360605	17167
chr14	102343438	102543438	harbor2	chr14	102362296	102362457	SINE/MIR	578	+	80	102362376	18938
chr14	102343438	102543438	harbor2	chr14	102363631	102363879	SINE/MIR	627	+	124	102363755	20317
chr14	102343438	102543438	harbor2	chr14	102394221	102394325	SINE/MIR	677	+	52	102394273	50835
chr14	102343438	102543438	harbor2	chr14	102394622	102394748	SINE/MIR	677	+	63	102394685	51247
chr14	79056172	79256172	harbor2	chr14	79073801	79074014	SINE/MIR	670	+	106	79073907	17735
chr14	79056172	79256172	harbor2	chr14	79078800	79078914	SINE/MIR	429	+	57	79078857	22685
chr14	86274117	86474117	harbor2	chr14	86354967	86355196	SINE/MIR	693	+	114	86355081	80964
chr14	86274117	86474117	harbor2	chr14	86355299	86355455	SINE/MIR	514	+	78	86355377	81260
chr14	87964188	88164188	harbor2	chr14	87966085	87966235	SINE/MIR	411	+	75	87966160	1972
chr14	87964188	88164188	harbor2	chr14	87986165	87986348	SINE/MIR	433	+	92	87986257	22069
chr14	87964188	88164188	harbor2	chr14	87990274	87990468	SINE/MIR	407	+	97	87990371	26183
chr14	87964188	88164188	harbor2	chr14	87998116	87998364	SINE/MIR	640	+	124	87998240	34052
chr14	87964188	88164188	harbor2	chr14	88024014	88024239	SINE/MIR	509	+	112	88024126	59938
chr14	94390701	94590701	harbor2	chr14	94391817	94392069	SINE/MIR	602	+	126	94391943	1242
chr14	94390701	94590701	harbor2	chr14	94392362	94392527	SINE/MIR	439	+	82	94392444	1743
chr14	94390701	94590701	harbor2	chr14	94440462	94440669	SINE/MIR	435	+	104	94440566	49865
chr14	94390701	94590701	harbor2	chr14	94463498	94463700	SINE/MIR	461	+	101	94463599	72898
chr14	94390701	94590701	harbor2	chr14	94466791	94467003	SINE/MIR	512	+	106	94466897	76196
chr14	94390701	94590701	harbor2	chr14	94470559	94470750	SINE/MIR	522	+	96	94470655	79954
chr14	98483380	98683380	harbor2	chr14	98509170	98509393	SINE/MIR	457	+	112	98509282	25902
chr14	98483380	98683380	harbor2	chr14	98514290	98514494	SINE/MIR	439	+	102	98514392	31012
chr14	98483380	98683380	harbor2	chr14	98518417	98518586	SINE/MIR	632	+	84	98518501	35121
chr14	98483380	98683380	harbor2	chr14	98530420	98530672	SINE/MIR	468	+	126	98530546	47166
chr14	65811169	66011169	harbor2	chr14	65817188	65817364	SINE/MIR	514	+	88	65817276	6107
chr14	100905820	101105820	harbor2	chr14	100908126	100908312	SINE/MIR	516	+	93	100908219	2399
chr14	100905820	101105820	harbor2	chr14	100908626	100908658	SINE/MIR	516	+	16	100908642	2822
chr14	100905820	101105820	harbor2	chr14	100909693	100909828	SINE/MIR	563	+	68	100909761	3941
chr14	74720793	74920793	harbor2	chr14	74732425	74732545	SINE/MIR	407	+	60	74732485	11692
chr14	74720793	74920793	harbor2	chr14	74779257	74779499	SINE/MIR	763	+	121	74779378	58585
chr14	83457160	83657160	harbor2	chr14	83519087	83519249	SINE/MIR	466	+	81	83519168	62008
chr14	83457160	83657160	harbor2	chr14	83537337	83537486	SINE/MIR	583	+	74	83537411	80251
chr14	83457160	83657160	harbor2	chr14	83550239	83550464	SINE/MIR	605	+	112	83550351	93191
chr14	104658237	104858237	harbor2	chr14	104673267	104673465	SINE/MIR	528	+	99	104673366	15129
chr14	80222000	80422000	harbor2	chr14	80264128	80264225	SINE/MIR	430	+	48	80264176	42176
chr14	80222000	80422000	harbor2	chr14	80271459	80271633	SINE/MIR	763	+	87	80271546	49546
chr14	55825765	56025765	harbor2	chr14	55833564	55833777	SINE/MIR	735	+	106	55833670	7905
chr14	55825765	56025765	harbor2	chr14	55870601	55870845	SINE/MIR	946	+	122	55870723	44958
chr14	83269944	83469944	harbor2	chr14	83328450	83328712	SINE/MIR	438	+	131	83328581	58637
chr14	102306153	102506153	harbor2	chr14	102360509	102360702	SINE/MIR	738	+	96	102360605	54452
chr14	102306153	102506153	harbor2	chr14	102362296	102362457	SINE/MIR	578	+	80	102362376	56223
chr14	102306153	102506153	harbor2	chr14	102363631	102363879	SINE/MIR	627	+	124	102363755	57602
chr14	102306153	102506153	harbor2	chr14	102394221	102394325	SINE/MIR	677	+	52	102394273	88120
chr14	102306153	102506153	harbor2	chr14	102394622	102394748	SINE/MIR	677	+	63	102394685	88532
chr14	96717236	96917236	harbor2	chr14	96726951	96727177	SINE/MIR	663	+	113	96727064	9828
chr14	96717236	96917236	harbor2	chr14	96746134	96746364	SINE/MIR	545	+	115	96746249	29013
chr14	96717236	96917236	harbor2	chr14	96749022	96749137	SINE/MIR	445	+	58	96749080	31844
chr14	96717236	96917236	harbor2	chr14	96749186	96749212	SINE/MIR	445	+	13	96749199	31963
chr14	96717236	96917236	harbor2	chr14	96781511	96781672	SINE/MIR	409	+	80	96781591	64355
chr14	96717236	96917236	harbor2	chr14	96783635	96783677	SINE/MIR	408	+	21	96783656	66420
chr14	96717236	96917236	harbor2	chr14	96784119	96784208	SINE/MIR	408	+	44	96784163	66927
chr14	96717236	96917236	harbor2	chr14	96789389	96789628	SINE/MIR	795	+	120	96789509	72273
chr14	96717236	96917236	harbor2	chr14	96792180	96792434	SINE/MIR	738	+	127	96792307	75071
chr14	96717236	96917236	harbor2	chr14	96813854	96814040	SINE/MIR	417	+	93	96813947	96711
chr14	93112809	93312809	harbor2	chr14	93136875	93137091	SINE/MIR	625	+	108	93136983	24174
chr14	93112809	93312809	harbor2	chr14	93143060	93143232	SINE/MIR	503	+	86	93143146	30337
chr14	93112809	93312809	harbor2	chr14	93152406	93152560	SINE/MIR	512	+	77	93152483	39674
chr14	93112809	93312809	harbor2	chr14	93179504	93179655	SINE/MIR	460	+	76	93179580	66771
chr14	104132515	104332515	harbor2	chr14	104133405	104133548	SINE/MIR	438	+	72	104133477	962
chr14	104132515	104332515	harbor2	chr14	104146013	104146189	SINE/MIR	411	+	88	104146101	13586
chr14	104132515	104332515	harbor2	chr14	104158173	104158364	SINE/MIR	523	+	96	104158269	25754
chr14	103901865	104101865	harbor2	chr14	103917159	103917346	SINE/MIR	489	+	94	103917253	15388
chr14	103901865	104101865	harbor2	chr14	103938004	103938156	SINE/MIR	434	+	76	103938080	36215
chr14	72289946	72489946	harbor2	chr14	72312484	72312654	SINE/MIR	439	+	85	72312569	22623
chr14	72289946	72489946	harbor2	chr14	72317053	72317229	SINE/MIR	465	+	88	72317141	27195
chr14	72289946	72489946	harbor2	chr14	72347552	72347677	SINE/MIR	474	+	62	72347614	57668
chr14	72289946	72489946	harbor2	chr14	72348233	72348343	SINE/MIR	591	+	55	72348288	58342
chr14	72289946	72489946	harbor2	chr14	72350779	72350931	SINE/MIR	530	+	76	72350855	60909
chr14	72289946	72489946	harbor2	chr14	72367760	72367923	SINE/MIR	563	+	82	72367842	77896
chr14	72289946	72489946	harbor2	chr14	72388710	72388928	SINE/MIR	812	+	109	72388819	98873
chr14	102226082	102426082	harbor2	chr14	102259437	102259606	SINE/MIR	714	+	84	102259521	33439
chr14	102226082	102426082	harbor2	chr14	102259607	102259763	SINE/MIR	1097	+	78	102259685	33603
chr14	102226082	102426082	harbor2	chr14	102260362	102260471	SINE/MIR	1097	+	54	102260416	34334
chr14	102226082	102426082	harbor2	chr14	102278570	102278822	SINE/MIR	598	+	126	102278696	52614
chr14	95531670	95731670	harbor2	chr14	95539651	95539885	SINE/MIR	839	+	117	95539768	8098
chr14	95531670	95731670	harbor2	chr14	95561492	95561601	SINE/MIR	448	+	54	95561546	29876
chr14	95531670	95731670	harbor2	chr14	95568417	95568596	SINE/MIR	480	+	90	95568507	36837
chr14	95531670	95731670	harbor2	chr14	95569808	95569955	SINE/MIR	423	+	74	95569882	38212
chr14	95531670	95731670	harbor2	chr14	95571487	95571602	SINE/MIR	447	+	58	95571545	39875
chr14	95531670	95731670	harbor2	chr14	95587217	95587405	SINE/MIR	799	+	94	95587311	55641
chr14	95531670	95731670	harbor2	chr14	95611298	95611480	SINE/MIR	413	+	91	95611389	79719
chr14	95531670	95731670	harbor2	chr14	95621839	95622034	SINE/MIR	781	+	98	95621937	90267
chr14	95531670	95731670	harbor2	chr14	95627903	95628022	SINE/MIR	451	+	60	95627963	96293
chr14	33572273	33772273	harbor2	chr14	33587377	33587578	SINE/MIR	550	+	100	33587477	15204
chr14	33572273	33772273	harbor2	chr14	33638348	33638612	SINE/MIR	756	+	132	33638480	66207
chr14	33572273	33772273	harbor2	chr14	33651569	33651775	SINE/MIR	506	+	103	33651672	79399
chr14	102095574	102295574	harbor2	chr14	102155116	102155285	SINE/MIR	650	+	84	102155200	59626
chr14	102095574	102295574	harbor2	chr14	102194066	102194261	SINE/MIR	778	+	98	102194164	98590
chr14	85532163	85732163	harbor2	chr14	85552207	85552462	SINE/MIR	771	+	128	85552335	20172
chr14	85532163	85732163	harbor2	chr14	85556549	85556768	SINE/MIR	714	+	110	85556659	24496
chr14	85532163	85732163	harbor2	chr14	85562367	85562546	SINE/MIR	504	+	90	85562457	30294
chr14	85532163	85732163	harbor2	chr14	85567419	85567628	SINE/MIR	755	+	104	85567523	35360
chr14	85532163	85732163	harbor2	chr14	85575819	85575929	SINE/MIR	414	+	55	85575874	43711
chr14	85532163	85732163	harbor2	chr14	85579533	85579720	SINE/MIR	413	+	94	85579627	47464
chr14	85532163	85732163	harbor2	chr14	85582441	85582674	SINE/MIR	618	+	116	85582557	50394
chr14	85532163	85732163	harbor2	chr14	85601558	85601792	SINE/MIR	686	+	117	85601675	69512
chr14	39919423	40119423	harbor2	chr14	39935082	39935308	SINE/MIR	820	+	113	39935195	15772
chr14	39919423	40119423	harbor2	chr14	39975648	39975871	SINE/MIR	609	+	112	39975760	56337
chr14	39919423	40119423	harbor2	chr14	39978047	39978201	SINE/MIR	507	+	77	39978124	58701
chr14	80432504	80632504	harbor2	chr14	80454117	80454319	SINE/MIR	577	+	101	80454218	21714
chr14	80432504	80632504	harbor2	chr14	80454362	80454547	SINE/MIR	428	+	92	80454454	21950
chr14	80432504	80632504	harbor2	chr14	80461381	80461622	SINE/MIR	470	+	120	80461501	28997
chr14	80432504	80632504	harbor2	chr14	80462358	80462595	SINE/MIR	609	+	118	80462476	29972
chr14	80432504	80632504	harbor2	chr14	80478480	80478736	SINE/MIR	789	+	128	80478608	46104
chr14	87842599	88042599	harbor2	chr14	87845321	87845551	SINE/MIR	581	+	115	87845436	2837
chr14	87842599	88042599	harbor2	chr14	87881363	87881535	SINE/MIR	409	+	86	87881449	38850
chr14	87842599	88042599	harbor2	chr14	87884235	87884394	SINE/MIR	478	+	80	87884315	41716
chr14	87842599	88042599	harbor2	chr14	87884425	87884473	SINE/MIR	478	+	24	87884449	41850
chr14	87842599	88042599	harbor2	chr14	87893027	87893198	SINE/MIR	468	+	86	87893113	50514
chr14	87842599	88042599	harbor2	chr14	87893502	87893549	SINE/MIR	468	+	24	87893526	50927
chr14	87842599	88042599	harbor2	chr14	87917939	87918090	SINE/MIR	587	+	76	87918015	75416
chr14	87842599	88042599	harbor2	chr14	87920746	87920848	SINE/MIR	417	+	51	87920797	78198
chr14	70560515	70760515	harbor2	chr14	70639132	70639350	SINE/MIR	822	+	109	70639241	78726
chr14	70560515	70760515	harbor2	chr14	70651966	70652126	SINE/MIR	550	+	80	70652046	91531
chr14	70560515	70760515	harbor2	chr14	70652951	70653197	SINE/MIR	611	+	123	70653074	92559
chr14	70560515	70760515	harbor2	chr14	70659799	70660029	SINE/MIR	827	+	115	70659914	99399
chr14	91800823	92000823	harbor2	chr14	91823792	91824011	SINE/MIR	541	+	110	91823902	23079
chr14	91800823	92000823	harbor2	chr14	91850085	91850259	SINE/MIR	444	+	87	91850172	49349
chr14	91800823	92000823	harbor2	chr14	91874477	91874697	SINE/MIR	999	+	110	91874587	73764
chr14	91800823	92000823	harbor2	chr14	91889463	91889685	SINE/MIR	544	+	111	91889574	88751
chr14	62055953	62255953	harbor2	chr14	62064612	62064889	SINE/MIR	1106	+	138	62064750	8797
chr14	62055953	62255953	harbor2	chr14	62066268	62066481	SINE/MIR	533	+	106	62066374	10421
chr14	62055953	62255953	harbor2	chr14	62084713	62084956	SINE/MIR	801	+	122	62084835	28882
chr14	62055953	62255953	harbor2	chr14	62086097	62086195	SINE/MIR	408	+	49	62086146	30193
chr14	62055953	62255953	harbor2	chr14	62086517	62086599	SINE/MIR	408	+	41	62086558	30605
chr14	62055953	62255953	harbor2	chr14	62104692	62104908	SINE/MIR	575	+	108	62104800	48847
chr14	62055953	62255953	harbor2	chr14	62142124	62142245	SINE/MIR	420	+	60	62142184	86231
chr14	62055953	62255953	harbor2	chr14	62142711	62142821	SINE/MIR	420	+	55	62142766	86813
chr14	79464095	79664095	harbor2	chr14	79474060	79474308	SINE/MIR	560	+	124	79474184	10089
chr14	79464095	79664095	harbor2	chr14	79487027	79487252	SINE/MIR	808	+	112	79487139	23044
chr14	79464095	79664095	harbor2	chr14	79508023	79508267	SINE/MIR	684	+	122	79508145	44050
chr14	79464095	79664095	harbor2	chr14	79512246	79512464	SINE/MIR	432	+	109	79512355	48260
chr14	79464095	79664095	harbor2	chr14	79550751	79550925	SINE/MIR	685	+	87	79550838	86743
chr14	79464095	79664095	harbor2	chr14	79550987	79551205	SINE/MIR	482	+	109	79551096	87001
chr14	103342273	103542273	harbor2	chr14	103429218	103429437	SINE/MIR	728	+	110	103429328	87055
chr14	103647397	103847397	harbor2	chr14	103697464	103697600	SINE/MIR	515	+	68	103697532	50135
chr14	61704763	61904763	harbor2	chr14	61715492	61715681	SINE/MIR	454	+	94	61715586	10823
chr14	61704763	61904763	harbor2	chr14	61719343	61719541	SINE/MIR	455	+	99	61719442	14679
chr14	61704763	61904763	harbor2	chr14	61729060	61729179	SINE/MIR	415	+	60	61729120	24357
chr14	61704763	61904763	harbor2	chr14	61729488	61729541	SINE/MIR	415	+	26	61729514	24751
chr14	61704763	61904763	harbor2	chr14	61734632	61734757	SINE/MIR	427	+	62	61734694	29931
chr14	61704763	61904763	harbor2	chr14	61743831	61744068	SINE/MIR	526	+	118	61743949	39186
chr14	61704763	61904763	harbor2	chr14	61763733	61763939	SINE/MIR	586	+	103	61763836	59073
chr14	66173583	66373583	harbor2	chr14	66198760	66198906	SINE/MIR	425	+	73	66198833	25250
chr14	66173583	66373583	harbor2	chr14	66239844	66240032	SINE/MIR	591	+	94	66239938	66355
chr14	66173583	66373583	harbor2	chr14	66243118	66243305	SINE/MIR	569	+	94	66243212	69629
chr14	66173583	66373583	harbor2	chr14	66249049	66249233	SINE/MIR	659	+	92	66249141	75558
chr14	66173583	66373583	harbor2	chr14	66259351	66259575	SINE/MIR	756	+	112	66259463	85880
chr14	94647001	94847001	harbor2	chr14	94673077	94673241	SINE/MIR	422	+	82	94673159	26158
chr14	94647001	94847001	harbor2	chr14	94686002	94686114	SINE/MIR	426	+	56	94686058	39057
chr14	94647001	94847001	harbor2	chr14	94693922	94694052	SINE/MIR	515	+	65	94693987	46986
chr14	94647001	94847001	harbor2	chr14	94702242	94702301	SINE/MIR	706	+	30	94702272	55271
chr14	94647001	94847001	harbor2	chr14	94702605	94702723	SINE/MIR	706	+	59	94702664	55663
chr14	94647001	94847001	harbor2	chr14	94704995	94705218	SINE/MIR	793	+	112	94705107	58106
chr14	94647001	94847001	harbor2	chr14	94707236	94707401	SINE/MIR	439	+	82	94707318	60317
chr14	50931066	51131066	harbor2	chr14	50935417	50935603	SINE/MIR	594	+	93	50935510	4444
chr14	50931066	51131066	harbor2	chr14	50964062	50964279	SINE/MIR	746	+	108	50964170	33104
chr14	50931066	51131066	harbor2	chr14	50966167	50966397	SINE/MIR	744	+	115	50966282	35216
chr14	50931066	51131066	harbor2	chr14	50998250	50998488	SINE/MIR	576	+	119	50998369	67303
chr14	50931066	51131066	harbor2	chr14	51007484	51007701	SINE/MIR	676	+	108	51007592	76526
chr15	87162145	87362145	harbor2	chr15	87163387	87163650	SINE/MIR	594	+	132	87163519	1374
chr15	87162145	87362145	harbor2	chr15	87189936	87190149	SINE/MIR	413	+	106	87190042	27897
chr15	87162145	87362145	harbor2	chr15	87192249	87192472	SINE/MIR	819	+	112	87192361	30216
chr15	87162145	87362145	harbor2	chr15	87207916	87208074	SINE/MIR	426	+	79	87207995	45850
chr15	93009396	93209396	harbor2	chr15	93082003	93082156	SINE/MIR	541	+	76	93082079	72683
chr15	101253459	101453459	harbor2	chr15	101319027	101319243	SINE/MIR	462	+	108	101319135	65676
chr15	101253459	101453459	harbor2	chr15	101336137	101336349	SINE/MIR	750	+	106	101336243	82784
chr15	91613666	91813666	harbor2	chr15	91620208	91620359	SINE/MIR	602	+	76	91620284	6618
chr15	91613666	91813666	harbor2	chr15	91624327	91624544	SINE/MIR	560	+	108	91624435	10769
chr15	91613666	91813666	harbor2	chr15	91628204	91628435	SINE/MIR	409	+	116	91628320	14654
chr15	91613666	91813666	harbor2	chr15	91634485	91634651	SINE/MIR	454	+	83	91634568	20902
chr15	91613666	91813666	harbor2	chr15	91645919	91646149	SINE/MIR	612	+	115	91646034	32368
chr15	64470778	64670778	harbor2	chr15	64506002	64506149	SINE/MIR	714	+	74	64506076	35298
chr15	64470778	64670778	harbor2	chr15	64506423	64506438	SINE/MIR	714	+	8	64506431	35653
chr15	64470778	64670778	harbor2	chr15	64506736	64506814	SINE/MIR	714	+	39	64506775	35997
chr15	64470778	64670778	harbor2	chr15	64509282	64509424	SINE/MIR	582	+	71	64509353	38575
chr15	64470778	64670778	harbor2	chr15	64530311	64530437	SINE/MIR	452	+	63	64530374	59596
chr15	64470778	64670778	harbor2	chr15	64558289	64558494	SINE/MIR	749	+	102	64558391	87613
chr15	84950446	85150446	harbor2	chr15	84960957	84961146	SINE/MIR	574	+	94	84961051	10605
chr15	84950446	85150446	harbor2	chr15	84972309	84972529	SINE/MIR	607	+	110	84972419	21973
chr15	84950446	85150446	harbor2	chr15	84974351	84974531	SINE/MIR	577	+	90	84974441	23995
chr15	84950446	85150446	harbor2	chr15	84989521	84989745	SINE/MIR	458	+	112	84989633	39187
chr15	84950446	85150446	harbor2	chr15	85007556	85007777	SINE/MIR	795	+	110	85007666	57220
chr15	84950446	85150446	harbor2	chr15	85011334	85011544	SINE/MIR	422	+	105	85011439	60993
chr15	84950446	85150446	harbor2	chr15	85013252	85013419	SINE/MIR	518	+	84	85013336	62890
chr15	84950446	85150446	harbor2	chr15	85031593	85031722	SINE/MIR	416	+	64	85031657	81211
chr15	84950446	85150446	harbor2	chr15	85045389	85045550	SINE/MIR	484	+	80	85045469	95023
chr15	48254419	48454419	harbor2	chr15	48261789	48262028	SINE/MIR	684	+	120	48261909	7490
chr15	48254419	48454419	harbor2	chr15	48281066	48281316	SINE/MIR	885	+	125	48281191	26772
chr15	48254419	48454419	harbor2	chr15	48281557	48281760	SINE/MIR	710	+	102	48281659	27240
chr15	48254419	48454419	harbor2	chr15	48282893	48283076	SINE/MIR	457	+	92	48282985	28566
chr15	48254419	48454419	harbor2	chr15	48308361	48308578	SINE/MIR	441	+	108	48308469	54050
chr15	48254419	48454419	harbor2	chr15	48328562	48328739	SINE/MIR	759	+	88	48328650	74231
chr15	48254419	48454419	harbor2	chr15	48329345	48329392	SINE/MIR	759	+	24	48329369	74950
chr15	48254419	48454419	harbor2	chr15	48333872	48333984	SINE/MIR	446	+	56	48333928	79509
chr15	48254419	48454419	harbor2	chr15	48337363	48337548	SINE/MIR	582	+	92	48337455	83036
chr15	48254419	48454419	harbor2	chr15	48352818	48352992	SINE/MIR	599	+	87	48352905	98486
chr15	84604362	84804362	harbor2	chr15	84653768	84653991	SINE/MIR	476	+	112	84653880	49518
chr15	84604362	84804362	harbor2	chr15	84657733	84657900	SINE/MIR	441	+	84	84657817	53455
chr15	84604362	84804362	harbor2	chr15	84679697	84679870	SINE/MIR	535	+	86	84679783	75421
chr15	100107270	100307270	harbor2	chr15	100127501	100127571	SINE/MIR	421	+	35	100127536	20266
chr15	100107270	100307270	harbor2	chr15	100127882	100127998	SINE/MIR	421	+	58	100127940	20670
chr15	100107270	100307270	harbor2	chr15	100150369	100150564	SINE/MIR	405	+	98	100150467	43197
chr15	100107270	100307270	harbor2	chr15	100151884	100152114	SINE/MIR	446	+	115	100151999	44729
chr15	100107270	100307270	harbor2	chr15	100185100	100185297	SINE/MIR	746	+	98	100185198	77928
chr15	80240601	80440601	harbor2	chr15	80244902	80245127	SINE/MIR	569	+	112	80245014	4413
chr15	80240601	80440601	harbor2	chr15	80257553	80257663	SINE/MIR	619	+	55	80257608	17007
chr15	80240601	80440601	harbor2	chr15	80258301	80258403	SINE/MIR	619	+	51	80258352	17751
chr15	80240601	80440601	harbor2	chr15	80262662	80262854	SINE/MIR	437	+	96	80262758	22157
chr15	80240601	80440601	harbor2	chr15	80285025	80285251	SINE/MIR	685	+	113	80285138	44537
chr15	101231254	101431254	harbor2	chr15	101239421	101239595	SINE/MIR	428	+	87	101239508	8254
chr15	101231254	101431254	harbor2	chr15	101319027	101319243	SINE/MIR	462	+	108	101319135	87881
chr15	88189601	88389601	harbor2	chr15	88197864	88198091	SINE/MIR	537	+	114	88197978	8377
chr15	88189601	88389601	harbor2	chr15	88218328	88218560	SINE/MIR	544	+	116	88218444	28843
chr15	88189601	88389601	harbor2	chr15	88220404	88220623	SINE/MIR	465	+	110	88220514	30913
chr15	88189601	88389601	harbor2	chr15	88223583	88223775	SINE/MIR	475	+	96	88223679	34078
chr15	88189601	88389601	harbor2	chr15	88226010	88226202	SINE/MIR	474	+	96	88226106	36505
chr15	88189601	88389601	harbor2	chr15	88230066	88230218	SINE/MIR	478	+	76	88230142	40541
chr15	88189601	88389601	harbor2	chr15	88238862	88239068	SINE/MIR	564	+	103	88238965	49364
chr15	88189601	88389601	harbor2	chr15	88240605	88240770	SINE/MIR	574	+	82	88240687	51086
chr15	88189601	88389601	harbor2	chr15	88247306	88247477	SINE/MIR	408	+	86	88247392	57791
chr15	88189601	88389601	harbor2	chr15	88248628	88248826	SINE/MIR	759	+	99	88248727	59126
chr15	88189601	88389601	harbor2	chr15	88261631	88261799	SINE/MIR	433	+	84	88261715	72114
chr15	88189601	88389601	harbor2	chr15	88264066	88264288	SINE/MIR	507	+	111	88264177	74576
chr15	88189601	88389601	harbor2	chr15	88275596	88275804	SINE/MIR	532	+	104	88275700	86099
chr15	37765971	37965971	harbor2	chr15	37767157	37767376	SINE/MIR	767	+	110	37767267	1296
chr15	37765971	37965971	harbor2	chr15	37834935	37835099	SINE/MIR	609	+	82	37835017	69046
chr15	37765971	37965971	harbor2	chr15	37865626	37865828	SINE/MIR	587	+	101	37865727	99756
chr15	86268953	86468953	harbor2	chr15	86275864	86276058	SINE/MIR	709	+	97	86275961	7008
chr15	86268953	86468953	harbor2	chr15	86276281	86276473	SINE/MIR	493	+	96	86276377	7424
chr15	86268953	86468953	harbor2	chr15	86278973	86279107	SINE/MIR	510	+	67	86279040	10087
chr15	86268953	86468953	harbor2	chr15	86283864	86284092	SINE/MIR	660	+	114	86283978	15025
chr15	86268953	86468953	harbor2	chr15	86303062	86303285	SINE/MIR	667	+	112	86303174	34221
chr15	86268953	86468953	harbor2	chr15	86314862	86315054	SINE/MIR	530	+	96	86314958	46005
chr15	86268953	86468953	harbor2	chr15	86315257	86315434	SINE/MIR	442	+	88	86315345	46392
chr15	86268953	86468953	harbor2	chr15	86315736	86315795	SINE/MIR	442	+	30	86315766	46813
chr15	86268953	86468953	harbor2	chr15	86342600	86342811	SINE/MIR	403	+	106	86342706	73753
chr15	86268953	86468953	harbor2	chr15	86344528	86344762	SINE/MIR	586	+	117	86344645	75692
chr15	100653583	100853583	harbor2	chr15	100722777	100722912	SINE/MIR	478	+	68	100722845	69262
chr15	100653583	100853583	harbor2	chr15	100731900	100732024	SINE/MIR	533	+	62	100731962	78379
chr15	92004002	92204002	harbor2	chr15	92004201	92004407	SINE/MIR	433	+	103	92004304	302
chr15	92004002	92204002	harbor2	chr15	92008280	92008467	SINE/MIR	401	+	94	92008374	4372
chr15	92004002	92204002	harbor2	chr15	92019200	92019424	SINE/MIR	467	+	112	92019312	15310
chr15	92004002	92204002	harbor2	chr15	92063336	92063516	SINE/MIR	643	+	90	92063426	59424
chr15	92004002	92204002	harbor2	chr15	92066556	92066736	SINE/MIR	585	+	90	92066646	62644
chr15	92004002	92204002	harbor2	chr15	92078661	92078822	SINE/MIR	603	+	80	92078741	74739
chr15	92004002	92204002	harbor2	chr15	92082844	92082993	SINE/MIR	432	+	74	92082918	78916
chr15	92004002	92204002	harbor2	chr15	92091046	92091215	SINE/MIR	404	+	84	92091130	87128
chr15	92004002	92204002	harbor2	chr15	92098703	92098899	SINE/MIR	431	+	98	92098801	94799
chr15	92004002	92204002	harbor2	chr15	92102824	92103078	SINE/MIR	664	+	127	92102951	98949
chr15	92004002	92204002	harbor2	chr15	92077919	92078086	SINE/MIR	421	+	84	92078003	74001
chr15	47435603	47635603	harbor2	chr15	47452328	47452541	SINE/MIR	476	+	106	47452434	16831
chr15	47435603	47635603	harbor2	chr15	47454845	47455074	SINE/MIR	643	+	114	47454959	19356
chr15	47435603	47635603	harbor2	chr15	47508727	47508931	SINE/MIR	707	+	102	47508829	73226
chr15	47435603	47635603	harbor2	chr15	47530763	47530991	SINE/MIR	798	+	114	47530877	95274
chr15	90165452	90365452	harbor2	chr15	90189334	90189558	SINE/MIR	675	+	112	90189446	23994
chr15	90165452	90365452	harbor2	chr15	90202948	90203153	SINE/MIR	865	+	102	90203050	37598
chr15	90165452	90365452	harbor2	chr15	90205420	90205660	SINE/MIR	654	+	120	90205540	40088
chr15	90165452	90365452	harbor2	chr15	90217917	90218133	SINE/MIR	685	+	108	90218025	52573
chr15	90165452	90365452	harbor2	chr15	90222629	90222854	SINE/MIR	617	+	112	90222741	57289
chr15	90165452	90365452	harbor2	chr15	90256447	90256545	SINE/MIR	586	+	49	90256496	91044
chr15	90165452	90365452	harbor2	chr15	90256651	90256690	SINE/MIR	586	+	20	90256671	91219
chr15	90165452	90365452	harbor2	chr15	90256986	90257112	SINE/MIR	586	+	63	90257049	91597
chr15	94708455	94908455	harbor2	chr15	94710802	94710953	SINE/MIR	685	+	76	94710878	2423
chr15	94708455	94908455	harbor2	chr15	94711394	94711493	SINE/MIR	685	+	50	94711444	2989
chr15	94708455	94908455	harbor2	chr15	94714350	94714586	SINE/MIR	469	+	118	94714468	6013
chr15	94708455	94908455	harbor2	chr15	94716163	94716398	SINE/MIR	615	+	118	94716281	7826
chr15	94708455	94908455	harbor2	chr15	94733486	94733657	SINE/MIR	481	+	86	94733572	25117
chr15	94708455	94908455	harbor2	chr15	94735707	94735893	SINE/MIR	450	+	93	94735800	27345
chr15	94708455	94908455	harbor2	chr15	94789105	94789330	SINE/MIR	571	+	112	94789217	80762
chr15	94708455	94908455	harbor2	chr15	94798961	94799198	SINE/MIR	636	+	118	94799079	90624
chr15	100727768	100927768	harbor2	chr15	100731900	100732024	SINE/MIR	533	+	62	100731962	4194
chr15	95644507	95844507	harbor2	chr15	95727879	95728112	SINE/MIR	539	+	116	95727995	83488
chr15	83887786	84087786	harbor2	chr15	83900152	83900314	SINE/MIR	427	+	81	83900233	12447
chr15	83887786	84087786	harbor2	chr15	83906447	83906555	SINE/MIR	409	+	54	83906501	18715
chr15	83887786	84087786	harbor2	chr15	83908226	83908403	SINE/MIR	513	+	88	83908314	20528
chr15	83887786	84087786	harbor2	chr15	83923147	83923318	SINE/MIR	409	+	86	83923233	35447
chr15	83887786	84087786	harbor2	chr15	83974207	83974447	SINE/MIR	936	+	120	83974327	86541
chr15	93240863	93440863	harbor2	chr15	93272058	93272227	SINE/MIR	432	+	84	93272142	31279
chr15	93240863	93440863	harbor2	chr15	93274323	93274549	SINE/MIR	597	+	113	93274436	33573
chr15	93240863	93440863	harbor2	chr15	93287589	93287785	SINE/MIR	535	+	98	93287687	46824
chr15	93240863	93440863	harbor2	chr15	93300043	93300314	SINE/MIR	703	+	136	93300179	59316
chr15	93240863	93440863	harbor2	chr15	93323030	93323201	SINE/MIR	605	+	86	93323116	82253
chr15	93990623	94190623	harbor2	chr15	93996727	93996890	SINE/MIR	464	+	82	93996809	6186
chr15	93990623	94190623	harbor2	chr15	94036164	94036332	SINE/MIR	416	+	84	94036248	45625
chr15	93990623	94190623	harbor2	chr15	94081410	94081657	SINE/MIR	470	+	124	94081534	90911
chr15	41264784	41464784	harbor2	chr15	41343029	41343237	SINE/MIR	566	+	104	41343133	78349
chr15	88998982	89198982	harbor2	chr15	89056716	89056835	SINE/MIR	460	+	60	89056776	57794
chr15	88998982	89198982	harbor2	chr15	89077478	89077718	SINE/MIR	729	+	120	89077598	78616
chr15	88998982	89198982	harbor2	chr15	89090149	89090401	SINE/MIR	1272	+	126	89090275	91293
chr15	97206770	97406770	harbor2	chr15	97214255	97214456	SINE/MIR	701	+	100	97214355	7585
chr15	97206770	97406770	harbor2	chr15	97272999	97273146	SINE/MIR	425	+	74	97273073	66303
chr15	76475964	76675964	harbor2	chr15	76531505	76531683	SINE/MIR	586	+	89	76531594	55630
chr15	76475964	76675964	harbor2	chr15	76536360	76536548	SINE/MIR	482	+	94	76536454	60490
chr15	96079283	96279283	harbor2	chr15	96103374	96103601	SINE/MIR	533	+	114	96103488	24205
chr15	96079283	96279283	harbor2	chr15	96105246	96105396	SINE/MIR	521	+	75	96105321	26038
chr15	96079283	96279283	harbor2	chr15	96179019	96179196	SINE/MIR	524	+	88	96179107	99824
chr15	96108433	96308433	harbor2	chr15	96179019	96179196	SINE/MIR	524	+	88	96179107	70674
chr15	76040712	76240712	harbor2	chr15	76053238	76053497	SINE/MIR	1019	+	130	76053368	12656
chr15	76040712	76240712	harbor2	chr15	76065539	76065681	SINE/MIR	503	+	71	76065610	24898
chr15	76040712	76240712	harbor2	chr15	76072466	76072599	SINE/MIR	423	+	66	76072532	31820
chr15	76040712	76240712	harbor2	chr15	76133858	76134079	SINE/MIR	454	+	110	76133968	93256
chr15	95759439	95959439	harbor2	chr15	95838650	95838794	SINE/MIR	448	+	72	95838722	79283
chr15	99805976	100005976	harbor2	chr15	99875377	99875522	SINE/MIR	459	+	72	99875449	69473
chr15	81593607	81793607	harbor2	chr15	81608147	81608328	SINE/MIR	415	+	90	81608237	14630
chr15	81593607	81793607	harbor2	chr15	81609237	81609453	SINE/MIR	447	+	108	81609345	15738
chr15	81593607	81793607	harbor2	chr15	81659123	81659335	SINE/MIR	468	+	106	81659229	65622
chr15	81593607	81793607	harbor2	chr15	81668196	81668404	SINE/MIR	575	+	104	81668300	74693
chr15	81593607	81793607	harbor2	chr15	81683582	81683769	SINE/MIR	547	+	94	81683676	90069
chr15	92406950	92606950	harbor2	chr15	92418008	92418143	SINE/MIR	444	+	68	92418076	11126
chr15	92406950	92606950	harbor2	chr15	92431272	92431510	SINE/MIR	467	+	119	92431391	24441
chr15	92406950	92606950	harbor2	chr15	92442846	92443066	SINE/MIR	515	+	110	92442956	36006
chr15	34356676	34556676	harbor2	chr15	34398249	34398404	SINE/MIR	573	+	78	34398327	41651
chr15	100205344	100405344	harbor2	chr15	100216017	100216239	SINE/MIR	487	+	111	100216128	10784
chr15	100205344	100405344	harbor2	chr15	100239122	100239276	SINE/MIR	577	+	77	100239199	33855
chr15	91885842	92085842	harbor2	chr15	91887758	91887965	SINE/MIR	537	+	104	91887862	2020
chr15	91885842	92085842	harbor2	chr15	91892739	91892940	SINE/MIR	589	+	100	91892839	6997
chr15	91885842	92085842	harbor2	chr15	91896920	91897094	SINE/MIR	423	+	87	91897007	11165
chr15	91885842	92085842	harbor2	chr15	91902759	91903036	SINE/MIR	706	+	138	91902897	17055
chr15	91885842	92085842	harbor2	chr15	91905984	91906192	SINE/MIR	540	+	104	91906088	20246
chr15	91885842	92085842	harbor2	chr15	91938121	91938308	SINE/MIR	439	+	94	91938215	52373
chr15	91885842	92085842	harbor2	chr15	91944056	91944221	SINE/MIR	534	+	82	91944138	58296
chr15	91885842	92085842	harbor2	chr15	91949225	91949369	SINE/MIR	441	+	72	91949297	63455
chr15	91885842	92085842	harbor2	chr15	91958392	91958562	SINE/MIR	533	+	85	91958477	72635
chr15	91885842	92085842	harbor2	chr15	91974907	91975126	SINE/MIR	762	+	110	91975017	89175
chr15	91885842	92085842	harbor2	chr15	91979622	91979830	SINE/MIR	720	+	104	91979726	93884
chr15	53092892	53292892	harbor2	chr15	53106203	53106406	SINE/MIR	495	+	102	53106305	13413
chr15	53092892	53292892	harbor2	chr15	53112442	53112643	SINE/MIR	415	+	100	53112542	19650
chr15	53092892	53292892	harbor2	chr15	53125017	53125230	SINE/MIR	842	+	106	53125123	32231
chr15	53092892	53292892	harbor2	chr15	53125796	53126039	SINE/MIR	659	+	122	53125918	33026
chr15	53092892	53292892	harbor2	chr15	53130432	53130567	SINE/MIR	473	+	68	53130500	37608
chr15	53092892	53292892	harbor2	chr15	53191412	53191638	SINE/MIR	618	+	113	53191525	98633
chr15	76171495	76371495	harbor2	chr15	76214597	76214817	SINE/MIR	1037	+	110	76214707	43212
chr15	76171495	76371495	harbor2	chr15	76234993	76235173	SINE/MIR	663	+	90	76235083	63588
chr15	76171495	76371495	harbor2	chr15	76237501	76237665	SINE/MIR	626	+	82	76237583	66088
chr15	97501674	97701674	harbor2	chr15	97501836	97502081	SINE/MIR	493	+	122	97501958	284
chr15	97501674	97701674	harbor2	chr15	97556939	97557149	SINE/MIR	439	+	105	97557044	55370
chr15	101013161	101213161	harbor2	chr15	101099562	101099792	SINE/MIR	480	+	115	101099677	86516
chr15	93550710	93750710	harbor2	chr15	93561428	93561573	SINE/MIR	405	+	72	93561500	10790
chr15	93550710	93750710	harbor2	chr15	93585053	93585229	SINE/MIR	483	+	88	93585141	34431
chr15	93550710	93750710	harbor2	chr15	93648977	93649111	SINE/MIR	435	+	67	93649044	98334
chr15	53122743	53322743	harbor2	chr15	53125017	53125230	SINE/MIR	842	+	106	53125123	2380
chr15	53122743	53322743	harbor2	chr15	53125796	53126039	SINE/MIR	659	+	122	53125918	3175
chr15	53122743	53322743	harbor2	chr15	53130432	53130567	SINE/MIR	473	+	68	53130500	7757
chr15	53122743	53322743	harbor2	chr15	53191412	53191638	SINE/MIR	618	+	113	53191525	68782
chr15	53122743	53322743	harbor2	chr15	53197974	53198122	SINE/MIR	418	+	74	53198048	75305
chr15	53122743	53322743	harbor2	chr15	53201993	53202234	SINE/MIR	708	+	120	53202113	79370
chr15	53122743	53322743	harbor2	chr15	53217804	53217995	SINE/MIR	426	+	96	53217900	95157
chr15	57528740	57728740	harbor2	chr15	57588102	57588331	SINE/MIR	790	+	114	57588216	59476
chr15	57528740	57728740	harbor2	chr15	57590308	57590501	SINE/MIR	568	+	96	57590404	61664
chr15	57528740	57728740	harbor2	chr15	57591114	57591362	SINE/MIR	602	+	124	57591238	62498
chr15	57528740	57728740	harbor2	chr15	57602680	57602910	SINE/MIR	738	+	115	57602795	74055
chr15	59830782	60030782	harbor2	chr15	59833409	59833551	SINE/MIR	420	+	71	59833480	2698
chr15	59830782	60030782	harbor2	chr15	59835496	59835637	SINE/MIR	461	+	70	59835566	4784
chr15	59830782	60030782	harbor2	chr15	59844513	59844616	SINE/MIR	413	+	52	59844565	13783
chr15	59830782	60030782	harbor2	chr15	59876589	59876754	SINE/MIR	426	+	82	59876671	45889
chr15	59830782	60030782	harbor2	chr15	59891193	59891371	SINE/MIR	418	+	89	59891282	60500
chr15	59830782	60030782	harbor2	chr15	59899633	59899870	SINE/MIR	628	+	118	59899751	68969
chr15	59830782	60030782	harbor2	chr15	59916682	59916879	SINE/MIR	591	+	98	59916780	85998
chr15	59830782	60030782	harbor2	chr15	59923662	59923872	SINE/MIR	467	+	105	59923767	92985
chr15	59830782	60030782	harbor2	chr15	59926588	59926712	SINE/MIR	428	+	62	59926650	95868
chr15	80720064	80920064	harbor2	chr15	80727967	80728160	SINE/MIR	466	+	96	80728063	7999
chr15	80720064	80920064	harbor2	chr15	80768146	80768323	SINE/MIR	532	+	88	80768234	48170
chr15	80720064	80920064	harbor2	chr15	80781685	80781851	SINE/MIR	577	+	83	80781768	61704
chr15	80720064	80920064	harbor2	chr15	80792370	80792616	SINE/MIR	519	+	123	80792493	72429
chr15	80720064	80920064	harbor2	chr15	80802723	80802903	SINE/MIR	528	+	90	80802813	82749
chr15	80720064	80920064	harbor2	chr15	80804393	80804570	SINE/MIR	538	+	88	80804481	84417
chr15	80720064	80920064	harbor2	chr15	80812378	80812547	SINE/MIR	530	+	84	80812462	92398
chr15	80720064	80920064	harbor2	chr15	80813186	80813303	SINE/MIR	577	+	58	80813244	93180
chr15	80720064	80920064	harbor2	chr15	80815142	80815326	SINE/MIR	589	+	92	80815234	95170
chr15	80720064	80920064	harbor2	chr15	80815331	80815512	SINE/MIR	511	+	90	80815421	95357
chr15	87849584	88049584	harbor2	chr15	87852895	87853058	SINE/MIR	671	+	82	87852977	3393
chr15	87849584	88049584	harbor2	chr15	87855840	87856051	SINE/MIR	458	+	106	87855946	6362
chr15	87849584	88049584	harbor2	chr15	87941225	87941428	SINE/MIR	732	+	102	87941327	91743
chr15	79460615	79660615	harbor2	chr15	79461230	79461396	SINE/MIR	584	+	83	79461313	698
chr15	79460615	79660615	harbor2	chr15	79462666	79462810	SINE/MIR	516	+	72	79462738	2123
chr15	79460615	79660615	harbor2	chr15	79464120	79464329	SINE/MIR	423	+	104	79464224	3609
chr15	79460615	79660615	harbor2	chr15	79479948	79480151	SINE/MIR	481	+	102	79480050	19435
chr15	79460615	79660615	harbor2	chr15	79535679	79535888	SINE/MIR	463	+	104	79535783	75168
chr15	79460615	79660615	harbor2	chr15	79536934	79537166	SINE/MIR	477	+	116	79537050	76435
chr15	79460615	79660615	harbor2	chr15	79546708	79546864	SINE/MIR	414	+	78	79546786	86171
chr15	79460615	79660615	harbor2	chr15	79550493	79550697	SINE/MIR	525	+	102	79550595	89980
chr15	79460615	79660615	harbor2	chr15	79552978	79553232	SINE/MIR	488	+	127	79553105	92490
chr15	79460615	79660615	harbor2	chr15	79556069	79556257	SINE/MIR	511	+	94	79556163	95548
chr15	79460615	79660615	harbor2	chr15	79527775	79527963	SINE/MIR	467	+	94	79527869	67254
chr15	94931494	95131494	harbor2	chr15	94932049	94932269	SINE/MIR	423	+	110	94932159	665
chr15	94931494	95131494	harbor2	chr15	95004332	95004561	SINE/MIR	515	+	114	95004446	72952
chr15	94931494	95131494	harbor2	chr15	95005559	95005733	SINE/MIR	733	+	87	95005646	74152
chr15	94931494	95131494	harbor2	chr15	95009833	95009980	SINE/MIR	583	+	74	95009907	78413
chr15	99109236	99309236	harbor2	chr15	99151873	99151973	SINE/MIR	439	+	50	99151923	42687
chr15	99109236	99309236	harbor2	chr15	99152712	99152807	SINE/MIR	439	+	48	99152760	43524
chr15	99109236	99309236	harbor2	chr15	99164882	99165100	SINE/MIR	630	+	109	99164991	55755
chr15	99109236	99309236	harbor2	chr15	99172542	99172750	SINE/MIR	614	+	104	99172646	63410
chr15	99109236	99309236	harbor2	chr15	99198592	99198744	SINE/MIR	481	+	76	99198668	89432
chr15	99109236	99309236	harbor2	chr15	99200241	99200458	SINE/MIR	657	+	108	99200349	91113
chr15	90980623	91180623	harbor2	chr15	91001737	91001901	SINE/MIR	615	+	82	91001819	21196
chr15	90980623	91180623	harbor2	chr15	91055563	91055791	SINE/MIR	495	+	114	91055677	75054
chr15	78484889	78684889	harbor2	chr15	78542834	78543047	SINE/MIR	476	+	106	78542940	58051
chr15	78484889	78684889	harbor2	chr15	78566873	78566970	SINE/MIR	533	+	48	78566921	82032
chr15	78484889	78684889	harbor2	chr15	78567282	78567384	SINE/MIR	533	+	51	78567333	82444
chr15	62942301	63142301	harbor2	chr15	62965506	62965733	SINE/MIR	819	+	114	62965620	23319
chr15	62942301	63142301	harbor2	chr15	62971395	62971619	SINE/MIR	421	+	112	62971507	29206
chr15	62942301	63142301	harbor2	chr15	62974738	62974890	SINE/MIR	544	+	76	62974814	32513
chr15	62942301	63142301	harbor2	chr15	62975796	62976005	SINE/MIR	609	+	104	62975900	33599
chr15	62942301	63142301	harbor2	chr15	62987187	62987397	SINE/MIR	534	+	105	62987292	44991
chr15	62942301	63142301	harbor2	chr15	62995622	62995805	SINE/MIR	878	+	92	62995714	53413
chr15	62942301	63142301	harbor2	chr15	62998576	62998783	SINE/MIR	554	+	104	62998680	56379
chr15	62942301	63142301	harbor2	chr15	63000952	63001204	SINE/MIR	615	+	126	63001078	58777
chr15	62942301	63142301	harbor2	chr15	63004033	63004260	SINE/MIR	555	+	114	63004147	61846
chr15	62942301	63142301	harbor2	chr15	63018387	63018593	SINE/MIR	735	+	103	63018490	76189
chr15	89117489	89317489	harbor2	chr15	89129646	89129876	SINE/MIR	527	+	115	89129761	12272
chr15	89117489	89317489	harbor2	chr15	89142079	89142290	SINE/MIR	496	+	106	89142185	24696
chr15	89117489	89317489	harbor2	chr15	89177165	89177279	SINE/MIR	476	+	57	89177222	59733
chr15	89117489	89317489	harbor2	chr15	89211361	89211508	SINE/MIR	507	+	74	89211435	93946
chr15	89117489	89317489	harbor2	chr15	89215306	89215479	SINE/MIR	398	+	86	89215392	97903
chr15	94766390	94966390	harbor2	chr15	94789105	94789330	SINE/MIR	571	+	112	94789217	22827
chr15	94766390	94966390	harbor2	chr15	94798961	94799198	SINE/MIR	636	+	118	94799079	32689
chr15	94766390	94966390	harbor2	chr15	94832322	94832501	SINE/MIR	520	+	90	94832412	66022
chr15	68789987	68989987	harbor2	chr15	68796677	68796873	SINE/MIR	427	+	98	68796775	6788
chr15	68789987	68989987	harbor2	chr15	68801380	68801529	SINE/MIR	510	+	74	68801454	11467
chr15	68789987	68989987	harbor2	chr15	68804263	68804470	SINE/MIR	514	+	104	68804367	14380
chr15	68789987	68989987	harbor2	chr15	68816282	68816523	SINE/MIR	768	+	120	68816402	26415
chr15	68789987	68989987	harbor2	chr15	68875004	68875169	SINE/MIR	613	+	82	68875086	85099
chr15	72642655	72842655	harbor2	chr15	72656678	72656860	SINE/MIR	477	+	91	72656769	14114
chr15	72642655	72842655	harbor2	chr15	72657034	72657178	SINE/MIR	418	+	72	72657106	14451
chr15	72642655	72842655	harbor2	chr15	72660804	72661022	SINE/MIR	546	+	109	72660913	18258
chr15	72642655	72842655	harbor2	chr15	72702266	72702439	SINE/MIR	454	+	86	72702352	59697
chr15	72642655	72842655	harbor2	chr15	72721491	72721671	SINE/MIR	583	+	90	72721581	78926
chr15	97716318	97916318	harbor2	chr15	97737123	97737350	SINE/MIR	423	+	114	97737237	20919
chr15	81398944	81598944	harbor2	chr15	81470305	81470479	SINE/MIR	513	+	87	81470392	71448
chr15	81398944	81598944	harbor2	chr15	81480541	81480697	SINE/MIR	438	+	78	81480619	81675
chr15	89265017	89465017	harbor2	chr15	89329431	89329593	SINE/MIR	422	+	81	89329512	64495
chr15	89265017	89465017	harbor2	chr15	89334120	89334365	SINE/MIR	428	+	122	89334242	69225
chr15	89265017	89465017	harbor2	chr15	89346378	89346573	SINE/MIR	462	+	98	89346476	81459
chr15	89265017	89465017	harbor2	chr15	89347933	89348170	SINE/MIR	563	+	118	89348051	83034
chr15	89265017	89465017	harbor2	chr15	89356519	89356749	SINE/MIR	593	+	115	89356634	91617
chr15	45170595	45370595	harbor2	chr15	45182317	45182468	SINE/MIR	505	+	76	45182393	11798
chr15	45170595	45370595	harbor2	chr15	45183198	45183395	SINE/MIR	715	+	98	45183296	12701
chr15	45170595	45370595	harbor2	chr15	45204173	45204405	SINE/MIR	784	+	116	45204289	33694
chr15	45170595	45370595	harbor2	chr15	45223169	45223238	SINE/MIR	482	+	34	45223203	52608
chr15	45170595	45370595	harbor2	chr15	45223695	45223774	SINE/MIR	482	+	40	45223735	53140
chr15	45170595	45370595	harbor2	chr15	45229437	45229648	SINE/MIR	540	+	106	45229543	58948
chr15	45170595	45370595	harbor2	chr15	45248879	45249074	SINE/MIR	496	+	98	45248977	78382
chr15	45170595	45370595	harbor2	chr15	45261248	45261487	SINE/MIR	704	+	120	45261368	90773
chr15	45170595	45370595	harbor2	chr15	45265885	45266074	SINE/MIR	432	+	94	45265979	95384
chr15	56251227	56451227	harbor2	chr15	56252744	56252960	SINE/MIR	719	+	108	56252852	1625
chr15	56251227	56451227	harbor2	chr15	56295151	56295331	SINE/MIR	471	+	90	56295241	44014
chr15	85335452	85535452	harbor2	chr15	85341065	85341249	SINE/MIR	600	+	92	85341157	5705
chr15	85335452	85535452	harbor2	chr15	85342296	85342480	SINE/MIR	669	+	92	85342388	6936
chr15	85335452	85535452	harbor2	chr15	85343788	85343929	SINE/MIR	501	+	70	85343858	8406
chr15	85335452	85535452	harbor2	chr15	85375161	85375295	SINE/MIR	473	+	67	85375228	39776
chr15	85335452	85535452	harbor2	chr15	85431285	85431518	SINE/MIR	652	+	116	85431401	95949
chr15	78022918	78222918	harbor2	chr15	78042337	78042477	SINE/MIR	554	+	70	78042407	19489
chr15	78022918	78222918	harbor2	chr15	78044567	78044742	SINE/MIR	398	+	88	78044655	21737
chr15	78022918	78222918	harbor2	chr15	78062878	78063098	SINE/MIR	736	+	110	78062988	40070
chr15	78022918	78222918	harbor2	chr15	78079547	78079812	SINE/MIR	996	+	132	78079679	56761
chr15	78022918	78222918	harbor2	chr15	78083888	78084059	SINE/MIR	627	+	86	78083974	61056
chr15	78022918	78222918	harbor2	chr15	78085151	78085339	SINE/MIR	434	+	94	78085245	62327
chr15	78022918	78222918	harbor2	chr15	78095083	78095259	SINE/MIR	742	+	88	78095171	72253
chr15	78022918	78222918	harbor2	chr15	78098766	78098923	SINE/MIR	449	+	78	78098844	75926
chr15	78022918	78222918	harbor2	chr15	78109458	78109626	SINE/MIR	732	+	84	78109542	86624
chr15	81361556	81561556	harbor2	chr15	81363933	81364104	SINE/MIR	421	+	86	81364019	2463
chr15	81361556	81561556	harbor2	chr15	81371035	81371179	SINE/MIR	476	+	72	81371107	9551
chr15	71965054	72165054	harbor2	chr15	71995743	71995874	SINE/MIR	426	+	66	71995809	30755
chr15	54718140	54918140	harbor2	chr15	54771889	54772032	SINE/MIR	466	+	72	54771961	53821
chr15	54718140	54918140	harbor2	chr15	54797983	54798166	SINE/MIR	660	+	92	54798075	79935
chr15	54718140	54918140	harbor2	chr15	54802655	54802888	SINE/MIR	542	+	116	54802771	84631
chr15	54718140	54918140	harbor2	chr15	54810023	54810249	SINE/MIR	560	+	113	54810136	91996
chr15	59705231	59905231	harbor2	chr15	59726868	59727075	SINE/MIR	1000	+	104	59726972	21741
chr15	59705231	59905231	harbor2	chr15	59742078	59742272	SINE/MIR	478	+	97	59742175	36944
chr15	59705231	59905231	harbor2	chr15	59759864	59760076	SINE/MIR	497	+	106	59759970	54739
chr15	59705231	59905231	harbor2	chr15	59797062	59797272	SINE/MIR	425	+	105	59797167	91936
chr15	87002504	87202504	harbor2	chr15	87091993	87092143	SINE/MIR	509	+	75	87092068	89564
chr15	87679535	87879535	harbor2	chr15	87687368	87687472	SINE/MIR	439	+	52	87687420	7885
chr15	87679535	87879535	harbor2	chr15	87704937	87705106	SINE/MIR	484	+	84	87705021	25486
chr15	87679535	87879535	harbor2	chr15	87716959	87717061	SINE/MIR	492	+	51	87717010	37475
chr15	87679535	87879535	harbor2	chr15	87717141	87717173	SINE/MIR	492	+	16	87717157	37622
chr15	87679535	87879535	harbor2	chr15	87746278	87746476	SINE/MIR	754	+	99	87746377	66842
chr15	100662622	100862622	harbor2	chr15	100722777	100722912	SINE/MIR	478	+	68	100722845	60223
chr15	100662622	100862622	harbor2	chr15	100731900	100732024	SINE/MIR	533	+	62	100731962	69340
chr15	97826731	98026731	harbor2	chr15	97869161	97869369	SINE/MIR	466	+	104	97869265	42534
chr15	97826731	98026731	harbor2	chr15	97880065	97880246	SINE/MIR	430	+	90	97880155	53424
chr15	97826731	98026731	harbor2	chr15	97892821	97892993	SINE/MIR	588	+	86	97892907	66176
chr15	97826731	98026731	harbor2	chr15	97893020	97893272	SINE/MIR	684	+	126	97893146	66415
chr15	97826731	98026731	harbor2	chr15	97903643	97903864	SINE/MIR	631	+	110	97903753	77022
chr15	97826731	98026731	harbor2	chr15	97910890	97911151	SINE/MIR	967	+	130	97911020	84289
chr15	29537359	29737359	harbor2	chr15	29580336	29580455	SINE/MIR	495	+	60	29580396	43037
chr15	29537359	29737359	harbor2	chr15	29589737	29589944	SINE/MIR	464	+	104	29589841	52482
chr15	43272832	43472832	harbor2	chr15	43293062	43293221	SINE/MIR	587	+	80	43293142	20310
chr15	43272832	43472832	harbor2	chr15	43294339	43294575	SINE/MIR	681	+	118	43294457	21625
chr15	43272832	43472832	harbor2	chr15	43306293	43306524	SINE/MIR	542	+	116	43306409	33577
chr15	43272832	43472832	harbor2	chr15	43332600	43332731	SINE/MIR	554	+	66	43332666	59834
chr15	62345191	62545191	harbor2	chr15	62347789	62347993	SINE/MIR	670	+	102	62347891	2700
chr15	62345191	62545191	harbor2	chr15	62352800	62352893	SINE/MIR	476	+	46	62352846	7655
chr15	62345191	62545191	harbor2	chr15	62352925	62353027	SINE/MIR	476	+	51	62352976	7785
chr15	62345191	62545191	harbor2	chr15	62411230	62411391	SINE/MIR	545	+	80	62411310	66119
chr15	62345191	62545191	harbor2	chr15	62424002	62424227	SINE/MIR	565	+	112	62424114	78923
chr15	97589673	97789673	harbor2	chr15	97628097	97628340	SINE/MIR	544	+	122	97628219	38546
chr15	97589673	97789673	harbor2	chr15	97648957	97649160	SINE/MIR	431	+	102	97649059	59386
chr15	97589673	97789673	harbor2	chr15	97654006	97654213	SINE/MIR	453	+	104	97654110	64437
chr15	71726991	71926991	harbor2	chr15	71759330	71759523	SINE/MIR	590	+	96	71759426	32435
chr15	71726991	71926991	harbor2	chr15	71803669	71803797	SINE/MIR	508	+	64	71803733	76742
chr15	71726991	71926991	harbor2	chr15	71807933	71808134	SINE/MIR	529	+	100	71808033	81042
chr15	38657418	38857418	harbor2	chr15	38680927	38681135	SINE/MIR	701	+	104	38681031	23613
chr15	38657418	38857418	harbor2	chr15	38716897	38717117	SINE/MIR	581	+	110	38717007	59589
chr15	38657418	38857418	harbor2	chr15	38751083	38751299	SINE/MIR	404	+	108	38751191	93773
chr15	38657418	38857418	harbor2	chr15	38752301	38752489	SINE/MIR	456	+	94	38752395	94977
chr15	38657418	38857418	harbor2	chr15	38756642	38756843	SINE/MIR	426	+	100	38756742	99324
chr15	71814769	72014769	harbor2	chr15	71828296	71828473	SINE/MIR	442	+	88	71828384	13615
chr15	71814769	72014769	harbor2	chr15	71853843	71854068	SINE/MIR	567	+	112	71853955	39186
chr15	71814769	72014769	harbor2	chr15	71882705	71882799	SINE/MIR	848	+	47	71882752	67983
chr15	71814769	72014769	harbor2	chr15	71883104	71883267	SINE/MIR	848	+	82	71883186	68417
chr15	71814769	72014769	harbor2	chr15	71895485	71895618	SINE/MIR	493	+	66	71895551	80782
chr15	42912197	43112197	harbor2	chr15	42980354	42980572	SINE/MIR	683	+	109	42980463	68266
chr15	42912197	43112197	harbor2	chr15	42990765	42990895	SINE/MIR	542	+	65	42990830	78633
chr15	42912197	43112197	harbor2	chr15	43000545	43000746	SINE/MIR	550	+	100	43000645	88448
chr15	42912197	43112197	harbor2	chr15	43006129	43006350	SINE/MIR	1025	+	110	43006239	94042
chr15	92157688	92357688	harbor2	chr15	92172563	92172763	SINE/MIR	477	+	100	92172663	14975
chr15	92157688	92357688	harbor2	chr15	92177898	92178046	SINE/MIR	458	+	74	92177972	20284
chr15	79853386	80053386	harbor2	chr15	79858422	79858579	SINE/MIR	483	+	78	79858500	5114
chr15	79853386	80053386	harbor2	chr15	79873188	79873435	SINE/MIR	715	+	124	79873312	19926
chr15	95663697	95863697	harbor2	chr15	95727879	95728112	SINE/MIR	539	+	116	95727995	64298
chr15	77709090	77909090	harbor2	chr15	77722421	77722590	SINE/MIR	724	+	84	77722505	13415
chr15	77709090	77909090	harbor2	chr15	77724577	77724690	SINE/MIR	448	+	56	77724633	15543
chr15	77709090	77909090	harbor2	chr15	77728689	77728924	SINE/MIR	756	+	118	77728807	19717
chr15	77709090	77909090	harbor2	chr15	77748340	77748491	SINE/MIR	587	+	76	77748416	39326
chr15	77709090	77909090	harbor2	chr15	77755399	77755616	SINE/MIR	547	+	108	77755507	46417
chr15	77709090	77909090	harbor2	chr15	77758609	77758819	SINE/MIR	751	+	105	77758714	49624
chr15	77709090	77909090	harbor2	chr15	77759459	77759596	SINE/MIR	427	+	68	77759527	50437
chr15	77709090	77909090	harbor2	chr15	77772248	77772412	SINE/MIR	494	+	82	77772330	63240
chr15	77709090	77909090	harbor2	chr15	77808640	77808852	SINE/MIR	1014	+	106	77808746	99656
chr16	63775723	63975723	harbor2	chr16	63804710	63804919	SINE/MIR	553	+	104	63804814	29091
chr16	63775723	63975723	harbor2	chr16	63833150	63833329	SINE/MIR	525	+	90	63833240	57517
chr16	63775723	63975723	harbor2	chr16	63864128	63864306	SINE/MIR	511	+	89	63864217	88494
chr16	59423603	59623603	harbor2	chr16	59429711	59429872	SINE/MIR	431	+	80	59429791	6188
chr16	59423603	59623603	harbor2	chr16	59433586	59433784	SINE/MIR	427	+	99	59433685	10082
chr16	59423603	59623603	harbor2	chr16	59470824	59470991	SINE/MIR	458	+	84	59470908	47305
chr16	69635357	69835357	harbor2	chr16	69694592	69694755	SINE/MIR	455	+	82	69694674	59317
chr16	69635357	69835357	harbor2	chr16	69706769	69706908	SINE/MIR	450	+	70	69706839	71482
chr16	65634977	65834977	harbor2	chr16	65656877	65657057	SINE/MIR	428	+	90	65656967	21990
chr16	65634977	65834977	harbor2	chr16	65657532	65657692	SINE/MIR	449	+	80	65657612	22635
chr16	65634977	65834977	harbor2	chr16	65675992	65676124	SINE/MIR	447	+	66	65676058	41081
chr16	65634977	65834977	harbor2	chr16	65677111	65677314	SINE/MIR	427	+	102	65677213	42236
chr16	65634977	65834977	harbor2	chr16	65701664	65701911	SINE/MIR	495	+	124	65701788	66811
chr16	65634977	65834977	harbor2	chr16	65705064	65705309	SINE/MIR	434	+	122	65705186	70209
chr16	65634977	65834977	harbor2	chr16	65710361	65710539	SINE/MIR	624	+	89	65710450	75473
chr16	65634977	65834977	harbor2	chr16	65727361	65727505	SINE/MIR	607	+	72	65727433	92456
chr16	65634977	65834977	harbor2	chr16	65729315	65729488	SINE/MIR	424	+	86	65729401	94424
chr16	80957734	81157734	harbor2	chr16	81014549	81014762	SINE/MIR	590	+	106	81014655	56921
chr16	80957734	81157734	harbor2	chr16	81015257	81015520	SINE/MIR	601	+	132	81015389	57655
chr16	86964460	87164460	harbor2	chr16	86964538	86964698	SINE/MIR	686	+	80	86964618	158
chr16	86964460	87164460	harbor2	chr16	86976775	86976961	SINE/MIR	448	+	93	86976868	12408
chr16	86964460	87164460	harbor2	chr16	87014980	87015159	SINE/MIR	604	+	90	87015070	50610
chr16	86964460	87164460	harbor2	chr16	87059560	87059753	SINE/MIR	607	+	96	87059656	95196
chr16	72018677	72218677	harbor2	chr16	72037834	72038003	SINE/MIR	674	+	84	72037918	19241
chr16	72018677	72218677	harbor2	chr16	72044042	72044268	SINE/MIR	829	+	113	72044155	25478
chr16	61910127	62110127	harbor2	chr16	61927091	61927261	SINE/MIR	514	+	85	61927176	17049
chr16	61910127	62110127	harbor2	chr16	61935936	61936172	SINE/MIR	717	+	118	61936054	25927
chr16	61910127	62110127	harbor2	chr16	61980880	61981106	SINE/MIR	524	+	113	61980993	70866
chr16	61910127	62110127	harbor2	chr16	61999467	61999641	SINE/MIR	424	+	87	61999554	89427
chr16	61910127	62110127	harbor2	chr16	62006330	62006574	SINE/MIR	526	+	122	62006452	96325
chr16	71456392	71656392	harbor2	chr16	71467011	71467209	SINE/MIR	434	+	99	71467110	10718
chr16	71456392	71656392	harbor2	chr16	71472973	71473185	SINE/MIR	460	+	106	71473079	16687
chr16	71456392	71656392	harbor2	chr16	71490082	71490320	SINE/MIR	745	+	119	71490201	33809
chr16	71456392	71656392	harbor2	chr16	71491377	71491551	SINE/MIR	525	+	87	71491464	35072
chr16	71456392	71656392	harbor2	chr16	71542527	71542710	SINE/MIR	414	+	92	71542619	86227
chr16	81440204	81640204	harbor2	chr16	81442142	81442338	SINE/MIR	562	+	98	81442240	2036
chr16	81440204	81640204	harbor2	chr16	81452191	81452370	SINE/MIR	540	+	90	81452281	12077
chr16	81440204	81640204	harbor2	chr16	81458776	81458940	SINE/MIR	431	+	82	81458858	18654
chr16	81440204	81640204	harbor2	chr16	81461697	81461912	SINE/MIR	483	+	108	81461805	21601
chr16	81440204	81640204	harbor2	chr16	81466433	81466594	SINE/MIR	523	+	80	81466513	26309
chr16	81440204	81640204	harbor2	chr16	81469263	81469508	SINE/MIR	705	+	122	81469385	29181
chr16	81440204	81640204	harbor2	chr16	81472195	81472370	SINE/MIR	475	+	88	81472283	32079
chr16	81440204	81640204	harbor2	chr16	81487590	81487803	SINE/MIR	770	+	106	81487696	47492
chr16	81440204	81640204	harbor2	chr16	81488233	81488480	SINE/MIR	823	+	124	81488357	48153
chr16	81440204	81640204	harbor2	chr16	81491259	81491480	SINE/MIR	658	+	110	81491369	51165
chr16	81440204	81640204	harbor2	chr16	81496100	81496234	SINE/MIR	430	+	67	81496167	55963
chr16	81440204	81640204	harbor2	chr16	81514615	81514831	SINE/MIR	672	+	108	81514723	74519
chr16	81440204	81640204	harbor2	chr16	81519530	81519717	SINE/MIR	514	+	94	81519624	79420
chr16	81440204	81640204	harbor2	chr16	81520157	81520364	SINE/MIR	495	+	104	81520261	80057
chr16	67517891	67717891	harbor2	chr16	67532697	67532829	SINE/MIR	556	+	66	67532763	14872
chr16	67517891	67717891	harbor2	chr16	67571380	67571612	SINE/MIR	456	+	116	67571496	53605
chr16	59318626	59518626	harbor2	chr16	59319647	59319864	SINE/MIR	569	+	108	59319755	1129
chr16	59318626	59518626	harbor2	chr16	59331258	59331426	SINE/MIR	511	+	84	59331342	12716
chr16	59318626	59518626	harbor2	chr16	59343984	59344170	SINE/MIR	458	+	93	59344077	25451
chr16	59318626	59518626	harbor2	chr16	59349389	59349610	SINE/MIR	622	+	110	59349499	30873
chr16	59318626	59518626	harbor2	chr16	59379958	59380157	SINE/MIR	415	+	100	59380058	61432
chr16	59318626	59518626	harbor2	chr16	59392585	59392787	SINE/MIR	632	+	101	59392686	74060
chr16	59318626	59518626	harbor2	chr16	59416165	59416355	SINE/MIR	472	+	95	59416260	97634
chr16	77979567	78179567	harbor2	chr16	77989032	77989249	SINE/MIR	714	+	108	77989140	9573
chr16	77979567	78179567	harbor2	chr16	78001444	78001679	SINE/MIR	423	+	118	78001562	21995
chr16	77979567	78179567	harbor2	chr16	78030185	78030319	SINE/MIR	442	+	67	78030252	50685
chr16	85121858	85321858	harbor2	chr16	85123697	85123910	SINE/MIR	535	+	106	85123803	1945
chr16	85121858	85321858	harbor2	chr16	85126280	85126523	SINE/MIR	448	+	122	85126402	4544
chr16	85121858	85321858	harbor2	chr16	85145305	85145520	SINE/MIR	536	+	108	85145413	23555
chr16	85121858	85321858	harbor2	chr16	85159691	85159899	SINE/MIR	770	+	104	85159795	37937
chr16	85121858	85321858	harbor2	chr16	85162861	85163095	SINE/MIR	422	+	117	85162978	41120
chr16	85121858	85321858	harbor2	chr16	85165956	85166174	SINE/MIR	535	+	109	85166065	44207
chr16	85121858	85321858	harbor2	chr16	85192222	85192427	SINE/MIR	651	+	102	85192324	70466
chr16	85121858	85321858	harbor2	chr16	85207606	85207775	SINE/MIR	420	+	84	85207690	85832
chr16	85121858	85321858	harbor2	chr16	85217007	85217225	SINE/MIR	429	+	109	85217116	95258
chr16	85121858	85321858	harbor2	chr16	85218510	85218652	SINE/MIR	506	+	71	85218581	96723
chr16	82027492	82227492	harbor2	chr16	82034395	82034573	SINE/MIR	463	+	89	82034484	6992
chr16	82027492	82227492	harbor2	chr16	82051750	82051875	SINE/MIR	453	+	62	82051812	24320
chr16	82027492	82227492	harbor2	chr16	82062557	82062720	SINE/MIR	525	+	82	82062639	35147
chr16	82027492	82227492	harbor2	chr16	82082571	82082777	SINE/MIR	580	+	103	82082674	55182
chr16	82027492	82227492	harbor2	chr16	82083381	82083584	SINE/MIR	546	+	102	82083483	55991
chr16	82027492	82227492	harbor2	chr16	82105033	82105056	SINE/MIR	591	+	12	82105045	77553
chr16	82027492	82227492	harbor2	chr16	82105427	82105653	SINE/MIR	591	+	113	82105540	78048
chr16	82027492	82227492	harbor2	chr16	82106949	82107071	SINE/MIR	531	+	61	82107010	79518
chr16	82027492	82227492	harbor2	chr16	82107374	82107492	SINE/MIR	531	+	59	82107433	79941
chr16	78408728	78608728	harbor2	chr16	78468591	78468766	SINE/MIR	460	+	88	78468679	59951
chr16	78408728	78608728	harbor2	chr16	78488655	78488848	SINE/MIR	434	+	96	78488751	80023
chr16	71065314	71265314	harbor2	chr16	71065542	71065690	SINE/MIR	542	+	74	71065616	302
chr16	71065314	71265314	harbor2	chr16	71090237	71090469	SINE/MIR	990	+	116	71090353	25039
chr16	71065314	71265314	harbor2	chr16	71103166	71103376	SINE/MIR	486	+	105	71103271	37957
chr16	71065314	71265314	harbor2	chr16	71143225	71143388	SINE/MIR	477	+	82	71143307	77993
chr16	71065314	71265314	harbor2	chr16	71145748	71145952	SINE/MIR	502	+	102	71145850	80536
chr16	71065314	71265314	harbor2	chr16	71154763	71154989	SINE/MIR	1071	+	113	71154876	89562
chr16	64408304	64608304	harbor2	chr16	64445935	64446123	SINE/MIR	532	+	94	64446029	37725
chr16	64408304	64608304	harbor2	chr16	64451373	64451617	SINE/MIR	506	+	122	64451495	43191
chr16	64408304	64608304	harbor2	chr16	64479103	64479359	SINE/MIR	475	+	128	64479231	70927
chr16	64408304	64608304	harbor2	chr16	64496560	64496770	SINE/MIR	514	+	105	64496665	88361
chr16	65998073	66198073	harbor2	chr16	66000066	66000192	SINE/MIR	437	+	63	66000129	2056
chr16	65998073	66198073	harbor2	chr16	66023100	66023289	SINE/MIR	545	+	94	66023194	25121
chr16	65998073	66198073	harbor2	chr16	66035251	66035334	SINE/MIR	497	+	42	66035293	37220
chr16	65998073	66198073	harbor2	chr16	66035691	66035761	SINE/MIR	497	+	35	66035726	37653
chr16	65998073	66198073	harbor2	chr16	66062898	66063136	SINE/MIR	593	+	119	66063017	64944
chr16	65998073	66198073	harbor2	chr16	66096649	66096762	SINE/MIR	418	+	56	66096705	98632
chr16	78803735	79003735	harbor2	chr16	78831601	78831750	SINE/MIR	430	+	74	78831675	27940
chr16	78803735	79003735	harbor2	chr16	78865403	78865594	SINE/MIR	417	+	96	78865499	61764
chr16	78803735	79003735	harbor2	chr16	78872174	78872309	SINE/MIR	501	+	68	78872242	68507
chr16	78803735	79003735	harbor2	chr16	78878302	78878563	SINE/MIR	678	+	130	78878432	74697
chr16	78803735	79003735	harbor2	chr16	78806885	78807130	SINE/MIR	440	+	122	78807007	3272
chr16	28032397	28232397	harbor2	chr16	28058147	28058346	SINE/MIR	854	+	100	28058247	25850
chr16	28032397	28232397	harbor2	chr16	28058645	28058703	SINE/MIR	854	+	29	28058674	26277
chr16	28032397	28232397	harbor2	chr16	28064566	28064784	SINE/MIR	499	+	109	28064675	32278
chr16	28032397	28232397	harbor2	chr16	28091425	28091568	SINE/MIR	453	+	72	28091497	59100
chr16	28032397	28232397	harbor2	chr16	28099493	28099723	SINE/MIR	432	+	115	28099608	67211
chr16	28032397	28232397	harbor2	chr16	28110654	28110801	SINE/MIR	426	+	74	28110728	78331
chr16	28032397	28232397	harbor2	chr16	28131622	28131801	SINE/MIR	495	+	90	28131712	99315
chr16	84115383	84315383	harbor2	chr16	84146961	84147195	SINE/MIR	599	+	117	84147078	31695
chr16	84115383	84315383	harbor2	chr16	84209024	84209240	SINE/MIR	468	+	108	84209132	93749
chr16	84115383	84315383	harbor2	chr16	84210921	84211166	SINE/MIR	891	+	122	84211043	95660
chr16	84115383	84315383	harbor2	chr16	84214878	84215069	SINE/MIR	450	+	96	84214974	99591
chr16	79780805	79980805	harbor2	chr16	79788473	79788707	SINE/MIR	635	+	117	79788590	7785
chr16	79780805	79980805	harbor2	chr16	79797325	79797488	SINE/MIR	421	+	82	79797407	16602
chr16	79780805	79980805	harbor2	chr16	79811833	79811952	SINE/MIR	480	+	60	79811893	31088
chr16	79780805	79980805	harbor2	chr16	79818709	79818882	SINE/MIR	562	+	86	79818795	37990
chr16	79780805	79980805	harbor2	chr16	79823218	79823489	SINE/MIR	547	+	136	79823354	42549
chr16	79780805	79980805	harbor2	chr16	79831699	79831959	SINE/MIR	808	+	130	79831829	51024
chr16	79780805	79980805	harbor2	chr16	79850477	79850712	SINE/MIR	556	+	118	79850595	69790
chr16	79780805	79980805	harbor2	chr16	79864513	79864711	SINE/MIR	498	+	99	79864612	83807
chr16	79780805	79980805	harbor2	chr16	79867776	79867984	SINE/MIR	454	+	104	79867880	87075
chr16	26625893	26825893	harbor2	chr16	26639548	26639696	SINE/MIR	420	+	74	26639622	13729
chr16	26625893	26825893	harbor2	chr16	26666030	26666180	SINE/MIR	490	+	75	26666105	40212
chr16	26625893	26825893	harbor2	chr16	26666477	26666526	SINE/MIR	490	+	24	26666501	40608
chr16	26625893	26825893	harbor2	chr16	26666830	26667043	SINE/MIR	737	+	106	26666936	41043
chr16	26625893	26825893	harbor2	chr16	26679019	26679272	SINE/MIR	440	+	126	26679145	53252
chr16	26625893	26825893	harbor2	chr16	26696209	26696351	SINE/MIR	430	+	71	26696280	70387
chr16	26625893	26825893	harbor2	chr16	26696644	26696699	SINE/MIR	430	+	28	26696672	70779
chr16	26625893	26825893	harbor2	chr16	26714171	26714385	SINE/MIR	498	+	107	26714278	88385
chr16	58556423	58756423	harbor2	chr16	58639556	58639742	SINE/MIR	559	+	93	58639649	83226
chr16	58556423	58756423	harbor2	chr16	58655352	58655469	SINE/MIR	448	+	58	58655410	98987
chr16	83337720	83537720	harbor2	chr16	83348652	83348853	SINE/MIR	470	+	100	83348752	11032
chr16	83337720	83537720	harbor2	chr16	83373667	83373798	SINE/MIR	525	+	66	83373733	36013
chr16	83337720	83537720	harbor2	chr16	83382028	83382241	SINE/MIR	565	+	106	83382134	44414
chr16	83337720	83537720	harbor2	chr16	83385931	83386126	SINE/MIR	536	+	98	83386029	48309
chr16	83337720	83537720	harbor2	chr16	83416711	83416953	SINE/MIR	789	+	121	83416832	79112
chr16	83337720	83537720	harbor2	chr16	83418059	83418311	SINE/MIR	481	+	126	83418185	80465
chr16	83337720	83537720	harbor2	chr16	83437156	83437363	SINE/MIR	804	+	104	83437260	99540
chr16	79477727	79677727	harbor2	chr16	79484892	79485073	SINE/MIR	437	+	90	79484982	7255
chr16	79477727	79677727	harbor2	chr16	79485166	79485355	SINE/MIR	841	+	94	79485260	7533
chr16	79477727	79677727	harbor2	chr16	79504335	79504551	SINE/MIR	442	+	108	79504443	26716
chr16	79477727	79677727	harbor2	chr16	79510064	79510249	SINE/MIR	437	+	92	79510156	32429
chr16	79477727	79677727	harbor2	chr16	79513236	79513484	SINE/MIR	522	+	124	79513360	35633
chr16	79477727	79677727	harbor2	chr16	79513534	79513790	SINE/MIR	675	+	128	79513662	35935
chr16	79477727	79677727	harbor2	chr16	79518478	79518714	SINE/MIR	797	+	118	79518596	40869
chr16	79477727	79677727	harbor2	chr16	79518940	79518957	SINE/MIR	733	+	8	79518948	41221
chr16	79477727	79677727	harbor2	chr16	79549039	79549132	SINE/MIR	429	+	46	79549085	71358
chr16	79477727	79677727	harbor2	chr16	79556759	79556931	SINE/MIR	446	+	86	79556845	79118
chr16	82121723	82321723	harbor2	chr16	82136635	82136798	SINE/MIR	601	+	82	82136717	14994
chr16	82121723	82321723	harbor2	chr16	82163411	82163634	SINE/MIR	564	+	112	82163523	41800
chr16	82121723	82321723	harbor2	chr16	82168889	82169111	SINE/MIR	815	+	111	82169000	47277
chr16	82121723	82321723	harbor2	chr16	82184349	82184592	SINE/MIR	951	+	122	82184471	62748
chr16	82121723	82321723	harbor2	chr16	82191578	82191791	SINE/MIR	559	+	106	82191684	69961
chr16	82121723	82321723	harbor2	chr16	82193618	82193749	SINE/MIR	601	+	66	82193684	71961
chr16	82121723	82321723	harbor2	chr16	82194057	82194121	SINE/MIR	601	+	32	82194089	72366
chr16	82121723	82321723	harbor2	chr16	82217235	82217444	SINE/MIR	503	+	104	82217339	95616
chr16	31190682	31390682	harbor2	chr16	31246544	31246703	SINE/MIR	722	+	80	31246624	55942
chr16	84042513	84242513	harbor2	chr16	84050279	84050480	SINE/MIR	463	+	100	84050379	7866
chr16	84042513	84242513	harbor2	chr16	84060166	84060363	SINE/MIR	525	+	98	84060264	17751
chr16	54737480	54937480	harbor2	chr16	54761575	54761818	SINE/MIR	633	+	122	54761697	24217
chr16	54737480	54937480	harbor2	chr16	54763524	54763738	SINE/MIR	525	+	107	54763631	26151
chr16	54737480	54937480	harbor2	chr16	54768600	54768792	SINE/MIR	561	+	96	54768696	31216
chr16	54737480	54937480	harbor2	chr16	54776320	54776554	SINE/MIR	545	+	117	54776437	38957
chr16	54737480	54937480	harbor2	chr16	54798243	54798381	SINE/MIR	705	+	69	54798312	60832
chr16	54737480	54937480	harbor2	chr16	54798769	54798879	SINE/MIR	705	+	55	54798824	61344
chr16	54737480	54937480	harbor2	chr16	54804803	54805023	SINE/MIR	946	+	110	54804913	67433
chr16	54737480	54937480	harbor2	chr16	54806300	54806475	SINE/MIR	503	+	88	54806388	68908
chr16	54737480	54937480	harbor2	chr16	54811135	54811310	SINE/MIR	483	+	88	54811223	73743
chr16	90150802	90350802	harbor2	chr16	90204152	90204384	SINE/MIR	467	+	116	90204268	53466
chr16	81099703	81299703	harbor2	chr16	81107426	81107582	SINE/MIR	659	+	78	81107504	7801
chr16	81099703	81299703	harbor2	chr16	81108333	81108504	SINE/MIR	588	+	86	81108419	8716
chr16	81099703	81299703	harbor2	chr16	81116396	81116492	SINE/MIR	442	+	48	81116444	16741
chr16	81099703	81299703	harbor2	chr16	81120470	81120664	SINE/MIR	438	+	97	81120567	20864
chr16	81099703	81299703	harbor2	chr16	81150662	81150920	SINE/MIR	708	+	129	81150791	51088
chr16	81099703	81299703	harbor2	chr16	81153725	81153938	SINE/MIR	426	+	106	81153831	54128
chr16	81099703	81299703	harbor2	chr16	81158966	81159124	SINE/MIR	419	+	79	81159045	59342
chr16	81099703	81299703	harbor2	chr16	81160003	81160123	SINE/MIR	469	+	60	81160063	60360
chr16	81099703	81299703	harbor2	chr16	81160421	81160543	SINE/MIR	469	+	61	81160482	60779
chr16	81099703	81299703	harbor2	chr16	81173651	81173890	SINE/MIR	487	+	120	81173771	74068
chr16	81099703	81299703	harbor2	chr16	81178219	81178326	SINE/MIR	475	+	54	81178273	78570
chr16	81099703	81299703	harbor2	chr16	81178636	81178763	SINE/MIR	475	+	64	81178700	78997
chr16	81099703	81299703	harbor2	chr16	81182845	81182949	SINE/MIR	520	+	52	81182897	83194
chr16	81099703	81299703	harbor2	chr16	81183258	81183348	SINE/MIR	520	+	45	81183303	83600
chr16	81099703	81299703	harbor2	chr16	81191852	81192017	SINE/MIR	458	+	82	81191934	92231
chr16	86915111	87115111	harbor2	chr16	86925923	86926113	SINE/MIR	466	+	95	86926018	10907
chr16	86915111	87115111	harbor2	chr16	86950833	86951043	SINE/MIR	585	+	105	86950938	35827
chr16	86915111	87115111	harbor2	chr16	86960011	86960220	SINE/MIR	513	+	104	86960115	45004
chr16	86915111	87115111	harbor2	chr16	86964538	86964698	SINE/MIR	686	+	80	86964618	49507
chr16	86915111	87115111	harbor2	chr16	86976775	86976961	SINE/MIR	448	+	93	86976868	61757
chr16	86915111	87115111	harbor2	chr16	87014980	87015159	SINE/MIR	604	+	90	87015070	99959
chr16	32790008	32990008	harbor2	chr16	32869381	32869556	SINE/MIR	504	+	88	32869469	79461
chr16	82809848	83009848	harbor2	chr16	82813803	82813959	SINE/MIR	486	+	78	82813881	4033
chr16	82809848	83009848	harbor2	chr16	82857127	82857344	SINE/MIR	602	+	108	82857235	47387
chr16	82809848	83009848	harbor2	chr16	82879185	82879283	SINE/MIR	424	+	49	82879234	69386
chr16	82809848	83009848	harbor2	chr16	82883852	82884089	SINE/MIR	728	+	118	82883970	74122
chr16	82809848	83009848	harbor2	chr16	82885682	82885938	SINE/MIR	721	+	128	82885810	75962
chr16	82809848	83009848	harbor2	chr16	82892065	82892289	SINE/MIR	739	+	112	82892177	82329
chr16	71824172	72024172	harbor2	chr16	71885282	71885511	SINE/MIR	755	+	114	71885396	61224
chr16	77233015	77433015	harbor2	chr16	77271364	77271604	SINE/MIR	568	+	120	77271484	38469
chr16	77233015	77433015	harbor2	chr16	77280804	77281012	SINE/MIR	676	+	104	77280908	47893
chr16	77233015	77433015	harbor2	chr16	77318393	77318565	SINE/MIR	516	+	86	77318479	85464
chr16	61985022	62185022	harbor2	chr16	61999467	61999641	SINE/MIR	424	+	87	61999554	14532
chr16	61985022	62185022	harbor2	chr16	62006330	62006574	SINE/MIR	526	+	122	62006452	21430
chr16	61985022	62185022	harbor2	chr16	62023326	62023513	SINE/MIR	519	+	94	62023420	38398
chr16	61985022	62185022	harbor2	chr16	62058900	62059064	SINE/MIR	486	+	82	62058982	73960
chr16	61985022	62185022	harbor2	chr16	62059287	62059490	SINE/MIR	508	+	102	62059389	74367
chr16	77040685	77240685	harbor2	chr16	77065059	77065259	SINE/MIR	515	+	100	77065159	24474
chr16	77040685	77240685	harbor2	chr16	77124736	77124878	SINE/MIR	456	+	71	77124807	84122
chr16	88792349	88992349	harbor2	chr16	88878647	88878663	SINE/MIR	416	+	8	88878655	86306
chr16	88792349	88992349	harbor2	chr16	88878957	88879075	SINE/MIR	416	+	59	88879016	86667
chr16	85395447	85595447	harbor2	chr16	85420997	85421147	SINE/MIR	513	+	75	85421072	25625
chr16	85395447	85595447	harbor2	chr16	85428326	85428543	SINE/MIR	565	+	108	85428434	32987
chr16	85395447	85595447	harbor2	chr16	85437795	85438010	SINE/MIR	420	+	108	85437903	42456
chr16	85395447	85595447	harbor2	chr16	85443345	85443540	SINE/MIR	450	+	98	85443443	47996
chr16	85395447	85595447	harbor2	chr16	85445843	85446071	SINE/MIR	739	+	114	85445957	50510
chr16	85395447	85595447	harbor2	chr16	85446253	85446449	SINE/MIR	452	+	98	85446351	50904
chr16	85395447	85595447	harbor2	chr16	85467190	85467342	SINE/MIR	608	+	76	85467266	71819
chr16	85395447	85595447	harbor2	chr16	85467819	85467898	SINE/MIR	608	+	40	85467859	72412
chr16	87844570	88044570	harbor2	chr16	87908189	87908325	SINE/MIR	548	+	68	87908257	63687
chr16	87844570	88044570	harbor2	chr16	87909847	87910086	SINE/MIR	529	+	120	87909967	65397
chr16	87844570	88044570	harbor2	chr16	87911749	87911980	SINE/MIR	607	+	116	87911865	67295
chr16	59094115	59294115	harbor2	chr16	59117718	59117936	SINE/MIR	531	+	109	59117827	23712
chr16	59094115	59294115	harbor2	chr16	59142948	59143205	SINE/MIR	607	+	128	59143076	48961
chr16	59094115	59294115	harbor2	chr16	59167618	59167803	SINE/MIR	582	+	92	59167710	73595
chr16	59094115	59294115	harbor2	chr16	59180136	59180374	SINE/MIR	514	+	119	59180255	86140
chr16	46913511	47113511	harbor2	chr16	46948827	46948942	SINE/MIR	475	+	58	46948885	35374
chr16	46913511	47113511	harbor2	chr16	46949217	46949365	SINE/MIR	475	+	74	46949291	35780
chr16	87821284	88021284	harbor2	chr16	87908189	87908325	SINE/MIR	548	+	68	87908257	86973
chr16	87821284	88021284	harbor2	chr16	87909847	87910086	SINE/MIR	529	+	120	87909967	88683
chr16	87821284	88021284	harbor2	chr16	87911749	87911980	SINE/MIR	607	+	116	87911865	90581
chr16	46591299	46791299	harbor2	chr16	46669696	46669908	SINE/MIR	444	+	106	46669802	78503
chr16	47571920	47771920	harbor2	chr16	47589129	47589377	SINE/MIR	1105	+	124	47589253	17333
chr16	47571920	47771920	harbor2	chr16	47605876	47606067	SINE/MIR	608	+	96	47605972	34052
chr16	47571920	47771920	harbor2	chr16	47622990	47623242	SINE/MIR	818	+	126	47623116	51196
chr16	47571920	47771920	harbor2	chr16	47631271	47631424	SINE/MIR	467	+	76	47631347	59427
chr16	47571920	47771920	harbor2	chr16	47635181	47635404	SINE/MIR	606	+	112	47635293	63373
chr16	47571920	47771920	harbor2	chr16	47635708	47635856	SINE/MIR	625	+	74	47635782	63862
chr16	47571920	47771920	harbor2	chr16	47649637	47649852	SINE/MIR	1124	+	108	47649745	77825
chr16	47571920	47771920	harbor2	chr16	47669940	47670064	SINE/MIR	480	+	62	47670002	98082
chr16	81721098	81921098	harbor2	chr16	81754971	81755090	SINE/MIR	463	+	60	81755031	33933
chr16	81721098	81921098	harbor2	chr16	81761474	81761721	SINE/MIR	642	+	124	81761598	40500
chr16	81721098	81921098	harbor2	chr16	81769852	81770044	SINE/MIR	428	+	96	81769948	48850
chr16	81721098	81921098	harbor2	chr16	81789983	81790185	SINE/MIR	507	+	101	81790084	68986
chr16	81721098	81921098	harbor2	chr16	81792106	81792157	SINE/MIR	533	+	26	81792132	71034
chr16	81721098	81921098	harbor2	chr16	81792872	81792993	SINE/MIR	533	+	60	81792932	71834
chr16	81721098	81921098	harbor2	chr16	81794516	81794722	SINE/MIR	737	+	103	81794619	73521
chr16	81721098	81921098	harbor2	chr16	81797729	81797820	SINE/MIR	545	+	46	81797775	76677
chr16	81721098	81921098	harbor2	chr16	81798131	81798201	SINE/MIR	545	+	35	81798166	77068
chr16	81721098	81921098	harbor2	chr16	81799955	81800204	SINE/MIR	812	+	124	81800079	78981
chr16	81721098	81921098	harbor2	chr16	81811145	81811313	SINE/MIR	428	+	84	81811229	90131
chr16	81721098	81921098	harbor2	chr16	81814742	81814958	SINE/MIR	603	+	108	81814850	93752
chr16	81721098	81921098	harbor2	chr16	81817259	81817358	SINE/MIR	415	+	50	81817309	96211
chr16	81721098	81921098	harbor2	chr16	81739639	81739855	SINE/MIR	1015	+	108	81739747	18649
chr16	65171752	65371752	harbor2	chr16	65195195	65195434	SINE/MIR	576	+	120	65195315	23563
chr16	65171752	65371752	harbor2	chr16	65218229	65218457	SINE/MIR	622	+	114	65218343	46591
chr16	65171752	65371752	harbor2	chr16	65219672	65219876	SINE/MIR	492	+	102	65219774	48022
chr16	65171752	65371752	harbor2	chr16	65247860	65248066	SINE/MIR	453	+	103	65247963	76211
chr16	65171752	65371752	harbor2	chr16	65250272	65250496	SINE/MIR	713	+	112	65250384	78632
chr16	65171752	65371752	harbor2	chr16	65253042	65253294	SINE/MIR	766	+	126	65253168	81416
chr16	65171752	65371752	harbor2	chr16	65255657	65255860	SINE/MIR	459	+	102	65255759	84007
chr16	65171752	65371752	harbor2	chr16	65240954	65241115	SINE/MIR	485	+	80	65241034	69282
chr16	83339658	83539658	harbor2	chr16	83348652	83348853	SINE/MIR	470	+	100	83348752	9094
chr16	83339658	83539658	harbor2	chr16	83373667	83373798	SINE/MIR	525	+	66	83373733	34075
chr16	83339658	83539658	harbor2	chr16	83382028	83382241	SINE/MIR	565	+	106	83382134	42476
chr16	83339658	83539658	harbor2	chr16	83385931	83386126	SINE/MIR	536	+	98	83386029	46371
chr16	83339658	83539658	harbor2	chr16	83416711	83416953	SINE/MIR	789	+	121	83416832	77174
chr16	83339658	83539658	harbor2	chr16	83418059	83418311	SINE/MIR	481	+	126	83418185	78527
chr16	83339658	83539658	harbor2	chr16	83437156	83437363	SINE/MIR	804	+	104	83437260	97602
chr16	83339658	83539658	harbor2	chr16	83439028	83439163	SINE/MIR	416	+	68	83439096	99438
chr16	75913124	76113124	harbor2	chr16	75943816	75944036	SINE/MIR	541	+	110	75943926	30802
chr16	75913124	76113124	harbor2	chr16	75952266	75952494	SINE/MIR	622	+	114	75952380	39256
chr16	29318523	29518523	harbor2	chr16	29359900	29360068	SINE/MIR	434	+	84	29359984	41461
chr16	29318523	29518523	harbor2	chr16	29402009	29402225	SINE/MIR	648	+	108	29402117	83594
chr16	29318523	29518523	harbor2	chr16	29404318	29404500	SINE/MIR	566	+	91	29404409	85886
chr16	66191418	66391418	harbor2	chr16	66195437	66195517	SINE/MIR	437	+	40	66195477	4059
chr16	66191418	66391418	harbor2	chr16	66217683	66217934	SINE/MIR	724	+	126	66217809	26391
chr16	66191418	66391418	harbor2	chr16	66225281	66225448	SINE/MIR	614	+	84	66225365	33947
chr16	66191418	66391418	harbor2	chr16	66234341	66234541	SINE/MIR	527	+	100	66234441	43023
chr16	66191418	66391418	harbor2	chr16	66239917	66240135	SINE/MIR	602	+	109	66240026	48608
chr16	66191418	66391418	harbor2	chr16	66241410	66241578	SINE/MIR	658	+	84	66241494	50076
chr16	66191418	66391418	harbor2	chr16	66251376	66251614	SINE/MIR	615	+	119	66251495	60077
chr16	66191418	66391418	harbor2	chr16	66254884	66255014	SINE/MIR	450	+	65	66254949	63531
chr16	66191418	66391418	harbor2	chr16	66256367	66256587	SINE/MIR	460	+	110	66256477	65059
chr16	66191418	66391418	harbor2	chr16	66261692	66261910	SINE/MIR	708	+	109	66261801	70383
chr16	66191418	66391418	harbor2	chr16	66261952	66262176	SINE/MIR	431	+	112	66262064	70646
chr16	66191418	66391418	harbor2	chr16	66265317	66265543	SINE/MIR	464	+	113	66265430	74012
chr16	66191418	66391418	harbor2	chr16	66268148	66268284	SINE/MIR	440	+	68	66268216	76798
chr16	66191418	66391418	harbor2	chr16	66275403	66275583	SINE/MIR	514	+	90	66275493	84075
chr16	86330724	86530724	harbor2	chr16	86365291	86365476	SINE/MIR	553	+	92	86365383	34659
chr16	86330724	86530724	harbor2	chr16	86377158	86377336	SINE/MIR	473	+	89	86377247	46523
chr16	86330724	86530724	harbor2	chr16	86390892	86391027	SINE/MIR	533	+	68	86390960	60236
chr16	86330724	86530724	harbor2	chr16	86392353	86392532	SINE/MIR	498	+	90	86392443	61719
chr16	86330724	86530724	harbor2	chr16	86394645	86394854	SINE/MIR	692	+	104	86394749	64025
chr16	86330724	86530724	harbor2	chr16	86396053	86396267	SINE/MIR	688	+	107	86396160	65436
chr16	86330724	86530724	harbor2	chr16	86411735	86411893	SINE/MIR	415	+	79	86411814	81090
chr16	86330724	86530724	harbor2	chr16	86418822	86419061	SINE/MIR	465	+	120	86418942	88218
chr16	68523578	68723578	harbor2	chr16	68528539	68528745	SINE/MIR	464	+	103	68528642	5064
chr16	68523578	68723578	harbor2	chr16	68589654	68589701	SINE/MIR	444	+	24	68589678	66100
chr16	68523578	68723578	harbor2	chr16	68589994	68590147	SINE/MIR	444	+	76	68590070	66492
chr16	82390386	82590386	harbor2	chr16	82391336	82391563	SINE/MIR	818	+	114	82391450	1064
chr16	82390386	82590386	harbor2	chr16	82395313	82395521	SINE/MIR	457	+	104	82395417	5031
chr16	82390386	82590386	harbor2	chr16	82404484	82404563	SINE/MIR	669	+	40	82404524	14138
chr16	82390386	82590386	harbor2	chr16	82404924	82405088	SINE/MIR	669	+	82	82405006	14620
chr16	82390386	82590386	harbor2	chr16	82419485	82419495	SINE/MIR	554	+	5	82419490	29104
chr16	82390386	82590386	harbor2	chr16	82420670	82420887	SINE/MIR	554	+	108	82420778	30392
chr16	82390386	82590386	harbor2	chr16	82423920	82424108	SINE/MIR	548	+	94	82424014	33628
chr16	82390386	82590386	harbor2	chr16	82445553	82445767	SINE/MIR	520	+	107	82445660	55274
chr16	25298540	25498540	harbor2	chr16	25380713	25380942	SINE/MIR	832	+	114	25380827	82287
chr16	25298540	25498540	harbor2	chr16	25381240	25381272	SINE/MIR	832	+	16	25381256	82716
chr16	25298540	25498540	harbor2	chr16	25386709	25386883	SINE/MIR	526	+	87	25386796	88256
chr16	69514404	69714404	harbor2	chr16	69520519	69520750	SINE/MIR	523	+	116	69520635	6231
chr16	69514404	69714404	harbor2	chr16	69523929	69524163	SINE/MIR	441	+	117	69524046	9642
chr16	69514404	69714404	harbor2	chr16	69530480	69530613	SINE/MIR	424	+	66	69530546	16142
chr16	69514404	69714404	harbor2	chr16	69534894	69535038	SINE/MIR	475	+	72	69534966	20562
chr16	69514404	69714404	harbor2	chr16	69535783	69535944	SINE/MIR	423	+	80	69535863	21459
chr16	69514404	69714404	harbor2	chr16	69569503	69569721	SINE/MIR	467	+	109	69569612	55208
chr16	69514404	69714404	harbor2	chr16	69570774	69570977	SINE/MIR	685	+	102	69570876	56472
chr16	69514404	69714404	harbor2	chr16	69579812	69579980	SINE/MIR	705	+	84	69579896	65492
chr16	29424793	29624793	harbor2	chr16	29503796	29504030	SINE/MIR	680	+	117	29503913	79120
chr16	29424793	29624793	harbor2	chr16	29506109	29506291	SINE/MIR	616	+	91	29506200	81407
chr16	86568627	86768627	harbor2	chr16	86596233	86596454	SINE/MIR	415	+	110	86596343	27716
chr16	86568627	86768627	harbor2	chr16	86603008	86603237	SINE/MIR	484	+	114	86603122	34495
chr16	86568627	86768627	harbor2	chr16	86608674	86608886	SINE/MIR	539	+	106	86608780	40153
chr16	86568627	86768627	harbor2	chr16	86648399	86648514	SINE/MIR	470	+	58	86648457	79830
chr16	86568627	86768627	harbor2	chr16	86649534	86649627	SINE/MIR	492	+	46	86649580	80953
chr16	85146889	85346889	harbor2	chr16	85159691	85159899	SINE/MIR	770	+	104	85159795	12906
chr16	85146889	85346889	harbor2	chr16	85162861	85163095	SINE/MIR	422	+	117	85162978	16089
chr16	85146889	85346889	harbor2	chr16	85165956	85166174	SINE/MIR	535	+	109	85166065	19176
chr16	85146889	85346889	harbor2	chr16	85192222	85192427	SINE/MIR	651	+	102	85192324	45435
chr16	85146889	85346889	harbor2	chr16	85207606	85207775	SINE/MIR	420	+	84	85207690	60801
chr16	85146889	85346889	harbor2	chr16	85217007	85217225	SINE/MIR	429	+	109	85217116	70227
chr16	85146889	85346889	harbor2	chr16	85218510	85218652	SINE/MIR	506	+	71	85218581	71692
chr16	85146889	85346889	harbor2	chr16	85228409	85228644	SINE/MIR	442	+	118	85228527	81638
chr16	85146889	85346889	harbor2	chr16	85239998	85240194	SINE/MIR	468	+	98	85240096	93207
chr16	70756256	70956256	harbor2	chr16	70759855	70760055	SINE/MIR	541	+	100	70759955	3699
chr16	70756256	70956256	harbor2	chr16	70767644	70767849	SINE/MIR	714	+	102	70767746	11490
chr16	70756256	70956256	harbor2	chr16	70796484	70796672	SINE/MIR	450	+	94	70796578	40322
chr16	70756256	70956256	harbor2	chr16	70838577	70838836	SINE/MIR	668	+	130	70838707	82451
chr16	87491220	87691220	harbor2	chr16	87493366	87493548	SINE/MIR	526	+	91	87493457	2237
chr16	87491220	87691220	harbor2	chr16	87519103	87519274	SINE/MIR	468	+	86	87519189	27969
chr16	87491220	87691220	harbor2	chr16	87527416	87527624	SINE/MIR	750	+	104	87527520	36300
chr16	87491220	87691220	harbor2	chr16	87532887	87533072	SINE/MIR	455	+	92	87532979	41759
chr16	87491220	87691220	harbor2	chr16	87535870	87536002	SINE/MIR	469	+	66	87535936	44716
chr16	87491220	87691220	harbor2	chr16	87552422	87552635	SINE/MIR	522	+	106	87552528	61308
chr16	87491220	87691220	harbor2	chr16	87558461	87558603	SINE/MIR	439	+	71	87558532	67312
chr16	87491220	87691220	harbor2	chr16	87566102	87566281	SINE/MIR	461	+	90	87566192	74972
chr16	87491220	87691220	harbor2	chr16	87566984	87567036	SINE/MIR	461	+	26	87567010	75790
chr16	87491220	87691220	harbor2	chr16	87583034	87583238	SINE/MIR	714	+	102	87583136	91916
chr16	56941325	57141325	harbor2	chr16	56986734	56986898	SINE/MIR	638	+	82	56986816	45491
chr16	56941325	57141325	harbor2	chr16	56987194	56987213	SINE/MIR	638	+	10	56987204	45879
chr16	56941325	57141325	harbor2	chr16	56987471	56987525	SINE/MIR	638	+	27	56987498	46173
chr16	56941325	57141325	harbor2	chr16	56987931	56988089	SINE/MIR	666	+	79	56988010	46685
chr16	56941325	57141325	harbor2	chr16	56990949	56991167	SINE/MIR	464	+	109	56991058	49733
chr16	56941325	57141325	harbor2	chr16	57027325	57027463	SINE/MIR	448	+	69	57027394	86069
chr16	56941325	57141325	harbor2	chr16	57031798	57031911	SINE/MIR	476	+	56	57031854	90529
chr16	56941325	57141325	harbor2	chr16	57035728	57035983	SINE/MIR	633	+	128	57035856	94531
chr16	56941325	57141325	harbor2	chr16	57036736	57036926	SINE/MIR	493	+	95	57036831	95506
chr16	80277714	80477714	harbor2	chr16	80281896	80282121	SINE/MIR	431	+	112	80282008	4294
chr16	80277714	80477714	harbor2	chr16	80295232	80295439	SINE/MIR	583	+	104	80295336	17622
chr16	80277714	80477714	harbor2	chr16	80325099	80325307	SINE/MIR	544	+	104	80325203	47489
chr16	80277714	80477714	harbor2	chr16	80348346	80348536	SINE/MIR	791	+	95	80348441	70727
chr16	86563655	86763655	harbor2	chr16	86596233	86596454	SINE/MIR	415	+	110	86596343	32688
chr16	86563655	86763655	harbor2	chr16	86603008	86603237	SINE/MIR	484	+	114	86603122	39467
chr16	86563655	86763655	harbor2	chr16	86608674	86608886	SINE/MIR	539	+	106	86608780	45125
chr16	86563655	86763655	harbor2	chr16	86648399	86648514	SINE/MIR	470	+	58	86648457	84802
chr16	86563655	86763655	harbor2	chr16	86649534	86649627	SINE/MIR	492	+	46	86649580	85925
chr16	82162045	82362045	harbor2	chr16	82163411	82163634	SINE/MIR	564	+	112	82163523	1478
chr16	82162045	82362045	harbor2	chr16	82168889	82169111	SINE/MIR	815	+	111	82169000	6955
chr16	82162045	82362045	harbor2	chr16	82184349	82184592	SINE/MIR	951	+	122	82184471	22426
chr16	82162045	82362045	harbor2	chr16	82191578	82191791	SINE/MIR	559	+	106	82191684	29639
chr16	82162045	82362045	harbor2	chr16	82193618	82193749	SINE/MIR	601	+	66	82193684	31639
chr16	82162045	82362045	harbor2	chr16	82194057	82194121	SINE/MIR	601	+	32	82194089	32044
chr16	82162045	82362045	harbor2	chr16	82217235	82217444	SINE/MIR	503	+	104	82217339	55294
chr16	69563004	69763004	harbor2	chr16	69569503	69569721	SINE/MIR	467	+	109	69569612	6608
chr16	69563004	69763004	harbor2	chr16	69570774	69570977	SINE/MIR	685	+	102	69570876	7872
chr16	69563004	69763004	harbor2	chr16	69579812	69579980	SINE/MIR	705	+	84	69579896	16892
chr16	6116683	6316683	harbor2	chr16	6121659	6121876	SINE/MIR	616	+	108	6121767	5084
chr16	6116683	6316683	harbor2	chr16	6165042	6165274	SINE/MIR	485	+	116	6165158	48475
chr16	6116683	6316683	harbor2	chr16	6174892	6175137	SINE/MIR	813	+	122	6175014	58331
chr16	6116683	6316683	harbor2	chr16	6190389	6190624	SINE/MIR	433	+	118	6190507	73824
chr16	6116683	6316683	harbor2	chr16	6192628	6192832	SINE/MIR	460	+	102	6192730	76047
chr16	6116683	6316683	harbor2	chr16	6196287	6196486	SINE/MIR	454	+	100	6196387	79704
chr16	84868900	85068900	harbor2	chr16	84884199	84884389	SINE/MIR	442	+	95	84884294	15394
chr16	84868900	85068900	harbor2	chr16	84889858	84890076	SINE/MIR	661	+	109	84889967	21067
chr16	84868900	85068900	harbor2	chr16	84890373	84890407	SINE/MIR	622	+	17	84890390	21490
chr16	84868900	85068900	harbor2	chr16	84961430	84961614	SINE/MIR	582	+	92	84961522	92622
chr16	75930159	76130159	harbor2	chr16	75943816	75944036	SINE/MIR	541	+	110	75943926	13767
chr16	75930159	76130159	harbor2	chr16	75952266	75952494	SINE/MIR	622	+	114	75952380	22221
chr16	79288218	79488218	harbor2	chr16	79297486	79297672	SINE/MIR	587	+	93	79297579	9361
chr16	79288218	79488218	harbor2	chr16	79306804	79306961	SINE/MIR	702	+	78	79306882	18664
chr16	79288218	79488218	harbor2	chr16	79313074	79313213	SINE/MIR	463	+	70	79313144	24926
chr16	79288218	79488218	harbor2	chr16	79320583	79320776	SINE/MIR	550	+	96	79320679	32461
chr16	79288218	79488218	harbor2	chr16	79326226	79326331	SINE/MIR	416	+	52	79326278	38060
chr16	79288218	79488218	harbor2	chr16	79327923	79328117	SINE/MIR	489	+	97	79328020	39802
chr16	79288218	79488218	harbor2	chr16	79360381	79360546	SINE/MIR	554	+	82	79360463	72245
chr16	79288218	79488218	harbor2	chr16	79362015	79362247	SINE/MIR	522	+	116	79362131	73913
chr16	65738546	65938546	harbor2	chr16	65760836	65760968	SINE/MIR	461	+	66	65760902	22356
chr16	65738546	65938546	harbor2	chr16	65811645	65811842	SINE/MIR	464	+	98	65811743	73197
chr16	51333094	51533094	harbor2	chr16	51341925	51342140	SINE/MIR	734	+	108	51342033	8939
chr16	51333094	51533094	harbor2	chr16	51344554	51344736	SINE/MIR	723	+	91	51344645	11551
chr16	51333094	51533094	harbor2	chr16	51363482	51363630	SINE/MIR	418	+	74	51363556	30462
chr16	51333094	51533094	harbor2	chr16	51386697	51386921	SINE/MIR	466	+	112	51386809	53715
chr16	51333094	51533094	harbor2	chr16	51410334	51410533	SINE/MIR	450	+	100	51410434	77340
chr16	88200187	88400187	harbor2	chr16	88270993	88271185	SINE/MIR	695	+	96	88271089	70902
chr16	77095281	77295281	harbor2	chr16	77124736	77124878	SINE/MIR	456	+	71	77124807	29526
chr16	77095281	77295281	harbor2	chr16	77153491	77153718	SINE/MIR	491	+	114	77153605	58324
chr16	77095281	77295281	harbor2	chr16	77171313	77171498	SINE/MIR	555	+	92	77171405	76124
chr16	77095281	77295281	harbor2	chr16	77168516	77168714	SINE/MIR	489	+	99	77168615	73334
chr16	88324619	88524619	harbor2	chr16	88354430	88354638	SINE/MIR	516	+	104	88354534	29915
chr16	88324619	88524619	harbor2	chr16	88385733	88385916	SINE/MIR	433	+	92	88385825	61206
chr16	88324619	88524619	harbor2	chr16	88415005	88415179	SINE/MIR	490	+	87	88415092	90473
chr16	64027681	64227681	harbor2	chr16	64063532	64063710	SINE/MIR	449	+	89	64063621	35940
chr16	64027681	64227681	harbor2	chr16	64067910	64068074	SINE/MIR	442	+	82	64067992	40311
chr16	64027681	64227681	harbor2	chr16	64074121	64074311	SINE/MIR	576	+	95	64074216	46535
chr16	64027681	64227681	harbor2	chr16	64090530	64090681	SINE/MIR	460	+	76	64090606	62925
chr16	64027681	64227681	harbor2	chr16	64125045	64125239	SINE/MIR	416	+	97	64125142	97461
chr16	12619223	12819223	harbor2	chr16	12637364	12637431	SINE/MIR	441	+	34	12637398	18175
chr16	12619223	12819223	harbor2	chr16	12637740	12637870	SINE/MIR	441	+	65	12637805	18582
chr16	12619223	12819223	harbor2	chr16	12653019	12653261	SINE/MIR	858	+	121	12653140	33917
chr16	12619223	12819223	harbor2	chr16	12708257	12708436	SINE/MIR	475	+	90	12708347	89124
chr16	69755848	69955848	harbor2	chr16	69797353	69797575	SINE/MIR	427	+	111	69797464	41616
chr16	69755848	69955848	harbor2	chr16	69845019	69845253	SINE/MIR	796	+	117	69845136	89288
chr16	72170467	72370467	harbor2	chr16	72178818	72178912	SINE/MIR	494	+	47	72178865	8398
chr16	72170467	72370467	harbor2	chr16	72222627	72222859	SINE/MIR	784	+	116	72222743	52276
chr16	72170467	72370467	harbor2	chr16	72227648	72227893	SINE/MIR	605	+	122	72227770	57303
chr16	72170467	72370467	harbor2	chr16	72270034	72270173	SINE/MIR	485	+	70	72270104	99637
chr16	87496326	87696326	harbor2	chr16	87519103	87519274	SINE/MIR	468	+	86	87519189	22863
chr16	87496326	87696326	harbor2	chr16	87527416	87527624	SINE/MIR	750	+	104	87527520	31194
chr16	87496326	87696326	harbor2	chr16	87532887	87533072	SINE/MIR	455	+	92	87532979	36653
chr16	87496326	87696326	harbor2	chr16	87535870	87536002	SINE/MIR	469	+	66	87535936	39610
chr16	87496326	87696326	harbor2	chr16	87552422	87552635	SINE/MIR	522	+	106	87552528	56202
chr16	87496326	87696326	harbor2	chr16	87558461	87558603	SINE/MIR	439	+	71	87558532	62206
chr16	87496326	87696326	harbor2	chr16	87566102	87566281	SINE/MIR	461	+	90	87566192	69866
chr16	87496326	87696326	harbor2	chr16	87566984	87567036	SINE/MIR	461	+	26	87567010	70684
chr16	87496326	87696326	harbor2	chr16	87583034	87583238	SINE/MIR	714	+	102	87583136	86810
chr16	71109605	71309605	harbor2	chr16	71143225	71143388	SINE/MIR	477	+	82	71143307	33702
chr16	71109605	71309605	harbor2	chr16	71145748	71145952	SINE/MIR	502	+	102	71145850	36245
chr16	71109605	71309605	harbor2	chr16	71154763	71154989	SINE/MIR	1071	+	113	71154876	45271
chr16	74100956	74300956	harbor2	chr16	74129791	74129995	SINE/MIR	493	+	102	74129893	28937
chr16	74100956	74300956	harbor2	chr16	74161787	74161980	SINE/MIR	500	+	96	74161883	60927
chr16	82692956	82892956	harbor2	chr16	82709425	82709667	SINE/MIR	602	+	121	82709546	16590
chr16	82692956	82892956	harbor2	chr16	82724808	82725056	SINE/MIR	527	+	124	82724932	31976
chr16	82692956	82892956	harbor2	chr16	82725274	82725608	SINE/MIR	708	+	167	82725441	32485
chr16	82692956	82892956	harbor2	chr16	82727985	82728172	SINE/MIR	503	+	94	82728079	35123
chr16	82692956	82892956	harbor2	chr16	82766424	82766616	SINE/MIR	455	+	96	82766520	73564
chr16	82692956	82892956	harbor2	chr16	82774245	82774472	SINE/MIR	703	+	114	82774359	81403
chr16	82692956	82892956	harbor2	chr16	82775085	82775255	SINE/MIR	510	+	85	82775170	82214
chr16	50372999	50572999	harbor2	chr16	50382006	50382151	SINE/MIR	426	+	72	50382078	9079
chr16	50372999	50572999	harbor2	chr16	50383849	50384021	SINE/MIR	531	+	86	50383935	10936
chr16	50372999	50572999	harbor2	chr16	50393941	50394196	SINE/MIR	998	+	128	50394069	21070
chr16	50372999	50572999	harbor2	chr16	50397358	50397608	SINE/MIR	555	+	125	50397483	24484
chr16	50372999	50572999	harbor2	chr16	50404525	50404556	SINE/MIR	684	+	16	50404541	31542
chr16	50372999	50572999	harbor2	chr16	50404859	50405080	SINE/MIR	684	+	110	50404969	31970
chr16	50372999	50572999	harbor2	chr16	50442706	50442988	SINE/MIR	477	+	141	50442847	69848
chr16	50372999	50572999	harbor2	chr16	50449433	50449659	SINE/MIR	561	+	113	50449546	76547
chr16	50372999	50572999	harbor2	chr16	50461530	50461738	SINE/MIR	652	+	104	50461634	88635
chr16	50372999	50572999	harbor2	chr16	50462711	50462902	SINE/MIR	605	+	96	50462807	89808
chr16	70519926	70719926	harbor2	chr16	70520782	70520934	SINE/MIR	451	+	76	70520858	932
chr16	70519926	70719926	harbor2	chr16	70545677	70545862	SINE/MIR	434	+	92	70545769	25843
chr16	70519926	70719926	harbor2	chr16	70582420	70582605	SINE/MIR	522	+	92	70582512	62586
chr16	25527793	25727793	harbor2	chr16	25544170	25544313	SINE/MIR	428	+	72	25544242	16449
chr16	25527793	25727793	harbor2	chr16	25548524	25548552	SINE/MIR	918	+	14	25548538	20745
chr16	25527793	25727793	harbor2	chr16	25548861	25549072	SINE/MIR	918	+	106	25548967	21174
chr16	25527793	25727793	harbor2	chr16	25574594	25574785	SINE/MIR	471	+	96	25574690	46897
chr16	25527793	25727793	harbor2	chr16	25616014	25616138	SINE/MIR	447	+	62	25616076	88283
chr16	66843872	67043872	harbor2	chr16	66843784	66844004	SINE/MIR	458	+	110	66843894	22
chr16	66843872	67043872	harbor2	chr16	66849391	66849644	SINE/MIR	489	+	126	66849517	5645
chr16	66843872	67043872	harbor2	chr16	66908843	66909033	SINE/MIR	672	+	95	66908938	65066
chr16	66843872	67043872	harbor2	chr16	66927497	66927702	SINE/MIR	418	+	102	66927599	83727
chr16	23718324	23918324	harbor2	chr16	23779768	23779939	SINE/MIR	836	+	86	23779854	61530
chr16	23718324	23918324	harbor2	chr16	23789977	23790010	SINE/MIR	706	+	16	23789993	71669
chr16	23718324	23918324	harbor2	chr16	23789498	23789667	SINE/MIR	706	+	84	23789582	71258
chr16	82708028	82908028	harbor2	chr16	82709425	82709667	SINE/MIR	602	+	121	82709546	1518
chr16	82708028	82908028	harbor2	chr16	82724808	82725056	SINE/MIR	527	+	124	82724932	16904
chr16	82708028	82908028	harbor2	chr16	82725274	82725608	SINE/MIR	708	+	167	82725441	17413
chr16	82708028	82908028	harbor2	chr16	82727985	82728172	SINE/MIR	503	+	94	82728079	20051
chr16	82708028	82908028	harbor2	chr16	82766424	82766616	SINE/MIR	455	+	96	82766520	58492
chr16	82708028	82908028	harbor2	chr16	82774245	82774472	SINE/MIR	703	+	114	82774359	66331
chr16	82708028	82908028	harbor2	chr16	82775085	82775255	SINE/MIR	510	+	85	82775170	67142
chr16	46560948	46760948	harbor2	chr16	46564494	46564738	SINE/MIR	625	+	122	46564616	3668
chr16	79818624	80018624	harbor2	chr16	79818709	79818882	SINE/MIR	562	+	86	79818795	171
chr16	79818624	80018624	harbor2	chr16	79823218	79823489	SINE/MIR	547	+	136	79823354	4730
chr16	79818624	80018624	harbor2	chr16	79831699	79831959	SINE/MIR	808	+	130	79831829	13205
chr16	79818624	80018624	harbor2	chr16	79850477	79850712	SINE/MIR	556	+	118	79850595	31971
chr16	79818624	80018624	harbor2	chr16	79864513	79864711	SINE/MIR	498	+	99	79864612	45988
chr16	79818624	80018624	harbor2	chr16	79867776	79867984	SINE/MIR	454	+	104	79867880	49256
chr16	79818624	80018624	harbor2	chr16	79898827	79899002	SINE/MIR	652	+	88	79898915	80291
chr16	79818624	80018624	harbor2	chr16	79904312	79904428	SINE/MIR	427	+	58	79904370	85746
chr16	79818624	80018624	harbor2	chr16	79911610	79911809	SINE/MIR	543	+	100	79911710	93086
chr16	79818624	80018624	harbor2	chr16	79911853	79911954	SINE/MIR	483	+	50	79911903	93279
chr16	79818624	80018624	harbor2	chr16	79912689	79912943	SINE/MIR	923	+	127	79912816	94192
chr16	79818624	80018624	harbor2	chr16	79913091	79913219	SINE/MIR	465	+	64	79913155	94531
chr16	79818624	80018624	harbor2	chr16	79914403	79914610	SINE/MIR	655	+	104	79914507	95883
chr16	79818624	80018624	harbor2	chr16	79917350	79917526	SINE/MIR	576	+	88	79917438	98814
chr16	74031077	74231077	harbor2	chr16	74094434	74094622	SINE/MIR	757	+	94	74094528	63451
chr16	74031077	74231077	harbor2	chr16	74129791	74129995	SINE/MIR	493	+	102	74129893	98816
chr16	85229595	85429595	harbor2	chr16	85239998	85240194	SINE/MIR	468	+	98	85240096	10501
chr16	85229595	85429595	harbor2	chr16	85256006	85256109	SINE/MIR	536	+	52	85256058	26463
chr16	85229595	85429595	harbor2	chr16	85262652	85262846	SINE/MIR	419	+	97	85262749	33154
chr16	85229595	85429595	harbor2	chr16	85264856	85265087	SINE/MIR	652	+	116	85264972	35377
chr16	85229595	85429595	harbor2	chr16	85267817	85268033	SINE/MIR	865	+	108	85267925	38330
chr16	85229595	85429595	harbor2	chr16	85326221	85326378	SINE/MIR	618	+	78	85326299	96704
chr16	52888577	53088577	harbor2	chr16	52907880	52908041	SINE/MIR	465	+	80	52907960	19383
chr16	52888577	53088577	harbor2	chr16	52930330	52930539	SINE/MIR	613	+	104	52930434	41857
chr16	52888577	53088577	harbor2	chr16	52941514	52941709	SINE/MIR	511	+	98	52941612	53035
chr16	52888577	53088577	harbor2	chr16	52955301	52955512	SINE/MIR	795	+	106	52955407	66830
chr16	52888577	53088577	harbor2	chr16	52961047	52961149	SINE/MIR	498	+	51	52961098	72521
chr16	52888577	53088577	harbor2	chr16	52985950	52986015	SINE/MIR	757	+	32	52985982	97405
chr16	52888577	53088577	harbor2	chr16	52986762	52986896	SINE/MIR	757	+	67	52986829	98252
chr16	32264518	32464518	harbor2	chr16	32355641	32355851	SINE/MIR	498	+	105	32355746	91228
chr16	85121673	85321673	harbor2	chr16	85123697	85123910	SINE/MIR	535	+	106	85123803	2130
chr16	85121673	85321673	harbor2	chr16	85126280	85126523	SINE/MIR	448	+	122	85126402	4729
chr16	85121673	85321673	harbor2	chr16	85145305	85145520	SINE/MIR	536	+	108	85145413	23740
chr16	85121673	85321673	harbor2	chr16	85159691	85159899	SINE/MIR	770	+	104	85159795	38122
chr16	85121673	85321673	harbor2	chr16	85162861	85163095	SINE/MIR	422	+	117	85162978	41305
chr16	85121673	85321673	harbor2	chr16	85165956	85166174	SINE/MIR	535	+	109	85166065	44392
chr16	85121673	85321673	harbor2	chr16	85192222	85192427	SINE/MIR	651	+	102	85192324	70651
chr16	85121673	85321673	harbor2	chr16	85207606	85207775	SINE/MIR	420	+	84	85207690	86017
chr16	85121673	85321673	harbor2	chr16	85217007	85217225	SINE/MIR	429	+	109	85217116	95443
chr16	85121673	85321673	harbor2	chr16	85218510	85218652	SINE/MIR	506	+	71	85218581	96908
chr16	90030136	90230136	harbor2	chr16	90066458	90066691	SINE/MIR	443	+	116	90066574	36438
chr16	6696030	6896030	harbor2	chr16	6727895	6728110	SINE/MIR	445	+	108	6728003	31973
chr16	6696030	6896030	harbor2	chr16	6762028	6762213	SINE/MIR	417	+	92	6762120	66090
chr16	54836627	55036627	harbor2	chr16	54845961	54846182	SINE/MIR	449	+	110	54846071	9444
chr16	54836627	55036627	harbor2	chr16	54847987	54848213	SINE/MIR	597	+	113	54848100	11473
chr16	54836627	55036627	harbor2	chr16	54852145	54852371	SINE/MIR	448	+	113	54852258	15631
chr16	54836627	55036627	harbor2	chr16	54853781	54854023	SINE/MIR	696	+	121	54853902	17275
chr16	54836627	55036627	harbor2	chr16	54856176	54856382	SINE/MIR	663	+	103	54856279	19652
chr16	54836627	55036627	harbor2	chr16	54867880	54868005	SINE/MIR	438	+	62	54867942	31315
chr16	54836627	55036627	harbor2	chr16	54876410	54876661	SINE/MIR	656	+	126	54876536	39909
chr16	71122421	71322421	harbor2	chr16	71143225	71143388	SINE/MIR	477	+	82	71143307	20886
chr16	71122421	71322421	harbor2	chr16	71145748	71145952	SINE/MIR	502	+	102	71145850	23429
chr16	71122421	71322421	harbor2	chr16	71154763	71154989	SINE/MIR	1071	+	113	71154876	32455
chr16	71866736	72066736	harbor2	chr16	71885282	71885511	SINE/MIR	755	+	114	71885396	18660
chr16	77385178	77585178	harbor2	chr16	77388460	77388676	SINE/MIR	675	+	108	77388568	3390
chr16	77385178	77585178	harbor2	chr16	77470866	77471076	SINE/MIR	599	+	105	77470971	85793
chr16	86341082	86541082	harbor2	chr16	86365291	86365476	SINE/MIR	553	+	92	86365383	24301
chr16	86341082	86541082	harbor2	chr16	86377158	86377336	SINE/MIR	473	+	89	86377247	36165
chr16	86341082	86541082	harbor2	chr16	86390892	86391027	SINE/MIR	533	+	68	86390960	49878
chr16	86341082	86541082	harbor2	chr16	86392353	86392532	SINE/MIR	498	+	90	86392443	51361
chr16	86341082	86541082	harbor2	chr16	86394645	86394854	SINE/MIR	692	+	104	86394749	53667
chr16	86341082	86541082	harbor2	chr16	86396053	86396267	SINE/MIR	688	+	107	86396160	55078
chr16	86341082	86541082	harbor2	chr16	86411735	86411893	SINE/MIR	415	+	79	86411814	70732
chr16	86341082	86541082	harbor2	chr16	86418822	86419061	SINE/MIR	465	+	120	86418942	77860
chr16	86341082	86541082	harbor2	chr16	86436325	86436563	SINE/MIR	490	+	119	86436444	95362
chr16	79041513	79241513	harbor2	chr16	79044765	79044999	SINE/MIR	507	+	117	79044882	3369
chr16	79041513	79241513	harbor2	chr16	79064345	79064453	SINE/MIR	438	+	54	79064399	22886
chr16	79041513	79241513	harbor2	chr16	79076654	79076868	SINE/MIR	530	+	107	79076761	35248
chr16	79041513	79241513	harbor2	chr16	79110757	79110916	SINE/MIR	467	+	80	79110837	69324
chr16	57965578	58165578	harbor2	chr16	57968094	57968215	SINE/MIR	795	+	60	57968154	2576
chr16	57965578	58165578	harbor2	chr16	57968521	57968582	SINE/MIR	795	+	30	57968551	2973
chr16	57965578	58165578	harbor2	chr16	57978126	57978283	SINE/MIR	512	+	78	57978204	12626
chr16	57965578	58165578	harbor2	chr16	57978551	57978602	SINE/MIR	512	+	26	57978577	12999
chr16	57965578	58165578	harbor2	chr16	58013663	58013877	SINE/MIR	461	+	107	58013770	48192
chr16	57965578	58165578	harbor2	chr16	58019848	58020017	SINE/MIR	431	+	84	58019932	54354
chr16	63994079	64194079	harbor2	chr16	64063532	64063710	SINE/MIR	449	+	89	64063621	69542
chr16	63994079	64194079	harbor2	chr16	64067910	64068074	SINE/MIR	442	+	82	64067992	73913
chr16	63994079	64194079	harbor2	chr16	64074121	64074311	SINE/MIR	576	+	95	64074216	80137
chr16	63994079	64194079	harbor2	chr16	64090530	64090681	SINE/MIR	460	+	76	64090606	96527
chr16	85065400	85265400	harbor2	chr16	85105579	85105779	SINE/MIR	625	+	100	85105679	40279
chr16	85065400	85265400	harbor2	chr16	85113279	85113415	SINE/MIR	532	+	68	85113347	47947
chr16	85065400	85265400	harbor2	chr16	85119502	85119604	SINE/MIR	563	+	51	85119553	54153
chr16	85065400	85265400	harbor2	chr16	85119911	85119991	SINE/MIR	563	+	40	85119951	54551
chr16	85065400	85265400	harbor2	chr16	85123697	85123910	SINE/MIR	535	+	106	85123803	58403
chr16	85065400	85265400	harbor2	chr16	85126280	85126523	SINE/MIR	448	+	122	85126402	61002
chr16	85065400	85265400	harbor2	chr16	85145305	85145520	SINE/MIR	536	+	108	85145413	80013
chr16	85065400	85265400	harbor2	chr16	85159691	85159899	SINE/MIR	770	+	104	85159795	94395
chr16	85065400	85265400	harbor2	chr16	85162861	85163095	SINE/MIR	422	+	117	85162978	97578
chr16	75865568	76065568	harbor2	chr16	75943816	75944036	SINE/MIR	541	+	110	75943926	78358
chr16	75865568	76065568	harbor2	chr16	75952266	75952494	SINE/MIR	622	+	114	75952380	86812
chr16	66890862	67090862	harbor2	chr16	66908843	66909033	SINE/MIR	672	+	95	66908938	18076
chr16	66890862	67090862	harbor2	chr16	66927497	66927702	SINE/MIR	418	+	102	66927599	36737
chr16	66890862	67090862	harbor2	chr16	66971711	66971853	SINE/MIR	535	+	71	66971782	80920
chr16	66890862	67090862	harbor2	chr16	66972150	66972225	SINE/MIR	535	+	38	66972188	81326
chr16	66890862	67090862	harbor2	chr16	66978339	66978513	SINE/MIR	566	+	87	66978426	87564
chr16	8437037	8637037	harbor2	chr16	8451557	8451758	SINE/MIR	537	+	100	8451657	14620
chr16	8437037	8637037	harbor2	chr16	8471842	8472036	SINE/MIR	526	+	97	8471939	34902
chr16	8437037	8637037	harbor2	chr16	8490623	8490783	SINE/MIR	424	+	80	8490703	53666
chr16	8437037	8637037	harbor2	chr16	8527308	8527542	SINE/MIR	582	+	117	8527425	90388
chr16	57990228	58190228	harbor2	chr16	58013663	58013877	SINE/MIR	461	+	107	58013770	23542
chr16	57990228	58190228	harbor2	chr16	58019848	58020017	SINE/MIR	431	+	84	58019932	29704
chr16	88238107	88438107	harbor2	chr16	88270993	88271185	SINE/MIR	695	+	96	88271089	32982
chr16	79525040	79725040	harbor2	chr16	79549039	79549132	SINE/MIR	429	+	46	79549085	24045
chr16	79525040	79725040	harbor2	chr16	79556759	79556931	SINE/MIR	446	+	86	79556845	31805
chr16	48371303	48571303	harbor2	chr16	48415436	48415597	SINE/MIR	740	+	80	48415516	44213
chr16	48371303	48571303	harbor2	chr16	48415907	48415998	SINE/MIR	740	+	46	48415953	44650
chr16	48371303	48571303	harbor2	chr16	48435178	48435353	SINE/MIR	664	+	88	48435266	63963
chr16	48371303	48571303	harbor2	chr16	48456108	48456220	SINE/MIR	438	+	56	48456164	84861
chr16	53519992	53719992	harbor2	chr16	53543509	53543649	SINE/MIR	456	+	70	53543579	23587
chr16	53519992	53719992	harbor2	chr16	53607087	53607285	SINE/MIR	895	+	99	53607186	87194
chr16	74433944	74633944	harbor2	chr16	74455774	74455941	SINE/MIR	424	+	84	74455858	21914
chr16	64686632	64886632	harbor2	chr16	64723698	64723913	SINE/MIR	613	+	108	64723806	37174
chr16	64686632	64886632	harbor2	chr16	64761129	64761272	SINE/MIR	487	+	72	64761201	74569
chr16	64686632	64886632	harbor2	chr16	64765219	64765334	SINE/MIR	422	+	58	64765277	78645
chr16	64686632	64886632	harbor2	chr16	64781331	64781544	SINE/MIR	428	+	106	64781437	94805
chr16	75088438	75288438	harbor2	chr16	75088630	75088836	SINE/MIR	574	+	103	75088733	295
chr16	75088438	75288438	harbor2	chr16	75094435	75094655	SINE/MIR	645	+	110	75094545	6107
chr16	52878735	53078735	harbor2	chr16	52907880	52908041	SINE/MIR	465	+	80	52907960	29225
chr16	52878735	53078735	harbor2	chr16	52930330	52930539	SINE/MIR	613	+	104	52930434	51699
chr16	52878735	53078735	harbor2	chr16	52941514	52941709	SINE/MIR	511	+	98	52941612	62877
chr16	52878735	53078735	harbor2	chr16	52955301	52955512	SINE/MIR	795	+	106	52955407	76672
chr16	52878735	53078735	harbor2	chr16	52961047	52961149	SINE/MIR	498	+	51	52961098	82363
chr16	27297383	27497383	harbor2	chr16	27305733	27305914	SINE/MIR	737	+	90	27305823	8440
chr16	27297383	27497383	harbor2	chr16	27313289	27313440	SINE/MIR	447	+	76	27313365	15982
chr16	27297383	27497383	harbor2	chr16	27316684	27316878	SINE/MIR	605	+	97	27316781	19398
chr16	27297383	27497383	harbor2	chr16	27323474	27323639	SINE/MIR	595	+	82	27323556	26173
chr16	27297383	27497383	harbor2	chr16	27327657	27327884	SINE/MIR	837	+	114	27327771	30388
chr16	27297383	27497383	harbor2	chr16	27331293	27331506	SINE/MIR	783	+	106	27331399	34016
chr16	27297383	27497383	harbor2	chr16	27333419	27333650	SINE/MIR	816	+	116	27333535	36152
chr16	27297383	27497383	harbor2	chr16	27347712	27347861	SINE/MIR	539	+	74	27347786	50403
chr16	27297383	27497383	harbor2	chr16	27358650	27358789	SINE/MIR	415	+	70	27358720	61337
chr16	27297383	27497383	harbor2	chr16	27359594	27359800	SINE/MIR	728	+	103	27359697	62314
chr16	27297383	27497383	harbor2	chr16	27368483	27368637	SINE/MIR	611	+	77	27368560	71177
chr16	27297383	27497383	harbor2	chr16	27368930	27368974	SINE/MIR	611	+	22	27368952	71569
chr16	27297383	27497383	harbor2	chr16	27380434	27380604	SINE/MIR	577	+	85	27380519	83136
chr16	27297383	27497383	harbor2	chr16	27387318	27387439	SINE/MIR	524	+	60	27387378	89995
chr16	27297383	27497383	harbor2	chr16	27377621	27377772	SINE/MIR	554	+	76	27377697	80314
chr16	21024074	21224074	harbor2	chr16	21040665	21040856	SINE/MIR	498	+	96	21040761	16687
chr16	21024074	21224074	harbor2	chr16	21052419	21052620	SINE/MIR	859	+	100	21052519	28445
chr16	21024074	21224074	harbor2	chr16	21053939	21054124	SINE/MIR	493	+	92	21054031	29957
chr16	21024074	21224074	harbor2	chr16	21055633	21055745	SINE/MIR	445	+	56	21055689	31615
chr16	21024074	21224074	harbor2	chr16	21056038	21056102	SINE/MIR	445	+	32	21056070	31996
chr16	21024074	21224074	harbor2	chr16	21064956	21065165	SINE/MIR	484	+	104	21065060	40986
chr16	21024074	21224074	harbor2	chr16	21084060	21084273	SINE/MIR	456	+	106	21084166	60092
chr16	21024074	21224074	harbor2	chr16	21097873	21098053	SINE/MIR	564	+	90	21097963	73889
chr16	21024074	21224074	harbor2	chr16	21099534	21099770	SINE/MIR	458	+	118	21099652	75578
chr16	21024074	21224074	harbor2	chr16	21117904	21117980	SINE/MIR	433	+	38	21117942	93868
chr16	21024074	21224074	harbor2	chr16	21118281	21118350	SINE/MIR	433	+	34	21118315	94241
chr16	79162423	79362423	harbor2	chr16	79182585	79182812	SINE/MIR	773	+	114	79182699	20276
chr16	79162423	79362423	harbor2	chr16	79187100	79187266	SINE/MIR	598	+	83	79187183	24760
chr16	79162423	79362423	harbor2	chr16	79192740	79192876	SINE/MIR	439	+	68	79192808	30385
chr16	79162423	79362423	harbor2	chr16	79193905	79194064	SINE/MIR	577	+	80	79193985	31562
chr16	79162423	79362423	harbor2	chr16	79196838	79197044	SINE/MIR	437	+	103	79196941	34518
chr16	79162423	79362423	harbor2	chr16	79206393	79206576	SINE/MIR	436	+	92	79206485	44062
chr16	53287027	53487027	harbor2	chr16	53311705	53311925	SINE/MIR	616	+	110	53311815	24788
chr16	53287027	53487027	harbor2	chr16	53320841	53321056	SINE/MIR	695	+	108	53320949	33922
chr16	8817260	9017260	harbor2	chr16	8862182	8862382	SINE/MIR	634	+	100	8862282	45022
chr16	8817260	9017260	harbor2	chr16	8875882	8876116	SINE/MIR	596	+	117	8875999	58739
chr16	53938045	54138045	harbor2	chr16	53944550	53944797	SINE/MIR	672	+	124	53944674	6629
chr16	53938045	54138045	harbor2	chr16	53965719	53965868	SINE/MIR	457	+	74	53965793	27748
chr16	53938045	54138045	harbor2	chr16	53987716	53987919	SINE/MIR	532	+	102	53987818	49773
chr16	53938045	54138045	harbor2	chr16	53989516	53989670	SINE/MIR	473	+	77	53989593	51548
chr16	53938045	54138045	harbor2	chr16	54000873	54001037	SINE/MIR	723	+	82	54000955	62910
chr16	53938045	54138045	harbor2	chr16	54007333	54007541	SINE/MIR	724	+	104	54007437	69392
chr16	53938045	54138045	harbor2	chr16	54024609	54024807	SINE/MIR	725	+	99	54024708	86663
chr16	81738226	81938226	harbor2	chr16	81754971	81755090	SINE/MIR	463	+	60	81755031	16805
chr16	81738226	81938226	harbor2	chr16	81761474	81761721	SINE/MIR	642	+	124	81761598	23372
chr16	81738226	81938226	harbor2	chr16	81769852	81770044	SINE/MIR	428	+	96	81769948	31722
chr16	81738226	81938226	harbor2	chr16	81789983	81790185	SINE/MIR	507	+	101	81790084	51858
chr16	81738226	81938226	harbor2	chr16	81792106	81792157	SINE/MIR	533	+	26	81792132	53906
chr16	81738226	81938226	harbor2	chr16	81792872	81792993	SINE/MIR	533	+	60	81792932	54706
chr16	81738226	81938226	harbor2	chr16	81794516	81794722	SINE/MIR	737	+	103	81794619	56393
chr16	81738226	81938226	harbor2	chr16	81797729	81797820	SINE/MIR	545	+	46	81797775	59549
chr16	81738226	81938226	harbor2	chr16	81798131	81798201	SINE/MIR	545	+	35	81798166	59940
chr16	81738226	81938226	harbor2	chr16	81799955	81800204	SINE/MIR	812	+	124	81800079	61853
chr16	81738226	81938226	harbor2	chr16	81811145	81811313	SINE/MIR	428	+	84	81811229	73003
chr16	81738226	81938226	harbor2	chr16	81814742	81814958	SINE/MIR	603	+	108	81814850	76624
chr16	81738226	81938226	harbor2	chr16	81817259	81817358	SINE/MIR	415	+	50	81817309	79083
chr16	81738226	81938226	harbor2	chr16	81821200	81821287	SINE/MIR	426	+	44	81821244	83018
chr16	81738226	81938226	harbor2	chr16	81821887	81822034	SINE/MIR	453	+	74	81821961	83735
chr16	81738226	81938226	harbor2	chr16	81826356	81826561	SINE/MIR	627	+	102	81826458	88232
chr16	81738226	81938226	harbor2	chr16	81835090	81835301	SINE/MIR	611	+	106	81835196	96970
chr16	81738226	81938226	harbor2	chr16	81739639	81739855	SINE/MIR	1015	+	108	81739747	1521
chr16	78412161	78612161	harbor2	chr16	78468591	78468766	SINE/MIR	460	+	88	78468679	56518
chr16	78412161	78612161	harbor2	chr16	78488655	78488848	SINE/MIR	434	+	96	78488751	76590
chr16	89827450	90027450	harbor2	chr16	89841561	89841683	SINE/MIR	477	+	61	89841622	14172
chr16	81402142	81602142	harbor2	chr16	81427250	81427441	SINE/MIR	510	+	96	81427346	25204
chr16	81402142	81602142	harbor2	chr16	81433948	81434184	SINE/MIR	597	+	118	81434066	31924
chr16	81402142	81602142	harbor2	chr16	81442142	81442338	SINE/MIR	562	+	98	81442240	40098
chr16	81402142	81602142	harbor2	chr16	81452191	81452370	SINE/MIR	540	+	90	81452281	50139
chr16	81402142	81602142	harbor2	chr16	81458776	81458940	SINE/MIR	431	+	82	81458858	56716
chr16	81402142	81602142	harbor2	chr16	81461697	81461912	SINE/MIR	483	+	108	81461805	59663
chr16	81402142	81602142	harbor2	chr16	81466433	81466594	SINE/MIR	523	+	80	81466513	64371
chr16	81402142	81602142	harbor2	chr16	81469263	81469508	SINE/MIR	705	+	122	81469385	67243
chr16	81402142	81602142	harbor2	chr16	81472195	81472370	SINE/MIR	475	+	88	81472283	70141
chr16	81402142	81602142	harbor2	chr16	81487590	81487803	SINE/MIR	770	+	106	81487696	85554
chr16	81402142	81602142	harbor2	chr16	81488233	81488480	SINE/MIR	823	+	124	81488357	86215
chr16	81402142	81602142	harbor2	chr16	81491259	81491480	SINE/MIR	658	+	110	81491369	89227
chr16	81402142	81602142	harbor2	chr16	81496100	81496234	SINE/MIR	430	+	67	81496167	94025
chr16	87087078	87287078	harbor2	chr16	87091579	87091763	SINE/MIR	450	+	92	87091671	4593
chr16	87087078	87287078	harbor2	chr16	87092044	87092257	SINE/MIR	620	+	106	87092150	5072
chr16	87087078	87287078	harbor2	chr16	87101120	87101336	SINE/MIR	716	+	108	87101228	14150
chr16	87087078	87287078	harbor2	chr16	87118402	87118619	SINE/MIR	622	+	108	87118510	31432
chr16	87087078	87287078	harbor2	chr16	87119773	87119997	SINE/MIR	442	+	112	87119885	32807
chr16	87087078	87287078	harbor2	chr16	87156351	87156478	SINE/MIR	419	+	64	87156415	69337
chr16	87087078	87287078	harbor2	chr16	87161551	87161655	SINE/MIR	453	+	52	87161603	74525
chr16	87087078	87287078	harbor2	chr16	87161942	87162010	SINE/MIR	453	+	34	87161976	74898
chr16	31974389	32174389	harbor2	chr16	31977548	31977713	SINE/MIR	608	+	82	31977630	3241
chr16	31974389	32174389	harbor2	chr16	31998505	31998674	SINE/MIR	540	+	84	31998589	24200
chr16	31974389	32174389	harbor2	chr16	32005193	32005385	SINE/MIR	725	+	96	32005289	30900
chr16	31974389	32174389	harbor2	chr16	32023355	32023514	SINE/MIR	425	+	80	32023435	49046
chr16	68412446	68612446	harbor2	chr16	68417846	68418030	SINE/MIR	538	+	92	68417938	5492
chr16	68412446	68612446	harbor2	chr16	68419806	68419943	SINE/MIR	510	+	68	68419874	7428
chr16	68412446	68612446	harbor2	chr16	68438839	68439065	SINE/MIR	718	+	113	68438952	26506
chr16	68412446	68612446	harbor2	chr16	68443841	68444021	SINE/MIR	471	+	90	68443931	31485
chr16	68412446	68612446	harbor2	chr16	68480796	68481022	SINE/MIR	596	+	113	68480909	68463
chr16	68412446	68612446	harbor2	chr16	68484640	68484793	SINE/MIR	557	+	76	68484716	72270
chr16	68412446	68612446	harbor2	chr16	68499259	68499496	SINE/MIR	665	+	118	68499377	86931
chr16	68412446	68612446	harbor2	chr16	68501849	68502102	SINE/MIR	677	+	126	68501975	89529
chr16	73688791	73888791	harbor2	chr16	73770931	73771085	SINE/MIR	560	+	77	73771008	82217
chr16	73688791	73888791	harbor2	chr16	73784176	73784305	SINE/MIR	495	+	64	73784240	95449
chr16	57629550	57829550	harbor2	chr16	57632318	57632476	SINE/MIR	512	+	79	57632397	2847
chr16	57629550	57829550	harbor2	chr16	57633541	57633736	SINE/MIR	549	+	98	57633639	4089
chr16	57629550	57829550	harbor2	chr16	57638241	57638437	SINE/MIR	416	+	98	57638339	8789
chr16	57629550	57829550	harbor2	chr16	57640304	57640531	SINE/MIR	742	+	114	57640418	10868
chr16	57629550	57829550	harbor2	chr16	57642736	57642921	SINE/MIR	740	+	92	57642828	13278
chr16	57629550	57829550	harbor2	chr16	57648889	57649069	SINE/MIR	492	+	90	57648979	19429
chr16	57629550	57829550	harbor2	chr16	57661001	57661155	SINE/MIR	449	+	77	57661078	31528
chr16	57629550	57829550	harbor2	chr16	57676553	57676717	SINE/MIR	490	+	82	57676635	47085
chr16	57629550	57829550	harbor2	chr16	57676851	57676919	SINE/MIR	490	+	34	57676885	47335
chr16	57629550	57829550	harbor2	chr16	57684682	57684746	SINE/MIR	415	+	32	57684714	55164
chr16	57629550	57829550	harbor2	chr16	57684922	57685046	SINE/MIR	415	+	62	57684984	55434
chr16	57629550	57829550	harbor2	chr16	57690204	57690376	SINE/MIR	741	+	86	57690290	60740
chr16	57629550	57829550	harbor2	chr16	57695296	57695517	SINE/MIR	801	+	110	57695406	65856
chr16	57629550	57829550	harbor2	chr16	57698264	57698393	SINE/MIR	454	+	64	57698328	68778
chr16	62980467	63180467	harbor2	chr16	63062593	63062725	SINE/MIR	628	+	66	63062659	82192
chr16	76655957	76855957	harbor2	chr16	76729731	76729953	SINE/MIR	586	+	111	76729842	73885
chr16	76655957	76855957	harbor2	chr16	76732526	76732688	SINE/MIR	420	+	81	76732607	76650
chr16	83180032	83380032	harbor2	chr16	83219336	83219562	SINE/MIR	688	+	113	83219449	39417
chr16	83180032	83380032	harbor2	chr16	83237638	83237866	SINE/MIR	442	+	114	83237752	57720
chr16	83180032	83380032	harbor2	chr16	83252852	83253079	SINE/MIR	550	+	114	83252966	72934
chr16	83180032	83380032	harbor2	chr16	83259204	83259368	SINE/MIR	415	+	82	83259286	79254
chr16	23273193	23473193	harbor2	chr16	23280992	23281158	SINE/MIR	490	+	83	23281075	7882
chr16	23273193	23473193	harbor2	chr16	23281455	23281510	SINE/MIR	490	+	28	23281483	8290
chr16	23273193	23473193	harbor2	chr16	23281767	23281900	SINE/MIR	497	+	66	23281833	8640
chr16	23273193	23473193	harbor2	chr16	23290101	23290232	SINE/MIR	446	+	66	23290167	16974
chr16	23273193	23473193	harbor2	chr16	23304753	23304923	SINE/MIR	532	+	85	23304838	31645
chr16	23273193	23473193	harbor2	chr16	23305883	23305960	SINE/MIR	632	+	38	23305921	32728
chr16	23273193	23473193	harbor2	chr16	23306257	23306416	SINE/MIR	632	+	80	23306337	33144
chr16	23273193	23473193	harbor2	chr16	23307121	23307261	SINE/MIR	426	+	70	23307191	33998
chr16	23273193	23473193	harbor2	chr16	23317068	23317274	SINE/MIR	873	+	103	23317171	43978
chr16	23273193	23473193	harbor2	chr16	23318170	23318326	SINE/MIR	601	+	78	23318248	45055
chr16	23273193	23473193	harbor2	chr16	23318633	23318756	SINE/MIR	601	+	62	23318695	45502
chr16	23273193	23473193	harbor2	chr16	23351914	23352095	SINE/MIR	417	+	90	23352004	78811
chr16	23273193	23473193	harbor2	chr16	23354162	23354295	SINE/MIR	552	+	66	23354228	81035
chr16	23273193	23473193	harbor2	chr16	23356235	23356337	SINE/MIR	420	+	51	23356286	83093
chr16	23273193	23473193	harbor2	chr16	23358345	23358585	SINE/MIR	839	+	120	23358465	85272
chr16	23273193	23473193	harbor2	chr16	23359699	23359891	SINE/MIR	808	+	96	23359795	86602
chr16	23273193	23473193	harbor2	chr16	23365960	23366091	SINE/MIR	448	+	66	23366026	92833
chr16	23273193	23473193	harbor2	chr16	23369769	23369929	SINE/MIR	593	+	80	23369849	96656
chr16	71515898	71715898	harbor2	chr16	71542527	71542710	SINE/MIR	414	+	92	71542619	26721
chr17	75504135	75704135	harbor2	chr17	75505283	75505519	SINE/MIR	620	+	118	75505401	1266
chr17	75504135	75704135	harbor2	chr17	75511383	75511568	SINE/MIR	511	+	92	75511475	7340
chr17	75504135	75704135	harbor2	chr17	75543722	75543862	SINE/MIR	524	+	70	75543792	39657
chr17	75504135	75704135	harbor2	chr17	75547329	75547468	SINE/MIR	601	+	70	75547399	43264
chr17	75504135	75704135	harbor2	chr17	75578696	75578897	SINE/MIR	662	+	100	75578796	74661
chr17	75504135	75704135	harbor2	chr17	75595418	75595604	SINE/MIR	550	+	93	75595511	91376
chr17	75504135	75704135	harbor2	chr17	75601819	75601974	SINE/MIR	584	+	78	75601897	97762
chr17	64733458	64933458	harbor2	chr17	64734682	64734746	SINE/MIR	543	+	32	64734714	1256
chr17	64733458	64933458	harbor2	chr17	64735039	64735172	SINE/MIR	543	+	66	64735105	1647
chr17	64733458	64933458	harbor2	chr17	64793657	64793817	SINE/MIR	509	+	80	64793737	60279
chr17	64733458	64933458	harbor2	chr17	64799099	64799287	SINE/MIR	703	+	94	64799193	65735
chr17	64396792	64596792	harbor2	chr17	64413080	64413302	SINE/MIR	695	+	111	64413191	16399
chr17	64396792	64596792	harbor2	chr17	64455743	64455756	SINE/MIR	687	+	6	64455749	58957
chr17	64396792	64596792	harbor2	chr17	64456071	64456274	SINE/MIR	687	+	102	64456173	59381
chr17	64396792	64596792	harbor2	chr17	64459563	64459789	SINE/MIR	681	+	113	64459676	62884
chr17	75354192	75554192	harbor2	chr17	75401616	75401811	SINE/MIR	639	+	98	75401714	47522
chr17	62727831	62927831	harbor2	chr17	62744640	62744788	SINE/MIR	512	+	74	62744714	16883
chr17	62727831	62927831	harbor2	chr17	62762926	62763172	SINE/MIR	640	+	123	62763049	35218
chr17	62727831	62927831	harbor2	chr17	62787600	62787748	SINE/MIR	627	+	74	62787674	59843
chr17	62727831	62927831	harbor2	chr17	62787777	62787896	SINE/MIR	627	+	60	62787837	60006
chr17	62727831	62927831	harbor2	chr17	62815328	62815562	SINE/MIR	587	+	117	62815445	87614
chr17	34234218	34434218	harbor2	chr17	34254522	34254668	SINE/MIR	526	+	73	34254595	20377
chr17	47534150	47734150	harbor2	chr17	47578898	47579106	SINE/MIR	549	+	104	47579002	44852
chr17	37304798	37504798	harbor2	chr17	37312375	37312553	SINE/MIR	609	+	89	37312464	7666
chr17	37304798	37504798	harbor2	chr17	37320548	37320664	SINE/MIR	547	+	58	37320606	15808
chr17	37304798	37504798	harbor2	chr17	37320969	37321095	SINE/MIR	547	+	63	37321032	16234
chr17	37304798	37504798	harbor2	chr17	37367432	37367684	SINE/MIR	555	+	126	37367558	62760
chr17	37304798	37504798	harbor2	chr17	37388854	37389072	SINE/MIR	555	+	109	37388963	84165
chr17	49801246	50001246	harbor2	chr17	49809996	49810218	SINE/MIR	548	+	111	49810107	8861
chr17	49801246	50001246	harbor2	chr17	49847444	49847666	SINE/MIR	765	+	111	49847555	46309
chr17	49801246	50001246	harbor2	chr17	49875028	49875262	SINE/MIR	820	+	117	49875145	73899
chr17	49801246	50001246	harbor2	chr17	49877171	49877363	SINE/MIR	797	+	96	49877267	76021
chr17	49801246	50001246	harbor2	chr17	49879179	49879398	SINE/MIR	644	+	110	49879289	78043
chr17	77593117	77793117	harbor2	chr17	77604467	77604673	SINE/MIR	507	+	103	77604570	11453
chr17	77593117	77793117	harbor2	chr17	77678299	77678421	SINE/MIR	594	+	61	77678360	85243
chr17	75135961	75335961	harbor2	chr17	75221536	75221710	SINE/MIR	504	+	87	75221623	85662
chr17	77620535	77820535	harbor2	chr17	77678299	77678421	SINE/MIR	594	+	61	77678360	57825
chr17	77620535	77820535	harbor2	chr17	77706811	77707022	SINE/MIR	711	+	106	77706917	86382
chr17	51588346	51788346	harbor2	chr17	51615778	51616025	SINE/MIR	508	+	124	51615902	27556
chr17	51588346	51788346	harbor2	chr17	51639746	51639954	SINE/MIR	513	+	104	51639850	51504
chr17	51588346	51788346	harbor2	chr17	51671974	51672150	SINE/MIR	510	+	88	51672062	83716
chr17	51588346	51788346	harbor2	chr17	51683270	51683503	SINE/MIR	717	+	116	51683386	95040
chr17	65289511	65489511	harbor2	chr17	65294684	65294914	SINE/MIR	588	+	115	65294799	5288
chr17	65289511	65489511	harbor2	chr17	65321363	65321533	SINE/MIR	516	+	85	65321448	31937
chr17	65289511	65489511	harbor2	chr17	65383310	65383432	SINE/MIR	525	+	61	65383371	93860
chr17	39469413	39669413	harbor2	chr17	39557799	39558041	SINE/MIR	930	+	121	39557920	88507
chr17	36928410	37128410	harbor2	chr17	36957160	36957347	SINE/MIR	572	+	94	36957254	28844
chr17	36928410	37128410	harbor2	chr17	36976265	36976412	SINE/MIR	642	+	74	36976339	47929
chr17	36928410	37128410	harbor2	chr17	37022581	37022827	SINE/MIR	994	+	123	37022704	94294
chr17	36928410	37128410	harbor2	chr17	37023086	37023293	SINE/MIR	623	+	104	37023190	94780
chr17	36928410	37128410	harbor2	chr17	37026484	37026700	SINE/MIR	887	+	108	37026592	98182
chr17	49707633	49907633	harbor2	chr17	49708479	49708668	SINE/MIR	554	+	94	49708573	940
chr17	76834271	77034271	harbor2	chr17	76894243	76894453	SINE/MIR	595	+	105	76894348	60077
chr17	76834271	77034271	harbor2	chr17	76921790	76921970	SINE/MIR	577	+	90	76921880	87609
chr17	78317100	78517100	harbor2	chr17	78346108	78346349	SINE/MIR	938	+	120	78346228	29128
chr17	78317100	78517100	harbor2	chr17	78348453	78348676	SINE/MIR	512	+	112	78348565	31465
chr17	78317100	78517100	harbor2	chr17	78362985	78363192	SINE/MIR	757	+	104	78363089	45989
chr17	79966667	80166667	harbor2	chr17	80033959	80034122	SINE/MIR	558	+	82	80034041	67374
chr17	73638169	73838169	harbor2	chr17	73642551	73642755	SINE/MIR	501	+	102	73642653	4484
chr17	73638169	73838169	harbor2	chr17	73682521	73682687	SINE/MIR	657	+	83	73682604	44435
chr17	73638169	73838169	harbor2	chr17	73698777	73698971	SINE/MIR	692	+	97	73698874	60705
chr17	73638169	73838169	harbor2	chr17	73705994	73706234	SINE/MIR	586	+	120	73706114	67945
chr17	73638169	73838169	harbor2	chr17	73727696	73727875	SINE/MIR	597	+	90	73727786	89617
chr17	74733557	74933557	harbor2	chr17	74756667	74756873	SINE/MIR	680	+	103	74756770	23213
chr17	77071718	77271718	harbor2	chr17	77088239	77088469	SINE/MIR	509	+	115	77088354	16636
chr17	43326201	43526201	harbor2	chr17	43396426	43396610	SINE/MIR	629	+	92	43396518	70317
chr17	43326201	43526201	harbor2	chr17	43407617	43407752	SINE/MIR	535	+	68	43407685	81484
chr17	43326201	43526201	harbor2	chr17	43418466	43418715	SINE/MIR	639	+	124	43418590	92389
chr17	77433200	77633200	harbor2	chr17	77474666	77474884	SINE/MIR	692	+	109	77474775	41575
chr17	77433200	77633200	harbor2	chr17	77508875	77509082	SINE/MIR	895	+	104	77508979	75779
chr17	51112291	51312291	harbor2	chr17	51134819	51134966	SINE/MIR	872	+	74	51134893	22602
chr17	51112291	51312291	harbor2	chr17	51143882	51144014	SINE/MIR	695	+	66	51143948	31657
chr17	51112291	51312291	harbor2	chr17	51146448	51146644	SINE/MIR	612	+	98	51146546	34255
chr17	51112291	51312291	harbor2	chr17	51134426	51134516	SINE/MIR	872	+	45	51134471	22180
chr17	79333994	79533994	harbor2	chr17	79375834	79376039	SINE/MIR	788	+	102	79375936	41942
chr17	59228891	59428891	harbor2	chr17	59314708	59314821	SINE/MIR	500	+	56	59314764	85873
chr17	79351217	79551217	harbor2	chr17	79375834	79376039	SINE/MIR	788	+	102	79375936	24719
chr17	66938402	67138402	harbor2	chr17	66946852	66947062	SINE/MIR	557	+	105	66946957	8555
chr17	66938402	67138402	harbor2	chr17	66954685	66954844	SINE/MIR	554	+	80	66954765	16363
chr17	66938402	67138402	harbor2	chr17	66976148	66976321	SINE/MIR	518	+	86	66976234	37832
chr17	66938402	67138402	harbor2	chr17	66977400	66977647	SINE/MIR	649	+	124	66977524	39122
chr17	66938402	67138402	harbor2	chr17	66978104	66978348	SINE/MIR	505	+	122	66978226	39824
chr17	66938402	67138402	harbor2	chr17	66999012	66999252	SINE/MIR	777	+	120	66999132	60730
chr17	66938402	67138402	harbor2	chr17	67002663	67002911	SINE/MIR	573	+	124	67002787	64385
chr17	66938402	67138402	harbor2	chr17	67003789	67003971	SINE/MIR	503	+	91	67003880	65478
chr17	9262632	9462632	harbor2	chr17	9286814	9287018	SINE/MIR	508	+	102	9286916	24284
chr17	9262632	9462632	harbor2	chr17	9311632	9311834	SINE/MIR	935	+	101	9311733	49101
chr17	73828804	74028804	harbor2	chr17	73850905	73851050	SINE/MIR	547	+	72	73850977	22173
chr17	73828804	74028804	harbor2	chr17	73889288	73889490	SINE/MIR	757	+	101	73889389	60585
chr17	73828804	74028804	harbor2	chr17	73895972	73896109	SINE/MIR	517	+	68	73896040	67236
chr17	73828804	74028804	harbor2	chr17	73898700	73898831	SINE/MIR	549	+	66	73898766	69962
chr17	73828804	74028804	harbor2	chr17	73899141	73899159	SINE/MIR	549	+	9	73899150	70346
chr17	45936705	46136705	harbor2	chr17	45940324	45940511	SINE/MIR	652	+	94	45940418	3713
chr17	45936705	46136705	harbor2	chr17	45948609	45948778	SINE/MIR	651	+	84	45948693	11988
chr17	71356408	71556408	harbor2	chr17	71359542	71359777	SINE/MIR	583	+	118	71359660	3252
chr17	71356408	71556408	harbor2	chr17	71370267	71370489	SINE/MIR	556	+	111	71370378	13970
chr17	71356408	71556408	harbor2	chr17	71377592	71377788	SINE/MIR	504	+	98	71377690	21282
chr17	71356408	71556408	harbor2	chr17	71385814	71386011	SINE/MIR	550	+	98	71385912	29504
chr17	71356408	71556408	harbor2	chr17	71391900	71391926	SINE/MIR	503	+	13	71391913	35505
chr17	71356408	71556408	harbor2	chr17	71392531	71392681	SINE/MIR	503	+	75	71392606	36198
chr17	44309104	44509104	harbor2	chr17	44311339	44311567	SINE/MIR	590	+	114	44311453	2349
chr17	44309104	44509104	harbor2	chr17	44327841	44328040	SINE/MIR	505	+	100	44327941	18837
chr17	74137052	74337052	harbor2	chr17	74193301	74193482	SINE/MIR	686	+	90	74193391	56339
chr17	45855500	46055500	harbor2	chr17	45918336	45918532	SINE/MIR	636	+	98	45918434	62934
chr17	45855500	46055500	harbor2	chr17	45922947	45923193	SINE/MIR	515	+	123	45923070	67570
chr17	45855500	46055500	harbor2	chr17	45923765	45924012	SINE/MIR	1104	+	124	45923889	68389
chr17	45855500	46055500	harbor2	chr17	45940324	45940511	SINE/MIR	652	+	94	45940418	84918
chr17	45855500	46055500	harbor2	chr17	45948609	45948778	SINE/MIR	651	+	84	45948693	93193
chr17	61631075	61831075	harbor2	chr17	61643005	61643173	SINE/MIR	614	+	84	61643089	12014
chr17	45570687	45770687	harbor2	chr17	45626401	45626568	SINE/MIR	670	+	84	45626485	55798
chr17	45570687	45770687	harbor2	chr17	45639547	45639729	SINE/MIR	514	+	91	45639638	68951
chr17	45570687	45770687	harbor2	chr17	45649332	45649567	SINE/MIR	508	+	118	45649450	78763
chr17	45570687	45770687	harbor2	chr17	45650135	45650327	SINE/MIR	590	+	96	45650231	79544
chr17	45570687	45770687	harbor2	chr17	45662209	45662343	SINE/MIR	568	+	67	45662276	91589
chr17	45570687	45770687	harbor2	chr17	45665937	45666116	SINE/MIR	728	+	90	45666027	95340
chr17	45570687	45770687	harbor2	chr17	45670172	45670336	SINE/MIR	580	+	82	45670254	99567
chr17	63685707	63885707	harbor2	chr17	63686868	63687006	SINE/MIR	545	+	69	63686937	1230
chr17	63685707	63885707	harbor2	chr17	63716879	63717113	SINE/MIR	558	+	117	63716996	31289
chr17	52958646	53158646	harbor2	chr17	53004827	53005016	SINE/MIR	605	+	94	53004921	46275
chr17	52958646	53158646	harbor2	chr17	53014616	53014837	SINE/MIR	744	+	110	53014726	56080
chr17	73944461	74144461	harbor2	chr17	73956438	73956573	SINE/MIR	548	+	68	73956506	12045
chr17	73944461	74144461	harbor2	chr17	73966760	73966952	SINE/MIR	547	+	96	73966856	22395
chr17	73944461	74144461	harbor2	chr17	73969560	73969760	SINE/MIR	498	+	100	73969660	25199
chr17	73944461	74144461	harbor2	chr17	74022635	74022829	SINE/MIR	685	+	97	74022732	78271
chr17	73944461	74144461	harbor2	chr17	74042515	74042768	SINE/MIR	517	+	126	74042641	98180
chr17	46731429	46931429	harbor2	chr17	46829780	46830027	SINE/MIR	513	+	124	46829904	98475
chr17	65419756	65619756	harbor2	chr17	65420728	65420958	SINE/MIR	525	+	115	65420843	1087
chr17	65419756	65619756	harbor2	chr17	65469457	65469651	SINE/MIR	611	+	97	65469554	49798
chr17	65419756	65619756	harbor2	chr17	65472279	65472479	SINE/MIR	721	+	100	65472379	52623
chr17	35723883	35923883	harbor2	chr17	35750784	35751000	SINE/MIR	664	+	108	35750892	27009
chr17	35723883	35923883	harbor2	chr17	35769124	35769291	SINE/MIR	513	+	84	35769208	45325
chr17	35723883	35923883	harbor2	chr17	35770532	35770714	SINE/MIR	504	+	91	35770623	46740
chr17	35723883	35923883	harbor2	chr17	35779451	35779599	SINE/MIR	529	+	74	35779525	55642
chr17	35723883	35923883	harbor2	chr17	35779652	35779865	SINE/MIR	567	+	106	35779758	55875
chr17	35723883	35923883	harbor2	chr17	35785320	35785454	SINE/MIR	501	+	67	35785387	61504
chr17	35723883	35923883	harbor2	chr17	35796033	35796227	SINE/MIR	603	+	97	35796130	72247
chr17	79174182	79374182	harbor2	chr17	79226567	79226772	SINE/MIR	587	+	102	79226669	52487
chr17	45308827	45508827	harbor2	chr17	45336050	45336243	SINE/MIR	605	+	96	45336146	27319
chr17	45308827	45508827	harbor2	chr17	45343215	45343431	SINE/MIR	860	+	108	45343323	34496
chr17	45308827	45508827	harbor2	chr17	45372666	45372827	SINE/MIR	589	+	80	45372746	63919
chr17	74216489	74416489	harbor2	chr17	74246242	74246474	SINE/MIR	632	+	116	74246358	29869
chr17	74216489	74416489	harbor2	chr17	74255146	74255386	SINE/MIR	644	+	120	74255266	38777
chr17	73842588	74042588	harbor2	chr17	73850905	73851050	SINE/MIR	547	+	72	73850977	8389
chr17	73842588	74042588	harbor2	chr17	73889288	73889490	SINE/MIR	757	+	101	73889389	46801
chr17	73842588	74042588	harbor2	chr17	73895972	73896109	SINE/MIR	517	+	68	73896040	53452
chr17	73842588	74042588	harbor2	chr17	73898700	73898831	SINE/MIR	549	+	66	73898766	56178
chr17	73842588	74042588	harbor2	chr17	73899141	73899159	SINE/MIR	549	+	9	73899150	56562
chr17	73842588	74042588	harbor2	chr17	73931079	73931174	SINE/MIR	897	+	48	73931127	88539
chr17	73842588	74042588	harbor2	chr17	73931547	73931713	SINE/MIR	897	+	83	73931630	89042
chr17	73842588	74042588	harbor2	chr17	73936767	73936969	SINE/MIR	536	+	101	73936868	94280
chr17	67269928	67469928	harbor2	chr17	67362720	67362905	SINE/MIR	559	+	92	67362812	92884
chr17	67269928	67469928	harbor2	chr17	67365235	67365497	SINE/MIR	867	+	131	67365366	95438
chr17	79347960	79547960	harbor2	chr17	79375834	79376039	SINE/MIR	788	+	102	79375936	27976
chr17	78462222	78662222	harbor2	chr17	78481475	78481674	SINE/MIR	554	+	100	78481575	19353
chr17	78462222	78662222	harbor2	chr17	78487144	78487362	SINE/MIR	592	+	109	78487253	25031
chr17	68359538	68559538	harbor2	chr17	68381886	68381947	SINE/MIR	858	+	30	68381916	22378
chr17	68359538	68559538	harbor2	chr17	68382245	68382456	SINE/MIR	858	+	106	68382351	22813
chr17	73735688	73935688	harbor2	chr17	73738687	73738915	SINE/MIR	587	+	114	73738801	3113
chr17	73735688	73935688	harbor2	chr17	73745795	73745979	SINE/MIR	737	+	92	73745887	10199
chr17	73735688	73935688	harbor2	chr17	73777704	73777911	SINE/MIR	741	+	104	73777808	42120
chr17	73735688	73935688	harbor2	chr17	73782890	73783087	SINE/MIR	685	+	98	73782988	47300
chr17	73735688	73935688	harbor2	chr17	73825454	73825670	SINE/MIR	563	+	108	73825562	89874
chr17	64581505	64781505	harbor2	chr17	64618849	64619129	SINE/MIR	817	+	140	64618989	37484
chr17	64581505	64781505	harbor2	chr17	64632723	64632939	SINE/MIR	537	+	108	64632831	51326
chr17	70347428	70547428	harbor2	chr17	70416343	70416470	SINE/MIR	505	+	64	70416407	68979
chr17	38973015	39173015	harbor2	chr17	39032770	39032979	SINE/MIR	967	+	104	39032874	59859
chr17	38973015	39173015	harbor2	chr17	39070334	39070577	SINE/MIR	957	+	122	39070456	97441
chr17	67280404	67480404	harbor2	chr17	67362720	67362905	SINE/MIR	559	+	92	67362812	82408
chr17	67280404	67480404	harbor2	chr17	67365235	67365497	SINE/MIR	867	+	131	67365366	84962
chr17	70362518	70562518	harbor2	chr17	70416343	70416470	SINE/MIR	505	+	64	70416407	53889
chr17	73115608	73315608	harbor2	chr17	73143615	73143758	SINE/MIR	534	+	72	73143687	28079
chr17	73115608	73315608	harbor2	chr17	73158326	73158516	SINE/MIR	864	+	95	73158421	42813
chr17	73115608	73315608	harbor2	chr17	73159775	73159966	SINE/MIR	543	+	96	73159871	44263
chr17	73115608	73315608	harbor2	chr17	73168038	73168225	SINE/MIR	572	+	94	73168132	52524
chr17	73115608	73315608	harbor2	chr17	73184244	73184403	SINE/MIR	587	+	80	73184324	68716
chr17	73115608	73315608	harbor2	chr17	73184686	73184777	SINE/MIR	587	+	46	73184732	69124
chr17	73115608	73315608	harbor2	chr17	73138150	73138317	SINE/MIR	516	+	84	73138234	22626
chr17	51248948	51448948	harbor2	chr17	51263609	51263832	SINE/MIR	562	+	112	51263721	14773
chr17	51248948	51448948	harbor2	chr17	51322621	51322854	SINE/MIR	829	+	116	51322737	73789
chr17	51248948	51448948	harbor2	chr17	51345931	51346127	SINE/MIR	627	+	98	51346029	97081
chr17	51248948	51448948	harbor2	chr17	51346177	51346403	SINE/MIR	681	+	113	51346290	97342
chr17	51248948	51448948	harbor2	chr17	51348228	51348304	SINE/MIR	755	+	38	51348266	99318
chr17	51248948	51448948	harbor2	chr17	51348813	51348962	SINE/MIR	755	+	74	51348887	99939
chr17	49439195	49639195	harbor2	chr17	49469264	49469415	SINE/MIR	528	+	76	49469340	30145
chr17	49439195	49639195	harbor2	chr17	49476572	49476707	SINE/MIR	574	+	68	49476640	37445
chr17	49439195	49639195	harbor2	chr17	49477018	49477064	SINE/MIR	574	+	23	49477041	37846
chr17	49439195	49639195	harbor2	chr17	49525717	49525930	SINE/MIR	719	+	106	49525823	86628
chr17	49439195	49639195	harbor2	chr17	49446846	49447096	SINE/MIR	1031	+	125	49446971	7776
chr17	69627362	69827362	harbor2	chr17	69692808	69693048	SINE/MIR	584	+	120	69692928	65566
chr17	69627362	69827362	harbor2	chr17	69713670	69713841	SINE/MIR	518	+	86	69713756	86394
chr17	69627362	69827362	harbor2	chr17	69722986	69723157	SINE/MIR	519	+	86	69723072	95710
chr17	73773488	73973488	harbor2	chr17	73777704	73777911	SINE/MIR	741	+	104	73777808	4320
chr17	73773488	73973488	harbor2	chr17	73782890	73783087	SINE/MIR	685	+	98	73782988	9500
chr17	73773488	73973488	harbor2	chr17	73825454	73825670	SINE/MIR	563	+	108	73825562	52074
chr17	73773488	73973488	harbor2	chr17	73850905	73851050	SINE/MIR	547	+	72	73850977	77489
chr17	67847044	68047044	harbor2	chr17	67847040	67847228	SINE/MIR	580	+	94	67847134	90
chr17	72760985	72960985	harbor2	chr17	72850584	72850818	SINE/MIR	606	+	117	72850701	89716
chr17	36052860	36252860	harbor2	chr17	36096921	36097149	SINE/MIR	721	+	114	36097035	44175
chr17	36052860	36252860	harbor2	chr17	36103044	36103268	SINE/MIR	758	+	112	36103156	50296
chr17	64411574	64611574	harbor2	chr17	64413080	64413302	SINE/MIR	695	+	111	64413191	1617
chr17	64411574	64611574	harbor2	chr17	64455743	64455756	SINE/MIR	687	+	6	64455749	44175
chr17	64411574	64611574	harbor2	chr17	64456071	64456274	SINE/MIR	687	+	102	64456173	44599
chr17	64411574	64611574	harbor2	chr17	64459563	64459789	SINE/MIR	681	+	113	64459676	48102
chr17	40643156	40843156	harbor2	chr17	40682243	40682399	SINE/MIR	512	+	78	40682321	39165
chr17	40643156	40843156	harbor2	chr17	40730664	40730910	SINE/MIR	685	+	123	40730787	87631
chr17	54002434	54202434	harbor2	chr17	54012663	54012841	SINE/MIR	516	+	89	54012752	10318
chr17	54002434	54202434	harbor2	chr17	54027918	54028142	SINE/MIR	603	+	112	54028030	25596
chr17	54002434	54202434	harbor2	chr17	54084844	54085052	SINE/MIR	533	+	104	54084948	82514
chr17	37316079	37516079	harbor2	chr17	37320548	37320664	SINE/MIR	547	+	58	37320606	4527
chr17	37316079	37516079	harbor2	chr17	37320969	37321095	SINE/MIR	547	+	63	37321032	4953
chr17	37316079	37516079	harbor2	chr17	37367432	37367684	SINE/MIR	555	+	126	37367558	51479
chr17	37316079	37516079	harbor2	chr17	37388854	37389072	SINE/MIR	555	+	109	37388963	72884
chr17	37316079	37516079	harbor2	chr17	37406013	37406215	SINE/MIR	596	+	101	37406114	90035
chr17	13411141	13611141	harbor2	chr17	13436105	13436282	SINE/MIR	546	+	88	13436193	25052
chr17	13411141	13611141	harbor2	chr17	13496880	13497096	SINE/MIR	578	+	108	13496988	85847
chr17	16095547	16295547	harbor2	chr17	16141812	16142028	SINE/MIR	626	+	108	16141920	46373
chr17	16095547	16295547	harbor2	chr17	16121832	16122070	SINE/MIR	936	+	119	16121951	26404
chr17	75589279	75789279	harbor2	chr17	75595418	75595604	SINE/MIR	550	+	93	75595511	6232
chr17	75589279	75789279	harbor2	chr17	75601819	75601974	SINE/MIR	584	+	78	75601897	12618
chr17	37142008	37342008	harbor2	chr17	37165320	37165463	SINE/MIR	585	+	72	37165392	23384
chr17	37142008	37342008	harbor2	chr17	37166639	37166858	SINE/MIR	634	+	110	37166749	24741
chr17	37142008	37342008	harbor2	chr17	37168077	37168244	SINE/MIR	671	+	84	37168161	26153
chr17	37142008	37342008	harbor2	chr17	37222865	37223049	SINE/MIR	660	+	92	37222957	80949
chr17	37142008	37342008	harbor2	chr17	37223717	37223877	SINE/MIR	584	+	80	37223797	81789
chr17	37142008	37342008	harbor2	chr17	37235246	37235409	SINE/MIR	605	+	82	37235328	93320
chr17	69966224	70166224	harbor2	chr17	69975610	69975789	SINE/MIR	551	+	90	69975700	9476
chr17	69966224	70166224	harbor2	chr17	70021964	70022149	SINE/MIR	557	+	92	70022056	55832
chr17	69966224	70166224	harbor2	chr17	70049196	70049439	SINE/MIR	867	+	122	70049318	83094
chr17	69966224	70166224	harbor2	chr17	70059686	70059878	SINE/MIR	548	+	96	70059782	93558
chr17	50103877	50303877	harbor2	chr17	50114884	50115108	SINE/MIR	607	+	112	50114996	11119
chr17	50103877	50303877	harbor2	chr17	50116153	50116377	SINE/MIR	573	+	112	50116265	12388
chr17	50103877	50303877	harbor2	chr17	50117831	50118005	SINE/MIR	532	+	87	50117918	14041
chr17	50103877	50303877	harbor2	chr17	50121788	50122024	SINE/MIR	798	+	118	50121906	18029
chr17	50103877	50303877	harbor2	chr17	50124454	50124693	SINE/MIR	689	+	120	50124574	20697
chr17	50103877	50303877	harbor2	chr17	50153599	50153710	SINE/MIR	501	+	56	50153655	49778
chr17	50103877	50303877	harbor2	chr17	50164723	50164888	SINE/MIR	619	+	82	50164805	60928
chr17	48024005	48224005	harbor2	chr17	48118068	48118266	SINE/MIR	614	+	99	48118167	94162
chr17	21620843	21820843	harbor2	chr17	21670522	21670714	SINE/MIR	588	+	96	21670618	49775
chr17	21620843	21820843	harbor2	chr17	21698233	21698416	SINE/MIR	585	+	92	21698325	77482
chr17	70069375	70269375	harbor2	chr17	70140431	70140624	SINE/MIR	823	+	96	70140527	71152
chr17	70069375	70269375	harbor2	chr17	70145569	70145788	SINE/MIR	660	+	110	70145679	76304
chr17	68893890	69093890	harbor2	chr17	68918619	68918651	SINE/MIR	687	+	16	68918635	24745
chr17	68893890	69093890	harbor2	chr17	68918959	68919171	SINE/MIR	687	+	106	68919065	25175
chr17	68105019	68305019	harbor2	chr17	68131924	68132141	SINE/MIR	678	+	108	68132032	27013
chr17	68105019	68305019	harbor2	chr17	68183720	68183863	SINE/MIR	541	+	72	68183792	78773
chr17	79212468	79412468	harbor2	chr17	79226567	79226772	SINE/MIR	587	+	102	79226669	14201
chr17	42457674	42657674	harbor2	chr17	42539144	42539323	SINE/MIR	564	+	90	42539234	81560
chr17	29255173	29455173	harbor2	chr17	29300475	29300707	SINE/MIR	529	+	116	29300591	45418
chr17	29255173	29455173	harbor2	chr17	29316778	29316966	SINE/MIR	517	+	94	29316872	61699
chr17	30466528	30666528	harbor2	chr17	30469275	30469489	SINE/MIR	616	+	107	30469382	2854
chr17	30466528	30666528	harbor2	chr17	30565545	30565668	SINE/MIR	501	+	62	30565607	99079
chr17	40950820	41150820	harbor2	chr17	40951951	40952145	SINE/MIR	688	+	97	40952048	1228
chr17	40950820	41150820	harbor2	chr17	40955206	40955320	SINE/MIR	513	+	57	40955263	4443
chr17	40950820	41150820	harbor2	chr17	40964038	40964288	SINE/MIR	679	+	125	40964163	13343
chr17	40950820	41150820	harbor2	chr17	40979029	40979233	SINE/MIR	743	+	102	40979131	28311
chr17	40950820	41150820	harbor2	chr17	40979516	40979557	SINE/MIR	743	+	20	40979536	28716
chr17	40950820	41150820	harbor2	chr17	40981242	40981460	SINE/MIR	510	+	109	40981351	30531
chr17	71892499	72092499	harbor2	chr17	71956612	71956744	SINE/MIR	510	+	66	71956678	64179
chr17	71892499	72092499	harbor2	chr17	71957055	71957153	SINE/MIR	510	+	49	71957104	64605
chr17	71680333	71880333	harbor2	chr17	71750220	71750447	SINE/MIR	540	+	114	71750334	70001
chr17	73148530	73348530	harbor2	chr17	73158326	73158516	SINE/MIR	864	+	95	73158421	9891
chr17	73148530	73348530	harbor2	chr17	73159775	73159966	SINE/MIR	543	+	96	73159871	11341
chr17	73148530	73348530	harbor2	chr17	73168038	73168225	SINE/MIR	572	+	94	73168132	19602
chr17	73148530	73348530	harbor2	chr17	73184244	73184403	SINE/MIR	587	+	80	73184324	35794
chr17	73148530	73348530	harbor2	chr17	73184686	73184777	SINE/MIR	587	+	46	73184732	36202
chr17	27938244	28138244	harbor2	chr17	27938952	27939192	SINE/MIR	1258	+	120	27939072	828
chr17	27938244	28138244	harbor2	chr17	27946679	27946889	SINE/MIR	579	+	105	27946784	8540
chr17	27938244	28138244	harbor2	chr17	27964673	27964891	SINE/MIR	637	+	109	27964782	26538
chr17	27938244	28138244	harbor2	chr17	27982041	27982260	SINE/MIR	550	+	110	27982151	43907
chr17	27938244	28138244	harbor2	chr17	27982995	27983215	SINE/MIR	726	+	110	27983105	44861
chr17	27938244	28138244	harbor2	chr17	27983964	27984210	SINE/MIR	779	+	123	27984087	45843
chr17	27938244	28138244	harbor2	chr17	27991395	27991579	SINE/MIR	524	+	92	27991487	53243
chr17	27938244	28138244	harbor2	chr17	28020948	28021153	SINE/MIR	524	+	102	28021050	82806
chr17	27938244	28138244	harbor2	chr17	28023723	28023833	SINE/MIR	679	+	55	28023778	85534
chr17	27938244	28138244	harbor2	chr17	28024147	28024253	SINE/MIR	679	+	53	28024200	85956
chr17	52647184	52847184	harbor2	chr17	52720195	52720378	SINE/MIR	572	+	92	52720287	73103
chr17	76537788	76737788	harbor2	chr17	76545548	76545784	SINE/MIR	667	+	118	76545666	7878
chr17	76537788	76737788	harbor2	chr17	76551783	76552026	SINE/MIR	550	+	122	76551905	14117
chr17	76537788	76737788	harbor2	chr17	76554769	76554903	SINE/MIR	906	+	67	76554836	17048
chr17	76537788	76737788	harbor2	chr17	76555754	76555856	SINE/MIR	906	+	51	76555805	18017
chr17	76537788	76737788	harbor2	chr17	76579520	76579548	SINE/MIR	599	+	14	76579534	41746
chr17	76537788	76737788	harbor2	chr17	76579941	76580130	SINE/MIR	599	+	94	76580035	42247
chr17	76537788	76737788	harbor2	chr17	76597896	76598113	SINE/MIR	654	+	108	76598004	60216
chr17	73956592	74156592	harbor2	chr17	73966760	73966952	SINE/MIR	547	+	96	73966856	10264
chr17	73956592	74156592	harbor2	chr17	73969560	73969760	SINE/MIR	498	+	100	73969660	13068
chr17	73956592	74156592	harbor2	chr17	74022635	74022829	SINE/MIR	685	+	97	74022732	66140
chr17	73956592	74156592	harbor2	chr17	74042515	74042768	SINE/MIR	517	+	126	74042641	86049
chr17	73956592	74156592	harbor2	chr17	74048923	74049137	SINE/MIR	547	+	107	74049030	92438
chr17	71540782	71740782	harbor2	chr17	71573486	71573649	SINE/MIR	501	+	82	71573568	32786
chr17	71540782	71740782	harbor2	chr17	71596671	71596831	SINE/MIR	506	+	80	71596751	55969
chr17	72791413	72991413	harbor2	chr17	72850584	72850818	SINE/MIR	606	+	117	72850701	59288
chr17	41608638	41808638	harbor2	chr17	41609353	41609598	SINE/MIR	637	+	122	41609475	837
chr17	50633840	50833840	harbor2	chr17	50710346	50710546	SINE/MIR	840	+	100	50710446	76606
chr17	66967525	67167525	harbor2	chr17	66976148	66976321	SINE/MIR	518	+	86	66976234	8709
chr17	66967525	67167525	harbor2	chr17	66977400	66977647	SINE/MIR	649	+	124	66977524	9999
chr17	66967525	67167525	harbor2	chr17	66978104	66978348	SINE/MIR	505	+	122	66978226	10701
chr17	66967525	67167525	harbor2	chr17	66999012	66999252	SINE/MIR	777	+	120	66999132	31607
chr17	66967525	67167525	harbor2	chr17	67002663	67002911	SINE/MIR	573	+	124	67002787	35262
chr17	66967525	67167525	harbor2	chr17	67003789	67003971	SINE/MIR	503	+	91	67003880	36355
chr17	66967525	67167525	harbor2	chr17	67043068	67043265	SINE/MIR	718	+	98	67043166	75641
chr17	57862295	58062295	harbor2	chr17	57901111	57901268	SINE/MIR	646	+	78	57901189	38894
chr17	57862295	58062295	harbor2	chr17	57943960	57944187	SINE/MIR	782	+	114	57944074	81779
chr17	57862295	58062295	harbor2	chr17	57949877	57950107	SINE/MIR	892	+	115	57949992	87697
chr17	58174345	58374345	harbor2	chr17	58194137	58194305	SINE/MIR	540	+	84	58194221	19876
chr17	58174345	58374345	harbor2	chr17	58207387	58207568	SINE/MIR	761	+	90	58207477	33132
chr17	58174345	58374345	harbor2	chr17	58212581	58212810	SINE/MIR	926	+	114	58212695	38350
chr17	58174345	58374345	harbor2	chr17	58250133	58250314	SINE/MIR	544	+	90	58250223	75878
chr17	58174345	58374345	harbor2	chr17	58251598	58251849	SINE/MIR	792	+	126	58251724	77379
chr17	58174345	58374345	harbor2	chr17	58265038	58265249	SINE/MIR	855	+	106	58265144	90799
chr17	58174345	58374345	harbor2	chr17	58266972	58267120	SINE/MIR	602	+	74	58267046	92701
chr17	58174345	58374345	harbor2	chr17	58272294	58272442	SINE/MIR	591	+	74	58272368	98023
chr17	73364717	73564717	harbor2	chr17	73397638	73397839	SINE/MIR	648	+	100	73397738	33021
chr17	73364717	73564717	harbor2	chr17	73399810	73400006	SINE/MIR	802	+	98	73399908	35191
chr17	73364717	73564717	harbor2	chr17	73425406	73425514	SINE/MIR	682	+	54	73425460	60743
chr17	73364717	73564717	harbor2	chr17	73425807	73425971	SINE/MIR	682	+	82	73425889	61172
chr17	73364717	73564717	harbor2	chr17	73438208	73438429	SINE/MIR	587	+	110	73438318	73601
chr17	64363021	64563021	harbor2	chr17	64368389	64368564	SINE/MIR	529	+	88	64368477	5456
chr17	64363021	64563021	harbor2	chr17	64378697	64378922	SINE/MIR	638	+	112	64378809	15788
chr17	64363021	64563021	harbor2	chr17	64382286	64382509	SINE/MIR	630	+	112	64382398	19377
chr17	64363021	64563021	harbor2	chr17	64413080	64413302	SINE/MIR	695	+	111	64413191	50170
chr17	64363021	64563021	harbor2	chr17	64455743	64455756	SINE/MIR	687	+	6	64455749	92728
chr17	64363021	64563021	harbor2	chr17	64456071	64456274	SINE/MIR	687	+	102	64456173	93152
chr17	64363021	64563021	harbor2	chr17	64459563	64459789	SINE/MIR	681	+	113	64459676	96655
chr17	57321430	57521430	harbor2	chr17	57333045	57333285	SINE/MIR	896	+	120	57333165	11735
chr17	57321430	57521430	harbor2	chr17	57412804	57413041	SINE/MIR	946	+	118	57412922	91492
chr17	65643697	65843697	harbor2	chr17	65686901	65687158	SINE/MIR	629	+	128	65687029	43332
chr17	65643697	65843697	harbor2	chr17	65711241	65711483	SINE/MIR	860	+	121	65711362	67665
chr17	65643697	65843697	harbor2	chr17	65740991	65741254	SINE/MIR	793	+	132	65741123	97426
chr17	73127139	73327139	harbor2	chr17	73143615	73143758	SINE/MIR	534	+	72	73143687	16548
chr17	73127139	73327139	harbor2	chr17	73158326	73158516	SINE/MIR	864	+	95	73158421	31282
chr17	73127139	73327139	harbor2	chr17	73159775	73159966	SINE/MIR	543	+	96	73159871	32732
chr17	73127139	73327139	harbor2	chr17	73168038	73168225	SINE/MIR	572	+	94	73168132	40993
chr17	73127139	73327139	harbor2	chr17	73184244	73184403	SINE/MIR	587	+	80	73184324	57185
chr17	73127139	73327139	harbor2	chr17	73184686	73184777	SINE/MIR	587	+	46	73184732	57593
chr17	73127139	73327139	harbor2	chr17	73138150	73138317	SINE/MIR	516	+	84	73138234	11095
chr17	50302361	50502361	harbor2	chr17	50369016	50369244	SINE/MIR	846	+	114	50369130	66769
chr17	50302361	50502361	harbor2	chr17	50389346	50389556	SINE/MIR	519	+	105	50389451	87090
chr17	50302361	50502361	harbor2	chr17	50398307	50398552	SINE/MIR	506	+	122	50398429	96068
chr17	38833386	39033386	harbor2	chr17	38837741	38837896	SINE/MIR	651	+	78	38837819	4433
chr17	38833386	39033386	harbor2	chr17	38838182	38838256	SINE/MIR	651	+	37	38838219	4833
chr17	38833386	39033386	harbor2	chr17	38894398	38894598	SINE/MIR	533	+	100	38894498	61112
chr17	38833386	39033386	harbor2	chr17	38897970	38898235	SINE/MIR	547	+	132	38898102	64716
chr17	75344412	75544412	harbor2	chr17	75401616	75401811	SINE/MIR	639	+	98	75401714	57302
chr17	79421133	79621133	harbor2	chr17	79499585	79499814	SINE/MIR	695	+	114	79499699	78566
chr17	79421133	79621133	harbor2	chr17	79513566	79513748	SINE/MIR	569	+	91	79513657	92524
chr17	79421133	79621133	harbor2	chr17	79462260	79462472	SINE/MIR	572	+	106	79462366	41233
chr17	58492305	58692305	harbor2	chr17	58496717	58496887	SINE/MIR	503	+	85	58496802	4497
chr17	58492305	58692305	harbor2	chr17	58497367	58497564	SINE/MIR	553	+	98	58497465	5160
chr17	58492305	58692305	harbor2	chr17	58533308	58533423	SINE/MIR	630	+	58	58533366	41061
chr17	58492305	58692305	harbor2	chr17	58575887	58576050	SINE/MIR	512	+	82	58575969	83664
chr17	51959180	52159180	harbor2	chr17	52036629	52036811	SINE/MIR	688	+	91	52036720	77540
chr17	51959180	52159180	harbor2	chr17	52049235	52049480	SINE/MIR	882	+	122	52049357	90177
chr17	61808713	62008713	harbor2	chr17	61836891	61837077	SINE/MIR	769	+	93	61836984	28271
chr17	61808713	62008713	harbor2	chr17	61844768	61844933	SINE/MIR	503	+	82	61844850	36137
chr17	61808713	62008713	harbor2	chr17	61861726	61861892	SINE/MIR	513	+	83	61861809	53096
chr17	61808713	62008713	harbor2	chr17	61862287	61862482	SINE/MIR	535	+	98	61862385	53672
chr17	61808713	62008713	harbor2	chr17	61870828	61871058	SINE/MIR	1041	+	115	61870943	62230
chr17	61808713	62008713	harbor2	chr17	61875266	61875407	SINE/MIR	498	+	70	61875336	66623
chr17	44686384	44886384	harbor2	chr17	44757407	44757584	SINE/MIR	538	+	88	44757495	71111
chr17	44686384	44886384	harbor2	chr17	44764602	44764816	SINE/MIR	592	+	107	44764709	78325
chr17	44686384	44886384	harbor2	chr17	44768452	44768667	SINE/MIR	782	+	108	44768560	82176
chr17	72820192	73020192	harbor2	chr17	72850584	72850818	SINE/MIR	606	+	117	72850701	30509
chr17	49459931	49659931	harbor2	chr17	49469264	49469415	SINE/MIR	528	+	76	49469340	9409
chr17	49459931	49659931	harbor2	chr17	49476572	49476707	SINE/MIR	574	+	68	49476640	16709
chr17	49459931	49659931	harbor2	chr17	49477018	49477064	SINE/MIR	574	+	23	49477041	17110
chr17	49459931	49659931	harbor2	chr17	49525717	49525930	SINE/MIR	719	+	106	49525823	65892
chr17	61628646	61828646	harbor2	chr17	61643005	61643173	SINE/MIR	614	+	84	61643089	14443
chr17	81189147	81389147	harbor2	chr17	81273309	81273485	SINE/MIR	640	+	88	81273397	84250
chr17	79060569	79260569	harbor2	chr17	79158302	79158440	SINE/MIR	503	+	69	79158371	97802
chr17	27603443	27803443	harbor2	chr17	27608243	27608413	SINE/MIR	558	+	85	27608328	4885
chr17	27603443	27803443	harbor2	chr17	27608949	27609149	SINE/MIR	617	+	100	27609049	5606
chr17	27603443	27803443	harbor2	chr17	27631649	27631868	SINE/MIR	503	+	110	27631759	28316
chr17	27603443	27803443	harbor2	chr17	27633144	27633267	SINE/MIR	579	+	62	27633206	29763
chr17	27603443	27803443	harbor2	chr17	27642620	27642808	SINE/MIR	632	+	94	27642714	39271
chr17	27603443	27803443	harbor2	chr17	27648274	27648449	SINE/MIR	684	+	88	27648362	44919
chr17	27603443	27803443	harbor2	chr17	27658003	27658183	SINE/MIR	545	+	90	27658093	54650
chr17	63915538	64115538	harbor2	chr17	63942339	63942475	SINE/MIR	510	+	68	63942407	26869
chr17	63915538	64115538	harbor2	chr17	63952912	63953080	SINE/MIR	720	+	84	63952996	37458
chr17	63915538	64115538	harbor2	chr17	63953389	63953454	SINE/MIR	720	+	32	63953421	37883
chr17	49960885	50160885	harbor2	chr17	49976779	49977039	SINE/MIR	821	+	130	49976909	16024
chr17	49960885	50160885	harbor2	chr17	49992021	49992254	SINE/MIR	951	+	116	49992137	31252
chr17	49960885	50160885	harbor2	chr17	50038790	50038982	SINE/MIR	641	+	96	50038886	78001
chr17	49960885	50160885	harbor2	chr17	50044074	50044249	SINE/MIR	608	+	88	50044162	83277
chr17	49960885	50160885	harbor2	chr17	50053821	50054009	SINE/MIR	520	+	94	50053915	93030
chr17	49960885	50160885	harbor2	chr17	50054168	50054384	SINE/MIR	603	+	108	50054276	93391
chr17	49960885	50160885	harbor2	chr17	49987501	49987688	SINE/MIR	529	+	94	49987595	26710
chr17	28620592	28820592	harbor2	chr17	28661339	28661547	SINE/MIR	565	+	104	28661443	40851
chr17	28620592	28820592	harbor2	chr17	28706262	28706504	SINE/MIR	794	+	121	28706383	85791
chr17	28620592	28820592	harbor2	chr17	28716234	28716393	SINE/MIR	618	+	80	28716314	95722
chr18	57174368	57374368	harbor2	chr18	57194931	57195127	SINE/MIR	702	+	98	57195029	20661
chr18	57174368	57374368	harbor2	chr18	57199284	57199468	SINE/MIR	429	+	92	57199376	25008
chr18	57174368	57374368	harbor2	chr18	57206739	57206785	SINE/MIR	502	+	23	57206762	32394
chr18	57174368	57374368	harbor2	chr18	57207175	57207328	SINE/MIR	502	+	76	57207251	32883
chr18	57174368	57374368	harbor2	chr18	57213187	57213384	SINE/MIR	484	+	98	57213285	38917
chr18	57174368	57374368	harbor2	chr18	57259413	57259664	SINE/MIR	755	+	126	57259539	85171
chr18	62249951	62449951	harbor2	chr18	62276206	62276445	SINE/MIR	709	+	120	62276326	26375
chr18	62249951	62449951	harbor2	chr18	62277912	62278091	SINE/MIR	461	+	90	62278002	28051
chr18	62249951	62449951	harbor2	chr18	62321778	62321967	SINE/MIR	679	+	94	62321872	71921
chr18	63193890	63393890	harbor2	chr18	63217654	63217803	SINE/MIR	509	+	74	63217728	23838
chr18	63193890	63393890	harbor2	chr18	63234532	63234674	SINE/MIR	463	+	71	63234603	40713
chr18	63193890	63393890	harbor2	chr18	63234676	63234873	SINE/MIR	683	+	98	63234774	40884
chr18	63193890	63393890	harbor2	chr18	63266719	63266912	SINE/MIR	653	+	96	63266815	72925
chr18	63193890	63393890	harbor2	chr18	63280188	63280404	SINE/MIR	892	+	108	63280296	86406
chr18	76133957	76333957	harbor2	chr18	76152986	76153209	SINE/MIR	419	+	112	76153098	19141
chr18	76133957	76333957	harbor2	chr18	76174106	76174292	SINE/MIR	551	+	93	76174199	40242
chr18	76133957	76333957	harbor2	chr18	76214892	76215088	SINE/MIR	418	+	98	76214990	81033
chr18	76133957	76333957	harbor2	chr18	76224894	76225136	SINE/MIR	493	+	121	76225015	91058
chr18	38721815	38921815	harbor2	chr18	38722058	38722280	SINE/MIR	524	+	111	38722169	354
chr18	61209030	61409030	harbor2	chr18	61218817	61219029	SINE/MIR	627	+	106	61218923	9893
chr18	61209030	61409030	harbor2	chr18	61249912	61250123	SINE/MIR	603	+	106	61250018	40988
chr18	61209030	61409030	harbor2	chr18	61285719	61285925	SINE/MIR	804	+	103	61285822	76792
chr18	44214395	44414395	harbor2	chr18	44258945	44259152	SINE/MIR	490	+	104	44259049	44654
chr18	76819366	77019366	harbor2	chr18	76904887	76905119	SINE/MIR	423	+	116	76905003	85637
chr18	78738687	78938687	harbor2	chr18	78761991	78762209	SINE/MIR	520	+	109	78762100	23413
chr18	62838927	63038927	harbor2	chr18	62854643	62854693	SINE/MIR	539	+	25	62854668	15741
chr18	62838927	63038927	harbor2	chr18	62854997	62855186	SINE/MIR	539	+	94	62855091	16164
chr18	61459745	61659745	harbor2	chr18	61532068	61532297	SINE/MIR	973	+	114	61532182	72437
chr18	61459745	61659745	harbor2	chr18	61532942	61532999	SINE/MIR	484	+	28	61532970	73225
chr18	61459745	61659745	harbor2	chr18	61533327	61533455	SINE/MIR	484	+	64	61533391	73646
chr18	61459745	61659745	harbor2	chr18	61548289	61548519	SINE/MIR	618	+	115	61548404	88659
chr18	35912189	36112189	harbor2	chr18	35966388	35966535	SINE/MIR	418	+	74	35966462	54273
chr18	35912189	36112189	harbor2	chr18	35969143	35969247	SINE/MIR	458	+	52	35969195	57006
chr18	35912189	36112189	harbor2	chr18	35985190	35985407	SINE/MIR	642	+	108	35985298	73109
chr18	35912189	36112189	harbor2	chr18	36005994	36006143	SINE/MIR	468	+	74	36006068	93879
chr18	72462255	72662255	harbor2	chr18	72484038	72484243	SINE/MIR	453	+	102	72484140	21885
chr18	72462255	72662255	harbor2	chr18	72521061	72521303	SINE/MIR	606	+	121	72521182	58927
chr18	72462255	72662255	harbor2	chr18	72530125	72530343	SINE/MIR	649	+	109	72530234	67979
chr18	58692434	58892434	harbor2	chr18	58715511	58715748	SINE/MIR	854	+	118	58715629	23195
chr18	58692434	58892434	harbor2	chr18	58727784	58727984	SINE/MIR	666	+	100	58727884	35450
chr18	63952609	64152609	harbor2	chr18	63977133	63977321	SINE/MIR	523	+	94	63977227	24618
chr18	63952609	64152609	harbor2	chr18	64008792	64009020	SINE/MIR	623	+	114	64008906	56297
chr18	63952609	64152609	harbor2	chr18	64015334	64015462	SINE/MIR	514	+	64	64015398	62789
chr18	63952609	64152609	harbor2	chr18	64030593	64030759	SINE/MIR	479	+	83	64030676	78067
chr18	78570793	78770793	harbor2	chr18	78596327	78596508	SINE/MIR	531	+	90	78596417	25624
chr18	80209221	80409221	harbor2	chr18	80231492	80231734	SINE/MIR	646	+	121	80231613	22392
chr18	80209221	80409221	harbor2	chr18	80241287	80241484	SINE/MIR	643	+	98	80241385	32164
chr18	70671600	70871600	harbor2	chr18	70698704	70698863	SINE/MIR	537	+	80	70698784	27184
chr18	70671600	70871600	harbor2	chr18	70727456	70727654	SINE/MIR	426	+	99	70727555	55955
chr18	78010560	78210560	harbor2	chr18	78010928	78011163	SINE/MIR	425	+	118	78011046	486
chr18	23454328	23654328	harbor2	chr18	23537476	23537705	SINE/MIR	509	+	114	23537590	83262
chr18	23454328	23654328	harbor2	chr18	23540669	23540820	SINE/MIR	601	+	76	23540745	86417
chr18	43872668	44072668	harbor2	chr18	43879495	43879739	SINE/MIR	426	+	122	43879617	6949
chr18	43872668	44072668	harbor2	chr18	43938769	43938962	SINE/MIR	437	+	96	43938865	66197
chr18	43872668	44072668	harbor2	chr18	43939398	43939565	SINE/MIR	489	+	84	43939482	66814
chr18	43872668	44072668	harbor2	chr18	43950681	43950906	SINE/MIR	567	+	112	43950793	78125
chr18	52636695	52836695	harbor2	chr18	52694694	52694881	SINE/MIR	463	+	94	52694788	58093
chr18	52636695	52836695	harbor2	chr18	52695157	52695295	SINE/MIR	422	+	69	52695226	58531
chr18	52636695	52836695	harbor2	chr18	52726667	52726891	SINE/MIR	527	+	112	52726779	90084
chr18	50245482	50445482	harbor2	chr18	50315279	50315541	SINE/MIR	540	+	131	50315410	69928
chr18	80141935	80341935	harbor2	chr18	80231492	80231734	SINE/MIR	646	+	121	80231613	89678
chr18	80141935	80341935	harbor2	chr18	80241287	80241484	SINE/MIR	643	+	98	80241385	99450
chr18	48857021	49057021	harbor2	chr18	48873578	48873725	SINE/MIR	422	+	74	48873652	16631
chr18	48857021	49057021	harbor2	chr18	48876682	48876858	SINE/MIR	570	+	88	48876770	19749
chr18	48857021	49057021	harbor2	chr18	48880283	48880406	SINE/MIR	465	+	62	48880345	23324
chr18	48857021	49057021	harbor2	chr18	48891943	48892180	SINE/MIR	427	+	118	48892061	35040
chr18	48857021	49057021	harbor2	chr18	48914049	48914224	SINE/MIR	421	+	88	48914137	57116
chr18	48857021	49057021	harbor2	chr18	48916102	48916292	SINE/MIR	543	+	95	48916197	59176
chr18	48857021	49057021	harbor2	chr18	48917967	48918184	SINE/MIR	441	+	108	48918075	61054
chr18	66334253	66534253	harbor2	chr18	66355716	66355896	SINE/MIR	541	+	90	66355806	21553
chr18	58317494	58517494	harbor2	chr18	58330420	58330599	SINE/MIR	601	+	90	58330510	13016
chr18	58317494	58517494	harbor2	chr18	58394940	58395164	SINE/MIR	504	+	112	58395052	77558
chr18	58317494	58517494	harbor2	chr18	58395591	58395805	SINE/MIR	441	+	107	58395698	78204
chr18	77652346	77852346	harbor2	chr18	77687782	77688025	SINE/MIR	767	+	122	77687904	35558
chr19	46561870	46761870	harbor2	chr19	46657192	46657342	SINE/MIR	620	+	75	46657267	95397
chr19	56771555	56971555	harbor2	chr19	56791164	56791413	SINE/MIR	716	+	124	56791288	19733
chr19	31523344	31723344	harbor2	chr19	31571346	31571532	SINE/MIR	669	+	93	31571439	48095
chr19	50741324	50941324	harbor2	chr19	50792363	50792571	SINE/MIR	763	+	104	50792467	51143
chr19	50741324	50941324	harbor2	chr19	50837543	50837713	SINE/MIR	637	+	85	50837628	96304
chr19	36843405	37043405	harbor2	chr19	36926427	36926631	SINE/MIR	670	+	102	36926529	83124
chr19	39881352	40081352	harbor2	chr19	39887260	39887481	SINE/MIR	704	+	110	39887370	6018
chr19	39881352	40081352	harbor2	chr19	39903512	39903733	SINE/MIR	704	+	110	39903622	22270
chr19	39881352	40081352	harbor2	chr19	39908936	39909166	SINE/MIR	735	+	115	39909051	27699
chr19	39881352	40081352	harbor2	chr19	39923827	39924073	SINE/MIR	820	+	123	39923950	42598
chr19	39881352	40081352	harbor2	chr19	39925580	39925812	SINE/MIR	777	+	116	39925696	44344
chr19	39881352	40081352	harbor2	chr19	39975536	39975746	SINE/MIR	735	+	105	39975641	94289
chr19	46287890	46487890	harbor2	chr19	46332008	46332232	SINE/MIR	703	+	112	46332120	44230
chr19	46287890	46487890	harbor2	chr19	46377228	46377450	SINE/MIR	899	+	111	46377339	89449
chr19	47578098	47778098	harbor2	chr19	47596302	47596433	SINE/MIR	634	+	66	47596368	18270
chr19	47578098	47778098	harbor2	chr19	47660760	47660928	SINE/MIR	652	+	84	47660844	82746
chr19	47578098	47778098	harbor2	chr19	47661230	47661257	SINE/MIR	652	+	14	47661244	83146
chr19	54095288	54295288	harbor2	chr19	54154330	54154522	SINE/MIR	716	+	96	54154426	59138
chr19	49891845	50091845	harbor2	chr19	49938165	49938346	SINE/MIR	776	+	90	49938255	46410
chr19	49891845	50091845	harbor2	chr19	49990141	49990360	SINE/MIR	832	+	110	49990251	98406
chr19	44267578	44467578	harbor2	chr19	44300138	44300356	SINE/MIR	870	+	109	44300247	32669
chr19	44267578	44467578	harbor2	chr19	44340990	44341207	SINE/MIR	661	+	108	44341098	73520
chr19	11219245	11419245	harbor2	chr19	11226194	11226376	SINE/MIR	691	+	91	11226285	7040
chr19	11219245	11419245	harbor2	chr19	11226683	11226745	SINE/MIR	691	+	31	11226714	7469
chr19	56725937	56925937	harbor2	chr19	56791164	56791413	SINE/MIR	716	+	124	56791288	65351
chr19	55398315	55598315	harbor2	chr19	55443974	55444159	SINE/MIR	689	+	92	55444066	45751
chr19	36180404	36380404	harbor2	chr19	36218123	36218357	SINE/MIR	742	+	117	36218240	37836
chr19	49840121	50040121	harbor2	chr19	49938165	49938346	SINE/MIR	776	+	90	49938255	98134
chr19	55114765	55314765	harbor2	chr19	55136058	55136256	SINE/MIR	931	+	99	55136157	21392
chr19	46685707	46885707	harbor2	chr19	46687452	46687673	SINE/MIR	832	+	110	46687562	1855
chr19	42033357	42233357	harbor2	chr19	42054908	42055169	SINE/MIR	847	+	130	42055038	21681
chr19	42033357	42233357	harbor2	chr19	42073133	42073367	SINE/MIR	704	+	117	42073250	39893
chr19	42033357	42233357	harbor2	chr19	42092650	42092899	SINE/MIR	855	+	124	42092774	59417
chr19	46322935	46522935	harbor2	chr19	46332008	46332232	SINE/MIR	703	+	112	46332120	9185
chr19	46322935	46522935	harbor2	chr19	46377228	46377450	SINE/MIR	899	+	111	46377339	54404
chr19	46322935	46522935	harbor2	chr19	46422461	46422685	SINE/MIR	776	+	112	46422573	99638
chr19	43375396	43575396	harbor2	chr19	43433770	43433902	SINE/MIR	905	+	66	43433836	58440
chr19	43375396	43575396	harbor2	chr19	43434210	43434287	SINE/MIR	905	+	38	43434248	58852
chr19	43375396	43575396	harbor2	chr19	43458633	43458973	SINE/MIR	878	+	170	43458803	83407
chr19	56170944	56370944	harbor2	chr19	56267641	56267869	SINE/MIR	667	+	114	56267755	96811
chr19	56699623	56899623	harbor2	chr19	56791164	56791413	SINE/MIR	716	+	124	56791288	91665
chr19	55123371	55323371	harbor2	chr19	55136058	55136256	SINE/MIR	931	+	99	55136157	12786
chr19	43675817	43875817	harbor2	chr19	43686798	43687013	SINE/MIR	846	+	108	43686906	11089
chr19	43675817	43875817	harbor2	chr19	43698225	43698362	SINE/MIR	671	+	68	43698293	22476
chr19	43675817	43875817	harbor2	chr19	43703755	43703832	SINE/MIR	631	+	38	43703793	27976
chr19	43675817	43875817	harbor2	chr19	43704151	43704334	SINE/MIR	631	+	92	43704243	28426
chr19	43675817	43875817	harbor2	chr19	43740447	43740693	SINE/MIR	757	+	123	43740570	64753
chr19	41692773	41892773	harbor2	chr19	41726190	41726383	SINE/MIR	628	+	96	41726286	33513
chr19	41692773	41892773	harbor2	chr19	41765107	41765323	SINE/MIR	704	+	108	41765215	72442
chr19	51278932	51478932	harbor2	chr19	51364764	51364906	SINE/MIR	673	+	71	51364835	85903
chr19	51278932	51478932	harbor2	chr19	51365221	51365315	SINE/MIR	673	+	47	51365268	86336
chr19	52154315	52354315	harbor2	chr19	52187016	52187070	SINE/MIR	648	+	27	52187043	32728
chr19	52154315	52354315	harbor2	chr19	52187374	52187543	SINE/MIR	648	+	84	52187458	33143
chr19	52154315	52354315	harbor2	chr19	52202711	52202880	SINE/MIR	625	+	84	52202795	48480
chr19	38394651	38594651	harbor2	chr19	38413564	38413734	SINE/MIR	644	+	85	38413649	18998
chr19	57001592	57201592	harbor2	chr19	57067621	57067817	SINE/MIR	727	+	98	57067719	66127
chr19	9747502	9947502	harbor2	chr19	9840514	9840597	SINE/MIR	731	+	42	9840556	93054
chr19	9747502	9947502	harbor2	chr19	9840896	9841040	SINE/MIR	731	+	72	9840968	93466
chr19	38856184	39056184	harbor2	chr19	38879748	38879810	SINE/MIR	702	+	31	38879779	23595
chr19	38856184	39056184	harbor2	chr19	38880125	38880272	SINE/MIR	702	+	74	38880199	24015
chr19	38856184	39056184	harbor2	chr19	38891015	38891249	SINE/MIR	688	+	117	38891132	34948
chr19	38856184	39056184	harbor2	chr19	38919498	38919677	SINE/MIR	664	+	90	38919588	63404
chr19	38856184	39056184	harbor2	chr19	38929584	38929775	SINE/MIR	788	+	96	38929680	73496
chr19	38856184	39056184	harbor2	chr19	38955784	38955967	SINE/MIR	641	+	92	38955876	99692
chr19	50727908	50927908	harbor2	chr19	50792363	50792571	SINE/MIR	763	+	104	50792467	64559
chr19	57619136	57819136	harbor2	chr19	57667371	57667587	SINE/MIR	762	+	108	57667479	48343
chr19	40973208	41173208	harbor2	chr19	40982412	40982611	SINE/MIR	628	+	100	40982512	9304
chr19	40973208	41173208	harbor2	chr19	41023571	41023598	SINE/MIR	689	+	14	41023585	50377
chr19	40973208	41173208	harbor2	chr19	41023832	41024066	SINE/MIR	778	+	117	41023949	50741
chr19	50240946	50440946	harbor2	chr19	50273927	50274148	SINE/MIR	700	+	110	50274037	33091
chr19	48339065	48539065	harbor2	chr19	48422155	48422331	SINE/MIR	764	+	88	48422243	83178
chr19	48339065	48539065	harbor2	chr19	48422627	48422718	SINE/MIR	764	+	46	48422673	83608
chr19	40124877	40324877	harbor2	chr19	40203520	40203739	SINE/MIR	820	+	110	40203630	78753
chr19	35550217	35750217	harbor2	chr19	35554233	35554474	SINE/MIR	628	+	120	35554353	4136
chr19	55531049	55731049	harbor2	chr19	55560568	55560756	SINE/MIR	891	+	94	55560662	29613
chr19	52132950	52332950	harbor2	chr19	52187016	52187070	SINE/MIR	648	+	27	52187043	54093
chr19	52132950	52332950	harbor2	chr19	52187374	52187543	SINE/MIR	648	+	84	52187458	54508
chr19	52132950	52332950	harbor2	chr19	52202711	52202880	SINE/MIR	625	+	84	52202795	69845
chr19	41556522	41756522	harbor2	chr19	41579738	41579978	SINE/MIR	688	+	120	41579858	23336
chr19	41825589	42025589	harbor2	chr19	41891201	41891278	SINE/MIR	712	+	38	41891239	65650
chr19	41825589	42025589	harbor2	chr19	41891584	41891727	SINE/MIR	712	+	72	41891656	66067
chr19	47100237	47300237	harbor2	chr19	47138346	47138506	SINE/MIR	755	+	80	47138426	38189
chr19	50822301	51022301	harbor2	chr19	50837543	50837713	SINE/MIR	637	+	85	50837628	15327
chr19	50822301	51022301	harbor2	chr19	50920279	50920523	SINE/MIR	1067	+	122	50920401	98100
chr19	42040507	42240507	harbor2	chr19	42054908	42055169	SINE/MIR	847	+	130	42055038	14531
chr19	42040507	42240507	harbor2	chr19	42073133	42073367	SINE/MIR	704	+	117	42073250	32743
chr19	42040507	42240507	harbor2	chr19	42092650	42092899	SINE/MIR	855	+	124	42092774	52267
chr19	48173744	48373744	harbor2	chr19	48174183	48174430	SINE/MIR	727	+	124	48174307	563
chr19	48173744	48373744	harbor2	chr19	48191847	48192085	SINE/MIR	713	+	119	48191966	18222
chr19	46450622	46650622	harbor2	chr19	46482876	46483090	SINE/MIR	713	+	107	46482983	32361
chr19	55358494	55558494	harbor2	chr19	55443974	55444159	SINE/MIR	689	+	92	55444066	85572
chr19	47946232	48146232	harbor2	chr19	48007289	48007489	SINE/MIR	652	+	100	48007389	61157
chr19	47946232	48146232	harbor2	chr19	48009155	48009373	SINE/MIR	635	+	109	48009264	63032
chr19	47946232	48146232	harbor2	chr19	48042970	48043016	SINE/MIR	837	+	23	48042993	96761
chr19	47946232	48146232	harbor2	chr19	48043307	48043507	SINE/MIR	837	+	100	48043407	97175
chr19	30938672	31138672	harbor2	chr19	30975921	30976148	SINE/MIR	639	+	114	30976035	37363
chr19	30938672	31138672	harbor2	chr19	31030713	31030925	SINE/MIR	992	+	106	31030819	92147
chr19	39447518	39647518	harbor2	chr19	39457068	39457299	SINE/MIR	650	+	116	39457184	9666
chr19	41349234	41549234	harbor2	chr19	41358119	41358269	SINE/MIR	629	+	75	41358194	8960
chr19	41349234	41549234	harbor2	chr19	41383021	41383069	SINE/MIR	642	+	24	41383045	33811
chr19	41349234	41549234	harbor2	chr19	41383353	41383520	SINE/MIR	642	+	84	41383437	34203
chr19	41349234	41549234	harbor2	chr19	41391408	41391556	SINE/MIR	686	+	74	41391482	42248
chr19	56512581	56712581	harbor2	chr19	56544563	56544770	SINE/MIR	872	+	104	56544667	32086
chr19	42019338	42219338	harbor2	chr19	42054908	42055169	SINE/MIR	847	+	130	42055038	35700
chr19	42019338	42219338	harbor2	chr19	42073133	42073367	SINE/MIR	704	+	117	42073250	53912
chr19	42019338	42219338	harbor2	chr19	42092650	42092899	SINE/MIR	855	+	124	42092774	73436
chr19	45191375	45391375	harbor2	chr19	45263415	45263461	SINE/MIR	648	+	23	45263438	72063
chr19	45191375	45391375	harbor2	chr19	45263764	45263927	SINE/MIR	648	+	82	45263846	72471
chr19	45191375	45391375	harbor2	chr19	45275638	45275857	SINE/MIR	666	+	110	45275748	84373
chr19	52102372	52302372	harbor2	chr19	52187016	52187070	SINE/MIR	648	+	27	52187043	84671
chr19	52102372	52302372	harbor2	chr19	52187374	52187543	SINE/MIR	648	+	84	52187458	85086
chr19	47391365	47591365	harbor2	chr19	47400496	47400722	SINE/MIR	845	+	113	47400609	9244
chr19	47391365	47591365	harbor2	chr19	47408674	47408834	SINE/MIR	643	+	80	47408754	17389
chr19	47391365	47591365	harbor2	chr19	47438209	47438396	SINE/MIR	925	+	94	47438303	46938
chr19	38347327	38547327	harbor2	chr19	38413564	38413734	SINE/MIR	644	+	85	38413649	66322
chr19	56753361	56953361	harbor2	chr19	56791164	56791413	SINE/MIR	716	+	124	56791288	37927
chr19	33452479	33652479	harbor2	chr19	33464945	33465151	SINE/MIR	705	+	103	33465048	12569
chr19	33452479	33652479	harbor2	chr19	33528487	33528707	SINE/MIR	767	+	110	33528597	76118
chr19	50752524	50952524	harbor2	chr19	50792363	50792571	SINE/MIR	763	+	104	50792467	39943
chr19	50752524	50952524	harbor2	chr19	50837543	50837713	SINE/MIR	637	+	85	50837628	85104
chr19	45434881	45634881	harbor2	chr19	45464444	45464654	SINE/MIR	727	+	105	45464549	29668
chr19	28563907	28763907	harbor2	chr19	28572792	28573011	SINE/MIR	984	+	110	28572902	8995
chr19	50776081	50976081	harbor2	chr19	50792363	50792571	SINE/MIR	763	+	104	50792467	16386
chr19	50776081	50976081	harbor2	chr19	50837543	50837713	SINE/MIR	637	+	85	50837628	61547
chr19	50254588	50454588	harbor2	chr19	50273927	50274148	SINE/MIR	700	+	110	50274037	19449
chr19	35705377	35905377	harbor2	chr19	35751416	35751552	SINE/MIR	726	+	68	35751484	46107
chr19	35705377	35905377	harbor2	chr19	35751677	35751729	SINE/MIR	726	+	26	35751703	46326
chr19	33507401	33707401	harbor2	chr19	33528487	33528707	SINE/MIR	767	+	110	33528597	21196
chr19	33507401	33707401	harbor2	chr19	33598084	33598249	SINE/MIR	820	+	82	33598166	90765
chr19	56752259	56952259	harbor2	chr19	56791164	56791413	SINE/MIR	716	+	124	56791288	39029
chr19	45571822	45771822	harbor2	chr19	45585170	45585427	SINE/MIR	685	+	128	45585298	13476
chr19	45571822	45771822	harbor2	chr19	45639574	45639711	SINE/MIR	710	+	68	45639642	67820
chr19	45571822	45771822	harbor2	chr19	45640016	45640110	SINE/MIR	710	+	47	45640063	68241
chr19	57896331	58096331	harbor2	chr19	57977163	57977368	SINE/MIR	692	+	102	57977265	80934
chr19	55659254	55859254	harbor2	chr19	55677166	55677362	SINE/MIR	641	+	98	55677264	18010
chr19	41189303	41389303	harbor2	chr19	41231401	41231641	SINE/MIR	836	+	120	41231521	42218
chr19	41189303	41389303	harbor2	chr19	41234161	41234338	SINE/MIR	767	+	88	41234249	44946
chr19	41189303	41389303	harbor2	chr19	41235658	41235870	SINE/MIR	698	+	106	41235764	46461
chr19	55929080	56129080	harbor2	chr19	55930193	55930404	SINE/MIR	666	+	106	55930299	1219
chr19	56750148	56950148	harbor2	chr19	56791164	56791413	SINE/MIR	716	+	124	56791288	41140
chr19	28490522	28690522	harbor2	chr19	28572792	28573011	SINE/MIR	984	+	110	28572902	82380
chr19	45300476	45500476	harbor2	chr19	45320650	45320875	SINE/MIR	1024	+	112	45320762	20286
chr19	56463868	56663868	harbor2	chr19	56544563	56544770	SINE/MIR	872	+	104	56544667	80799
chr19	39770825	39970825	harbor2	chr19	39773787	39774025	SINE/MIR	764	+	119	39773906	3081
chr19	39770825	39970825	harbor2	chr19	39795248	39795444	SINE/MIR	677	+	98	39795346	24521
chr19	39770825	39970825	harbor2	chr19	39814995	39815232	SINE/MIR	699	+	118	39815113	44288
chr19	37962723	38162723	harbor2	chr19	37983238	37983458	SINE/MIR	836	+	110	37983348	20625
chr19	37962723	38162723	harbor2	chr19	37993070	37993302	SINE/MIR	770	+	116	37993186	30463
chr19	37962723	38162723	harbor2	chr19	38022092	38022281	SINE/MIR	758	+	94	38022186	59463
chr19	37962723	38162723	harbor2	chr19	38022745	38022788	SINE/MIR	758	+	22	38022767	60044
chr19	37962723	38162723	harbor2	chr19	38049973	38050173	SINE/MIR	724	+	100	38050073	87350
chr19	37962723	38162723	harbor2	chr19	38050479	38050521	SINE/MIR	724	+	21	38050500	87777
chr19	37913892	38113892	harbor2	chr19	37931781	37932018	SINE/MIR	715	+	118	37931899	18007
chr19	37913892	38113892	harbor2	chr19	37944412	37944600	SINE/MIR	691	+	94	37944506	30614
chr19	37913892	38113892	harbor2	chr19	37949762	37949796	SINE/MIR	655	+	17	37949779	35887
chr19	37913892	38113892	harbor2	chr19	37950101	37950318	SINE/MIR	655	+	108	37950209	36317
chr19	37913892	38113892	harbor2	chr19	37983238	37983458	SINE/MIR	836	+	110	37983348	69456
chr19	37913892	38113892	harbor2	chr19	37993070	37993302	SINE/MIR	770	+	116	37993186	79294
chr19	50487141	50687141	harbor2	chr19	50537171	50537377	SINE/MIR	730	+	103	50537274	50133
chr19	50487141	50687141	harbor2	chr19	50562248	50562466	SINE/MIR	701	+	109	50562357	75216
chr19	47423968	47623968	harbor2	chr19	47438209	47438396	SINE/MIR	925	+	94	47438303	14335
chr19	57640488	57840488	harbor2	chr19	57667371	57667587	SINE/MIR	762	+	108	57667479	26991
chr19	38716684	38916684	harbor2	chr19	38747195	38747410	SINE/MIR	981	+	108	38747303	30619
chr19	55663040	55863040	harbor2	chr19	55677166	55677362	SINE/MIR	641	+	98	55677264	14224
chr19	35909791	36109791	harbor2	chr19	35971378	35971549	SINE/MIR	847	+	86	35971464	61673
chr19	56390023	56590023	harbor2	chr19	56457379	56457617	SINE/MIR	714	+	119	56457498	67475
chr19	8553202	8753202	harbor2	chr19	8646907	8647141	SINE/MIR	750	+	117	8647024	93822
chr19	50913534	51113534	harbor2	chr19	50920279	50920523	SINE/MIR	1067	+	122	50920401	6867
chr19	50913534	51113534	harbor2	chr19	50956711	50956967	SINE/MIR	1099	+	128	50956839	43305
chr19	38766878	38966878	harbor2	chr19	38820409	38820631	SINE/MIR	706	+	111	38820520	53642
chr19	11155444	11355444	harbor2	chr19	11156220	11156368	SINE/MIR	688	+	74	11156294	850
chr19	11155444	11355444	harbor2	chr19	11226194	11226376	SINE/MIR	691	+	91	11226285	70841
chr19	11155444	11355444	harbor2	chr19	11226683	11226745	SINE/MIR	691	+	31	11226714	71270
chr19	36312737	36512737	harbor2	chr19	36360814	36361009	SINE/MIR	646	+	98	36360912	48175
chr19	47243493	47443493	harbor2	chr19	47276591	47276701	SINE/MIR	798	+	55	47276646	33153
chr19	47243493	47443493	harbor2	chr19	47277663	47277765	SINE/MIR	798	+	51	47277714	34221
chr19	56759212	56959212	harbor2	chr19	56791164	56791413	SINE/MIR	716	+	124	56791288	32076
chr19	33038845	33238845	harbor2	chr19	33098508	33098755	SINE/MIR	815	+	124	33098632	59787
chr19	56215990	56415990	harbor2	chr19	56267641	56267869	SINE/MIR	667	+	114	56267755	51765
chr19	30872396	31072396	harbor2	chr19	30926887	30927109	SINE/MIR	630	+	111	30926998	54602
chr19	47402730	47602730	harbor2	chr19	47408674	47408834	SINE/MIR	643	+	80	47408754	6024
chr19	47402730	47602730	harbor2	chr19	47438209	47438396	SINE/MIR	925	+	94	47438303	35573
chr19	40193138	40393138	harbor2	chr19	40203520	40203739	SINE/MIR	820	+	110	40203630	10492
chr19	40193138	40393138	harbor2	chr19	40272786	40273054	SINE/MIR	681	+	134	40272920	79782
chr19	50725881	50925881	harbor2	chr19	50792363	50792571	SINE/MIR	763	+	104	50792467	66586
chr19	37677600	37877600	harbor2	chr19	37708538	37708579	SINE/MIR	641	+	20	37708558	30958
chr19	37677600	37877600	harbor2	chr19	37708863	37709024	SINE/MIR	641	+	80	37708943	31343
chr19	55896839	56096839	harbor2	chr19	55930193	55930404	SINE/MIR	666	+	106	55930299	33460
chr19	51476617	51676617	harbor2	chr19	51490045	51490270	SINE/MIR	656	+	112	51490157	13540
chr19	56779814	56979814	harbor2	chr19	56791164	56791413	SINE/MIR	716	+	124	56791288	11474
chr19	41118521	41318521	harbor2	chr19	41127079	41127266	SINE/MIR	758	+	94	41127173	8652
chr19	40584384	40784384	harbor2	chr19	40655257	40655487	SINE/MIR	723	+	115	40655372	70988
chr19	56170235	56370235	harbor2	chr19	56267641	56267869	SINE/MIR	667	+	114	56267755	97520
chr19	40532098	40732098	harbor2	chr19	40539359	40539477	SINE/MIR	646	+	59	40539418	7320
chr19	40532098	40732098	harbor2	chr19	40539779	40539882	SINE/MIR	646	+	52	40539831	7733
chr19	40532098	40732098	harbor2	chr19	40552994	40553197	SINE/MIR	664	+	102	40553096	20998
chr19	40532098	40732098	harbor2	chr19	40556327	40556485	SINE/MIR	695	+	79	40556406	24308
chr19	39241078	39441078	harbor2	chr19	39309849	39309946	SINE/MIR	819	+	48	39309897	68819
chr19	39241078	39441078	harbor2	chr19	39310257	39310363	SINE/MIR	819	+	53	39310310	69232
chr19	39241078	39441078	harbor2	chr19	39316018	39316255	SINE/MIR	896	+	118	39316136	75058
chr19	39241078	39441078	harbor2	chr19	39317609	39317807	SINE/MIR	871	+	99	39317708	76630
chr19	54144576	54344576	harbor2	chr19	54154330	54154522	SINE/MIR	716	+	96	54154426	9850
chr19	41326236	41526236	harbor2	chr19	41358119	41358269	SINE/MIR	629	+	75	41358194	31958
chr19	41326236	41526236	harbor2	chr19	41383021	41383069	SINE/MIR	642	+	24	41383045	56809
chr19	41326236	41526236	harbor2	chr19	41383353	41383520	SINE/MIR	642	+	84	41383437	57201
chr19	41326236	41526236	harbor2	chr19	41391408	41391556	SINE/MIR	686	+	74	41391482	65246
chr19	53940816	54140816	harbor2	chr19	53972880	53973117	SINE/MIR	627	+	118	53972998	32182
chr19	55117942	55317942	harbor2	chr19	55136058	55136256	SINE/MIR	931	+	99	55136157	18215
chr19	50674173	50874173	harbor2	chr19	50689552	50689789	SINE/MIR	748	+	118	50689670	15497
chr19	38161530	38361530	harbor2	chr19	38169407	38169603	SINE/MIR	773	+	98	38169505	7975
chr19	38161530	38361530	harbor2	chr19	38175010	38175269	SINE/MIR	834	+	130	38175140	13610
chr19	38161530	38361530	harbor2	chr19	38224788	38224968	SINE/MIR	891	+	90	38224878	63348
chr19	38161530	38361530	harbor2	chr19	38252598	38252822	SINE/MIR	1039	+	112	38252710	91180
chr19	38161530	38361530	harbor2	chr19	38190932	38191124	SINE/MIR	624	+	96	38191028	29498
chr19	55639439	55839439	harbor2	chr19	55677166	55677362	SINE/MIR	641	+	98	55677264	37825
chr19	55618564	55818564	harbor2	chr19	55677166	55677362	SINE/MIR	641	+	98	55677264	58700
chr19	55055862	55255862	harbor2	chr19	55136058	55136256	SINE/MIR	931	+	99	55136157	80295
chr19	51544154	51744154	harbor2	chr19	51592208	51592450	SINE/MIR	659	+	121	51592329	48175
chr20	52642017	52842017	harbor2	chr20	52649253	52649343	SINE/MIR	498	+	45	52649298	7281
chr20	52642017	52842017	harbor2	chr20	52649812	52649940	SINE/MIR	498	+	64	52649876	7859
chr20	52642017	52842017	harbor2	chr20	52671789	52671916	SINE/MIR	399	+	64	52671853	29836
chr20	52642017	52842017	harbor2	chr20	52685436	52685635	SINE/MIR	589	+	100	52685536	43519
chr20	52642017	52842017	harbor2	chr20	52686066	52686213	SINE/MIR	508	+	74	52686140	44123
chr20	52642017	52842017	harbor2	chr20	52687672	52687889	SINE/MIR	459	+	108	52687780	45763
chr20	52642017	52842017	harbor2	chr20	52695024	52695112	SINE/MIR	601	+	44	52695068	53051
chr20	52642017	52842017	harbor2	chr20	52695138	52695244	SINE/MIR	601	+	53	52695191	53174
chr20	52642017	52842017	harbor2	chr20	52695467	52695502	SINE/MIR	601	+	18	52695485	53468
chr20	41845147	42045147	harbor2	chr20	41864304	41864508	SINE/MIR	475	+	102	41864406	19259
chr20	41845147	42045147	harbor2	chr20	41888844	41889051	SINE/MIR	612	+	104	41888948	43801
chr20	41845147	42045147	harbor2	chr20	41898314	41898566	SINE/MIR	720	+	126	41898440	53293
chr20	41845147	42045147	harbor2	chr20	41941347	41941568	SINE/MIR	681	+	110	41941457	96310
chr20	41845147	42045147	harbor2	chr20	41942152	41942257	SINE/MIR	499	+	52	41942204	97057
chr20	41845147	42045147	harbor2	chr20	41861039	41861256	SINE/MIR	693	+	108	41861147	16000
chr20	21252737	21452737	harbor2	chr20	21284978	21285120	SINE/MIR	408	+	71	21285049	32312
chr20	21252737	21452737	harbor2	chr20	21302494	21302650	SINE/MIR	409	+	78	21302572	49835
chr20	21252737	21452737	harbor2	chr20	21321981	21322226	SINE/MIR	679	+	122	21322103	69366
chr20	55854961	56054961	harbor2	chr20	55855999	55856187	SINE/MIR	389	+	94	55856093	1132
chr20	55854961	56054961	harbor2	chr20	55875904	55876076	SINE/MIR	421	+	86	55875990	21029
chr20	55854961	56054961	harbor2	chr20	55879590	55879811	SINE/MIR	563	+	110	55879700	24739
chr20	55854961	56054961	harbor2	chr20	55889888	55890124	SINE/MIR	590	+	118	55890006	35045
chr20	55854961	56054961	harbor2	chr20	55915101	55915297	SINE/MIR	429	+	98	55915199	60238
chr20	55854961	56054961	harbor2	chr20	55927226	55927401	SINE/MIR	385	+	88	55927314	72353
chr20	55854961	56054961	harbor2	chr20	55939623	55939769	SINE/MIR	417	+	73	55939696	84735
chr20	55854961	56054961	harbor2	chr20	55940136	55940197	SINE/MIR	417	+	30	55940166	85205
chr20	55854961	56054961	harbor2	chr20	55950665	55950850	SINE/MIR	518	+	92	55950757	95796
chr20	9231254	9431254	harbor2	chr20	9243701	9243936	SINE/MIR	647	+	118	9243819	12565
chr20	9231254	9431254	harbor2	chr20	9281113	9281288	SINE/MIR	525	+	88	9281201	49947
chr20	9231254	9431254	harbor2	chr20	9322812	9322997	SINE/MIR	549	+	92	9322904	91650
chr20	9231254	9431254	harbor2	chr20	9328683	9328743	SINE/MIR	536	+	30	9328713	97459
chr20	9231254	9431254	harbor2	chr20	9329372	9329468	SINE/MIR	536	+	48	9329420	98166
chr20	63458903	63658903	harbor2	chr20	63550303	63550325	SINE/MIR	399	+	11	63550314	91411
chr20	63458903	63658903	harbor2	chr20	63550760	63550857	SINE/MIR	399	+	48	63550808	91905
chr20	54025090	54225090	harbor2	chr20	54029581	54029726	SINE/MIR	475	+	72	54029653	4563
chr20	54025090	54225090	harbor2	chr20	54030193	54030421	SINE/MIR	611	+	114	54030307	5217
chr20	54025090	54225090	harbor2	chr20	54036482	54036729	SINE/MIR	655	+	124	54036606	11516
chr20	54025090	54225090	harbor2	chr20	54060071	54060281	SINE/MIR	675	+	105	54060176	35086
chr20	54025090	54225090	harbor2	chr20	54063228	54063369	SINE/MIR	567	+	70	54063298	38208
chr20	54025090	54225090	harbor2	chr20	54075496	54075726	SINE/MIR	717	+	115	54075611	50521
chr20	54025090	54225090	harbor2	chr20	54079157	54079335	SINE/MIR	543	+	89	54079246	54156
chr20	54025090	54225090	harbor2	chr20	54085595	54085759	SINE/MIR	623	+	82	54085677	60587
chr20	54025090	54225090	harbor2	chr20	54085781	54085801	SINE/MIR	630	+	10	54085791	60701
chr20	54025090	54225090	harbor2	chr20	54085930	54086141	SINE/MIR	630	+	106	54086036	60946
chr20	54025090	54225090	harbor2	chr20	54086495	54086717	SINE/MIR	578	+	111	54086606	61516
chr20	54025090	54225090	harbor2	chr20	54095986	54096130	SINE/MIR	454	+	72	54096058	70968
chr20	54025090	54225090	harbor2	chr20	54116840	54116966	SINE/MIR	466	+	63	54116903	91813
chr20	54025090	54225090	harbor2	chr20	54116981	54117175	SINE/MIR	726	+	97	54117078	91988
chr20	54025090	54225090	harbor2	chr20	54117228	54117251	SINE/MIR	726	+	12	54117240	92150
chr20	54025090	54225090	harbor2	chr20	54119989	54120111	SINE/MIR	409	+	61	54120050	94960
chr20	64037074	64237074	harbor2	chr20	64096341	64096516	SINE/MIR	433	+	88	64096429	59355
chr20	64037074	64237074	harbor2	chr20	64119945	64120138	SINE/MIR	458	+	96	64120041	82967
chr20	57281273	57481273	harbor2	chr20	57281170	57281356	SINE/MIR	574	+	93	57281263	10
chr20	57281273	57481273	harbor2	chr20	57284974	57285151	SINE/MIR	431	+	88	57285062	3789
chr20	57281273	57481273	harbor2	chr20	57286640	57286831	SINE/MIR	591	+	96	57286736	5463
chr20	57281273	57481273	harbor2	chr20	57288460	57288643	SINE/MIR	647	+	92	57288552	7279
chr20	57281273	57481273	harbor2	chr20	57293605	57293785	SINE/MIR	614	+	90	57293695	12422
chr20	57281273	57481273	harbor2	chr20	57300552	57300727	SINE/MIR	437	+	88	57300640	19367
chr20	57281273	57481273	harbor2	chr20	57309998	57310226	SINE/MIR	749	+	114	57310112	28839
chr20	57281273	57481273	harbor2	chr20	57315275	57315458	SINE/MIR	793	+	92	57315367	34094
chr20	57281273	57481273	harbor2	chr20	57327381	57327533	SINE/MIR	466	+	76	57327457	46184
chr20	57281273	57481273	harbor2	chr20	57347479	57347663	SINE/MIR	456	+	92	57347571	66298
chr20	57281273	57481273	harbor2	chr20	57348166	57348213	SINE/MIR	551	+	24	57348190	66917
chr20	57281273	57481273	harbor2	chr20	57349646	57349789	SINE/MIR	551	+	72	57349718	68445
chr20	57281273	57481273	harbor2	chr20	57381246	57381270	SINE/MIR	494	+	12	57381258	99985
chr20	59328909	59528909	harbor2	chr20	59339864	59340077	SINE/MIR	555	+	106	59339970	11061
chr20	59328909	59528909	harbor2	chr20	59349090	59349295	SINE/MIR	679	+	102	59349192	20283
chr20	59328909	59528909	harbor2	chr20	59391347	59391424	SINE/MIR	402	+	38	59391385	62476
chr20	59328909	59528909	harbor2	chr20	59394065	59394186	SINE/MIR	400	+	60	59394125	65216
chr20	59328909	59528909	harbor2	chr20	59404311	59404498	SINE/MIR	443	+	94	59404405	75496
chr20	59328909	59528909	harbor2	chr20	59423280	59423494	SINE/MIR	425	+	107	59423387	94478
chr20	40031136	40231136	harbor2	chr20	40100988	40101233	SINE/MIR	518	+	122	40101110	69974
chr20	40031136	40231136	harbor2	chr20	40102847	40103080	SINE/MIR	669	+	116	40102963	71827
chr20	40031136	40231136	harbor2	chr20	40106925	40107088	SINE/MIR	475	+	82	40107007	75871
chr20	63474502	63674502	harbor2	chr20	63550303	63550325	SINE/MIR	399	+	11	63550314	75812
chr20	63474502	63674502	harbor2	chr20	63550760	63550857	SINE/MIR	399	+	48	63550808	76306
chr20	63460219	63660219	harbor2	chr20	63550303	63550325	SINE/MIR	399	+	11	63550314	90095
chr20	63460219	63660219	harbor2	chr20	63550760	63550857	SINE/MIR	399	+	48	63550808	90589
chr20	56514760	56714760	harbor2	chr20	56556597	56556821	SINE/MIR	535	+	112	56556709	41949
chr20	56514760	56714760	harbor2	chr20	56589860	56589993	SINE/MIR	453	+	66	56589926	75166
chr20	56514760	56714760	harbor2	chr20	56611017	56611171	SINE/MIR	394	+	77	56611094	96334
chr20	56514760	56714760	harbor2	chr20	56614364	56614496	SINE/MIR	463	+	66	56614430	99670
chr20	50298758	50498758	harbor2	chr20	50301960	50302200	SINE/MIR	749	+	120	50302080	3322
chr20	50298758	50498758	harbor2	chr20	50307033	50307179	SINE/MIR	394	+	73	50307106	8348
chr20	50298758	50498758	harbor2	chr20	50307386	50307542	SINE/MIR	672	+	78	50307464	8706
chr20	50298758	50498758	harbor2	chr20	50307661	50307804	SINE/MIR	493	+	72	50307733	8975
chr20	50298758	50498758	harbor2	chr20	50308410	50308551	SINE/MIR	457	+	70	50308480	9722
chr20	50298758	50498758	harbor2	chr20	50309172	50309406	SINE/MIR	497	+	117	50309289	10531
chr20	50298758	50498758	harbor2	chr20	50311914	50312053	SINE/MIR	430	+	70	50311984	13226
chr20	50298758	50498758	harbor2	chr20	50320272	50320442	SINE/MIR	392	+	85	50320357	21599
chr20	50298758	50498758	harbor2	chr20	50339613	50339772	SINE/MIR	676	+	80	50339693	40935
chr20	50298758	50498758	harbor2	chr20	50344821	50344975	SINE/MIR	622	+	77	50344898	46140
chr20	50298758	50498758	harbor2	chr20	50354515	50354684	SINE/MIR	524	+	84	50354599	55841
chr20	50298758	50498758	harbor2	chr20	50363006	50363167	SINE/MIR	567	+	80	50363086	64328
chr20	50298758	50498758	harbor2	chr20	50367105	50367267	SINE/MIR	559	+	81	50367186	68428
chr20	50298758	50498758	harbor2	chr20	50374902	50375122	SINE/MIR	745	+	110	50375012	76254
chr20	50298758	50498758	harbor2	chr20	50376267	50376445	SINE/MIR	484	+	89	50376356	77598
chr20	50298758	50498758	harbor2	chr20	50376626	50376766	SINE/MIR	434	+	70	50376696	77938
chr20	50298758	50498758	harbor2	chr20	50394199	50394454	SINE/MIR	565	+	128	50394327	95569
chr20	50298758	50498758	harbor2	chr20	50395825	50396041	SINE/MIR	546	+	108	50395933	97175
chr20	58185158	58385158	harbor2	chr20	58233013	58233158	SINE/MIR	473	+	72	58233085	47927
chr20	58185158	58385158	harbor2	chr20	58266308	58266538	SINE/MIR	627	+	115	58266423	81265
chr20	55079476	55279476	harbor2	chr20	55079454	55079686	SINE/MIR	813	+	116	55079570	94
chr20	55079476	55279476	harbor2	chr20	55084858	55085042	SINE/MIR	473	+	92	55084950	5474
chr20	55079476	55279476	harbor2	chr20	55089392	55089432	SINE/MIR	430	+	20	55089412	9936
chr20	55079476	55279476	harbor2	chr20	55089819	55089925	SINE/MIR	439	+	53	55089872	10396
chr20	55079476	55279476	harbor2	chr20	55143844	55144059	SINE/MIR	525	+	108	55143952	64476
chr20	55079476	55279476	harbor2	chr20	55144229	55144442	SINE/MIR	654	+	106	55144335	64859
chr20	55079476	55279476	harbor2	chr20	55144821	55144858	SINE/MIR	654	+	18	55144839	65363
chr20	56259557	56459557	harbor2	chr20	56284866	56285044	SINE/MIR	649	+	89	56284955	25398
chr20	56259557	56459557	harbor2	chr20	56295733	56295957	SINE/MIR	525	+	112	56295845	36288
chr20	56259557	56459557	harbor2	chr20	56298608	56298753	SINE/MIR	459	+	72	56298680	39123
chr20	56259557	56459557	harbor2	chr20	56306163	56306354	SINE/MIR	648	+	96	56306259	46702
chr20	56259557	56459557	harbor2	chr20	56307287	56307411	SINE/MIR	420	+	62	56307349	47792
chr20	56259557	56459557	harbor2	chr20	56308169	56308357	SINE/MIR	896	+	94	56308263	48706
chr20	17242425	17442425	harbor2	chr20	17275306	17275492	SINE/MIR	462	+	93	17275399	32974
chr20	17242425	17442425	harbor2	chr20	17304025	17304219	SINE/MIR	582	+	97	17304122	61697
chr20	17242425	17442425	harbor2	chr20	17305458	17305660	SINE/MIR	528	+	101	17305559	63134
chr20	17242425	17442425	harbor2	chr20	17321180	17321314	SINE/MIR	412	+	67	17321247	78822
chr20	17242425	17442425	harbor2	chr20	17333699	17333865	SINE/MIR	514	+	83	17333782	91357
chr20	58103543	58303543	harbor2	chr20	58104168	58104366	SINE/MIR	553	+	99	58104267	724
chr20	58103543	58303543	harbor2	chr20	58114567	58114765	SINE/MIR	439	+	99	58114666	11123
chr20	58103543	58303543	harbor2	chr20	58115666	58115860	SINE/MIR	390	+	97	58115763	12220
chr20	58103543	58303543	harbor2	chr20	58145100	58145298	SINE/MIR	547	+	99	58145199	41656
chr20	58103543	58303543	harbor2	chr20	58155863	58156033	SINE/MIR	449	+	85	58155948	52405
chr20	58103543	58303543	harbor2	chr20	58182620	58182804	SINE/MIR	568	+	92	58182712	79169
chr20	62456395	62656395	harbor2	chr20	62490192	62490377	SINE/MIR	505	+	92	62490284	33889
chr20	59406879	59606879	harbor2	chr20	59423280	59423494	SINE/MIR	425	+	107	59423387	16508
chr20	59406879	59606879	harbor2	chr20	59445506	59445605	SINE/MIR	410	+	50	59445556	38677
chr20	59406879	59606879	harbor2	chr20	59447456	59447651	SINE/MIR	713	+	98	59447554	40675
chr20	59406879	59606879	harbor2	chr20	59455386	59455642	SINE/MIR	486	+	128	59455514	48635
chr20	59406879	59606879	harbor2	chr20	59488326	59488570	SINE/MIR	601	+	122	59488448	81569
chr20	40863435	41063435	harbor2	chr20	40886598	40886778	SINE/MIR	638	+	90	40886688	23253
chr20	40863435	41063435	harbor2	chr20	40900262	40900403	SINE/MIR	474	+	70	40900332	36897
chr20	40863435	41063435	harbor2	chr20	40932038	40932215	SINE/MIR	441	+	88	40932126	68691
chr20	40863435	41063435	harbor2	chr20	40944184	40944369	SINE/MIR	429	+	92	40944276	80841
chr20	40863435	41063435	harbor2	chr20	40949980	40950221	SINE/MIR	582	+	120	40950100	86665
chr20	40863435	41063435	harbor2	chr20	40950604	40950789	SINE/MIR	395	+	92	40950696	87261
chr20	40863435	41063435	harbor2	chr20	40952875	40952974	SINE/MIR	823	+	50	40952925	89490
chr20	40863435	41063435	harbor2	chr20	40953262	40953376	SINE/MIR	823	+	57	40953319	89884
chr20	40863435	41063435	harbor2	chr20	40962535	40962707	SINE/MIR	648	+	86	40962621	99186
chr20	31619816	31819816	harbor2	chr20	31643680	31643824	SINE/MIR	430	+	72	31643752	23936
chr20	31619816	31819816	harbor2	chr20	31677143	31677182	SINE/MIR	398	+	20	31677163	57347
chr20	31619816	31819816	harbor2	chr20	31677484	31677596	SINE/MIR	398	+	56	31677540	57724
chr20	31619816	31819816	harbor2	chr20	31679454	31679664	SINE/MIR	417	+	105	31679559	59743
chr20	31619816	31819816	harbor2	chr20	31685561	31685721	SINE/MIR	457	+	80	31685641	65825
chr20	31619816	31819816	harbor2	chr20	31685746	31685895	SINE/MIR	397	+	74	31685820	66004
chr20	31619816	31819816	harbor2	chr20	31686873	31687035	SINE/MIR	484	+	81	31686954	67138
chr20	31619816	31819816	harbor2	chr20	31687170	31687233	SINE/MIR	484	+	32	31687202	67386
chr20	31619816	31819816	harbor2	chr20	31687877	31688113	SINE/MIR	601	+	118	31687995	68179
chr20	31619816	31819816	harbor2	chr20	31697356	31697438	SINE/MIR	448	+	41	31697397	77581
chr20	31619816	31819816	harbor2	chr20	31697737	31697879	SINE/MIR	448	+	71	31697808	77992
chr20	31619816	31819816	harbor2	chr20	31699637	31699888	SINE/MIR	734	+	126	31699763	79947
chr20	31619816	31819816	harbor2	chr20	31705074	31705247	SINE/MIR	621	+	86	31705160	85344
chr20	31619816	31819816	harbor2	chr20	31710971	31711189	SINE/MIR	489	+	109	31711080	91264
chr20	31619816	31819816	harbor2	chr20	31711874	31712035	SINE/MIR	534	+	80	31711954	92138
chr20	31619816	31819816	harbor2	chr20	31712280	31712481	SINE/MIR	1095	+	100	31712380	92564
chr20	31619816	31819816	harbor2	chr20	31713860	31714061	SINE/MIR	672	+	100	31713960	94144
chr20	31619816	31819816	harbor2	chr20	31718934	31719122	SINE/MIR	433	+	94	31719028	99212
chr20	52093618	52293618	harbor2	chr20	52100681	52100874	SINE/MIR	546	+	96	52100777	7159
chr20	52093618	52293618	harbor2	chr20	52102656	52102890	SINE/MIR	569	+	117	52102773	9155
chr20	52093618	52293618	harbor2	chr20	52111739	52111799	SINE/MIR	390	+	30	52111769	18151
chr20	52093618	52293618	harbor2	chr20	52112112	52112302	SINE/MIR	390	+	95	52112207	18589
chr20	52093618	52293618	harbor2	chr20	52178258	52178498	SINE/MIR	807	+	120	52178378	84760
chr20	46146723	46346723	harbor2	chr20	46147162	46147353	SINE/MIR	785	+	96	46147258	535
chr20	46146723	46346723	harbor2	chr20	46151342	46151491	SINE/MIR	489	+	74	46151416	4693
chr20	46146723	46346723	harbor2	chr20	46156626	46156701	SINE/MIR	662	+	38	46156664	9941
chr20	46146723	46346723	harbor2	chr20	46157017	46157134	SINE/MIR	662	+	58	46157075	10352
chr20	46146723	46346723	harbor2	chr20	46160599	46160820	SINE/MIR	590	+	110	46160709	13986
chr20	46146723	46346723	harbor2	chr20	46163033	46163263	SINE/MIR	722	+	115	46163148	16425
chr20	46146723	46346723	harbor2	chr20	46170964	46171145	SINE/MIR	729	+	90	46171054	24331
chr20	46146723	46346723	harbor2	chr20	46171993	46172164	SINE/MIR	471	+	86	46172079	25356
chr20	46146723	46346723	harbor2	chr20	46179650	46179821	SINE/MIR	501	+	86	46179736	33013
chr20	46146723	46346723	harbor2	chr20	46185385	46185585	SINE/MIR	619	+	100	46185485	38762
chr20	46146723	46346723	harbor2	chr20	46185894	46185930	SINE/MIR	619	+	18	46185912	39189
chr20	46146723	46346723	harbor2	chr20	46188122	46188399	SINE/MIR	540	+	138	46188260	41537
chr20	46146723	46346723	harbor2	chr20	46188529	46188627	SINE/MIR	540	+	49	46188578	41855
chr20	46146723	46346723	harbor2	chr20	46196104	46196253	SINE/MIR	482	+	74	46196178	49455
chr20	46146723	46346723	harbor2	chr20	46199742	46199867	SINE/MIR	486	+	62	46199804	53081
chr20	46146723	46346723	harbor2	chr20	46201457	46201602	SINE/MIR	489	+	72	46201529	54806
chr20	46146723	46346723	harbor2	chr20	46203989	46204112	SINE/MIR	656	+	62	46204051	57328
chr20	46146723	46346723	harbor2	chr20	46204423	46204517	SINE/MIR	656	+	47	46204470	57747
chr20	46146723	46346723	harbor2	chr20	46206207	46206348	SINE/MIR	452	+	70	46206277	59554
chr20	46146723	46346723	harbor2	chr20	46211791	46212034	SINE/MIR	796	+	122	46211913	65190
chr20	46146723	46346723	harbor2	chr20	46212497	46212723	SINE/MIR	624	+	113	46212610	65887
chr20	46146723	46346723	harbor2	chr20	46213533	46213686	SINE/MIR	502	+	76	46213609	66886
chr20	46146723	46346723	harbor2	chr20	46219278	46219430	SINE/MIR	421	+	76	46219354	72631
chr20	46146723	46346723	harbor2	chr20	46219644	46219681	SINE/MIR	421	+	18	46219662	72939
chr20	46146723	46346723	harbor2	chr20	46221977	46222134	SINE/MIR	664	+	78	46222055	75332
chr20	46146723	46346723	harbor2	chr20	46229484	46229677	SINE/MIR	612	+	96	46229580	82857
chr20	46146723	46346723	harbor2	chr20	46231763	46231943	SINE/MIR	393	+	90	46231853	85130
chr20	46146723	46346723	harbor2	chr20	46234130	46234261	SINE/MIR	432	+	66	46234196	87473
chr20	46146723	46346723	harbor2	chr20	46242350	46242535	SINE/MIR	444	+	92	46242442	95719
chr20	46146723	46346723	harbor2	chr20	46243948	46244113	SINE/MIR	405	+	82	46244030	97307
chr20	46146723	46346723	harbor2	chr20	46244895	46245114	SINE/MIR	636	+	110	46245005	98282
chr20	61275901	61475901	harbor2	chr20	61291450	61291581	SINE/MIR	394	+	66	61291516	15615
chr20	61275901	61475901	harbor2	chr20	61374444	61374577	SINE/MIR	492	+	66	61374510	98609
chr20	49628353	49828353	harbor2	chr20	49653531	49653707	SINE/MIR	406	+	88	49653619	25266
chr20	49628353	49828353	harbor2	chr20	49683333	49683385	SINE/MIR	436	+	26	49683359	55006
chr20	49628353	49828353	harbor2	chr20	49683710	49683857	SINE/MIR	436	+	74	49683784	55431
chr20	49628353	49828353	harbor2	chr20	49715331	49715513	SINE/MIR	612	+	91	49715422	87069
chr20	49628353	49828353	harbor2	chr20	49715582	49715769	SINE/MIR	615	+	94	49715676	87323
chr20	49628353	49828353	harbor2	chr20	49718143	49718360	SINE/MIR	510	+	108	49718251	89898
chr20	59375210	59575210	harbor2	chr20	59391347	59391424	SINE/MIR	402	+	38	59391385	16175
chr20	59375210	59575210	harbor2	chr20	59394065	59394186	SINE/MIR	400	+	60	59394125	18915
chr20	59375210	59575210	harbor2	chr20	59404311	59404498	SINE/MIR	443	+	94	59404405	29195
chr20	59375210	59575210	harbor2	chr20	59423280	59423494	SINE/MIR	425	+	107	59423387	48177
chr20	59375210	59575210	harbor2	chr20	59445506	59445605	SINE/MIR	410	+	50	59445556	70346
chr20	59375210	59575210	harbor2	chr20	59447456	59447651	SINE/MIR	713	+	98	59447554	72344
chr20	59375210	59575210	harbor2	chr20	59455386	59455642	SINE/MIR	486	+	128	59455514	80304
chr20	53300081	53500081	harbor2	chr20	53301302	53301480	SINE/MIR	478	+	89	53301391	1310
chr20	53300081	53500081	harbor2	chr20	53303657	53303872	SINE/MIR	504	+	108	53303765	3684
chr20	53300081	53500081	harbor2	chr20	53349097	53349305	SINE/MIR	551	+	104	53349201	49120
chr20	53300081	53500081	harbor2	chr20	53359258	53359378	SINE/MIR	524	+	60	53359318	59237
chr20	53300081	53500081	harbor2	chr20	53382787	53382980	SINE/MIR	407	+	96	53382883	82802
chr20	53300081	53500081	harbor2	chr20	53393337	53393560	SINE/MIR	451	+	112	53393449	93368
chr20	53300081	53500081	harbor2	chr20	53398400	53398468	SINE/MIR	424	+	34	53398434	98353
chr20	53300081	53500081	harbor2	chr20	53398769	53398938	SINE/MIR	424	+	84	53398853	98772
chr20	54928924	55128924	harbor2	chr20	54961923	54962183	SINE/MIR	570	+	130	54962053	33129
chr20	54928924	55128924	harbor2	chr20	54988930	54989168	SINE/MIR	688	+	119	54989049	60125
chr20	54928924	55128924	harbor2	chr20	55013329	55013546	SINE/MIR	416	+	108	55013437	84513
chr20	54928924	55128924	harbor2	chr20	55024941	55025022	SINE/MIR	409	+	40	55024981	96057
chr20	47275016	47475016	harbor2	chr20	47284762	47284992	SINE/MIR	595	+	115	47284877	9861
chr20	47275016	47475016	harbor2	chr20	47299232	47299408	SINE/MIR	707	+	88	47299320	24304
chr20	47275016	47475016	harbor2	chr20	47317744	47317987	SINE/MIR	657	+	122	47317866	42850
chr20	47275016	47475016	harbor2	chr20	47322928	47323149	SINE/MIR	845	+	110	47323038	48022
chr20	47275016	47475016	harbor2	chr20	47337550	47337665	SINE/MIR	440	+	58	47337608	62592
chr20	47275016	47475016	harbor2	chr20	47362974	47363207	SINE/MIR	617	+	116	47363090	88074
chr20	47275016	47475016	harbor2	chr20	47369377	47369570	SINE/MIR	710	+	96	47369473	94457
chr20	59831954	60031954	harbor2	chr20	59876545	59876753	SINE/MIR	808	+	104	59876649	44695
chr20	59831954	60031954	harbor2	chr20	59881099	59881240	SINE/MIR	412	+	70	59881169	49215
chr20	55416796	55616796	harbor2	chr20	55435268	55435435	SINE/MIR	451	+	84	55435352	18556
chr20	55416796	55616796	harbor2	chr20	55445461	55445649	SINE/MIR	543	+	94	55445555	28759
chr20	55416796	55616796	harbor2	chr20	55458210	55458430	SINE/MIR	629	+	110	55458320	41524
chr20	55416796	55616796	harbor2	chr20	55469505	55469658	SINE/MIR	581	+	76	55469581	52785
chr20	55416796	55616796	harbor2	chr20	55508136	55508363	SINE/MIR	447	+	114	55508250	91454
chr20	52428002	52628002	harbor2	chr20	52436298	52436535	SINE/MIR	644	+	118	52436416	8414
chr20	52428002	52628002	harbor2	chr20	52452896	52453016	SINE/MIR	498	+	60	52452956	24954
chr20	52428002	52628002	harbor2	chr20	52453399	52453523	SINE/MIR	498	+	62	52453461	25459
chr20	52428002	52628002	harbor2	chr20	52463796	52464016	SINE/MIR	543	+	110	52463906	35904
chr20	52428002	52628002	harbor2	chr20	52476668	52476889	SINE/MIR	549	+	110	52476778	48776
chr20	52428002	52628002	harbor2	chr20	52480410	52480564	SINE/MIR	557	+	77	52480487	52485
chr20	52428002	52628002	harbor2	chr20	52494921	52495161	SINE/MIR	787	+	120	52495041	67039
chr20	52428002	52628002	harbor2	chr20	52509862	52510010	SINE/MIR	458	+	74	52509936	81934
chr20	52428002	52628002	harbor2	chr20	52525431	52525646	SINE/MIR	525	+	108	52525539	97537
chr20	59725068	59925068	harbor2	chr20	59727526	59727673	SINE/MIR	491	+	74	59727600	2532
chr20	59725068	59925068	harbor2	chr20	59732279	59732388	SINE/MIR	405	+	54	59732333	7265
chr20	59725068	59925068	harbor2	chr20	59733601	59733866	SINE/MIR	726	+	132	59733733	8665
chr20	59725068	59925068	harbor2	chr20	59739860	59740075	SINE/MIR	433	+	108	59739968	14900
chr20	59725068	59925068	harbor2	chr20	59758710	59758960	SINE/MIR	634	+	125	59758835	33767
chr20	59725068	59925068	harbor2	chr20	59780776	59780873	SINE/MIR	414	+	48	59780824	55756
chr20	59725068	59925068	harbor2	chr20	59784700	59784894	SINE/MIR	388	+	97	59784797	59729
chr20	59725068	59925068	harbor2	chr20	59818166	59818372	SINE/MIR	521	+	103	59818269	93201
chr20	19608705	19808705	harbor2	chr20	19614127	19614377	SINE/MIR	863	+	125	19614252	5547
chr20	19608705	19808705	harbor2	chr20	19618187	19618226	SINE/MIR	524	+	20	19618207	9502
chr20	19608705	19808705	harbor2	chr20	19618615	19618746	SINE/MIR	524	+	66	19618681	9976
chr20	19608705	19808705	harbor2	chr20	19631854	19632019	SINE/MIR	404	+	82	19631936	23231
chr20	19608705	19808705	harbor2	chr20	19641963	19642145	SINE/MIR	444	+	91	19642054	33349
chr20	56242069	56442069	harbor2	chr20	56256687	56256884	SINE/MIR	391	+	98	56256785	14716
chr20	56242069	56442069	harbor2	chr20	56284866	56285044	SINE/MIR	649	+	89	56284955	42886
chr20	56242069	56442069	harbor2	chr20	56295733	56295957	SINE/MIR	525	+	112	56295845	53776
chr20	56242069	56442069	harbor2	chr20	56298608	56298753	SINE/MIR	459	+	72	56298680	56611
chr20	56242069	56442069	harbor2	chr20	56306163	56306354	SINE/MIR	648	+	96	56306259	64190
chr20	56242069	56442069	harbor2	chr20	56307287	56307411	SINE/MIR	420	+	62	56307349	65280
chr20	56242069	56442069	harbor2	chr20	56308169	56308357	SINE/MIR	896	+	94	56308263	66194
chr20	62232255	62432255	harbor2	chr20	62236010	62236126	SINE/MIR	436	+	58	62236068	3813
chr20	60436802	60636802	harbor2	chr20	60471390	60471630	SINE/MIR	386	+	120	60471510	34708
chr20	60436802	60636802	harbor2	chr20	60472255	60472430	SINE/MIR	538	+	88	60472343	35541
chr20	60436802	60636802	harbor2	chr20	60474539	60474670	SINE/MIR	518	+	66	60474605	37803
chr20	60436802	60636802	harbor2	chr20	60505438	60505667	SINE/MIR	435	+	114	60505552	68750
chr20	60436802	60636802	harbor2	chr20	60532146	60532376	SINE/MIR	701	+	115	60532261	95459
chr20	60147519	60347519	harbor2	chr20	60178651	60178830	SINE/MIR	409	+	90	60178741	31222
chr20	60147519	60347519	harbor2	chr20	60216112	60216326	SINE/MIR	417	+	107	60216219	68700
chr20	60147519	60347519	harbor2	chr20	60218073	60218201	SINE/MIR	413	+	64	60218137	70618
chr20	60147519	60347519	harbor2	chr20	60241302	60241485	SINE/MIR	443	+	92	60241394	93875
chr20	60147519	60347519	harbor2	chr20	60227535	60227731	SINE/MIR	564	+	98	60227633	80114
chr20	59459940	59659940	harbor2	chr20	59488326	59488570	SINE/MIR	601	+	122	59488448	28508
chr20	57440146	57640146	harbor2	chr20	57445863	57445968	SINE/MIR	511	+	52	57445915	5769
chr20	57440146	57640146	harbor2	chr20	57446440	57446494	SINE/MIR	511	+	27	57446467	6321
chr20	57440146	57640146	harbor2	chr20	57477030	57477289	SINE/MIR	621	+	130	57477160	37014
chr20	63129145	63329145	harbor2	chr20	63153373	63153502	SINE/MIR	491	+	64	63153437	24292
chr20	35534598	35734598	harbor2	chr20	35541454	35541589	SINE/MIR	479	+	68	35541522	6924
chr20	35534598	35734598	harbor2	chr20	35547045	35547201	SINE/MIR	459	+	78	35547123	12525
chr20	35534598	35734598	harbor2	chr20	35548992	35549233	SINE/MIR	642	+	120	35549112	14514
chr20	58505673	58705673	harbor2	chr20	58509408	58509617	SINE/MIR	559	+	104	58509512	3839
chr20	58505673	58705673	harbor2	chr20	58533723	58533925	SINE/MIR	488	+	101	58533824	28151
chr20	58505673	58705673	harbor2	chr20	58534587	58534717	SINE/MIR	530	+	65	58534652	28979
chr20	58505673	58705673	harbor2	chr20	58535112	58535212	SINE/MIR	530	+	50	58535162	29489
chr20	58505673	58705673	harbor2	chr20	58546932	58547196	SINE/MIR	539	+	132	58547064	41391
chr20	58505673	58705673	harbor2	chr20	58567344	58567476	SINE/MIR	392	+	66	58567410	61737
chr20	58505673	58705673	harbor2	chr20	58581600	58581808	SINE/MIR	474	+	104	58581704	76031
chr20	58505673	58705673	harbor2	chr20	58584308	58584481	SINE/MIR	621	+	86	58584394	78721
chr20	58505673	58705673	harbor2	chr20	58589583	58589697	SINE/MIR	442	+	57	58589640	83967
chr20	34271011	34471011	harbor2	chr20	34292641	34292815	SINE/MIR	794	+	87	34292728	21717
chr20	34271011	34471011	harbor2	chr20	34320747	34320906	SINE/MIR	436	+	80	34320827	49816
chr20	34271011	34471011	harbor2	chr20	34333247	34333453	SINE/MIR	632	+	103	34333350	62339
chr20	34271011	34471011	harbor2	chr20	34335921	34335989	SINE/MIR	535	+	34	34335955	64944
chr20	34271011	34471011	harbor2	chr20	34337106	34337205	SINE/MIR	535	+	50	34337156	66145
chr20	34271011	34471011	harbor2	chr20	34337515	34337551	SINE/MIR	535	+	18	34337533	66522
chr20	34271011	34471011	harbor2	chr20	34337972	34337993	SINE/MIR	409	+	10	34337982	66971
chr20	34271011	34471011	harbor2	chr20	34338293	34338421	SINE/MIR	409	+	64	34338357	67346
chr20	34271011	34471011	harbor2	chr20	34349773	34349886	SINE/MIR	401	+	56	34349829	78818
chr20	34271011	34471011	harbor2	chr20	34351857	34352075	SINE/MIR	484	+	109	34351966	80955
chr20	34271011	34471011	harbor2	chr20	34359780	34359907	SINE/MIR	421	+	64	34359844	88833
chr20	34271011	34471011	harbor2	chr20	34370123	34370344	SINE/MIR	760	+	110	34370233	99222
chr20	54747847	54947847	harbor2	chr20	54765590	54765817	SINE/MIR	444	+	114	54765704	17857
chr20	54747847	54947847	harbor2	chr20	54779192	54779315	SINE/MIR	393	+	62	54779254	31407
chr20	54747847	54947847	harbor2	chr20	54806037	54806276	SINE/MIR	489	+	120	54806157	58310
chr20	54747847	54947847	harbor2	chr20	54820634	54820807	SINE/MIR	505	+	86	54820720	72873
chr20	54747847	54947847	harbor2	chr20	54829524	54829750	SINE/MIR	916	+	113	54829637	81790
chr20	54747847	54947847	harbor2	chr20	54842151	54842356	SINE/MIR	437	+	102	54842253	94406
chr20	7139137	7339137	harbor2	chr20	7169391	7169581	SINE/MIR	464	+	95	7169486	30349
chr20	7139137	7339137	harbor2	chr20	7230068	7230285	SINE/MIR	621	+	108	7230176	91039
chr20	41411494	41611494	harbor2	chr20	41414215	41414463	SINE/MIR	744	+	124	41414339	2845
chr20	41411494	41611494	harbor2	chr20	41484103	41484272	SINE/MIR	388	+	84	41484187	72693
chr20	21690466	21890466	harbor2	chr20	21720869	21721122	SINE/MIR	641	+	126	21720995	30529
chr20	21690466	21890466	harbor2	chr20	21767287	21767502	SINE/MIR	507	+	108	21767395	76929
chr20	21690466	21890466	harbor2	chr20	21771878	21772001	SINE/MIR	506	+	62	21771940	81474
chr20	56682454	56882454	harbor2	chr20	56718967	56719150	SINE/MIR	773	+	92	56719059	36605
chr20	56682454	56882454	harbor2	chr20	56736732	56736792	SINE/MIR	432	+	30	56736762	54308
chr20	56682454	56882454	harbor2	chr20	56737103	56737189	SINE/MIR	432	+	43	56737146	54692
chr20	56682454	56882454	harbor2	chr20	56738440	56738579	SINE/MIR	528	+	70	56738510	56056
chr20	56682454	56882454	harbor2	chr20	56738877	56738953	SINE/MIR	528	+	38	56738915	56461
chr20	56682454	56882454	harbor2	chr20	56742913	56743079	SINE/MIR	427	+	83	56742996	60542
chr20	56682454	56882454	harbor2	chr20	56752824	56753060	SINE/MIR	529	+	118	56752942	70488
chr20	56682454	56882454	harbor2	chr20	56753110	56753347	SINE/MIR	711	+	118	56753228	70774
chr20	56682454	56882454	harbor2	chr20	56768054	56768270	SINE/MIR	482	+	108	56768162	85708
chr20	56682454	56882454	harbor2	chr20	56772356	56772513	SINE/MIR	454	+	78	56772434	89980
chr20	56682454	56882454	harbor2	chr20	56773249	56773425	SINE/MIR	573	+	88	56773337	90883
chr20	56682454	56882454	harbor2	chr20	56778395	56778524	SINE/MIR	459	+	64	56778459	96005
chr20	56682454	56882454	harbor2	chr20	56779558	56779789	SINE/MIR	567	+	116	56779674	97220
chr20	45302503	45502503	harbor2	chr20	45324324	45324542	SINE/MIR	732	+	109	45324433	21930
chr20	45302503	45502503	harbor2	chr20	45328232	45328427	SINE/MIR	615	+	98	45328330	25827
chr20	45302503	45502503	harbor2	chr20	45340993	45341166	SINE/MIR	477	+	86	45341079	38576
chr20	45302503	45502503	harbor2	chr20	45346881	45347091	SINE/MIR	500	+	105	45346986	44483
chr20	45302503	45502503	harbor2	chr20	45357501	45357658	SINE/MIR	436	+	78	45357579	55076
chr20	45302503	45502503	harbor2	chr20	45357988	45358208	SINE/MIR	689	+	110	45358098	55595
chr20	45302503	45502503	harbor2	chr20	45360967	45361133	SINE/MIR	547	+	83	45361050	58547
chr20	45302503	45502503	harbor2	chr20	45364042	45364172	SINE/MIR	453	+	65	45364107	61604
chr20	45302503	45502503	harbor2	chr20	45364180	45364407	SINE/MIR	592	+	114	45364294	61791
chr20	45302503	45502503	harbor2	chr20	45365301	45365512	SINE/MIR	460	+	106	45365407	62904
chr20	45302503	45502503	harbor2	chr20	45365946	45366085	SINE/MIR	415	+	70	45366016	63513
chr20	45302503	45502503	harbor2	chr20	45366116	45366327	SINE/MIR	925	+	106	45366222	63719
chr20	45302503	45502503	harbor2	chr20	45371014	45371152	SINE/MIR	501	+	69	45371083	68580
chr20	45302503	45502503	harbor2	chr20	45371183	45371327	SINE/MIR	501	+	72	45371255	68752
chr20	45302503	45502503	harbor2	chr20	45376448	45376701	SINE/MIR	757	+	126	45376574	74071
chr20	45302503	45502503	harbor2	chr20	45376968	45377159	SINE/MIR	632	+	96	45377064	74561
chr20	46294024	46494024	harbor2	chr20	46312966	46313152	SINE/MIR	699	+	93	46313059	19035
chr20	46294024	46494024	harbor2	chr20	46316062	46316186	SINE/MIR	491	+	62	46316124	22100
chr20	46294024	46494024	harbor2	chr20	46321797	46322097	SINE/MIR	539	+	150	46321947	27923
chr20	46294024	46494024	harbor2	chr20	46325434	46325673	SINE/MIR	534	+	120	46325554	31530
chr20	46294024	46494024	harbor2	chr20	46327858	46328043	SINE/MIR	487	+	92	46327950	33926
chr20	46294024	46494024	harbor2	chr20	46333698	46333934	SINE/MIR	607	+	118	46333816	39792
chr20	46294024	46494024	harbor2	chr20	46344206	46344410	SINE/MIR	413	+	102	46344308	50284
chr20	46294024	46494024	harbor2	chr20	46354444	46354674	SINE/MIR	868	+	115	46354559	60535
chr20	46294024	46494024	harbor2	chr20	46362436	46362571	SINE/MIR	522	+	68	46362504	68480
chr20	46294024	46494024	harbor2	chr20	46372188	46372361	SINE/MIR	389	+	86	46372274	78250
chr20	46294024	46494024	harbor2	chr20	46391208	46391451	SINE/MIR	772	+	122	46391330	97306
chr20	52165656	52365656	harbor2	chr20	52178258	52178498	SINE/MIR	807	+	120	52178378	12722
chr20	52165656	52365656	harbor2	chr20	52195055	52195307	SINE/MIR	623	+	126	52195181	29525
chr20	52165656	52365656	harbor2	chr20	52237140	52237295	SINE/MIR	444	+	78	52237218	71562
chr20	57764562	57964562	harbor2	chr20	57764615	57764771	SINE/MIR	548	+	78	57764693	131
chr20	57764562	57964562	harbor2	chr20	57770110	57770282	SINE/MIR	409	+	86	57770196	5634
chr20	57764562	57964562	harbor2	chr20	57781499	57781695	SINE/MIR	410	+	98	57781597	17035
chr20	57764562	57964562	harbor2	chr20	57795387	57795524	SINE/MIR	415	+	68	57795455	30893
chr20	57764562	57964562	harbor2	chr20	57795525	57795766	SINE/MIR	393	+	120	57795645	31083
chr20	57764562	57964562	harbor2	chr20	57810468	57810611	SINE/MIR	642	+	72	57810540	45978
chr20	57764562	57964562	harbor2	chr20	57855372	57855551	SINE/MIR	640	+	90	57855462	90900
chr20	57764562	57964562	harbor2	chr20	57786198	57786453	SINE/MIR	541	+	128	57786326	21764
chr20	49819952	50019952	harbor2	chr20	49854618	49854817	SINE/MIR	680	+	100	49854718	34766
chr20	49819952	50019952	harbor2	chr20	49868610	49868798	SINE/MIR	425	+	94	49868704	48752
chr20	49819952	50019952	harbor2	chr20	49879294	49879542	SINE/MIR	846	+	124	49879418	59466
chr20	49819952	50019952	harbor2	chr20	49916080	49916189	SINE/MIR	579	+	54	49916134	96182
chr20	41551960	41751960	harbor2	chr20	41577793	41577986	SINE/MIR	525	+	96	41577889	25929
chr20	41551960	41751960	harbor2	chr20	41601671	41601841	SINE/MIR	727	+	85	41601756	49796
chr20	41551960	41751960	harbor2	chr20	41625594	41625669	SINE/MIR	416	+	38	41625632	73672
chr20	41551960	41751960	harbor2	chr20	41625976	41626074	SINE/MIR	416	+	49	41626025	74065
chr20	41551960	41751960	harbor2	chr20	41639210	41639428	SINE/MIR	748	+	109	41639319	87359
chr20	13172221	13372221	harbor2	chr20	13181670	13181894	SINE/MIR	616	+	112	13181782	9561
chr20	13172221	13372221	harbor2	chr20	13215135	13215284	SINE/MIR	495	+	74	13215209	42988
chr20	13172221	13372221	harbor2	chr20	13243144	13243255	SINE/MIR	404	+	56	13243200	70979
chr20	42562055	42762055	harbor2	chr20	42602752	42602907	SINE/MIR	523	+	78	42602830	40775
chr20	42562055	42762055	harbor2	chr20	42651621	42651763	SINE/MIR	470	+	71	42651692	89637
chr20	42562055	42762055	harbor2	chr20	42659912	42660151	SINE/MIR	395	+	120	42660032	97977
chr20	39073199	39273199	harbor2	chr20	39088766	39088931	SINE/MIR	467	+	82	39088848	15649
chr20	39073199	39273199	harbor2	chr20	39092515	39092700	SINE/MIR	551	+	92	39092607	19408
chr20	39073199	39273199	harbor2	chr20	39132211	39132461	SINE/MIR	801	+	125	39132336	59137
chr20	39073199	39273199	harbor2	chr20	39132496	39132506	SINE/MIR	801	+	5	39132501	59302
chr20	39073199	39273199	harbor2	chr20	39141534	39141575	SINE/MIR	495	+	20	39141554	68355
chr20	39073199	39273199	harbor2	chr20	39141983	39142114	SINE/MIR	495	+	66	39142049	68850
chr20	39073199	39273199	harbor2	chr20	39145512	39145638	SINE/MIR	463	+	63	39145575	72376
chr20	39073199	39273199	harbor2	chr20	39145710	39145780	SINE/MIR	463	+	35	39145745	72546
chr20	39073199	39273199	harbor2	chr20	39165812	39166038	SINE/MIR	529	+	113	39165925	92726
chr20	53451293	53651293	harbor2	chr20	53465589	53465783	SINE/MIR	456	+	97	53465686	14393
chr20	53451293	53651293	harbor2	chr20	53466943	53467100	SINE/MIR	477	+	78	53467021	15728
chr20	53451293	53651293	harbor2	chr20	53529947	53530071	SINE/MIR	426	+	62	53530009	78716
chr20	53451293	53651293	harbor2	chr20	53546626	53546749	SINE/MIR	409	+	62	53546688	95395
chr20	57905744	58105744	harbor2	chr20	57909866	57910096	SINE/MIR	517	+	115	57909981	4237
chr20	57905744	58105744	harbor2	chr20	57912758	57912994	SINE/MIR	708	+	118	57912876	7132
chr20	57905744	58105744	harbor2	chr20	57914439	57914574	SINE/MIR	391	+	68	57914507	8763
chr20	57905744	58105744	harbor2	chr20	57938483	57938672	SINE/MIR	693	+	94	57938577	32833
chr20	57905744	58105744	harbor2	chr20	57953431	57953667	SINE/MIR	416	+	118	57953549	47805
chr20	57905744	58105744	harbor2	chr20	57955353	57955504	SINE/MIR	440	+	76	57955429	49685
chr20	57905744	58105744	harbor2	chr20	57966361	57966488	SINE/MIR	413	+	64	57966425	60681
chr20	57905744	58105744	harbor2	chr20	57967192	57967416	SINE/MIR	759	+	112	57967304	61560
chr20	57905744	58105744	harbor2	chr20	57970065	57970196	SINE/MIR	471	+	66	57970131	64387
chr20	57905744	58105744	harbor2	chr20	57988354	57988535	SINE/MIR	605	+	90	57988444	82700
chr20	57905744	58105744	harbor2	chr20	57989265	57989495	SINE/MIR	428	+	115	57989380	83636
chr20	57905744	58105744	harbor2	chr20	58004437	58004623	SINE/MIR	442	+	93	58004530	98786
chr20	39498304	39698304	harbor2	chr20	39498611	39498733	SINE/MIR	418	+	61	39498672	368
chr20	39498304	39698304	harbor2	chr20	39500523	39500642	SINE/MIR	485	+	60	39500583	2279
chr20	39498304	39698304	harbor2	chr20	39535595	39535749	SINE/MIR	508	+	77	39535672	37368
chr20	39498304	39698304	harbor2	chr20	39541037	39541185	SINE/MIR	496	+	74	39541111	42807
chr20	39498304	39698304	harbor2	chr20	39551515	39551652	SINE/MIR	407	+	68	39551583	53279
chr20	39498304	39698304	harbor2	chr20	39561079	39561344	SINE/MIR	509	+	132	39561211	62907
chr20	39498304	39698304	harbor2	chr20	39567395	39567617	SINE/MIR	752	+	111	39567506	69202
chr20	39498304	39698304	harbor2	chr20	39574856	39575086	SINE/MIR	772	+	115	39574971	76667
chr20	39498304	39698304	harbor2	chr20	39593594	39593707	SINE/MIR	403	+	56	39593650	95346
chr20	39498304	39698304	harbor2	chr20	39593814	39594033	SINE/MIR	667	+	110	39593924	95620
chr20	46969313	47169313	harbor2	chr20	46973980	46974214	SINE/MIR	573	+	117	46974097	4784
chr20	46969313	47169313	harbor2	chr20	46980107	46980291	SINE/MIR	439	+	92	46980199	10886
chr20	46969313	47169313	harbor2	chr20	46991252	46991479	SINE/MIR	604	+	114	46991366	22053
chr20	46969313	47169313	harbor2	chr20	46993038	46993246	SINE/MIR	570	+	104	46993142	23829
chr20	46969313	47169313	harbor2	chr20	46999738	46999979	SINE/MIR	760	+	120	46999858	30545
chr20	46969313	47169313	harbor2	chr20	47000002	47000250	SINE/MIR	997	+	124	47000126	30813
chr20	46969313	47169313	harbor2	chr20	47001533	47001765	SINE/MIR	630	+	116	47001649	32336
chr20	46969313	47169313	harbor2	chr20	47003141	47003359	SINE/MIR	698	+	109	47003250	33937
chr20	46969313	47169313	harbor2	chr20	47003787	47004008	SINE/MIR	450	+	110	47003897	34584
chr20	46969313	47169313	harbor2	chr20	47008683	47008871	SINE/MIR	524	+	94	47008777	39464
chr20	46969313	47169313	harbor2	chr20	47020888	47021142	SINE/MIR	857	+	127	47021015	51702
chr20	46969313	47169313	harbor2	chr20	47036779	47036921	SINE/MIR	716	+	71	47036850	67537
chr20	46969313	47169313	harbor2	chr20	47037309	47037424	SINE/MIR	716	+	58	47037367	68054
chr20	46969313	47169313	harbor2	chr20	47039675	47039835	SINE/MIR	530	+	80	47039755	70442
chr20	46969313	47169313	harbor2	chr20	47040140	47040212	SINE/MIR	530	+	36	47040176	70863
chr20	46969313	47169313	harbor2	chr20	47042440	47042573	SINE/MIR	398	+	66	47042506	73193
chr20	46969313	47169313	harbor2	chr20	47043589	47043766	SINE/MIR	915	+	88	47043677	74364
chr20	46969313	47169313	harbor2	chr20	47046888	47047017	SINE/MIR	424	+	64	47046952	77639
chr20	46969313	47169313	harbor2	chr20	47053888	47054120	SINE/MIR	741	+	116	47054004	84691
chr20	46969313	47169313	harbor2	chr20	47068059	47068242	SINE/MIR	590	+	92	47068151	98838
chr20	16082262	16282262	harbor2	chr20	16127526	16127698	SINE/MIR	456	+	86	16127612	45350
chr20	16082262	16282262	harbor2	chr20	16132689	16132877	SINE/MIR	561	+	94	16132783	50521
chr20	16082262	16282262	harbor2	chr20	16179176	16179355	SINE/MIR	458	+	90	16179266	97004
chr20	39920556	40120556	harbor2	chr20	39936179	39936384	SINE/MIR	624	+	102	39936281	15725
chr20	39920556	40120556	harbor2	chr20	39940940	39941114	SINE/MIR	433	+	87	39941027	20471
chr20	39920556	40120556	harbor2	chr20	39945858	39946074	SINE/MIR	914	+	108	39945966	25410
chr20	39920556	40120556	harbor2	chr20	39949477	39949701	SINE/MIR	416	+	112	39949589	29033
chr20	39920556	40120556	harbor2	chr20	39959591	39959743	SINE/MIR	411	+	76	39959667	39111
chr20	39920556	40120556	harbor2	chr20	39960044	39960092	SINE/MIR	411	+	24	39960068	39512
chr20	39920556	40120556	harbor2	chr20	39980826	39981032	SINE/MIR	389	+	103	39980929	60373
chr20	39920556	40120556	harbor2	chr20	40001439	40001627	SINE/MIR	465	+	94	40001533	80977
chr20	39920556	40120556	harbor2	chr20	40015485	40015580	SINE/MIR	407	+	48	40015533	94977
chr20	33998335	34198335	harbor2	chr20	34027215	34027386	SINE/MIR	629	+	86	34027301	28966
chr20	33998335	34198335	harbor2	chr20	34030186	34030386	SINE/MIR	881	+	100	34030286	31951
chr20	33998335	34198335	harbor2	chr20	34030589	34030710	SINE/MIR	430	+	60	34030649	32314
chr20	33998335	34198335	harbor2	chr20	34038710	34038825	SINE/MIR	389	+	58	34038768	40433
chr20	33998335	34198335	harbor2	chr20	34046262	34046447	SINE/MIR	486	+	92	34046354	48019
chr20	33998335	34198335	harbor2	chr20	34047566	34047794	SINE/MIR	463	+	114	34047680	49345
chr20	33998335	34198335	harbor2	chr20	34051290	34051532	SINE/MIR	783	+	121	34051411	53076
chr20	33998335	34198335	harbor2	chr20	34063352	34063578	SINE/MIR	720	+	113	34063465	65130
chr20	33998335	34198335	harbor2	chr20	34071726	34071907	SINE/MIR	402	+	90	34071816	73481
chr20	33998335	34198335	harbor2	chr20	34074579	34074699	SINE/MIR	442	+	60	34074639	76304
chr20	33998335	34198335	harbor2	chr20	34082943	34083089	SINE/MIR	438	+	73	34083016	84681
chr20	33998335	34198335	harbor2	chr20	34092862	34093063	SINE/MIR	550	+	100	34092962	94627
chr20	59560138	59760138	harbor2	chr20	59574736	59574961	SINE/MIR	410	+	112	59574848	14710
chr20	59560138	59760138	harbor2	chr20	59576035	59576242	SINE/MIR	457	+	104	59576139	16001
chr20	59560138	59760138	harbor2	chr20	59597428	59597665	SINE/MIR	599	+	118	59597546	37408
chr20	59560138	59760138	harbor2	chr20	59611073	59611239	SINE/MIR	512	+	83	59611156	51018
chr20	59560138	59760138	harbor2	chr20	59616050	59616244	SINE/MIR	584	+	97	59616147	56009
chr20	59560138	59760138	harbor2	chr20	59623274	59623423	SINE/MIR	419	+	74	59623348	63210
chr20	59560138	59760138	harbor2	chr20	59634219	59634438	SINE/MIR	674	+	110	59634329	74191
chr20	59560138	59760138	harbor2	chr20	59636511	59636753	SINE/MIR	626	+	121	59636632	76494
chr20	59560138	59760138	harbor2	chr20	59639586	59639686	SINE/MIR	428	+	50	59639636	79498
chr20	59042868	59242868	harbor2	chr20	59061813	59062011	SINE/MIR	615	+	99	59061912	19044
chr20	59042868	59242868	harbor2	chr20	59103014	59103197	SINE/MIR	659	+	92	59103106	60238
chr20	59042868	59242868	harbor2	chr20	59122578	59122811	SINE/MIR	501	+	116	59122694	79826
chr20	59042868	59242868	harbor2	chr20	59130824	59131023	SINE/MIR	390	+	100	59130924	88056
chr20	59042868	59242868	harbor2	chr20	59134752	59134912	SINE/MIR	691	+	80	59134832	91964
chr20	19458647	19658647	harbor2	chr20	19492242	19492490	SINE/MIR	635	+	124	19492366	33719
chr20	19458647	19658647	harbor2	chr20	19506471	19506665	SINE/MIR	469	+	97	19506568	47921
chr20	19458647	19658647	harbor2	chr20	19523626	19523827	SINE/MIR	554	+	100	19523726	65079
chr20	19458647	19658647	harbor2	chr20	19526282	19526467	SINE/MIR	462	+	92	19526374	67727
chr20	19458647	19658647	harbor2	chr20	19526671	19526928	SINE/MIR	682	+	128	19526799	68152
chr20	19458647	19658647	harbor2	chr20	19542856	19543077	SINE/MIR	571	+	110	19542966	84319
chr20	19458647	19658647	harbor2	chr20	19554493	19554685	SINE/MIR	459	+	96	19554589	95942
chr20	19458647	19658647	harbor2	chr20	19513285	19513466	SINE/MIR	439	+	90	19513375	54728
chr21	17511820	17711820	harbor2	chr21	17576268	17576493	SINE/MIR	580	+	112	17576380	64560
chr21	39189910	39389910	harbor2	chr21	39244366	39244549	SINE/MIR	551	+	92	39244458	54548
chr21	25455653	25655653	harbor2	chr21	25494440	25494587	SINE/MIR	583	+	74	25494514	38861
chr21	25455653	25655653	harbor2	chr21	25494967	25495182	SINE/MIR	499	+	108	25495075	39422
chr21	25455653	25655653	harbor2	chr21	25508706	25508947	SINE/MIR	627	+	120	25508826	53173
chr21	23714425	23914425	harbor2	chr21	23773768	23773860	SINE/MIR	602	+	46	23773814	59389
chr21	23714425	23914425	harbor2	chr21	23773098	23773258	SINE/MIR	602	+	80	23773178	58753
chr21	34833681	35033681	harbor2	chr21	34864935	34865157	SINE/MIR	906	+	111	34865046	31365
chr21	14196599	14396599	harbor2	chr21	14260483	14260707	SINE/MIR	506	+	112	14260595	63996
chr21	35407864	35607864	harbor2	chr21	35481812	35482049	SINE/MIR	885	+	118	35481930	74066
chr21	15637369	15837369	harbor2	chr21	15644610	15644846	SINE/MIR	546	+	118	15644728	7359
chr21	15637369	15837369	harbor2	chr21	15719746	15719937	SINE/MIR	581	+	96	15719842	82473
chr21	15637369	15837369	harbor2	chr21	15722819	15723062	SINE/MIR	623	+	122	15722941	85572
chr21	43695506	43895506	harbor2	chr21	43734340	43734509	SINE/MIR	501	+	84	43734424	38918
chr21	43695506	43895506	harbor2	chr21	43779906	43780134	SINE/MIR	495	+	114	43780020	84514
chr21	25818192	26018192	harbor2	chr21	25852964	25853169	SINE/MIR	538	+	102	25853066	34874
chr21	25818192	26018192	harbor2	chr21	25853565	25853619	SINE/MIR	538	+	27	25853592	35400
chr21	31895891	32095891	harbor2	chr21	31925177	31925414	SINE/MIR	1065	+	118	31925295	29404
chr21	31895891	32095891	harbor2	chr21	31930113	31930313	SINE/MIR	504	+	100	31930213	34322
chr21	31895891	32095891	harbor2	chr21	31973638	31973814	SINE/MIR	630	+	88	31973726	77835
chr21	37284892	37484892	harbor2	chr21	37364005	37364171	SINE/MIR	536	+	83	37364088	79196
chr21	37284892	37484892	harbor2	chr21	37372519	37372725	SINE/MIR	490	+	103	37372622	87730
chr21	27489168	27689168	harbor2	chr21	27520471	27520671	SINE/MIR	527	+	100	27520571	31403
chr21	27489168	27689168	harbor2	chr21	27534047	27534293	SINE/MIR	536	+	123	27534170	45002
chr21	27489168	27689168	harbor2	chr21	27557229	27557436	SINE/MIR	631	+	104	27557333	68165
chr21	33373883	33573883	harbor2	chr21	33424578	33424728	SINE/MIR	589	+	75	33424653	50770
chr21	33373883	33573883	harbor2	chr21	33456614	33456861	SINE/MIR	883	+	124	33456738	82855
chr21	33373883	33573883	harbor2	chr21	33464057	33464194	SINE/MIR	660	+	68	33464125	90242
chr21	45621915	45821915	harbor2	chr21	45708934	45709182	SINE/MIR	501	+	124	45709058	87143
chr21	42070245	42270245	harbor2	chr21	42086559	42086683	SINE/MIR	656	+	62	42086621	16376
chr21	42070245	42270245	harbor2	chr21	42086996	42087066	SINE/MIR	656	+	35	42087031	16786
chr21	42070245	42270245	harbor2	chr21	42132765	42132965	SINE/MIR	498	+	100	42132865	62620
chr21	42070245	42270245	harbor2	chr21	42106745	42106934	SINE/MIR	621	+	94	42106839	36594
chr21	30033587	30233587	harbor2	chr21	30051808	30052020	SINE/MIR	727	+	106	30051914	18327
chr21	30033587	30233587	harbor2	chr21	30111646	30111890	SINE/MIR	533	+	122	30111768	78181
chr21	28196245	28396245	harbor2	chr21	28236445	28236678	SINE/MIR	753	+	116	28236561	40316
chr21	28196245	28396245	harbor2	chr21	28279042	28279212	SINE/MIR	553	+	85	28279127	82882
chr21	36273269	36473269	harbor2	chr21	36323258	36323474	SINE/MIR	633	+	108	36323366	50097
chr21	35936216	36136216	harbor2	chr21	35961382	35961554	SINE/MIR	517	+	86	35961468	25252
chr22	43569028	43769028	harbor2	chr22	43575708	43575946	SINE/MIR	511	+	119	43575827	6799
chr22	43569028	43769028	harbor2	chr22	43627319	43627519	SINE/MIR	801	+	100	43627419	58391
chr22	43569028	43769028	harbor2	chr22	43662918	43663122	SINE/MIR	481	+	102	43663020	93992
chr22	43569028	43769028	harbor2	chr22	43668550	43668731	SINE/MIR	503	+	90	43668640	99612
chr22	45858944	46058944	harbor2	chr22	45865410	45865625	SINE/MIR	662	+	108	45865518	6574
chr22	45858944	46058944	harbor2	chr22	45917832	45918011	SINE/MIR	582	+	90	45917922	58978
chr22	45858944	46058944	harbor2	chr22	45923413	45923592	SINE/MIR	403	+	90	45923503	64559
chr22	45858944	46058944	harbor2	chr22	45956150	45956280	SINE/MIR	468	+	65	45956215	97271
chr22	30051312	30251312	harbor2	chr22	30060526	30060717	SINE/MIR	575	+	96	30060622	9310
chr22	30051312	30251312	harbor2	chr22	30106644	30106840	SINE/MIR	909	+	98	30106742	55430
chr22	30051312	30251312	harbor2	chr22	30107008	30107049	SINE/MIR	909	+	20	30107028	55716
chr22	39591802	39791802	harbor2	chr22	39593715	39593928	SINE/MIR	541	+	106	39593821	2019
chr22	39591802	39791802	harbor2	chr22	39594063	39594247	SINE/MIR	475	+	92	39594155	2353
chr22	39591802	39791802	harbor2	chr22	39600279	39600386	SINE/MIR	455	+	54	39600333	8531
chr22	39591802	39791802	harbor2	chr22	39625373	39625529	SINE/MIR	445	+	78	39625451	33649
chr22	39591802	39791802	harbor2	chr22	39626137	39626312	SINE/MIR	434	+	88	39626225	34423
chr22	39591802	39791802	harbor2	chr22	39634071	39634329	SINE/MIR	743	+	129	39634200	42398
chr22	39591802	39791802	harbor2	chr22	39641812	39641980	SINE/MIR	477	+	84	39641896	50094
chr22	39591802	39791802	harbor2	chr22	39642524	39642720	SINE/MIR	496	+	98	39642622	50820
chr22	39591802	39791802	harbor2	chr22	39655037	39655230	SINE/MIR	596	+	96	39655133	63331
chr22	39591802	39791802	harbor2	chr22	39656690	39656840	SINE/MIR	425	+	75	39656765	64963
chr22	39591802	39791802	harbor2	chr22	39657543	39657757	SINE/MIR	701	+	107	39657650	65848
chr22	39591802	39791802	harbor2	chr22	39661547	39661709	SINE/MIR	691	+	81	39661628	69826
chr22	39591802	39791802	harbor2	chr22	39666061	39666261	SINE/MIR	505	+	100	39666161	74359
chr22	39591802	39791802	harbor2	chr22	39666292	39666443	SINE/MIR	475	+	76	39666368	74566
chr22	39591802	39791802	harbor2	chr22	39676896	39677140	SINE/MIR	713	+	122	39677018	85216
chr22	39591802	39791802	harbor2	chr22	39599986	39600193	SINE/MIR	832	+	104	39600090	8288
chr22	29764322	29964322	harbor2	chr22	29768014	29768252	SINE/MIR	458	+	119	29768133	3811
chr22	29764322	29964322	harbor2	chr22	29770596	29770641	SINE/MIR	490	+	22	29770618	6296
chr22	29764322	29964322	harbor2	chr22	29770997	29771095	SINE/MIR	490	+	49	29771046	6724
chr22	29764322	29964322	harbor2	chr22	29776724	29776855	SINE/MIR	517	+	66	29776790	12468
chr22	29764322	29964322	harbor2	chr22	29780543	29780743	SINE/MIR	734	+	100	29780643	16321
chr22	29764322	29964322	harbor2	chr22	29788192	29788363	SINE/MIR	503	+	86	29788278	23956
chr22	29764322	29964322	harbor2	chr22	29790183	29790379	SINE/MIR	820	+	98	29790281	25959
chr22	29764322	29964322	harbor2	chr22	29797461	29797627	SINE/MIR	427	+	83	29797544	33222
chr22	29764322	29964322	harbor2	chr22	29802278	29802398	SINE/MIR	457	+	60	29802338	38016
chr22	29764322	29964322	harbor2	chr22	29803344	29803522	SINE/MIR	585	+	89	29803433	39111
chr22	29764322	29964322	harbor2	chr22	29821384	29821625	SINE/MIR	749	+	120	29821504	57182
chr22	29764322	29964322	harbor2	chr22	29831252	29831488	SINE/MIR	561	+	118	29831370	67048
chr22	29764322	29964322	harbor2	chr22	29835477	29835741	SINE/MIR	837	+	132	29835609	71287
chr22	29764322	29964322	harbor2	chr22	29862207	29862438	SINE/MIR	606	+	116	29862323	98001
chr22	41222840	41422840	harbor2	chr22	41277993	41278038	SINE/MIR	551	+	22	41278015	55175
chr22	41222840	41422840	harbor2	chr22	41278339	41278534	SINE/MIR	601	+	98	41278437	55597
chr22	41222840	41422840	harbor2	chr22	41278576	41278758	SINE/MIR	430	+	91	41278667	55827
chr22	15742458	15942458	harbor2	chr22	15774259	15774465	SINE/MIR	724	+	103	15774362	31904
chr22	15742458	15942458	harbor2	chr22	15838496	15838773	SINE/MIR	453	+	138	15838634	96176
chr22	50593495	50793495	harbor2	chr22	50624859	50625026	SINE/MIR	466	+	84	50624943	31448
chr22	43484664	43684664	harbor2	chr22	43493578	43493740	SINE/MIR	453	+	81	43493659	8995
chr22	43484664	43684664	harbor2	chr22	43575708	43575946	SINE/MIR	511	+	119	43575827	91163
chr22	33344060	33544060	harbor2	chr22	33359226	33359412	SINE/MIR	547	+	93	33359319	15259
chr22	33344060	33544060	harbor2	chr22	33402490	33402721	SINE/MIR	520	+	116	33402606	58546
chr22	33344060	33544060	harbor2	chr22	33436076	33436304	SINE/MIR	512	+	114	33436190	92130
chr22	33344060	33544060	harbor2	chr22	33437304	33437468	SINE/MIR	838	+	82	33437386	93326
chr22	41672984	41872984	harbor2	chr22	41676352	41676496	SINE/MIR	416	+	72	41676424	3440
chr22	41672984	41872984	harbor2	chr22	41727486	41727603	SINE/MIR	416	+	58	41727544	54560
chr22	30286519	30486519	harbor2	chr22	30287762	30287914	SINE/MIR	536	+	76	30287838	1319
chr22	30286519	30486519	harbor2	chr22	30314294	30314431	SINE/MIR	408	+	68	30314362	27843
chr22	30286519	30486519	harbor2	chr22	30320463	30320633	SINE/MIR	411	+	85	30320548	34029
chr22	30286519	30486519	harbor2	chr22	30323521	30323683	SINE/MIR	614	+	81	30323602	37083
chr22	30286519	30486519	harbor2	chr22	30323983	30324015	SINE/MIR	614	+	16	30323999	37480
chr22	30286519	30486519	harbor2	chr22	30329165	30329358	SINE/MIR	456	+	96	30329261	42742
chr22	30286519	30486519	harbor2	chr22	30344125	30344299	SINE/MIR	648	+	87	30344212	57693
chr22	30286519	30486519	harbor2	chr22	30344416	30344576	SINE/MIR	446	+	80	30344496	57977
chr22	30286519	30486519	harbor2	chr22	30347659	30347848	SINE/MIR	482	+	94	30347753	61234
chr22	30286519	30486519	harbor2	chr22	30348136	30348183	SINE/MIR	482	+	24	30348160	61641
chr22	37535053	37735053	harbor2	chr22	37543125	37543305	SINE/MIR	701	+	90	37543215	8162
chr22	37535053	37735053	harbor2	chr22	37547484	37547632	SINE/MIR	475	+	74	37547558	12505
chr22	37535053	37735053	harbor2	chr22	37551538	37551709	SINE/MIR	408	+	86	37551624	16571
chr22	37535053	37735053	harbor2	chr22	37557838	37557977	SINE/MIR	426	+	70	37557908	22855
chr22	37535053	37735053	harbor2	chr22	37576963	37577130	SINE/MIR	413	+	84	37577047	41994
chr22	37535053	37735053	harbor2	chr22	37584509	37584670	SINE/MIR	472	+	80	37584589	49536
chr22	37535053	37735053	harbor2	chr22	37628442	37628641	SINE/MIR	581	+	100	37628542	93489
chr22	24011935	24211935	harbor2	chr22	24030288	24030465	SINE/MIR	658	+	88	24030376	18441
chr22	24011935	24211935	harbor2	chr22	24038481	24038716	SINE/MIR	479	+	118	24038599	26664
chr22	24011935	24211935	harbor2	chr22	24041468	24041681	SINE/MIR	414	+	106	24041574	29639
chr22	24011935	24211935	harbor2	chr22	24067701	24067857	SINE/MIR	452	+	78	24067779	55844
chr22	24011935	24211935	harbor2	chr22	24072863	24073086	SINE/MIR	672	+	112	24072975	61040
chr22	16440141	16640141	harbor2	chr22	16457057	16457196	SINE/MIR	418	+	70	16457127	16986
chr22	16440141	16640141	harbor2	chr22	16513329	16513515	SINE/MIR	405	+	93	16513422	73281
chr22	50702698	50902698	harbor2	chr22	50740325	50740442	SINE/MIR	422	+	58	50740383	37685
chr22	39612263	39812263	harbor2	chr22	39625373	39625529	SINE/MIR	445	+	78	39625451	13188
chr22	39612263	39812263	harbor2	chr22	39626137	39626312	SINE/MIR	434	+	88	39626225	13962
chr22	39612263	39812263	harbor2	chr22	39634071	39634329	SINE/MIR	743	+	129	39634200	21937
chr22	39612263	39812263	harbor2	chr22	39641812	39641980	SINE/MIR	477	+	84	39641896	29633
chr22	39612263	39812263	harbor2	chr22	39642524	39642720	SINE/MIR	496	+	98	39642622	30359
chr22	39612263	39812263	harbor2	chr22	39655037	39655230	SINE/MIR	596	+	96	39655133	42870
chr22	39612263	39812263	harbor2	chr22	39656690	39656840	SINE/MIR	425	+	75	39656765	44502
chr22	39612263	39812263	harbor2	chr22	39657543	39657757	SINE/MIR	701	+	107	39657650	45387
chr22	39612263	39812263	harbor2	chr22	39661547	39661709	SINE/MIR	691	+	81	39661628	49365
chr22	39612263	39812263	harbor2	chr22	39666061	39666261	SINE/MIR	505	+	100	39666161	53898
chr22	39612263	39812263	harbor2	chr22	39666292	39666443	SINE/MIR	475	+	76	39666368	54105
chr22	39612263	39812263	harbor2	chr22	39676896	39677140	SINE/MIR	713	+	122	39677018	64755
chr22	26689098	26889098	harbor2	chr22	26693808	26693978	SINE/MIR	674	+	85	26693893	4795
chr22	26689098	26889098	harbor2	chr22	26714189	26714394	SINE/MIR	429	+	102	26714291	25193
chr22	26689098	26889098	harbor2	chr22	26718637	26718785	SINE/MIR	427	+	74	26718711	29613
chr22	26689098	26889098	harbor2	chr22	26719336	26719525	SINE/MIR	486	+	94	26719430	30332
chr22	26689098	26889098	harbor2	chr22	26721923	26722158	SINE/MIR	558	+	118	26722041	32943
chr22	26689098	26889098	harbor2	chr22	26751729	26751926	SINE/MIR	582	+	98	26751827	62729
chr22	26689098	26889098	harbor2	chr22	26754633	26754817	SINE/MIR	509	+	92	26754725	65627
chr22	26689098	26889098	harbor2	chr22	26758789	26758991	SINE/MIR	510	+	101	26758890	69792
chr22	26689098	26889098	harbor2	chr22	26759651	26759840	SINE/MIR	467	+	94	26759745	70647
chr22	26689098	26889098	harbor2	chr22	26760623	26760775	SINE/MIR	533	+	76	26760699	71601
chr22	26689098	26889098	harbor2	chr22	26770918	26771065	SINE/MIR	409	+	74	26770992	81894
chr22	26689098	26889098	harbor2	chr22	26777246	26777435	SINE/MIR	444	+	94	26777340	88242
chr22	26689098	26889098	harbor2	chr22	26779502	26779641	SINE/MIR	469	+	70	26779572	90474
chr22	26689098	26889098	harbor2	chr22	26784823	26784841	SINE/MIR	453	+	9	26784832	95734
chr22	26689098	26889098	harbor2	chr22	26785033	26785275	SINE/MIR	478	+	121	26785154	96056
chr22	26689098	26889098	harbor2	chr22	26785912	26786075	SINE/MIR	476	+	82	26785994	96896
chr22	36925262	37125262	harbor2	chr22	36931953	36932150	SINE/MIR	640	+	98	36932051	6789
chr22	36925262	37125262	harbor2	chr22	36958616	36958788	SINE/MIR	421	+	86	36958702	33440
chr22	36925262	37125262	harbor2	chr22	36960385	36960642	SINE/MIR	805	+	128	36960513	35251
chr22	36925262	37125262	harbor2	chr22	36983604	36983801	SINE/MIR	792	+	98	36983702	58440
chr22	36925262	37125262	harbor2	chr22	36988752	36988944	SINE/MIR	492	+	96	36988848	63586
chr22	36925262	37125262	harbor2	chr22	36996007	36996261	SINE/MIR	774	+	127	36996134	70872
chr22	36925262	37125262	harbor2	chr22	37000478	37000672	SINE/MIR	693	+	97	37000575	75313
chr22	36925262	37125262	harbor2	chr22	37001493	37001740	SINE/MIR	719	+	124	37001617	76355
chr22	36925262	37125262	harbor2	chr22	37011569	37011738	SINE/MIR	600	+	84	37011653	86391
chr22	18996133	19196133	harbor2	chr22	18996682	18996921	SINE/MIR	522	+	120	18996802	669
chr22	28112470	28312470	harbor2	chr22	28112971	28113091	SINE/MIR	422	+	60	28113031	561
chr22	28112470	28312470	harbor2	chr22	28129458	28129679	SINE/MIR	741	+	110	28129568	17098
chr22	28112470	28312470	harbor2	chr22	28131672	28131848	SINE/MIR	630	+	88	28131760	19290
chr22	28112470	28312470	harbor2	chr22	28132420	28132589	SINE/MIR	462	+	84	28132504	20034
chr22	28112470	28312470	harbor2	chr22	28152029	28152192	SINE/MIR	416	+	82	28152111	39641
chr22	28112470	28312470	harbor2	chr22	28152427	28152616	SINE/MIR	407	+	94	28152521	40051
chr22	28112470	28312470	harbor2	chr22	28172843	28173009	SINE/MIR	434	+	83	28172926	60456
chr22	28112470	28312470	harbor2	chr22	28174113	28174327	SINE/MIR	441	+	107	28174220	61750
chr22	28112470	28312470	harbor2	chr22	28184033	28184229	SINE/MIR	685	+	98	28184131	71661
chr22	28112470	28312470	harbor2	chr22	28203145	28203361	SINE/MIR	580	+	108	28203253	90783
chr22	28112470	28312470	harbor2	chr22	28207396	28207608	SINE/MIR	555	+	106	28207502	95032
chr22	28112470	28312470	harbor2	chr22	28147550	28147804	SINE/MIR	610	+	127	28147677	35207
chr22	40053222	40253222	harbor2	chr22	40081532	40081774	SINE/MIR	813	+	121	40081653	28431
chr22	46695745	46895745	harbor2	chr22	46747115	46747255	SINE/MIR	473	+	70	46747185	51440
chr22	46695745	46895745	harbor2	chr22	46788236	46788364	SINE/MIR	453	+	64	46788300	92555
chr22	26898866	27098866	harbor2	chr22	26899411	26899552	SINE/MIR	420	+	70	26899481	615
chr22	26898866	27098866	harbor2	chr22	26915267	26915425	SINE/MIR	454	+	79	26915346	16480
chr22	26898866	27098866	harbor2	chr22	26916042	26916270	SINE/MIR	497	+	114	26916156	17290
chr22	26898866	27098866	harbor2	chr22	26922327	26922562	SINE/MIR	613	+	118	26922445	23579
chr22	26898866	27098866	harbor2	chr22	26924816	26925041	SINE/MIR	544	+	112	26924928	26062
chr22	26898866	27098866	harbor2	chr22	26930439	26930642	SINE/MIR	449	+	102	26930541	31675
chr22	26898866	27098866	harbor2	chr22	26934054	26934261	SINE/MIR	789	+	104	26934158	35292
chr22	26898866	27098866	harbor2	chr22	26948610	26948865	SINE/MIR	646	+	128	26948738	49872
chr22	26898866	27098866	harbor2	chr22	26955654	26955803	SINE/MIR	592	+	74	26955728	56862
chr22	26898866	27098866	harbor2	chr22	26957701	26957899	SINE/MIR	479	+	99	26957800	58934
chr22	26898866	27098866	harbor2	chr22	26958461	26958648	SINE/MIR	574	+	94	26958555	59689
chr22	26898866	27098866	harbor2	chr22	26988034	26988268	SINE/MIR	498	+	117	26988151	89285
chr22	26898866	27098866	harbor2	chr22	26991670	26991916	SINE/MIR	450	+	123	26991793	92927
chr22	26898866	27098866	harbor2	chr22	26992543	26992706	SINE/MIR	436	+	82	26992625	93759
chr22	26898866	27098866	harbor2	chr22	26993058	26993274	SINE/MIR	433	+	108	26993166	94300
chr22	36396017	36596017	harbor2	chr22	36405499	36405680	SINE/MIR	492	+	90	36405589	9572
chr22	36396017	36596017	harbor2	chr22	36410641	36410804	SINE/MIR	573	+	82	36410723	14706
chr22	36396017	36596017	harbor2	chr22	36410816	36411005	SINE/MIR	425	+	94	36410910	14893
chr22	36396017	36596017	harbor2	chr22	36411627	36411663	SINE/MIR	425	+	18	36411645	15628
chr22	36396017	36596017	harbor2	chr22	36431930	36431962	SINE/MIR	545	+	16	36431946	35929
chr22	36396017	36596017	harbor2	chr22	36432091	36432243	SINE/MIR	545	+	76	36432167	36150
chr22	36396017	36596017	harbor2	chr22	36442795	36442905	SINE/MIR	460	+	55	36442850	46833
chr22	36396017	36596017	harbor2	chr22	36448542	36448718	SINE/MIR	490	+	88	36448630	52613
chr22	36396017	36596017	harbor2	chr22	36449543	36449676	SINE/MIR	543	+	66	36449609	53592
chr22	36396017	36596017	harbor2	chr22	36456150	36456293	SINE/MIR	627	+	72	36456222	60205
chr22	36396017	36596017	harbor2	chr22	36459841	36459972	SINE/MIR	494	+	66	36459907	63890
chr22	36396017	36596017	harbor2	chr22	36463425	36463590	SINE/MIR	486	+	82	36463507	67490
chr22	36396017	36596017	harbor2	chr22	36465528	36465684	SINE/MIR	422	+	78	36465606	69589
chr22	36396017	36596017	harbor2	chr22	36468282	36468429	SINE/MIR	521	+	74	36468356	72339
chr22	36396017	36596017	harbor2	chr22	36469086	36469272	SINE/MIR	438	+	93	36469179	73162
chr22	45160513	45360513	harbor2	chr22	45211368	45211548	SINE/MIR	461	+	90	45211458	50945
chr22	45160513	45360513	harbor2	chr22	45223380	45223569	SINE/MIR	619	+	94	45223474	62961
chr22	45160513	45360513	harbor2	chr22	45238781	45238875	SINE/MIR	444	+	47	45238828	78315
chr22	45160513	45360513	harbor2	chr22	45238903	45239037	SINE/MIR	444	+	67	45238970	78457
chr22	46294727	46494727	harbor2	chr22	46355172	46355330	SINE/MIR	402	+	79	46355251	60524
chr22	46294727	46494727	harbor2	chr22	46388842	46389013	SINE/MIR	453	+	86	46388928	94201
chr22	47353666	47553666	harbor2	chr22	47355559	47355789	SINE/MIR	435	+	115	47355674	2008
chr22	47353666	47553666	harbor2	chr22	47447330	47447525	SINE/MIR	484	+	98	47447428	93762
chr22	36831013	37031013	harbor2	chr22	36845727	36845900	SINE/MIR	442	+	86	36845813	14800
chr22	36831013	37031013	harbor2	chr22	36855994	36856239	SINE/MIR	437	+	122	36856116	25103
chr22	36831013	37031013	harbor2	chr22	36868249	36868460	SINE/MIR	574	+	106	36868355	37342
chr22	36831013	37031013	harbor2	chr22	36869703	36869848	SINE/MIR	419	+	72	36869775	38762
chr22	36831013	37031013	harbor2	chr22	36871198	36871394	SINE/MIR	437	+	98	36871296	40283
chr22	36831013	37031013	harbor2	chr22	36872117	36872272	SINE/MIR	623	+	78	36872195	41182
chr22	36831013	37031013	harbor2	chr22	36919958	36920189	SINE/MIR	591	+	116	36920074	89061
chr22	30235408	30435408	harbor2	chr22	30237643	30237792	SINE/MIR	448	+	74	30237717	2309
chr22	30235408	30435408	harbor2	chr22	30250108	30250329	SINE/MIR	608	+	110	30250218	14810
chr22	30235408	30435408	harbor2	chr22	30254859	30255015	SINE/MIR	443	+	78	30254937	19529
chr22	30235408	30435408	harbor2	chr22	30261062	30261176	SINE/MIR	430	+	57	30261119	25711
chr22	30235408	30435408	harbor2	chr22	30261490	30261656	SINE/MIR	425	+	83	30261573	26165
chr22	30235408	30435408	harbor2	chr22	30267494	30267682	SINE/MIR	564	+	94	30267588	32180
chr22	30235408	30435408	harbor2	chr22	30279789	30279891	SINE/MIR	468	+	51	30279840	44432
chr22	30235408	30435408	harbor2	chr22	30287762	30287914	SINE/MIR	536	+	76	30287838	52430
chr22	30235408	30435408	harbor2	chr22	30314294	30314431	SINE/MIR	408	+	68	30314362	78954
chr22	30235408	30435408	harbor2	chr22	30320463	30320633	SINE/MIR	411	+	85	30320548	85140
chr22	30235408	30435408	harbor2	chr22	30323521	30323683	SINE/MIR	614	+	81	30323602	88194
chr22	30235408	30435408	harbor2	chr22	30323983	30324015	SINE/MIR	614	+	16	30323999	88591
chr22	30235408	30435408	harbor2	chr22	30329165	30329358	SINE/MIR	456	+	96	30329261	93853
chr22	32112552	32312552	harbor2	chr22	32148960	32149168	SINE/MIR	507	+	104	32149064	36512
chr22	32112552	32312552	harbor2	chr22	32173975	32174126	SINE/MIR	639	+	76	32174051	61499
chr22	32112552	32312552	harbor2	chr22	32174456	32174523	SINE/MIR	639	+	34	32174490	61938
chr22	45293483	45493483	harbor2	chr22	45293539	45293771	SINE/MIR	636	+	116	45293655	172
chr22	45293483	45493483	harbor2	chr22	45307071	45307283	SINE/MIR	622	+	106	45307177	13694
chr22	45293483	45493483	harbor2	chr22	45308551	45308717	SINE/MIR	433	+	83	45308634	15151
chr22	33839738	34039738	harbor2	chr22	33850367	33850583	SINE/MIR	510	+	108	33850475	10737
chr22	33839738	34039738	harbor2	chr22	33866534	33866691	SINE/MIR	614	+	78	33866612	26874
chr22	33839738	34039738	harbor2	chr22	33874637	33874807	SINE/MIR	494	+	85	33874722	34984
chr22	33839738	34039738	harbor2	chr22	33877420	33877579	SINE/MIR	546	+	80	33877500	37762
chr22	33839738	34039738	harbor2	chr22	33890147	33890391	SINE/MIR	497	+	122	33890269	50531
chr22	33839738	34039738	harbor2	chr22	33891522	33891703	SINE/MIR	522	+	90	33891612	51874
chr22	33839738	34039738	harbor2	chr22	33894653	33894873	SINE/MIR	411	+	110	33894763	55025
chr22	33839738	34039738	harbor2	chr22	33910908	33911120	SINE/MIR	431	+	106	33911014	71276
chr22	33839738	34039738	harbor2	chr22	33911155	33911329	SINE/MIR	457	+	87	33911242	71504
chr22	45680331	45880331	harbor2	chr22	45689357	45689571	SINE/MIR	745	+	107	45689464	9133
chr22	45680331	45880331	harbor2	chr22	45691968	45692122	SINE/MIR	455	+	77	45692045	11714
chr22	45680331	45880331	harbor2	chr22	45728866	45729085	SINE/MIR	623	+	110	45728976	48645
chr22	45680331	45880331	harbor2	chr22	45739605	45739795	SINE/MIR	473	+	95	45739700	59369
chr22	45680331	45880331	harbor2	chr22	45747626	45747810	SINE/MIR	612	+	92	45747718	67387
chr22	45680331	45880331	harbor2	chr22	45776580	45776793	SINE/MIR	402	+	106	45776686	96355
chr22	40785163	40985163	harbor2	chr22	40823346	40823573	SINE/MIR	644	+	114	40823460	38297
chr22	36706475	36906475	harbor2	chr22	36706862	36707058	SINE/MIR	490	+	98	36706960	485
chr22	36706475	36906475	harbor2	chr22	36709277	36709408	SINE/MIR	512	+	66	36709343	2868
chr22	36706475	36906475	harbor2	chr22	36711691	36711889	SINE/MIR	482	+	99	36711790	5315
chr22	36706475	36906475	harbor2	chr22	36721282	36721407	SINE/MIR	443	+	62	36721344	14869
chr22	36706475	36906475	harbor2	chr22	36722061	36722183	SINE/MIR	408	+	61	36722122	15647
chr22	36706475	36906475	harbor2	chr22	36725212	36725398	SINE/MIR	450	+	93	36725305	18830
chr22	36706475	36906475	harbor2	chr22	36734854	36735013	SINE/MIR	445	+	80	36734934	28459
chr22	36706475	36906475	harbor2	chr22	36760616	36760827	SINE/MIR	496	+	106	36760722	54247
chr22	36706475	36906475	harbor2	chr22	36772252	36772471	SINE/MIR	978	+	110	36772362	65887
chr22	36706475	36906475	harbor2	chr22	36773701	36773957	SINE/MIR	721	+	128	36773829	67354
chr22	36706475	36906475	harbor2	chr22	36783883	36784051	SINE/MIR	647	+	84	36783967	77492
chr22	36706475	36906475	harbor2	chr22	36786981	36787215	SINE/MIR	620	+	117	36787098	80623
chr22	36706475	36906475	harbor2	chr22	36799361	36799592	SINE/MIR	657	+	116	36799477	93002
chr22	36706475	36906475	harbor2	chr22	36800388	36800566	SINE/MIR	418	+	89	36800477	94002
chr22	36706475	36906475	harbor2	chr22	36805171	36805368	SINE/MIR	400	+	98	36805269	98794
chr22	36706475	36906475	harbor2	chr22	36805581	36805766	SINE/MIR	524	+	92	36805673	99198
chr22	36706475	36906475	harbor2	chr22	36805979	36806131	SINE/MIR	581	+	76	36806055	99580
chr22	37866634	38066634	harbor2	chr22	37889766	37889818	SINE/MIR	416	+	26	37889792	23158
chr22	37866634	38066634	harbor2	chr22	37890119	37890223	SINE/MIR	416	+	52	37890171	23537
chr22	37866634	38066634	harbor2	chr22	37893399	37893584	SINE/MIR	420	+	92	37893491	26857
chr22	37866634	38066634	harbor2	chr22	37915418	37915642	SINE/MIR	598	+	112	37915530	48896
chr22	37866634	38066634	harbor2	chr22	37915947	37915961	SINE/MIR	577	+	7	37915954	49320
chr22	37866634	38066634	harbor2	chr22	37931101	37931273	SINE/MIR	612	+	86	37931187	64553
chr22	37866634	38066634	harbor2	chr22	37933427	37933606	SINE/MIR	519	+	90	37933517	66883
chr22	37866634	38066634	harbor2	chr22	37939097	37939342	SINE/MIR	696	+	122	37939219	72585
chr22	33500920	33700920	harbor2	chr22	33504571	33504768	SINE/MIR	417	+	98	33504669	3749
chr22	33500920	33700920	harbor2	chr22	33529718	33529837	SINE/MIR	402	+	60	33529778	28858
chr22	33500920	33700920	harbor2	chr22	33560063	33560298	SINE/MIR	753	+	118	33560181	59261
chr22	33500920	33700920	harbor2	chr22	33570007	33570154	SINE/MIR	491	+	74	33570081	69161
chr22	33500920	33700920	harbor2	chr22	33572380	33572591	SINE/MIR	586	+	106	33572486	71566
chr22	33500920	33700920	harbor2	chr22	33572903	33573061	SINE/MIR	623	+	79	33572982	72062
chr22	33500920	33700920	harbor2	chr22	33589151	33589355	SINE/MIR	465	+	102	33589253	88333
chr22	33500920	33700920	harbor2	chr22	33598143	33598357	SINE/MIR	606	+	107	33598250	97330
chr22	33859825	34059825	harbor2	chr22	33866534	33866691	SINE/MIR	614	+	78	33866612	6787
chr22	33859825	34059825	harbor2	chr22	33874637	33874807	SINE/MIR	494	+	85	33874722	14897
chr22	33859825	34059825	harbor2	chr22	33877420	33877579	SINE/MIR	546	+	80	33877500	17675
chr22	33859825	34059825	harbor2	chr22	33890147	33890391	SINE/MIR	497	+	122	33890269	30444
chr22	33859825	34059825	harbor2	chr22	33891522	33891703	SINE/MIR	522	+	90	33891612	31787
chr22	33859825	34059825	harbor2	chr22	33894653	33894873	SINE/MIR	411	+	110	33894763	34938
chr22	33859825	34059825	harbor2	chr22	33910908	33911120	SINE/MIR	431	+	106	33911014	51189
chr22	33859825	34059825	harbor2	chr22	33911155	33911329	SINE/MIR	457	+	87	33911242	51417
chr22	26773233	26973233	harbor2	chr22	26777246	26777435	SINE/MIR	444	+	94	26777340	4107
chr22	26773233	26973233	harbor2	chr22	26779502	26779641	SINE/MIR	469	+	70	26779572	6339
chr22	26773233	26973233	harbor2	chr22	26784823	26784841	SINE/MIR	453	+	9	26784832	11599
chr22	26773233	26973233	harbor2	chr22	26785033	26785275	SINE/MIR	478	+	121	26785154	11921
chr22	26773233	26973233	harbor2	chr22	26785912	26786075	SINE/MIR	476	+	82	26785994	12761
chr22	26773233	26973233	harbor2	chr22	26792680	26792801	SINE/MIR	448	+	60	26792740	19507
chr22	26773233	26973233	harbor2	chr22	26794755	26794783	SINE/MIR	523	+	14	26794769	21536
chr22	26773233	26973233	harbor2	chr22	26795194	26795341	SINE/MIR	523	+	74	26795268	22035
chr22	26773233	26973233	harbor2	chr22	26805601	26805749	SINE/MIR	438	+	74	26805675	32442
chr22	26773233	26973233	harbor2	chr22	26807253	26807479	SINE/MIR	857	+	113	26807366	34133
chr22	26773233	26973233	harbor2	chr22	26808988	26809141	SINE/MIR	631	+	76	26809064	35831
chr22	26773233	26973233	harbor2	chr22	26815873	26816080	SINE/MIR	618	+	104	26815977	42744
chr22	26773233	26973233	harbor2	chr22	26816131	26816336	SINE/MIR	491	+	102	26816233	43000
chr22	26773233	26973233	harbor2	chr22	26816446	26816647	SINE/MIR	517	+	100	26816546	43313
chr22	26773233	26973233	harbor2	chr22	26817738	26817969	SINE/MIR	702	+	116	26817854	44621
chr22	26773233	26973233	harbor2	chr22	26825589	26825702	SINE/MIR	406	+	56	26825645	52412
chr22	26773233	26973233	harbor2	chr22	26848686	26848852	SINE/MIR	404	+	83	26848769	75536
chr22	26773233	26973233	harbor2	chr22	26857985	26858130	SINE/MIR	541	+	72	26858057	84824
chr22	26773233	26973233	harbor2	chr22	26864378	26864628	SINE/MIR	410	+	125	26864503	91270
chr22	41512666	41712666	harbor2	chr22	41519264	41519472	SINE/MIR	426	+	104	41519368	6702
chr22	41512666	41712666	harbor2	chr22	41521339	41521524	SINE/MIR	651	+	92	41521431	8765
chr22	41512666	41712666	harbor2	chr22	41540975	41541212	SINE/MIR	591	+	118	41541093	28427
chr22	41512666	41712666	harbor2	chr22	41559781	41559988	SINE/MIR	411	+	104	41559885	47219
chr22	41512666	41712666	harbor2	chr22	41563707	41563790	SINE/MIR	441	+	42	41563749	51083
chr22	41512666	41712666	harbor2	chr22	41564115	41564224	SINE/MIR	441	+	54	41564169	51503
chr22	41512666	41712666	harbor2	chr22	41567257	41567460	SINE/MIR	751	+	102	41567359	54693
chr22	41512666	41712666	harbor2	chr22	41567725	41567887	SINE/MIR	565	+	81	41567806	55140
chr22	41512666	41712666	harbor2	chr22	41579794	41579960	SINE/MIR	460	+	83	41579877	67211
chr22	41512666	41712666	harbor2	chr22	41581395	41581561	SINE/MIR	451	+	83	41581478	68812
chr22	41512666	41712666	harbor2	chr22	41591464	41591617	SINE/MIR	457	+	76	41591540	78874
chr22	41512666	41712666	harbor2	chr22	41593185	41593343	SINE/MIR	436	+	79	41593264	80598
chr22	42455184	42655184	harbor2	chr22	42503728	42503878	SINE/MIR	501	+	75	42503803	48619
chr22	19222695	19422695	harbor2	chr22	19290197	19290432	SINE/MIR	487	+	118	19290315	67620
chr22	50080690	50280690	harbor2	chr22	50118220	50118403	SINE/MIR	667	+	92	50118312	37622
chr22	44563860	44763860	harbor2	chr22	44608215	44608348	SINE/MIR	404	+	66	44608281	44421
chr22	21758119	21958119	harbor2	chr22	21833282	21833474	SINE/MIR	448	+	96	21833378	75259
chr22	21758119	21958119	harbor2	chr22	21846642	21846841	SINE/MIR	439	+	100	21846742	88623
chr22	38405633	38605633	harbor2	chr22	38436082	38436243	SINE/MIR	412	+	80	38436162	30529
chr22	38405633	38605633	harbor2	chr22	38449305	38449437	SINE/MIR	455	+	66	38449371	43738
chr22	38405633	38605633	harbor2	chr22	38450923	38451117	SINE/MIR	519	+	97	38451020	45387
chr22	38405633	38605633	harbor2	chr22	38457978	38458145	SINE/MIR	454	+	84	38458062	52429
chr22	38405633	38605633	harbor2	chr22	38466207	38466367	SINE/MIR	420	+	80	38466287	60654
chr22	38405633	38605633	harbor2	chr22	38474703	38474814	SINE/MIR	663	+	56	38474759	69126
chr22	38405633	38605633	harbor2	chr22	38475108	38475206	SINE/MIR	663	+	49	38475157	69524
chr22	38405633	38605633	harbor2	chr22	38501527	38501756	SINE/MIR	421	+	114	38501641	96008
chr22	44279473	44479473	harbor2	chr22	44290613	44290782	SINE/MIR	430	+	84	44290697	11224
chr22	44279473	44479473	harbor2	chr22	44300479	44300642	SINE/MIR	404	+	82	44300561	21088
chr22	44279473	44479473	harbor2	chr22	44310404	44310562	SINE/MIR	480	+	79	44310483	31010
chr22	44279473	44479473	harbor2	chr22	44322077	44322255	SINE/MIR	481	+	89	44322166	42693
chr22	44279473	44479473	harbor2	chr22	44333708	44333926	SINE/MIR	448	+	109	44333817	54344
chr22	44279473	44479473	harbor2	chr22	44336662	44336787	SINE/MIR	461	+	62	44336724	57251
chr22	44279473	44479473	harbor2	chr22	44336893	44337024	SINE/MIR	410	+	66	44336959	57486
chr22	44279473	44479473	harbor2	chr22	44343031	44343233	SINE/MIR	491	+	101	44343132	63659
chr22	44279473	44479473	harbor2	chr22	44348122	44348354	SINE/MIR	411	+	116	44348238	68765
chr22	38996666	39196666	harbor2	chr22	39001844	39002102	SINE/MIR	661	+	129	39001973	5307
chr22	38826857	39026857	harbor2	chr22	38827922	38828109	SINE/MIR	554	+	94	38828016	1159
chr22	38826857	39026857	harbor2	chr22	38829040	38829250	SINE/MIR	409	+	105	38829145	2288
chr22	38826857	39026857	harbor2	chr22	38833443	38833617	SINE/MIR	453	+	87	38833530	6673
chr22	38826857	39026857	harbor2	chr22	38834651	38834902	SINE/MIR	669	+	126	38834777	7920
chr22	38826857	39026857	harbor2	chr22	38834922	38835123	SINE/MIR	693	+	100	38835022	8165
chr22	38826857	39026857	harbor2	chr22	38838944	38839127	SINE/MIR	458	+	92	38839036	12179
chr22	38826857	39026857	harbor2	chr22	38870176	38870327	SINE/MIR	607	+	76	38870252	43395
chr22	38826857	39026857	harbor2	chr22	38880489	38880636	SINE/MIR	485	+	74	38880563	53706
chr22	19399630	19599630	harbor2	chr22	19478367	19478513	SINE/MIR	400	+	73	19478440	78810
chr22	19399630	19599630	harbor2	chr22	19496097	19496256	SINE/MIR	445	+	80	19496177	96547
chr22	43217791	43417791	harbor2	chr22	43239019	43239233	SINE/MIR	503	+	107	43239126	21335
chr22	43217791	43417791	harbor2	chr22	43243631	43243867	SINE/MIR	490	+	118	43243749	25958
chr22	43217791	43417791	harbor2	chr22	43268534	43268696	SINE/MIR	402	+	81	43268615	50824
chr22	43217791	43417791	harbor2	chr22	43277556	43277698	SINE/MIR	418	+	71	43277627	59836
chr22	43217791	43417791	harbor2	chr22	43284538	43284737	SINE/MIR	452	+	100	43284638	66847
chr22	43217791	43417791	harbor2	chr22	43299085	43299240	SINE/MIR	634	+	78	43299163	81372
chr22	43217791	43417791	harbor2	chr22	43312960	43313151	SINE/MIR	692	+	96	43313056	95265
chr22	30812209	31012209	harbor2	chr22	30820523	30820719	SINE/MIR	566	+	98	30820621	8412
chr22	30812209	31012209	harbor2	chr22	30840528	30840717	SINE/MIR	486	+	94	30840622	28413
chr22	26873842	27073842	harbor2	chr22	26884100	26884291	SINE/MIR	717	+	96	26884196	10354
chr22	26873842	27073842	harbor2	chr22	26885533	26885708	SINE/MIR	591	+	88	26885621	11779
chr22	26873842	27073842	harbor2	chr22	26892539	26892761	SINE/MIR	614	+	111	26892650	18808
chr22	26873842	27073842	harbor2	chr22	26899411	26899552	SINE/MIR	420	+	70	26899481	25639
chr22	26873842	27073842	harbor2	chr22	26915267	26915425	SINE/MIR	454	+	79	26915346	41504
chr22	26873842	27073842	harbor2	chr22	26916042	26916270	SINE/MIR	497	+	114	26916156	42314
chr22	26873842	27073842	harbor2	chr22	26922327	26922562	SINE/MIR	613	+	118	26922445	48603
chr22	26873842	27073842	harbor2	chr22	26924816	26925041	SINE/MIR	544	+	112	26924928	51086
chr22	26873842	27073842	harbor2	chr22	26930439	26930642	SINE/MIR	449	+	102	26930541	56699
chr22	26873842	27073842	harbor2	chr22	26934054	26934261	SINE/MIR	789	+	104	26934158	60316
chr22	26873842	27073842	harbor2	chr22	26948610	26948865	SINE/MIR	646	+	128	26948738	74896
chr22	26873842	27073842	harbor2	chr22	26955654	26955803	SINE/MIR	592	+	74	26955728	81886
chr22	26873842	27073842	harbor2	chr22	26957701	26957899	SINE/MIR	479	+	99	26957800	83958
chr22	26873842	27073842	harbor2	chr22	26958461	26958648	SINE/MIR	574	+	94	26958555	84713
chr22	37103572	37303572	harbor2	chr22	37119763	37119972	SINE/MIR	513	+	104	37119867	16295
chr22	37103572	37303572	harbor2	chr22	37122687	37122905	SINE/MIR	660	+	109	37122796	19224
chr22	37103572	37303572	harbor2	chr22	37124310	37124471	SINE/MIR	493	+	80	37124390	20818
chr22	37103572	37303572	harbor2	chr22	37129531	37129642	SINE/MIR	548	+	56	37129587	26015
chr22	37103572	37303572	harbor2	chr22	37133388	37133566	SINE/MIR	428	+	89	37133477	29905
chr22	37103572	37303572	harbor2	chr22	37140788	37140960	SINE/MIR	595	+	86	37140874	37302
chr22	37103572	37303572	harbor2	chr22	37168404	37168654	SINE/MIR	666	+	125	37168529	64957
chr22	29070614	29270614	harbor2	chr22	29074730	29074923	SINE/MIR	602	+	96	29074826	4212
chr22	29070614	29270614	harbor2	chr22	29092318	29092440	SINE/MIR	413	+	61	29092379	21765
chr22	29070614	29270614	harbor2	chr22	29113133	29113355	SINE/MIR	510	+	111	29113244	42630
chr22	29070614	29270614	harbor2	chr22	29147795	29147961	SINE/MIR	426	+	83	29147878	77264
chr22	29070614	29270614	harbor2	chr22	29153659	29153698	SINE/MIR	423	+	20	29153679	83065
chr22	29070614	29270614	harbor2	chr22	29153993	29154094	SINE/MIR	423	+	50	29154043	83429
chr22	50602852	50802852	harbor2	chr22	50624859	50625026	SINE/MIR	466	+	84	50624943	22091
chr22	50688850	50888850	harbor2	chr22	50740325	50740442	SINE/MIR	422	+	58	50740383	51533
chr22	32072245	32272245	harbor2	chr22	32148960	32149168	SINE/MIR	507	+	104	32149064	76819
chr22	21519592	21719592	harbor2	chr22	21566846	21567049	SINE/MIR	569	+	102	21566948	47356
chr22	21519592	21719592	harbor2	chr22	21574214	21574440	SINE/MIR	703	+	113	21574327	54735
chrX	149138994	149338994	harbor2	chrX	149174247	149174498	SINE/MIR	976	+	126	149174373	35379
chrX	149138994	149338994	harbor2	chrX	149204607	149204802	SINE/MIR	558	+	98	149204705	65711
chrX	149138994	149338994	harbor2	chrX	149207351	149207476	SINE/MIR	444	+	62	149207413	68419
chrX	149138994	149338994	harbor2	chrX	149220775	149220970	SINE/MIR	601	+	98	149220873	81879
chrX	133993859	134193859	harbor2	chrX	133994739	133994881	SINE/MIR	528	+	71	133994810	951
chrX	133993859	134193859	harbor2	chrX	134001694	134001901	SINE/MIR	579	+	104	134001798	7939
chrX	133993859	134193859	harbor2	chrX	134018737	134018954	SINE/MIR	841	+	108	134018845	24986
chrX	133993859	134193859	harbor2	chrX	134022975	134023138	SINE/MIR	703	+	82	134023057	29198
chrX	133993859	134193859	harbor2	chrX	134032126	134032301	SINE/MIR	718	+	88	134032214	38355
chrX	133993859	134193859	harbor2	chrX	134071720	134071946	SINE/MIR	754	+	113	134071833	77974
chrX	74552882	74752882	harbor2	chrX	74584193	74584396	SINE/MIR	509	+	102	74584295	31413
chrX	74552882	74752882	harbor2	chrX	74611744	74611942	SINE/MIR	520	+	99	74611843	58961
chrX	138746055	138946055	harbor2	chrX	138746594	138746819	SINE/MIR	698	+	112	138746706	651
chrX	138746055	138946055	harbor2	chrX	138759656	138759867	SINE/MIR	548	+	106	138759762	13707
chrX	138746055	138946055	harbor2	chrX	138762578	138762812	SINE/MIR	986	+	117	138762695	16640
chrX	138746055	138946055	harbor2	chrX	138767690	138767835	SINE/MIR	522	+	72	138767762	21707
chrX	138746055	138946055	harbor2	chrX	138769271	138769515	SINE/MIR	697	+	122	138769393	23338
chrX	138746055	138946055	harbor2	chrX	138793697	138793934	SINE/MIR	583	+	118	138793815	47760
chrX	138746055	138946055	harbor2	chrX	138819108	138819316	SINE/MIR	463	+	104	138819212	73157
chrX	138746055	138946055	harbor2	chrX	138825200	138825439	SINE/MIR	673	+	120	138825320	79265
chrX	138746055	138946055	harbor2	chrX	138825560	138825684	SINE/MIR	661	+	62	138825622	79567
chrX	152507675	152707675	harbor2	chrX	152551768	152552001	SINE/MIR	662	+	116	152551884	44209
chrX	152507675	152707675	harbor2	chrX	152565343	152565615	SINE/MIR	545	+	136	152565479	57804
chrX	152507675	152707675	harbor2	chrX	152598128	152598382	SINE/MIR	933	+	127	152598255	90580
chrX	147541478	147741478	harbor2	chrX	147601115	147601314	SINE/MIR	443	+	100	147601215	59737
chrX	147541478	147741478	harbor2	chrX	147603537	147603701	SINE/MIR	689	+	82	147603619	62141
chrX	147541478	147741478	harbor2	chrX	147615857	147615996	SINE/MIR	499	+	70	147615927	74449
chrX	152799737	152999737	harbor2	chrX	152832723	152832851	SINE/MIR	459	+	64	152832787	33050
chrX	152799737	152999737	harbor2	chrX	152883667	152883872	SINE/MIR	845	+	102	152883769	84032
chrX	154663780	154863780	harbor2	chrX	154701044	154701265	SINE/MIR	769	+	110	154701154	37374
chrX	154663780	154863780	harbor2	chrX	154714249	154714455	SINE/MIR	490	+	103	154714352	50572
chrX	154663780	154863780	harbor2	chrX	154723824	154724012	SINE/MIR	477	+	94	154723918	60138
chrX	18908355	19108355	harbor2	chrX	18954489	18954667	SINE/MIR	567	+	89	18954578	46223
chrX	18908355	19108355	harbor2	chrX	18959073	18959304	SINE/MIR	642	+	116	18959189	50834
chrX	18908355	19108355	harbor2	chrX	18985429	18985669	SINE/MIR	703	+	120	18985549	77194
chrX	18908355	19108355	harbor2	chrX	19005158	19005407	SINE/MIR	600	+	124	19005282	96927
chrX	18908355	19108355	harbor2	chrX	19007620	19007817	SINE/MIR	702	+	98	19007718	99363
chrX	155834425	156034425	harbor2	chrX	155888761	155889011	SINE/MIR	1035	+	125	155888886	54461
chrX	155834425	156034425	harbor2	chrX	155920589	155920830	SINE/MIR	1254	+	120	155920709	86284
chrX	154874720	155074720	harbor2	chrX	154896905	154897062	SINE/MIR	718	+	78	154896983	22263
chrX	154874720	155074720	harbor2	chrX	154898481	154898662	SINE/MIR	770	+	90	154898571	23851
chrX	154874720	155074720	harbor2	chrX	154932055	154932244	SINE/MIR	611	+	94	154932149	57429
chrX	154874720	155074720	harbor2	chrX	154967289	154967455	SINE/MIR	470	+	83	154967372	92652
chrX	155059601	155259601	harbor2	chrX	155062714	155062937	SINE/MIR	697	+	112	155062826	3225
chrX	155059601	155259601	harbor2	chrX	155064320	155064513	SINE/MIR	567	+	96	155064416	4815
chrX	155059601	155259601	harbor2	chrX	155069313	155069426	SINE/MIR	531	+	56	155069369	9768
chrX	155059601	155259601	harbor2	chrX	155145352	155145528	SINE/MIR	509	+	88	155145440	85839
chrX	91674660	91874660	harbor2	chrX	91762847	91763070	SINE/MIR	544	+	112	91762959	88299
chrX	151019982	151219982	harbor2	chrX	151038057	151038226	SINE/MIR	454	+	84	151038141	18159
chrX	151019982	151219982	harbor2	chrX	151039422	151039507	SINE/MIR	671	+	42	151039464	19482
chrX	151019982	151219982	harbor2	chrX	151039832	151039923	SINE/MIR	671	+	46	151039878	19896
chrX	151019982	151219982	harbor2	chrX	151046231	151046466	SINE/MIR	702	+	118	151046349	26367
chrX	151019982	151219982	harbor2	chrX	151050840	151051025	SINE/MIR	463	+	92	151050932	30950
chrX	151019982	151219982	harbor2	chrX	151091604	151091765	SINE/MIR	549	+	80	151091684	71702
chrX	151019982	151219982	harbor2	chrX	151096640	151096794	SINE/MIR	455	+	77	151096717	76735
chrX	132672815	132872815	harbor2	chrX	132711398	132711572	SINE/MIR	486	+	87	132711485	38670
chrX	132672815	132872815	harbor2	chrX	132712597	132712743	SINE/MIR	448	+	73	132712670	39855
chrX	132672815	132872815	harbor2	chrX	132714145	132714324	SINE/MIR	482	+	90	132714235	41420
chrX	132672815	132872815	harbor2	chrX	132714619	132714642	SINE/MIR	482	+	12	132714631	41816
chrX	132672815	132872815	harbor2	chrX	132741253	132741285	SINE/MIR	470	+	16	132741269	68454
chrX	132672815	132872815	harbor2	chrX	132741582	132741724	SINE/MIR	470	+	71	132741653	68838
chrX	132672815	132872815	harbor2	chrX	132741785	132742015	SINE/MIR	463	+	115	132741900	69085
chrX	132672815	132872815	harbor2	chrX	132747543	132747725	SINE/MIR	619	+	91	132747634	74819
chrX	132672815	132872815	harbor2	chrX	132761887	132762060	SINE/MIR	456	+	86	132761973	89158
chrX	132672815	132872815	harbor2	chrX	132762851	132763094	SINE/MIR	718	+	122	132762973	90158
