H_chr	H_start	H_end	Harbor	TE_chr	TE_start	TE_end	TE	score	TE_strand	TE_half	TE_middle_pos	TE_dis
chr1	234473588	234673588	harbor1	chr1	234508902	234509049	SINE/MIR	614	+	74	234508976	35388
chr1	234473588	234673588	harbor1	chr1	234538253	234538414	SINE/MIR	544	+	80	234538333	64745
chr1	234473588	234673588	harbor1	chr1	234541394	234541596	SINE/MIR	405	+	101	234541495	67907
chr1	234473588	234673588	harbor1	chr1	234548207	234548292	SINE/MIR	748	+	42	234548249	74661
chr1	234473588	234673588	harbor1	chr1	234548592	234548766	SINE/MIR	748	+	87	234548679	75091
chr1	217328960	217528960	harbor1	chr1	217335234	217335407	SINE/MIR	423	+	86	217335320	6360
chr1	217328960	217528960	harbor1	chr1	217338513	217338735	SINE/MIR	461	+	111	217338624	9664
chr1	217328960	217528960	harbor1	chr1	217354745	217354963	SINE/MIR	776	+	109	217354854	25894
chr1	217328960	217528960	harbor1	chr1	217361667	217361903	SINE/MIR	645	+	118	217361785	32825
chr1	161699396	161899396	harbor1	chr1	161708935	161709099	SINE/MIR	421	+	82	161709017	9621
chr1	161699396	161899396	harbor1	chr1	161710166	161710389	SINE/MIR	485	+	112	161710278	10882
chr1	161699396	161899396	harbor1	chr1	161720460	161720622	SINE/MIR	469	+	81	161720541	21145
chr1	161699396	161899396	harbor1	chr1	161724046	161724134	SINE/MIR	402	+	44	161724090	24694
chr1	161699396	161899396	harbor1	chr1	161733084	161733302	SINE/MIR	636	+	109	161733193	33797
chr1	36619682	36819682	harbor1	chr1	36623022	36623260	SINE/MIR	643	+	119	36623141	3459
chr1	36619682	36819682	harbor1	chr1	36624074	36624252	SINE/MIR	401	+	89	36624163	4481
chr1	36619682	36819682	harbor1	chr1	36626520	36626751	SINE/MIR	805	+	116	36626636	6954
chr1	36619682	36819682	harbor1	chr1	36647555	36647706	SINE/MIR	575	+	76	36647631	27949
chr1	36619682	36819682	harbor1	chr1	36649495	36649682	SINE/MIR	642	+	94	36649589	29907
chr1	36619682	36819682	harbor1	chr1	36655549	36655661	SINE/MIR	408	+	56	36655605	35923
chr1	36619682	36819682	harbor1	chr1	36671506	36671676	SINE/MIR	569	+	85	36671591	51909
chr1	36619682	36819682	harbor1	chr1	36673890	36674091	SINE/MIR	909	+	100	36673990	54308
chr1	36619682	36819682	harbor1	chr1	36674573	36674696	SINE/MIR	488	+	62	36674635	54953
chr1	36619682	36819682	harbor1	chr1	36676029	36676262	SINE/MIR	797	+	116	36676145	56463
chr1	36619682	36819682	harbor1	chr1	36690248	36690475	SINE/MIR	752	+	114	36690362	70680
chr1	36619682	36819682	harbor1	chr1	36695325	36695544	SINE/MIR	534	+	110	36695435	75753
chr1	36619682	36819682	harbor1	chr1	36698700	36698948	SINE/MIR	661	+	124	36698824	79142
chr1	36619682	36819682	harbor1	chr1	36702123	36702284	SINE/MIR	701	+	80	36702203	82521
chr1	36619682	36819682	harbor1	chr1	36712448	36712642	SINE/MIR	797	+	97	36712545	92863
chr1	36619682	36819682	harbor1	chr1	36717168	36717324	SINE/MIR	428	+	78	36717246	97564
chr1	36619682	36819682	harbor1	chr1	36719240	36719378	SINE/MIR	513	+	69	36719309	99627
chr1	28686527	28886527	harbor1	chr1	28691320	28691436	SINE/MIR	445	+	58	28691378	4851
chr1	232034265	232234265	harbor1	chr1	232106171	232106380	SINE/MIR	551	+	104	232106275	72010
chr1	187934296	188134296	harbor1	chr1	187987572	187987771	SINE/MIR	710	+	100	187987672	53376
chr1	187934296	188134296	harbor1	chr1	187992772	187993017	SINE/MIR	461	+	122	187992894	58598
chr1	79114311	79314311	harbor1	chr1	79148931	79149140	SINE/MIR	730	+	104	79149035	34724
chr1	244268148	244468148	harbor1	chr1	244270324	244270553	SINE/MIR	490	+	114	244270438	2290
chr1	244268148	244468148	harbor1	chr1	244273337	244273573	SINE/MIR	517	+	118	244273455	5307
chr1	244268148	244468148	harbor1	chr1	244340728	244340884	SINE/MIR	402	+	78	244340806	72658
chr1	244268148	244468148	harbor1	chr1	244342249	244342417	SINE/MIR	583	+	84	244342333	74185
chr1	244268148	244468148	harbor1	chr1	244342727	244342794	SINE/MIR	583	+	34	244342761	74613
chr1	244268148	244468148	harbor1	chr1	244362347	244362488	SINE/MIR	434	+	70	244362417	94269
chr1	182089820	182289820	harbor1	chr1	182090906	182091124	SINE/MIR	686	+	109	182091015	1195
chr1	182089820	182289820	harbor1	chr1	182092896	182093152	SINE/MIR	1000	+	128	182093024	3204
chr1	182089820	182289820	harbor1	chr1	182128451	182128595	SINE/MIR	418	+	72	182128523	38703
chr1	182089820	182289820	harbor1	chr1	182135243	182135424	SINE/MIR	426	+	90	182135333	45513
chr1	182089820	182289820	harbor1	chr1	182147280	182147481	SINE/MIR	689	+	100	182147380	57560
chr1	182089820	182289820	harbor1	chr1	182166249	182166470	SINE/MIR	756	+	110	182166359	76539
chr1	182089820	182289820	harbor1	chr1	182175554	182175785	SINE/MIR	541	+	116	182175670	85850
chr1	182089820	182289820	harbor1	chr1	182180802	182180988	SINE/MIR	651	+	93	182180895	91075
chr1	182089820	182289820	harbor1	chr1	182181891	182182007	SINE/MIR	465	+	58	182181949	92129
chr1	178962333	179162333	harbor1	chr1	178966683	178966848	SINE/MIR	798	+	82	178966765	4432
chr1	222698793	222898793	harbor1	chr1	222710705	222710882	SINE/MIR	429	+	88	222710793	12000
chr1	222698793	222898793	harbor1	chr1	222717281	222717436	SINE/MIR	406	+	78	222717359	18566
chr1	222698793	222898793	harbor1	chr1	222758840	222759009	SINE/MIR	416	+	84	222758924	60131
chr1	222698793	222898793	harbor1	chr1	222788421	222788556	SINE/MIR	634	+	68	222788489	89696
chr1	222698793	222898793	harbor1	chr1	222788915	222788989	SINE/MIR	634	+	37	222788952	90159
chr1	104841676	105041676	harbor1	chr1	104854052	104854293	SINE/MIR	701	+	120	104854172	12496
chr1	150352413	150552413	harbor1	chr1	150425006	150425230	SINE/MIR	694	+	112	150425118	72705
chr1	150352413	150552413	harbor1	chr1	150426295	150426497	SINE/MIR	729	+	101	150426396	73983
chr1	94585470	94785470	harbor1	chr1	94585266	94585516	SINE/MIR	657	+	125	94585391	79
chr1	94585470	94785470	harbor1	chr1	94597742	94597990	SINE/MIR	522	+	124	94597866	12396
chr1	94585470	94785470	harbor1	chr1	94604185	94604328	SINE/MIR	494	+	72	94604257	18787
chr1	94585470	94785470	harbor1	chr1	94616000	94616243	SINE/MIR	478	+	122	94616122	30652
chr1	94585470	94785470	harbor1	chr1	94624687	94624872	SINE/MIR	454	+	92	94624779	39309
chr1	94585470	94785470	harbor1	chr1	94648875	94649069	SINE/MIR	460	+	97	94648972	63502
chr1	94585470	94785470	harbor1	chr1	94679691	94679798	SINE/MIR	430	+	54	94679745	94275
chr1	181147469	181347469	harbor1	chr1	181151330	181151541	SINE/MIR	637	+	106	181151436	3967
chr1	181147469	181347469	harbor1	chr1	181153713	181153928	SINE/MIR	545	+	108	181153821	6352
chr1	181147469	181347469	harbor1	chr1	181169970	181170090	SINE/MIR	518	+	60	181170030	22561
chr1	181147469	181347469	harbor1	chr1	181191362	181191509	SINE/MIR	470	+	74	181191436	43967
chr1	181147469	181347469	harbor1	chr1	181240556	181240730	SINE/MIR	547	+	87	181240643	93174
chr1	203560383	203760383	harbor1	chr1	203604564	203604764	SINE/MIR	663	+	100	203604664	44281
chr1	203560383	203760383	harbor1	chr1	203605555	203605723	SINE/MIR	434	+	84	203605639	45256
chr1	203560383	203760383	harbor1	chr1	203618260	203618517	SINE/MIR	600	+	128	203618388	58005
chr1	203560383	203760383	harbor1	chr1	203625949	203626183	SINE/MIR	656	+	117	203626066	65683
chr1	203560383	203760383	harbor1	chr1	203640010	203640154	SINE/MIR	430	+	72	203640082	79699
chr1	203560383	203760383	harbor1	chr1	203644429	203644617	SINE/MIR	609	+	94	203644523	84140
chr1	203560383	203760383	harbor1	chr1	203649316	203649487	SINE/MIR	404	+	86	203649402	89019
chr1	89226195	89426195	harbor1	chr1	89261491	89261659	SINE/MIR	418	+	84	89261575	35380
chr1	50085083	50285083	harbor1	chr1	50093899	50094051	SINE/MIR	660	+	76	50093975	8892
chr1	50085083	50285083	harbor1	chr1	50100041	50100263	SINE/MIR	479	+	111	50100152	15069
chr1	50085083	50285083	harbor1	chr1	50117461	50117646	SINE/MIR	655	+	92	50117553	32470
chr1	50085083	50285083	harbor1	chr1	50122806	50122912	SINE/MIR	468	+	53	50122859	37776
chr1	50085083	50285083	harbor1	chr1	50124727	50124901	SINE/MIR	539	+	87	50124814	39731
chr1	50085083	50285083	harbor1	chr1	50125836	50126051	SINE/MIR	693	+	108	50125944	40861
chr1	50085083	50285083	harbor1	chr1	50146361	50146521	SINE/MIR	551	+	80	50146441	61358
chr1	50085083	50285083	harbor1	chr1	50156167	50156387	SINE/MIR	423	+	110	50156277	71194
chr1	50085083	50285083	harbor1	chr1	50157984	50158178	SINE/MIR	682	+	97	50158081	72998
chr1	50085083	50285083	harbor1	chr1	50163933	50164155	SINE/MIR	443	+	111	50164044	78961
chr1	50085083	50285083	harbor1	chr1	50171335	50171579	SINE/MIR	705	+	122	50171457	86374
chr1	50085083	50285083	harbor1	chr1	50172706	50172841	SINE/MIR	489	+	68	50172774	87691
chr1	8241903	8441903	harbor1	chr1	8252599	8252717	SINE/MIR	435	+	59	8252658	10755
chr1	8241903	8441903	harbor1	chr1	8264037	8264201	SINE/MIR	418	+	82	8264119	22216
chr1	8241903	8441903	harbor1	chr1	8285303	8285433	SINE/MIR	462	+	65	8285368	43465
chr1	29488753	29688753	harbor1	chr1	29489835	29490046	SINE/MIR	641	+	106	29489941	1188
chr1	29488753	29688753	harbor1	chr1	29499123	29499365	SINE/MIR	630	+	121	29499244	10491
chr1	29488753	29688753	harbor1	chr1	29505216	29505375	SINE/MIR	452	+	80	29505296	16543
chr1	29488753	29688753	harbor1	chr1	29506271	29506511	SINE/MIR	744	+	120	29506391	17638
chr1	29488753	29688753	harbor1	chr1	29518294	29518510	SINE/MIR	443	+	108	29518402	29649
chr1	29488753	29688753	harbor1	chr1	29532215	29532347	SINE/MIR	431	+	66	29532281	43528
chr1	29488753	29688753	harbor1	chr1	29542452	29542556	SINE/MIR	402	+	52	29542504	53751
chr1	29488753	29688753	harbor1	chr1	29546728	29546920	SINE/MIR	421	+	96	29546824	58071
chr1	29488753	29688753	harbor1	chr1	29547277	29547416	SINE/MIR	483	+	70	29547347	58594
chr1	29488753	29688753	harbor1	chr1	29550964	29551164	SINE/MIR	607	+	100	29551064	62311
chr1	29488753	29688753	harbor1	chr1	29556165	29556384	SINE/MIR	739	+	110	29556275	67522
chr1	29488753	29688753	harbor1	chr1	29571187	29571370	SINE/MIR	551	+	92	29571279	82526
chr1	29488753	29688753	harbor1	chr1	29571466	29571647	SINE/MIR	646	+	90	29571556	82803
chr1	29488753	29688753	harbor1	chr1	29571992	29572244	SINE/MIR	1086	+	126	29572118	83365
chr1	29488753	29688753	harbor1	chr1	29576938	29577100	SINE/MIR	704	+	81	29577019	88266
chr1	59479253	59679253	harbor1	chr1	59502664	59502834	SINE/MIR	398	+	85	59502749	23496
chr1	59479253	59679253	harbor1	chr1	59510143	59510393	SINE/MIR	481	+	125	59510268	31015
chr1	59479253	59679253	harbor1	chr1	59523806	59523850	SINE/MIR	508	+	22	59523828	44575
chr1	59479253	59679253	harbor1	chr1	59525436	59525551	SINE/MIR	508	+	58	59525494	46241
chr1	59479253	59679253	harbor1	chr1	59526747	59526976	SINE/MIR	535	+	114	59526861	47608
chr1	59479253	59679253	harbor1	chr1	59541781	59542015	SINE/MIR	624	+	117	59541898	62645
chr1	59479253	59679253	harbor1	chr1	59547459	59547657	SINE/MIR	488	+	99	59547558	68305
chr1	59479253	59679253	harbor1	chr1	59549422	59549629	SINE/MIR	469	+	104	59549526	70273
chr1	59479253	59679253	harbor1	chr1	59550798	59551019	SINE/MIR	750	+	110	59550908	71655
chr1	59479253	59679253	harbor1	chr1	59551633	59551855	SINE/MIR	676	+	111	59551744	72491
chr1	59479253	59679253	harbor1	chr1	59553640	59553847	SINE/MIR	550	+	104	59553744	74491
chr1	59479253	59679253	harbor1	chr1	59555324	59555522	SINE/MIR	602	+	99	59555423	76170
chr1	59479253	59679253	harbor1	chr1	59556560	59556787	SINE/MIR	589	+	114	59556674	77421
chr1	59479253	59679253	harbor1	chr1	59558004	59558204	SINE/MIR	604	+	100	59558104	78851
chr1	154896235	155096235	harbor1	chr1	154911530	154911666	SINE/MIR	435	+	68	154911598	15363
chr1	154896235	155096235	harbor1	chr1	154912404	154912585	SINE/MIR	646	+	90	154912494	16259
chr1	154896235	155096235	harbor1	chr1	154923949	154924164	SINE/MIR	514	+	108	154924057	27822
chr1	154896235	155096235	harbor1	chr1	154925631	154925868	SINE/MIR	632	+	118	154925749	29514
chr1	154896235	155096235	harbor1	chr1	154932482	154932688	SINE/MIR	573	+	103	154932585	36350
chr1	154896235	155096235	harbor1	chr1	154960480	154960696	SINE/MIR	453	+	108	154960588	64353
chr1	29719198	29919198	harbor1	chr1	29725380	29725619	SINE/MIR	902	+	120	29725500	6302
chr1	29719198	29919198	harbor1	chr1	29734294	29734438	SINE/MIR	595	+	72	29734366	15168
chr1	29719198	29919198	harbor1	chr1	29737629	29737731	SINE/MIR	398	+	51	29737680	18482
chr1	29719198	29919198	harbor1	chr1	29742633	29742847	SINE/MIR	616	+	107	29742740	23542
chr1	29719198	29919198	harbor1	chr1	29745831	29746065	SINE/MIR	625	+	117	29745948	26750
chr1	29719198	29919198	harbor1	chr1	29746952	29747174	SINE/MIR	820	+	111	29747063	27865
chr1	29719198	29919198	harbor1	chr1	29748648	29748861	SINE/MIR	778	+	106	29748754	29556
chr1	29719198	29919198	harbor1	chr1	29749931	29750165	SINE/MIR	885	+	117	29750048	30850
chr1	29719198	29919198	harbor1	chr1	29754916	29755129	SINE/MIR	788	+	106	29755022	35824
chr1	29719198	29919198	harbor1	chr1	29756715	29756830	SINE/MIR	430	+	58	29756773	37575
chr1	29719198	29919198	harbor1	chr1	29772378	29772604	SINE/MIR	704	+	113	29772491	53293
chr1	29719198	29919198	harbor1	chr1	29785452	29785616	SINE/MIR	653	+	82	29785534	66336
chr1	29719198	29919198	harbor1	chr1	29785915	29786105	SINE/MIR	406	+	95	29786010	66812
chr1	29719198	29919198	harbor1	chr1	29788446	29788689	SINE/MIR	828	+	122	29788568	69370
chr1	29719198	29919198	harbor1	chr1	29801172	29801269	SINE/MIR	407	+	48	29801220	82022
chr1	29719198	29919198	harbor1	chr1	29805973	29806108	SINE/MIR	428	+	68	29806041	86843
chr1	29719198	29919198	harbor1	chr1	29808118	29808228	SINE/MIR	459	+	55	29808173	88975
chr1	109248550	109448550	harbor1	chr1	109259292	109259514	SINE/MIR	708	+	111	109259403	10853
chr1	109248550	109448550	harbor1	chr1	109277204	109277366	SINE/MIR	651	+	81	109277285	28735
chr1	109248550	109448550	harbor1	chr1	109290771	109290891	SINE/MIR	603	+	60	109290831	42281
chr1	109248550	109448550	harbor1	chr1	109294743	109294944	SINE/MIR	399	+	100	109294843	46293
chr1	109248550	109448550	harbor1	chr1	109307517	109307758	SINE/MIR	794	+	120	109307637	59087
chr1	215718321	215918321	harbor1	chr1	215748647	215748875	SINE/MIR	651	+	114	215748761	30440
chr1	215718321	215918321	harbor1	chr1	215750692	215750927	SINE/MIR	554	+	118	215750810	32489
chr1	215718321	215918321	harbor1	chr1	215754028	215754228	SINE/MIR	659	+	100	215754128	35807
chr1	215718321	215918321	harbor1	chr1	215778825	215778960	SINE/MIR	451	+	68	215778893	60572
chr1	215718321	215918321	harbor1	chr1	215787023	215787214	SINE/MIR	565	+	96	215787119	68798
chr1	215718321	215918321	harbor1	chr1	215798337	215798526	SINE/MIR	513	+	94	215798431	80110
chr1	215718321	215918321	harbor1	chr1	215812856	215813114	SINE/MIR	583	+	129	215812985	94664
chr1	111130357	111330357	harbor1	chr1	111130207	111130406	SINE/MIR	699	+	100	111130307	50
chr1	111130357	111330357	harbor1	chr1	111146999	111147216	SINE/MIR	804	+	108	111147107	16750
chr1	111130357	111330357	harbor1	chr1	111169891	111170050	SINE/MIR	439	+	80	111169971	39614
chr1	111130357	111330357	harbor1	chr1	111175509	111175755	SINE/MIR	942	+	123	111175632	45275
chr1	111130357	111330357	harbor1	chr1	111207207	111207379	SINE/MIR	407	+	86	111207293	76936
chr1	111130357	111330357	harbor1	chr1	111209643	111209833	SINE/MIR	863	+	95	111209738	79381
chr1	219270043	219470043	harbor1	chr1	219290901	219291137	SINE/MIR	609	+	118	219291019	20976
chr1	219270043	219470043	harbor1	chr1	219302458	219302708	SINE/MIR	593	+	125	219302583	32540
chr1	219270043	219470043	harbor1	chr1	219310770	219310987	SINE/MIR	433	+	108	219310878	40835
chr1	219270043	219470043	harbor1	chr1	219336256	219336495	SINE/MIR	602	+	120	219336376	66333
chr1	219270043	219470043	harbor1	chr1	219339225	219339426	SINE/MIR	421	+	100	219339325	69282
chr1	219270043	219470043	harbor1	chr1	219352085	219352248	SINE/MIR	694	+	82	219352167	82124
chr1	219270043	219470043	harbor1	chr1	219352544	219352634	SINE/MIR	694	+	45	219352589	82546
chr1	219270043	219470043	harbor1	chr1	219362204	219362437	SINE/MIR	500	+	116	219362320	92277
chr1	237802493	238002493	harbor1	chr1	237866244	237866458	SINE/MIR	423	+	107	237866351	63858
chr1	237802493	238002493	harbor1	chr1	237890992	237891195	SINE/MIR	632	+	102	237891094	88601
chr1	237802493	238002493	harbor1	chr1	237893000	237893211	SINE/MIR	426	+	106	237893106	90613
chr1	25981437	26181437	harbor1	chr1	25984214	25984450	SINE/MIR	727	+	118	25984332	2895
chr1	25981437	26181437	harbor1	chr1	25984819	25984841	SINE/MIR	479	+	11	25984830	3393
chr1	25981437	26181437	harbor1	chr1	25985157	25985301	SINE/MIR	479	+	72	25985229	3792
chr1	25981437	26181437	harbor1	chr1	25994427	25994601	SINE/MIR	677	+	87	25994514	13077
chr1	25981437	26181437	harbor1	chr1	25995949	25996073	SINE/MIR	443	+	62	25996011	14574
chr1	25981437	26181437	harbor1	chr1	25996374	25996396	SINE/MIR	443	+	11	25996385	14948
chr1	25981437	26181437	harbor1	chr1	25996655	25996754	SINE/MIR	443	+	50	25996705	15268
chr1	25981437	26181437	harbor1	chr1	26001745	26001923	SINE/MIR	752	+	89	26001834	20397
chr1	25981437	26181437	harbor1	chr1	26008914	26009173	SINE/MIR	1066	+	130	26009044	27607
chr1	25981437	26181437	harbor1	chr1	26014317	26014490	SINE/MIR	666	+	86	26014403	32966
chr1	25981437	26181437	harbor1	chr1	26020141	26020354	SINE/MIR	680	+	106	26020247	38810
chr1	25981437	26181437	harbor1	chr1	26021454	26021639	SINE/MIR	426	+	92	26021546	40109
chr1	25981437	26181437	harbor1	chr1	26027262	26027459	SINE/MIR	728	+	98	26027360	45923
chr1	25981437	26181437	harbor1	chr1	26028175	26028360	SINE/MIR	429	+	92	26028267	46830
chr1	25981437	26181437	harbor1	chr1	26033919	26034130	SINE/MIR	602	+	106	26034025	52588
chr1	25981437	26181437	harbor1	chr1	26042231	26042397	SINE/MIR	446	+	83	26042314	60877
chr1	25981437	26181437	harbor1	chr1	26044502	26044715	SINE/MIR	487	+	106	26044608	63171
chr1	25981437	26181437	harbor1	chr1	26044727	26044929	SINE/MIR	480	+	101	26044828	63391
chr1	25981437	26181437	harbor1	chr1	26055167	26055390	SINE/MIR	631	+	112	26055279	73842
chr1	25981437	26181437	harbor1	chr1	26064477	26064671	SINE/MIR	867	+	97	26064574	83137
chr1	25981437	26181437	harbor1	chr1	26065695	26065898	SINE/MIR	697	+	102	26065797	84360
chr1	25981437	26181437	harbor1	chr1	26066631	26066810	SINE/MIR	432	+	90	26066721	85284
chr1	25981437	26181437	harbor1	chr1	26076334	26076526	SINE/MIR	406	+	96	26076430	94993
chr1	116082008	116282008	harbor1	chr1	116112867	116113082	SINE/MIR	415	+	108	116112975	30967
chr1	116082008	116282008	harbor1	chr1	116115004	116115233	SINE/MIR	595	+	114	116115118	33110
chr1	116082008	116282008	harbor1	chr1	116123561	116123712	SINE/MIR	460	+	76	116123637	41629
chr1	116082008	116282008	harbor1	chr1	116139646	116139748	SINE/MIR	548	+	51	116139697	57689
chr1	116082008	116282008	harbor1	chr1	116140111	116140224	SINE/MIR	548	+	56	116140167	58159
chr1	116082008	116282008	harbor1	chr1	116155625	116155799	SINE/MIR	616	+	87	116155712	73704
chr1	116082008	116282008	harbor1	chr1	116163360	116163554	SINE/MIR	619	+	97	116163457	81449
chr1	116082008	116282008	harbor1	chr1	116166976	116167152	SINE/MIR	782	+	88	116167064	85056
chr1	13675368	13875368	harbor1	chr1	13696494	13696629	SINE/MIR	460	+	68	13696562	21194
chr1	13675368	13875368	harbor1	chr1	13721825	13722030	SINE/MIR	739	+	102	13721927	46559
chr1	13675368	13875368	harbor1	chr1	13725960	13726188	SINE/MIR	610	+	114	13726074	50706
chr1	13675368	13875368	harbor1	chr1	13740587	13740756	SINE/MIR	455	+	84	13740671	65303
chr1	13675368	13875368	harbor1	chr1	13744193	13744454	SINE/MIR	810	+	130	13744323	68955
chr1	13675368	13875368	harbor1	chr1	13744467	13744697	SINE/MIR	633	+	115	13744582	69214
chr1	13675368	13875368	harbor1	chr1	13752781	13752944	SINE/MIR	398	+	82	13752863	77495
chr1	13675368	13875368	harbor1	chr1	13760570	13760765	SINE/MIR	537	+	98	13760668	85300
chr1	176134461	176334461	harbor1	chr1	176167711	176167942	SINE/MIR	798	+	116	176167827	33366
chr1	176134461	176334461	harbor1	chr1	176187590	176187787	SINE/MIR	606	+	98	176187688	53227
chr1	176134461	176334461	harbor1	chr1	176200006	176200222	SINE/MIR	895	+	108	176200114	65653
chr1	156453270	156653270	harbor1	chr1	156470605	156470830	SINE/MIR	721	+	112	156470717	17447
chr1	156453270	156653270	harbor1	chr1	156502279	156502497	SINE/MIR	562	+	109	156502388	49118
chr1	156453270	156653270	harbor1	chr1	156506631	156506868	SINE/MIR	483	+	118	156506749	53479
chr1	156453270	156653270	harbor1	chr1	156511770	156511940	SINE/MIR	457	+	85	156511855	58585
chr1	156453270	156653270	harbor1	chr1	156524369	156524566	SINE/MIR	478	+	98	156524467	71197
chr1	156453270	156653270	harbor1	chr1	156535742	156535982	SINE/MIR	581	+	120	156535862	82592
chr1	230352990	230552990	harbor1	chr1	230359485	230359716	SINE/MIR	489	+	116	230359601	6611
chr1	230352990	230552990	harbor1	chr1	230366563	230366778	SINE/MIR	592	+	108	230366671	13681
chr1	230352990	230552990	harbor1	chr1	230376831	230376991	SINE/MIR	403	+	80	230376911	23921
chr1	230352990	230552990	harbor1	chr1	230377587	230377784	SINE/MIR	557	+	98	230377685	24695
chr1	230352990	230552990	harbor1	chr1	230415910	230416056	SINE/MIR	562	+	73	230415983	62993
chr1	168750546	168950546	harbor1	chr1	168751011	168751207	SINE/MIR	529	+	98	168751109	563
chr1	168750546	168950546	harbor1	chr1	168751354	168751566	SINE/MIR	495	+	106	168751460	914
chr1	168750546	168950546	harbor1	chr1	168762148	168762342	SINE/MIR	674	+	97	168762245	11699
chr1	168750546	168950546	harbor1	chr1	168763505	168763666	SINE/MIR	519	+	80	168763585	13039
chr1	168750546	168950546	harbor1	chr1	168765984	168766080	SINE/MIR	396	+	48	168766032	15486
chr1	168750546	168950546	harbor1	chr1	168766381	168766524	SINE/MIR	396	+	72	168766453	15907
chr1	168750546	168950546	harbor1	chr1	168767340	168767452	SINE/MIR	430	+	56	168767396	16850
chr1	168750546	168950546	harbor1	chr1	168813019	168813228	SINE/MIR	542	+	104	168813123	62577
chr1	168750546	168950546	harbor1	chr1	168818152	168818385	SINE/MIR	673	+	116	168818268	67722
chr1	168750546	168950546	harbor1	chr1	168836215	168836411	SINE/MIR	639	+	98	168836313	85767
chr1	171264660	171464660	harbor1	chr1	171288404	171288610	SINE/MIR	794	+	103	171288507	23847
chr1	171264660	171464660	harbor1	chr1	171289356	171289595	SINE/MIR	753	+	120	171289476	24816
chr1	171264660	171464660	harbor1	chr1	171327334	171327442	SINE/MIR	443	+	54	171327388	62728
chr1	171264660	171464660	harbor1	chr1	171335210	171335424	SINE/MIR	548	+	107	171335317	70657
chr1	171264660	171464660	harbor1	chr1	171344413	171344594	SINE/MIR	483	+	90	171344503	79843
chr1	154914524	155114524	harbor1	chr1	154923949	154924164	SINE/MIR	514	+	108	154924057	9533
chr1	154914524	155114524	harbor1	chr1	154925631	154925868	SINE/MIR	632	+	118	154925749	11225
chr1	154914524	155114524	harbor1	chr1	154932482	154932688	SINE/MIR	573	+	103	154932585	18061
chr1	154914524	155114524	harbor1	chr1	154960480	154960696	SINE/MIR	453	+	108	154960588	46064
chr1	154914524	155114524	harbor1	chr1	155014365	155014584	SINE/MIR	716	+	110	155014475	99951
chr1	198379030	198579030	harbor1	chr1	198385612	198385838	SINE/MIR	545	+	113	198385725	6695
chr1	198379030	198579030	harbor1	chr1	198415810	198416033	SINE/MIR	683	+	112	198415922	36892
chr1	198379030	198579030	harbor1	chr1	198443677	198443841	SINE/MIR	406	+	82	198443759	64729
chr1	198379030	198579030	harbor1	chr1	198470987	198471211	SINE/MIR	406	+	112	198471099	92069
chr1	119147098	119347098	harbor1	chr1	119210732	119210888	SINE/MIR	486	+	78	119210810	63712
chr1	119147098	119347098	harbor1	chr1	119216653	119216750	SINE/MIR	460	+	48	119216701	69603
chr1	119147098	119347098	harbor1	chr1	119234437	119234603	SINE/MIR	444	+	83	119234520	87422
chr1	119147098	119347098	harbor1	chr1	119235861	119236016	SINE/MIR	503	+	78	119235939	88841
chr1	208001267	208201267	harbor1	chr1	208009315	208009482	SINE/MIR	409	+	84	208009399	8132
chr1	208001267	208201267	harbor1	chr1	208016267	208016486	SINE/MIR	574	+	110	208016377	15110
chr1	208001267	208201267	harbor1	chr1	208019963	208020090	SINE/MIR	480	+	64	208020027	18760
chr1	208001267	208201267	harbor1	chr1	208028389	208028635	SINE/MIR	1067	+	123	208028512	27245
chr1	208001267	208201267	harbor1	chr1	208036427	208036608	SINE/MIR	565	+	90	208036517	35250
chr1	208001267	208201267	harbor1	chr1	208040144	208040319	SINE/MIR	474	+	88	208040232	38965
chr1	208001267	208201267	harbor1	chr1	208040521	208040753	SINE/MIR	956	+	116	208040637	39370
chr1	208001267	208201267	harbor1	chr1	208049609	208049781	SINE/MIR	593	+	86	208049695	48428
chr1	208001267	208201267	harbor1	chr1	208053162	208053341	SINE/MIR	421	+	90	208053252	51985
chr1	208001267	208201267	harbor1	chr1	208054654	208054801	SINE/MIR	496	+	74	208054728	53461
chr1	208001267	208201267	harbor1	chr1	208059576	208059833	SINE/MIR	693	+	128	208059704	58437
chr1	208001267	208201267	harbor1	chr1	208061091	208061323	SINE/MIR	670	+	116	208061207	59940
chr1	208001267	208201267	harbor1	chr1	208065296	208065519	SINE/MIR	716	+	112	208065408	64141
chr1	208001267	208201267	harbor1	chr1	208070608	208070856	SINE/MIR	592	+	124	208070732	69465
chr1	208001267	208201267	harbor1	chr1	208073008	208073129	SINE/MIR	442	+	60	208073068	71801
chr1	208001267	208201267	harbor1	chr1	208078055	208078214	SINE/MIR	799	+	80	208078135	76868
chr1	208001267	208201267	harbor1	chr1	208079660	208079880	SINE/MIR	588	+	110	208079770	78503
chr1	208001267	208201267	harbor1	chr1	208081542	208081760	SINE/MIR	745	+	109	208081651	80384
chr1	208001267	208201267	harbor1	chr1	208093329	208093565	SINE/MIR	545	+	118	208093447	92180
chr1	208001267	208201267	harbor1	chr1	208099942	208100091	SINE/MIR	910	+	74	208100016	98749
chr1	208001267	208201267	harbor1	chr1	208100370	208100482	SINE/MIR	910	+	56	208100426	99159
chr1	197582611	197782611	harbor1	chr1	197592177	197592385	SINE/MIR	467	+	104	197592281	9670
chr1	197582611	197782611	harbor1	chr1	197636437	197636684	SINE/MIR	415	+	124	197636561	53950
chr1	239265468	239465468	harbor1	chr1	239288930	239289060	SINE/MIR	398	+	65	239288995	23527
chr1	239265468	239465468	harbor1	chr1	239290126	239290285	SINE/MIR	430	+	80	239290206	24738
chr1	114302945	114502945	harbor1	chr1	114345090	114345199	SINE/MIR	405	+	54	114345144	42199
chr1	114302945	114502945	harbor1	chr1	114345521	114345573	SINE/MIR	405	+	26	114345547	42602
chr1	114302945	114502945	harbor1	chr1	114351589	114351841	SINE/MIR	816	+	126	114351715	48770
chr1	79262110	79462110	harbor1	chr1	79311852	79312039	SINE/MIR	507	+	94	79311946	49836
chr1	79262110	79462110	harbor1	chr1	79336746	79336941	SINE/MIR	519	+	98	79336844	74734
chr1	79262110	79462110	harbor1	chr1	79340638	79340904	SINE/MIR	759	+	133	79340771	78661
chr1	87353233	87553233	harbor1	chr1	87357300	87357473	SINE/MIR	523	+	86	87357386	4153
chr1	87353233	87553233	harbor1	chr1	87362420	87362605	SINE/MIR	706	+	92	87362512	9279
chr1	87353233	87553233	harbor1	chr1	87362596	87362764	SINE/MIR	724	+	84	87362680	9447
chr1	87353233	87553233	harbor1	chr1	87370302	87370503	SINE/MIR	694	+	100	87370402	17169
chr1	87353233	87553233	harbor1	chr1	87387462	87387698	SINE/MIR	971	+	118	87387580	34347
chr1	87353233	87553233	harbor1	chr1	87403115	87403258	SINE/MIR	401	+	72	87403187	49954
chr1	87353233	87553233	harbor1	chr1	87429442	87429585	SINE/MIR	588	+	72	87429514	76281
chr1	87353233	87553233	harbor1	chr1	87438781	87438977	SINE/MIR	679	+	98	87438879	85646
chr1	57087097	57287097	harbor1	chr1	57088952	57089200	SINE/MIR	693	+	124	57089076	1979
chr1	57087097	57287097	harbor1	chr1	57091609	57091855	SINE/MIR	894	+	123	57091732	4635
chr1	57087097	57287097	harbor1	chr1	57099225	57099382	SINE/MIR	396	+	78	57099303	12206
chr1	57087097	57287097	harbor1	chr1	57100070	57100306	SINE/MIR	996	+	118	57100188	13091
chr1	57087097	57287097	harbor1	chr1	57105914	57106073	SINE/MIR	415	+	80	57105994	18897
chr1	57087097	57287097	harbor1	chr1	57107793	57107978	SINE/MIR	461	+	92	57107885	20788
chr1	57087097	57287097	harbor1	chr1	57108661	57108886	SINE/MIR	426	+	112	57108773	21676
chr1	57087097	57287097	harbor1	chr1	57114821	57115025	SINE/MIR	572	+	102	57114923	27826
chr1	57087097	57287097	harbor1	chr1	57115170	57115384	SINE/MIR	508	+	107	57115277	28180
chr1	57087097	57287097	harbor1	chr1	57124009	57124169	SINE/MIR	395	+	80	57124089	36992
chr1	57087097	57287097	harbor1	chr1	57127693	57127846	SINE/MIR	615	+	76	57127769	40672
chr1	57087097	57287097	harbor1	chr1	57128890	57129091	SINE/MIR	441	+	100	57128990	41893
chr1	57087097	57287097	harbor1	chr1	57132967	57133141	SINE/MIR	430	+	87	57133054	45957
chr1	57087097	57287097	harbor1	chr1	57134734	57134971	SINE/MIR	874	+	118	57134852	47755
chr1	57087097	57287097	harbor1	chr1	57137896	57138063	SINE/MIR	403	+	84	57137980	50883
chr1	57087097	57287097	harbor1	chr1	57145533	57145773	SINE/MIR	484	+	120	57145653	58556
chr1	57087097	57287097	harbor1	chr1	57146821	57147019	SINE/MIR	400	+	99	57146920	59823
chr1	57087097	57287097	harbor1	chr1	57150031	57150278	SINE/MIR	513	+	124	57150155	63058
chr1	57087097	57287097	harbor1	chr1	57157992	57158196	SINE/MIR	430	+	102	57158094	70997
chr1	57087097	57287097	harbor1	chr1	57175929	57176113	SINE/MIR	398	+	92	57176021	88924
chr1	43567312	43767312	harbor1	chr1	43576562	43576781	SINE/MIR	406	+	110	43576672	9360
chr1	43567312	43767312	harbor1	chr1	43616191	43616332	SINE/MIR	443	+	70	43616261	48949
chr1	32165623	32365623	harbor1	chr1	32178994	32179202	SINE/MIR	590	+	104	32179098	13475
chr1	32165623	32365623	harbor1	chr1	32219751	32219975	SINE/MIR	456	+	112	32219863	54240
chr1	32165623	32365623	harbor1	chr1	32229859	32230015	SINE/MIR	403	+	78	32229937	64314
chr1	32165623	32365623	harbor1	chr1	32255168	32255362	SINE/MIR	751	+	97	32255265	89642
chr1	17977487	18177487	harbor1	chr1	17978790	17979016	SINE/MIR	792	+	113	17978903	1416
chr1	17977487	18177487	harbor1	chr1	17982321	17982524	SINE/MIR	577	+	102	17982423	4936
chr1	17977487	18177487	harbor1	chr1	17992935	17993155	SINE/MIR	654	+	110	17993045	15558
chr1	17977487	18177487	harbor1	chr1	17999551	17999741	SINE/MIR	571	+	95	17999646	22159
chr1	17977487	18177487	harbor1	chr1	18013599	18013793	SINE/MIR	457	+	97	18013696	36209
chr1	17977487	18177487	harbor1	chr1	18018642	18018789	SINE/MIR	440	+	74	18018716	41229
chr1	17977487	18177487	harbor1	chr1	18027978	18028209	SINE/MIR	578	+	116	18028094	50607
chr1	17977487	18177487	harbor1	chr1	18035521	18035713	SINE/MIR	657	+	96	18035617	58130
chr1	17977487	18177487	harbor1	chr1	18048219	18048459	SINE/MIR	703	+	120	18048339	70852
chr1	17977487	18177487	harbor1	chr1	18058331	18058586	SINE/MIR	603	+	128	18058459	80972
chr1	17977487	18177487	harbor1	chr1	18071141	18071365	SINE/MIR	831	+	112	18071253	93766
chr1	17977487	18177487	harbor1	chr1	18076665	18076821	SINE/MIR	543	+	78	18076743	99256
chr1	17977487	18177487	harbor1	chr1	18076883	18077117	SINE/MIR	482	+	117	18077000	99513
chr1	38246	238246	harbor1	chr1	70723	70955	SINE/MIR	557	+	116	70839	32593
chr1	38246	238246	harbor1	chr1	92553	92783	SINE/MIR	658	+	115	92668	54422
chr1	37092934	37292934	harbor1	chr1	37101809	37102016	SINE/MIR	508	+	104	37101913	8979
chr1	37092934	37292934	harbor1	chr1	37106754	37106901	SINE/MIR	470	+	74	37106828	13894
chr1	37092934	37292934	harbor1	chr1	37112114	37112348	SINE/MIR	631	+	117	37112231	19297
chr1	37092934	37292934	harbor1	chr1	37114622	37114785	SINE/MIR	529	+	82	37114704	21770
chr1	37092934	37292934	harbor1	chr1	37160366	37160592	SINE/MIR	492	+	113	37160479	67545
chr1	37092934	37292934	harbor1	chr1	37173453	37173656	SINE/MIR	661	+	102	37173555	80621
chr1	37092934	37292934	harbor1	chr1	37181082	37181296	SINE/MIR	547	+	107	37181189	88255
chr1	243422589	243622589	harbor1	chr1	243426979	243427183	SINE/MIR	488	+	102	243427081	4492
chr1	243422589	243622589	harbor1	chr1	243435189	243435428	SINE/MIR	420	+	120	243435309	12720
chr1	243422589	243622589	harbor1	chr1	243440025	243440208	SINE/MIR	557	+	92	243440117	17528
chr1	243422589	243622589	harbor1	chr1	243466406	243466651	SINE/MIR	862	+	122	243466528	43939
chr1	243422589	243622589	harbor1	chr1	243468079	243468221	SINE/MIR	702	+	71	243468150	45561
chr1	243422589	243622589	harbor1	chr1	243468518	243468540	SINE/MIR	702	+	11	243468529	45940
chr1	243422589	243622589	harbor1	chr1	243468695	243468776	SINE/MIR	702	+	40	243468735	46146
chr1	243422589	243622589	harbor1	chr1	243478237	243478413	SINE/MIR	619	+	88	243478325	55736
chr1	243422589	243622589	harbor1	chr1	243481323	243481524	SINE/MIR	663	+	100	243481423	58834
chr1	243422589	243622589	harbor1	chr1	243484372	243484548	SINE/MIR	436	+	88	243484460	61871
chr1	243422589	243622589	harbor1	chr1	243485141	243485308	SINE/MIR	593	+	84	243485225	62636
chr1	51095933	51295933	harbor1	chr1	51110111	51110298	SINE/MIR	671	+	94	51110205	14272
chr1	51095933	51295933	harbor1	chr1	51120273	51120497	SINE/MIR	972	+	112	51120385	24452
chr1	51095933	51295933	harbor1	chr1	51184408	51184622	SINE/MIR	532	+	107	51184515	88582
chr1	184683952	184883952	harbor1	chr1	184713692	184713899	SINE/MIR	522	+	104	184713796	29844
chr1	184683952	184883952	harbor1	chr1	184715544	184715775	SINE/MIR	1013	+	116	184715660	31708
chr1	184683952	184883952	harbor1	chr1	184725231	184725351	SINE/MIR	433	+	60	184725291	41339
chr1	184683952	184883952	harbor1	chr1	184735118	184735340	SINE/MIR	676	+	111	184735229	51277
chr1	184683952	184883952	harbor1	chr1	184752756	184752938	SINE/MIR	648	+	91	184752847	68895
chr1	184683952	184883952	harbor1	chr1	184760192	184760351	SINE/MIR	622	+	80	184760272	76320
chr1	53608248	53808248	harbor1	chr1	53608511	53608729	SINE/MIR	586	+	109	53608620	372
chr1	53608248	53808248	harbor1	chr1	53620998	53621246	SINE/MIR	856	+	124	53621122	12874
chr1	53608248	53808248	harbor1	chr1	53639012	53639186	SINE/MIR	589	+	87	53639099	30851
chr1	53608248	53808248	harbor1	chr1	53641231	53641329	SINE/MIR	579	+	49	53641280	33032
chr1	53608248	53808248	harbor1	chr1	53641435	53641597	SINE/MIR	448	+	81	53641516	33268
chr1	53608248	53808248	harbor1	chr1	53643411	53643533	SINE/MIR	395	+	61	53643472	35224
chr1	53608248	53808248	harbor1	chr1	53655406	53655557	SINE/MIR	585	+	76	53655482	47234
chr1	53608248	53808248	harbor1	chr1	53659705	53659897	SINE/MIR	551	+	96	53659801	51553
chr1	53608248	53808248	harbor1	chr1	53680439	53680599	SINE/MIR	456	+	80	53680519	72271
chr1	53608248	53808248	harbor1	chr1	53683375	53683602	SINE/MIR	710	+	114	53683489	75241
chr1	53608248	53808248	harbor1	chr1	53702276	53702405	SINE/MIR	478	+	64	53702340	94092
chr1	168490883	168690883	harbor1	chr1	168506632	168506866	SINE/MIR	457	+	117	168506749	15866
chr1	168490883	168690883	harbor1	chr1	168528046	168528308	SINE/MIR	962	+	131	168528177	37294
chr1	168490883	168690883	harbor1	chr1	168532237	168532435	SINE/MIR	598	+	99	168532336	41453
chr1	168490883	168690883	harbor1	chr1	168535019	168535235	SINE/MIR	514	+	108	168535127	44244
chr1	168490883	168690883	harbor1	chr1	168569324	168569570	SINE/MIR	402	+	123	168569447	78564
chr1	168490883	168690883	harbor1	chr1	168586136	168586354	SINE/MIR	661	+	109	168586245	95362
chr1	90117123	90317123	harbor1	chr1	90117531	90117710	SINE/MIR	900	+	90	90117621	498
chr1	90117123	90317123	harbor1	chr1	90118576	90118824	SINE/MIR	664	+	124	90118700	1577
chr1	90117123	90317123	harbor1	chr1	90133760	90133938	SINE/MIR	441	+	89	90133849	16726
chr1	90117123	90317123	harbor1	chr1	90147442	90147663	SINE/MIR	638	+	110	90147552	30429
chr1	90117123	90317123	harbor1	chr1	90163325	90163488	SINE/MIR	671	+	82	90163407	46284
chr1	90117123	90317123	harbor1	chr1	90175397	90175620	SINE/MIR	745	+	112	90175509	58386
chr1	90117123	90317123	harbor1	chr1	90182878	90183070	SINE/MIR	636	+	96	90182974	65851
chr1	90117123	90317123	harbor1	chr1	90206053	90206271	SINE/MIR	781	+	109	90206162	89039
chr1	103162050	103362050	harbor1	chr1	103178711	103178867	SINE/MIR	531	+	78	103178789	16739
chr1	103162050	103362050	harbor1	chr1	103198670	103198795	SINE/MIR	398	+	62	103198732	36682
chr1	103162050	103362050	harbor1	chr1	103202461	103202652	SINE/MIR	520	+	96	103202557	40507
chr1	103162050	103362050	harbor1	chr1	103210970	103211214	SINE/MIR	698	+	122	103211092	49042
chr1	103162050	103362050	harbor1	chr1	103245251	103245491	SINE/MIR	798	+	120	103245371	83321
chr1	186598105	186798105	harbor1	chr1	186620715	186620957	SINE/MIR	800	+	121	186620836	22731
chr1	160259693	160459693	harbor1	chr1	160292614	160292828	SINE/MIR	483	+	107	160292721	33028
chr1	160259693	160459693	harbor1	chr1	160324940	160325137	SINE/MIR	516	+	98	160325038	65345
chr1	18254878	18454878	harbor1	chr1	18258458	18258577	SINE/MIR	409	+	60	18258518	3640
chr1	18254878	18454878	harbor1	chr1	18258645	18258842	SINE/MIR	580	+	98	18258743	3865
chr1	18254878	18454878	harbor1	chr1	18259197	18259395	SINE/MIR	417	+	99	18259296	4418
chr1	18254878	18454878	harbor1	chr1	18259916	18260129	SINE/MIR	578	+	106	18260022	5144
chr1	18254878	18454878	harbor1	chr1	18262396	18262584	SINE/MIR	597	+	94	18262490	7612
chr1	18254878	18454878	harbor1	chr1	18271948	18271966	SINE/MIR	560	+	9	18271957	17079
chr1	18254878	18454878	harbor1	chr1	18272353	18272537	SINE/MIR	584	+	92	18272445	17567
chr1	18254878	18454878	harbor1	chr1	18313354	18313576	SINE/MIR	813	+	111	18313465	58587
chr1	18254878	18454878	harbor1	chr1	18316679	18316879	SINE/MIR	704	+	100	18316779	61901
chr1	18254878	18454878	harbor1	chr1	18320730	18320880	SINE/MIR	494	+	75	18320805	65927
chr1	18254878	18454878	harbor1	chr1	18321423	18321451	SINE/MIR	561	+	14	18321437	66559
chr1	18254878	18454878	harbor1	chr1	18321804	18321977	SINE/MIR	561	+	86	18321890	67012
chr1	18254878	18454878	harbor1	chr1	18337230	18337373	SINE/MIR	483	+	72	18337302	82424
chr1	65858547	66058547	harbor1	chr1	65871391	65871576	SINE/MIR	571	+	92	65871483	12936
chr1	65858547	66058547	harbor1	chr1	65882931	65883121	SINE/MIR	492	+	95	65883026	24479
chr1	65858547	66058547	harbor1	chr1	65890896	65891094	SINE/MIR	445	+	99	65890995	32448
chr1	65858547	66058547	harbor1	chr1	65904690	65904897	SINE/MIR	668	+	104	65904794	46247
chr1	65858547	66058547	harbor1	chr1	65952760	65952915	SINE/MIR	457	+	78	65952838	94291
chr1	50482160	50682160	harbor1	chr1	50491961	50492163	SINE/MIR	714	+	101	50492062	9902
chr1	50482160	50682160	harbor1	chr1	50509734	50509872	SINE/MIR	422	+	69	50509803	27643
chr1	50482160	50682160	harbor1	chr1	50522298	50522468	SINE/MIR	561	+	85	50522383	40223
chr1	50482160	50682160	harbor1	chr1	50548807	50548960	SINE/MIR	513	+	76	50548883	66723
chr1	50482160	50682160	harbor1	chr1	50578516	50578756	SINE/MIR	554	+	120	50578636	96476
chr1	70933892	71133892	harbor1	chr1	70946971	70947197	SINE/MIR	551	+	113	70947084	13192
chr1	70933892	71133892	harbor1	chr1	70955114	70955323	SINE/MIR	433	+	104	70955218	21326
chr1	70933892	71133892	harbor1	chr1	70980313	70980488	SINE/MIR	652	+	88	70980401	46509
chr1	70933892	71133892	harbor1	chr1	70992241	70992323	SINE/MIR	399	+	41	70992282	58390
chr1	70933892	71133892	harbor1	chr1	71000208	71000407	SINE/MIR	395	+	100	71000308	66416
chr1	210507012	210707012	harbor1	chr1	210509474	210509651	SINE/MIR	519	+	88	210509562	2550
chr1	210507012	210707012	harbor1	chr1	210526547	210526722	SINE/MIR	463	+	88	210526635	19623
chr1	210507012	210707012	harbor1	chr1	210527295	210527490	SINE/MIR	538	+	98	210527393	20381
chr1	210507012	210707012	harbor1	chr1	210548991	210549191	SINE/MIR	980	+	100	210549091	42079
chr1	210507012	210707012	harbor1	chr1	210550335	210550542	SINE/MIR	623	+	104	210550439	43427
chr1	210507012	210707012	harbor1	chr1	210567351	210567489	SINE/MIR	431	+	69	210567420	60408
chr1	210507012	210707012	harbor1	chr1	210585117	210585244	SINE/MIR	397	+	64	210585181	78169
chr1	202402460	202602460	harbor1	chr1	202421803	202422056	SINE/MIR	646	+	126	202421929	19469
chr1	202402460	202602460	harbor1	chr1	202425022	202425272	SINE/MIR	526	+	125	202425147	22687
chr1	172112720	172312720	harbor1	chr1	172122874	172123008	SINE/MIR	551	+	67	172122941	10221
chr1	172112720	172312720	harbor1	chr1	172150640	172150776	SINE/MIR	442	+	68	172150708	37988
chr1	172112720	172312720	harbor1	chr1	172155913	172156157	SINE/MIR	502	+	122	172156035	43315
chr1	17904948	18104948	harbor1	chr1	17908473	17908681	SINE/MIR	1038	+	104	17908577	3629
chr1	17904948	18104948	harbor1	chr1	17914108	17914257	SINE/MIR	753	+	74	17914182	9234
chr1	17904948	18104948	harbor1	chr1	17914490	17914663	SINE/MIR	570	+	86	17914576	9628
chr1	17904948	18104948	harbor1	chr1	17916443	17916675	SINE/MIR	495	+	116	17916559	11611
chr1	17904948	18104948	harbor1	chr1	17918872	17919114	SINE/MIR	1013	+	121	17918993	14045
chr1	17904948	18104948	harbor1	chr1	17920799	17920970	SINE/MIR	513	+	86	17920885	15937
chr1	17904948	18104948	harbor1	chr1	17930596	17930759	SINE/MIR	539	+	82	17930678	25730
chr1	17904948	18104948	harbor1	chr1	17931603	17931747	SINE/MIR	523	+	72	17931675	26727
chr1	17904948	18104948	harbor1	chr1	17931748	17931958	SINE/MIR	413	+	105	17931853	26905
chr1	17904948	18104948	harbor1	chr1	17932320	17932376	SINE/MIR	413	+	28	17932348	27400
chr1	17904948	18104948	harbor1	chr1	17947702	17947909	SINE/MIR	485	+	104	17947806	42858
chr1	17904948	18104948	harbor1	chr1	17951236	17951472	SINE/MIR	737	+	118	17951354	46406
chr1	17904948	18104948	harbor1	chr1	17955455	17955658	SINE/MIR	449	+	102	17955557	50609
chr1	17904948	18104948	harbor1	chr1	17973356	17973526	SINE/MIR	552	+	85	17973441	68493
chr1	17904948	18104948	harbor1	chr1	17978790	17979016	SINE/MIR	792	+	113	17978903	73955
chr1	17904948	18104948	harbor1	chr1	17982321	17982524	SINE/MIR	577	+	102	17982423	77475
chr1	17904948	18104948	harbor1	chr1	17992935	17993155	SINE/MIR	654	+	110	17993045	88097
chr1	17904948	18104948	harbor1	chr1	17999551	17999741	SINE/MIR	571	+	95	17999646	94698
chr1	119129690	119329690	harbor1	chr1	119133422	119133658	SINE/MIR	1096	+	118	119133540	3850
chr1	119129690	119329690	harbor1	chr1	119135465	119135657	SINE/MIR	740	+	96	119135561	5871
chr1	119129690	119329690	harbor1	chr1	119210732	119210888	SINE/MIR	486	+	78	119210810	81120
chr1	119129690	119329690	harbor1	chr1	119216653	119216750	SINE/MIR	460	+	48	119216701	87011
chr1	31393087	31593087	harbor1	chr1	31395608	31395779	SINE/MIR	480	+	86	31395694	2607
chr1	31393087	31593087	harbor1	chr1	31409314	31409547	SINE/MIR	567	+	116	31409430	16343
chr1	31393087	31593087	harbor1	chr1	31416042	31416251	SINE/MIR	482	+	104	31416146	23059
chr1	31393087	31593087	harbor1	chr1	31420615	31420843	SINE/MIR	699	+	114	31420729	27642
chr1	31393087	31593087	harbor1	chr1	31420858	31420967	SINE/MIR	435	+	54	31420912	27825
chr1	31393087	31593087	harbor1	chr1	31430046	31430227	SINE/MIR	902	+	90	31430136	37049
chr1	31393087	31593087	harbor1	chr1	31442866	31443066	SINE/MIR	447	+	100	31442966	49879
chr1	31393087	31593087	harbor1	chr1	31492993	31493173	SINE/MIR	658	+	90	31493083	99996
chr1	31393087	31593087	harbor1	chr1	31440879	31441065	SINE/MIR	412	+	93	31440972	47885
chr1	215658779	215858779	harbor1	chr1	215660111	215660352	SINE/MIR	774	+	120	215660231	1452
chr1	215658779	215858779	harbor1	chr1	215679765	215679973	SINE/MIR	603	+	104	215679869	21090
chr1	215658779	215858779	harbor1	chr1	215713853	215714052	SINE/MIR	647	+	100	215713953	55174
chr1	215658779	215858779	harbor1	chr1	215748647	215748875	SINE/MIR	651	+	114	215748761	89982
chr1	215658779	215858779	harbor1	chr1	215750692	215750927	SINE/MIR	554	+	118	215750810	92031
chr1	215658779	215858779	harbor1	chr1	215754028	215754228	SINE/MIR	659	+	100	215754128	95349
chr1	88548172	88748172	harbor1	chr1	88551381	88551556	SINE/MIR	402	+	88	88551469	3297
chr1	88548172	88748172	harbor1	chr1	88553884	88554139	SINE/MIR	511	+	128	88554012	5840
chr1	88548172	88748172	harbor1	chr1	88567695	88567897	SINE/MIR	620	+	101	88567796	19624
chr1	166995668	167195668	harbor1	chr1	167043594	167043766	SINE/MIR	559	+	86	167043680	48012
chr1	166995668	167195668	harbor1	chr1	167049563	167049691	SINE/MIR	527	+	64	167049627	53959
chr1	166995668	167195668	harbor1	chr1	167050674	167050909	SINE/MIR	703	+	118	167050792	55124
chr1	166995668	167195668	harbor1	chr1	167056022	167056252	SINE/MIR	812	+	115	167056137	60469
chr1	166995668	167195668	harbor1	chr1	167069643	167069887	SINE/MIR	799	+	122	167069765	74097
chr1	166995668	167195668	harbor1	chr1	167073769	167073956	SINE/MIR	516	+	94	167073863	78195
chr1	166995668	167195668	harbor1	chr1	167080504	167080758	SINE/MIR	789	+	127	167080631	84963
chr1	166995668	167195668	harbor1	chr1	167018400	167018635	SINE/MIR	579	+	118	167018518	22850
chr1	21172560	21372560	harbor1	chr1	21181388	21181554	SINE/MIR	680	+	83	21181471	8911
chr1	21172560	21372560	harbor1	chr1	21181840	21181923	SINE/MIR	680	+	42	21181882	9322
chr1	21172560	21372560	harbor1	chr1	21191068	21191175	SINE/MIR	634	+	54	21191122	18562
chr1	21172560	21372560	harbor1	chr1	21191485	21191496	SINE/MIR	634	+	6	21191491	18931
chr1	21172560	21372560	harbor1	chr1	21191805	21191866	SINE/MIR	634	+	30	21191835	19275
chr1	21172560	21372560	harbor1	chr1	21192178	21192237	SINE/MIR	634	+	30	21192208	19648
chr1	21172560	21372560	harbor1	chr1	21192445	21192661	SINE/MIR	578	+	108	21192553	19993
chr1	21172560	21372560	harbor1	chr1	21243075	21243220	SINE/MIR	477	+	72	21243147	70587
chr1	21172560	21372560	harbor1	chr1	21247769	21247957	SINE/MIR	687	+	94	21247863	75303
chr1	21172560	21372560	harbor1	chr1	21255739	21255891	SINE/MIR	548	+	76	21255815	83255
chr1	21172560	21372560	harbor1	chr1	21257037	21257202	SINE/MIR	535	+	82	21257119	84559
chr1	21172560	21372560	harbor1	chr1	21257907	21258047	SINE/MIR	525	+	70	21257977	85417
chr1	21172560	21372560	harbor1	chr1	21269158	21269349	SINE/MIR	407	+	96	21269254	96694
chr1	21172560	21372560	harbor1	chr1	21270167	21270325	SINE/MIR	544	+	79	21270246	97686
chr1	21172560	21372560	harbor1	chr1	21270433	21270657	SINE/MIR	549	+	112	21270545	97985
chr1	164953409	165153409	harbor1	chr1	164960852	164961054	SINE/MIR	810	+	101	164960953	7544
chr1	164953409	165153409	harbor1	chr1	164968943	164969137	SINE/MIR	394	+	97	164969040	15631
chr1	164953409	165153409	harbor1	chr1	164970062	164970260	SINE/MIR	807	+	99	164970161	16752
chr1	164953409	165153409	harbor1	chr1	164982826	164983004	SINE/MIR	625	+	89	164982915	29506
chr1	164953409	165153409	harbor1	chr1	164983689	164983825	SINE/MIR	482	+	68	164983757	30348
chr1	164953409	165153409	harbor1	chr1	164998527	164998719	SINE/MIR	437	+	96	164998623	45214
chr1	164953409	165153409	harbor1	chr1	165024207	165024401	SINE/MIR	514	+	97	165024304	70895
chr1	164953409	165153409	harbor1	chr1	165047760	165047972	SINE/MIR	519	+	106	165047866	94457
chr1	3300137	3500137	harbor1	chr1	3371760	3371925	SINE/MIR	447	+	82	3371842	71705
chr1	202066985	202266985	harbor1	chr1	202120352	202120512	SINE/MIR	397	+	80	202120432	53447
chr1	202066985	202266985	harbor1	chr1	202124247	202124396	SINE/MIR	396	+	74	202124321	57336
chr1	202066985	202266985	harbor1	chr1	202125258	202125474	SINE/MIR	548	+	108	202125366	58381
chr1	202066985	202266985	harbor1	chr1	202127066	202127263	SINE/MIR	402	+	98	202127164	60179
chr1	202066985	202266985	harbor1	chr1	202131311	202131427	SINE/MIR	436	+	58	202131369	64384
chr1	202066985	202266985	harbor1	chr1	202152881	202153105	SINE/MIR	592	+	112	202152993	86008
chr1	202066985	202266985	harbor1	chr1	202154479	202154700	SINE/MIR	652	+	110	202154589	87604
chr1	202066985	202266985	harbor1	chr1	202157069	202157227	SINE/MIR	576	+	79	202157148	90163
chr1	202066985	202266985	harbor1	chr1	202157525	202157578	SINE/MIR	576	+	26	202157551	90566
chr1	202066985	202266985	harbor1	chr1	202096539	202096776	SINE/MIR	785	+	118	202096657	29672
chr1	147613982	147813982	harbor1	chr1	147651924	147652117	SINE/MIR	442	+	96	147652020	38038
chr1	147613982	147813982	harbor1	chr1	147656542	147656768	SINE/MIR	948	+	113	147656655	42673
chr1	147613982	147813982	harbor1	chr1	147701808	147702032	SINE/MIR	621	+	112	147701920	87938
chr1	76801715	77001715	harbor1	chr1	76810833	76811090	SINE/MIR	639	+	128	76810961	9246
chr1	76801715	77001715	harbor1	chr1	76833830	76833946	SINE/MIR	498	+	58	76833888	32173
chr1	76801715	77001715	harbor1	chr1	76856562	76856735	SINE/MIR	624	+	86	76856648	54933
chr1	76801715	77001715	harbor1	chr1	76859778	76860018	SINE/MIR	574	+	120	76859898	58183
chr1	76801715	77001715	harbor1	chr1	76862102	76862295	SINE/MIR	934	+	96	76862198	60483
chr1	76801715	77001715	harbor1	chr1	76893371	76893617	SINE/MIR	577	+	123	76893494	91779
chr1	195780808	195980808	harbor1	chr1	195828708	195828904	SINE/MIR	422	+	98	195828806	47998
chr1	195780808	195980808	harbor1	chr1	195834145	195834407	SINE/MIR	628	+	131	195834276	53468
chr1	195119095	195319095	harbor1	chr1	195148837	195149047	SINE/MIR	438	+	105	195148942	29847
chr1	195119095	195319095	harbor1	chr1	195173274	195173472	SINE/MIR	480	+	99	195173373	54278
chr1	177703164	177903164	harbor1	chr1	177707230	177707458	SINE/MIR	691	+	114	177707344	4180
chr1	177703164	177903164	harbor1	chr1	177712111	177712296	SINE/MIR	532	+	92	177712203	9039
chr1	177703164	177903164	harbor1	chr1	177713252	177713476	SINE/MIR	700	+	112	177713364	10200
chr1	177703164	177903164	harbor1	chr1	177743084	177743279	SINE/MIR	605	+	98	177743182	40018
chr1	177703164	177903164	harbor1	chr1	177768930	177769061	SINE/MIR	507	+	66	177768996	65832
chr1	177703164	177903164	harbor1	chr1	177770562	177770824	SINE/MIR	717	+	131	177770693	67529
chr1	177703164	177903164	harbor1	chr1	177775181	177775405	SINE/MIR	491	+	112	177775293	72129
chr1	177703164	177903164	harbor1	chr1	177781811	177781853	SINE/MIR	481	+	21	177781832	78668
chr1	177703164	177903164	harbor1	chr1	177782229	177782380	SINE/MIR	481	+	76	177782305	79141
chr1	177703164	177903164	harbor1	chr1	177802673	177802869	SINE/MIR	522	+	98	177802771	99607
chr1	240619405	240819405	harbor1	chr1	240634195	240634369	SINE/MIR	626	+	87	240634282	14877
chr1	240619405	240819405	harbor1	chr1	240637317	240637553	SINE/MIR	608	+	118	240637435	18030
chr1	240619405	240819405	harbor1	chr1	240645609	240645754	SINE/MIR	411	+	72	240645681	26276
chr1	240619405	240819405	harbor1	chr1	240646360	240646401	SINE/MIR	411	+	20	240646380	26975
chr1	240619405	240819405	harbor1	chr1	240656399	240656556	SINE/MIR	440	+	78	240656477	37072
chr1	240619405	240819405	harbor1	chr1	240663457	240663613	SINE/MIR	522	+	78	240663535	44130
chr1	240619405	240819405	harbor1	chr1	240697699	240697940	SINE/MIR	403	+	120	240697819	78414
chr1	240619405	240819405	harbor1	chr1	240715797	240715933	SINE/MIR	447	+	68	240715865	96460
chr1	240619405	240819405	harbor1	chr1	240715971	240716176	SINE/MIR	395	+	102	240716073	96668
chr1	40176712	40376712	harbor1	chr1	40183628	40183910	SINE/MIR	533	+	141	40183769	7057
chr1	40176712	40376712	harbor1	chr1	40201998	40202177	SINE/MIR	464	+	90	40202088	25376
chr1	40176712	40376712	harbor1	chr1	40209244	40209441	SINE/MIR	546	+	98	40209342	32630
chr1	148079546	148279546	harbor1	chr1	148086669	148086898	SINE/MIR	446	+	114	148086783	7237
chr1	148079546	148279546	harbor1	chr1	148163290	148163492	SINE/MIR	423	+	101	148163391	83845
chr1	169323770	169523770	harbor1	chr1	169328239	169328359	SINE/MIR	502	+	60	169328299	4529
chr1	218695033	218895033	harbor1	chr1	218777970	218778171	SINE/MIR	492	+	100	218778070	83037
chr1	218695033	218895033	harbor1	chr1	218792840	218792986	SINE/MIR	419	+	73	218792913	97880
chr1	88781685	88981685	harbor1	chr1	88804588	88804790	SINE/MIR	595	+	101	88804689	23004
chr1	88781685	88981685	harbor1	chr1	88824839	88824995	SINE/MIR	516	+	78	88824917	43232
chr1	88781685	88981685	harbor1	chr1	88875869	88876000	SINE/MIR	492	+	66	88875935	94250
chr1	71611143	71811143	harbor1	chr1	71620803	71621034	SINE/MIR	603	+	116	71620919	9776
chr1	71611143	71811143	harbor1	chr1	71648525	71648698	SINE/MIR	414	+	86	71648611	37468
chr1	71611143	71811143	harbor1	chr1	71661834	71662058	SINE/MIR	649	+	112	71661946	50803
chr1	71611143	71811143	harbor1	chr1	71662069	71662266	SINE/MIR	587	+	98	71662167	51024
chr1	71611143	71811143	harbor1	chr1	71667707	71667852	SINE/MIR	499	+	72	71667779	56636
chr1	71611143	71811143	harbor1	chr1	71676932	71677171	SINE/MIR	513	+	120	71677052	65909
chr1	86107127	86307127	harbor1	chr1	86117824	86118060	SINE/MIR	867	+	118	86117942	10815
chr1	86107127	86307127	harbor1	chr1	86122978	86123190	SINE/MIR	786	+	106	86123084	15957
chr1	86107127	86307127	harbor1	chr1	86144437	86144622	SINE/MIR	493	+	92	86144529	37402
chr1	86107127	86307127	harbor1	chr1	86146312	86146524	SINE/MIR	750	+	106	86146418	39291
chr1	86107127	86307127	harbor1	chr1	86177608	86177821	SINE/MIR	817	+	106	86177714	70587
chr1	86107127	86307127	harbor1	chr1	86184874	86185023	SINE/MIR	430	+	74	86184948	77821
chr1	86107127	86307127	harbor1	chr1	86191455	86191640	SINE/MIR	479	+	92	86191547	84420
chr1	86107127	86307127	harbor1	chr1	86193722	86193926	SINE/MIR	565	+	102	86193824	86697
chr1	195929356	196129356	harbor1	chr1	196023925	196024177	SINE/MIR	461	+	126	196024051	94695
chr1	50312631	50512631	harbor1	chr1	50313058	50313155	SINE/MIR	446	+	48	50313106	475
chr1	50312631	50512631	harbor1	chr1	50314105	50314304	SINE/MIR	405	+	100	50314205	1574
chr1	50312631	50512631	harbor1	chr1	50314326	50314567	SINE/MIR	729	+	120	50314446	1815
chr1	50312631	50512631	harbor1	chr1	50314711	50314889	SINE/MIR	418	+	89	50314800	2169
chr1	50312631	50512631	harbor1	chr1	50322502	50322727	SINE/MIR	514	+	112	50322614	9983
chr1	50312631	50512631	harbor1	chr1	50333965	50334127	SINE/MIR	657	+	81	50334046	21415
chr1	50312631	50512631	harbor1	chr1	50334317	50334425	SINE/MIR	413	+	54	50334371	21740
chr1	50312631	50512631	harbor1	chr1	50341722	50341913	SINE/MIR	719	+	96	50341818	29187
chr1	50312631	50512631	harbor1	chr1	50344039	50344169	SINE/MIR	501	+	65	50344104	31473
chr1	50312631	50512631	harbor1	chr1	50368959	50369086	SINE/MIR	511	+	64	50369023	56392
chr1	50312631	50512631	harbor1	chr1	50370022	50370271	SINE/MIR	452	+	124	50370146	57515
chr1	93511514	93711514	harbor1	chr1	93517848	93518031	SINE/MIR	572	+	92	93517940	6426
chr1	93511514	93711514	harbor1	chr1	93547963	93548131	SINE/MIR	447	+	84	93548047	36533
chr1	93511514	93711514	harbor1	chr1	93550663	93550814	SINE/MIR	455	+	76	93550739	39225
chr1	93511514	93711514	harbor1	chr1	93583693	93583863	SINE/MIR	660	+	85	93583778	72264
chr1	93511514	93711514	harbor1	chr1	93590267	93590437	SINE/MIR	552	+	85	93590352	78838
chr1	93511514	93711514	harbor1	chr1	93597484	93597653	SINE/MIR	685	+	84	93597568	86054
chr1	93511514	93711514	harbor1	chr1	93601032	93601182	SINE/MIR	424	+	75	93601107	89593
chr1	93511514	93711514	harbor1	chr1	93610636	93610664	SINE/MIR	423	+	14	93610650	99136
chr1	93511514	93711514	harbor1	chr1	93610937	93611118	SINE/MIR	423	+	90	93611027	99513
chr1	48208172	48408172	harbor1	chr1	48228112	48228259	SINE/MIR	633	+	74	48228186	20014
chr1	48208172	48408172	harbor1	chr1	48250446	48250698	SINE/MIR	771	+	126	48250572	42400
chr1	48208172	48408172	harbor1	chr1	48270458	48270677	SINE/MIR	417	+	110	48270568	62396
chr1	48208172	48408172	harbor1	chr1	48299556	48299657	SINE/MIR	431	+	50	48299606	91434
chr1	118485714	118685714	harbor1	chr1	118556872	118557010	SINE/MIR	619	+	69	118556941	71227
chr1	118485714	118685714	harbor1	chr1	118558668	118558860	SINE/MIR	434	+	96	118558764	73050
chr1	118485714	118685714	harbor1	chr1	118558876	118559042	SINE/MIR	435	+	83	118558959	73245
chr1	118485714	118685714	harbor1	chr1	118560804	118560963	SINE/MIR	404	+	80	118560884	75170
chr1	118485714	118685714	harbor1	chr1	118585619	118585778	SINE/MIR	514	+	80	118585699	99985
chr1	150030465	150230465	harbor1	chr1	150031639	150031884	SINE/MIR	1136	+	122	150031761	1296
chr1	150030465	150230465	harbor1	chr1	150051598	150051747	SINE/MIR	449	+	74	150051672	21207
chr1	150030465	150230465	harbor1	chr1	150083099	150083297	SINE/MIR	691	+	99	150083198	52733
chr1	150030465	150230465	harbor1	chr1	150086220	150086367	SINE/MIR	578	+	74	150086294	55829
chr1	57674615	57874615	harbor1	chr1	57720487	57720715	SINE/MIR	554	+	114	57720601	45986
chr1	57674615	57874615	harbor1	chr1	57735185	57735389	SINE/MIR	542	+	102	57735287	60672
chr1	57674615	57874615	harbor1	chr1	57737353	57737569	SINE/MIR	776	+	108	57737461	62846
chr1	57674615	57874615	harbor1	chr1	57740310	57740518	SINE/MIR	508	+	104	57740414	65799
chr1	57674615	57874615	harbor1	chr1	57748267	57748518	SINE/MIR	666	+	126	57748393	73778
chr1	57674615	57874615	harbor1	chr1	57750388	57750596	SINE/MIR	404	+	104	57750492	75877
chr1	57674615	57874615	harbor1	chr1	57752631	57752882	SINE/MIR	544	+	126	57752757	78142
chr1	57674615	57874615	harbor1	chr1	57753409	57753557	SINE/MIR	510	+	74	57753483	78868
chr1	57674615	57874615	harbor1	chr1	57757222	57757318	SINE/MIR	552	+	48	57757270	82655
chr1	57674615	57874615	harbor1	chr1	57757782	57757819	SINE/MIR	552	+	18	57757800	83185
chr1	57674615	57874615	harbor1	chr1	57758076	57758173	SINE/MIR	552	+	48	57758124	83509
chr1	57674615	57874615	harbor1	chr1	57759227	57759452	SINE/MIR	934	+	112	57759339	84724
chr1	57674615	57874615	harbor1	chr1	57767869	57767894	SINE/MIR	690	+	12	57767881	93266
chr1	57674615	57874615	harbor1	chr1	57768198	57768430	SINE/MIR	690	+	116	57768314	93699
chr1	88994811	89194811	harbor1	chr1	88995129	88995302	SINE/MIR	842	+	86	88995215	404
chr1	154830364	155030364	harbor1	chr1	154842824	154843060	SINE/MIR	603	+	118	154842942	12578
chr1	154830364	155030364	harbor1	chr1	154857631	154857830	SINE/MIR	879	+	100	154857731	27367
chr1	154830364	155030364	harbor1	chr1	154911530	154911666	SINE/MIR	435	+	68	154911598	81234
chr1	154830364	155030364	harbor1	chr1	154912404	154912585	SINE/MIR	646	+	90	154912494	82130
chr1	154830364	155030364	harbor1	chr1	154923949	154924164	SINE/MIR	514	+	108	154924057	93693
chr1	154830364	155030364	harbor1	chr1	154925631	154925868	SINE/MIR	632	+	118	154925749	95385
chr1	234926773	235126773	harbor1	chr1	234999305	234999414	SINE/MIR	461	+	54	234999359	72586
chr1	165787383	165987383	harbor1	chr1	165881462	165881721	SINE/MIR	786	+	130	165881592	94209
chr1	98296871	98496871	harbor1	chr1	98343718	98343944	SINE/MIR	602	+	113	98343831	46960
chr1	98296871	98496871	harbor1	chr1	98346949	98347198	SINE/MIR	834	+	124	98347073	50202
chr1	98296871	98496871	harbor1	chr1	98380580	98380816	SINE/MIR	728	+	118	98380698	83827
chr1	98296871	98496871	harbor1	chr1	98385876	98386103	SINE/MIR	650	+	114	98385990	89119
chr1	16387386	16587386	harbor1	chr1	16391650	16391846	SINE/MIR	420	+	98	16391748	4362
chr1	16387386	16587386	harbor1	chr1	16393810	16393970	SINE/MIR	487	+	80	16393890	6504
chr1	16387386	16587386	harbor1	chr1	16399563	16399768	SINE/MIR	699	+	102	16399665	12279
chr1	16387386	16587386	harbor1	chr1	16399906	16400021	SINE/MIR	535	+	58	16399964	12578
chr1	16387386	16587386	harbor1	chr1	16400980	16401102	SINE/MIR	517	+	61	16401041	13655
chr1	16387386	16587386	harbor1	chr1	16401128	16401292	SINE/MIR	397	+	82	16401210	13824
chr1	16387386	16587386	harbor1	chr1	16453985	16454044	SINE/MIR	636	+	30	16454015	66629
chr1	16387386	16587386	harbor1	chr1	16454656	16454835	SINE/MIR	636	+	90	16454746	67360
chr1	16387386	16587386	harbor1	chr1	16477728	16477958	SINE/MIR	802	+	115	16477843	90457
chr1	16387386	16587386	harbor1	chr1	16485243	16485450	SINE/MIR	547	+	104	16485347	97961
chr1	16387386	16587386	harbor1	chr1	16400315	16400419	SINE/MIR	535	+	52	16400367	12981
chr1	216654338	216854338	harbor1	chr1	216658949	216659103	SINE/MIR	462	+	77	216659026	4688
chr1	216654338	216854338	harbor1	chr1	216664204	216664436	SINE/MIR	532	+	116	216664320	9982
chr1	216654338	216854338	harbor1	chr1	216686720	216686859	SINE/MIR	457	+	70	216686790	32452
chr1	216654338	216854338	harbor1	chr1	216728996	216729201	SINE/MIR	515	+	102	216729098	74760
chr1	216654338	216854338	harbor1	chr1	216729335	216729372	SINE/MIR	515	+	18	216729353	75015
chr1	216654338	216854338	harbor1	chr1	216745669	216745767	SINE/MIR	405	+	49	216745718	91380
chr1	216654338	216854338	harbor1	chr1	216752719	216752920	SINE/MIR	716	+	100	216752819	98481
chr1	216654338	216854338	harbor1	chr1	216661885	216662133	SINE/MIR	454	+	124	216662009	7671
chr1	146999194	147199194	harbor1	chr1	147025108	147025247	SINE/MIR	485	+	70	147025178	25984
chr1	146999194	147199194	harbor1	chr1	147026759	147026866	SINE/MIR	398	+	54	147026813	27619
chr1	146999194	147199194	harbor1	chr1	147034289	147034542	SINE/MIR	646	+	126	147034415	35221
chr1	146999194	147199194	harbor1	chr1	147057051	147057285	SINE/MIR	730	+	117	147057168	57974
chr1	221487667	221687667	harbor1	chr1	221551882	221552099	SINE/MIR	579	+	108	221551990	64323
chr1	221487667	221687667	harbor1	chr1	221574507	221574691	SINE/MIR	698	+	92	221574599	86932
chr1	199229925	199429925	harbor1	chr1	199262612	199262774	SINE/MIR	484	+	81	199262693	32768
chr1	199229925	199429925	harbor1	chr1	199263013	199263293	SINE/MIR	698	+	140	199263153	33228
chr1	199229925	199429925	harbor1	chr1	199266254	199266489	SINE/MIR	549	+	118	199266372	36447
chr1	199229925	199429925	harbor1	chr1	199308404	199308587	SINE/MIR	550	+	92	199308496	78571
chr1	14714041	14914041	harbor1	chr1	14728743	14728890	SINE/MIR	464	+	74	14728817	14776
chr1	14714041	14914041	harbor1	chr1	14748484	14748621	SINE/MIR	591	+	68	14748552	34511
chr1	14714041	14914041	harbor1	chr1	14749768	14749927	SINE/MIR	437	+	80	14749848	35807
chr1	14714041	14914041	harbor1	chr1	14754755	14754950	SINE/MIR	608	+	98	14754853	40812
chr1	14714041	14914041	harbor1	chr1	14757363	14757610	SINE/MIR	746	+	124	14757487	43446
chr1	14714041	14914041	harbor1	chr1	14780462	14780612	SINE/MIR	581	+	75	14780537	66496
chr1	14714041	14914041	harbor1	chr1	14781935	14782119	SINE/MIR	538	+	92	14782027	67986
chr1	14714041	14914041	harbor1	chr1	14785632	14785739	SINE/MIR	545	+	54	14785686	71645
chr1	14714041	14914041	harbor1	chr1	14785859	14786111	SINE/MIR	761	+	126	14785985	71944
chr1	14714041	14914041	harbor1	chr1	14787396	14787607	SINE/MIR	507	+	106	14787502	73461
chr1	14714041	14914041	harbor1	chr1	14793402	14793656	SINE/MIR	895	+	127	14793529	79488
chr1	14714041	14914041	harbor1	chr1	14797669	14797898	SINE/MIR	809	+	114	14797783	83742
chr1	14714041	14914041	harbor1	chr1	14802861	14803088	SINE/MIR	444	+	114	14802975	88934
chr1	90358234	90558234	harbor1	chr1	90360645	90360825	SINE/MIR	571	+	90	90360735	2501
chr1	90358234	90558234	harbor1	chr1	90376882	90377056	SINE/MIR	426	+	87	90376969	18735
chr1	90358234	90558234	harbor1	chr1	90380367	90380613	SINE/MIR	561	+	123	90380490	22256
chr1	90358234	90558234	harbor1	chr1	90393641	90393793	SINE/MIR	677	+	76	90393717	35483
chr1	90358234	90558234	harbor1	chr1	90393988	90394227	SINE/MIR	928	+	120	90394108	35874
chr1	90358234	90558234	harbor1	chr1	90394468	90394613	SINE/MIR	422	+	72	90394540	36306
chr1	90358234	90558234	harbor1	chr1	90405369	90405591	SINE/MIR	669	+	111	90405480	47246
chr1	98857149	99057149	harbor1	chr1	98891860	98892102	SINE/MIR	754	+	121	98891981	34832
chr1	98857149	99057149	harbor1	chr1	98897677	98897875	SINE/MIR	432	+	99	98897776	40627
chr1	98857149	99057149	harbor1	chr1	98918154	98918359	SINE/MIR	669	+	102	98918256	61107
chr1	98857149	99057149	harbor1	chr1	98929060	98929210	SINE/MIR	426	+	75	98929135	71986
chr1	98857149	99057149	harbor1	chr1	98935991	98936242	SINE/MIR	870	+	126	98936117	78968
chr1	98857149	99057149	harbor1	chr1	98945492	98945752	SINE/MIR	565	+	130	98945622	88473
chr1	86533816	86733816	harbor1	chr1	86538476	86538713	SINE/MIR	692	+	118	86538594	4778
chr1	86533816	86733816	harbor1	chr1	86539249	86539435	SINE/MIR	589	+	93	86539342	5526
chr1	86533816	86733816	harbor1	chr1	86539960	86540043	SINE/MIR	400	+	42	86540002	6186
chr1	86533816	86733816	harbor1	chr1	86543687	86543914	SINE/MIR	766	+	114	86543801	9985
chr1	86533816	86733816	harbor1	chr1	86560418	86560623	SINE/MIR	545	+	102	86560520	26704
chr1	86533816	86733816	harbor1	chr1	86568128	86568333	SINE/MIR	520	+	102	86568230	34414
chr1	86533816	86733816	harbor1	chr1	86568883	86569021	SINE/MIR	422	+	69	86568952	35136
chr1	199266646	199466646	harbor1	chr1	199308404	199308587	SINE/MIR	550	+	92	199308496	41850
chr1	199266646	199466646	harbor1	chr1	199334064	199334263	SINE/MIR	758	+	100	199334164	67518
chr1	199266646	199466646	harbor1	chr1	199347967	199348210	SINE/MIR	725	+	122	199348089	81443
chr1	199266646	199466646	harbor1	chr1	199356300	199356510	SINE/MIR	578	+	105	199356405	89759
chr1	51722227	51922227	harbor1	chr1	51753210	51753430	SINE/MIR	551	+	110	51753320	31093
chr1	51722227	51922227	harbor1	chr1	51757719	51757870	SINE/MIR	578	+	76	51757795	35568
chr1	51722227	51922227	harbor1	chr1	51809049	51809265	SINE/MIR	562	+	108	51809157	86930
chr1	51722227	51922227	harbor1	chr1	51818403	51818595	SINE/MIR	484	+	96	51818499	96272
chr1	86387472	86587472	harbor1	chr1	86405278	86405486	SINE/MIR	413	+	104	86405382	17910
chr1	86387472	86587472	harbor1	chr1	86442774	86442985	SINE/MIR	609	+	106	86442880	55408
chr1	86387472	86587472	harbor1	chr1	86451682	86451911	SINE/MIR	1197	+	114	86451796	64324
chr1	86387472	86587472	harbor1	chr1	86469201	86469375	SINE/MIR	474	+	87	86469288	81816
chr1	115090116	115290116	harbor1	chr1	115090802	115090940	SINE/MIR	545	+	69	115090871	755
chr1	115090116	115290116	harbor1	chr1	115130198	115130302	SINE/MIR	418	+	52	115130250	40134
chr1	115090116	115290116	harbor1	chr1	115176419	115176625	SINE/MIR	476	+	103	115176522	86406
chr1	115090116	115290116	harbor1	chr1	115177372	115177542	SINE/MIR	431	+	85	115177457	87341
chr1	115090116	115290116	harbor1	chr1	115181721	115181862	SINE/MIR	398	+	70	115181791	91675
chr1	115090116	115290116	harbor1	chr1	115185983	115186173	SINE/MIR	410	+	95	115186078	95962
chr1	115090116	115290116	harbor1	chr1	115188286	115188527	SINE/MIR	1091	+	120	115188406	98290
chr1	218310499	218510499	harbor1	chr1	218316541	218316724	SINE/MIR	604	+	92	218316633	6134
chr1	218310499	218510499	harbor1	chr1	218322125	218322338	SINE/MIR	693	+	106	218322231	11732
chr1	218310499	218510499	harbor1	chr1	218336967	218337186	SINE/MIR	426	+	110	218337077	26578
chr1	218310499	218510499	harbor1	chr1	218344012	218344173	SINE/MIR	673	+	80	218344092	33593
chr1	218310499	218510499	harbor1	chr1	218384473	218384615	SINE/MIR	781	+	71	218384544	74045
chr1	61929150	62129150	harbor1	chr1	61929293	61929490	SINE/MIR	558	+	98	61929391	241
chr1	61929150	62129150	harbor1	chr1	61957829	61958063	SINE/MIR	534	+	117	61957946	28796
chr1	61929150	62129150	harbor1	chr1	61958723	61958877	SINE/MIR	458	+	77	61958800	29650
chr1	61929150	62129150	harbor1	chr1	61965187	61965350	SINE/MIR	415	+	82	61965269	36119
chr1	61929150	62129150	harbor1	chr1	61976238	61976394	SINE/MIR	508	+	78	61976316	47166
chr1	209621836	209821836	harbor1	chr1	209625351	209625573	SINE/MIR	619	+	111	209625462	3626
chr1	209621836	209821836	harbor1	chr1	209628237	209628415	SINE/MIR	727	+	89	209628326	6490
chr1	209621836	209821836	harbor1	chr1	209628729	209628799	SINE/MIR	727	+	35	209628764	6928
chr1	209621836	209821836	harbor1	chr1	209658519	209658727	SINE/MIR	542	+	104	209658623	36787
chr1	209621836	209821836	harbor1	chr1	209666205	209666449	SINE/MIR	794	+	122	209666327	44491
chr1	209621836	209821836	harbor1	chr1	209681510	209681729	SINE/MIR	506	+	110	209681620	59784
chr1	49901335	50101335	harbor1	chr1	49903525	49903716	SINE/MIR	466	+	96	49903621	2286
chr1	49901335	50101335	harbor1	chr1	49908997	49909248	SINE/MIR	777	+	126	49909123	7788
chr1	49901335	50101335	harbor1	chr1	49964208	49964413	SINE/MIR	801	+	102	49964310	62975
chr1	49901335	50101335	harbor1	chr1	49966516	49966771	SINE/MIR	439	+	128	49966644	65309
chr1	49901335	50101335	harbor1	chr1	49975615	49975838	SINE/MIR	510	+	112	49975727	74392
chr1	49901335	50101335	harbor1	chr1	49981598	49981745	SINE/MIR	410	+	74	49981672	80337
chr1	49901335	50101335	harbor1	chr1	49990670	49990860	SINE/MIR	435	+	95	49990765	89430
chr1	49901335	50101335	harbor1	chr1	49991825	49992023	SINE/MIR	626	+	99	49991924	90589
chr1	234318168	234518168	harbor1	chr1	234331445	234331696	SINE/MIR	882	+	126	234331571	13403
chr1	234318168	234518168	harbor1	chr1	234355019	234355270	SINE/MIR	845	+	126	234355145	36977
chr1	234318168	234518168	harbor1	chr1	234398963	234399077	SINE/MIR	413	+	57	234399020	80852
chr1	14180074	14380074	harbor1	chr1	14230924	14231080	SINE/MIR	453	+	78	14231002	50928
chr1	14180074	14380074	harbor1	chr1	14261132	14261327	SINE/MIR	536	+	98	14261230	81156
chr1	14180074	14380074	harbor1	chr1	14274639	14274790	SINE/MIR	439	+	76	14274715	94641
chr1	14180074	14380074	harbor1	chr1	14270420	14270580	SINE/MIR	495	+	80	14270500	90426
chr1	53570730	53770730	harbor1	chr1	53576311	53576456	SINE/MIR	448	+	72	53576383	5653
chr1	53570730	53770730	harbor1	chr1	53578208	53578298	SINE/MIR	449	+	45	53578253	7523
chr1	53570730	53770730	harbor1	chr1	53587894	53588129	SINE/MIR	508	+	118	53588012	17282
chr1	53570730	53770730	harbor1	chr1	53591579	53591752	SINE/MIR	640	+	86	53591665	20935
chr1	53570730	53770730	harbor1	chr1	53604011	53604159	SINE/MIR	413	+	74	53604085	33355
chr1	53570730	53770730	harbor1	chr1	53605934	53606182	SINE/MIR	773	+	124	53606058	35328
chr1	53570730	53770730	harbor1	chr1	53608511	53608729	SINE/MIR	586	+	109	53608620	37890
chr1	53570730	53770730	harbor1	chr1	53620998	53621246	SINE/MIR	856	+	124	53621122	50392
chr1	53570730	53770730	harbor1	chr1	53639012	53639186	SINE/MIR	589	+	87	53639099	68369
chr1	53570730	53770730	harbor1	chr1	53641231	53641329	SINE/MIR	579	+	49	53641280	70550
chr1	53570730	53770730	harbor1	chr1	53641435	53641597	SINE/MIR	448	+	81	53641516	70786
chr1	53570730	53770730	harbor1	chr1	53643411	53643533	SINE/MIR	395	+	61	53643472	72742
chr1	53570730	53770730	harbor1	chr1	53655406	53655557	SINE/MIR	585	+	76	53655482	84752
chr1	53570730	53770730	harbor1	chr1	53659705	53659897	SINE/MIR	551	+	96	53659801	89071
chr1	95611964	95811964	harbor1	chr1	95624668	95624875	SINE/MIR	452	+	104	95624772	12808
chr1	95611964	95811964	harbor1	chr1	95681027	95681290	SINE/MIR	580	+	132	95681159	69195
chr1	95611964	95811964	harbor1	chr1	95681934	95682185	SINE/MIR	450	+	126	95682060	70096
chr1	95611964	95811964	harbor1	chr1	95692908	95693032	SINE/MIR	454	+	62	95692970	81006
chr1	95611964	95811964	harbor1	chr1	95693329	95693406	SINE/MIR	435	+	38	95693367	81403
chr1	179729439	179929439	harbor1	chr1	179764717	179764969	SINE/MIR	864	+	126	179764843	35404
chr1	179729439	179929439	harbor1	chr1	179784308	179784519	SINE/MIR	452	+	106	179784414	54975
chr1	179729439	179929439	harbor1	chr1	179788512	179788744	SINE/MIR	532	+	116	179788628	59189
chr1	179729439	179929439	harbor1	chr1	179791997	179792147	SINE/MIR	720	+	75	179792072	62633
chr1	179729439	179929439	harbor1	chr1	179792561	179792722	SINE/MIR	442	+	80	179792641	63202
chr1	179729439	179929439	harbor1	chr1	179819183	179819358	SINE/MIR	574	+	88	179819271	89832
chr1	207459715	207659715	harbor1	chr1	207471787	207471927	SINE/MIR	434	+	70	207471857	12142
chr1	207459715	207659715	harbor1	chr1	207497982	207498222	SINE/MIR	521	+	120	207498102	38387
chr1	49680967	49880967	harbor1	chr1	49690455	49690691	SINE/MIR	815	+	118	49690573	9606
chr1	49680967	49880967	harbor1	chr1	49698130	49698283	SINE/MIR	469	+	76	49698206	17239
chr1	49680967	49880967	harbor1	chr1	49711860	49712084	SINE/MIR	777	+	112	49711972	31005
chr1	49680967	49880967	harbor1	chr1	49712735	49712959	SINE/MIR	581	+	112	49712847	31880
chr1	49680967	49880967	harbor1	chr1	49720529	49720730	SINE/MIR	567	+	100	49720629	39662
chr1	49680967	49880967	harbor1	chr1	49775132	49775368	SINE/MIR	666	+	118	49775250	94283
chr1	176660658	176860658	harbor1	chr1	176662117	176662351	SINE/MIR	653	+	117	176662234	1576
chr1	176660658	176860658	harbor1	chr1	176694355	176694502	SINE/MIR	428	+	74	176694429	33771
chr1	176660658	176860658	harbor1	chr1	176710283	176710510	SINE/MIR	518	+	114	176710397	49739
chr1	150471267	150671267	harbor1	chr1	150510234	150510382	SINE/MIR	544	+	74	150510308	39041
chr1	150471267	150671267	harbor1	chr1	150530134	150530285	SINE/MIR	520	+	76	150530210	58943
chr1	150471267	150671267	harbor1	chr1	150530399	150530547	SINE/MIR	432	+	74	150530473	59206
chr1	150471267	150671267	harbor1	chr1	150544277	150544496	SINE/MIR	648	+	110	150544387	73120
chr1	40192911	40392911	harbor1	chr1	40201998	40202177	SINE/MIR	464	+	90	40202088	9177
chr1	40192911	40392911	harbor1	chr1	40209244	40209441	SINE/MIR	546	+	98	40209342	16431
chr1	40192911	40392911	harbor1	chr1	40286120	40286331	SINE/MIR	880	+	106	40286226	93315
chr1	85706262	85906262	harbor1	chr1	85736045	85736197	SINE/MIR	530	+	76	85736121	29859
chr1	85706262	85906262	harbor1	chr1	85780527	85780701	SINE/MIR	422	+	87	85780614	74352
chr1	85706262	85906262	harbor1	chr1	85781736	85781835	SINE/MIR	418	+	50	85781786	75524
chr1	85706262	85906262	harbor1	chr1	85797554	85797803	SINE/MIR	943	+	124	85797678	91416
chr1	85706262	85906262	harbor1	chr1	85805563	85805749	SINE/MIR	609	+	93	85805656	99394
chr1	55316616	55516616	harbor1	chr1	55321575	55321846	SINE/MIR	958	+	136	55321711	5095
chr1	55316616	55516616	harbor1	chr1	55329595	55329727	SINE/MIR	430	+	66	55329661	13045
chr1	55316616	55516616	harbor1	chr1	55330525	55330683	SINE/MIR	439	+	79	55330604	13988
chr1	55316616	55516616	harbor1	chr1	55331284	55331466	SINE/MIR	510	+	91	55331375	14759
chr1	55316616	55516616	harbor1	chr1	55331976	55332244	SINE/MIR	781	+	134	55332110	15494
chr1	55316616	55516616	harbor1	chr1	55336628	55336866	SINE/MIR	436	+	119	55336747	20131
chr1	55316616	55516616	harbor1	chr1	55355002	55355233	SINE/MIR	418	+	116	55355118	38502
chr1	55316616	55516616	harbor1	chr1	55358557	55358800	SINE/MIR	625	+	122	55358679	42063
chr1	55316616	55516616	harbor1	chr1	55380065	55380281	SINE/MIR	492	+	108	55380173	63557
chr1	55316616	55516616	harbor1	chr1	55385129	55385304	SINE/MIR	519	+	88	55385217	68601
chr1	55316616	55516616	harbor1	chr1	55399930	55400139	SINE/MIR	593	+	104	55400034	83418
chr1	55316616	55516616	harbor1	chr1	55404868	55404994	SINE/MIR	613	+	63	55404931	88315
chr1	55316616	55516616	harbor1	chr1	55405364	55405395	SINE/MIR	613	+	16	55405380	88764
chr1	55316616	55516616	harbor1	chr1	55405752	55405781	SINE/MIR	613	+	14	55405766	89150
chr1	18576910	18776910	harbor1	chr1	18583045	18583172	SINE/MIR	492	+	64	18583109	6199
chr1	18576910	18776910	harbor1	chr1	18586852	18586997	SINE/MIR	561	+	72	18586924	10014
chr1	18576910	18776910	harbor1	chr1	18600209	18600360	SINE/MIR	443	+	76	18600285	23375
chr1	18576910	18776910	harbor1	chr1	18603071	18603215	SINE/MIR	443	+	72	18603143	26233
chr1	18576910	18776910	harbor1	chr1	18608246	18608409	SINE/MIR	404	+	82	18608328	31418
chr1	18576910	18776910	harbor1	chr1	18618177	18618410	SINE/MIR	816	+	116	18618293	41383
chr1	18576910	18776910	harbor1	chr1	18622264	18622438	SINE/MIR	595	+	87	18622351	45441
chr1	18576910	18776910	harbor1	chr1	18656019	18656172	SINE/MIR	436	+	76	18656095	79185
chr1	18576910	18776910	harbor1	chr1	18661488	18661673	SINE/MIR	411	+	92	18661580	84670
chr1	18576910	18776910	harbor1	chr1	18664948	18665175	SINE/MIR	576	+	114	18665062	88152
chr1	18576910	18776910	harbor1	chr1	18669451	18669588	SINE/MIR	561	+	68	18669519	92609
chr1	18576910	18776910	harbor1	chr1	18669682	18669843	SINE/MIR	481	+	80	18669762	92852
chr1	18576910	18776910	harbor1	chr1	18670105	18670137	SINE/MIR	481	+	16	18670121	93211
chr1	18576910	18776910	harbor1	chr1	18673091	18673297	SINE/MIR	499	+	103	18673194	96284
chr1	246881890	247081890	harbor1	chr1	246934046	246934240	SINE/MIR	447	+	97	246934143	52253
chr1	246881890	247081890	harbor1	chr1	246935400	246935594	SINE/MIR	536	+	97	246935497	53607
chr1	246881890	247081890	harbor1	chr1	246948852	246948998	SINE/MIR	471	+	73	246948925	67035
chr1	246881890	247081890	harbor1	chr1	246950743	246950889	SINE/MIR	566	+	73	246950816	68926
chr1	103976521	104176521	harbor1	chr1	104039053	104039204	SINE/MIR	504	+	76	104039129	62608
chr1	110012496	110212496	harbor1	chr1	110019671	110019874	SINE/MIR	555	+	102	110019773	7277
chr1	110012496	110212496	harbor1	chr1	110047194	110047401	SINE/MIR	614	+	104	110047298	34802
chr1	110012496	110212496	harbor1	chr1	110056922	110057133	SINE/MIR	523	+	106	110057028	44532
chr1	110012496	110212496	harbor1	chr1	110099145	110099372	SINE/MIR	724	+	114	110099259	86763
chr1	202516063	202716063	harbor1	chr1	202515935	202516175	SINE/MIR	834	+	120	202516055	8
chr1	202516063	202716063	harbor1	chr1	202536054	202536154	SINE/MIR	416	+	50	202536104	20041
chr1	202516063	202716063	harbor1	chr1	202585392	202585553	SINE/MIR	419	+	80	202585472	69409
chr1	111709759	111909759	harbor1	chr1	111731237	111731356	SINE/MIR	606	+	60	111731297	21538
chr1	111709759	111909759	harbor1	chr1	111731652	111731732	SINE/MIR	606	+	40	111731692	21933
chr1	111709759	111909759	harbor1	chr1	111734925	111735160	SINE/MIR	782	+	118	111735043	25284
chr1	111709759	111909759	harbor1	chr1	111768891	111769036	SINE/MIR	530	+	72	111768963	59204
chr1	111709759	111909759	harbor1	chr1	111772017	111772216	SINE/MIR	415	+	100	111772117	62358
chr1	111709759	111909759	harbor1	chr1	111772519	111772695	SINE/MIR	670	+	88	111772607	62848
chr1	111709759	111909759	harbor1	chr1	111788717	111788880	SINE/MIR	545	+	82	111788799	79040
chr1	111709759	111909759	harbor1	chr1	111790123	111790335	SINE/MIR	569	+	106	111790229	80470
chr1	111709759	111909759	harbor1	chr1	111792542	111792786	SINE/MIR	873	+	122	111792664	82905
chr1	111709759	111909759	harbor1	chr1	111801951	111802149	SINE/MIR	680	+	99	111802050	92291
chr1	111709759	111909759	harbor1	chr1	111802399	111802557	SINE/MIR	515	+	79	111802478	92719
chr1	198218231	198418231	harbor1	chr1	198241629	198241856	SINE/MIR	625	+	114	198241743	23512
chr1	198218231	198418231	harbor1	chr1	198261254	198261470	SINE/MIR	632	+	108	198261362	43131
chr1	198218231	198418231	harbor1	chr1	198262074	198262260	SINE/MIR	414	+	93	198262167	43936
chr1	198218231	198418231	harbor1	chr1	198264819	198264997	SINE/MIR	628	+	89	198264908	46677
chr1	198218231	198418231	harbor1	chr1	198305979	198306167	SINE/MIR	611	+	94	198306073	87842
chr1	31466198	31666198	harbor1	chr1	31492993	31493173	SINE/MIR	658	+	90	31493083	26885
chr1	31466198	31666198	harbor1	chr1	31502776	31502973	SINE/MIR	771	+	98	31502874	36676
chr1	31466198	31666198	harbor1	chr1	31507226	31507398	SINE/MIR	422	+	86	31507312	41114
chr1	31466198	31666198	harbor1	chr1	31510561	31510760	SINE/MIR	521	+	100	31510661	44463
chr1	31466198	31666198	harbor1	chr1	31517030	31517112	SINE/MIR	411	+	41	31517071	50873
chr1	31466198	31666198	harbor1	chr1	31544289	31544410	SINE/MIR	471	+	60	31544349	78151
chr1	8856868	9056868	harbor1	chr1	8864755	8864898	SINE/MIR	463	+	72	8864827	7959
chr1	193475728	193675728	harbor1	chr1	193488276	193488474	SINE/MIR	671	+	99	193488375	12647
chr1	193475728	193675728	harbor1	chr1	193528901	193529138	SINE/MIR	903	+	118	193529019	53291
chr1	193475728	193675728	harbor1	chr1	193495030	193495269	SINE/MIR	407	+	120	193495150	19422
chr1	91655636	91855636	harbor1	chr1	91704453	91704656	SINE/MIR	600	+	102	91704555	48919
chr1	91655636	91855636	harbor1	chr1	91715348	91715575	SINE/MIR	613	+	114	91715462	59826
chr1	91655636	91855636	harbor1	chr1	91718091	91718305	SINE/MIR	514	+	107	91718198	62562
chr1	91655636	91855636	harbor1	chr1	91748782	91748976	SINE/MIR	602	+	97	91748879	93243
chr1	66360768	66560768	harbor1	chr1	66371952	66372200	SINE/MIR	664	+	124	66372076	11308
chr1	66360768	66560768	harbor1	chr1	66376679	66376825	SINE/MIR	455	+	73	66376752	15984
chr1	66360768	66560768	harbor1	chr1	66377377	66377565	SINE/MIR	757	+	94	66377471	16703
chr1	66360768	66560768	harbor1	chr1	66394198	66394397	SINE/MIR	493	+	100	66394298	33530
chr1	66360768	66560768	harbor1	chr1	66396321	66396498	SINE/MIR	503	+	88	66396409	35641
chr1	66360768	66560768	harbor1	chr1	66398134	66398318	SINE/MIR	500	+	92	66398226	37458
chr1	66360768	66560768	harbor1	chr1	66433163	66433413	SINE/MIR	618	+	125	66433288	72520
chr1	66360768	66560768	harbor1	chr1	66450360	66450554	SINE/MIR	558	+	97	66450457	89689
chr1	66360768	66560768	harbor1	chr1	66452894	66453033	SINE/MIR	434	+	70	66452964	92196
chr1	181217203	181417203	harbor1	chr1	181240556	181240730	SINE/MIR	547	+	87	181240643	23440
chr1	181217203	181417203	harbor1	chr1	181263654	181263791	SINE/MIR	460	+	68	181263722	46519
chr1	49172083	49372083	harbor1	chr1	49178084	49178234	SINE/MIR	742	+	75	49178159	6076
chr1	49172083	49372083	harbor1	chr1	49179789	49179888	SINE/MIR	814	+	50	49179839	7756
chr1	49172083	49372083	harbor1	chr1	49180197	49180355	SINE/MIR	814	+	79	49180276	8193
chr1	49172083	49372083	harbor1	chr1	49181405	49181613	SINE/MIR	662	+	104	49181509	9426
chr1	49172083	49372083	harbor1	chr1	49182424	49182632	SINE/MIR	568	+	104	49182528	10445
chr1	49172083	49372083	harbor1	chr1	49186423	49186538	SINE/MIR	441	+	58	49186481	14398
chr1	49172083	49372083	harbor1	chr1	49188687	49188842	SINE/MIR	444	+	78	49188765	16682
chr1	49172083	49372083	harbor1	chr1	49220319	49220553	SINE/MIR	682	+	117	49220436	48353
chr1	49172083	49372083	harbor1	chr1	49220699	49220908	SINE/MIR	430	+	104	49220803	48720
chr1	49172083	49372083	harbor1	chr1	49230111	49230299	SINE/MIR	431	+	94	49230205	58122
chr1	49172083	49372083	harbor1	chr1	49234827	49235026	SINE/MIR	524	+	100	49234927	62844
chr1	49172083	49372083	harbor1	chr1	49246035	49246276	SINE/MIR	787	+	120	49246155	74072
chr1	49172083	49372083	harbor1	chr1	49184729	49184936	SINE/MIR	581	+	104	49184833	12750
chr1	53768516	53968516	harbor1	chr1	53785015	53785227	SINE/MIR	533	+	106	53785121	16605
chr1	53768516	53968516	harbor1	chr1	53791731	53791922	SINE/MIR	732	+	96	53791827	23311
chr1	53768516	53968516	harbor1	chr1	53808350	53808565	SINE/MIR	435	+	108	53808458	39942
chr1	53768516	53968516	harbor1	chr1	53843805	53843931	SINE/MIR	440	+	63	53843868	75352
chr1	53768516	53968516	harbor1	chr1	53861417	53861571	SINE/MIR	518	+	77	53861494	92978
chr1	53768516	53968516	harbor1	chr1	53868291	53868545	SINE/MIR	630	+	127	53868418	99902
chr1	163412508	163612508	harbor1	chr1	163444542	163444733	SINE/MIR	617	+	96	163444638	32130
chr1	163412508	163612508	harbor1	chr1	163463293	163463488	SINE/MIR	618	+	98	163463391	50883
chr1	175893864	176093864	harbor1	chr1	175960209	175960434	SINE/MIR	512	+	112	175960321	66457
chr1	175893864	176093864	harbor1	chr1	175963424	175963636	SINE/MIR	494	+	106	175963530	69666
chr1	117850570	118050570	harbor1	chr1	117880665	117880861	SINE/MIR	548	+	98	117880763	30193
chr1	117850570	118050570	harbor1	chr1	117883002	117883255	SINE/MIR	581	+	126	117883128	32558
chr1	117850570	118050570	harbor1	chr1	117913018	117913232	SINE/MIR	396	+	107	117913125	62555
chr1	117850570	118050570	harbor1	chr1	117930768	117930948	SINE/MIR	648	+	90	117930858	80288
chr1	59514821	59714821	harbor1	chr1	59523806	59523850	SINE/MIR	508	+	22	59523828	9007
chr1	59514821	59714821	harbor1	chr1	59525436	59525551	SINE/MIR	508	+	58	59525494	10673
chr1	59514821	59714821	harbor1	chr1	59526747	59526976	SINE/MIR	535	+	114	59526861	12040
chr1	59514821	59714821	harbor1	chr1	59541781	59542015	SINE/MIR	624	+	117	59541898	27077
chr1	59514821	59714821	harbor1	chr1	59547459	59547657	SINE/MIR	488	+	99	59547558	32737
chr1	59514821	59714821	harbor1	chr1	59549422	59549629	SINE/MIR	469	+	104	59549526	34705
chr1	59514821	59714821	harbor1	chr1	59550798	59551019	SINE/MIR	750	+	110	59550908	36087
chr1	59514821	59714821	harbor1	chr1	59551633	59551855	SINE/MIR	676	+	111	59551744	36923
chr1	59514821	59714821	harbor1	chr1	59553640	59553847	SINE/MIR	550	+	104	59553744	38923
chr1	59514821	59714821	harbor1	chr1	59555324	59555522	SINE/MIR	602	+	99	59555423	40602
chr1	59514821	59714821	harbor1	chr1	59556560	59556787	SINE/MIR	589	+	114	59556674	41853
chr1	59514821	59714821	harbor1	chr1	59558004	59558204	SINE/MIR	604	+	100	59558104	43283
chr1	59514821	59714821	harbor1	chr1	59593397	59593560	SINE/MIR	569	+	82	59593479	78658
chr1	59514821	59714821	harbor1	chr1	59595061	59595262	SINE/MIR	441	+	100	59595161	80340
chr1	59514821	59714821	harbor1	chr1	59602209	59602396	SINE/MIR	591	+	94	59602303	87482
chr1	59514821	59714821	harbor1	chr1	59603944	59604092	SINE/MIR	422	+	74	59604018	89197
chr1	26059916	26259916	harbor1	chr1	26064477	26064671	SINE/MIR	867	+	97	26064574	4658
chr1	26059916	26259916	harbor1	chr1	26065695	26065898	SINE/MIR	697	+	102	26065797	5881
chr1	26059916	26259916	harbor1	chr1	26066631	26066810	SINE/MIR	432	+	90	26066721	6805
chr1	26059916	26259916	harbor1	chr1	26076334	26076526	SINE/MIR	406	+	96	26076430	16514
chr1	26059916	26259916	harbor1	chr1	26082291	26082458	SINE/MIR	677	+	84	26082375	22459
chr1	26059916	26259916	harbor1	chr1	26082622	26082677	SINE/MIR	677	+	28	26082650	22734
chr1	26059916	26259916	harbor1	chr1	26083712	26083977	SINE/MIR	788	+	132	26083844	23928
chr1	26059916	26259916	harbor1	chr1	26095339	26095607	SINE/MIR	837	+	134	26095473	35557
chr1	26059916	26259916	harbor1	chr1	26104550	26104729	SINE/MIR	684	+	90	26104640	44724
chr1	26059916	26259916	harbor1	chr1	26104906	26105056	SINE/MIR	394	+	75	26104981	45065
chr1	26059916	26259916	harbor1	chr1	26110473	26110573	SINE/MIR	433	+	50	26110523	50607
chr1	26059916	26259916	harbor1	chr1	26113887	26114139	SINE/MIR	926	+	126	26114013	54097
chr1	26059916	26259916	harbor1	chr1	26118491	26118701	SINE/MIR	620	+	105	26118596	58680
chr1	26059916	26259916	harbor1	chr1	26127272	26127466	SINE/MIR	414	+	97	26127369	67453
chr1	26059916	26259916	harbor1	chr1	26144920	26145078	SINE/MIR	495	+	79	26144999	85083
chr1	26059916	26259916	harbor1	chr1	26154207	26154423	SINE/MIR	760	+	108	26154315	94399
chr1	26059916	26259916	harbor1	chr1	26157005	26157044	SINE/MIR	496	+	20	26157025	97109
chr1	26059916	26259916	harbor1	chr1	26157337	26157447	SINE/MIR	496	+	55	26157392	97476
chr1	26059916	26259916	harbor1	chr1	26157709	26157848	SINE/MIR	468	+	70	26157779	97863
chr1	103298242	103498242	harbor1	chr1	103333895	103334138	SINE/MIR	556	+	122	103334017	35775
chr1	103298242	103498242	harbor1	chr1	103369319	103369522	SINE/MIR	462	+	102	103369421	71179
chr1	103298242	103498242	harbor1	chr1	103372500	103372692	SINE/MIR	483	+	96	103372596	74354
chr1	60147330	60347330	harbor1	chr1	60147528	60147800	SINE/MIR	483	+	136	60147664	334
chr1	60147330	60347330	harbor1	chr1	60155701	60155942	SINE/MIR	713	+	120	60155821	8491
chr1	60147330	60347330	harbor1	chr1	60157402	60157669	SINE/MIR	651	+	134	60157536	10206
chr1	60147330	60347330	harbor1	chr1	60158061	60158262	SINE/MIR	472	+	100	60158161	10831
chr1	60147330	60347330	harbor1	chr1	60164171	60164400	SINE/MIR	477	+	114	60164285	16955
chr1	60147330	60347330	harbor1	chr1	60164530	60164765	SINE/MIR	446	+	118	60164648	17318
chr1	60147330	60347330	harbor1	chr1	60169513	60169765	SINE/MIR	612	+	126	60169639	22309
chr1	60147330	60347330	harbor1	chr1	60170101	60170256	SINE/MIR	431	+	78	60170179	22849
chr1	60147330	60347330	harbor1	chr1	60173671	60173867	SINE/MIR	431	+	98	60173769	26439
chr1	60147330	60347330	harbor1	chr1	60195860	60196036	SINE/MIR	429	+	88	60195948	48618
chr1	60147330	60347330	harbor1	chr1	60213579	60213782	SINE/MIR	569	+	102	60213681	66351
chr1	60147330	60347330	harbor1	chr1	60228809	60229028	SINE/MIR	529	+	110	60228919	81589
chr1	60147330	60347330	harbor1	chr1	60231657	60231775	SINE/MIR	408	+	59	60231716	84386
chr1	107817780	108017780	harbor1	chr1	107843186	107843365	SINE/MIR	558	+	90	107843276	25496
chr1	107817780	108017780	harbor1	chr1	107843391	107843412	SINE/MIR	558	+	10	107843401	25621
chr1	107817780	108017780	harbor1	chr1	107853172	107853331	SINE/MIR	451	+	80	107853252	35472
chr1	29020983	29220983	harbor1	chr1	29023804	29024027	SINE/MIR	502	+	112	29023916	2933
chr1	29020983	29220983	harbor1	chr1	29041732	29041983	SINE/MIR	965	+	126	29041858	20875
chr1	29020983	29220983	harbor1	chr1	29098562	29098729	SINE/MIR	562	+	84	29098646	77663
chr1	29020983	29220983	harbor1	chr1	29101258	29101425	SINE/MIR	550	+	84	29101342	80359
chr1	29020983	29220983	harbor1	chr1	29103361	29103519	SINE/MIR	574	+	79	29103440	82457
chr1	29020983	29220983	harbor1	chr1	29103994	29104226	SINE/MIR	861	+	116	29104110	83127
chr1	29020983	29220983	harbor1	chr1	29107289	29107514	SINE/MIR	520	+	112	29107401	86418
chr1	29020983	29220983	harbor1	chr1	29112628	29112856	SINE/MIR	601	+	114	29112742	91759
chr1	29020983	29220983	harbor1	chr1	29113588	29113750	SINE/MIR	566	+	81	29113669	92686
chr1	92885729	93085729	harbor1	chr1	92970157	92970353	SINE/MIR	446	+	98	92970255	84526
chr1	92885729	93085729	harbor1	chr1	92973981	92974161	SINE/MIR	512	+	90	92974071	88342
chr1	52385685	52585685	harbor1	chr1	52405335	52405538	SINE/MIR	464	+	102	52405437	19752
chr1	52385685	52585685	harbor1	chr1	52406487	52406673	SINE/MIR	502	+	93	52406580	20895
chr1	52385685	52585685	harbor1	chr1	52413054	52413246	SINE/MIR	616	+	96	52413150	27465
chr1	52385685	52585685	harbor1	chr1	52462116	52462175	SINE/MIR	767	+	30	52462146	76461
chr1	52385685	52585685	harbor1	chr1	52462486	52462687	SINE/MIR	767	+	100	52462586	76901
chr1	52385685	52585685	harbor1	chr1	52463959	52464202	SINE/MIR	1331	+	122	52464081	78396
chr1	184758351	184958351	harbor1	chr1	184760192	184760351	SINE/MIR	622	+	80	184760272	1921
chr1	184758351	184958351	harbor1	chr1	184820680	184820925	SINE/MIR	630	+	122	184820802	62451
chr1	205904320	206104320	harbor1	chr1	205925659	205925843	SINE/MIR	566	+	92	205925751	21431
chr1	205904320	206104320	harbor1	chr1	205926940	205927169	SINE/MIR	777	+	114	205927054	22734
chr1	205904320	206104320	harbor1	chr1	205936915	205937114	SINE/MIR	557	+	100	205937015	32695
chr1	205904320	206104320	harbor1	chr1	205937458	205937603	SINE/MIR	418	+	72	205937530	33210
chr1	205904320	206104320	harbor1	chr1	205950638	205950850	SINE/MIR	584	+	106	205950744	46424
chr1	205904320	206104320	harbor1	chr1	205968589	205968821	SINE/MIR	994	+	116	205968705	64385
chr1	50806559	51006559	harbor1	chr1	50820261	50820329	SINE/MIR	512	+	34	50820295	13736
chr1	50806559	51006559	harbor1	chr1	50820964	50820993	SINE/MIR	512	+	14	50820978	14419
chr1	50806559	51006559	harbor1	chr1	50821071	50821166	SINE/MIR	512	+	48	50821119	14560
chr1	50806559	51006559	harbor1	chr1	50821544	50821761	SINE/MIR	729	+	108	50821652	15093
chr1	50806559	51006559	harbor1	chr1	50852653	50852856	SINE/MIR	704	+	102	50852755	46196
chr1	50806559	51006559	harbor1	chr1	50900482	50900686	SINE/MIR	434	+	102	50900584	94025
chr1	51097160	51297160	harbor1	chr1	51110111	51110298	SINE/MIR	671	+	94	51110205	13045
chr1	51097160	51297160	harbor1	chr1	51120273	51120497	SINE/MIR	972	+	112	51120385	23225
chr1	51097160	51297160	harbor1	chr1	51184408	51184622	SINE/MIR	532	+	107	51184515	87355
chr1	187132721	187332721	harbor1	chr1	187226665	187226924	SINE/MIR	428	+	130	187226795	94074
chr1	187132721	187332721	harbor1	chr1	187231723	187231930	SINE/MIR	511	+	104	187231827	99106
chr1	5448447	5648447	harbor1	chr1	5459818	5460028	SINE/MIR	676	+	105	5459923	11476
chr1	5448447	5648447	harbor1	chr1	5502079	5502242	SINE/MIR	427	+	82	5502161	53714
chr1	5448447	5648447	harbor1	chr1	5516113	5516307	SINE/MIR	519	+	97	5516210	67763
chr1	5448447	5648447	harbor1	chr1	5536279	5536449	SINE/MIR	479	+	85	5536364	87917
chr1	236545939	236745939	harbor1	chr1	236588354	236588559	SINE/MIR	805	+	102	236588456	42517
chr1	236545939	236745939	harbor1	chr1	236599130	236599328	SINE/MIR	463	+	99	236599229	53290
chr1	236545939	236745939	harbor1	chr1	236602248	236602486	SINE/MIR	894	+	119	236602367	56428
chr1	146538911	146738911	harbor1	chr1	146579340	146579572	SINE/MIR	554	+	116	146579456	40545
chr1	146538911	146738911	harbor1	chr1	146589667	146589891	SINE/MIR	560	+	112	146589779	50868
chr1	144643139	144843139	harbor1	chr1	144651656	144651836	SINE/MIR	417	+	90	144651746	8607
chr1	144643139	144843139	harbor1	chr1	144663524	144663688	SINE/MIR	592	+	82	144663606	20467
chr1	144643139	144843139	harbor1	chr1	144731463	144731570	SINE/MIR	406	+	54	144731517	88378
chr1	144643139	144843139	harbor1	chr1	144737547	144737742	SINE/MIR	613	+	98	144737645	94506
chr1	91130897	91330897	harbor1	chr1	91133510	91133691	SINE/MIR	554	+	90	91133600	2703
chr1	91130897	91330897	harbor1	chr1	91136678	91136887	SINE/MIR	672	+	104	91136782	5885
chr1	91130897	91330897	harbor1	chr1	91153790	91154005	SINE/MIR	667	+	108	91153898	23001
chr1	184789190	184989190	harbor1	chr1	184820680	184820925	SINE/MIR	630	+	122	184820802	31612
chr1	184789190	184989190	harbor1	chr1	184863766	184863982	SINE/MIR	408	+	108	184863874	74684
chr1	184789190	184989190	harbor1	chr1	184864088	184864281	SINE/MIR	512	+	96	184864184	74994
chr1	184789190	184989190	harbor1	chr1	184868812	184868984	SINE/MIR	602	+	86	184868898	79708
chr1	234880125	235080125	harbor1	chr1	234921180	234921281	SINE/MIR	447	+	50	234921230	41105
chr1	246725797	246925797	harbor1	chr1	246765694	246765903	SINE/MIR	647	+	104	246765798	40001
chr1	246725797	246925797	harbor1	chr1	246775227	246775425	SINE/MIR	402	+	99	246775326	49529
chr1	246725797	246925797	harbor1	chr1	246807996	246808199	SINE/MIR	493	+	102	246808098	82301
chr1	246725797	246925797	harbor1	chr1	246811677	246811866	SINE/MIR	432	+	94	246811771	85974
chr1	163245512	163445512	harbor1	chr1	163245615	163245810	SINE/MIR	630	+	98	163245713	201
chr1	163245512	163445512	harbor1	chr1	163252826	163252925	SINE/MIR	411	+	50	163252876	7364
chr1	163245512	163445512	harbor1	chr1	163264219	163264440	SINE/MIR	690	+	110	163264329	18817
chr1	163245512	163445512	harbor1	chr1	163313868	163313999	SINE/MIR	442	+	66	163313934	68422
chr1	163245512	163445512	harbor1	chr1	163314035	163314153	SINE/MIR	442	+	59	163314094	68582
chr1	163245512	163445512	harbor1	chr1	163321204	163321365	SINE/MIR	506	+	80	163321284	75772
chr1	57953272	58153272	harbor1	chr1	57960192	57960427	SINE/MIR	579	+	118	57960310	7038
chr1	57953272	58153272	harbor1	chr1	57960912	57961160	SINE/MIR	586	+	124	57961036	7764
chr1	57953272	58153272	harbor1	chr1	57962072	57962314	SINE/MIR	585	+	121	57962193	8921
chr1	57953272	58153272	harbor1	chr1	57965329	57965549	SINE/MIR	410	+	110	57965439	12167
chr1	57953272	58153272	harbor1	chr1	57971453	57971660	SINE/MIR	572	+	104	57971557	18285
chr1	57953272	58153272	harbor1	chr1	57979630	57979799	SINE/MIR	403	+	84	57979714	26442
chr1	57953272	58153272	harbor1	chr1	57981075	57981293	SINE/MIR	413	+	109	57981184	27912
chr1	57953272	58153272	harbor1	chr1	57988251	57988483	SINE/MIR	569	+	116	57988367	35095
chr1	57953272	58153272	harbor1	chr1	57989033	57989236	SINE/MIR	844	+	102	57989135	35863
chr1	57953272	58153272	harbor1	chr1	57994982	57995120	SINE/MIR	538	+	69	57995051	41779
chr1	57953272	58153272	harbor1	chr1	57995851	57995978	SINE/MIR	555	+	64	57995915	42643
chr1	57953272	58153272	harbor1	chr1	57996272	57996358	SINE/MIR	555	+	43	57996315	43043
chr1	57953272	58153272	harbor1	chr1	57998139	57998339	SINE/MIR	557	+	100	57998239	44967
chr1	57953272	58153272	harbor1	chr1	58002792	58003004	SINE/MIR	516	+	106	58002898	49626
chr1	57953272	58153272	harbor1	chr1	58003060	58003225	SINE/MIR	400	+	82	58003142	49870
chr1	57953272	58153272	harbor1	chr1	58006223	58006420	SINE/MIR	418	+	98	58006321	53049
chr1	57953272	58153272	harbor1	chr1	58018955	58019155	SINE/MIR	844	+	100	58019055	65783
chr1	57953272	58153272	harbor1	chr1	58024261	58024492	SINE/MIR	417	+	116	58024377	71105
chr1	57953272	58153272	harbor1	chr1	58027598	58027791	SINE/MIR	486	+	96	58027694	74422
chr1	57953272	58153272	harbor1	chr1	58032341	58032449	SINE/MIR	437	+	54	58032395	79123
chr1	57953272	58153272	harbor1	chr1	58039735	58039913	SINE/MIR	467	+	89	58039824	86552
chr1	57953272	58153272	harbor1	chr1	58046888	58047048	SINE/MIR	610	+	80	58046968	93696
chr1	57953272	58153272	harbor1	chr1	58049590	58049760	SINE/MIR	500	+	85	58049675	96403
chr1	63234272	63434272	harbor1	chr1	63277585	63277817	SINE/MIR	813	+	116	63277701	43429
chr1	63234272	63434272	harbor1	chr1	63281116	63281219	SINE/MIR	488	+	52	63281168	46896
chr1	63234272	63434272	harbor1	chr1	63299373	63299565	SINE/MIR	563	+	96	63299469	65197
chr1	63234272	63434272	harbor1	chr1	63306023	63306201	SINE/MIR	459	+	89	63306112	71840
chr1	63234272	63434272	harbor1	chr1	63309512	63309704	SINE/MIR	510	+	96	63309608	75336
chr1	63234272	63434272	harbor1	chr1	63332895	63333053	SINE/MIR	667	+	79	63332974	98702
chr1	20233635	20433635	harbor1	chr1	20243468	20243675	SINE/MIR	400	+	104	20243572	9937
chr1	20233635	20433635	harbor1	chr1	20255623	20255811	SINE/MIR	397	+	94	20255717	22082
chr1	20233635	20433635	harbor1	chr1	20257985	20258204	SINE/MIR	477	+	110	20258095	24460
chr1	20233635	20433635	harbor1	chr1	20258939	20259113	SINE/MIR	451	+	87	20259026	25391
chr1	20233635	20433635	harbor1	chr1	20260209	20260308	SINE/MIR	435	+	50	20260259	26624
chr1	20233635	20433635	harbor1	chr1	20261298	20261514	SINE/MIR	762	+	108	20261406	27771
chr1	20233635	20433635	harbor1	chr1	20263492	20263693	SINE/MIR	629	+	100	20263592	29957
chr1	20233635	20433635	harbor1	chr1	20264966	20265129	SINE/MIR	626	+	82	20265048	31413
chr1	20233635	20433635	harbor1	chr1	20274853	20275035	SINE/MIR	401	+	91	20274944	41309
chr1	20233635	20433635	harbor1	chr1	20277069	20277275	SINE/MIR	441	+	103	20277172	43537
chr1	20233635	20433635	harbor1	chr1	20288782	20289003	SINE/MIR	711	+	110	20288892	55257
chr1	20233635	20433635	harbor1	chr1	20289750	20289976	SINE/MIR	458	+	113	20289863	56228
chr1	20233635	20433635	harbor1	chr1	20289994	20290156	SINE/MIR	436	+	81	20290075	56440
chr1	20233635	20433635	harbor1	chr1	20298907	20299118	SINE/MIR	467	+	106	20299013	65378
chr1	20233635	20433635	harbor1	chr1	20300035	20300228	SINE/MIR	601	+	96	20300131	66496
chr1	20233635	20433635	harbor1	chr1	20300494	20300743	SINE/MIR	790	+	124	20300618	66983
chr1	20233635	20433635	harbor1	chr1	20304763	20304997	SINE/MIR	507	+	117	20304880	71245
chr1	20233635	20433635	harbor1	chr1	20310790	20310919	SINE/MIR	452	+	64	20310854	77219
chr1	20233635	20433635	harbor1	chr1	20313077	20313264	SINE/MIR	395	+	94	20313171	79536
chr1	20233635	20433635	harbor1	chr1	20314108	20314330	SINE/MIR	477	+	111	20314219	80584
chr1	20233635	20433635	harbor1	chr1	20316817	20316916	SINE/MIR	456	+	50	20316867	83232
chr1	20233635	20433635	harbor1	chr1	20317180	20317350	SINE/MIR	456	+	85	20317265	83630
chr1	20233635	20433635	harbor1	chr1	20327151	20327361	SINE/MIR	711	+	105	20327256	93621
chr1	20233635	20433635	harbor1	chr1	20332102	20332203	SINE/MIR	407	+	50	20332152	98517
chr1	20233635	20433635	harbor1	chr1	20332550	20332611	SINE/MIR	407	+	30	20332580	98945
chr1	176884080	177084080	harbor1	chr1	176888761	176889017	SINE/MIR	649	+	128	176888889	4809
chr1	176884080	177084080	harbor1	chr1	176900564	176900808	SINE/MIR	612	+	122	176900686	16606
chr1	176884080	177084080	harbor1	chr1	176908582	176908747	SINE/MIR	491	+	82	176908664	24584
chr1	176884080	177084080	harbor1	chr1	176926117	176926285	SINE/MIR	484	+	84	176926201	42121
chr1	176884080	177084080	harbor1	chr1	176948452	176948648	SINE/MIR	443	+	98	176948550	64470
chr1	176884080	177084080	harbor1	chr1	176968006	176968248	SINE/MIR	853	+	121	176968127	84047
chr1	176884080	177084080	harbor1	chr1	176947123	176947307	SINE/MIR	622	+	92	176947215	63135
chr1	243362060	243562060	harbor1	chr1	243362415	243362629	SINE/MIR	528	+	107	243362522	462
chr1	243362060	243562060	harbor1	chr1	243371283	243371515	SINE/MIR	675	+	116	243371399	9339
chr1	243362060	243562060	harbor1	chr1	243383265	243383441	SINE/MIR	545	+	88	243383353	21293
chr1	243362060	243562060	harbor1	chr1	243407217	243407467	SINE/MIR	764	+	125	243407342	45282
chr1	243362060	243562060	harbor1	chr1	243408645	243408845	SINE/MIR	731	+	100	243408745	46685
chr1	243362060	243562060	harbor1	chr1	243420125	243420377	SINE/MIR	649	+	126	243420251	58191
chr1	243362060	243562060	harbor1	chr1	243426979	243427183	SINE/MIR	488	+	102	243427081	65021
chr1	243362060	243562060	harbor1	chr1	243435189	243435428	SINE/MIR	420	+	120	243435309	73249
chr1	243362060	243562060	harbor1	chr1	243440025	243440208	SINE/MIR	557	+	92	243440117	78057
chr1	180386978	180586978	harbor1	chr1	180392478	180392676	SINE/MIR	512	+	99	180392577	5599
chr1	180386978	180586978	harbor1	chr1	180407664	180407848	SINE/MIR	464	+	92	180407756	20778
chr1	180386978	180586978	harbor1	chr1	180424165	180424355	SINE/MIR	714	+	95	180424260	37282
chr1	180386978	180586978	harbor1	chr1	180445024	180445182	SINE/MIR	411	+	79	180445103	58125
chr1	180386978	180586978	harbor1	chr1	180466779	180466895	SINE/MIR	526	+	58	180466837	79859
chr1	180386978	180586978	harbor1	chr1	180474478	180474660	SINE/MIR	503	+	91	180474569	87591
chr1	86515139	86715139	harbor1	chr1	86538476	86538713	SINE/MIR	692	+	118	86538594	23455
chr1	86515139	86715139	harbor1	chr1	86539249	86539435	SINE/MIR	589	+	93	86539342	24203
chr1	86515139	86715139	harbor1	chr1	86539960	86540043	SINE/MIR	400	+	42	86540002	24863
chr1	86515139	86715139	harbor1	chr1	86543687	86543914	SINE/MIR	766	+	114	86543801	28662
chr1	86515139	86715139	harbor1	chr1	86560418	86560623	SINE/MIR	545	+	102	86560520	45381
chr1	86515139	86715139	harbor1	chr1	86568128	86568333	SINE/MIR	520	+	102	86568230	53091
chr1	86515139	86715139	harbor1	chr1	86568883	86569021	SINE/MIR	422	+	69	86568952	53813
chr1	12327930	12527930	harbor1	chr1	12361004	12361221	SINE/MIR	861	+	108	12361112	33182
chr1	12327930	12527930	harbor1	chr1	12376864	12377046	SINE/MIR	700	+	91	12376955	49025
chr1	12327930	12527930	harbor1	chr1	12377360	12377427	SINE/MIR	700	+	34	12377394	49464
chr1	12327930	12527930	harbor1	chr1	12398847	12399018	SINE/MIR	498	+	86	12398933	71003
chr1	29824900	30024900	harbor1	chr1	29827690	29827916	SINE/MIR	686	+	113	29827803	2903
chr1	29824900	30024900	harbor1	chr1	29834188	29834385	SINE/MIR	642	+	98	29834286	9386
chr1	29824900	30024900	harbor1	chr1	29834655	29834922	SINE/MIR	962	+	134	29834789	9889
chr1	29824900	30024900	harbor1	chr1	29840241	29840403	SINE/MIR	619	+	81	29840322	15422
chr1	29824900	30024900	harbor1	chr1	29857290	29857413	SINE/MIR	454	+	62	29857352	32452
chr1	29824900	30024900	harbor1	chr1	29859817	29859995	SINE/MIR	569	+	89	29859906	35006
chr1	29824900	30024900	harbor1	chr1	29861831	29862031	SINE/MIR	730	+	100	29861931	37031
chr1	29824900	30024900	harbor1	chr1	29899855	29899990	SINE/MIR	441	+	68	29899923	75023
chr1	29824900	30024900	harbor1	chr1	29901013	29901259	SINE/MIR	626	+	123	29901136	76236
chr1	29824900	30024900	harbor1	chr1	29910486	29910607	SINE/MIR	421	+	60	29910546	85646
chr1	29824900	30024900	harbor1	chr1	29923681	29923889	SINE/MIR	436	+	104	29923785	98885
chr1	198909367	199109367	harbor1	chr1	198923870	198924063	SINE/MIR	428	+	96	198923966	14599
chr1	198909367	199109367	harbor1	chr1	199000656	199000862	SINE/MIR	409	+	103	199000759	91392
chr1	91339465	91539465	harbor1	chr1	91422029	91422246	SINE/MIR	606	+	108	91422137	82672
chr1	91339465	91539465	harbor1	chr1	91436315	91436564	SINE/MIR	582	+	124	91436439	96974
chr1	41310941	41510941	harbor1	chr1	41324464	41324586	SINE/MIR	395	+	61	41324525	13584
chr1	41310941	41510941	harbor1	chr1	41331699	41331920	SINE/MIR	1029	+	110	41331809	20868
chr1	41310941	41510941	harbor1	chr1	41340866	41341094	SINE/MIR	669	+	114	41340980	30039
chr1	41310941	41510941	harbor1	chr1	41342448	41342668	SINE/MIR	585	+	110	41342558	31617
chr1	41310941	41510941	harbor1	chr1	41355002	41355109	SINE/MIR	400	+	54	41355056	44115
chr1	41310941	41510941	harbor1	chr1	41372740	41372958	SINE/MIR	747	+	109	41372849	61908
chr1	41310941	41510941	harbor1	chr1	41374618	41374818	SINE/MIR	674	+	100	41374718	63777
chr1	41310941	41510941	harbor1	chr1	41378820	41378839	SINE/MIR	398	+	10	41378830	67889
chr1	41310941	41510941	harbor1	chr1	41379139	41379336	SINE/MIR	452	+	98	41379237	68296
chr1	41310941	41510941	harbor1	chr1	41384014	41384211	SINE/MIR	427	+	98	41384112	73171
chr1	41310941	41510941	harbor1	chr1	41390691	41390799	SINE/MIR	400	+	54	41390745	79804
chr1	41310941	41510941	harbor1	chr1	41399939	41400071	SINE/MIR	543	+	66	41400005	89064
chr1	41310941	41510941	harbor1	chr1	41400560	41400664	SINE/MIR	543	+	52	41400612	89671
chr1	41310941	41510941	harbor1	chr1	41407257	41407442	SINE/MIR	402	+	92	41407349	96408
chr1	19214228	19414228	harbor1	chr1	19233738	19233959	SINE/MIR	631	+	110	19233848	19620
chr1	19214228	19414228	harbor1	chr1	19237607	19237848	SINE/MIR	496	+	120	19237727	23499
chr1	19214228	19414228	harbor1	chr1	19308647	19308819	SINE/MIR	482	+	86	19308733	94505
chr1	161019032	161219032	harbor1	chr1	161046495	161046757	SINE/MIR	869	+	131	161046626	27594
chr1	161019032	161219032	harbor1	chr1	161050124	161050295	SINE/MIR	460	+	86	161050210	31178
chr1	161019032	161219032	harbor1	chr1	161050609	161050632	SINE/MIR	460	+	12	161050621	31589
chr1	161019032	161219032	harbor1	chr1	161050941	161050954	SINE/MIR	460	+	6	161050947	31915
chr1	161019032	161219032	harbor1	chr1	161070185	161070348	SINE/MIR	394	+	82	161070267	51235
chr1	161019032	161219032	harbor1	chr1	161087783	161087913	SINE/MIR	412	+	65	161087848	68816
chr1	161019032	161219032	harbor1	chr1	161104106	161104227	SINE/MIR	597	+	60	161104166	85134
chr1	161019032	161219032	harbor1	chr1	161111234	161111386	SINE/MIR	559	+	76	161111310	92278
chr1	161019032	161219032	harbor1	chr1	161111598	161111653	SINE/MIR	559	+	28	161111626	92594
chr1	161019032	161219032	harbor1	chr1	161112145	161112292	SINE/MIR	445	+	74	161112219	93187
chr1	161019032	161219032	harbor1	chr1	161103845	161103936	SINE/MIR	597	+	46	161103891	84859
chr1	93356745	93556745	harbor1	chr1	93415595	93415758	SINE/MIR	530	+	82	93415677	58932
chr1	81043063	81243063	harbor1	chr1	81071533	81071688	SINE/MIR	491	+	78	81071611	28548
chr1	81043063	81243063	harbor1	chr1	81126503	81126682	SINE/MIR	432	+	90	81126593	83530
chr1	81043063	81243063	harbor1	chr1	81132128	81132352	SINE/MIR	398	+	112	81132240	89177
chr1	167197897	167397897	harbor1	chr1	167214367	167214468	SINE/MIR	397	+	50	167214417	16520
chr1	167197897	167397897	harbor1	chr1	167218409	167218575	SINE/MIR	650	+	83	167218492	20595
chr1	167197897	167397897	harbor1	chr1	167282802	167283054	SINE/MIR	680	+	126	167282928	85031
chr1	167197897	167397897	harbor1	chr1	167285043	167285267	SINE/MIR	394	+	112	167285155	87258
chr1	64621335	64821335	harbor1	chr1	64624596	64624787	SINE/MIR	435	+	96	64624692	3357
chr1	64621335	64821335	harbor1	chr1	64642410	64642518	SINE/MIR	430	+	54	64642464	21129
chr1	64621335	64821335	harbor1	chr1	64643328	64643553	SINE/MIR	543	+	112	64643440	22105
chr1	64621335	64821335	harbor1	chr1	64648347	64648537	SINE/MIR	406	+	95	64648442	27107
chr1	64621335	64821335	harbor1	chr1	64668975	64669151	SINE/MIR	541	+	88	64669063	47728
chr1	64621335	64821335	harbor1	chr1	64717245	64717443	SINE/MIR	477	+	99	64717344	96009
chr1	21729520	21929520	harbor1	chr1	21802821	21802916	SINE/MIR	452	+	48	21802869	73349
chr1	21729520	21929520	harbor1	chr1	21804566	21804744	SINE/MIR	394	+	89	21804655	75135
chr1	21729520	21929520	harbor1	chr1	21820779	21820914	SINE/MIR	447	+	68	21820847	91327
chr1	21729520	21929520	harbor1	chr1	21821963	21822121	SINE/MIR	429	+	79	21822042	92522
chr1	20683133	20883133	harbor1	chr1	20689894	20690114	SINE/MIR	1001	+	110	20690004	6871
chr1	20683133	20883133	harbor1	chr1	20698163	20698258	SINE/MIR	422	+	48	20698211	15078
chr1	20683133	20883133	harbor1	chr1	20708597	20708829	SINE/MIR	777	+	116	20708713	25580
chr1	20683133	20883133	harbor1	chr1	20708935	20709108	SINE/MIR	643	+	86	20709021	25888
chr1	20683133	20883133	harbor1	chr1	20709403	20709429	SINE/MIR	643	+	13	20709416	26283
chr1	20683133	20883133	harbor1	chr1	20709989	20710189	SINE/MIR	582	+	100	20710089	26956
chr1	20683133	20883133	harbor1	chr1	20711009	20711218	SINE/MIR	494	+	104	20711113	27980
chr1	20683133	20883133	harbor1	chr1	20711782	20711954	SINE/MIR	529	+	86	20711868	28735
chr1	20683133	20883133	harbor1	chr1	20724969	20725161	SINE/MIR	526	+	96	20725065	41932
chr1	20683133	20883133	harbor1	chr1	20733138	20733345	SINE/MIR	422	+	104	20733242	50109
chr1	20683133	20883133	harbor1	chr1	20773921	20774151	SINE/MIR	433	+	115	20774036	90903
chr1	210239567	210439567	harbor1	chr1	210247821	210248046	SINE/MIR	804	+	112	210247933	8366
chr1	210239567	210439567	harbor1	chr1	210250319	210250514	SINE/MIR	629	+	98	210250417	10850
chr1	210239567	210439567	harbor1	chr1	210254694	210254901	SINE/MIR	618	+	104	210254798	15231
chr1	210239567	210439567	harbor1	chr1	210271061	210271127	SINE/MIR	434	+	33	210271094	31527
chr1	210239567	210439567	harbor1	chr1	210271276	210271322	SINE/MIR	434	+	23	210271299	31732
chr1	210239567	210439567	harbor1	chr1	210271445	210271507	SINE/MIR	434	+	31	210271476	31909
chr1	210239567	210439567	harbor1	chr1	210293676	210293870	SINE/MIR	561	+	97	210293773	54206
chr1	210239567	210439567	harbor1	chr1	210309835	210310006	SINE/MIR	484	+	86	210309921	70354
chr1	208585659	208785659	harbor1	chr1	208592826	208592944	SINE/MIR	406	+	59	208592885	7226
chr1	208585659	208785659	harbor1	chr1	208594603	208594796	SINE/MIR	455	+	96	208594699	9040
chr1	208585659	208785659	harbor1	chr1	208609734	208609982	SINE/MIR	466	+	124	208609858	24199
chr1	208585659	208785659	harbor1	chr1	208615093	208615294	SINE/MIR	437	+	100	208615193	29534
chr1	208585659	208785659	harbor1	chr1	208664839	208665052	SINE/MIR	438	+	106	208664945	79286
chr1	208585659	208785659	harbor1	chr1	208667948	208668067	SINE/MIR	414	+	60	208668008	82349
chr1	208585659	208785659	harbor1	chr1	208671425	208671671	SINE/MIR	647	+	123	208671548	85889
chr1	208585659	208785659	harbor1	chr1	208680279	208680461	SINE/MIR	431	+	91	208680370	94711
chr1	30310228	30510228	harbor1	chr1	30315447	30315556	SINE/MIR	406	+	54	30315501	5273
chr1	30310228	30510228	harbor1	chr1	30333081	30333257	SINE/MIR	496	+	88	30333169	22941
chr1	30310228	30510228	harbor1	chr1	30339783	30340013	SINE/MIR	604	+	115	30339898	29670
chr1	30310228	30510228	harbor1	chr1	30363412	30363573	SINE/MIR	516	+	80	30363492	53264
chr1	30310228	30510228	harbor1	chr1	30365890	30366131	SINE/MIR	916	+	120	30366010	55782
chr1	30310228	30510228	harbor1	chr1	30372879	30373017	SINE/MIR	515	+	69	30372948	62720
chr1	30310228	30510228	harbor1	chr1	30388406	30388597	SINE/MIR	484	+	96	30388502	78274
chr1	30310228	30510228	harbor1	chr1	30399613	30399830	SINE/MIR	646	+	108	30399721	89493
chr1	30310228	30510228	harbor1	chr1	30408527	30408563	SINE/MIR	527	+	18	30408545	98317
chr1	30310228	30510228	harbor1	chr1	30408861	30409007	SINE/MIR	527	+	73	30408934	98706
chr1	100433486	100633486	harbor1	chr1	100459204	100459447	SINE/MIR	516	+	122	100459326	25840
chr1	100433486	100633486	harbor1	chr1	100460008	100460201	SINE/MIR	531	+	96	100460104	26618
chr1	100433486	100633486	harbor1	chr1	100497715	100497935	SINE/MIR	847	+	110	100497825	64339
chr1	100433486	100633486	harbor1	chr1	100514556	100514767	SINE/MIR	710	+	106	100514662	81176
chr1	100433486	100633486	harbor1	chr1	100533282	100533414	SINE/MIR	578	+	66	100533348	99862
chr1	114064873	114264873	harbor1	chr1	114076671	114076885	SINE/MIR	645	+	107	114076778	11905
chr1	114064873	114264873	harbor1	chr1	114084182	114084368	SINE/MIR	537	+	93	114084275	19402
chr1	114064873	114264873	harbor1	chr1	114108389	114108580	SINE/MIR	660	+	96	114108485	43612
chr1	114064873	114264873	harbor1	chr1	114109390	114109650	SINE/MIR	640	+	130	114109520	44647
chr1	114064873	114264873	harbor1	chr1	114117729	114117866	SINE/MIR	462	+	68	114117797	52924
chr1	114064873	114264873	harbor1	chr1	114120604	114120771	SINE/MIR	539	+	84	114120688	55815
chr1	114064873	114264873	harbor1	chr1	114124843	114124984	SINE/MIR	408	+	70	114124913	60040
chr1	114064873	114264873	harbor1	chr1	114126096	114126264	SINE/MIR	424	+	84	114126180	61307
chr1	114064873	114264873	harbor1	chr1	114131992	114132187	SINE/MIR	412	+	98	114132090	67217
chr1	114064873	114264873	harbor1	chr1	114138218	114138310	SINE/MIR	398	+	46	114138264	73391
chr1	114064873	114264873	harbor1	chr1	114138504	114138724	SINE/MIR	808	+	110	114138614	73741
chr1	114064873	114264873	harbor1	chr1	114146745	114146973	SINE/MIR	707	+	114	114146859	81986
chr1	114064873	114264873	harbor1	chr1	114147691	114147874	SINE/MIR	569	+	92	114147783	82910
chr1	114064873	114264873	harbor1	chr1	114154062	114154245	SINE/MIR	445	+	92	114154154	89281
chr1	114064873	114264873	harbor1	chr1	114158401	114158639	SINE/MIR	701	+	119	114158520	93647
chr1	114064873	114264873	harbor1	chr1	114163510	114163718	SINE/MIR	768	+	104	114163614	98741
chr1	75520638	75720638	harbor1	chr1	75532244	75532457	SINE/MIR	590	+	106	75532350	11712
chr1	75520638	75720638	harbor1	chr1	75550904	75551081	SINE/MIR	557	+	88	75550992	30354
chr1	75520638	75720638	harbor1	chr1	75565638	75565836	SINE/MIR	587	+	99	75565737	45099
chr1	75520638	75720638	harbor1	chr1	75576759	75576922	SINE/MIR	481	+	82	75576841	56203
chr1	75520638	75720638	harbor1	chr1	75585008	75585181	SINE/MIR	439	+	86	75585094	64456
chr1	75520638	75720638	harbor1	chr1	75589212	75589394	SINE/MIR	493	+	91	75589303	68665
chr1	75520638	75720638	harbor1	chr1	75617350	75617514	SINE/MIR	474	+	82	75617432	96794
chr1	101073825	101273825	harbor1	chr1	101102882	101103110	SINE/MIR	769	+	114	101102996	29171
chr1	101073825	101273825	harbor1	chr1	101117474	101117645	SINE/MIR	425	+	86	101117560	43735
chr1	101073825	101273825	harbor1	chr1	101138162	101138384	SINE/MIR	472	+	111	101138273	64448
chr1	101073825	101273825	harbor1	chr1	101165668	101165797	SINE/MIR	490	+	64	101165732	91907
chr1	186798454	186998454	harbor1	chr1	186866353	186866559	SINE/MIR	441	+	103	186866456	68002
chr1	186798454	186998454	harbor1	chr1	186879483	186879660	SINE/MIR	729	+	88	186879571	81117
chr1	186798454	186998454	harbor1	chr1	186882022	186882151	SINE/MIR	401	+	64	186882086	83632
chr1	186798454	186998454	harbor1	chr1	186889896	186890139	SINE/MIR	622	+	122	186890018	91564
chr1	186798454	186998454	harbor1	chr1	186895781	186895957	SINE/MIR	504	+	88	186895869	97415
chr1	186798454	186998454	harbor1	chr1	186843105	186843260	SINE/MIR	422	+	78	186843183	44729
chr1	85034057	85234057	harbor1	chr1	85045840	85046036	SINE/MIR	629	+	98	85045938	11881
chr1	85034057	85234057	harbor1	chr1	85070374	85070547	SINE/MIR	808	+	86	85070460	36403
chr1	85034057	85234057	harbor1	chr1	85070765	85070861	SINE/MIR	808	+	48	85070813	36756
chr1	85034057	85234057	harbor1	chr1	85076844	85077084	SINE/MIR	665	+	120	85076964	42907
chr1	85034057	85234057	harbor1	chr1	85078166	85078394	SINE/MIR	744	+	114	85078280	44223
chr1	85034057	85234057	harbor1	chr1	85115036	85115304	SINE/MIR	469	+	134	85115170	81113
chr1	85034057	85234057	harbor1	chr1	85115308	85115494	SINE/MIR	711	+	93	85115401	81344
chr1	85034057	85234057	harbor1	chr1	85130424	85130584	SINE/MIR	578	+	80	85130504	96447
chr1	84880410	85080410	harbor1	chr1	84881212	84881467	SINE/MIR	465	+	128	84881340	930
chr1	84880410	85080410	harbor1	chr1	84882915	84883005	SINE/MIR	396	+	45	84882960	2550
chr1	84880410	85080410	harbor1	chr1	84911490	84911622	SINE/MIR	500	+	66	84911556	31146
chr1	84880410	85080410	harbor1	chr1	84936010	84936097	SINE/MIR	433	+	44	84936054	55644
chr1	84880410	85080410	harbor1	chr1	84942311	84942542	SINE/MIR	843	+	116	84942427	62017
chr1	84880410	85080410	harbor1	chr1	84963058	84963295	SINE/MIR	1034	+	118	84963176	82766
chr1	143779381	143979381	harbor1	chr1	143816901	143817131	SINE/MIR	467	+	115	143817016	37635
chr1	143779381	143979381	harbor1	chr1	143835685	143835783	SINE/MIR	414	+	49	143835734	56353
chr1	143779381	143979381	harbor1	chr1	143872942	143873128	SINE/MIR	582	+	93	143873035	93654
chr1	183261703	183461703	harbor1	chr1	183285661	183285859	SINE/MIR	593	+	99	183285760	24057
chr1	183261703	183461703	harbor1	chr1	183285901	183286005	SINE/MIR	402	+	52	183285953	24250
chr1	183261703	183461703	harbor1	chr1	183286957	183287183	SINE/MIR	478	+	113	183287070	25367
chr1	183261703	183461703	harbor1	chr1	183290398	183290619	SINE/MIR	827	+	110	183290508	28805
chr1	183261703	183461703	harbor1	chr1	183306783	183306963	SINE/MIR	400	+	90	183306873	45170
chr1	183261703	183461703	harbor1	chr1	183312696	183312840	SINE/MIR	595	+	72	183312768	51065
chr1	183261703	183461703	harbor1	chr1	183330052	183330283	SINE/MIR	1130	+	116	183330168	68465
chr1	183261703	183461703	harbor1	chr1	183338401	183338596	SINE/MIR	412	+	98	183338499	76796
chr1	183261703	183461703	harbor1	chr1	183347466	183347604	SINE/MIR	459	+	69	183347535	85832
chr1	183261703	183461703	harbor1	chr1	183361340	183361552	SINE/MIR	668	+	106	183361446	99743
chr1	57200868	57400868	harbor1	chr1	57204528	57204754	SINE/MIR	435	+	113	57204641	3773
chr1	57200868	57400868	harbor1	chr1	57209928	57210132	SINE/MIR	687	+	102	57210030	9162
chr1	57200868	57400868	harbor1	chr1	57211429	57211681	SINE/MIR	439	+	126	57211555	10687
chr1	57200868	57400868	harbor1	chr1	57216128	57216361	SINE/MIR	412	+	116	57216244	15376
chr1	57200868	57400868	harbor1	chr1	57223895	57224020	SINE/MIR	423	+	62	57223957	23089
chr1	57200868	57400868	harbor1	chr1	57230562	57230623	SINE/MIR	538	+	30	57230592	29724
chr1	57200868	57400868	harbor1	chr1	57230828	57231020	SINE/MIR	538	+	96	57230924	30056
chr1	57200868	57400868	harbor1	chr1	57260862	57261095	SINE/MIR	774	+	116	57260978	60110
chr1	57200868	57400868	harbor1	chr1	57263027	57263120	SINE/MIR	637	+	46	57263073	62205
chr1	57200868	57400868	harbor1	chr1	57263419	57263525	SINE/MIR	637	+	53	57263472	62604
chr1	57200868	57400868	harbor1	chr1	57277199	57277346	SINE/MIR	415	+	74	57277273	76405
chr1	57200868	57400868	harbor1	chr1	57278122	57278297	SINE/MIR	522	+	88	57278210	77342
chr1	57200868	57400868	harbor1	chr1	57280027	57280213	SINE/MIR	483	+	93	57280120	79252
chr1	57200868	57400868	harbor1	chr1	57293344	57293543	SINE/MIR	712	+	100	57293444	92576
chr1	213370308	213570308	harbor1	chr1	213378270	213378422	SINE/MIR	443	+	76	213378346	8038
chr1	213370308	213570308	harbor1	chr1	213379066	213379159	SINE/MIR	405	+	46	213379112	8804
chr1	213370308	213570308	harbor1	chr1	213385864	213385968	SINE/MIR	544	+	52	213385916	15608
chr1	213370308	213570308	harbor1	chr1	213386380	213386485	SINE/MIR	544	+	52	213386432	16124
chr1	213370308	213570308	harbor1	chr1	213391557	213391784	SINE/MIR	505	+	114	213391671	21363
chr1	213370308	213570308	harbor1	chr1	213396116	213396349	SINE/MIR	405	+	116	213396232	25924
chr1	213370308	213570308	harbor1	chr1	213442420	213442655	SINE/MIR	556	+	118	213442538	72230
chr1	213370308	213570308	harbor1	chr1	213450039	213450208	SINE/MIR	585	+	84	213450123	79815
chr1	213370308	213570308	harbor1	chr1	213465689	213465862	SINE/MIR	395	+	86	213465775	95467
chr1	151380398	151580398	harbor1	chr1	151382260	151382500	SINE/MIR	898	+	120	151382380	1982
chr1	151380398	151580398	harbor1	chr1	151384898	151385133	SINE/MIR	962	+	118	151385016	4618
chr1	177386307	177586307	harbor1	chr1	177413460	177413619	SINE/MIR	480	+	80	177413540	27233
chr1	177386307	177586307	harbor1	chr1	177442251	177442458	SINE/MIR	561	+	104	177442355	56048
chr1	177386307	177586307	harbor1	chr1	177464526	177464715	SINE/MIR	626	+	94	177464620	78313
chr1	177386307	177586307	harbor1	chr1	177475817	177476039	SINE/MIR	460	+	111	177475928	89621
chr1	5715142	5915142	harbor1	chr1	5747922	5748140	SINE/MIR	613	+	109	5748031	32889
chr1	5715142	5915142	harbor1	chr1	5754970	5755187	SINE/MIR	633	+	108	5755078	39936
chr1	5715142	5915142	harbor1	chr1	5765180	5765361	SINE/MIR	432	+	90	5765270	50128
chr1	5715142	5915142	harbor1	chr1	5771871	5772130	SINE/MIR	833	+	130	5772001	56859
chr1	5715142	5915142	harbor1	chr1	5802388	5802633	SINE/MIR	963	+	122	5802510	87368
chr1	5715142	5915142	harbor1	chr1	5813020	5813244	SINE/MIR	584	+	112	5813132	97990
chr1	169640374	169840374	harbor1	chr1	169674809	169675037	SINE/MIR	982	+	114	169674923	34549
chr1	169640374	169840374	harbor1	chr1	169693378	169693613	SINE/MIR	570	+	118	169693496	53122
chr1	169640374	169840374	harbor1	chr1	169697487	169697723	SINE/MIR	436	+	118	169697605	57231
chr1	169640374	169840374	harbor1	chr1	169704771	169705022	SINE/MIR	652	+	126	169704897	64523
chr1	169640374	169840374	harbor1	chr1	169724963	169725102	SINE/MIR	694	+	70	169725033	84659
chr1	74821167	75021167	harbor1	chr1	74822247	74822430	SINE/MIR	819	+	92	74822339	1172
chr1	74821167	75021167	harbor1	chr1	74824569	74824679	SINE/MIR	424	+	55	74824624	3457
chr1	111776442	111976442	harbor1	chr1	111788717	111788880	SINE/MIR	545	+	82	111788799	12357
chr1	111776442	111976442	harbor1	chr1	111790123	111790335	SINE/MIR	569	+	106	111790229	13787
chr1	111776442	111976442	harbor1	chr1	111792542	111792786	SINE/MIR	873	+	122	111792664	16222
chr1	111776442	111976442	harbor1	chr1	111801951	111802149	SINE/MIR	680	+	99	111802050	25608
chr1	111776442	111976442	harbor1	chr1	111802399	111802557	SINE/MIR	515	+	79	111802478	26036
chr1	111776442	111976442	harbor1	chr1	111846498	111846616	SINE/MIR	395	+	59	111846557	70115
chr1	111776442	111976442	harbor1	chr1	111848651	111848812	SINE/MIR	415	+	80	111848731	72289
chr1	111776442	111976442	harbor1	chr1	111853801	111853923	SINE/MIR	396	+	61	111853862	77420
chr1	111776442	111976442	harbor1	chr1	111862605	111862816	SINE/MIR	800	+	106	111862711	86269
chr1	111776442	111976442	harbor1	chr1	111867008	111867182	SINE/MIR	679	+	87	111867095	90653
chr1	111776442	111976442	harbor1	chr1	111867835	111868081	SINE/MIR	736	+	123	111867958	91516
chr1	182483020	182683020	harbor1	chr1	182489657	182489909	SINE/MIR	621	+	126	182489783	6763
chr1	182483020	182683020	harbor1	chr1	182532407	182532628	SINE/MIR	542	+	110	182532517	49497
chr1	182483020	182683020	harbor1	chr1	182533571	182533757	SINE/MIR	580	+	93	182533664	50644
chr1	182483020	182683020	harbor1	chr1	182560842	182561023	SINE/MIR	402	+	90	182560932	77912
chr1	182483020	182683020	harbor1	chr1	182573918	182574152	SINE/MIR	531	+	117	182574035	91015
chr1	182483020	182683020	harbor1	chr1	182574971	182575102	SINE/MIR	469	+	66	182575037	92017
chr1	182483020	182683020	harbor1	chr1	182579894	182580099	SINE/MIR	590	+	102	182579996	96976
chr1	215877363	216077363	harbor1	chr1	215884400	215884581	SINE/MIR	717	+	90	215884490	7127
chr1	215877363	216077363	harbor1	chr1	215910351	215910551	SINE/MIR	571	+	100	215910451	33088
chr1	215877363	216077363	harbor1	chr1	215921658	215921890	SINE/MIR	547	+	116	215921774	44411
chr1	215877363	216077363	harbor1	chr1	215936350	215936589	SINE/MIR	633	+	120	215936470	59107
chr1	200599653	200799653	harbor1	chr1	200614515	200614712	SINE/MIR	647	+	98	200614613	14960
chr1	200599653	200799653	harbor1	chr1	200629320	200629526	SINE/MIR	915	+	103	200629423	29770
chr1	200599653	200799653	harbor1	chr1	200631428	200631638	SINE/MIR	795	+	105	200631533	31880
chr1	200599653	200799653	harbor1	chr1	200632983	200633174	SINE/MIR	603	+	96	200633079	33426
chr1	200599653	200799653	harbor1	chr1	200633481	200633534	SINE/MIR	603	+	26	200633507	33854
chr1	200599653	200799653	harbor1	chr1	200663495	200663743	SINE/MIR	555	+	124	200663619	63966
chr1	62586261	62786261	harbor1	chr1	62598918	62599100	SINE/MIR	620	+	91	62599009	12748
chr1	62586261	62786261	harbor1	chr1	62609435	62609568	SINE/MIR	463	+	66	62609501	23240
chr1	62586261	62786261	harbor1	chr1	62618322	62618565	SINE/MIR	482	+	122	62618444	32183
chr1	62586261	62786261	harbor1	chr1	62652389	62652601	SINE/MIR	529	+	106	62652495	66234
chr1	18277025	18477025	harbor1	chr1	18313354	18313576	SINE/MIR	813	+	111	18313465	36440
chr1	18277025	18477025	harbor1	chr1	18316679	18316879	SINE/MIR	704	+	100	18316779	39754
chr1	18277025	18477025	harbor1	chr1	18320730	18320880	SINE/MIR	494	+	75	18320805	43780
chr1	18277025	18477025	harbor1	chr1	18321423	18321451	SINE/MIR	561	+	14	18321437	44412
chr1	18277025	18477025	harbor1	chr1	18321804	18321977	SINE/MIR	561	+	86	18321890	44865
chr1	18277025	18477025	harbor1	chr1	18337230	18337373	SINE/MIR	483	+	72	18337302	60277
chr1	18277025	18477025	harbor1	chr1	18359909	18360107	SINE/MIR	730	+	99	18360008	82983
chr1	18277025	18477025	harbor1	chr1	18375696	18375862	SINE/MIR	438	+	83	18375779	98754
chr1	73772867	73972867	harbor1	chr1	73788010	73788167	SINE/MIR	674	+	78	73788088	15221
chr1	73772867	73972867	harbor1	chr1	73796800	73797025	SINE/MIR	732	+	112	73796912	24045
chr1	73772867	73972867	harbor1	chr1	73799588	73799796	SINE/MIR	639	+	104	73799692	26825
chr1	73772867	73972867	harbor1	chr1	73815103	73815256	SINE/MIR	519	+	76	73815179	42312
chr1	73772867	73972867	harbor1	chr1	73849808	73849972	SINE/MIR	452	+	82	73849890	77023
chr1	105994443	106194443	harbor1	chr1	106064633	106064844	SINE/MIR	412	+	106	106064739	70296
chr1	105994443	106194443	harbor1	chr1	106085285	106085476	SINE/MIR	474	+	96	106085381	90938
chr1	56106842	56306842	harbor1	chr1	56125738	56125971	SINE/MIR	481	+	116	56125854	19012
chr1	56106842	56306842	harbor1	chr1	56140300	56140386	SINE/MIR	414	+	43	56140343	33501
chr1	56106842	56306842	harbor1	chr1	56148046	56148229	SINE/MIR	487	+	92	56148138	41296
chr1	56106842	56306842	harbor1	chr1	56161480	56161728	SINE/MIR	557	+	124	56161604	54762
chr1	56106842	56306842	harbor1	chr1	56174967	56175184	SINE/MIR	732	+	108	56175075	68233
chr1	56106842	56306842	harbor1	chr1	56187886	56188102	SINE/MIR	458	+	108	56187994	81152
chr1	56106842	56306842	harbor1	chr1	56190864	56191090	SINE/MIR	799	+	113	56190977	84135
chr1	56106842	56306842	harbor1	chr1	56191378	56191577	SINE/MIR	566	+	100	56191478	84636
chr1	56106842	56306842	harbor1	chr1	56194257	56194324	SINE/MIR	590	+	34	56194291	87449
chr1	56106842	56306842	harbor1	chr1	56194533	56194713	SINE/MIR	590	+	90	56194623	87781
chr1	56106842	56306842	harbor1	chr1	56197423	56197555	SINE/MIR	457	+	66	56197489	90647
chr1	56106842	56306842	harbor1	chr1	56205032	56205248	SINE/MIR	403	+	108	56205140	98298
chr1	8176042	8376042	harbor1	chr1	8183385	8183593	SINE/MIR	613	+	104	8183489	7447
chr1	8176042	8376042	harbor1	chr1	8198128	8198365	SINE/MIR	543	+	118	8198246	22204
chr1	8176042	8376042	harbor1	chr1	8252599	8252717	SINE/MIR	435	+	59	8252658	76616
chr1	8176042	8376042	harbor1	chr1	8264037	8264201	SINE/MIR	418	+	82	8264119	88077
chr1	89545136	89745136	harbor1	chr1	89606789	89606921	SINE/MIR	431	+	66	89606855	61719
chr1	89545136	89745136	harbor1	chr1	89607768	89607927	SINE/MIR	450	+	80	89607848	62712
chr1	89545136	89745136	harbor1	chr1	89608039	89608272	SINE/MIR	707	+	116	89608155	63019
chr1	89545136	89745136	harbor1	chr1	89611054	89611271	SINE/MIR	603	+	108	89611162	66026
chr1	89545136	89745136	harbor1	chr1	89622149	89622335	SINE/MIR	795	+	93	89622242	77106
chr1	89545136	89745136	harbor1	chr1	89622633	89622693	SINE/MIR	795	+	30	89622663	77527
chr1	89545136	89745136	harbor1	chr1	89627648	89627850	SINE/MIR	650	+	101	89627749	82613
chr1	89545136	89745136	harbor1	chr1	89636015	89636237	SINE/MIR	580	+	111	89636126	90990
chr1	35528163	35728163	harbor1	chr1	35535435	35535676	SINE/MIR	715	+	120	35535555	7392
chr1	35528163	35728163	harbor1	chr1	35552391	35552639	SINE/MIR	901	+	124	35552515	24352
chr1	35528163	35728163	harbor1	chr1	35572048	35572261	SINE/MIR	812	+	106	35572154	43991
chr1	35528163	35728163	harbor1	chr1	35586891	35587126	SINE/MIR	695	+	118	35587009	58846
chr1	35528163	35728163	harbor1	chr1	35588111	35588294	SINE/MIR	436	+	92	35588203	60040
chr1	35528163	35728163	harbor1	chr1	35593813	35593995	SINE/MIR	446	+	91	35593904	65741
chr1	35528163	35728163	harbor1	chr1	35594180	35594327	SINE/MIR	434	+	74	35594254	66091
chr1	35528163	35728163	harbor1	chr1	35614960	35615088	SINE/MIR	472	+	64	35615024	86861
chr1	201697635	201897635	harbor1	chr1	201702745	201702967	SINE/MIR	918	+	111	201702856	5221
chr1	201697635	201897635	harbor1	chr1	201710675	201710842	SINE/MIR	717	+	84	201710759	13124
chr1	201697635	201897635	harbor1	chr1	201720585	201720788	SINE/MIR	810	+	102	201720687	23052
chr1	201697635	201897635	harbor1	chr1	201726136	201726340	SINE/MIR	505	+	102	201726238	28603
chr1	201697635	201897635	harbor1	chr1	201726930	201727116	SINE/MIR	590	+	93	201727023	29388
chr1	201697635	201897635	harbor1	chr1	201735274	201735390	SINE/MIR	498	+	58	201735332	37697
chr1	201697635	201897635	harbor1	chr1	201743363	201743590	SINE/MIR	542	+	114	201743477	45842
chr1	201697635	201897635	harbor1	chr1	201758833	201759095	SINE/MIR	398	+	131	201758964	61329
chr1	211077993	211277993	harbor1	chr1	211135182	211135325	SINE/MIR	416	+	72	211135254	57261
chr1	211077993	211277993	harbor1	chr1	211170742	211170863	SINE/MIR	466	+	60	211170802	92809
chr1	79018502	79218502	harbor1	chr1	79034888	79035089	SINE/MIR	545	+	100	79034988	16486
chr1	79018502	79218502	harbor1	chr1	79090856	79091069	SINE/MIR	857	+	106	79090962	72460
chr1	113898330	114098330	harbor1	chr1	113899441	113899629	SINE/MIR	396	+	94	113899535	1205
chr1	113898330	114098330	harbor1	chr1	113916648	113916874	SINE/MIR	607	+	113	113916761	18431
chr1	113898330	114098330	harbor1	chr1	113950462	113950509	SINE/MIR	935	+	24	113950486	52156
chr1	113898330	114098330	harbor1	chr1	113950802	113950896	SINE/MIR	935	+	47	113950849	52519
chr1	113898330	114098330	harbor1	chr1	113951066	113951177	SINE/MIR	935	+	56	113951122	52792
chr1	113898330	114098330	harbor1	chr1	113951320	113951461	SINE/MIR	611	+	70	113951390	53060
chr1	113898330	114098330	harbor1	chr1	113969276	113969515	SINE/MIR	932	+	120	113969396	71066
chr1	113898330	114098330	harbor1	chr1	113987032	113987211	SINE/MIR	440	+	90	113987122	88792
chr1	113898330	114098330	harbor1	chr1	113988127	113988362	SINE/MIR	963	+	118	113988245	89915
chr1	113898330	114098330	harbor1	chr1	113991745	113991940	SINE/MIR	479	+	98	113991843	93513
chr1	37338604	37538604	harbor1	chr1	37343365	37343541	SINE/MIR	452	+	88	37343453	4849
chr1	37338604	37538604	harbor1	chr1	37352781	37352942	SINE/MIR	576	+	80	37352861	14257
chr1	37338604	37538604	harbor1	chr1	37360801	37360989	SINE/MIR	412	+	94	37360895	22291
chr1	37338604	37538604	harbor1	chr1	37373202	37373369	SINE/MIR	456	+	84	37373286	34682
chr1	37338604	37538604	harbor1	chr1	37393080	37393325	SINE/MIR	959	+	122	37393202	54598
chr1	37338604	37538604	harbor1	chr1	37394305	37394525	SINE/MIR	658	+	110	37394415	55811
chr1	37338604	37538604	harbor1	chr1	37397942	37398107	SINE/MIR	439	+	82	37398024	59420
chr1	37338604	37538604	harbor1	chr1	37399527	37399770	SINE/MIR	874	+	122	37399649	61045
chr1	37338604	37538604	harbor1	chr1	37403978	37404094	SINE/MIR	467	+	58	37404036	65432
chr1	37338604	37538604	harbor1	chr1	37408507	37408726	SINE/MIR	762	+	110	37408617	70013
chr1	37338604	37538604	harbor1	chr1	37410013	37410162	SINE/MIR	553	+	74	37410087	71483
chr1	37338604	37538604	harbor1	chr1	37422152	37422338	SINE/MIR	546	+	93	37422245	83641
chr1	37338604	37538604	harbor1	chr1	37428896	37429098	SINE/MIR	496	+	101	37428997	90393
chr1	37338604	37538604	harbor1	chr1	37436866	37437061	SINE/MIR	597	+	98	37436964	98360
chr1	1820966	2020966	harbor1	chr1	1835228	1835476	SINE/MIR	595	+	124	1835352	14386
chr1	240566678	240766678	harbor1	chr1	240579380	240579535	SINE/MIR	418	+	78	240579458	12780
chr1	240566678	240766678	harbor1	chr1	240580939	240580969	SINE/MIR	402	+	15	240580954	14276
chr1	240566678	240766678	harbor1	chr1	240581267	240581466	SINE/MIR	402	+	100	240581367	14689
chr1	240566678	240766678	harbor1	chr1	240593341	240593621	SINE/MIR	537	+	140	240593481	26803
chr1	240566678	240766678	harbor1	chr1	240595643	240595833	SINE/MIR	487	+	95	240595738	29060
chr1	240566678	240766678	harbor1	chr1	240601436	240601624	SINE/MIR	441	+	94	240601530	34852
chr1	240566678	240766678	harbor1	chr1	240601932	240601981	SINE/MIR	441	+	24	240601956	35278
chr1	240566678	240766678	harbor1	chr1	240634195	240634369	SINE/MIR	626	+	87	240634282	67604
chr1	240566678	240766678	harbor1	chr1	240637317	240637553	SINE/MIR	608	+	118	240637435	70757
chr1	240566678	240766678	harbor1	chr1	240645609	240645754	SINE/MIR	411	+	72	240645681	79003
chr1	240566678	240766678	harbor1	chr1	240646360	240646401	SINE/MIR	411	+	20	240646380	79702
chr1	240566678	240766678	harbor1	chr1	240656399	240656556	SINE/MIR	440	+	78	240656477	89799
chr1	240566678	240766678	harbor1	chr1	240663457	240663613	SINE/MIR	522	+	78	240663535	96857
chr1	180571269	180771269	harbor1	chr1	180600048	180600295	SINE/MIR	504	+	124	180600172	28903
chr1	180571269	180771269	harbor1	chr1	180616155	180616339	SINE/MIR	594	+	92	180616247	44978
chr1	180571269	180771269	harbor1	chr1	180627604	180627860	SINE/MIR	996	+	128	180627732	56463
chr1	180571269	180771269	harbor1	chr1	180641069	180641283	SINE/MIR	1222	+	107	180641176	69907
chr1	180571269	180771269	harbor1	chr1	180650712	180650935	SINE/MIR	448	+	112	180650824	79555
chr1	226469013	226669013	harbor1	chr1	226471813	226472015	SINE/MIR	847	+	101	226471914	2901
chr1	226469013	226669013	harbor1	chr1	226475308	226475453	SINE/MIR	544	+	72	226475380	6367
chr1	226469013	226669013	harbor1	chr1	226495182	226495400	SINE/MIR	595	+	109	226495291	26278
chr1	226469013	226669013	harbor1	chr1	226531868	226532003	SINE/MIR	596	+	68	226531936	62923
chr1	226469013	226669013	harbor1	chr1	226546740	226546993	SINE/MIR	1038	+	126	226546866	77853
chr1	226469013	226669013	harbor1	chr1	226556598	226556806	SINE/MIR	578	+	104	226556702	87689
chr1	85292850	85492850	harbor1	chr1	85304781	85304889	SINE/MIR	440	+	54	85304835	11985
chr1	85292850	85492850	harbor1	chr1	85322533	85322780	SINE/MIR	590	+	124	85322657	29807
chr1	85292850	85492850	harbor1	chr1	85327586	85327850	SINE/MIR	815	+	132	85327718	34868
chr1	85292850	85492850	harbor1	chr1	85362570	85362778	SINE/MIR	759	+	104	85362674	69824
chr1	85292850	85492850	harbor1	chr1	85388169	85388320	SINE/MIR	542	+	76	85388245	95395
chr1	85292850	85492850	harbor1	chr1	85388912	85389051	SINE/MIR	421	+	70	85388982	96132
chr1	243644433	243844433	harbor1	chr1	243644361	243644590	SINE/MIR	516	+	114	243644475	42
chr1	243644433	243844433	harbor1	chr1	243683051	243683287	SINE/MIR	665	+	118	243683169	38736
chr1	243644433	243844433	harbor1	chr1	243702318	243702547	SINE/MIR	620	+	114	243702432	57999
chr1	243644433	243844433	harbor1	chr1	243706903	243707124	SINE/MIR	774	+	110	243707013	62580
chr1	243644433	243844433	harbor1	chr1	243731726	243731904	SINE/MIR	477	+	89	243731815	87382
chr1	243644433	243844433	harbor1	chr1	243736069	243736321	SINE/MIR	669	+	126	243736195	91762
chr1	243644433	243844433	harbor1	chr1	243737176	243737357	SINE/MIR	829	+	90	243737266	92833
chr2	61372449	61572449	harbor1	chr2	61463852	61464048	SINE/MIR	425	+	98	61463950	91501
chr2	77655199	77855199	harbor1	chr2	77685333	77685567	SINE/MIR	533	+	117	77685450	30251
chr2	77655199	77855199	harbor1	chr2	77733708	77733869	SINE/MIR	477	+	80	77733788	78589
chr2	77655199	77855199	harbor1	chr2	77735320	77735407	SINE/MIR	477	+	44	77735364	80165
chr2	227169988	227369988	harbor1	chr2	227204111	227204299	SINE/MIR	641	+	94	227204205	34217
chr2	227169988	227369988	harbor1	chr2	227209981	227210114	SINE/MIR	445	+	66	227210047	40059
chr2	227169988	227369988	harbor1	chr2	227227576	227227773	SINE/MIR	437	+	98	227227674	57686
chr2	46424731	46624731	harbor1	chr2	46438935	46439166	SINE/MIR	575	+	116	46439051	14320
chr2	46424731	46624731	harbor1	chr2	46462265	46462486	SINE/MIR	564	+	110	46462375	37644
chr2	46424731	46624731	harbor1	chr2	46467692	46467885	SINE/MIR	718	+	96	46467788	43057
chr2	46424731	46624731	harbor1	chr2	46469186	46469427	SINE/MIR	466	+	120	46469306	44575
chr2	46424731	46624731	harbor1	chr2	46481472	46481688	SINE/MIR	785	+	108	46481580	56849
chr2	46424731	46624731	harbor1	chr2	46519537	46519762	SINE/MIR	787	+	112	46519649	94918
chr2	167134294	167334294	harbor1	chr2	167182591	167182803	SINE/MIR	570	+	106	167182697	48403
chr2	167134294	167334294	harbor1	chr2	167194666	167194904	SINE/MIR	961	+	119	167194785	60491
chr2	167134294	167334294	harbor1	chr2	167201869	167202051	SINE/MIR	446	+	91	167201960	67666
chr2	167134294	167334294	harbor1	chr2	167204450	167204661	SINE/MIR	535	+	106	167204556	70262
chr2	167134294	167334294	harbor1	chr2	167210986	167211097	SINE/MIR	588	+	56	167211042	76748
chr2	167134294	167334294	harbor1	chr2	167211395	167211542	SINE/MIR	588	+	74	167211469	77175
chr2	167134294	167334294	harbor1	chr2	167220251	167220500	SINE/MIR	957	+	124	167220375	86081
chr2	46774189	46974189	harbor1	chr2	46802964	46803131	SINE/MIR	428	+	84	46803048	28859
chr2	46774189	46974189	harbor1	chr2	46813515	46813713	SINE/MIR	524	+	99	46813614	39425
chr2	46774189	46974189	harbor1	chr2	46815225	46815401	SINE/MIR	415	+	88	46815313	41124
chr2	46774189	46974189	harbor1	chr2	46821890	46822081	SINE/MIR	601	+	96	46821986	47797
chr2	46774189	46974189	harbor1	chr2	46867670	46867827	SINE/MIR	463	+	78	46867748	93559
chr2	46774189	46974189	harbor1	chr2	46869914	46870123	SINE/MIR	602	+	104	46870018	95829
chr2	21985456	22185456	harbor1	chr2	21995139	21995374	SINE/MIR	475	+	118	21995257	9801
chr2	21985456	22185456	harbor1	chr2	22018823	22019027	SINE/MIR	412	+	102	22018925	33469
chr2	21985456	22185456	harbor1	chr2	22023697	22023879	SINE/MIR	487	+	91	22023788	38332
chr2	21985456	22185456	harbor1	chr2	22053425	22053670	SINE/MIR	601	+	122	22053547	68091
chr2	21985456	22185456	harbor1	chr2	22054038	22054065	SINE/MIR	601	+	14	22054052	68596
chr2	51912419	52112419	harbor1	chr2	51974503	51974746	SINE/MIR	748	+	122	51974625	62206
chr2	12008144	12208144	harbor1	chr2	12012323	12012524	SINE/MIR	492	+	100	12012423	4279
chr2	12008144	12208144	harbor1	chr2	12020709	12020891	SINE/MIR	662	+	91	12020800	12656
chr2	12008144	12208144	harbor1	chr2	12021390	12021443	SINE/MIR	662	+	26	12021416	13272
chr2	12008144	12208144	harbor1	chr2	12042873	12043063	SINE/MIR	555	+	95	12042968	34824
chr2	12008144	12208144	harbor1	chr2	12051491	12051696	SINE/MIR	580	+	102	12051593	43449
chr2	12008144	12208144	harbor1	chr2	12052168	12052351	SINE/MIR	403	+	92	12052260	44116
chr2	12008144	12208144	harbor1	chr2	12058253	12058463	SINE/MIR	552	+	105	12058358	50214
chr2	12008144	12208144	harbor1	chr2	12066545	12066742	SINE/MIR	571	+	98	12066643	58499
chr2	8525035	8725035	harbor1	chr2	8530053	8530217	SINE/MIR	458	+	82	8530135	5100
chr2	8525035	8725035	harbor1	chr2	8546692	8546849	SINE/MIR	456	+	78	8546770	21735
chr2	8525035	8725035	harbor1	chr2	8573044	8573228	SINE/MIR	584	+	92	8573136	48101
chr2	8525035	8725035	harbor1	chr2	8584650	8584819	SINE/MIR	568	+	84	8584734	59699
chr2	8525035	8725035	harbor1	chr2	8584879	8585013	SINE/MIR	640	+	67	8584946	59911
chr2	8525035	8725035	harbor1	chr2	8613762	8613970	SINE/MIR	542	+	104	8613866	88831
chr2	228757478	228957478	harbor1	chr2	228782821	228783016	SINE/MIR	427	+	98	228782919	25441
chr2	228757478	228957478	harbor1	chr2	228789209	228789408	SINE/MIR	525	+	100	228789309	31831
chr2	196739891	196939891	harbor1	chr2	196793499	196793751	SINE/MIR	722	+	126	196793625	53734
chr2	42983160	43183160	harbor1	chr2	43002421	43002576	SINE/MIR	495	+	78	43002499	19339
chr2	42983160	43183160	harbor1	chr2	43007256	43007436	SINE/MIR	598	+	90	43007346	24186
chr2	42983160	43183160	harbor1	chr2	43031021	43031227	SINE/MIR	565	+	103	43031124	47964
chr2	42983160	43183160	harbor1	chr2	43064981	43065175	SINE/MIR	553	+	97	43065078	81918
chr2	42983160	43183160	harbor1	chr2	43073647	43073829	SINE/MIR	442	+	91	43073738	90578
chr2	151693818	151893818	harbor1	chr2	151759896	151760085	SINE/MIR	682	+	94	151759990	66172
chr2	151693818	151893818	harbor1	chr2	151768135	151768319	SINE/MIR	680	+	92	151768227	74409
chr2	210988091	211188091	harbor1	chr2	211041705	211041854	SINE/MIR	420	+	74	211041779	53688
chr2	210988091	211188091	harbor1	chr2	211062292	211062519	SINE/MIR	512	+	114	211062406	74315
chr2	111387730	111587730	harbor1	chr2	111393454	111393623	SINE/MIR	568	+	84	111393538	5808
chr2	111387730	111587730	harbor1	chr2	111461920	111462134	SINE/MIR	429	+	107	111462027	74297
chr2	177966827	178166827	harbor1	chr2	177981029	177981243	SINE/MIR	634	+	107	177981136	14309
chr2	177966827	178166827	harbor1	chr2	177986464	177986549	SINE/MIR	406	+	42	177986506	19679
chr2	177966827	178166827	harbor1	chr2	177986849	177986959	SINE/MIR	406	+	55	177986904	20077
chr2	177966827	178166827	harbor1	chr2	178000978	178001152	SINE/MIR	536	+	87	178001065	34238
chr2	177966827	178166827	harbor1	chr2	178045529	178045618	SINE/MIR	459	+	44	178045573	78746
chr2	177966827	178166827	harbor1	chr2	178045951	178046197	SINE/MIR	813	+	123	178046074	79247
chr2	177966827	178166827	harbor1	chr2	178048396	178048411	SINE/MIR	418	+	8	178048404	81577
chr2	177966827	178166827	harbor1	chr2	178048910	178049071	SINE/MIR	418	+	80	178048990	82163
chr2	177966827	178166827	harbor1	chr2	178064425	178064611	SINE/MIR	702	+	93	178064518	97691
chr2	48504407	48704407	harbor1	chr2	48536145	48536266	SINE/MIR	564	+	60	48536205	31798
chr2	48504407	48704407	harbor1	chr2	48536572	48536625	SINE/MIR	564	+	26	48536598	32191
chr2	48504407	48704407	harbor1	chr2	48542309	48542550	SINE/MIR	915	+	120	48542429	38022
chr2	48504407	48704407	harbor1	chr2	48569020	48569241	SINE/MIR	583	+	110	48569130	64723
chr2	48504407	48704407	harbor1	chr2	48573646	48573668	SINE/MIR	410	+	11	48573657	69250
chr2	48504407	48704407	harbor1	chr2	48574544	48574692	SINE/MIR	426	+	74	48574618	70211
chr2	219367382	219567382	harbor1	chr2	219406054	219406298	SINE/MIR	754	+	122	219406176	38794
chr2	219367382	219567382	harbor1	chr2	219406302	219406465	SINE/MIR	458	+	82	219406384	39002
chr2	219367382	219567382	harbor1	chr2	219416760	219416901	SINE/MIR	489	+	70	219416830	49448
chr2	219367382	219567382	harbor1	chr2	219440709	219440876	SINE/MIR	599	+	84	219440793	73411
chr2	219367382	219567382	harbor1	chr2	219446688	219446932	SINE/MIR	914	+	122	219446810	79428
chr2	219367382	219567382	harbor1	chr2	219453303	219453433	SINE/MIR	431	+	65	219453368	85986
chr2	219367382	219567382	harbor1	chr2	219398075	219398224	SINE/MIR	438	+	74	219398149	30767
chr2	97342203	97542203	harbor1	chr2	97358404	97358593	SINE/MIR	426	+	94	97358498	16295
chr2	97342203	97542203	harbor1	chr2	97420691	97420914	SINE/MIR	455	+	112	97420803	78600
chr2	123804371	124004371	harbor1	chr2	123850917	123851040	SINE/MIR	445	+	62	123850979	46608
chr2	123804371	124004371	harbor1	chr2	123865870	123866064	SINE/MIR	501	+	97	123865967	61596
chr2	123804371	124004371	harbor1	chr2	123866113	123866171	SINE/MIR	501	+	29	123866142	61771
chr2	123804371	124004371	harbor1	chr2	123870441	123870554	SINE/MIR	455	+	56	123870497	66126
chr2	123804371	124004371	harbor1	chr2	123895321	123895578	SINE/MIR	424	+	128	123895449	91078
chr2	182098878	182298878	harbor1	chr2	182112556	182112675	SINE/MIR	410	+	60	182112616	13738
chr2	182098878	182298878	harbor1	chr2	182121185	182121372	SINE/MIR	619	+	94	182121279	22401
chr2	182098878	182298878	harbor1	chr2	182135187	182135442	SINE/MIR	565	+	128	182135315	36437
chr2	182098878	182298878	harbor1	chr2	182138816	182139034	SINE/MIR	537	+	109	182138925	40047
chr2	104968275	105168275	harbor1	chr2	104987339	104987509	SINE/MIR	438	+	85	104987424	19149
chr2	131662940	131862940	harbor1	chr2	131670664	131670834	SINE/MIR	690	+	85	131670749	7809
chr2	131662940	131862940	harbor1	chr2	131709610	131709869	SINE/MIR	503	+	130	131709740	46800
chr2	131662940	131862940	harbor1	chr2	131727134	131727330	SINE/MIR	452	+	98	131727232	64292
chr2	120304716	120504716	harbor1	chr2	120331067	120331170	SINE/MIR	411	+	52	120331119	26403
chr2	120304716	120504716	harbor1	chr2	120359374	120359541	SINE/MIR	431	+	84	120359458	54742
chr2	120304716	120504716	harbor1	chr2	120360513	120360663	SINE/MIR	544	+	75	120360588	55872
chr2	120304716	120504716	harbor1	chr2	120368649	120368886	SINE/MIR	930	+	118	120368767	64051
chr2	120304716	120504716	harbor1	chr2	120376849	120377058	SINE/MIR	434	+	104	120376953	72237
chr2	120304716	120504716	harbor1	chr2	120378066	120378257	SINE/MIR	569	+	96	120378162	73446
chr2	120304716	120504716	harbor1	chr2	120381870	120382020	SINE/MIR	459	+	75	120381945	77229
chr2	120304716	120504716	harbor1	chr2	120382936	120383117	SINE/MIR	529	+	90	120383026	78310
chr2	120304716	120504716	harbor1	chr2	120389861	120390006	SINE/MIR	487	+	72	120389933	85217
chr2	120304716	120504716	harbor1	chr2	120397903	120398140	SINE/MIR	651	+	118	120398021	93305
chr2	120304716	120504716	harbor1	chr2	120401049	120401206	SINE/MIR	442	+	78	120401127	96411
chr2	120304716	120504716	harbor1	chr2	120404093	120404244	SINE/MIR	478	+	76	120404169	99453
chr2	120304716	120504716	harbor1	chr2	120323964	120324191	SINE/MIR	502	+	114	120324078	19362
chr2	108179000	108379000	harbor1	chr2	108178999	108179251	SINE/MIR	698	+	126	108179125	125
chr2	108179000	108379000	harbor1	chr2	108184178	108184421	SINE/MIR	694	+	122	108184300	5300
chr2	108179000	108379000	harbor1	chr2	108196361	108196591	SINE/MIR	605	+	115	108196476	17476
chr2	183461566	183661566	harbor1	chr2	183487877	183488022	SINE/MIR	434	+	72	183487949	26383
chr2	183461566	183661566	harbor1	chr2	183516105	183516319	SINE/MIR	568	+	107	183516212	54646
chr2	183461566	183661566	harbor1	chr2	183532737	183532962	SINE/MIR	443	+	112	183532849	71283
chr2	206499367	206699367	harbor1	chr2	206546712	206546848	SINE/MIR	484	+	68	206546780	47413
chr2	10400980	10600980	harbor1	chr2	10456843	10457004	SINE/MIR	443	+	80	10456923	55943
chr2	10400980	10600980	harbor1	chr2	10462625	10462809	SINE/MIR	459	+	92	10462717	61737
chr2	10400980	10600980	harbor1	chr2	10463023	10463177	SINE/MIR	641	+	77	10463100	62120
chr2	10400980	10600980	harbor1	chr2	10471011	10471239	SINE/MIR	548	+	114	10471125	70145
chr2	10400980	10600980	harbor1	chr2	10471522	10471753	SINE/MIR	653	+	116	10471638	70658
chr2	10400980	10600980	harbor1	chr2	10486762	10487000	SINE/MIR	501	+	119	10486881	85901
chr2	10400980	10600980	harbor1	chr2	10500539	10500709	SINE/MIR	607	+	85	10500624	99644
chr2	16903119	17103119	harbor1	chr2	16933059	16933296	SINE/MIR	557	+	118	16933177	30058
chr2	16903119	17103119	harbor1	chr2	16935104	16935323	SINE/MIR	933	+	110	16935214	32095
chr2	16903119	17103119	harbor1	chr2	16936048	16936280	SINE/MIR	530	+	116	16936164	33045
chr2	16903119	17103119	harbor1	chr2	16948329	16948488	SINE/MIR	515	+	80	16948409	45290
chr2	16903119	17103119	harbor1	chr2	16951187	16951298	SINE/MIR	404	+	56	16951243	48124
chr2	16903119	17103119	harbor1	chr2	16956572	16956795	SINE/MIR	510	+	112	16956684	53565
chr2	16903119	17103119	harbor1	chr2	17000312	17000437	SINE/MIR	492	+	62	17000374	97255
chr2	129595732	129795732	harbor1	chr2	129605579	129605655	SINE/MIR	451	+	38	129605617	9885
chr2	189955639	190155639	harbor1	chr2	190046256	190046400	SINE/MIR	407	+	72	190046328	90689
chr2	52725972	52925972	harbor1	chr2	52726716	52726922	SINE/MIR	617	+	103	52726819	847
chr2	52725972	52925972	harbor1	chr2	52761211	52761440	SINE/MIR	772	+	114	52761325	35353
chr2	22832731	23032731	harbor1	chr2	22889586	22889733	SINE/MIR	454	+	74	22889660	56929
chr2	22832731	23032731	harbor1	chr2	22910654	22910849	SINE/MIR	603	+	98	22910752	78021
chr2	22832731	23032731	harbor1	chr2	22924245	22924489	SINE/MIR	664	+	122	22924367	91636
chr2	144650612	144850612	harbor1	chr2	144656109	144656288	SINE/MIR	571	+	90	144656199	5587
chr2	144650612	144850612	harbor1	chr2	144662769	144662869	SINE/MIR	421	+	50	144662819	12207
chr2	144650612	144850612	harbor1	chr2	144684028	144684277	SINE/MIR	586	+	124	144684152	33540
chr2	144650612	144850612	harbor1	chr2	144687216	144687429	SINE/MIR	594	+	106	144687322	36710
chr2	144650612	144850612	harbor1	chr2	144690350	144690509	SINE/MIR	444	+	80	144690430	39818
chr2	51764969	51964969	harbor1	chr2	51802406	51802631	SINE/MIR	612	+	112	51802518	37549
chr2	35774564	35974564	harbor1	chr2	35860314	35860480	SINE/MIR	439	+	83	35860397	85833
chr2	228468482	228668482	harbor1	chr2	228474827	228475059	SINE/MIR	553	+	116	228474943	6461
chr2	31347144	31547144	harbor1	chr2	31371955	31372081	SINE/MIR	652	+	63	31372018	24874
chr2	31347144	31547144	harbor1	chr2	31398808	31399015	SINE/MIR	650	+	104	31398912	51768
chr2	31347144	31547144	harbor1	chr2	31416870	31417028	SINE/MIR	414	+	79	31416949	69805
chr2	31347144	31547144	harbor1	chr2	31423553	31423742	SINE/MIR	470	+	94	31423647	76503
chr2	18775325	18975325	harbor1	chr2	18782604	18782831	SINE/MIR	541	+	114	18782718	7393
chr2	18775325	18975325	harbor1	chr2	18797452	18797621	SINE/MIR	406	+	84	18797536	22211
chr2	18775325	18975325	harbor1	chr2	18801478	18801716	SINE/MIR	512	+	119	18801597	26272
chr2	18775325	18975325	harbor1	chr2	18823772	18824005	SINE/MIR	471	+	116	18823888	48563
chr2	18775325	18975325	harbor1	chr2	18834989	18835182	SINE/MIR	459	+	96	18835085	59760
chr2	18775325	18975325	harbor1	chr2	18837913	18838000	SINE/MIR	420	+	44	18837957	62632
chr2	62567769	62767769	harbor1	chr2	62570103	62570290	SINE/MIR	439	+	94	62570197	2428
chr2	62567769	62767769	harbor1	chr2	62602385	62602573	SINE/MIR	541	+	94	62602479	34710
chr2	62567769	62767769	harbor1	chr2	62659818	62660047	SINE/MIR	533	+	114	62659932	92163
chr2	11573956	11773956	harbor1	chr2	11579277	11579496	SINE/MIR	549	+	110	11579387	5431
chr2	11573956	11773956	harbor1	chr2	11581140	11581348	SINE/MIR	458	+	104	11581244	7288
chr2	11573956	11773956	harbor1	chr2	11604237	11604446	SINE/MIR	660	+	104	11604341	30385
chr2	11573956	11773956	harbor1	chr2	11630246	11630464	SINE/MIR	488	+	109	11630355	56399
chr2	11573956	11773956	harbor1	chr2	11633787	11633964	SINE/MIR	414	+	88	11633875	59919
chr2	11573956	11773956	harbor1	chr2	11670326	11670515	SINE/MIR	425	+	94	11670420	96464
chr2	94770133	94970133	harbor1	chr2	94853830	94854053	SINE/MIR	482	+	112	94853942	83809
chr2	222226995	222426995	harbor1	chr2	222231591	222231786	SINE/MIR	669	+	98	222231689	4694
chr2	222226995	222426995	harbor1	chr2	222258239	222258334	SINE/MIR	440	+	48	222258287	31292
chr2	222226995	222426995	harbor1	chr2	222323978	222324172	SINE/MIR	572	+	97	222324075	97080
chr2	169953247	170153247	harbor1	chr2	169966588	169966817	SINE/MIR	708	+	114	169966702	13455
chr2	169953247	170153247	harbor1	chr2	169996234	169996392	SINE/MIR	656	+	79	169996313	43066
chr2	180103780	180303780	harbor1	chr2	180109680	180109930	SINE/MIR	747	+	125	180109805	6025
chr2	180103780	180303780	harbor1	chr2	180111474	180111724	SINE/MIR	794	+	125	180111599	7819
chr2	180103780	180303780	harbor1	chr2	180178302	180178521	SINE/MIR	637	+	110	180178412	74632
chr2	180103780	180303780	harbor1	chr2	180179671	180179844	SINE/MIR	609	+	86	180179757	75977
chr2	180103780	180303780	harbor1	chr2	180181211	180181351	SINE/MIR	475	+	70	180181281	77501
chr2	180103780	180303780	harbor1	chr2	180198730	180198924	SINE/MIR	737	+	97	180198827	95047
chr2	77170951	77370951	harbor1	chr2	77185798	77185994	SINE/MIR	590	+	98	77185896	14945
chr2	77170951	77370951	harbor1	chr2	77213304	77213556	SINE/MIR	632	+	126	77213430	42479
chr2	77170951	77370951	harbor1	chr2	77259154	77259401	SINE/MIR	674	+	124	77259278	88327
chr2	34598659	34798659	harbor1	chr2	34623922	34624078	SINE/MIR	449	+	78	34624000	25341
chr2	34598659	34798659	harbor1	chr2	34663633	34663847	SINE/MIR	551	+	107	34663740	65081
chr2	34598659	34798659	harbor1	chr2	34665720	34665845	SINE/MIR	423	+	62	34665782	67123
chr2	34598659	34798659	harbor1	chr2	34667650	34667853	SINE/MIR	445	+	102	34667752	69093
chr2	142863623	143063623	harbor1	chr2	142955489	142955701	SINE/MIR	559	+	106	142955595	91972
chr2	142863623	143063623	harbor1	chr2	142962206	142962438	SINE/MIR	493	+	116	142962322	98699
chr2	45392992	45592992	harbor1	chr2	45407022	45407254	SINE/MIR	632	+	116	45407138	14146
chr2	45392992	45592992	harbor1	chr2	45448161	45448362	SINE/MIR	478	+	100	45448261	55269
chr2	225119816	225319816	harbor1	chr2	225134561	225134674	SINE/MIR	463	+	56	225134617	14801
chr2	225119816	225319816	harbor1	chr2	225134861	225134956	SINE/MIR	463	+	48	225134909	15093
chr2	217859532	218059532	harbor1	chr2	217861579	217861788	SINE/MIR	635	+	104	217861683	2151
chr2	217859532	218059532	harbor1	chr2	217863541	217863727	SINE/MIR	476	+	93	217863634	4102
chr2	217859532	218059532	harbor1	chr2	217866991	217867187	SINE/MIR	534	+	98	217867089	7557
chr2	217859532	218059532	harbor1	chr2	217878400	217878570	SINE/MIR	530	+	85	217878485	18953
chr2	217859532	218059532	harbor1	chr2	217891261	217891471	SINE/MIR	694	+	105	217891366	31834
chr2	217859532	218059532	harbor1	chr2	217897364	217897514	SINE/MIR	490	+	75	217897439	37907
chr2	217859532	218059532	harbor1	chr2	217900073	217900279	SINE/MIR	629	+	103	217900176	40644
chr2	217859532	218059532	harbor1	chr2	217901177	217901415	SINE/MIR	450	+	119	217901296	41764
chr2	217859532	218059532	harbor1	chr2	217909789	217909995	SINE/MIR	443	+	103	217909892	50360
chr2	217859532	218059532	harbor1	chr2	217915705	217915952	SINE/MIR	420	+	124	217915829	56297
chr2	217859532	218059532	harbor1	chr2	217915955	217916163	SINE/MIR	649	+	104	217916059	56527
chr2	217859532	218059532	harbor1	chr2	217932254	217932475	SINE/MIR	527	+	110	217932364	72832
chr2	30065287	30265287	harbor1	chr2	30089401	30089512	SINE/MIR	403	+	56	30089457	24170
chr2	30065287	30265287	harbor1	chr2	30090350	30090555	SINE/MIR	418	+	102	30090452	25165
chr2	30065287	30265287	harbor1	chr2	30120478	30120720	SINE/MIR	645	+	121	30120599	55312
chr2	30065287	30265287	harbor1	chr2	30133495	30133585	SINE/MIR	626	+	45	30133540	68253
chr2	30065287	30265287	harbor1	chr2	30134208	30134359	SINE/MIR	626	+	76	30134284	68997
chr2	30065287	30265287	harbor1	chr2	30144443	30144582	SINE/MIR	639	+	70	30144513	79226
chr2	143626257	143826257	harbor1	chr2	143634324	143634501	SINE/MIR	534	+	88	143634412	8155
chr2	143626257	143826257	harbor1	chr2	143655339	143655553	SINE/MIR	500	+	107	143655446	29189
chr2	143626257	143826257	harbor1	chr2	143678526	143678694	SINE/MIR	498	+	84	143678610	52353
chr2	143626257	143826257	harbor1	chr2	143705329	143705544	SINE/MIR	475	+	108	143705437	79180
chr2	143626257	143826257	harbor1	chr2	143708021	143708260	SINE/MIR	822	+	120	143708141	81884
chr2	143626257	143826257	harbor1	chr2	143724186	143724387	SINE/MIR	516	+	100	143724286	98029
chr2	197297994	197497994	harbor1	chr2	197306239	197306481	SINE/MIR	615	+	121	197306360	8366
chr2	197297994	197497994	harbor1	chr2	197308870	197309052	SINE/MIR	549	+	91	197308961	10967
chr2	197297994	197497994	harbor1	chr2	197358457	197358582	SINE/MIR	431	+	62	197358519	60525
chr2	197297994	197497994	harbor1	chr2	197360563	197360764	SINE/MIR	428	+	100	197360663	62669
chr2	197297994	197497994	harbor1	chr2	197382544	197382688	SINE/MIR	444	+	72	197382616	84622
chr2	214653290	214853290	harbor1	chr2	214698731	214698913	SINE/MIR	464	+	91	214698822	45532
chr2	214653290	214853290	harbor1	chr2	214709543	214709766	SINE/MIR	444	+	112	214709655	56365
chr2	177463313	177663313	harbor1	chr2	177463154	177463399	SINE/MIR	583	+	122	177463276	37
chr2	177463313	177663313	harbor1	chr2	177470801	177471019	SINE/MIR	614	+	109	177470910	7597
chr2	177463313	177663313	harbor1	chr2	177523207	177523386	SINE/MIR	497	+	90	177523297	59984
chr2	177463313	177663313	harbor1	chr2	177529772	177530016	SINE/MIR	728	+	122	177529894	66581
chr2	233118757	233318757	harbor1	chr2	233122388	233122520	SINE/MIR	476	+	66	233122454	3697
chr2	233118757	233318757	harbor1	chr2	233129221	233129382	SINE/MIR	442	+	80	233129301	10544
chr2	233118757	233318757	harbor1	chr2	233145194	233145306	SINE/MIR	422	+	56	233145250	26493
chr2	233118757	233318757	harbor1	chr2	233147871	233148006	SINE/MIR	790	+	68	233147939	29182
chr2	233118757	233318757	harbor1	chr2	233152011	233152239	SINE/MIR	480	+	114	233152125	33368
chr2	233118757	233318757	harbor1	chr2	233205774	233205796	SINE/MIR	519	+	11	233205785	87028
chr2	233118757	233318757	harbor1	chr2	233206090	233206243	SINE/MIR	519	+	76	233206166	87409
chr2	233118757	233318757	harbor1	chr2	233210249	233210473	SINE/MIR	581	+	112	233210361	91604
chr2	233118757	233318757	harbor1	chr2	233211831	233212008	SINE/MIR	573	+	88	233211919	93162
chr2	233118757	233318757	harbor1	chr2	233212324	233212405	SINE/MIR	573	+	40	233212364	93607
chr2	214443970	214643970	harbor1	chr2	214474271	214474464	SINE/MIR	532	+	96	214474367	30397
chr2	214443970	214643970	harbor1	chr2	214474611	214474849	SINE/MIR	458	+	119	214474730	30760
chr2	214443970	214643970	harbor1	chr2	214484318	214484456	SINE/MIR	437	+	69	214484387	40417
chr2	214443970	214643970	harbor1	chr2	214485365	214485585	SINE/MIR	570	+	110	214485475	41505
chr2	214443970	214643970	harbor1	chr2	214491673	214491836	SINE/MIR	490	+	82	214491755	47785
chr2	214443970	214643970	harbor1	chr2	214516763	214516944	SINE/MIR	539	+	90	214516853	72883
chr2	214443970	214643970	harbor1	chr2	214518212	214518408	SINE/MIR	474	+	98	214518310	74340
chr2	214443970	214643970	harbor1	chr2	214525845	214526040	SINE/MIR	632	+	98	214525943	81973
chr2	171238831	171438831	harbor1	chr2	171282241	171282320	SINE/MIR	771	+	40	171282281	43450
chr2	171238831	171438831	harbor1	chr2	171282635	171282769	SINE/MIR	771	+	67	171282702	43871
chr2	171238831	171438831	harbor1	chr2	171292629	171292832	SINE/MIR	631	+	102	171292731	53900
chr2	171238831	171438831	harbor1	chr2	171293216	171293406	SINE/MIR	545	+	95	171293311	54480
chr2	171238831	171438831	harbor1	chr2	171318846	171319042	SINE/MIR	483	+	98	171318944	80113
chr2	171238831	171438831	harbor1	chr2	171333738	171333981	SINE/MIR	942	+	122	171333860	95029
chr2	127777920	127977920	harbor1	chr2	127876555	127876735	SINE/MIR	605	+	90	127876645	98725
chr2	127777920	127977920	harbor1	chr2	127877057	127877121	SINE/MIR	605	+	32	127877089	99169
chr2	22667688	22867688	harbor1	chr2	22675043	22675260	SINE/MIR	475	+	108	22675151	7463
chr2	22667688	22867688	harbor1	chr2	22675589	22675764	SINE/MIR	505	+	88	22675677	7989
chr2	22667688	22867688	harbor1	chr2	22699210	22699448	SINE/MIR	778	+	119	22699329	31641
chr2	229108911	229308911	harbor1	chr2	229151269	229151501	SINE/MIR	687	+	116	229151385	42474
chr2	229108911	229308911	harbor1	chr2	229176843	229176907	SINE/MIR	545	+	32	229176875	67964
chr2	229108911	229308911	harbor1	chr2	229177262	229177398	SINE/MIR	545	+	68	229177330	68419
chr2	229108911	229308911	harbor1	chr2	229192640	229192791	SINE/MIR	418	+	76	229192716	83805
chr2	229108911	229308911	harbor1	chr2	229196651	229196838	SINE/MIR	567	+	94	229196745	87834
chr2	229108911	229308911	harbor1	chr2	229207231	229207450	SINE/MIR	417	+	110	229207341	98430
chr2	3731648	3931648	harbor1	chr2	3742486	3742727	SINE/MIR	510	+	120	3742606	10958
chr2	162356072	162556072	harbor1	chr2	162402916	162403097	SINE/MIR	609	+	90	162403006	46934
chr2	19182034	19382034	harbor1	chr2	19189796	19190017	SINE/MIR	710	+	110	19189906	7872
chr2	19182034	19382034	harbor1	chr2	19212783	19212982	SINE/MIR	433	+	100	19212883	30849
chr2	19182034	19382034	harbor1	chr2	19225638	19225758	SINE/MIR	402	+	60	19225698	43664
chr2	19182034	19382034	harbor1	chr2	19249076	19249271	SINE/MIR	509	+	98	19249174	67140
chr2	19182034	19382034	harbor1	chr2	19274339	19274581	SINE/MIR	835	+	121	19274460	92426
chr2	34046236	34246236	harbor1	chr2	34057475	34057602	SINE/MIR	435	+	64	34057539	11303
chr2	34046236	34246236	harbor1	chr2	34065187	34065442	SINE/MIR	527	+	128	34065315	19079
chr2	34046236	34246236	harbor1	chr2	34114875	34115049	SINE/MIR	432	+	87	34114962	68726
chr2	189501373	189701373	harbor1	chr2	189504407	189504628	SINE/MIR	664	+	110	189504517	3144
chr2	189501373	189701373	harbor1	chr2	189531795	189531916	SINE/MIR	407	+	60	189531855	30482
chr2	189501373	189701373	harbor1	chr2	189536720	189536907	SINE/MIR	484	+	94	189536814	35441
chr2	189501373	189701373	harbor1	chr2	189548147	189548348	SINE/MIR	485	+	100	189548247	46874
chr2	189501373	189701373	harbor1	chr2	189572161	189572336	SINE/MIR	437	+	88	189572249	70876
chr2	189501373	189701373	harbor1	chr2	189573549	189573778	SINE/MIR	601	+	114	189573663	72290
chr2	189501373	189701373	harbor1	chr2	189586617	189586777	SINE/MIR	484	+	80	189586697	85324
chr2	189501373	189701373	harbor1	chr2	189592541	189592761	SINE/MIR	533	+	110	189592651	91278
chr2	37675894	37875894	harbor1	chr2	37682472	37682698	SINE/MIR	465	+	113	37682585	6691
chr2	37675894	37875894	harbor1	chr2	37720243	37720473	SINE/MIR	457	+	115	37720358	44464
chr2	37675894	37875894	harbor1	chr2	37730726	37730841	SINE/MIR	433	+	58	37730784	54890
chr2	37675894	37875894	harbor1	chr2	37742917	37743158	SINE/MIR	630	+	120	37743037	67143
chr2	37675894	37875894	harbor1	chr2	37752461	37752495	SINE/MIR	500	+	17	37752478	76584
chr2	37675894	37875894	harbor1	chr2	37752807	37753006	SINE/MIR	500	+	100	37752907	77013
chr2	188891338	189091338	harbor1	chr2	188964715	188964874	SINE/MIR	481	+	80	188964795	73457
chr2	188891338	189091338	harbor1	chr2	188979798	188980030	SINE/MIR	610	+	116	188979914	88576
chr2	179578651	179778651	harbor1	chr2	179590188	179590384	SINE/MIR	400	+	98	179590286	11635
chr2	179578651	179778651	harbor1	chr2	179603123	179603356	SINE/MIR	450	+	116	179603239	24588
chr2	179578651	179778651	harbor1	chr2	179616058	179616273	SINE/MIR	722	+	108	179616166	37515
chr2	179578651	179778651	harbor1	chr2	179619876	179619985	SINE/MIR	411	+	54	179619930	41279
chr2	179578651	179778651	harbor1	chr2	179670855	179671099	SINE/MIR	781	+	122	179670977	92326
chr2	169077780	169277780	harbor1	chr2	169078125	169078272	SINE/MIR	427	+	74	169078199	419
chr2	169077780	169277780	harbor1	chr2	169106221	169106416	SINE/MIR	588	+	98	169106319	28539
chr2	169077780	169277780	harbor1	chr2	169118749	169118939	SINE/MIR	455	+	95	169118844	41064
chr2	169077780	169277780	harbor1	chr2	169162099	169162336	SINE/MIR	619	+	118	169162217	84437
chr2	169077780	169277780	harbor1	chr2	169173453	169173635	SINE/MIR	555	+	91	169173544	95764
chr2	199086750	199286750	harbor1	chr2	199101853	199102024	SINE/MIR	408	+	86	199101939	15189
chr2	199086750	199286750	harbor1	chr2	199111670	199111773	SINE/MIR	465	+	52	199111722	24972
chr2	199086750	199286750	harbor1	chr2	199112127	199112146	SINE/MIR	465	+	10	199112137	25387
chr2	199086750	199286750	harbor1	chr2	199154244	199154460	SINE/MIR	860	+	108	199154352	67602
chr2	199086750	199286750	harbor1	chr2	199160240	199160380	SINE/MIR	453	+	70	199160310	73560
chr2	102970028	103170028	harbor1	chr2	102982155	102982330	SINE/MIR	441	+	88	102982243	12215
chr2	102970028	103170028	harbor1	chr2	103030850	103031040	SINE/MIR	425	+	95	103030945	60917
chr2	190575386	190775386	harbor1	chr2	190592123	190592316	SINE/MIR	419	+	96	190592219	16833
chr2	190575386	190775386	harbor1	chr2	190606306	190606429	SINE/MIR	479	+	62	190606368	30982
chr2	190575386	190775386	harbor1	chr2	190606734	190606798	SINE/MIR	479	+	32	190606766	31380
chr2	190575386	190775386	harbor1	chr2	190643435	190643666	SINE/MIR	653	+	116	190643551	68165
chr2	190575386	190775386	harbor1	chr2	190658657	190658786	SINE/MIR	512	+	64	190658721	83335
chr2	190597983	190797983	harbor1	chr2	190606306	190606429	SINE/MIR	479	+	62	190606368	8385
chr2	190597983	190797983	harbor1	chr2	190606734	190606798	SINE/MIR	479	+	32	190606766	8783
chr2	190597983	190797983	harbor1	chr2	190643435	190643666	SINE/MIR	653	+	116	190643551	45568
chr2	190597983	190797983	harbor1	chr2	190658657	190658786	SINE/MIR	512	+	64	190658721	60738
chr2	190597983	190797983	harbor1	chr2	190689149	190689378	SINE/MIR	669	+	114	190689263	91280
chr2	15138323	15338323	harbor1	chr2	15146084	15146316	SINE/MIR	764	+	116	15146200	7877
chr2	15138323	15338323	harbor1	chr2	15153701	15153925	SINE/MIR	427	+	112	15153813	15490
chr2	15138323	15338323	harbor1	chr2	15159834	15160020	SINE/MIR	426	+	93	15159927	21604
chr2	15138323	15338323	harbor1	chr2	15172811	15173033	SINE/MIR	609	+	111	15172922	34599
chr2	15138323	15338323	harbor1	chr2	15187087	15187309	SINE/MIR	417	+	111	15187198	48875
chr2	15138323	15338323	harbor1	chr2	15189684	15189893	SINE/MIR	658	+	104	15189788	51465
chr2	15138323	15338323	harbor1	chr2	15202957	15203140	SINE/MIR	479	+	92	15203049	64726
chr2	15138323	15338323	harbor1	chr2	15221877	15222155	SINE/MIR	629	+	139	15222016	83693
chr2	15138323	15338323	harbor1	chr2	15226147	15226268	SINE/MIR	407	+	60	15226207	87884
chr2	45233566	45433566	harbor1	chr2	45267607	45267861	SINE/MIR	651	+	127	45267734	34168
chr2	45233566	45433566	harbor1	chr2	45284615	45284752	SINE/MIR	543	+	68	45284683	51117
chr2	45233566	45433566	harbor1	chr2	45302870	45303027	SINE/MIR	595	+	78	45302948	69382
chr2	45233566	45433566	harbor1	chr2	45308951	45309182	SINE/MIR	1020	+	116	45309067	75501
chr2	170846863	171046863	harbor1	chr2	170852055	170852237	SINE/MIR	726	+	91	170852146	5283
chr2	170846863	171046863	harbor1	chr2	170896338	170896570	SINE/MIR	853	+	116	170896454	49591
chr2	54040615	54240615	harbor1	chr2	54046854	54047008	SINE/MIR	605	+	77	54046931	6316
chr2	191969839	192169839	harbor1	chr2	191976154	191976366	SINE/MIR	715	+	106	191976260	6421
chr2	191969839	192169839	harbor1	chr2	191976835	191977085	SINE/MIR	437	+	125	191976960	7121
chr2	191969839	192169839	harbor1	chr2	191978234	191978422	SINE/MIR	531	+	94	191978328	8489
chr2	191969839	192169839	harbor1	chr2	191992977	191993174	SINE/MIR	434	+	98	191993075	23236
chr2	191969839	192169839	harbor1	chr2	192032527	192032652	SINE/MIR	404	+	62	192032589	62750
chr2	191969839	192169839	harbor1	chr2	192032653	192032858	SINE/MIR	418	+	102	192032755	62916
chr2	191969839	192169839	harbor1	chr2	192037871	192038063	SINE/MIR	450	+	96	192037967	68128
chr2	191969839	192169839	harbor1	chr2	192038205	192038448	SINE/MIR	830	+	122	192038327	68488
chr2	191969839	192169839	harbor1	chr2	192049214	192049433	SINE/MIR	646	+	110	192049324	79485
chr2	18220720	18420720	harbor1	chr2	18247787	18248023	SINE/MIR	524	+	118	18247905	27185
chr2	18220720	18420720	harbor1	chr2	18312961	18313120	SINE/MIR	445	+	80	18313041	92321
chr2	18220720	18420720	harbor1	chr2	18315686	18315926	SINE/MIR	626	+	120	18315806	95086
chr2	18220720	18420720	harbor1	chr2	18318085	18318259	SINE/MIR	459	+	87	18318172	97452
chr2	102050179	102250179	harbor1	chr2	102052197	102052433	SINE/MIR	583	+	118	102052315	2136
chr2	102050179	102250179	harbor1	chr2	102059368	102059565	SINE/MIR	622	+	98	102059466	9287
chr2	186354208	186554208	harbor1	chr2	186358400	186358579	SINE/MIR	518	+	90	186358490	4282
chr2	223999586	224199586	harbor1	chr2	224017586	224017781	SINE/MIR	505	+	98	224017684	18098
chr2	223999586	224199586	harbor1	chr2	224044810	224045028	SINE/MIR	638	+	109	224044919	45333
chr2	223999586	224199586	harbor1	chr2	224047229	224047449	SINE/MIR	535	+	110	224047339	47753
chr2	223999586	224199586	harbor1	chr2	224051432	224051653	SINE/MIR	869	+	110	224051542	51956
chr2	223999586	224199586	harbor1	chr2	224060349	224060550	SINE/MIR	505	+	100	224060449	60863
chr2	166610858	166810858	harbor1	chr2	166698890	166699131	SINE/MIR	531	+	120	166699010	88152
chr2	228586400	228786400	harbor1	chr2	228586601	228586760	SINE/MIR	461	+	80	228586681	281
chr2	228586400	228786400	harbor1	chr2	228590944	228591149	SINE/MIR	606	+	102	228591046	4646
chr2	228586400	228786400	harbor1	chr2	228592377	228592581	SINE/MIR	424	+	102	228592479	6079
chr2	228586400	228786400	harbor1	chr2	228611387	228611594	SINE/MIR	436	+	104	228611491	25091
chr2	228586400	228786400	harbor1	chr2	228613128	228613314	SINE/MIR	528	+	93	228613221	26821
chr2	24166311	24366311	harbor1	chr2	24265860	24266091	SINE/MIR	534	+	116	24265976	99665
chr2	200956	400956	harbor1	chr2	236461	236656	SINE/MIR	439	+	98	236559	35603
chr2	200956	400956	harbor1	chr2	292730	292934	SINE/MIR	523	+	102	292832	91876
chr2	131845912	132045912	harbor1	chr2	131941339	131941552	SINE/MIR	489	+	106	131941445	95533
chr2	130227564	130427564	harbor1	chr2	130241750	130241998	SINE/MIR	578	+	124	130241874	14310
chr2	130227564	130427564	harbor1	chr2	130255022	130255239	SINE/MIR	538	+	108	130255130	27566
chr2	130227564	130427564	harbor1	chr2	130312480	130312713	SINE/MIR	414	+	116	130312596	85032
chr2	180469937	180669937	harbor1	chr2	180480310	180480523	SINE/MIR	437	+	106	180480416	10479
chr2	180469937	180669937	harbor1	chr2	180569116	180569278	SINE/MIR	448	+	81	180569197	99260
chr2	99244365	99444365	harbor1	chr2	99258190	99258355	SINE/MIR	524	+	82	99258272	13907
chr2	99244365	99444365	harbor1	chr2	99268895	99269066	SINE/MIR	503	+	86	99268981	24616
chr2	97693356	97893356	harbor1	chr2	97708419	97708603	SINE/MIR	425	+	92	97708511	15155
chr2	97693356	97893356	harbor1	chr2	97714862	97714983	SINE/MIR	424	+	60	97714922	21566
chr2	97693356	97893356	harbor1	chr2	97715649	97715854	SINE/MIR	603	+	102	97715751	22395
chr2	97693356	97893356	harbor1	chr2	97729349	97729566	SINE/MIR	595	+	108	97729457	36101
chr2	97693356	97893356	harbor1	chr2	97744381	97744554	SINE/MIR	455	+	86	97744467	51111
chr2	95595556	95795556	harbor1	chr2	95643519	95643722	SINE/MIR	481	+	102	95643621	48065
chr2	95595556	95795556	harbor1	chr2	95648448	95648657	SINE/MIR	509	+	104	95648552	52996
chr2	95595556	95795556	harbor1	chr2	95664202	95664343	SINE/MIR	500	+	70	95664272	68716
chr2	95595556	95795556	harbor1	chr2	95670384	95670503	SINE/MIR	490	+	60	95670444	74888
chr2	95595556	95795556	harbor1	chr2	95676123	95676352	SINE/MIR	757	+	114	95676237	80681
chr2	95595556	95795556	harbor1	chr2	95688544	95688767	SINE/MIR	580	+	112	95688656	93100
chr2	95595556	95795556	harbor1	chr2	95693353	95693511	SINE/MIR	552	+	79	95693432	97876
chr2	60543293	60743293	harbor1	chr2	60605443	60605618	SINE/MIR	427	+	88	60605531	62238
chr2	60543293	60743293	harbor1	chr2	60610878	60611083	SINE/MIR	591	+	102	60610980	67687
chr2	60543293	60743293	harbor1	chr2	60611244	60611389	SINE/MIR	635	+	72	60611316	68023
chr2	60543293	60743293	harbor1	chr2	60639437	60639663	SINE/MIR	714	+	113	60639550	96257
chr2	60543293	60743293	harbor1	chr2	60641756	60642008	SINE/MIR	658	+	126	60641882	98589
chr2	129152349	129352349	harbor1	chr2	129224823	129225052	SINE/MIR	747	+	114	129224937	72588
chr2	48912957	49112957	harbor1	chr2	48932245	48932441	SINE/MIR	419	+	98	48932343	19386
chr2	48912957	49112957	harbor1	chr2	48956798	48957038	SINE/MIR	534	+	120	48956918	43961
chr2	48912957	49112957	harbor1	chr2	48962299	48962499	SINE/MIR	639	+	100	48962399	49442
chr2	48912957	49112957	harbor1	chr2	48965987	48966205	SINE/MIR	526	+	109	48966096	53139
chr2	48912957	49112957	harbor1	chr2	48969401	48969653	SINE/MIR	696	+	126	48969527	56570
chr2	48912957	49112957	harbor1	chr2	48980694	48980843	SINE/MIR	445	+	74	48980768	67811
chr2	48912957	49112957	harbor1	chr2	48982485	48982717	SINE/MIR	578	+	116	48982601	69644
chr2	168090572	168290572	harbor1	chr2	168096267	168096497	SINE/MIR	456	+	115	168096382	5810
chr2	168090572	168290572	harbor1	chr2	168106187	168106402	SINE/MIR	682	+	108	168106295	15723
chr2	168090572	168290572	harbor1	chr2	168121155	168121361	SINE/MIR	505	+	103	168121258	30686
chr2	168090572	168290572	harbor1	chr2	168158621	168158844	SINE/MIR	677	+	112	168158733	68161
chr2	168090572	168290572	harbor1	chr2	168166064	168166305	SINE/MIR	612	+	120	168166184	75612
chr2	168090572	168290572	harbor1	chr2	168171984	168172173	SINE/MIR	623	+	94	168172078	81506
chr2	168090572	168290572	harbor1	chr2	168187390	168187605	SINE/MIR	1002	+	108	168187498	96926
chr2	22174284	22374284	harbor1	chr2	22178452	22178685	SINE/MIR	539	+	116	22178568	4284
chr2	22174284	22374284	harbor1	chr2	22217038	22217220	SINE/MIR	457	+	91	22217129	42845
chr2	45738140	45938140	harbor1	chr2	45750615	45750793	SINE/MIR	610	+	89	45750704	12564
chr2	45738140	45938140	harbor1	chr2	45752453	45752637	SINE/MIR	493	+	92	45752545	14405
chr2	45738140	45938140	harbor1	chr2	45758110	45758340	SINE/MIR	930	+	115	45758225	20085
chr2	45738140	45938140	harbor1	chr2	45782305	45782466	SINE/MIR	436	+	80	45782385	44245
chr2	45738140	45938140	harbor1	chr2	45791799	45791979	SINE/MIR	460	+	90	45791889	53749
chr2	45738140	45938140	harbor1	chr2	45792564	45792788	SINE/MIR	550	+	112	45792676	54536
chr2	45738140	45938140	harbor1	chr2	45796226	45796475	SINE/MIR	913	+	124	45796350	58210
chr2	45738140	45938140	harbor1	chr2	45807044	45807274	SINE/MIR	960	+	115	45807159	69019
chr2	45738140	45938140	harbor1	chr2	45812031	45812280	SINE/MIR	707	+	124	45812155	74015
chr2	45738140	45938140	harbor1	chr2	45812471	45812673	SINE/MIR	678	+	101	45812572	74432
chr2	45738140	45938140	harbor1	chr2	45744043	45744253	SINE/MIR	533	+	105	45744148	6008
chr2	164279231	164479231	harbor1	chr2	164349923	164350128	SINE/MIR	414	+	102	164350025	70794
chr2	164279231	164479231	harbor1	chr2	164357000	164357176	SINE/MIR	542	+	88	164357088	77857
chr2	69268821	69468821	harbor1	chr2	69275244	69275389	SINE/MIR	494	+	72	69275316	6495
chr2	69268821	69468821	harbor1	chr2	69283076	69283214	SINE/MIR	522	+	69	69283145	14324
chr2	234043830	234243830	harbor1	chr2	234120113	234120286	SINE/MIR	449	+	86	234120199	76369
chr2	234043830	234243830	harbor1	chr2	234130401	234130524	SINE/MIR	440	+	62	234130463	86633
chr2	234043830	234243830	harbor1	chr2	234132109	234132249	SINE/MIR	424	+	70	234132179	88349
chr2	29534903	29734903	harbor1	chr2	29556204	29556407	SINE/MIR	492	+	102	29556306	21403
chr2	29534903	29734903	harbor1	chr2	29615339	29615564	SINE/MIR	722	+	112	29615451	80548
chr2	29534903	29734903	harbor1	chr2	29631497	29631708	SINE/MIR	567	+	106	29631603	96700
chr2	141435450	141635450	harbor1	chr2	141450265	141450475	SINE/MIR	556	+	105	141450370	14920
chr2	141435450	141635450	harbor1	chr2	141481457	141481683	SINE/MIR	407	+	113	141481570	46120
chr2	141435450	141635450	harbor1	chr2	141481697	141481885	SINE/MIR	414	+	94	141481791	46341
chr2	141435450	141635450	harbor1	chr2	141487797	141488015	SINE/MIR	466	+	109	141487906	52456
chr2	133740922	133940922	harbor1	chr2	133749789	133749995	SINE/MIR	541	+	103	133749892	8970
chr2	133740922	133940922	harbor1	chr2	133801272	133801424	SINE/MIR	451	+	76	133801348	60426
chr2	133740922	133940922	harbor1	chr2	133831150	133831371	SINE/MIR	447	+	110	133831260	90338
chr2	65955052	66155052	harbor1	chr2	65980396	65980557	SINE/MIR	404	+	80	65980476	25424
chr2	65955052	66155052	harbor1	chr2	65984929	65985151	SINE/MIR	549	+	111	65985040	29988
chr2	65955052	66155052	harbor1	chr2	65992974	65993154	SINE/MIR	435	+	90	65993064	38012
chr2	65955052	66155052	harbor1	chr2	66011697	66011933	SINE/MIR	912	+	118	66011815	56763
chr2	65955052	66155052	harbor1	chr2	66027723	66027980	SINE/MIR	500	+	128	66027851	72799
chr2	65955052	66155052	harbor1	chr2	66042520	66042767	SINE/MIR	814	+	124	66042644	87592
chr2	65955052	66155052	harbor1	chr2	66045343	66045544	SINE/MIR	445	+	100	66045443	90391
chr2	113883993	114083993	harbor1	chr2	113895726	113895862	SINE/MIR	593	+	68	113895794	11801
chr2	113883993	114083993	harbor1	chr2	113896158	113896241	SINE/MIR	593	+	42	113896200	12207
chr2	113883993	114083993	harbor1	chr2	113918226	113918371	SINE/MIR	577	+	72	113918298	34305
chr2	113883993	114083993	harbor1	chr2	113918683	113918779	SINE/MIR	577	+	48	113918731	34738
chr2	210783285	210983285	harbor1	chr2	210792651	210792810	SINE/MIR	505	+	80	210792731	9446
chr2	210783285	210983285	harbor1	chr2	210798377	210798504	SINE/MIR	703	+	64	210798441	15156
chr2	210783285	210983285	harbor1	chr2	210804563	210804782	SINE/MIR	462	+	110	210804673	21388
chr2	210783285	210983285	harbor1	chr2	210814715	210814901	SINE/MIR	401	+	93	210814808	31523
chr2	210783285	210983285	harbor1	chr2	210841424	210841577	SINE/MIR	458	+	76	210841500	58215
chr2	24610513	24810513	harbor1	chr2	24615228	24615460	SINE/MIR	435	+	116	24615344	4831
chr2	24610513	24810513	harbor1	chr2	24647267	24647533	SINE/MIR	667	+	133	24647400	36887
chr2	124622456	124822456	harbor1	chr2	124625905	124626108	SINE/MIR	417	+	102	124626007	3551
chr2	124622456	124822456	harbor1	chr2	124636145	124636366	SINE/MIR	444	+	110	124636255	13799
chr2	124622456	124822456	harbor1	chr2	124647350	124647567	SINE/MIR	470	+	108	124647458	25002
chr2	124622456	124822456	harbor1	chr2	124649614	124649859	SINE/MIR	548	+	122	124649736	27280
chr2	124622456	124822456	harbor1	chr2	124658209	124658405	SINE/MIR	446	+	98	124658307	35851
chr2	191323087	191523087	harbor1	chr2	191353694	191353857	SINE/MIR	679	+	82	191353776	30689
chr2	191323087	191523087	harbor1	chr2	191415081	191415304	SINE/MIR	577	+	112	191415193	92106
chr2	201166303	201366303	harbor1	chr2	201180518	201180698	SINE/MIR	423	+	90	201180608	14305
chr2	201166303	201366303	harbor1	chr2	201182038	201182232	SINE/MIR	694	+	97	201182135	15832
chr2	201166303	201366303	harbor1	chr2	201187453	201187681	SINE/MIR	404	+	114	201187567	21264
chr2	201166303	201366303	harbor1	chr2	201187896	201188146	SINE/MIR	459	+	125	201188021	21718
chr2	201166303	201366303	harbor1	chr2	201192576	201192730	SINE/MIR	622	+	77	201192653	26350
chr2	201166303	201366303	harbor1	chr2	201193786	201194013	SINE/MIR	677	+	114	201193900	27597
chr2	201166303	201366303	harbor1	chr2	201256260	201256461	SINE/MIR	466	+	100	201256360	90057
chr2	36764907	36964907	harbor1	chr2	36779211	36779397	SINE/MIR	448	+	93	36779304	14397
chr2	36764907	36964907	harbor1	chr2	36787535	36787655	SINE/MIR	428	+	60	36787595	22688
chr2	123327493	123527493	harbor1	chr2	123341920	123342172	SINE/MIR	748	+	126	123342046	14553
chr2	123327493	123527493	harbor1	chr2	123342853	123343100	SINE/MIR	874	+	124	123342977	15484
chr2	123327493	123527493	harbor1	chr2	123398622	123398862	SINE/MIR	467	+	120	123398742	71249
chr2	195349835	195549835	harbor1	chr2	195405894	195406075	SINE/MIR	403	+	90	195405984	56149
chr2	132720014	132920014	harbor1	chr2	132762050	132762248	SINE/MIR	482	+	99	132762149	42135
chr2	132720014	132920014	harbor1	chr2	132788423	132788652	SINE/MIR	560	+	114	132788537	68523
chr2	132720014	132920014	harbor1	chr2	132790635	132790848	SINE/MIR	599	+	106	132790741	70727
chr2	132720014	132920014	harbor1	chr2	132793982	132794151	SINE/MIR	636	+	84	132794066	74052
chr2	149035773	149235773	harbor1	chr2	149039524	149039608	SINE/MIR	420	+	42	149039566	3793
chr2	149035773	149235773	harbor1	chr2	149058027	149058186	SINE/MIR	430	+	80	149058107	22334
chr2	149035773	149235773	harbor1	chr2	149060199	149060405	SINE/MIR	667	+	103	149060302	24529
chr2	128404235	128604235	harbor1	chr2	128479184	128479364	SINE/MIR	477	+	90	128479274	75039
chr2	128404235	128604235	harbor1	chr2	128487223	128487474	SINE/MIR	904	+	126	128487349	83114
chr2	44192465	44392465	harbor1	chr2	44197665	44197883	SINE/MIR	465	+	109	44197774	5309
chr2	44192465	44392465	harbor1	chr2	44213980	44214084	SINE/MIR	417	+	52	44214032	21567
chr2	44192465	44392465	harbor1	chr2	44214369	44214398	SINE/MIR	417	+	14	44214383	21918
chr2	44192465	44392465	harbor1	chr2	44214861	44214937	SINE/MIR	417	+	38	44214899	22434
chr2	44192465	44392465	harbor1	chr2	44224986	44225186	SINE/MIR	662	+	100	44225086	32621
chr2	66207082	66407082	harbor1	chr2	66224669	66224916	SINE/MIR	442	+	124	66224793	17711
chr2	66207082	66407082	harbor1	chr2	66228875	66229090	SINE/MIR	424	+	108	66228983	21901
chr2	66207082	66407082	harbor1	chr2	66251129	66251353	SINE/MIR	591	+	112	66251241	44159
chr2	66207082	66407082	harbor1	chr2	66283291	66283385	SINE/MIR	485	+	47	66283338	76256
chr2	111331440	111531440	harbor1	chr2	111357465	111357655	SINE/MIR	456	+	95	111357560	26120
chr2	111331440	111531440	harbor1	chr2	111393454	111393623	SINE/MIR	568	+	84	111393538	62098
chr2	91802178	92002178	harbor1	chr2	91883748	91883985	SINE/MIR	613	+	118	91883866	81688
chr2	39252493	39452493	harbor1	chr2	39274665	39274851	SINE/MIR	573	+	93	39274758	22265
chr2	39252493	39452493	harbor1	chr2	39276470	39276724	SINE/MIR	959	+	127	39276597	24104
chr2	39252493	39452493	harbor1	chr2	39294539	39294765	SINE/MIR	541	+	113	39294652	42159
chr2	39252493	39452493	harbor1	chr2	39305340	39305550	SINE/MIR	508	+	105	39305445	52952
chr2	55831726	56031726	harbor1	chr2	55853219	55853453	SINE/MIR	642	+	117	55853336	21610
chr2	55831726	56031726	harbor1	chr2	55857287	55857499	SINE/MIR	485	+	106	55857393	25667
chr2	55831726	56031726	harbor1	chr2	55870430	55870622	SINE/MIR	624	+	96	55870526	38800
chr2	55831726	56031726	harbor1	chr2	55893423	55893668	SINE/MIR	581	+	122	55893545	61819
chr2	55831726	56031726	harbor1	chr2	55917220	55917282	SINE/MIR	657	+	31	55917251	85525
chr2	55831726	56031726	harbor1	chr2	55917449	55917593	SINE/MIR	657	+	72	55917521	85795
chr2	55831726	56031726	harbor1	chr2	55925020	55925182	SINE/MIR	416	+	81	55925101	93375
chr2	211076998	211276998	harbor1	chr2	211114021	211114257	SINE/MIR	549	+	118	211114139	37141
chr2	54761079	54961079	harbor1	chr2	54768603	54768771	SINE/MIR	434	+	84	54768687	7608
chr2	54761079	54961079	harbor1	chr2	54787379	54787604	SINE/MIR	855	+	112	54787491	26412
chr2	54761079	54961079	harbor1	chr2	54791777	54791923	SINE/MIR	481	+	73	54791850	30771
chr2	54761079	54961079	harbor1	chr2	54797709	54797810	SINE/MIR	414	+	50	54797759	36680
chr2	54761079	54961079	harbor1	chr2	54829867	54830115	SINE/MIR	475	+	124	54829991	68912
chr2	229966213	230166213	harbor1	chr2	229983690	229983918	SINE/MIR	775	+	114	229983804	17591
chr2	229966213	230166213	harbor1	chr2	229989986	229990264	SINE/MIR	442	+	139	229990125	23912
chr2	229966213	230166213	harbor1	chr2	230055050	230055279	SINE/MIR	552	+	114	230055164	88951
chr2	238986786	239186786	harbor1	chr2	239034001	239034227	SINE/MIR	465	+	113	239034114	47328
chr2	57573476	57773476	harbor1	chr2	57619733	57619895	SINE/MIR	475	+	81	57619814	46338
chr2	197312438	197512438	harbor1	chr2	197358457	197358582	SINE/MIR	431	+	62	197358519	46081
chr2	197312438	197512438	harbor1	chr2	197360563	197360764	SINE/MIR	428	+	100	197360663	48225
chr2	197312438	197512438	harbor1	chr2	197382544	197382688	SINE/MIR	444	+	72	197382616	70178
chr2	165670113	165870113	harbor1	chr2	165670488	165670698	SINE/MIR	804	+	105	165670593	480
chr2	165670113	165870113	harbor1	chr2	165750296	165750442	SINE/MIR	588	+	73	165750369	80256
chr2	165670113	165870113	harbor1	chr2	165763803	165763979	SINE/MIR	551	+	88	165763891	93778
chr2	90077554	90277554	harbor1	chr2	90090418	90090637	SINE/MIR	517	+	110	90090528	12974
chr2	28248505	28448505	harbor1	chr2	28273852	28273986	SINE/MIR	412	+	67	28273919	25414
chr2	28248505	28448505	harbor1	chr2	28297142	28297367	SINE/MIR	419	+	112	28297254	48749
chr2	28248505	28448505	harbor1	chr2	28308740	28308928	SINE/MIR	617	+	94	28308834	60329
chr2	28248505	28448505	harbor1	chr2	28324390	28324491	SINE/MIR	521	+	50	28324440	75935
chr2	28248505	28448505	harbor1	chr2	28324827	28324965	SINE/MIR	521	+	69	28324896	76391
chr2	28248505	28448505	harbor1	chr2	28342328	28342476	SINE/MIR	566	+	74	28342402	93897
chr2	28248505	28448505	harbor1	chr2	28345367	28345610	SINE/MIR	564	+	122	28345489	96984
chr2	62279677	62479677	harbor1	chr2	62281488	62281691	SINE/MIR	596	+	102	62281590	1913
chr2	62279677	62479677	harbor1	chr2	62362843	62363055	SINE/MIR	569	+	106	62362949	83272
chr2	2267415	2467415	harbor1	chr2	2344999	2345239	SINE/MIR	548	+	120	2345119	77704
chr2	5948330	6148330	harbor1	chr2	5971766	5971926	SINE/MIR	415	+	80	5971846	23516
chr2	5948330	6148330	harbor1	chr2	6020030	6020190	SINE/MIR	608	+	80	6020110	71780
chr2	5948330	6148330	harbor1	chr2	6022748	6022977	SINE/MIR	632	+	114	6022862	74532
chr2	5948330	6148330	harbor1	chr2	6035621	6035878	SINE/MIR	765	+	128	6035749	87419
chr2	5948330	6148330	harbor1	chr2	6037967	6038115	SINE/MIR	429	+	74	6038041	89711
chr2	127331616	127531616	harbor1	chr2	127362162	127362398	SINE/MIR	839	+	118	127362280	30664
chr2	127331616	127531616	harbor1	chr2	127379762	127379990	SINE/MIR	953	+	114	127379876	48260
chr2	127331616	127531616	harbor1	chr2	127386862	127387048	SINE/MIR	522	+	93	127386955	55339
chr2	127331616	127531616	harbor1	chr2	127419199	127419311	SINE/MIR	400	+	56	127419255	87639
chr2	87028414	87228414	harbor1	chr2	87081817	87081927	SINE/MIR	484	+	55	87081872	53458
chr2	87028414	87228414	harbor1	chr2	87106533	87106767	SINE/MIR	507	+	117	87106650	78236
chr2	122163960	122363960	harbor1	chr2	122168506	122168713	SINE/MIR	754	+	104	122168610	4650
chr2	122163960	122363960	harbor1	chr2	122172801	122173035	SINE/MIR	765	+	117	122172918	8958
chr2	122163960	122363960	harbor1	chr2	122186106	122186250	SINE/MIR	481	+	72	122186178	22218
chr2	122163960	122363960	harbor1	chr2	122191887	122192063	SINE/MIR	483	+	88	122191975	28015
chr2	122163960	122363960	harbor1	chr2	122212410	122212627	SINE/MIR	428	+	108	122212518	48558
chr2	122163960	122363960	harbor1	chr2	122222029	122222224	SINE/MIR	461	+	98	122222127	58167
chr2	122163960	122363960	harbor1	chr2	122227912	122228161	SINE/MIR	477	+	124	122228036	64076
chr2	122163960	122363960	harbor1	chr2	122231016	122231272	SINE/MIR	520	+	128	122231144	67184
chr2	122163960	122363960	harbor1	chr2	122234011	122234264	SINE/MIR	594	+	126	122234137	70177
chr2	122163960	122363960	harbor1	chr2	122235240	122235441	SINE/MIR	427	+	100	122235340	71380
chr2	122163960	122363960	harbor1	chr2	122247964	122248172	SINE/MIR	673	+	104	122248068	84108
chr2	116212458	116412458	harbor1	chr2	116295742	116295910	SINE/MIR	463	+	84	116295826	83368
chr2	116212458	116412458	harbor1	chr2	116306632	116306778	SINE/MIR	449	+	73	116306705	94247
chr2	197954001	198154001	harbor1	chr2	197985107	197985334	SINE/MIR	464	+	114	197985221	31220
chr2	197954001	198154001	harbor1	chr2	198014289	198014543	SINE/MIR	748	+	127	198014416	60415
chr2	197954001	198154001	harbor1	chr2	198016470	198016694	SINE/MIR	702	+	112	198016582	62581
chr2	169674112	169874112	harbor1	chr2	169681363	169681552	SINE/MIR	592	+	94	169681457	7345
chr2	169674112	169874112	harbor1	chr2	169682740	169682963	SINE/MIR	624	+	112	169682852	8740
chr2	169674112	169874112	harbor1	chr2	169698365	169698595	SINE/MIR	577	+	115	169698480	24368
chr2	169674112	169874112	harbor1	chr2	169711282	169711464	SINE/MIR	518	+	91	169711373	37261
chr2	169674112	169874112	harbor1	chr2	169737020	169737273	SINE/MIR	915	+	126	169737146	63034
chr2	222830801	223030801	harbor1	chr2	222842123	222842312	SINE/MIR	496	+	94	222842217	11416
chr2	222830801	223030801	harbor1	chr2	222868209	222868432	SINE/MIR	747	+	112	222868321	37520
chr2	222830801	223030801	harbor1	chr2	222909645	222909806	SINE/MIR	615	+	80	222909725	78924
chr2	222830801	223030801	harbor1	chr2	222913715	222913949	SINE/MIR	680	+	117	222913832	83031
chr2	16651278	16851278	harbor1	chr2	16659250	16659461	SINE/MIR	532	+	106	16659356	8078
chr2	16651278	16851278	harbor1	chr2	16661764	16661939	SINE/MIR	532	+	88	16661852	10574
chr2	16651278	16851278	harbor1	chr2	16663982	16664106	SINE/MIR	476	+	62	16664044	12766
chr2	16651278	16851278	harbor1	chr2	16675013	16675224	SINE/MIR	474	+	106	16675119	23841
chr2	16651278	16851278	harbor1	chr2	16711982	16712234	SINE/MIR	836	+	126	16712108	60830
chr2	16651278	16851278	harbor1	chr2	16712611	16712802	SINE/MIR	487	+	96	16712707	61429
chr2	16651278	16851278	harbor1	chr2	16711465	16711690	SINE/MIR	624	+	112	16711577	60299
chr2	33575951	33775951	harbor1	chr2	33579424	33579554	SINE/MIR	442	+	65	33579489	3538
chr2	33575951	33775951	harbor1	chr2	33593959	33594188	SINE/MIR	694	+	114	33594073	18122
chr2	33575951	33775951	harbor1	chr2	33623978	33624223	SINE/MIR	933	+	122	33624100	48149
chr2	33575951	33775951	harbor1	chr2	33638430	33638493	SINE/MIR	524	+	32	33638462	62511
chr2	33575951	33775951	harbor1	chr2	33638792	33638963	SINE/MIR	524	+	86	33638878	62927
chr2	33575951	33775951	harbor1	chr2	33652224	33652459	SINE/MIR	532	+	118	33652342	76391
chr2	53326180	53526180	harbor1	chr2	53377546	53377764	SINE/MIR	1003	+	109	53377655	51475
chr2	19174725	19374725	harbor1	chr2	19189796	19190017	SINE/MIR	710	+	110	19189906	15181
chr2	19174725	19374725	harbor1	chr2	19212783	19212982	SINE/MIR	433	+	100	19212883	38158
chr2	19174725	19374725	harbor1	chr2	19225638	19225758	SINE/MIR	402	+	60	19225698	50973
chr2	19174725	19374725	harbor1	chr2	19249076	19249271	SINE/MIR	509	+	98	19249174	74449
chr2	19174725	19374725	harbor1	chr2	19274339	19274581	SINE/MIR	835	+	121	19274460	99735
chr2	222343506	222543506	harbor1	chr2	222411285	222411500	SINE/MIR	429	+	108	222411393	67887
chr2	222343506	222543506	harbor1	chr2	222412289	222412464	SINE/MIR	615	+	88	222412377	68871
chr2	18584961	18784961	harbor1	chr2	18585987	18586211	SINE/MIR	733	+	112	18586099	1138
chr2	18584961	18784961	harbor1	chr2	18595928	18596130	SINE/MIR	421	+	101	18596029	11068
chr2	18584961	18784961	harbor1	chr2	18598724	18598951	SINE/MIR	573	+	114	18598838	13877
chr2	18584961	18784961	harbor1	chr2	18623589	18623730	SINE/MIR	465	+	70	18623659	38698
chr2	18584961	18784961	harbor1	chr2	18624304	18624505	SINE/MIR	459	+	100	18624404	39443
chr2	18584961	18784961	harbor1	chr2	18643745	18643854	SINE/MIR	453	+	54	18643799	58838
chr2	18584961	18784961	harbor1	chr2	18646753	18646820	SINE/MIR	420	+	34	18646787	61826
chr2	18584961	18784961	harbor1	chr2	18651745	18651895	SINE/MIR	422	+	75	18651820	66859
chr2	18584961	18784961	harbor1	chr2	18656549	18656672	SINE/MIR	492	+	62	18656611	71650
chr2	18584961	18784961	harbor1	chr2	18664621	18664846	SINE/MIR	587	+	112	18664733	79772
chr2	137692291	137892291	harbor1	chr2	137770796	137770956	SINE/MIR	507	+	80	137770876	78585
chr2	137692291	137892291	harbor1	chr2	137777174	137777406	SINE/MIR	506	+	116	137777290	84999
chr2	86859648	87059648	harbor1	chr2	86939676	86939725	SINE/MIR	453	+	24	86939700	80052
chr2	86859648	87059648	harbor1	chr2	86940039	86940186	SINE/MIR	453	+	74	86940113	80465
chr2	167160013	167360013	harbor1	chr2	167182591	167182803	SINE/MIR	570	+	106	167182697	22684
chr2	167160013	167360013	harbor1	chr2	167194666	167194904	SINE/MIR	961	+	119	167194785	34772
chr2	167160013	167360013	harbor1	chr2	167201869	167202051	SINE/MIR	446	+	91	167201960	41947
chr2	167160013	167360013	harbor1	chr2	167204450	167204661	SINE/MIR	535	+	106	167204556	44543
chr2	167160013	167360013	harbor1	chr2	167210986	167211097	SINE/MIR	588	+	56	167211042	51029
chr2	167160013	167360013	harbor1	chr2	167211395	167211542	SINE/MIR	588	+	74	167211469	51456
chr2	167160013	167360013	harbor1	chr2	167220251	167220500	SINE/MIR	957	+	124	167220375	60362
chr3	121881931	122081931	harbor1	chr3	121921348	121921582	SINE/MIR	500	+	117	121921465	39534
chr3	121881931	122081931	harbor1	chr3	121939712	121939812	SINE/MIR	416	+	50	121939762	57831
chr3	121881931	122081931	harbor1	chr3	121940106	121940194	SINE/MIR	416	+	44	121940150	58219
chr3	121430729	121630729	harbor1	chr3	121450039	121450237	SINE/MIR	717	+	99	121450138	19409
chr3	121430729	121630729	harbor1	chr3	121458451	121458582	SINE/MIR	609	+	66	121458517	27788
chr3	146069718	146269718	harbor1	chr3	146091184	146091411	SINE/MIR	890	+	114	146091298	21580
chr3	146069718	146269718	harbor1	chr3	146103126	146103325	SINE/MIR	408	+	100	146103226	33508
chr3	146069718	146269718	harbor1	chr3	146111311	146111537	SINE/MIR	453	+	113	146111424	41706
chr3	146069718	146269718	harbor1	chr3	146129430	146129593	SINE/MIR	411	+	82	146129512	59794
chr3	147666706	147866706	harbor1	chr3	147732448	147732682	SINE/MIR	916	+	117	147732565	65859
chr3	147666706	147866706	harbor1	chr3	147739339	147739564	SINE/MIR	517	+	112	147739451	72745
chr3	64425570	64625570	harbor1	chr3	64432676	64432889	SINE/MIR	414	+	106	64432782	7212
chr3	64425570	64625570	harbor1	chr3	64440076	64440291	SINE/MIR	539	+	108	64440184	14614
chr3	64425570	64625570	harbor1	chr3	64440702	64440897	SINE/MIR	561	+	98	64440800	15230
chr3	64425570	64625570	harbor1	chr3	64471930	64472151	SINE/MIR	518	+	110	64472040	46470
chr3	64425570	64625570	harbor1	chr3	64484288	64484487	SINE/MIR	500	+	100	64484388	58818
chr3	64425570	64625570	harbor1	chr3	64493860	64494070	SINE/MIR	516	+	105	64493965	68395
chr3	64425570	64625570	harbor1	chr3	64496168	64496322	SINE/MIR	556	+	77	64496245	70675
chr3	64425570	64625570	harbor1	chr3	64518679	64518764	SINE/MIR	494	+	42	64518721	93151
chr3	64425570	64625570	harbor1	chr3	64519078	64519187	SINE/MIR	494	+	54	64519132	93562
chr3	41084512	41284512	harbor1	chr3	41087626	41087804	SINE/MIR	421	+	89	41087715	3203
chr3	41084512	41284512	harbor1	chr3	41090299	41090542	SINE/MIR	608	+	122	41090421	5909
chr3	49991538	50191538	harbor1	chr3	49996852	49997093	SINE/MIR	460	+	120	49996972	5434
chr3	49991538	50191538	harbor1	chr3	50006465	50006649	SINE/MIR	450	+	92	50006557	15019
chr3	49991538	50191538	harbor1	chr3	50008865	50009012	SINE/MIR	486	+	74	50008939	17401
chr3	49991538	50191538	harbor1	chr3	50046827	50047012	SINE/MIR	408	+	92	50046919	55381
chr3	49991538	50191538	harbor1	chr3	50053073	50053210	SINE/MIR	483	+	68	50053141	61603
chr3	72242407	72442407	harbor1	chr3	72249977	72250120	SINE/MIR	638	+	72	72250049	7642
chr3	72242407	72442407	harbor1	chr3	72260147	72260274	SINE/MIR	572	+	64	72260211	17804
chr3	72242407	72442407	harbor1	chr3	72278902	72279058	SINE/MIR	585	+	78	72278980	36573
chr3	72242407	72442407	harbor1	chr3	72288642	72288856	SINE/MIR	424	+	107	72288749	46342
chr3	72242407	72442407	harbor1	chr3	72295386	72295599	SINE/MIR	792	+	106	72295492	53085
chr3	72242407	72442407	harbor1	chr3	72302761	72302994	SINE/MIR	795	+	116	72302877	60470
chr3	72242407	72442407	harbor1	chr3	72306774	72307007	SINE/MIR	691	+	116	72306890	64483
chr3	72242407	72442407	harbor1	chr3	72307503	72307754	SINE/MIR	621	+	126	72307629	65222
chr3	72242407	72442407	harbor1	chr3	72310178	72310223	SINE/MIR	458	+	22	72310200	67793
chr3	72242407	72442407	harbor1	chr3	72310401	72310476	SINE/MIR	458	+	38	72310439	68032
chr3	72242407	72442407	harbor1	chr3	72315708	72315896	SINE/MIR	624	+	94	72315802	73395
chr3	72242407	72442407	harbor1	chr3	72318057	72318177	SINE/MIR	427	+	60	72318117	75710
chr3	72242407	72442407	harbor1	chr3	72318483	72318547	SINE/MIR	427	+	32	72318515	76108
chr3	72242407	72442407	harbor1	chr3	72319432	72319664	SINE/MIR	844	+	116	72319548	77141
chr3	72242407	72442407	harbor1	chr3	72326139	72326273	SINE/MIR	562	+	67	72326206	83799
chr3	72242407	72442407	harbor1	chr3	72328441	72328571	SINE/MIR	515	+	65	72328506	86099
chr3	72242407	72442407	harbor1	chr3	72330450	72330575	SINE/MIR	515	+	62	72330512	88105
chr3	72242407	72442407	harbor1	chr3	72330861	72330967	SINE/MIR	515	+	53	72330914	88507
chr3	72242407	72442407	harbor1	chr3	72332864	72332998	SINE/MIR	511	+	67	72332931	90524
chr3	72242407	72442407	harbor1	chr3	72333820	72333977	SINE/MIR	742	+	78	72333898	91491
chr3	72242407	72442407	harbor1	chr3	72336210	72336426	SINE/MIR	589	+	108	72336318	93911
chr3	72242407	72442407	harbor1	chr3	72340445	72340659	SINE/MIR	439	+	107	72340552	98145
chr3	72242407	72442407	harbor1	chr3	72341447	72341659	SINE/MIR	699	+	106	72341553	99146
chr3	36826635	37026635	harbor1	chr3	36847783	36847978	SINE/MIR	417	+	98	36847881	21246
chr3	36826635	37026635	harbor1	chr3	36854574	36854692	SINE/MIR	434	+	59	36854633	27998
chr3	154409220	154609220	harbor1	chr3	154456260	154456354	SINE/MIR	499	+	47	154456307	47087
chr3	154409220	154609220	harbor1	chr3	154466348	154466546	SINE/MIR	494	+	99	154466447	57227
chr3	154409220	154609220	harbor1	chr3	154470427	154470605	SINE/MIR	826	+	89	154470516	61296
chr3	154409220	154609220	harbor1	chr3	154505300	154505431	SINE/MIR	468	+	66	154505366	96146
chr3	148727451	148927451	harbor1	chr3	148773115	148773357	SINE/MIR	560	+	121	148773236	45785
chr3	148727451	148927451	harbor1	chr3	148797067	148797253	SINE/MIR	605	+	93	148797160	69709
chr3	188616616	188816616	harbor1	chr3	188644890	188645121	SINE/MIR	618	+	116	188645006	28390
chr3	188616616	188816616	harbor1	chr3	188653124	188653307	SINE/MIR	471	+	92	188653216	36600
chr3	188616616	188816616	harbor1	chr3	188675565	188675736	SINE/MIR	437	+	86	188675651	59035
chr3	188616616	188816616	harbor1	chr3	188693170	188693367	SINE/MIR	538	+	98	188693268	76652
chr3	188616616	188816616	harbor1	chr3	188694998	188695170	SINE/MIR	417	+	86	188695084	78468
chr3	188616616	188816616	harbor1	chr3	188710860	188711046	SINE/MIR	530	+	93	188710953	94337
chr3	136705744	136905744	harbor1	chr3	136728397	136728627	SINE/MIR	788	+	115	136728512	22768
chr3	136705744	136905744	harbor1	chr3	136730394	136730588	SINE/MIR	427	+	97	136730491	24747
chr3	136705744	136905744	harbor1	chr3	136754747	136754894	SINE/MIR	551	+	74	136754821	49077
chr3	113017192	113217192	harbor1	chr3	113020371	113020548	SINE/MIR	557	+	88	113020459	3267
chr3	113017192	113217192	harbor1	chr3	113106813	113106958	SINE/MIR	512	+	72	113106885	89693
chr3	113017192	113217192	harbor1	chr3	113110580	113110840	SINE/MIR	845	+	130	113110710	93518
chr3	130389895	130589895	harbor1	chr3	130394244	130394472	SINE/MIR	473	+	114	130394358	4463
chr3	130389895	130589895	harbor1	chr3	130423942	130424160	SINE/MIR	701	+	109	130424051	34156
chr3	130389895	130589895	harbor1	chr3	130462917	130463137	SINE/MIR	628	+	110	130463027	73132
chr3	130389895	130589895	harbor1	chr3	130477995	130478231	SINE/MIR	886	+	118	130478113	88218
chr3	44953778	45153778	harbor1	chr3	44970359	44970547	SINE/MIR	666	+	94	44970453	16675
chr3	44953778	45153778	harbor1	chr3	44973259	44973453	SINE/MIR	1078	+	97	44973356	19578
chr3	44953778	45153778	harbor1	chr3	44973758	44973817	SINE/MIR	1078	+	30	44973788	20010
chr3	44953778	45153778	harbor1	chr3	44984595	44984812	SINE/MIR	614	+	108	44984703	30925
chr3	44953778	45153778	harbor1	chr3	44988848	44988985	SINE/MIR	577	+	68	44988916	35138
chr3	44953778	45153778	harbor1	chr3	44990105	44990358	SINE/MIR	617	+	126	44990231	36453
chr3	44953778	45153778	harbor1	chr3	44994024	44994252	SINE/MIR	882	+	114	44994138	40360
chr3	44953778	45153778	harbor1	chr3	45008528	45008696	SINE/MIR	412	+	84	45008612	54834
chr3	44953778	45153778	harbor1	chr3	45025878	45026006	SINE/MIR	471	+	64	45025942	72164
chr3	44953778	45153778	harbor1	chr3	45029938	45030150	SINE/MIR	426	+	106	45030044	76266
chr3	44953778	45153778	harbor1	chr3	45039468	45039607	SINE/MIR	443	+	70	45039538	85760
chr3	184080515	184280515	harbor1	chr3	184098164	184098405	SINE/MIR	900	+	120	184098284	17769
chr3	184080515	184280515	harbor1	chr3	184100161	184100387	SINE/MIR	859	+	113	184100274	19759
chr3	184080515	184280515	harbor1	chr3	184161763	184161942	SINE/MIR	651	+	90	184161853	81338
chr3	184080515	184280515	harbor1	chr3	184161957	184162177	SINE/MIR	586	+	110	184162067	81552
chr3	184080515	184280515	harbor1	chr3	184165806	184166038	SINE/MIR	592	+	116	184165922	85407
chr3	184080515	184280515	harbor1	chr3	184173370	184173600	SINE/MIR	1222	+	115	184173485	92970
chr3	98266368	98466368	harbor1	chr3	98334188	98334447	SINE/MIR	530	+	130	98334318	67950
chr3	98266368	98466368	harbor1	chr3	98345780	98346039	SINE/MIR	711	+	130	98345910	79542
chr3	138974591	139174591	harbor1	chr3	138981919	138982191	SINE/MIR	755	+	136	138982055	7464
chr3	138974591	139174591	harbor1	chr3	138983372	138983584	SINE/MIR	665	+	106	138983478	8887
chr3	138974591	139174591	harbor1	chr3	138984197	138984374	SINE/MIR	538	+	88	138984285	9694
chr3	138974591	139174591	harbor1	chr3	139047855	139047982	SINE/MIR	497	+	64	139047919	73328
chr3	134198894	134398894	harbor1	chr3	134208708	134208886	SINE/MIR	574	+	89	134208797	9903
chr3	134198894	134398894	harbor1	chr3	134237566	134237774	SINE/MIR	441	+	104	134237670	38776
chr3	134198894	134398894	harbor1	chr3	134248808	134248959	SINE/MIR	480	+	76	134248884	49990
chr3	19736976	19936976	harbor1	chr3	19772071	19772184	SINE/MIR	462	+	56	19772127	35151
chr3	19736976	19936976	harbor1	chr3	19809710	19809928	SINE/MIR	453	+	109	19809819	72843
chr3	19736976	19936976	harbor1	chr3	19816758	19816980	SINE/MIR	660	+	111	19816869	79893
chr3	128494353	128694353	harbor1	chr3	128518415	128518545	SINE/MIR	622	+	65	128518480	24127
chr3	128494353	128694353	harbor1	chr3	128518894	128519013	SINE/MIR	622	+	60	128518954	24601
chr3	128494353	128694353	harbor1	chr3	128519948	128520185	SINE/MIR	604	+	118	128520066	25713
chr3	128494353	128694353	harbor1	chr3	128520253	128520364	SINE/MIR	413	+	56	128520309	25956
chr3	128494353	128694353	harbor1	chr3	128524573	128524680	SINE/MIR	410	+	54	128524627	30274
chr3	128494353	128694353	harbor1	chr3	128567460	128567688	SINE/MIR	501	+	114	128567574	73221
chr3	128494353	128694353	harbor1	chr3	128572390	128572624	SINE/MIR	504	+	117	128572507	78154
chr3	31383156	31583156	harbor1	chr3	31404731	31404884	SINE/MIR	572	+	76	31404807	21651
chr3	31383156	31583156	harbor1	chr3	31464982	31465198	SINE/MIR	860	+	108	31465090	81934
chr3	31383156	31583156	harbor1	chr3	31477804	31478026	SINE/MIR	806	+	111	31477915	94759
chr3	31383156	31583156	harbor1	chr3	31481770	31481990	SINE/MIR	496	+	110	31481880	98724
chr3	4541244	4741244	harbor1	chr3	4546924	4547063	SINE/MIR	408	+	70	4546994	5750
chr3	4541244	4741244	harbor1	chr3	4559934	4560136	SINE/MIR	874	+	101	4560035	18791
chr3	4541244	4741244	harbor1	chr3	4566978	4567180	SINE/MIR	741	+	101	4567079	25835
chr3	4541244	4741244	harbor1	chr3	4628125	4628366	SINE/MIR	808	+	120	4628245	87001
chr3	160200097	160400097	harbor1	chr3	160275028	160275188	SINE/MIR	487	+	80	160275108	75011
chr3	26266349	26466349	harbor1	chr3	26363675	26363829	SINE/MIR	558	+	77	26363752	97403
chr3	96849942	97049942	harbor1	chr3	96949316	96949499	SINE/MIR	531	+	92	96949408	99466
chr3	120835789	121035789	harbor1	chr3	120855519	120855709	SINE/MIR	524	+	95	120855614	19825
chr3	120835789	121035789	harbor1	chr3	120857848	120858082	SINE/MIR	870	+	117	120857965	22176
chr3	120835789	121035789	harbor1	chr3	120866348	120866598	SINE/MIR	915	+	125	120866473	30684
chr3	120835789	121035789	harbor1	chr3	120874608	120874796	SINE/MIR	477	+	94	120874702	38913
chr3	120835789	121035789	harbor1	chr3	120903889	120904075	SINE/MIR	643	+	93	120903982	68193
chr3	120835789	121035789	harbor1	chr3	120904362	120904408	SINE/MIR	643	+	23	120904385	68596
chr3	120835789	121035789	harbor1	chr3	120904948	120905178	SINE/MIR	750	+	115	120905063	69274
chr3	120835789	121035789	harbor1	chr3	120911360	120911614	SINE/MIR	674	+	127	120911487	75698
chr3	100142998	100342998	harbor1	chr3	100146449	100146626	SINE/MIR	506	+	88	100146537	3539
chr3	100142998	100342998	harbor1	chr3	100148581	100148740	SINE/MIR	474	+	80	100148661	5663
chr3	100142998	100342998	harbor1	chr3	100166507	100166670	SINE/MIR	573	+	82	100166589	23591
chr3	100142998	100342998	harbor1	chr3	100173797	100174030	SINE/MIR	781	+	116	100173913	30915
chr3	67926982	68126982	harbor1	chr3	67938676	67938911	SINE/MIR	560	+	118	67938794	11812
chr3	67926982	68126982	harbor1	chr3	67966361	67966595	SINE/MIR	696	+	117	67966478	39496
chr3	67926982	68126982	harbor1	chr3	67968155	67968376	SINE/MIR	750	+	110	67968265	41283
chr3	67926982	68126982	harbor1	chr3	67986296	67986485	SINE/MIR	567	+	94	67986390	59408
chr3	67926982	68126982	harbor1	chr3	67991184	67991315	SINE/MIR	429	+	66	67991250	64268
chr3	67926982	68126982	harbor1	chr3	67994257	67994429	SINE/MIR	434	+	86	67994343	67361
chr3	67926982	68126982	harbor1	chr3	68002706	68002942	SINE/MIR	664	+	118	68002824	75842
chr3	81156579	81356579	harbor1	chr3	81213207	81213249	SINE/MIR	472	+	21	81213228	56649
chr3	81156579	81356579	harbor1	chr3	81213543	81213707	SINE/MIR	472	+	82	81213625	57046
chr3	174414129	174614129	harbor1	chr3	174419119	174419304	SINE/MIR	687	+	92	174419211	5082
chr3	174414129	174614129	harbor1	chr3	174471600	174471834	SINE/MIR	575	+	117	174471717	57588
chr3	174414129	174614129	harbor1	chr3	174488238	174488447	SINE/MIR	590	+	104	174488342	74213
chr3	33052218	33252218	harbor1	chr3	33098479	33098684	SINE/MIR	716	+	102	33098581	46363
chr3	33052218	33252218	harbor1	chr3	33130210	33130415	SINE/MIR	659	+	102	33130312	78094
chr3	33052218	33252218	harbor1	chr3	33135083	33135198	SINE/MIR	458	+	58	33135141	82923
chr3	61396810	61596810	harbor1	chr3	61404603	61404841	SINE/MIR	597	+	119	61404722	7912
chr3	61396810	61596810	harbor1	chr3	61441326	61441551	SINE/MIR	641	+	112	61441438	44628
chr3	61396810	61596810	harbor1	chr3	61465409	61465574	SINE/MIR	528	+	82	61465491	68681
chr3	61396810	61596810	harbor1	chr3	61474982	61475081	SINE/MIR	412	+	50	61475032	78222
chr3	61396810	61596810	harbor1	chr3	61493633	61493854	SINE/MIR	612	+	110	61493743	96933
chr3	107906777	108106777	harbor1	chr3	107926668	107926909	SINE/MIR	837	+	120	107926788	20011
chr3	107906777	108106777	harbor1	chr3	107941953	107942159	SINE/MIR	512	+	103	107942056	35279
chr3	107906777	108106777	harbor1	chr3	107978840	107979065	SINE/MIR	647	+	112	107978952	72175
chr3	107906777	108106777	harbor1	chr3	108005120	108005165	SINE/MIR	486	+	22	108005142	98365
chr3	107906777	108106777	harbor1	chr3	108005497	108005606	SINE/MIR	486	+	54	108005551	98774
chr3	127647504	127847504	harbor1	chr3	127708939	127709105	SINE/MIR	643	+	83	127709022	61518
chr3	127647504	127847504	harbor1	chr3	127737316	127737480	SINE/MIR	496	+	82	127737398	89894
chr3	127647504	127847504	harbor1	chr3	127739162	127739392	SINE/MIR	570	+	115	127739277	91773
chr3	127647504	127847504	harbor1	chr3	127745006	127745250	SINE/MIR	488	+	122	127745128	97624
chr3	55748133	55948133	harbor1	chr3	55753858	55754064	SINE/MIR	630	+	103	55753961	5828
chr3	55748133	55948133	harbor1	chr3	55757555	55757684	SINE/MIR	576	+	64	55757619	9486
chr3	55748133	55948133	harbor1	chr3	55786996	55787127	SINE/MIR	406	+	66	55787062	38929
chr3	55748133	55948133	harbor1	chr3	55795681	55795850	SINE/MIR	621	+	84	55795765	47632
chr3	55748133	55948133	harbor1	chr3	55806747	55806897	SINE/MIR	491	+	75	55806822	58689
chr3	55748133	55948133	harbor1	chr3	55817602	55817851	SINE/MIR	529	+	124	55817726	69593
chr3	55748133	55948133	harbor1	chr3	55818551	55818757	SINE/MIR	441	+	103	55818654	70521
chr3	53951915	54151915	harbor1	chr3	53983891	53984033	SINE/MIR	576	+	71	53983962	32047
chr3	53951915	54151915	harbor1	chr3	53989209	53989390	SINE/MIR	428	+	90	53989299	37384
chr3	53951915	54151915	harbor1	chr3	54002400	54002581	SINE/MIR	610	+	90	54002490	50575
chr3	53951915	54151915	harbor1	chr3	54008355	54008570	SINE/MIR	466	+	108	54008463	56548
chr3	53951915	54151915	harbor1	chr3	54025373	54025612	SINE/MIR	444	+	120	54025493	73578
chr3	143391911	143591911	harbor1	chr3	143420106	143420332	SINE/MIR	604	+	113	143420219	28308
chr3	143391911	143591911	harbor1	chr3	143424756	143425001	SINE/MIR	570	+	122	143424878	32967
chr3	10927688	11127688	harbor1	chr3	10927683	10927818	SINE/MIR	416	+	68	10927751	63
chr3	10927688	11127688	harbor1	chr3	10928883	10929030	SINE/MIR	577	+	74	10928957	1269
chr3	10927688	11127688	harbor1	chr3	10931106	10931344	SINE/MIR	674	+	119	10931225	3537
chr3	10927688	11127688	harbor1	chr3	10935410	10935543	SINE/MIR	406	+	66	10935476	7788
chr3	10927688	11127688	harbor1	chr3	10938905	10939076	SINE/MIR	466	+	86	10938991	11303
chr3	10927688	11127688	harbor1	chr3	10946100	10946254	SINE/MIR	560	+	77	10946177	18489
chr3	10927688	11127688	harbor1	chr3	10946320	10946524	SINE/MIR	431	+	102	10946422	18734
chr3	10927688	11127688	harbor1	chr3	10948757	10948915	SINE/MIR	546	+	79	10948836	21148
chr3	10927688	11127688	harbor1	chr3	10948994	10949108	SINE/MIR	448	+	57	10949051	21363
chr3	10927688	11127688	harbor1	chr3	10952073	10952295	SINE/MIR	1076	+	111	10952184	24496
chr3	10927688	11127688	harbor1	chr3	10953182	10953413	SINE/MIR	405	+	116	10953298	25610
chr3	10927688	11127688	harbor1	chr3	10954298	10954455	SINE/MIR	502	+	78	10954376	26688
chr3	10927688	11127688	harbor1	chr3	10956814	10957042	SINE/MIR	494	+	114	10956928	29240
chr3	10927688	11127688	harbor1	chr3	10957885	10958103	SINE/MIR	459	+	109	10957994	30306
chr3	10927688	11127688	harbor1	chr3	10959000	10959161	SINE/MIR	646	+	80	10959080	31392
chr3	10927688	11127688	harbor1	chr3	10985838	10986064	SINE/MIR	759	+	113	10985951	58263
chr3	10927688	11127688	harbor1	chr3	10988865	10989043	SINE/MIR	456	+	89	10988954	61266
chr3	10927688	11127688	harbor1	chr3	11001697	11001941	SINE/MIR	706	+	122	11001819	74131
chr3	10927688	11127688	harbor1	chr3	11008025	11008164	SINE/MIR	576	+	70	11008095	80407
chr3	10927688	11127688	harbor1	chr3	11008688	11008823	SINE/MIR	406	+	68	11008756	81068
chr3	10927688	11127688	harbor1	chr3	11018958	11019090	SINE/MIR	615	+	66	11019024	91336
chr3	10927688	11127688	harbor1	chr3	11019776	11019868	SINE/MIR	415	+	46	11019822	92134
chr3	10927688	11127688	harbor1	chr3	11019970	11020100	SINE/MIR	459	+	65	11020035	92347
chr3	10927688	11127688	harbor1	chr3	11022575	11022722	SINE/MIR	511	+	74	11022649	94961
chr3	10927688	11127688	harbor1	chr3	11022919	11023109	SINE/MIR	708	+	95	11023014	95326
chr3	10927688	11127688	harbor1	chr3	11023643	11023876	SINE/MIR	811	+	116	11023759	96071
chr3	10927688	11127688	harbor1	chr3	10927930	10928178	SINE/MIR	904	+	124	10928054	366
chr3	10927688	11127688	harbor1	chr3	10960818	10961067	SINE/MIR	449	+	124	10960942	33254
chr3	188111066	188311066	harbor1	chr3	188111156	188111296	SINE/MIR	430	+	70	188111226	160
chr3	188111066	188311066	harbor1	chr3	188166997	188167197	SINE/MIR	463	+	100	188167097	56031
chr3	188111066	188311066	harbor1	chr3	188172253	188172483	SINE/MIR	823	+	115	188172368	61302
chr3	188111066	188311066	harbor1	chr3	188176851	188176978	SINE/MIR	511	+	64	188176915	65849
chr3	188111066	188311066	harbor1	chr3	188193288	188193521	SINE/MIR	791	+	116	188193404	82338
chr3	188111066	188311066	harbor1	chr3	188206773	188206945	SINE/MIR	656	+	86	188206859	95793
chr3	188111066	188311066	harbor1	chr3	188209178	188209356	SINE/MIR	474	+	89	188209267	98201
chr3	10387589	10587589	harbor1	chr3	10404375	10404577	SINE/MIR	501	+	101	10404476	16887
chr3	10387589	10587589	harbor1	chr3	10405007	10405136	SINE/MIR	451	+	64	10405071	17482
chr3	10387589	10587589	harbor1	chr3	10408890	10409118	SINE/MIR	545	+	114	10409004	21415
chr3	10387589	10587589	harbor1	chr3	10415080	10415296	SINE/MIR	449	+	108	10415188	27599
chr3	10387589	10587589	harbor1	chr3	10415892	10416082	SINE/MIR	521	+	95	10415987	28398
chr3	10387589	10587589	harbor1	chr3	10425429	10425611	SINE/MIR	442	+	91	10425520	37931
chr3	10387589	10587589	harbor1	chr3	10428092	10428285	SINE/MIR	548	+	96	10428188	40599
chr3	10387589	10587589	harbor1	chr3	10432106	10432223	SINE/MIR	443	+	58	10432164	44575
chr3	10387589	10587589	harbor1	chr3	10433452	10433653	SINE/MIR	458	+	100	10433552	45963
chr3	10387589	10587589	harbor1	chr3	10435040	10435179	SINE/MIR	442	+	70	10435110	47521
chr3	10387589	10587589	harbor1	chr3	10440790	10440991	SINE/MIR	569	+	100	10440890	53301
chr3	10387589	10587589	harbor1	chr3	10453141	10453361	SINE/MIR	565	+	110	10453251	65662
chr3	10387589	10587589	harbor1	chr3	10455785	10455921	SINE/MIR	494	+	68	10455853	68264
chr3	10387589	10587589	harbor1	chr3	10456397	10456584	SINE/MIR	624	+	94	10456491	68902
chr3	10387589	10587589	harbor1	chr3	10464657	10464790	SINE/MIR	430	+	66	10464723	77134
chr3	10387589	10587589	harbor1	chr3	10475492	10475649	SINE/MIR	462	+	78	10475570	87981
chr3	10387589	10587589	harbor1	chr3	10480232	10480355	SINE/MIR	466	+	62	10480294	92705
chr3	130454684	130654684	harbor1	chr3	130462917	130463137	SINE/MIR	628	+	110	130463027	8343
chr3	130454684	130654684	harbor1	chr3	130477995	130478231	SINE/MIR	886	+	118	130478113	23429
chr3	130454684	130654684	harbor1	chr3	130490982	130491214	SINE/MIR	496	+	116	130491098	36414
chr3	130454684	130654684	harbor1	chr3	130523458	130523619	SINE/MIR	515	+	80	130523538	68854
chr3	130454684	130654684	harbor1	chr3	130529913	130529938	SINE/MIR	543	+	12	130529925	75241
chr3	130454684	130654684	harbor1	chr3	130530124	130530283	SINE/MIR	670	+	80	130530204	75520
chr3	130454684	130654684	harbor1	chr3	130530284	130530533	SINE/MIR	708	+	124	130530408	75724
chr3	130454684	130654684	harbor1	chr3	130531707	130531908	SINE/MIR	422	+	100	130531807	77123
chr3	130454684	130654684	harbor1	chr3	130535861	130536027	SINE/MIR	603	+	83	130535944	81260
chr3	130454684	130654684	harbor1	chr3	130537217	130537389	SINE/MIR	567	+	86	130537303	82619
chr3	130454684	130654684	harbor1	chr3	130538096	130538298	SINE/MIR	455	+	101	130538197	83513
chr3	3401031	3601031	harbor1	chr3	3464351	3464622	SINE/MIR	483	+	136	3464487	63456
chr3	101301235	101501235	harbor1	chr3	101302478	101302717	SINE/MIR	436	+	120	101302598	1363
chr3	101301235	101501235	harbor1	chr3	101321740	101321948	SINE/MIR	529	+	104	101321844	20609
chr3	101301235	101501235	harbor1	chr3	101336397	101336641	SINE/MIR	520	+	122	101336519	35284
chr3	16257206	16457206	harbor1	chr3	16280024	16280161	SINE/MIR	431	+	68	16280092	22886
chr3	16257206	16457206	harbor1	chr3	16283363	16283552	SINE/MIR	466	+	94	16283457	26251
chr3	16257206	16457206	harbor1	chr3	16305628	16305877	SINE/MIR	696	+	124	16305752	48546
chr3	16257206	16457206	harbor1	chr3	16325939	16326110	SINE/MIR	497	+	86	16326025	68819
chr3	16257206	16457206	harbor1	chr3	16326303	16326475	SINE/MIR	448	+	86	16326389	69183
chr3	52227454	52427454	harbor1	chr3	52309543	52309663	SINE/MIR	484	+	60	52309603	82149
chr3	52227454	52427454	harbor1	chr3	52310008	52310032	SINE/MIR	484	+	12	52310020	82566
chr3	52227454	52427454	harbor1	chr3	52319031	52319234	SINE/MIR	464	+	102	52319133	91679
chr3	52227454	52427454	harbor1	chr3	52319328	52319488	SINE/MIR	619	+	80	52319408	91954
chr3	179336704	179536704	harbor1	chr3	179424080	179424244	SINE/MIR	589	+	82	179424162	87458
chr3	177531171	177731171	harbor1	chr3	177533451	177533604	SINE/MIR	530	+	76	177533527	2356
chr3	177531171	177731171	harbor1	chr3	177536301	177536503	SINE/MIR	440	+	101	177536402	5231
chr3	177531171	177731171	harbor1	chr3	177538015	177538142	SINE/MIR	465	+	64	177538079	6908
chr3	177531171	177731171	harbor1	chr3	177592051	177592275	SINE/MIR	711	+	112	177592163	60992
chr3	177531171	177731171	harbor1	chr3	177593122	177593203	SINE/MIR	426	+	40	177593162	61991
chr3	177531171	177731171	harbor1	chr3	177593508	177593576	SINE/MIR	426	+	34	177593542	62371
chr3	177531171	177731171	harbor1	chr3	177600796	177601040	SINE/MIR	473	+	122	177600918	69747
chr3	177531171	177731171	harbor1	chr3	177622565	177622799	SINE/MIR	771	+	117	177622682	91511
chr3	177531171	177731171	harbor1	chr3	177622813	177623005	SINE/MIR	644	+	96	177622909	91738
chr3	44866996	45066996	harbor1	chr3	44897303	44897433	SINE/MIR	475	+	65	44897368	30372
chr3	44866996	45066996	harbor1	chr3	44931763	44931966	SINE/MIR	587	+	102	44931865	64869
chr3	44866996	45066996	harbor1	chr3	44943227	44943345	SINE/MIR	460	+	59	44943286	76290
chr3	44866996	45066996	harbor1	chr3	44947328	44947595	SINE/MIR	461	+	134	44947462	80466
chr3	40779167	40979167	harbor1	chr3	40798331	40798494	SINE/MIR	798	+	82	40798413	19246
chr3	40779167	40979167	harbor1	chr3	40798743	40798783	SINE/MIR	798	+	20	40798763	19596
chr3	40779167	40979167	harbor1	chr3	40826300	40826451	SINE/MIR	455	+	76	40826376	47209
chr3	40779167	40979167	harbor1	chr3	40865824	40866019	SINE/MIR	420	+	98	40865922	86755
chr3	67883853	68083853	harbor1	chr3	67911832	67912044	SINE/MIR	429	+	106	67911938	28085
chr3	67883853	68083853	harbor1	chr3	67938676	67938911	SINE/MIR	560	+	118	67938794	54941
chr3	67883853	68083853	harbor1	chr3	67966361	67966595	SINE/MIR	696	+	117	67966478	82625
chr3	67883853	68083853	harbor1	chr3	67968155	67968376	SINE/MIR	750	+	110	67968265	84412
chr3	106016667	106216667	harbor1	chr3	106021825	106022046	SINE/MIR	631	+	110	106021935	5268
chr3	106016667	106216667	harbor1	chr3	106023532	106023783	SINE/MIR	591	+	126	106023658	6991
chr3	33072738	33272738	harbor1	chr3	33098479	33098684	SINE/MIR	716	+	102	33098581	25843
chr3	33072738	33272738	harbor1	chr3	33130210	33130415	SINE/MIR	659	+	102	33130312	57574
chr3	33072738	33272738	harbor1	chr3	33135083	33135198	SINE/MIR	458	+	58	33135141	62403
chr3	33072738	33272738	harbor1	chr3	33168950	33169114	SINE/MIR	453	+	82	33169032	96294
chr3	89849106	90049106	harbor1	chr3	89850999	89851234	SINE/MIR	482	+	118	89851117	2011
chr3	184050779	184250779	harbor1	chr3	184098164	184098405	SINE/MIR	900	+	120	184098284	47505
chr3	184050779	184250779	harbor1	chr3	184100161	184100387	SINE/MIR	859	+	113	184100274	49495
chr3	114431362	114631362	harbor1	chr3	114463057	114463216	SINE/MIR	512	+	80	114463137	31775
chr3	114431362	114631362	harbor1	chr3	114476863	114477082	SINE/MIR	619	+	110	114476973	45611
chr3	114431362	114631362	harbor1	chr3	114493952	114494178	SINE/MIR	618	+	113	114494065	62703
chr3	114431362	114631362	harbor1	chr3	114528630	114528789	SINE/MIR	431	+	80	114528710	97348
chr3	96786345	96986345	harbor1	chr3	96805959	96806095	SINE/MIR	472	+	68	96806027	19682
chr3	96786345	96986345	harbor1	chr3	96806510	96806701	SINE/MIR	864	+	96	96806606	20261
chr3	96786345	96986345	harbor1	chr3	96836315	96836515	SINE/MIR	516	+	100	96836415	50070
chr3	96786345	96986345	harbor1	chr3	96849672	96849925	SINE/MIR	579	+	126	96849798	63453
chr3	56997560	57197560	harbor1	chr3	57000001	57000163	SINE/MIR	689	+	81	57000082	2522
chr3	56997560	57197560	harbor1	chr3	57047416	57047599	SINE/MIR	577	+	92	57047508	49948
chr3	56997560	57197560	harbor1	chr3	57059516	57059714	SINE/MIR	425	+	99	57059615	62055
chr3	56997560	57197560	harbor1	chr3	57060024	57060042	SINE/MIR	425	+	9	57060033	62473
chr3	56997560	57197560	harbor1	chr3	57060318	57060361	SINE/MIR	425	+	22	57060340	62780
chr3	56997560	57197560	harbor1	chr3	57088625	57088792	SINE/MIR	788	+	84	57088709	91149
chr3	163025215	163225215	harbor1	chr3	163095591	163095758	SINE/MIR	427	+	84	163095675	70460
chr3	106660709	106860709	harbor1	chr3	106726722	106726953	SINE/MIR	576	+	116	106726838	66129
chr3	106660709	106860709	harbor1	chr3	106730146	106730360	SINE/MIR	618	+	107	106730253	69544
chr3	75159465	75359465	harbor1	chr3	75187273	75187479	SINE/MIR	874	+	103	75187376	27911
chr3	122878729	123078729	harbor1	chr3	122885964	122886151	SINE/MIR	497	+	94	122886058	7329
chr3	122878729	123078729	harbor1	chr3	122914449	122914628	SINE/MIR	566	+	90	122914539	35810
chr3	122878729	123078729	harbor1	chr3	122941405	122941532	SINE/MIR	449	+	64	122941469	62740
chr3	122878729	123078729	harbor1	chr3	122942512	122942658	SINE/MIR	405	+	73	122942585	63856
chr3	122878729	123078729	harbor1	chr3	122942830	122942886	SINE/MIR	405	+	28	122942858	64129
chr3	122878729	123078729	harbor1	chr3	122952357	122952613	SINE/MIR	787	+	128	122952485	73756
chr3	122878729	123078729	harbor1	chr3	122955248	122955400	SINE/MIR	571	+	76	122955324	76595
chr3	122878729	123078729	harbor1	chr3	122975513	122975649	SINE/MIR	462	+	68	122975581	96852
chr3	41436348	41636348	harbor1	chr3	41484367	41484440	SINE/MIR	409	+	36	41484403	48055
chr3	41436348	41636348	harbor1	chr3	41484752	41484852	SINE/MIR	409	+	50	41484802	48454
chr3	137170930	137370930	harbor1	chr3	137175170	137175374	SINE/MIR	813	+	102	137175272	4342
chr3	137170930	137370930	harbor1	chr3	137194326	137194560	SINE/MIR	544	+	117	137194443	23513
chr3	137170930	137370930	harbor1	chr3	137204940	137205206	SINE/MIR	887	+	133	137205073	34143
chr3	137170930	137370930	harbor1	chr3	137257711	137257912	SINE/MIR	671	+	100	137257811	86881
chr3	137170930	137370930	harbor1	chr3	137258562	137258749	SINE/MIR	545	+	94	137258656	87726
chr3	137170930	137370930	harbor1	chr3	137259487	137259699	SINE/MIR	872	+	106	137259593	88663
chr3	2717033	2917033	harbor1	chr3	2753184	2753381	SINE/MIR	553	+	98	2753282	36249
chr3	2717033	2917033	harbor1	chr3	2771480	2771640	SINE/MIR	455	+	80	2771560	54527
chr3	2717033	2917033	harbor1	chr3	2779558	2779774	SINE/MIR	594	+	108	2779666	62633
chr3	2717033	2917033	harbor1	chr3	2784661	2784862	SINE/MIR	457	+	100	2784761	67728
chr3	2717033	2917033	harbor1	chr3	2787588	2787779	SINE/MIR	488	+	96	2787684	70651
chr3	2717033	2917033	harbor1	chr3	2789149	2789346	SINE/MIR	425	+	98	2789247	72214
chr3	2717033	2917033	harbor1	chr3	2804327	2804573	SINE/MIR	797	+	123	2804450	87417
chr3	27665091	27865091	harbor1	chr3	27671061	27671083	SINE/MIR	486	+	11	27671072	5981
chr3	27665091	27865091	harbor1	chr3	27671380	27671582	SINE/MIR	486	+	101	27671481	6390
chr3	27665091	27865091	harbor1	chr3	27698121	27698280	SINE/MIR	428	+	80	27698201	33110
chr3	27665091	27865091	harbor1	chr3	27747240	27747407	SINE/MIR	680	+	84	27747324	82233
chr3	67547228	67747228	harbor1	chr3	67550720	67550965	SINE/MIR	462	+	122	67550842	3614
chr3	67547228	67747228	harbor1	chr3	67552590	67552809	SINE/MIR	674	+	110	67552700	5472
chr3	67547228	67747228	harbor1	chr3	67617714	67617856	SINE/MIR	539	+	71	67617785	70557
chr3	67547228	67747228	harbor1	chr3	67634905	67635063	SINE/MIR	430	+	79	67634984	87756
chr3	67547228	67747228	harbor1	chr3	67638087	67638307	SINE/MIR	557	+	110	67638197	90969
chr3	124035877	124235877	harbor1	chr3	124049309	124049529	SINE/MIR	409	+	110	124049419	13542
chr3	124035877	124235877	harbor1	chr3	124056395	124056557	SINE/MIR	478	+	81	124056476	20599
chr3	124035877	124235877	harbor1	chr3	124065651	124065854	SINE/MIR	537	+	102	124065753	29876
chr3	124035877	124235877	harbor1	chr3	124077854	124078035	SINE/MIR	478	+	90	124077944	42067
chr3	124035877	124235877	harbor1	chr3	124092706	124092892	SINE/MIR	458	+	93	124092799	56922
chr3	124035877	124235877	harbor1	chr3	124095282	124095485	SINE/MIR	506	+	102	124095384	59507
chr3	124035877	124235877	harbor1	chr3	124096167	124096358	SINE/MIR	621	+	96	124096263	60386
chr3	124035877	124235877	harbor1	chr3	124113096	124113323	SINE/MIR	600	+	114	124113210	77333
chr3	418916	618916	harbor1	chr3	420213	420429	SINE/MIR	657	+	108	420321	1405
chr3	41917133	42117133	harbor1	chr3	41932371	41932606	SINE/MIR	840	+	118	41932489	15356
chr3	41917133	42117133	harbor1	chr3	42005486	42005676	SINE/MIR	480	+	95	42005581	88448
chr3	157550891	157750891	harbor1	chr3	157604170	157604396	SINE/MIR	652	+	113	157604283	53392
chr3	157550891	157750891	harbor1	chr3	157616475	157616661	SINE/MIR	432	+	93	157616568	65677
chr3	157550891	157750891	harbor1	chr3	157619256	157619431	SINE/MIR	439	+	88	157619344	68453
chr3	154526806	154726806	harbor1	chr3	154528794	154529006	SINE/MIR	577	+	106	154528900	2094
chr3	154526806	154726806	harbor1	chr3	154546788	154547033	SINE/MIR	740	+	122	154546910	20104
chr3	154526806	154726806	harbor1	chr3	154608990	154609235	SINE/MIR	692	+	122	154609112	82306
chr3	154526806	154726806	harbor1	chr3	154609893	154610136	SINE/MIR	879	+	122	154610015	83209
chr3	60961928	61161928	harbor1	chr3	60978516	60978713	SINE/MIR	606	+	98	60978614	16686
chr3	60961928	61161928	harbor1	chr3	60982301	60982494	SINE/MIR	511	+	96	60982397	20469
chr3	60961928	61161928	harbor1	chr3	60991561	60991806	SINE/MIR	496	+	122	60991683	29755
chr3	60961928	61161928	harbor1	chr3	61026275	61026472	SINE/MIR	413	+	98	61026373	64445
chr3	60961928	61161928	harbor1	chr3	61028520	61028756	SINE/MIR	605	+	118	61028638	66710
chr3	60961928	61161928	harbor1	chr3	61035560	61035693	SINE/MIR	508	+	66	61035626	73698
chr3	60961928	61161928	harbor1	chr3	61057953	61058170	SINE/MIR	523	+	108	61058061	96133
chr3	142680248	142880248	harbor1	chr3	142707930	142708117	SINE/MIR	883	+	94	142708024	27776
chr3	142680248	142880248	harbor1	chr3	142747468	142747687	SINE/MIR	672	+	110	142747578	67330
chr3	185750754	185950754	harbor1	chr3	185758339	185758550	SINE/MIR	728	+	106	185758445	7691
chr3	185750754	185950754	harbor1	chr3	185774691	185774721	SINE/MIR	716	+	15	185774706	23952
chr3	185750754	185950754	harbor1	chr3	185775038	185775239	SINE/MIR	716	+	100	185775138	24384
chr3	185750754	185950754	harbor1	chr3	185793195	185793390	SINE/MIR	472	+	98	185793293	42539
chr3	185750754	185950754	harbor1	chr3	185816562	185816787	SINE/MIR	456	+	112	185816674	65920
chr3	185750754	185950754	harbor1	chr3	185843750	185843920	SINE/MIR	639	+	85	185843835	93081
chr3	185750754	185950754	harbor1	chr3	185844042	185844087	SINE/MIR	639	+	22	185844064	93310
chr3	60952855	61152855	harbor1	chr3	60978516	60978713	SINE/MIR	606	+	98	60978614	25759
chr3	60952855	61152855	harbor1	chr3	60982301	60982494	SINE/MIR	511	+	96	60982397	29542
chr3	60952855	61152855	harbor1	chr3	60991561	60991806	SINE/MIR	496	+	122	60991683	38828
chr3	60952855	61152855	harbor1	chr3	61026275	61026472	SINE/MIR	413	+	98	61026373	73518
chr3	60952855	61152855	harbor1	chr3	61028520	61028756	SINE/MIR	605	+	118	61028638	75783
chr3	60952855	61152855	harbor1	chr3	61035560	61035693	SINE/MIR	508	+	66	61035626	82771
chr3	74724536	74924536	harbor1	chr3	74768817	74769051	SINE/MIR	524	+	117	74768934	44398
chr3	74724536	74924536	harbor1	chr3	74770770	74770915	SINE/MIR	430	+	72	74770842	46306
chr3	74724536	74924536	harbor1	chr3	74774256	74774399	SINE/MIR	465	+	72	74774328	49792
chr3	74724536	74924536	harbor1	chr3	74780340	74780472	SINE/MIR	535	+	66	74780406	55870
chr3	74724536	74924536	harbor1	chr3	74809669	74809876	SINE/MIR	423	+	104	74809773	85237
chr3	82523275	82723275	harbor1	chr3	82592418	82592581	SINE/MIR	713	+	82	82592500	69225
chr3	145027111	145227111	harbor1	chr3	145043575	145043739	SINE/MIR	440	+	82	145043657	16546
chr3	41019031	41219031	harbor1	chr3	41026971	41027101	SINE/MIR	587	+	65	41027036	8005
chr3	41019031	41219031	harbor1	chr3	41038050	41038242	SINE/MIR	473	+	96	41038146	19115
chr3	41019031	41219031	harbor1	chr3	41051094	41051243	SINE/MIR	421	+	74	41051168	32137
chr3	41019031	41219031	harbor1	chr3	41078300	41078509	SINE/MIR	496	+	104	41078404	59373
chr3	41019031	41219031	harbor1	chr3	41087626	41087804	SINE/MIR	421	+	89	41087715	68684
chr3	41019031	41219031	harbor1	chr3	41090299	41090542	SINE/MIR	608	+	122	41090421	71390
chr3	147601964	147801964	harbor1	chr3	147625088	147625288	SINE/MIR	471	+	100	147625188	23224
chr3	147601964	147801964	harbor1	chr3	147646536	147646799	SINE/MIR	534	+	132	147646668	44704
chr3	147601964	147801964	harbor1	chr3	147656902	147657071	SINE/MIR	573	+	84	147656986	55022
chr3	169466004	169666004	harbor1	chr3	169495820	169495973	SINE/MIR	500	+	76	169495896	29892
chr3	169466004	169666004	harbor1	chr3	169530620	169530843	SINE/MIR	555	+	112	169530732	64728
chr3	169466004	169666004	harbor1	chr3	169531877	169532022	SINE/MIR	431	+	72	169531949	65945
chr3	43064910	43264910	harbor1	chr3	43103748	43103939	SINE/MIR	552	+	96	43103844	38934
chr3	43064910	43264910	harbor1	chr3	43121678	43121901	SINE/MIR	554	+	112	43121790	56880
chr3	43064910	43264910	harbor1	chr3	43151346	43151478	SINE/MIR	423	+	66	43151412	86502
chr3	153192567	153392567	harbor1	chr3	153205178	153205294	SINE/MIR	545	+	58	153205236	12669
chr3	153192567	153392567	harbor1	chr3	153205596	153205692	SINE/MIR	545	+	48	153205644	13077
chr3	153192567	153392567	harbor1	chr3	153213833	153214010	SINE/MIR	596	+	88	153213921	21354
chr3	153192567	153392567	harbor1	chr3	153221283	153221388	SINE/MIR	414	+	52	153221335	28768
chr3	153192567	153392567	harbor1	chr3	153268232	153268328	SINE/MIR	440	+	48	153268280	75713
chr3	72691028	72891028	harbor1	chr3	72696010	72696238	SINE/MIR	498	+	114	72696124	5096
chr3	72691028	72891028	harbor1	chr3	72702284	72702419	SINE/MIR	466	+	68	72702352	11324
chr3	72691028	72891028	harbor1	chr3	72703258	72703467	SINE/MIR	642	+	104	72703362	12334
chr3	72691028	72891028	harbor1	chr3	72717731	72717873	SINE/MIR	633	+	71	72717802	26774
chr3	72691028	72891028	harbor1	chr3	72720250	72720469	SINE/MIR	467	+	110	72720360	29332
chr3	72691028	72891028	harbor1	chr3	72769855	72770079	SINE/MIR	556	+	112	72769967	78939
chr3	21898228	22098228	harbor1	chr3	21933827	21933983	SINE/MIR	434	+	78	21933905	35677
chr3	21898228	22098228	harbor1	chr3	21940238	21940444	SINE/MIR	465	+	103	21940341	42113
chr3	21898228	22098228	harbor1	chr3	21952494	21952636	SINE/MIR	498	+	71	21952565	54337
chr3	21898228	22098228	harbor1	chr3	21958301	21958516	SINE/MIR	406	+	108	21958409	60181
chr3	21898228	22098228	harbor1	chr3	21991911	21992121	SINE/MIR	607	+	105	21992016	93788
chr3	196814748	197014748	harbor1	chr3	196818765	196818950	SINE/MIR	663	+	92	196818857	4109
chr3	73898699	74098699	harbor1	chr3	73907508	73907693	SINE/MIR	426	+	92	73907600	8901
chr3	73898699	74098699	harbor1	chr3	73916925	73917190	SINE/MIR	428	+	132	73917057	18358
chr3	73898699	74098699	harbor1	chr3	73925284	73925512	SINE/MIR	593	+	114	73925398	26699
chr3	73898699	74098699	harbor1	chr3	73967886	73968071	SINE/MIR	547	+	92	73967978	69279
chr3	73898699	74098699	harbor1	chr3	73985609	73985789	SINE/MIR	515	+	90	73985699	87000
chr3	35531077	35731077	harbor1	chr3	35589210	35589401	SINE/MIR	428	+	96	35589306	58229
chr3	193841912	194041912	harbor1	chr3	193843112	193843236	SINE/MIR	414	+	62	193843174	1262
chr3	193841912	194041912	harbor1	chr3	193872561	193872771	SINE/MIR	469	+	105	193872666	30754
chr3	193841912	194041912	harbor1	chr3	193875287	193875465	SINE/MIR	405	+	89	193875376	33464
chr3	193841912	194041912	harbor1	chr3	193886857	193887121	SINE/MIR	918	+	132	193886989	45077
chr3	193841912	194041912	harbor1	chr3	193895904	193896072	SINE/MIR	422	+	84	193895988	54076
chr3	193841912	194041912	harbor1	chr3	193932753	193932945	SINE/MIR	787	+	96	193932849	90937
chr3	193841912	194041912	harbor1	chr3	193933044	193933187	SINE/MIR	468	+	72	193933116	91204
chr3	193841912	194041912	harbor1	chr3	193939699	193939828	SINE/MIR	570	+	64	193939763	97851
chr3	101479486	101679486	harbor1	chr3	101570577	101570737	SINE/MIR	562	+	80	101570657	91171
chr3	19215286	19415286	harbor1	chr3	19216938	19217122	SINE/MIR	439	+	92	19217030	1744
chr3	19215286	19415286	harbor1	chr3	19267804	19267988	SINE/MIR	642	+	92	19267896	52610
chr3	19215286	19415286	harbor1	chr3	19285295	19285519	SINE/MIR	498	+	112	19285407	70121
chr3	150873907	151073907	harbor1	chr3	150877930	150878175	SINE/MIR	450	+	122	150878052	4145
chr3	150873907	151073907	harbor1	chr3	150897981	150898166	SINE/MIR	549	+	92	150898073	24166
chr3	150873907	151073907	harbor1	chr3	150907538	150907670	SINE/MIR	585	+	66	150907604	33697
chr3	150873907	151073907	harbor1	chr3	150910894	150911060	SINE/MIR	541	+	83	150910977	37070
chr3	150873907	151073907	harbor1	chr3	150913662	150913782	SINE/MIR	412	+	60	150913722	39815
chr3	150873907	151073907	harbor1	chr3	150916322	150916506	SINE/MIR	420	+	92	150916414	42507
chr3	150873907	151073907	harbor1	chr3	150965137	150965383	SINE/MIR	487	+	123	150965260	91353
chr3	52200100	52400100	harbor1	chr3	52208711	52208874	SINE/MIR	495	+	82	52208793	8693
chr3	161953290	162153290	harbor1	chr3	161984958	161985122	SINE/MIR	545	+	82	161985040	31750
chr3	161953290	162153290	harbor1	chr3	161989698	161989911	SINE/MIR	417	+	106	161989804	36514
chr3	161953290	162153290	harbor1	chr3	162020881	162021013	SINE/MIR	537	+	66	162020947	67657
chr3	184835222	185035222	harbor1	chr3	184837773	184838012	SINE/MIR	507	+	120	184837893	2671
chr3	94170260	94370260	harbor1	chr3	94178044	94178271	SINE/MIR	962	+	114	94178158	7898
chr3	94170260	94370260	harbor1	chr3	94182068	94182258	SINE/MIR	509	+	95	94182163	11903
chr3	159359790	159559790	harbor1	chr3	159366400	159366564	SINE/MIR	514	+	82	159366482	6692
chr3	159359790	159559790	harbor1	chr3	159400865	159401071	SINE/MIR	541	+	103	159400968	41178
chr3	159359790	159559790	harbor1	chr3	159419112	159419357	SINE/MIR	576	+	122	159419234	59444
chr3	159359790	159559790	harbor1	chr3	159433558	159433803	SINE/MIR	865	+	122	159433680	73890
chr3	159359790	159559790	harbor1	chr3	159436250	159436470	SINE/MIR	617	+	110	159436360	76570
chr3	159359790	159559790	harbor1	chr3	159437858	159438077	SINE/MIR	885	+	110	159437968	78178
chr3	159359790	159559790	harbor1	chr3	159447115	159447275	SINE/MIR	459	+	80	159447195	87405
chr3	159359790	159559790	harbor1	chr3	159447986	159448187	SINE/MIR	439	+	100	159448086	88296
chr3	159359790	159559790	harbor1	chr3	159453215	159453389	SINE/MIR	482	+	87	159453302	93512
chr3	159359790	159559790	harbor1	chr3	159453477	159453694	SINE/MIR	508	+	108	159453585	93795
chr3	132896540	133096540	harbor1	chr3	132935419	132935566	SINE/MIR	407	+	74	132935493	38953
chr3	132896540	133096540	harbor1	chr3	132986386	132986573	SINE/MIR	445	+	94	132986480	89940
chr3	196375920	196575920	harbor1	chr3	196417430	196417622	SINE/MIR	455	+	96	196417526	41606
chr3	196375920	196575920	harbor1	chr3	196417944	196417996	SINE/MIR	439	+	26	196417970	42050
chr3	110166084	110366084	harbor1	chr3	110169690	110169913	SINE/MIR	539	+	112	110169802	3718
chr3	110166084	110366084	harbor1	chr3	110216208	110216405	SINE/MIR	523	+	98	110216306	50222
chr3	110166084	110366084	harbor1	chr3	110243333	110243566	SINE/MIR	654	+	116	110243449	77365
chr3	141038788	141238788	harbor1	chr3	141052264	141052465	SINE/MIR	528	+	100	141052364	13576
chr3	141038788	141238788	harbor1	chr3	141065588	141065825	SINE/MIR	840	+	118	141065706	26918
chr3	141038788	141238788	harbor1	chr3	141073123	141073262	SINE/MIR	484	+	70	141073193	34405
chr3	141038788	141238788	harbor1	chr3	141074116	141074353	SINE/MIR	486	+	118	141074234	35446
chr3	141038788	141238788	harbor1	chr3	141075385	141075518	SINE/MIR	461	+	66	141075451	36663
chr3	141038788	141238788	harbor1	chr3	141080881	141081071	SINE/MIR	540	+	95	141080976	42188
chr3	141038788	141238788	harbor1	chr3	141081694	141081865	SINE/MIR	475	+	86	141081780	42992
chr3	141038788	141238788	harbor1	chr3	141086314	141086559	SINE/MIR	761	+	122	141086436	47648
chr3	141038788	141238788	harbor1	chr3	141092089	141092318	SINE/MIR	584	+	114	141092203	53415
chr3	141038788	141238788	harbor1	chr3	141101443	141101680	SINE/MIR	777	+	118	141101561	62773
chr3	141038788	141238788	harbor1	chr3	141111401	141111510	SINE/MIR	405	+	54	141111455	72667
chr3	141038788	141238788	harbor1	chr3	141112065	141112298	SINE/MIR	569	+	116	141112181	73393
chr3	141038788	141238788	harbor1	chr3	141116543	141116740	SINE/MIR	579	+	98	141116641	77853
chr3	14418608	14618608	harbor1	chr3	14429183	14429399	SINE/MIR	454	+	108	14429291	10683
chr3	14418608	14618608	harbor1	chr3	14446585	14446819	SINE/MIR	551	+	117	14446702	28094
chr3	14418608	14618608	harbor1	chr3	14447961	14448106	SINE/MIR	552	+	72	14448033	29425
chr3	14418608	14618608	harbor1	chr3	14455988	14456173	SINE/MIR	566	+	92	14456080	37472
chr3	14418608	14618608	harbor1	chr3	14463168	14463388	SINE/MIR	566	+	110	14463278	44670
chr3	14418608	14618608	harbor1	chr3	14464312	14464506	SINE/MIR	703	+	97	14464409	45801
chr3	14418608	14618608	harbor1	chr3	14490140	14490325	SINE/MIR	759	+	92	14490232	71624
chr3	14418608	14618608	harbor1	chr3	14507931	14508104	SINE/MIR	474	+	86	14508017	89409
chr3	14418608	14618608	harbor1	chr3	14511530	14511742	SINE/MIR	536	+	106	14511636	93028
chr3	14418608	14618608	harbor1	chr3	14514054	14514239	SINE/MIR	555	+	92	14514146	95538
chr3	144681807	144881807	harbor1	chr3	144687327	144687496	SINE/MIR	530	+	84	144687411	5604
chr3	144681807	144881807	harbor1	chr3	144707798	144707985	SINE/MIR	656	+	94	144707892	26085
chr3	144681807	144881807	harbor1	chr3	144724152	144724366	SINE/MIR	463	+	107	144724259	42452
chr3	178121989	178321989	harbor1	chr3	178143868	178143953	SINE/MIR	420	+	42	178143910	21921
chr3	151518943	151718943	harbor1	chr3	151527631	151527667	SINE/MIR	482	+	18	151527649	8706
chr3	151518943	151718943	harbor1	chr3	151527964	151528184	SINE/MIR	511	+	110	151528074	9131
chr3	151518943	151718943	harbor1	chr3	151534922	151535177	SINE/MIR	561	+	128	151535050	16107
chr3	151518943	151718943	harbor1	chr3	151592055	151592220	SINE/MIR	562	+	82	151592137	73194
chr3	151518943	151718943	harbor1	chr3	151603204	151603429	SINE/MIR	698	+	112	151603316	84373
chr3	130864516	131064516	harbor1	chr3	130896645	130896813	SINE/MIR	568	+	84	130896729	32213
chr3	130864516	131064516	harbor1	chr3	130896848	130897059	SINE/MIR	664	+	106	130896954	32438
chr3	130864516	131064516	harbor1	chr3	130913801	130914035	SINE/MIR	489	+	117	130913918	49402
chr3	130864516	131064516	harbor1	chr3	130951259	130951486	SINE/MIR	506	+	114	130951373	86857
chr3	130864516	131064516	harbor1	chr3	130955908	130956070	SINE/MIR	415	+	81	130955989	91473
chr3	134598251	134798251	harbor1	chr3	134629114	134629342	SINE/MIR	717	+	114	134629228	30977
chr3	134598251	134798251	harbor1	chr3	134640280	134640528	SINE/MIR	743	+	124	134640404	42153
chr3	134598251	134798251	harbor1	chr3	134642800	134643032	SINE/MIR	774	+	116	134642916	44665
chr3	134598251	134798251	harbor1	chr3	134652079	134652272	SINE/MIR	449	+	96	134652175	53924
chr3	134598251	134798251	harbor1	chr3	134654978	134655131	SINE/MIR	434	+	76	134655054	56803
chr3	134598251	134798251	harbor1	chr3	134672199	134672355	SINE/MIR	498	+	78	134672277	74026
chr3	118264899	118464899	harbor1	chr3	118268723	118268984	SINE/MIR	672	+	130	118268853	3954
chr3	117409893	117609893	harbor1	chr3	117421529	117421715	SINE/MIR	442	+	93	117421622	11729
chr3	117409893	117609893	harbor1	chr3	117423758	117423934	SINE/MIR	411	+	88	117423846	13953
chr3	117409893	117609893	harbor1	chr3	117430161	117430383	SINE/MIR	720	+	111	117430272	20379
chr3	117409893	117609893	harbor1	chr3	117431420	117431534	SINE/MIR	418	+	57	117431477	21584
chr3	117409893	117609893	harbor1	chr3	117443350	117443585	SINE/MIR	602	+	118	117443468	33575
chr3	117409893	117609893	harbor1	chr3	117462392	117462632	SINE/MIR	808	+	120	117462512	52619
chr3	117409893	117609893	harbor1	chr3	117489735	117489910	SINE/MIR	470	+	88	117489823	79930
chr3	65007705	65207705	harbor1	chr3	65022096	65022322	SINE/MIR	476	+	113	65022209	14504
chr3	65007705	65207705	harbor1	chr3	65025168	65025313	SINE/MIR	586	+	72	65025240	17535
chr3	65007705	65207705	harbor1	chr3	65026423	65026657	SINE/MIR	507	+	117	65026540	18835
chr3	65007705	65207705	harbor1	chr3	65063681	65063853	SINE/MIR	493	+	86	65063767	56062
chr3	65007705	65207705	harbor1	chr3	65089230	65089447	SINE/MIR	484	+	108	65089338	81633
chr3	143604669	143804669	harbor1	chr3	143620217	143620394	SINE/MIR	615	+	88	143620305	15636
chr3	143604669	143804669	harbor1	chr3	143669661	143669912	SINE/MIR	529	+	126	143669787	65118
chr3	143604669	143804669	harbor1	chr3	143694293	143694479	SINE/MIR	598	+	93	143694386	89717
chr3	13169611	13369611	harbor1	chr3	13175187	13175341	SINE/MIR	418	+	77	13175264	5653
chr3	13169611	13369611	harbor1	chr3	13212011	13212160	SINE/MIR	616	+	74	13212085	42474
chr3	13169611	13369611	harbor1	chr3	13223942	13224168	SINE/MIR	433	+	113	13224055	54444
chr3	13169611	13369611	harbor1	chr3	13226204	13226377	SINE/MIR	722	+	86	13226290	56679
chr3	13169611	13369611	harbor1	chr3	13229803	13229986	SINE/MIR	721	+	92	13229895	60284
chr3	13169611	13369611	harbor1	chr3	13233772	13233976	SINE/MIR	452	+	102	13233874	64263
chr3	13169611	13369611	harbor1	chr3	13249582	13249711	SINE/MIR	456	+	64	13249646	80035
chr3	13169611	13369611	harbor1	chr3	13256935	13257126	SINE/MIR	597	+	96	13257031	87420
chr3	13169611	13369611	harbor1	chr3	13268213	13268337	SINE/MIR	569	+	62	13268275	98664
chr3	77208102	77408102	harbor1	chr3	77219566	77219768	SINE/MIR	552	+	101	77219667	11565
chr3	77208102	77408102	harbor1	chr3	77266608	77266833	SINE/MIR	731	+	112	77266720	58618
chr3	77208102	77408102	harbor1	chr3	77301775	77301882	SINE/MIR	725	+	54	77301829	93727
chr3	77208102	77408102	harbor1	chr3	77302242	77302389	SINE/MIR	725	+	74	77302316	94214
chr3	57200723	57400723	harbor1	chr3	57214447	57214668	SINE/MIR	724	+	110	57214557	13834
chr3	57200723	57400723	harbor1	chr3	57290916	57291151	SINE/MIR	1023	+	118	57291034	90311
chr3	189250636	189450636	harbor1	chr3	189260052	189260266	SINE/MIR	568	+	107	189260159	9523
chr3	189250636	189450636	harbor1	chr3	189264066	189264213	SINE/MIR	559	+	74	189264140	13504
chr3	189250636	189450636	harbor1	chr3	189271775	189271989	SINE/MIR	410	+	107	189271882	21246
chr3	189250636	189450636	harbor1	chr3	189279420	189279664	SINE/MIR	556	+	122	189279542	28906
chr3	189250636	189450636	harbor1	chr3	189280634	189280834	SINE/MIR	549	+	100	189280734	30098
chr3	189250636	189450636	harbor1	chr3	189289463	189289691	SINE/MIR	601	+	114	189289577	38941
chr3	189250636	189450636	harbor1	chr3	189292418	189292593	SINE/MIR	476	+	88	189292506	41870
chr3	189250636	189450636	harbor1	chr3	189300163	189300354	SINE/MIR	510	+	96	189300259	49623
chr3	189250636	189450636	harbor1	chr3	189307628	189307818	SINE/MIR	437	+	95	189307723	57087
chr3	189250636	189450636	harbor1	chr3	189310910	189311062	SINE/MIR	450	+	76	189310986	60350
chr3	189250636	189450636	harbor1	chr3	189339926	189340086	SINE/MIR	409	+	80	189340006	89370
chr3	189250636	189450636	harbor1	chr3	189340338	189340529	SINE/MIR	823	+	96	189340434	89798
chr3	189250636	189450636	harbor1	chr3	189343932	189344147	SINE/MIR	487	+	108	189344040	93404
chr3	189250636	189450636	harbor1	chr3	189345790	189345932	SINE/MIR	412	+	71	189345861	95225
chr3	23177231	23377231	harbor1	chr3	23179611	23179815	SINE/MIR	685	+	102	23179713	2482
chr3	23177231	23377231	harbor1	chr3	23180766	23180930	SINE/MIR	464	+	82	23180848	3617
chr3	23177231	23377231	harbor1	chr3	23182874	23182996	SINE/MIR	452	+	61	23182935	5704
chr3	23177231	23377231	harbor1	chr3	23188386	23188635	SINE/MIR	619	+	124	23188510	11279
chr3	23177231	23377231	harbor1	chr3	23200831	23201075	SINE/MIR	867	+	122	23200953	23722
chr3	23177231	23377231	harbor1	chr3	23211318	23211407	SINE/MIR	569	+	44	23211362	34131
chr3	23177231	23377231	harbor1	chr3	23211696	23211840	SINE/MIR	569	+	72	23211768	34537
chr3	23177231	23377231	harbor1	chr3	23237043	23237212	SINE/MIR	686	+	84	23237127	59896
chr3	53164761	53364761	harbor1	chr3	53167486	53167665	SINE/MIR	424	+	90	53167576	2815
chr3	53164761	53364761	harbor1	chr3	53173981	53174116	SINE/MIR	593	+	68	53174049	9288
chr3	53164761	53364761	harbor1	chr3	53179907	53180139	SINE/MIR	484	+	116	53180023	15262
chr3	53164761	53364761	harbor1	chr3	53182167	53182273	SINE/MIR	891	+	53	53182220	17459
chr3	53164761	53364761	harbor1	chr3	53182569	53182701	SINE/MIR	891	+	66	53182635	17874
chr3	53164761	53364761	harbor1	chr3	53189436	53189649	SINE/MIR	529	+	106	53189542	24781
chr3	53164761	53364761	harbor1	chr3	53194371	53194525	SINE/MIR	435	+	77	53194448	29687
chr3	53164761	53364761	harbor1	chr3	53194925	53195170	SINE/MIR	453	+	122	53195047	30286
chr3	53164761	53364761	harbor1	chr3	53200019	53200225	SINE/MIR	504	+	103	53200122	35361
chr3	16004685	16204685	harbor1	chr3	16014264	16014406	SINE/MIR	536	+	71	16014335	9650
chr3	16004685	16204685	harbor1	chr3	16059053	16059206	SINE/MIR	595	+	76	16059129	54444
chr3	16004685	16204685	harbor1	chr3	16062260	16062398	SINE/MIR	423	+	69	16062329	57644
chr3	16004685	16204685	harbor1	chr3	16062504	16062724	SINE/MIR	514	+	110	16062614	57929
chr3	60987691	61187691	harbor1	chr3	60991561	60991806	SINE/MIR	496	+	122	60991683	3992
chr3	60987691	61187691	harbor1	chr3	61026275	61026472	SINE/MIR	413	+	98	61026373	38682
chr3	60987691	61187691	harbor1	chr3	61028520	61028756	SINE/MIR	605	+	118	61028638	40947
chr3	60987691	61187691	harbor1	chr3	61035560	61035693	SINE/MIR	508	+	66	61035626	47935
chr3	60987691	61187691	harbor1	chr3	61057953	61058170	SINE/MIR	523	+	108	61058061	70370
chr3	60987691	61187691	harbor1	chr3	61087356	61087580	SINE/MIR	525	+	112	61087468	99777
chr3	74771499	74971499	harbor1	chr3	74774256	74774399	SINE/MIR	465	+	72	74774328	2829
chr3	74771499	74971499	harbor1	chr3	74780340	74780472	SINE/MIR	535	+	66	74780406	8907
chr3	74771499	74971499	harbor1	chr3	74809669	74809876	SINE/MIR	423	+	104	74809773	38274
chr3	74771499	74971499	harbor1	chr3	74835542	74835728	SINE/MIR	658	+	93	74835635	64136
chr3	49156862	49356862	harbor1	chr3	49176262	49176494	SINE/MIR	736	+	116	49176378	19516
chr3	111100414	111300414	harbor1	chr3	111178779	111179023	SINE/MIR	511	+	122	111178901	78487
chr3	111100414	111300414	harbor1	chr3	111191162	111191349	SINE/MIR	554	+	94	111191256	90842
chr3	76601185	76801185	harbor1	chr3	76621526	76621734	SINE/MIR	780	+	104	76621630	20445
chr3	76601185	76801185	harbor1	chr3	76646398	76646641	SINE/MIR	560	+	122	76646520	45335
chr3	76601185	76801185	harbor1	chr3	76687192	76687416	SINE/MIR	710	+	112	76687304	86119
chr3	4142876	4342876	harbor1	chr3	4168643	4168846	SINE/MIR	606	+	102	4168745	25869
chr3	4142876	4342876	harbor1	chr3	4181459	4181657	SINE/MIR	682	+	99	4181558	38682
chr3	4142876	4342876	harbor1	chr3	4188609	4188834	SINE/MIR	886	+	112	4188721	45845
chr3	4142876	4342876	harbor1	chr3	4192216	4192411	SINE/MIR	434	+	98	4192314	49438
chr3	4142876	4342876	harbor1	chr3	4193709	4193949	SINE/MIR	619	+	120	4193829	50953
chr3	4142876	4342876	harbor1	chr3	4220659	4220823	SINE/MIR	680	+	82	4220741	77865
chr3	4142876	4342876	harbor1	chr3	4223240	4223473	SINE/MIR	736	+	116	4223356	80480
chr3	4142876	4342876	harbor1	chr3	4223781	4223950	SINE/MIR	519	+	84	4223865	80989
chr3	4142876	4342876	harbor1	chr3	4229425	4229623	SINE/MIR	588	+	99	4229524	86648
chr3	4142876	4342876	harbor1	chr3	4241385	4241591	SINE/MIR	553	+	103	4241488	98612
chr3	173250937	173450937	harbor1	chr3	173315075	173315292	SINE/MIR	833	+	108	173315183	64246
chr3	187294463	187494463	harbor1	chr3	187354428	187354595	SINE/MIR	432	+	84	187354512	60049
chr3	187294463	187494463	harbor1	chr3	187365557	187365654	SINE/MIR	484	+	48	187365605	71142
chr3	187294463	187494463	harbor1	chr3	187365969	187366048	SINE/MIR	484	+	40	187366009	71546
chr3	69596038	69796038	harbor1	chr3	69606559	69606753	SINE/MIR	635	+	97	69606656	10618
chr3	69596038	69796038	harbor1	chr3	69608306	69608477	SINE/MIR	481	+	86	69608392	12354
chr3	69596038	69796038	harbor1	chr3	69630061	69630251	SINE/MIR	562	+	95	69630156	34118
chr3	69596038	69796038	harbor1	chr3	69642667	69642851	SINE/MIR	569	+	92	69642759	46721
chr3	69596038	69796038	harbor1	chr3	69667477	69667705	SINE/MIR	467	+	114	69667591	71553
chr3	69596038	69796038	harbor1	chr3	69681345	69681539	SINE/MIR	674	+	97	69681442	85404
chr3	73821318	74021318	harbor1	chr3	73846254	73846489	SINE/MIR	609	+	118	73846372	25054
chr3	73821318	74021318	harbor1	chr3	73873484	73873636	SINE/MIR	608	+	76	73873560	52242
chr3	73821318	74021318	harbor1	chr3	73907508	73907693	SINE/MIR	426	+	92	73907600	86282
chr3	73821318	74021318	harbor1	chr3	73916925	73917190	SINE/MIR	428	+	132	73917057	95739
chr3	181756359	181956359	harbor1	chr3	181771762	181772009	SINE/MIR	730	+	124	181771886	15527
chr3	181756359	181956359	harbor1	chr3	181772492	181772698	SINE/MIR	493	+	103	181772595	16236
chr3	181756359	181956359	harbor1	chr3	181786409	181786616	SINE/MIR	504	+	104	181786513	30154
chr3	181756359	181956359	harbor1	chr3	181801953	181802179	SINE/MIR	563	+	113	181802066	45707
chr3	181756359	181956359	harbor1	chr3	181805780	181805982	SINE/MIR	602	+	101	181805881	49522
chr3	181756359	181956359	harbor1	chr3	181816857	181817030	SINE/MIR	564	+	86	181816943	60584
chr3	11750120	11950120	harbor1	chr3	11780470	11780682	SINE/MIR	670	+	106	11780576	30456
chr3	11750120	11950120	harbor1	chr3	11783762	11783977	SINE/MIR	858	+	108	11783870	33750
chr3	11750120	11950120	harbor1	chr3	11792273	11792412	SINE/MIR	523	+	70	11792343	42223
chr3	11750120	11950120	harbor1	chr3	11825060	11825264	SINE/MIR	563	+	102	11825162	75042
chr3	11750120	11950120	harbor1	chr3	11826724	11826918	SINE/MIR	602	+	97	11826821	76701
chr3	171925249	172125249	harbor1	chr3	171964364	171964574	SINE/MIR	701	+	105	171964469	39220
chr3	171925249	172125249	harbor1	chr3	171980410	171980594	SINE/MIR	414	+	92	171980502	55253
chr3	171925249	172125249	harbor1	chr3	172007317	172007494	SINE/MIR	469	+	88	172007405	82156
chr3	140474965	140674965	harbor1	chr3	140488281	140488492	SINE/MIR	812	+	106	140488387	13422
chr3	140474965	140674965	harbor1	chr3	140501956	140502099	SINE/MIR	502	+	72	140502028	27063
chr3	140474965	140674965	harbor1	chr3	140536099	140536298	SINE/MIR	409	+	100	140536199	61234
chr3	140474965	140674965	harbor1	chr3	140542962	140543145	SINE/MIR	427	+	92	140543054	68089
chr3	107525183	107725183	harbor1	chr3	107531273	107531515	SINE/MIR	551	+	121	107531394	6211
chr3	107525183	107725183	harbor1	chr3	107548083	107548283	SINE/MIR	549	+	100	107548183	23000
chr3	107525183	107725183	harbor1	chr3	107577470	107577670	SINE/MIR	517	+	100	107577570	52387
chr3	107525183	107725183	harbor1	chr3	107588521	107588639	SINE/MIR	427	+	59	107588580	63397
chr3	107525183	107725183	harbor1	chr3	107594543	107594731	SINE/MIR	674	+	94	107594637	69454
chr3	107525183	107725183	harbor1	chr3	107624046	107624259	SINE/MIR	678	+	106	107624152	98969
chr3	1112153	1312153	harbor1	chr3	1121896	1122136	SINE/MIR	748	+	120	1122016	9863
chr3	1112153	1312153	harbor1	chr3	1129440	1129663	SINE/MIR	428	+	112	1129552	17399
chr3	1112153	1312153	harbor1	chr3	1136761	1136959	SINE/MIR	580	+	99	1136860	24707
chr3	1112153	1312153	harbor1	chr3	1170763	1170979	SINE/MIR	434	+	108	1170871	58718
chr3	1112153	1312153	harbor1	chr3	1173807	1173965	SINE/MIR	419	+	79	1173886	61733
chr3	1112153	1312153	harbor1	chr3	1185675	1185868	SINE/MIR	530	+	96	1185771	73618
chr3	1112153	1312153	harbor1	chr3	1193318	1193565	SINE/MIR	512	+	124	1193442	81289
chr3	1112153	1312153	harbor1	chr3	1208628	1208844	SINE/MIR	726	+	108	1208736	96583
chr3	71531421	71731421	harbor1	chr3	71550257	71550490	SINE/MIR	655	+	116	71550373	18952
chr3	71531421	71731421	harbor1	chr3	71561513	71561673	SINE/MIR	568	+	80	71561593	30172
chr3	71531421	71731421	harbor1	chr3	71601269	71601443	SINE/MIR	507	+	87	71601356	69935
chr3	71531421	71731421	harbor1	chr3	71601874	71601926	SINE/MIR	507	+	26	71601900	70479
chr3	71531421	71731421	harbor1	chr3	71611775	71611993	SINE/MIR	595	+	109	71611884	80463
chr3	71531421	71731421	harbor1	chr3	71597981	71598192	SINE/MIR	534	+	106	71598087	66666
chr3	110642818	110842818	harbor1	chr3	110653602	110653796	SINE/MIR	489	+	97	110653699	10881
chr3	110642818	110842818	harbor1	chr3	110726162	110726315	SINE/MIR	506	+	76	110726238	83420
chr3	110642818	110842818	harbor1	chr3	110731590	110731815	SINE/MIR	558	+	112	110731702	88884
chr3	29768236	29968236	harbor1	chr3	29778657	29778839	SINE/MIR	596	+	91	29778748	10512
chr3	29768236	29968236	harbor1	chr3	29792512	29792647	SINE/MIR	740	+	68	29792580	24344
chr3	29768236	29968236	harbor1	chr3	29865876	29866050	SINE/MIR	524	+	87	29865963	97727
chr3	114431323	114631323	harbor1	chr3	114463057	114463216	SINE/MIR	512	+	80	114463137	31814
chr3	114431323	114631323	harbor1	chr3	114476863	114477082	SINE/MIR	619	+	110	114476973	45650
chr3	114431323	114631323	harbor1	chr3	114493952	114494178	SINE/MIR	618	+	113	114494065	62742
chr3	114431323	114631323	harbor1	chr3	114528630	114528789	SINE/MIR	431	+	80	114528710	97387
chr3	26310250	26510250	harbor1	chr3	26363675	26363829	SINE/MIR	558	+	77	26363752	53502
chr3	26310250	26510250	harbor1	chr3	26375479	26375691	SINE/MIR	508	+	106	26375585	65335
chr3	67392911	67592911	harbor1	chr3	67402104	67402250	SINE/MIR	532	+	73	67402177	9266
chr3	67392911	67592911	harbor1	chr3	67418091	67418270	SINE/MIR	841	+	90	67418181	25270
chr3	67392911	67592911	harbor1	chr3	67421414	67421531	SINE/MIR	413	+	58	67421472	28561
chr3	67392911	67592911	harbor1	chr3	67424493	67424706	SINE/MIR	420	+	106	67424599	31688
chr3	887525	1087525	harbor1	chr3	928437	928624	SINE/MIR	733	+	94	928531	41006
chr3	178605179	178805179	harbor1	chr3	178621884	178622121	SINE/MIR	747	+	118	178622002	16823
chr3	178605179	178805179	harbor1	chr3	178626194	178626416	SINE/MIR	739	+	111	178626305	21126
chr3	178605179	178805179	harbor1	chr3	178639408	178639585	SINE/MIR	568	+	88	178639496	34317
chr3	178605179	178805179	harbor1	chr3	178644724	178644965	SINE/MIR	454	+	120	178644844	39665
chr3	178605179	178805179	harbor1	chr3	178647469	178647654	SINE/MIR	465	+	92	178647561	42382
chr3	178605179	178805179	harbor1	chr3	178654809	178654985	SINE/MIR	602	+	88	178654897	49718
chr3	178605179	178805179	harbor1	chr3	178660084	178660324	SINE/MIR	559	+	120	178660204	55025
chr3	98264038	98464038	harbor1	chr3	98334188	98334447	SINE/MIR	530	+	130	98334318	70280
chr3	98264038	98464038	harbor1	chr3	98345780	98346039	SINE/MIR	711	+	130	98345910	81872
chr3	38198972	38398972	harbor1	chr3	38206799	38207043	SINE/MIR	1024	+	122	38206921	7949
chr3	5500909	5700909	harbor1	chr3	5508635	5508717	SINE/MIR	435	+	41	5508676	7767
chr3	5500909	5700909	harbor1	chr3	5509160	5509311	SINE/MIR	435	+	76	5509236	8327
chr3	5500909	5700909	harbor1	chr3	5535923	5536147	SINE/MIR	453	+	112	5536035	35126
chr3	5500909	5700909	harbor1	chr3	5555720	5555889	SINE/MIR	577	+	84	5555804	54895
chr3	5500909	5700909	harbor1	chr3	5589240	5589403	SINE/MIR	539	+	82	5589322	88413
chr3	28533140	28733140	harbor1	chr3	28556737	28556876	SINE/MIR	428	+	70	28556807	23667
chr3	28533140	28733140	harbor1	chr3	28556917	28556963	SINE/MIR	428	+	23	28556940	23800
chr3	28533140	28733140	harbor1	chr3	28565960	28566158	SINE/MIR	500	+	99	28566059	32919
chr3	28533140	28733140	harbor1	chr3	28580878	28581119	SINE/MIR	551	+	120	28580998	47858
chr3	28533140	28733140	harbor1	chr3	28610348	28610570	SINE/MIR	558	+	111	28610459	77319
chr3	28533140	28733140	harbor1	chr3	28630893	28631090	SINE/MIR	635	+	98	28630991	97851
chr3	11132145	11332145	harbor1	chr3	11140684	11140886	SINE/MIR	443	+	101	11140785	8640
chr3	11132145	11332145	harbor1	chr3	11141167	11141276	SINE/MIR	491	+	54	11141221	9076
chr3	11132145	11332145	harbor1	chr3	11152006	11152247	SINE/MIR	657	+	120	11152126	19981
chr3	11132145	11332145	harbor1	chr3	11153103	11153313	SINE/MIR	935	+	105	11153208	21063
chr3	11132145	11332145	harbor1	chr3	11156523	11156760	SINE/MIR	705	+	118	11156641	24496
chr3	11132145	11332145	harbor1	chr3	11158066	11158170	SINE/MIR	451	+	52	11158118	25973
chr3	11132145	11332145	harbor1	chr3	11163450	11163693	SINE/MIR	884	+	122	11163572	31427
chr3	11132145	11332145	harbor1	chr3	11169053	11169297	SINE/MIR	708	+	122	11169175	37030
chr3	11132145	11332145	harbor1	chr3	11173139	11173365	SINE/MIR	556	+	113	11173252	41107
chr3	11132145	11332145	harbor1	chr3	11178835	11178948	SINE/MIR	422	+	56	11178891	46746
chr3	11132145	11332145	harbor1	chr3	11187459	11187627	SINE/MIR	410	+	84	11187543	55398
chr3	11132145	11332145	harbor1	chr3	11189319	11189470	SINE/MIR	582	+	76	11189395	57250
chr3	11132145	11332145	harbor1	chr3	11194206	11194398	SINE/MIR	443	+	96	11194302	62157
chr3	11132145	11332145	harbor1	chr3	11205380	11205575	SINE/MIR	900	+	98	11205478	73333
chr3	11132145	11332145	harbor1	chr3	11207242	11207282	SINE/MIR	479	+	20	11207262	75117
chr3	11132145	11332145	harbor1	chr3	11207585	11207784	SINE/MIR	537	+	100	11207685	75540
chr3	11132145	11332145	harbor1	chr3	11209991	11210109	SINE/MIR	450	+	59	11210050	77905
chr3	11132145	11332145	harbor1	chr3	11210413	11210500	SINE/MIR	450	+	44	11210457	78312
chr3	11132145	11332145	harbor1	chr3	11220020	11220235	SINE/MIR	704	+	108	11220128	87983
chr3	11132145	11332145	harbor1	chr3	11224723	11224897	SINE/MIR	432	+	87	11224810	92665
chr3	39123872	39323872	harbor1	chr3	39135630	39135773	SINE/MIR	826	+	72	39135702	11830
chr3	39123872	39323872	harbor1	chr3	39136073	39136165	SINE/MIR	826	+	46	39136119	12247
chr3	39123872	39323872	harbor1	chr3	39148883	39149105	SINE/MIR	642	+	111	39148994	25122
chr3	20205653	20405653	harbor1	chr3	20228767	20228997	SINE/MIR	611	+	115	20228882	23229
chr3	20205653	20405653	harbor1	chr3	20232169	20232414	SINE/MIR	472	+	122	20232291	26638
chr3	20205653	20405653	harbor1	chr3	20235461	20235691	SINE/MIR	754	+	115	20235576	29923
chr3	20205653	20405653	harbor1	chr3	20284982	20285191	SINE/MIR	467	+	104	20285086	79433
chr3	180719030	180919030	harbor1	chr3	180720519	180720678	SINE/MIR	490	+	80	180720599	1569
chr3	180719030	180919030	harbor1	chr3	180808306	180808440	SINE/MIR	494	+	67	180808373	89343
chr4	71267573	71467573	harbor1	chr4	71269783	71270026	SINE/MIR	539	+	122	71269905	2332
chr4	71267573	71467573	harbor1	chr4	71273807	71273957	SINE/MIR	693	+	75	71273882	6309
chr4	71267573	71467573	harbor1	chr4	71274660	71274834	SINE/MIR	476	+	87	71274747	7174
chr4	71267573	71467573	harbor1	chr4	71281351	71281558	SINE/MIR	399	+	104	71281455	13882
chr4	71267573	71467573	harbor1	chr4	71297943	71298150	SINE/MIR	612	+	104	71298047	30474
chr4	71267573	71467573	harbor1	chr4	71302233	71302410	SINE/MIR	478	+	88	71302321	34748
chr4	71267573	71467573	harbor1	chr4	71306153	71306300	SINE/MIR	777	+	74	71306227	38654
chr4	71267573	71467573	harbor1	chr4	71306593	71306706	SINE/MIR	777	+	56	71306649	39076
chr4	71267573	71467573	harbor1	chr4	71317721	71317931	SINE/MIR	428	+	105	71317826	50253
chr4	71267573	71467573	harbor1	chr4	71326324	71326440	SINE/MIR	443	+	58	71326382	58809
chr4	71267573	71467573	harbor1	chr4	71326485	71326629	SINE/MIR	605	+	72	71326557	58984
chr4	71267573	71467573	harbor1	chr4	71327374	71327627	SINE/MIR	584	+	126	71327500	59927
chr4	71267573	71467573	harbor1	chr4	71342385	71342526	SINE/MIR	413	+	70	71342455	74882
chr4	71267573	71467573	harbor1	chr4	71352505	71352707	SINE/MIR	485	+	101	71352606	85033
chr4	71267573	71467573	harbor1	chr4	71354738	71354903	SINE/MIR	438	+	82	71354820	87247
chr4	71267573	71467573	harbor1	chr4	71364239	71364400	SINE/MIR	385	+	80	71364319	96746
chr4	105310844	105510844	harbor1	chr4	105313906	105314065	SINE/MIR	559	+	80	105313986	3142
chr4	105310844	105510844	harbor1	chr4	105340808	105341043	SINE/MIR	700	+	118	105340926	30082
chr4	105310844	105510844	harbor1	chr4	105394038	105394084	SINE/MIR	673	+	23	105394061	83217
chr4	105310844	105510844	harbor1	chr4	105394404	105394611	SINE/MIR	691	+	104	105394508	83664
chr4	105310844	105510844	harbor1	chr4	105396430	105396577	SINE/MIR	912	+	74	105396504	85660
chr4	105310844	105510844	harbor1	chr4	105396785	105396871	SINE/MIR	912	+	43	105396828	85984
chr4	19250126	19450126	harbor1	chr4	19269692	19269932	SINE/MIR	409	+	120	19269812	19686
chr4	19250126	19450126	harbor1	chr4	19287448	19287633	SINE/MIR	415	+	92	19287540	37414
chr4	19250126	19450126	harbor1	chr4	19344049	19344280	SINE/MIR	418	+	116	19344165	94039
chr4	6713772	6913772	harbor1	chr4	6722417	6722534	SINE/MIR	388	+	58	6722475	8703
chr4	6713772	6913772	harbor1	chr4	6726369	6726428	SINE/MIR	432	+	30	6726399	12627
chr4	6713772	6913772	harbor1	chr4	6726723	6726839	SINE/MIR	432	+	58	6726781	13009
chr4	6713772	6913772	harbor1	chr4	6735047	6735254	SINE/MIR	543	+	104	6735151	21379
chr4	6713772	6913772	harbor1	chr4	6750532	6750717	SINE/MIR	390	+	92	6750624	36852
chr4	6713772	6913772	harbor1	chr4	6770857	6770981	SINE/MIR	635	+	62	6770919	57147
chr4	6713772	6913772	harbor1	chr4	6772253	6772442	SINE/MIR	563	+	94	6772347	58575
chr4	6713772	6913772	harbor1	chr4	6773345	6773575	SINE/MIR	572	+	115	6773460	59688
chr4	6713772	6913772	harbor1	chr4	6779256	6779428	SINE/MIR	389	+	86	6779342	65570
chr4	177096803	177296803	harbor1	chr4	177116795	177116994	SINE/MIR	642	+	100	177116895	20092
chr4	177096803	177296803	harbor1	chr4	177185776	177185975	SINE/MIR	854	+	100	177185876	89073
chr4	125200706	125400706	harbor1	chr4	125207050	125207223	SINE/MIR	408	+	86	125207136	6430
chr4	125200706	125400706	harbor1	chr4	125246762	125246915	SINE/MIR	385	+	76	125246838	46132
chr4	160586564	160786564	harbor1	chr4	160643395	160643593	SINE/MIR	501	+	99	160643494	56930
chr4	126541171	126741171	harbor1	chr4	126543734	126543883	SINE/MIR	393	+	74	126543808	2637
chr4	126541171	126741171	harbor1	chr4	126544162	126544349	SINE/MIR	489	+	94	126544256	3085
chr4	20868970	21068970	harbor1	chr4	20869796	20870031	SINE/MIR	743	+	118	20869914	944
chr4	20868970	21068970	harbor1	chr4	20874592	20874815	SINE/MIR	406	+	112	20874704	5734
chr4	20868970	21068970	harbor1	chr4	20875252	20875490	SINE/MIR	678	+	119	20875371	6401
chr4	20868970	21068970	harbor1	chr4	20901644	20901820	SINE/MIR	597	+	88	20901732	32762
chr4	20868970	21068970	harbor1	chr4	20908749	20908934	SINE/MIR	453	+	92	20908841	39871
chr4	20868970	21068970	harbor1	chr4	20913671	20913873	SINE/MIR	749	+	101	20913772	44802
chr4	20868970	21068970	harbor1	chr4	20914183	20914224	SINE/MIR	749	+	20	20914203	45233
chr4	20868970	21068970	harbor1	chr4	20922042	20922133	SINE/MIR	414	+	46	20922088	53118
chr4	20868970	21068970	harbor1	chr4	20922627	20922698	SINE/MIR	414	+	36	20922663	53693
chr4	20868970	21068970	harbor1	chr4	20940864	20941076	SINE/MIR	427	+	106	20940970	72000
chr4	20868970	21068970	harbor1	chr4	20947865	20948078	SINE/MIR	391	+	106	20947971	79001
chr4	20868970	21068970	harbor1	chr4	20959755	20959981	SINE/MIR	487	+	113	20959868	90898
chr4	41954857	42154857	harbor1	chr4	42015919	42016216	SINE/MIR	648	+	148	42016067	61210
chr4	41954857	42154857	harbor1	chr4	42016630	42016744	SINE/MIR	457	+	57	42016687	61830
chr4	41954857	42154857	harbor1	chr4	42018624	42018808	SINE/MIR	522	+	92	42018716	63859
chr4	66835405	67035405	harbor1	chr4	66856906	66857104	SINE/MIR	573	+	99	66857005	21600
chr4	66835405	67035405	harbor1	chr4	66896626	66896872	SINE/MIR	734	+	123	66896749	61344
chr4	151923984	152123984	harbor1	chr4	151958870	151959049	SINE/MIR	547	+	90	151958960	34976
chr4	151923984	152123984	harbor1	chr4	151974738	151974948	SINE/MIR	434	+	105	151974843	50859
chr4	151923984	152123984	harbor1	chr4	152007618	152007837	SINE/MIR	506	+	110	152007728	83744
chr4	151923984	152123984	harbor1	chr4	152019747	152019936	SINE/MIR	520	+	94	152019841	95857
chr4	172711870	172911870	harbor1	chr4	172712851	172712983	SINE/MIR	407	+	66	172712917	1047
chr4	172711870	172911870	harbor1	chr4	172719274	172719454	SINE/MIR	387	+	90	172719364	7494
chr4	172711870	172911870	harbor1	chr4	172723304	172723511	SINE/MIR	421	+	104	172723408	11538
chr4	172711870	172911870	harbor1	chr4	172725880	172725988	SINE/MIR	449	+	54	172725934	14064
chr4	172711870	172911870	harbor1	chr4	172746163	172746325	SINE/MIR	493	+	81	172746244	34374
chr4	172711870	172911870	harbor1	chr4	172769814	172769982	SINE/MIR	391	+	84	172769898	58028
chr4	172711870	172911870	harbor1	chr4	172770303	172770367	SINE/MIR	391	+	32	172770335	58465
chr4	172711870	172911870	harbor1	chr4	172796313	172796499	SINE/MIR	506	+	93	172796406	84536
chr4	84394301	84594301	harbor1	chr4	84398241	84398399	SINE/MIR	386	+	79	84398320	4019
chr4	84394301	84594301	harbor1	chr4	84404480	84404666	SINE/MIR	574	+	93	84404573	10272
chr4	84394301	84594301	harbor1	chr4	84406402	84406506	SINE/MIR	409	+	52	84406454	12153
chr4	84394301	84594301	harbor1	chr4	84412988	84413203	SINE/MIR	560	+	108	84413096	18795
chr4	84394301	84594301	harbor1	chr4	84426887	84427123	SINE/MIR	955	+	118	84427005	32704
chr4	84394301	84594301	harbor1	chr4	84443220	84443453	SINE/MIR	572	+	116	84443336	49035
chr4	84394301	84594301	harbor1	chr4	84459235	84459447	SINE/MIR	485	+	106	84459341	65040
chr4	84394301	84594301	harbor1	chr4	84466535	84466773	SINE/MIR	631	+	119	84466654	72353
chr4	84394301	84594301	harbor1	chr4	84477025	84477182	SINE/MIR	563	+	78	84477103	82802
chr4	131743652	131943652	harbor1	chr4	131834418	131834652	SINE/MIR	598	+	117	131834535	90883
chr4	122335521	122535521	harbor1	chr4	122356123	122356246	SINE/MIR	392	+	62	122356185	20664
chr4	122335521	122535521	harbor1	chr4	122360923	122361129	SINE/MIR	535	+	103	122361026	25505
chr4	122335521	122535521	harbor1	chr4	122384373	122384564	SINE/MIR	418	+	96	122384469	48948
chr4	122335521	122535521	harbor1	chr4	122394073	122394255	SINE/MIR	709	+	91	122394164	58643
chr4	122335521	122535521	harbor1	chr4	122397297	122397521	SINE/MIR	432	+	112	122397409	61888
chr4	81440715	81640715	harbor1	chr4	81480356	81480576	SINE/MIR	469	+	110	81480466	39751
chr4	81440715	81640715	harbor1	chr4	81490948	81491176	SINE/MIR	487	+	114	81491062	50347
chr4	81440715	81640715	harbor1	chr4	81501855	81502035	SINE/MIR	560	+	90	81501945	61230
chr4	81440715	81640715	harbor1	chr4	81509162	81509365	SINE/MIR	482	+	102	81509264	68549
chr4	81440715	81640715	harbor1	chr4	81514062	81514238	SINE/MIR	632	+	88	81514150	73435
chr4	81440715	81640715	harbor1	chr4	81519530	81519731	SINE/MIR	663	+	100	81519630	78915
chr4	81440715	81640715	harbor1	chr4	81521428	81521669	SINE/MIR	745	+	120	81521548	80833
chr4	108195037	108395037	harbor1	chr4	108198160	108198333	SINE/MIR	542	+	86	108198246	3209
chr4	108195037	108395037	harbor1	chr4	108215374	108215557	SINE/MIR	648	+	92	108215466	20429
chr4	108195037	108395037	harbor1	chr4	108221604	108221838	SINE/MIR	825	+	117	108221721	26684
chr4	108195037	108395037	harbor1	chr4	108225637	108225856	SINE/MIR	747	+	110	108225747	30710
chr4	108195037	108395037	harbor1	chr4	108226996	108227219	SINE/MIR	633	+	112	108227108	32071
chr4	108195037	108395037	harbor1	chr4	108243935	108244133	SINE/MIR	505	+	99	108244034	48997
chr4	108195037	108395037	harbor1	chr4	108287173	108287373	SINE/MIR	515	+	100	108287273	92236
chr4	41379139	41579139	harbor1	chr4	41386329	41386511	SINE/MIR	599	+	91	41386420	7281
chr4	41379139	41579139	harbor1	chr4	41414889	41415122	SINE/MIR	659	+	116	41415005	35866
chr4	41379139	41579139	harbor1	chr4	41421080	41421294	SINE/MIR	666	+	107	41421187	42048
chr4	41379139	41579139	harbor1	chr4	41428180	41428395	SINE/MIR	780	+	108	41428288	49149
chr4	41379139	41579139	harbor1	chr4	41431266	41431502	SINE/MIR	705	+	118	41431384	52245
chr4	41379139	41579139	harbor1	chr4	41477068	41477230	SINE/MIR	687	+	81	41477149	98010
chr4	146126953	146326953	harbor1	chr4	146129554	146129678	SINE/MIR	486	+	62	146129616	2663
chr4	146126953	146326953	harbor1	chr4	146161755	146162050	SINE/MIR	570	+	148	146161903	34950
chr4	146126953	146326953	harbor1	chr4	146162441	146162469	SINE/MIR	570	+	14	146162455	35502
chr4	146126953	146326953	harbor1	chr4	146182101	146182275	SINE/MIR	762	+	87	146182188	55235
chr4	146126953	146326953	harbor1	chr4	146182352	146182567	SINE/MIR	604	+	108	146182460	55507
chr4	146126953	146326953	harbor1	chr4	146208616	146208871	SINE/MIR	959	+	128	146208744	81791
chr4	146126953	146326953	harbor1	chr4	146211895	146212118	SINE/MIR	495	+	112	146212007	85054
chr4	152609837	152809837	harbor1	chr4	152614941	152615179	SINE/MIR	734	+	119	152615060	5223
chr4	152609837	152809837	harbor1	chr4	152632752	152632987	SINE/MIR	407	+	118	152632870	23033
chr4	152609837	152809837	harbor1	chr4	152662927	152663147	SINE/MIR	401	+	110	152663037	53200
chr4	152609837	152809837	harbor1	chr4	152676393	152676631	SINE/MIR	1009	+	119	152676512	66675
chr4	147382739	147582739	harbor1	chr4	147408579	147408806	SINE/MIR	578	+	114	147408693	25954
chr4	147382739	147582739	harbor1	chr4	147441786	147441913	SINE/MIR	410	+	64	147441850	59111
chr4	147382739	147582739	harbor1	chr4	147474416	147474435	SINE/MIR	629	+	10	147474426	91687
chr4	147382739	147582739	harbor1	chr4	147474814	147474991	SINE/MIR	629	+	88	147474902	92163
chr4	37400090	37600090	harbor1	chr4	37402642	37402843	SINE/MIR	393	+	100	37402742	2652
chr4	37400090	37600090	harbor1	chr4	37433705	37433814	SINE/MIR	389	+	54	37433759	33669
chr4	37400090	37600090	harbor1	chr4	37442404	37442642	SINE/MIR	405	+	119	37442523	42433
chr4	37400090	37600090	harbor1	chr4	37464284	37464389	SINE/MIR	421	+	52	37464336	64246
chr4	37400090	37600090	harbor1	chr4	37476535	37476725	SINE/MIR	432	+	95	37476630	76540
chr4	58520849	58720849	harbor1	chr4	58566248	58566453	SINE/MIR	461	+	102	58566350	45501
chr4	177635805	177835805	harbor1	chr4	177686743	177686994	SINE/MIR	575	+	126	177686869	51064
chr4	177635805	177835805	harbor1	chr4	177720191	177720408	SINE/MIR	510	+	108	177720299	84494
chr4	177635805	177835805	harbor1	chr4	177720940	177721173	SINE/MIR	601	+	116	177721056	85251
chr4	177635805	177835805	harbor1	chr4	177651665	177651827	SINE/MIR	411	+	81	177651746	15941
chr4	35208740	35408740	harbor1	chr4	35211597	35211749	SINE/MIR	558	+	76	35211673	2933
chr4	35208740	35408740	harbor1	chr4	35287426	35287641	SINE/MIR	624	+	108	35287534	78794
chr4	35208740	35408740	harbor1	chr4	35300225	35300389	SINE/MIR	523	+	82	35300307	91567
chr4	46122644	46322644	harbor1	chr4	46127262	46127374	SINE/MIR	493	+	56	46127318	4674
chr4	46122644	46322644	harbor1	chr4	46130860	46131085	SINE/MIR	411	+	112	46130972	8328
chr4	46122644	46322644	harbor1	chr4	46191166	46191407	SINE/MIR	473	+	120	46191286	68642
chr4	46122644	46322644	harbor1	chr4	46195244	46195432	SINE/MIR	589	+	94	46195338	72694
chr4	46122644	46322644	harbor1	chr4	46195496	46195696	SINE/MIR	457	+	100	46195596	72952
chr4	46122644	46322644	harbor1	chr4	46198620	46198818	SINE/MIR	603	+	99	46198719	76075
chr4	46122644	46322644	harbor1	chr4	46212487	46212698	SINE/MIR	469	+	106	46212593	89949
chr4	31585939	31785939	harbor1	chr4	31626738	31626928	SINE/MIR	397	+	95	31626833	40894
chr4	31585939	31785939	harbor1	chr4	31665516	31665706	SINE/MIR	613	+	95	31665611	79672
chr4	111550960	111750960	harbor1	chr4	111609497	111609670	SINE/MIR	422	+	86	111609583	58623
chr4	111550960	111750960	harbor1	chr4	111645244	111645472	SINE/MIR	687	+	114	111645358	94398
chr4	11304743	11504743	harbor1	chr4	11343439	11343611	SINE/MIR	424	+	86	11343525	38782
chr4	11304743	11504743	harbor1	chr4	11350621	11350796	SINE/MIR	422	+	88	11350709	45966
chr4	11304743	11504743	harbor1	chr4	11392092	11392232	SINE/MIR	571	+	70	11392162	87419
chr4	11304743	11504743	harbor1	chr4	11403777	11403929	SINE/MIR	532	+	76	11403853	99110
chr4	180394441	180594441	harbor1	chr4	180431134	180431357	SINE/MIR	499	+	112	180431246	36805
chr4	180394441	180594441	harbor1	chr4	180462108	180462312	SINE/MIR	529	+	102	180462210	67769
chr4	180394441	180594441	harbor1	chr4	180477810	180478018	SINE/MIR	444	+	104	180477914	83473
chr4	175698119	175898119	harbor1	chr4	175702989	175703150	SINE/MIR	390	+	80	175703069	4950
chr4	175698119	175898119	harbor1	chr4	175794089	175794314	SINE/MIR	740	+	112	175794201	96082
chr4	107802869	108002869	harbor1	chr4	107831358	107831548	SINE/MIR	437	+	95	107831453	28584
chr4	107802869	108002869	harbor1	chr4	107867545	107867767	SINE/MIR	750	+	111	107867656	64787
chr4	13891379	14091379	harbor1	chr4	13896600	13896778	SINE/MIR	462	+	89	13896689	5310
chr4	13891379	14091379	harbor1	chr4	13901843	13902052	SINE/MIR	455	+	104	13901947	10568
chr4	13891379	14091379	harbor1	chr4	13907767	13908019	SINE/MIR	569	+	126	13907893	16514
chr4	13891379	14091379	harbor1	chr4	13917411	13917670	SINE/MIR	721	+	130	13917541	26162
chr4	13891379	14091379	harbor1	chr4	13953465	13953646	SINE/MIR	485	+	90	13953555	62176
chr4	13891379	14091379	harbor1	chr4	13973077	13973174	SINE/MIR	414	+	48	13973125	81746
chr4	13891379	14091379	harbor1	chr4	13973942	13974034	SINE/MIR	414	+	46	13973988	82609
chr4	13891379	14091379	harbor1	chr4	13974506	13974732	SINE/MIR	512	+	113	13974619	83240
chr4	13891379	14091379	harbor1	chr4	13982941	13983111	SINE/MIR	427	+	85	13983026	91647
chr4	93608156	93808156	harbor1	chr4	93664718	93664888	SINE/MIR	500	+	85	93664803	56647
chr4	93608156	93808156	harbor1	chr4	93671439	93671633	SINE/MIR	583	+	97	93671536	63380
chr4	93608156	93808156	harbor1	chr4	93691438	93691618	SINE/MIR	438	+	90	93691528	83372
chr4	93608156	93808156	harbor1	chr4	93692391	93692491	SINE/MIR	488	+	50	93692441	84285
chr4	93608156	93808156	harbor1	chr4	93695714	93695924	SINE/MIR	466	+	105	93695819	87663
chr4	93608156	93808156	harbor1	chr4	93698810	93699036	SINE/MIR	574	+	113	93698923	90767
chr4	173217660	173417660	harbor1	chr4	173229519	173229747	SINE/MIR	801	+	114	173229633	11973
chr4	173217660	173417660	harbor1	chr4	173231454	173231649	SINE/MIR	449	+	98	173231552	13892
chr4	173217660	173417660	harbor1	chr4	173244474	173244669	SINE/MIR	665	+	98	173244572	26912
chr4	173217660	173417660	harbor1	chr4	173251186	173251339	SINE/MIR	482	+	76	173251262	33602
chr4	173217660	173417660	harbor1	chr4	173274477	173274700	SINE/MIR	857	+	112	173274589	56929
chr4	168722666	168922666	harbor1	chr4	168744617	168744653	SINE/MIR	820	+	18	168744635	21969
chr4	168722666	168922666	harbor1	chr4	168745009	168745230	SINE/MIR	820	+	110	168745119	22453
chr4	168722666	168922666	harbor1	chr4	168751466	168751568	SINE/MIR	408	+	51	168751517	28851
chr4	168722666	168922666	harbor1	chr4	168783567	168783709	SINE/MIR	415	+	71	168783638	60972
chr4	168722666	168922666	harbor1	chr4	168793524	168793666	SINE/MIR	431	+	71	168793595	70929
chr4	189712793	189912793	harbor1	chr4	189755111	189755299	SINE/MIR	425	+	94	189755205	42412
chr4	189712793	189912793	harbor1	chr4	189767540	189767784	SINE/MIR	459	+	122	189767662	54869
chr4	189712793	189912793	harbor1	chr4	189774512	189774661	SINE/MIR	430	+	74	189774586	61793
chr4	189712793	189912793	harbor1	chr4	189811321	189811508	SINE/MIR	457	+	94	189811415	98622
chr4	63496157	63696157	harbor1	chr4	63512579	63512752	SINE/MIR	459	+	86	63512665	16508
chr4	82126099	82326099	harbor1	chr4	82196171	82196397	SINE/MIR	472	+	113	82196284	70185
chr4	82126099	82326099	harbor1	chr4	82219748	82219860	SINE/MIR	389	+	56	82219804	93705
chr4	4658971	4858971	harbor1	chr4	4668529	4668666	SINE/MIR	541	+	68	4668597	9626
chr4	4658971	4858971	harbor1	chr4	4670892	4671043	SINE/MIR	492	+	76	4670968	11997
chr4	4658971	4858971	harbor1	chr4	4694113	4694301	SINE/MIR	415	+	94	4694207	35236
chr4	4658971	4858971	harbor1	chr4	4696258	4696433	SINE/MIR	625	+	88	4696346	37375
chr4	4658971	4858971	harbor1	chr4	4711086	4711337	SINE/MIR	836	+	126	4711212	52241
chr4	4658971	4858971	harbor1	chr4	4715384	4715533	SINE/MIR	464	+	74	4715458	56487
chr4	4658971	4858971	harbor1	chr4	4720615	4720736	SINE/MIR	405	+	60	4720675	61704
chr4	4658971	4858971	harbor1	chr4	4728149	4728358	SINE/MIR	494	+	104	4728253	69282
chr4	4658971	4858971	harbor1	chr4	4728648	4728843	SINE/MIR	481	+	98	4728746	69775
chr4	4658971	4858971	harbor1	chr4	4738004	4738195	SINE/MIR	504	+	96	4738100	79129
chr4	4658971	4858971	harbor1	chr4	4744366	4744591	SINE/MIR	760	+	112	4744478	85507
chr4	4658971	4858971	harbor1	chr4	4750670	4750814	SINE/MIR	542	+	72	4750742	91771
chr4	187661498	187861498	harbor1	chr4	187662741	187662948	SINE/MIR	516	+	104	187662845	1347
chr4	187661498	187861498	harbor1	chr4	187674076	187674301	SINE/MIR	499	+	112	187674188	12690
chr4	187661498	187861498	harbor1	chr4	187680265	187680488	SINE/MIR	508	+	112	187680377	18879
chr4	187661498	187861498	harbor1	chr4	187683590	187683759	SINE/MIR	515	+	84	187683674	22176
chr4	187661498	187861498	harbor1	chr4	187684795	187684924	SINE/MIR	386	+	64	187684859	23361
chr4	187661498	187861498	harbor1	chr4	187691554	187691779	SINE/MIR	669	+	112	187691666	30168
chr4	187661498	187861498	harbor1	chr4	187700486	187700696	SINE/MIR	463	+	105	187700591	39093
chr4	18905232	19105232	harbor1	chr4	18922301	18922485	SINE/MIR	529	+	92	18922393	17161
chr4	18905232	19105232	harbor1	chr4	18974922	18975161	SINE/MIR	707	+	120	18975042	69810
chr4	62886403	63086403	harbor1	chr4	62903157	62903366	SINE/MIR	469	+	104	62903261	16858
chr4	62886403	63086403	harbor1	chr4	62927039	62927248	SINE/MIR	774	+	104	62927143	40740
chr4	62886403	63086403	harbor1	chr4	62927952	62928144	SINE/MIR	388	+	96	62928048	41645
chr4	62886403	63086403	harbor1	chr4	62941992	62942227	SINE/MIR	718	+	118	62942110	55707
chr4	162016648	162216648	harbor1	chr4	162110200	162110376	SINE/MIR	559	+	88	162110288	93640
chr4	129823031	130023031	harbor1	chr4	129830148	129830387	SINE/MIR	578	+	120	129830268	7237
chr4	129823031	130023031	harbor1	chr4	129848616	129848762	SINE/MIR	557	+	73	129848689	25658
chr4	129823031	130023031	harbor1	chr4	129877565	129877792	SINE/MIR	458	+	114	129877679	54648
chr4	129823031	130023031	harbor1	chr4	129893986	129894164	SINE/MIR	508	+	89	129894075	71044
chr4	129823031	130023031	harbor1	chr4	129894454	129894545	SINE/MIR	508	+	46	129894500	71469
chr4	132808712	133008712	harbor1	chr4	132852640	132852810	SINE/MIR	450	+	85	132852725	44013
chr4	97724477	97924477	harbor1	chr4	97776935	97777082	SINE/MIR	415	+	74	97777009	52532
chr4	97724477	97924477	harbor1	chr4	97789048	97789213	SINE/MIR	418	+	82	97789130	64653
chr4	97724477	97924477	harbor1	chr4	97817063	97817245	SINE/MIR	531	+	91	97817154	92677
chr4	28878407	29078407	harbor1	chr4	28976148	28976310	SINE/MIR	477	+	81	28976229	97822
chr4	22139271	22339271	harbor1	chr4	22186145	22186367	SINE/MIR	566	+	111	22186256	46985
chr4	22139271	22339271	harbor1	chr4	22199391	22199645	SINE/MIR	741	+	127	22199518	60247
chr4	22139271	22339271	harbor1	chr4	22216219	22216462	SINE/MIR	601	+	122	22216341	77070
chr4	22139271	22339271	harbor1	chr4	22219681	22219885	SINE/MIR	750	+	102	22219783	80512
chr4	22139271	22339271	harbor1	chr4	22183896	22184037	SINE/MIR	694	+	70	22183966	44695
chr4	26779759	26979759	harbor1	chr4	26786895	26787090	SINE/MIR	628	+	98	26786993	7234
chr4	26779759	26979759	harbor1	chr4	26806296	26806461	SINE/MIR	733	+	82	26806378	26619
chr4	26779759	26979759	harbor1	chr4	26825656	26825892	SINE/MIR	723	+	118	26825774	46015
chr4	26779759	26979759	harbor1	chr4	26828586	26828819	SINE/MIR	934	+	116	26828702	48943
chr4	26779759	26979759	harbor1	chr4	26860087	26860273	SINE/MIR	458	+	93	26860180	80421
chr4	26779759	26979759	harbor1	chr4	26871857	26872059	SINE/MIR	528	+	101	26871958	92199
chr5	143035685	143235685	harbor1	chr5	143036630	143036788	SINE/MIR	448	+	79	143036709	1024
chr5	143035685	143235685	harbor1	chr5	143036826	143037042	SINE/MIR	603	+	108	143036934	1249
chr5	143035685	143235685	harbor1	chr5	143065475	143065608	SINE/MIR	450	+	66	143065541	29856
chr5	143035685	143235685	harbor1	chr5	143081488	143081731	SINE/MIR	699	+	122	143081610	45925
chr5	143035685	143235685	harbor1	chr5	143098659	143098853	SINE/MIR	521	+	97	143098756	63071
chr5	143035685	143235685	harbor1	chr5	143111341	143111562	SINE/MIR	450	+	110	143111451	75766
chr5	143035685	143235685	harbor1	chr5	143113900	143114092	SINE/MIR	509	+	96	143113996	78311
chr5	143035685	143235685	harbor1	chr5	143129528	143129736	SINE/MIR	537	+	104	143129632	93947
chr5	143035685	143235685	harbor1	chr5	143134779	143134912	SINE/MIR	475	+	66	143134845	99160
chr5	143035685	143235685	harbor1	chr5	143135134	143135359	SINE/MIR	585	+	112	143135246	99561
chr5	87020004	87220004	harbor1	chr5	87080413	87080606	SINE/MIR	556	+	96	87080509	60505
chr5	156808738	157008738	harbor1	chr5	156841599	156841765	SINE/MIR	485	+	83	156841682	32944
chr5	156808738	157008738	harbor1	chr5	156845611	156845768	SINE/MIR	454	+	78	156845689	36951
chr5	156808738	157008738	harbor1	chr5	156894661	156894902	SINE/MIR	653	+	120	156894781	86043
chr5	131191986	131391986	harbor1	chr5	131215149	131215288	SINE/MIR	419	+	70	131215219	23233
chr5	131191986	131391986	harbor1	chr5	131222314	131222502	SINE/MIR	514	+	94	131222408	30422
chr5	131191986	131391986	harbor1	chr5	131281725	131281944	SINE/MIR	520	+	110	131281835	89849
chr5	178697554	178897554	harbor1	chr5	178753305	178753474	SINE/MIR	415	+	84	178753389	55835
chr5	178697554	178897554	harbor1	chr5	178766638	178766800	SINE/MIR	504	+	81	178766719	69165
chr5	99461037	99661037	harbor1	chr5	99465296	99465479	SINE/MIR	699	+	92	99465388	4351
chr5	99461037	99661037	harbor1	chr5	99468804	99468994	SINE/MIR	561	+	95	99468899	7862
chr5	99461037	99661037	harbor1	chr5	99510626	99510882	SINE/MIR	857	+	128	99510754	49717
chr5	24363764	24563764	harbor1	chr5	24425590	24425829	SINE/MIR	562	+	120	24425710	61946
chr5	84051850	84251850	harbor1	chr5	84061577	84061761	SINE/MIR	699	+	92	84061669	9819
chr5	84051850	84251850	harbor1	chr5	84069359	84069529	SINE/MIR	427	+	85	84069444	17594
chr5	84051850	84251850	harbor1	chr5	84091155	84091352	SINE/MIR	559	+	98	84091253	39403
chr5	112317505	112517505	harbor1	chr5	112331052	112331234	SINE/MIR	424	+	91	112331143	13638
chr5	112317505	112517505	harbor1	chr5	112343302	112343520	SINE/MIR	831	+	109	112343411	25906
chr5	112317505	112517505	harbor1	chr5	112354017	112354226	SINE/MIR	587	+	104	112354121	36616
chr5	100339448	100539448	harbor1	chr5	100399210	100399328	SINE/MIR	459	+	59	100399269	59821
chr5	100339448	100539448	harbor1	chr5	100399623	100399666	SINE/MIR	459	+	22	100399645	60197
chr5	6345858	6545858	harbor1	chr5	6391717	6391931	SINE/MIR	824	+	107	6391824	45966
chr5	6345858	6545858	harbor1	chr5	6443956	6444196	SINE/MIR	781	+	120	6444076	98218
chr5	130434211	130634211	harbor1	chr5	130441937	130442118	SINE/MIR	717	+	90	130442027	7816
chr5	139530349	139730349	harbor1	chr5	139617657	139617843	SINE/MIR	501	+	93	139617750	87401
chr5	154863813	155063813	harbor1	chr5	154915530	154915728	SINE/MIR	474	+	99	154915629	51816
chr5	154863813	155063813	harbor1	chr5	154955520	154955660	SINE/MIR	424	+	70	154955590	91777
chr5	154863813	155063813	harbor1	chr5	154957646	154957819	SINE/MIR	600	+	86	154957732	93919
chr5	102004588	102204588	harbor1	chr5	102038980	102039154	SINE/MIR	530	+	87	102039067	34479
chr5	102004588	102204588	harbor1	chr5	102064392	102064573	SINE/MIR	433	+	90	102064482	59894
chr5	127346196	127546196	harbor1	chr5	127347767	127347969	SINE/MIR	422	+	101	127347868	1672
chr5	127346196	127546196	harbor1	chr5	127364889	127365049	SINE/MIR	416	+	80	127364969	18773
chr5	127346196	127546196	harbor1	chr5	127387591	127387833	SINE/MIR	487	+	121	127387712	41516
chr5	127346196	127546196	harbor1	chr5	127390805	127391032	SINE/MIR	708	+	114	127390919	44723
chr5	127346196	127546196	harbor1	chr5	127414246	127414450	SINE/MIR	672	+	102	127414348	68152
chr5	127346196	127546196	harbor1	chr5	127439675	127439901	SINE/MIR	603	+	113	127439788	93592
chr5	92028988	92228988	harbor1	chr5	92090795	92090995	SINE/MIR	473	+	100	92090895	61907
chr5	92028988	92228988	harbor1	chr5	92092797	92093056	SINE/MIR	733	+	130	92092927	63939
chr5	92028988	92228988	harbor1	chr5	92101429	92101543	SINE/MIR	463	+	57	92101486	72498
chr5	92028988	92228988	harbor1	chr5	92109420	92109627	SINE/MIR	733	+	104	92109524	80536
chr5	172476219	172676219	harbor1	chr5	172477990	172478153	SINE/MIR	591	+	82	172478072	1853
chr5	172476219	172676219	harbor1	chr5	172478208	172478376	SINE/MIR	451	+	84	172478292	2073
chr5	172476219	172676219	harbor1	chr5	172478852	172479028	SINE/MIR	623	+	88	172478940	2721
chr5	172476219	172676219	harbor1	chr5	172480268	172480452	SINE/MIR	571	+	92	172480360	4141
chr5	172476219	172676219	harbor1	chr5	172486192	172486340	SINE/MIR	458	+	74	172486266	10047
chr5	172476219	172676219	harbor1	chr5	172490942	172491114	SINE/MIR	467	+	86	172491028	14809
chr5	172476219	172676219	harbor1	chr5	172504537	172504746	SINE/MIR	418	+	104	172504641	28422
chr5	172476219	172676219	harbor1	chr5	172505169	172505363	SINE/MIR	891	+	97	172505266	29047
chr5	172476219	172676219	harbor1	chr5	172507338	172507446	SINE/MIR	542	+	54	172507392	31173
chr5	172476219	172676219	harbor1	chr5	172523807	172523896	SINE/MIR	433	+	44	172523851	47632
chr5	172476219	172676219	harbor1	chr5	172524028	172524228	SINE/MIR	546	+	100	172524128	47909
chr5	172476219	172676219	harbor1	chr5	172524528	172524581	SINE/MIR	546	+	26	172524554	48335
chr5	172476219	172676219	harbor1	chr5	172529075	172529283	SINE/MIR	595	+	104	172529179	52960
chr5	172476219	172676219	harbor1	chr5	172539077	172539230	SINE/MIR	558	+	76	172539153	62934
chr5	172476219	172676219	harbor1	chr5	172541032	172541238	SINE/MIR	442	+	103	172541135	64916
chr5	172476219	172676219	harbor1	chr5	172541965	172542235	SINE/MIR	1131	+	135	172542100	65881
chr5	172476219	172676219	harbor1	chr5	172542245	172542478	SINE/MIR	478	+	116	172542361	66142
chr5	172476219	172676219	harbor1	chr5	172544241	172544482	SINE/MIR	442	+	120	172544361	68142
chr5	172476219	172676219	harbor1	chr5	172545609	172545760	SINE/MIR	498	+	76	172545685	69466
chr5	172476219	172676219	harbor1	chr5	172548702	172548898	SINE/MIR	524	+	98	172548800	72581
chr5	172476219	172676219	harbor1	chr5	172553844	172554090	SINE/MIR	497	+	123	172553967	77748
chr5	172476219	172676219	harbor1	chr5	172566425	172566645	SINE/MIR	770	+	110	172566535	90316
chr5	172476219	172676219	harbor1	chr5	172566775	172566958	SINE/MIR	532	+	92	172566867	90648
chr5	172476219	172676219	harbor1	chr5	172572028	172572180	SINE/MIR	545	+	76	172572104	95885
chr5	172476219	172676219	harbor1	chr5	172575760	172575927	SINE/MIR	512	+	84	172575844	99625
chr5	6088382	6288382	harbor1	chr5	6102804	6102947	SINE/MIR	558	+	72	6102876	14494
chr5	6088382	6288382	harbor1	chr5	6113668	6113897	SINE/MIR	852	+	114	6113782	25400
chr5	32090403	32290403	harbor1	chr5	32129230	32129392	SINE/MIR	583	+	81	32129311	38908
chr5	179517171	179717171	harbor1	chr5	179562767	179562873	SINE/MIR	468	+	53	179562820	45649
chr5	179517171	179717171	harbor1	chr5	179584290	179584496	SINE/MIR	727	+	103	179584393	67222
chr5	140016915	140216915	harbor1	chr5	140022585	140022802	SINE/MIR	763	+	108	140022693	5778
chr5	140016915	140216915	harbor1	chr5	140045519	140045672	SINE/MIR	445	+	76	140045595	28680
chr5	140016915	140216915	harbor1	chr5	140050676	140050892	SINE/MIR	741	+	108	140050784	33869
chr5	140016915	140216915	harbor1	chr5	140056242	140056494	SINE/MIR	1031	+	126	140056368	39453
chr5	140016915	140216915	harbor1	chr5	140070424	140070616	SINE/MIR	702	+	96	140070520	53605
chr5	140016915	140216915	harbor1	chr5	140077085	140077251	SINE/MIR	450	+	83	140077168	60253
chr5	140016915	140216915	harbor1	chr5	140101277	140101494	SINE/MIR	660	+	108	140101385	84470
chr5	148271112	148471112	harbor1	chr5	148292362	148292501	SINE/MIR	459	+	70	148292432	21320
chr5	148271112	148471112	harbor1	chr5	148313707	148313905	SINE/MIR	493	+	99	148313806	42694
chr5	148271112	148471112	harbor1	chr5	148315400	148315591	SINE/MIR	449	+	96	148315496	44384
chr5	148271112	148471112	harbor1	chr5	148323813	148324036	SINE/MIR	455	+	112	148323925	52813
chr5	148271112	148471112	harbor1	chr5	148333763	148333952	SINE/MIR	553	+	94	148333857	62745
chr5	148271112	148471112	harbor1	chr5	148343671	148343888	SINE/MIR	499	+	108	148343779	72667
chr5	148271112	148471112	harbor1	chr5	148345774	148345979	SINE/MIR	700	+	102	148345876	74764
chr5	148271112	148471112	harbor1	chr5	148347566	148347800	SINE/MIR	516	+	117	148347683	76571
chr5	148271112	148471112	harbor1	chr5	148349065	148349263	SINE/MIR	594	+	99	148349164	78052
chr5	148271112	148471112	harbor1	chr5	148349928	148350179	SINE/MIR	503	+	126	148350054	78942
chr5	148271112	148471112	harbor1	chr5	148358742	148358944	SINE/MIR	532	+	101	148358843	87731
chr5	106164471	106364471	harbor1	chr5	106248960	106249124	SINE/MIR	641	+	82	106249042	84571
chr5	38750889	38950889	harbor1	chr5	38791583	38791766	SINE/MIR	642	+	92	38791675	40786
chr5	38750889	38950889	harbor1	chr5	38800564	38800768	SINE/MIR	526	+	102	38800666	49777
chr5	38750889	38950889	harbor1	chr5	38811049	38811256	SINE/MIR	544	+	104	38811153	60264
chr5	38750889	38950889	harbor1	chr5	38849752	38849963	SINE/MIR	588	+	106	38849858	98969
chr5	66954490	67154490	harbor1	chr5	67009422	67009651	SINE/MIR	543	+	114	67009536	55046
chr5	66954490	67154490	harbor1	chr5	67040835	67041053	SINE/MIR	1011	+	109	67040944	86454
chr5	51331814	51531814	harbor1	chr5	51414603	51414840	SINE/MIR	494	+	118	51414721	82907
chr5	51331814	51531814	harbor1	chr5	51425122	51425346	SINE/MIR	707	+	112	51425234	93420
chr5	81728658	81928658	harbor1	chr5	81741059	81741207	SINE/MIR	594	+	74	81741133	12475
chr5	81728658	81928658	harbor1	chr5	81747284	81747514	SINE/MIR	644	+	115	81747399	18741
chr5	81728658	81928658	harbor1	chr5	81761851	81762051	SINE/MIR	784	+	100	81761951	33293
chr5	81728658	81928658	harbor1	chr5	81773723	81773897	SINE/MIR	447	+	87	81773810	45152
chr5	81728658	81928658	harbor1	chr5	81778075	81778262	SINE/MIR	640	+	94	81778169	49511
chr5	81728658	81928658	harbor1	chr5	81785835	81786068	SINE/MIR	682	+	116	81785951	57293
chr5	81728658	81928658	harbor1	chr5	81792734	81792966	SINE/MIR	590	+	116	81792850	64192
chr5	81728658	81928658	harbor1	chr5	81813897	81814094	SINE/MIR	521	+	98	81813995	85337
chr5	81728658	81928658	harbor1	chr5	81822404	81822550	SINE/MIR	554	+	73	81822477	93819
chr5	57939556	58139556	harbor1	chr5	57978333	57978542	SINE/MIR	437	+	104	57978437	38881
chr5	57939556	58139556	harbor1	chr5	57978529	57978747	SINE/MIR	566	+	109	57978638	39082
chr5	57939556	58139556	harbor1	chr5	57982540	57982675	SINE/MIR	522	+	68	57982608	43052
chr5	57939556	58139556	harbor1	chr5	57982971	57983079	SINE/MIR	522	+	54	57983025	43469
chr5	177041941	177241941	harbor1	chr5	177041941	177042156	SINE/MIR	646	+	108	177042049	108
chr5	177041941	177241941	harbor1	chr5	177042415	177042551	SINE/MIR	523	+	68	177042483	542
chr5	177041941	177241941	harbor1	chr5	177049643	177049826	SINE/MIR	742	+	92	177049735	7794
chr5	177041941	177241941	harbor1	chr5	177064207	177064397	SINE/MIR	533	+	95	177064302	22361
chr5	177041941	177241941	harbor1	chr5	177082436	177082626	SINE/MIR	540	+	95	177082531	40590
chr5	177041941	177241941	harbor1	chr5	177113274	177113471	SINE/MIR	520	+	98	177113372	71431
chr5	177041941	177241941	harbor1	chr5	177118183	177118353	SINE/MIR	521	+	85	177118268	76327
chr5	167767179	167967179	harbor1	chr5	167768591	167768846	SINE/MIR	827	+	128	167768719	1540
chr5	167767179	167967179	harbor1	chr5	167777485	167777736	SINE/MIR	596	+	126	167777611	10432
chr5	167767179	167967179	harbor1	chr5	167784139	167784359	SINE/MIR	487	+	110	167784249	17070
chr5	167767179	167967179	harbor1	chr5	167793162	167793432	SINE/MIR	607	+	135	167793297	26118
chr5	167767179	167967179	harbor1	chr5	167834974	167835190	SINE/MIR	472	+	108	167835082	67903
chr5	167767179	167967179	harbor1	chr5	167863033	167863258	SINE/MIR	562	+	112	167863145	95966
chr5	167767179	167967179	harbor1	chr5	167864718	167864864	SINE/MIR	446	+	73	167864791	97612
chr5	24856824	25056824	harbor1	chr5	24915379	24915567	SINE/MIR	508	+	94	24915473	58649
chr5	63320095	63520095	harbor1	chr5	63348647	63348878	SINE/MIR	553	+	116	63348763	28668
chr5	63320095	63520095	harbor1	chr5	63412302	63412528	SINE/MIR	723	+	113	63412415	92320
chr5	63320095	63520095	harbor1	chr5	63413015	63413157	SINE/MIR	459	+	71	63413086	92991
chr5	126257657	126457657	harbor1	chr5	126343500	126343709	SINE/MIR	771	+	104	126343604	85947
chr5	134885083	135085083	harbor1	chr5	134886760	134886971	SINE/MIR	443	+	106	134886866	1783
chr5	134885083	135085083	harbor1	chr5	134942261	134942414	SINE/MIR	581	+	76	134942337	57254
chr5	134885083	135085083	harbor1	chr5	134974996	134975182	SINE/MIR	491	+	93	134975089	90006
chr5	80966518	81166518	harbor1	chr5	80967946	80968137	SINE/MIR	493	+	96	80968042	1524
chr5	156356183	156556183	harbor1	chr5	156380579	156380796	SINE/MIR	471	+	108	156380687	24504
chr5	156356183	156556183	harbor1	chr5	156381749	156381989	SINE/MIR	705	+	120	156381869	25686
chr5	156356183	156556183	harbor1	chr5	156385108	156385256	SINE/MIR	439	+	74	156385182	28999
chr5	156356183	156556183	harbor1	chr5	156409573	156409744	SINE/MIR	475	+	86	156409659	53476
chr5	156356183	156556183	harbor1	chr5	156410003	156410099	SINE/MIR	457	+	48	156410051	53868
chr5	156356183	156556183	harbor1	chr5	156410533	156410639	SINE/MIR	457	+	53	156410586	54403
chr5	156356183	156556183	harbor1	chr5	156411468	156411697	SINE/MIR	833	+	114	156411582	55399
chr5	156356183	156556183	harbor1	chr5	156441238	156441448	SINE/MIR	478	+	105	156441343	85160
chr5	156356183	156556183	harbor1	chr5	156445554	156445782	SINE/MIR	721	+	114	156445668	89485
chr5	51003529	51203529	harbor1	chr5	51053147	51053287	SINE/MIR	435	+	70	51053217	49688
chr5	51003529	51203529	harbor1	chr5	51084531	51084622	SINE/MIR	452	+	46	51084577	81048
chr5	51003529	51203529	harbor1	chr5	51084922	51085023	SINE/MIR	452	+	50	51084972	81443
chr5	51003529	51203529	harbor1	chr5	51088518	51088706	SINE/MIR	744	+	94	51088612	85083
chr5	27969438	28169438	harbor1	chr5	28053084	28053276	SINE/MIR	561	+	96	28053180	83742
chr5	21019770	21219770	harbor1	chr5	21029230	21029418	SINE/MIR	446	+	94	21029324	9554
chr5	159682223	159882223	harbor1	chr5	159710509	159710734	SINE/MIR	429	+	112	159710621	28398
chr5	159682223	159882223	harbor1	chr5	159713243	159713439	SINE/MIR	468	+	98	159713341	31118
chr5	159682223	159882223	harbor1	chr5	159735073	159735220	SINE/MIR	520	+	74	159735147	52924
chr5	159682223	159882223	harbor1	chr5	159772422	159772640	SINE/MIR	602	+	109	159772531	90308
chr5	76060976	76260976	harbor1	chr5	76085587	76085772	SINE/MIR	435	+	92	76085679	24703
chr5	76060976	76260976	harbor1	chr5	76128504	76128736	SINE/MIR	837	+	116	76128620	67644
chr5	76060976	76260976	harbor1	chr5	76136983	76137226	SINE/MIR	664	+	122	76137105	76129
chr5	107544129	107744129	harbor1	chr5	107550443	107550578	SINE/MIR	434	+	68	107550511	6382
chr5	107544129	107744129	harbor1	chr5	107595685	107595860	SINE/MIR	503	+	88	107595773	51644
chr5	107544129	107744129	harbor1	chr5	107596909	107597107	SINE/MIR	482	+	99	107597008	52879
chr5	107544129	107744129	harbor1	chr5	107606620	107606721	SINE/MIR	438	+	50	107606670	62541
chr5	107544129	107744129	harbor1	chr5	107639318	107639564	SINE/MIR	904	+	123	107639441	95312
chr5	177840343	178040343	harbor1	chr5	177886681	177886885	SINE/MIR	462	+	102	177886783	46440
chr5	177840343	178040343	harbor1	chr5	177891530	177891791	SINE/MIR	777	+	130	177891660	51317
chr5	177840343	178040343	harbor1	chr5	177893015	177893270	SINE/MIR	1181	+	128	177893143	52800
chr5	177840343	178040343	harbor1	chr5	177894446	177894590	SINE/MIR	424	+	72	177894518	54175
chr5	177840343	178040343	harbor1	chr5	177926577	177926742	SINE/MIR	443	+	82	177926659	86316
chr5	34075711	34275711	harbor1	chr5	34101254	34101492	SINE/MIR	819	+	119	34101373	25662
chr5	34075711	34275711	harbor1	chr5	34160559	34160769	SINE/MIR	508	+	105	34160664	84953
chr5	87788169	87988169	harbor1	chr5	87799724	87799938	SINE/MIR	535	+	107	87799831	11662
chr5	87788169	87988169	harbor1	chr5	87835393	87835650	SINE/MIR	727	+	128	87835521	47352
chr5	87788169	87988169	harbor1	chr5	87853287	87853477	SINE/MIR	626	+	95	87853382	65213
chr5	134072270	134272270	harbor1	chr5	134083901	134084129	SINE/MIR	428	+	114	134084015	11745
chr5	134072270	134272270	harbor1	chr5	134084572	134084783	SINE/MIR	497	+	106	134084678	12408
chr5	134072270	134272270	harbor1	chr5	134105384	134105507	SINE/MIR	601	+	62	134105446	33176
chr5	134072270	134272270	harbor1	chr5	134106083	134106284	SINE/MIR	631	+	100	134106183	33913
chr5	134072270	134272270	harbor1	chr5	134111784	134112040	SINE/MIR	1002	+	128	134111912	39642
chr5	134072270	134272270	harbor1	chr5	134122958	134123135	SINE/MIR	491	+	88	134123046	50776
chr5	134072270	134272270	harbor1	chr5	134132085	134132301	SINE/MIR	565	+	108	134132193	59923
chr5	99020985	99220985	harbor1	chr5	99051969	99052199	SINE/MIR	651	+	115	99052084	31099
chr5	99020985	99220985	harbor1	chr5	99075532	99075686	SINE/MIR	465	+	77	99075609	54624
chr5	99020985	99220985	harbor1	chr5	99093306	99093506	SINE/MIR	755	+	100	99093406	72421
chr5	99020985	99220985	harbor1	chr5	99102021	99102209	SINE/MIR	472	+	94	99102115	81130
chr5	99020985	99220985	harbor1	chr5	99103606	99103760	SINE/MIR	493	+	77	99103683	82698
chr5	118198519	118398519	harbor1	chr5	118268926	118269055	SINE/MIR	569	+	64	118268990	70471
chr5	118198519	118398519	harbor1	chr5	118269462	118269638	SINE/MIR	531	+	88	118269550	71031
chr5	90365978	90565978	harbor1	chr5	90397709	90397954	SINE/MIR	453	+	122	90397831	31853
chr5	90365978	90565978	harbor1	chr5	90426674	90426846	SINE/MIR	439	+	86	90426760	60782
chr5	90365978	90565978	harbor1	chr5	90435766	90435942	SINE/MIR	692	+	88	90435854	69876
chr5	90365978	90565978	harbor1	chr5	90436389	90436445	SINE/MIR	692	+	28	90436417	70439
chr5	93230318	93430318	harbor1	chr5	93241153	93241333	SINE/MIR	489	+	90	93241243	10925
chr5	93230318	93430318	harbor1	chr5	93248068	93248303	SINE/MIR	756	+	118	93248186	17868
chr5	93230318	93430318	harbor1	chr5	93294680	93294885	SINE/MIR	647	+	102	93294782	64464
chr5	93230318	93430318	harbor1	chr5	93303846	93304060	SINE/MIR	633	+	107	93303953	73635
chr5	93230318	93430318	harbor1	chr5	93311590	93311750	SINE/MIR	458	+	80	93311670	81352
chr5	106464090	106664090	harbor1	chr5	106473641	106473808	SINE/MIR	434	+	84	106473725	9635
chr5	173974889	174174889	harbor1	chr5	173995425	173995666	SINE/MIR	865	+	120	173995545	20656
chr5	173974889	174174889	harbor1	chr5	174053064	174053267	SINE/MIR	601	+	102	174053166	78277
chr5	173974889	174174889	harbor1	chr5	174054822	174055027	SINE/MIR	644	+	102	174054924	80035
chr5	173974889	174174889	harbor1	chr5	174055718	174055913	SINE/MIR	486	+	98	174055816	80927
chr5	173974889	174174889	harbor1	chr5	174056177	174056366	SINE/MIR	787	+	94	174056271	81382
chr5	173974889	174174889	harbor1	chr5	174062970	174063127	SINE/MIR	473	+	78	174063048	88159
chr5	39576991	39776991	harbor1	chr5	39585416	39585653	SINE/MIR	565	+	118	39585534	8543
chr5	39576991	39776991	harbor1	chr5	39590041	39590185	SINE/MIR	490	+	72	39590113	13122
chr5	39576991	39776991	harbor1	chr5	39591982	39592154	SINE/MIR	596	+	86	39592068	15077
chr5	161166282	161366282	harbor1	chr5	161195410	161195589	SINE/MIR	526	+	90	161195500	29218
chr5	161166282	161366282	harbor1	chr5	161219532	161219760	SINE/MIR	466	+	114	161219646	53364
chr5	161166282	161366282	harbor1	chr5	161235220	161235291	SINE/MIR	488	+	36	161235256	68974
chr5	161166282	161366282	harbor1	chr5	161235701	161235795	SINE/MIR	488	+	47	161235748	69466
chr5	161166282	161366282	harbor1	chr5	161256395	161256623	SINE/MIR	607	+	114	161256509	90227
chr5	161166282	161366282	harbor1	chr5	161258388	161258627	SINE/MIR	601	+	120	161258508	92226
chr5	62346101	62546101	harbor1	chr5	62349735	62349862	SINE/MIR	552	+	64	62349799	3698
chr5	62346101	62546101	harbor1	chr5	62369846	62370073	SINE/MIR	611	+	114	62369960	23859
chr5	62346101	62546101	harbor1	chr5	62371524	62371722	SINE/MIR	509	+	99	62371623	25522
chr5	62346101	62546101	harbor1	chr5	62411114	62411329	SINE/MIR	823	+	108	62411222	65121
chr5	38461505	38661505	harbor1	chr5	38518253	38518404	SINE/MIR	654	+	76	38518329	56824
chr5	144231643	144431643	harbor1	chr5	144234523	144234768	SINE/MIR	545	+	122	144234645	3002
chr5	144231643	144431643	harbor1	chr5	144235416	144235659	SINE/MIR	926	+	122	144235538	3895
chr5	144231643	144431643	harbor1	chr5	144239055	144239226	SINE/MIR	555	+	86	144239141	7498
chr5	144231643	144431643	harbor1	chr5	144246873	144247067	SINE/MIR	565	+	97	144246970	15327
chr5	144231643	144431643	harbor1	chr5	144250635	144250786	SINE/MIR	478	+	76	144250711	19068
chr5	144231643	144431643	harbor1	chr5	144251260	144251476	SINE/MIR	597	+	108	144251368	19725
chr5	144231643	144431643	harbor1	chr5	144267189	144267433	SINE/MIR	634	+	122	144267311	35668
chr5	99064949	99264949	harbor1	chr5	99075532	99075686	SINE/MIR	465	+	77	99075609	10660
chr5	99064949	99264949	harbor1	chr5	99093306	99093506	SINE/MIR	755	+	100	99093406	28457
chr5	99064949	99264949	harbor1	chr5	99102021	99102209	SINE/MIR	472	+	94	99102115	37166
chr5	99064949	99264949	harbor1	chr5	99103606	99103760	SINE/MIR	493	+	77	99103683	38734
chr5	99064949	99264949	harbor1	chr5	99126609	99126814	SINE/MIR	608	+	102	99126711	61762
chr5	99064949	99264949	harbor1	chr5	99128582	99128780	SINE/MIR	550	+	99	99128681	63732
chr5	173828355	174028355	harbor1	chr5	173829370	173829596	SINE/MIR	727	+	113	173829483	1128
chr5	173828355	174028355	harbor1	chr5	173830770	173830958	SINE/MIR	447	+	94	173830864	2509
chr5	173828355	174028355	harbor1	chr5	173857963	173858137	SINE/MIR	461	+	87	173858050	29695
chr5	173828355	174028355	harbor1	chr5	173862059	173862235	SINE/MIR	422	+	88	173862147	33792
chr5	173828355	174028355	harbor1	chr5	173863724	173863874	SINE/MIR	515	+	75	173863799	35444
chr5	173828355	174028355	harbor1	chr5	173865416	173865653	SINE/MIR	572	+	118	173865534	37179
chr5	173828355	174028355	harbor1	chr5	173901622	173901799	SINE/MIR	415	+	88	173901710	73355
chr5	173828355	174028355	harbor1	chr5	173904125	173904304	SINE/MIR	559	+	90	173904215	75860
chr5	173828355	174028355	harbor1	chr5	173904684	173904824	SINE/MIR	485	+	70	173904754	76399
chr5	173828355	174028355	harbor1	chr5	173905024	173905120	SINE/MIR	485	+	48	173905072	76717
chr5	89232097	89432097	harbor1	chr5	89261799	89262017	SINE/MIR	515	+	109	89261908	29811
chr5	89232097	89432097	harbor1	chr5	89280811	89281013	SINE/MIR	467	+	101	89280912	48815
chr5	89232097	89432097	harbor1	chr5	89313265	89313516	SINE/MIR	896	+	126	89313391	81294
chr5	90266077	90466077	harbor1	chr5	90281398	90281600	SINE/MIR	812	+	101	90281499	15422
chr5	90266077	90466077	harbor1	chr5	90299068	90299253	SINE/MIR	494	+	92	90299160	33083
chr5	90266077	90466077	harbor1	chr5	90301581	90301824	SINE/MIR	691	+	122	90301703	35626
chr5	90266077	90466077	harbor1	chr5	90336637	90336803	SINE/MIR	445	+	83	90336720	70643
chr5	90266077	90466077	harbor1	chr5	90345466	90345699	SINE/MIR	603	+	116	90345582	79505
chr5	98366037	98566037	harbor1	chr5	98433813	98433992	SINE/MIR	420	+	90	98433903	67866
chr5	98366037	98566037	harbor1	chr5	98458611	98458810	SINE/MIR	469	+	100	98458711	92674
chr5	112697116	112897116	harbor1	chr5	112710688	112710927	SINE/MIR	445	+	120	112710808	13692
chr5	112697116	112897116	harbor1	chr5	112744848	112745057	SINE/MIR	608	+	104	112744952	47836
chr5	112697116	112897116	harbor1	chr5	112771919	112772051	SINE/MIR	438	+	66	112771985	74869
chr5	112697116	112897116	harbor1	chr5	112788388	112788584	SINE/MIR	766	+	98	112788486	91370
chr5	54259303	54459303	harbor1	chr5	54273627	54273794	SINE/MIR	481	+	84	54273711	14408
chr5	54259303	54459303	harbor1	chr5	54289640	54289792	SINE/MIR	733	+	76	54289716	30413
chr5	54259303	54459303	harbor1	chr5	54302288	54302491	SINE/MIR	533	+	102	54302390	43087
chr5	54259303	54459303	harbor1	chr5	54319307	54319542	SINE/MIR	799	+	118	54319425	60122
chr5	54259303	54459303	harbor1	chr5	54321991	54322174	SINE/MIR	532	+	92	54322083	62780
chr5	54259303	54459303	harbor1	chr5	54325134	54325375	SINE/MIR	595	+	120	54325254	65951
chr5	53011930	53211930	harbor1	chr5	53034952	53035091	SINE/MIR	439	+	70	53035022	23092
chr5	179569916	179769916	harbor1	chr5	179584290	179584496	SINE/MIR	727	+	103	179584393	14477
chr5	160590546	160790546	harbor1	chr5	160599362	160599517	SINE/MIR	697	+	78	160599440	8894
chr5	160590546	160790546	harbor1	chr5	160621943	160622130	SINE/MIR	482	+	94	160622037	31491
chr5	160590546	160790546	harbor1	chr5	160667261	160667438	SINE/MIR	796	+	88	160667349	76803
chr5	160590546	160790546	harbor1	chr5	160670214	160670341	SINE/MIR	513	+	64	160670278	79732
chr5	130263508	130463508	harbor1	chr5	130288594	130288859	SINE/MIR	866	+	132	130288726	25218
chr5	130263508	130463508	harbor1	chr5	130324563	130324769	SINE/MIR	797	+	103	130324666	61158
chr5	130263508	130463508	harbor1	chr5	130350626	130350806	SINE/MIR	432	+	90	130350716	87208
chr5	175260696	175460696	harbor1	chr5	175280025	175280194	SINE/MIR	426	+	84	175280109	19413
chr5	175260696	175460696	harbor1	chr5	175281226	175281368	SINE/MIR	525	+	71	175281297	20601
chr5	175260696	175460696	harbor1	chr5	175300444	175300593	SINE/MIR	485	+	74	175300518	39822
chr5	175260696	175460696	harbor1	chr5	175321433	175321640	SINE/MIR	496	+	104	175321537	60841
chr5	175260696	175460696	harbor1	chr5	175323764	175323975	SINE/MIR	502	+	106	175323870	63174
chr5	175260696	175460696	harbor1	chr5	175334548	175334793	SINE/MIR	837	+	122	175334670	73974
chr5	175260696	175460696	harbor1	chr5	175339239	175339417	SINE/MIR	474	+	89	175339328	78632
chr5	130639908	130839908	harbor1	chr5	130708166	130708355	SINE/MIR	523	+	94	130708260	68352
chr5	136868045	137068045	harbor1	chr5	136890409	136890629	SINE/MIR	707	+	110	136890519	22474
chr5	136868045	137068045	harbor1	chr5	136964190	136964370	SINE/MIR	505	+	90	136964280	96235
chr5	89797764	89997764	harbor1	chr5	89868148	89868341	SINE/MIR	815	+	96	89868244	70480
chr5	7298465	7498465	harbor1	chr5	7346101	7346352	SINE/MIR	856	+	126	7346227	47762
chr5	158243711	158443711	harbor1	chr5	158257659	158257755	SINE/MIR	424	+	48	158257707	13996
chr5	158243711	158443711	harbor1	chr5	158282950	158283221	SINE/MIR	761	+	136	158283086	39375
chr5	158243711	158443711	harbor1	chr5	158294814	158295034	SINE/MIR	446	+	110	158294924	51213
chr5	158243711	158443711	harbor1	chr5	158312438	158312653	SINE/MIR	513	+	108	158312546	68835
chr5	158243711	158443711	harbor1	chr5	158314897	158315133	SINE/MIR	754	+	118	158315015	71304
chr5	158243711	158443711	harbor1	chr5	158318167	158318411	SINE/MIR	712	+	122	158318289	74578
chr5	158243711	158443711	harbor1	chr5	158253053	158253216	SINE/MIR	536	+	82	158253135	9424
chr5	172149908	172349908	harbor1	chr5	172154751	172154949	SINE/MIR	755	+	99	172154850	4942
chr5	172149908	172349908	harbor1	chr5	172171260	172171420	SINE/MIR	458	+	80	172171340	21432
chr5	172149908	172349908	harbor1	chr5	172175761	172175943	SINE/MIR	517	+	91	172175852	25944
chr5	172149908	172349908	harbor1	chr5	172194794	172195012	SINE/MIR	553	+	109	172194903	44995
chr5	40175910	40375910	harbor1	chr5	40209933	40210137	SINE/MIR	589	+	102	40210035	34125
chr5	40175910	40375910	harbor1	chr5	40268995	40269247	SINE/MIR	789	+	126	40269121	93211
chr5	102528933	102728933	harbor1	chr5	102542256	102542497	SINE/MIR	746	+	120	102542376	13443
chr5	102528933	102728933	harbor1	chr5	102585944	102586156	SINE/MIR	496	+	106	102586050	57117
chr5	102528933	102728933	harbor1	chr5	102590635	102590870	SINE/MIR	614	+	118	102590753	61820
chr5	57285825	57485825	harbor1	chr5	57304187	57304295	SINE/MIR	465	+	54	57304241	18416
chr5	57285825	57485825	harbor1	chr5	57320952	57321128	SINE/MIR	510	+	88	57321040	35215
chr5	57285825	57485825	harbor1	chr5	57333987	57334136	SINE/MIR	418	+	74	57334061	48236
chr5	57285825	57485825	harbor1	chr5	57343610	57343801	SINE/MIR	491	+	96	57343706	57881
chr5	57285825	57485825	harbor1	chr5	57348939	57349099	SINE/MIR	688	+	80	57349019	63194
chr5	57285825	57485825	harbor1	chr5	57382764	57382897	SINE/MIR	459	+	66	57382830	97005
chr5	17419368	17619368	harbor1	chr5	17426997	17427193	SINE/MIR	498	+	98	17427095	7727
chr5	17419368	17619368	harbor1	chr5	17470238	17470428	SINE/MIR	415	+	95	17470333	50965
chr5	151998542	152198542	harbor1	chr5	152002577	152002739	SINE/MIR	514	+	81	152002658	4116
chr5	151998542	152198542	harbor1	chr5	152017406	152017643	SINE/MIR	553	+	118	152017524	18982
chr5	151998542	152198542	harbor1	chr5	152058824	152059072	SINE/MIR	736	+	124	152058948	60406
chr5	151998542	152198542	harbor1	chr5	152060917	152061095	SINE/MIR	552	+	89	152061006	62464
chr5	151998542	152198542	harbor1	chr5	152065720	152065941	SINE/MIR	497	+	110	152065830	67288
chr5	151998542	152198542	harbor1	chr5	152067245	152067398	SINE/MIR	422	+	76	152067321	68779
chr5	151998542	152198542	harbor1	chr5	152070081	152070296	SINE/MIR	525	+	108	152070189	71647
chr5	151998542	152198542	harbor1	chr5	152084306	152084541	SINE/MIR	1117	+	118	152084424	85882
chr5	151998542	152198542	harbor1	chr5	152087127	152087253	SINE/MIR	504	+	63	152087190	88648
chr5	151998542	152198542	harbor1	chr5	152088013	152088256	SINE/MIR	721	+	122	152088135	89593
chr5	151998542	152198542	harbor1	chr5	152091674	152091880	SINE/MIR	664	+	103	152091777	93235
chr5	149108535	149308535	harbor1	chr5	149132831	149133087	SINE/MIR	811	+	128	149132959	24424
chr5	149108535	149308535	harbor1	chr5	149150774	149151011	SINE/MIR	710	+	118	149150892	42357
chr5	149108535	149308535	harbor1	chr5	149156212	149156429	SINE/MIR	564	+	108	149156320	47785
chr5	149108535	149308535	harbor1	chr5	149174773	149174980	SINE/MIR	723	+	104	149174877	66342
chr5	149108535	149308535	harbor1	chr5	149176467	149176712	SINE/MIR	753	+	122	149176589	68054
chr5	159930021	160130021	harbor1	chr5	159935888	159936078	SINE/MIR	510	+	95	159935983	5962
chr5	159930021	160130021	harbor1	chr5	159936287	159936332	SINE/MIR	510	+	22	159936309	6288
chr5	159930021	160130021	harbor1	chr5	159939536	159939690	SINE/MIR	518	+	77	159939613	9592
chr5	159930021	160130021	harbor1	chr5	159952528	159952747	SINE/MIR	476	+	110	159952638	22617
chr5	159930021	160130021	harbor1	chr5	159953534	159953706	SINE/MIR	506	+	86	159953620	23599
chr5	159930021	160130021	harbor1	chr5	159961165	159961304	SINE/MIR	458	+	70	159961235	31214
chr5	159930021	160130021	harbor1	chr5	159973695	159973848	SINE/MIR	456	+	76	159973771	43750
chr5	159930021	160130021	harbor1	chr5	159975987	159976203	SINE/MIR	889	+	108	159976095	46074
chr5	159930021	160130021	harbor1	chr5	159976868	159977021	SINE/MIR	445	+	76	159976944	46923
chr5	159930021	160130021	harbor1	chr5	159979213	159979464	SINE/MIR	793	+	126	159979339	49318
chr5	159930021	160130021	harbor1	chr5	159980506	159980743	SINE/MIR	859	+	118	159980624	50603
chr5	159930021	160130021	harbor1	chr5	160002221	160002350	SINE/MIR	448	+	64	160002285	72264
chr5	120292448	120492448	harbor1	chr5	120323403	120323588	SINE/MIR	483	+	92	120323495	31047
chr5	120292448	120492448	harbor1	chr5	120361617	120361832	SINE/MIR	491	+	108	120361725	69277
chr5	38370025	38570025	harbor1	chr5	38402291	38402462	SINE/MIR	544	+	86	38402377	32352
chr5	38370025	38570025	harbor1	chr5	38402560	38402739	SINE/MIR	475	+	90	38402650	32625
chr5	38370025	38570025	harbor1	chr5	38410047	38410155	SINE/MIR	513	+	54	38410101	40076
chr5	38370025	38570025	harbor1	chr5	38431365	38431552	SINE/MIR	502	+	94	38431459	61434
chr5	38370025	38570025	harbor1	chr5	38431663	38431899	SINE/MIR	640	+	118	38431781	61756
chr5	38370025	38570025	harbor1	chr5	38438981	38439144	SINE/MIR	482	+	82	38439063	69038
chr5	60923588	61123588	harbor1	chr5	61019224	61019361	SINE/MIR	535	+	68	61019292	95704
chr5	72258098	72458098	harbor1	chr5	72262108	72262304	SINE/MIR	428	+	98	72262206	4108
chr5	72258098	72458098	harbor1	chr5	72344543	72344629	SINE/MIR	422	+	43	72344586	86488
chr5	72258098	72458098	harbor1	chr5	72345710	72345808	SINE/MIR	422	+	49	72345759	87661
chr5	119672351	119872351	harbor1	chr5	119683905	119684184	SINE/MIR	812	+	140	119684045	11694
chr5	119672351	119872351	harbor1	chr5	119693873	119694068	SINE/MIR	447	+	98	119693971	21620
chr5	119672351	119872351	harbor1	chr5	119711275	119711471	SINE/MIR	510	+	98	119711373	39022
chr5	35245409	35445409	harbor1	chr5	35320240	35320462	SINE/MIR	423	+	111	35320351	74942
chr5	26799773	26999773	harbor1	chr5	26862657	26862897	SINE/MIR	647	+	120	26862777	63004
chr5	26799773	26999773	harbor1	chr5	26872414	26872641	SINE/MIR	532	+	114	26872528	72755
chr5	129142095	129342095	harbor1	chr5	129173897	129174085	SINE/MIR	741	+	94	129173991	31896
chr5	175848152	176048152	harbor1	chr5	175854436	175854578	SINE/MIR	507	+	71	175854507	6355
chr5	175848152	176048152	harbor1	chr5	175855207	175855410	SINE/MIR	454	+	102	175855309	7157
chr5	175848152	176048152	harbor1	chr5	175856070	175856253	SINE/MIR	793	+	92	175856162	8010
chr5	175848152	176048152	harbor1	chr5	175863369	175863549	SINE/MIR	429	+	90	175863459	15307
chr5	175848152	176048152	harbor1	chr5	175885097	175885303	SINE/MIR	540	+	103	175885200	37048
chr5	175848152	176048152	harbor1	chr5	175888182	175888469	SINE/MIR	426	+	144	175888326	40174
chr5	175848152	176048152	harbor1	chr5	175895347	175895569	SINE/MIR	570	+	111	175895458	47306
chr5	175848152	176048152	harbor1	chr5	175908024	175908230	SINE/MIR	478	+	103	175908127	59975
chr5	175848152	176048152	harbor1	chr5	175912132	175912355	SINE/MIR	498	+	112	175912244	64092
chr5	175848152	176048152	harbor1	chr5	175939076	175939235	SINE/MIR	484	+	80	175939156	91004
chr5	175848152	176048152	harbor1	chr5	175940143	175940344	SINE/MIR	684	+	100	175940243	92091
chr5	161747911	161947911	harbor1	chr5	161792113	161792328	SINE/MIR	437	+	108	161792221	44310
chr5	161747911	161947911	harbor1	chr5	161805570	161805742	SINE/MIR	429	+	86	161805656	57745
chr5	161747911	161947911	harbor1	chr5	161819012	161819253	SINE/MIR	784	+	120	161819132	71221
chr5	161747911	161947911	harbor1	chr5	161819429	161819619	SINE/MIR	691	+	95	161819524	71613
chr5	161747911	161947911	harbor1	chr5	161845240	161845492	SINE/MIR	687	+	126	161845366	97455
chr5	93904180	94104180	harbor1	chr5	93906314	93906490	SINE/MIR	582	+	88	93906402	2222
chr5	169152805	169352805	harbor1	chr5	169161780	169162004	SINE/MIR	769	+	112	169161892	9087
chr5	169152805	169352805	harbor1	chr5	169164908	169165119	SINE/MIR	441	+	106	169165014	12209
chr5	169152805	169352805	harbor1	chr5	169175391	169175594	SINE/MIR	507	+	102	169175493	22688
chr5	169152805	169352805	harbor1	chr5	169185857	169186065	SINE/MIR	693	+	104	169185961	33156
chr5	169152805	169352805	harbor1	chr5	169189673	169189884	SINE/MIR	751	+	106	169189779	36974
chr5	169152805	169352805	harbor1	chr5	169214044	169214216	SINE/MIR	431	+	86	169214130	61325
chr5	169152805	169352805	harbor1	chr5	169218550	169218764	SINE/MIR	534	+	107	169218657	65852
chr5	169152805	169352805	harbor1	chr5	169226536	169226669	SINE/MIR	496	+	66	169226602	73797
chr5	169152805	169352805	harbor1	chr5	169242977	169243183	SINE/MIR	510	+	103	169243080	90275
chr5	166911735	167111735	harbor1	chr5	166915527	166915740	SINE/MIR	453	+	106	166915633	3898
chr5	166911735	167111735	harbor1	chr5	166974465	166974667	SINE/MIR	478	+	101	166974566	62831
chr5	166911735	167111735	harbor1	chr5	166976762	166976939	SINE/MIR	563	+	88	166976850	65115
chr5	39583943	39783943	harbor1	chr5	39585416	39585653	SINE/MIR	565	+	118	39585534	1591
chr5	39583943	39783943	harbor1	chr5	39590041	39590185	SINE/MIR	490	+	72	39590113	6170
chr5	39583943	39783943	harbor1	chr5	39591982	39592154	SINE/MIR	596	+	86	39592068	8125
chr5	116615102	116815102	harbor1	chr5	116616972	116617163	SINE/MIR	666	+	96	116617068	1966
chr5	116615102	116815102	harbor1	chr5	116663684	116663911	SINE/MIR	814	+	114	116663798	48696
chr5	116615102	116815102	harbor1	chr5	116667867	116668101	SINE/MIR	443	+	117	116667984	52882
chr5	32621055	32821055	harbor1	chr5	32622032	32622150	SINE/MIR	470	+	59	32622091	1036
chr5	32621055	32821055	harbor1	chr5	32645821	32646036	SINE/MIR	578	+	108	32645929	24874
chr5	32621055	32821055	harbor1	chr5	32652909	32653148	SINE/MIR	632	+	120	32653029	31974
chr5	149838695	150038695	harbor1	chr5	149845354	149845591	SINE/MIR	695	+	118	149845472	6777
chr5	149838695	150038695	harbor1	chr5	149857074	149857278	SINE/MIR	633	+	102	149857176	18481
chr5	149838695	150038695	harbor1	chr5	149864745	149864912	SINE/MIR	458	+	84	149864829	26134
chr5	149838695	150038695	harbor1	chr5	149868310	149868511	SINE/MIR	595	+	100	149868410	29715
chr5	149838695	150038695	harbor1	chr5	149872132	149872253	SINE/MIR	422	+	60	149872192	33497
chr5	149838695	150038695	harbor1	chr5	149883655	149883876	SINE/MIR	641	+	110	149883765	45070
chr5	149838695	150038695	harbor1	chr5	149885364	149885504	SINE/MIR	480	+	70	149885434	46739
chr5	149838695	150038695	harbor1	chr5	149896929	149897165	SINE/MIR	661	+	118	149897047	58352
chr5	149838695	150038695	harbor1	chr5	149897200	149897326	SINE/MIR	438	+	63	149897263	58568
chr5	62575511	62775511	harbor1	chr5	62650536	62650750	SINE/MIR	828	+	107	62650643	75132
chr5	62575511	62775511	harbor1	chr5	62654491	62654714	SINE/MIR	726	+	112	62654603	79092
chr5	62575511	62775511	harbor1	chr5	62668038	62668204	SINE/MIR	656	+	83	62668121	92610
chr5	171929045	172129045	harbor1	chr5	171945382	171945599	SINE/MIR	490	+	108	171945490	16445
chr5	171929045	172129045	harbor1	chr5	171954883	171955094	SINE/MIR	435	+	106	171954989	25944
chr5	171929045	172129045	harbor1	chr5	171975579	171975752	SINE/MIR	447	+	86	171975665	46620
chr5	171929045	172129045	harbor1	chr5	171994196	171994367	SINE/MIR	923	+	86	171994282	65237
chr5	171929045	172129045	harbor1	chr5	171994600	171994683	SINE/MIR	923	+	42	171994642	65597
chr5	171929045	172129045	harbor1	chr5	171995905	171996134	SINE/MIR	506	+	114	171996019	66974
chr5	40293280	40493280	harbor1	chr5	40305234	40305495	SINE/MIR	863	+	130	40305364	12084
chr5	40293280	40493280	harbor1	chr5	40318751	40318938	SINE/MIR	584	+	94	40318845	25565
chr5	40293280	40493280	harbor1	chr5	40324531	40324729	SINE/MIR	478	+	99	40324630	31350
chr5	40293280	40493280	harbor1	chr5	40324899	40325127	SINE/MIR	806	+	114	40325013	31733
chr5	40293280	40493280	harbor1	chr5	40390335	40390559	SINE/MIR	679	+	112	40390447	97167
chr5	40293280	40493280	harbor1	chr5	40393015	40393214	SINE/MIR	448	+	100	40393115	99835
chr5	24186286	24386286	harbor1	chr5	24213117	24213371	SINE/MIR	560	+	127	24213244	26958
chr5	114009195	114209195	harbor1	chr5	114010717	114010907	SINE/MIR	538	+	95	114010812	1617
chr5	114009195	114209195	harbor1	chr5	114019450	114019684	SINE/MIR	572	+	117	114019567	10372
chr5	114009195	114209195	harbor1	chr5	114049901	114050071	SINE/MIR	491	+	85	114049986	40791
chr5	114009195	114209195	harbor1	chr5	114060610	114060833	SINE/MIR	659	+	112	114060722	51527
chr5	114009195	114209195	harbor1	chr5	114072659	114072910	SINE/MIR	764	+	126	114072785	63590
chr5	114009195	114209195	harbor1	chr5	114079427	114079640	SINE/MIR	539	+	106	114079533	70338
chr6	7574554	7774554	harbor1	chr6	7594486	7594697	SINE/MIR	548	+	106	7594592	20038
chr6	7574554	7774554	harbor1	chr6	7602985	7603180	SINE/MIR	466	+	98	7603083	28529
chr6	164486733	164686733	harbor1	chr6	164586391	164586559	SINE/MIR	442	+	84	164586475	99742
chr6	20161315	20361315	harbor1	chr6	20167645	20167876	SINE/MIR	533	+	116	20167761	6446
chr6	128283216	128483216	harbor1	chr6	128313096	128313310	SINE/MIR	425	+	107	128313203	29987
chr6	128283216	128483216	harbor1	chr6	128343901	128344053	SINE/MIR	492	+	76	128343977	60761
chr6	128283216	128483216	harbor1	chr6	128346653	128346865	SINE/MIR	497	+	106	128346759	63543
chr6	125801913	126001913	harbor1	chr6	125805504	125805712	SINE/MIR	508	+	104	125805608	3695
chr6	125801913	126001913	harbor1	chr6	125824400	125824525	SINE/MIR	494	+	62	125824462	22549
chr6	125801913	126001913	harbor1	chr6	125846706	125846920	SINE/MIR	562	+	107	125846813	44900
chr6	125801913	126001913	harbor1	chr6	125882811	125883056	SINE/MIR	614	+	122	125882933	81020
chr6	70708947	70908947	harbor1	chr6	70752108	70752245	SINE/MIR	420	+	68	70752176	43229
chr6	70708947	70908947	harbor1	chr6	70796145	70796261	SINE/MIR	494	+	58	70796203	87256
chr6	70708947	70908947	harbor1	chr6	70796314	70796538	SINE/MIR	495	+	112	70796426	87479
chr6	105233832	105433832	harbor1	chr6	105317321	105317479	SINE/MIR	444	+	79	105317400	83568
chr6	109606384	109806384	harbor1	chr6	109614535	109614756	SINE/MIR	566	+	110	109614645	8261
chr6	109606384	109806384	harbor1	chr6	109617854	109618058	SINE/MIR	510	+	102	109617956	11572
chr6	109606384	109806384	harbor1	chr6	109618498	109618669	SINE/MIR	479	+	86	109618584	12200
chr6	147275233	147475233	harbor1	chr6	147281799	147281987	SINE/MIR	524	+	94	147281893	6660
chr6	147275233	147475233	harbor1	chr6	147292357	147292514	SINE/MIR	431	+	78	147292435	17202
chr6	147275233	147475233	harbor1	chr6	147294221	147294425	SINE/MIR	783	+	102	147294323	19090
chr6	147275233	147475233	harbor1	chr6	147294933	147295145	SINE/MIR	680	+	106	147295039	19806
chr6	147275233	147475233	harbor1	chr6	147331904	147332043	SINE/MIR	618	+	70	147331974	56741
chr6	147275233	147475233	harbor1	chr6	147355580	147355804	SINE/MIR	761	+	112	147355692	80459
chr6	147275233	147475233	harbor1	chr6	147364905	147365119	SINE/MIR	630	+	107	147365012	89779
chr6	42900419	43100419	harbor1	chr6	42915607	42915786	SINE/MIR	468	+	90	42915697	15278
chr6	63488918	63688918	harbor1	chr6	63548230	63548424	SINE/MIR	666	+	97	63548327	59409
chr6	63488918	63688918	harbor1	chr6	63561149	63561371	SINE/MIR	460	+	111	63561260	72342
chr6	33260055	33460055	harbor1	chr6	33305899	33306087	SINE/MIR	734	+	94	33305993	45938
chr6	33260055	33460055	harbor1	chr6	33307342	33307394	SINE/MIR	850	+	26	33307368	47313
chr6	33260055	33460055	harbor1	chr6	33307702	33307905	SINE/MIR	850	+	102	33307804	47749
chr6	33260055	33460055	harbor1	chr6	33358021	33358119	SINE/MIR	470	+	49	33358070	98015
chr6	33260055	33460055	harbor1	chr6	33358422	33358542	SINE/MIR	470	+	60	33358482	98427
chr6	125665651	125865651	harbor1	chr6	125720387	125720588	SINE/MIR	736	+	100	125720487	54836
chr6	125665651	125865651	harbor1	chr6	125740706	125740958	SINE/MIR	588	+	126	125740832	75181
chr6	125665651	125865651	harbor1	chr6	125756642	125756871	SINE/MIR	705	+	114	125756756	91105
chr6	43090959	43290959	harbor1	chr6	43091084	43091154	SINE/MIR	488	+	35	43091119	160
chr6	43090959	43290959	harbor1	chr6	43091467	43091537	SINE/MIR	488	+	35	43091502	543
chr6	43090959	43290959	harbor1	chr6	43107308	43107552	SINE/MIR	639	+	122	43107430	16471
chr6	43090959	43290959	harbor1	chr6	43132921	43133117	SINE/MIR	585	+	98	43133019	42060
chr6	92262488	92462488	harbor1	chr6	92270974	92271160	SINE/MIR	568	+	93	92271067	8579
chr6	92262488	92462488	harbor1	chr6	92284613	92284831	SINE/MIR	488	+	109	92284722	22234
chr6	159931637	160131637	harbor1	chr6	159933951	159934195	SINE/MIR	668	+	122	159934073	2436
chr6	159931637	160131637	harbor1	chr6	159955218	159955374	SINE/MIR	457	+	78	159955296	23659
chr6	159931637	160131637	harbor1	chr6	159963723	159963904	SINE/MIR	530	+	90	159963813	32176
chr6	159931637	160131637	harbor1	chr6	159967886	159968132	SINE/MIR	701	+	123	159968009	36372
chr6	150161979	150361979	harbor1	chr6	150179751	150179919	SINE/MIR	653	+	84	150179835	17856
chr6	150161979	150361979	harbor1	chr6	150180226	150180306	SINE/MIR	653	+	40	150180266	18287
chr6	150161979	150361979	harbor1	chr6	150182174	150182277	SINE/MIR	892	+	52	150182226	20247
chr6	150161979	150361979	harbor1	chr6	150182607	150182741	SINE/MIR	892	+	67	150182674	20695
chr6	150161979	150361979	harbor1	chr6	150185172	150185309	SINE/MIR	536	+	68	150185240	23261
chr6	150161979	150361979	harbor1	chr6	150221600	150221771	SINE/MIR	591	+	86	150221686	59707
chr6	4441046	4641046	harbor1	chr6	4478246	4478375	SINE/MIR	444	+	64	4478310	37264
chr6	4441046	4641046	harbor1	chr6	4516212	4516353	SINE/MIR	494	+	70	4516282	75236
chr6	4441046	4641046	harbor1	chr6	4516661	4516897	SINE/MIR	602	+	118	4516779	75733
chr6	121853841	122053841	harbor1	chr6	121885333	121885490	SINE/MIR	512	+	78	121885411	31570
chr6	121853841	122053841	harbor1	chr6	121892710	121892904	SINE/MIR	448	+	97	121892807	38966
chr6	121853841	122053841	harbor1	chr6	121896519	121896673	SINE/MIR	442	+	77	121896596	42755
chr6	67977629	68177629	harbor1	chr6	68058365	68058565	SINE/MIR	655	+	100	68058465	80836
chr6	36532897	36732897	harbor1	chr6	36566687	36566893	SINE/MIR	735	+	103	36566790	33893
chr6	36532897	36732897	harbor1	chr6	36567776	36567847	SINE/MIR	735	+	36	36567812	34915
chr6	36532897	36732897	harbor1	chr6	36578656	36578821	SINE/MIR	513	+	82	36578738	45841
chr6	36532897	36732897	harbor1	chr6	36609455	36609688	SINE/MIR	567	+	116	36609571	76674
chr6	36532897	36732897	harbor1	chr6	36624338	36624526	SINE/MIR	448	+	94	36624432	91535
chr6	25776004	25976004	harbor1	chr6	25868632	25868841	SINE/MIR	426	+	104	25868736	92732
chr6	86122732	86322732	harbor1	chr6	86146464	86146648	SINE/MIR	423	+	92	86146556	23824
chr6	26316125	26516125	harbor1	chr6	26329870	26330096	SINE/MIR	499	+	113	26329983	13858
chr6	26316125	26516125	harbor1	chr6	26398369	26398621	SINE/MIR	793	+	126	26398495	82370
chr6	120948150	121148150	harbor1	chr6	120992021	120992178	SINE/MIR	491	+	78	120992099	43949
chr6	116620103	116820103	harbor1	chr6	116624927	116625054	SINE/MIR	502	+	64	116624991	4888
chr6	116620103	116820103	harbor1	chr6	116635340	116635564	SINE/MIR	621	+	112	116635452	15349
chr6	116620103	116820103	harbor1	chr6	116637176	116637404	SINE/MIR	903	+	114	116637290	17187
chr6	116620103	116820103	harbor1	chr6	116658470	116658685	SINE/MIR	524	+	108	116658578	38475
chr6	112084800	112284800	harbor1	chr6	112115056	112115239	SINE/MIR	582	+	92	112115148	30348
chr6	112084800	112284800	harbor1	chr6	112142782	112142941	SINE/MIR	678	+	80	112142862	58062
chr6	112084800	112284800	harbor1	chr6	112149193	112149346	SINE/MIR	423	+	76	112149269	64469
chr6	112084800	112284800	harbor1	chr6	112149708	112149768	SINE/MIR	423	+	30	112149738	64938
chr6	118740268	118940268	harbor1	chr6	118772750	118772984	SINE/MIR	593	+	117	118772867	32599
chr6	118740268	118940268	harbor1	chr6	118792622	118792832	SINE/MIR	435	+	105	118792727	52459
chr6	118740268	118940268	harbor1	chr6	118801519	118801675	SINE/MIR	535	+	78	118801597	61329
chr6	118740268	118940268	harbor1	chr6	118807818	118807986	SINE/MIR	596	+	84	118807902	67634
chr6	22726312	22926312	harbor1	chr6	22769215	22769466	SINE/MIR	475	+	126	22769341	43029
chr6	22726312	22926312	harbor1	chr6	22773321	22773586	SINE/MIR	821	+	132	22773453	47141
chr6	22726312	22926312	harbor1	chr6	22808137	22808266	SINE/MIR	433	+	64	22808201	81889
chr6	22726312	22926312	harbor1	chr6	22820341	22820501	SINE/MIR	421	+	80	22820421	94109
chr6	63082852	63282852	harbor1	chr6	63094990	63095174	SINE/MIR	561	+	92	63095082	12230
chr6	63082852	63282852	harbor1	chr6	63112850	63113000	SINE/MIR	562	+	75	63112925	30073
chr6	63082852	63282852	harbor1	chr6	63118282	63118436	SINE/MIR	450	+	77	63118359	35507
chr6	63082852	63282852	harbor1	chr6	63119044	63119184	SINE/MIR	441	+	70	63119114	36262
chr6	63082852	63282852	harbor1	chr6	63122953	63123205	SINE/MIR	702	+	126	63123079	40227
chr6	63082852	63282852	harbor1	chr6	63178601	63178732	SINE/MIR	451	+	66	63178667	95815
chr6	86439643	86639643	harbor1	chr6	86442740	86442879	SINE/MIR	603	+	70	86442810	3167
chr6	86439643	86639643	harbor1	chr6	86451467	86451659	SINE/MIR	476	+	96	86451563	11920
chr6	86439643	86639643	harbor1	chr6	86530554	86530744	SINE/MIR	522	+	95	86530649	91006
chr6	126195301	126395301	harbor1	chr6	126267086	126267273	SINE/MIR	496	+	94	126267180	71879
chr6	126195301	126395301	harbor1	chr6	126275193	126275426	SINE/MIR	763	+	116	126275309	80008
chr6	135031307	135231307	harbor1	chr6	135064632	135064797	SINE/MIR	444	+	82	135064714	33407
chr6	135031307	135231307	harbor1	chr6	135093478	135093638	SINE/MIR	531	+	80	135093558	62251
chr6	135031307	135231307	harbor1	chr6	135096964	135097142	SINE/MIR	474	+	89	135097053	65746
chr6	135031307	135231307	harbor1	chr6	135123457	135123701	SINE/MIR	790	+	122	135123579	92272
chr6	135031307	135231307	harbor1	chr6	135118768	135118955	SINE/MIR	511	+	94	135118862	87555
chr6	64986850	65186850	harbor1	chr6	65019394	65019604	SINE/MIR	487	+	105	65019499	32649
chr6	18038607	18238607	harbor1	chr6	18053084	18053306	SINE/MIR	466	+	111	18053195	14588
chr6	18038607	18238607	harbor1	chr6	18058171	18058321	SINE/MIR	422	+	75	18058246	19639
chr6	18038607	18238607	harbor1	chr6	18112566	18112722	SINE/MIR	524	+	78	18112644	74037
chr6	18038607	18238607	harbor1	chr6	18120765	18120890	SINE/MIR	469	+	62	18120827	82220
chr6	18038607	18238607	harbor1	chr6	18121169	18121263	SINE/MIR	469	+	47	18121216	82609
chr6	18038607	18238607	harbor1	chr6	18134983	18135156	SINE/MIR	600	+	86	18135069	96462
chr6	18038607	18238607	harbor1	chr6	18138083	18138256	SINE/MIR	686	+	86	18138169	99562
chr6	18038607	18238607	harbor1	chr6	18138568	18138620	SINE/MIR	686	+	26	18138594	99987
chr6	70313575	70513575	harbor1	chr6	70315504	70315721	SINE/MIR	474	+	108	70315612	2037
chr6	70313575	70513575	harbor1	chr6	70357947	70358138	SINE/MIR	426	+	96	70358043	44468
chr6	70313575	70513575	harbor1	chr6	70393140	70393377	SINE/MIR	682	+	118	70393258	79683
chr6	7526584	7726584	harbor1	chr6	7594486	7594697	SINE/MIR	548	+	106	7594592	68008
chr6	7526584	7726584	harbor1	chr6	7602985	7603180	SINE/MIR	466	+	98	7603083	76499
chr6	57063399	57263399	harbor1	chr6	57066827	57067051	SINE/MIR	466	+	112	57066939	3540
chr6	57063399	57263399	harbor1	chr6	57099861	57100099	SINE/MIR	761	+	119	57099980	36581
chr6	57063399	57263399	harbor1	chr6	57127590	57127765	SINE/MIR	552	+	88	57127678	64279
chr6	57063399	57263399	harbor1	chr6	57136908	57137101	SINE/MIR	485	+	96	57137004	73605
chr6	83689592	83889592	harbor1	chr6	83693139	83693343	SINE/MIR	573	+	102	83693241	3649
chr6	83689592	83889592	harbor1	chr6	83715659	83715880	SINE/MIR	797	+	110	83715769	26177
chr6	12391601	12591601	harbor1	chr6	12398469	12398576	SINE/MIR	447	+	54	12398523	6922
chr6	12391601	12591601	harbor1	chr6	12404978	12405146	SINE/MIR	507	+	84	12405062	13461
chr6	12391601	12591601	harbor1	chr6	12411790	12412080	SINE/MIR	606	+	145	12411935	20334
chr6	12391601	12591601	harbor1	chr6	12421419	12421567	SINE/MIR	612	+	74	12421493	29892
chr6	12391601	12591601	harbor1	chr6	12430300	12430546	SINE/MIR	717	+	123	12430423	38822
chr6	12391601	12591601	harbor1	chr6	12430889	12431055	SINE/MIR	568	+	83	12430972	39371
chr6	12391601	12591601	harbor1	chr6	12444363	12444558	SINE/MIR	502	+	98	12444461	52860
chr6	12391601	12591601	harbor1	chr6	12470790	12470973	SINE/MIR	523	+	92	12470882	79281
chr6	12391601	12591601	harbor1	chr6	12478234	12478475	SINE/MIR	1039	+	120	12478354	86753
chr6	107500963	107700963	harbor1	chr6	107508907	107509112	SINE/MIR	906	+	102	107509009	8046
chr6	107500963	107700963	harbor1	chr6	107509426	107509463	SINE/MIR	906	+	18	107509444	8481
chr6	107500963	107700963	harbor1	chr6	107514586	107514756	SINE/MIR	604	+	85	107514671	13708
chr6	107500963	107700963	harbor1	chr6	107528816	107529000	SINE/MIR	562	+	92	107528908	27945
chr6	107500963	107700963	harbor1	chr6	107575058	107575311	SINE/MIR	745	+	126	107575184	74221
chr6	107500963	107700963	harbor1	chr6	107578460	107578719	SINE/MIR	1091	+	130	107578590	77627
chr6	107500963	107700963	harbor1	chr6	107594040	107594303	SINE/MIR	676	+	132	107594172	93209
chr6	107500963	107700963	harbor1	chr6	107593495	107593741	SINE/MIR	659	+	123	107593618	92655
chr6	39730097	39930097	harbor1	chr6	39758830	39759084	SINE/MIR	510	+	127	39758957	28860
chr6	39730097	39930097	harbor1	chr6	39759394	39759625	SINE/MIR	572	+	116	39759510	29413
chr6	39730097	39930097	harbor1	chr6	39795361	39795610	SINE/MIR	465	+	124	39795485	65388
chr6	39730097	39930097	harbor1	chr6	39796737	39796920	SINE/MIR	486	+	92	39796829	66732
chr6	39730097	39930097	harbor1	chr6	39798158	39798338	SINE/MIR	619	+	90	39798248	68151
chr6	39730097	39930097	harbor1	chr6	39800475	39800541	SINE/MIR	830	+	33	39800508	70411
chr6	39730097	39930097	harbor1	chr6	39800969	39801123	SINE/MIR	830	+	77	39801046	70949
chr6	39730097	39930097	harbor1	chr6	39802283	39802512	SINE/MIR	854	+	114	39802397	72300
chr6	39730097	39930097	harbor1	chr6	39805191	39805423	SINE/MIR	798	+	116	39805307	75210
chr6	39730097	39930097	harbor1	chr6	39815317	39815578	SINE/MIR	703	+	130	39815447	85350
chr6	39730097	39930097	harbor1	chr6	39820708	39820916	SINE/MIR	777	+	104	39820812	90715
chr6	83763171	83963171	harbor1	chr6	83791716	83791859	SINE/MIR	432	+	72	83791788	28617
chr6	83763171	83963171	harbor1	chr6	83809637	83809824	SINE/MIR	538	+	94	83809731	46560
chr6	83763171	83963171	harbor1	chr6	83828898	83829101	SINE/MIR	641	+	102	83829000	65829
chr6	83763171	83963171	harbor1	chr6	83829512	83829698	SINE/MIR	433	+	93	83829605	66434
chr6	83763171	83963171	harbor1	chr6	83839482	83839620	SINE/MIR	458	+	69	83839551	76380
chr6	83763171	83963171	harbor1	chr6	83862013	83862197	SINE/MIR	537	+	92	83862105	98934
chr6	34495959	34695959	harbor1	chr6	34496794	34496931	SINE/MIR	449	+	68	34496862	903
chr6	34495959	34695959	harbor1	chr6	34497248	34497298	SINE/MIR	449	+	25	34497273	1314
chr6	34495959	34695959	harbor1	chr6	34520453	34520679	SINE/MIR	777	+	113	34520566	24607
chr6	34495959	34695959	harbor1	chr6	34522424	34522501	SINE/MIR	735	+	38	34522462	26503
chr6	34495959	34695959	harbor1	chr6	34523099	34523272	SINE/MIR	735	+	86	34523185	27226
chr6	34495959	34695959	harbor1	chr6	34537011	34537208	SINE/MIR	640	+	98	34537109	41150
chr6	34495959	34695959	harbor1	chr6	34565134	34565365	SINE/MIR	604	+	116	34565250	69291
chr6	86563747	86763747	harbor1	chr6	86630063	86630257	SINE/MIR	427	+	97	86630160	66413
chr6	86563747	86763747	harbor1	chr6	86630599	86630768	SINE/MIR	443	+	84	86630683	66936
chr6	34127346	34327346	harbor1	chr6	34197209	34197321	SINE/MIR	430	+	56	34197265	69919
chr6	109763746	109963746	harbor1	chr6	109777801	109777969	SINE/MIR	545	+	84	109777885	14139
chr6	109763746	109963746	harbor1	chr6	109779794	109780010	SINE/MIR	731	+	108	109779902	16156
chr6	109763746	109963746	harbor1	chr6	109780015	109780205	SINE/MIR	565	+	95	109780110	16364
chr6	109763746	109963746	harbor1	chr6	109786760	109786879	SINE/MIR	457	+	60	109786820	23074
chr6	109763746	109963746	harbor1	chr6	109797279	109797459	SINE/MIR	678	+	90	109797369	33623
chr6	109763746	109963746	harbor1	chr6	109826950	109827112	SINE/MIR	459	+	81	109827031	63285
chr6	109763746	109963746	harbor1	chr6	109827490	109827650	SINE/MIR	465	+	80	109827570	63824
chr6	109763746	109963746	harbor1	chr6	109855021	109855233	SINE/MIR	714	+	106	109855127	91381
chr6	154505258	154705258	harbor1	chr6	154506999	154507164	SINE/MIR	478	+	82	154507081	1823
chr6	154505258	154705258	harbor1	chr6	154536484	154536658	SINE/MIR	479	+	87	154536571	31313
chr6	154505258	154705258	harbor1	chr6	154577582	154577814	SINE/MIR	573	+	116	154577698	72440
chr6	94080583	94280583	harbor1	chr6	94159554	94159706	SINE/MIR	565	+	76	94159630	79047
chr6	149647378	149847378	harbor1	chr6	149678712	149678904	SINE/MIR	736	+	96	149678808	31430
chr6	149647378	149847378	harbor1	chr6	149696765	149696968	SINE/MIR	574	+	102	149696867	49489
chr6	152402005	152602005	harbor1	chr6	152438900	152439139	SINE/MIR	557	+	120	152439020	37015
chr6	152402005	152602005	harbor1	chr6	152441757	152441993	SINE/MIR	432	+	118	152441875	39870
chr6	152402005	152602005	harbor1	chr6	152479523	152479693	SINE/MIR	572	+	85	152479608	77603
chr6	17125487	17325487	harbor1	chr6	17213828	17214024	SINE/MIR	456	+	98	17213926	88439
chr6	46871561	47071561	harbor1	chr6	46872151	46872366	SINE/MIR	764	+	108	46872259	698
chr6	46871561	47071561	harbor1	chr6	46880562	46880687	SINE/MIR	434	+	62	46880624	9063
chr6	46871561	47071561	harbor1	chr6	46894606	46894831	SINE/MIR	421	+	112	46894718	23157
chr6	46871561	47071561	harbor1	chr6	46900615	46900839	SINE/MIR	779	+	112	46900727	29166
chr6	46871561	47071561	harbor1	chr6	46900841	46901066	SINE/MIR	760	+	112	46900953	29392
chr6	46871561	47071561	harbor1	chr6	46907703	46907891	SINE/MIR	636	+	94	46907797	36236
chr6	46871561	47071561	harbor1	chr6	46910743	46910891	SINE/MIR	460	+	74	46910817	39256
chr6	46871561	47071561	harbor1	chr6	46917383	46917641	SINE/MIR	772	+	129	46917512	45951
chr6	46871561	47071561	harbor1	chr6	46942408	46942535	SINE/MIR	553	+	64	46942472	70911
chr6	23922124	24122124	harbor1	chr6	23953616	23953791	SINE/MIR	512	+	88	23953704	31580
chr6	23922124	24122124	harbor1	chr6	23962954	23963072	SINE/MIR	487	+	59	23963013	40889
chr6	83840575	84040575	harbor1	chr6	83862013	83862197	SINE/MIR	537	+	92	83862105	21530
chr6	154414077	154614077	harbor1	chr6	154414628	154414800	SINE/MIR	458	+	86	154414714	637
chr6	154414077	154614077	harbor1	chr6	154415531	154415699	SINE/MIR	476	+	84	154415615	1538
chr6	154414077	154614077	harbor1	chr6	154454159	154454343	SINE/MIR	486	+	92	154454251	40174
chr6	154414077	154614077	harbor1	chr6	154461488	154461723	SINE/MIR	870	+	118	154461606	47529
chr6	154414077	154614077	harbor1	chr6	154506999	154507164	SINE/MIR	478	+	82	154507081	93004
chr6	150473108	150673108	harbor1	chr6	150499716	150499897	SINE/MIR	474	+	90	150499806	26698
chr6	150473108	150673108	harbor1	chr6	150535110	150535344	SINE/MIR	818	+	117	150535227	62119
chr6	77437407	77637407	harbor1	chr6	77517342	77517525	SINE/MIR	539	+	92	77517434	80027
chr6	152414955	152614955	harbor1	chr6	152438900	152439139	SINE/MIR	557	+	120	152439020	24065
chr6	152414955	152614955	harbor1	chr6	152441757	152441993	SINE/MIR	432	+	118	152441875	26920
chr6	152414955	152614955	harbor1	chr6	152479523	152479693	SINE/MIR	572	+	85	152479608	64653
chr6	50090444	50290444	harbor1	chr6	50114026	50114221	SINE/MIR	498	+	98	50114124	23680
chr6	50090444	50290444	harbor1	chr6	50123035	50123182	SINE/MIR	431	+	74	50123109	32665
chr6	50090444	50290444	harbor1	chr6	50144037	50144274	SINE/MIR	485	+	118	50144155	53711
chr6	45845126	46045126	harbor1	chr6	45904066	45904306	SINE/MIR	1039	+	120	45904186	59060
chr6	45845126	46045126	harbor1	chr6	45917156	45917344	SINE/MIR	538	+	94	45917250	72124
chr6	45845126	46045126	harbor1	chr6	45923826	45924031	SINE/MIR	697	+	102	45923928	78802
chr6	153304996	153504996	harbor1	chr6	153305731	153305989	SINE/MIR	736	+	129	153305860	864
chr6	153304996	153504996	harbor1	chr6	153315725	153315938	SINE/MIR	573	+	106	153315831	10835
chr6	153304996	153504996	harbor1	chr6	153325422	153325661	SINE/MIR	735	+	120	153325542	20546
chr6	158258918	158458918	harbor1	chr6	158287997	158288201	SINE/MIR	506	+	102	158288099	29181
chr6	158258918	158458918	harbor1	chr6	158290835	158291069	SINE/MIR	659	+	117	158290952	32034
chr6	146198027	146398027	harbor1	chr6	146202277	146202484	SINE/MIR	563	+	104	146202381	4354
chr6	49492327	49692327	harbor1	chr6	49548435	49548641	SINE/MIR	553	+	103	49548538	56211
chr6	49492327	49692327	harbor1	chr6	49553642	49553861	SINE/MIR	757	+	110	49553752	61425
chr6	49492327	49692327	harbor1	chr6	49570894	49571121	SINE/MIR	421	+	114	49571008	78681
chr6	17858844	18058844	harbor1	chr6	17862191	17862374	SINE/MIR	448	+	92	17862283	3439
chr6	17858844	18058844	harbor1	chr6	17866520	17866650	SINE/MIR	454	+	65	17866585	7741
chr6	17858844	18058844	harbor1	chr6	17897820	17897995	SINE/MIR	506	+	88	17897908	39064
chr6	17858844	18058844	harbor1	chr6	17908874	17909092	SINE/MIR	427	+	109	17908983	50139
chr6	17858844	18058844	harbor1	chr6	17915240	17915409	SINE/MIR	531	+	84	17915324	56480
chr6	105342515	105542515	harbor1	chr6	105345719	105345924	SINE/MIR	484	+	102	105345821	3306
chr6	105342515	105542515	harbor1	chr6	105395360	105395555	SINE/MIR	684	+	98	105395458	52943
chr6	62118920	62318920	harbor1	chr6	62128148	62128315	SINE/MIR	498	+	84	62128232	9312
chr6	62118920	62318920	harbor1	chr6	62130328	62130493	SINE/MIR	468	+	82	62130410	11490
chr6	62118920	62318920	harbor1	chr6	62151887	62152037	SINE/MIR	752	+	75	62151962	33042
chr6	62118920	62318920	harbor1	chr6	62152348	62152446	SINE/MIR	752	+	49	62152397	33477
chr6	56356147	56556147	harbor1	chr6	56403557	56403731	SINE/MIR	579	+	87	56403644	47497
chr6	56356147	56556147	harbor1	chr6	56420931	56421121	SINE/MIR	604	+	95	56421026	64879
chr6	56356147	56556147	harbor1	chr6	56433610	56433854	SINE/MIR	865	+	122	56433732	77585
chr6	37781668	37981668	harbor1	chr6	37790495	37790720	SINE/MIR	839	+	112	37790607	8939
chr6	37781668	37981668	harbor1	chr6	37801418	37801544	SINE/MIR	485	+	63	37801481	19813
chr6	37781668	37981668	harbor1	chr6	37807187	37807428	SINE/MIR	488	+	120	37807307	25639
chr6	37781668	37981668	harbor1	chr6	37859060	37859236	SINE/MIR	536	+	88	37859148	77480
chr6	14854122	15054122	harbor1	chr6	14859025	14859278	SINE/MIR	751	+	126	14859151	5029
chr6	14854122	15054122	harbor1	chr6	14903361	14903572	SINE/MIR	660	+	106	14903467	49345
chr6	153802596	154002596	harbor1	chr6	153808017	153808151	SINE/MIR	505	+	67	153808084	5488
chr6	153802596	154002596	harbor1	chr6	153893827	153894036	SINE/MIR	428	+	104	153893931	91335
chr6	153802596	154002596	harbor1	chr6	153894515	153894560	SINE/MIR	428	+	22	153894537	91941
chr6	153802596	154002596	harbor1	chr6	153897896	153898080	SINE/MIR	641	+	92	153897988	95392
chr6	153802596	154002596	harbor1	chr6	153898538	153898563	SINE/MIR	641	+	12	153898550	95954
chr6	153802596	154002596	harbor1	chr6	153829195	153829447	SINE/MIR	875	+	126	153829321	26725
chr6	22547808	22747808	harbor1	chr6	22576198	22576399	SINE/MIR	432	+	100	22576298	28490
chr6	22547808	22747808	harbor1	chr6	22589512	22589760	SINE/MIR	443	+	124	22589636	41828
chr6	22547808	22747808	harbor1	chr6	22593943	22594077	SINE/MIR	471	+	67	22594010	46202
chr6	22547808	22747808	harbor1	chr6	22594122	22594164	SINE/MIR	471	+	21	22594143	46335
chr6	22547808	22747808	harbor1	chr6	22615934	22616190	SINE/MIR	647	+	128	22616062	68254
chr6	89472274	89672274	harbor1	chr6	89487030	89487257	SINE/MIR	786	+	114	89487144	14870
chr6	89472274	89672274	harbor1	chr6	89511450	89511681	SINE/MIR	625	+	116	89511566	39292
chr6	89472274	89672274	harbor1	chr6	89535759	89535947	SINE/MIR	459	+	94	89535853	63579
chr6	89472274	89672274	harbor1	chr6	89536250	89536296	SINE/MIR	459	+	23	89536273	63999
chr6	89472274	89672274	harbor1	chr6	89568206	89568392	SINE/MIR	582	+	93	89568299	96025
chr6	101408010	101608010	harbor1	chr6	101415762	101415986	SINE/MIR	471	+	112	101415874	7864
chr6	101408010	101608010	harbor1	chr6	101426153	101426326	SINE/MIR	495	+	86	101426239	18229
chr6	101408010	101608010	harbor1	chr6	101433347	101433537	SINE/MIR	649	+	95	101433442	25432
chr6	101408010	101608010	harbor1	chr6	101487283	101487467	SINE/MIR	444	+	92	101487375	79365
chr6	131062950	131262950	harbor1	chr6	131097721	131097880	SINE/MIR	467	+	80	131097801	34851
chr6	131062950	131262950	harbor1	chr6	131138622	131138859	SINE/MIR	546	+	118	131138740	75790
chr6	80811391	81011391	harbor1	chr6	80881771	80881986	SINE/MIR	430	+	108	80881879	70488
chr6	147515035	147715035	harbor1	chr6	147516344	147516530	SINE/MIR	441	+	93	147516437	1402
chr6	147515035	147715035	harbor1	chr6	147521556	147521700	SINE/MIR	575	+	72	147521628	6593
chr6	147515035	147715035	harbor1	chr6	147528941	147529130	SINE/MIR	621	+	94	147529035	14000
chr6	147515035	147715035	harbor1	chr6	147573140	147573196	SINE/MIR	445	+	28	147573168	58133
chr6	147515035	147715035	harbor1	chr6	147573572	147573685	SINE/MIR	445	+	56	147573628	58593
chr6	147515035	147715035	harbor1	chr6	147589445	147589604	SINE/MIR	528	+	80	147589525	74490
chr6	115463784	115663784	harbor1	chr6	115496430	115496666	SINE/MIR	487	+	118	115496548	32764
chr6	115463784	115663784	harbor1	chr6	115506992	115507157	SINE/MIR	468	+	82	115507074	43290
chr6	158827230	159027230	harbor1	chr6	158867884	158867980	SINE/MIR	761	+	48	158867932	40702
chr6	158827230	159027230	harbor1	chr6	158868380	158868505	SINE/MIR	761	+	62	158868442	41212
chr6	158827230	159027230	harbor1	chr6	158912406	158912623	SINE/MIR	621	+	108	158912514	85284
chr6	80560341	80760341	harbor1	chr6	80594580	80594823	SINE/MIR	439	+	122	80594702	34361
chr6	31058960	31258960	harbor1	chr6	31092392	31092508	SINE/MIR	541	+	58	31092450	33490
chr6	31058960	31258960	harbor1	chr6	31119433	31119616	SINE/MIR	685	+	92	31119525	60565
chr6	31058960	31258960	harbor1	chr6	31119928	31120002	SINE/MIR	685	+	37	31119965	61005
chr6	31058960	31258960	harbor1	chr6	31122066	31122301	SINE/MIR	556	+	118	31122184	63224
chr6	31058960	31258960	harbor1	chr6	31131630	31131860	SINE/MIR	549	+	115	31131745	72785
chr6	68244425	68444425	harbor1	chr6	68245940	68246187	SINE/MIR	1049	+	124	68246064	1639
chr6	68244425	68444425	harbor1	chr6	68342541	68342764	SINE/MIR	896	+	112	68342653	98228
chr6	107052290	107252290	harbor1	chr6	107060937	107061163	SINE/MIR	683	+	113	107061050	8760
chr6	107052290	107252290	harbor1	chr6	107062942	107063098	SINE/MIR	486	+	78	107063020	10730
chr6	107052290	107252290	harbor1	chr6	107125146	107125370	SINE/MIR	457	+	112	107125258	72968
chr6	123106710	123306710	harbor1	chr6	123131829	123132044	SINE/MIR	588	+	108	123131937	25227
chr6	123106710	123306710	harbor1	chr6	123141578	123141778	SINE/MIR	450	+	100	123141678	34968
chr6	54638971	54838971	harbor1	chr6	54655817	54656074	SINE/MIR	603	+	128	54655945	16974
chr6	54638971	54838971	harbor1	chr6	54678735	54678977	SINE/MIR	555	+	121	54678856	39885
chr6	54638971	54838971	harbor1	chr6	54726033	54726225	SINE/MIR	571	+	96	54726129	87158
chr6	52398660	52598660	harbor1	chr6	52427918	52428077	SINE/MIR	530	+	80	52427998	29338
chr6	52398660	52598660	harbor1	chr6	52435914	52436096	SINE/MIR	677	+	91	52436005	37345
chr6	157157173	157357173	harbor1	chr6	157163876	157164093	SINE/MIR	490	+	108	157163984	6811
chr6	157157173	157357173	harbor1	chr6	157212866	157213017	SINE/MIR	478	+	76	157212942	55769
chr6	157157173	157357173	harbor1	chr6	157238103	157238319	SINE/MIR	472	+	108	157238211	81038
chr6	157157173	157357173	harbor1	chr6	157247210	157247435	SINE/MIR	770	+	112	157247322	90149
chr6	133795859	133995859	harbor1	chr6	133858151	133858299	SINE/MIR	454	+	74	133858225	62366
chr6	133795859	133995859	harbor1	chr6	133858617	133858692	SINE/MIR	454	+	38	133858655	62796
chr6	133795859	133995859	harbor1	chr6	133883265	133883426	SINE/MIR	530	+	80	133883345	87486
chr6	108815922	109015922	harbor1	chr6	108845851	108846069	SINE/MIR	477	+	109	108845960	30038
chr6	167796336	167996336	harbor1	chr6	167848975	167849226	SINE/MIR	798	+	126	167849101	52765
chr6	98615847	98815847	harbor1	chr6	98622498	98622710	SINE/MIR	490	+	106	98622604	6757
chr6	98615847	98815847	harbor1	chr6	98662286	98662431	SINE/MIR	440	+	72	98662358	46511
chr6	16321069	16521069	harbor1	chr6	16348857	16349103	SINE/MIR	448	+	123	16348980	27911
chr6	16321069	16521069	harbor1	chr6	16416462	16416593	SINE/MIR	434	+	66	16416528	95459
chr6	16321069	16521069	harbor1	chr6	16418985	16419118	SINE/MIR	563	+	66	16419051	97982
chr6	16321069	16521069	harbor1	chr6	16419248	16419335	SINE/MIR	563	+	44	16419292	98223
chr6	136687181	136887181	harbor1	chr6	136718035	136718193	SINE/MIR	429	+	79	136718114	30933
chr6	136687181	136887181	harbor1	chr6	136729283	136729432	SINE/MIR	429	+	74	136729357	42176
chr6	30139090	30339090	harbor1	chr6	30149392	30149615	SINE/MIR	586	+	112	30149504	10414
chr6	30139090	30339090	harbor1	chr6	30151204	30151439	SINE/MIR	768	+	118	30151322	12232
chr6	30139090	30339090	harbor1	chr6	30162633	30162813	SINE/MIR	437	+	90	30162723	23633
chr6	30139090	30339090	harbor1	chr6	30168703	30168907	SINE/MIR	667	+	102	30168805	29715
chr6	30139090	30339090	harbor1	chr6	30171064	30171309	SINE/MIR	944	+	122	30171186	32096
chr6	30139090	30339090	harbor1	chr6	30200707	30200866	SINE/MIR	564	+	80	30200787	61697
chr6	30139090	30339090	harbor1	chr6	30216236	30216441	SINE/MIR	487	+	102	30216338	77248
chr6	123912068	124112068	harbor1	chr6	123963471	123963640	SINE/MIR	505	+	84	123963555	51487
chr6	123912068	124112068	harbor1	chr6	123992928	123993140	SINE/MIR	577	+	106	123993034	80966
chr6	123912068	124112068	harbor1	chr6	124010556	124010758	SINE/MIR	453	+	101	124010657	98589
chr6	60574882	60774882	harbor1	chr6	60622722	60622947	SINE/MIR	600	+	112	60622834	47952
chr6	125713762	125913762	harbor1	chr6	125720387	125720588	SINE/MIR	736	+	100	125720487	6725
chr6	125713762	125913762	harbor1	chr6	125740706	125740958	SINE/MIR	588	+	126	125740832	27070
chr6	125713762	125913762	harbor1	chr6	125756642	125756871	SINE/MIR	705	+	114	125756756	42994
chr6	125713762	125913762	harbor1	chr6	125798233	125798483	SINE/MIR	721	+	125	125798358	84596
chr6	125713762	125913762	harbor1	chr6	125805504	125805712	SINE/MIR	508	+	104	125805608	91846
chr6	40584416	40784416	harbor1	chr6	40593723	40593961	SINE/MIR	623	+	119	40593842	9426
chr6	40584416	40784416	harbor1	chr6	40597470	40597629	SINE/MIR	606	+	80	40597550	13134
chr6	40584416	40784416	harbor1	chr6	40619911	40620093	SINE/MIR	614	+	91	40620002	35586
chr6	40584416	40784416	harbor1	chr6	40622871	40623100	SINE/MIR	442	+	114	40622985	38569
chr6	40584416	40784416	harbor1	chr6	40635697	40635909	SINE/MIR	548	+	106	40635803	51387
chr6	40584416	40784416	harbor1	chr6	40641821	40642038	SINE/MIR	674	+	108	40641929	57513
chr6	40584416	40784416	harbor1	chr6	40642111	40642257	SINE/MIR	438	+	73	40642184	57768
chr6	40584416	40784416	harbor1	chr6	40648971	40649088	SINE/MIR	539	+	58	40649029	64613
chr6	40584416	40784416	harbor1	chr6	40651521	40651744	SINE/MIR	446	+	112	40651633	67217
chr6	40584416	40784416	harbor1	chr6	40654647	40654798	SINE/MIR	615	+	76	40654723	70307
chr6	40584416	40784416	harbor1	chr6	40662023	40662239	SINE/MIR	1017	+	108	40662131	77715
chr6	40584416	40784416	harbor1	chr6	40674661	40674900	SINE/MIR	495	+	120	40674781	90365
chr6	40584416	40784416	harbor1	chr6	40676987	40677117	SINE/MIR	534	+	65	40677052	92636
chr6	80717104	80917104	harbor1	chr6	80718285	80718481	SINE/MIR	481	+	98	80718383	1279
chr6	80717104	80917104	harbor1	chr6	80726237	80726415	SINE/MIR	467	+	89	80726326	9222
chr6	64382615	64582615	harbor1	chr6	64482450	64482629	SINE/MIR	467	+	90	64482540	99925
chr6	82061012	82261012	harbor1	chr6	82075012	82075258	SINE/MIR	672	+	123	82075135	14123
chr6	82061012	82261012	harbor1	chr6	82089841	82089956	SINE/MIR	427	+	58	82089899	28887
chr6	82061012	82261012	harbor1	chr6	82123168	82123359	SINE/MIR	450	+	96	82123264	62252
chr6	49235875	49435875	harbor1	chr6	49241176	49241401	SINE/MIR	445	+	112	49241288	5413
chr6	49235875	49435875	harbor1	chr6	49254555	49254757	SINE/MIR	712	+	101	49254656	18781
chr6	10559409	10759409	harbor1	chr6	10564569	10564752	SINE/MIR	730	+	92	10564661	5252
chr6	10559409	10759409	harbor1	chr6	10593886	10594054	SINE/MIR	478	+	84	10593970	34561
chr6	10559409	10759409	harbor1	chr6	10596960	10597083	SINE/MIR	424	+	62	10597022	37613
chr6	10559409	10759409	harbor1	chr6	10597994	10598114	SINE/MIR	539	+	60	10598054	38645
chr6	10559409	10759409	harbor1	chr6	10598725	10598986	SINE/MIR	662	+	130	10598855	39446
chr6	129617422	129817422	harbor1	chr6	129621448	129621675	SINE/MIR	560	+	114	129621562	4140
chr6	129617422	129817422	harbor1	chr6	129633660	129633814	SINE/MIR	517	+	77	129633737	16315
chr6	129617422	129817422	harbor1	chr6	129661547	129661710	SINE/MIR	595	+	82	129661629	44207
chr6	129617422	129817422	harbor1	chr6	129664245	129664440	SINE/MIR	438	+	98	129664343	46921
chr6	129617422	129817422	harbor1	chr6	129665680	129665920	SINE/MIR	612	+	120	129665800	48378
chr6	129617422	129817422	harbor1	chr6	129685047	129685224	SINE/MIR	723	+	88	129685135	67713
chr6	129617422	129817422	harbor1	chr6	129685519	129685611	SINE/MIR	723	+	46	129685565	68143
chr6	129617422	129817422	harbor1	chr6	129694253	129694431	SINE/MIR	754	+	89	129694342	76920
chr6	118119946	118319946	harbor1	chr6	118124110	118124304	SINE/MIR	516	+	97	118124207	4261
chr6	118119946	118319946	harbor1	chr6	118130101	118130284	SINE/MIR	655	+	92	118130193	10247
chr6	118119946	118319946	harbor1	chr6	118132380	118132610	SINE/MIR	1027	+	115	118132495	12549
chr6	118119946	118319946	harbor1	chr6	118149999	118150254	SINE/MIR	798	+	128	118150127	30181
chr6	118119946	118319946	harbor1	chr6	118154144	118154392	SINE/MIR	695	+	124	118154268	34322
chr6	33030925	33230925	harbor1	chr6	33068259	33068508	SINE/MIR	685	+	124	33068383	37458
chr6	33030925	33230925	harbor1	chr6	33091381	33091604	SINE/MIR	538	+	112	33091493	60568
chr6	124262984	124462984	harbor1	chr6	124262834	124263051	SINE/MIR	668	+	108	124262942	42
chr6	124262984	124462984	harbor1	chr6	124268815	124268986	SINE/MIR	479	+	86	124268901	5917
chr6	124262984	124462984	harbor1	chr6	124280402	124280658	SINE/MIR	484	+	128	124280530	17546
chr6	124262984	124462984	harbor1	chr6	124284300	124284450	SINE/MIR	425	+	75	124284375	21391
chr6	170682777	170882777	harbor1	chr6	170694663	170694807	SINE/MIR	571	+	72	170694735	11958
chr6	170682777	170882777	harbor1	chr6	170703952	170704160	SINE/MIR	442	+	104	170704056	21279
chr6	77132138	77332138	harbor1	chr6	77136868	77137091	SINE/MIR	649	+	112	77136980	4842
chr6	120486239	120686239	harbor1	chr6	120527369	120527568	SINE/MIR	469	+	100	120527469	41230
chr6	120486239	120686239	harbor1	chr6	120569237	120569444	SINE/MIR	443	+	104	120569341	83102
chr6	111841449	112041449	harbor1	chr6	111864266	111864419	SINE/MIR	628	+	76	111864342	22893
chr6	111841449	112041449	harbor1	chr6	111864809	111864992	SINE/MIR	598	+	92	111864901	23452
chr6	111841449	112041449	harbor1	chr6	111868668	111868912	SINE/MIR	813	+	122	111868790	27341
chr6	111841449	112041449	harbor1	chr6	111925810	111926073	SINE/MIR	890	+	132	111925942	84493
chr6	43641333	43841333	harbor1	chr6	43657653	43657836	SINE/MIR	724	+	92	43657745	16412
chr6	43641333	43841333	harbor1	chr6	43677608	43677858	SINE/MIR	876	+	125	43677733	36400
chr6	43641333	43841333	harbor1	chr6	43685070	43685278	SINE/MIR	546	+	104	43685174	43841
chr6	43641333	43841333	harbor1	chr6	43703695	43703857	SINE/MIR	792	+	81	43703776	62443
chr6	43641333	43841333	harbor1	chr6	43715185	43715393	SINE/MIR	588	+	104	43715289	73956
chr6	43641333	43841333	harbor1	chr6	43733497	43733660	SINE/MIR	555	+	82	43733579	92246
chr6	43641333	43841333	harbor1	chr6	43739243	43739435	SINE/MIR	587	+	96	43739339	98006
chr6	54744822	54944822	harbor1	chr6	54754848	54755082	SINE/MIR	445	+	117	54754965	10143
chr6	14268936	14468936	harbor1	chr6	14352212	14352365	SINE/MIR	494	+	76	14352288	83352
chr6	61765722	61965722	harbor1	chr6	61825689	61825942	SINE/MIR	770	+	126	61825815	60093
chr6	61765722	61965722	harbor1	chr6	61855338	61855479	SINE/MIR	536	+	70	61855408	89686
chr6	121930625	122130625	harbor1	chr6	121957297	121957491	SINE/MIR	516	+	97	121957394	26769
chr6	15922776	16122776	harbor1	chr6	15924086	15924164	SINE/MIR	509	+	39	15924125	1349
chr6	15922776	16122776	harbor1	chr6	15924476	15924623	SINE/MIR	509	+	74	15924550	1774
chr6	15922776	16122776	harbor1	chr6	15924956	15925196	SINE/MIR	736	+	120	15925076	2300
chr6	15922776	16122776	harbor1	chr6	15926102	15926248	SINE/MIR	450	+	73	15926175	3399
chr6	15922776	16122776	harbor1	chr6	15939444	15939682	SINE/MIR	666	+	119	15939563	16787
chr6	15922776	16122776	harbor1	chr6	15978281	15978486	SINE/MIR	636	+	102	15978383	55607
chr6	15922776	16122776	harbor1	chr6	15986136	15986323	SINE/MIR	470	+	94	15986230	63454
chr6	15922776	16122776	harbor1	chr6	16003447	16003552	SINE/MIR	437	+	52	16003499	80723
chr6	15922776	16122776	harbor1	chr6	16021316	16021476	SINE/MIR	434	+	80	16021396	98620
chr6	15922776	16122776	harbor1	chr6	16021788	16021830	SINE/MIR	434	+	21	16021809	99033
chr6	115482519	115682519	harbor1	chr6	115496430	115496666	SINE/MIR	487	+	118	115496548	14029
chr6	115482519	115682519	harbor1	chr6	115506992	115507157	SINE/MIR	468	+	82	115507074	24555
chr6	149029854	149229854	harbor1	chr6	149046514	149046678	SINE/MIR	616	+	82	149046596	16742
chr6	149029854	149229854	harbor1	chr6	149064248	149064457	SINE/MIR	467	+	104	149064352	34498
chr6	149029854	149229854	harbor1	chr6	149065583	149065724	SINE/MIR	509	+	70	149065653	35799
chr6	149029854	149229854	harbor1	chr6	149068263	149068483	SINE/MIR	645	+	110	149068373	38519
chr6	149029854	149229854	harbor1	chr6	149114797	149114828	SINE/MIR	669	+	16	149114813	84959
chr6	149029854	149229854	harbor1	chr6	149115128	149115315	SINE/MIR	669	+	94	149115222	85368
chr6	152447208	152647208	harbor1	chr6	152479523	152479693	SINE/MIR	572	+	85	152479608	32400
chr6	81009011	81209011	harbor1	chr6	81074388	81074597	SINE/MIR	767	+	104	81074492	65481
chr6	87397046	87597046	harbor1	chr6	87402971	87403147	SINE/MIR	538	+	88	87403059	6013
chr6	87397046	87597046	harbor1	chr6	87420445	87420605	SINE/MIR	657	+	80	87420525	23479
chr6	87397046	87597046	harbor1	chr6	87424079	87424212	SINE/MIR	433	+	66	87424145	27099
chr6	87397046	87597046	harbor1	chr6	87468198	87468364	SINE/MIR	529	+	83	87468281	71235
chr6	110621265	110821265	harbor1	chr6	110624824	110625031	SINE/MIR	648	+	104	110624928	3663
chr6	88396770	88596770	harbor1	chr6	88464752	88464952	SINE/MIR	463	+	100	88464852	68082
chr6	88396770	88596770	harbor1	chr6	88476110	88476255	SINE/MIR	462	+	72	88476182	79412
chr6	33066561	33266561	harbor1	chr6	33068259	33068508	SINE/MIR	685	+	124	33068383	1822
chr6	33066561	33266561	harbor1	chr6	33091381	33091604	SINE/MIR	538	+	112	33091493	24932
chr6	100328098	100528098	harbor1	chr6	100331610	100331821	SINE/MIR	889	+	106	100331716	3618
chr6	100328098	100528098	harbor1	chr6	100364089	100364206	SINE/MIR	453	+	58	100364147	36049
chr6	100328098	100528098	harbor1	chr6	100371681	100371968	SINE/MIR	467	+	144	100371825	43727
chr6	100328098	100528098	harbor1	chr6	100383801	100384006	SINE/MIR	480	+	102	100383903	55805
chr6	100328098	100528098	harbor1	chr6	100401943	100402130	SINE/MIR	424	+	94	100402037	73939
chr6	158218147	158418147	harbor1	chr6	158287997	158288201	SINE/MIR	506	+	102	158288099	69952
chr6	158218147	158418147	harbor1	chr6	158290835	158291069	SINE/MIR	659	+	117	158290952	72805
chr6	113826200	114026200	harbor1	chr6	113848941	113849194	SINE/MIR	495	+	126	113849067	22867
chr6	113826200	114026200	harbor1	chr6	113881280	113881443	SINE/MIR	688	+	82	113881362	55162
chr6	113826200	114026200	harbor1	chr6	113887624	113887819	SINE/MIR	569	+	98	113887722	61522
chr6	113826200	114026200	harbor1	chr6	113920122	113920297	SINE/MIR	426	+	88	113920210	94010
chr6	113826200	114026200	harbor1	chr6	113925140	113925336	SINE/MIR	510	+	98	113925238	99038
chr6	113826200	114026200	harbor1	chr6	113925699	113925722	SINE/MIR	510	+	12	113925711	99511
chr6	166497020	166697020	harbor1	chr6	166587377	166587557	SINE/MIR	574	+	90	166587467	90447
chr6	22345476	22545476	harbor1	chr6	22352836	22353059	SINE/MIR	520	+	112	22352948	7472
chr6	22345476	22545476	harbor1	chr6	22360535	22360765	SINE/MIR	740	+	115	22360650	15174
chr6	22345476	22545476	harbor1	chr6	22380317	22380509	SINE/MIR	600	+	96	22380413	34937
chr6	22345476	22545476	harbor1	chr6	22424668	22424828	SINE/MIR	513	+	80	22424748	79272
chr6	22345476	22545476	harbor1	chr6	22429319	22429479	SINE/MIR	555	+	80	22429399	83923
chr6	22345476	22545476	harbor1	chr6	22430842	22431098	SINE/MIR	717	+	128	22430970	85494
chr6	157784610	157984610	harbor1	chr6	157788760	157789003	SINE/MIR	850	+	122	157788882	4272
chr6	157784610	157984610	harbor1	chr6	157789550	157789776	SINE/MIR	909	+	113	157789663	5053
chr6	157784610	157984610	harbor1	chr6	157797018	157797162	SINE/MIR	716	+	72	157797090	12480
chr6	157784610	157984610	harbor1	chr6	157880765	157880981	SINE/MIR	588	+	108	157880873	96263
chr6	8421512	8621512	harbor1	chr6	8432511	8432747	SINE/MIR	652	+	118	8432629	11117
chr6	8421512	8621512	harbor1	chr6	8439979	8440227	SINE/MIR	700	+	124	8440103	18591
chr6	8421512	8621512	harbor1	chr6	8467842	8468065	SINE/MIR	660	+	112	8467954	46442
chr6	8421512	8621512	harbor1	chr6	8505902	8506087	SINE/MIR	507	+	92	8505994	84482
chr6	8421512	8621512	harbor1	chr6	8508148	8508341	SINE/MIR	658	+	96	8508244	86732
chr6	8421512	8621512	harbor1	chr6	8509952	8510127	SINE/MIR	563	+	88	8510040	88528
chr6	81108424	81308424	harbor1	chr6	81184430	81184567	SINE/MIR	434	+	68	81184498	76074
chr6	81108424	81308424	harbor1	chr6	81205366	81205598	SINE/MIR	428	+	116	81205482	97058
chr6	125553650	125753650	harbor1	chr6	125580220	125580454	SINE/MIR	430	+	117	125580337	26687
chr6	40313388	40513388	harbor1	chr6	40333404	40333565	SINE/MIR	543	+	80	40333484	20096
chr6	40313388	40513388	harbor1	chr6	40343252	40343476	SINE/MIR	525	+	112	40343364	29976
chr6	40313388	40513388	harbor1	chr6	40346067	40346230	SINE/MIR	423	+	82	40346149	32761
chr6	40313388	40513388	harbor1	chr6	40346757	40346874	SINE/MIR	447	+	58	40346815	33427
chr6	40313388	40513388	harbor1	chr6	40381530	40381706	SINE/MIR	445	+	88	40381618	68230
chr6	40313388	40513388	harbor1	chr6	40385579	40385788	SINE/MIR	767	+	104	40385683	72295
chr6	40313388	40513388	harbor1	chr6	40388232	40388450	SINE/MIR	805	+	109	40388341	74953
chr6	40313388	40513388	harbor1	chr6	40405258	40405525	SINE/MIR	940	+	134	40405392	92004
chr6	40313388	40513388	harbor1	chr6	40406076	40406283	SINE/MIR	565	+	104	40406180	92792
chr6	40313388	40513388	harbor1	chr6	40407303	40407486	SINE/MIR	586	+	92	40407395	94007
chr6	40313388	40513388	harbor1	chr6	40408569	40408770	SINE/MIR	683	+	100	40408669	95281
chr6	40313388	40513388	harbor1	chr6	40409522	40409729	SINE/MIR	575	+	104	40409626	96238
chr6	40313388	40513388	harbor1	chr6	40410409	40410616	SINE/MIR	476	+	104	40410513	97125
chr6	166289202	166489202	harbor1	chr6	166326448	166326680	SINE/MIR	434	+	116	166326564	37362
chr6	166289202	166489202	harbor1	chr6	166329102	166329311	SINE/MIR	496	+	104	166329206	40004
chr7	80221462	80421462	harbor1	chr7	80227358	80227554	SINE/MIR	687	+	98	80227456	5994
chr7	80221462	80421462	harbor1	chr7	80250894	80251075	SINE/MIR	444	+	90	80250984	29522
chr7	80221462	80421462	harbor1	chr7	80258263	80258348	SINE/MIR	457	+	42	80258305	36843
chr7	86714089	86914089	harbor1	chr7	86715294	86715509	SINE/MIR	446	+	108	86715402	1313
chr7	86714089	86914089	harbor1	chr7	86716914	86717094	SINE/MIR	514	+	90	86717004	2915
chr7	86714089	86914089	harbor1	chr7	86725074	86725277	SINE/MIR	620	+	102	86725176	11087
chr7	86714089	86914089	harbor1	chr7	86729165	86729363	SINE/MIR	472	+	99	86729264	15175
chr7	86714089	86914089	harbor1	chr7	86781032	86781188	SINE/MIR	542	+	78	86781110	67021
chr7	86714089	86914089	harbor1	chr7	86783313	86783502	SINE/MIR	459	+	94	86783407	69318
chr7	133378143	133578143	harbor1	chr7	133432194	133432399	SINE/MIR	483	+	102	133432296	54153
chr7	51161352	51361352	harbor1	chr7	51211270	51211494	SINE/MIR	499	+	112	51211382	50030
chr7	51161352	51361352	harbor1	chr7	51236605	51236806	SINE/MIR	467	+	100	51236705	75353
chr7	122423496	122623496	harbor1	chr7	122509665	122509903	SINE/MIR	708	+	119	122509784	86288
chr7	43428129	43628129	harbor1	chr7	43448375	43448600	SINE/MIR	601	+	112	43448487	20358
chr7	43428129	43628129	harbor1	chr7	43491167	43491401	SINE/MIR	453	+	117	43491284	63155
chr7	51057207	51257207	harbor1	chr7	51066453	51066647	SINE/MIR	477	+	97	51066550	9343
chr7	51057207	51257207	harbor1	chr7	51104404	51104593	SINE/MIR	735	+	94	51104498	47291
chr7	51057207	51257207	harbor1	chr7	51105312	51105466	SINE/MIR	499	+	77	51105389	48182
chr7	51057207	51257207	harbor1	chr7	51123966	51124159	SINE/MIR	535	+	96	51124062	66855
chr7	51057207	51257207	harbor1	chr7	51137199	51137448	SINE/MIR	550	+	124	51137323	80116
chr7	72417129	72617129	harbor1	chr7	72490373	72490518	SINE/MIR	681	+	72	72490445	73316
chr7	72417129	72617129	harbor1	chr7	72490900	72490962	SINE/MIR	681	+	31	72490931	73802
chr7	72417129	72617129	harbor1	chr7	72491257	72491286	SINE/MIR	681	+	14	72491271	74142
chr7	14407201	14607201	harbor1	chr7	14463706	14463876	SINE/MIR	451	+	85	14463791	56590
chr7	14407201	14607201	harbor1	chr7	14482027	14482254	SINE/MIR	475	+	114	14482141	74940
chr7	82707805	82907805	harbor1	chr7	82802111	82802330	SINE/MIR	480	+	110	82802221	94416
chr7	139560079	139760079	harbor1	chr7	139566243	139566467	SINE/MIR	462	+	112	139566355	6276
chr7	139560079	139760079	harbor1	chr7	139580633	139580846	SINE/MIR	519	+	106	139580739	20660
chr7	139560079	139760079	harbor1	chr7	139585506	139585730	SINE/MIR	710	+	112	139585618	25539
chr7	139560079	139760079	harbor1	chr7	139593171	139593304	SINE/MIR	547	+	66	139593237	33158
chr7	139560079	139760079	harbor1	chr7	139612384	139612569	SINE/MIR	609	+	92	139612476	52397
chr7	139560079	139760079	harbor1	chr7	139618018	139618243	SINE/MIR	796	+	112	139618130	58051
chr7	82399330	82599330	harbor1	chr7	82411231	82411490	SINE/MIR	525	+	130	82411361	12031
chr7	82399330	82599330	harbor1	chr7	82431572	82431757	SINE/MIR	452	+	92	82431664	32334
chr7	82399330	82599330	harbor1	chr7	82432059	82432113	SINE/MIR	452	+	27	82432086	32756
chr7	82399330	82599330	harbor1	chr7	82466973	82467200	SINE/MIR	612	+	114	82467087	67757
chr7	82399330	82599330	harbor1	chr7	82480365	82480556	SINE/MIR	837	+	96	82480461	81131
chr7	80070013	80270013	harbor1	chr7	80089537	80089760	SINE/MIR	668	+	112	80089649	19636
chr7	80070013	80270013	harbor1	chr7	80123678	80123865	SINE/MIR	661	+	94	80123772	53759
chr7	80070013	80270013	harbor1	chr7	80143630	80143802	SINE/MIR	574	+	86	80143716	73703
chr7	27595592	27795592	harbor1	chr7	27615250	27615441	SINE/MIR	509	+	96	27615346	19754
chr7	27595592	27795592	harbor1	chr7	27635375	27635545	SINE/MIR	457	+	85	27635460	39868
chr7	27595592	27795592	harbor1	chr7	27657754	27657962	SINE/MIR	597	+	104	27657858	62266
chr7	85661732	85861732	harbor1	chr7	85670370	85670560	SINE/MIR	454	+	95	85670465	8733
chr7	85661732	85861732	harbor1	chr7	85692474	85692628	SINE/MIR	447	+	77	85692551	30819
chr7	85661732	85861732	harbor1	chr7	85692642	85692840	SINE/MIR	458	+	99	85692741	31009
chr7	85661732	85861732	harbor1	chr7	85716951	85717189	SINE/MIR	520	+	119	85717070	55338
chr7	29054835	29254835	harbor1	chr7	29079365	29079595	SINE/MIR	895	+	115	29079480	24645
chr7	29054835	29254835	harbor1	chr7	29098620	29098780	SINE/MIR	575	+	80	29098700	43865
chr7	29054835	29254835	harbor1	chr7	29099094	29099159	SINE/MIR	575	+	32	29099126	44291
chr7	29054835	29254835	harbor1	chr7	29102086	29102300	SINE/MIR	939	+	107	29102193	47358
chr7	29054835	29254835	harbor1	chr7	29108949	29109129	SINE/MIR	551	+	90	29109039	54204
chr7	29054835	29254835	harbor1	chr7	29114990	29115215	SINE/MIR	541	+	112	29115102	60267
chr7	29054835	29254835	harbor1	chr7	29117581	29117822	SINE/MIR	975	+	120	29117701	62866
chr7	29054835	29254835	harbor1	chr7	29119756	29119971	SINE/MIR	450	+	108	29119864	65029
chr7	29054835	29254835	harbor1	chr7	29139207	29139358	SINE/MIR	499	+	76	29139283	84448
chr7	29054835	29254835	harbor1	chr7	29150168	29150365	SINE/MIR	451	+	98	29150266	95431
chr7	29054835	29254835	harbor1	chr7	29151654	29151904	SINE/MIR	765	+	125	29151779	96944
chr7	129748223	129948223	harbor1	chr7	129796799	129796849	SINE/MIR	624	+	25	129796824	48601
chr7	129748223	129948223	harbor1	chr7	129797161	129797300	SINE/MIR	624	+	70	129797231	49008
chr7	86558972	86758972	harbor1	chr7	86561369	86561494	SINE/MIR	461	+	62	86561431	2459
chr7	86558972	86758972	harbor1	chr7	86578557	86578748	SINE/MIR	446	+	96	86578653	19681
chr7	86558972	86758972	harbor1	chr7	86633592	86633816	SINE/MIR	651	+	112	86633704	74732
chr7	105787914	105987914	harbor1	chr7	105800690	105800881	SINE/MIR	473	+	96	105800786	12872
chr7	105787914	105987914	harbor1	chr7	105800964	105801151	SINE/MIR	554	+	94	105801058	13144
chr7	105787914	105987914	harbor1	chr7	105821603	105821824	SINE/MIR	549	+	110	105821713	33799
chr7	105787914	105987914	harbor1	chr7	105826242	105826409	SINE/MIR	474	+	84	105826326	38412
chr7	105787914	105987914	harbor1	chr7	105847608	105847819	SINE/MIR	617	+	106	105847714	59800
chr7	105787914	105987914	harbor1	chr7	105863603	105863833	SINE/MIR	893	+	115	105863718	75804
chr7	105787914	105987914	harbor1	chr7	105881516	105881732	SINE/MIR	546	+	108	105881624	93710
chr7	35659459	35859459	harbor1	chr7	35668055	35668240	SINE/MIR	449	+	92	35668147	8688
chr7	35659459	35859459	harbor1	chr7	35688816	35689028	SINE/MIR	606	+	106	35688922	29463
chr7	35659459	35859459	harbor1	chr7	35724116	35724334	SINE/MIR	560	+	109	35724225	64766
chr7	35659459	35859459	harbor1	chr7	35745630	35745869	SINE/MIR	607	+	120	35745750	86291
chr7	117914563	118114563	harbor1	chr7	117937917	117938029	SINE/MIR	444	+	56	117937973	23410
chr7	117914563	118114563	harbor1	chr7	117951064	117951289	SINE/MIR	827	+	112	117951176	36613
chr7	117914563	118114563	harbor1	chr7	117960550	117960768	SINE/MIR	486	+	109	117960659	46096
chr7	8868392	9068392	harbor1	chr7	8944799	8944868	SINE/MIR	465	+	34	8944833	76441
chr7	8868392	9068392	harbor1	chr7	8945278	8945387	SINE/MIR	465	+	54	8945332	76940
chr7	8868392	9068392	harbor1	chr7	8948164	8948321	SINE/MIR	504	+	78	8948242	79850
chr7	8868392	9068392	harbor1	chr7	8960319	8960556	SINE/MIR	480	+	118	8960437	92045
chr7	8868392	9068392	harbor1	chr7	8963382	8963634	SINE/MIR	637	+	126	8963508	95116
chr7	132222910	132422910	harbor1	chr7	132231140	132231319	SINE/MIR	944	+	90	132231230	8320
chr7	132222910	132422910	harbor1	chr7	132250034	132250197	SINE/MIR	533	+	82	132250116	27206
chr7	132222910	132422910	harbor1	chr7	132263680	132263893	SINE/MIR	623	+	106	132263786	40876
chr7	132222910	132422910	harbor1	chr7	132308565	132308798	SINE/MIR	470	+	116	132308681	85771
chr7	132222910	132422910	harbor1	chr7	132312623	132312878	SINE/MIR	831	+	128	132312751	89841
chr7	140789845	140989845	harbor1	chr7	140791855	140792097	SINE/MIR	551	+	121	140791976	2131
chr7	140789845	140989845	harbor1	chr7	140842173	140842413	SINE/MIR	858	+	120	140842293	52448
chr7	140789845	140989845	harbor1	chr7	140848213	140848477	SINE/MIR	542	+	132	140848345	58500
chr7	6133836	6333836	harbor1	chr7	6135195	6135366	SINE/MIR	455	+	86	6135281	1445
chr7	6133836	6333836	harbor1	chr7	6209085	6209240	SINE/MIR	473	+	78	6209163	75327
chr7	16966674	17166674	harbor1	chr7	16999057	16999281	SINE/MIR	598	+	112	16999169	32495
chr7	16966674	17166674	harbor1	chr7	17019436	17019597	SINE/MIR	479	+	80	17019516	52842
chr7	16966674	17166674	harbor1	chr7	17056428	17056647	SINE/MIR	789	+	110	17056538	89864
chr7	34633287	34833287	harbor1	chr7	34657371	34657588	SINE/MIR	534	+	108	34657479	24192
chr7	34633287	34833287	harbor1	chr7	34664181	34664409	SINE/MIR	641	+	114	34664295	31008
chr7	34633287	34833287	harbor1	chr7	34674987	34675225	SINE/MIR	559	+	119	34675106	41819
chr7	34633287	34833287	harbor1	chr7	34700701	34700896	SINE/MIR	714	+	98	34700799	67512
chr7	34633287	34833287	harbor1	chr7	34716409	34716648	SINE/MIR	592	+	120	34716529	83242
chr7	17440744	17640744	harbor1	chr7	17443591	17443845	SINE/MIR	704	+	127	17443718	2974
chr7	17440744	17640744	harbor1	chr7	17452119	17452342	SINE/MIR	617	+	112	17452231	11487
chr7	17440744	17640744	harbor1	chr7	17467152	17467402	SINE/MIR	741	+	125	17467277	26533
chr7	135577470	135777470	harbor1	chr7	135600341	135600545	SINE/MIR	447	+	102	135600443	22973
chr7	135577470	135777470	harbor1	chr7	135646640	135646894	SINE/MIR	691	+	127	135646767	69297
chr7	135577470	135777470	harbor1	chr7	135664877	135665074	SINE/MIR	649	+	98	135664975	87505
chr7	43593935	43793935	harbor1	chr7	43621928	43622130	SINE/MIR	727	+	101	43622029	28094
chr7	109403398	109603398	harbor1	chr7	109437282	109437446	SINE/MIR	506	+	82	109437364	33966
chr7	109403398	109603398	harbor1	chr7	109465976	109466205	SINE/MIR	469	+	114	109466090	62692
chr7	131671793	131871793	harbor1	chr7	131733240	131733389	SINE/MIR	611	+	74	131733314	61521
chr7	71259016	71459016	harbor1	chr7	71290842	71291093	SINE/MIR	604	+	126	71290968	31952
chr7	71259016	71459016	harbor1	chr7	71347236	71347426	SINE/MIR	834	+	95	71347331	88315
chr7	115010832	115210832	harbor1	chr7	115011108	115011341	SINE/MIR	813	+	116	115011224	392
chr7	115010832	115210832	harbor1	chr7	115038700	115038936	SINE/MIR	581	+	118	115038818	27986
chr7	115010832	115210832	harbor1	chr7	115039248	115039285	SINE/MIR	482	+	18	115039266	28434
chr7	36832814	37032814	harbor1	chr7	36834810	36835064	SINE/MIR	711	+	127	36834937	2123
chr7	36832814	37032814	harbor1	chr7	36839469	36839602	SINE/MIR	624	+	66	36839535	6721
chr7	36832814	37032814	harbor1	chr7	36841813	36842036	SINE/MIR	585	+	112	36841925	9111
chr7	36832814	37032814	harbor1	chr7	36859552	36859767	SINE/MIR	796	+	108	36859660	26846
chr7	36832814	37032814	harbor1	chr7	36874265	36874495	SINE/MIR	876	+	115	36874380	41566
chr7	36832814	37032814	harbor1	chr7	36887029	36887231	SINE/MIR	586	+	101	36887130	54316
chr7	36832814	37032814	harbor1	chr7	36901578	36901713	SINE/MIR	509	+	68	36901646	68832
chr7	36832814	37032814	harbor1	chr7	36910538	36910717	SINE/MIR	505	+	90	36910628	77814
chr7	36832814	37032814	harbor1	chr7	36912738	36912898	SINE/MIR	499	+	80	36912818	80004
chr7	36832814	37032814	harbor1	chr7	36919422	36919611	SINE/MIR	465	+	94	36919516	86702
chr7	36832814	37032814	harbor1	chr7	36921258	36921436	SINE/MIR	545	+	89	36921347	88533
chr7	10094706	10294706	harbor1	chr7	10100042	10100257	SINE/MIR	794	+	108	10100150	5444
chr7	10094706	10294706	harbor1	chr7	10172577	10172751	SINE/MIR	515	+	87	10172664	77958
chr7	10094706	10294706	harbor1	chr7	10194508	10194774	SINE/MIR	690	+	133	10194641	99935
chr7	143314552	143514552	harbor1	chr7	143348856	143349066	SINE/MIR	706	+	105	143348961	34409
chr7	143314552	143514552	harbor1	chr7	143383838	143384066	SINE/MIR	456	+	114	143383952	69400
chr7	143314552	143514552	harbor1	chr7	143411429	143411571	SINE/MIR	518	+	71	143411500	96948
chr7	96347015	96547015	harbor1	chr7	96356889	96357054	SINE/MIR	453	+	82	96356971	9956
chr7	96347015	96547015	harbor1	chr7	96409506	96409676	SINE/MIR	494	+	85	96409591	62576
chr7	96347015	96547015	harbor1	chr7	96416162	96416366	SINE/MIR	508	+	102	96416264	69249
chr7	96347015	96547015	harbor1	chr7	96420007	96420204	SINE/MIR	490	+	98	96420105	73090
chr7	96347015	96547015	harbor1	chr7	96421577	96421752	SINE/MIR	567	+	88	96421665	74650
chr7	96347015	96547015	harbor1	chr7	96424202	96424382	SINE/MIR	524	+	90	96424292	77277
chr7	96347015	96547015	harbor1	chr7	96425212	96425425	SINE/MIR	785	+	106	96425318	78303
chr7	96347015	96547015	harbor1	chr7	96432078	96432176	SINE/MIR	441	+	49	96432127	85112
chr7	96347015	96547015	harbor1	chr7	96442360	96442471	SINE/MIR	455	+	56	96442416	95401
chr7	152961614	153161614	harbor1	chr7	152994499	152994637	SINE/MIR	525	+	69	152994568	32954
chr7	152961614	153161614	harbor1	chr7	153035491	153035613	SINE/MIR	458	+	61	153035552	73938
chr7	152961614	153161614	harbor1	chr7	153044872	153045054	SINE/MIR	667	+	91	153044963	83349
chr7	152971739	153171739	harbor1	chr7	152994499	152994637	SINE/MIR	525	+	69	152994568	22829
chr7	152971739	153171739	harbor1	chr7	153035491	153035613	SINE/MIR	458	+	61	153035552	63813
chr7	152971739	153171739	harbor1	chr7	153044872	153045054	SINE/MIR	667	+	91	153044963	73224
chr7	152971739	153171739	harbor1	chr7	153064858	153065053	SINE/MIR	570	+	98	153064956	93217
chr7	17015978	17215978	harbor1	chr7	17019436	17019597	SINE/MIR	479	+	80	17019516	3538
chr7	17015978	17215978	harbor1	chr7	17056428	17056647	SINE/MIR	789	+	110	17056538	40560
chr7	17015978	17215978	harbor1	chr7	17075319	17075541	SINE/MIR	582	+	111	17075430	59452
chr7	17015978	17215978	harbor1	chr7	17093001	17093210	SINE/MIR	493	+	104	17093105	77127
chr7	17015978	17215978	harbor1	chr7	17102509	17102678	SINE/MIR	449	+	84	17102593	86615
chr7	109973179	110173179	harbor1	chr7	110008574	110008793	SINE/MIR	559	+	110	110008684	35505
chr7	128556838	128756838	harbor1	chr7	128564234	128564393	SINE/MIR	513	+	80	128564314	7476
chr7	143343613	143543613	harbor1	chr7	143348856	143349066	SINE/MIR	706	+	105	143348961	5348
chr7	143343613	143543613	harbor1	chr7	143383838	143384066	SINE/MIR	456	+	114	143383952	40339
chr7	143343613	143543613	harbor1	chr7	143411429	143411571	SINE/MIR	518	+	71	143411500	67887
chr7	14511279	14711279	harbor1	chr7	14523756	14523902	SINE/MIR	463	+	73	14523829	12550
chr7	28020837	28220837	harbor1	chr7	28021863	28022055	SINE/MIR	444	+	96	28021959	1122
chr7	28020837	28220837	harbor1	chr7	28060965	28061201	SINE/MIR	893	+	118	28061083	40246
chr7	28020837	28220837	harbor1	chr7	28075053	28075249	SINE/MIR	448	+	98	28075151	54314
chr7	28020837	28220837	harbor1	chr7	28078204	28078425	SINE/MIR	582	+	110	28078314	57477
chr7	28020837	28220837	harbor1	chr7	28090080	28090283	SINE/MIR	520	+	102	28090182	69345
chr7	10029424	10229424	harbor1	chr7	10100042	10100257	SINE/MIR	794	+	108	10100150	70726
chr7	154271835	154471835	harbor1	chr7	154283220	154283450	SINE/MIR	634	+	115	154283335	11500
chr7	154271835	154471835	harbor1	chr7	154301027	154301165	SINE/MIR	475	+	69	154301096	29261
chr7	143421541	143621541	harbor1	chr7	143465649	143465810	SINE/MIR	640	+	80	143465729	44188
chr7	143421541	143621541	harbor1	chr7	143491426	143491661	SINE/MIR	643	+	118	143491544	70003
chr7	143421541	143621541	harbor1	chr7	143495746	143495910	SINE/MIR	463	+	82	143495828	74287
chr7	143421541	143621541	harbor1	chr7	143501081	143501330	SINE/MIR	597	+	124	143501205	79664
chr7	143421541	143621541	harbor1	chr7	143516523	143516744	SINE/MIR	626	+	110	143516633	95092
chr7	69823521	70023521	harbor1	chr7	69823942	69824114	SINE/MIR	489	+	86	69824028	507
chr7	69823521	70023521	harbor1	chr7	69856603	69856760	SINE/MIR	469	+	78	69856681	33160
chr7	55139865	55339865	harbor1	chr7	55160782	55160991	SINE/MIR	572	+	104	55160886	21021
chr7	55139865	55339865	harbor1	chr7	55166357	55166558	SINE/MIR	663	+	100	55166457	26592
chr7	55139865	55339865	harbor1	chr7	55237024	55237191	SINE/MIR	522	+	84	55237108	97243
chr7	136613422	136813422	harbor1	chr7	136626729	136626895	SINE/MIR	442	+	83	136626812	13390
chr7	136613422	136813422	harbor1	chr7	136666132	136666300	SINE/MIR	632	+	84	136666216	52794
chr7	136613422	136813422	harbor1	chr7	136686034	136686229	SINE/MIR	577	+	98	136686132	72710
chr7	136613422	136813422	harbor1	chr7	136692756	136692952	SINE/MIR	642	+	98	136692854	79432
chr7	91075634	91275634	harbor1	chr7	91116293	91116484	SINE/MIR	487	+	96	91116389	40755
chr7	91075634	91275634	harbor1	chr7	91140564	91140809	SINE/MIR	613	+	122	91140686	65052
chr7	91075634	91275634	harbor1	chr7	91157327	91157521	SINE/MIR	595	+	97	91157424	81790
chr7	91075634	91275634	harbor1	chr7	91157535	91157760	SINE/MIR	497	+	112	91157647	82013
chr7	91075634	91275634	harbor1	chr7	91162565	91162833	SINE/MIR	820	+	134	91162699	87065
chr7	91075634	91275634	harbor1	chr7	91165349	91165533	SINE/MIR	468	+	92	91165441	89807
chr7	78748616	78948616	harbor1	chr7	78775957	78776174	SINE/MIR	602	+	108	78776065	27449
chr7	78748616	78948616	harbor1	chr7	78778665	78778893	SINE/MIR	608	+	114	78778779	30163
chr7	78748616	78948616	harbor1	chr7	78806156	78806397	SINE/MIR	445	+	120	78806276	57660
chr7	78748616	78948616	harbor1	chr7	78840718	78840944	SINE/MIR	557	+	113	78840831	92215
chr7	16437792	16637792	harbor1	chr7	16497747	16497891	SINE/MIR	506	+	72	16497819	60027
chr7	16437792	16637792	harbor1	chr7	16532764	16532843	SINE/MIR	610	+	40	16532804	95012
chr7	16437792	16637792	harbor1	chr7	16533022	16533134	SINE/MIR	610	+	56	16533078	95286
chr7	71873048	72073048	harbor1	chr7	71891444	71891658	SINE/MIR	721	+	107	71891551	18503
chr7	71873048	72073048	harbor1	chr7	71943297	71943445	SINE/MIR	608	+	74	71943371	70323
chr7	71873048	72073048	harbor1	chr7	71943742	71943816	SINE/MIR	608	+	37	71943779	70731
chr7	12935701	13135701	harbor1	chr7	12942535	12942769	SINE/MIR	463	+	117	12942652	6951
chr7	12935701	13135701	harbor1	chr7	12948790	12949029	SINE/MIR	650	+	120	12948910	13209
chr7	131762901	131962901	harbor1	chr7	131797539	131797759	SINE/MIR	695	+	110	131797649	34748
chr7	131762901	131962901	harbor1	chr7	131843404	131843600	SINE/MIR	502	+	98	131843502	80601
chr7	99127024	99327024	harbor1	chr7	99149297	99149539	SINE/MIR	483	+	121	99149418	22394
chr7	50023522	50223522	harbor1	chr7	50055463	50055702	SINE/MIR	527	+	120	50055583	32061
chr7	50023522	50223522	harbor1	chr7	50058822	50059060	SINE/MIR	604	+	119	50058941	35419
chr7	50023522	50223522	harbor1	chr7	50079250	50079390	SINE/MIR	453	+	70	50079320	55798
chr7	50023522	50223522	harbor1	chr7	50091847	50092046	SINE/MIR	611	+	100	50091947	68425
chr7	146302425	146502425	harbor1	chr7	146381380	146381601	SINE/MIR	810	+	110	146381490	79065
chr7	92337078	92537078	harbor1	chr7	92342156	92342341	SINE/MIR	450	+	92	92342248	5170
chr7	92337078	92537078	harbor1	chr7	92347682	92347934	SINE/MIR	832	+	126	92347808	10730
chr7	92337078	92537078	harbor1	chr7	92356714	92356924	SINE/MIR	692	+	105	92356819	19741
chr7	92337078	92537078	harbor1	chr7	92396625	92396854	SINE/MIR	783	+	114	92396739	59661
chr7	92337078	92537078	harbor1	chr7	92417340	92417581	SINE/MIR	602	+	120	92417460	80382
chr7	117642717	117842717	harbor1	chr7	117646075	117646224	SINE/MIR	731	+	74	117646149	3432
chr7	117642717	117842717	harbor1	chr7	117650913	117651151	SINE/MIR	725	+	119	117651032	8315
chr7	90649409	90849409	harbor1	chr7	90660327	90660524	SINE/MIR	773	+	98	90660425	11016
chr7	90649409	90849409	harbor1	chr7	90662548	90662690	SINE/MIR	544	+	71	90662619	13210
chr7	90649409	90849409	harbor1	chr7	90662828	90663012	SINE/MIR	547	+	92	90662920	13511
chr7	90649409	90849409	harbor1	chr7	90690284	90690468	SINE/MIR	540	+	92	90690376	40967
chr7	90649409	90849409	harbor1	chr7	90713752	90714001	SINE/MIR	704	+	124	90713876	64467
chr7	90649409	90849409	harbor1	chr7	90738132	90738382	SINE/MIR	546	+	125	90738257	88848
chr7	13570164	13770164	harbor1	chr7	13600506	13600752	SINE/MIR	704	+	123	13600629	30465
chr7	13570164	13770164	harbor1	chr7	13603238	13603384	SINE/MIR	591	+	73	13603311	33147
chr7	13570164	13770164	harbor1	chr7	13647644	13647871	SINE/MIR	587	+	114	13647758	77594
chr7	3885459	4085459	harbor1	chr7	3892977	3893145	SINE/MIR	484	+	84	3893061	7602
chr7	3885459	4085459	harbor1	chr7	3944130	3944331	SINE/MIR	442	+	100	3944230	58771
chr7	136358903	136558903	harbor1	chr7	136382164	136382335	SINE/MIR	458	+	86	136382250	23347
chr7	3291708	3491708	harbor1	chr7	3318256	3318491	SINE/MIR	780	+	118	3318374	26666
chr7	3291708	3491708	harbor1	chr7	3348188	3348343	SINE/MIR	517	+	78	3348266	56558
chr7	3291708	3491708	harbor1	chr7	3385091	3385226	SINE/MIR	481	+	68	3385159	93451
chr7	141375456	141575456	harbor1	chr7	141394396	141394562	SINE/MIR	499	+	83	141394479	19023
chr7	141375456	141575456	harbor1	chr7	141403521	141403738	SINE/MIR	444	+	108	141403629	28173
chr7	141375456	141575456	harbor1	chr7	141409366	141409564	SINE/MIR	485	+	99	141409465	34009
chr7	141375456	141575456	harbor1	chr7	141424931	141425170	SINE/MIR	589	+	120	141425051	49595
chr7	141375456	141575456	harbor1	chr7	141446670	141446856	SINE/MIR	505	+	93	141446763	71307
chr7	141375456	141575456	harbor1	chr7	141451203	141451359	SINE/MIR	493	+	78	141451281	75825
chr7	141375456	141575456	harbor1	chr7	141455541	141455708	SINE/MIR	648	+	84	141455625	80169
chr7	141375456	141575456	harbor1	chr7	141468440	141468644	SINE/MIR	900	+	102	141468542	93086
chr7	141375456	141575456	harbor1	chr7	141469286	141469317	SINE/MIR	900	+	16	141469302	93846
chr7	76088133	76288133	harbor1	chr7	76117171	76117289	SINE/MIR	494	+	59	76117230	29097
chr7	24460441	24660441	harbor1	chr7	24513935	24514071	SINE/MIR	739	+	68	24514003	53562
chr7	24460441	24660441	harbor1	chr7	24556463	24556618	SINE/MIR	447	+	78	24556541	96100
chr7	141073819	141273819	harbor1	chr7	141098490	141098714	SINE/MIR	979	+	112	141098602	24783
chr7	141073819	141273819	harbor1	chr7	141118313	141118517	SINE/MIR	630	+	102	141118415	44596
chr7	141073819	141273819	harbor1	chr7	141146390	141146619	SINE/MIR	751	+	114	141146504	72685
chr7	141073819	141273819	harbor1	chr7	141156186	141156324	SINE/MIR	467	+	69	141156255	82436
chr7	141073819	141273819	harbor1	chr7	141165719	141165932	SINE/MIR	682	+	106	141165825	92006
chr7	141073819	141273819	harbor1	chr7	141167039	141167168	SINE/MIR	530	+	64	141167103	93284
chr7	6042369	6242369	harbor1	chr7	6135195	6135366	SINE/MIR	455	+	86	6135281	92912
chr7	64208631	64408631	harbor1	chr7	64275674	64275865	SINE/MIR	644	+	96	64275770	67139
chr7	57225578	57425578	harbor1	chr7	57289742	57289977	SINE/MIR	463	+	118	57289860	64282
chr7	57225578	57425578	harbor1	chr7	57310837	57310999	SINE/MIR	528	+	81	57310918	85340
chr7	57225578	57425578	harbor1	chr7	57318983	57319171	SINE/MIR	590	+	94	57319077	93499
chr7	131386550	131586550	harbor1	chr7	131410234	131410451	SINE/MIR	549	+	108	131410342	23792
chr7	131386550	131586550	harbor1	chr7	131452121	131452310	SINE/MIR	554	+	94	131452215	65665
chr7	131386550	131586550	harbor1	chr7	131481160	131481394	SINE/MIR	638	+	117	131481277	94727
chr7	137108135	137308135	harbor1	chr7	137161493	137161735	SINE/MIR	938	+	121	137161614	53479
chr7	29128320	29328320	harbor1	chr7	29139207	29139358	SINE/MIR	499	+	76	29139283	10963
chr7	29128320	29328320	harbor1	chr7	29150168	29150365	SINE/MIR	451	+	98	29150266	21946
chr7	29128320	29328320	harbor1	chr7	29151654	29151904	SINE/MIR	765	+	125	29151779	23459
chr7	29128320	29328320	harbor1	chr7	29180724	29180957	SINE/MIR	633	+	116	29180840	52520
chr7	29128320	29328320	harbor1	chr7	29186949	29187075	SINE/MIR	482	+	63	29187012	58692
chr7	29128320	29328320	harbor1	chr7	29197308	29197529	SINE/MIR	780	+	110	29197418	69098
chr7	107869765	108069765	harbor1	chr7	107875149	107875306	SINE/MIR	541	+	78	107875227	5462
chr7	107869765	108069765	harbor1	chr7	107890681	107890892	SINE/MIR	444	+	106	107890787	21022
chr7	107869765	108069765	harbor1	chr7	107897317	107897564	SINE/MIR	601	+	124	107897441	27676
chr7	107869765	108069765	harbor1	chr7	107900611	107900851	SINE/MIR	642	+	120	107900731	30966
chr7	107869765	108069765	harbor1	chr7	107904251	107904431	SINE/MIR	469	+	90	107904341	34576
chr7	107869765	108069765	harbor1	chr7	107910549	107910790	SINE/MIR	464	+	120	107910669	40904
chr7	107869765	108069765	harbor1	chr7	107945604	107945824	SINE/MIR	538	+	110	107945714	75949
chr7	131725459	131925459	harbor1	chr7	131733240	131733389	SINE/MIR	611	+	74	131733314	7855
chr7	131725459	131925459	harbor1	chr7	131797539	131797759	SINE/MIR	695	+	110	131797649	72190
chr7	77443171	77643171	harbor1	chr7	77455055	77455278	SINE/MIR	905	+	112	77455167	11996
chr7	77443171	77643171	harbor1	chr7	77514360	77514578	SINE/MIR	506	+	109	77514469	71298
chr7	97007562	97207562	harbor1	chr7	97087949	97088122	SINE/MIR	591	+	86	97088035	80473
chr7	110741582	110941582	harbor1	chr7	110771439	110771665	SINE/MIR	858	+	113	110771552	29970
chr7	119204774	119404774	harbor1	chr7	119240579	119240708	SINE/MIR	458	+	64	119240643	35869
chr7	77949647	78149647	harbor1	chr7	77960459	77960636	SINE/MIR	705	+	88	77960547	10900
chr7	77949647	78149647	harbor1	chr7	77963782	77963970	SINE/MIR	441	+	94	77963876	14229
chr7	77949647	78149647	harbor1	chr7	78021737	78021870	SINE/MIR	484	+	66	78021803	72156
chr7	77949647	78149647	harbor1	chr7	78030063	78030218	SINE/MIR	574	+	78	78030141	80494
chr7	77949647	78149647	harbor1	chr7	78042988	78043158	SINE/MIR	462	+	85	78043073	93426
chr7	47433673	47633673	harbor1	chr7	47451881	47452125	SINE/MIR	673	+	122	47452003	18330
chr7	47433673	47633673	harbor1	chr7	47456395	47456541	SINE/MIR	462	+	73	47456468	22795
chr7	47433673	47633673	harbor1	chr7	47481851	47482013	SINE/MIR	543	+	81	47481932	48259
chr7	96292171	96492171	harbor1	chr7	96300313	96300480	SINE/MIR	527	+	84	96300397	8226
chr7	96292171	96492171	harbor1	chr7	96312125	96312406	SINE/MIR	842	+	140	96312265	20094
chr7	96292171	96492171	harbor1	chr7	96316525	96316757	SINE/MIR	777	+	116	96316641	24470
chr7	96292171	96492171	harbor1	chr7	96316872	96316963	SINE/MIR	458	+	46	96316918	24747
chr7	96292171	96492171	harbor1	chr7	96317267	96317399	SINE/MIR	458	+	66	96317333	25162
chr7	96292171	96492171	harbor1	chr7	96329843	96330034	SINE/MIR	554	+	96	96329939	37768
chr7	96292171	96492171	harbor1	chr7	96356889	96357054	SINE/MIR	453	+	82	96356971	64800
chr7	24450005	24650005	harbor1	chr7	24513935	24514071	SINE/MIR	739	+	68	24514003	63998
chr7	154685715	154885715	harbor1	chr7	154699894	154700124	SINE/MIR	475	+	115	154700009	14294
chr7	154685715	154885715	harbor1	chr7	154721201	154721479	SINE/MIR	561	+	139	154721340	35625
chr7	154685715	154885715	harbor1	chr7	154734705	154734944	SINE/MIR	723	+	120	154734825	49110
chr7	154685715	154885715	harbor1	chr7	154747368	154747612	SINE/MIR	639	+	122	154747490	61775
chr7	154685715	154885715	harbor1	chr7	154750951	154751108	SINE/MIR	490	+	78	154751029	65314
chr7	154685715	154885715	harbor1	chr7	154755431	154755618	SINE/MIR	670	+	94	154755525	69810
chr7	154685715	154885715	harbor1	chr7	154775139	154775313	SINE/MIR	571	+	87	154775226	89511
chr7	96132442	96332442	harbor1	chr7	96171005	96171149	SINE/MIR	553	+	72	96171077	38635
chr7	96132442	96332442	harbor1	chr7	96177436	96177702	SINE/MIR	1037	+	133	96177569	45127
chr7	64026064	64226064	harbor1	chr7	64093050	64093217	SINE/MIR	639	+	84	64093134	67070
chr7	131533257	131733257	harbor1	chr7	131557547	131557778	SINE/MIR	729	+	116	131557663	24406
chr7	131533257	131733257	harbor1	chr7	131624929	131625006	SINE/MIR	507	+	38	131624967	91710
chr7	131533257	131733257	harbor1	chr7	131625306	131625389	SINE/MIR	507	+	42	131625348	92091
chr7	131533257	131733257	harbor1	chr7	131626497	131626711	SINE/MIR	539	+	107	131626604	93347
chr7	113236368	113436368	harbor1	chr7	113311956	113312216	SINE/MIR	659	+	130	113312086	75718
chr7	113236368	113436368	harbor1	chr7	113325586	113325787	SINE/MIR	569	+	100	113325686	89318
chr7	122566879	122766879	harbor1	chr7	122627077	122627303	SINE/MIR	550	+	113	122627190	60311
chr7	138885883	139085883	harbor1	chr7	138964375	138964557	SINE/MIR	765	+	91	138964466	78583
chr7	138885883	139085883	harbor1	chr7	138979439	138979574	SINE/MIR	459	+	68	138979507	93624
chr7	561737	761737	harbor1	chr7	635750	635892	SINE/MIR	496	+	71	635821	74084
chr7	561737	761737	harbor1	chr7	642859	643069	SINE/MIR	448	+	105	642964	81227
chr7	50832760	51032760	harbor1	chr7	50838494	50838727	SINE/MIR	524	+	116	50838610	5850
chr7	50832760	51032760	harbor1	chr7	50862030	50862206	SINE/MIR	514	+	88	50862118	29358
chr7	50832760	51032760	harbor1	chr7	50913991	50914140	SINE/MIR	467	+	74	50914065	81305
chr7	114981682	115181682	harbor1	chr7	114985049	114985298	SINE/MIR	908	+	124	114985173	3491
chr7	114981682	115181682	harbor1	chr7	115003883	115004029	SINE/MIR	588	+	73	115003956	22274
chr7	114981682	115181682	harbor1	chr7	115004093	115004272	SINE/MIR	492	+	90	115004183	22501
chr7	114981682	115181682	harbor1	chr7	115011108	115011341	SINE/MIR	813	+	116	115011224	29542
chr7	114981682	115181682	harbor1	chr7	115038700	115038936	SINE/MIR	581	+	118	115038818	57136
chr7	114981682	115181682	harbor1	chr7	115039248	115039285	SINE/MIR	482	+	18	115039266	57584
chr7	141415075	141615075	harbor1	chr7	141424931	141425170	SINE/MIR	589	+	120	141425051	9976
chr7	141415075	141615075	harbor1	chr7	141446670	141446856	SINE/MIR	505	+	93	141446763	31688
chr7	141415075	141615075	harbor1	chr7	141451203	141451359	SINE/MIR	493	+	78	141451281	36206
chr7	141415075	141615075	harbor1	chr7	141455541	141455708	SINE/MIR	648	+	84	141455625	40550
chr7	141415075	141615075	harbor1	chr7	141468440	141468644	SINE/MIR	900	+	102	141468542	53467
chr7	141415075	141615075	harbor1	chr7	141469286	141469317	SINE/MIR	900	+	16	141469302	54227
chr7	141415075	141615075	harbor1	chr7	141485297	141485553	SINE/MIR	866	+	128	141485425	70350
chr7	11177442	11377442	harbor1	chr7	11178740	11178866	SINE/MIR	543	+	63	11178803	1361
chr7	11177442	11377442	harbor1	chr7	11204058	11204235	SINE/MIR	513	+	88	11204146	26704
chr7	11177442	11377442	harbor1	chr7	11204643	11204757	SINE/MIR	453	+	57	11204700	27258
chr7	11177442	11377442	harbor1	chr7	11225771	11225966	SINE/MIR	674	+	98	11225869	48427
chr7	11177442	11377442	harbor1	chr7	11249905	11250145	SINE/MIR	947	+	120	11250025	72583
chr7	11257789	11457789	harbor1	chr7	11316390	11316584	SINE/MIR	449	+	97	11316487	58698
chr7	31049012	31249012	harbor1	chr7	31058806	31059046	SINE/MIR	999	+	120	31058926	9914
chr7	31049012	31249012	harbor1	chr7	31064345	31064569	SINE/MIR	669	+	112	31064457	15445
chr7	31049012	31249012	harbor1	chr7	31064052	31064203	SINE/MIR	462	+	76	31064128	15116
chr7	110399715	110599715	harbor1	chr7	110400522	110400758	SINE/MIR	685	+	118	110400640	925
chr7	110399715	110599715	harbor1	chr7	110444052	110444269	SINE/MIR	778	+	108	110444160	44445
chr7	110399715	110599715	harbor1	chr7	110486660	110486890	SINE/MIR	490	+	115	110486775	87060
chr7	13933401	14133401	harbor1	chr7	13951297	13951503	SINE/MIR	775	+	103	13951400	17999
chr7	13933401	14133401	harbor1	chr7	13958654	13958891	SINE/MIR	665	+	118	13958772	25371
chr7	13933401	14133401	harbor1	chr7	13998611	13998808	SINE/MIR	523	+	98	13998709	65308
chr7	79022695	79222695	harbor1	chr7	79058780	79059016	SINE/MIR	487	+	118	79058898	36203
chr7	121938527	122138527	harbor1	chr7	121940542	121940688	SINE/MIR	507	+	73	121940615	2088
chr7	121938527	122138527	harbor1	chr7	121971471	121971719	SINE/MIR	817	+	124	121971595	33068
chr7	121938527	122138527	harbor1	chr7	121973433	121973618	SINE/MIR	469	+	92	121973525	34998
chr7	121938527	122138527	harbor1	chr7	121991008	121991218	SINE/MIR	610	+	105	121991113	52586
chr7	121938527	122138527	harbor1	chr7	122037687	122037862	SINE/MIR	556	+	88	122037775	99248
chr8	137967819	138167819	harbor1	chr8	138032081	138032254	SINE/MIR	578	+	86	138032167	64348
chr8	137967819	138167819	harbor1	chr8	138051606	138051782	SINE/MIR	434	+	88	138051694	83875
chr8	85385352	85585352	harbor1	chr8	85387032	85387234	SINE/MIR	479	+	101	85387133	1781
chr8	85385352	85585352	harbor1	chr8	85403502	85403694	SINE/MIR	494	+	96	85403598	18246
chr8	85385352	85585352	harbor1	chr8	85452067	85452254	SINE/MIR	530	+	94	85452161	66809
chr8	85385352	85585352	harbor1	chr8	85467241	85467484	SINE/MIR	696	+	122	85467363	82011
chr8	118770668	118970668	harbor1	chr8	118780840	118781085	SINE/MIR	686	+	122	118780962	10294
chr8	118770668	118970668	harbor1	chr8	118791054	118791230	SINE/MIR	433	+	88	118791142	20474
chr8	118770668	118970668	harbor1	chr8	118796333	118796531	SINE/MIR	490	+	99	118796432	25764
chr8	118770668	118970668	harbor1	chr8	118808519	118808720	SINE/MIR	514	+	100	118808619	37951
chr8	118770668	118970668	harbor1	chr8	118864753	118864959	SINE/MIR	706	+	103	118864856	94188
chr8	23198604	23398604	harbor1	chr8	23248477	23248703	SINE/MIR	685	+	113	23248590	49986
chr8	23198604	23398604	harbor1	chr8	23248906	23249101	SINE/MIR	414	+	98	23249004	50400
chr8	23198604	23398604	harbor1	chr8	23274127	23274325	SINE/MIR	411	+	99	23274226	75622
chr8	23198604	23398604	harbor1	chr8	23290617	23290789	SINE/MIR	423	+	86	23290703	92099
chr8	61597659	61797659	harbor1	chr8	61629838	61630059	SINE/MIR	810	+	110	61629948	32289
chr8	61597659	61797659	harbor1	chr8	61637244	61637432	SINE/MIR	505	+	94	61637338	39679
chr8	61597659	61797659	harbor1	chr8	61648005	61648207	SINE/MIR	594	+	101	61648106	50447
chr8	81524994	81724994	harbor1	chr8	81526406	81526561	SINE/MIR	456	+	78	81526484	1490
chr8	81524994	81724994	harbor1	chr8	81602755	81602926	SINE/MIR	448	+	86	81602841	77847
chr8	81524994	81724994	harbor1	chr8	81609018	81609088	SINE/MIR	397	+	35	81609053	84059
chr8	81524994	81724994	harbor1	chr8	81609389	81609546	SINE/MIR	397	+	78	81609467	84473
chr8	81524994	81724994	harbor1	chr8	81610199	81610365	SINE/MIR	436	+	83	81610282	85288
chr8	21177035	21377035	harbor1	chr8	21178087	21178226	SINE/MIR	505	+	70	21178157	1122
chr8	21177035	21377035	harbor1	chr8	21182721	21182819	SINE/MIR	458	+	49	21182770	5735
chr8	21177035	21377035	harbor1	chr8	21183530	21183716	SINE/MIR	431	+	93	21183623	6588
chr8	21177035	21377035	harbor1	chr8	21184777	21184961	SINE/MIR	711	+	92	21184869	7834
chr8	21177035	21377035	harbor1	chr8	21198674	21198877	SINE/MIR	564	+	102	21198776	21741
chr8	21177035	21377035	harbor1	chr8	21202372	21202605	SINE/MIR	717	+	116	21202488	25453
chr8	21177035	21377035	harbor1	chr8	21226603	21226802	SINE/MIR	778	+	100	21226703	49668
chr8	21177035	21377035	harbor1	chr8	21231138	21231376	SINE/MIR	479	+	119	21231257	54222
chr8	21177035	21377035	harbor1	chr8	21234282	21234483	SINE/MIR	553	+	100	21234382	57347
chr8	21177035	21377035	harbor1	chr8	21238049	21238188	SINE/MIR	507	+	70	21238119	61084
chr8	21177035	21377035	harbor1	chr8	21265461	21265641	SINE/MIR	490	+	90	21265551	88516
chr8	21177035	21377035	harbor1	chr8	21274089	21274308	SINE/MIR	566	+	110	21274199	97164
chr8	128040241	128240241	harbor1	chr8	128048612	128048781	SINE/MIR	665	+	84	128048696	8455
chr8	128040241	128240241	harbor1	chr8	128049769	128049858	SINE/MIR	391	+	44	128049813	9572
chr8	128040241	128240241	harbor1	chr8	128050588	128050742	SINE/MIR	516	+	77	128050665	10424
chr8	128040241	128240241	harbor1	chr8	128055298	128055514	SINE/MIR	595	+	108	128055406	15165
chr8	128040241	128240241	harbor1	chr8	128056087	128056273	SINE/MIR	669	+	93	128056180	15939
chr8	128040241	128240241	harbor1	chr8	128071877	128072040	SINE/MIR	484	+	82	128071959	31718
chr8	128040241	128240241	harbor1	chr8	128083032	128083286	SINE/MIR	596	+	127	128083159	42918
chr8	128040241	128240241	harbor1	chr8	128090912	128091126	SINE/MIR	544	+	107	128091019	50778
chr8	128040241	128240241	harbor1	chr8	128098546	128098691	SINE/MIR	426	+	72	128098618	58377
chr8	128040241	128240241	harbor1	chr8	128104869	128105034	SINE/MIR	415	+	82	128104951	64710
chr8	128040241	128240241	harbor1	chr8	128112738	128112910	SINE/MIR	538	+	86	128112824	72583
chr8	128040241	128240241	harbor1	chr8	128122322	128122519	SINE/MIR	524	+	98	128122420	82179
chr8	128040241	128240241	harbor1	chr8	128133002	128133151	SINE/MIR	417	+	74	128133076	92835
chr8	58390169	58590169	harbor1	chr8	58404668	58404874	SINE/MIR	615	+	103	58404771	14602
chr8	58390169	58590169	harbor1	chr8	58412662	58412850	SINE/MIR	442	+	94	58412756	22587
chr8	58390169	58590169	harbor1	chr8	58477403	58477631	SINE/MIR	571	+	114	58477517	87348
chr8	58390169	58590169	harbor1	chr8	58488259	58488473	SINE/MIR	594	+	107	58488366	98197
chr8	54940266	55140266	harbor1	chr8	54958719	54958908	SINE/MIR	459	+	94	54958813	18547
chr8	54940266	55140266	harbor1	chr8	54959294	54959312	SINE/MIR	459	+	9	54959303	19037
chr8	54940266	55140266	harbor1	chr8	54974263	54974489	SINE/MIR	447	+	113	54974376	34110
chr8	54940266	55140266	harbor1	chr8	55014216	55014460	SINE/MIR	496	+	122	55014338	74072
chr8	54940266	55140266	harbor1	chr8	55014513	55014636	SINE/MIR	413	+	62	55014575	74309
chr8	142056466	142256466	harbor1	chr8	142063945	142064112	SINE/MIR	554	+	84	142064029	7563
chr8	142056466	142256466	harbor1	chr8	142090652	142090878	SINE/MIR	603	+	113	142090765	34299
chr8	142056466	142256466	harbor1	chr8	142099905	142100062	SINE/MIR	416	+	78	142099983	43517
chr8	81327795	81527795	harbor1	chr8	81361900	81362130	SINE/MIR	722	+	115	81362015	34220
chr8	81327795	81527795	harbor1	chr8	81368039	81368112	SINE/MIR	524	+	36	81368075	40280
chr8	81327795	81527795	harbor1	chr8	81368417	81368565	SINE/MIR	524	+	74	81368491	40696
chr8	81327795	81527795	harbor1	chr8	81369089	81369298	SINE/MIR	737	+	104	81369193	41398
chr8	81327795	81527795	harbor1	chr8	81380175	81380380	SINE/MIR	583	+	102	81380277	52482
chr8	81327795	81527795	harbor1	chr8	81408693	81408837	SINE/MIR	479	+	72	81408765	80970
chr8	81327795	81527795	harbor1	chr8	81417830	81418067	SINE/MIR	744	+	118	81417948	90153
chr8	98789680	98989680	harbor1	chr8	98863306	98863574	SINE/MIR	738	+	134	98863440	73760
chr8	98789680	98989680	harbor1	chr8	98867644	98867894	SINE/MIR	977	+	125	98867769	78089
chr8	103204177	103404177	harbor1	chr8	103239133	103239343	SINE/MIR	592	+	105	103239238	35061
chr8	103204177	103404177	harbor1	chr8	103242655	103242801	SINE/MIR	613	+	73	103242728	38551
chr8	103204177	103404177	harbor1	chr8	103247440	103247589	SINE/MIR	644	+	74	103247514	43337
chr8	103204177	103404177	harbor1	chr8	103247960	103248052	SINE/MIR	644	+	46	103248006	43829
chr8	103204177	103404177	harbor1	chr8	103249892	103250059	SINE/MIR	474	+	84	103249976	45799
chr8	103204177	103404177	harbor1	chr8	103264534	103264649	SINE/MIR	410	+	58	103264592	60415
chr8	103204177	103404177	harbor1	chr8	103268737	103268957	SINE/MIR	537	+	110	103268847	64670
chr8	103204177	103404177	harbor1	chr8	103277939	103278138	SINE/MIR	630	+	100	103278039	73862
chr8	100269421	100469421	harbor1	chr8	100297913	100298129	SINE/MIR	614	+	108	100298021	28600
chr8	100269421	100469421	harbor1	chr8	100320639	100320769	SINE/MIR	668	+	65	100320704	51283
chr8	100269421	100469421	harbor1	chr8	100323165	100323182	SINE/MIR	668	+	8	100323173	53752
chr8	100269421	100469421	harbor1	chr8	100362521	100362739	SINE/MIR	769	+	109	100362630	93209
chr8	50117492	50317492	harbor1	chr8	50120011	50120256	SINE/MIR	556	+	122	50120133	2641
chr8	73742143	73942143	harbor1	chr8	73821154	73821325	SINE/MIR	484	+	86	73821240	79097
chr8	37467762	37667762	harbor1	chr8	37480977	37481093	SINE/MIR	408	+	58	37481035	13273
chr8	37467762	37667762	harbor1	chr8	37508808	37508944	SINE/MIR	483	+	68	37508876	41114
chr8	37467762	37667762	harbor1	chr8	37515782	37515960	SINE/MIR	496	+	89	37515871	48109
chr8	37467762	37667762	harbor1	chr8	37527817	37528019	SINE/MIR	555	+	101	37527918	60156
chr8	37467762	37667762	harbor1	chr8	37532075	37532280	SINE/MIR	528	+	102	37532177	64415
chr8	37467762	37667762	harbor1	chr8	37536362	37536574	SINE/MIR	526	+	106	37536468	68706
chr8	37467762	37667762	harbor1	chr8	37554856	37555005	SINE/MIR	587	+	74	37554930	87168
chr8	37467762	37667762	harbor1	chr8	37556996	37557178	SINE/MIR	536	+	91	37557087	89325
chr8	37467762	37667762	harbor1	chr8	37557779	37557997	SINE/MIR	651	+	109	37557888	90126
chr8	37467762	37667762	harbor1	chr8	37559031	37559229	SINE/MIR	503	+	99	37559130	91368
chr8	11579269	11779269	harbor1	chr8	11580262	11580441	SINE/MIR	397	+	90	11580352	1083
chr8	11579269	11779269	harbor1	chr8	11591364	11591525	SINE/MIR	447	+	80	11591444	12175
chr8	11579269	11779269	harbor1	chr8	11606654	11606860	SINE/MIR	714	+	103	11606757	27488
chr8	11579269	11779269	harbor1	chr8	11612556	11612773	SINE/MIR	553	+	108	11612664	33395
chr8	11579269	11779269	harbor1	chr8	11627568	11627739	SINE/MIR	515	+	86	11627654	48385
chr8	48423010	48623010	harbor1	chr8	48436393	48436615	SINE/MIR	407	+	111	48436504	13494
chr8	48423010	48623010	harbor1	chr8	48471295	48471432	SINE/MIR	477	+	68	48471363	48353
chr8	48423010	48623010	harbor1	chr8	48517854	48517923	SINE/MIR	457	+	34	48517888	94878
chr8	48423010	48623010	harbor1	chr8	48518279	48518370	SINE/MIR	457	+	46	48518325	95315
chr8	141309044	141509044	harbor1	chr8	141314205	141314387	SINE/MIR	398	+	91	141314296	5252
chr8	141309044	141509044	harbor1	chr8	141332524	141332713	SINE/MIR	533	+	94	141332618	23574
chr8	141309044	141509044	harbor1	chr8	141355252	141355365	SINE/MIR	400	+	56	141355308	46264
chr8	141309044	141509044	harbor1	chr8	141379177	141379319	SINE/MIR	440	+	71	141379248	70204
chr8	141309044	141509044	harbor1	chr8	141380592	141380812	SINE/MIR	645	+	110	141380702	71658
chr8	10170685	10370685	harbor1	chr8	10223916	10224160	SINE/MIR	469	+	122	10224038	53353
chr8	10170685	10370685	harbor1	chr8	10228626	10228869	SINE/MIR	549	+	122	10228748	58063
chr8	106900940	107100940	harbor1	chr8	106979107	106979245	SINE/MIR	429	+	69	106979176	78236
chr8	35542346	35742346	harbor1	chr8	35544008	35544204	SINE/MIR	404	+	98	35544106	1760
chr8	35542346	35742346	harbor1	chr8	35570253	35570468	SINE/MIR	493	+	108	35570361	28015
chr8	35542346	35742346	harbor1	chr8	35622420	35622640	SINE/MIR	411	+	110	35622530	80184
chr8	55565230	55765230	harbor1	chr8	55590154	55590305	SINE/MIR	552	+	76	55590230	25000
chr8	55565230	55765230	harbor1	chr8	55592970	55593142	SINE/MIR	459	+	86	55593056	27826
chr8	55565230	55765230	harbor1	chr8	55633054	55633263	SINE/MIR	415	+	104	55633158	67928
chr8	55565230	55765230	harbor1	chr8	55636281	55636438	SINE/MIR	395	+	78	55636359	71129
chr8	55565230	55765230	harbor1	chr8	55662937	55663104	SINE/MIR	550	+	84	55663021	97791
chr8	11392644	11592644	harbor1	chr8	11435640	11435786	SINE/MIR	458	+	73	11435713	43069
chr8	11392644	11592644	harbor1	chr8	11437141	11437382	SINE/MIR	648	+	120	11437261	44617
chr8	11392644	11592644	harbor1	chr8	11439066	11439251	SINE/MIR	446	+	92	11439158	46514
chr8	11392644	11592644	harbor1	chr8	11441640	11441779	SINE/MIR	442	+	70	11441710	49066
chr8	11392644	11592644	harbor1	chr8	11447717	11447837	SINE/MIR	491	+	60	11447777	55133
chr8	11392644	11592644	harbor1	chr8	11448301	11448395	SINE/MIR	491	+	47	11448348	55704
chr8	11392644	11592644	harbor1	chr8	11462222	11462420	SINE/MIR	443	+	99	11462321	69677
chr8	11392644	11592644	harbor1	chr8	11471493	11471685	SINE/MIR	454	+	96	11471589	78945
chr8	11392644	11592644	harbor1	chr8	11473603	11473847	SINE/MIR	528	+	122	11473725	81081
chr8	11392644	11592644	harbor1	chr8	11481365	11481535	SINE/MIR	399	+	85	11481450	88806
chr8	11392644	11592644	harbor1	chr8	11483731	11483947	SINE/MIR	519	+	108	11483839	91195
chr8	113848735	114048735	harbor1	chr8	113866272	113866493	SINE/MIR	390	+	110	113866382	17647
chr8	113848735	114048735	harbor1	chr8	113895712	113895810	SINE/MIR	408	+	49	113895761	47026
chr8	123967728	124167728	harbor1	chr8	123973768	123973993	SINE/MIR	1028	+	112	123973880	6152
chr8	123967728	124167728	harbor1	chr8	123981769	123981893	SINE/MIR	412	+	62	123981831	14103
chr8	123967728	124167728	harbor1	chr8	123985145	123985301	SINE/MIR	427	+	78	123985223	17495
chr8	123967728	124167728	harbor1	chr8	124020632	124020855	SINE/MIR	537	+	112	124020744	53016
chr8	123967728	124167728	harbor1	chr8	124026764	124026823	SINE/MIR	394	+	30	124026794	59066
chr8	123967728	124167728	harbor1	chr8	124027260	124027450	SINE/MIR	394	+	95	124027355	59627
chr8	123967728	124167728	harbor1	chr8	124041792	124041958	SINE/MIR	612	+	83	124041875	74147
chr8	123967728	124167728	harbor1	chr8	124045261	124045467	SINE/MIR	584	+	103	124045364	77636
chr8	123967728	124167728	harbor1	chr8	124047201	124047425	SINE/MIR	577	+	112	124047313	79585
chr8	123967728	124167728	harbor1	chr8	124064647	124064784	SINE/MIR	415	+	68	124064715	96987
chr8	104945182	105145182	harbor1	chr8	104949064	104949282	SINE/MIR	490	+	109	104949173	3991
chr8	104945182	105145182	harbor1	chr8	104965554	104965810	SINE/MIR	630	+	128	104965682	20500
chr8	104945182	105145182	harbor1	chr8	104968232	104968373	SINE/MIR	414	+	70	104968302	23120
chr8	104945182	105145182	harbor1	chr8	104980735	104980962	SINE/MIR	785	+	114	104980849	35667
chr8	104945182	105145182	harbor1	chr8	104988528	104988656	SINE/MIR	525	+	64	104988592	43410
chr8	104945182	105145182	harbor1	chr8	105007620	105007796	SINE/MIR	398	+	88	105007708	62526
chr8	104945182	105145182	harbor1	chr8	105018511	105018668	SINE/MIR	409	+	78	105018589	73407
chr8	134315803	134515803	harbor1	chr8	134330517	134330724	SINE/MIR	456	+	104	134330621	14818
chr8	134315803	134515803	harbor1	chr8	134340217	134340427	SINE/MIR	565	+	105	134340322	24519
chr8	134315803	134515803	harbor1	chr8	134379701	134379876	SINE/MIR	579	+	88	134379789	63986
chr8	134315803	134515803	harbor1	chr8	134383927	134384168	SINE/MIR	766	+	120	134384047	68244
chr8	134315803	134515803	harbor1	chr8	134395483	134395679	SINE/MIR	435	+	98	134395581	79778
chr8	134315803	134515803	harbor1	chr8	134413176	134413421	SINE/MIR	879	+	122	134413298	97495
chr8	95963894	96163894	harbor1	chr8	95967838	95967971	SINE/MIR	438	+	66	95967904	4010
chr8	95963894	96163894	harbor1	chr8	95977606	95977792	SINE/MIR	412	+	93	95977699	13805
chr8	95963894	96163894	harbor1	chr8	96003539	96003651	SINE/MIR	400	+	56	96003595	39701
chr8	95963894	96163894	harbor1	chr8	96011539	96011678	SINE/MIR	525	+	70	96011609	47715
chr8	95963894	96163894	harbor1	chr8	96041081	96041199	SINE/MIR	457	+	59	96041140	77246
chr8	58927460	59127460	harbor1	chr8	58948984	58949210	SINE/MIR	644	+	113	58949097	21637
chr8	58927460	59127460	harbor1	chr8	58979720	58979940	SINE/MIR	699	+	110	58979830	52370
chr8	58927460	59127460	harbor1	chr8	59004609	59004808	SINE/MIR	435	+	100	59004709	77249
chr8	58927460	59127460	harbor1	chr8	59010556	59010741	SINE/MIR	470	+	92	59010648	83188
chr8	58927460	59127460	harbor1	chr8	59023663	59023785	SINE/MIR	401	+	61	59023724	96264
chr8	11806412	12006412	harbor1	chr8	11809961	11810174	SINE/MIR	904	+	106	11810067	3655
chr8	11806412	12006412	harbor1	chr8	11810421	11810574	SINE/MIR	463	+	76	11810497	4085
chr8	11806412	12006412	harbor1	chr8	11824613	11824727	SINE/MIR	538	+	57	11824670	18258
chr8	11806412	12006412	harbor1	chr8	11825034	11825071	SINE/MIR	538	+	18	11825052	18640
chr8	11806412	12006412	harbor1	chr8	11838180	11838359	SINE/MIR	472	+	90	11838270	31858
chr8	11806412	12006412	harbor1	chr8	11857934	11858159	SINE/MIR	574	+	112	11858046	51634
chr8	15069056	15269056	harbor1	chr8	15086985	15087171	SINE/MIR	399	+	93	15087078	18022
chr8	15069056	15269056	harbor1	chr8	15117464	15117704	SINE/MIR	576	+	120	15117584	48528
chr8	76016316	76216316	harbor1	chr8	76018780	76018959	SINE/MIR	391	+	90	76018870	2554
chr8	70895821	71095821	harbor1	chr8	70917711	70917982	SINE/MIR	579	+	136	70917847	22026
chr8	70895821	71095821	harbor1	chr8	70919094	70919343	SINE/MIR	617	+	124	70919218	23397
chr8	70895821	71095821	harbor1	chr8	70940358	70940586	SINE/MIR	780	+	114	70940472	44651
chr8	70895821	71095821	harbor1	chr8	70958767	70958920	SINE/MIR	497	+	76	70958843	63022
chr8	70895821	71095821	harbor1	chr8	70990019	70990228	SINE/MIR	441	+	104	70990123	94302
chr8	70895821	71095821	harbor1	chr8	70942625	70942836	SINE/MIR	485	+	106	70942731	46910
chr8	3765528	3965528	harbor1	chr8	3783905	3784115	SINE/MIR	598	+	105	3784010	18482
chr8	3765528	3965528	harbor1	chr8	3785066	3785273	SINE/MIR	552	+	104	3785170	19642
chr8	117704130	117904130	harbor1	chr8	117733602	117733768	SINE/MIR	623	+	83	117733685	29555
chr8	117704130	117904130	harbor1	chr8	117740694	117740805	SINE/MIR	483	+	56	117740750	36620
chr8	117704130	117904130	harbor1	chr8	117743768	117743955	SINE/MIR	634	+	94	117743862	39732
chr8	117704130	117904130	harbor1	chr8	117748046	117748299	SINE/MIR	852	+	126	117748172	44042
chr8	117704130	117904130	harbor1	chr8	117754983	117755205	SINE/MIR	477	+	111	117755094	50964
chr8	117704130	117904130	harbor1	chr8	117803586	117803782	SINE/MIR	402	+	98	117803684	99554
chr8	3381091	3581091	harbor1	chr8	3475497	3475644	SINE/MIR	405	+	74	3475571	94480
chr8	90770215	90970215	harbor1	chr8	90780658	90780775	SINE/MIR	446	+	58	90780716	10501
chr8	90770215	90970215	harbor1	chr8	90806597	90806861	SINE/MIR	866	+	132	90806729	36514
chr8	90770215	90970215	harbor1	chr8	90808380	90808606	SINE/MIR	680	+	113	90808493	38278
chr8	32405275	32605275	harbor1	chr8	32406074	32406245	SINE/MIR	460	+	86	32406160	885
chr8	32405275	32605275	harbor1	chr8	32406252	32406473	SINE/MIR	786	+	110	32406362	1087
chr8	32405275	32605275	harbor1	chr8	32416034	32416247	SINE/MIR	462	+	106	32416140	10865
chr8	32405275	32605275	harbor1	chr8	32481543	32481756	SINE/MIR	658	+	106	32481649	76374
chr8	58521591	58721591	harbor1	chr8	58552492	58552619	SINE/MIR	394	+	64	58552556	30965
chr8	58521591	58721591	harbor1	chr8	58606696	58606924	SINE/MIR	585	+	114	58606810	85219
chr8	51485876	51685876	harbor1	chr8	51527872	51527997	SINE/MIR	498	+	62	51527934	42058
chr8	90115395	90315395	harbor1	chr8	90147445	90147687	SINE/MIR	610	+	121	90147566	32171
chr8	90115395	90315395	harbor1	chr8	90161482	90161662	SINE/MIR	393	+	90	90161572	46177
chr8	90115395	90315395	harbor1	chr8	90169243	90169464	SINE/MIR	578	+	110	90169353	53958
chr8	90115395	90315395	harbor1	chr8	90183442	90183644	SINE/MIR	464	+	101	90183543	68148
chr8	90115395	90315395	harbor1	chr8	90189049	90189220	SINE/MIR	449	+	86	90189135	73740
chr8	90115395	90315395	harbor1	chr8	90192272	90192476	SINE/MIR	800	+	102	90192374	76979
chr8	90115395	90315395	harbor1	chr8	90212511	90212670	SINE/MIR	470	+	80	90212591	97196
chr8	90115395	90315395	harbor1	chr8	90212862	90213066	SINE/MIR	661	+	102	90212964	97569
chr8	48267773	48467773	harbor1	chr8	48304859	48305057	SINE/MIR	709	+	99	48304958	37185
chr8	134597448	134797448	harbor1	chr8	134628705	134628913	SINE/MIR	803	+	104	134628809	31361
chr8	134597448	134797448	harbor1	chr8	134633155	134633343	SINE/MIR	691	+	94	134633249	35801
chr8	134597448	134797448	harbor1	chr8	134633607	134633762	SINE/MIR	608	+	78	134633685	36237
chr8	134597448	134797448	harbor1	chr8	134634076	134634192	SINE/MIR	608	+	58	134634134	36686
chr8	131114305	131314305	harbor1	chr8	131139805	131139973	SINE/MIR	390	+	84	131139889	25584
chr8	131114305	131314305	harbor1	chr8	131163707	131163906	SINE/MIR	514	+	100	131163807	49502
chr8	131114305	131314305	harbor1	chr8	131189561	131189763	SINE/MIR	599	+	101	131189662	75357
chr8	131114305	131314305	harbor1	chr8	131211404	131211606	SINE/MIR	592	+	101	131211505	97200
chr8	67057064	67257064	harbor1	chr8	67059810	67060042	SINE/MIR	639	+	116	67059926	2862
chr8	67057064	67257064	harbor1	chr8	67128808	67129007	SINE/MIR	740	+	100	67128908	71844
chr8	136524334	136724334	harbor1	chr8	136591132	136591402	SINE/MIR	746	+	135	136591267	66933
chr8	136524334	136724334	harbor1	chr8	136618659	136618848	SINE/MIR	410	+	94	136618753	94419
chr8	136524334	136724334	harbor1	chr8	136619214	136619246	SINE/MIR	410	+	16	136619230	94896
chr8	87036681	87236681	harbor1	chr8	87074952	87075126	SINE/MIR	544	+	87	87075039	38358
chr8	131790789	131990789	harbor1	chr8	131800536	131800761	SINE/MIR	731	+	112	131800648	9859
chr8	131790789	131990789	harbor1	chr8	131803826	131804076	SINE/MIR	513	+	125	131803951	13162
chr8	131790789	131990789	harbor1	chr8	131827788	131828021	SINE/MIR	726	+	116	131827904	37115
chr8	131790789	131990789	harbor1	chr8	131835764	131836023	SINE/MIR	485	+	130	131835894	45105
chr8	131790789	131990789	harbor1	chr8	131857649	131857889	SINE/MIR	707	+	120	131857769	66980
chr8	131790789	131990789	harbor1	chr8	131860211	131860442	SINE/MIR	444	+	116	131860327	69538
chr8	131790789	131990789	harbor1	chr8	131869112	131869350	SINE/MIR	558	+	119	131869231	78442
chr8	131790789	131990789	harbor1	chr8	131884430	131884625	SINE/MIR	488	+	98	131884528	93739
chr8	131790789	131990789	harbor1	chr8	131886654	131886860	SINE/MIR	582	+	103	131886757	95968
chr8	107858652	108058652	harbor1	chr8	107911396	107911622	SINE/MIR	577	+	113	107911509	52857
chr8	37455127	37655127	harbor1	chr8	37458770	37458908	SINE/MIR	469	+	69	37458839	3712
chr8	37455127	37655127	harbor1	chr8	37460084	37460275	SINE/MIR	460	+	96	37460180	5053
chr8	37455127	37655127	harbor1	chr8	37480977	37481093	SINE/MIR	408	+	58	37481035	25908
chr8	37455127	37655127	harbor1	chr8	37508808	37508944	SINE/MIR	483	+	68	37508876	53749
chr8	37455127	37655127	harbor1	chr8	37515782	37515960	SINE/MIR	496	+	89	37515871	60744
chr8	37455127	37655127	harbor1	chr8	37527817	37528019	SINE/MIR	555	+	101	37527918	72791
chr8	37455127	37655127	harbor1	chr8	37532075	37532280	SINE/MIR	528	+	102	37532177	77050
chr8	37455127	37655127	harbor1	chr8	37536362	37536574	SINE/MIR	526	+	106	37536468	81341
chr8	37455127	37655127	harbor1	chr8	37554856	37555005	SINE/MIR	587	+	74	37554930	99803
chr8	115522799	115722799	harbor1	chr8	115542583	115542822	SINE/MIR	560	+	120	115542703	19904
chr8	115522799	115722799	harbor1	chr8	115544156	115544338	SINE/MIR	443	+	91	115544247	21448
chr8	115522799	115722799	harbor1	chr8	115550300	115550515	SINE/MIR	654	+	108	115550408	27609
chr8	115522799	115722799	harbor1	chr8	115567967	115568092	SINE/MIR	407	+	62	115568029	45230
chr8	115522799	115722799	harbor1	chr8	115573151	115573392	SINE/MIR	790	+	120	115573271	50472
chr8	115522799	115722799	harbor1	chr8	115578967	115579149	SINE/MIR	663	+	91	115579058	56259
chr8	115522799	115722799	harbor1	chr8	115590642	115590829	SINE/MIR	451	+	94	115590736	67937
chr8	26423286	26623286	harbor1	chr8	26437855	26437994	SINE/MIR	638	+	70	26437925	14639
chr8	26423286	26623286	harbor1	chr8	26438541	26438654	SINE/MIR	638	+	56	26438597	15311
chr8	26423286	26623286	harbor1	chr8	26457299	26457494	SINE/MIR	677	+	98	26457397	34111
chr8	26423286	26623286	harbor1	chr8	26506086	26506320	SINE/MIR	477	+	117	26506203	82917
chr8	2070723	2270723	harbor1	chr8	2082919	2083121	SINE/MIR	405	+	101	2083020	12297
chr8	74216027	74416027	harbor1	chr8	74228653	74228839	SINE/MIR	689	+	93	74228746	12719
chr8	74216027	74416027	harbor1	chr8	74267997	74268177	SINE/MIR	496	+	90	74268087	52060
chr8	74216027	74416027	harbor1	chr8	74277551	74277789	SINE/MIR	800	+	119	74277670	61643
chr8	8556075	8756075	harbor1	chr8	8602904	8603058	SINE/MIR	430	+	77	8602981	46906
chr8	8556075	8756075	harbor1	chr8	8610607	8610844	SINE/MIR	742	+	118	8610725	54650
chr8	69917784	70117784	harbor1	chr8	69954270	69954490	SINE/MIR	405	+	110	69954380	36596
chr8	69917784	70117784	harbor1	chr8	70003884	70004019	SINE/MIR	479	+	68	70003952	86168
chr8	59798501	59998501	harbor1	chr8	59811808	59811975	SINE/MIR	552	+	84	59811892	13391
chr8	59798501	59998501	harbor1	chr8	59819856	59820044	SINE/MIR	415	+	94	59819950	21449
chr8	59798501	59998501	harbor1	chr8	59863903	59864147	SINE/MIR	411	+	122	59864025	65524
chr8	59798501	59998501	harbor1	chr8	59867583	59867809	SINE/MIR	426	+	113	59867696	69195
chr8	37247528	37447528	harbor1	chr8	37296558	37296787	SINE/MIR	523	+	114	37296672	49144
chr8	37247528	37447528	harbor1	chr8	37307911	37308096	SINE/MIR	791	+	92	37308003	60475
chr8	37247528	37447528	harbor1	chr8	37308485	37308516	SINE/MIR	791	+	16	37308501	60973
chr8	117779678	117979678	harbor1	chr8	117803586	117803782	SINE/MIR	402	+	98	117803684	24006
chr8	117779678	117979678	harbor1	chr8	117820242	117820408	SINE/MIR	786	+	83	117820325	40647
chr8	117779678	117979678	harbor1	chr8	117820713	117820775	SINE/MIR	786	+	31	117820744	41066
chr8	117779678	117979678	harbor1	chr8	117831132	117831373	SINE/MIR	468	+	120	117831252	51574
chr8	117779678	117979678	harbor1	chr8	117842149	117842370	SINE/MIR	541	+	110	117842259	62581
chr8	90269173	90469173	harbor1	chr8	90278303	90278532	SINE/MIR	628	+	114	90278417	9244
chr8	90269173	90469173	harbor1	chr8	90319797	90319970	SINE/MIR	495	+	86	90319883	50710
chr8	90269173	90469173	harbor1	chr8	90358752	90358968	SINE/MIR	518	+	108	90358860	89687
chr8	21352920	21552920	harbor1	chr8	21370577	21370729	SINE/MIR	524	+	76	21370653	17733
chr8	21352920	21552920	harbor1	chr8	21396982	21397159	SINE/MIR	782	+	88	21397070	44150
chr8	21352920	21552920	harbor1	chr8	21409608	21409841	SINE/MIR	529	+	116	21409724	56804
chr8	21352920	21552920	harbor1	chr8	21423810	21424042	SINE/MIR	512	+	116	21423926	71006
chr8	21352920	21552920	harbor1	chr8	21437938	21438075	SINE/MIR	635	+	68	21438006	85086
chr8	21352920	21552920	harbor1	chr8	21438384	21438465	SINE/MIR	635	+	40	21438424	85504
chr8	21352920	21552920	harbor1	chr8	21443379	21443550	SINE/MIR	415	+	86	21443465	90545
chr8	941440	1141440	harbor1	chr8	955910	956123	SINE/MIR	429	+	106	956016	14576
chr8	941440	1141440	harbor1	chr8	982117	982304	SINE/MIR	433	+	94	982211	40771
chr8	88910051	89110051	harbor1	chr8	88945302	88945477	SINE/MIR	426	+	88	88945390	35339
chr8	88910051	89110051	harbor1	chr8	88951239	88951491	SINE/MIR	433	+	126	88951365	41314
chr8	88910051	89110051	harbor1	chr8	88970769	88970997	SINE/MIR	504	+	114	88970883	60832
chr8	88910051	89110051	harbor1	chr8	88993809	88994027	SINE/MIR	562	+	109	88993918	83867
chr8	104722753	104922753	harbor1	chr8	104748693	104748855	SINE/MIR	564	+	81	104748774	26021
chr8	104722753	104922753	harbor1	chr8	104753439	104753698	SINE/MIR	401	+	130	104753569	30816
chr8	104722753	104922753	harbor1	chr8	104754777	104754977	SINE/MIR	427	+	100	104754877	32124
chr8	104722753	104922753	harbor1	chr8	104780679	104780919	SINE/MIR	932	+	120	104780799	58046
chr8	104722753	104922753	harbor1	chr8	104793522	104793732	SINE/MIR	418	+	105	104793627	70874
chr8	104722753	104922753	harbor1	chr8	104811425	104811652	SINE/MIR	640	+	114	104811539	88786
chr8	104722753	104922753	harbor1	chr8	104811660	104811814	SINE/MIR	502	+	77	104811737	88984
chr8	104722753	104922753	harbor1	chr8	104815698	104815931	SINE/MIR	689	+	116	104815814	93061
chr8	16111660	16311660	harbor1	chr8	16144571	16144764	SINE/MIR	426	+	96	16144667	33007
chr8	16111660	16311660	harbor1	chr8	16151821	16152073	SINE/MIR	956	+	126	16151947	40287
chr8	16111660	16311660	harbor1	chr8	16171764	16171984	SINE/MIR	748	+	110	16171874	60214
chr8	16111660	16311660	harbor1	chr8	16191271	16191508	SINE/MIR	539	+	118	16191389	79729
chr8	137850784	138050784	harbor1	chr8	137850960	137851177	SINE/MIR	439	+	108	137851068	284
chr8	137850784	138050784	harbor1	chr8	137854024	137854192	SINE/MIR	428	+	84	137854108	3324
chr8	137850784	138050784	harbor1	chr8	137933543	137933659	SINE/MIR	583	+	58	137933601	82817
chr8	137850784	138050784	harbor1	chr8	137936735	137936976	SINE/MIR	422	+	120	137936855	86071
chr8	82150746	82350746	harbor1	chr8	82227130	82227329	SINE/MIR	451	+	100	82227230	76484
chr8	123962967	124162967	harbor1	chr8	123973768	123973993	SINE/MIR	1028	+	112	123973880	10913
chr8	123962967	124162967	harbor1	chr8	123981769	123981893	SINE/MIR	412	+	62	123981831	18864
chr8	123962967	124162967	harbor1	chr8	123985145	123985301	SINE/MIR	427	+	78	123985223	22256
chr8	123962967	124162967	harbor1	chr8	124020632	124020855	SINE/MIR	537	+	112	124020744	57777
chr8	123962967	124162967	harbor1	chr8	124026764	124026823	SINE/MIR	394	+	30	124026794	63827
chr8	123962967	124162967	harbor1	chr8	124027260	124027450	SINE/MIR	394	+	95	124027355	64388
chr8	123962967	124162967	harbor1	chr8	124041792	124041958	SINE/MIR	612	+	83	124041875	78908
chr8	123962967	124162967	harbor1	chr8	124045261	124045467	SINE/MIR	584	+	103	124045364	82397
chr8	123962967	124162967	harbor1	chr8	124047201	124047425	SINE/MIR	577	+	112	124047313	84346
chr8	31111004	31311004	harbor1	chr8	31151046	31151209	SINE/MIR	422	+	82	31151128	40124
chr8	31111004	31311004	harbor1	chr8	31161093	31161278	SINE/MIR	653	+	92	31161185	50181
chr8	31111004	31311004	harbor1	chr8	31162818	31162866	SINE/MIR	653	+	24	31162842	51838
chr8	53614207	53814207	harbor1	chr8	53687669	53687839	SINE/MIR	466	+	85	53687754	73547
chr8	104614186	104814186	harbor1	chr8	104660274	104660481	SINE/MIR	431	+	104	104660378	46192
chr8	104614186	104814186	harbor1	chr8	104674050	104674240	SINE/MIR	529	+	95	104674145	59959
chr8	104614186	104814186	harbor1	chr8	104696926	104697159	SINE/MIR	636	+	116	104697042	82856
chr8	104614186	104814186	harbor1	chr8	104699377	104699595	SINE/MIR	427	+	109	104699486	85300
chr8	104614186	104814186	harbor1	chr8	104709799	104709962	SINE/MIR	437	+	82	104709881	95695
chr8	39205955	39405955	harbor1	chr8	39234498	39234673	SINE/MIR	598	+	88	39234586	28631
chr8	37447052	37647052	harbor1	chr8	37458770	37458908	SINE/MIR	469	+	69	37458839	11787
chr8	37447052	37647052	harbor1	chr8	37460084	37460275	SINE/MIR	460	+	96	37460180	13128
chr8	37447052	37647052	harbor1	chr8	37480977	37481093	SINE/MIR	408	+	58	37481035	33983
chr8	37447052	37647052	harbor1	chr8	37508808	37508944	SINE/MIR	483	+	68	37508876	61824
chr8	37447052	37647052	harbor1	chr8	37515782	37515960	SINE/MIR	496	+	89	37515871	68819
chr8	37447052	37647052	harbor1	chr8	37527817	37528019	SINE/MIR	555	+	101	37527918	80866
chr8	37447052	37647052	harbor1	chr8	37532075	37532280	SINE/MIR	528	+	102	37532177	85125
chr8	37447052	37647052	harbor1	chr8	37536362	37536574	SINE/MIR	526	+	106	37536468	89416
chr8	110217538	110417538	harbor1	chr8	110273463	110273731	SINE/MIR	743	+	134	110273597	56059
chr8	19249016	19449016	harbor1	chr8	19269580	19269693	SINE/MIR	529	+	56	19269636	20620
chr8	19249016	19449016	harbor1	chr8	19269996	19270126	SINE/MIR	529	+	65	19270061	21045
chr8	19249016	19449016	harbor1	chr8	19270581	19270765	SINE/MIR	624	+	92	19270673	21657
chr8	19249016	19449016	harbor1	chr8	19273745	19273898	SINE/MIR	548	+	76	19273821	24805
chr8	19249016	19449016	harbor1	chr8	19291867	19292074	SINE/MIR	500	+	104	19291971	42955
chr8	19249016	19449016	harbor1	chr8	19306760	19307017	SINE/MIR	514	+	128	19306888	57872
chr8	19249016	19449016	harbor1	chr8	19316794	19316952	SINE/MIR	493	+	79	19316873	67857
chr8	19249016	19449016	harbor1	chr8	19326116	19326234	SINE/MIR	455	+	59	19326175	77159
chr8	19249016	19449016	harbor1	chr8	19334352	19334581	SINE/MIR	603	+	114	19334466	85450
chr8	67978631	68178631	harbor1	chr8	67983785	67983976	SINE/MIR	725	+	96	67983881	5250
chr8	67978631	68178631	harbor1	chr8	68004110	68004301	SINE/MIR	526	+	96	68004206	25575
chr8	67978631	68178631	harbor1	chr8	68074340	68074449	SINE/MIR	403	+	54	68074394	95763
chr8	33265657	33465657	harbor1	chr8	33274704	33274959	SINE/MIR	474	+	128	33274832	9175
chr8	33265657	33465657	harbor1	chr8	33284199	33284433	SINE/MIR	772	+	117	33284316	18659
chr8	33265657	33465657	harbor1	chr8	33308328	33308510	SINE/MIR	433	+	91	33308419	42762
chr8	33265657	33465657	harbor1	chr8	33314437	33314628	SINE/MIR	576	+	96	33314533	48876
chr8	33265657	33465657	harbor1	chr8	33314734	33314883	SINE/MIR	481	+	74	33314808	49151
chr8	33265657	33465657	harbor1	chr8	33324567	33324701	SINE/MIR	672	+	67	33324634	58977
chr8	1043628	1243628	harbor1	chr8	1045112	1045342	SINE/MIR	615	+	115	1045227	1599
chr8	1043628	1243628	harbor1	chr8	1056664	1056887	SINE/MIR	397	+	112	1056776	13148
chr8	1043628	1243628	harbor1	chr8	1115431	1115578	SINE/MIR	446	+	74	1115505	71877
chr8	1043628	1243628	harbor1	chr8	1116357	1116535	SINE/MIR	395	+	89	1116446	72818
chr8	38431829	38631829	harbor1	chr8	38444986	38445060	SINE/MIR	400	+	37	38445023	13194
chr8	38431829	38631829	harbor1	chr8	38447267	38447470	SINE/MIR	407	+	102	38447369	15540
chr8	38431829	38631829	harbor1	chr8	38473374	38473619	SINE/MIR	868	+	122	38473496	41667
chr8	38431829	38631829	harbor1	chr8	38504810	38504987	SINE/MIR	460	+	88	38504898	73069
chr8	38431829	38631829	harbor1	chr8	38527789	38527952	SINE/MIR	410	+	82	38527871	96042
chr8	38431829	38631829	harbor1	chr8	38529159	38529380	SINE/MIR	401	+	110	38529269	97440
chr8	120368589	120568589	harbor1	chr8	120394841	120395039	SINE/MIR	543	+	99	120394940	26351
chr8	120368589	120568589	harbor1	chr8	120412791	120413044	SINE/MIR	648	+	126	120412917	44328
chr8	120368589	120568589	harbor1	chr8	120425982	120426188	SINE/MIR	422	+	103	120426085	57496
chr8	120368589	120568589	harbor1	chr8	120453608	120453788	SINE/MIR	407	+	90	120453698	85109
chr8	120368589	120568589	harbor1	chr8	120458190	120458412	SINE/MIR	648	+	111	120458301	89712
chr8	120368589	120568589	harbor1	chr8	120459637	120459847	SINE/MIR	509	+	105	120459742	91153
chr8	19354063	19554063	harbor1	chr8	19355599	19355769	SINE/MIR	411	+	85	19355684	1621
chr8	19354063	19554063	harbor1	chr8	19383873	19383995	SINE/MIR	458	+	61	19383934	29871
chr8	19354063	19554063	harbor1	chr8	19387658	19387898	SINE/MIR	606	+	120	19387778	33715
chr8	19354063	19554063	harbor1	chr8	19388407	19388578	SINE/MIR	401	+	86	19388493	34430
chr8	19354063	19554063	harbor1	chr8	19421055	19421223	SINE/MIR	521	+	84	19421139	67076
chr8	122470423	122670423	harbor1	chr8	122500111	122500291	SINE/MIR	520	+	90	122500201	29778
chr8	122470423	122670423	harbor1	chr8	122501267	122501424	SINE/MIR	409	+	78	122501345	30922
chr8	122470423	122670423	harbor1	chr8	122513586	122513766	SINE/MIR	396	+	90	122513676	43253
chr8	122470423	122670423	harbor1	chr8	122516542	122516714	SINE/MIR	440	+	86	122516628	46205
chr8	122470423	122670423	harbor1	chr8	122544862	122544988	SINE/MIR	441	+	63	122544925	74502
chr8	122470423	122670423	harbor1	chr8	122556231	122556421	SINE/MIR	469	+	95	122556326	85903
chr8	141326002	141526002	harbor1	chr8	141332524	141332713	SINE/MIR	533	+	94	141332618	6616
chr8	141326002	141526002	harbor1	chr8	141355252	141355365	SINE/MIR	400	+	56	141355308	29306
chr8	141326002	141526002	harbor1	chr8	141379177	141379319	SINE/MIR	440	+	71	141379248	53246
chr8	141326002	141526002	harbor1	chr8	141380592	141380812	SINE/MIR	645	+	110	141380702	54700
chr8	133000555	133200555	harbor1	chr8	133010134	133010353	SINE/MIR	594	+	110	133010244	9689
chr8	133000555	133200555	harbor1	chr8	133021063	133021271	SINE/MIR	717	+	104	133021167	20612
chr8	133000555	133200555	harbor1	chr8	133022801	133022997	SINE/MIR	490	+	98	133022899	22344
chr8	133000555	133200555	harbor1	chr8	133056526	133056757	SINE/MIR	737	+	116	133056642	56087
chr8	133000555	133200555	harbor1	chr8	133060932	133061009	SINE/MIR	433	+	38	133060970	60415
chr8	133000555	133200555	harbor1	chr8	133061309	133061429	SINE/MIR	433	+	60	133061369	60814
chr8	133000555	133200555	harbor1	chr8	133066628	133066837	SINE/MIR	564	+	104	133066732	66177
chr8	133000555	133200555	harbor1	chr8	133073803	133073923	SINE/MIR	486	+	60	133073863	73308
chr8	133000555	133200555	harbor1	chr8	133088410	133088610	SINE/MIR	596	+	100	133088510	87955
chr8	133000555	133200555	harbor1	chr8	133090917	133091161	SINE/MIR	500	+	122	133091039	90484
chr8	108522727	108722727	harbor1	chr8	108538309	108538492	SINE/MIR	460	+	92	108538401	15674
chr8	108522727	108722727	harbor1	chr8	108549373	108549602	SINE/MIR	537	+	114	108549487	26760
chr8	108522727	108722727	harbor1	chr8	108578667	108578814	SINE/MIR	399	+	74	108578741	56014
chr8	108522727	108722727	harbor1	chr8	108601420	108601662	SINE/MIR	766	+	121	108601541	78814
chr8	108522727	108722727	harbor1	chr8	108621685	108621908	SINE/MIR	742	+	112	108621797	99070
chr8	85534795	85734795	harbor1	chr8	85540395	85540603	SINE/MIR	585	+	104	85540499	5704
chr8	85534795	85734795	harbor1	chr8	85592588	85592753	SINE/MIR	622	+	82	85592670	57875
chr8	85534795	85734795	harbor1	chr8	85594027	85594217	SINE/MIR	430	+	95	85594122	59327
chr8	85534795	85734795	harbor1	chr8	85625017	85625180	SINE/MIR	394	+	82	85625099	90304
chr8	85534795	85734795	harbor1	chr8	85625636	85625877	SINE/MIR	581	+	120	85625756	90961
chr8	85534795	85734795	harbor1	chr8	85629196	85629419	SINE/MIR	402	+	112	85629308	94513
chr8	26909540	27109540	harbor1	chr8	26955922	26956152	SINE/MIR	412	+	115	26956037	46497
chr8	26909540	27109540	harbor1	chr8	26967797	26967999	SINE/MIR	690	+	101	26967898	58358
chr8	26909540	27109540	harbor1	chr8	26968632	26968687	SINE/MIR	690	+	28	26968660	59120
chr8	26909540	27109540	harbor1	chr8	26973764	26973994	SINE/MIR	720	+	115	26973879	64339
chr8	90898230	91098230	harbor1	chr8	90946313	90946446	SINE/MIR	488	+	66	90946379	48149
chr8	120225162	120425162	harbor1	chr8	120241804	120241901	SINE/MIR	572	+	48	120241852	16690
chr8	120225162	120425162	harbor1	chr8	120242240	120242311	SINE/MIR	572	+	36	120242276	17114
chr8	120225162	120425162	harbor1	chr8	120244087	120244267	SINE/MIR	447	+	90	120244177	19015
chr8	120225162	120425162	harbor1	chr8	120252553	120252732	SINE/MIR	639	+	90	120252643	27481
chr8	120225162	120425162	harbor1	chr8	120261247	120261430	SINE/MIR	681	+	92	120261339	36177
chr8	120225162	120425162	harbor1	chr8	120264368	120264564	SINE/MIR	403	+	98	120264466	39304
chr8	120225162	120425162	harbor1	chr8	120277135	120277310	SINE/MIR	541	+	88	120277223	52061
chr8	85439998	85639998	harbor1	chr8	85452067	85452254	SINE/MIR	530	+	94	85452161	12163
chr8	85439998	85639998	harbor1	chr8	85467241	85467484	SINE/MIR	696	+	122	85467363	27365
chr8	85439998	85639998	harbor1	chr8	85495343	85495551	SINE/MIR	552	+	104	85495447	55449
chr8	85439998	85639998	harbor1	chr8	85496372	85496549	SINE/MIR	557	+	88	85496460	56462
chr8	85439998	85639998	harbor1	chr8	85496695	85496808	SINE/MIR	431	+	56	85496751	56753
chr8	85439998	85639998	harbor1	chr8	85501934	85502140	SINE/MIR	500	+	103	85502037	62039
chr8	85439998	85639998	harbor1	chr8	85517663	85517832	SINE/MIR	526	+	84	85517747	77749
chr8	85439998	85639998	harbor1	chr8	85527517	85527708	SINE/MIR	392	+	96	85527613	87615
chr8	37120774	37320774	harbor1	chr8	37135211	37135428	SINE/MIR	511	+	108	37135319	14545
chr8	37120774	37320774	harbor1	chr8	37149356	37149470	SINE/MIR	452	+	57	37149413	28639
chr8	37120774	37320774	harbor1	chr8	37153896	37154139	SINE/MIR	400	+	122	37154018	33244
chr8	68169996	68369996	harbor1	chr8	68206100	68206306	SINE/MIR	453	+	103	68206203	36207
chr8	68169996	68369996	harbor1	chr8	68221310	68221537	SINE/MIR	899	+	114	68221424	51428
chr8	68169996	68369996	harbor1	chr8	68241989	68242191	SINE/MIR	547	+	101	68242090	72094
chr8	136668758	136868758	harbor1	chr8	136676211	136676462	SINE/MIR	845	+	126	136676337	7579
chr8	52855177	53055177	harbor1	chr8	52875133	52875381	SINE/MIR	711	+	124	52875257	20080
chr8	52855177	53055177	harbor1	chr8	52894136	52894294	SINE/MIR	651	+	79	52894215	39038
chr8	52855177	53055177	harbor1	chr8	52894621	52894658	SINE/MIR	651	+	18	52894639	39462
chr8	52855177	53055177	harbor1	chr8	52914272	52914438	SINE/MIR	502	+	83	52914355	59178
chr8	92634224	92834224	harbor1	chr8	92636588	92636824	SINE/MIR	469	+	118	92636706	2482
chr8	92634224	92834224	harbor1	chr8	92652408	92652566	SINE/MIR	465	+	79	92652487	18263
chr8	92634224	92834224	harbor1	chr8	92679648	92679840	SINE/MIR	546	+	96	92679744	45520
chr8	92634224	92834224	harbor1	chr8	92695792	92696003	SINE/MIR	459	+	106	92695898	61674
chr8	92634224	92834224	harbor1	chr8	92698414	92698542	SINE/MIR	417	+	64	92698478	64254
chr8	60843045	61043045	harbor1	chr8	60847308	60847541	SINE/MIR	539	+	116	60847424	4379
chr8	60843045	61043045	harbor1	chr8	60904762	60904844	SINE/MIR	424	+	41	60904803	61758
chr8	60843045	61043045	harbor1	chr8	60908252	60908399	SINE/MIR	402	+	74	60908326	65281
chr8	60843045	61043045	harbor1	chr8	60915426	60915651	SINE/MIR	677	+	112	60915538	72493
chr8	60843045	61043045	harbor1	chr8	60932700	60932934	SINE/MIR	530	+	117	60932817	89772
chr8	60843045	61043045	harbor1	chr8	60941820	60942056	SINE/MIR	943	+	118	60941938	98893
chr8	17128020	17328020	harbor1	chr8	17135959	17136106	SINE/MIR	397	+	74	17136033	8013
chr8	17128020	17328020	harbor1	chr8	17139048	17139297	SINE/MIR	783	+	124	17139172	11152
chr8	17128020	17328020	harbor1	chr8	17146107	17146281	SINE/MIR	456	+	87	17146194	18174
chr8	17128020	17328020	harbor1	chr8	17173221	17173393	SINE/MIR	496	+	86	17173307	45287
chr8	17128020	17328020	harbor1	chr8	17173711	17173753	SINE/MIR	496	+	21	17173732	45712
chr8	80657735	80857735	harbor1	chr8	80667726	80667972	SINE/MIR	619	+	123	80667849	10114
chr8	80657735	80857735	harbor1	chr8	80671388	80671548	SINE/MIR	451	+	80	80671468	13733
chr8	80657735	80857735	harbor1	chr8	80686141	80686319	SINE/MIR	559	+	89	80686230	28495
chr8	80657735	80857735	harbor1	chr8	80692282	80692434	SINE/MIR	566	+	76	80692358	34623
chr8	80657735	80857735	harbor1	chr8	80697512	80697734	SINE/MIR	517	+	111	80697623	39888
chr8	80657735	80857735	harbor1	chr8	80700285	80700506	SINE/MIR	508	+	110	80700395	42660
chr8	80657735	80857735	harbor1	chr8	80721922	80721954	SINE/MIR	687	+	16	80721938	64203
chr8	80657735	80857735	harbor1	chr8	80722276	80722485	SINE/MIR	773	+	104	80722380	64645
chr8	80657735	80857735	harbor1	chr8	80728707	80728946	SINE/MIR	537	+	120	80728827	71092
chr8	80657735	80857735	harbor1	chr8	80729235	80729472	SINE/MIR	446	+	118	80729353	71618
chr8	80657735	80857735	harbor1	chr8	80743668	80743883	SINE/MIR	748	+	108	80743776	86041
chr8	120989963	121189963	harbor1	chr8	121010143	121010335	SINE/MIR	467	+	96	121010239	20276
chr8	120989963	121189963	harbor1	chr8	121028976	121029192	SINE/MIR	498	+	108	121029084	39121
chr8	120989963	121189963	harbor1	chr8	121046542	121046754	SINE/MIR	485	+	106	121046648	56685
chr8	120989963	121189963	harbor1	chr8	121080830	121080933	SINE/MIR	404	+	52	121080882	90919
chr8	120989963	121189963	harbor1	chr8	121087174	121087399	SINE/MIR	595	+	112	121087286	97323
chr8	60909043	61109043	harbor1	chr8	60915426	60915651	SINE/MIR	677	+	112	60915538	6495
chr8	60909043	61109043	harbor1	chr8	60932700	60932934	SINE/MIR	530	+	117	60932817	23774
chr8	60909043	61109043	harbor1	chr8	60941820	60942056	SINE/MIR	943	+	118	60941938	32895
chr8	60909043	61109043	harbor1	chr8	60945972	60946197	SINE/MIR	457	+	112	60946084	37041
chr8	60909043	61109043	harbor1	chr8	60960376	60960520	SINE/MIR	414	+	72	60960448	51405
chr8	60909043	61109043	harbor1	chr8	60979100	60979251	SINE/MIR	416	+	76	60979176	70133
chr8	60909043	61109043	harbor1	chr8	60987587	60987739	SINE/MIR	469	+	76	60987663	78620
chr8	60909043	61109043	harbor1	chr8	60999381	60999566	SINE/MIR	402	+	92	60999473	90430
chr8	60909043	61109043	harbor1	chr8	61004087	61004195	SINE/MIR	447	+	54	61004141	95098
chr8	9764499	9964499	harbor1	chr8	9785220	9785350	SINE/MIR	550	+	65	9785285	20786
chr8	9764499	9964499	harbor1	chr8	9785404	9785438	SINE/MIR	550	+	17	9785421	20922
chr8	9764499	9964499	harbor1	chr8	9853908	9854084	SINE/MIR	566	+	88	9853996	89497
chr8	40558086	40758086	harbor1	chr8	40572931	40573054	SINE/MIR	421	+	62	40572993	14907
chr8	40558086	40758086	harbor1	chr8	40578945	40579141	SINE/MIR	690	+	98	40579043	20957
chr8	40558086	40758086	harbor1	chr8	40582048	40582235	SINE/MIR	444	+	94	40582142	24056
chr8	40558086	40758086	harbor1	chr8	40594505	40594644	SINE/MIR	457	+	70	40594575	36489
chr8	40558086	40758086	harbor1	chr8	40596869	40597066	SINE/MIR	469	+	98	40596967	38881
chr8	40558086	40758086	harbor1	chr8	40611985	40612211	SINE/MIR	410	+	113	40612098	54012
chr8	130309875	130509875	harbor1	chr8	130331493	130331684	SINE/MIR	413	+	96	130331589	21714
chr8	130309875	130509875	harbor1	chr8	130346503	130346635	SINE/MIR	505	+	66	130346569	36694
chr8	130309875	130509875	harbor1	chr8	130351223	130351377	SINE/MIR	413	+	77	130351300	41425
chr8	130309875	130509875	harbor1	chr8	130354217	130354396	SINE/MIR	480	+	90	130354307	44432
chr8	130309875	130509875	harbor1	chr8	130363003	130363181	SINE/MIR	519	+	89	130363092	53217
chr8	130309875	130509875	harbor1	chr8	130366606	130366844	SINE/MIR	748	+	119	130366725	56850
chr8	130309875	130509875	harbor1	chr8	130368954	130369107	SINE/MIR	555	+	76	130369030	59155
chr8	130309875	130509875	harbor1	chr8	130374075	130374239	SINE/MIR	476	+	82	130374157	64282
chr8	130309875	130509875	harbor1	chr8	130378067	130378213	SINE/MIR	454	+	73	130378140	68265
chr8	130309875	130509875	harbor1	chr8	130388875	130389115	SINE/MIR	901	+	120	130388995	79120
chr8	74213481	74413481	harbor1	chr8	74228653	74228839	SINE/MIR	689	+	93	74228746	15265
chr8	74213481	74413481	harbor1	chr8	74267997	74268177	SINE/MIR	496	+	90	74268087	54606
chr8	74213481	74413481	harbor1	chr8	74277551	74277789	SINE/MIR	800	+	119	74277670	64189
chr8	123733076	123933076	harbor1	chr8	123767041	123767286	SINE/MIR	506	+	122	123767163	34087
chr8	123733076	123933076	harbor1	chr8	123783200	123783329	SINE/MIR	423	+	64	123783264	50188
chr8	123733076	123933076	harbor1	chr8	123802718	123802936	SINE/MIR	548	+	109	123802827	69751
chr8	123733076	123933076	harbor1	chr8	123828810	123828976	SINE/MIR	541	+	83	123828893	95817
chr8	13563494	13763494	harbor1	chr8	13618246	13618477	SINE/MIR	595	+	116	13618362	54868
chr8	13563494	13763494	harbor1	chr8	13663197	13663290	SINE/MIR	432	+	46	13663243	99749
chr8	16588671	16788671	harbor1	chr8	16596987	16597149	SINE/MIR	482	+	81	16597068	8397
chr8	93278036	93478036	harbor1	chr8	93280715	93280917	SINE/MIR	743	+	101	93280816	2780
chr8	93278036	93478036	harbor1	chr8	93285979	93286224	SINE/MIR	651	+	122	93286101	8065
chr8	93278036	93478036	harbor1	chr8	93291785	93292014	SINE/MIR	635	+	114	93291899	13863
chr8	93278036	93478036	harbor1	chr8	93313523	93313667	SINE/MIR	418	+	72	93313595	35559
chr8	93278036	93478036	harbor1	chr8	93336389	93336586	SINE/MIR	417	+	98	93336487	58451
chr8	93278036	93478036	harbor1	chr8	93341600	93341771	SINE/MIR	719	+	86	93341686	63650
chr8	93278036	93478036	harbor1	chr8	93363370	93363591	SINE/MIR	654	+	110	93363480	85444
chr8	108006118	108206118	harbor1	chr8	108055913	108056102	SINE/MIR	651	+	94	108056007	49889
chr8	132716350	132916350	harbor1	chr8	132737524	132737748	SINE/MIR	449	+	112	132737636	21286
chr8	132716350	132916350	harbor1	chr8	132739245	132739304	SINE/MIR	562	+	30	132739275	22925
chr8	132716350	132916350	harbor1	chr8	132739611	132739754	SINE/MIR	562	+	72	132739683	23333
chr8	132716350	132916350	harbor1	chr8	132748818	132749063	SINE/MIR	668	+	122	132748940	32590
chr8	132716350	132916350	harbor1	chr8	132753631	132753855	SINE/MIR	602	+	112	132753743	37393
chr8	132716350	132916350	harbor1	chr8	132761210	132761392	SINE/MIR	560	+	91	132761301	44951
chr8	132716350	132916350	harbor1	chr8	132786608	132786830	SINE/MIR	466	+	111	132786719	70369
chr8	140371756	140571756	harbor1	chr8	140422064	140422261	SINE/MIR	668	+	98	140422162	50406
chr8	140371756	140571756	harbor1	chr8	140429389	140429565	SINE/MIR	900	+	88	140429477	57721
chr8	140371756	140571756	harbor1	chr8	140429827	140429861	SINE/MIR	900	+	17	140429844	58088
chr8	140371756	140571756	harbor1	chr8	140452793	140452941	SINE/MIR	403	+	74	140452867	81111
chr8	110552374	110752374	harbor1	chr8	110625472	110625642	SINE/MIR	668	+	85	110625557	73183
chr8	48290992	48490992	harbor1	chr8	48304859	48305057	SINE/MIR	709	+	99	48304958	13966
chr8	90717347	90917347	harbor1	chr8	90780658	90780775	SINE/MIR	446	+	58	90780716	63369
chr8	90717347	90917347	harbor1	chr8	90806597	90806861	SINE/MIR	866	+	132	90806729	89382
chr8	90717347	90917347	harbor1	chr8	90808380	90808606	SINE/MIR	680	+	113	90808493	91146
chr8	94226773	94426773	harbor1	chr8	94235946	94236127	SINE/MIR	414	+	90	94236036	9263
chr8	94226773	94426773	harbor1	chr8	94236160	94236271	SINE/MIR	391	+	56	94236216	9443
chr8	94226773	94426773	harbor1	chr8	94254342	94254561	SINE/MIR	485	+	110	94254452	27679
chr8	94226773	94426773	harbor1	chr8	94258527	94258767	SINE/MIR	766	+	120	94258647	31874
chr8	94226773	94426773	harbor1	chr8	94286582	94286771	SINE/MIR	579	+	94	94286676	59903
chr8	94226773	94426773	harbor1	chr8	94291063	94291275	SINE/MIR	511	+	106	94291169	64396
chr8	94226773	94426773	harbor1	chr8	94292857	94293056	SINE/MIR	421	+	100	94292957	66184
chr8	94226773	94426773	harbor1	chr8	94304760	94304870	SINE/MIR	394	+	55	94304815	78042
chr8	94226773	94426773	harbor1	chr8	94311869	94312035	SINE/MIR	396	+	83	94311952	85179
chr8	94226773	94426773	harbor1	chr8	94312044	94312235	SINE/MIR	620	+	96	94312140	85367
chr8	26314272	26514272	harbor1	chr8	26406344	26406537	SINE/MIR	717	+	96	26406440	92168
chr8	26314272	26514272	harbor1	chr8	26406830	26406889	SINE/MIR	717	+	30	26406860	92588
chr8	70478501	70678501	harbor1	chr8	70493812	70494023	SINE/MIR	516	+	106	70493918	15417
chr8	70478501	70678501	harbor1	chr8	70533253	70533528	SINE/MIR	654	+	138	70533391	54890
chr8	94686213	94886213	harbor1	chr8	94704907	94705093	SINE/MIR	435	+	93	94705000	18787
chr8	94686213	94886213	harbor1	chr8	94785053	94785263	SINE/MIR	511	+	105	94785158	98945
chr8	58649064	58849064	harbor1	chr8	58715338	58715538	SINE/MIR	545	+	100	58715438	66374
chr8	58649064	58849064	harbor1	chr8	58746402	58746543	SINE/MIR	528	+	70	58746472	97408
chr8	109104133	109304133	harbor1	chr8	109141291	109141449	SINE/MIR	408	+	79	109141370	37237
chr8	109104133	109304133	harbor1	chr8	109198546	109198681	SINE/MIR	449	+	68	109198614	94481
chr8	109104133	109304133	harbor1	chr8	109117227	109117447	SINE/MIR	676	+	110	109117337	13204
chr8	69324859	69524859	harbor1	chr8	69390816	69390962	SINE/MIR	416	+	73	69390889	66030
chr8	48294780	48494780	harbor1	chr8	48304859	48305057	SINE/MIR	709	+	99	48304958	10178
chr8	48294780	48494780	harbor1	chr8	48394373	48394539	SINE/MIR	402	+	83	48394456	99676
chr8	86499090	86699090	harbor1	chr8	86515544	86515785	SINE/MIR	759	+	120	86515664	16574
chr8	86499090	86699090	harbor1	chr8	86537034	86537253	SINE/MIR	408	+	110	86537144	38054
chr8	86499090	86699090	harbor1	chr8	86555364	86555520	SINE/MIR	407	+	78	86555442	56352
chr8	86499090	86699090	harbor1	chr8	86570384	86570536	SINE/MIR	614	+	76	86570460	71370
chr8	86499090	86699090	harbor1	chr8	86577188	86577366	SINE/MIR	391	+	89	86577277	78187
chr8	100735781	100935781	harbor1	chr8	100766827	100766964	SINE/MIR	432	+	68	100766895	31114
chr8	100735781	100935781	harbor1	chr8	100801857	100802032	SINE/MIR	434	+	88	100801945	66164
chr8	100735781	100935781	harbor1	chr8	100804487	100804729	SINE/MIR	726	+	121	100804608	68827
chr8	100735781	100935781	harbor1	chr8	100825500	100825723	SINE/MIR	587	+	112	100825612	89831
chr8	93578948	93778948	harbor1	chr8	93596590	93596806	SINE/MIR	556	+	108	93596698	17750
chr8	93578948	93778948	harbor1	chr8	93607131	93607362	SINE/MIR	705	+	116	93607247	28299
chr8	93578948	93778948	harbor1	chr8	93610665	93610782	SINE/MIR	520	+	58	93610723	31775
chr8	93578948	93778948	harbor1	chr8	93616097	93616274	SINE/MIR	403	+	88	93616185	37237
chr8	93578948	93778948	harbor1	chr8	93616277	93616456	SINE/MIR	694	+	90	93616367	37419
chr8	93578948	93778948	harbor1	chr8	93629935	93630228	SINE/MIR	474	+	146	93630081	51133
chr8	93578948	93778948	harbor1	chr8	93673546	93673729	SINE/MIR	637	+	92	93673638	94690
chr8	25356198	25556198	harbor1	chr8	25360477	25360683	SINE/MIR	590	+	103	25360580	4382
chr8	25356198	25556198	harbor1	chr8	25386752	25386984	SINE/MIR	421	+	116	25386868	30670
chr8	25356198	25556198	harbor1	chr8	25389604	25389791	SINE/MIR	670	+	94	25389698	33500
chr8	25356198	25556198	harbor1	chr8	25412973	25413188	SINE/MIR	472	+	108	25413081	56883
chr8	25356198	25556198	harbor1	chr8	25446490	25446725	SINE/MIR	526	+	118	25446608	90410
chr8	30072251	30272251	harbor1	chr8	30112605	30112779	SINE/MIR	562	+	87	30112692	40441
chr8	30072251	30272251	harbor1	chr8	30146534	30146668	SINE/MIR	395	+	67	30146601	74350
chr8	84972957	85172957	harbor1	chr8	85025190	85025433	SINE/MIR	601	+	122	85025312	52355
chr8	84972957	85172957	harbor1	chr8	85027171	85027409	SINE/MIR	627	+	119	85027290	54333
chr8	95747443	95947443	harbor1	chr8	95751025	95751270	SINE/MIR	836	+	122	95751147	3704
chr8	95747443	95947443	harbor1	chr8	95784694	95784822	SINE/MIR	416	+	64	95784758	37315
chr8	95747443	95947443	harbor1	chr8	95786108	95786337	SINE/MIR	782	+	114	95786222	38779
chr9	97128163	97328163	harbor1	chr9	97175817	97176008	SINE/MIR	777	+	96	97175913	47750
chr9	97128163	97328163	harbor1	chr9	97211665	97211901	SINE/MIR	479	+	118	97211783	83620
chr9	35497155	35697155	harbor1	chr9	35515530	35515716	SINE/MIR	630	+	93	35515623	18468
chr9	35497155	35697155	harbor1	chr9	35516030	35516097	SINE/MIR	630	+	34	35516064	18909
chr9	35497155	35697155	harbor1	chr9	35531491	35531727	SINE/MIR	783	+	118	35531609	34454
chr9	35497155	35697155	harbor1	chr9	35540826	35541040	SINE/MIR	420	+	107	35540933	43778
chr9	35497155	35697155	harbor1	chr9	35553905	35554080	SINE/MIR	576	+	88	35553993	56838
chr9	35497155	35697155	harbor1	chr9	35565995	35566186	SINE/MIR	513	+	96	35566091	68936
chr9	35497155	35697155	harbor1	chr9	35568668	35568700	SINE/MIR	500	+	16	35568684	71529
chr9	35497155	35697155	harbor1	chr9	35569006	35569160	SINE/MIR	500	+	77	35569083	71928
chr9	33990465	34190465	harbor1	chr9	34069653	34069820	SINE/MIR	578	+	84	34069737	79272
chr9	33990465	34190465	harbor1	chr9	34069800	34069934	SINE/MIR	479	+	67	34069867	79402
chr9	118082244	118282244	harbor1	chr9	118083511	118083699	SINE/MIR	428	+	94	118083605	1361
chr9	118082244	118282244	harbor1	chr9	118088587	118088733	SINE/MIR	666	+	73	118088660	6416
chr9	118082244	118282244	harbor1	chr9	118135834	118136024	SINE/MIR	436	+	95	118135929	53685
chr9	118082244	118282244	harbor1	chr9	118136822	118137030	SINE/MIR	492	+	104	118136926	54682
chr9	118082244	118282244	harbor1	chr9	118140572	118140792	SINE/MIR	552	+	110	118140682	58438
chr9	118082244	118282244	harbor1	chr9	118141906	118142109	SINE/MIR	424	+	102	118142008	59764
chr9	118082244	118282244	harbor1	chr9	118162931	118162984	SINE/MIR	453	+	26	118162957	80713
chr9	118082244	118282244	harbor1	chr9	118163277	118163476	SINE/MIR	525	+	100	118163377	81133
chr9	77843322	78043322	harbor1	chr9	77853246	77853426	SINE/MIR	409	+	90	77853336	10014
chr9	77843322	78043322	harbor1	chr9	77931713	77931892	SINE/MIR	520	+	90	77931803	88481
chr9	27520084	27720084	harbor1	chr9	27530914	27531033	SINE/MIR	455	+	60	27530974	10890
chr9	27520084	27720084	harbor1	chr9	27538904	27539034	SINE/MIR	456	+	65	27538969	18885
chr9	27520084	27720084	harbor1	chr9	27545717	27545851	SINE/MIR	507	+	67	27545784	25700
chr9	27520084	27720084	harbor1	chr9	27580332	27580541	SINE/MIR	598	+	104	27580436	60352
chr9	27520084	27720084	harbor1	chr9	27583184	27583409	SINE/MIR	678	+	112	27583296	63212
chr9	27520084	27720084	harbor1	chr9	27599625	27599751	SINE/MIR	409	+	63	27599688	79604
chr9	125661246	125861246	harbor1	chr9	125664829	125665018	SINE/MIR	553	+	94	125664923	3677
chr9	125661246	125861246	harbor1	chr9	125690419	125690649	SINE/MIR	768	+	115	125690534	29288
chr9	125661246	125861246	harbor1	chr9	125704159	125704378	SINE/MIR	424	+	110	125704269	43023
chr9	125661246	125861246	harbor1	chr9	125705221	125705333	SINE/MIR	464	+	56	125705277	44031
chr9	125661246	125861246	harbor1	chr9	125707516	125707747	SINE/MIR	606	+	116	125707632	46386
chr9	125661246	125861246	harbor1	chr9	125709736	125709911	SINE/MIR	433	+	88	125709824	48578
chr9	125661246	125861246	harbor1	chr9	125711678	125711829	SINE/MIR	431	+	76	125711754	50508
chr9	125661246	125861246	harbor1	chr9	125727903	125728085	SINE/MIR	753	+	91	125727994	66748
chr9	125661246	125861246	harbor1	chr9	125728938	125729086	SINE/MIR	487	+	74	125729012	67766
chr9	125661246	125861246	harbor1	chr9	125737313	125737447	SINE/MIR	475	+	67	125737380	76134
chr9	125661246	125861246	harbor1	chr9	125743404	125743606	SINE/MIR	439	+	101	125743505	82259
chr9	26899847	27099847	harbor1	chr9	26928556	26928724	SINE/MIR	460	+	84	26928640	28793
chr9	98539418	98739418	harbor1	chr9	98564319	98564652	SINE/MIR	765	+	166	98564485	25067
chr9	98539418	98739418	harbor1	chr9	98576532	98576758	SINE/MIR	980	+	113	98576645	37227
chr9	98539418	98739418	harbor1	chr9	98596085	98596314	SINE/MIR	580	+	114	98596199	56781
chr9	98539418	98739418	harbor1	chr9	98605681	98605782	SINE/MIR	447	+	50	98605731	66313
chr9	98539418	98739418	harbor1	chr9	98606389	98606471	SINE/MIR	447	+	41	98606430	67012
chr9	98539418	98739418	harbor1	chr9	98610166	98610350	SINE/MIR	601	+	92	98610258	70840
chr9	98539418	98739418	harbor1	chr9	98615851	98616050	SINE/MIR	672	+	100	98615951	76533
chr9	98539418	98739418	harbor1	chr9	98617816	98618064	SINE/MIR	691	+	124	98617940	78522
chr9	98539418	98739418	harbor1	chr9	98619902	98620113	SINE/MIR	653	+	106	98620008	80590
chr9	98539418	98739418	harbor1	chr9	98620797	98621002	SINE/MIR	529	+	102	98620899	81481
chr9	98539418	98739418	harbor1	chr9	98626484	98626708	SINE/MIR	615	+	112	98626596	87178
chr9	98539418	98739418	harbor1	chr9	98631226	98631420	SINE/MIR	546	+	97	98631323	91905
chr9	98539418	98739418	harbor1	chr9	98632217	98632377	SINE/MIR	809	+	80	98632297	92879
chr9	15589894	15789894	harbor1	chr9	15686228	15686418	SINE/MIR	509	+	95	15686323	96429
chr9	83145654	83345654	harbor1	chr9	83166962	83167175	SINE/MIR	719	+	106	83167068	21414
chr9	83145654	83345654	harbor1	chr9	83187885	83188082	SINE/MIR	526	+	98	83187983	42329
chr9	34210263	34410263	harbor1	chr9	34239660	34239838	SINE/MIR	468	+	89	34239749	29486
chr9	34210263	34410263	harbor1	chr9	34240670	34240899	SINE/MIR	577	+	114	34240784	30521
chr9	34210263	34410263	harbor1	chr9	34277854	34277992	SINE/MIR	490	+	69	34277923	67660
chr9	34210263	34410263	harbor1	chr9	34281371	34281612	SINE/MIR	456	+	120	34281491	71228
chr9	34210263	34410263	harbor1	chr9	34291343	34291520	SINE/MIR	588	+	88	34291431	81168
chr9	113974093	114174093	harbor1	chr9	113974804	113975054	SINE/MIR	908	+	125	113974929	836
chr9	113974093	114174093	harbor1	chr9	113978698	113978918	SINE/MIR	452	+	110	113978808	4715
chr9	113974093	114174093	harbor1	chr9	113985729	113985936	SINE/MIR	652	+	104	113985833	11740
chr9	113974093	114174093	harbor1	chr9	113997463	113997685	SINE/MIR	416	+	111	113997574	23481
chr9	113974093	114174093	harbor1	chr9	114008721	114008967	SINE/MIR	759	+	123	114008844	34751
chr9	113974093	114174093	harbor1	chr9	114011077	114011314	SINE/MIR	638	+	118	114011195	37102
chr9	113974093	114174093	harbor1	chr9	114029065	114029222	SINE/MIR	448	+	78	114029143	55050
chr9	113974093	114174093	harbor1	chr9	114031071	114031230	SINE/MIR	525	+	80	114031151	57058
chr9	27086639	27286639	harbor1	chr9	27113093	27113282	SINE/MIR	566	+	94	27113187	26548
chr9	27086639	27286639	harbor1	chr9	27125542	27125758	SINE/MIR	564	+	108	27125650	39011
chr9	27086639	27286639	harbor1	chr9	27147873	27148122	SINE/MIR	729	+	124	27147997	61358
chr9	27086639	27286639	harbor1	chr9	27149249	27149438	SINE/MIR	453	+	94	27149343	62704
chr9	27086639	27286639	harbor1	chr9	27156567	27156766	SINE/MIR	527	+	100	27156667	70028
chr9	27086639	27286639	harbor1	chr9	27161217	27161435	SINE/MIR	630	+	109	27161326	74687
chr9	27086639	27286639	harbor1	chr9	27161688	27161916	SINE/MIR	420	+	114	27161802	75163
chr9	27086639	27286639	harbor1	chr9	27164101	27164255	SINE/MIR	1002	+	77	27164178	77539
chr9	27086639	27286639	harbor1	chr9	27164834	27164911	SINE/MIR	1002	+	38	27164872	78233
chr9	27086639	27286639	harbor1	chr9	27185792	27185994	SINE/MIR	412	+	101	27185893	99254
chr9	69968562	70168562	harbor1	chr9	69978444	69978637	SINE/MIR	883	+	96	69978540	9978
chr9	69968562	70168562	harbor1	chr9	69978948	69979005	SINE/MIR	883	+	28	69978976	10414
chr9	69968562	70168562	harbor1	chr9	69982974	69983175	SINE/MIR	484	+	100	69983074	14512
chr9	69968562	70168562	harbor1	chr9	69986172	69986392	SINE/MIR	695	+	110	69986282	17720
chr9	69968562	70168562	harbor1	chr9	69986451	69986696	SINE/MIR	700	+	122	69986573	18011
chr9	69968562	70168562	harbor1	chr9	69991036	69991289	SINE/MIR	694	+	126	69991162	22600
chr9	69968562	70168562	harbor1	chr9	69994712	69994894	SINE/MIR	419	+	91	69994803	26241
chr9	69968562	70168562	harbor1	chr9	70039503	70039713	SINE/MIR	635	+	105	70039608	71046
chr9	69968562	70168562	harbor1	chr9	70041308	70041502	SINE/MIR	541	+	97	70041405	72843
chr9	69968562	70168562	harbor1	chr9	70050397	70050590	SINE/MIR	804	+	96	70050493	81931
chr9	78024731	78224731	harbor1	chr9	78082729	78082903	SINE/MIR	677	+	87	78082816	58085
chr9	78024731	78224731	harbor1	chr9	78090115	78090331	SINE/MIR	441	+	108	78090223	65492
chr9	78024731	78224731	harbor1	chr9	78100414	78100602	SINE/MIR	690	+	94	78100508	75777
chr9	78024731	78224731	harbor1	chr9	78105411	78105654	SINE/MIR	476	+	122	78105533	80802
chr9	78024731	78224731	harbor1	chr9	78109624	78109799	SINE/MIR	465	+	88	78109712	84981
chr9	38729526	38929526	harbor1	chr9	38743637	38743839	SINE/MIR	560	+	101	38743738	14212
chr9	83176166	83376166	harbor1	chr9	83187885	83188082	SINE/MIR	526	+	98	83187983	11817
chr9	83176166	83376166	harbor1	chr9	83261786	83262004	SINE/MIR	727	+	109	83261895	85729
chr9	83176166	83376166	harbor1	chr9	83270599	83270827	SINE/MIR	539	+	114	83270713	94547
chr9	106506364	106706364	harbor1	chr9	106535061	106535289	SINE/MIR	454	+	114	106535175	28811
chr9	106506364	106706364	harbor1	chr9	106536762	106536991	SINE/MIR	668	+	114	106536876	30512
chr9	106506364	106706364	harbor1	chr9	106571949	106572143	SINE/MIR	573	+	97	106572046	65682
chr9	106506364	106706364	harbor1	chr9	106574249	106574478	SINE/MIR	636	+	114	106574363	67999
chr9	106506364	106706364	harbor1	chr9	106581053	106581269	SINE/MIR	677	+	108	106581161	74797
chr9	106506364	106706364	harbor1	chr9	106588108	106588294	SINE/MIR	542	+	93	106588201	81837
chr9	106506364	106706364	harbor1	chr9	106599216	106599460	SINE/MIR	539	+	122	106599338	92974
chr9	111126466	111326466	harbor1	chr9	111162730	111162901	SINE/MIR	565	+	86	111162816	36350
chr9	125219548	125419548	harbor1	chr9	125247398	125247549	SINE/MIR	534	+	76	125247474	27926
chr9	125219548	125419548	harbor1	chr9	125247841	125247903	SINE/MIR	534	+	31	125247872	28324
chr9	62624773	62824773	harbor1	chr9	62648094	62648287	SINE/MIR	603	+	96	62648190	23417
chr9	61829865	62029865	harbor1	chr9	61872727	61872885	SINE/MIR	521	+	79	61872806	42941
chr9	61829865	62029865	harbor1	chr9	61873173	61873241	SINE/MIR	962	+	34	61873207	43342
chr9	61829865	62029865	harbor1	chr9	61873656	61873838	SINE/MIR	962	+	91	61873747	43882
chr9	61829865	62029865	harbor1	chr9	61883861	61884015	SINE/MIR	411	+	77	61883938	54073
chr9	61829865	62029865	harbor1	chr9	61901672	61901840	SINE/MIR	593	+	84	61901756	71891
chr9	61829865	62029865	harbor1	chr9	61903286	61903455	SINE/MIR	432	+	84	61903370	73505
chr9	61829865	62029865	harbor1	chr9	61907169	61907327	SINE/MIR	533	+	79	61907248	77383
chr9	35823927	36023927	harbor1	chr9	35864432	35864666	SINE/MIR	605	+	117	35864549	40622
chr9	124701289	124901289	harbor1	chr9	124717736	124717943	SINE/MIR	674	+	104	124717840	16551
chr9	124701289	124901289	harbor1	chr9	124741715	124741878	SINE/MIR	450	+	82	124741797	40508
chr9	124701289	124901289	harbor1	chr9	124779141	124779262	SINE/MIR	416	+	60	124779201	77912
chr9	124701289	124901289	harbor1	chr9	124793527	124793653	SINE/MIR	466	+	63	124793590	92301
chr9	9337465	9537465	harbor1	chr9	9345633	9345901	SINE/MIR	528	+	134	9345767	8302
chr9	9337465	9537465	harbor1	chr9	9368141	9368323	SINE/MIR	463	+	91	9368232	30767
chr9	9337465	9537465	harbor1	chr9	9373145	9373270	SINE/MIR	514	+	62	9373207	35742
chr9	9337465	9537465	harbor1	chr9	9389026	9389206	SINE/MIR	659	+	90	9389116	51651
chr9	9337465	9537465	harbor1	chr9	9393658	9393846	SINE/MIR	530	+	94	9393752	56287
chr9	9337465	9537465	harbor1	chr9	9394448	9394663	SINE/MIR	660	+	108	9394556	57091
chr9	9337465	9537465	harbor1	chr9	9406905	9407090	SINE/MIR	531	+	92	9406997	69532
chr9	9337465	9537465	harbor1	chr9	9413643	9413864	SINE/MIR	524	+	110	9413753	76288
chr9	9337465	9537465	harbor1	chr9	9416300	9416505	SINE/MIR	421	+	102	9416402	78937
chr9	9337465	9537465	harbor1	chr9	9418475	9418644	SINE/MIR	442	+	84	9418559	81094
chr9	108619343	108819343	harbor1	chr9	108628613	108628860	SINE/MIR	528	+	124	108628737	9394
chr9	108619343	108819343	harbor1	chr9	108640406	108640648	SINE/MIR	411	+	121	108640527	21184
chr9	108619343	108819343	harbor1	chr9	108654790	108654985	SINE/MIR	641	+	98	108654888	35545
chr9	108619343	108819343	harbor1	chr9	108662519	108662537	SINE/MIR	496	+	9	108662528	43185
chr9	108619343	108819343	harbor1	chr9	108662753	108662986	SINE/MIR	617	+	116	108662869	43526
chr9	108619343	108819343	harbor1	chr9	108699226	108699444	SINE/MIR	566	+	109	108699335	79992
chr9	108619343	108819343	harbor1	chr9	108705057	108705233	SINE/MIR	473	+	88	108705145	85802
chr9	131594814	131794814	harbor1	chr9	131619558	131619772	SINE/MIR	835	+	107	131619665	24851
chr9	131594814	131794814	harbor1	chr9	131624140	131624317	SINE/MIR	515	+	88	131624228	29414
chr9	131594814	131794814	harbor1	chr9	131649455	131649663	SINE/MIR	637	+	104	131649559	54745
chr9	131594814	131794814	harbor1	chr9	131659523	131659723	SINE/MIR	443	+	100	131659623	64809
chr9	131594814	131794814	harbor1	chr9	131667775	131667939	SINE/MIR	482	+	82	131667857	73043
chr9	111194252	111394252	harbor1	chr9	111231341	111231457	SINE/MIR	474	+	58	111231399	37147
chr9	111194252	111394252	harbor1	chr9	111231950	111231983	SINE/MIR	474	+	16	111231966	37714
chr9	111194252	111394252	harbor1	chr9	111232017	111232084	SINE/MIR	474	+	34	111232051	37799
chr9	111194252	111394252	harbor1	chr9	111284295	111284449	SINE/MIR	436	+	77	111284372	90120
chr9	122630502	122830502	harbor1	chr9	122636758	122636922	SINE/MIR	414	+	82	122636840	6338
chr9	122630502	122830502	harbor1	chr9	122642788	122643015	SINE/MIR	433	+	114	122642902	12400
chr9	122630502	122830502	harbor1	chr9	122653299	122653510	SINE/MIR	655	+	106	122653405	22903
chr9	122630502	122830502	harbor1	chr9	122657729	122657978	SINE/MIR	729	+	124	122657853	27351
chr9	122630502	122830502	harbor1	chr9	122658477	122658743	SINE/MIR	728	+	133	122658610	28108
chr9	122630502	122830502	harbor1	chr9	122698687	122698860	SINE/MIR	471	+	86	122698773	68271
chr9	122630502	122830502	harbor1	chr9	122698971	122699100	SINE/MIR	471	+	64	122699035	68533
chr9	122630502	122830502	harbor1	chr9	122717177	122717323	SINE/MIR	462	+	73	122717250	86748
chr9	122630502	122830502	harbor1	chr9	122719665	122719823	SINE/MIR	415	+	79	122719744	89242
chr9	122630502	122830502	harbor1	chr9	122721730	122721950	SINE/MIR	695	+	110	122721840	91338
chr9	79808333	80008333	harbor1	chr9	79815596	79815852	SINE/MIR	603	+	128	79815724	7391
chr9	79808333	80008333	harbor1	chr9	79871752	79871959	SINE/MIR	669	+	104	79871856	63523
chr9	79808333	80008333	harbor1	chr9	79904336	79904490	SINE/MIR	428	+	77	79904413	96080
chr9	100628232	100828232	harbor1	chr9	100632814	100633047	SINE/MIR	817	+	116	100632930	4698
chr9	100628232	100828232	harbor1	chr9	100676237	100676425	SINE/MIR	578	+	94	100676331	48099
chr9	100628232	100828232	harbor1	chr9	100676755	100676774	SINE/MIR	578	+	10	100676765	48533
chr9	100628232	100828232	harbor1	chr9	100679247	100679486	SINE/MIR	574	+	120	100679367	51135
chr9	100628232	100828232	harbor1	chr9	100700934	100701151	SINE/MIR	409	+	108	100701042	72810
chr9	100628232	100828232	harbor1	chr9	100713797	100714024	SINE/MIR	772	+	114	100713911	85679
chr9	97380466	97580466	harbor1	chr9	97419827	97419998	SINE/MIR	484	+	86	97419913	39447
chr9	97380466	97580466	harbor1	chr9	97447213	97447449	SINE/MIR	490	+	118	97447331	66865
chr9	97380466	97580466	harbor1	chr9	97467376	97467474	SINE/MIR	420	+	49	97467425	86959
chr9	128404376	128604376	harbor1	chr9	128408236	128408465	SINE/MIR	502	+	114	128408350	3974
chr9	128404376	128604376	harbor1	chr9	128410363	128410489	SINE/MIR	592	+	63	128410426	6050
chr9	128404376	128604376	harbor1	chr9	128410795	128410857	SINE/MIR	592	+	31	128410826	6450
chr9	128404376	128604376	harbor1	chr9	128411149	128411202	SINE/MIR	592	+	26	128411175	6799
chr9	128404376	128604376	harbor1	chr9	128428525	128428644	SINE/MIR	409	+	60	128428585	24209
chr9	128404376	128604376	harbor1	chr9	128442348	128442491	SINE/MIR	461	+	72	128442420	38044
chr9	128404376	128604376	harbor1	chr9	128493609	128493744	SINE/MIR	422	+	68	128493677	89301
chr9	128404376	128604376	harbor1	chr9	128494093	128494268	SINE/MIR	480	+	88	128494181	89805
chr9	128404376	128604376	harbor1	chr9	128496560	128496714	SINE/MIR	654	+	77	128496637	92261
chr9	128404376	128604376	harbor1	chr9	128497027	128497122	SINE/MIR	654	+	48	128497075	92699
chr9	128404376	128604376	harbor1	chr9	128497975	128498134	SINE/MIR	419	+	80	128498055	93679
chr9	128404376	128604376	harbor1	chr9	128498531	128498750	SINE/MIR	488	+	110	128498641	94265
chr9	73017556	73217556	harbor1	chr9	73037207	73037447	SINE/MIR	460	+	120	73037327	19771
chr9	73017556	73217556	harbor1	chr9	73110613	73110840	SINE/MIR	827	+	114	73110727	93171
chr9	82084965	82284965	harbor1	chr9	82135681	82135787	SINE/MIR	510	+	53	82135734	50769
chr9	82084965	82284965	harbor1	chr9	82142765	82142971	SINE/MIR	552	+	103	82142868	57903
chr9	82084965	82284965	harbor1	chr9	82168023	82168143	SINE/MIR	761	+	60	82168083	83118
chr9	82084965	82284965	harbor1	chr9	82168492	82168630	SINE/MIR	761	+	69	82168561	83596
chr9	39958162	40158162	harbor1	chr9	39960141	39960376	SINE/MIR	559	+	118	39960259	2097
chr9	39958162	40158162	harbor1	chr9	40043436	40043639	SINE/MIR	422	+	102	40043538	85376
chr9	39958162	40158162	harbor1	chr9	40044097	40044123	SINE/MIR	422	+	13	40044110	85948
chr9	28683761	28883761	harbor1	chr9	28711267	28711454	SINE/MIR	500	+	94	28711361	27600
chr9	28683761	28883761	harbor1	chr9	28712457	28712669	SINE/MIR	642	+	106	28712563	28802
chr9	28683761	28883761	harbor1	chr9	28746549	28746770	SINE/MIR	414	+	110	28746659	62898
chr9	28683761	28883761	harbor1	chr9	28746782	28746962	SINE/MIR	577	+	90	28746872	63111
chr9	28683761	28883761	harbor1	chr9	28747726	28747778	SINE/MIR	577	+	26	28747752	63991
chr9	28683761	28883761	harbor1	chr9	28750612	28750808	SINE/MIR	429	+	98	28750710	66949
chr9	28683761	28883761	harbor1	chr9	28755283	28755470	SINE/MIR	497	+	94	28755377	71616
chr9	28683761	28883761	harbor1	chr9	28771508	28771758	SINE/MIR	490	+	125	28771633	87872
chr9	6052672	6252672	harbor1	chr9	6105717	6105920	SINE/MIR	458	+	102	6105819	53147
chr9	6052672	6252672	harbor1	chr9	6112698	6112934	SINE/MIR	461	+	118	6112816	60144
chr9	24894640	25094640	harbor1	chr9	24905048	24905237	SINE/MIR	408	+	94	24905142	10502
chr9	24894640	25094640	harbor1	chr9	24930975	24931115	SINE/MIR	508	+	70	24931045	36405
chr9	24894640	25094640	harbor1	chr9	24981119	24981333	SINE/MIR	428	+	107	24981226	86586
chr9	92274638	92474638	harbor1	chr9	92328394	92328584	SINE/MIR	722	+	95	92328489	53851
chr9	128936395	129136395	harbor1	chr9	128942724	128942899	SINE/MIR	510	+	88	128942812	6417
chr9	128936395	129136395	harbor1	chr9	128955924	128956107	SINE/MIR	414	+	92	128956016	19621
chr9	128936395	129136395	harbor1	chr9	128988390	128988529	SINE/MIR	629	+	70	128988460	52065
chr9	128936395	129136395	harbor1	chr9	129005828	129006009	SINE/MIR	513	+	90	129005918	69523
chr9	128936395	129136395	harbor1	chr9	129022879	129023096	SINE/MIR	643	+	108	129022987	86592
chr9	14444199	14644199	harbor1	chr9	14464751	14464966	SINE/MIR	576	+	108	14464859	20660
chr9	14444199	14644199	harbor1	chr9	14470048	14470198	SINE/MIR	662	+	75	14470123	25924
chr9	14444199	14644199	harbor1	chr9	14470767	14470932	SINE/MIR	477	+	82	14470849	26650
chr9	14444199	14644199	harbor1	chr9	14483495	14483687	SINE/MIR	455	+	96	14483591	39392
chr9	14444199	14644199	harbor1	chr9	14491058	14491246	SINE/MIR	633	+	94	14491152	46953
chr9	14444199	14644199	harbor1	chr9	14495874	14496104	SINE/MIR	748	+	115	14495989	51790
chr9	14444199	14644199	harbor1	chr9	14513755	14513944	SINE/MIR	686	+	94	14513849	69650
chr9	14444199	14644199	harbor1	chr9	14521406	14521613	SINE/MIR	670	+	104	14521510	77311
chr9	14444199	14644199	harbor1	chr9	14535998	14536186	SINE/MIR	613	+	94	14536092	91893
chr9	14444199	14644199	harbor1	chr9	14536322	14536332	SINE/MIR	613	+	5	14536327	92128
chr9	103036626	103236626	harbor1	chr9	103094950	103095174	SINE/MIR	414	+	112	103095062	58436
chr9	103036626	103236626	harbor1	chr9	103099926	103100096	SINE/MIR	479	+	85	103100011	63385
chr9	103036626	103236626	harbor1	chr9	103111016	103111196	SINE/MIR	473	+	90	103111106	74480
chr9	25682491	25882491	harbor1	chr9	25686347	25686517	SINE/MIR	475	+	85	25686432	3941
chr9	25682491	25882491	harbor1	chr9	25730734	25730957	SINE/MIR	612	+	112	25730846	48355
chr9	25682491	25882491	harbor1	chr9	25739765	25739979	SINE/MIR	453	+	107	25739872	57381
chr9	60806891	61006891	harbor1	chr9	60831864	60832061	SINE/MIR	545	+	98	60831962	25071
chr9	11654478	11854478	harbor1	chr9	11677584	11677821	SINE/MIR	439	+	118	11677702	23224
chr9	11654478	11854478	harbor1	chr9	11728813	11728997	SINE/MIR	492	+	92	11728905	74427
chr9	39190497	39390497	harbor1	chr9	39198480	39198716	SINE/MIR	431	+	118	39198598	8101
chr9	39190497	39390497	harbor1	chr9	39217892	39218122	SINE/MIR	708	+	115	39218007	27510
chr9	65612787	65812787	harbor1	chr9	65655291	65655454	SINE/MIR	860	+	82	65655373	42586
chr9	65612787	65812787	harbor1	chr9	65655761	65655860	SINE/MIR	860	+	50	65655811	43024
chr9	65612787	65812787	harbor1	chr9	65672041	65672255	SINE/MIR	908	+	107	65672148	59361
chr9	65612787	65812787	harbor1	chr9	65701425	65701654	SINE/MIR	581	+	114	65701539	88752
chr9	37467661	37667661	harbor1	chr9	37492318	37492446	SINE/MIR	517	+	64	37492382	24721
chr9	37467661	37667661	harbor1	chr9	37522162	37522337	SINE/MIR	810	+	88	37522250	54589
chr9	37467661	37667661	harbor1	chr9	37530960	37531215	SINE/MIR	844	+	128	37531088	63427
chr9	37467661	37667661	harbor1	chr9	37536826	37537041	SINE/MIR	495	+	108	37536934	69273
chr9	37467661	37667661	harbor1	chr9	37539724	37539931	SINE/MIR	416	+	104	37539828	72167
chr9	37467661	37667661	harbor1	chr9	37539901	37540098	SINE/MIR	586	+	98	37539999	72338
chr9	37467661	37667661	harbor1	chr9	37559402	37559528	SINE/MIR	485	+	63	37559465	91804
chr9	71663645	71863645	harbor1	chr9	71713716	71713911	SINE/MIR	473	+	98	71713814	50169
chr9	71663645	71863645	harbor1	chr9	71716692	71716889	SINE/MIR	774	+	98	71716790	53145
chr9	71663645	71863645	harbor1	chr9	71717178	71717247	SINE/MIR	774	+	34	71717212	53567
chr9	123396288	123596288	harbor1	chr9	123396930	123397152	SINE/MIR	605	+	111	123397041	753
chr9	123396288	123596288	harbor1	chr9	123409537	123409750	SINE/MIR	409	+	106	123409643	13355
chr9	123396288	123596288	harbor1	chr9	123414074	123414295	SINE/MIR	527	+	110	123414184	17896
chr9	123396288	123596288	harbor1	chr9	123424651	123424837	SINE/MIR	653	+	93	123424744	28456
chr9	123396288	123596288	harbor1	chr9	123442754	123442937	SINE/MIR	423	+	92	123442846	46558
chr9	123396288	123596288	harbor1	chr9	123449013	123449202	SINE/MIR	515	+	94	123449107	52819
chr9	123396288	123596288	harbor1	chr9	123465388	123465562	SINE/MIR	457	+	87	123465475	69187
chr9	123396288	123596288	harbor1	chr9	123471174	123471388	SINE/MIR	492	+	107	123471281	74993
chr9	123396288	123596288	harbor1	chr9	123471924	123472114	SINE/MIR	411	+	95	123472019	75731
chr9	123396288	123596288	harbor1	chr9	123474610	123474809	SINE/MIR	664	+	100	123474710	78422
chr9	123396288	123596288	harbor1	chr9	123474840	123475012	SINE/MIR	525	+	86	123474926	78638
chr9	123396288	123596288	harbor1	chr9	123475319	123475390	SINE/MIR	525	+	36	123475355	79067
chr9	123396288	123596288	harbor1	chr9	123483637	123483889	SINE/MIR	571	+	126	123483763	87475
chr9	123396288	123596288	harbor1	chr9	123484820	123485008	SINE/MIR	435	+	94	123484914	88626
chr9	123396288	123596288	harbor1	chr9	123486032	123486184	SINE/MIR	416	+	76	123486108	89820
chr9	103581082	103781082	harbor1	chr9	103587244	103587420	SINE/MIR	495	+	88	103587332	6250
chr9	103581082	103781082	harbor1	chr9	103654346	103654574	SINE/MIR	761	+	114	103654460	73378
chr9	123097805	123297805	harbor1	chr9	123098892	123099063	SINE/MIR	461	+	86	123098978	1173
chr9	123097805	123297805	harbor1	chr9	123102026	123102203	SINE/MIR	487	+	88	123102114	4309
chr9	123097805	123297805	harbor1	chr9	123132124	123132298	SINE/MIR	486	+	87	123132211	34406
chr9	123097805	123297805	harbor1	chr9	123175956	123176154	SINE/MIR	671	+	99	123176055	78250
chr9	76775172	76975172	harbor1	chr9	76778537	76778770	SINE/MIR	438	+	116	76778653	3481
chr9	76775172	76975172	harbor1	chr9	76782382	76782581	SINE/MIR	587	+	100	76782482	7310
chr9	76775172	76975172	harbor1	chr9	76788425	76788653	SINE/MIR	504	+	114	76788539	13367
chr9	76775172	76975172	harbor1	chr9	76794657	76794911	SINE/MIR	519	+	127	76794784	19612
chr9	76775172	76975172	harbor1	chr9	76805793	76806021	SINE/MIR	587	+	114	76805907	30735
chr9	76775172	76975172	harbor1	chr9	76817269	76817375	SINE/MIR	442	+	53	76817322	42150
chr9	76775172	76975172	harbor1	chr9	76817772	76817851	SINE/MIR	442	+	40	76817812	42640
chr9	117261750	117461750	harbor1	chr9	117264303	117264520	SINE/MIR	637	+	108	117264411	2661
chr9	117261750	117461750	harbor1	chr9	117268945	117269078	SINE/MIR	431	+	66	117269011	7261
chr9	117261750	117461750	harbor1	chr9	117276738	117276919	SINE/MIR	439	+	90	117276828	15078
chr9	117261750	117461750	harbor1	chr9	117286912	117287153	SINE/MIR	445	+	120	117287032	25282
chr9	117261750	117461750	harbor1	chr9	117287450	117287689	SINE/MIR	450	+	120	117287570	25820
chr9	117261750	117461750	harbor1	chr9	117298342	117298605	SINE/MIR	773	+	132	117298474	36724
chr9	117261750	117461750	harbor1	chr9	117301850	117301991	SINE/MIR	409	+	70	117301920	40170
chr9	117261750	117461750	harbor1	chr9	117318116	117318357	SINE/MIR	592	+	120	117318236	56486
chr9	117261750	117461750	harbor1	chr9	117346762	117346959	SINE/MIR	425	+	98	117346860	85110
chr9	117261750	117461750	harbor1	chr9	117361345	117361552	SINE/MIR	451	+	104	117361449	99699
chr9	106805920	107005920	harbor1	chr9	106818665	106818866	SINE/MIR	409	+	100	106818765	12845
chr9	106805920	107005920	harbor1	chr9	106822026	106822209	SINE/MIR	474	+	92	106822118	16198
chr9	106805920	107005920	harbor1	chr9	106829069	106829322	SINE/MIR	865	+	126	106829195	23275
chr9	106805920	107005920	harbor1	chr9	106843578	106843775	SINE/MIR	575	+	98	106843676	37756
chr9	106805920	107005920	harbor1	chr9	106852314	106852478	SINE/MIR	463	+	82	106852396	46476
chr9	106805920	107005920	harbor1	chr9	106876088	106876300	SINE/MIR	538	+	106	106876194	70274
chr9	106805920	107005920	harbor1	chr9	106878088	106878304	SINE/MIR	438	+	108	106878196	72276
chr9	106805920	107005920	harbor1	chr9	106881350	106881566	SINE/MIR	461	+	108	106881458	75538
chr9	73012635	73212635	harbor1	chr9	73014190	73014405	SINE/MIR	980	+	108	73014298	1663
chr9	73012635	73212635	harbor1	chr9	73014641	73014797	SINE/MIR	489	+	78	73014719	2084
chr9	73012635	73212635	harbor1	chr9	73037207	73037447	SINE/MIR	460	+	120	73037327	24692
chr9	73012635	73212635	harbor1	chr9	73110613	73110840	SINE/MIR	827	+	114	73110727	98092
chr9	86770401	86970401	harbor1	chr9	86808950	86809181	SINE/MIR	756	+	116	86809066	38665
chr9	86770401	86970401	harbor1	chr9	86816973	86817170	SINE/MIR	655	+	98	86817071	46670
chr9	86770401	86970401	harbor1	chr9	86840598	86840734	SINE/MIR	533	+	68	86840666	70265
chr9	86770401	86970401	harbor1	chr9	86869486	86869596	SINE/MIR	421	+	55	86869541	99140
chr9	29175045	29375045	harbor1	chr9	29181108	29181292	SINE/MIR	431	+	92	29181200	6155
chr9	71449025	71649025	harbor1	chr9	71477344	71477597	SINE/MIR	751	+	126	71477470	28445
chr9	71449025	71649025	harbor1	chr9	71491149	71491320	SINE/MIR	456	+	86	71491235	42210
chr9	71449025	71649025	harbor1	chr9	71513306	71513494	SINE/MIR	731	+	94	71513400	64375
chr9	71449025	71649025	harbor1	chr9	71532373	71532594	SINE/MIR	885	+	110	71532483	83458
chr9	89403176	89603176	harbor1	chr9	89420695	89420887	SINE/MIR	602	+	96	89420791	17615
chr9	9337706	9537706	harbor1	chr9	9345633	9345901	SINE/MIR	528	+	134	9345767	8061
chr9	9337706	9537706	harbor1	chr9	9368141	9368323	SINE/MIR	463	+	91	9368232	30526
chr9	9337706	9537706	harbor1	chr9	9373145	9373270	SINE/MIR	514	+	62	9373207	35501
chr9	9337706	9537706	harbor1	chr9	9389026	9389206	SINE/MIR	659	+	90	9389116	51410
chr9	9337706	9537706	harbor1	chr9	9393658	9393846	SINE/MIR	530	+	94	9393752	56046
chr9	9337706	9537706	harbor1	chr9	9394448	9394663	SINE/MIR	660	+	108	9394556	56850
chr9	9337706	9537706	harbor1	chr9	9406905	9407090	SINE/MIR	531	+	92	9406997	69291
chr9	9337706	9537706	harbor1	chr9	9413643	9413864	SINE/MIR	524	+	110	9413753	76047
chr9	9337706	9537706	harbor1	chr9	9416300	9416505	SINE/MIR	421	+	102	9416402	78696
chr9	9337706	9537706	harbor1	chr9	9418475	9418644	SINE/MIR	442	+	84	9418559	80853
chr9	14428652	14628652	harbor1	chr9	14435374	14435603	SINE/MIR	1032	+	114	14435488	6836
chr9	14428652	14628652	harbor1	chr9	14436993	14437188	SINE/MIR	585	+	98	14437091	8439
chr9	14428652	14628652	harbor1	chr9	14439384	14439552	SINE/MIR	811	+	84	14439468	10816
chr9	14428652	14628652	harbor1	chr9	14464751	14464966	SINE/MIR	576	+	108	14464859	36207
chr9	14428652	14628652	harbor1	chr9	14470048	14470198	SINE/MIR	662	+	75	14470123	41471
chr9	14428652	14628652	harbor1	chr9	14470767	14470932	SINE/MIR	477	+	82	14470849	42197
chr9	14428652	14628652	harbor1	chr9	14483495	14483687	SINE/MIR	455	+	96	14483591	54939
chr9	14428652	14628652	harbor1	chr9	14491058	14491246	SINE/MIR	633	+	94	14491152	62500
chr9	14428652	14628652	harbor1	chr9	14495874	14496104	SINE/MIR	748	+	115	14495989	67337
chr9	14428652	14628652	harbor1	chr9	14513755	14513944	SINE/MIR	686	+	94	14513849	85197
chr9	14428652	14628652	harbor1	chr9	14521406	14521613	SINE/MIR	670	+	104	14521510	92858
chr9	21391629	21591629	harbor1	chr9	21393562	21393737	SINE/MIR	503	+	88	21393650	2021
chr9	22488892	22688892	harbor1	chr9	22488917	22489102	SINE/MIR	428	+	92	22489009	117
chr9	22488892	22688892	harbor1	chr9	22509639	22509878	SINE/MIR	576	+	120	22509759	20867
chr9	22488892	22688892	harbor1	chr9	22542604	22542794	SINE/MIR	586	+	95	22542699	53807
chr9	42553068	42753068	harbor1	chr9	42624906	42625125	SINE/MIR	976	+	110	42625016	71948
chr9	42553068	42753068	harbor1	chr9	42652794	42652992	SINE/MIR	569	+	99	42652893	99825
chr9	63121576	63321576	harbor1	chr9	63139986	63140106	SINE/MIR	518	+	60	63140046	18470
chr9	63121576	63321576	harbor1	chr9	63145101	63145269	SINE/MIR	678	+	84	63145185	23609
chr9	133838877	134038877	harbor1	chr9	133847633	133847811	SINE/MIR	489	+	89	133847722	8845
chr9	130786765	130986765	harbor1	chr9	130799480	130799681	SINE/MIR	429	+	100	130799580	12815
chr9	130786765	130986765	harbor1	chr9	130826013	130826127	SINE/MIR	435	+	57	130826070	39305
chr9	130786765	130986765	harbor1	chr9	130833988	130834233	SINE/MIR	512	+	122	130834110	47345
chr9	130786765	130986765	harbor1	chr9	130839646	130839779	SINE/MIR	407	+	66	130839712	52947
chr9	130786765	130986765	harbor1	chr9	130839888	130840099	SINE/MIR	504	+	106	130839994	53229
chr9	37572989	37772989	harbor1	chr9	37603153	37603302	SINE/MIR	479	+	74	37603227	30238
chr9	37572989	37772989	harbor1	chr9	37617359	37617573	SINE/MIR	1047	+	107	37617466	44477
chr9	37572989	37772989	harbor1	chr9	37620264	37620500	SINE/MIR	624	+	118	37620382	47393
chr9	37572989	37772989	harbor1	chr9	37637682	37637843	SINE/MIR	517	+	80	37637762	64773
chr9	37572989	37772989	harbor1	chr9	37640015	37640194	SINE/MIR	467	+	90	37640105	67116
chr9	37572989	37772989	harbor1	chr9	37642427	37642602	SINE/MIR	591	+	88	37642515	69526
chr9	37572989	37772989	harbor1	chr9	37644672	37644873	SINE/MIR	687	+	100	37644772	71783
chr9	37572989	37772989	harbor1	chr9	37647927	37648055	SINE/MIR	413	+	64	37647991	75002
chr9	37572989	37772989	harbor1	chr9	37653105	37653309	SINE/MIR	436	+	102	37653207	80218
chr9	37572989	37772989	harbor1	chr9	37654400	37654649	SINE/MIR	974	+	124	37654524	81535
chr9	84566430	84766430	harbor1	chr9	84621674	84621812	SINE/MIR	549	+	69	84621743	55313
chr9	84566430	84766430	harbor1	chr9	84622869	84623114	SINE/MIR	579	+	122	84622991	56561
chr9	84566430	84766430	harbor1	chr9	84638282	84638470	SINE/MIR	735	+	94	84638376	71946
chr9	38182405	38382405	harbor1	chr9	38196596	38196776	SINE/MIR	584	+	90	38196686	14281
chr9	38182405	38382405	harbor1	chr9	38206306	38206505	SINE/MIR	447	+	100	38206406	24001
chr9	38182405	38382405	harbor1	chr9	38225321	38225465	SINE/MIR	565	+	72	38225393	42988
chr9	38182405	38382405	harbor1	chr9	38225761	38225925	SINE/MIR	578	+	82	38225843	43438
chr9	38182405	38382405	harbor1	chr9	38233716	38233945	SINE/MIR	508	+	114	38233830	51425
chr9	38182405	38382405	harbor1	chr9	38253817	38253999	SINE/MIR	511	+	91	38253908	71503
chr9	70026245	70226245	harbor1	chr9	70039503	70039713	SINE/MIR	635	+	105	70039608	13363
chr9	70026245	70226245	harbor1	chr9	70041308	70041502	SINE/MIR	541	+	97	70041405	15160
chr9	70026245	70226245	harbor1	chr9	70050397	70050590	SINE/MIR	804	+	96	70050493	24248
chr9	70026245	70226245	harbor1	chr9	70098726	70098940	SINE/MIR	417	+	107	70098833	72588
chr9	70026245	70226245	harbor1	chr9	70111434	70111561	SINE/MIR	581	+	64	70111498	85253
chr9	30978261	31178261	harbor1	chr9	30992534	30992676	SINE/MIR	439	+	71	30992605	14344
chr9	30978261	31178261	harbor1	chr9	30993307	30993434	SINE/MIR	439	+	64	30993371	15110
chr9	104724134	104924134	harbor1	chr9	104757333	104757537	SINE/MIR	905	+	102	104757435	33301
chr9	37780766	37980766	harbor1	chr9	37797576	37797804	SINE/MIR	787	+	114	37797690	16924
chr9	35780975	35980975	harbor1	chr9	35807813	35807929	SINE/MIR	514	+	58	35807871	26896
chr9	35780975	35980975	harbor1	chr9	35864432	35864666	SINE/MIR	605	+	117	35864549	83574
chr9	86403068	86603068	harbor1	chr9	86461311	86461498	SINE/MIR	532	+	94	86461405	58337
chr9	86403068	86603068	harbor1	chr9	86481923	86482112	SINE/MIR	568	+	94	86482017	78949
chr9	126255986	126455986	harbor1	chr9	126284459	126284596	SINE/MIR	435	+	68	126284527	28541
chr9	126255986	126455986	harbor1	chr9	126299290	126299438	SINE/MIR	467	+	74	126299364	43378
chr9	126255986	126455986	harbor1	chr9	126299866	126300011	SINE/MIR	628	+	72	126299938	43952
chr9	126255986	126455986	harbor1	chr9	126306357	126306564	SINE/MIR	866	+	104	126306461	50475
chr9	126255986	126455986	harbor1	chr9	126310222	126310359	SINE/MIR	467	+	68	126310290	54304
chr9	126255986	126455986	harbor1	chr9	126310662	126310764	SINE/MIR	467	+	51	126310713	54727
chr9	126255986	126455986	harbor1	chr9	126319408	126319651	SINE/MIR	565	+	122	126319530	63544
chr9	126255986	126455986	harbor1	chr9	126328466	126328706	SINE/MIR	775	+	120	126328586	72600
chr9	126255986	126455986	harbor1	chr9	126329110	126329327	SINE/MIR	550	+	108	126329218	73232
chr9	126255986	126455986	harbor1	chr9	126353445	126353587	SINE/MIR	585	+	71	126353516	97530
chr9	40994530	41194530	harbor1	chr9	41028393	41028581	SINE/MIR	423	+	94	41028487	33957
chr9	40994530	41194530	harbor1	chr9	41035785	41035993	SINE/MIR	768	+	104	41035889	41359
chr9	40994530	41194530	harbor1	chr9	41077644	41077766	SINE/MIR	437	+	61	41077705	83175
chr9	40994530	41194530	harbor1	chr9	41079919	41080108	SINE/MIR	648	+	94	41080013	85483
chr9	71363821	71563821	harbor1	chr9	71399916	71400059	SINE/MIR	433	+	72	71399988	36167
chr9	71363821	71563821	harbor1	chr9	71429309	71429491	SINE/MIR	599	+	91	71429400	65579
chr9	120298963	120498963	harbor1	chr9	120300320	120300582	SINE/MIR	603	+	131	120300451	1488
chr9	120298963	120498963	harbor1	chr9	120309834	120309941	SINE/MIR	446	+	54	120309888	10925
chr9	120298963	120498963	harbor1	chr9	120318528	120318706	SINE/MIR	506	+	89	120318617	19654
chr9	120298963	120498963	harbor1	chr9	120320149	120320248	SINE/MIR	491	+	50	120320199	21236
chr9	120298963	120498963	harbor1	chr9	120320626	120320718	SINE/MIR	491	+	46	120320672	21709
chr9	120298963	120498963	harbor1	chr9	120323253	120323479	SINE/MIR	789	+	113	120323366	24403
chr9	120298963	120498963	harbor1	chr9	120354132	120354314	SINE/MIR	603	+	91	120354223	55260
chr9	120298963	120498963	harbor1	chr9	120369803	120369970	SINE/MIR	443	+	84	120369887	70924
chr9	120298963	120498963	harbor1	chr9	120371872	120372021	SINE/MIR	415	+	74	120371946	72983
chr9	120298963	120498963	harbor1	chr9	120378693	120378854	SINE/MIR	479	+	80	120378773	79810
chr9	120298963	120498963	harbor1	chr9	120379728	120379865	SINE/MIR	449	+	68	120379796	80833
chr9	120298963	120498963	harbor1	chr9	120396876	120397051	SINE/MIR	432	+	88	120396964	98001
chr9	34052079	34252079	harbor1	chr9	34069653	34069820	SINE/MIR	578	+	84	34069737	17658
chr9	34052079	34252079	harbor1	chr9	34069800	34069934	SINE/MIR	479	+	67	34069867	17788
chr9	34052079	34252079	harbor1	chr9	34151796	34152033	SINE/MIR	409	+	118	34151914	99835
chr9	131544738	131744738	harbor1	chr9	131557676	131557813	SINE/MIR	452	+	68	131557744	13006
chr9	131544738	131744738	harbor1	chr9	131619558	131619772	SINE/MIR	835	+	107	131619665	74927
chr9	131544738	131744738	harbor1	chr9	131624140	131624317	SINE/MIR	515	+	88	131624228	79490
chr9	104665042	104865042	harbor1	chr9	104693429	104693581	SINE/MIR	612	+	76	104693505	28463
chr9	104665042	104865042	harbor1	chr9	104720648	104720907	SINE/MIR	680	+	130	104720778	55736
chr9	104665042	104865042	harbor1	chr9	104757333	104757537	SINE/MIR	905	+	102	104757435	92393
chr9	76422465	76622465	harbor1	chr9	76486060	76486268	SINE/MIR	713	+	104	76486164	63699
chr9	74105381	74305381	harbor1	chr9	74109715	74109930	SINE/MIR	593	+	108	74109823	4442
chr9	74105381	74305381	harbor1	chr9	74123214	74123446	SINE/MIR	505	+	116	74123330	17949
chr9	74105381	74305381	harbor1	chr9	74149515	74149707	SINE/MIR	412	+	96	74149611	44230
chr9	74105381	74305381	harbor1	chr9	74158908	74159056	SINE/MIR	475	+	74	74158982	53601
chr9	74105381	74305381	harbor1	chr9	74196289	74196513	SINE/MIR	477	+	112	74196401	91020
chr9	77275183	77475183	harbor1	chr9	77283748	77283890	SINE/MIR	558	+	71	77283819	8636
chr9	77275183	77475183	harbor1	chr9	77338368	77338587	SINE/MIR	602	+	110	77338478	63295
chr9	101557101	101757101	harbor1	chr9	101566993	101567191	SINE/MIR	686	+	99	101567092	9991
chr9	101557101	101757101	harbor1	chr9	101568404	101568643	SINE/MIR	444	+	120	101568524	11423
chr9	101557101	101757101	harbor1	chr9	101591402	101591639	SINE/MIR	619	+	118	101591520	34419
chr9	101557101	101757101	harbor1	chr9	101598459	101598610	SINE/MIR	434	+	76	101598535	41434
chr9	101557101	101757101	harbor1	chr9	101599019	101599245	SINE/MIR	570	+	113	101599132	42031
chr9	101557101	101757101	harbor1	chr9	101600021	101600230	SINE/MIR	598	+	104	101600125	43024
chr9	101557101	101757101	harbor1	chr9	101655602	101655799	SINE/MIR	443	+	98	101655700	98599
chr9	98081996	98281996	harbor1	chr9	98085264	98085482	SINE/MIR	706	+	109	98085373	3377
chr9	98081996	98281996	harbor1	chr9	98099511	98099726	SINE/MIR	517	+	108	98099619	17623
chr9	98081996	98281996	harbor1	chr9	98125139	98125314	SINE/MIR	505	+	88	98125227	43231
chr9	98081996	98281996	harbor1	chr9	98132769	98132946	SINE/MIR	434	+	88	98132857	50861
chr9	98081996	98281996	harbor1	chr9	98136591	98136830	SINE/MIR	780	+	120	98136711	54715
chr9	98081996	98281996	harbor1	chr9	98137792	98137986	SINE/MIR	693	+	97	98137889	55893
chr9	98081996	98281996	harbor1	chr9	98141760	98141901	SINE/MIR	488	+	70	98141830	59834
chr9	98081996	98281996	harbor1	chr9	98143452	98143661	SINE/MIR	488	+	104	98143556	61560
chr9	98081996	98281996	harbor1	chr9	98158039	98158164	SINE/MIR	651	+	62	98158101	76105
chr9	98081996	98281996	harbor1	chr9	98158296	98158387	SINE/MIR	651	+	46	98158342	76346
chr9	98081996	98281996	harbor1	chr9	98174226	98174371	SINE/MIR	495	+	72	98174298	92302
chr9	98081996	98281996	harbor1	chr9	98175685	98175902	SINE/MIR	703	+	108	98175793	93797
chr9	134048819	134248819	harbor1	chr9	134049674	134049830	SINE/MIR	660	+	78	134049752	933
chr9	134048819	134248819	harbor1	chr9	134087516	134087709	SINE/MIR	620	+	96	134087612	38793
chr9	134048819	134248819	harbor1	chr9	134132638	134132826	SINE/MIR	661	+	94	134132732	83913
chr9	80517341	80717341	harbor1	chr9	80556028	80556236	SINE/MIR	415	+	104	80556132	38791
chr9	80517341	80717341	harbor1	chr9	80585942	80586157	SINE/MIR	690	+	108	80586050	68709
chr9	87337117	87537117	harbor1	chr9	87382078	87382271	SINE/MIR	648	+	96	87382174	45057
chr9	71005723	71205723	harbor1	chr9	71049739	71049905	SINE/MIR	413	+	83	71049822	44099
chr9	71005723	71205723	harbor1	chr9	71054741	71055007	SINE/MIR	590	+	133	71054874	49151
chr9	71005723	71205723	harbor1	chr9	71071678	71071881	SINE/MIR	415	+	102	71071780	66057
chr9	71005723	71205723	harbor1	chr9	71074576	71074711	SINE/MIR	458	+	68	71074644	68921
chr9	71005723	71205723	harbor1	chr9	71081281	71081497	SINE/MIR	586	+	108	71081389	75666
chr9	71005723	71205723	harbor1	chr9	71090653	71090893	SINE/MIR	765	+	120	71090773	85050
chr9	71005723	71205723	harbor1	chr9	71024516	71024731	SINE/MIR	584	+	108	71024624	18901
chr9	9268559	9468559	harbor1	chr9	9284709	9284923	SINE/MIR	472	+	107	9284816	16257
chr9	9268559	9468559	harbor1	chr9	9321636	9321862	SINE/MIR	580	+	113	9321749	53190
chr9	9268559	9468559	harbor1	chr9	9334531	9334748	SINE/MIR	458	+	108	9334639	66080
chr9	9268559	9468559	harbor1	chr9	9345633	9345901	SINE/MIR	528	+	134	9345767	77208
chr9	9268559	9468559	harbor1	chr9	9368141	9368323	SINE/MIR	463	+	91	9368232	99673
chr9	113415641	113615641	harbor1	chr9	113462494	113462753	SINE/MIR	701	+	130	113462624	46983
chr9	113415641	113615641	harbor1	chr9	113473290	113473387	SINE/MIR	614	+	48	113473338	57697
chr9	113415641	113615641	harbor1	chr9	113473687	113473836	SINE/MIR	614	+	74	113473761	58120
chr9	113415641	113615641	harbor1	chr9	113479929	113480160	SINE/MIR	776	+	116	113480045	64404
chr9	113415641	113615641	harbor1	chr9	113482590	113482781	SINE/MIR	460	+	96	113482686	67045
chr9	113415641	113615641	harbor1	chr9	113484630	113484751	SINE/MIR	450	+	60	113484690	69049
chr9	113415641	113615641	harbor1	chr9	113490012	113490189	SINE/MIR	446	+	88	113490100	74459
chr9	113415641	113615641	harbor1	chr9	113495545	113495696	SINE/MIR	587	+	76	113495621	79980
chr9	113415641	113615641	harbor1	chr9	113502781	113503021	SINE/MIR	584	+	120	113502901	87260
chr9	113415641	113615641	harbor1	chr9	113508898	113509003	SINE/MIR	563	+	52	113508950	93309
chr9	113415641	113615641	harbor1	chr9	113509299	113509435	SINE/MIR	563	+	68	113509367	93726
chr9	19514673	19714673	harbor1	chr9	19521599	19521842	SINE/MIR	551	+	122	19521721	7048
chr9	19514673	19714673	harbor1	chr9	19523221	19523444	SINE/MIR	673	+	112	19523333	8660
chr9	19514673	19714673	harbor1	chr9	19527226	19527435	SINE/MIR	515	+	104	19527330	12657
chr9	19514673	19714673	harbor1	chr9	19531727	19531930	SINE/MIR	650	+	102	19531829	17156
chr9	19514673	19714673	harbor1	chr9	19571850	19571989	SINE/MIR	587	+	70	19571920	57247
chr9	19514673	19714673	harbor1	chr9	19572283	19572337	SINE/MIR	587	+	27	19572310	57637
chr9	19514673	19714673	harbor1	chr9	19572706	19572768	SINE/MIR	587	+	31	19572737	58064
chr9	19514673	19714673	harbor1	chr9	19574362	19574650	SINE/MIR	590	+	144	19574506	59833
chr9	19514673	19714673	harbor1	chr9	19580670	19580823	SINE/MIR	437	+	76	19580746	66073
chr9	19514673	19714673	harbor1	chr9	19601694	19601930	SINE/MIR	516	+	118	19601812	87139
chr9	19514673	19714673	harbor1	chr9	19602066	19602266	SINE/MIR	596	+	100	19602166	87493
chr9	19514673	19714673	harbor1	chr9	19602651	19602910	SINE/MIR	1038	+	130	19602781	88108
chr9	19514673	19714673	harbor1	chr9	19611938	19612187	SINE/MIR	700	+	124	19612062	97389
chr9	19514673	19714673	harbor1	chr9	19613780	19614041	SINE/MIR	687	+	130	19613910	99237
chr9	22492977	22692977	harbor1	chr9	22509639	22509878	SINE/MIR	576	+	120	22509759	16782
chr9	22492977	22692977	harbor1	chr9	22542604	22542794	SINE/MIR	586	+	95	22542699	49722
chr9	22492977	22692977	harbor1	chr9	22590766	22591003	SINE/MIR	496	+	118	22590884	97907
chr9	95712097	95912097	harbor1	chr9	95753002	95753141	SINE/MIR	439	+	70	95753072	40975
chr9	95712097	95912097	harbor1	chr9	95757737	95757891	SINE/MIR	610	+	77	95757814	45717
chr9	95712097	95912097	harbor1	chr9	95762292	95762438	SINE/MIR	415	+	73	95762365	50268
chr9	95712097	95912097	harbor1	chr9	95773518	95773669	SINE/MIR	423	+	76	95773594	61497
chr9	103338140	103538140	harbor1	chr9	103385216	103385425	SINE/MIR	559	+	104	103385320	47180
chr9	103338140	103538140	harbor1	chr9	103421969	103422146	SINE/MIR	410	+	88	103422057	83917
chr9	65148555	65348555	harbor1	chr9	65167530	65167739	SINE/MIR	668	+	104	65167634	19079
chr9	99822946	100022946	harbor1	chr9	99830189	99830420	SINE/MIR	415	+	116	99830305	7359
chr9	99822946	100022946	harbor1	chr9	99834954	99835148	SINE/MIR	759	+	97	99835051	12105
chr9	99822946	100022946	harbor1	chr9	99842793	99842960	SINE/MIR	556	+	84	99842877	19931
chr9	99822946	100022946	harbor1	chr9	99844427	99844536	SINE/MIR	416	+	54	99844481	21535
chr9	99822946	100022946	harbor1	chr9	99850585	99850781	SINE/MIR	654	+	98	99850683	27737
chr9	99822946	100022946	harbor1	chr9	99852988	99853177	SINE/MIR	574	+	94	99853082	30136
chr9	99822946	100022946	harbor1	chr9	99858661	99858888	SINE/MIR	571	+	114	99858775	35829
chr9	99822946	100022946	harbor1	chr9	99903890	99904085	SINE/MIR	626	+	98	99903988	81042
chr9	99822946	100022946	harbor1	chr9	99876793	99876961	SINE/MIR	425	+	84	99876877	53931
chr9	93887463	94087463	harbor1	chr9	93907890	93908108	SINE/MIR	765	+	109	93907999	20536
chr9	93887463	94087463	harbor1	chr9	93913796	93914008	SINE/MIR	409	+	106	93913902	26439
chr9	93887463	94087463	harbor1	chr9	93918812	93918934	SINE/MIR	472	+	61	93918873	31410
chr9	93887463	94087463	harbor1	chr9	93980739	93980896	SINE/MIR	422	+	78	93980817	93354
chr9	21362181	21562181	harbor1	chr9	21393562	21393737	SINE/MIR	503	+	88	21393650	31469
chr9	61017106	61217106	harbor1	chr9	61107422	61107619	SINE/MIR	538	+	98	61107520	90414
chr9	71815207	72015207	harbor1	chr9	71825623	71825812	SINE/MIR	583	+	94	71825717	10510
chr9	71815207	72015207	harbor1	chr9	71827805	71827942	SINE/MIR	496	+	68	71827873	12666
chr9	71815207	72015207	harbor1	chr9	71876200	71876368	SINE/MIR	565	+	84	71876284	61077
chr9	71815207	72015207	harbor1	chr9	71891946	71892135	SINE/MIR	511	+	94	71892040	76833
chr9	71815207	72015207	harbor1	chr9	71907977	71908119	SINE/MIR	428	+	71	71908048	92841
chr9	71815207	72015207	harbor1	chr9	71908414	71908488	SINE/MIR	428	+	37	71908451	93244
chr9	124069006	124269006	harbor1	chr9	124072681	124072861	SINE/MIR	608	+	90	124072771	3765
chr9	124069006	124269006	harbor1	chr9	124074793	124074999	SINE/MIR	562	+	103	124074896	5890
chr9	124069006	124269006	harbor1	chr9	124075047	124075177	SINE/MIR	450	+	65	124075112	6106
chr9	124069006	124269006	harbor1	chr9	124078936	124079176	SINE/MIR	573	+	120	124079056	10050
chr9	124069006	124269006	harbor1	chr9	124082274	124082441	SINE/MIR	531	+	84	124082358	13352
chr9	124069006	124269006	harbor1	chr9	124114094	124114303	SINE/MIR	805	+	104	124114198	45192
chr9	124069006	124269006	harbor1	chr9	124124259	124124479	SINE/MIR	771	+	110	124124369	55363
chr9	124069006	124269006	harbor1	chr9	124133673	124133866	SINE/MIR	617	+	96	124133769	64763
chr9	26128453	26328453	harbor1	chr9	26132224	26132446	SINE/MIR	437	+	111	26132335	3882
chr9	26128453	26328453	harbor1	chr9	26134992	26135188	SINE/MIR	599	+	98	26135090	6637
chr9	26128453	26328453	harbor1	chr9	26172913	26173105	SINE/MIR	444	+	96	26173009	44556
chr9	26128453	26328453	harbor1	chr9	26174193	26174415	SINE/MIR	469	+	111	26174304	45851
chr9	26128453	26328453	harbor1	chr9	26224385	26224609	SINE/MIR	804	+	112	26224497	96044
chr9	67564572	67764572	harbor1	chr9	67663955	67664184	SINE/MIR	479	+	114	67664069	99497
chr9	30571757	30771757	harbor1	chr9	30625150	30625356	SINE/MIR	702	+	103	30625253	53496
chr9	30571757	30771757	harbor1	chr9	30666336	30666527	SINE/MIR	579	+	96	30666432	94675
chr9	100749114	100949114	harbor1	chr9	100802809	100803017	SINE/MIR	510	+	104	100802913	53799
chr9	100749114	100949114	harbor1	chr9	100811458	100811702	SINE/MIR	688	+	122	100811580	62466
chr9	77686599	77886599	harbor1	chr9	77735778	77735999	SINE/MIR	494	+	110	77735888	49289
chr9	120819187	121019187	harbor1	chr9	120832196	120832363	SINE/MIR	446	+	84	120832280	13093
chr9	120819187	121019187	harbor1	chr9	120861322	120861503	SINE/MIR	465	+	90	120861412	42225
chr9	120819187	121019187	harbor1	chr9	120861549	120861711	SINE/MIR	418	+	81	120861630	42443
chr9	120819187	121019187	harbor1	chr9	120879395	120879620	SINE/MIR	499	+	112	120879507	60320
chr9	120819187	121019187	harbor1	chr9	120892908	120893144	SINE/MIR	817	+	118	120893026	73839
chr9	120819187	121019187	harbor1	chr9	120896036	120896226	SINE/MIR	788	+	95	120896131	76944
chr9	120819187	121019187	harbor1	chr9	120898641	120898914	SINE/MIR	534	+	136	120898777	79590
chr9	120819187	121019187	harbor1	chr9	120917290	120917494	SINE/MIR	986	+	102	120917392	98205
chr9	130370027	130570027	harbor1	chr9	130426403	130426629	SINE/MIR	611	+	113	130426516	56489
chr9	130370027	130570027	harbor1	chr9	130443282	130443454	SINE/MIR	466	+	86	130443368	73341
chr9	130370027	130570027	harbor1	chr9	130462716	130462847	SINE/MIR	410	+	66	130462782	92755
chr9	130370027	130570027	harbor1	chr9	130462821	130462989	SINE/MIR	414	+	84	130462905	92878
chr9	6225801	6425801	harbor1	chr9	6227976	6228153	SINE/MIR	845	+	88	6228064	2263
chr9	6225801	6425801	harbor1	chr9	6238131	6238309	SINE/MIR	415	+	89	6238220	12419
chr9	6225801	6425801	harbor1	chr9	6249666	6249900	SINE/MIR	819	+	117	6249783	23982
chr9	6225801	6425801	harbor1	chr9	6271954	6272186	SINE/MIR	605	+	116	6272070	46269
chr9	6225801	6425801	harbor1	chr9	6282332	6282471	SINE/MIR	449	+	70	6282402	56601
chr9	6225801	6425801	harbor1	chr9	6306305	6306461	SINE/MIR	420	+	78	6306383	80582
chr9	70478800	70678800	harbor1	chr9	70515011	70515245	SINE/MIR	652	+	117	70515128	36328
chr9	70478800	70678800	harbor1	chr9	70556390	70556439	SINE/MIR	451	+	24	70556414	77614
chr9	70478800	70678800	harbor1	chr9	70556733	70556934	SINE/MIR	451	+	100	70556833	78033
chr9	70478800	70678800	harbor1	chr9	70571182	70571400	SINE/MIR	773	+	109	70571291	92491
chr9	70478800	70678800	harbor1	chr9	70571627	70571780	SINE/MIR	500	+	76	70571703	92903
chr9	70478800	70678800	harbor1	chr9	70577332	70577435	SINE/MIR	409	+	52	70577384	98584
chr9	36869117	37069117	harbor1	chr9	36885299	36885442	SINE/MIR	580	+	72	36885371	16254
chr9	36869117	37069117	harbor1	chr9	36888897	36889022	SINE/MIR	456	+	62	36888959	19842
chr9	36869117	37069117	harbor1	chr9	36894489	36894724	SINE/MIR	797	+	118	36894607	25490
chr9	36869117	37069117	harbor1	chr9	36894875	36895035	SINE/MIR	445	+	80	36894955	25838
chr9	36869117	37069117	harbor1	chr9	36895428	36895646	SINE/MIR	714	+	109	36895537	26420
chr9	36869117	37069117	harbor1	chr9	36901727	36901914	SINE/MIR	554	+	94	36901821	32704
chr9	36869117	37069117	harbor1	chr9	36903932	36904171	SINE/MIR	970	+	120	36904052	34935
chr9	36869117	37069117	harbor1	chr9	36912543	36912688	SINE/MIR	412	+	72	36912615	43498
chr9	36869117	37069117	harbor1	chr9	36921452	36921682	SINE/MIR	549	+	115	36921567	52450
chr9	36869117	37069117	harbor1	chr9	36930574	36930804	SINE/MIR	430	+	115	36930689	61572
chr9	36869117	37069117	harbor1	chr9	36941125	36941323	SINE/MIR	498	+	99	36941224	72107
chr9	36869117	37069117	harbor1	chr9	36959807	36960025	SINE/MIR	540	+	109	36959916	90799
chr9	36869117	37069117	harbor1	chr9	36945751	36945938	SINE/MIR	824	+	94	36945845	76728
chr9	26585234	26785234	harbor1	chr9	26647904	26648109	SINE/MIR	478	+	102	26648006	62772
chr9	26585234	26785234	harbor1	chr9	26653863	26654067	SINE/MIR	541	+	102	26653965	68731
chr9	26585234	26785234	harbor1	chr9	26654262	26654434	SINE/MIR	540	+	86	26654348	69114
chr9	26585234	26785234	harbor1	chr9	26659623	26659823	SINE/MIR	607	+	100	26659723	74489
chr9	26585234	26785234	harbor1	chr9	26671331	26671552	SINE/MIR	891	+	110	26671441	86207
chr9	99559588	99759588	harbor1	chr9	99573762	99573964	SINE/MIR	541	+	101	99573863	14275
chr9	99559588	99759588	harbor1	chr9	99605981	99606152	SINE/MIR	422	+	86	99606067	46479
chr9	99559588	99759588	harbor1	chr9	99609141	99609405	SINE/MIR	791	+	132	99609273	49685
chr9	99559588	99759588	harbor1	chr9	99612783	99613000	SINE/MIR	551	+	108	99612891	53303
chr9	99559588	99759588	harbor1	chr9	99639772	99640015	SINE/MIR	505	+	122	99639894	80306
chr9	99559588	99759588	harbor1	chr9	99640542	99640803	SINE/MIR	557	+	130	99640672	81084
chr9	115316730	115516730	harbor1	chr9	115324246	115324405	SINE/MIR	432	+	80	115324326	7596
chr9	115316730	115516730	harbor1	chr9	115325785	115326025	SINE/MIR	1078	+	120	115325905	9175
chr9	115316730	115516730	harbor1	chr9	115340936	115341099	SINE/MIR	460	+	82	115341018	24288
chr9	115316730	115516730	harbor1	chr9	115356564	115356798	SINE/MIR	430	+	117	115356681	39951
chr9	115316730	115516730	harbor1	chr9	115358234	115358345	SINE/MIR	553	+	56	115358290	41560
chr9	115316730	115516730	harbor1	chr9	115358728	115358828	SINE/MIR	553	+	50	115358778	42048
chr9	115316730	115516730	harbor1	chr9	115367691	115367935	SINE/MIR	732	+	122	115367813	51083
chr9	115316730	115516730	harbor1	chr9	115391347	115391479	SINE/MIR	411	+	66	115391413	74683
chr9	115316730	115516730	harbor1	chr9	115392963	115393195	SINE/MIR	570	+	116	115393079	76349
chr9	115316730	115516730	harbor1	chr9	115395183	115395375	SINE/MIR	480	+	96	115395279	78549
chr9	115316730	115516730	harbor1	chr9	115392287	115392518	SINE/MIR	489	+	116	115392403	75673
chr9	28636786	28836786	harbor1	chr9	28645865	28646118	SINE/MIR	456	+	126	28645991	9205
chr9	28636786	28836786	harbor1	chr9	28662608	28662781	SINE/MIR	678	+	86	28662694	25908
chr9	28636786	28836786	harbor1	chr9	28678475	28678710	SINE/MIR	716	+	118	28678593	41807
chr9	28636786	28836786	harbor1	chr9	28711267	28711454	SINE/MIR	500	+	94	28711361	74575
chr9	28636786	28836786	harbor1	chr9	28712457	28712669	SINE/MIR	642	+	106	28712563	75777
chr9	118473862	118673862	harbor1	chr9	118476789	118477024	SINE/MIR	512	+	118	118476907	3045
chr9	118473862	118673862	harbor1	chr9	118482768	118482952	SINE/MIR	564	+	92	118482860	8998
chr9	118473862	118673862	harbor1	chr9	118484350	118484594	SINE/MIR	603	+	122	118484472	10610
chr9	118473862	118673862	harbor1	chr9	118518285	118518501	SINE/MIR	430	+	108	118518393	44531
chr9	118473862	118673862	harbor1	chr9	118527515	118527691	SINE/MIR	463	+	88	118527603	53741
chr9	118473862	118673862	harbor1	chr9	118570566	118570803	SINE/MIR	507	+	118	118570684	96822
chr9	128502440	128702440	harbor1	chr9	128526960	128527155	SINE/MIR	847	+	98	128527058	24618
chr9	128502440	128702440	harbor1	chr9	128534450	128534686	SINE/MIR	562	+	118	128534568	32128
chr9	128502440	128702440	harbor1	chr9	128543090	128543220	SINE/MIR	410	+	65	128543155	40715
chr9	128502440	128702440	harbor1	chr9	128551500	128551691	SINE/MIR	516	+	96	128551596	49156
chr9	128502440	128702440	harbor1	chr9	128584930	128585011	SINE/MIR	434	+	40	128584970	82530
chr9	128502440	128702440	harbor1	chr9	128585328	128585463	SINE/MIR	434	+	68	128585396	82956
chr9	111316148	111516148	harbor1	chr9	111344185	111344350	SINE/MIR	414	+	82	111344267	28119
chr9	111316148	111516148	harbor1	chr9	111397467	111397686	SINE/MIR	415	+	110	111397577	81429
chr9	111316148	111516148	harbor1	chr9	111408935	111409179	SINE/MIR	653	+	122	111409057	92909
chr9	36546922	36746922	harbor1	chr9	36552505	36552651	SINE/MIR	445	+	73	36552578	5656
chr9	36546922	36746922	harbor1	chr9	36611594	36611752	SINE/MIR	636	+	79	36611673	64751
chr9	8477014	8677014	harbor1	chr9	8477846	8478047	SINE/MIR	462	+	100	8477946	932
chr9	8477014	8677014	harbor1	chr9	8478077	8478234	SINE/MIR	586	+	78	8478155	1141
chr9	8477014	8677014	harbor1	chr9	8493192	8493426	SINE/MIR	594	+	117	8493309	16295
chr9	8477014	8677014	harbor1	chr9	8506468	8506720	SINE/MIR	749	+	126	8506594	29580
chr9	8477014	8677014	harbor1	chr9	8518652	8518769	SINE/MIR	430	+	58	8518710	41696
chr9	133282205	133482205	harbor1	chr9	133345845	133346058	SINE/MIR	763	+	106	133345951	63746
chr9	133282205	133482205	harbor1	chr9	133378429	133378622	SINE/MIR	435	+	96	133378525	96320
chr9	17834613	18034613	harbor1	chr9	17876385	17876615	SINE/MIR	450	+	115	17876500	41887
chr9	17834613	18034613	harbor1	chr9	17887082	17887115	SINE/MIR	518	+	16	17887098	52485
chr9	17834613	18034613	harbor1	chr9	17887400	17887484	SINE/MIR	518	+	42	17887442	52829
chr9	35464954	35664954	harbor1	chr9	35515530	35515716	SINE/MIR	630	+	93	35515623	50669
chr9	35464954	35664954	harbor1	chr9	35516030	35516097	SINE/MIR	630	+	34	35516064	51110
chr9	35464954	35664954	harbor1	chr9	35531491	35531727	SINE/MIR	783	+	118	35531609	66655
chr9	35464954	35664954	harbor1	chr9	35540826	35541040	SINE/MIR	420	+	107	35540933	75979
chr9	35464954	35664954	harbor1	chr9	35553905	35554080	SINE/MIR	576	+	88	35553993	89039
chr9	122046153	122246153	harbor1	chr9	122060587	122060761	SINE/MIR	524	+	87	122060674	14521
chr9	122046153	122246153	harbor1	chr9	122065596	122065809	SINE/MIR	599	+	106	122065702	19549
chr9	122046153	122246153	harbor1	chr9	122067111	122067266	SINE/MIR	527	+	78	122067189	21036
chr9	122046153	122246153	harbor1	chr9	122087053	122087213	SINE/MIR	625	+	80	122087133	40980
chr9	122046153	122246153	harbor1	chr9	122088431	122088675	SINE/MIR	833	+	122	122088553	42400
chr9	122046153	122246153	harbor1	chr9	122099903	122100155	SINE/MIR	644	+	126	122100029	53876
chr9	122046153	122246153	harbor1	chr9	122105107	122105207	SINE/MIR	439	+	50	122105157	59004
chr9	122046153	122246153	harbor1	chr9	122105334	122105460	SINE/MIR	439	+	63	122105397	59244
chr9	122046153	122246153	harbor1	chr9	122116702	122116780	SINE/MIR	432	+	39	122116741	70588
chr9	122046153	122246153	harbor1	chr9	122116967	122117029	SINE/MIR	432	+	31	122116998	70845
chr9	122046153	122246153	harbor1	chr9	122118448	122118696	SINE/MIR	1056	+	124	122118572	72419
chr9	122046153	122246153	harbor1	chr9	122128851	122128986	SINE/MIR	601	+	68	122128919	82766
chr9	122046153	122246153	harbor1	chr9	122129839	122129992	SINE/MIR	434	+	76	122129915	83762
chr9	122046153	122246153	harbor1	chr9	122132002	122132186	SINE/MIR	430	+	92	122132094	85941
chr9	122046153	122246153	harbor1	chr9	122133959	122134100	SINE/MIR	410	+	70	122134029	87876
chr9	122046153	122246153	harbor1	chr9	122134270	122134529	SINE/MIR	891	+	130	122134400	88247
chr9	122046153	122246153	harbor1	chr9	122142541	122142762	SINE/MIR	587	+	110	122142651	96498
chr9	100686419	100886419	harbor1	chr9	100700934	100701151	SINE/MIR	409	+	108	100701042	14623
chr9	100686419	100886419	harbor1	chr9	100713797	100714024	SINE/MIR	772	+	114	100713911	27492
chr9	119495040	119695040	harbor1	chr9	119502025	119502236	SINE/MIR	630	+	106	119502131	7091
chr9	119495040	119695040	harbor1	chr9	119513292	119513424	SINE/MIR	418	+	66	119513358	18318
chr9	119495040	119695040	harbor1	chr9	119525625	119525876	SINE/MIR	648	+	126	119525751	30711
chr9	119495040	119695040	harbor1	chr9	119529319	119529485	SINE/MIR	530	+	83	119529402	34362
chr9	119495040	119695040	harbor1	chr9	119531008	119531184	SINE/MIR	553	+	88	119531096	36056
chr9	119495040	119695040	harbor1	chr9	119542585	119542752	SINE/MIR	485	+	84	119542669	47629
chr9	119495040	119695040	harbor1	chr9	119549182	119549437	SINE/MIR	483	+	128	119549310	54270
chr9	119495040	119695040	harbor1	chr9	119551119	119551315	SINE/MIR	522	+	98	119551217	56177
chr9	119495040	119695040	harbor1	chr9	119553470	119553693	SINE/MIR	760	+	112	119553582	58542
chr9	119495040	119695040	harbor1	chr9	119556902	119557023	SINE/MIR	527	+	60	119556962	61922
chr9	119495040	119695040	harbor1	chr9	119572981	119573159	SINE/MIR	554	+	89	119573070	78030
chr9	119495040	119695040	harbor1	chr9	119575875	119576119	SINE/MIR	871	+	122	119575997	80957
chr9	119495040	119695040	harbor1	chr9	119594409	119594625	SINE/MIR	571	+	108	119594517	99477
chr9	42035476	42235476	harbor1	chr9	42035459	42035641	SINE/MIR	463	+	91	42035550	74
chr9	42035476	42235476	harbor1	chr9	42055808	42056038	SINE/MIR	708	+	115	42055923	20447
chr9	109986587	110186587	harbor1	chr9	110066207	110066414	SINE/MIR	756	+	104	110066311	79724
chr9	109986587	110186587	harbor1	chr9	110077104	110077345	SINE/MIR	640	+	120	110077224	90637
chr9	69343718	69543718	harbor1	chr9	69413510	69413677	SINE/MIR	465	+	84	69413594	69876
chr9	69343718	69543718	harbor1	chr9	69426541	69426677	SINE/MIR	421	+	68	69426609	82891
chr9	93540116	93740116	harbor1	chr9	93549261	93549444	SINE/MIR	489	+	92	93549353	9237
chr9	132821788	133021788	harbor1	chr9	132836825	132836959	SINE/MIR	420	+	67	132836892	15104
chr9	132821788	133021788	harbor1	chr9	132884287	132884405	SINE/MIR	445	+	59	132884346	62558
chr9	84448714	84648714	harbor1	chr9	84461802	84461990	SINE/MIR	537	+	94	84461896	13182
chr9	84448714	84648714	harbor1	chr9	84511478	84511690	SINE/MIR	503	+	106	84511584	62870
chr9	60909824	61109824	harbor1	chr9	60940213	60940388	SINE/MIR	420	+	88	60940301	30477
chr9	13629385	13829385	harbor1	chr9	13667880	13668125	SINE/MIR	770	+	122	13668002	38617
chr9	13629385	13829385	harbor1	chr9	13689370	13689583	SINE/MIR	467	+	106	13689476	60091
chr9	13629385	13829385	harbor1	chr9	13727583	13727832	SINE/MIR	571	+	124	13727707	98322
chr9	76511411	76711411	harbor1	chr9	76589181	76589408	SINE/MIR	598	+	114	76589295	77884
chr9	84876539	85076539	harbor1	chr9	84902752	84902946	SINE/MIR	438	+	97	84902849	26310
chr9	84876539	85076539	harbor1	chr9	84919428	84919673	SINE/MIR	780	+	122	84919550	43011
chr9	84876539	85076539	harbor1	chr9	84922519	84922735	SINE/MIR	531	+	108	84922627	46088
chr9	84876539	85076539	harbor1	chr9	84969979	84970108	SINE/MIR	543	+	64	84970043	93504
chr9	3979551	4179551	harbor1	chr9	4005435	4005684	SINE/MIR	840	+	124	4005559	26008
chr9	3979551	4179551	harbor1	chr9	4010187	4010415	SINE/MIR	727	+	114	4010301	30750
chr9	3979551	4179551	harbor1	chr9	4028135	4028350	SINE/MIR	594	+	108	4028243	48692
chr9	3979551	4179551	harbor1	chr9	4036977	4037178	SINE/MIR	480	+	100	4037077	57526
chr9	3979551	4179551	harbor1	chr9	4037224	4037467	SINE/MIR	710	+	122	4037346	57795
chr9	3979551	4179551	harbor1	chr9	4062450	4062643	SINE/MIR	591	+	96	4062546	82995
chr9	24480570	24680570	harbor1	chr9	24489414	24489631	SINE/MIR	740	+	108	24489522	8952
chr9	24480570	24680570	harbor1	chr9	24556098	24556289	SINE/MIR	492	+	96	24556194	75624
chr9	24480570	24680570	harbor1	chr9	24559899	24560065	SINE/MIR	456	+	83	24559982	79412
chr9	107607690	107807690	harbor1	chr9	107614298	107614484	SINE/MIR	475	+	93	107614391	6701
chr9	107607690	107807690	harbor1	chr9	107618064	107618141	SINE/MIR	442	+	38	107618102	10412
chr9	107607690	107807690	harbor1	chr9	107618318	107618392	SINE/MIR	442	+	37	107618355	10665
chr9	107607690	107807690	harbor1	chr9	107625940	107626107	SINE/MIR	433	+	84	107626024	18334
chr9	107607690	107807690	harbor1	chr9	107627504	107627736	SINE/MIR	585	+	116	107627620	19930
chr9	107607690	107807690	harbor1	chr9	107636256	107636463	SINE/MIR	631	+	104	107636360	28670
chr9	107607690	107807690	harbor1	chr9	107645476	107645551	SINE/MIR	559	+	38	107645514	37824
chr9	107607690	107807690	harbor1	chr9	107645687	107645821	SINE/MIR	559	+	67	107645754	38064
chr9	107607690	107807690	harbor1	chr9	107653661	107653832	SINE/MIR	420	+	86	107653747	46057
chr9	107607690	107807690	harbor1	chr9	107661448	107661677	SINE/MIR	499	+	114	107661562	53872
chr9	107607690	107807690	harbor1	chr9	107691640	107691838	SINE/MIR	512	+	99	107691739	84049
chr9	107607690	107807690	harbor1	chr9	107693264	107693424	SINE/MIR	439	+	80	107693344	85654
chr9	107607690	107807690	harbor1	chr9	107694266	107694471	SINE/MIR	595	+	102	107694368	86678
chr9	107607690	107807690	harbor1	chr9	107642799	107642982	SINE/MIR	601	+	92	107642891	35201
chr9	81571714	81771714	harbor1	chr9	81577993	81578198	SINE/MIR	589	+	102	81578095	6381
chr9	81571714	81771714	harbor1	chr9	81589541	81589725	SINE/MIR	554	+	92	81589633	17919
chr9	81166457	81366457	harbor1	chr9	81184695	81184859	SINE/MIR	564	+	82	81184777	18320
chr9	81166457	81366457	harbor1	chr9	81207782	81208030	SINE/MIR	759	+	124	81207906	41449
chr9	126244659	126444659	harbor1	chr9	126244540	126244761	SINE/MIR	541	+	110	126244650	9
chr9	126244659	126444659	harbor1	chr9	126284459	126284596	SINE/MIR	435	+	68	126284527	39868
chr9	126244659	126444659	harbor1	chr9	126299290	126299438	SINE/MIR	467	+	74	126299364	54705
chr9	126244659	126444659	harbor1	chr9	126299866	126300011	SINE/MIR	628	+	72	126299938	55279
chr9	126244659	126444659	harbor1	chr9	126306357	126306564	SINE/MIR	866	+	104	126306461	61802
chr9	126244659	126444659	harbor1	chr9	126310222	126310359	SINE/MIR	467	+	68	126310290	65631
chr9	126244659	126444659	harbor1	chr9	126310662	126310764	SINE/MIR	467	+	51	126310713	66054
chr9	126244659	126444659	harbor1	chr9	126319408	126319651	SINE/MIR	565	+	122	126319530	74871
chr9	126244659	126444659	harbor1	chr9	126328466	126328706	SINE/MIR	775	+	120	126328586	83927
chr9	126244659	126444659	harbor1	chr9	126329110	126329327	SINE/MIR	550	+	108	126329218	84559
chr9	133275748	133475748	harbor1	chr9	133345845	133346058	SINE/MIR	763	+	106	133345951	70203
chr9	42814263	43014263	harbor1	chr9	42820057	42820292	SINE/MIR	610	+	118	42820175	5912
chr9	42814263	43014263	harbor1	chr9	42834759	42834927	SINE/MIR	457	+	84	42834843	20580
chr9	106434740	106634740	harbor1	chr9	106441203	106441348	SINE/MIR	450	+	72	106441275	6535
chr9	106434740	106634740	harbor1	chr9	106458824	106458961	SINE/MIR	475	+	68	106458892	24152
chr9	106434740	106634740	harbor1	chr9	106465534	106465769	SINE/MIR	623	+	118	106465652	30912
chr9	106434740	106634740	harbor1	chr9	106468774	106468972	SINE/MIR	659	+	99	106468873	34133
chr9	71323909	71523909	harbor1	chr9	71356466	71356686	SINE/MIR	529	+	110	71356576	32667
chr9	71323909	71523909	harbor1	chr9	71359730	71359907	SINE/MIR	485	+	88	71359818	35909
chr9	71323909	71523909	harbor1	chr9	71399916	71400059	SINE/MIR	433	+	72	71399988	76079
chr9	37212323	37412323	harbor1	chr9	37249956	37250169	SINE/MIR	535	+	106	37250062	37739
chr9	37212323	37412323	harbor1	chr9	37276404	37276583	SINE/MIR	516	+	90	37276494	64171
chr9	37212323	37412323	harbor1	chr9	37304746	37304921	SINE/MIR	483	+	88	37304834	92511
chr9	81054815	81254815	harbor1	chr9	81120588	81120774	SINE/MIR	619	+	93	81120681	65866
chr9	89878800	90078800	harbor1	chr9	89954511	89954693	SINE/MIR	424	+	91	89954602	75802
chr9	114236316	114436316	harbor1	chr9	114245115	114245148	SINE/MIR	507	+	16	114245131	8815
chr9	114236316	114436316	harbor1	chr9	114245457	114245605	SINE/MIR	533	+	74	114245531	9215
chr9	114236316	114436316	harbor1	chr9	114255811	114256033	SINE/MIR	440	+	111	114255922	19606
chr9	114236316	114436316	harbor1	chr9	114260734	114260899	SINE/MIR	438	+	82	114260816	24500
chr9	114236316	114436316	harbor1	chr9	114261744	114261884	SINE/MIR	473	+	70	114261814	25498
chr9	114236316	114436316	harbor1	chr9	114265652	114265767	SINE/MIR	407	+	58	114265710	29394
chr9	114236316	114436316	harbor1	chr9	114268557	114268724	SINE/MIR	443	+	84	114268641	32325
chr9	114236316	114436316	harbor1	chr9	114274340	114274570	SINE/MIR	731	+	115	114274455	38139
chr9	114236316	114436316	harbor1	chr9	114277915	114278055	SINE/MIR	467	+	70	114277985	41669
chr9	114236316	114436316	harbor1	chr9	114299474	114299692	SINE/MIR	429	+	109	114299583	63267
chr9	114236316	114436316	harbor1	chr9	114300274	114300387	SINE/MIR	481	+	56	114300330	64014
chr9	105025159	105225159	harbor1	chr9	105028608	105028774	SINE/MIR	416	+	83	105028691	3532
chr9	105025159	105225159	harbor1	chr9	105065110	105065305	SINE/MIR	672	+	98	105065208	40049
chr9	105025159	105225159	harbor1	chr9	105066492	105066634	SINE/MIR	447	+	71	105066563	41404
chr9	105025159	105225159	harbor1	chr9	105094200	105094395	SINE/MIR	487	+	98	105094298	69139
chr9	105025159	105225159	harbor1	chr9	105094844	105094948	SINE/MIR	438	+	52	105094896	69737
chr9	105025159	105225159	harbor1	chr9	105097941	105098069	SINE/MIR	479	+	64	105098005	72846
chr9	105025159	105225159	harbor1	chr9	105115199	105115374	SINE/MIR	447	+	88	105115287	90128
chr9	105025159	105225159	harbor1	chr9	105119506	105119616	SINE/MIR	462	+	55	105119561	94402
chr9	105025159	105225159	harbor1	chr9	105119919	105120024	SINE/MIR	462	+	52	105119971	94812
chr9	105025159	105225159	harbor1	chr9	105120094	105120291	SINE/MIR	527	+	98	105120192	95033
chr9	111042351	111242351	harbor1	chr9	111061165	111061412	SINE/MIR	597	+	124	111061289	18938
chr9	111042351	111242351	harbor1	chr9	111077772	111077945	SINE/MIR	466	+	86	111077858	35507
chr9	111042351	111242351	harbor1	chr9	111082871	111083042	SINE/MIR	468	+	86	111082957	40606
chr9	111042351	111242351	harbor1	chr9	111083119	111083258	SINE/MIR	424	+	70	111083189	40838
chr9	111042351	111242351	harbor1	chr9	111105439	111105645	SINE/MIR	450	+	103	111105542	63191
chr9	105415116	105615116	harbor1	chr9	105428443	105428569	SINE/MIR	513	+	63	105428506	13390
chr9	105415116	105615116	harbor1	chr9	105450376	105450531	SINE/MIR	538	+	78	105450454	35338
chr9	105415116	105615116	harbor1	chr9	105450837	105450903	SINE/MIR	538	+	33	105450870	35754
chr9	105415116	105615116	harbor1	chr9	105455597	105455841	SINE/MIR	641	+	122	105455719	40603
chr9	105415116	105615116	harbor1	chr9	105456197	105456428	SINE/MIR	1066	+	116	105456313	41197
chr9	105415116	105615116	harbor1	chr9	105484743	105484977	SINE/MIR	561	+	117	105484860	69744
chr9	70000999	70200999	harbor1	chr9	70039503	70039713	SINE/MIR	635	+	105	70039608	38609
chr9	70000999	70200999	harbor1	chr9	70041308	70041502	SINE/MIR	541	+	97	70041405	40406
chr9	70000999	70200999	harbor1	chr9	70050397	70050590	SINE/MIR	804	+	96	70050493	49494
chr9	70000999	70200999	harbor1	chr9	70098726	70098940	SINE/MIR	417	+	107	70098833	97834
chr9	9937719	10137719	harbor1	chr9	9967090	9967257	SINE/MIR	469	+	84	9967174	29455
chr9	12860986	13060986	harbor1	chr9	12934445	12934609	SINE/MIR	456	+	82	12934527	73541
chr9	122016555	122216555	harbor1	chr9	122030529	122030639	SINE/MIR	653	+	55	122030584	14029
chr9	122016555	122216555	harbor1	chr9	122030969	122031033	SINE/MIR	653	+	32	122031001	14446
chr9	122016555	122216555	harbor1	chr9	122060587	122060761	SINE/MIR	524	+	87	122060674	44119
chr9	122016555	122216555	harbor1	chr9	122065596	122065809	SINE/MIR	599	+	106	122065702	49147
chr9	122016555	122216555	harbor1	chr9	122067111	122067266	SINE/MIR	527	+	78	122067189	50634
chr9	122016555	122216555	harbor1	chr9	122087053	122087213	SINE/MIR	625	+	80	122087133	70578
chr9	122016555	122216555	harbor1	chr9	122088431	122088675	SINE/MIR	833	+	122	122088553	71998
chr9	122016555	122216555	harbor1	chr9	122099903	122100155	SINE/MIR	644	+	126	122100029	83474
chr9	122016555	122216555	harbor1	chr9	122105107	122105207	SINE/MIR	439	+	50	122105157	88602
chr9	122016555	122216555	harbor1	chr9	122105334	122105460	SINE/MIR	439	+	63	122105397	88842
chr9	118232156	118432156	harbor1	chr9	118233391	118233619	SINE/MIR	412	+	114	118233505	1349
chr9	118232156	118432156	harbor1	chr9	118244721	118244919	SINE/MIR	410	+	99	118244820	12664
chr9	118232156	118432156	harbor1	chr9	118271179	118271390	SINE/MIR	478	+	106	118271285	39129
chr9	118232156	118432156	harbor1	chr9	118280244	118280386	SINE/MIR	455	+	71	118280315	48159
chr9	118232156	118432156	harbor1	chr9	118281273	118281485	SINE/MIR	567	+	106	118281379	49223
chr9	118232156	118432156	harbor1	chr9	118309121	118309336	SINE/MIR	575	+	108	118309229	77073
chr9	118232156	118432156	harbor1	chr9	118309949	118310151	SINE/MIR	475	+	101	118310050	77894
chr9	133832200	134032200	harbor1	chr9	133836984	133837200	SINE/MIR	639	+	108	133837092	4892
chr9	133832200	134032200	harbor1	chr9	133847633	133847811	SINE/MIR	489	+	89	133847722	15522
chr9	70300878	70500878	harbor1	chr9	70305832	70306044	SINE/MIR	767	+	106	70305938	5060
chr9	70300878	70500878	harbor1	chr9	70323068	70323225	SINE/MIR	595	+	78	70323146	22268
chr9	70300878	70500878	harbor1	chr9	70343028	70343276	SINE/MIR	750	+	124	70343152	42274
chr9	70300878	70500878	harbor1	chr9	70383883	70384112	SINE/MIR	587	+	114	70383997	83119
chr9	85697984	85897984	harbor1	chr9	85749654	85749790	SINE/MIR	586	+	68	85749722	51738
chr9	70021680	70221680	harbor1	chr9	70039503	70039713	SINE/MIR	635	+	105	70039608	17928
chr9	70021680	70221680	harbor1	chr9	70041308	70041502	SINE/MIR	541	+	97	70041405	19725
chr9	70021680	70221680	harbor1	chr9	70050397	70050590	SINE/MIR	804	+	96	70050493	28813
chr9	70021680	70221680	harbor1	chr9	70098726	70098940	SINE/MIR	417	+	107	70098833	77153
chr9	70021680	70221680	harbor1	chr9	70111434	70111561	SINE/MIR	581	+	64	70111498	89818
chr9	16021054	16221054	harbor1	chr9	16021506	16021719	SINE/MIR	446	+	106	16021612	558
chr9	16021054	16221054	harbor1	chr9	16048717	16048845	SINE/MIR	534	+	64	16048781	27727
chr9	16021054	16221054	harbor1	chr9	16068493	16068703	SINE/MIR	511	+	105	16068598	47544
chr9	16021054	16221054	harbor1	chr9	16084836	16084985	SINE/MIR	470	+	74	16084910	63856
chr9	16021054	16221054	harbor1	chr9	16095673	16095782	SINE/MIR	413	+	54	16095727	74673
chr9	16021054	16221054	harbor1	chr9	16103290	16103490	SINE/MIR	454	+	100	16103390	82336
chr9	136752273	136952273	harbor1	chr9	136758564	136758671	SINE/MIR	462	+	54	136758618	6345
chr9	136752273	136952273	harbor1	chr9	136758981	136759024	SINE/MIR	462	+	22	136759003	6730
chr9	10781845	10981845	harbor1	chr9	10822315	10822533	SINE/MIR	961	+	109	10822424	40579
chr9	10781845	10981845	harbor1	chr9	10876061	10876284	SINE/MIR	664	+	112	10876173	94328
chr9	75138945	75338945	harbor1	chr9	75150943	75151170	SINE/MIR	529	+	114	75151057	12112
chr9	75138945	75338945	harbor1	chr9	75200231	75200375	SINE/MIR	499	+	72	75200303	61358
chr9	75138945	75338945	harbor1	chr9	75231744	75231987	SINE/MIR	857	+	122	75231866	92921
chr9	36860327	37060327	harbor1	chr9	36885299	36885442	SINE/MIR	580	+	72	36885371	25044
chr9	36860327	37060327	harbor1	chr9	36888897	36889022	SINE/MIR	456	+	62	36888959	28632
chr9	36860327	37060327	harbor1	chr9	36894489	36894724	SINE/MIR	797	+	118	36894607	34280
chr9	36860327	37060327	harbor1	chr9	36894875	36895035	SINE/MIR	445	+	80	36894955	34628
chr9	36860327	37060327	harbor1	chr9	36895428	36895646	SINE/MIR	714	+	109	36895537	35210
chr9	36860327	37060327	harbor1	chr9	36901727	36901914	SINE/MIR	554	+	94	36901821	41494
chr9	36860327	37060327	harbor1	chr9	36903932	36904171	SINE/MIR	970	+	120	36904052	43725
chr9	36860327	37060327	harbor1	chr9	36912543	36912688	SINE/MIR	412	+	72	36912615	52288
chr9	36860327	37060327	harbor1	chr9	36921452	36921682	SINE/MIR	549	+	115	36921567	61240
chr9	36860327	37060327	harbor1	chr9	36930574	36930804	SINE/MIR	430	+	115	36930689	70362
chr9	36860327	37060327	harbor1	chr9	36941125	36941323	SINE/MIR	498	+	99	36941224	80897
chr9	36860327	37060327	harbor1	chr9	36959807	36960025	SINE/MIR	540	+	109	36959916	99589
chr9	36860327	37060327	harbor1	chr9	36945751	36945938	SINE/MIR	824	+	94	36945845	85518
chr9	131191662	131391662	harbor1	chr9	131226011	131226244	SINE/MIR	523	+	116	131226127	34465
chr9	131191662	131391662	harbor1	chr9	131256867	131257027	SINE/MIR	526	+	80	131256947	65285
chr9	131191662	131391662	harbor1	chr9	131284987	131285139	SINE/MIR	428	+	76	131285063	93401
chr9	37615157	37815157	harbor1	chr9	37617359	37617573	SINE/MIR	1047	+	107	37617466	2309
chr9	37615157	37815157	harbor1	chr9	37620264	37620500	SINE/MIR	624	+	118	37620382	5225
chr9	37615157	37815157	harbor1	chr9	37637682	37637843	SINE/MIR	517	+	80	37637762	22605
chr9	37615157	37815157	harbor1	chr9	37640015	37640194	SINE/MIR	467	+	90	37640105	24948
chr9	37615157	37815157	harbor1	chr9	37642427	37642602	SINE/MIR	591	+	88	37642515	27358
chr9	37615157	37815157	harbor1	chr9	37644672	37644873	SINE/MIR	687	+	100	37644772	29615
chr9	37615157	37815157	harbor1	chr9	37647927	37648055	SINE/MIR	413	+	64	37647991	32834
chr9	37615157	37815157	harbor1	chr9	37653105	37653309	SINE/MIR	436	+	102	37653207	38050
chr9	37615157	37815157	harbor1	chr9	37654400	37654649	SINE/MIR	974	+	124	37654524	39367
chr9	37615157	37815157	harbor1	chr9	37684183	37684402	SINE/MIR	571	+	110	37684293	69136
chr9	37615157	37815157	harbor1	chr9	37704536	37704726	SINE/MIR	513	+	95	37704631	89474
chr9	37615157	37815157	harbor1	chr9	37711698	37711835	SINE/MIR	429	+	68	37711766	96609
chr9	105729439	105929439	harbor1	chr9	105773401	105773564	SINE/MIR	566	+	82	105773483	44044
chr9	76215837	76415837	harbor1	chr9	76221388	76221594	SINE/MIR	581	+	103	76221491	5654
chr9	76215837	76415837	harbor1	chr9	76260113	76260249	SINE/MIR	463	+	68	76260181	44344
chr9	76215837	76415837	harbor1	chr9	76268883	76269004	SINE/MIR	475	+	60	76268943	53106
chr9	76215837	76415837	harbor1	chr9	76294533	76294687	SINE/MIR	463	+	77	76294610	78773
chr9	76215837	76415837	harbor1	chr9	76300680	76300882	SINE/MIR	671	+	101	76300781	84944
chr10	3508070	3708070	harbor1	chr10	3513405	3513541	SINE/MIR	438	+	68	3513473	5403
chr10	3508070	3708070	harbor1	chr10	3588986	3589178	SINE/MIR	474	+	96	3589082	81012
chr10	3508070	3708070	harbor1	chr10	3596515	3596742	SINE/MIR	609	+	114	3596629	88559
chr10	57229440	57429440	harbor1	chr10	57239698	57239856	SINE/MIR	515	+	79	57239777	10337
chr10	57229440	57429440	harbor1	chr10	57313714	57313902	SINE/MIR	493	+	94	57313808	84368
chr10	109893345	110093345	harbor1	chr10	109934600	109934827	SINE/MIR	747	+	114	109934714	41369
chr10	109893345	110093345	harbor1	chr10	109962455	109962687	SINE/MIR	765	+	116	109962571	69226
chr10	109893345	110093345	harbor1	chr10	109964118	109964254	SINE/MIR	542	+	68	109964186	70841
chr10	109893345	110093345	harbor1	chr10	109964560	109964623	SINE/MIR	542	+	32	109964592	71247
chr10	109893345	110093345	harbor1	chr10	109968815	109969006	SINE/MIR	424	+	96	109968911	75566
chr10	109893345	110093345	harbor1	chr10	109970409	109970578	SINE/MIR	599	+	84	109970493	77148
chr10	109893345	110093345	harbor1	chr10	109970846	109970939	SINE/MIR	599	+	46	109970892	77547
chr10	109893345	110093345	harbor1	chr10	109973336	109973596	SINE/MIR	620	+	130	109973466	80121
chr10	109893345	110093345	harbor1	chr10	109980106	109980323	SINE/MIR	657	+	108	109980214	86869
chr10	109893345	110093345	harbor1	chr10	109981116	109981305	SINE/MIR	445	+	94	109981210	87865
chr10	109893345	110093345	harbor1	chr10	109987149	109987312	SINE/MIR	489	+	82	109987231	93886
chr10	99327912	99527912	harbor1	chr10	99345023	99345212	SINE/MIR	608	+	94	99345117	17205
chr10	99327912	99527912	harbor1	chr10	99355671	99355869	SINE/MIR	693	+	99	99355770	27858
chr10	99327912	99527912	harbor1	chr10	99427768	99427943	SINE/MIR	435	+	88	99427856	99944
chr10	92851216	93051216	harbor1	chr10	92877331	92877558	SINE/MIR	692	+	114	92877445	26229
chr10	92851216	93051216	harbor1	chr10	92886563	92886731	SINE/MIR	415	+	84	92886647	35431
chr10	92851216	93051216	harbor1	chr10	92892775	92893002	SINE/MIR	675	+	114	92892889	41673
chr10	92851216	93051216	harbor1	chr10	92949535	92949594	SINE/MIR	441	+	30	92949565	98349
chr10	92851216	93051216	harbor1	chr10	92949895	92950017	SINE/MIR	441	+	61	92949956	98740
chr10	127440355	127640355	harbor1	chr10	127491944	127492076	SINE/MIR	492	+	66	127492010	51655
chr10	127440355	127640355	harbor1	chr10	127492746	127492907	SINE/MIR	443	+	80	127492826	52471
chr10	127440355	127640355	harbor1	chr10	127514628	127514872	SINE/MIR	709	+	122	127514750	74395
chr10	127440355	127640355	harbor1	chr10	127517801	127518013	SINE/MIR	413	+	106	127517907	77552
chr10	127440355	127640355	harbor1	chr10	127521885	127522058	SINE/MIR	415	+	86	127521971	81616
chr10	113852404	114052404	harbor1	chr10	113856896	113857117	SINE/MIR	518	+	110	113857006	4602
chr10	113852404	114052404	harbor1	chr10	113892725	113892977	SINE/MIR	1090	+	126	113892851	40447
chr10	113852404	114052404	harbor1	chr10	113898732	113898934	SINE/MIR	774	+	101	113898833	46429
chr10	113852404	114052404	harbor1	chr10	113935836	113936030	SINE/MIR	550	+	97	113935933	83529
chr10	113852404	114052404	harbor1	chr10	113946003	113946205	SINE/MIR	595	+	101	113946104	93700
chr10	108410709	108610709	harbor1	chr10	108425557	108425788	SINE/MIR	454	+	116	108425673	14964
chr10	34202435	34402435	harbor1	chr10	34297936	34298170	SINE/MIR	763	+	117	34298053	95618
chr10	34202435	34402435	harbor1	chr10	34209589	34209814	SINE/MIR	514	+	112	34209701	7266
chr10	127799946	127999946	harbor1	chr10	127841673	127841859	SINE/MIR	742	+	93	127841766	41820
chr10	38102355	38302355	harbor1	chr10	38174711	38174901	SINE/MIR	407	+	95	38174806	72451
chr10	46058347	46258347	harbor1	chr10	46062303	46062513	SINE/MIR	581	+	105	46062408	4061
chr10	46058347	46258347	harbor1	chr10	46083910	46084107	SINE/MIR	680	+	98	46084008	25661
chr10	46058347	46258347	harbor1	chr10	46108321	46108511	SINE/MIR	438	+	95	46108416	50069
chr10	26640835	26840835	harbor1	chr10	26642028	26642209	SINE/MIR	484	+	90	26642118	1283
chr10	128835066	129035066	harbor1	chr10	128837555	128837767	SINE/MIR	494	+	106	128837661	2595
chr10	70845790	71045790	harbor1	chr10	70855405	70855652	SINE/MIR	808	+	124	70855529	9739
chr10	70845790	71045790	harbor1	chr10	70899268	70899461	SINE/MIR	700	+	96	70899364	53574
chr10	70845790	71045790	harbor1	chr10	70906399	70906576	SINE/MIR	509	+	88	70906487	60697
chr10	70845790	71045790	harbor1	chr10	70912804	70912987	SINE/MIR	486	+	92	70912896	67106
chr10	70845790	71045790	harbor1	chr10	70922358	70922543	SINE/MIR	449	+	92	70922450	76660
chr10	94882607	95082607	harbor1	chr10	94902877	94903057	SINE/MIR	443	+	90	94902967	20360
chr10	94882607	95082607	harbor1	chr10	94904265	94904468	SINE/MIR	539	+	102	94904367	21760
chr10	80950148	81150148	harbor1	chr10	80962088	80962215	SINE/MIR	603	+	64	80962152	12004
chr10	80950148	81150148	harbor1	chr10	80962523	80962566	SINE/MIR	603	+	22	80962545	12397
chr10	55481441	55681441	harbor1	chr10	55553560	55553812	SINE/MIR	447	+	126	55553686	72245
chr10	33341233	33541233	harbor1	chr10	33349941	33350116	SINE/MIR	475	+	88	33350029	8796
chr10	33341233	33541233	harbor1	chr10	33356527	33356721	SINE/MIR	628	+	97	33356624	15391
chr10	33341233	33541233	harbor1	chr10	33396107	33396342	SINE/MIR	917	+	118	33396225	54992
chr10	77504150	77704150	harbor1	chr10	77511414	77511672	SINE/MIR	748	+	129	77511543	7393
chr10	77504150	77704150	harbor1	chr10	77521408	77521670	SINE/MIR	673	+	131	77521539	17389
chr10	77504150	77704150	harbor1	chr10	77525602	77525719	SINE/MIR	518	+	58	77525660	21510
chr10	77504150	77704150	harbor1	chr10	77527937	77528162	SINE/MIR	686	+	112	77528049	23899
chr10	77504150	77704150	harbor1	chr10	77538486	77538622	SINE/MIR	541	+	68	77538554	34404
chr10	77504150	77704150	harbor1	chr10	77548641	77548802	SINE/MIR	474	+	80	77548721	44571
chr10	77504150	77704150	harbor1	chr10	77552271	77552486	SINE/MIR	648	+	108	77552379	48229
chr10	77504150	77704150	harbor1	chr10	77563854	77564034	SINE/MIR	456	+	90	77563944	59794
chr10	77504150	77704150	harbor1	chr10	77565518	77565751	SINE/MIR	553	+	116	77565634	61484
chr10	77504150	77704150	harbor1	chr10	77582188	77582362	SINE/MIR	801	+	87	77582275	78125
chr10	77504150	77704150	harbor1	chr10	77585234	77585400	SINE/MIR	525	+	83	77585317	81167
chr10	77504150	77704150	harbor1	chr10	77603798	77603966	SINE/MIR	619	+	84	77603882	99732
chr10	105601717	105801717	harbor1	chr10	105639598	105639802	SINE/MIR	433	+	102	105639700	37983
chr10	105601717	105801717	harbor1	chr10	105657761	105657993	SINE/MIR	498	+	116	105657877	56160
chr10	37068050	37268050	harbor1	chr10	37068137	37068349	SINE/MIR	613	+	106	37068243	193
chr10	37068050	37268050	harbor1	chr10	37075706	37075931	SINE/MIR	495	+	112	37075818	7768
chr10	37068050	37268050	harbor1	chr10	37077057	37077228	SINE/MIR	517	+	86	37077143	9093
chr10	37068050	37268050	harbor1	chr10	37109407	37109610	SINE/MIR	465	+	102	37109509	41459
chr10	37068050	37268050	harbor1	chr10	37133269	37133479	SINE/MIR	467	+	105	37133374	65324
chr10	47002079	47202079	harbor1	chr10	47042643	47042775	SINE/MIR	537	+	66	47042709	40630
chr10	47002079	47202079	harbor1	chr10	47065616	47065824	SINE/MIR	411	+	104	47065720	63641
chr10	66347624	66547624	harbor1	chr10	66348268	66348482	SINE/MIR	440	+	107	66348375	751
chr10	66347624	66547624	harbor1	chr10	66401088	66401246	SINE/MIR	430	+	79	66401167	53543
chr10	66347624	66547624	harbor1	chr10	66401562	66401601	SINE/MIR	430	+	20	66401582	53958
chr10	66347624	66547624	harbor1	chr10	66440656	66440868	SINE/MIR	453	+	106	66440762	93138
chr10	75381197	75581197	harbor1	chr10	75387302	75387528	SINE/MIR	934	+	113	75387415	6218
chr10	75381197	75581197	harbor1	chr10	75388515	75388712	SINE/MIR	719	+	98	75388613	7416
chr10	75381197	75581197	harbor1	chr10	75416412	75416654	SINE/MIR	755	+	121	75416533	35336
chr10	75381197	75581197	harbor1	chr10	75473536	75473777	SINE/MIR	492	+	120	75473656	92459
chr10	44826456	45026456	harbor1	chr10	44860740	44860962	SINE/MIR	641	+	111	44860851	34395
chr10	44826456	45026456	harbor1	chr10	44874669	44874830	SINE/MIR	438	+	80	44874749	48293
chr10	44826456	45026456	harbor1	chr10	44925638	44925859	SINE/MIR	534	+	110	44925748	99292
chr10	103253782	103453782	harbor1	chr10	103264710	103264914	SINE/MIR	719	+	102	103264812	11030
chr10	103253782	103453782	harbor1	chr10	103313833	103314065	SINE/MIR	698	+	116	103313949	60167
chr10	103253782	103453782	harbor1	chr10	103328441	103328680	SINE/MIR	734	+	120	103328561	74779
chr10	80892211	81092211	harbor1	chr10	80892904	80893073	SINE/MIR	506	+	84	80892988	777
chr10	80892211	81092211	harbor1	chr10	80913804	80914034	SINE/MIR	442	+	115	80913919	21708
chr10	80892211	81092211	harbor1	chr10	80919370	80919608	SINE/MIR	467	+	119	80919489	27278
chr10	80892211	81092211	harbor1	chr10	80921561	80921805	SINE/MIR	600	+	122	80921683	29472
chr10	80892211	81092211	harbor1	chr10	80962088	80962215	SINE/MIR	603	+	64	80962152	69941
chr10	80892211	81092211	harbor1	chr10	80962523	80962566	SINE/MIR	603	+	22	80962545	70334
chr10	58955136	59155136	harbor1	chr10	58958064	58958226	SINE/MIR	423	+	81	58958145	3009
chr10	58955136	59155136	harbor1	chr10	58972005	58972255	SINE/MIR	705	+	125	58972130	16994
chr10	58955136	59155136	harbor1	chr10	58992317	58992529	SINE/MIR	545	+	106	58992423	37287
chr10	58955136	59155136	harbor1	chr10	59011225	59011427	SINE/MIR	642	+	101	59011326	56190
chr10	58955136	59155136	harbor1	chr10	59012072	59012321	SINE/MIR	537	+	124	59012196	57060
chr10	90578406	90778406	harbor1	chr10	90580652	90580887	SINE/MIR	512	+	118	90580770	2364
chr10	90578406	90778406	harbor1	chr10	90589281	90589528	SINE/MIR	660	+	124	90589405	10999
chr10	90578406	90778406	harbor1	chr10	90591272	90591467	SINE/MIR	550	+	98	90591370	12964
chr10	90578406	90778406	harbor1	chr10	90612801	90613060	SINE/MIR	627	+	130	90612931	34525
chr10	90578406	90778406	harbor1	chr10	90616060	90616257	SINE/MIR	539	+	98	90616158	37752
chr10	90578406	90778406	harbor1	chr10	90640875	90641077	SINE/MIR	657	+	101	90640976	62570
chr10	90578406	90778406	harbor1	chr10	90641485	90641706	SINE/MIR	1003	+	110	90641595	63189
chr10	90578406	90778406	harbor1	chr10	90643169	90643321	SINE/MIR	522	+	76	90643245	64839
chr10	35767212	35967212	harbor1	chr10	35770064	35770223	SINE/MIR	642	+	80	35770144	2932
chr10	35767212	35967212	harbor1	chr10	35770656	35770762	SINE/MIR	642	+	53	35770709	3497
chr10	35767212	35967212	harbor1	chr10	35774041	35774263	SINE/MIR	708	+	111	35774152	6940
chr10	35767212	35967212	harbor1	chr10	35807463	35807652	SINE/MIR	576	+	94	35807557	40345
chr10	35767212	35967212	harbor1	chr10	35808867	35808988	SINE/MIR	416	+	60	35808927	41715
chr10	35767212	35967212	harbor1	chr10	35855214	35855363	SINE/MIR	552	+	74	35855288	88076
chr10	16371146	16571146	harbor1	chr10	16400533	16400749	SINE/MIR	476	+	108	16400641	29495
chr10	16371146	16571146	harbor1	chr10	16407077	16407267	SINE/MIR	466	+	95	16407172	36026
chr10	84430319	84630319	harbor1	chr10	84438906	84439077	SINE/MIR	461	+	86	84438992	8673
chr10	84430319	84630319	harbor1	chr10	84508106	84508259	SINE/MIR	414	+	76	84508182	77863
chr10	4535391	4735391	harbor1	chr10	4593077	4593242	SINE/MIR	422	+	82	4593159	57768
chr10	119739373	119939373	harbor1	chr10	119807372	119807583	SINE/MIR	577	+	106	119807478	68105
chr10	119739373	119939373	harbor1	chr10	119808433	119808628	SINE/MIR	735	+	98	119808531	69158
chr10	115914653	116114653	harbor1	chr10	115914749	115914991	SINE/MIR	500	+	121	115914870	217
chr10	115914653	116114653	harbor1	chr10	115935533	115935758	SINE/MIR	621	+	112	115935645	20992
chr10	115914653	116114653	harbor1	chr10	115963334	115963581	SINE/MIR	585	+	124	115963458	48805
chr10	115914653	116114653	harbor1	chr10	115977710	115977895	SINE/MIR	407	+	92	115977802	63149
chr10	115914653	116114653	harbor1	chr10	115977993	115978184	SINE/MIR	576	+	96	115978089	63436
chr10	115914653	116114653	harbor1	chr10	116003313	116003494	SINE/MIR	590	+	90	116003403	88750
chr10	12859258	13059258	harbor1	chr10	12880094	12880305	SINE/MIR	562	+	106	12880200	20942
chr10	12859258	13059258	harbor1	chr10	12938481	12938668	SINE/MIR	505	+	94	12938575	79317
chr10	54972701	55172701	harbor1	chr10	55053615	55053816	SINE/MIR	468	+	100	55053715	81014
chr10	70607001	70807001	harbor1	chr10	70618655	70618875	SINE/MIR	410	+	110	70618765	11764
chr10	70607001	70807001	harbor1	chr10	70653775	70653935	SINE/MIR	617	+	80	70653855	46854
chr10	70607001	70807001	harbor1	chr10	70682422	70682627	SINE/MIR	696	+	102	70682524	75523
chr10	70607001	70807001	harbor1	chr10	70684535	70684657	SINE/MIR	450	+	61	70684596	77595
chr10	70607001	70807001	harbor1	chr10	70699202	70699360	SINE/MIR	642	+	79	70699281	92280
chr10	70607001	70807001	harbor1	chr10	70702854	70703107	SINE/MIR	558	+	126	70702980	95979
chr10	70607001	70807001	harbor1	chr10	70680488	70680699	SINE/MIR	516	+	106	70680594	73593
chr10	113930500	114130500	harbor1	chr10	113935836	113936030	SINE/MIR	550	+	97	113935933	5433
chr10	113930500	114130500	harbor1	chr10	113946003	113946205	SINE/MIR	595	+	101	113946104	15604
chr10	113930500	114130500	harbor1	chr10	113982463	113982636	SINE/MIR	537	+	86	113982549	52049
chr10	113930500	114130500	harbor1	chr10	113988575	113988724	SINE/MIR	433	+	74	113988649	58149
chr10	113930500	114130500	harbor1	chr10	113990156	113990327	SINE/MIR	454	+	86	113990242	59742
chr10	113930500	114130500	harbor1	chr10	114018202	114018409	SINE/MIR	518	+	104	114018306	87806
chr10	103595902	103795902	harbor1	chr10	103609807	103610042	SINE/MIR	571	+	118	103609925	14023
chr10	103595902	103795902	harbor1	chr10	103634767	103634976	SINE/MIR	617	+	104	103634871	38969
chr10	103595902	103795902	harbor1	chr10	103638522	103638727	SINE/MIR	756	+	102	103638624	42722
chr10	103595902	103795902	harbor1	chr10	103666564	103666789	SINE/MIR	559	+	112	103666676	70774
chr10	103595902	103795902	harbor1	chr10	103670198	103670440	SINE/MIR	710	+	121	103670319	74417
chr10	103595902	103795902	harbor1	chr10	103672549	103672749	SINE/MIR	574	+	100	103672649	76747
chr10	44669959	44869959	harbor1	chr10	44699408	44699529	SINE/MIR	414	+	60	44699468	29509
chr10	44669959	44869959	harbor1	chr10	44761671	44761836	SINE/MIR	415	+	82	44761753	91794
chr10	65830703	66030703	harbor1	chr10	65859786	65859968	SINE/MIR	563	+	91	65859877	29174
chr10	65830703	66030703	harbor1	chr10	65909326	65909562	SINE/MIR	417	+	118	65909444	78741
chr10	65830703	66030703	harbor1	chr10	65914917	65915047	SINE/MIR	461	+	65	65914982	84279
chr10	70463496	70663496	harbor1	chr10	70467639	70467780	SINE/MIR	492	+	70	70467709	4213
chr10	70463496	70663496	harbor1	chr10	70481851	70482040	SINE/MIR	417	+	94	70481945	18449
chr10	70463496	70663496	harbor1	chr10	70482650	70482891	SINE/MIR	801	+	120	70482770	19274
chr10	70463496	70663496	harbor1	chr10	70508588	70508745	SINE/MIR	440	+	78	70508666	45170
chr10	70463496	70663496	harbor1	chr10	70527116	70527243	SINE/MIR	412	+	64	70527180	63684
chr10	70463496	70663496	harbor1	chr10	70536913	70537074	SINE/MIR	485	+	80	70536993	73497
chr10	70463496	70663496	harbor1	chr10	70557092	70557263	SINE/MIR	506	+	86	70557178	93682
chr10	27997530	28197530	harbor1	chr10	28049421	28049615	SINE/MIR	574	+	97	28049518	51988
chr10	27997530	28197530	harbor1	chr10	28068891	28069089	SINE/MIR	488	+	99	28068990	71460
chr10	27997530	28197530	harbor1	chr10	28085174	28085362	SINE/MIR	652	+	94	28085268	87738
chr10	27997530	28197530	harbor1	chr10	28094391	28094537	SINE/MIR	436	+	73	28094464	96934
chr10	66550771	66750771	harbor1	chr10	66594737	66594989	SINE/MIR	757	+	126	66594863	44092
chr10	66550771	66750771	harbor1	chr10	66624157	66624321	SINE/MIR	558	+	82	66624239	73468
chr10	94360469	94560469	harbor1	chr10	94410748	94410926	SINE/MIR	440	+	89	94410837	50368
chr10	94360469	94560469	harbor1	chr10	94412045	94412272	SINE/MIR	588	+	114	94412159	51690
chr10	85877975	86077975	harbor1	chr10	85913294	85913507	SINE/MIR	741	+	106	85913400	35425
chr10	85877975	86077975	harbor1	chr10	85941120	85941259	SINE/MIR	538	+	70	85941190	63215
chr10	21128533	21328533	harbor1	chr10	21133419	21133675	SINE/MIR	511	+	128	21133547	5014
chr10	21128533	21328533	harbor1	chr10	21137081	21137284	SINE/MIR	505	+	102	21137183	8650
chr10	21128533	21328533	harbor1	chr10	21171560	21171711	SINE/MIR	595	+	76	21171636	43103
chr10	21128533	21328533	harbor1	chr10	21175165	21175362	SINE/MIR	486	+	98	21175263	46730
chr10	21128533	21328533	harbor1	chr10	21217549	21217712	SINE/MIR	527	+	82	21217631	89098
chr10	66892439	67092439	harbor1	chr10	66895562	66895794	SINE/MIR	618	+	116	66895678	3239
chr10	66892439	67092439	harbor1	chr10	66925117	66925350	SINE/MIR	624	+	116	66925233	32794
chr10	66892439	67092439	harbor1	chr10	66953818	66954041	SINE/MIR	610	+	112	66953930	61491
chr10	66892439	67092439	harbor1	chr10	66959471	66959646	SINE/MIR	412	+	88	66959559	67120
chr10	66892439	67092439	harbor1	chr10	66979507	66979742	SINE/MIR	551	+	118	66979625	87186
chr10	66892439	67092439	harbor1	chr10	66982287	66982509	SINE/MIR	661	+	111	66982398	89959
chr10	113169263	113369263	harbor1	chr10	113181513	113181665	SINE/MIR	446	+	76	113181589	12326
chr10	113169263	113369263	harbor1	chr10	113192742	113192919	SINE/MIR	510	+	88	113192830	23567
chr10	113169263	113369263	harbor1	chr10	113240304	113240463	SINE/MIR	621	+	80	113240384	71121
chr10	113169263	113369263	harbor1	chr10	113255010	113255224	SINE/MIR	561	+	107	113255117	85854
chr10	113169263	113369263	harbor1	chr10	113256176	113256323	SINE/MIR	432	+	74	113256250	86987
chr10	72079204	72279204	harbor1	chr10	72084670	72084845	SINE/MIR	537	+	88	72084758	5554
chr10	72079204	72279204	harbor1	chr10	72147637	72147839	SINE/MIR	534	+	101	72147738	68534
chr10	72079204	72279204	harbor1	chr10	72174729	72174858	SINE/MIR	513	+	64	72174793	95589
chr10	72079204	72279204	harbor1	chr10	72175114	72175321	SINE/MIR	493	+	104	72175218	96014
chr10	61833023	62033023	harbor1	chr10	61841994	61842093	SINE/MIR	457	+	50	61842044	9021
chr10	61833023	62033023	harbor1	chr10	61867115	61867322	SINE/MIR	516	+	104	61867219	34196
chr10	61833023	62033023	harbor1	chr10	61872420	61872567	SINE/MIR	474	+	74	61872494	39471
chr10	61833023	62033023	harbor1	chr10	61872927	61873098	SINE/MIR	468	+	86	61873013	39990
chr10	61833023	62033023	harbor1	chr10	61886947	61887120	SINE/MIR	546	+	86	61887033	54010
chr10	61833023	62033023	harbor1	chr10	61888177	61888358	SINE/MIR	603	+	90	61888267	55244
chr10	61833023	62033023	harbor1	chr10	61905984	61906181	SINE/MIR	430	+	98	61906082	73059
chr10	61833023	62033023	harbor1	chr10	61906807	61906990	SINE/MIR	771	+	92	61906899	73876
chr10	117882078	118082078	harbor1	chr10	117884372	117884552	SINE/MIR	744	+	90	117884462	2384
chr10	117882078	118082078	harbor1	chr10	117890760	117890969	SINE/MIR	467	+	104	117890864	8786
chr10	117882078	118082078	harbor1	chr10	117956150	117956364	SINE/MIR	579	+	107	117956257	74179
chr10	117882078	118082078	harbor1	chr10	117969065	117969272	SINE/MIR	624	+	104	117969169	87091
chr10	71616597	71816597	harbor1	chr10	71616944	71617153	SINE/MIR	626	+	104	71617048	451
chr10	71616597	71816597	harbor1	chr10	71619817	71619949	SINE/MIR	445	+	66	71619883	3286
chr10	71616597	71816597	harbor1	chr10	71624318	71624548	SINE/MIR	633	+	115	71624433	7836
chr10	71616597	71816597	harbor1	chr10	71652542	71652722	SINE/MIR	495	+	90	71652632	36035
chr10	71616597	71816597	harbor1	chr10	71653678	71653897	SINE/MIR	523	+	110	71653788	37191
chr10	71616597	71816597	harbor1	chr10	71657169	71657380	SINE/MIR	499	+	106	71657275	40678
chr10	71616597	71816597	harbor1	chr10	71660745	71660920	SINE/MIR	514	+	88	71660833	44236
chr10	71616597	71816597	harbor1	chr10	71668439	71668683	SINE/MIR	616	+	122	71668561	51964
chr10	71616597	71816597	harbor1	chr10	71671725	71671902	SINE/MIR	597	+	88	71671813	55216
chr10	71616597	71816597	harbor1	chr10	71673610	71673813	SINE/MIR	572	+	102	71673712	57115
chr10	71616597	71816597	harbor1	chr10	71682093	71682228	SINE/MIR	619	+	68	71682161	65564
chr10	71616597	71816597	harbor1	chr10	71684459	71684653	SINE/MIR	565	+	97	71684556	67959
chr10	71616597	71816597	harbor1	chr10	71690963	71691100	SINE/MIR	425	+	68	71691031	74434
chr10	71616597	71816597	harbor1	chr10	71698837	71699073	SINE/MIR	930	+	118	71698955	82358
chr10	71616597	71816597	harbor1	chr10	71703321	71703555	SINE/MIR	758	+	117	71703438	86841
chr10	71616597	71816597	harbor1	chr10	71706343	71706547	SINE/MIR	630	+	102	71706445	89848
chr10	71616597	71816597	harbor1	chr10	71712372	71712508	SINE/MIR	436	+	68	71712440	95843
chr10	71616597	71816597	harbor1	chr10	71663587	71663765	SINE/MIR	766	+	89	71663676	47079
chr10	17548283	17748283	harbor1	chr10	17615204	17615413	SINE/MIR	530	+	104	17615308	67025
chr10	17548283	17748283	harbor1	chr10	17647534	17647757	SINE/MIR	842	+	112	17647646	99363
chr10	109629992	109829992	harbor1	chr10	109643155	109643383	SINE/MIR	686	+	114	109643269	13277
chr10	109629992	109829992	harbor1	chr10	109715974	109716160	SINE/MIR	449	+	93	109716067	86075
chr10	109629992	109829992	harbor1	chr10	109724494	109724681	SINE/MIR	487	+	94	109724588	94596
chr10	109629992	109829992	harbor1	chr10	109726643	109726787	SINE/MIR	483	+	72	109726715	96723
chr10	109629992	109829992	harbor1	chr10	109727717	109727916	SINE/MIR	439	+	100	109727817	97825
chr10	100734685	100934685	harbor1	chr10	100763790	100764046	SINE/MIR	831	+	128	100763918	29233
chr10	100734685	100934685	harbor1	chr10	100769094	100769299	SINE/MIR	969	+	102	100769196	34511
chr10	100734685	100934685	harbor1	chr10	100773066	100773282	SINE/MIR	409	+	108	100773174	38489
chr10	100734685	100934685	harbor1	chr10	100785806	100786010	SINE/MIR	597	+	102	100785908	51223
chr10	100734685	100934685	harbor1	chr10	100797337	100797572	SINE/MIR	859	+	118	100797455	62770
chr10	100734685	100934685	harbor1	chr10	100799304	100799501	SINE/MIR	556	+	98	100799402	64717
chr10	100734685	100934685	harbor1	chr10	100799518	100799755	SINE/MIR	624	+	118	100799636	64951
chr10	100734685	100934685	harbor1	chr10	100801209	100801382	SINE/MIR	409	+	86	100801295	66610
chr10	100734685	100934685	harbor1	chr10	100801811	100802040	SINE/MIR	776	+	114	100801925	67240
chr10	100734685	100934685	harbor1	chr10	100806833	100806947	SINE/MIR	439	+	57	100806890	72205
chr10	100734685	100934685	harbor1	chr10	100817248	100817356	SINE/MIR	438	+	54	100817302	82617
chr10	100734685	100934685	harbor1	chr10	100818860	100818965	SINE/MIR	535	+	52	100818912	84227
chr10	100734685	100934685	harbor1	chr10	100819260	100819286	SINE/MIR	535	+	13	100819273	84588
chr10	100734685	100934685	harbor1	chr10	100819597	100819701	SINE/MIR	535	+	52	100819649	84964
chr10	100734685	100934685	harbor1	chr10	100794256	100794422	SINE/MIR	449	+	83	100794339	59654
chr10	87637865	87837865	harbor1	chr10	87641962	87642155	SINE/MIR	793	+	96	87642058	4193
chr10	87637865	87837865	harbor1	chr10	87711095	87711335	SINE/MIR	765	+	120	87711215	73350
chr10	87637865	87837865	harbor1	chr10	87719215	87719442	SINE/MIR	628	+	114	87719329	81464
chr10	123840460	124040460	harbor1	chr10	123902278	123902451	SINE/MIR	458	+	86	123902364	61904
chr10	123840460	124040460	harbor1	chr10	123904327	123904519	SINE/MIR	627	+	96	123904423	63963
chr10	123840460	124040460	harbor1	chr10	123927275	123927390	SINE/MIR	424	+	58	123927333	86873
chr10	123840460	124040460	harbor1	chr10	123939403	123939656	SINE/MIR	702	+	126	123939529	99069
chr10	123840460	124040460	harbor1	chr10	123879358	123879581	SINE/MIR	581	+	112	123879470	39010
chr10	22146803	22346803	harbor1	chr10	22200577	22200703	SINE/MIR	414	+	63	22200640	53837
chr10	76533646	76733646	harbor1	chr10	76576736	76576941	SINE/MIR	473	+	102	76576838	43192
chr10	88362743	88562743	harbor1	chr10	88363722	88363949	SINE/MIR	825	+	114	88363836	1093
chr10	88362743	88562743	harbor1	chr10	88371043	88371241	SINE/MIR	808	+	99	88371142	8399
chr10	88362743	88562743	harbor1	chr10	88384460	88384638	SINE/MIR	460	+	89	88384549	21806
chr10	88362743	88562743	harbor1	chr10	88384888	88385127	SINE/MIR	703	+	120	88385008	22265
chr10	88362743	88562743	harbor1	chr10	88404247	88404380	SINE/MIR	441	+	66	88404313	41570
chr10	88362743	88562743	harbor1	chr10	88415572	88415760	SINE/MIR	812	+	94	88415666	52923
chr10	88362743	88562743	harbor1	chr10	88429110	88429343	SINE/MIR	733	+	116	88429226	66483
chr10	88362743	88562743	harbor1	chr10	88451880	88452073	SINE/MIR	514	+	96	88451976	89233
chr10	88362743	88562743	harbor1	chr10	88452089	88452217	SINE/MIR	421	+	64	88452153	89410
chr10	10727550	10927550	harbor1	chr10	10735929	10736101	SINE/MIR	407	+	86	10736015	8465
chr10	10727550	10927550	harbor1	chr10	10790886	10791081	SINE/MIR	633	+	98	10790984	63434
chr10	10727550	10927550	harbor1	chr10	10796167	10796334	SINE/MIR	437	+	84	10796251	68701
chr10	10727550	10927550	harbor1	chr10	10825709	10825876	SINE/MIR	437	+	84	10825793	98243
chr10	61514543	61714543	harbor1	chr10	61533611	61533792	SINE/MIR	771	+	90	61533701	19158
chr10	61514543	61714543	harbor1	chr10	61582371	61582611	SINE/MIR	493	+	120	61582491	67948
chr10	61514543	61714543	harbor1	chr10	61607535	61607774	SINE/MIR	568	+	120	61607655	93112
chr10	61514543	61714543	harbor1	chr10	61613821	61613942	SINE/MIR	566	+	60	61613881	99338
chr10	61514543	61714543	harbor1	chr10	61614402	61614556	SINE/MIR	407	+	77	61614479	99936
chr10	16675252	16875252	harbor1	chr10	16721767	16721960	SINE/MIR	569	+	96	16721863	46611
chr10	16675252	16875252	harbor1	chr10	16749926	16750150	SINE/MIR	435	+	112	16750038	74786
chr10	16675252	16875252	harbor1	chr10	16758456	16758713	SINE/MIR	705	+	128	16758584	83332
chr10	16675252	16875252	harbor1	chr10	16768196	16768306	SINE/MIR	414	+	55	16768251	92999
chr10	62855526	63055526	harbor1	chr10	62866406	62866634	SINE/MIR	802	+	114	62866520	10994
chr10	62855526	63055526	harbor1	chr10	62867939	62868190	SINE/MIR	829	+	126	62868065	12539
chr10	62855526	63055526	harbor1	chr10	62877134	62877356	SINE/MIR	557	+	111	62877245	21719
chr10	62855526	63055526	harbor1	chr10	62890349	62890516	SINE/MIR	480	+	84	62890433	34907
chr10	86140806	86340806	harbor1	chr10	86159694	86159929	SINE/MIR	679	+	118	86159812	19006
chr10	86140806	86340806	harbor1	chr10	86168166	86168355	SINE/MIR	522	+	94	86168260	27454
chr10	86140806	86340806	harbor1	chr10	86186572	86186740	SINE/MIR	499	+	84	86186656	45850
chr10	86140806	86340806	harbor1	chr10	86187093	86187253	SINE/MIR	500	+	80	86187173	46367
chr10	86140806	86340806	harbor1	chr10	86203032	86203128	SINE/MIR	411	+	48	86203080	62274
chr10	86140806	86340806	harbor1	chr10	86217245	86217420	SINE/MIR	803	+	88	86217333	76527
chr10	86140806	86340806	harbor1	chr10	86220288	86220478	SINE/MIR	466	+	95	86220383	79577
chr10	86140806	86340806	harbor1	chr10	86229335	86229559	SINE/MIR	646	+	112	86229447	88641
chr10	66356921	66556921	harbor1	chr10	66401088	66401246	SINE/MIR	430	+	79	66401167	44246
chr10	66356921	66556921	harbor1	chr10	66401562	66401601	SINE/MIR	430	+	20	66401582	44661
chr10	66356921	66556921	harbor1	chr10	66440656	66440868	SINE/MIR	453	+	106	66440762	83841
chr10	86533680	86733680	harbor1	chr10	86586155	86586310	SINE/MIR	444	+	78	86586233	52553
chr10	70602202	70802202	harbor1	chr10	70618655	70618875	SINE/MIR	410	+	110	70618765	16563
chr10	70602202	70802202	harbor1	chr10	70653775	70653935	SINE/MIR	617	+	80	70653855	51653
chr10	70602202	70802202	harbor1	chr10	70682422	70682627	SINE/MIR	696	+	102	70682524	80322
chr10	70602202	70802202	harbor1	chr10	70684535	70684657	SINE/MIR	450	+	61	70684596	82394
chr10	70602202	70802202	harbor1	chr10	70699202	70699360	SINE/MIR	642	+	79	70699281	97079
chr10	70602202	70802202	harbor1	chr10	70680488	70680699	SINE/MIR	516	+	106	70680594	78392
chr10	7027630	7227630	harbor1	chr10	7041093	7041289	SINE/MIR	466	+	98	7041191	13561
chr10	7027630	7227630	harbor1	chr10	7043852	7044104	SINE/MIR	668	+	126	7043978	16348
chr10	7027630	7227630	harbor1	chr10	7120732	7120757	SINE/MIR	442	+	12	7120744	93114
chr10	7027630	7227630	harbor1	chr10	7121068	7121275	SINE/MIR	442	+	104	7121172	93542
chr10	96343815	96543815	harbor1	chr10	96357445	96357645	SINE/MIR	428	+	100	96357545	13730
chr10	96343815	96543815	harbor1	chr10	96377088	96377300	SINE/MIR	604	+	106	96377194	33379
chr10	96343815	96543815	harbor1	chr10	96379958	96380133	SINE/MIR	494	+	88	96380046	36231
chr10	96343815	96543815	harbor1	chr10	96389112	96389346	SINE/MIR	514	+	117	96389229	45414
chr10	96343815	96543815	harbor1	chr10	96394658	96394885	SINE/MIR	560	+	114	96394772	50957
chr10	96343815	96543815	harbor1	chr10	96407374	96407575	SINE/MIR	480	+	100	96407474	63659
chr10	96343815	96543815	harbor1	chr10	96408787	96409005	SINE/MIR	466	+	109	96408896	65081
chr10	96343815	96543815	harbor1	chr10	96410704	96410912	SINE/MIR	513	+	104	96410808	66993
chr10	66114582	66314582	harbor1	chr10	66120253	66120356	SINE/MIR	474	+	52	66120305	5723
chr10	66114582	66314582	harbor1	chr10	66163738	66163944	SINE/MIR	564	+	103	66163841	49259
chr10	74614244	74814244	harbor1	chr10	74656544	74656783	SINE/MIR	609	+	120	74656664	42420
chr10	74614244	74814244	harbor1	chr10	74661358	74661507	SINE/MIR	488	+	74	74661432	47188
chr10	74614244	74814244	harbor1	chr10	74685908	74685950	SINE/MIR	694	+	21	74685929	71685
chr10	74614244	74814244	harbor1	chr10	74686261	74686310	SINE/MIR	694	+	24	74686285	72041
chr10	74614244	74814244	harbor1	chr10	74686630	74686655	SINE/MIR	694	+	12	74686642	72398
chr10	74614244	74814244	harbor1	chr10	74686976	74687131	SINE/MIR	694	+	78	74687054	72810
chr10	93046375	93246375	harbor1	chr10	93064007	93064199	SINE/MIR	441	+	96	93064103	17728
chr10	93046375	93246375	harbor1	chr10	93095001	93095256	SINE/MIR	553	+	128	93095129	48754
chr10	93046375	93246375	harbor1	chr10	93096112	93096369	SINE/MIR	917	+	128	93096240	49865
chr10	93046375	93246375	harbor1	chr10	93131467	93131551	SINE/MIR	416	+	42	93131509	85134
chr10	93046375	93246375	harbor1	chr10	93140978	93141186	SINE/MIR	859	+	104	93141082	94707
chr10	79403822	79603822	harbor1	chr10	79408818	79408925	SINE/MIR	481	+	54	79408872	5050
chr10	79403822	79603822	harbor1	chr10	79409105	79409150	SINE/MIR	481	+	22	79409127	5305
chr10	79403822	79603822	harbor1	chr10	79412703	79412914	SINE/MIR	591	+	106	79412809	8987
chr10	79403822	79603822	harbor1	chr10	79416700	79416905	SINE/MIR	894	+	102	79416802	12980
chr10	79403822	79603822	harbor1	chr10	79425528	79425785	SINE/MIR	852	+	128	79425656	21834
chr10	79403822	79603822	harbor1	chr10	79430890	79431068	SINE/MIR	555	+	89	79430979	27157
chr10	79403822	79603822	harbor1	chr10	79432866	79433074	SINE/MIR	722	+	104	79432970	29148
chr10	79403822	79603822	harbor1	chr10	79455482	79455680	SINE/MIR	655	+	99	79455581	51759
chr10	79403822	79603822	harbor1	chr10	79472071	79472287	SINE/MIR	472	+	108	79472179	68357
chr10	79403822	79603822	harbor1	chr10	79495917	79496107	SINE/MIR	513	+	95	79496012	92190
chr10	42857502	43057502	harbor1	chr10	42893331	42893543	SINE/MIR	735	+	106	42893437	35935
chr10	125761307	125961307	harbor1	chr10	125783722	125783887	SINE/MIR	422	+	82	125783804	22497
chr10	125761307	125961307	harbor1	chr10	125787922	125788039	SINE/MIR	458	+	58	125787980	26673
chr10	125761307	125961307	harbor1	chr10	125789415	125789633	SINE/MIR	493	+	109	125789524	28217
chr10	125761307	125961307	harbor1	chr10	125789741	125789909	SINE/MIR	464	+	84	125789825	28518
chr10	125761307	125961307	harbor1	chr10	125803074	125803241	SINE/MIR	491	+	84	125803158	41851
chr10	125761307	125961307	harbor1	chr10	125805396	125805507	SINE/MIR	425	+	56	125805452	44145
chr10	125761307	125961307	harbor1	chr10	125805715	125805826	SINE/MIR	425	+	56	125805771	44464
chr10	125761307	125961307	harbor1	chr10	125813166	125813372	SINE/MIR	581	+	103	125813269	51962
chr10	125761307	125961307	harbor1	chr10	125814327	125814541	SINE/MIR	494	+	107	125814434	53127
chr10	125761307	125961307	harbor1	chr10	125815703	125815923	SINE/MIR	558	+	110	125815813	54506
chr10	63861160	64061160	harbor1	chr10	63873373	63873424	SINE/MIR	582	+	26	63873399	12239
chr10	63861160	64061160	harbor1	chr10	63873766	63873938	SINE/MIR	582	+	86	63873852	12692
chr10	63861160	64061160	harbor1	chr10	63896178	63896259	SINE/MIR	455	+	40	63896218	35058
chr10	63861160	64061160	harbor1	chr10	63900359	63900610	SINE/MIR	789	+	126	63900485	39325
chr10	63861160	64061160	harbor1	chr10	63905295	63905319	SINE/MIR	678	+	12	63905307	44147
chr10	63861160	64061160	harbor1	chr10	63906106	63906339	SINE/MIR	678	+	116	63906222	45062
chr10	63861160	64061160	harbor1	chr10	63923194	63923415	SINE/MIR	577	+	110	63923304	62144
chr10	63861160	64061160	harbor1	chr10	63940004	63940173	SINE/MIR	446	+	84	63940088	78928
chr10	63861160	64061160	harbor1	chr10	63953140	63953335	SINE/MIR	459	+	98	63953238	92078
chr10	68013577	68213577	harbor1	chr10	68068780	68069010	SINE/MIR	641	+	115	68068895	55318
chr10	68013577	68213577	harbor1	chr10	68099914	68100053	SINE/MIR	423	+	70	68099984	86407
chr10	68013577	68213577	harbor1	chr10	68103972	68104165	SINE/MIR	507	+	96	68104068	90491
chr10	68013577	68213577	harbor1	chr10	68105157	68105384	SINE/MIR	815	+	114	68105271	91694
chr10	12734315	12934315	harbor1	chr10	12789366	12789595	SINE/MIR	521	+	114	12789480	55165
chr10	12734315	12934315	harbor1	chr10	12803004	12803212	SINE/MIR	421	+	104	12803108	68793
chr10	12734315	12934315	harbor1	chr10	12815231	12815402	SINE/MIR	427	+	86	12815317	81002
chr10	12734315	12934315	harbor1	chr10	12817481	12817686	SINE/MIR	648	+	102	12817583	83268
chr10	118448649	118648649	harbor1	chr10	118455506	118455684	SINE/MIR	461	+	89	118455595	6946
chr10	118448649	118648649	harbor1	chr10	118457934	118458172	SINE/MIR	721	+	119	118458053	9404
chr10	118448649	118648649	harbor1	chr10	118461225	118461438	SINE/MIR	429	+	106	118461331	12682
chr10	118448649	118648649	harbor1	chr10	118474759	118474955	SINE/MIR	484	+	98	118474857	26208
chr10	118448649	118648649	harbor1	chr10	118485033	118485254	SINE/MIR	504	+	110	118485143	36494
chr10	118448649	118648649	harbor1	chr10	118497643	118497850	SINE/MIR	497	+	104	118497747	49098
chr10	118448649	118648649	harbor1	chr10	118507516	118507743	SINE/MIR	709	+	114	118507630	58981
chr10	118448649	118648649	harbor1	chr10	118533542	118533794	SINE/MIR	582	+	126	118533668	85019
chr10	118448649	118648649	harbor1	chr10	118543153	118543292	SINE/MIR	437	+	70	118543223	94574
chr10	58614528	58814528	harbor1	chr10	58636689	58636904	SINE/MIR	644	+	108	58636797	22269
chr10	84041375	84241375	harbor1	chr10	84047170	84047345	SINE/MIR	442	+	88	84047258	5883
chr10	84041375	84241375	harbor1	chr10	84056133	84056282	SINE/MIR	504	+	74	84056207	14832
chr10	84041375	84241375	harbor1	chr10	84085969	84086214	SINE/MIR	696	+	122	84086091	44716
chr10	105455062	105655062	harbor1	chr10	105521098	105521341	SINE/MIR	648	+	122	105521220	66158
chr10	105455062	105655062	harbor1	chr10	105538424	105538682	SINE/MIR	540	+	129	105538553	83491
chr10	101477321	101677321	harbor1	chr10	101571622	101571857	SINE/MIR	630	+	118	101571740	94419
chr10	96344057	96544057	harbor1	chr10	96357445	96357645	SINE/MIR	428	+	100	96357545	13488
chr10	96344057	96544057	harbor1	chr10	96377088	96377300	SINE/MIR	604	+	106	96377194	33137
chr10	96344057	96544057	harbor1	chr10	96379958	96380133	SINE/MIR	494	+	88	96380046	35989
chr10	96344057	96544057	harbor1	chr10	96389112	96389346	SINE/MIR	514	+	117	96389229	45172
chr10	96344057	96544057	harbor1	chr10	96394658	96394885	SINE/MIR	560	+	114	96394772	50715
chr10	96344057	96544057	harbor1	chr10	96407374	96407575	SINE/MIR	480	+	100	96407474	63417
chr10	96344057	96544057	harbor1	chr10	96408787	96409005	SINE/MIR	466	+	109	96408896	64839
chr10	96344057	96544057	harbor1	chr10	96410704	96410912	SINE/MIR	513	+	104	96410808	66751
chr10	62152369	62352369	harbor1	chr10	62172174	62172376	SINE/MIR	574	+	101	62172275	19906
chr10	62152369	62352369	harbor1	chr10	62178816	62179004	SINE/MIR	677	+	94	62178910	26541
chr10	62152369	62352369	harbor1	chr10	62180069	62180099	SINE/MIR	677	+	15	62180084	27715
chr10	62152369	62352369	harbor1	chr10	62190318	62190440	SINE/MIR	534	+	61	62190379	38010
chr10	62152369	62352369	harbor1	chr10	62203804	62203893	SINE/MIR	415	+	44	62203848	51479
chr11	60226180	60426180	harbor1	chr11	60239113	60239341	SINE/MIR	460	+	114	60239227	13047
chr11	60226180	60426180	harbor1	chr11	60284083	60284312	SINE/MIR	529	+	114	60284197	58017
chr11	102694834	102894834	harbor1	chr11	102721913	102722090	SINE/MIR	586	+	88	102722001	27167
chr11	102694834	102894834	harbor1	chr11	102723823	102724046	SINE/MIR	796	+	112	102723935	29101
chr11	102694834	102894834	harbor1	chr11	102727691	102727894	SINE/MIR	581	+	102	102727793	32959
chr11	102694834	102894834	harbor1	chr11	102732779	102732953	SINE/MIR	531	+	87	102732866	38032
chr11	60863688	61063688	harbor1	chr11	60876641	60876844	SINE/MIR	595	+	102	60876743	13055
chr11	60863688	61063688	harbor1	chr11	60905564	60905819	SINE/MIR	590	+	128	60905692	42004
chr11	60863688	61063688	harbor1	chr11	60907981	60908158	SINE/MIR	563	+	88	60908069	44381
chr11	60863688	61063688	harbor1	chr11	60916105	60916326	SINE/MIR	551	+	110	60916215	52527
chr11	60863688	61063688	harbor1	chr11	60926279	60926492	SINE/MIR	603	+	106	60926385	62697
chr11	60863688	61063688	harbor1	chr11	60928048	60928193	SINE/MIR	518	+	72	60928120	64432
chr11	60863688	61063688	harbor1	chr11	60931071	60931306	SINE/MIR	588	+	118	60931189	67501
chr11	60863688	61063688	harbor1	chr11	60931478	60931615	SINE/MIR	608	+	68	60931546	67858
chr11	60863688	61063688	harbor1	chr11	60932389	60932605	SINE/MIR	539	+	108	60932497	68809
chr11	60863688	61063688	harbor1	chr11	60940176	60940350	SINE/MIR	651	+	87	60940263	76575
chr11	60863688	61063688	harbor1	chr11	60950299	60950497	SINE/MIR	573	+	99	60950398	86710
chr11	60863688	61063688	harbor1	chr11	60958395	60958601	SINE/MIR	601	+	103	60958498	94810
chr11	26954770	27154770	harbor1	chr11	26958710	26958947	SINE/MIR	545	+	118	26958828	4058
chr11	26954770	27154770	harbor1	chr11	26962149	26962375	SINE/MIR	619	+	113	26962262	7492
chr11	26954770	27154770	harbor1	chr11	26998171	26998250	SINE/MIR	419	+	40	26998211	43441
chr11	26954770	27154770	harbor1	chr11	27000521	27000660	SINE/MIR	387	+	70	27000591	45821
chr11	26954770	27154770	harbor1	chr11	27003383	27003556	SINE/MIR	589	+	86	27003469	48699
chr11	26954770	27154770	harbor1	chr11	27007737	27007931	SINE/MIR	514	+	97	27007834	53064
chr11	26954770	27154770	harbor1	chr11	27011995	27012219	SINE/MIR	430	+	112	27012107	57337
chr11	26954770	27154770	harbor1	chr11	27025441	27025669	SINE/MIR	697	+	114	27025555	70785
chr11	26954770	27154770	harbor1	chr11	27047715	27047865	SINE/MIR	417	+	75	27047790	93020
chr11	129127716	129327716	harbor1	chr11	129189230	129189452	SINE/MIR	380	+	111	129189341	61625
chr11	129127716	129327716	harbor1	chr11	129198271	129198361	SINE/MIR	469	+	45	129198316	70600
chr11	129127716	129327716	harbor1	chr11	129200660	129200803	SINE/MIR	469	+	72	129200732	73016
chr11	129127716	129327716	harbor1	chr11	129205459	129205638	SINE/MIR	423	+	90	129205549	77833
chr11	129127716	129327716	harbor1	chr11	129217824	129218029	SINE/MIR	565	+	102	129217926	90210
chr11	28126859	28326859	harbor1	chr11	28149476	28149591	SINE/MIR	418	+	58	28149534	22675
chr11	28126859	28326859	harbor1	chr11	28154165	28154339	SINE/MIR	666	+	87	28154252	27393
chr11	28126859	28326859	harbor1	chr11	28154605	28154782	SINE/MIR	439	+	88	28154693	27834
chr11	28126859	28326859	harbor1	chr11	28155689	28155852	SINE/MIR	376	+	82	28155771	28912
chr11	28126859	28326859	harbor1	chr11	28176375	28176581	SINE/MIR	739	+	103	28176478	49619
chr11	28126859	28326859	harbor1	chr11	28176680	28176899	SINE/MIR	531	+	110	28176790	49931
chr11	28126859	28326859	harbor1	chr11	28199669	28199745	SINE/MIR	406	+	38	28199707	72848
chr11	28126859	28326859	harbor1	chr11	28200009	28200073	SINE/MIR	406	+	32	28200041	73182
chr11	28126859	28326859	harbor1	chr11	28200169	28200344	SINE/MIR	459	+	88	28200257	73398
chr11	28126859	28326859	harbor1	chr11	28204323	28204435	SINE/MIR	465	+	56	28204379	77520
chr11	28126859	28326859	harbor1	chr11	28204462	28204565	SINE/MIR	465	+	52	28204514	77655
chr11	83377643	83577643	harbor1	chr11	83382322	83382469	SINE/MIR	607	+	74	83382396	4753
chr11	83377643	83577643	harbor1	chr11	83382545	83382649	SINE/MIR	380	+	52	83382597	4954
chr11	83377643	83577643	harbor1	chr11	83410436	83410591	SINE/MIR	451	+	78	83410514	32871
chr11	83377643	83577643	harbor1	chr11	83428540	83428741	SINE/MIR	494	+	100	83428640	50997
chr11	83377643	83577643	harbor1	chr11	83476706	83476931	SINE/MIR	404	+	112	83476818	99175
chr11	74239532	74439532	harbor1	chr11	74247193	74247406	SINE/MIR	481	+	106	74247299	7767
chr11	74239532	74439532	harbor1	chr11	74247873	74248081	SINE/MIR	435	+	104	74247977	8445
chr11	74239532	74439532	harbor1	chr11	74248870	74249038	SINE/MIR	472	+	84	74248954	9422
chr11	74239532	74439532	harbor1	chr11	74249267	74249486	SINE/MIR	389	+	110	74249377	9845
chr11	74239532	74439532	harbor1	chr11	74255439	74255649	SINE/MIR	607	+	105	74255544	16012
chr11	74239532	74439532	harbor1	chr11	74258662	74258849	SINE/MIR	460	+	94	74258756	19224
chr11	74239532	74439532	harbor1	chr11	74263489	74263687	SINE/MIR	707	+	99	74263588	24056
chr11	74239532	74439532	harbor1	chr11	74264989	74265122	SINE/MIR	495	+	66	74265055	25523
chr11	74239532	74439532	harbor1	chr11	74277455	74277652	SINE/MIR	413	+	98	74277553	38021
chr11	74239532	74439532	harbor1	chr11	74302121	74302284	SINE/MIR	519	+	82	74302203	62671
chr11	8047767	8247767	harbor1	chr11	8060398	8060569	SINE/MIR	576	+	86	8060484	12717
chr11	8047767	8247767	harbor1	chr11	8065382	8065583	SINE/MIR	436	+	100	8065482	17715
chr11	8047767	8247767	harbor1	chr11	8067262	8067512	SINE/MIR	776	+	125	8067387	19620
chr11	8047767	8247767	harbor1	chr11	8075346	8075488	SINE/MIR	560	+	71	8075417	27650
chr11	8047767	8247767	harbor1	chr11	8079757	8080004	SINE/MIR	872	+	124	8079881	32114
chr11	8047767	8247767	harbor1	chr11	8139691	8139916	SINE/MIR	454	+	112	8139803	92036
chr11	124429546	124629546	harbor1	chr11	124434074	124434306	SINE/MIR	611	+	116	124434190	4644
chr11	124429546	124629546	harbor1	chr11	124444609	124444755	SINE/MIR	406	+	73	124444682	15136
chr11	124429546	124629546	harbor1	chr11	124486656	124486784	SINE/MIR	489	+	64	124486720	57174
chr11	124429546	124629546	harbor1	chr11	124515910	124516097	SINE/MIR	386	+	94	124516004	86458
chr11	124429546	124629546	harbor1	chr11	124520439	124520603	SINE/MIR	512	+	82	124520521	90975
chr11	124429546	124629546	harbor1	chr11	124521325	124521492	SINE/MIR	385	+	84	124521409	91863
chr11	40561735	40761735	harbor1	chr11	40661520	40661724	SINE/MIR	476	+	102	40661622	99887
chr11	120558096	120758096	harbor1	chr11	120558069	120558273	SINE/MIR	837	+	102	120558171	75
chr11	120558096	120758096	harbor1	chr11	120560596	120560815	SINE/MIR	791	+	110	120560706	2610
chr11	120558096	120758096	harbor1	chr11	120587365	120587538	SINE/MIR	474	+	86	120587451	29355
chr11	120558096	120758096	harbor1	chr11	120609904	120610021	SINE/MIR	484	+	58	120609962	51866
chr11	120558096	120758096	harbor1	chr11	120611215	120611376	SINE/MIR	504	+	80	120611295	53199
chr11	120558096	120758096	harbor1	chr11	120621630	120621784	SINE/MIR	375	+	77	120621707	63611
chr11	120558096	120758096	harbor1	chr11	120629227	120629388	SINE/MIR	591	+	80	120629307	71211
chr11	120558096	120758096	harbor1	chr11	120630964	120631178	SINE/MIR	461	+	107	120631071	72975
chr11	120558096	120758096	harbor1	chr11	120633980	120634198	SINE/MIR	644	+	109	120634089	75993
chr11	120558096	120758096	harbor1	chr11	120642380	120642558	SINE/MIR	425	+	89	120642469	84373
chr11	120558096	120758096	harbor1	chr11	120643581	120643826	SINE/MIR	536	+	122	120643703	85607
chr11	120558096	120758096	harbor1	chr11	120643846	120643980	SINE/MIR	390	+	67	120643913	85817
chr11	120558096	120758096	harbor1	chr11	120652015	120652206	SINE/MIR	451	+	96	120652111	94015
chr11	120558096	120758096	harbor1	chr11	120654203	120654355	SINE/MIR	475	+	76	120654279	96183
chr11	59982016	60182016	harbor1	chr11	60055981	60056141	SINE/MIR	610	+	80	60056061	74045
chr11	59982016	60182016	harbor1	chr11	60057105	60057351	SINE/MIR	764	+	123	60057228	75212
chr11	59982016	60182016	harbor1	chr11	60060517	60060764	SINE/MIR	590	+	124	60060641	78625
chr11	59982016	60182016	harbor1	chr11	60067520	60067691	SINE/MIR	615	+	86	60067606	85590
chr11	59982016	60182016	harbor1	chr11	60070900	60071117	SINE/MIR	767	+	108	60071008	88992
chr11	93898200	94098200	harbor1	chr11	93907309	93907446	SINE/MIR	492	+	68	93907377	9177
chr11	93898200	94098200	harbor1	chr11	93918115	93918319	SINE/MIR	449	+	102	93918217	20017
chr11	93898200	94098200	harbor1	chr11	93918433	93918580	SINE/MIR	651	+	74	93918507	20307
chr11	93898200	94098200	harbor1	chr11	93918818	93919039	SINE/MIR	493	+	110	93918928	20728
chr11	93898200	94098200	harbor1	chr11	93920760	93920968	SINE/MIR	380	+	104	93920864	22664
chr11	93898200	94098200	harbor1	chr11	93949044	93949210	SINE/MIR	599	+	83	93949127	50927
chr11	93898200	94098200	harbor1	chr11	93950231	93950468	SINE/MIR	472	+	118	93950349	52149
chr11	93898200	94098200	harbor1	chr11	93955979	93956184	SINE/MIR	646	+	102	93956081	57881
chr11	93898200	94098200	harbor1	chr11	93959895	93960096	SINE/MIR	519	+	100	93959995	61795
chr11	93898200	94098200	harbor1	chr11	93967412	93967557	SINE/MIR	509	+	72	93967484	69284
chr11	93898200	94098200	harbor1	chr11	93968041	93968283	SINE/MIR	911	+	121	93968162	69962
chr11	42015526	42215526	harbor1	chr11	42046818	42047018	SINE/MIR	439	+	100	42046918	31392
chr11	42015526	42215526	harbor1	chr11	42069379	42069504	SINE/MIR	513	+	62	42069441	53915
chr11	42015526	42215526	harbor1	chr11	42072131	42072362	SINE/MIR	377	+	116	42072247	56721
chr11	42015526	42215526	harbor1	chr11	42077438	42077663	SINE/MIR	421	+	112	42077550	62024
chr11	42015526	42215526	harbor1	chr11	42082670	42082821	SINE/MIR	496	+	76	42082746	67220
chr11	42015526	42215526	harbor1	chr11	42093466	42093696	SINE/MIR	632	+	115	42093581	78055
chr11	108888658	109088658	harbor1	chr11	108888869	108889105	SINE/MIR	620	+	118	108888987	329
chr11	108888658	109088658	harbor1	chr11	108902402	108902561	SINE/MIR	381	+	80	108902482	13824
chr11	108888658	109088658	harbor1	chr11	108910294	108910428	SINE/MIR	504	+	67	108910361	21703
chr11	108888658	109088658	harbor1	chr11	108928545	108928731	SINE/MIR	589	+	93	108928638	39980
chr11	108888658	109088658	harbor1	chr11	108939280	108939484	SINE/MIR	471	+	102	108939382	50724
chr11	108888658	109088658	harbor1	chr11	108969076	108969270	SINE/MIR	621	+	97	108969173	80515
chr11	108888658	109088658	harbor1	chr11	108979554	108979741	SINE/MIR	557	+	94	108979648	90990
chr11	113402843	113602843	harbor1	chr11	113412267	113412420	SINE/MIR	482	+	76	113412343	9500
chr11	113402843	113602843	harbor1	chr11	113413894	113414125	SINE/MIR	519	+	116	113414010	11167
chr11	113402843	113602843	harbor1	chr11	113423986	113424190	SINE/MIR	603	+	102	113424088	21245
chr11	113402843	113602843	harbor1	chr11	113429749	113429953	SINE/MIR	543	+	102	113429851	27008
chr11	113402843	113602843	harbor1	chr11	113438219	113438407	SINE/MIR	541	+	94	113438313	35470
chr11	113402843	113602843	harbor1	chr11	113453010	113453173	SINE/MIR	504	+	82	113453092	50249
chr11	113402843	113602843	harbor1	chr11	113453189	113453426	SINE/MIR	393	+	118	113453307	50464
chr11	113402843	113602843	harbor1	chr11	113461592	113461715	SINE/MIR	386	+	62	113461654	58811
chr11	113402843	113602843	harbor1	chr11	113469474	113469599	SINE/MIR	605	+	62	113469536	66693
chr11	113402843	113602843	harbor1	chr11	113469866	113470007	SINE/MIR	605	+	70	113469936	67093
chr11	113402843	113602843	harbor1	chr11	113477059	113477217	SINE/MIR	456	+	79	113477138	74295
chr11	113402843	113602843	harbor1	chr11	113490907	113491122	SINE/MIR	761	+	108	113491015	88172
chr11	113402843	113602843	harbor1	chr11	113459012	113459235	SINE/MIR	611	+	112	113459124	56281
chr11	131294832	131494832	harbor1	chr11	131296430	131296635	SINE/MIR	487	+	102	131296532	1700
chr11	131294832	131494832	harbor1	chr11	131309030	131309271	SINE/MIR	469	+	120	131309150	14318
chr11	131294832	131494832	harbor1	chr11	131326286	131326438	SINE/MIR	429	+	76	131326362	31530
chr11	131294832	131494832	harbor1	chr11	131327907	131328147	SINE/MIR	754	+	120	131328027	33195
chr11	131294832	131494832	harbor1	chr11	131345701	131345883	SINE/MIR	454	+	91	131345792	50960
chr11	131294832	131494832	harbor1	chr11	131346254	131346471	SINE/MIR	462	+	108	131346362	51530
chr11	131294832	131494832	harbor1	chr11	131367862	131368060	SINE/MIR	623	+	99	131367961	73129
chr11	131294832	131494832	harbor1	chr11	131379422	131379667	SINE/MIR	813	+	122	131379544	84712
chr11	75908492	76108492	harbor1	chr11	75916166	75916417	SINE/MIR	643	+	126	75916292	7800
chr11	75908492	76108492	harbor1	chr11	75940136	75940328	SINE/MIR	447	+	96	75940232	31740
chr11	75908492	76108492	harbor1	chr11	75947708	75947897	SINE/MIR	718	+	94	75947802	39310
chr11	84505330	84705330	harbor1	chr11	84505459	84505638	SINE/MIR	469	+	90	84505549	219
chr11	84505330	84705330	harbor1	chr11	84521350	84521541	SINE/MIR	425	+	96	84521446	16116
chr11	84505330	84705330	harbor1	chr11	84544544	84544771	SINE/MIR	433	+	114	84544658	39328
chr11	84505330	84705330	harbor1	chr11	84546949	84547196	SINE/MIR	608	+	124	84547073	41743
chr11	84505330	84705330	harbor1	chr11	84549537	84549729	SINE/MIR	463	+	96	84549633	44303
chr11	124885391	125085391	harbor1	chr11	124886209	124886387	SINE/MIR	388	+	89	124886298	907
chr11	124885391	125085391	harbor1	chr11	124888002	124888155	SINE/MIR	388	+	76	124888078	2687
chr11	124885391	125085391	harbor1	chr11	124890479	124890712	SINE/MIR	504	+	116	124890595	5204
chr11	124885391	125085391	harbor1	chr11	124892117	124892304	SINE/MIR	374	+	94	124892211	6820
chr11	124885391	125085391	harbor1	chr11	124898464	124898593	SINE/MIR	386	+	64	124898528	13137
chr11	124885391	125085391	harbor1	chr11	124901048	124901163	SINE/MIR	528	+	58	124901106	15715
chr11	124885391	125085391	harbor1	chr11	124921730	124921905	SINE/MIR	544	+	88	124921818	36427
chr11	124885391	125085391	harbor1	chr11	124922948	124923078	SINE/MIR	569	+	65	124923013	37622
chr11	124885391	125085391	harbor1	chr11	124924350	124924569	SINE/MIR	1109	+	110	124924460	39069
chr11	124885391	125085391	harbor1	chr11	124925793	124925914	SINE/MIR	377	+	60	124925853	40462
chr11	124885391	125085391	harbor1	chr11	124927267	124927349	SINE/MIR	386	+	41	124927308	41917
chr11	124885391	125085391	harbor1	chr11	124936899	124937040	SINE/MIR	416	+	70	124936969	51578
chr11	124885391	125085391	harbor1	chr11	124957942	124958170	SINE/MIR	556	+	114	124958056	72665
chr11	124885391	125085391	harbor1	chr11	124959471	124959674	SINE/MIR	712	+	102	124959573	74182
chr11	34784774	34984774	harbor1	chr11	34788620	34788853	SINE/MIR	755	+	116	34788736	3962
chr11	34784774	34984774	harbor1	chr11	34801026	34801189	SINE/MIR	564	+	82	34801108	16334
chr11	34784774	34984774	harbor1	chr11	34801353	34801607	SINE/MIR	566	+	127	34801480	16706
chr11	34784774	34984774	harbor1	chr11	34808708	34808861	SINE/MIR	528	+	76	34808784	24010
chr11	34784774	34984774	harbor1	chr11	34839668	34839905	SINE/MIR	993	+	118	34839786	55012
chr11	34784774	34984774	harbor1	chr11	34842633	34842751	SINE/MIR	516	+	59	34842692	57918
chr11	85135178	85335178	harbor1	chr11	85192102	85192243	SINE/MIR	542	+	70	85192172	56994
chr11	85135178	85335178	harbor1	chr11	85206348	85206493	SINE/MIR	494	+	72	85206420	71242
chr11	85135178	85335178	harbor1	chr11	85209031	85209207	SINE/MIR	383	+	88	85209119	73941
chr11	85135178	85335178	harbor1	chr11	85223922	85224169	SINE/MIR	723	+	124	85224046	88868
chr11	71340670	71540670	harbor1	chr11	71343844	71344019	SINE/MIR	490	+	88	71343932	3262
chr11	71340670	71540670	harbor1	chr11	71360445	71360658	SINE/MIR	677	+	106	71360551	19881
chr11	71340670	71540670	harbor1	chr11	71392387	71392586	SINE/MIR	515	+	100	71392487	51817
chr11	71340670	71540670	harbor1	chr11	71392781	71392910	SINE/MIR	464	+	64	71392845	52175
chr11	71340670	71540670	harbor1	chr11	71393207	71393345	SINE/MIR	464	+	69	71393276	52606
chr11	71340670	71540670	harbor1	chr11	71395763	71395984	SINE/MIR	632	+	110	71395873	55203
chr11	90873344	91073344	harbor1	chr11	90875705	90875921	SINE/MIR	537	+	108	90875813	2469
chr11	83651331	83851331	harbor1	chr11	83663915	83664148	SINE/MIR	507	+	116	83664031	12700
chr11	83651331	83851331	harbor1	chr11	83679097	83679304	SINE/MIR	571	+	104	83679201	27870
chr11	83651331	83851331	harbor1	chr11	83696253	83696379	SINE/MIR	398	+	63	83696316	44985
chr11	83651331	83851331	harbor1	chr11	83697986	83698192	SINE/MIR	657	+	103	83698089	46758
chr11	83651331	83851331	harbor1	chr11	83700121	83700227	SINE/MIR	431	+	53	83700174	48843
chr11	83651331	83851331	harbor1	chr11	83701184	83701413	SINE/MIR	715	+	114	83701298	49967
chr11	83651331	83851331	harbor1	chr11	83702305	83702489	SINE/MIR	429	+	92	83702397	51066
chr11	83651331	83851331	harbor1	chr11	83707875	83708137	SINE/MIR	614	+	131	83708006	56675
chr11	83651331	83851331	harbor1	chr11	83731008	83731124	SINE/MIR	522	+	58	83731066	79735
chr11	83651331	83851331	harbor1	chr11	83731837	83731967	SINE/MIR	522	+	65	83731902	80571
chr11	83651331	83851331	harbor1	chr11	83736165	83736349	SINE/MIR	416	+	92	83736257	84926
chr11	83651331	83851331	harbor1	chr11	83742478	83742640	SINE/MIR	425	+	81	83742559	91228
chr11	83651331	83851331	harbor1	chr11	83743735	83743882	SINE/MIR	522	+	74	83743809	92478
chr11	83651331	83851331	harbor1	chr11	83689463	83689605	SINE/MIR	423	+	71	83689534	38203
chr11	21218414	21418414	harbor1	chr11	21226411	21226585	SINE/MIR	455	+	87	21226498	8084
chr11	21218414	21418414	harbor1	chr11	21229082	21229178	SINE/MIR	393	+	48	21229130	10716
chr11	21218414	21418414	harbor1	chr11	21238776	21238934	SINE/MIR	419	+	79	21238855	20441
chr11	21218414	21418414	harbor1	chr11	21238947	21239091	SINE/MIR	482	+	72	21239019	20605
chr11	21218414	21418414	harbor1	chr11	21244791	21244992	SINE/MIR	742	+	100	21244891	26477
chr11	21218414	21418414	harbor1	chr11	21245247	21245431	SINE/MIR	389	+	92	21245339	26925
chr11	21218414	21418414	harbor1	chr11	21288533	21288677	SINE/MIR	544	+	72	21288605	70191
chr11	21218414	21418414	harbor1	chr11	21289193	21289212	SINE/MIR	544	+	10	21289203	70789
chr11	21218414	21418414	harbor1	chr11	21308023	21308210	SINE/MIR	692	+	94	21308117	89703
chr11	21218414	21418414	harbor1	chr11	21314340	21314529	SINE/MIR	579	+	94	21314434	96020
chr11	74014923	74214923	harbor1	chr11	74026640	74026687	SINE/MIR	395	+	24	74026664	11741
chr11	74014923	74214923	harbor1	chr11	74026984	74027077	SINE/MIR	395	+	46	74027030	12107
chr11	74014923	74214923	harbor1	chr11	74027409	74027537	SINE/MIR	474	+	64	74027473	12550
chr11	74014923	74214923	harbor1	chr11	74030150	74030326	SINE/MIR	539	+	88	74030238	15315
chr11	74014923	74214923	harbor1	chr11	74032877	74032993	SINE/MIR	386	+	58	74032935	18012
chr11	74014923	74214923	harbor1	chr11	74034750	74034984	SINE/MIR	650	+	117	74034867	19944
chr11	74014923	74214923	harbor1	chr11	74053075	74053271	SINE/MIR	601	+	98	74053173	38250
chr11	74014923	74214923	harbor1	chr11	74058133	74058314	SINE/MIR	472	+	90	74058223	43300
chr11	74014923	74214923	harbor1	chr11	74077915	74078082	SINE/MIR	698	+	84	74077999	63076
chr11	74014923	74214923	harbor1	chr11	74078875	74079128	SINE/MIR	549	+	126	74079001	64078
chr11	74014923	74214923	harbor1	chr11	74081373	74081591	SINE/MIR	576	+	109	74081482	66559
chr11	74014923	74214923	harbor1	chr11	74086902	74087035	SINE/MIR	609	+	66	74086968	72045
chr11	74014923	74214923	harbor1	chr11	74094599	74094788	SINE/MIR	403	+	94	74094693	79770
chr11	74014923	74214923	harbor1	chr11	74097376	74097599	SINE/MIR	821	+	112	74097488	82565
chr11	74014923	74214923	harbor1	chr11	74098848	74099053	SINE/MIR	728	+	102	74098950	84027
chr11	74014923	74214923	harbor1	chr11	74099405	74099507	SINE/MIR	396	+	51	74099456	84533
chr11	74014923	74214923	harbor1	chr11	74100127	74100350	SINE/MIR	662	+	112	74100239	85316
chr11	74014923	74214923	harbor1	chr11	74108623	74108856	SINE/MIR	608	+	116	74108739	93816
chr11	74014923	74214923	harbor1	chr11	74111063	74111176	SINE/MIR	418	+	56	74111119	96196
chr11	74014923	74214923	harbor1	chr11	74055592	74055780	SINE/MIR	505	+	94	74055686	40763
chr11	43290743	43490743	harbor1	chr11	43298313	43298538	SINE/MIR	426	+	112	43298425	7682
chr11	43290743	43490743	harbor1	chr11	43307015	43307220	SINE/MIR	599	+	102	43307117	16374
chr11	43290743	43490743	harbor1	chr11	43327523	43327710	SINE/MIR	468	+	94	43327617	36874
chr11	43290743	43490743	harbor1	chr11	43328325	43328483	SINE/MIR	426	+	79	43328404	37661
chr11	43290743	43490743	harbor1	chr11	43329418	43329619	SINE/MIR	725	+	100	43329518	38775
chr11	45126574	45326574	harbor1	chr11	45143601	45143819	SINE/MIR	641	+	109	45143710	17136
chr11	45126574	45326574	harbor1	chr11	45148231	45148410	SINE/MIR	428	+	90	45148321	21747
chr11	45126574	45326574	harbor1	chr11	45161011	45161238	SINE/MIR	832	+	114	45161125	34551
chr11	45126574	45326574	harbor1	chr11	45163600	45163735	SINE/MIR	395	+	68	45163668	37094
chr11	45126574	45326574	harbor1	chr11	45163979	45164160	SINE/MIR	493	+	90	45164069	37495
chr11	45126574	45326574	harbor1	chr11	45167032	45167175	SINE/MIR	456	+	72	45167104	40530
chr11	45126574	45326574	harbor1	chr11	45196825	45197022	SINE/MIR	458	+	98	45196923	70349
chr11	45126574	45326574	harbor1	chr11	45198838	45199046	SINE/MIR	485	+	104	45198942	72368
chr11	45126574	45326574	harbor1	chr11	45218874	45218963	SINE/MIR	446	+	44	45218918	92344
chr11	65756855	65956855	harbor1	chr11	65848798	65848861	SINE/MIR	496	+	32	65848830	91975
chr11	65756855	65956855	harbor1	chr11	65849165	65849332	SINE/MIR	496	+	84	65849249	92394
chr11	92716202	92916202	harbor1	chr11	92732558	92732739	SINE/MIR	467	+	90	92732648	16446
chr11	92716202	92916202	harbor1	chr11	92738763	92738954	SINE/MIR	393	+	96	92738859	22657
chr11	92716202	92916202	harbor1	chr11	92749428	92749559	SINE/MIR	394	+	66	92749494	33292
chr11	92716202	92916202	harbor1	chr11	92751180	92751384	SINE/MIR	406	+	102	92751282	35080
chr11	92716202	92916202	harbor1	chr11	92751785	92752022	SINE/MIR	546	+	118	92751903	35701
chr11	92716202	92916202	harbor1	chr11	92752344	92752533	SINE/MIR	438	+	94	92752438	36236
chr11	92716202	92916202	harbor1	chr11	92760581	92760771	SINE/MIR	522	+	95	92760676	44474
chr11	92716202	92916202	harbor1	chr11	92777639	92777876	SINE/MIR	620	+	118	92777757	61555
chr11	92716202	92916202	harbor1	chr11	92781602	92781837	SINE/MIR	382	+	118	92781720	65518
chr11	92716202	92916202	harbor1	chr11	92716921	92717137	SINE/MIR	697	+	108	92717029	827
chr11	85701783	85901783	harbor1	chr11	85707142	85707265	SINE/MIR	471	+	62	85707204	5421
chr11	85701783	85901783	harbor1	chr11	85708669	85708834	SINE/MIR	404	+	82	85708751	6968
chr11	85701783	85901783	harbor1	chr11	85713550	85713768	SINE/MIR	689	+	109	85713659	11876
chr11	85701783	85901783	harbor1	chr11	85713799	85714025	SINE/MIR	688	+	113	85713912	12129
chr11	85701783	85901783	harbor1	chr11	85717780	85717976	SINE/MIR	698	+	98	85717878	16095
chr11	85701783	85901783	harbor1	chr11	85720352	85720541	SINE/MIR	598	+	94	85720446	18663
chr11	85701783	85901783	harbor1	chr11	85746819	85747036	SINE/MIR	701	+	108	85746927	45144
chr11	85701783	85901783	harbor1	chr11	85750096	85750341	SINE/MIR	515	+	122	85750218	48435
chr11	85701783	85901783	harbor1	chr11	85754873	85755005	SINE/MIR	462	+	66	85754939	53156
chr11	85701783	85901783	harbor1	chr11	85756480	85756695	SINE/MIR	535	+	108	85756588	54805
chr11	85701783	85901783	harbor1	chr11	85759372	85759528	SINE/MIR	493	+	78	85759450	57667
chr11	85701783	85901783	harbor1	chr11	85768307	85768528	SINE/MIR	398	+	110	85768417	66634
chr11	85701783	85901783	harbor1	chr11	85770867	85771056	SINE/MIR	544	+	94	85770961	69178
chr11	85701783	85901783	harbor1	chr11	85771661	85771890	SINE/MIR	562	+	114	85771775	69992
chr11	85701783	85901783	harbor1	chr11	85774849	85774995	SINE/MIR	407	+	73	85774922	73139
chr11	85701783	85901783	harbor1	chr11	85779877	85780064	SINE/MIR	525	+	94	85779971	78188
chr11	85701783	85901783	harbor1	chr11	85787155	85787328	SINE/MIR	377	+	86	85787241	85458
chr11	85701783	85901783	harbor1	chr11	85796108	85796343	SINE/MIR	678	+	118	85796226	94443
chr11	85701783	85901783	harbor1	chr11	85797161	85797319	SINE/MIR	573	+	79	85797240	95457
chr11	115650011	115850011	harbor1	chr11	115650826	115650983	SINE/MIR	592	+	78	115650904	893
chr11	115650011	115850011	harbor1	chr11	115653220	115653426	SINE/MIR	532	+	103	115653323	3312
chr11	115650011	115850011	harbor1	chr11	115654415	115654639	SINE/MIR	722	+	112	115654527	4516
chr11	115650011	115850011	harbor1	chr11	115655803	115655979	SINE/MIR	433	+	88	115655891	5880
chr11	115650011	115850011	harbor1	chr11	115669068	115669331	SINE/MIR	982	+	132	115669200	19189
chr11	115650011	115850011	harbor1	chr11	115671098	115671335	SINE/MIR	844	+	118	115671216	21205
chr11	115650011	115850011	harbor1	chr11	115686112	115686348	SINE/MIR	658	+	118	115686230	36219
chr11	115650011	115850011	harbor1	chr11	115694964	115695135	SINE/MIR	435	+	86	115695050	45039
chr11	115650011	115850011	harbor1	chr11	115704876	115705076	SINE/MIR	479	+	100	115704976	54965
chr11	115650011	115850011	harbor1	chr11	115714880	115714995	SINE/MIR	401	+	58	115714938	64927
chr11	115650011	115850011	harbor1	chr11	115723186	115723387	SINE/MIR	568	+	100	115723286	73275
chr11	115650011	115850011	harbor1	chr11	115729920	115730169	SINE/MIR	993	+	124	115730044	80033
chr11	115650011	115850011	harbor1	chr11	115732866	115732969	SINE/MIR	414	+	52	115732918	82907
chr11	115650011	115850011	harbor1	chr11	115733129	115733273	SINE/MIR	414	+	72	115733201	83190
chr11	119410322	119610322	harbor1	chr11	119487376	119487535	SINE/MIR	578	+	80	119487456	77134
chr11	119410322	119610322	harbor1	chr11	119488201	119488369	SINE/MIR	490	+	84	119488285	77963
chr11	119410322	119610322	harbor1	chr11	119493001	119493237	SINE/MIR	673	+	118	119493119	82797
chr11	119410322	119610322	harbor1	chr11	119497814	119498011	SINE/MIR	785	+	98	119497912	87590
chr11	119410322	119610322	harbor1	chr11	119500880	119501130	SINE/MIR	688	+	125	119501005	90683
chr11	122520816	122720816	harbor1	chr11	122522254	122522450	SINE/MIR	445	+	98	122522352	1536
chr11	122520816	122720816	harbor1	chr11	122532801	122532960	SINE/MIR	546	+	80	122532881	12065
chr11	37570529	37770529	harbor1	chr11	37595716	37595875	SINE/MIR	431	+	80	37595796	25267
chr11	37570529	37770529	harbor1	chr11	37599496	37599703	SINE/MIR	555	+	104	37599600	29071
chr11	87531156	87731156	harbor1	chr11	87536653	87536868	SINE/MIR	377	+	108	87536761	5605
chr11	87531156	87731156	harbor1	chr11	87574420	87574594	SINE/MIR	569	+	87	87574507	43351
chr11	87531156	87731156	harbor1	chr11	87578595	87578815	SINE/MIR	595	+	110	87578705	47549
chr11	87531156	87731156	harbor1	chr11	87581358	87581546	SINE/MIR	686	+	94	87581452	50296
chr11	87531156	87731156	harbor1	chr11	87595222	87595474	SINE/MIR	588	+	126	87595348	64192
chr11	87531156	87731156	harbor1	chr11	87611771	87611972	SINE/MIR	413	+	100	87611871	80715
chr11	105371050	105571050	harbor1	chr11	105404714	105404834	SINE/MIR	512	+	60	105404774	33724
chr11	105371050	105571050	harbor1	chr11	105411094	105411228	SINE/MIR	456	+	67	105411161	40111
chr11	105371050	105571050	harbor1	chr11	105417219	105417428	SINE/MIR	573	+	104	105417323	46273
chr11	105371050	105571050	harbor1	chr11	105427788	105428028	SINE/MIR	534	+	120	105427908	56858
chr11	105371050	105571050	harbor1	chr11	105467640	105467775	SINE/MIR	395	+	68	105467708	96658
chr11	47508586	47708586	harbor1	chr11	47521457	47521687	SINE/MIR	862	+	115	47521572	12986
chr11	47508586	47708586	harbor1	chr11	47581045	47581149	SINE/MIR	605	+	52	47581097	72511
chr11	47508586	47708586	harbor1	chr11	47581455	47581615	SINE/MIR	605	+	80	47581535	72949
chr11	47508586	47708586	harbor1	chr11	47582540	47582726	SINE/MIR	481	+	93	47582633	74047
chr11	47508586	47708586	harbor1	chr11	47583009	47583052	SINE/MIR	481	+	22	47583031	74445
chr11	47508586	47708586	harbor1	chr11	47592238	47592438	SINE/MIR	534	+	100	47592338	83752
chr11	47508586	47708586	harbor1	chr11	47603259	47603458	SINE/MIR	529	+	100	47603359	94773
chr11	47508586	47708586	harbor1	chr11	47608037	47608220	SINE/MIR	442	+	92	47608129	99543
chr11	64984594	65184594	harbor1	chr11	64988839	64988985	SINE/MIR	500	+	73	64988912	4318
chr11	64984594	65184594	harbor1	chr11	64997275	64997452	SINE/MIR	431	+	88	64997363	12769
chr11	64984594	65184594	harbor1	chr11	65003113	65003276	SINE/MIR	572	+	82	65003195	18601
chr11	64984594	65184594	harbor1	chr11	65021257	65021479	SINE/MIR	658	+	111	65021368	36774
chr11	64984594	65184594	harbor1	chr11	65035292	65035472	SINE/MIR	470	+	90	65035382	50788
chr11	125658338	125858338	harbor1	chr11	125677043	125677187	SINE/MIR	440	+	72	125677115	18777
chr11	125658338	125858338	harbor1	chr11	125688302	125688500	SINE/MIR	551	+	99	125688401	30063
chr11	125658338	125858338	harbor1	chr11	125723143	125723382	SINE/MIR	586	+	120	125723263	64925
chr11	125658338	125858338	harbor1	chr11	125728699	125728931	SINE/MIR	625	+	116	125728815	70477
chr11	19836162	20036162	harbor1	chr11	19847505	19847718	SINE/MIR	453	+	106	19847611	11449
chr11	19836162	20036162	harbor1	chr11	19851413	19851622	SINE/MIR	429	+	104	19851517	15355
chr11	19836162	20036162	harbor1	chr11	19855023	19855202	SINE/MIR	447	+	90	19855113	18951
chr11	19836162	20036162	harbor1	chr11	19877068	19877288	SINE/MIR	702	+	110	19877178	41016
chr11	19836162	20036162	harbor1	chr11	19887378	19887542	SINE/MIR	419	+	82	19887460	51298
chr11	19836162	20036162	harbor1	chr11	19906947	19907112	SINE/MIR	443	+	82	19907029	70867
chr11	19836162	20036162	harbor1	chr11	19915906	19916131	SINE/MIR	805	+	112	19916018	79856
chr11	19836162	20036162	harbor1	chr11	19917979	19918103	SINE/MIR	406	+	62	19918041	81879
chr11	19836162	20036162	harbor1	chr11	19920162	19920295	SINE/MIR	388	+	66	19920228	84066
chr11	19836162	20036162	harbor1	chr11	19920586	19920657	SINE/MIR	388	+	36	19920622	84460
chr11	19836162	20036162	harbor1	chr11	19921716	19921893	SINE/MIR	609	+	88	19921804	85642
chr11	86048710	86248710	harbor1	chr11	86096161	86096413	SINE/MIR	800	+	126	86096287	47577
chr11	86048710	86248710	harbor1	chr11	86100118	86100343	SINE/MIR	767	+	112	86100230	51520
chr11	86048710	86248710	harbor1	chr11	86118595	86118762	SINE/MIR	399	+	84	86118679	69969
chr11	86048710	86248710	harbor1	chr11	86127242	86127443	SINE/MIR	649	+	100	86127342	78632
chr11	86048710	86248710	harbor1	chr11	86139409	86139540	SINE/MIR	485	+	66	86139475	90765
chr11	103799422	103999422	harbor1	chr11	103806770	103806953	SINE/MIR	466	+	92	103806862	7440
chr11	103799422	103999422	harbor1	chr11	103807549	103807768	SINE/MIR	435	+	110	103807659	8237
chr11	103799422	103999422	harbor1	chr11	103848079	103848222	SINE/MIR	402	+	72	103848151	48729
chr11	103799422	103999422	harbor1	chr11	103872499	103872735	SINE/MIR	740	+	118	103872617	73195
chr11	103799422	103999422	harbor1	chr11	103884120	103884368	SINE/MIR	547	+	124	103884244	84822
chr11	103799422	103999422	harbor1	chr11	103889073	103889293	SINE/MIR	561	+	110	103889183	89761
chr11	15504865	15704865	harbor1	chr11	15506913	15507153	SINE/MIR	594	+	120	15507033	2168
chr11	15504865	15704865	harbor1	chr11	15546991	15547128	SINE/MIR	493	+	68	15547059	42194
chr11	15504865	15704865	harbor1	chr11	15568777	15568997	SINE/MIR	543	+	110	15568887	64022
chr11	15504865	15704865	harbor1	chr11	15571589	15571764	SINE/MIR	429	+	88	15571677	66812
chr11	15504865	15704865	harbor1	chr11	15575990	15576127	SINE/MIR	431	+	68	15576058	71193
chr11	15504865	15704865	harbor1	chr11	15576421	15576457	SINE/MIR	431	+	18	15576439	71574
chr11	15504865	15704865	harbor1	chr11	15580411	15580645	SINE/MIR	702	+	117	15580528	75663
chr11	15504865	15704865	harbor1	chr11	15589184	15589308	SINE/MIR	390	+	62	15589246	84381
chr11	15504865	15704865	harbor1	chr11	15598619	15598813	SINE/MIR	572	+	97	15598716	93851
chr11	15504865	15704865	harbor1	chr11	15600773	15600951	SINE/MIR	622	+	89	15600862	95997
chr11	64519292	64719292	harbor1	chr11	64531470	64531685	SINE/MIR	508	+	108	64531578	12286
chr11	64519292	64719292	harbor1	chr11	64537384	64537463	SINE/MIR	548	+	40	64537424	18132
chr11	64519292	64719292	harbor1	chr11	64537759	64537843	SINE/MIR	548	+	42	64537801	18509
chr11	64519292	64719292	harbor1	chr11	64610514	64610629	SINE/MIR	427	+	58	64610572	91280
chr11	95346553	95546553	harbor1	chr11	95359255	95359396	SINE/MIR	395	+	70	95359325	12772
chr11	95346553	95546553	harbor1	chr11	95362956	95363185	SINE/MIR	455	+	114	95363070	16517
chr11	95346553	95546553	harbor1	chr11	95366238	95366428	SINE/MIR	740	+	95	95366333	19780
chr11	95346553	95546553	harbor1	chr11	95376996	95377239	SINE/MIR	589	+	122	95377118	30565
chr11	95346553	95546553	harbor1	chr11	95384599	95384837	SINE/MIR	1032	+	119	95384718	38165
chr11	95346553	95546553	harbor1	chr11	95386902	95387113	SINE/MIR	542	+	106	95387008	40455
chr11	95346553	95546553	harbor1	chr11	95412912	95413133	SINE/MIR	409	+	110	95413022	66469
chr11	95346553	95546553	harbor1	chr11	95433436	95433560	SINE/MIR	384	+	62	95433498	86945
chr11	26323792	26523792	harbor1	chr11	26347096	26347280	SINE/MIR	428	+	92	26347188	23396
chr11	26323792	26523792	harbor1	chr11	26389221	26389392	SINE/MIR	581	+	86	26389307	65515
chr11	26323792	26523792	harbor1	chr11	26420945	26421095	SINE/MIR	462	+	75	26421020	97228
chr11	6062012	6262012	harbor1	chr11	6069382	6069602	SINE/MIR	565	+	110	6069492	7480
chr11	6062012	6262012	harbor1	chr11	6156316	6156537	SINE/MIR	614	+	110	6156426	94414
chr11	89419473	89619473	harbor1	chr11	89420075	89420330	SINE/MIR	530	+	128	89420203	730
chr11	89419473	89619473	harbor1	chr11	89469963	89470076	SINE/MIR	681	+	56	89470019	50546
chr11	89419473	89619473	harbor1	chr11	89470103	89470191	SINE/MIR	681	+	44	89470147	50674
chr11	89419473	89619473	harbor1	chr11	89483901	89484090	SINE/MIR	464	+	94	89483995	64522
chr11	89419473	89619473	harbor1	chr11	89503577	89503783	SINE/MIR	468	+	103	89503680	84207
chr11	119918545	120118545	harbor1	chr11	119937333	119937556	SINE/MIR	474	+	112	119937445	18900
chr11	119918545	120118545	harbor1	chr11	119938258	119938408	SINE/MIR	562	+	75	119938333	19788
chr11	119918545	120118545	harbor1	chr11	119942715	119942896	SINE/MIR	584	+	90	119942805	24260
chr11	119918545	120118545	harbor1	chr11	119944805	119945026	SINE/MIR	386	+	110	119944915	26370
chr11	119918545	120118545	harbor1	chr11	119963652	119963857	SINE/MIR	637	+	102	119963754	45209
chr11	119918545	120118545	harbor1	chr11	119971748	119971847	SINE/MIR	488	+	50	119971798	53253
chr11	119918545	120118545	harbor1	chr11	119971914	119972015	SINE/MIR	499	+	50	119971964	53419
chr11	119918545	120118545	harbor1	chr11	119972390	119972487	SINE/MIR	499	+	48	119972438	53893
chr11	119918545	120118545	harbor1	chr11	119976241	119976493	SINE/MIR	772	+	126	119976367	57822
chr11	119918545	120118545	harbor1	chr11	119982261	119982385	SINE/MIR	472	+	62	119982323	63778
chr11	119918545	120118545	harbor1	chr11	119989951	119990170	SINE/MIR	461	+	110	119990061	71516
chr11	119918545	120118545	harbor1	chr11	119994794	119994993	SINE/MIR	535	+	100	119994894	76349
chr11	119918545	120118545	harbor1	chr11	119997865	119998026	SINE/MIR	419	+	80	119997945	79400
chr11	119918545	120118545	harbor1	chr11	120017165	120017393	SINE/MIR	687	+	114	120017279	98734
chr11	4361447	4561447	harbor1	chr11	4377047	4377269	SINE/MIR	381	+	111	4377158	15711
chr11	4361447	4561447	harbor1	chr11	4379410	4379528	SINE/MIR	383	+	59	4379469	18022
chr11	4361447	4561447	harbor1	chr11	4421455	4421619	SINE/MIR	560	+	82	4421537	60090
chr11	4361447	4561447	harbor1	chr11	4435015	4435243	SINE/MIR	518	+	114	4435129	73682
chr11	79761023	79961023	harbor1	chr11	79768516	79768692	SINE/MIR	451	+	88	79768604	7581
chr11	79761023	79961023	harbor1	chr11	79775152	79775310	SINE/MIR	395	+	79	79775231	14208
chr11	79761023	79961023	harbor1	chr11	79794682	79794877	SINE/MIR	613	+	98	79794780	33757
chr11	79761023	79961023	harbor1	chr11	79806056	79806238	SINE/MIR	398	+	91	79806147	45124
chr11	79761023	79961023	harbor1	chr11	79807905	79808130	SINE/MIR	688	+	112	79808017	46994
chr11	79761023	79961023	harbor1	chr11	79811638	79811857	SINE/MIR	437	+	110	79811748	50725
chr11	79761023	79961023	harbor1	chr11	79812121	79812335	SINE/MIR	477	+	107	79812228	51205
chr11	79761023	79961023	harbor1	chr11	79812784	79812914	SINE/MIR	394	+	65	79812849	51826
chr11	79761023	79961023	harbor1	chr11	79813619	79813840	SINE/MIR	528	+	110	79813729	52706
chr11	79761023	79961023	harbor1	chr11	79821475	79821707	SINE/MIR	416	+	116	79821591	60568
chr11	79761023	79961023	harbor1	chr11	79823244	79823496	SINE/MIR	705	+	126	79823370	62347
chr11	79761023	79961023	harbor1	chr11	79832756	79832994	SINE/MIR	900	+	119	79832875	71852
chr11	79761023	79961023	harbor1	chr11	79834535	79834792	SINE/MIR	706	+	128	79834663	73640
chr11	133712620	133912620	harbor1	chr11	133722189	133722308	SINE/MIR	438	+	60	133722249	9629
chr11	133712620	133912620	harbor1	chr11	133722566	133722847	SINE/MIR	447	+	140	133722706	10086
chr11	133712620	133912620	harbor1	chr11	133794212	133794345	SINE/MIR	399	+	66	133794278	81658
chr11	133712620	133912620	harbor1	chr11	133795922	133796155	SINE/MIR	581	+	116	133796038	83418
chr11	116771077	116971077	harbor1	chr11	116786571	116786754	SINE/MIR	616	+	92	116786663	15586
chr11	116771077	116971077	harbor1	chr11	116806434	116806533	SINE/MIR	671	+	50	116806484	35407
chr11	116771077	116971077	harbor1	chr11	116806852	116806985	SINE/MIR	671	+	66	116806918	35841
chr11	116771077	116971077	harbor1	chr11	116825979	116826193	SINE/MIR	801	+	107	116826086	55009
chr11	116771077	116971077	harbor1	chr11	116833120	116833345	SINE/MIR	438	+	112	116833232	62155
chr11	116771077	116971077	harbor1	chr11	116833552	116833692	SINE/MIR	379	+	70	116833622	62545
chr11	116771077	116971077	harbor1	chr11	116838451	116838658	SINE/MIR	405	+	104	116838555	67478
chr11	116771077	116971077	harbor1	chr11	116855746	116855913	SINE/MIR	589	+	84	116855830	84753
chr11	9362549	9562549	harbor1	chr11	9383097	9383211	SINE/MIR	385	+	57	9383154	20605
chr11	9362549	9562549	harbor1	chr11	9385533	9385681	SINE/MIR	400	+	74	9385607	23058
chr11	9362549	9562549	harbor1	chr11	9413886	9414028	SINE/MIR	440	+	71	9413957	51408
chr11	110918049	111118049	harbor1	chr11	110918230	110918448	SINE/MIR	581	+	109	110918339	290
chr11	110918049	111118049	harbor1	chr11	110923117	110923365	SINE/MIR	818	+	124	110923241	5192
chr11	110918049	111118049	harbor1	chr11	110927942	110928151	SINE/MIR	562	+	104	110928046	9997
chr11	110918049	111118049	harbor1	chr11	110930952	110931093	SINE/MIR	453	+	70	110931022	12973
chr11	110918049	111118049	harbor1	chr11	110934168	110934448	SINE/MIR	541	+	140	110934308	16259
chr11	110918049	111118049	harbor1	chr11	110957353	110957513	SINE/MIR	775	+	80	110957433	39384
chr11	110918049	111118049	harbor1	chr11	110974875	110975070	SINE/MIR	557	+	98	110974973	56924
chr11	110918049	111118049	harbor1	chr11	110992313	110992517	SINE/MIR	446	+	102	110992415	74366
chr11	110918049	111118049	harbor1	chr11	110995814	110995968	SINE/MIR	437	+	77	110995891	77842
chr11	110918049	111118049	harbor1	chr11	111008711	111008839	SINE/MIR	518	+	64	111008775	90726
chr11	110918049	111118049	harbor1	chr11	111012949	111013165	SINE/MIR	517	+	108	111013057	95008
chr11	98690736	98890736	harbor1	chr11	98767440	98767669	SINE/MIR	577	+	114	98767554	76818
chr11	98690736	98890736	harbor1	chr11	98778269	98778522	SINE/MIR	454	+	126	98778395	87659
chr11	7169473	7369473	harbor1	chr11	7203518	7203736	SINE/MIR	591	+	109	7203627	34154
chr11	7169473	7369473	harbor1	chr11	7211826	7212008	SINE/MIR	436	+	91	7211917	42444
chr11	7169473	7369473	harbor1	chr11	7234681	7234886	SINE/MIR	876	+	102	7234783	65310
chr11	7169473	7369473	harbor1	chr11	7241861	7242114	SINE/MIR	553	+	126	7241987	72514
chr11	7169473	7369473	harbor1	chr11	7242336	7242557	SINE/MIR	709	+	110	7242446	72973
chr11	7169473	7369473	harbor1	chr11	7245099	7245339	SINE/MIR	419	+	120	7245219	75746
chr11	7169473	7369473	harbor1	chr11	7250954	7251099	SINE/MIR	460	+	72	7251026	81553
chr11	7169473	7369473	harbor1	chr11	7258894	7258980	SINE/MIR	408	+	43	7258937	89464
chr11	103732200	103932200	harbor1	chr11	103735472	103735689	SINE/MIR	652	+	108	103735580	3380
chr11	103732200	103932200	harbor1	chr11	103738282	103738544	SINE/MIR	503	+	131	103738413	6213
chr11	103732200	103932200	harbor1	chr11	103738661	103738871	SINE/MIR	486	+	105	103738766	6566
chr11	103732200	103932200	harbor1	chr11	103769200	103769417	SINE/MIR	616	+	108	103769308	37108
chr11	103732200	103932200	harbor1	chr11	103775734	103775912	SINE/MIR	449	+	89	103775823	43623
chr11	103732200	103932200	harbor1	chr11	103780578	103780768	SINE/MIR	856	+	95	103780673	48473
chr11	103732200	103932200	harbor1	chr11	103789170	103789437	SINE/MIR	836	+	134	103789304	57104
chr11	103732200	103932200	harbor1	chr11	103806770	103806953	SINE/MIR	466	+	92	103806862	74662
chr11	103732200	103932200	harbor1	chr11	103807549	103807768	SINE/MIR	435	+	110	103807659	75459
chr11	79049072	79249072	harbor1	chr11	79058571	79058749	SINE/MIR	424	+	89	79058660	9588
chr11	79049072	79249072	harbor1	chr11	79061025	79061166	SINE/MIR	381	+	70	79061095	12023
chr11	79049072	79249072	harbor1	chr11	79061733	79061942	SINE/MIR	757	+	104	79061837	12765
chr11	79049072	79249072	harbor1	chr11	79067807	79067986	SINE/MIR	466	+	90	79067897	18825
chr11	79049072	79249072	harbor1	chr11	79073645	79073832	SINE/MIR	807	+	94	79073739	24667
chr11	79049072	79249072	harbor1	chr11	79088423	79088625	SINE/MIR	681	+	101	79088524	39452
chr11	79049072	79249072	harbor1	chr11	79092836	79093026	SINE/MIR	453	+	95	79092931	43859
chr11	79049072	79249072	harbor1	chr11	79096032	79096264	SINE/MIR	556	+	116	79096148	47076
chr11	79049072	79249072	harbor1	chr11	79098823	79099012	SINE/MIR	601	+	94	79098917	49845
chr11	79049072	79249072	harbor1	chr11	79101561	79101732	SINE/MIR	412	+	86	79101647	52575
chr11	79049072	79249072	harbor1	chr11	79106326	79106568	SINE/MIR	566	+	121	79106447	57375
chr11	79049072	79249072	harbor1	chr11	79109741	79109945	SINE/MIR	723	+	102	79109843	60771
chr11	79049072	79249072	harbor1	chr11	79116742	79116932	SINE/MIR	477	+	95	79116837	67765
chr11	79049072	79249072	harbor1	chr11	79117727	79117853	SINE/MIR	461	+	63	79117790	68718
chr11	79049072	79249072	harbor1	chr11	79121741	79121934	SINE/MIR	561	+	96	79121837	72765
chr11	79049072	79249072	harbor1	chr11	79085409	79085626	SINE/MIR	939	+	108	79085517	36445
chr11	79049072	79249072	harbor1	chr11	79101928	79102178	SINE/MIR	804	+	125	79102053	52981
chr11	37779393	37979393	harbor1	chr11	37848480	37848699	SINE/MIR	423	+	110	37848590	69197
chr11	50114551	50314551	harbor1	chr11	50134110	50134309	SINE/MIR	718	+	100	50134210	19659
chr11	50114551	50314551	harbor1	chr11	50136028	50136252	SINE/MIR	504	+	112	50136140	21589
chr11	50114551	50314551	harbor1	chr11	50140351	50140508	SINE/MIR	386	+	78	50140429	25878
chr11	50114551	50314551	harbor1	chr11	50164675	50164853	SINE/MIR	488	+	89	50164764	50213
chr11	50114551	50314551	harbor1	chr11	50168981	50169078	SINE/MIR	474	+	48	50169029	54478
chr11	125205258	125405258	harbor1	chr11	125206543	125206784	SINE/MIR	663	+	120	125206663	1405
chr11	125205258	125405258	harbor1	chr11	125210886	125211090	SINE/MIR	503	+	102	125210988	5730
chr11	125205258	125405258	harbor1	chr11	125238844	125239058	SINE/MIR	472	+	107	125238951	33693
chr11	125205258	125405258	harbor1	chr11	125242939	125243131	SINE/MIR	517	+	96	125243035	37777
chr11	125205258	125405258	harbor1	chr11	125254454	125254600	SINE/MIR	520	+	73	125254527	49269
chr11	125205258	125405258	harbor1	chr11	125257486	125257715	SINE/MIR	573	+	114	125257600	52342
chr11	125205258	125405258	harbor1	chr11	125260873	125261097	SINE/MIR	622	+	112	125260985	55727
chr11	125205258	125405258	harbor1	chr11	125265954	125266145	SINE/MIR	383	+	96	125266050	60792
chr11	125205258	125405258	harbor1	chr11	125273637	125273793	SINE/MIR	567	+	78	125273715	68457
chr11	125205258	125405258	harbor1	chr11	125281426	125281648	SINE/MIR	512	+	111	125281537	76279
chr11	125205258	125405258	harbor1	chr11	125282189	125282423	SINE/MIR	670	+	117	125282306	77048
chr11	125205258	125405258	harbor1	chr11	125283966	125284183	SINE/MIR	766	+	108	125284074	78816
chr11	125205258	125405258	harbor1	chr11	125285379	125285586	SINE/MIR	389	+	104	125285483	80225
chr11	125205258	125405258	harbor1	chr11	125294614	125294808	SINE/MIR	555	+	97	125294711	89453
chr11	125205258	125405258	harbor1	chr11	125299482	125299692	SINE/MIR	575	+	105	125299587	94329
chr11	134025975	134225975	harbor1	chr11	134029055	134029272	SINE/MIR	463	+	108	134029163	3188
chr11	134025975	134225975	harbor1	chr11	134043200	134043324	SINE/MIR	412	+	62	134043262	17287
chr11	109185014	109385014	harbor1	chr11	109223325	109223552	SINE/MIR	478	+	114	109223439	38425
chr11	109185014	109385014	harbor1	chr11	109225903	109226150	SINE/MIR	540	+	124	109226027	41013
chr11	109185014	109385014	harbor1	chr11	109266045	109266296	SINE/MIR	606	+	126	109266171	81157
chr11	109185014	109385014	harbor1	chr11	109267541	109267726	SINE/MIR	405	+	92	109267633	82619
chr11	35947292	36147292	harbor1	chr11	35956538	35956727	SINE/MIR	467	+	94	35956632	9340
chr11	35947292	36147292	harbor1	chr11	35957053	35957091	SINE/MIR	450	+	19	35957072	9780
chr11	35947292	36147292	harbor1	chr11	35961340	35961556	SINE/MIR	440	+	108	35961448	14156
chr11	35947292	36147292	harbor1	chr11	35981234	35981437	SINE/MIR	525	+	102	35981336	34044
chr11	35947292	36147292	harbor1	chr11	36006570	36006780	SINE/MIR	527	+	105	36006675	59383
chr11	35947292	36147292	harbor1	chr11	36028851	36028950	SINE/MIR	486	+	50	36028901	81609
chr11	35947292	36147292	harbor1	chr11	36039411	36039588	SINE/MIR	405	+	88	36039499	92207
chr11	35947292	36147292	harbor1	chr11	36044082	36044223	SINE/MIR	404	+	70	36044152	96860
chr11	60942901	61142901	harbor1	chr11	60950299	60950497	SINE/MIR	573	+	99	60950398	7497
chr11	60942901	61142901	harbor1	chr11	60958395	60958601	SINE/MIR	601	+	103	60958498	15597
chr11	60942901	61142901	harbor1	chr11	60966819	60967052	SINE/MIR	623	+	116	60966935	24034
chr11	60942901	61142901	harbor1	chr11	60988067	60988272	SINE/MIR	470	+	102	60988169	45268
chr11	60942901	61142901	harbor1	chr11	60989125	60989346	SINE/MIR	639	+	110	60989235	46334
chr11	60942901	61142901	harbor1	chr11	60989737	60989896	SINE/MIR	442	+	80	60989817	46916
chr11	60942901	61142901	harbor1	chr11	60996047	60996167	SINE/MIR	668	+	60	60996107	53206
chr11	60942901	61142901	harbor1	chr11	60998087	60998350	SINE/MIR	831	+	132	60998219	55318
chr11	60942901	61142901	harbor1	chr11	61011770	61011973	SINE/MIR	771	+	102	61011872	68971
chr11	60942901	61142901	harbor1	chr11	61015034	61015201	SINE/MIR	717	+	84	61015118	72217
chr11	60942901	61142901	harbor1	chr11	61022006	61022154	SINE/MIR	403	+	74	61022080	79179
chr11	106840786	107040786	harbor1	chr11	106862171	106862387	SINE/MIR	432	+	108	106862279	21493
chr11	106840786	107040786	harbor1	chr11	106885645	106885774	SINE/MIR	406	+	64	106885709	44923
chr11	106840786	107040786	harbor1	chr11	106921620	106921748	SINE/MIR	481	+	64	106921684	80898
chr11	106840786	107040786	harbor1	chr11	106924489	106924713	SINE/MIR	739	+	112	106924601	83815
chr11	35290323	35490323	harbor1	chr11	35298056	35298231	SINE/MIR	437	+	88	35298144	7821
chr11	35290323	35490323	harbor1	chr11	35349932	35350069	SINE/MIR	478	+	68	35350000	59677
chr11	35290323	35490323	harbor1	chr11	35362430	35362635	SINE/MIR	568	+	102	35362532	72209
chr11	35290323	35490323	harbor1	chr11	35364581	35364774	SINE/MIR	449	+	96	35364677	74354
chr11	35290323	35490323	harbor1	chr11	35368277	35368425	SINE/MIR	580	+	74	35368351	78028
chr11	35290323	35490323	harbor1	chr11	35373921	35374130	SINE/MIR	730	+	104	35374025	83702
chr11	35290323	35490323	harbor1	chr11	35383472	35383712	SINE/MIR	962	+	120	35383592	93269
chr11	69507716	69707716	harbor1	chr11	69547196	69547282	SINE/MIR	451	+	43	69547239	39523
chr11	69507716	69707716	harbor1	chr11	69558147	69558323	SINE/MIR	624	+	88	69558235	50519
chr11	91833360	92033360	harbor1	chr11	91835596	91835824	SINE/MIR	499	+	114	91835710	2350
chr11	91833360	92033360	harbor1	chr11	91838689	91838926	SINE/MIR	986	+	118	91838807	5447
chr11	91833360	92033360	harbor1	chr11	91842719	91842937	SINE/MIR	390	+	109	91842828	9468
chr11	91833360	92033360	harbor1	chr11	91847071	91847216	SINE/MIR	389	+	72	91847143	13783
chr11	91833360	92033360	harbor1	chr11	91861361	91861589	SINE/MIR	435	+	114	91861475	28115
chr11	91833360	92033360	harbor1	chr11	91864182	91864311	SINE/MIR	382	+	64	91864246	30886
chr11	91833360	92033360	harbor1	chr11	91869918	91870133	SINE/MIR	873	+	108	91870026	36666
chr11	91833360	92033360	harbor1	chr11	91884395	91884598	SINE/MIR	509	+	102	91884497	51137
chr11	91833360	92033360	harbor1	chr11	91894345	91894584	SINE/MIR	429	+	120	91894465	61105
chr11	91833360	92033360	harbor1	chr11	91913621	91913782	SINE/MIR	486	+	80	91913701	80341
chr11	91833360	92033360	harbor1	chr11	91922289	91922564	SINE/MIR	678	+	138	91922427	89067
chr11	132945827	133145827	harbor1	chr11	132964349	132964556	SINE/MIR	499	+	104	132964453	18626
chr11	132945827	133145827	harbor1	chr11	133002414	133002645	SINE/MIR	518	+	116	133002530	56703
chr11	132945827	133145827	harbor1	chr11	133027025	133027122	SINE/MIR	420	+	48	133027073	81246
chr11	132945827	133145827	harbor1	chr11	133034497	133034746	SINE/MIR	440	+	124	133034621	88794
chr11	132945827	133145827	harbor1	chr11	133041190	133041316	SINE/MIR	382	+	63	133041253	95426
chr11	109697390	109897390	harbor1	chr11	109708705	109708894	SINE/MIR	418	+	94	109708799	11409
chr11	109697390	109897390	harbor1	chr11	109733414	109733632	SINE/MIR	464	+	109	109733523	36133
chr11	109697390	109897390	harbor1	chr11	109748704	109748902	SINE/MIR	394	+	99	109748803	51413
chr11	109697390	109897390	harbor1	chr11	109769497	109769689	SINE/MIR	816	+	96	109769593	72203
chr11	109697390	109897390	harbor1	chr11	109780914	109781161	SINE/MIR	925	+	124	109781038	83648
chr11	109697390	109897390	harbor1	chr11	109784607	109784743	SINE/MIR	505	+	68	109784675	87285
chr11	109697390	109897390	harbor1	chr11	109786047	109786210	SINE/MIR	446	+	82	109786129	88739
chr11	21942774	22142774	harbor1	chr11	21945405	21945518	SINE/MIR	462	+	56	21945461	2687
chr11	21942774	22142774	harbor1	chr11	21966597	21966837	SINE/MIR	509	+	120	21966717	23943
chr11	21942774	22142774	harbor1	chr11	21978301	21978449	SINE/MIR	387	+	74	21978375	35601
chr11	21942774	22142774	harbor1	chr11	21979814	21979879	SINE/MIR	542	+	32	21979846	37072
chr11	21942774	22142774	harbor1	chr11	21980264	21980453	SINE/MIR	542	+	94	21980358	37584
chr11	21942774	22142774	harbor1	chr11	21993697	21993891	SINE/MIR	446	+	97	21993794	51020
chr11	21942774	22142774	harbor1	chr11	22009097	22009349	SINE/MIR	967	+	126	22009223	66449
chr11	97133818	97333818	harbor1	chr11	97162374	97162560	SINE/MIR	397	+	93	97162467	28649
chr11	97133818	97333818	harbor1	chr11	97169848	97170047	SINE/MIR	588	+	100	97169948	36130
chr11	97133818	97333818	harbor1	chr11	97173864	97174008	SINE/MIR	376	+	72	97173936	40118
chr11	10390098	10590098	harbor1	chr11	10459838	10459985	SINE/MIR	411	+	74	10459912	69814
chr11	10390098	10590098	harbor1	chr11	10463985	10464181	SINE/MIR	707	+	98	10464083	73985
chr11	10390098	10590098	harbor1	chr11	10464937	10465171	SINE/MIR	738	+	117	10465054	74956
chr11	10390098	10590098	harbor1	chr11	10481014	10481137	SINE/MIR	385	+	62	10481076	90978
chr11	10390098	10590098	harbor1	chr11	10482922	10483163	SINE/MIR	936	+	120	10483042	92944
chr11	15394965	15594965	harbor1	chr11	15407213	15407436	SINE/MIR	572	+	112	15407325	12360
chr11	15394965	15594965	harbor1	chr11	15416281	15416340	SINE/MIR	443	+	30	15416311	21346
chr11	15394965	15594965	harbor1	chr11	15416648	15416861	SINE/MIR	443	+	106	15416754	21789
chr11	15394965	15594965	harbor1	chr11	15424273	15424426	SINE/MIR	392	+	76	15424349	29384
chr11	15394965	15594965	harbor1	chr11	15424499	15424707	SINE/MIR	580	+	104	15424603	29638
chr11	15394965	15594965	harbor1	chr11	15434164	15434335	SINE/MIR	469	+	86	15434250	39285
chr11	15394965	15594965	harbor1	chr11	15438648	15438864	SINE/MIR	397	+	108	15438756	43791
chr11	15394965	15594965	harbor1	chr11	15446536	15446790	SINE/MIR	687	+	127	15446663	51698
chr11	15394965	15594965	harbor1	chr11	15450371	15450568	SINE/MIR	666	+	98	15450469	55504
chr11	15394965	15594965	harbor1	chr11	15480383	15480594	SINE/MIR	512	+	106	15480489	85524
chr11	15394965	15594965	harbor1	chr11	15485617	15485730	SINE/MIR	447	+	56	15485673	90708
chr11	15394965	15594965	harbor1	chr11	15486638	15486836	SINE/MIR	478	+	99	15486737	91772
chr11	15394965	15594965	harbor1	chr11	15493841	15493936	SINE/MIR	387	+	48	15493889	98924
chr11	15394965	15594965	harbor1	chr11	15494737	15494843	SINE/MIR	387	+	53	15494790	99825
chr11	11274763	11474763	harbor1	chr11	11285209	11285416	SINE/MIR	759	+	104	11285313	10550
chr11	11274763	11474763	harbor1	chr11	11291348	11291496	SINE/MIR	651	+	74	11291422	16659
chr11	11274763	11474763	harbor1	chr11	11292603	11292748	SINE/MIR	503	+	72	11292675	17912
chr11	11274763	11474763	harbor1	chr11	11305506	11305683	SINE/MIR	408	+	88	11305594	30831
chr11	11274763	11474763	harbor1	chr11	11313624	11313874	SINE/MIR	900	+	125	11313749	38986
chr11	11274763	11474763	harbor1	chr11	11317866	11318015	SINE/MIR	420	+	74	11317940	43177
chr11	11274763	11474763	harbor1	chr11	11329015	11329233	SINE/MIR	730	+	109	11329124	54361
chr11	11274763	11474763	harbor1	chr11	11342710	11342968	SINE/MIR	854	+	129	11342839	68076
chr11	11274763	11474763	harbor1	chr11	11344568	11344710	SINE/MIR	405	+	71	11344639	69876
chr11	11274763	11474763	harbor1	chr11	11354386	11354638	SINE/MIR	713	+	126	11354512	79749
chr11	11274763	11474763	harbor1	chr11	11357586	11357776	SINE/MIR	640	+	95	11357681	82918
chr11	11274763	11474763	harbor1	chr11	11361261	11361495	SINE/MIR	1004	+	117	11361378	86615
chr11	8091342	8291342	harbor1	chr11	8139691	8139916	SINE/MIR	454	+	112	8139803	48461
chr11	8091342	8291342	harbor1	chr11	8156270	8156499	SINE/MIR	571	+	114	8156384	65042
chr11	78075169	78275169	harbor1	chr11	78079125	78079293	SINE/MIR	396	+	84	78079209	4040
chr11	78075169	78275169	harbor1	chr11	78105384	78105517	SINE/MIR	393	+	66	78105450	30281
chr11	78075169	78275169	harbor1	chr11	78153223	78153472	SINE/MIR	861	+	124	78153347	78178
chr11	78075169	78275169	harbor1	chr11	78156963	78157197	SINE/MIR	714	+	117	78157080	81911
chr11	78075169	78275169	harbor1	chr11	78160999	78161174	SINE/MIR	487	+	88	78161087	85918
chr11	78075169	78275169	harbor1	chr11	78164223	78164349	SINE/MIR	439	+	63	78164286	89117
chr11	115982072	116182072	harbor1	chr11	116050282	116050510	SINE/MIR	434	+	114	116050396	68324
chr11	115982072	116182072	harbor1	chr11	116052204	116052350	SINE/MIR	413	+	73	116052277	70205
chr11	115982072	116182072	harbor1	chr11	116060506	116060712	SINE/MIR	585	+	103	116060609	78537
chr11	115982072	116182072	harbor1	chr11	116061129	116061380	SINE/MIR	484	+	126	116061255	79183
chr11	115982072	116182072	harbor1	chr11	116067077	116067269	SINE/MIR	574	+	96	116067173	85101
chr11	115982072	116182072	harbor1	chr11	116075518	116075716	SINE/MIR	381	+	99	116075617	93545
chr11	115982072	116182072	harbor1	chr11	116081526	116081628	SINE/MIR	397	+	51	116081577	99505
chr11	115982072	116182072	harbor1	chr11	116081922	116081957	SINE/MIR	397	+	18	116081940	99868
chr11	115982072	116182072	harbor1	chr11	116047713	116047953	SINE/MIR	737	+	120	116047833	65761
chr11	134397082	134597082	harbor1	chr11	134466690	134466835	SINE/MIR	402	+	72	134466762	69680
chr11	31598711	31798711	harbor1	chr11	31621868	31622080	SINE/MIR	425	+	106	31621974	23263
chr11	31598711	31798711	harbor1	chr11	31635554	31635737	SINE/MIR	411	+	92	31635646	36935
chr11	31598711	31798711	harbor1	chr11	31689683	31689849	SINE/MIR	669	+	83	31689766	91055
chr11	92236430	92436430	harbor1	chr11	92255582	92255753	SINE/MIR	425	+	86	92255668	19238
chr11	92236430	92436430	harbor1	chr11	92296243	92296467	SINE/MIR	528	+	112	92296355	59925
chr11	92236430	92436430	harbor1	chr11	92326109	92326241	SINE/MIR	448	+	66	92326175	89745
chr11	92236430	92436430	harbor1	chr11	92332347	92332450	SINE/MIR	605	+	52	92332399	95969
chr11	92236430	92436430	harbor1	chr11	92332650	92332778	SINE/MIR	605	+	64	92332714	96284
chr11	122976989	123176989	harbor1	chr11	122989367	122989617	SINE/MIR	799	+	125	122989492	12503
chr11	122976989	123176989	harbor1	chr11	123000717	123000897	SINE/MIR	708	+	90	123000807	23818
chr11	122976989	123176989	harbor1	chr11	123004541	123004700	SINE/MIR	397	+	80	123004621	27632
chr11	122976989	123176989	harbor1	chr11	123007355	123007468	SINE/MIR	559	+	56	123007411	30422
chr11	122976989	123176989	harbor1	chr11	123014649	123014793	SINE/MIR	530	+	72	123014721	37732
chr11	122976989	123176989	harbor1	chr11	123015642	123015857	SINE/MIR	721	+	108	123015750	38761
chr11	122976989	123176989	harbor1	chr11	123027028	123027241	SINE/MIR	1161	+	106	123027134	50145
chr11	122976989	123176989	harbor1	chr11	123030934	123031078	SINE/MIR	458	+	72	123031006	54017
chr11	122976989	123176989	harbor1	chr11	123039097	123039226	SINE/MIR	455	+	64	123039161	62172
chr11	122976989	123176989	harbor1	chr11	123068998	123069020	SINE/MIR	608	+	11	123069009	92020
chr11	122976989	123176989	harbor1	chr11	123069323	123069494	SINE/MIR	608	+	86	123069409	92420
chr11	6930849	7130849	harbor1	chr11	6943851	6943993	SINE/MIR	610	+	71	6943922	13073
chr11	6930849	7130849	harbor1	chr11	6944262	6944297	SINE/MIR	610	+	18	6944280	13431
chr11	6930849	7130849	harbor1	chr11	7021103	7021317	SINE/MIR	471	+	107	7021210	90361
chr11	84149456	84349456	harbor1	chr11	84158455	84158677	SINE/MIR	594	+	111	84158566	9110
chr11	84149456	84349456	harbor1	chr11	84168995	84169186	SINE/MIR	466	+	96	84169091	19635
chr11	84149456	84349456	harbor1	chr11	84177451	84177617	SINE/MIR	398	+	83	84177534	28078
chr11	84149456	84349456	harbor1	chr11	84228804	84229063	SINE/MIR	548	+	130	84228934	79478
chr11	84149456	84349456	harbor1	chr11	84229682	84229916	SINE/MIR	869	+	117	84229799	80343
chr11	84149456	84349456	harbor1	chr11	84235800	84235978	SINE/MIR	551	+	89	84235889	86433
chr11	127926238	128126238	harbor1	chr11	127930060	127930238	SINE/MIR	461	+	89	127930149	3911
chr11	127926238	128126238	harbor1	chr11	127963743	127963889	SINE/MIR	398	+	73	127963816	37578
chr11	127926238	128126238	harbor1	chr11	127997287	127997536	SINE/MIR	607	+	124	127997411	71173
chr11	127926238	128126238	harbor1	chr11	127997909	127998085	SINE/MIR	671	+	88	127997997	71759
chr11	127926238	128126238	harbor1	chr11	128017633	128017883	SINE/MIR	885	+	125	128017758	91520
chr11	127926238	128126238	harbor1	chr11	128023875	128024106	SINE/MIR	539	+	116	128023991	97753
chr11	7417055	7617055	harbor1	chr11	7423373	7423607	SINE/MIR	651	+	117	7423490	6435
chr11	7417055	7617055	harbor1	chr11	7436834	7437046	SINE/MIR	570	+	106	7436940	19885
chr11	7417055	7617055	harbor1	chr11	7445003	7445240	SINE/MIR	605	+	118	7445121	28066
chr11	7417055	7617055	harbor1	chr11	7446257	7446382	SINE/MIR	413	+	62	7446319	29264
chr11	7417055	7617055	harbor1	chr11	7460036	7460181	SINE/MIR	431	+	72	7460108	43053
chr11	7417055	7617055	harbor1	chr11	7462134	7462362	SINE/MIR	562	+	114	7462248	45193
chr11	7417055	7617055	harbor1	chr11	7500499	7500631	SINE/MIR	390	+	66	7500565	83510
chr11	102136086	102336086	harbor1	chr11	102137147	102137352	SINE/MIR	637	+	102	102137249	1163
chr11	102136086	102336086	harbor1	chr11	102169021	102169250	SINE/MIR	513	+	114	102169135	33049
chr11	102136086	102336086	harbor1	chr11	102177934	102178165	SINE/MIR	900	+	116	102178050	41964
chr11	102136086	102336086	harbor1	chr11	102184810	102185060	SINE/MIR	754	+	125	102184935	48849
chr11	102018360	102218360	harbor1	chr11	102067986	102068181	SINE/MIR	511	+	98	102068084	49724
chr11	102018360	102218360	harbor1	chr11	102085097	102085249	SINE/MIR	527	+	76	102085173	66813
chr11	102018360	102218360	harbor1	chr11	102085580	102085705	SINE/MIR	527	+	62	102085642	67282
chr11	4432239	4632239	harbor1	chr11	4435015	4435243	SINE/MIR	518	+	114	4435129	2890
chr11	120132849	120332849	harbor1	chr11	120144698	120144911	SINE/MIR	575	+	106	120144804	11955
chr11	120132849	120332849	harbor1	chr11	120170585	120170753	SINE/MIR	790	+	84	120170669	37820
chr11	120132849	120332849	harbor1	chr11	120178274	120178453	SINE/MIR	530	+	90	120178364	45515
chr11	120132849	120332849	harbor1	chr11	120190824	120191060	SINE/MIR	543	+	118	120190942	58093
chr11	120132849	120332849	harbor1	chr11	120194655	120194762	SINE/MIR	411	+	54	120194709	61860
chr11	120132849	120332849	harbor1	chr11	120195076	120195182	SINE/MIR	411	+	53	120195129	62280
chr11	120132849	120332849	harbor1	chr11	120199450	120199626	SINE/MIR	556	+	88	120199538	66689
chr11	120132849	120332849	harbor1	chr11	120208234	120208459	SINE/MIR	828	+	112	120208346	75497
chr11	120132849	120332849	harbor1	chr11	120214162	120214289	SINE/MIR	534	+	64	120214226	81377
chr11	120132849	120332849	harbor1	chr11	120217641	120217725	SINE/MIR	402	+	42	120217683	84834
chr11	120132849	120332849	harbor1	chr11	120230199	120230372	SINE/MIR	445	+	86	120230285	97436
chr11	5434156	5634156	harbor1	chr11	5476678	5476829	SINE/MIR	510	+	76	5476754	42598
chr11	5434156	5634156	harbor1	chr11	5490059	5490273	SINE/MIR	777	+	107	5490166	56010
chr11	5434156	5634156	harbor1	chr11	5494608	5494813	SINE/MIR	486	+	102	5494710	60554
chr11	5434156	5634156	harbor1	chr11	5502606	5502812	SINE/MIR	671	+	103	5502709	68553
chr11	5434156	5634156	harbor1	chr11	5503870	5504098	SINE/MIR	706	+	114	5503984	69828
chr11	5434156	5634156	harbor1	chr11	5523958	5524113	SINE/MIR	601	+	78	5524036	89880
chr11	5434156	5634156	harbor1	chr11	5524187	5524218	SINE/MIR	601	+	16	5524203	90047
chr11	5434156	5634156	harbor1	chr11	5532094	5532350	SINE/MIR	858	+	128	5532222	98066
chr11	6379093	6579093	harbor1	chr11	6388459	6388615	SINE/MIR	517	+	78	6388537	9444
chr11	6379093	6579093	harbor1	chr11	6389216	6389268	SINE/MIR	560	+	26	6389242	10149
chr11	6379093	6579093	harbor1	chr11	6410150	6410383	SINE/MIR	443	+	116	6410266	31173
chr11	6379093	6579093	harbor1	chr11	6458754	6459001	SINE/MIR	584	+	124	6458878	79785
chr11	6379093	6579093	harbor1	chr11	6463285	6463399	SINE/MIR	397	+	57	6463342	84249
chr11	6379093	6579093	harbor1	chr11	6465907	6466036	SINE/MIR	568	+	64	6465971	86878
chr11	6379093	6579093	harbor1	chr11	6389736	6389844	SINE/MIR	560	+	54	6389790	10697
chr11	105646709	105846709	harbor1	chr11	105691519	105691625	SINE/MIR	494	+	53	105691572	44863
chr11	105646709	105846709	harbor1	chr11	105711794	105711992	SINE/MIR	387	+	99	105711893	65184
chr11	105646709	105846709	harbor1	chr11	105724948	105725103	SINE/MIR	606	+	78	105725026	78317
chr11	105646709	105846709	harbor1	chr11	105737768	105738004	SINE/MIR	433	+	118	105737886	91177
chr11	128114008	128314008	harbor1	chr11	128134867	128135136	SINE/MIR	409	+	134	128135001	20993
chr11	128114008	128314008	harbor1	chr11	128150582	128150732	SINE/MIR	448	+	75	128150657	36649
chr11	128114008	128314008	harbor1	chr11	128183110	128183354	SINE/MIR	580	+	122	128183232	69224
chr11	13951696	14151696	harbor1	chr11	13953950	13954114	SINE/MIR	464	+	82	13954032	2336
chr11	13951696	14151696	harbor1	chr11	13966722	13966925	SINE/MIR	579	+	102	13966824	15128
chr11	13951696	14151696	harbor1	chr11	14005835	14006040	SINE/MIR	453	+	102	14005937	54241
chr11	13951696	14151696	harbor1	chr11	14011847	14012036	SINE/MIR	593	+	94	14011941	60245
chr11	13951696	14151696	harbor1	chr11	14019150	14019355	SINE/MIR	718	+	102	14019252	67556
chr11	13951696	14151696	harbor1	chr11	14020765	14020958	SINE/MIR	625	+	96	14020861	69165
chr11	13951696	14151696	harbor1	chr11	14022457	14022663	SINE/MIR	432	+	103	14022560	70864
chr11	13951696	14151696	harbor1	chr11	14035228	14035461	SINE/MIR	407	+	116	14035344	83648
chr11	84048144	84248144	harbor1	chr11	84061129	84061347	SINE/MIR	611	+	109	84061238	13094
chr11	84048144	84248144	harbor1	chr11	84062222	84062392	SINE/MIR	386	+	85	84062307	14163
chr11	84048144	84248144	harbor1	chr11	84064390	84064648	SINE/MIR	727	+	129	84064519	16375
chr11	84048144	84248144	harbor1	chr11	84094096	84094342	SINE/MIR	818	+	123	84094219	46075
chr11	84048144	84248144	harbor1	chr11	84105229	84105370	SINE/MIR	430	+	70	84105299	57155
chr11	84048144	84248144	harbor1	chr11	84121204	84121296	SINE/MIR	383	+	46	84121250	73106
chr11	84048144	84248144	harbor1	chr11	84123127	84123290	SINE/MIR	452	+	82	84123209	75065
chr11	84048144	84248144	harbor1	chr11	84138083	84138246	SINE/MIR	441	+	82	84138165	90021
chr11	84048144	84248144	harbor1	chr11	84140138	84140369	SINE/MIR	415	+	116	84140254	92110
chr11	84048144	84248144	harbor1	chr11	84140921	84141071	SINE/MIR	445	+	75	84140996	92852
chr11	113495299	113695299	harbor1	chr11	113535000	113535146	SINE/MIR	567	+	73	113535073	39774
chr11	113495299	113695299	harbor1	chr11	113537709	113537959	SINE/MIR	637	+	125	113537834	42535
chr11	113495299	113695299	harbor1	chr11	113556181	113556357	SINE/MIR	564	+	88	113556269	60970
chr11	113495299	113695299	harbor1	chr11	113557844	113557994	SINE/MIR	500	+	75	113557919	62620
chr11	113495299	113695299	harbor1	chr11	113570258	113570430	SINE/MIR	573	+	86	113570344	75045
chr11	101296630	101496630	harbor1	chr11	101326448	101326546	SINE/MIR	389	+	49	101326497	29867
chr11	101296630	101496630	harbor1	chr11	101344419	101344627	SINE/MIR	731	+	104	101344523	47893
chr11	101296630	101496630	harbor1	chr11	101353259	101353443	SINE/MIR	483	+	92	101353351	56721
chr11	101296630	101496630	harbor1	chr11	101364045	101364241	SINE/MIR	513	+	98	101364143	67513
chr11	101296630	101496630	harbor1	chr11	101370281	101370491	SINE/MIR	454	+	105	101370386	73756
chr11	101296630	101496630	harbor1	chr11	101373038	101373200	SINE/MIR	601	+	81	101373119	76489
chr11	97457021	97657021	harbor1	chr11	97491849	97492038	SINE/MIR	475	+	94	97491943	34922
chr11	97457021	97657021	harbor1	chr11	97505936	97506081	SINE/MIR	375	+	72	97506008	48987
chr11	97457021	97657021	harbor1	chr11	97556419	97556667	SINE/MIR	422	+	124	97556543	99522
chr11	97457021	97657021	harbor1	chr11	97556669	97556900	SINE/MIR	433	+	116	97556785	99764
chr11	94548482	94748482	harbor1	chr11	94548918	94549134	SINE/MIR	572	+	108	94549026	544
chr11	94548482	94748482	harbor1	chr11	94565023	94565216	SINE/MIR	594	+	96	94565119	16637
chr11	94548482	94748482	harbor1	chr11	94592198	94592314	SINE/MIR	434	+	58	94592256	43774
chr11	94548482	94748482	harbor1	chr11	94609021	94609250	SINE/MIR	730	+	114	94609135	60653
chr11	94548482	94748482	harbor1	chr11	94623809	94623981	SINE/MIR	684	+	86	94623895	75413
chr11	94548482	94748482	harbor1	chr11	94632189	94632380	SINE/MIR	439	+	96	94632285	83803
chr11	131816292	132016292	harbor1	chr11	131821461	131821639	SINE/MIR	436	+	89	131821550	5258
chr11	131816292	132016292	harbor1	chr11	131828004	131828244	SINE/MIR	638	+	120	131828124	11832
chr11	131816292	132016292	harbor1	chr11	131838403	131838574	SINE/MIR	401	+	86	131838489	22197
chr11	131816292	132016292	harbor1	chr11	131859558	131859775	SINE/MIR	467	+	108	131859666	43374
chr11	131816292	132016292	harbor1	chr11	131870190	131870332	SINE/MIR	441	+	71	131870261	53969
chr11	131816292	132016292	harbor1	chr11	131906314	131906518	SINE/MIR	417	+	102	131906416	90124
chr11	17578760	17778760	harbor1	chr11	17580236	17580350	SINE/MIR	396	+	57	17580293	1533
chr11	17578760	17778760	harbor1	chr11	17597311	17597489	SINE/MIR	490	+	89	17597400	18640
chr11	17578760	17778760	harbor1	chr11	17597782	17598017	SINE/MIR	509	+	118	17597900	19140
chr11	17578760	17778760	harbor1	chr11	17606975	17607201	SINE/MIR	441	+	113	17607088	28328
chr11	17578760	17778760	harbor1	chr11	17607482	17607611	SINE/MIR	464	+	64	17607546	28786
chr11	17578760	17778760	harbor1	chr11	17636750	17637001	SINE/MIR	590	+	126	17636876	58116
chr11	17578760	17778760	harbor1	chr11	17654494	17654628	SINE/MIR	404	+	67	17654561	75801
chr11	102325619	102525619	harbor1	chr11	102335402	102335646	SINE/MIR	764	+	122	102335524	9905
chr11	102325619	102525619	harbor1	chr11	102375429	102375498	SINE/MIR	630	+	34	102375463	49844
chr11	102325619	102525619	harbor1	chr11	102375799	102375957	SINE/MIR	630	+	79	102375878	50259
chr11	102325619	102525619	harbor1	chr11	102376977	102377211	SINE/MIR	575	+	117	102377094	51475
chr11	102325619	102525619	harbor1	chr11	102382337	102382501	SINE/MIR	388	+	82	102382419	56800
chr11	102325619	102525619	harbor1	chr11	102408443	102408629	SINE/MIR	458	+	93	102408536	82917
chr11	123171173	123371173	harbor1	chr11	123178435	123178628	SINE/MIR	432	+	96	123178531	7358
chr11	123171173	123371173	harbor1	chr11	123178779	123178944	SINE/MIR	488	+	82	123178861	7688
chr11	123171173	123371173	harbor1	chr11	123179758	123179867	SINE/MIR	425	+	54	123179812	8639
chr11	123171173	123371173	harbor1	chr11	123180073	123180161	SINE/MIR	401	+	44	123180117	8944
chr11	123171173	123371173	harbor1	chr11	123183882	123184079	SINE/MIR	597	+	98	123183980	12807
chr11	123171173	123371173	harbor1	chr11	123186094	123186285	SINE/MIR	465	+	96	123186190	15017
chr11	123171173	123371173	harbor1	chr11	123189295	123189538	SINE/MIR	762	+	122	123189417	18244
chr11	123171173	123371173	harbor1	chr11	123190879	123191000	SINE/MIR	385	+	60	123190939	19766
chr11	123171173	123371173	harbor1	chr11	123193157	123193361	SINE/MIR	665	+	102	123193259	22086
chr11	123171173	123371173	harbor1	chr11	123201135	123201286	SINE/MIR	374	+	76	123201211	30038
chr11	123171173	123371173	harbor1	chr11	123201580	123201629	SINE/MIR	374	+	24	123201604	30431
chr11	123171173	123371173	harbor1	chr11	123206475	123206693	SINE/MIR	602	+	109	123206584	35411
chr11	123171173	123371173	harbor1	chr11	123245171	123245374	SINE/MIR	495	+	102	123245273	74100
chr11	123171173	123371173	harbor1	chr11	123254809	123255003	SINE/MIR	518	+	97	123254906	83733
chr11	123171173	123371173	harbor1	chr11	123262700	123262865	SINE/MIR	791	+	82	123262782	91609
chr11	123171173	123371173	harbor1	chr11	123263311	123263381	SINE/MIR	791	+	35	123263346	92173
chr11	64261501	64461501	harbor1	chr11	64330564	64330684	SINE/MIR	660	+	60	64330624	69123
chr11	64261501	64461501	harbor1	chr11	64330979	64331078	SINE/MIR	660	+	50	64331029	69528
chr11	64261501	64461501	harbor1	chr11	64337622	64337787	SINE/MIR	694	+	82	64337704	76203
chr11	64261501	64461501	harbor1	chr11	64347669	64347768	SINE/MIR	659	+	50	64347719	86218
chr11	64261501	64461501	harbor1	chr11	64348075	64348143	SINE/MIR	659	+	34	64348109	86608
chr11	96721950	96921950	harbor1	chr11	96761892	96762084	SINE/MIR	389	+	96	96761988	40038
chr11	96721950	96921950	harbor1	chr11	96796749	96796876	SINE/MIR	406	+	64	96796813	74863
chr11	96721950	96921950	harbor1	chr11	96800904	96801069	SINE/MIR	483	+	82	96800986	79036
chr11	96721950	96921950	harbor1	chr11	96804298	96804496	SINE/MIR	460	+	99	96804397	82447
chr11	13766004	13966004	harbor1	chr11	13778424	13778654	SINE/MIR	759	+	115	13778539	12535
chr11	13766004	13966004	harbor1	chr11	13836943	13837092	SINE/MIR	474	+	74	13837017	71013
chr11	13766004	13966004	harbor1	chr11	13837182	13837384	SINE/MIR	447	+	101	13837283	71279
chr11	13766004	13966004	harbor1	chr11	13841017	13841152	SINE/MIR	378	+	68	13841085	75081
chr11	121832507	122032507	harbor1	chr11	121844291	121844459	SINE/MIR	444	+	84	121844375	11868
chr11	121832507	122032507	harbor1	chr11	121846706	121846840	SINE/MIR	446	+	67	121846773	14266
chr11	121832507	122032507	harbor1	chr11	121868411	121868551	SINE/MIR	425	+	70	121868481	35974
chr11	121832507	122032507	harbor1	chr11	121886664	121886885	SINE/MIR	455	+	110	121886774	54267
chr11	121832507	122032507	harbor1	chr11	121888359	121888574	SINE/MIR	431	+	108	121888467	55960
chr11	121832507	122032507	harbor1	chr11	121890093	121890266	SINE/MIR	393	+	86	121890179	57672
chr11	121832507	122032507	harbor1	chr11	121891841	121892033	SINE/MIR	384	+	96	121891937	59430
chr11	121832507	122032507	harbor1	chr11	121900426	121900509	SINE/MIR	697	+	42	121900468	67961
chr11	121832507	122032507	harbor1	chr11	121901006	121901165	SINE/MIR	697	+	80	121901086	68579
chr11	121832507	122032507	harbor1	chr11	121903146	121903378	SINE/MIR	725	+	116	121903262	70755
chr11	121832507	122032507	harbor1	chr11	121925284	121925543	SINE/MIR	763	+	130	121925414	92907
chr11	121832507	122032507	harbor1	chr11	121931177	121931307	SINE/MIR	379	+	65	121931242	98735
chr11	41175039	41375039	harbor1	chr11	41188403	41188658	SINE/MIR	453	+	128	41188531	13492
chr11	41175039	41375039	harbor1	chr11	41203589	41203789	SINE/MIR	443	+	100	41203689	28650
chr11	41175039	41375039	harbor1	chr11	41222922	41223094	SINE/MIR	601	+	86	41223008	47969
chr11	41175039	41375039	harbor1	chr11	41244987	41245172	SINE/MIR	477	+	92	41245079	70040
chr11	41175039	41375039	harbor1	chr11	41246668	41246694	SINE/MIR	477	+	13	41246681	71642
chr11	41175039	41375039	harbor1	chr11	41253521	41253734	SINE/MIR	557	+	106	41253627	78588
chr11	114599772	114799772	harbor1	chr11	114652419	114652607	SINE/MIR	454	+	94	114652513	52741
chr11	19303881	19503881	harbor1	chr11	19317308	19317521	SINE/MIR	565	+	106	19317414	13533
chr11	19303881	19503881	harbor1	chr11	19317958	19318174	SINE/MIR	572	+	108	19318066	14185
chr11	19303881	19503881	harbor1	chr11	19327394	19327589	SINE/MIR	591	+	98	19327492	23611
chr11	19303881	19503881	harbor1	chr11	19328540	19328751	SINE/MIR	584	+	106	19328646	24765
chr11	19303881	19503881	harbor1	chr11	19337164	19337388	SINE/MIR	993	+	112	19337276	33395
chr11	19303881	19503881	harbor1	chr11	19339451	19339631	SINE/MIR	520	+	90	19339541	35660
chr11	19303881	19503881	harbor1	chr11	19348432	19348553	SINE/MIR	479	+	60	19348492	44611
chr11	19303881	19503881	harbor1	chr11	19353425	19353648	SINE/MIR	423	+	112	19353537	49656
chr11	19303881	19503881	harbor1	chr11	19362634	19362873	SINE/MIR	700	+	120	19362754	58873
chr11	19303881	19503881	harbor1	chr11	19365424	19365583	SINE/MIR	482	+	80	19365504	61623
chr11	19303881	19503881	harbor1	chr11	19366570	19366722	SINE/MIR	485	+	76	19366646	62765
chr11	19303881	19503881	harbor1	chr11	19368472	19368603	SINE/MIR	561	+	66	19368538	64657
chr11	19303881	19503881	harbor1	chr11	19372125	19372239	SINE/MIR	406	+	57	19372182	68301
chr11	19303881	19503881	harbor1	chr11	19386269	19386477	SINE/MIR	374	+	104	19386373	82492
chr11	19303881	19503881	harbor1	chr11	19389423	19389571	SINE/MIR	377	+	74	19389497	85616
chr11	19303881	19503881	harbor1	chr11	19395999	19396126	SINE/MIR	424	+	64	19396063	92182
chr11	19303881	19503881	harbor1	chr11	19397698	19397863	SINE/MIR	384	+	82	19397780	93899
chr11	19303881	19503881	harbor1	chr11	19400473	19400632	SINE/MIR	430	+	80	19400553	96672
chr11	19303881	19503881	harbor1	chr11	19402186	19402428	SINE/MIR	906	+	121	19402307	98426
chr11	19303881	19503881	harbor1	chr11	19402978	19403177	SINE/MIR	621	+	100	19403078	99197
chr11	87812296	88012296	harbor1	chr11	87818600	87818841	SINE/MIR	398	+	120	87818720	6424
chr11	87812296	88012296	harbor1	chr11	87836940	87837143	SINE/MIR	634	+	102	87837042	24746
chr11	87812296	88012296	harbor1	chr11	87840949	87841137	SINE/MIR	496	+	94	87841043	28747
chr11	87812296	88012296	harbor1	chr11	87843563	87843740	SINE/MIR	447	+	88	87843651	31355
chr11	87812296	88012296	harbor1	chr11	87863141	87863384	SINE/MIR	440	+	122	87863263	50967
chr11	87812296	88012296	harbor1	chr11	87877219	87877402	SINE/MIR	455	+	92	87877311	65015
chr11	87812296	88012296	harbor1	chr11	87883295	87883494	SINE/MIR	484	+	100	87883395	71099
chr11	87812296	88012296	harbor1	chr11	87887502	87887685	SINE/MIR	486	+	92	87887594	75298
chr11	87812296	88012296	harbor1	chr11	87888373	87888571	SINE/MIR	605	+	99	87888472	76176
chr11	87812296	88012296	harbor1	chr11	87896656	87896865	SINE/MIR	388	+	104	87896760	84464
chr11	87812296	88012296	harbor1	chr11	87906360	87906517	SINE/MIR	510	+	78	87906438	94142
chr11	28677570	28877570	harbor1	chr11	28679938	28680119	SINE/MIR	437	+	90	28680028	2458
chr11	28677570	28877570	harbor1	chr11	28683872	28684010	SINE/MIR	426	+	69	28683941	6371
chr11	28677570	28877570	harbor1	chr11	28701025	28701226	SINE/MIR	436	+	100	28701125	23555
chr11	28677570	28877570	harbor1	chr11	28701946	28702120	SINE/MIR	491	+	87	28702033	24463
chr11	28677570	28877570	harbor1	chr11	28719924	28720088	SINE/MIR	451	+	82	28720006	42436
chr11	28677570	28877570	harbor1	chr11	28754810	28755063	SINE/MIR	722	+	126	28754936	77366
chr11	84432990	84632990	harbor1	chr11	84481039	84481172	SINE/MIR	433	+	66	84481105	48115
chr11	84432990	84632990	harbor1	chr11	84481415	84481570	SINE/MIR	379	+	78	84481493	48503
chr11	84432990	84632990	harbor1	chr11	84490087	84490305	SINE/MIR	554	+	109	84490196	57206
chr11	84432990	84632990	harbor1	chr11	84492468	84492678	SINE/MIR	736	+	105	84492573	59583
chr11	84432990	84632990	harbor1	chr11	84493597	84493817	SINE/MIR	566	+	110	84493707	60717
chr11	84432990	84632990	harbor1	chr11	84499117	84499307	SINE/MIR	494	+	95	84499212	66222
chr11	84432990	84632990	harbor1	chr11	84505459	84505638	SINE/MIR	469	+	90	84505549	72559
chr11	84432990	84632990	harbor1	chr11	84521350	84521541	SINE/MIR	425	+	96	84521446	88456
chr11	95769645	95969645	harbor1	chr11	95773532	95773746	SINE/MIR	383	+	107	95773639	3994
chr11	95769645	95969645	harbor1	chr11	95780735	95780861	SINE/MIR	504	+	63	95780798	11153
chr11	95769645	95969645	harbor1	chr11	95861254	95861387	SINE/MIR	422	+	66	95861320	91675
chr11	95769645	95969645	harbor1	chr11	95866818	95867029	SINE/MIR	862	+	106	95866924	97279
chr11	78537505	78737505	harbor1	chr11	78567830	78567985	SINE/MIR	375	+	78	78567908	30403
chr11	16886980	17086980	harbor1	chr11	16898404	16898625	SINE/MIR	647	+	110	16898514	11534
chr11	16886980	17086980	harbor1	chr11	16902693	16902887	SINE/MIR	727	+	97	16902790	15810
chr11	16886980	17086980	harbor1	chr11	16908997	16909161	SINE/MIR	456	+	82	16909079	22099
chr11	16886980	17086980	harbor1	chr11	16916386	16916583	SINE/MIR	642	+	98	16916484	29504
chr11	16886980	17086980	harbor1	chr11	16919292	16919396	SINE/MIR	388	+	52	16919344	32364
chr11	16886980	17086980	harbor1	chr11	16919701	16919745	SINE/MIR	388	+	22	16919723	32743
chr11	16886980	17086980	harbor1	chr11	16919973	16920169	SINE/MIR	448	+	98	16920071	33091
chr11	16886980	17086980	harbor1	chr11	16921641	16921766	SINE/MIR	384	+	62	16921703	34723
chr11	16886980	17086980	harbor1	chr11	16932083	16932272	SINE/MIR	613	+	94	16932177	45197
chr11	16886980	17086980	harbor1	chr11	16961742	16961957	SINE/MIR	686	+	108	16961850	74870
chr11	16886980	17086980	harbor1	chr11	16962138	16962386	SINE/MIR	543	+	124	16962262	75282
chr11	16886980	17086980	harbor1	chr11	16965657	16965888	SINE/MIR	502	+	116	16965773	78793
chr11	16886980	17086980	harbor1	chr11	16970211	16970376	SINE/MIR	454	+	82	16970293	83313
chr11	16886980	17086980	harbor1	chr11	16977769	16977940	SINE/MIR	569	+	86	16977855	90875
chr11	16886980	17086980	harbor1	chr11	16986622	16986811	SINE/MIR	433	+	94	16986716	99736
chr11	35168072	35368072	harbor1	chr11	35168303	35168503	SINE/MIR	635	+	100	35168403	331
chr11	35168072	35368072	harbor1	chr11	35169840	35170044	SINE/MIR	723	+	102	35169942	1870
chr11	35168072	35368072	harbor1	chr11	35170889	35171106	SINE/MIR	752	+	108	35170997	2925
chr11	35168072	35368072	harbor1	chr11	35173876	35174050	SINE/MIR	478	+	87	35173963	5891
chr11	35168072	35368072	harbor1	chr11	35215261	35215480	SINE/MIR	542	+	110	35215371	47299
chr11	35168072	35368072	harbor1	chr11	35216553	35216726	SINE/MIR	492	+	86	35216639	48567
chr11	35168072	35368072	harbor1	chr11	35227795	35228014	SINE/MIR	766	+	110	35227905	59833
chr11	35168072	35368072	harbor1	chr11	35228569	35228735	SINE/MIR	540	+	83	35228652	60580
chr11	35168072	35368072	harbor1	chr11	35228936	35229037	SINE/MIR	540	+	50	35228986	60914
chr11	35168072	35368072	harbor1	chr11	35235585	35235811	SINE/MIR	509	+	113	35235698	67626
chr11	35168072	35368072	harbor1	chr11	35236980	35237140	SINE/MIR	609	+	80	35237060	68988
chr11	35168072	35368072	harbor1	chr11	35245070	35245170	SINE/MIR	417	+	50	35245120	77048
chr11	35168072	35368072	harbor1	chr11	35265795	35266037	SINE/MIR	667	+	121	35265916	97844
chr11	35168072	35368072	harbor1	chr11	35267212	35267453	SINE/MIR	684	+	120	35267332	99260
chr11	57079994	57279994	harbor1	chr11	57085322	57085600	SINE/MIR	957	+	139	57085461	5467
chr11	57079994	57279994	harbor1	chr11	57089004	57089235	SINE/MIR	486	+	116	57089120	9126
chr11	57079994	57279994	harbor1	chr11	57095656	57095873	SINE/MIR	562	+	108	57095764	15770
chr11	57079994	57279994	harbor1	chr11	57099433	57099674	SINE/MIR	874	+	120	57099553	19559
chr11	57079994	57279994	harbor1	chr11	57111141	57111398	SINE/MIR	490	+	128	57111269	31275
chr11	57079994	57279994	harbor1	chr11	57127605	57127819	SINE/MIR	708	+	107	57127712	47718
chr11	57079994	57279994	harbor1	chr11	57128989	57129091	SINE/MIR	383	+	51	57129040	49046
chr11	57079994	57279994	harbor1	chr11	57146614	57146888	SINE/MIR	776	+	137	57146751	66757
chr11	57079994	57279994	harbor1	chr11	57155445	57155634	SINE/MIR	588	+	94	57155539	75545
chr11	57079994	57279994	harbor1	chr11	57157057	57157270	SINE/MIR	615	+	106	57157163	77169
chr11	57079994	57279994	harbor1	chr11	57158904	57159124	SINE/MIR	449	+	110	57159014	79020
chr11	57079994	57279994	harbor1	chr11	57164360	57164570	SINE/MIR	479	+	105	57164465	84471
chr11	57079994	57279994	harbor1	chr11	57166403	57166557	SINE/MIR	388	+	77	57166480	86486
chr11	57079994	57279994	harbor1	chr11	57166909	57167103	SINE/MIR	427	+	97	57167006	87012
chr11	72763215	72963215	harbor1	chr11	72765475	72765688	SINE/MIR	611	+	106	72765581	2366
chr11	72763215	72963215	harbor1	chr11	72767757	72767913	SINE/MIR	431	+	78	72767835	4620
chr11	72763215	72963215	harbor1	chr11	72776551	72776728	SINE/MIR	439	+	88	72776639	13424
chr11	72763215	72963215	harbor1	chr11	72778198	72778405	SINE/MIR	587	+	104	72778302	15087
chr11	72763215	72963215	harbor1	chr11	72778667	72778839	SINE/MIR	451	+	86	72778753	15538
chr11	72763215	72963215	harbor1	chr11	72784290	72784454	SINE/MIR	524	+	82	72784372	21157
chr11	72763215	72963215	harbor1	chr11	72789147	72789282	SINE/MIR	454	+	68	72789215	26000
chr11	72763215	72963215	harbor1	chr11	72790268	72790465	SINE/MIR	406	+	98	72790366	27151
chr11	72763215	72963215	harbor1	chr11	72821119	72821264	SINE/MIR	416	+	72	72821191	57976
chr11	72763215	72963215	harbor1	chr11	72857841	72858101	SINE/MIR	826	+	130	72857971	94756
chr11	68873156	69073156	harbor1	chr11	68903371	68903536	SINE/MIR	513	+	82	68903453	30297
chr11	68873156	69073156	harbor1	chr11	68905272	68905482	SINE/MIR	548	+	105	68905377	32221
chr11	68873156	69073156	harbor1	chr11	68932397	68932619	SINE/MIR	629	+	111	68932508	59352
chr11	68873156	69073156	harbor1	chr11	68942501	68942671	SINE/MIR	452	+	85	68942586	69430
chr11	106662535	106862535	harbor1	chr11	106701979	106702181	SINE/MIR	571	+	101	106702080	39545
chr11	106662535	106862535	harbor1	chr11	106746169	106746410	SINE/MIR	554	+	120	106746289	83754
chr11	126366724	126566724	harbor1	chr11	126367681	126367865	SINE/MIR	416	+	92	126367773	1049
chr11	126366724	126566724	harbor1	chr11	126368164	126368187	SINE/MIR	416	+	12	126368176	1452
chr11	126366724	126566724	harbor1	chr11	126375499	126375670	SINE/MIR	470	+	86	126375585	8861
chr11	126366724	126566724	harbor1	chr11	126396747	126396918	SINE/MIR	447	+	86	126396833	30109
chr11	126366724	126566724	harbor1	chr11	126412793	126412951	SINE/MIR	525	+	79	126412872	46148
chr11	126366724	126566724	harbor1	chr11	126421657	126421802	SINE/MIR	431	+	72	126421729	55005
chr11	126366724	126566724	harbor1	chr11	126462220	126462382	SINE/MIR	459	+	81	126462301	95577
chr11	126366724	126566724	harbor1	chr11	126462684	126462706	SINE/MIR	459	+	11	126462695	95971
chr11	48211786	48411786	harbor1	chr11	48214825	48215015	SINE/MIR	607	+	95	48214920	3134
chr11	48211786	48411786	harbor1	chr11	48255408	48255609	SINE/MIR	574	+	100	48255508	43722
chr11	48211786	48411786	harbor1	chr11	48263448	48263567	SINE/MIR	429	+	60	48263508	51722
chr11	48211786	48411786	harbor1	chr11	48272261	48272505	SINE/MIR	711	+	122	48272383	60597
chr11	48211786	48411786	harbor1	chr11	48273317	48273567	SINE/MIR	524	+	125	48273442	61656
chr11	18246976	18446976	harbor1	chr11	18246975	18247174	SINE/MIR	414	+	100	18247075	99
chr11	18246976	18446976	harbor1	chr11	18283354	18283573	SINE/MIR	719	+	110	18283464	36488
chr11	18246976	18446976	harbor1	chr11	18290358	18290503	SINE/MIR	537	+	72	18290430	43454
chr11	18246976	18446976	harbor1	chr11	18327403	18327617	SINE/MIR	656	+	107	18327510	80534
chr11	40033670	40233670	harbor1	chr11	40078550	40078769	SINE/MIR	522	+	110	40078660	44990
chr11	40033670	40233670	harbor1	chr11	40117704	40117967	SINE/MIR	882	+	132	40117836	84166
chr11	40033670	40233670	harbor1	chr11	40120810	40121034	SINE/MIR	390	+	112	40120922	87252
chr11	128488820	128688820	harbor1	chr11	128509761	128509987	SINE/MIR	472	+	113	128509874	21054
chr11	128488820	128688820	harbor1	chr11	128512101	128512221	SINE/MIR	466	+	60	128512161	23341
chr11	128488820	128688820	harbor1	chr11	128526236	128526448	SINE/MIR	649	+	106	128526342	37522
chr11	128488820	128688820	harbor1	chr11	128538486	128538720	SINE/MIR	605	+	117	128538603	49783
chr11	128488820	128688820	harbor1	chr11	128545367	128545601	SINE/MIR	468	+	117	128545484	56664
chr11	128488820	128688820	harbor1	chr11	128557078	128557224	SINE/MIR	399	+	73	128557151	68331
chr11	128488820	128688820	harbor1	chr11	128563397	128563554	SINE/MIR	547	+	78	128563475	74655
chr11	128488820	128688820	harbor1	chr11	128584360	128584573	SINE/MIR	398	+	106	128584466	95646
chr11	109271394	109471394	harbor1	chr11	109295575	109295740	SINE/MIR	768	+	82	109295657	24263
chr11	109271394	109471394	harbor1	chr11	109298714	109298777	SINE/MIR	768	+	32	109298746	27352
chr11	109271394	109471394	harbor1	chr11	109305975	109306203	SINE/MIR	524	+	114	109306089	34695
chr11	109271394	109471394	harbor1	chr11	109306610	109306842	SINE/MIR	649	+	116	109306726	35332
chr11	109271394	109471394	harbor1	chr11	109326403	109326643	SINE/MIR	755	+	120	109326523	55129
chr11	109271394	109471394	harbor1	chr11	109354020	109354277	SINE/MIR	505	+	128	109354148	82754
chr11	34135549	34335549	harbor1	chr11	34147740	34147934	SINE/MIR	575	+	97	34147837	12288
chr11	34135549	34335549	harbor1	chr11	34157908	34158106	SINE/MIR	712	+	99	34158007	22458
chr11	34135549	34335549	harbor1	chr11	34163073	34163256	SINE/MIR	403	+	92	34163165	27616
chr11	34135549	34335549	harbor1	chr11	34168215	34168406	SINE/MIR	563	+	96	34168311	32762
chr11	34135549	34335549	harbor1	chr11	34170094	34170341	SINE/MIR	1089	+	124	34170218	34669
chr11	34135549	34335549	harbor1	chr11	34172581	34172813	SINE/MIR	713	+	116	34172697	37148
chr11	34135549	34335549	harbor1	chr11	34179776	34180023	SINE/MIR	726	+	124	34179900	44351
chr11	34135549	34335549	harbor1	chr11	34195630	34195796	SINE/MIR	542	+	83	34195713	60164
chr11	34135549	34335549	harbor1	chr11	34199702	34199869	SINE/MIR	562	+	84	34199786	64237
chr11	34135549	34335549	harbor1	chr11	34203185	34203349	SINE/MIR	473	+	82	34203267	67718
chr11	34135549	34335549	harbor1	chr11	34205779	34206009	SINE/MIR	801	+	115	34205894	70345
chr11	34135549	34335549	harbor1	chr11	34215576	34215799	SINE/MIR	734	+	112	34215688	80139
chr11	34135549	34335549	harbor1	chr11	34224606	34224785	SINE/MIR	428	+	90	34224696	89147
chr11	34135549	34335549	harbor1	chr11	34235328	34235484	SINE/MIR	524	+	78	34235406	99857
chr11	125561816	125761816	harbor1	chr11	125627077	125627251	SINE/MIR	491	+	87	125627164	65348
chr11	114646701	114846701	harbor1	chr11	114652419	114652607	SINE/MIR	454	+	94	114652513	5812
chr11	114646701	114846701	harbor1	chr11	114717491	114717709	SINE/MIR	416	+	109	114717600	70899
chr11	114646701	114846701	harbor1	chr11	114718142	114718362	SINE/MIR	576	+	110	114718252	71551
chr11	114646701	114846701	harbor1	chr11	114735396	114735601	SINE/MIR	628	+	102	114735498	88797
chr11	74398236	74598236	harbor1	chr11	74439744	74439933	SINE/MIR	720	+	94	74439838	41602
chr11	74398236	74598236	harbor1	chr11	74448041	74448248	SINE/MIR	527	+	104	74448145	49909
chr11	74398236	74598236	harbor1	chr11	74453324	74453431	SINE/MIR	403	+	54	74453378	55142
chr11	74398236	74598236	harbor1	chr11	74462760	74462892	SINE/MIR	441	+	66	74462826	64590
chr11	74398236	74598236	harbor1	chr11	74465662	74465839	SINE/MIR	541	+	88	74465750	67514
chr11	74398236	74598236	harbor1	chr11	74466086	74466309	SINE/MIR	392	+	112	74466198	67962
chr11	74398236	74598236	harbor1	chr11	74466483	74466620	SINE/MIR	440	+	68	74466551	68315
chr11	74398236	74598236	harbor1	chr11	74472720	74472884	SINE/MIR	386	+	82	74472802	74566
chr11	74398236	74598236	harbor1	chr11	74474477	74474631	SINE/MIR	421	+	77	74474554	76318
chr11	74398236	74598236	harbor1	chr11	74490092	74490246	SINE/MIR	375	+	77	74490169	91933
chr11	37450447	37650447	harbor1	chr11	37475257	37475423	SINE/MIR	482	+	83	37475340	24893
chr11	37450447	37650447	harbor1	chr11	37504548	37504812	SINE/MIR	714	+	132	37504680	54233
chr11	37450447	37650447	harbor1	chr11	37541031	37541201	SINE/MIR	436	+	85	37541116	90669
chr11	119617540	119817540	harbor1	chr11	119630147	119630260	SINE/MIR	418	+	56	119630203	12663
chr11	119617540	119817540	harbor1	chr11	119636631	119636712	SINE/MIR	461	+	40	119636671	19131
chr11	119617540	119817540	harbor1	chr11	119637108	119637239	SINE/MIR	461	+	66	119637174	19634
chr11	119617540	119817540	harbor1	chr11	119639531	119639710	SINE/MIR	525	+	90	119639621	22081
chr11	119617540	119817540	harbor1	chr11	119646760	119646955	SINE/MIR	505	+	98	119646858	29318
chr11	119617540	119817540	harbor1	chr11	119650637	119650882	SINE/MIR	678	+	122	119650759	33219
chr11	119617540	119817540	harbor1	chr11	119679191	119679318	SINE/MIR	399	+	64	119679255	61715
chr11	119617540	119817540	harbor1	chr11	119680874	119681056	SINE/MIR	380	+	91	119680965	63425
chr11	119617540	119817540	harbor1	chr11	119682510	119682745	SINE/MIR	748	+	118	119682628	65088
chr11	119617540	119817540	harbor1	chr11	119688055	119688286	SINE/MIR	771	+	116	119688171	70631
chr11	119617540	119817540	harbor1	chr11	119698560	119698794	SINE/MIR	563	+	117	119698677	81137
chr11	119617540	119817540	harbor1	chr11	119700353	119700529	SINE/MIR	383	+	88	119700441	82901
chr11	119617540	119817540	harbor1	chr11	119701089	119701284	SINE/MIR	436	+	98	119701187	83647
chr11	119617540	119817540	harbor1	chr11	119702599	119702810	SINE/MIR	557	+	106	119702705	85165
chr11	90314172	90514172	harbor1	chr11	90363134	90363354	SINE/MIR	731	+	110	90363244	49072
chr11	90314172	90514172	harbor1	chr11	90393803	90394033	SINE/MIR	622	+	115	90393918	79746
chr11	90314172	90514172	harbor1	chr11	90394595	90394821	SINE/MIR	554	+	113	90394708	80536
chr11	88698243	88898243	harbor1	chr11	88707105	88707320	SINE/MIR	542	+	108	88707213	8970
chr11	88698243	88898243	harbor1	chr11	88708432	88708677	SINE/MIR	408	+	122	88708554	10311
chr11	88698243	88898243	harbor1	chr11	88711548	88711748	SINE/MIR	587	+	100	88711648	13405
chr11	88698243	88898243	harbor1	chr11	88713307	88713472	SINE/MIR	452	+	82	88713389	15146
chr11	88698243	88898243	harbor1	chr11	88721002	88721212	SINE/MIR	565	+	105	88721107	22864
chr11	88698243	88898243	harbor1	chr11	88745893	88746069	SINE/MIR	522	+	88	88745981	47738
chr11	88698243	88898243	harbor1	chr11	88754902	88755109	SINE/MIR	451	+	104	88755006	56763
chr11	88698243	88898243	harbor1	chr11	88783780	88783899	SINE/MIR	379	+	60	88783840	85597
chr11	134654003	134854003	harbor1	chr11	134678073	134678205	SINE/MIR	410	+	66	134678139	24136
chr11	134654003	134854003	harbor1	chr11	134684239	134684459	SINE/MIR	711	+	110	134684349	30346
chr11	134654003	134854003	harbor1	chr11	134711248	134711423	SINE/MIR	478	+	88	134711336	57333
chr11	114266400	114466400	harbor1	chr11	114276802	114276942	SINE/MIR	592	+	70	114276872	10472
chr11	114266400	114466400	harbor1	chr11	114277252	114277337	SINE/MIR	592	+	42	114277294	10894
chr11	114266400	114466400	harbor1	chr11	114291069	114291171	SINE/MIR	374	+	51	114291120	24720
chr11	114266400	114466400	harbor1	chr11	114313064	114313196	SINE/MIR	587	+	66	114313130	46730
chr11	114266400	114466400	harbor1	chr11	114313497	114313587	SINE/MIR	587	+	45	114313542	47142
chr11	1014251	1214251	harbor1	chr11	1069295	1069535	SINE/MIR	437	+	120	1069415	55164
chr11	18988272	19188272	harbor1	chr11	19017823	19017977	SINE/MIR	509	+	77	19017900	29628
chr11	18988272	19188272	harbor1	chr11	19062354	19062524	SINE/MIR	448	+	85	19062439	74167
chr11	18988272	19188272	harbor1	chr11	19081159	19081344	SINE/MIR	424	+	92	19081251	92979
chr11	18988272	19188272	harbor1	chr11	19070907	19071108	SINE/MIR	388	+	100	19071007	82735
chr11	80386549	80586549	harbor1	chr11	80387396	80387623	SINE/MIR	540	+	114	80387510	961
chr11	80386549	80586549	harbor1	chr11	80413384	80413508	SINE/MIR	397	+	62	80413446	26897
chr11	80386549	80586549	harbor1	chr11	80418650	80418863	SINE/MIR	934	+	106	80418756	32207
chr11	80386549	80586549	harbor1	chr11	80430300	80430511	SINE/MIR	480	+	106	80430406	43857
chr11	80386549	80586549	harbor1	chr11	80436779	80437022	SINE/MIR	476	+	122	80436901	50352
chr11	80386549	80586549	harbor1	chr11	80441465	80441670	SINE/MIR	577	+	102	80441567	55018
chr11	80386549	80586549	harbor1	chr11	80470990	80471215	SINE/MIR	418	+	112	80471102	84553
chr11	80386549	80586549	harbor1	chr11	80476986	80477197	SINE/MIR	488	+	106	80477092	90543
chr11	33538382	33738382	harbor1	chr11	33559385	33559597	SINE/MIR	824	+	106	33559491	21109
chr11	33538382	33738382	harbor1	chr11	33567775	33567977	SINE/MIR	598	+	101	33567876	29494
chr11	33538382	33738382	harbor1	chr11	33579045	33579284	SINE/MIR	680	+	120	33579165	40783
chr11	33538382	33738382	harbor1	chr11	33586757	33586910	SINE/MIR	583	+	76	33586833	48451
chr11	33538382	33738382	harbor1	chr11	33587016	33587175	SINE/MIR	546	+	80	33587096	48714
chr11	33538382	33738382	harbor1	chr11	33587378	33587607	SINE/MIR	792	+	114	33587492	49110
chr11	33538382	33738382	harbor1	chr11	33587972	33588180	SINE/MIR	631	+	104	33588076	49694
chr11	33538382	33738382	harbor1	chr11	33608086	33608293	SINE/MIR	735	+	104	33608190	69808
chr11	33538382	33738382	harbor1	chr11	33633772	33633943	SINE/MIR	656	+	86	33633858	95476
chr11	63605429	63805429	harbor1	chr11	63608787	63609033	SINE/MIR	842	+	123	63608910	3481
chr11	63605429	63805429	harbor1	chr11	63609409	63609535	SINE/MIR	375	+	63	63609472	4043
chr11	63605429	63805429	harbor1	chr11	63673459	63673573	SINE/MIR	493	+	57	63673516	68087
chr11	63605429	63805429	harbor1	chr11	63687155	63687334	SINE/MIR	711	+	90	63687245	81816
chr11	63605429	63805429	harbor1	chr11	63687624	63687668	SINE/MIR	711	+	22	63687646	82217
chr11	78826365	79026365	harbor1	chr11	78829296	78829500	SINE/MIR	613	+	102	78829398	3033
chr11	78826365	79026365	harbor1	chr11	78829563	78829735	SINE/MIR	512	+	86	78829649	3284
chr11	78826365	79026365	harbor1	chr11	78840810	78841044	SINE/MIR	661	+	117	78840927	14562
chr11	78826365	79026365	harbor1	chr11	78842707	78842891	SINE/MIR	401	+	92	78842799	16434
chr11	78826365	79026365	harbor1	chr11	78843511	78843571	SINE/MIR	401	+	30	78843541	17176
chr11	78826365	79026365	harbor1	chr11	78849424	78849587	SINE/MIR	483	+	82	78849506	23141
chr11	78826365	79026365	harbor1	chr11	78862196	78862442	SINE/MIR	554	+	123	78862319	35954
chr11	78826365	79026365	harbor1	chr11	78870060	78870230	SINE/MIR	725	+	85	78870145	43780
chr11	78826365	79026365	harbor1	chr11	78871104	78871315	SINE/MIR	491	+	106	78871210	44845
chr11	78826365	79026365	harbor1	chr11	78874171	78874372	SINE/MIR	449	+	100	78874271	47906
chr11	78826365	79026365	harbor1	chr11	78875625	78875852	SINE/MIR	411	+	114	78875739	49374
chr11	78826365	79026365	harbor1	chr11	78884471	78884704	SINE/MIR	659	+	116	78884587	58222
chr11	78826365	79026365	harbor1	chr11	78884778	78884991	SINE/MIR	457	+	106	78884884	58519
chr11	78826365	79026365	harbor1	chr11	78892431	78892625	SINE/MIR	514	+	97	78892528	66163
chr11	78826365	79026365	harbor1	chr11	78896736	78896901	SINE/MIR	1028	+	82	78896818	70453
chr11	78826365	79026365	harbor1	chr11	78897451	78897534	SINE/MIR	1028	+	42	78897493	71128
chr11	78826365	79026365	harbor1	chr11	78902475	78902724	SINE/MIR	646	+	124	78902599	76234
chr11	78826365	79026365	harbor1	chr11	78904953	78905115	SINE/MIR	654	+	81	78905034	78669
chr11	78826365	79026365	harbor1	chr11	78908149	78908403	SINE/MIR	1051	+	127	78908276	81911
chr11	78826365	79026365	harbor1	chr11	78910507	78910668	SINE/MIR	395	+	80	78910587	84222
chr11	78826365	79026365	harbor1	chr11	78912924	78913063	SINE/MIR	397	+	70	78912994	86629
chr11	78826365	79026365	harbor1	chr11	78914119	78914257	SINE/MIR	455	+	69	78914188	87823
chr11	78826365	79026365	harbor1	chr11	78916093	78916341	SINE/MIR	810	+	124	78916217	89852
chr11	78826365	79026365	harbor1	chr11	78917785	78917997	SINE/MIR	727	+	106	78917891	91526
chr11	78826365	79026365	harbor1	chr11	78918871	78919033	SINE/MIR	735	+	81	78918952	92587
chr11	78826365	79026365	harbor1	chr11	78924453	78924666	SINE/MIR	389	+	106	78924559	98194
chr11	36630898	36830898	harbor1	chr11	36632014	36632265	SINE/MIR	846	+	126	36632140	1242
chr11	36630898	36830898	harbor1	chr11	36657615	36657803	SINE/MIR	454	+	94	36657709	26811
chr11	36630898	36830898	harbor1	chr11	36688384	36688608	SINE/MIR	460	+	112	36688496	57598
chr11	36630898	36830898	harbor1	chr11	36704050	36704211	SINE/MIR	387	+	80	36704130	73232
chr11	36630898	36830898	harbor1	chr11	36728954	36729189	SINE/MIR	491	+	118	36729072	98174
chr11	37489073	37689073	harbor1	chr11	37504548	37504812	SINE/MIR	714	+	132	37504680	15607
chr11	37489073	37689073	harbor1	chr11	37541031	37541201	SINE/MIR	436	+	85	37541116	52043
chr11	124945047	125145047	harbor1	chr11	124957942	124958170	SINE/MIR	556	+	114	124958056	13009
chr11	124945047	125145047	harbor1	chr11	124959471	124959674	SINE/MIR	712	+	102	124959573	14526
chr11	124945047	125145047	harbor1	chr11	125012881	125013085	SINE/MIR	652	+	102	125012983	67936
chr11	124945047	125145047	harbor1	chr11	125018513	125018744	SINE/MIR	746	+	116	125018629	73582
chr11	110643052	110843052	harbor1	chr11	110657992	110658254	SINE/MIR	860	+	131	110658123	15071
chr11	110643052	110843052	harbor1	chr11	110693304	110693429	SINE/MIR	448	+	62	110693366	50314
chr11	110643052	110843052	harbor1	chr11	110734913	110735104	SINE/MIR	411	+	96	110735009	91957
chr11	84178595	84378595	harbor1	chr11	84228804	84229063	SINE/MIR	548	+	130	84228934	50339
chr11	84178595	84378595	harbor1	chr11	84229682	84229916	SINE/MIR	869	+	117	84229799	51204
chr11	84178595	84378595	harbor1	chr11	84235800	84235978	SINE/MIR	551	+	89	84235889	57294
chr11	84178595	84378595	harbor1	chr11	84249433	84249643	SINE/MIR	917	+	105	84249538	70943
chr11	84178595	84378595	harbor1	chr11	84253281	84253469	SINE/MIR	506	+	94	84253375	74780
chr11	84178595	84378595	harbor1	chr11	84268363	84268460	SINE/MIR	789	+	48	84268411	89816
chr11	84178595	84378595	harbor1	chr11	84268761	84268899	SINE/MIR	789	+	69	84268830	90235
chr11	62873055	63073055	harbor1	chr11	62913098	62913318	SINE/MIR	703	+	110	62913208	40153
chr11	62873055	63073055	harbor1	chr11	62924045	62924233	SINE/MIR	446	+	94	62924139	51084
chr11	13709405	13909405	harbor1	chr11	13739081	13739286	SINE/MIR	649	+	102	13739183	29778
chr11	13709405	13909405	harbor1	chr11	13778424	13778654	SINE/MIR	759	+	115	13778539	69134
chr11	110702025	110902025	harbor1	chr11	110734913	110735104	SINE/MIR	411	+	96	110735009	32984
chr11	110702025	110902025	harbor1	chr11	110759724	110759977	SINE/MIR	821	+	126	110759850	57825
chr11	110702025	110902025	harbor1	chr11	110780014	110780221	SINE/MIR	599	+	104	110780118	78093
chr11	110702025	110902025	harbor1	chr11	110781310	110781519	SINE/MIR	624	+	104	110781414	79389
chr11	110702025	110902025	harbor1	chr11	110789583	110789792	SINE/MIR	430	+	104	110789687	87662
chr11	110702025	110902025	harbor1	chr11	110791442	110791640	SINE/MIR	451	+	99	110791541	89516
chr11	110702025	110902025	harbor1	chr11	110792245	110792381	SINE/MIR	381	+	68	110792313	90288
chr11	110702025	110902025	harbor1	chr11	110794545	110794734	SINE/MIR	573	+	94	110794639	92614
chr11	110702025	110902025	harbor1	chr11	110797726	110797922	SINE/MIR	447	+	98	110797824	95799
chr11	101980041	102180041	harbor1	chr11	102067986	102068181	SINE/MIR	511	+	98	102068084	88043
chr11	49909564	50109564	harbor1	chr11	49951379	49951602	SINE/MIR	485	+	112	49951491	41927
chr11	41881756	42081756	harbor1	chr11	41889667	41889924	SINE/MIR	487	+	128	41889795	8039
chr11	41881756	42081756	harbor1	chr11	41928965	41929060	SINE/MIR	407	+	48	41929013	47257
chr11	41881756	42081756	harbor1	chr11	41938529	41938758	SINE/MIR	477	+	114	41938643	56887
chr11	41881756	42081756	harbor1	chr11	41951870	41952105	SINE/MIR	560	+	118	41951988	70232
chr11	41881756	42081756	harbor1	chr11	41964124	41964318	SINE/MIR	421	+	97	41964221	82465
chr11	94540157	94740157	harbor1	chr11	94547730	94547930	SINE/MIR	437	+	100	94547830	7673
chr11	94540157	94740157	harbor1	chr11	94548918	94549134	SINE/MIR	572	+	108	94549026	8869
chr11	94540157	94740157	harbor1	chr11	94565023	94565216	SINE/MIR	594	+	96	94565119	24962
chr11	94540157	94740157	harbor1	chr11	94592198	94592314	SINE/MIR	434	+	58	94592256	52099
chr11	94540157	94740157	harbor1	chr11	94609021	94609250	SINE/MIR	730	+	114	94609135	68978
chr11	94540157	94740157	harbor1	chr11	94623809	94623981	SINE/MIR	684	+	86	94623895	83738
chr11	94540157	94740157	harbor1	chr11	94632189	94632380	SINE/MIR	439	+	96	94632285	92128
chr11	125327504	125527504	harbor1	chr11	125334485	125334587	SINE/MIR	701	+	51	125334536	7032
chr11	125327504	125527504	harbor1	chr11	125334902	125335053	SINE/MIR	701	+	76	125334978	7474
chr11	125327504	125527504	harbor1	chr11	125335358	125335487	SINE/MIR	392	+	64	125335422	7918
chr11	125327504	125527504	harbor1	chr11	125373349	125373587	SINE/MIR	611	+	119	125373468	45964
chr11	125327504	125527504	harbor1	chr11	125391189	125391358	SINE/MIR	531	+	84	125391273	63769
chr11	125327504	125527504	harbor1	chr11	125393920	125394140	SINE/MIR	538	+	110	125394030	66526
chr11	125327504	125527504	harbor1	chr11	125411147	125411385	SINE/MIR	716	+	119	125411266	83762
chr11	125327504	125527504	harbor1	chr11	125414648	125414847	SINE/MIR	410	+	100	125414748	87244
chr11	125327504	125527504	harbor1	chr11	125419115	125419298	SINE/MIR	397	+	92	125419207	91703
chr11	125327504	125527504	harbor1	chr11	125421438	125421636	SINE/MIR	568	+	99	125421537	94033
chr11	6090059	6290059	harbor1	chr11	6156316	6156537	SINE/MIR	614	+	110	6156426	66367
chr11	6090059	6290059	harbor1	chr11	6172842	6172954	SINE/MIR	460	+	56	6172898	82839
chr11	95754271	95954271	harbor1	chr11	95773532	95773746	SINE/MIR	383	+	107	95773639	19368
chr11	95754271	95954271	harbor1	chr11	95780735	95780861	SINE/MIR	504	+	63	95780798	26527
chr11	95640727	95840727	harbor1	chr11	95640766	95641024	SINE/MIR	889	+	129	95640895	168
chr11	95640727	95840727	harbor1	chr11	95672357	95672601	SINE/MIR	686	+	122	95672479	31752
chr11	95640727	95840727	harbor1	chr11	95694485	95694726	SINE/MIR	875	+	120	95694605	53878
chr11	95640727	95840727	harbor1	chr11	95707387	95707589	SINE/MIR	665	+	101	95707488	66761
chr11	95640727	95840727	harbor1	chr11	95709948	95710162	SINE/MIR	500	+	107	95710055	69328
chr11	95640727	95840727	harbor1	chr11	95712912	95713091	SINE/MIR	499	+	90	95713002	72275
chr11	95640727	95840727	harbor1	chr11	95725066	95725167	SINE/MIR	402	+	50	95725116	84389
chr11	95640727	95840727	harbor1	chr11	95728541	95728719	SINE/MIR	527	+	89	95728630	87903
chr11	95640727	95840727	harbor1	chr11	95738801	95739037	SINE/MIR	534	+	118	95738919	98192
chr11	95640727	95840727	harbor1	chr11	95740180	95740341	SINE/MIR	446	+	80	95740260	99533
chr11	50307943	50507943	harbor1	chr11	50332206	50332399	SINE/MIR	532	+	96	50332302	24359
chr11	50307943	50507943	harbor1	chr11	50348688	50348885	SINE/MIR	470	+	98	50348786	40843
chr11	61272269	61472269	harbor1	chr11	61275322	61275511	SINE/MIR	580	+	94	61275416	3147
chr11	61272269	61472269	harbor1	chr11	61275529	61275751	SINE/MIR	709	+	111	61275640	3371
chr11	61272269	61472269	harbor1	chr11	61277627	61277830	SINE/MIR	389	+	102	61277729	5460
chr11	61272269	61472269	harbor1	chr11	61284237	61284417	SINE/MIR	581	+	90	61284327	12058
chr11	61272269	61472269	harbor1	chr11	61286074	61286261	SINE/MIR	375	+	94	61286168	13899
chr11	61272269	61472269	harbor1	chr11	61291022	61291224	SINE/MIR	697	+	101	61291123	18854
chr11	61272269	61472269	harbor1	chr11	61321986	61322157	SINE/MIR	520	+	86	61322072	49803
chr11	61272269	61472269	harbor1	chr11	61335190	61335337	SINE/MIR	390	+	74	61335264	62995
chr11	61272269	61472269	harbor1	chr11	61335634	61335778	SINE/MIR	607	+	72	61335706	63437
chr11	61272269	61472269	harbor1	chr11	61336094	61336183	SINE/MIR	607	+	44	61336138	63869
chr11	61272269	61472269	harbor1	chr11	61342893	61343145	SINE/MIR	664	+	126	61343019	70750
chr11	61272269	61472269	harbor1	chr11	61345975	61346173	SINE/MIR	546	+	99	61346074	73805
chr11	61272269	61472269	harbor1	chr11	61352195	61352321	SINE/MIR	561	+	63	61352258	79989
chr11	61272269	61472269	harbor1	chr11	61354792	61354861	SINE/MIR	545	+	34	61354826	82557
chr11	61272269	61472269	harbor1	chr11	61355168	61355272	SINE/MIR	545	+	52	61355220	82951
chr11	61272269	61472269	harbor1	chr11	61362732	61362892	SINE/MIR	395	+	80	61362812	90543
chr11	61272269	61472269	harbor1	chr11	61363721	61363973	SINE/MIR	946	+	126	61363847	91578
chr11	8939133	9139133	harbor1	chr11	8940510	8940666	SINE/MIR	506	+	78	8940588	1455
chr11	8939133	9139133	harbor1	chr11	8941012	8941038	SINE/MIR	506	+	13	8941025	1892
chr11	8939133	9139133	harbor1	chr11	9006849	9006920	SINE/MIR	389	+	36	9006885	67752
chr11	8939133	9139133	harbor1	chr11	9007056	9007271	SINE/MIR	648	+	108	9007164	68031
chr11	8939133	9139133	harbor1	chr11	9008472	9008666	SINE/MIR	473	+	97	9008569	69436
chr11	8939133	9139133	harbor1	chr11	9023643	9023874	SINE/MIR	661	+	116	9023759	84626
chr11	8939133	9139133	harbor1	chr11	9031907	9032096	SINE/MIR	423	+	94	9032001	92868
chr11	79845632	80045632	harbor1	chr11	79877219	79877465	SINE/MIR	525	+	123	79877342	31710
chr11	79845632	80045632	harbor1	chr11	79878015	79878279	SINE/MIR	750	+	132	79878147	32515
chr11	79845632	80045632	harbor1	chr11	79886478	79886698	SINE/MIR	530	+	110	79886588	40956
chr11	79845632	80045632	harbor1	chr11	79910503	79910699	SINE/MIR	501	+	98	79910601	64969
chr11	79845632	80045632	harbor1	chr11	79925652	79925894	SINE/MIR	537	+	121	79925773	80141
chr11	79845632	80045632	harbor1	chr11	79939862	79940044	SINE/MIR	385	+	91	79939953	94321
chr11	17129953	17329953	harbor1	chr11	17151518	17151763	SINE/MIR	1033	+	122	17151640	21687
chr11	107483785	107683785	harbor1	chr11	107519516	107519548	SINE/MIR	695	+	16	107519532	35747
chr11	107483785	107683785	harbor1	chr11	107519785	107519990	SINE/MIR	695	+	102	107519887	36102
chr11	107483785	107683785	harbor1	chr11	107521688	107521807	SINE/MIR	409	+	60	107521748	37963
chr11	107483785	107683785	harbor1	chr11	107521839	107522051	SINE/MIR	537	+	106	107521945	38160
chr11	107483785	107683785	harbor1	chr11	107529067	107529307	SINE/MIR	1022	+	120	107529187	45402
chr11	107483785	107683785	harbor1	chr11	107563347	107563521	SINE/MIR	519	+	87	107563434	79649
chr11	107483785	107683785	harbor1	chr11	107581870	107582106	SINE/MIR	676	+	118	107581988	98203
chr11	969838	1169838	harbor1	chr11	1069295	1069535	SINE/MIR	437	+	120	1069415	99577
chr11	63679721	63879721	harbor1	chr11	63687155	63687334	SINE/MIR	711	+	90	63687245	7524
chr11	63679721	63879721	harbor1	chr11	63687624	63687668	SINE/MIR	711	+	22	63687646	7925
chr11	63679721	63879721	harbor1	chr11	63722657	63722860	SINE/MIR	420	+	102	63722759	43038
chr11	63679721	63879721	harbor1	chr11	63761545	63761792	SINE/MIR	533	+	124	63761669	81948
chr11	63679721	63879721	harbor1	chr11	63767375	63767541	SINE/MIR	497	+	83	63767458	87737
chr11	24246450	24446450	harbor1	chr11	24272797	24273012	SINE/MIR	480	+	108	24272905	26455
chr11	24246450	24446450	harbor1	chr11	24307766	24307976	SINE/MIR	435	+	105	24307871	61421
chr11	82001205	82201205	harbor1	chr11	82042321	82042570	SINE/MIR	575	+	124	82042445	41240
chr11	82001205	82201205	harbor1	chr11	82076519	82076731	SINE/MIR	557	+	106	82076625	75420
chr11	82001205	82201205	harbor1	chr11	82081991	82082213	SINE/MIR	401	+	111	82082102	80897
chr11	82001205	82201205	harbor1	chr11	82100992	82101189	SINE/MIR	604	+	98	82101090	99885
chr11	126443381	126643381	harbor1	chr11	126462220	126462382	SINE/MIR	459	+	81	126462301	18920
chr11	126443381	126643381	harbor1	chr11	126462684	126462706	SINE/MIR	459	+	11	126462695	19314
chr11	126443381	126643381	harbor1	chr11	126480086	126480334	SINE/MIR	425	+	124	126480210	36829
chr11	126443381	126643381	harbor1	chr11	126482363	126482554	SINE/MIR	566	+	96	126482459	39078
chr11	126443381	126643381	harbor1	chr11	126485393	126485638	SINE/MIR	502	+	122	126485515	42134
chr11	126443381	126643381	harbor1	chr11	126488294	126488448	SINE/MIR	490	+	77	126488371	44990
chr11	126443381	126643381	harbor1	chr11	126508648	126508887	SINE/MIR	601	+	120	126508768	65387
chr11	126443381	126643381	harbor1	chr11	126524057	126524304	SINE/MIR	704	+	124	126524181	80800
chr11	126443381	126643381	harbor1	chr11	126533682	126533876	SINE/MIR	531	+	97	126533779	90398
chr11	126443381	126643381	harbor1	chr11	126537602	126537820	SINE/MIR	655	+	109	126537711	94330
chr11	126443381	126643381	harbor1	chr11	126539047	126539220	SINE/MIR	470	+	86	126539133	95752
chr11	105964603	106164603	harbor1	chr11	105970408	105970601	SINE/MIR	508	+	96	105970504	5901
chr11	105964603	106164603	harbor1	chr11	105986280	105986516	SINE/MIR	481	+	118	105986398	21795
chr11	105964603	106164603	harbor1	chr11	106000096	106000241	SINE/MIR	377	+	72	106000168	35565
chr11	105964603	106164603	harbor1	chr11	106015189	106015404	SINE/MIR	891	+	108	106015297	50694
chr11	105964603	106164603	harbor1	chr11	106019836	106020042	SINE/MIR	630	+	103	106019939	55336
chr11	105964603	106164603	harbor1	chr11	106037299	106037499	SINE/MIR	461	+	100	106037399	72796
chr11	105964603	106164603	harbor1	chr11	106055606	106055805	SINE/MIR	626	+	100	106055706	91103
chr11	41351237	41551237	harbor1	chr11	41365825	41366053	SINE/MIR	506	+	114	41365939	14702
chr11	41351237	41551237	harbor1	chr11	41413990	41414192	SINE/MIR	485	+	101	41414091	62854
chr11	41351237	41551237	harbor1	chr11	41415397	41415560	SINE/MIR	374	+	82	41415479	64242
chr11	41351237	41551237	harbor1	chr11	41420655	41420873	SINE/MIR	507	+	109	41420764	69527
chr11	41351237	41551237	harbor1	chr11	41420972	41421210	SINE/MIR	643	+	119	41421091	69854
chr11	41351237	41551237	harbor1	chr11	41430038	41430246	SINE/MIR	427	+	104	41430142	78905
chr11	41351237	41551237	harbor1	chr11	41445552	41445758	SINE/MIR	459	+	103	41445655	94418
chr11	41351237	41551237	harbor1	chr11	41447118	41447293	SINE/MIR	611	+	88	41447206	95969
chr11	31811977	32011977	harbor1	chr11	31851741	31851998	SINE/MIR	701	+	128	31851869	39892
chr11	31811977	32011977	harbor1	chr11	31869812	31870027	SINE/MIR	603	+	108	31869920	57943
chr11	31811977	32011977	harbor1	chr11	31878326	31878564	SINE/MIR	665	+	119	31878445	66468
chr11	31811977	32011977	harbor1	chr11	31882059	31882261	SINE/MIR	433	+	101	31882160	70183
chr11	31811977	32011977	harbor1	chr11	31887998	31888153	SINE/MIR	426	+	78	31888076	76099
chr11	31811977	32011977	harbor1	chr11	31897059	31897231	SINE/MIR	420	+	86	31897145	85168
chr11	67212761	67412761	harbor1	chr11	67278006	67278149	SINE/MIR	389	+	72	67278078	65317
chr11	124200099	124400099	harbor1	chr11	124295655	124295882	SINE/MIR	380	+	114	124295769	95670
chr11	124200099	124400099	harbor1	chr11	124295939	124296118	SINE/MIR	478	+	90	124296029	95930
chr11	28504909	28704909	harbor1	chr11	28506291	28506519	SINE/MIR	429	+	114	28506405	1496
chr11	28504909	28704909	harbor1	chr11	28509577	28509745	SINE/MIR	479	+	84	28509661	4752
chr11	28504909	28704909	harbor1	chr11	28513274	28513421	SINE/MIR	409	+	74	28513348	8439
chr11	28504909	28704909	harbor1	chr11	28531458	28531703	SINE/MIR	651	+	122	28531580	26671
chr11	28504909	28704909	harbor1	chr11	28542314	28542452	SINE/MIR	385	+	69	28542383	37474
chr11	28504909	28704909	harbor1	chr11	28550073	28550255	SINE/MIR	525	+	91	28550164	45255
chr11	28504909	28704909	harbor1	chr11	28552541	28552762	SINE/MIR	415	+	110	28552651	47742
chr11	28504909	28704909	harbor1	chr11	28558871	28559000	SINE/MIR	377	+	64	28558935	54026
chr11	28504909	28704909	harbor1	chr11	28564753	28564900	SINE/MIR	430	+	74	28564827	59918
chr11	28504909	28704909	harbor1	chr11	28567274	28567506	SINE/MIR	639	+	116	28567390	62481
chr11	28504909	28704909	harbor1	chr11	28579648	28579838	SINE/MIR	460	+	95	28579743	74834
chr11	28504909	28704909	harbor1	chr11	28587250	28587348	SINE/MIR	387	+	49	28587299	82390
chr11	28504909	28704909	harbor1	chr11	28587390	28587504	SINE/MIR	387	+	57	28587447	82538
chr11	28504909	28704909	harbor1	chr11	28591012	28591152	SINE/MIR	385	+	70	28591082	86173
chr11	28504909	28704909	harbor1	chr11	28599758	28599989	SINE/MIR	561	+	116	28599874	94965
chr11	14357795	14557795	harbor1	chr11	14384003	14384113	SINE/MIR	412	+	55	14384058	26263
chr11	14357795	14557795	harbor1	chr11	14385790	14385967	SINE/MIR	507	+	88	14385878	28083
chr11	14357795	14557795	harbor1	chr11	14386495	14386719	SINE/MIR	533	+	112	14386607	28812
chr11	14357795	14557795	harbor1	chr11	14420468	14420648	SINE/MIR	480	+	90	14420558	62763
chr11	14357795	14557795	harbor1	chr11	14420960	14421009	SINE/MIR	480	+	24	14420984	63189
chr11	14357795	14557795	harbor1	chr11	14421245	14421386	SINE/MIR	579	+	70	14421315	63520
chr11	14357795	14557795	harbor1	chr11	14443028	14443224	SINE/MIR	524	+	98	14443126	85331
chr11	14357795	14557795	harbor1	chr11	14452898	14453136	SINE/MIR	498	+	119	14453017	95222
chr11	41158449	41358449	harbor1	chr11	41188403	41188658	SINE/MIR	453	+	128	41188531	30082
chr11	41158449	41358449	harbor1	chr11	41203589	41203789	SINE/MIR	443	+	100	41203689	45240
chr11	41158449	41358449	harbor1	chr11	41222922	41223094	SINE/MIR	601	+	86	41223008	64559
chr11	41158449	41358449	harbor1	chr11	41244987	41245172	SINE/MIR	477	+	92	41245079	86630
chr11	41158449	41358449	harbor1	chr11	41246668	41246694	SINE/MIR	477	+	13	41246681	88232
chr11	41158449	41358449	harbor1	chr11	41253521	41253734	SINE/MIR	557	+	106	41253627	95178
chr11	81399451	81599451	harbor1	chr11	81412964	81413197	SINE/MIR	517	+	116	81413080	13629
chr11	81399451	81599451	harbor1	chr11	81418819	81419035	SINE/MIR	437	+	108	81418927	19476
chr11	81399451	81599451	harbor1	chr11	81419657	81419820	SINE/MIR	378	+	82	81419739	20288
chr11	81399451	81599451	harbor1	chr11	81420028	81420231	SINE/MIR	706	+	102	81420130	20679
chr11	81399451	81599451	harbor1	chr11	81422229	81422450	SINE/MIR	696	+	110	81422339	22888
chr11	81399451	81599451	harbor1	chr11	81441935	81442135	SINE/MIR	491	+	100	81442035	42584
chr11	81399451	81599451	harbor1	chr11	81461010	81461226	SINE/MIR	482	+	108	81461118	61667
chr11	81399451	81599451	harbor1	chr11	81477824	81478030	SINE/MIR	374	+	103	81477927	78476
chr11	81399451	81599451	harbor1	chr11	81485099	81485337	SINE/MIR	691	+	119	81485218	85767
chr11	81399451	81599451	harbor1	chr11	81495530	81495629	SINE/MIR	476	+	50	81495580	96129
chr11	81399451	81599451	harbor1	chr11	81496186	81496274	SINE/MIR	476	+	44	81496230	96779
chr11	92876848	93076848	harbor1	chr11	92918014	92918203	SINE/MIR	480	+	94	92918108	41260
chr11	92876848	93076848	harbor1	chr11	92932536	92932676	SINE/MIR	541	+	70	92932606	55758
chr11	92876848	93076848	harbor1	chr11	92965033	92965202	SINE/MIR	435	+	84	92965117	88269
chr11	2955364	3155364	harbor1	chr11	2960867	2961093	SINE/MIR	447	+	113	2960980	5616
chr11	2955364	3155364	harbor1	chr11	2990645	2990843	SINE/MIR	511	+	99	2990744	35380
chr11	2955364	3155364	harbor1	chr11	3038331	3038498	SINE/MIR	413	+	84	3038415	83051
chr11	2955364	3155364	harbor1	chr11	3054575	3054829	SINE/MIR	724	+	127	3054702	99338
chr11	133798185	133998185	harbor1	chr11	133836497	133836637	SINE/MIR	526	+	70	133836567	38382
chr11	109044882	109244882	harbor1	chr11	109055898	109055958	SINE/MIR	568	+	30	109055928	11046
chr11	109044882	109244882	harbor1	chr11	109056353	109056524	SINE/MIR	569	+	86	109056439	11557
chr11	109044882	109244882	harbor1	chr11	109072898	109073073	SINE/MIR	380	+	88	109072986	28104
chr11	109044882	109244882	harbor1	chr11	109051796	109051993	SINE/MIR	498	+	98	109051894	7012
chr11	124079733	124279733	harbor1	chr11	124101101	124101306	SINE/MIR	525	+	102	124101203	21470
chr11	124079733	124279733	harbor1	chr11	124104490	124104740	SINE/MIR	566	+	125	124104615	24882
chr11	124079733	124279733	harbor1	chr11	124108806	124109019	SINE/MIR	481	+	106	124108912	29179
chr11	124079733	124279733	harbor1	chr11	124111454	124111655	SINE/MIR	440	+	100	124111554	31821
chr11	124079733	124279733	harbor1	chr11	124133617	124133833	SINE/MIR	486	+	108	124133725	53992
chr11	124079733	124279733	harbor1	chr11	124134584	124134800	SINE/MIR	541	+	108	124134692	54959
chr11	124079733	124279733	harbor1	chr11	124147257	124147357	SINE/MIR	394	+	50	124147307	67574
chr11	124079733	124279733	harbor1	chr11	124154000	124154223	SINE/MIR	380	+	112	124154112	74379
chr11	124079733	124279733	harbor1	chr11	124156853	124157069	SINE/MIR	409	+	108	124156961	77228
chr11	124079733	124279733	harbor1	chr11	124157120	124157132	SINE/MIR	409	+	6	124157126	77393
chr11	124079733	124279733	harbor1	chr11	124168609	124168822	SINE/MIR	509	+	106	124168715	88982
chr11	37017026	37217026	harbor1	chr11	37025537	37025676	SINE/MIR	488	+	70	37025607	8581
chr11	37017026	37217026	harbor1	chr11	37038767	37038867	SINE/MIR	428	+	50	37038817	21791
chr11	37017026	37217026	harbor1	chr11	37053899	37054145	SINE/MIR	618	+	123	37054022	36996
chr11	37017026	37217026	harbor1	chr11	37060805	37061025	SINE/MIR	543	+	110	37060915	43889
chr11	37017026	37217026	harbor1	chr11	37070406	37070605	SINE/MIR	502	+	100	37070506	53480
chr11	37017026	37217026	harbor1	chr11	37106719	37106945	SINE/MIR	436	+	113	37106832	89806
chr11	37017026	37217026	harbor1	chr11	37108527	37108721	SINE/MIR	494	+	97	37108624	91598
chr11	37017026	37217026	harbor1	chr11	37044090	37044315	SINE/MIR	514	+	112	37044202	27176
chr11	88961781	89161781	harbor1	chr11	88981697	88981895	SINE/MIR	393	+	99	88981796	20015
chr11	88961781	89161781	harbor1	chr11	89006136	89006328	SINE/MIR	506	+	96	89006232	44451
chr11	88961781	89161781	harbor1	chr11	89018007	89018153	SINE/MIR	445	+	73	89018080	56299
chr11	88961781	89161781	harbor1	chr11	89026465	89026664	SINE/MIR	450	+	100	89026565	64784
chr11	88961781	89161781	harbor1	chr11	89030484	89030613	SINE/MIR	474	+	64	89030548	68767
chr11	88961781	89161781	harbor1	chr11	89032442	89032557	SINE/MIR	392	+	58	89032500	70719
chr11	88961781	89161781	harbor1	chr11	89055167	89055377	SINE/MIR	702	+	105	89055272	93491
chr11	88961781	89161781	harbor1	chr11	89059505	89059686	SINE/MIR	403	+	90	89059595	97814
chr11	31384769	31584769	harbor1	chr11	31453899	31454123	SINE/MIR	503	+	112	31454011	69242
chr11	31384769	31584769	harbor1	chr11	31462659	31462905	SINE/MIR	608	+	123	31462782	78013
chr11	67631216	67831216	harbor1	chr11	67635502	67635680	SINE/MIR	537	+	89	67635591	4375
chr11	67631216	67831216	harbor1	chr11	67643165	67643387	SINE/MIR	575	+	111	67643276	12060
chr11	67631216	67831216	harbor1	chr11	67667174	67667330	SINE/MIR	580	+	78	67667252	36036
chr11	67631216	67831216	harbor1	chr11	67675208	67675370	SINE/MIR	393	+	81	67675289	44073
chr11	27847842	28047842	harbor1	chr11	27854432	27854645	SINE/MIR	536	+	106	27854538	6696
chr11	27847842	28047842	harbor1	chr11	27856580	27856707	SINE/MIR	386	+	64	27856644	8802
chr11	27847842	28047842	harbor1	chr11	27856794	27857050	SINE/MIR	432	+	128	27856922	9080
chr11	27847842	28047842	harbor1	chr11	27871584	27871763	SINE/MIR	463	+	90	27871674	23832
chr11	27847842	28047842	harbor1	chr11	27874943	27875180	SINE/MIR	511	+	118	27875061	27219
chr11	27847842	28047842	harbor1	chr11	27882862	27883092	SINE/MIR	700	+	115	27882977	35135
chr11	27847842	28047842	harbor1	chr11	27884744	27884810	SINE/MIR	402	+	33	27884777	36935
chr11	27847842	28047842	harbor1	chr11	27885213	27885351	SINE/MIR	402	+	69	27885282	37440
chr11	27847842	28047842	harbor1	chr11	27887604	27887813	SINE/MIR	493	+	104	27887708	39866
chr11	27847842	28047842	harbor1	chr11	27893388	27893533	SINE/MIR	689	+	72	27893460	45618
chr11	27847842	28047842	harbor1	chr11	27893613	27893728	SINE/MIR	689	+	58	27893671	45829
chr11	27847842	28047842	harbor1	chr11	27899045	27899295	SINE/MIR	724	+	125	27899170	51328
chr11	27847842	28047842	harbor1	chr11	27909444	27909679	SINE/MIR	784	+	118	27909562	61720
chr11	27847842	28047842	harbor1	chr11	27910086	27910192	SINE/MIR	524	+	53	27910139	62297
chr11	27847842	28047842	harbor1	chr11	27910495	27910606	SINE/MIR	524	+	56	27910551	62709
chr11	27847842	28047842	harbor1	chr11	27911488	27911714	SINE/MIR	692	+	113	27911601	63759
chr11	27847842	28047842	harbor1	chr11	27913013	27913238	SINE/MIR	492	+	112	27913125	65283
chr11	27847842	28047842	harbor1	chr11	27914610	27914848	SINE/MIR	494	+	119	27914729	66887
chr11	27847842	28047842	harbor1	chr11	27923471	27923706	SINE/MIR	821	+	118	27923589	75747
chr11	27847842	28047842	harbor1	chr11	27945638	27945884	SINE/MIR	696	+	123	27945761	97919
chr11	92699954	92899954	harbor1	chr11	92701962	92702208	SINE/MIR	594	+	123	92702085	2131
chr11	92699954	92899954	harbor1	chr11	92708412	92708571	SINE/MIR	520	+	80	92708492	8538
chr11	92699954	92899954	harbor1	chr11	92732558	92732739	SINE/MIR	467	+	90	92732648	32694
chr11	92699954	92899954	harbor1	chr11	92738763	92738954	SINE/MIR	393	+	96	92738859	38905
chr11	92699954	92899954	harbor1	chr11	92749428	92749559	SINE/MIR	394	+	66	92749494	49540
chr11	92699954	92899954	harbor1	chr11	92751180	92751384	SINE/MIR	406	+	102	92751282	51328
chr11	92699954	92899954	harbor1	chr11	92751785	92752022	SINE/MIR	546	+	118	92751903	51949
chr11	92699954	92899954	harbor1	chr11	92752344	92752533	SINE/MIR	438	+	94	92752438	52484
chr11	92699954	92899954	harbor1	chr11	92760581	92760771	SINE/MIR	522	+	95	92760676	60722
chr11	92699954	92899954	harbor1	chr11	92777639	92777876	SINE/MIR	620	+	118	92777757	77803
chr11	92699954	92899954	harbor1	chr11	92781602	92781837	SINE/MIR	382	+	118	92781720	81766
chr11	92699954	92899954	harbor1	chr11	92716921	92717137	SINE/MIR	697	+	108	92717029	17075
chr11	40704413	40904413	harbor1	chr11	40704552	40704785	SINE/MIR	695	+	116	40704668	255
chr11	40704413	40904413	harbor1	chr11	40713416	40713611	SINE/MIR	408	+	98	40713514	9101
chr11	40704413	40904413	harbor1	chr11	40761160	40761372	SINE/MIR	404	+	106	40761266	56853
chr11	40704413	40904413	harbor1	chr11	40799408	40799490	SINE/MIR	379	+	41	40799449	95036
chr11	40704413	40904413	harbor1	chr11	40799769	40799853	SINE/MIR	379	+	42	40799811	95398
chr11	126890418	127090418	harbor1	chr11	126908351	126908592	SINE/MIR	978	+	120	126908471	18053
chr11	126890418	127090418	harbor1	chr11	126942148	126942319	SINE/MIR	428	+	86	126942234	51816
chr11	126890418	127090418	harbor1	chr11	126966735	126966876	SINE/MIR	441	+	70	126966805	76387
chr11	126890418	127090418	harbor1	chr11	126968797	126968967	SINE/MIR	524	+	85	126968882	78464
chr11	126890418	127090418	harbor1	chr11	126973581	126973813	SINE/MIR	496	+	116	126973697	83279
chr11	126890418	127090418	harbor1	chr11	126979543	126979741	SINE/MIR	461	+	99	126979642	89224
chr11	126890418	127090418	harbor1	chr11	126984872	126985098	SINE/MIR	432	+	113	126984985	94567
chr11	126890418	127090418	harbor1	chr11	126988628	126988803	SINE/MIR	427	+	88	126988716	98298
chr11	82739646	82939646	harbor1	chr11	82756879	82757092	SINE/MIR	478	+	106	82756985	17339
chr11	82739646	82939646	harbor1	chr11	82786178	82786278	SINE/MIR	440	+	50	82786228	46582
chr11	82739646	82939646	harbor1	chr11	82798187	82798346	SINE/MIR	416	+	80	82798267	58621
chr11	82739646	82939646	harbor1	chr11	82813272	82813525	SINE/MIR	708	+	126	82813398	73752
chr11	82739646	82939646	harbor1	chr11	82815081	82815319	SINE/MIR	506	+	119	82815200	75554
chr11	82739646	82939646	harbor1	chr11	82829943	82830191	SINE/MIR	541	+	124	82830067	90421
chr11	82739646	82939646	harbor1	chr11	82837784	82838029	SINE/MIR	710	+	122	82837906	98260
chr11	98760137	98960137	harbor1	chr11	98767440	98767669	SINE/MIR	577	+	114	98767554	7417
chr11	98760137	98960137	harbor1	chr11	98778269	98778522	SINE/MIR	454	+	126	98778395	18258
chr11	82892704	83092704	harbor1	chr11	82893815	82893944	SINE/MIR	382	+	64	82893879	1175
chr11	82892704	83092704	harbor1	chr11	82916060	82916297	SINE/MIR	595	+	118	82916178	23474
chr11	82892704	83092704	harbor1	chr11	82916330	82916559	SINE/MIR	892	+	114	82916444	23740
chr11	82892704	83092704	harbor1	chr11	82986678	82986775	SINE/MIR	402	+	48	82986726	94022
chr11	91655753	91855753	harbor1	chr11	91679123	91679325	SINE/MIR	414	+	101	91679224	23471
chr11	91655753	91855753	harbor1	chr11	91693043	91693251	SINE/MIR	743	+	104	91693147	37394
chr11	91655753	91855753	harbor1	chr11	91703612	91703786	SINE/MIR	555	+	87	91703699	47946
chr11	91655753	91855753	harbor1	chr11	91715628	91715808	SINE/MIR	452	+	90	91715718	59965
chr11	91655753	91855753	harbor1	chr11	91749841	91750006	SINE/MIR	415	+	82	91749923	94170
chr11	91655753	91855753	harbor1	chr11	91753942	91754092	SINE/MIR	425	+	75	91754017	98264
chr11	68926071	69126071	harbor1	chr11	68932397	68932619	SINE/MIR	629	+	111	68932508	6437
chr11	68926071	69126071	harbor1	chr11	68942501	68942671	SINE/MIR	452	+	85	68942586	16515
chr11	74655904	74855904	harbor1	chr11	74669049	74669294	SINE/MIR	810	+	122	74669171	13267
chr11	74655904	74855904	harbor1	chr11	74677582	74677791	SINE/MIR	504	+	104	74677686	21782
chr11	74655904	74855904	harbor1	chr11	74681353	74681463	SINE/MIR	400	+	55	74681408	25504
chr11	74655904	74855904	harbor1	chr11	74683100	74683271	SINE/MIR	478	+	86	74683186	27282
chr11	74655904	74855904	harbor1	chr11	74685691	74685829	SINE/MIR	859	+	69	74685760	29856
chr11	74655904	74855904	harbor1	chr11	74686457	74686565	SINE/MIR	859	+	54	74686511	30607
chr11	74655904	74855904	harbor1	chr11	74692534	74692712	SINE/MIR	483	+	89	74692623	36719
chr11	74655904	74855904	harbor1	chr11	74700072	74700265	SINE/MIR	774	+	96	74700168	44264
chr11	74655904	74855904	harbor1	chr11	74701524	74701759	SINE/MIR	908	+	118	74701642	45738
chr11	74655904	74855904	harbor1	chr11	74704254	74704360	SINE/MIR	385	+	53	74704307	48403
chr11	74655904	74855904	harbor1	chr11	74709293	74709471	SINE/MIR	895	+	89	74709382	53478
chr11	74655904	74855904	harbor1	chr11	74721710	74721863	SINE/MIR	452	+	76	74721786	65882
chr11	74655904	74855904	harbor1	chr11	74722331	74722547	SINE/MIR	751	+	108	74722439	66535
chr11	74655904	74855904	harbor1	chr11	74730218	74730395	SINE/MIR	553	+	88	74730306	74402
chr11	74655904	74855904	harbor1	chr11	74739707	74739906	SINE/MIR	473	+	100	74739807	83903
chr11	56543486	56743486	harbor1	chr11	56601308	56601530	SINE/MIR	576	+	111	56601419	57933
chr11	56543486	56743486	harbor1	chr11	56610473	56610637	SINE/MIR	387	+	82	56610555	67069
chr11	12455680	12655680	harbor1	chr11	12460235	12460433	SINE/MIR	981	+	99	12460334	4654
chr11	12455680	12655680	harbor1	chr11	12479021	12479089	SINE/MIR	397	+	34	12479055	23375
chr11	12455680	12655680	harbor1	chr11	12509297	12509417	SINE/MIR	455	+	60	12509357	53677
chr11	12455680	12655680	harbor1	chr11	12544647	12544878	SINE/MIR	512	+	116	12544763	89083
chr11	12455680	12655680	harbor1	chr11	12552348	12552585	SINE/MIR	482	+	118	12552466	96786
chr11	91650522	91850522	harbor1	chr11	91679123	91679325	SINE/MIR	414	+	101	91679224	28702
chr11	91650522	91850522	harbor1	chr11	91693043	91693251	SINE/MIR	743	+	104	91693147	42625
chr11	91650522	91850522	harbor1	chr11	91703612	91703786	SINE/MIR	555	+	87	91703699	53177
chr11	91650522	91850522	harbor1	chr11	91715628	91715808	SINE/MIR	452	+	90	91715718	65196
chr11	91650522	91850522	harbor1	chr11	91749841	91750006	SINE/MIR	415	+	82	91749923	99401
chr11	71108475	71308475	harbor1	chr11	71114048	71114259	SINE/MIR	384	+	106	71114154	5679
chr11	71108475	71308475	harbor1	chr11	71199167	71199272	SINE/MIR	431	+	52	71199219	90744
chr11	101124449	101324449	harbor1	chr11	101174907	101175126	SINE/MIR	603	+	110	101175017	50568
chr11	101124449	101324449	harbor1	chr11	101178218	101178301	SINE/MIR	417	+	42	101178260	53811
chr11	101124449	101324449	harbor1	chr11	101200199	101200402	SINE/MIR	490	+	102	101200301	75852
chr11	42031622	42231622	harbor1	chr11	42046818	42047018	SINE/MIR	439	+	100	42046918	15296
chr11	42031622	42231622	harbor1	chr11	42069379	42069504	SINE/MIR	513	+	62	42069441	37819
chr11	42031622	42231622	harbor1	chr11	42072131	42072362	SINE/MIR	377	+	116	42072247	40625
chr11	42031622	42231622	harbor1	chr11	42077438	42077663	SINE/MIR	421	+	112	42077550	45928
chr11	42031622	42231622	harbor1	chr11	42082670	42082821	SINE/MIR	496	+	76	42082746	51124
chr11	42031622	42231622	harbor1	chr11	42093466	42093696	SINE/MIR	632	+	115	42093581	61959
chr11	113974068	114174068	harbor1	chr11	113988326	113988480	SINE/MIR	511	+	77	113988403	14335
chr11	113974068	114174068	harbor1	chr11	113988801	113988878	SINE/MIR	511	+	38	113988839	14771
chr11	113974068	114174068	harbor1	chr11	113993695	113993859	SINE/MIR	497	+	82	113993777	19709
chr11	113974068	114174068	harbor1	chr11	113995265	113995277	SINE/MIR	479	+	6	113995271	21203
chr11	113974068	114174068	harbor1	chr11	113995826	113995985	SINE/MIR	479	+	80	113995906	21838
chr11	113974068	114174068	harbor1	chr11	114019785	114020010	SINE/MIR	717	+	112	114019897	45829
chr11	113974068	114174068	harbor1	chr11	114034141	114034360	SINE/MIR	591	+	110	114034251	60183
chr11	113974068	114174068	harbor1	chr11	114047047	114047160	SINE/MIR	383	+	56	114047103	73035
chr11	113974068	114174068	harbor1	chr11	114047645	114047688	SINE/MIR	383	+	22	114047667	73599
chr11	113974068	114174068	harbor1	chr11	114056601	114056845	SINE/MIR	698	+	122	114056723	82655
chr11	113974068	114174068	harbor1	chr11	114071865	114072071	SINE/MIR	798	+	103	114071968	97900
chr11	113974068	114174068	harbor1	chr11	114073939	114074141	SINE/MIR	414	+	101	114074040	99972
chr11	113974068	114174068	harbor1	chr11	114048812	114049042	SINE/MIR	597	+	115	114048927	74859
chr11	113974068	114174068	harbor1	chr11	114032557	114032760	SINE/MIR	677	+	102	114032659	58591
chr11	7361377	7561377	harbor1	chr11	7377820	7377933	SINE/MIR	451	+	56	7377876	16499
chr11	7361377	7561377	harbor1	chr11	7416228	7416467	SINE/MIR	938	+	120	7416348	54971
chr11	7361377	7561377	harbor1	chr11	7423373	7423607	SINE/MIR	651	+	117	7423490	62113
chr11	7361377	7561377	harbor1	chr11	7436834	7437046	SINE/MIR	570	+	106	7436940	75563
chr11	7361377	7561377	harbor1	chr11	7445003	7445240	SINE/MIR	605	+	118	7445121	83744
chr11	7361377	7561377	harbor1	chr11	7446257	7446382	SINE/MIR	413	+	62	7446319	84942
chr11	7361377	7561377	harbor1	chr11	7460036	7460181	SINE/MIR	431	+	72	7460108	98731
chr11	81910066	82110066	harbor1	chr11	81917744	81917984	SINE/MIR	396	+	120	81917864	7798
chr11	87721797	87921797	harbor1	chr11	87729617	87729785	SINE/MIR	635	+	84	87729701	7904
chr11	87721797	87921797	harbor1	chr11	87744155	87744388	SINE/MIR	398	+	116	87744271	22474
chr11	87721797	87921797	harbor1	chr11	87748959	87749085	SINE/MIR	462	+	63	87749022	27225
chr11	87721797	87921797	harbor1	chr11	87772426	87772580	SINE/MIR	518	+	77	87772503	50706
chr11	87721797	87921797	harbor1	chr11	87772634	87772880	SINE/MIR	687	+	123	87772757	50960
chr11	87721797	87921797	harbor1	chr11	87818600	87818841	SINE/MIR	398	+	120	87818720	96923
chr11	37292385	37492385	harbor1	chr11	37345207	37345404	SINE/MIR	411	+	98	37345305	52920
chr11	37189641	37389641	harbor1	chr11	37234086	37234213	SINE/MIR	427	+	64	37234150	44509
chr11	76156563	76356563	harbor1	chr11	76158957	76159156	SINE/MIR	748	+	100	76159057	2494
chr11	76156563	76356563	harbor1	chr11	76176954	76177160	SINE/MIR	467	+	103	76177057	20494
chr11	76156563	76356563	harbor1	chr11	76182501	76182695	SINE/MIR	595	+	97	76182598	26035
chr11	76156563	76356563	harbor1	chr11	76183798	76184006	SINE/MIR	449	+	104	76183902	27339
chr11	76156563	76356563	harbor1	chr11	76189043	76189148	SINE/MIR	503	+	52	76189095	32532
chr11	76156563	76356563	harbor1	chr11	76192445	76192627	SINE/MIR	385	+	91	76192536	35973
chr11	76156563	76356563	harbor1	chr11	76195695	76195882	SINE/MIR	405	+	94	76195789	39226
chr11	76156563	76356563	harbor1	chr11	76198774	76198849	SINE/MIR	427	+	38	76198812	42249
chr11	76156563	76356563	harbor1	chr11	76199179	76199203	SINE/MIR	427	+	12	76199191	42628
chr11	76156563	76356563	harbor1	chr11	76199487	76199535	SINE/MIR	427	+	24	76199511	42948
chr11	76156563	76356563	harbor1	chr11	76201663	76201772	SINE/MIR	434	+	54	76201717	45154
chr11	76156563	76356563	harbor1	chr11	76203902	76204111	SINE/MIR	749	+	104	76204006	47443
chr11	76156563	76356563	harbor1	chr11	76212428	76212570	SINE/MIR	481	+	71	76212499	55936
chr11	76156563	76356563	harbor1	chr11	76213524	76213675	SINE/MIR	424	+	76	76213600	57037
chr11	76156563	76356563	harbor1	chr11	76217481	76217705	SINE/MIR	629	+	112	76217593	61030
chr11	76156563	76356563	harbor1	chr11	76231476	76231665	SINE/MIR	727	+	94	76231570	75007
chr11	76156563	76356563	harbor1	chr11	76238321	76238492	SINE/MIR	422	+	86	76238407	81844
chr11	76156563	76356563	harbor1	chr11	76240050	76240244	SINE/MIR	483	+	97	76240147	83584
chr11	76156563	76356563	harbor1	chr11	76253030	76253282	SINE/MIR	641	+	126	76253156	96593
chr11	28106160	28306160	harbor1	chr11	28111593	28111821	SINE/MIR	788	+	114	28111707	5547
chr11	28106160	28306160	harbor1	chr11	28118718	28118924	SINE/MIR	621	+	103	28118821	12661
chr11	28106160	28306160	harbor1	chr11	28149476	28149591	SINE/MIR	418	+	58	28149534	43374
chr11	28106160	28306160	harbor1	chr11	28154165	28154339	SINE/MIR	666	+	87	28154252	48092
chr11	28106160	28306160	harbor1	chr11	28154605	28154782	SINE/MIR	439	+	88	28154693	48533
chr11	28106160	28306160	harbor1	chr11	28155689	28155852	SINE/MIR	376	+	82	28155771	49611
chr11	28106160	28306160	harbor1	chr11	28176375	28176581	SINE/MIR	739	+	103	28176478	70318
chr11	28106160	28306160	harbor1	chr11	28176680	28176899	SINE/MIR	531	+	110	28176790	70630
chr11	28106160	28306160	harbor1	chr11	28199669	28199745	SINE/MIR	406	+	38	28199707	93547
chr11	28106160	28306160	harbor1	chr11	28200009	28200073	SINE/MIR	406	+	32	28200041	93881
chr11	28106160	28306160	harbor1	chr11	28200169	28200344	SINE/MIR	459	+	88	28200257	94097
chr11	28106160	28306160	harbor1	chr11	28204323	28204435	SINE/MIR	465	+	56	28204379	98219
chr11	28106160	28306160	harbor1	chr11	28204462	28204565	SINE/MIR	465	+	52	28204514	98354
chr11	70522453	70722453	harbor1	chr11	70558449	70558610	SINE/MIR	572	+	80	70558529	36076
chr11	88572653	88772653	harbor1	chr11	88592107	88592321	SINE/MIR	557	+	107	88592214	19561
chr11	88572653	88772653	harbor1	chr11	88602685	88602887	SINE/MIR	549	+	101	88602786	30133
chr11	88572653	88772653	harbor1	chr11	88614180	88614378	SINE/MIR	463	+	99	88614279	41626
chr11	88572653	88772653	harbor1	chr11	88615953	88616147	SINE/MIR	498	+	97	88616050	43397
chr11	88572653	88772653	harbor1	chr11	88622810	88623055	SINE/MIR	592	+	122	88622932	50279
chr11	122314695	122514695	harbor1	chr11	122316779	122317021	SINE/MIR	652	+	121	122316900	2205
chr11	122314695	122514695	harbor1	chr11	122317031	122317223	SINE/MIR	383	+	96	122317127	2432
chr11	122314695	122514695	harbor1	chr11	122324365	122324541	SINE/MIR	572	+	88	122324453	9758
chr11	122314695	122514695	harbor1	chr11	122324935	122325178	SINE/MIR	821	+	122	122325057	10362
chr11	122314695	122514695	harbor1	chr11	122330682	122330932	SINE/MIR	854	+	125	122330807	16112
chr11	122314695	122514695	harbor1	chr11	122337313	122337498	SINE/MIR	483	+	92	122337405	22710
chr11	122314695	122514695	harbor1	chr11	122358476	122358710	SINE/MIR	468	+	117	122358593	43898
chr11	122314695	122514695	harbor1	chr11	122359914	122360115	SINE/MIR	462	+	100	122360014	45319
chr11	109497366	109697366	harbor1	chr11	109555671	109555921	SINE/MIR	853	+	125	109555796	58430
chr11	109497366	109697366	harbor1	chr11	109587582	109587777	SINE/MIR	442	+	98	109587680	90314
chr11	109497366	109697366	harbor1	chr11	109594241	109594398	SINE/MIR	485	+	78	109594319	96953
chr11	109497366	109697366	harbor1	chr11	109594784	109594812	SINE/MIR	485	+	14	109594798	97432
chr11	122922968	123122968	harbor1	chr11	122924295	122924495	SINE/MIR	810	+	100	122924395	1427
chr11	122922968	123122968	harbor1	chr11	122926722	122926894	SINE/MIR	506	+	86	122926808	3840
chr11	122922968	123122968	harbor1	chr11	122989367	122989617	SINE/MIR	799	+	125	122989492	66524
chr11	122922968	123122968	harbor1	chr11	123000717	123000897	SINE/MIR	708	+	90	123000807	77839
chr11	122922968	123122968	harbor1	chr11	123004541	123004700	SINE/MIR	397	+	80	123004621	81653
chr11	122922968	123122968	harbor1	chr11	123007355	123007468	SINE/MIR	559	+	56	123007411	84443
chr11	122922968	123122968	harbor1	chr11	123014649	123014793	SINE/MIR	530	+	72	123014721	91753
chr11	122922968	123122968	harbor1	chr11	123015642	123015857	SINE/MIR	721	+	108	123015750	92782
chr11	72629478	72829478	harbor1	chr11	72629723	72629914	SINE/MIR	511	+	96	72629819	341
chr11	72629478	72829478	harbor1	chr11	72633947	72634070	SINE/MIR	467	+	62	72634009	4531
chr11	72629478	72829478	harbor1	chr11	72645169	72645317	SINE/MIR	460	+	74	72645243	15765
chr11	72629478	72829478	harbor1	chr11	72651479	72651703	SINE/MIR	452	+	112	72651591	22113
chr11	72629478	72829478	harbor1	chr11	72655553	72655770	SINE/MIR	479	+	108	72655661	26183
chr11	72629478	72829478	harbor1	chr11	72668223	72668456	SINE/MIR	540	+	116	72668339	38861
chr11	72629478	72829478	harbor1	chr11	72676517	72676697	SINE/MIR	429	+	90	72676607	47129
chr11	72629478	72829478	harbor1	chr11	72706868	72707036	SINE/MIR	421	+	84	72706952	77474
chr11	72629478	72829478	harbor1	chr11	72715067	72715253	SINE/MIR	650	+	93	72715160	85682
chr11	72629478	72829478	harbor1	chr11	72719403	72719503	SINE/MIR	432	+	50	72719453	89975
chr11	134706957	134906957	harbor1	chr11	134711248	134711423	SINE/MIR	478	+	88	134711336	4379
chr11	13101526	13301526	harbor1	chr11	13150253	13150389	SINE/MIR	476	+	68	13150321	48795
chr11	13101526	13301526	harbor1	chr11	13175021	13175246	SINE/MIR	645	+	112	13175133	73607
chr11	69904622	70104622	harbor1	chr11	69906627	69906752	SINE/MIR	451	+	62	69906689	2067
chr11	69904622	70104622	harbor1	chr11	69957791	69958011	SINE/MIR	453	+	110	69957901	53279
chr11	69904622	70104622	harbor1	chr11	69967443	69967658	SINE/MIR	478	+	108	69967551	62929
chr11	69904622	70104622	harbor1	chr11	69971134	69971297	SINE/MIR	538	+	82	69971216	66594
chr11	69904622	70104622	harbor1	chr11	69979324	69979506	SINE/MIR	589	+	91	69979415	74793
chr11	69904622	70104622	harbor1	chr11	69981221	69981455	SINE/MIR	1112	+	117	69981338	76716
chr11	69904622	70104622	harbor1	chr11	69988301	69988415	SINE/MIR	394	+	57	69988358	83736
chr11	26902327	27102327	harbor1	chr11	26903685	26903867	SINE/MIR	454	+	91	26903776	1449
chr11	26902327	27102327	harbor1	chr11	26915135	26915287	SINE/MIR	399	+	76	26915211	12884
chr11	26902327	27102327	harbor1	chr11	26929216	26929404	SINE/MIR	392	+	94	26929310	26983
chr11	26902327	27102327	harbor1	chr11	26930692	26930873	SINE/MIR	648	+	90	26930782	28455
chr11	26902327	27102327	harbor1	chr11	26938933	26939137	SINE/MIR	445	+	102	26939035	36708
chr11	26902327	27102327	harbor1	chr11	26952243	26952465	SINE/MIR	730	+	111	26952354	50027
chr11	26902327	27102327	harbor1	chr11	26958710	26958947	SINE/MIR	545	+	118	26958828	56501
chr11	26902327	27102327	harbor1	chr11	26962149	26962375	SINE/MIR	619	+	113	26962262	59935
chr11	26902327	27102327	harbor1	chr11	26998171	26998250	SINE/MIR	419	+	40	26998211	95884
chr11	26902327	27102327	harbor1	chr11	27000521	27000660	SINE/MIR	387	+	70	27000591	98264
chr11	131572888	131772888	harbor1	chr11	131576759	131576981	SINE/MIR	628	+	111	131576870	3982
chr11	131572888	131772888	harbor1	chr11	131577035	131577248	SINE/MIR	589	+	106	131577141	4253
chr11	131572888	131772888	harbor1	chr11	131578588	131578761	SINE/MIR	551	+	86	131578674	5786
chr11	131572888	131772888	harbor1	chr11	131592227	131592340	SINE/MIR	391	+	56	131592283	19395
chr11	131572888	131772888	harbor1	chr11	131594889	131595062	SINE/MIR	437	+	86	131594975	22087
chr11	131572888	131772888	harbor1	chr11	131623154	131623371	SINE/MIR	484	+	108	131623262	50374
chr11	131572888	131772888	harbor1	chr11	131636663	131636798	SINE/MIR	441	+	68	131636731	63843
chr11	66456185	66656185	harbor1	chr11	66468560	66468751	SINE/MIR	626	+	96	66468656	12471
chr11	66456185	66656185	harbor1	chr11	66470364	66470523	SINE/MIR	502	+	80	66470444	14259
chr11	66456185	66656185	harbor1	chr11	66471709	66471863	SINE/MIR	422	+	77	66471786	15601
chr11	66456185	66656185	harbor1	chr11	66472174	66472223	SINE/MIR	422	+	24	66472198	16013
chr11	66456185	66656185	harbor1	chr11	66472723	66472904	SINE/MIR	804	+	90	66472813	16628
chr11	66456185	66656185	harbor1	chr11	66478872	66479022	SINE/MIR	458	+	75	66478947	22762
chr11	66456185	66656185	harbor1	chr11	66481513	66481649	SINE/MIR	378	+	68	66481581	25396
chr11	66456185	66656185	harbor1	chr11	66481993	66482122	SINE/MIR	423	+	64	66482057	25872
chr11	66456185	66656185	harbor1	chr11	66490553	66490707	SINE/MIR	458	+	77	66490630	34445
chr11	66456185	66656185	harbor1	chr11	66493237	66493404	SINE/MIR	377	+	84	66493321	37136
chr11	66456185	66656185	harbor1	chr11	66494443	66494612	SINE/MIR	407	+	84	66494527	38342
chr11	66456185	66656185	harbor1	chr11	66494679	66494789	SINE/MIR	462	+	55	66494734	38549
chr11	66456185	66656185	harbor1	chr11	66496774	66496949	SINE/MIR	616	+	88	66496862	40677
chr11	66456185	66656185	harbor1	chr11	66513379	66513532	SINE/MIR	695	+	76	66513455	57270
chr11	66456185	66656185	harbor1	chr11	66513694	66513766	SINE/MIR	695	+	36	66513730	57545
chr11	133574343	133774343	harbor1	chr11	133577825	133578022	SINE/MIR	592	+	98	133577923	3580
chr11	133574343	133774343	harbor1	chr11	133624044	133624256	SINE/MIR	456	+	106	133624150	49807
chr11	133574343	133774343	harbor1	chr11	133659038	133659263	SINE/MIR	636	+	112	133659150	84807
chr11	133574343	133774343	harbor1	chr11	133664685	133664782	SINE/MIR	374	+	48	133664733	90390
chr11	124207915	124407915	harbor1	chr11	124295655	124295882	SINE/MIR	380	+	114	124295769	87854
chr11	124207915	124407915	harbor1	chr11	124295939	124296118	SINE/MIR	478	+	90	124296029	88114
chr11	44804875	45004875	harbor1	chr11	44807678	44807798	SINE/MIR	414	+	60	44807738	2863
chr11	44804875	45004875	harbor1	chr11	44812162	44812320	SINE/MIR	566	+	79	44812241	7366
chr11	44804875	45004875	harbor1	chr11	44813274	44813466	SINE/MIR	453	+	96	44813370	8495
chr11	44804875	45004875	harbor1	chr11	44820478	44820639	SINE/MIR	423	+	80	44820558	15683
chr11	44804875	45004875	harbor1	chr11	44833164	44833343	SINE/MIR	627	+	90	44833254	28379
chr11	44804875	45004875	harbor1	chr11	44834615	44834781	SINE/MIR	453	+	83	44834698	29823
chr11	44804875	45004875	harbor1	chr11	44845269	44845400	SINE/MIR	600	+	66	44845335	40460
chr11	44804875	45004875	harbor1	chr11	44848918	44849116	SINE/MIR	539	+	99	44849017	44142
chr11	44804875	45004875	harbor1	chr11	44854717	44854874	SINE/MIR	440	+	78	44854795	49920
chr11	44804875	45004875	harbor1	chr11	44857967	44858143	SINE/MIR	390	+	88	44858055	53180
chr11	44804875	45004875	harbor1	chr11	44859734	44859893	SINE/MIR	579	+	80	44859814	54939
chr11	44804875	45004875	harbor1	chr11	44865236	44865402	SINE/MIR	467	+	83	44865319	60444
chr11	44804875	45004875	harbor1	chr11	44869314	44869454	SINE/MIR	412	+	70	44869384	64509
chr11	44804875	45004875	harbor1	chr11	44872403	44872489	SINE/MIR	423	+	43	44872446	67571
chr11	44804875	45004875	harbor1	chr11	44880323	44880509	SINE/MIR	385	+	93	44880416	75541
chr11	44804875	45004875	harbor1	chr11	44881026	44881184	SINE/MIR	777	+	79	44881105	76230
chr11	44804875	45004875	harbor1	chr11	44883780	44884004	SINE/MIR	976	+	112	44883892	79017
chr11	44804875	45004875	harbor1	chr11	44887138	44887377	SINE/MIR	714	+	120	44887258	82383
chr11	44804875	45004875	harbor1	chr11	44887390	44887567	SINE/MIR	626	+	88	44887478	82603
chr11	44804875	45004875	harbor1	chr11	44892740	44892911	SINE/MIR	457	+	86	44892826	87951
chr11	44804875	45004875	harbor1	chr11	44892947	44893128	SINE/MIR	428	+	90	44893037	88162
chr11	44804875	45004875	harbor1	chr11	44893578	44893836	SINE/MIR	608	+	129	44893707	88832
chr11	44804875	45004875	harbor1	chr11	44894888	44895132	SINE/MIR	655	+	122	44895010	90135
chr11	44804875	45004875	harbor1	chr11	44896277	44896456	SINE/MIR	563	+	90	44896367	91492
chr11	44804875	45004875	harbor1	chr11	44900387	44900625	SINE/MIR	813	+	119	44900506	95631
chr11	44804875	45004875	harbor1	chr11	44901755	44901987	SINE/MIR	668	+	116	44901871	96996
chr11	44804875	45004875	harbor1	chr11	44903797	44904002	SINE/MIR	912	+	102	44903899	99024
chr11	44804875	45004875	harbor1	chr11	44875665	44875875	SINE/MIR	517	+	105	44875770	70895
chr11	39344920	39544920	harbor1	chr11	39346726	39346972	SINE/MIR	740	+	123	39346849	1929
chr11	39344920	39544920	harbor1	chr11	39377932	39378075	SINE/MIR	382	+	72	39378004	33084
chr11	132180226	132380226	harbor1	chr11	132182398	132182567	SINE/MIR	391	+	84	132182482	2256
chr11	132180226	132380226	harbor1	chr11	132232511	132232655	SINE/MIR	498	+	72	132232583	52357
chr11	104034148	104234148	harbor1	chr11	104050486	104050611	SINE/MIR	454	+	62	104050548	16400
chr11	104034148	104234148	harbor1	chr11	104103064	104103273	SINE/MIR	636	+	104	104103168	69020
chr11	104034148	104234148	harbor1	chr11	104107712	104107881	SINE/MIR	560	+	84	104107796	73648
chr11	104034148	104234148	harbor1	chr11	104109224	104109412	SINE/MIR	554	+	94	104109318	75170
chr11	104034148	104234148	harbor1	chr11	104109823	104110045	SINE/MIR	491	+	111	104109934	75786
chr11	104034148	104234148	harbor1	chr11	104125199	104125382	SINE/MIR	642	+	92	104125291	91143
chr11	104034148	104234148	harbor1	chr11	104128614	104128858	SINE/MIR	576	+	122	104128736	94588
chr11	74666789	74866789	harbor1	chr11	74669049	74669294	SINE/MIR	810	+	122	74669171	2382
chr11	74666789	74866789	harbor1	chr11	74677582	74677791	SINE/MIR	504	+	104	74677686	10897
chr11	74666789	74866789	harbor1	chr11	74681353	74681463	SINE/MIR	400	+	55	74681408	14619
chr11	74666789	74866789	harbor1	chr11	74683100	74683271	SINE/MIR	478	+	86	74683186	16397
chr11	74666789	74866789	harbor1	chr11	74685691	74685829	SINE/MIR	859	+	69	74685760	18971
chr11	74666789	74866789	harbor1	chr11	74686457	74686565	SINE/MIR	859	+	54	74686511	19722
chr11	74666789	74866789	harbor1	chr11	74692534	74692712	SINE/MIR	483	+	89	74692623	25834
chr11	74666789	74866789	harbor1	chr11	74700072	74700265	SINE/MIR	774	+	96	74700168	33379
chr11	74666789	74866789	harbor1	chr11	74701524	74701759	SINE/MIR	908	+	118	74701642	34853
chr11	74666789	74866789	harbor1	chr11	74704254	74704360	SINE/MIR	385	+	53	74704307	37518
chr11	74666789	74866789	harbor1	chr11	74709293	74709471	SINE/MIR	895	+	89	74709382	42593
chr11	74666789	74866789	harbor1	chr11	74721710	74721863	SINE/MIR	452	+	76	74721786	54997
chr11	74666789	74866789	harbor1	chr11	74722331	74722547	SINE/MIR	751	+	108	74722439	55650
chr11	74666789	74866789	harbor1	chr11	74730218	74730395	SINE/MIR	553	+	88	74730306	63517
chr11	74666789	74866789	harbor1	chr11	74739707	74739906	SINE/MIR	473	+	100	74739807	73018
chr11	74666789	74866789	harbor1	chr11	74756295	74756541	SINE/MIR	679	+	123	74756418	89629
chr11	80660109	80860109	harbor1	chr11	80666095	80666321	SINE/MIR	498	+	113	80666208	6099
chr11	80660109	80860109	harbor1	chr11	80668984	80669149	SINE/MIR	402	+	82	80669066	8957
chr11	80660109	80860109	harbor1	chr11	80676726	80676928	SINE/MIR	677	+	101	80676827	16718
chr11	80660109	80860109	harbor1	chr11	80680543	80680747	SINE/MIR	445	+	102	80680645	20536
chr11	80660109	80860109	harbor1	chr11	80688548	80688765	SINE/MIR	537	+	108	80688656	28547
chr11	80660109	80860109	harbor1	chr11	80691964	80692213	SINE/MIR	699	+	124	80692088	31979
chr11	80660109	80860109	harbor1	chr11	80701394	80701569	SINE/MIR	525	+	88	80701482	41373
chr11	80660109	80860109	harbor1	chr11	80704600	80704817	SINE/MIR	459	+	108	80704708	44599
chr11	80660109	80860109	harbor1	chr11	80710773	80711025	SINE/MIR	507	+	126	80710899	50790
chr11	80660109	80860109	harbor1	chr11	80715109	80715322	SINE/MIR	491	+	106	80715215	55106
chr11	80660109	80860109	harbor1	chr11	80728880	80729118	SINE/MIR	465	+	119	80728999	68890
chr11	80660109	80860109	harbor1	chr11	80734509	80734661	SINE/MIR	418	+	76	80734585	74476
chr11	80660109	80860109	harbor1	chr11	80748689	80748852	SINE/MIR	546	+	82	80748771	88662
chr11	80660109	80860109	harbor1	chr11	80754472	80754679	SINE/MIR	410	+	104	80754576	94467
chr11	80660109	80860109	harbor1	chr11	80756833	80757080	SINE/MIR	536	+	124	80756957	96848
chr11	93561657	93761657	harbor1	chr11	93561561	93561734	SINE/MIR	377	+	86	93561647	10
chr11	93561657	93761657	harbor1	chr11	93568301	93568529	SINE/MIR	694	+	114	93568415	6758
chr11	93561657	93761657	harbor1	chr11	93578812	93578983	SINE/MIR	447	+	86	93578898	17241
chr11	93561657	93761657	harbor1	chr11	93587547	93587637	SINE/MIR	394	+	45	93587592	25935
chr11	93561657	93761657	harbor1	chr11	93588461	93588641	SINE/MIR	381	+	90	93588551	26894
chr11	93561657	93761657	harbor1	chr11	93614655	93614844	SINE/MIR	690	+	94	93614749	53092
chr11	93561657	93761657	harbor1	chr11	93621052	93621194	SINE/MIR	384	+	71	93621123	59466
chr11	93561657	93761657	harbor1	chr11	93639603	93639813	SINE/MIR	437	+	105	93639708	78051
chr11	93561657	93761657	harbor1	chr11	93641872	93642011	SINE/MIR	591	+	70	93641942	80285
chr11	93561657	93761657	harbor1	chr11	93647323	93647501	SINE/MIR	574	+	89	93647412	85755
chr11	93561657	93761657	harbor1	chr11	93651837	93652024	SINE/MIR	702	+	94	93651931	90274
chr11	93561657	93761657	harbor1	chr11	93653108	93653277	SINE/MIR	419	+	84	93653192	91535
chr11	93561657	93761657	harbor1	chr11	93659749	93659890	SINE/MIR	421	+	70	93659819	98162
chr11	61819749	62019749	harbor1	chr11	61823272	61823451	SINE/MIR	465	+	90	61823362	3613
chr11	61819749	62019749	harbor1	chr11	61885249	61885451	SINE/MIR	424	+	101	61885350	65601
chr11	61819749	62019749	harbor1	chr11	61886660	61886826	SINE/MIR	545	+	83	61886743	66994
chr11	61819749	62019749	harbor1	chr11	61887816	61888040	SINE/MIR	620	+	112	61887928	68179
chr11	61819749	62019749	harbor1	chr11	61895875	61896001	SINE/MIR	565	+	63	61895938	76189
chr11	78879808	79079808	harbor1	chr11	78884471	78884704	SINE/MIR	659	+	116	78884587	4779
chr11	78879808	79079808	harbor1	chr11	78884778	78884991	SINE/MIR	457	+	106	78884884	5076
chr11	78879808	79079808	harbor1	chr11	78892431	78892625	SINE/MIR	514	+	97	78892528	12720
chr11	78879808	79079808	harbor1	chr11	78896736	78896901	SINE/MIR	1028	+	82	78896818	17010
chr11	78879808	79079808	harbor1	chr11	78897451	78897534	SINE/MIR	1028	+	42	78897493	17685
chr11	78879808	79079808	harbor1	chr11	78902475	78902724	SINE/MIR	646	+	124	78902599	22791
chr11	78879808	79079808	harbor1	chr11	78904953	78905115	SINE/MIR	654	+	81	78905034	25226
chr11	78879808	79079808	harbor1	chr11	78908149	78908403	SINE/MIR	1051	+	127	78908276	28468
chr11	78879808	79079808	harbor1	chr11	78910507	78910668	SINE/MIR	395	+	80	78910587	30779
chr11	78879808	79079808	harbor1	chr11	78912924	78913063	SINE/MIR	397	+	70	78912994	33186
chr11	78879808	79079808	harbor1	chr11	78914119	78914257	SINE/MIR	455	+	69	78914188	34380
chr11	78879808	79079808	harbor1	chr11	78916093	78916341	SINE/MIR	810	+	124	78916217	36409
chr11	78879808	79079808	harbor1	chr11	78917785	78917997	SINE/MIR	727	+	106	78917891	38083
chr11	78879808	79079808	harbor1	chr11	78918871	78919033	SINE/MIR	735	+	81	78918952	39144
chr11	78879808	79079808	harbor1	chr11	78924453	78924666	SINE/MIR	389	+	106	78924559	44751
chr11	78879808	79079808	harbor1	chr11	78928546	78928739	SINE/MIR	438	+	96	78928642	48834
chr11	78879808	79079808	harbor1	chr11	78931697	78931847	SINE/MIR	598	+	75	78931772	51964
chr11	78879808	79079808	harbor1	chr11	78932010	78932117	SINE/MIR	598	+	54	78932064	52256
chr11	78879808	79079808	harbor1	chr11	78936270	78936331	SINE/MIR	376	+	30	78936300	56492
chr11	78879808	79079808	harbor1	chr11	78941094	78941316	SINE/MIR	610	+	111	78941205	61397
chr11	78879808	79079808	harbor1	chr11	78966064	78966337	SINE/MIR	535	+	136	78966200	86392
chr11	78879808	79079808	harbor1	chr11	78968902	78969121	SINE/MIR	436	+	110	78969012	89204
chr11	123783886	123983886	harbor1	chr11	123816089	123816265	SINE/MIR	440	+	88	123816177	32291
chr11	123783886	123983886	harbor1	chr11	123816327	123816553	SINE/MIR	562	+	113	123816440	32554
chr11	123783886	123983886	harbor1	chr11	123840180	123840416	SINE/MIR	633	+	118	123840298	56412
chr11	118761380	118961380	harbor1	chr11	118797198	118797295	SINE/MIR	412	+	48	118797246	35866
chr11	118761380	118961380	harbor1	chr11	118797601	118797644	SINE/MIR	412	+	22	118797623	36243
chr11	118761380	118961380	harbor1	chr11	118854004	118854247	SINE/MIR	749	+	122	118854126	92746
chr11	31782150	31982150	harbor1	chr11	31851741	31851998	SINE/MIR	701	+	128	31851869	69719
chr11	31782150	31982150	harbor1	chr11	31869812	31870027	SINE/MIR	603	+	108	31869920	87770
chr11	31782150	31982150	harbor1	chr11	31878326	31878564	SINE/MIR	665	+	119	31878445	96295
chr12	21974672	22174672	harbor1	chr12	22013147	22013351	SINE/MIR	551	+	102	22013249	38577
chr12	21974672	22174672	harbor1	chr12	22040462	22040641	SINE/MIR	450	+	90	22040552	65880
chr12	21974672	22174672	harbor1	chr12	22050197	22050406	SINE/MIR	1001	+	104	22050301	75629
chr12	94480564	94680564	harbor1	chr12	94509485	94509625	SINE/MIR	528	+	70	94509555	28991
chr12	94480564	94680564	harbor1	chr12	94531211	94531392	SINE/MIR	512	+	90	94531301	50737
chr12	94480564	94680564	harbor1	chr12	94563937	94564114	SINE/MIR	564	+	88	94564025	83461
chr12	94480564	94680564	harbor1	chr12	94576983	94577133	SINE/MIR	470	+	75	94577058	96494
chr12	96973387	97173387	harbor1	chr12	96980285	96980519	SINE/MIR	781	+	117	96980402	7015
chr12	96973387	97173387	harbor1	chr12	97018667	97018875	SINE/MIR	466	+	104	97018771	45384
chr12	96973387	97173387	harbor1	chr12	97026164	97026396	SINE/MIR	673	+	116	97026280	52893
chr12	96973387	97173387	harbor1	chr12	97030284	97030420	SINE/MIR	873	+	68	97030352	56965
chr12	96973387	97173387	harbor1	chr12	97030974	97031082	SINE/MIR	873	+	54	97031028	57641
chr12	5048950	5248950	harbor1	chr12	5064932	5065174	SINE/MIR	478	+	121	5065053	16103
chr12	5048950	5248950	harbor1	chr12	5068779	5068964	SINE/MIR	463	+	92	5068871	19921
chr12	5048950	5248950	harbor1	chr12	5095216	5095396	SINE/MIR	521	+	90	5095306	46356
chr12	5048950	5248950	harbor1	chr12	5098925	5099111	SINE/MIR	478	+	93	5099018	50068
chr12	5048950	5248950	harbor1	chr12	5136782	5136989	SINE/MIR	801	+	104	5136886	87936
chr12	17899436	18099436	harbor1	chr12	17971963	17972161	SINE/MIR	526	+	99	17972062	72626
chr12	124815566	125015566	harbor1	chr12	124821573	124821735	SINE/MIR	570	+	81	124821654	6088
chr12	124815566	125015566	harbor1	chr12	124857151	124857351	SINE/MIR	522	+	100	124857251	41685
chr12	124815566	125015566	harbor1	chr12	124866009	124866249	SINE/MIR	602	+	120	124866129	50563
chr12	124815566	125015566	harbor1	chr12	124874274	124874405	SINE/MIR	499	+	66	124874340	58774
chr12	16244172	16444172	harbor1	chr12	16300940	16301148	SINE/MIR	561	+	104	16301044	56872
chr12	16244172	16444172	harbor1	chr12	16319440	16319632	SINE/MIR	543	+	96	16319536	75364
chr12	16244172	16444172	harbor1	chr12	16326814	16326953	SINE/MIR	433	+	70	16326884	82712
chr12	32739466	32939466	harbor1	chr12	32773313	32773486	SINE/MIR	556	+	86	32773399	33933
chr12	32739466	32939466	harbor1	chr12	32800477	32800722	SINE/MIR	658	+	122	32800599	61133
chr12	32739466	32939466	harbor1	chr12	32822170	32822389	SINE/MIR	638	+	110	32822280	82814
chr12	32739466	32939466	harbor1	chr12	32837250	32837492	SINE/MIR	817	+	121	32837371	97905
chr12	114095397	114295397	harbor1	chr12	114184321	114184505	SINE/MIR	555	+	92	114184413	89016
chr12	114095397	114295397	harbor1	chr12	114185797	114185968	SINE/MIR	710	+	86	114185883	90486
chr12	114095397	114295397	harbor1	chr12	114188765	114188954	SINE/MIR	539	+	94	114188859	93462
chr12	114095397	114295397	harbor1	chr12	114194581	114194834	SINE/MIR	545	+	126	114194707	99310
chr12	31094007	31294007	harbor1	chr12	31146642	31146853	SINE/MIR	502	+	106	31146748	52741
chr12	31094007	31294007	harbor1	chr12	31156576	31156800	SINE/MIR	536	+	112	31156688	62681
chr12	31094007	31294007	harbor1	chr12	31169201	31169429	SINE/MIR	688	+	114	31169315	75308
chr12	31094007	31294007	harbor1	chr12	31187555	31187725	SINE/MIR	652	+	85	31187640	93633
chr12	3323047	3523047	harbor1	chr12	3327017	3327199	SINE/MIR	595	+	91	3327108	4061
chr12	3323047	3523047	harbor1	chr12	3337810	3338039	SINE/MIR	951	+	114	3337924	14877
chr12	3323047	3523047	harbor1	chr12	3339332	3339449	SINE/MIR	495	+	58	3339390	16343
chr12	3323047	3523047	harbor1	chr12	3347609	3347799	SINE/MIR	631	+	95	3347704	24657
chr12	3323047	3523047	harbor1	chr12	3357438	3357657	SINE/MIR	831	+	110	3357548	34501
chr12	3323047	3523047	harbor1	chr12	3417880	3418106	SINE/MIR	941	+	113	3417993	94946
chr12	3323047	3523047	harbor1	chr12	3420279	3420379	SINE/MIR	416	+	50	3420329	97282
chr12	95402324	95602324	harbor1	chr12	95408420	95408469	SINE/MIR	515	+	24	95408444	6120
chr12	95402324	95602324	harbor1	chr12	95408788	95408984	SINE/MIR	515	+	98	95408886	6562
chr12	95402324	95602324	harbor1	chr12	95415283	95415510	SINE/MIR	479	+	114	95415397	13073
chr12	95402324	95602324	harbor1	chr12	95486940	95487131	SINE/MIR	659	+	96	95487036	84712
chr12	96932037	97132037	harbor1	chr12	96938888	96939056	SINE/MIR	442	+	84	96938972	6935
chr12	96932037	97132037	harbor1	chr12	96951069	96951315	SINE/MIR	663	+	123	96951192	19155
chr12	96932037	97132037	harbor1	chr12	96980285	96980519	SINE/MIR	781	+	117	96980402	48365
chr12	96932037	97132037	harbor1	chr12	97018667	97018875	SINE/MIR	466	+	104	97018771	86734
chr12	96932037	97132037	harbor1	chr12	97026164	97026396	SINE/MIR	673	+	116	97026280	94243
chr12	96932037	97132037	harbor1	chr12	97030284	97030420	SINE/MIR	873	+	68	97030352	98315
chr12	96932037	97132037	harbor1	chr12	97030974	97031082	SINE/MIR	873	+	54	97031028	98991
chr12	131564005	131764005	harbor1	chr12	131620093	131620268	SINE/MIR	440	+	88	131620181	56176
chr12	54201605	54401605	harbor1	chr12	54207091	54207280	SINE/MIR	516	+	94	54207185	5580
chr12	54201605	54401605	harbor1	chr12	54208952	54209100	SINE/MIR	476	+	74	54209026	7421
chr12	54201605	54401605	harbor1	chr12	54219152	54219345	SINE/MIR	484	+	96	54219248	17643
chr12	54201605	54401605	harbor1	chr12	54296701	54296856	SINE/MIR	822	+	78	54296779	95174
chr12	60476615	60676615	harbor1	chr12	60491020	60491205	SINE/MIR	450	+	92	60491112	14497
chr12	60476615	60676615	harbor1	chr12	60493677	60493800	SINE/MIR	557	+	62	60493739	17124
chr12	60476615	60676615	harbor1	chr12	60520599	60520892	SINE/MIR	444	+	146	60520745	44130
chr12	5847612	6047612	harbor1	chr12	5858567	5858722	SINE/MIR	464	+	78	5858645	11033
chr12	5847612	6047612	harbor1	chr12	5868280	5868553	SINE/MIR	709	+	136	5868416	20804
chr12	5847612	6047612	harbor1	chr12	5877490	5877658	SINE/MIR	571	+	84	5877574	29962
chr12	5847612	6047612	harbor1	chr12	5883615	5883808	SINE/MIR	449	+	96	5883711	36099
chr12	5847612	6047612	harbor1	chr12	5905290	5905416	SINE/MIR	421	+	63	5905353	57741
chr12	5847612	6047612	harbor1	chr12	5923860	5924037	SINE/MIR	475	+	88	5923948	76336
chr12	43246758	43446758	harbor1	chr12	43273586	43273754	SINE/MIR	518	+	84	43273670	26912
chr12	41060567	41260567	harbor1	chr12	41068102	41068264	SINE/MIR	463	+	81	41068183	7616
chr12	41060567	41260567	harbor1	chr12	41074775	41074916	SINE/MIR	467	+	70	41074845	14278
chr12	41060567	41260567	harbor1	chr12	41124733	41124818	SINE/MIR	733	+	42	41124775	64208
chr12	41060567	41260567	harbor1	chr12	41125181	41125272	SINE/MIR	733	+	46	41125227	64660
chr12	68968222	69168222	harbor1	chr12	69062414	69062642	SINE/MIR	527	+	114	69062528	94306
chr12	68968222	69168222	harbor1	chr12	69064775	69064906	SINE/MIR	551	+	66	69064841	96619
chr12	68968222	69168222	harbor1	chr12	69067025	69067087	SINE/MIR	737	+	31	69067056	98834
chr12	68968222	69168222	harbor1	chr12	69067278	69067478	SINE/MIR	737	+	100	69067378	99156
chr12	81240188	81440188	harbor1	chr12	81289037	81289212	SINE/MIR	698	+	88	81289125	48937
chr12	128985440	129185440	harbor1	chr12	129010790	129010959	SINE/MIR	591	+	84	129010874	25434
chr12	128985440	129185440	harbor1	chr12	129011320	129011362	SINE/MIR	591	+	21	129011341	25901
chr12	128985440	129185440	harbor1	chr12	129050494	129050734	SINE/MIR	558	+	120	129050614	65174
chr12	38249101	38449101	harbor1	chr12	38318829	38319064	SINE/MIR	857	+	118	38318947	69846
chr12	132474048	132674048	harbor1	chr12	132524892	132525039	SINE/MIR	462	+	74	132524966	50918
chr12	6746426	6946426	harbor1	chr12	6779432	6779597	SINE/MIR	467	+	82	6779514	33088
chr12	6746426	6946426	harbor1	chr12	6784348	6784483	SINE/MIR	467	+	68	6784416	37990
chr12	6746426	6946426	harbor1	chr12	6784767	6784879	SINE/MIR	467	+	56	6784823	38397
chr12	6746426	6946426	harbor1	chr12	6813761	6813940	SINE/MIR	474	+	90	6813851	67425
chr12	6746426	6946426	harbor1	chr12	6815519	6815722	SINE/MIR	733	+	102	6815621	69195
chr12	6746426	6946426	harbor1	chr12	6833212	6833414	SINE/MIR	587	+	101	6833313	86887
chr12	6746426	6946426	harbor1	chr12	6835130	6835287	SINE/MIR	757	+	78	6835208	88782
chr12	59480829	59680829	harbor1	chr12	59501143	59501352	SINE/MIR	730	+	104	59501247	20418
chr12	49279687	49479687	harbor1	chr12	49288703	49288878	SINE/MIR	787	+	88	49288791	9104
chr12	49279687	49479687	harbor1	chr12	49326415	49326647	SINE/MIR	624	+	116	49326531	46844
chr12	49279687	49479687	harbor1	chr12	49333333	49333537	SINE/MIR	648	+	102	49333435	53748
chr12	49279687	49479687	harbor1	chr12	49361770	49361950	SINE/MIR	540	+	90	49361860	82173
chr12	49279687	49479687	harbor1	chr12	49377780	49377952	SINE/MIR	499	+	86	49377866	98179
chr12	117274781	117474781	harbor1	chr12	117301962	117302178	SINE/MIR	797	+	108	117302070	27289
chr12	117274781	117474781	harbor1	chr12	117315662	117315861	SINE/MIR	549	+	100	117315762	40981
chr12	117274781	117474781	harbor1	chr12	117323419	117323549	SINE/MIR	507	+	65	117323484	48703
chr12	117274781	117474781	harbor1	chr12	117324112	117324310	SINE/MIR	421	+	99	117324211	49430
chr12	117274781	117474781	harbor1	chr12	117340349	117340509	SINE/MIR	601	+	80	117340429	65648
chr12	117274781	117474781	harbor1	chr12	117343464	117343648	SINE/MIR	509	+	92	117343556	68775
chr12	117274781	117474781	harbor1	chr12	117348289	117348470	SINE/MIR	556	+	90	117348379	73598
chr12	117274781	117474781	harbor1	chr12	117357460	117357620	SINE/MIR	527	+	80	117357540	82759
chr12	117274781	117474781	harbor1	chr12	117365438	117365658	SINE/MIR	450	+	110	117365548	90767
chr12	117274781	117474781	harbor1	chr12	117368428	117368568	SINE/MIR	439	+	70	117368498	93717
chr12	117274781	117474781	harbor1	chr12	117369147	117369401	SINE/MIR	1013	+	127	117369274	94493
chr12	117274781	117474781	harbor1	chr12	117372097	117372238	SINE/MIR	508	+	70	117372167	97386
chr12	79388972	79588972	harbor1	chr12	79406657	79406882	SINE/MIR	831	+	112	79406769	17797
chr12	79388972	79588972	harbor1	chr12	79406905	79407128	SINE/MIR	754	+	112	79407017	18045
chr12	79388972	79588972	harbor1	chr12	79428043	79428182	SINE/MIR	418	+	70	79428113	39141
chr12	47719336	47919336	harbor1	chr12	47722285	47722540	SINE/MIR	1185	+	128	47722413	3077
chr12	47719336	47919336	harbor1	chr12	47730769	47731017	SINE/MIR	972	+	124	47730893	11557
chr12	47719336	47919336	harbor1	chr12	47752485	47752738	SINE/MIR	767	+	126	47752611	33275
chr12	47719336	47919336	harbor1	chr12	47754442	47754687	SINE/MIR	895	+	122	47754564	35228
chr12	47719336	47919336	harbor1	chr12	47755141	47755389	SINE/MIR	1068	+	124	47755265	35929
chr12	47719336	47919336	harbor1	chr12	47788725	47788937	SINE/MIR	468	+	106	47788831	69495
chr12	4705794	4905794	harbor1	chr12	4722307	4722523	SINE/MIR	471	+	108	4722415	16621
chr12	4705794	4905794	harbor1	chr12	4742012	4742161	SINE/MIR	551	+	74	4742086	36292
chr12	4705794	4905794	harbor1	chr12	4743591	4743778	SINE/MIR	695	+	94	4743685	37891
chr12	4705794	4905794	harbor1	chr12	4766214	4766447	SINE/MIR	561	+	116	4766330	60536
chr12	4705794	4905794	harbor1	chr12	4786495	4786643	SINE/MIR	590	+	74	4786569	80775
chr12	4705794	4905794	harbor1	chr12	4789079	4789300	SINE/MIR	447	+	110	4789189	83395
chr12	71993183	72193183	harbor1	chr12	72006119	72006212	SINE/MIR	1049	+	46	72006165	12982
chr12	71993183	72193183	harbor1	chr12	72006769	72006931	SINE/MIR	1049	+	81	72006850	13667
chr12	71993183	72193183	harbor1	chr12	72016023	72016215	SINE/MIR	671	+	96	72016119	22936
chr12	71993183	72193183	harbor1	chr12	72050157	72050386	SINE/MIR	1012	+	114	72050271	57088
chr12	71993183	72193183	harbor1	chr12	72063637	72063833	SINE/MIR	767	+	98	72063735	70552
chr12	71993183	72193183	harbor1	chr12	72074313	72074545	SINE/MIR	920	+	116	72074429	81246
chr12	12316099	12516099	harbor1	chr12	12325624	12325758	SINE/MIR	496	+	67	12325691	9592
chr12	12316099	12516099	harbor1	chr12	12392495	12392717	SINE/MIR	577	+	111	12392606	76507
chr12	2044271	2244271	harbor1	chr12	2049172	2049377	SINE/MIR	738	+	102	2049274	5003
chr12	2044271	2244271	harbor1	chr12	2050235	2050479	SINE/MIR	776	+	122	2050357	6086
chr12	2044271	2244271	harbor1	chr12	2083455	2083683	SINE/MIR	418	+	114	2083569	39298
chr12	2044271	2244271	harbor1	chr12	2088388	2088615	SINE/MIR	812	+	114	2088502	44231
chr12	2044271	2244271	harbor1	chr12	2118463	2118667	SINE/MIR	551	+	102	2118565	74294
chr12	2044271	2244271	harbor1	chr12	2119060	2119234	SINE/MIR	627	+	87	2119147	74876
chr12	2044271	2244271	harbor1	chr12	2123799	2123964	SINE/MIR	734	+	82	2123881	79610
chr12	2044271	2244271	harbor1	chr12	2137184	2137390	SINE/MIR	549	+	103	2137287	93016
chr12	2044271	2244271	harbor1	chr12	2140460	2140662	SINE/MIR	427	+	101	2140561	96290
chr12	128058448	128258448	harbor1	chr12	128078130	128078318	SINE/MIR	550	+	94	128078224	19776
chr12	128058448	128258448	harbor1	chr12	128146473	128146625	SINE/MIR	468	+	76	128146549	88101
chr12	128058448	128258448	harbor1	chr12	128156917	128157126	SINE/MIR	497	+	104	128157021	98573
chr12	94056979	94256979	harbor1	chr12	94072616	94072781	SINE/MIR	421	+	82	94072698	15719
chr12	94056979	94256979	harbor1	chr12	94077281	94077464	SINE/MIR	721	+	92	94077373	20394
chr12	94056979	94256979	harbor1	chr12	94094088	94094296	SINE/MIR	640	+	104	94094192	37213
chr12	94056979	94256979	harbor1	chr12	94103659	94103829	SINE/MIR	455	+	85	94103744	46765
chr12	94056979	94256979	harbor1	chr12	94107250	94107383	SINE/MIR	507	+	66	94107316	50337
chr12	94056979	94256979	harbor1	chr12	94109808	94110019	SINE/MIR	670	+	106	94109914	52935
chr12	94056979	94256979	harbor1	chr12	94116283	94116542	SINE/MIR	898	+	130	94116413	59434
chr12	94056979	94256979	harbor1	chr12	94138181	94138388	SINE/MIR	457	+	104	94138285	81306
chr12	94056979	94256979	harbor1	chr12	94147624	94147847	SINE/MIR	697	+	112	94147736	90757
chr12	94056979	94256979	harbor1	chr12	94155986	94156198	SINE/MIR	622	+	106	94156092	99113
chr12	65208481	65408481	harbor1	chr12	65276587	65276742	SINE/MIR	522	+	78	65276665	68184
chr12	65208481	65408481	harbor1	chr12	65292237	65292418	SINE/MIR	549	+	90	65292327	83846
chr12	65208481	65408481	harbor1	chr12	65305478	65305743	SINE/MIR	850	+	132	65305610	97129
chr12	65208481	65408481	harbor1	chr12	65308011	65308241	SINE/MIR	649	+	115	65308126	99645
chr12	32406090	32606090	harbor1	chr12	32435290	32435486	SINE/MIR	426	+	98	32435388	29298
chr12	32406090	32606090	harbor1	chr12	32500104	32500332	SINE/MIR	545	+	114	32500218	94128
chr12	95882915	96082915	harbor1	chr12	95958574	95958759	SINE/MIR	510	+	92	95958666	75751
chr12	95882915	96082915	harbor1	chr12	95979771	95979978	SINE/MIR	486	+	104	95979875	96960
chr12	91960114	92160114	harbor1	chr12	91962277	91962425	SINE/MIR	511	+	74	91962351	2237
chr12	91960114	92160114	harbor1	chr12	91966163	91966359	SINE/MIR	643	+	98	91966261	6147
chr12	91960114	92160114	harbor1	chr12	91967444	91967694	SINE/MIR	600	+	125	91967569	7455
chr12	91960114	92160114	harbor1	chr12	91980041	91980265	SINE/MIR	885	+	112	91980153	20039
chr12	91960114	92160114	harbor1	chr12	91987154	91987403	SINE/MIR	683	+	124	91987278	27164
chr12	91960114	92160114	harbor1	chr12	92037394	92037624	SINE/MIR	640	+	115	92037509	77395
chr12	91960114	92160114	harbor1	chr12	92043630	92043799	SINE/MIR	460	+	84	92043714	83600
chr12	91960114	92160114	harbor1	chr12	92058187	92058390	SINE/MIR	620	+	102	92058289	98175
chr12	109735929	109935929	harbor1	chr12	109777378	109777521	SINE/MIR	466	+	72	109777450	41521
chr12	109735929	109935929	harbor1	chr12	109791785	109791948	SINE/MIR	547	+	82	109791867	55938
chr12	109735929	109935929	harbor1	chr12	109815144	109815358	SINE/MIR	455	+	107	109815251	79322
chr12	109735929	109935929	harbor1	chr12	109816276	109816469	SINE/MIR	721	+	96	109816372	80443
chr12	109735929	109935929	harbor1	chr12	109820387	109820516	SINE/MIR	455	+	64	109820451	84522
chr12	109735929	109935929	harbor1	chr12	109820823	109820919	SINE/MIR	455	+	48	109820871	84942
chr12	109735929	109935929	harbor1	chr12	109822651	109822891	SINE/MIR	678	+	120	109822771	86842
chr12	109735929	109935929	harbor1	chr12	109824877	109824981	SINE/MIR	498	+	52	109824929	89000
chr12	109735929	109935929	harbor1	chr12	109826717	109826870	SINE/MIR	548	+	76	109826793	90864
chr12	109735929	109935929	harbor1	chr12	109828748	109828874	SINE/MIR	495	+	63	109828811	92882
chr12	109735929	109935929	harbor1	chr12	109830211	109830424	SINE/MIR	508	+	106	109830317	94388
chr12	10368295	10568295	harbor1	chr12	10452367	10452558	SINE/MIR	435	+	96	10452463	84168
chr12	124871176	125071176	harbor1	chr12	124874274	124874405	SINE/MIR	499	+	66	124874340	3164
chr12	124871176	125071176	harbor1	chr12	124958438	124958614	SINE/MIR	543	+	88	124958526	87350
chr12	109820035	110020035	harbor1	chr12	109820387	109820516	SINE/MIR	455	+	64	109820451	416
chr12	109820035	110020035	harbor1	chr12	109820823	109820919	SINE/MIR	455	+	48	109820871	836
chr12	109820035	110020035	harbor1	chr12	109822651	109822891	SINE/MIR	678	+	120	109822771	2736
chr12	109820035	110020035	harbor1	chr12	109824877	109824981	SINE/MIR	498	+	52	109824929	4894
chr12	109820035	110020035	harbor1	chr12	109826717	109826870	SINE/MIR	548	+	76	109826793	6758
chr12	109820035	110020035	harbor1	chr12	109828748	109828874	SINE/MIR	495	+	63	109828811	8776
chr12	109820035	110020035	harbor1	chr12	109830211	109830424	SINE/MIR	508	+	106	109830317	10282
chr12	109820035	110020035	harbor1	chr12	109839282	109839525	SINE/MIR	586	+	122	109839404	19369
chr12	109820035	110020035	harbor1	chr12	109852894	109853120	SINE/MIR	871	+	113	109853007	32972
chr12	109820035	110020035	harbor1	chr12	109858084	109858269	SINE/MIR	831	+	92	109858176	38141
chr12	109820035	110020035	harbor1	chr12	109861273	109861467	SINE/MIR	531	+	97	109861370	41335
chr12	109820035	110020035	harbor1	chr12	109861759	109861814	SINE/MIR	531	+	28	109861787	41752
chr12	109820035	110020035	harbor1	chr12	109870043	109870159	SINE/MIR	540	+	58	109870101	50066
chr12	109820035	110020035	harbor1	chr12	109874142	109874290	SINE/MIR	487	+	74	109874216	54181
chr12	109820035	110020035	harbor1	chr12	109896337	109896521	SINE/MIR	654	+	92	109896429	76394
chr12	109820035	110020035	harbor1	chr12	109897027	109897232	SINE/MIR	560	+	102	109897129	77094
chr12	16131282	16331282	harbor1	chr12	16132814	16133051	SINE/MIR	654	+	118	16132932	1650
chr12	16131282	16331282	harbor1	chr12	16158288	16158431	SINE/MIR	430	+	72	16158360	27078
chr12	16131282	16331282	harbor1	chr12	16161268	16161451	SINE/MIR	582	+	92	16161360	30078
chr12	16131282	16331282	harbor1	chr12	16166130	16166358	SINE/MIR	460	+	114	16166244	34962
chr12	16131282	16331282	harbor1	chr12	16168529	16168770	SINE/MIR	968	+	120	16168649	37367
chr12	16131282	16331282	harbor1	chr12	16185495	16185734	SINE/MIR	608	+	120	16185615	54333
chr12	16131282	16331282	harbor1	chr12	16186465	16186716	SINE/MIR	707	+	126	16186591	55309
chr12	16131282	16331282	harbor1	chr12	16197431	16197648	SINE/MIR	619	+	108	16197539	66257
chr12	16131282	16331282	harbor1	chr12	16206143	16206367	SINE/MIR	497	+	112	16206255	74973
chr12	16131282	16331282	harbor1	chr12	16217438	16217693	SINE/MIR	741	+	128	16217566	86284
chr12	116802124	117002124	harbor1	chr12	116810954	116811113	SINE/MIR	698	+	80	116811034	8910
chr12	116802124	117002124	harbor1	chr12	116811253	116811366	SINE/MIR	698	+	56	116811309	9185
chr12	116802124	117002124	harbor1	chr12	116813774	116814000	SINE/MIR	550	+	113	116813887	11763
chr12	116802124	117002124	harbor1	chr12	116816586	116816754	SINE/MIR	565	+	84	116816670	14546
chr12	116802124	117002124	harbor1	chr12	116822424	116822543	SINE/MIR	564	+	60	116822484	20360
chr12	116802124	117002124	harbor1	chr12	116836401	116836510	SINE/MIR	558	+	54	116836455	34331
chr12	116802124	117002124	harbor1	chr12	116856709	116856980	SINE/MIR	777	+	136	116856845	54721
chr12	116802124	117002124	harbor1	chr12	116883528	116883702	SINE/MIR	424	+	87	116883615	81491
chr12	116802124	117002124	harbor1	chr12	116884019	116884053	SINE/MIR	424	+	17	116884036	81912
chr12	116802124	117002124	harbor1	chr12	116887340	116887571	SINE/MIR	795	+	116	116887456	85332
chr12	110452826	110652826	harbor1	chr12	110508113	110508326	SINE/MIR	504	+	106	110508219	55393
chr12	110452826	110652826	harbor1	chr12	110524053	110524280	SINE/MIR	537	+	114	110524167	71341
chr12	110452826	110652826	harbor1	chr12	110547239	110547461	SINE/MIR	855	+	111	110547350	94524
chr12	109413647	109613647	harbor1	chr12	109478030	109478228	SINE/MIR	504	+	99	109478129	64482
chr12	109413647	109613647	harbor1	chr12	109507172	109507393	SINE/MIR	794	+	110	109507282	93635
chr12	109413647	109613647	harbor1	chr12	109508058	109508458	SINE/MIR	670	+	200	109508258	94611
chr12	131823977	132023977	harbor1	chr12	131827685	131827875	SINE/MIR	610	+	95	131827780	3803
chr12	131823977	132023977	harbor1	chr12	131833523	131833708	SINE/MIR	537	+	92	131833615	9638
chr12	131823977	132023977	harbor1	chr12	131893503	131893647	SINE/MIR	448	+	72	131893575	69598
chr12	14085140	14285140	harbor1	chr12	14148681	14148907	SINE/MIR	529	+	113	14148794	63654
chr12	14085140	14285140	harbor1	chr12	14164514	14164604	SINE/MIR	488	+	45	14164559	79419
chr12	14085140	14285140	harbor1	chr12	14164926	14165046	SINE/MIR	488	+	60	14164986	79846
chr12	1	136307	harbor1	chr12	26128	26313	SINE/MIR	417	+	92	26220	26219
chr12	1	136307	harbor1	chr12	34893	35089	SINE/MIR	615	+	98	34991	34990
chr12	1	136307	harbor1	chr12	48133	48267	SINE/MIR	564	+	67	48200	48199
chr12	1	136307	harbor1	chr12	73201	73418	SINE/MIR	567	+	108	73309	73308
chr12	1	136307	harbor1	chr12	78621	78838	SINE/MIR	571	+	108	78729	78728
chr12	75023940	75223940	harbor1	chr12	75097698	75097871	SINE/MIR	461	+	86	75097784	73844
chr13	49047700	49247700	harbor1	chr13	49076142	49076251	SINE/MIR	634	+	54	49076196	28496
chr13	49047700	49247700	harbor1	chr13	49076544	49076688	SINE/MIR	634	+	72	49076616	28916
chr13	49047700	49247700	harbor1	chr13	49112646	49112833	SINE/MIR	585	+	94	49112740	65040
chr13	49047700	49247700	harbor1	chr13	49126620	49126805	SINE/MIR	856	+	92	49126712	79012
chr13	49047700	49247700	harbor1	chr13	49141895	49142078	SINE/MIR	422	+	92	49141987	94287
chr13	102769710	102969710	harbor1	chr13	102823316	102823516	SINE/MIR	437	+	100	102823416	53706
chr13	102769710	102969710	harbor1	chr13	102857261	102857461	SINE/MIR	555	+	100	102857361	87651
chr13	102769710	102969710	harbor1	chr13	102860561	102860795	SINE/MIR	770	+	117	102860678	90968
chr13	102769710	102969710	harbor1	chr13	102842160	102842371	SINE/MIR	668	+	106	102842266	72556
chr13	35662478	35862478	harbor1	chr13	35677496	35677654	SINE/MIR	447	+	79	35677575	15097
chr13	35662478	35862478	harbor1	chr13	35715508	35715662	SINE/MIR	430	+	77	35715585	53107
chr13	35662478	35862478	harbor1	chr13	35729089	35729327	SINE/MIR	649	+	119	35729208	66730
chr13	80515001	80715001	harbor1	chr13	80564189	80564376	SINE/MIR	471	+	94	80564283	49282
chr13	80515001	80715001	harbor1	chr13	80564545	80564769	SINE/MIR	508	+	112	80564657	49656
chr13	80515001	80715001	harbor1	chr13	80595527	80595751	SINE/MIR	519	+	112	80595639	80638
chr13	113208809	113408809	harbor1	chr13	113274262	113274413	SINE/MIR	421	+	76	113274338	65529
chr13	113208809	113408809	harbor1	chr13	113302775	113302964	SINE/MIR	471	+	94	113302869	94060
chr13	69735301	69935301	harbor1	chr13	69748165	69748247	SINE/MIR	461	+	41	69748206	12905
chr13	69735301	69935301	harbor1	chr13	69748603	69748762	SINE/MIR	461	+	80	69748683	13382
chr13	69735301	69935301	harbor1	chr13	69751986	69752137	SINE/MIR	685	+	76	69752062	16761
chr13	69735301	69935301	harbor1	chr13	69776374	69776525	SINE/MIR	555	+	76	69776450	41149
chr13	35447407	35647407	harbor1	chr13	35464557	35464761	SINE/MIR	595	+	102	35464659	17252
chr13	35447407	35647407	harbor1	chr13	35525620	35525666	SINE/MIR	430	+	23	35525643	78236
chr13	35447407	35647407	harbor1	chr13	35525994	35526195	SINE/MIR	430	+	100	35526094	78687
chr13	73014938	73214938	harbor1	chr13	73107317	73107516	SINE/MIR	452	+	100	73107417	92479
chr13	73014938	73214938	harbor1	chr13	73113083	73113288	SINE/MIR	542	+	102	73113185	98247
chr13	51279069	51479069	harbor1	chr13	51288739	51288873	SINE/MIR	451	+	67	51288806	9737
chr13	51279069	51479069	harbor1	chr13	51317537	51317697	SINE/MIR	527	+	80	51317617	38548
chr13	51279069	51479069	harbor1	chr13	51317990	51318028	SINE/MIR	527	+	19	51318009	38940
chr13	51279069	51479069	harbor1	chr13	51337572	51337797	SINE/MIR	836	+	112	51337684	58615
chr13	51279069	51479069	harbor1	chr13	51342312	51342489	SINE/MIR	550	+	88	51342400	63331
chr13	51279069	51479069	harbor1	chr13	51345985	51346157	SINE/MIR	526	+	86	51346071	67002
chr13	51279069	51479069	harbor1	chr13	51354201	51354454	SINE/MIR	855	+	126	51354327	75258
chr13	108040563	108240563	harbor1	chr13	108100166	108100428	SINE/MIR	582	+	131	108100297	59734
chr13	108040563	108240563	harbor1	chr13	108137902	108138079	SINE/MIR	487	+	88	108137990	97427
chr13	92008256	92208256	harbor1	chr13	92084537	92084734	SINE/MIR	594	+	98	92084635	76379
chr13	26637409	26837409	harbor1	chr13	26666439	26666617	SINE/MIR	469	+	89	26666528	29119
chr13	26637409	26837409	harbor1	chr13	26666891	26666935	SINE/MIR	469	+	22	26666913	29504
chr13	26637409	26837409	harbor1	chr13	26700674	26700820	SINE/MIR	485	+	73	26700747	63338
chr13	26637409	26837409	harbor1	chr13	26711050	26711243	SINE/MIR	552	+	96	26711146	73737
chr13	58607680	58807680	harbor1	chr13	58651058	58651236	SINE/MIR	439	+	89	58651147	43467
chr13	25574448	25774448	harbor1	chr13	25661976	25662215	SINE/MIR	976	+	120	25662096	87648
chr13	76633960	76833960	harbor1	chr13	76634663	76634862	SINE/MIR	569	+	100	76634763	803
chr13	76633960	76833960	harbor1	chr13	76640101	76640348	SINE/MIR	763	+	124	76640225	6265
chr13	34855318	35055318	harbor1	chr13	34857208	34857448	SINE/MIR	472	+	120	34857328	2010
chr13	34855318	35055318	harbor1	chr13	34863874	34864099	SINE/MIR	570	+	112	34863986	8668
chr13	34855318	35055318	harbor1	chr13	34893031	34893178	SINE/MIR	433	+	74	34893105	37787
chr13	34855318	35055318	harbor1	chr13	34908119	34908273	SINE/MIR	603	+	77	34908196	52878
chr13	34855318	35055318	harbor1	chr13	34924816	34925062	SINE/MIR	754	+	123	34924939	69621
chr13	34855318	35055318	harbor1	chr13	34934662	34934860	SINE/MIR	473	+	99	34934761	79443
chr13	102768648	102968648	harbor1	chr13	102823316	102823516	SINE/MIR	437	+	100	102823416	54768
chr13	102768648	102968648	harbor1	chr13	102857261	102857461	SINE/MIR	555	+	100	102857361	88713
chr13	102768648	102968648	harbor1	chr13	102860561	102860795	SINE/MIR	770	+	117	102860678	92030
chr13	102768648	102968648	harbor1	chr13	102842160	102842371	SINE/MIR	668	+	106	102842266	73618
chr13	25295822	25495822	harbor1	chr13	25315834	25315990	SINE/MIR	509	+	78	25315912	20090
chr13	25295822	25495822	harbor1	chr13	25324437	25324607	SINE/MIR	456	+	85	25324522	28700
chr13	25295822	25495822	harbor1	chr13	25349311	25349528	SINE/MIR	640	+	108	25349419	53597
chr13	25295822	25495822	harbor1	chr13	25385298	25385497	SINE/MIR	729	+	100	25385398	89576
chr13	24208292	24408292	harbor1	chr13	24234886	24235069	SINE/MIR	503	+	92	24234978	26686
chr13	24208292	24408292	harbor1	chr13	24243482	24243714	SINE/MIR	596	+	116	24243598	35306
chr13	24208292	24408292	harbor1	chr13	24247277	24247446	SINE/MIR	460	+	84	24247361	39069
chr13	24208292	24408292	harbor1	chr13	24277561	24277675	SINE/MIR	428	+	57	24277618	69326
chr13	24208292	24408292	harbor1	chr13	24278242	24278419	SINE/MIR	513	+	88	24278330	70038
chr13	46299481	46499481	harbor1	chr13	46325822	46326008	SINE/MIR	528	+	93	46325915	26434
chr13	46299481	46499481	harbor1	chr13	46341783	46341922	SINE/MIR	501	+	70	46341853	42372
chr13	52264859	52464859	harbor1	chr13	52360169	52360388	SINE/MIR	847	+	110	52360279	95420
chr13	77680175	77880175	harbor1	chr13	77693083	77693306	SINE/MIR	1033	+	112	77693195	13020
chr13	62205568	62405568	harbor1	chr13	62280926	62281170	SINE/MIR	477	+	122	62281048	75480
chr13	41378341	41578341	harbor1	chr13	41387793	41387870	SINE/MIR	657	+	38	41387831	9490
chr13	41378341	41578341	harbor1	chr13	41388423	41388515	SINE/MIR	656	+	46	41388469	10128
chr13	85492790	85692790	harbor1	chr13	85519165	85519430	SINE/MIR	484	+	132	85519297	26507
chr13	87894965	88094965	harbor1	chr13	87901837	87902022	SINE/MIR	568	+	92	87901929	6964
chr13	81302912	81502912	harbor1	chr13	81347841	81348043	SINE/MIR	537	+	101	81347942	45030
chr13	72836662	73036662	harbor1	chr13	72841354	72841488	SINE/MIR	573	+	67	72841421	4759
chr13	72836662	73036662	harbor1	chr13	72841778	72841866	SINE/MIR	573	+	44	72841822	5160
chr13	72836662	73036662	harbor1	chr13	72849742	72849972	SINE/MIR	1039	+	115	72849857	13195
chr13	72836662	73036662	harbor1	chr13	72852823	72853000	SINE/MIR	524	+	88	72852911	16249
chr13	72836662	73036662	harbor1	chr13	72872004	72872216	SINE/MIR	631	+	106	72872110	35448
chr13	72836662	73036662	harbor1	chr13	72892525	72892698	SINE/MIR	451	+	86	72892611	55949
chr13	97794457	97994457	harbor1	chr13	97800231	97800427	SINE/MIR	617	+	98	97800329	5872
chr13	97794457	97994457	harbor1	chr13	97841093	97841374	SINE/MIR	613	+	140	97841233	46776
chr13	61189938	61389938	harbor1	chr13	61196885	61197100	SINE/MIR	435	+	108	61196993	7055
chr13	61189938	61389938	harbor1	chr13	61261907	61262136	SINE/MIR	500	+	114	61262021	72083
chr13	48058307	48258307	harbor1	chr13	48087951	48088149	SINE/MIR	461	+	99	48088050	29743
chr13	48058307	48258307	harbor1	chr13	48118547	48118772	SINE/MIR	671	+	112	48118659	60352
chr13	29080377	29280377	harbor1	chr13	29109491	29109727	SINE/MIR	799	+	118	29109609	29232
chr13	29080377	29280377	harbor1	chr13	29115704	29115868	SINE/MIR	498	+	82	29115786	35409
chr13	29080377	29280377	harbor1	chr13	29126762	29126977	SINE/MIR	621	+	108	29126870	46493
chr13	29080377	29280377	harbor1	chr13	29156505	29156722	SINE/MIR	518	+	108	29156613	76236
chr13	29080377	29280377	harbor1	chr13	29172102	29172307	SINE/MIR	444	+	102	29172204	91827
chr13	97265963	97465963	harbor1	chr13	97279186	97279376	SINE/MIR	518	+	95	97279281	13318
chr13	97265963	97465963	harbor1	chr13	97310142	97310325	SINE/MIR	419	+	92	97310234	44271
chr13	97265963	97465963	harbor1	chr13	97318025	97318268	SINE/MIR	991	+	122	97318147	52184
chr13	97265963	97465963	harbor1	chr13	97318291	97318498	SINE/MIR	673	+	104	97318395	52432
chr13	97265963	97465963	harbor1	chr13	97321784	97322012	SINE/MIR	604	+	114	97321898	55935
chr13	97265963	97465963	harbor1	chr13	97331553	97331745	SINE/MIR	514	+	96	97331649	65686
chr13	97265963	97465963	harbor1	chr13	97304549	97304761	SINE/MIR	442	+	106	97304655	38692
chr14	73038878	73238878	harbor1	chr14	73055363	73055550	SINE/MIR	665	+	94	73055457	16579
chr14	64159541	64359541	harbor1	chr14	64168484	64168676	SINE/MIR	561	+	96	64168580	9039
chr14	64159541	64359541	harbor1	chr14	64199283	64199453	SINE/MIR	777	+	85	64199368	39827
chr14	64159541	64359541	harbor1	chr14	64199737	64199778	SINE/MIR	777	+	20	64199757	40216
chr14	64159541	64359541	harbor1	chr14	64220976	64221172	SINE/MIR	469	+	98	64221074	61533
chr14	21947518	22147518	harbor1	chr14	22017222	22017361	SINE/MIR	428	+	70	22017292	69774
chr14	23247661	23447661	harbor1	chr14	23281341	23281508	SINE/MIR	597	+	84	23281425	33764
chr14	23247661	23447661	harbor1	chr14	23282014	23282108	SINE/MIR	455	+	47	23282061	34400
chr14	23247661	23447661	harbor1	chr14	23296670	23296837	SINE/MIR	442	+	84	23296754	49093
chr14	23247661	23447661	harbor1	chr14	23298334	23298508	SINE/MIR	750	+	87	23298421	50760
chr14	23247661	23447661	harbor1	chr14	23305297	23305463	SINE/MIR	435	+	83	23305380	57719
chr14	23247661	23447661	harbor1	chr14	23345520	23345666	SINE/MIR	418	+	73	23345593	97932
chr14	23247661	23447661	harbor1	chr14	23281599	23281681	SINE/MIR	455	+	41	23281640	33979
chr14	69846416	70046416	harbor1	chr14	69863376	69863613	SINE/MIR	569	+	118	69863494	17078
chr14	69846416	70046416	harbor1	chr14	69889458	69889618	SINE/MIR	513	+	80	69889538	43122
chr14	69846416	70046416	harbor1	chr14	69890084	69890148	SINE/MIR	513	+	32	69890116	43700
chr14	69846416	70046416	harbor1	chr14	69896278	69896521	SINE/MIR	452	+	122	69896400	49984
chr14	69846416	70046416	harbor1	chr14	69904640	69904835	SINE/MIR	570	+	98	69904738	58322
chr14	69846416	70046416	harbor1	chr14	69918543	69918769	SINE/MIR	757	+	113	69918656	72240
chr14	69846416	70046416	harbor1	chr14	69922083	69922310	SINE/MIR	503	+	114	69922197	75781
chr14	69846416	70046416	harbor1	chr14	69926779	69926890	SINE/MIR	415	+	56	69926835	80419
chr14	69846416	70046416	harbor1	chr14	69934811	69935004	SINE/MIR	662	+	96	69934907	88491
chr14	99359904	99559904	harbor1	chr14	99359947	99360161	SINE/MIR	515	+	107	99360054	150
chr14	99359904	99559904	harbor1	chr14	99364447	99364580	SINE/MIR	472	+	66	99364513	4609
chr14	99359904	99559904	harbor1	chr14	99372673	99372826	SINE/MIR	483	+	76	99372749	12845
chr14	88440908	88640908	harbor1	chr14	88477977	88478112	SINE/MIR	436	+	68	88478045	37137
chr14	88440908	88640908	harbor1	chr14	88493014	88493234	SINE/MIR	541	+	110	88493124	52216
chr14	88440908	88640908	harbor1	chr14	88499464	88499712	SINE/MIR	625	+	124	88499588	58680
chr14	88440908	88640908	harbor1	chr14	88510595	88510828	SINE/MIR	1003	+	116	88510711	69803
chr14	88440908	88640908	harbor1	chr14	88535389	88535553	SINE/MIR	478	+	82	88535471	94563
chr14	88440908	88640908	harbor1	chr14	88538774	88538941	SINE/MIR	660	+	84	88538858	97950
chr14	58959527	59159527	harbor1	chr14	58963440	58963594	SINE/MIR	462	+	77	58963517	3990
chr14	58959527	59159527	harbor1	chr14	58978098	58978302	SINE/MIR	457	+	102	58978200	18673
chr14	58959527	59159527	harbor1	chr14	59035067	59035311	SINE/MIR	609	+	122	59035189	75662
chr14	58959527	59159527	harbor1	chr14	59051620	59051854	SINE/MIR	696	+	117	59051737	92210
chr14	80092088	80292088	harbor1	chr14	80097316	80097443	SINE/MIR	436	+	64	80097380	5292
chr14	80092088	80292088	harbor1	chr14	80097743	80097832	SINE/MIR	436	+	44	80097787	5699
chr14	80092088	80292088	harbor1	chr14	80107070	80107261	SINE/MIR	459	+	96	80107166	15078
chr14	80092088	80292088	harbor1	chr14	80108190	80108424	SINE/MIR	413	+	117	80108307	16219
chr14	80092088	80292088	harbor1	chr14	80170621	80170804	SINE/MIR	514	+	92	80170713	78625
chr14	80997544	81197544	harbor1	chr14	81002306	81002539	SINE/MIR	966	+	116	81002422	4878
chr14	98224347	98424347	harbor1	chr14	98226870	98227021	SINE/MIR	486	+	76	98226946	2599
chr14	98224347	98424347	harbor1	chr14	98283642	98283858	SINE/MIR	518	+	108	98283750	59403
chr14	98224347	98424347	harbor1	chr14	98297119	98297342	SINE/MIR	764	+	112	98297231	72884
chr14	66936800	67136800	harbor1	chr14	66974798	66975037	SINE/MIR	703	+	120	66974918	38118
chr14	66936800	67136800	harbor1	chr14	67002548	67002780	SINE/MIR	622	+	116	67002664	65864
chr14	66936800	67136800	harbor1	chr14	67026076	67026186	SINE/MIR	470	+	55	67026131	89331
chr14	55828373	56028373	harbor1	chr14	55833564	55833777	SINE/MIR	735	+	106	55833670	5297
chr14	55828373	56028373	harbor1	chr14	55870601	55870845	SINE/MIR	946	+	122	55870723	42350
chr14	80691491	80891491	harbor1	chr14	80715744	80715924	SINE/MIR	848	+	90	80715834	24343
chr14	80691491	80891491	harbor1	chr14	80752725	80752859	SINE/MIR	480	+	67	80752792	61301
chr14	80691491	80891491	harbor1	chr14	80760864	80761102	SINE/MIR	542	+	119	80760983	69492
chr14	80691491	80891491	harbor1	chr14	80783315	80783541	SINE/MIR	732	+	113	80783428	91937
chr14	97698129	97898129	harbor1	chr14	97724892	97725089	SINE/MIR	567	+	98	97724990	26861
chr14	97698129	97898129	harbor1	chr14	97725373	97725470	SINE/MIR	567	+	48	97725421	27292
chr14	97698129	97898129	harbor1	chr14	97760922	97761066	SINE/MIR	460	+	72	97760994	62865
chr14	97698129	97898129	harbor1	chr14	97772426	97772624	SINE/MIR	448	+	99	97772525	74396
chr14	69017177	69217177	harbor1	chr14	69033386	69033624	SINE/MIR	521	+	119	69033505	16328
chr14	69017177	69217177	harbor1	chr14	69088217	69088367	SINE/MIR	460	+	75	69088292	71115
chr14	69017177	69217177	harbor1	chr14	69112639	69112792	SINE/MIR	591	+	76	69112715	95538
chr14	76600498	76800498	harbor1	chr14	76620675	76620883	SINE/MIR	515	+	104	76620779	20281
chr14	76600498	76800498	harbor1	chr14	76638041	76638222	SINE/MIR	463	+	90	76638131	37633
chr14	76600498	76800498	harbor1	chr14	76641189	76641410	SINE/MIR	791	+	110	76641299	40801
chr14	76600498	76800498	harbor1	chr14	76648132	76648338	SINE/MIR	479	+	103	76648235	47737
chr14	76600498	76800498	harbor1	chr14	76648540	76648689	SINE/MIR	633	+	74	76648614	48116
chr14	76600498	76800498	harbor1	chr14	76648984	76649026	SINE/MIR	633	+	21	76649005	48507
chr14	76600498	76800498	harbor1	chr14	76667287	76667474	SINE/MIR	728	+	94	76667381	66883
chr14	76600498	76800498	harbor1	chr14	76668783	76669014	SINE/MIR	506	+	116	76668899	68401
chr14	76600498	76800498	harbor1	chr14	76669316	76669478	SINE/MIR	716	+	81	76669397	68899
chr14	76600498	76800498	harbor1	chr14	76669779	76669836	SINE/MIR	716	+	28	76669807	69309
chr14	76600498	76800498	harbor1	chr14	76671081	76671276	SINE/MIR	473	+	98	76671179	70681
chr14	76600498	76800498	harbor1	chr14	76691096	76691283	SINE/MIR	681	+	94	76691190	90692
chr14	76600498	76800498	harbor1	chr14	76677064	76677185	SINE/MIR	497	+	60	76677124	76626
chr14	19605217	19805217	harbor1	chr14	19612448	19612614	SINE/MIR	594	+	83	19612531	7314
chr14	19605217	19805217	harbor1	chr14	19654062	19654261	SINE/MIR	610	+	100	19654162	48945
chr14	19605217	19805217	harbor1	chr14	19686304	19686430	SINE/MIR	528	+	63	19686367	81150
chr14	19605217	19805217	harbor1	chr14	19686849	19687081	SINE/MIR	436	+	116	19686965	81748
chr14	63970607	64170607	harbor1	chr14	63978264	63978427	SINE/MIR	543	+	82	63978346	7739
chr14	63970607	64170607	harbor1	chr14	63991363	63991502	SINE/MIR	434	+	70	63991433	20826
chr14	63970607	64170607	harbor1	chr14	64020798	64020970	SINE/MIR	428	+	86	64020884	50277
chr14	44071563	44271563	harbor1	chr14	44096071	44096301	SINE/MIR	414	+	115	44096186	24623
chr14	44071563	44271563	harbor1	chr14	44128737	44128973	SINE/MIR	495	+	118	44128855	57292
chr14	44071563	44271563	harbor1	chr14	44133261	44133472	SINE/MIR	595	+	106	44133367	61804
chr14	44071563	44271563	harbor1	chr14	44152257	44152438	SINE/MIR	548	+	90	44152347	80784
chr14	87095251	87295251	harbor1	chr14	87102168	87102295	SINE/MIR	414	+	64	87102232	6981
chr14	87095251	87295251	harbor1	chr14	87188288	87188454	SINE/MIR	646	+	83	87188371	93120
chr14	47510042	47710042	harbor1	chr14	47515748	47515905	SINE/MIR	478	+	78	47515826	5784
chr14	47510042	47710042	harbor1	chr14	47556553	47556754	SINE/MIR	512	+	100	47556653	46611
chr14	47510042	47710042	harbor1	chr14	47570404	47570507	SINE/MIR	424	+	52	47570456	60414
chr14	47510042	47710042	harbor1	chr14	47581971	47582132	SINE/MIR	452	+	80	47582051	72009
chr14	47510042	47710042	harbor1	chr14	47585400	47585543	SINE/MIR	483	+	72	47585472	75430
chr14	34236100	34436100	harbor1	chr14	34242049	34242286	SINE/MIR	796	+	118	34242167	6067
chr14	34236100	34436100	harbor1	chr14	34262824	34263058	SINE/MIR	485	+	117	34262941	26841
chr14	34236100	34436100	harbor1	chr14	34264223	34264434	SINE/MIR	411	+	106	34264329	28229
chr14	34236100	34436100	harbor1	chr14	34264733	34264975	SINE/MIR	700	+	121	34264854	28754
chr14	34236100	34436100	harbor1	chr14	34298395	34298607	SINE/MIR	634	+	106	34298501	62401
chr14	34236100	34436100	harbor1	chr14	34307643	34307811	SINE/MIR	493	+	84	34307727	71627
chr14	34236100	34436100	harbor1	chr14	34315621	34315774	SINE/MIR	420	+	76	34315697	79597
chr14	53693796	53893796	harbor1	chr14	53793286	53793424	SINE/MIR	518	+	69	53793355	99559
chr14	62376126	62576126	harbor1	chr14	62383108	62383345	SINE/MIR	481	+	118	62383226	7100
chr14	62376126	62576126	harbor1	chr14	62410274	62410460	SINE/MIR	603	+	93	62410367	34241
chr14	62376126	62576126	harbor1	chr14	62418929	62419069	SINE/MIR	492	+	70	62418999	42873
chr14	62376126	62576126	harbor1	chr14	62420342	62420608	SINE/MIR	571	+	133	62420475	44349
chr14	62376126	62576126	harbor1	chr14	62466415	62466608	SINE/MIR	412	+	96	62466511	90385
chr14	85865398	86065398	harbor1	chr14	85924494	85924633	SINE/MIR	587	+	70	85924564	59166
chr14	51943763	52143763	harbor1	chr14	51962908	51963120	SINE/MIR	669	+	106	51963014	19251
chr14	51943763	52143763	harbor1	chr14	51963686	51963872	SINE/MIR	544	+	93	51963779	20016
chr14	51943763	52143763	harbor1	chr14	51993414	51993522	SINE/MIR	517	+	54	51993468	49705
chr14	51943763	52143763	harbor1	chr14	52011795	52012031	SINE/MIR	608	+	118	52011913	68150
chr14	51943763	52143763	harbor1	chr14	52033862	52034107	SINE/MIR	806	+	122	52033984	90221
chr14	46248771	46448771	harbor1	chr14	46255929	46256158	SINE/MIR	450	+	114	46256043	7272
chr14	78806683	79006683	harbor1	chr14	78841895	78842019	SINE/MIR	503	+	62	78841957	35274
chr14	78806683	79006683	harbor1	chr14	78844441	78844635	SINE/MIR	479	+	97	78844538	37855
chr14	78806683	79006683	harbor1	chr14	78864216	78864471	SINE/MIR	487	+	128	78864344	57661
chr14	78806683	79006683	harbor1	chr14	78876676	78876873	SINE/MIR	651	+	98	78876774	70091
chr14	78806683	79006683	harbor1	chr14	78884734	78884981	SINE/MIR	814	+	124	78884858	78175
chr14	78806683	79006683	harbor1	chr14	78888821	78888839	SINE/MIR	442	+	9	78888830	82147
chr14	78806683	79006683	harbor1	chr14	78888873	78889081	SINE/MIR	442	+	104	78888977	82294
chr14	101489120	101689120	harbor1	chr14	101520368	101520498	SINE/MIR	424	+	65	101520433	31313
chr14	101489120	101689120	harbor1	chr14	101553560	101553685	SINE/MIR	485	+	62	101553622	64502
chr14	66796386	66996386	harbor1	chr14	66823935	66824118	SINE/MIR	416	+	92	66824027	27641
chr14	66796386	66996386	harbor1	chr14	66831555	66831687	SINE/MIR	442	+	66	66831621	35235
chr14	66796386	66996386	harbor1	chr14	66838073	66838266	SINE/MIR	618	+	96	66838169	41783
chr14	86528620	86728620	harbor1	chr14	86553598	86553794	SINE/MIR	417	+	98	86553696	25076
chr14	86528620	86728620	harbor1	chr14	86566452	86566668	SINE/MIR	490	+	108	86566560	37940
chr14	86528620	86728620	harbor1	chr14	86620390	86620574	SINE/MIR	716	+	92	86620482	91862
chr14	93709546	93909546	harbor1	chr14	93709624	93709760	SINE/MIR	497	+	68	93709692	146
chr14	93709546	93909546	harbor1	chr14	93713081	93713293	SINE/MIR	453	+	106	93713187	3641
chr14	93709546	93909546	harbor1	chr14	93725524	93725742	SINE/MIR	961	+	109	93725633	16087
chr14	93709546	93909546	harbor1	chr14	93801096	93801309	SINE/MIR	682	+	106	93801202	91656
chr14	93709546	93909546	harbor1	chr14	93805115	93805306	SINE/MIR	710	+	96	93805211	95665
chr14	39794968	39994968	harbor1	chr14	39796857	39797075	SINE/MIR	556	+	109	39796966	1998
chr14	39794968	39994968	harbor1	chr14	39810500	39810728	SINE/MIR	531	+	114	39810614	15646
chr14	39794968	39994968	harbor1	chr14	39838800	39838987	SINE/MIR	489	+	94	39838894	43926
chr14	39794968	39994968	harbor1	chr14	39882290	39882525	SINE/MIR	698	+	118	39882408	87440
chr14	65202260	65402260	harbor1	chr14	65228578	65228815	SINE/MIR	477	+	118	65228696	26436
chr14	65202260	65402260	harbor1	chr14	65229106	65229258	SINE/MIR	423	+	76	65229182	26922
chr14	65202260	65402260	harbor1	chr14	65261031	65261241	SINE/MIR	727	+	105	65261136	58876
chr14	65202260	65402260	harbor1	chr14	65282879	65283093	SINE/MIR	505	+	107	65282986	80726
chr14	65202260	65402260	harbor1	chr14	65296865	65296889	SINE/MIR	635	+	12	65296877	94617
chr14	65202260	65402260	harbor1	chr14	65297274	65297459	SINE/MIR	635	+	92	65297366	95106
chr14	32591478	32791478	harbor1	chr14	32604562	32604794	SINE/MIR	1044	+	116	32604678	13200
chr14	32591478	32791478	harbor1	chr14	32634090	32634335	SINE/MIR	684	+	122	32634212	42734
chr14	32591478	32791478	harbor1	chr14	32637049	32637213	SINE/MIR	421	+	82	32637131	45653
chr14	32591478	32791478	harbor1	chr14	32661709	32661908	SINE/MIR	732	+	100	32661809	70331
chr14	61209798	61409798	harbor1	chr14	61231081	61231262	SINE/MIR	669	+	90	61231171	21373
chr14	61209798	61409798	harbor1	chr14	61253699	61253895	SINE/MIR	507	+	98	61253797	43999
chr14	61209798	61409798	harbor1	chr14	61271556	61271762	SINE/MIR	793	+	103	61271659	61861
chr14	101471142	101671142	harbor1	chr14	101474634	101474870	SINE/MIR	437	+	118	101474752	3610
chr14	101471142	101671142	harbor1	chr14	101480207	101480392	SINE/MIR	661	+	92	101480299	9157
chr14	101471142	101671142	harbor1	chr14	101520368	101520498	SINE/MIR	424	+	65	101520433	49291
chr14	101471142	101671142	harbor1	chr14	101553560	101553685	SINE/MIR	485	+	62	101553622	82480
chr14	48626883	48826883	harbor1	chr14	48704867	48705041	SINE/MIR	584	+	87	48704954	78071
chr14	58767942	58967942	harbor1	chr14	58771582	58771812	SINE/MIR	654	+	115	58771697	3755
chr14	58767942	58967942	harbor1	chr14	58772850	58773085	SINE/MIR	540	+	118	58772968	5026
chr14	58767942	58967942	harbor1	chr14	58775573	58775758	SINE/MIR	494	+	92	58775665	7723
chr14	58767942	58967942	harbor1	chr14	58820255	58820429	SINE/MIR	536	+	87	58820342	52400
chr14	58767942	58967942	harbor1	chr14	58823457	58823667	SINE/MIR	838	+	105	58823562	55620
chr14	58767942	58967942	harbor1	chr14	58828716	58828936	SINE/MIR	440	+	110	58828826	60884
chr14	58767942	58967942	harbor1	chr14	58829957	58830153	SINE/MIR	421	+	98	58830055	62113
chr14	58767942	58967942	harbor1	chr14	58835252	58835369	SINE/MIR	433	+	58	58835310	67368
chr14	58767942	58967942	harbor1	chr14	58835522	58835699	SINE/MIR	632	+	88	58835610	67668
chr14	58767942	58967942	harbor1	chr14	58844005	58844178	SINE/MIR	595	+	86	58844091	76149
chr14	58767942	58967942	harbor1	chr14	58845281	58845415	SINE/MIR	670	+	67	58845348	77406
chr14	58767942	58967942	harbor1	chr14	58845921	58846037	SINE/MIR	670	+	58	58845979	78037
chr14	58767942	58967942	harbor1	chr14	58851406	58851652	SINE/MIR	738	+	123	58851529	83587
chr14	49047477	49247477	harbor1	chr14	49053136	49053362	SINE/MIR	941	+	113	49053249	5772
chr14	49047477	49247477	harbor1	chr14	49057403	49057629	SINE/MIR	491	+	113	49057516	10039
chr14	49047477	49247477	harbor1	chr14	49115890	49116118	SINE/MIR	1034	+	114	49116004	68527
chr14	27153934	27353934	harbor1	chr14	27185882	27186014	SINE/MIR	446	+	66	27185948	32014
chr14	27153934	27353934	harbor1	chr14	27186787	27187020	SINE/MIR	443	+	116	27186903	32969
chr14	23829601	24029601	harbor1	chr14	23928356	23928541	SINE/MIR	590	+	92	23928448	98847
chr14	28274284	28474284	harbor1	chr14	28322126	28322383	SINE/MIR	721	+	128	28322254	47970
chr14	28274284	28474284	harbor1	chr14	28341474	28341658	SINE/MIR	626	+	92	28341566	67282
chr14	33843256	34043256	harbor1	chr14	33900132	33900348	SINE/MIR	638	+	108	33900240	56984
chr14	33843256	34043256	harbor1	chr14	33922195	33922388	SINE/MIR	461	+	96	33922291	79035
chr14	33843256	34043256	harbor1	chr14	33935116	33935242	SINE/MIR	467	+	63	33935179	91923
chr14	62591670	62791670	harbor1	chr14	62616974	62617138	SINE/MIR	426	+	82	62617056	25386
chr14	62591670	62791670	harbor1	chr14	62649709	62649926	SINE/MIR	432	+	108	62649817	58147
chr14	62591670	62791670	harbor1	chr14	62680468	62680668	SINE/MIR	572	+	100	62680568	88898
chr14	78292435	78492435	harbor1	chr14	78323333	78323547	SINE/MIR	436	+	107	78323440	31005
chr14	78292435	78492435	harbor1	chr14	78326853	78327063	SINE/MIR	545	+	105	78326958	34523
chr14	78292435	78492435	harbor1	chr14	78331981	78332217	SINE/MIR	735	+	118	78332099	39664
chr14	78292435	78492435	harbor1	chr14	78360458	78360700	SINE/MIR	948	+	121	78360579	68144
chr14	78292435	78492435	harbor1	chr14	78365960	78366208	SINE/MIR	851	+	124	78366084	73649
chr14	78292435	78492435	harbor1	chr14	78384409	78384492	SINE/MIR	418	+	42	78384451	92016
chr14	85195821	85395821	harbor1	chr14	85206463	85206708	SINE/MIR	458	+	122	85206585	10764
chr14	85195821	85395821	harbor1	chr14	85291513	85291691	SINE/MIR	521	+	89	85291602	95781
chr14	103994577	104194577	harbor1	chr14	104022765	104022898	SINE/MIR	586	+	66	104022831	28254
chr14	103994577	104194577	harbor1	chr14	104023215	104023267	SINE/MIR	586	+	26	104023241	28664
chr14	94024715	94224715	harbor1	chr14	94025208	94025450	SINE/MIR	735	+	121	94025329	614
chr14	94024715	94224715	harbor1	chr14	94040414	94040590	SINE/MIR	501	+	88	94040502	15787
chr14	94024715	94224715	harbor1	chr14	94048418	94048614	SINE/MIR	595	+	98	94048516	23801
chr14	94024715	94224715	harbor1	chr14	94059353	94059486	SINE/MIR	413	+	66	94059419	34704
chr14	94024715	94224715	harbor1	chr14	94077448	94077685	SINE/MIR	703	+	118	94077566	52851
chr14	94024715	94224715	harbor1	chr14	94079965	94080156	SINE/MIR	450	+	96	94080061	55346
chr14	94024715	94224715	harbor1	chr14	94085261	94085440	SINE/MIR	600	+	90	94085351	60636
chr14	94024715	94224715	harbor1	chr14	94117201	94117356	SINE/MIR	446	+	78	94117279	92564
chr14	90600642	90800642	harbor1	chr14	90614573	90614808	SINE/MIR	740	+	118	90614691	14049
chr14	90600642	90800642	harbor1	chr14	90632672	90632915	SINE/MIR	963	+	122	90632794	32152
chr14	90600642	90800642	harbor1	chr14	90652083	90652314	SINE/MIR	445	+	116	90652199	51557
chr14	90600642	90800642	harbor1	chr14	90662607	90662793	SINE/MIR	530	+	93	90662700	62058
chr14	20373544	20573544	harbor1	chr14	20374628	20374807	SINE/MIR	643	+	90	20374718	1174
chr14	20373544	20573544	harbor1	chr14	20375111	20375165	SINE/MIR	643	+	27	20375138	1594
chr14	20373544	20573544	harbor1	chr14	20375497	20375658	SINE/MIR	609	+	80	20375577	2033
chr14	20373544	20573544	harbor1	chr14	20409612	20409738	SINE/MIR	606	+	63	20409675	36131
chr14	20373544	20573544	harbor1	chr14	20410051	20410158	SINE/MIR	606	+	54	20410105	36561
chr14	20373544	20573544	harbor1	chr14	20421839	20421992	SINE/MIR	491	+	76	20421915	48371
chr14	90075941	90275941	harbor1	chr14	90101077	90101220	SINE/MIR	426	+	72	90101149	25208
chr14	90075941	90275941	harbor1	chr14	90153254	90153505	SINE/MIR	512	+	126	90153380	77439
chr14	90075941	90275941	harbor1	chr14	90166991	90167154	SINE/MIR	578	+	82	90167073	91132
chr14	40228223	40428223	harbor1	chr14	40265655	40265861	SINE/MIR	502	+	103	40265758	37535
chr14	40228223	40428223	harbor1	chr14	40285829	40286072	SINE/MIR	615	+	122	40285951	57728
chr14	82776454	82976454	harbor1	chr14	82796711	82796919	SINE/MIR	450	+	104	82796815	20361
chr14	82776454	82976454	harbor1	chr14	82820137	82820335	SINE/MIR	609	+	99	82820236	43782
chr14	91881643	92081643	harbor1	chr14	91889463	91889685	SINE/MIR	544	+	111	91889574	7931
chr14	91881643	92081643	harbor1	chr14	91910904	91910971	SINE/MIR	498	+	34	91910938	29295
chr14	91881643	92081643	harbor1	chr14	91911285	91911480	SINE/MIR	498	+	98	91911383	29740
chr14	91881643	92081643	harbor1	chr14	91934305	91934509	SINE/MIR	687	+	102	91934407	52764
chr14	91881643	92081643	harbor1	chr14	91941689	91941849	SINE/MIR	428	+	80	91941769	60126
chr14	91881643	92081643	harbor1	chr14	91942659	91942811	SINE/MIR	475	+	76	91942735	61092
chr14	75726123	75926123	harbor1	chr14	75739595	75739822	SINE/MIR	833	+	114	75739709	13586
chr14	75726123	75926123	harbor1	chr14	75768853	75769025	SINE/MIR	422	+	86	75768939	42816
chr14	75726123	75926123	harbor1	chr14	75804733	75804791	SINE/MIR	422	+	29	75804762	78639
chr14	75726123	75926123	harbor1	chr14	75812984	75813194	SINE/MIR	489	+	105	75813089	86966
chr14	75726123	75926123	harbor1	chr14	75813226	75813250	SINE/MIR	489	+	12	75813238	87115
chr14	75726123	75926123	harbor1	chr14	75815777	75815960	SINE/MIR	526	+	92	75815869	89746
chr14	75726123	75926123	harbor1	chr14	75815981	75816175	SINE/MIR	570	+	97	75816078	89955
chr14	75726123	75926123	harbor1	chr14	75816428	75816476	SINE/MIR	570	+	24	75816452	90329
chr14	75726123	75926123	harbor1	chr14	75818927	75819167	SINE/MIR	563	+	120	75819047	92924
chr14	75726123	75926123	harbor1	chr14	75824939	75825149	SINE/MIR	719	+	105	75825044	98921
chr14	33283992	33483992	harbor1	chr14	33297133	33297359	SINE/MIR	771	+	113	33297246	13254
chr14	33283992	33483992	harbor1	chr14	33314300	33314522	SINE/MIR	440	+	111	33314411	30419
chr14	33283992	33483992	harbor1	chr14	33321526	33321756	SINE/MIR	548	+	115	33321641	37649
chr14	33283992	33483992	harbor1	chr14	33326376	33326623	SINE/MIR	447	+	124	33326500	42508
chr14	33283992	33483992	harbor1	chr14	33376664	33376927	SINE/MIR	571	+	132	33376796	92804
chr14	33283992	33483992	harbor1	chr14	33377995	33378219	SINE/MIR	502	+	112	33378107	94115
chr14	89825489	90025489	harbor1	chr14	89845950	89846195	SINE/MIR	925	+	122	89846072	20583
chr14	89825489	90025489	harbor1	chr14	89847782	89847977	SINE/MIR	616	+	98	89847880	22391
chr14	89825489	90025489	harbor1	chr14	89880810	89880965	SINE/MIR	590	+	78	89880888	55399
chr14	89825489	90025489	harbor1	chr14	89889286	89889479	SINE/MIR	602	+	96	89889382	63893
chr14	89825489	90025489	harbor1	chr14	89894938	89895156	SINE/MIR	762	+	109	89895047	69558
chr14	89825489	90025489	harbor1	chr14	89906019	89906172	SINE/MIR	577	+	76	89906095	80606
chr14	89825489	90025489	harbor1	chr14	89906221	89906233	SINE/MIR	577	+	6	89906227	80738
chr14	89825489	90025489	harbor1	chr14	89907789	89908007	SINE/MIR	883	+	109	89907898	82409
chr14	89825489	90025489	harbor1	chr14	89913366	89913535	SINE/MIR	413	+	84	89913450	87961
chr14	89825489	90025489	harbor1	chr14	89920450	89920667	SINE/MIR	730	+	108	89920558	95069
chr14	82787450	82987450	harbor1	chr14	82796711	82796919	SINE/MIR	450	+	104	82796815	9365
chr14	82787450	82987450	harbor1	chr14	82820137	82820335	SINE/MIR	609	+	99	82820236	32786
chr14	76281875	76481875	harbor1	chr14	76296657	76296869	SINE/MIR	850	+	106	76296763	14888
chr14	76281875	76481875	harbor1	chr14	76304306	76304558	SINE/MIR	751	+	126	76304432	22557
chr14	76281875	76481875	harbor1	chr14	76315401	76315600	SINE/MIR	752	+	100	76315501	33626
chr14	76281875	76481875	harbor1	chr14	76318499	76318716	SINE/MIR	609	+	108	76318607	36732
chr14	76281875	76481875	harbor1	chr14	76326324	76326533	SINE/MIR	689	+	104	76326428	44553
chr14	76281875	76481875	harbor1	chr14	76331274	76331417	SINE/MIR	434	+	72	76331346	49471
chr14	76281875	76481875	harbor1	chr14	76333920	76334109	SINE/MIR	846	+	94	76334014	52139
chr14	76281875	76481875	harbor1	chr14	76339275	76339426	SINE/MIR	662	+	76	76339351	57476
chr14	76281875	76481875	harbor1	chr14	76340408	76340582	SINE/MIR	440	+	87	76340495	58620
chr14	76281875	76481875	harbor1	chr14	76343997	76344243	SINE/MIR	741	+	123	76344120	62245
chr14	76281875	76481875	harbor1	chr14	76347248	76347402	SINE/MIR	457	+	77	76347325	65450
chr14	76281875	76481875	harbor1	chr14	76348561	76348662	SINE/MIR	424	+	50	76348611	66736
chr14	76281875	76481875	harbor1	chr14	76352143	76352322	SINE/MIR	455	+	90	76352233	70358
chr14	76281875	76481875	harbor1	chr14	76352536	76352736	SINE/MIR	439	+	100	76352636	70761
chr14	76281875	76481875	harbor1	chr14	76355660	76355798	SINE/MIR	440	+	69	76355729	73854
chr14	83489044	83689044	harbor1	chr14	83519087	83519249	SINE/MIR	466	+	81	83519168	30124
chr14	83489044	83689044	harbor1	chr14	83537337	83537486	SINE/MIR	583	+	74	83537411	48367
chr14	83489044	83689044	harbor1	chr14	83550239	83550464	SINE/MIR	605	+	112	83550351	61307
chr14	83489044	83689044	harbor1	chr14	83586883	83587074	SINE/MIR	585	+	96	83586979	97935
chr14	21555755	21755755	harbor1	chr14	21643677	21643838	SINE/MIR	514	+	80	21643757	88002
chr14	70986147	71186147	harbor1	chr14	71000885	71001130	SINE/MIR	849	+	122	71001007	14860
chr14	70986147	71186147	harbor1	chr14	71032349	71032529	SINE/MIR	524	+	90	71032439	46292
chr14	92702515	92902515	harbor1	chr14	92728723	92728962	SINE/MIR	994	+	120	92728843	26328
chr14	92702515	92902515	harbor1	chr14	92731028	92731230	SINE/MIR	559	+	101	92731129	28614
chr14	92702515	92902515	harbor1	chr14	92732027	92732176	SINE/MIR	599	+	74	92732101	29586
chr14	92702515	92902515	harbor1	chr14	92752113	92752357	SINE/MIR	749	+	122	92752235	49720
chr14	92702515	92902515	harbor1	chr14	92754265	92754502	SINE/MIR	841	+	118	92754383	51868
chr14	92702515	92902515	harbor1	chr14	92778208	92778364	SINE/MIR	418	+	78	92778286	75771
chr14	92702515	92902515	harbor1	chr14	92780919	92781087	SINE/MIR	609	+	84	92781003	78488
chr14	92702515	92902515	harbor1	chr14	92792611	92792753	SINE/MIR	533	+	71	92792682	90167
chr14	55779991	55979991	harbor1	chr14	55833564	55833777	SINE/MIR	735	+	106	55833670	53679
chr14	55779991	55979991	harbor1	chr14	55870601	55870845	SINE/MIR	946	+	122	55870723	90732
chr14	64981559	65181559	harbor1	chr14	65041906	65042106	SINE/MIR	432	+	100	65042006	60447
chr14	39690311	39890311	harbor1	chr14	39718474	39718614	SINE/MIR	538	+	70	39718544	28233
chr14	39690311	39890311	harbor1	chr14	39726442	39726654	SINE/MIR	643	+	106	39726548	36237
chr14	55055243	55255243	harbor1	chr14	55076598	55076731	SINE/MIR	556	+	66	55076664	21421
chr14	55055243	55255243	harbor1	chr14	55077040	55077114	SINE/MIR	556	+	37	55077077	21834
chr14	55055243	55255243	harbor1	chr14	55121045	55121269	SINE/MIR	846	+	112	55121157	65914
chr14	61983282	62183282	harbor1	chr14	62030918	62031063	SINE/MIR	490	+	72	62030990	47708
chr14	61983282	62183282	harbor1	chr14	62064612	62064889	SINE/MIR	1106	+	138	62064750	81468
chr14	61983282	62183282	harbor1	chr14	62066268	62066481	SINE/MIR	533	+	106	62066374	83092
chr14	81911155	82111155	harbor1	chr14	81946299	81946508	SINE/MIR	416	+	104	81946403	35248
chr14	81911155	82111155	harbor1	chr14	81956550	81956632	SINE/MIR	560	+	41	81956591	45436
chr14	81911155	82111155	harbor1	chr14	81956865	81956976	SINE/MIR	560	+	56	81956921	45766
chr14	79910170	80110170	harbor1	chr14	79949138	79949304	SINE/MIR	531	+	83	79949221	39051
chr14	79910170	80110170	harbor1	chr14	79971939	79972174	SINE/MIR	566	+	118	79972057	61887
chr14	79910170	80110170	harbor1	chr14	79975977	79976217	SINE/MIR	732	+	120	79976097	65927
chr14	79910170	80110170	harbor1	chr14	80000737	80000921	SINE/MIR	479	+	92	80000829	90659
chr14	72720854	72920854	harbor1	chr14	72795320	72795549	SINE/MIR	451	+	114	72795434	74580
chr14	72720854	72920854	harbor1	chr14	72797751	72797940	SINE/MIR	425	+	94	72797845	76991
chr14	72720854	72920854	harbor1	chr14	72807221	72807400	SINE/MIR	532	+	90	72807311	86457
chr14	72720854	72920854	harbor1	chr14	72808846	72809007	SINE/MIR	430	+	80	72808926	88072
chr14	72720854	72920854	harbor1	chr14	72809822	72810022	SINE/MIR	557	+	100	72809922	89068
chr14	72720854	72920854	harbor1	chr14	72813621	72813825	SINE/MIR	538	+	102	72813723	92869
chr14	72720854	72920854	harbor1	chr14	72816538	72816722	SINE/MIR	447	+	92	72816630	95776
chr14	22896526	23096526	harbor1	chr14	22897759	22897972	SINE/MIR	605	+	106	22897865	1339
chr14	22896526	23096526	harbor1	chr14	22935269	22935506	SINE/MIR	783	+	118	22935387	38861
chr14	22896526	23096526	harbor1	chr14	22959669	22959879	SINE/MIR	457	+	105	22959774	63248
chr14	20292363	20492363	harbor1	chr14	20312965	20313187	SINE/MIR	643	+	111	20313076	20713
chr14	20292363	20492363	harbor1	chr14	20329805	20330026	SINE/MIR	655	+	110	20329915	37552
chr14	20292363	20492363	harbor1	chr14	20333816	20333986	SINE/MIR	470	+	85	20333901	41538
chr14	20292363	20492363	harbor1	chr14	20341460	20341638	SINE/MIR	613	+	89	20341549	49186
chr14	20292363	20492363	harbor1	chr14	20374628	20374807	SINE/MIR	643	+	90	20374718	82355
chr14	20292363	20492363	harbor1	chr14	20375111	20375165	SINE/MIR	643	+	27	20375138	82775
chr14	20292363	20492363	harbor1	chr14	20375497	20375658	SINE/MIR	609	+	80	20375577	83214
chr14	79697647	79897647	harbor1	chr14	79701153	79701255	SINE/MIR	521	+	51	79701204	3557
chr14	79697647	79897647	harbor1	chr14	79701793	79701922	SINE/MIR	521	+	64	79701857	4210
chr14	79697647	79897647	harbor1	chr14	79703730	79703857	SINE/MIR	415	+	64	79703794	6147
chr14	79697647	79897647	harbor1	chr14	79747793	79747960	SINE/MIR	470	+	84	79747877	50230
chr14	79697647	79897647	harbor1	chr14	79757634	79757807	SINE/MIR	420	+	86	79757720	60073
chr14	79697647	79897647	harbor1	chr14	79762536	79762767	SINE/MIR	458	+	116	79762652	65005
chr14	79697647	79897647	harbor1	chr14	79778870	79779097	SINE/MIR	485	+	114	79778984	81337
chr14	37832955	38032955	harbor1	chr14	37858196	37858446	SINE/MIR	444	+	125	37858321	25366
chr14	37832955	38032955	harbor1	chr14	37866687	37866912	SINE/MIR	529	+	112	37866799	33844
chr14	37832955	38032955	harbor1	chr14	37879566	37879799	SINE/MIR	540	+	116	37879682	46727
chr14	37832955	38032955	harbor1	chr14	37894245	37894480	SINE/MIR	522	+	118	37894363	61408
chr14	44080478	44280478	harbor1	chr14	44096071	44096301	SINE/MIR	414	+	115	44096186	15708
chr14	44080478	44280478	harbor1	chr14	44128737	44128973	SINE/MIR	495	+	118	44128855	48377
chr14	44080478	44280478	harbor1	chr14	44133261	44133472	SINE/MIR	595	+	106	44133367	52889
chr14	44080478	44280478	harbor1	chr14	44152257	44152438	SINE/MIR	548	+	90	44152347	71869
chr14	59281012	59481012	harbor1	chr14	59282602	59282845	SINE/MIR	883	+	122	59282724	1712
chr14	59281012	59481012	harbor1	chr14	59299295	59299432	SINE/MIR	415	+	68	59299363	18351
chr14	59281012	59481012	harbor1	chr14	59328540	59328743	SINE/MIR	669	+	102	59328642	47630
chr14	59281012	59481012	harbor1	chr14	59352073	59352248	SINE/MIR	523	+	88	59352161	71149
chr14	59281012	59481012	harbor1	chr14	59362812	59362999	SINE/MIR	648	+	94	59362906	81894
chr14	104285791	104485791	harbor1	chr14	104302500	104302701	SINE/MIR	812	+	100	104302600	16809
chr15	86726217	86926217	harbor1	chr15	86726335	86726539	SINE/MIR	446	+	102	86726437	220
chr15	86726217	86926217	harbor1	chr15	86732663	86732830	SINE/MIR	509	+	84	86732747	6530
chr15	86726217	86926217	harbor1	chr15	86759267	86759500	SINE/MIR	550	+	116	86759383	33166
chr15	86726217	86926217	harbor1	chr15	86783967	86784222	SINE/MIR	690	+	128	86784095	57878
chr15	86726217	86926217	harbor1	chr15	86796962	86797182	SINE/MIR	656	+	110	86797072	70855
chr15	86726217	86926217	harbor1	chr15	86806511	86806757	SINE/MIR	914	+	123	86806634	80417
chr15	86726217	86926217	harbor1	chr15	86818741	86818976	SINE/MIR	572	+	118	86818859	92642
chr15	76168578	76368578	harbor1	chr15	76214597	76214817	SINE/MIR	1037	+	110	76214707	46129
chr15	76168578	76368578	harbor1	chr15	76234993	76235173	SINE/MIR	663	+	90	76235083	66505
chr15	76168578	76368578	harbor1	chr15	76237501	76237665	SINE/MIR	626	+	82	76237583	69005
chr15	58634147	58834147	harbor1	chr15	58637738	58637923	SINE/MIR	561	+	92	58637830	3683
chr15	58634147	58834147	harbor1	chr15	58676253	58676409	SINE/MIR	491	+	78	58676331	42184
chr15	58634147	58834147	harbor1	chr15	58716944	58717081	SINE/MIR	497	+	68	58717012	82865
chr15	44177255	44377255	harbor1	chr15	44180089	44180300	SINE/MIR	623	+	106	44180195	2940
chr15	44177255	44377255	harbor1	chr15	44204479	44204631	SINE/MIR	561	+	76	44204555	27300
chr15	44177255	44377255	harbor1	chr15	44209316	44209502	SINE/MIR	470	+	93	44209409	32154
chr15	92553602	92753602	harbor1	chr15	92648522	92648674	SINE/MIR	450	+	76	92648598	94996
chr15	62775878	62975878	harbor1	chr15	62790405	62790555	SINE/MIR	575	+	75	62790480	14602
chr15	62775878	62975878	harbor1	chr15	62793378	62793562	SINE/MIR	546	+	92	62793470	17592
chr15	62775878	62975878	harbor1	chr15	62831972	62832187	SINE/MIR	533	+	108	62832080	56202
chr15	62775878	62975878	harbor1	chr15	62837338	62837534	SINE/MIR	604	+	98	62837436	61558
chr15	28494160	28694160	harbor1	chr15	28557624	28557840	SINE/MIR	541	+	108	28557732	63572
chr15	72619893	72819893	harbor1	chr15	72656678	72656860	SINE/MIR	477	+	91	72656769	36876
chr15	72619893	72819893	harbor1	chr15	72660804	72661022	SINE/MIR	546	+	109	72660913	41020
chr15	72619893	72819893	harbor1	chr15	72702266	72702439	SINE/MIR	454	+	86	72702352	82459
chr15	86967639	87167639	harbor1	chr15	86972961	86973206	SINE/MIR	466	+	122	86973083	5444
chr15	85580394	85780394	harbor1	chr15	85614680	85614902	SINE/MIR	503	+	111	85614791	34397
chr15	85580394	85780394	harbor1	chr15	85655878	85656021	SINE/MIR	663	+	72	85655950	75556
chr15	36549110	36749110	harbor1	chr15	36575585	36575828	SINE/MIR	491	+	122	36575707	26597
chr15	36549110	36749110	harbor1	chr15	36577625	36577855	SINE/MIR	663	+	115	36577740	28630
chr15	36549110	36749110	harbor1	chr15	36638916	36639093	SINE/MIR	600	+	88	36639004	89894
chr15	84076671	84276671	harbor1	chr15	84100526	84100799	SINE/MIR	598	+	136	84100662	23991
chr15	84076671	84276671	harbor1	chr15	84101636	84101806	SINE/MIR	549	+	85	84101721	25050
chr15	84076671	84276671	harbor1	chr15	84111113	84111293	SINE/MIR	498	+	90	84111203	34532
chr15	84076671	84276671	harbor1	chr15	84118937	84119139	SINE/MIR	759	+	101	84119038	42367
chr15	26562414	26762414	harbor1	chr15	26564908	26565124	SINE/MIR	445	+	108	26565016	2602
chr15	63141428	63341428	harbor1	chr15	63218178	63218374	SINE/MIR	462	+	98	63218276	76848
chr15	63141428	63341428	harbor1	chr15	63223910	63224101	SINE/MIR	451	+	96	63224006	82578
chr15	63141428	63341428	harbor1	chr15	63224904	63225051	SINE/MIR	464	+	74	63224978	83550
chr15	63141428	63341428	harbor1	chr15	63235984	63236161	SINE/MIR	447	+	88	63236072	94644
chr15	30893670	31093670	harbor1	chr15	30968602	30968808	SINE/MIR	611	+	103	30968705	75035
chr15	30893670	31093670	harbor1	chr15	30985450	30985631	SINE/MIR	606	+	90	30985540	91870
chr15	72486905	72686905	harbor1	chr15	72508484	72508637	SINE/MIR	547	+	76	72508560	21655
chr15	72486905	72686905	harbor1	chr15	72569486	72569679	SINE/MIR	679	+	96	72569582	82677
chr15	72486905	72686905	harbor1	chr15	72571198	72571425	SINE/MIR	552	+	114	72571312	84407
chr15	79143436	79343436	harbor1	chr15	79170153	79170330	SINE/MIR	472	+	88	79170241	26805
chr15	79143436	79343436	harbor1	chr15	79171841	79171944	SINE/MIR	627	+	52	79171893	28457
chr15	79143436	79343436	harbor1	chr15	79174109	79174276	SINE/MIR	545	+	84	79174193	30757
chr15	79143436	79343436	harbor1	chr15	79174273	79174497	SINE/MIR	739	+	112	79174385	30949
chr15	79143436	79343436	harbor1	chr15	79184791	79184886	SINE/MIR	457	+	48	79184839	41403
chr15	79143436	79343436	harbor1	chr15	79201167	79201357	SINE/MIR	477	+	95	79201262	57826
chr15	79143436	79343436	harbor1	chr15	79226062	79226210	SINE/MIR	541	+	74	79226136	82700
chr15	79143436	79343436	harbor1	chr15	79235055	79235283	SINE/MIR	606	+	114	79235169	91733
chr15	40765275	40965275	harbor1	chr15	40785341	40785553	SINE/MIR	665	+	106	40785447	20172
chr15	40765275	40965275	harbor1	chr15	40790241	40790291	SINE/MIR	572	+	25	40790266	24991
chr15	40765275	40965275	harbor1	chr15	40790608	40790787	SINE/MIR	572	+	90	40790698	25423
chr15	40765275	40965275	harbor1	chr15	40807895	40808104	SINE/MIR	538	+	104	40807999	42724
chr15	40765275	40965275	harbor1	chr15	40808456	40808725	SINE/MIR	555	+	134	40808590	43315
chr15	40765275	40965275	harbor1	chr15	40810912	40811152	SINE/MIR	800	+	120	40811032	45757
chr15	40765275	40965275	harbor1	chr15	40826582	40826685	SINE/MIR	654	+	52	40826634	61359
chr15	40765275	40965275	harbor1	chr15	40826818	40826922	SINE/MIR	654	+	52	40826870	61595
chr15	40765275	40965275	harbor1	chr15	40830725	40830912	SINE/MIR	491	+	94	40830819	65544
chr15	40765275	40965275	harbor1	chr15	40842161	40842405	SINE/MIR	761	+	122	40842283	77008
chr15	40765275	40965275	harbor1	chr15	40849668	40849830	SINE/MIR	578	+	81	40849749	84474
chr15	65234502	65434502	harbor1	chr15	65250450	65250618	SINE/MIR	600	+	84	65250534	16032
chr15	65234502	65434502	harbor1	chr15	65263580	65263791	SINE/MIR	507	+	106	65263686	29184
chr15	65234502	65434502	harbor1	chr15	65275358	65275538	SINE/MIR	605	+	90	65275448	40946
chr15	68051711	68251711	harbor1	chr15	68078627	68078842	SINE/MIR	495	+	108	68078735	27024
chr15	68051711	68251711	harbor1	chr15	68085551	68085779	SINE/MIR	760	+	114	68085665	33954
chr15	68051711	68251711	harbor1	chr15	68137582	68137751	SINE/MIR	492	+	84	68137666	85955
chr15	61813587	62013587	harbor1	chr15	61816594	61816804	SINE/MIR	809	+	105	61816699	3112
chr15	61813587	62013587	harbor1	chr15	61863164	61863305	SINE/MIR	444	+	70	61863234	49647
chr15	90922971	91122971	harbor1	chr15	90950788	90950986	SINE/MIR	716	+	99	90950887	27916
chr15	90922971	91122971	harbor1	chr15	90975030	90975117	SINE/MIR	683	+	44	90975074	52103
chr15	90922971	91122971	harbor1	chr15	90975382	90975536	SINE/MIR	683	+	77	90975459	52488
chr15	90922971	91122971	harbor1	chr15	91001737	91001901	SINE/MIR	615	+	82	91001819	78848
chr15	62403359	62603359	harbor1	chr15	62411230	62411391	SINE/MIR	545	+	80	62411310	7951
chr15	62403359	62603359	harbor1	chr15	62424002	62424227	SINE/MIR	565	+	112	62424114	20755
chr15	26632141	26832141	harbor1	chr15	26708749	26708925	SINE/MIR	460	+	88	26708837	76696
chr15	26632141	26832141	harbor1	chr15	26714123	26714268	SINE/MIR	458	+	72	26714195	82054
chr15	26632141	26832141	harbor1	chr15	26730705	26730932	SINE/MIR	462	+	114	26730819	98678
chr15	55071191	55271191	harbor1	chr15	55102971	55103204	SINE/MIR	599	+	116	55103087	31896
chr15	55071191	55271191	harbor1	chr15	55121621	55121776	SINE/MIR	683	+	78	55121699	50508
chr15	55071191	55271191	harbor1	chr15	55122088	55122166	SINE/MIR	683	+	39	55122127	50936
chr15	55071191	55271191	harbor1	chr15	55157760	55157904	SINE/MIR	458	+	72	55157832	86641
chr15	55071191	55271191	harbor1	chr15	55163353	55163604	SINE/MIR	546	+	126	55163479	92288
chr15	97143696	97343696	harbor1	chr15	97214255	97214456	SINE/MIR	701	+	100	97214355	70659
chr15	91811351	92011351	harbor1	chr15	91851607	91851852	SINE/MIR	850	+	122	91851729	40378
chr15	91811351	92011351	harbor1	chr15	91859570	91859793	SINE/MIR	797	+	112	91859682	48331
chr15	91811351	92011351	harbor1	chr15	91860254	91860482	SINE/MIR	575	+	114	91860368	49017
chr15	91811351	92011351	harbor1	chr15	91868575	91868787	SINE/MIR	447	+	106	91868681	57330
chr15	91811351	92011351	harbor1	chr15	91887758	91887965	SINE/MIR	537	+	104	91887862	76511
chr15	91811351	92011351	harbor1	chr15	91892739	91892940	SINE/MIR	589	+	100	91892839	81488
chr15	91811351	92011351	harbor1	chr15	91902759	91903036	SINE/MIR	706	+	138	91902897	91546
chr15	91811351	92011351	harbor1	chr15	91905984	91906192	SINE/MIR	540	+	104	91906088	94737
chr15	96234397	96434397	harbor1	chr15	96245641	96245845	SINE/MIR	492	+	102	96245743	11346
chr15	96234397	96434397	harbor1	chr15	96246383	96246484	SINE/MIR	442	+	50	96246433	12036
chr15	96234397	96434397	harbor1	chr15	96290007	96290179	SINE/MIR	469	+	86	96290093	55696
chr15	96234397	96434397	harbor1	chr15	96308723	96308896	SINE/MIR	449	+	86	96308809	74412
chr15	96234397	96434397	harbor1	chr15	96309595	96309840	SINE/MIR	695	+	122	96309717	75320
chr15	84631386	84831386	harbor1	chr15	84653768	84653991	SINE/MIR	476	+	112	84653880	22494
chr15	84631386	84831386	harbor1	chr15	84657733	84657900	SINE/MIR	441	+	84	84657817	26431
chr15	84631386	84831386	harbor1	chr15	84679697	84679870	SINE/MIR	535	+	86	84679783	48397
chr15	84631386	84831386	harbor1	chr15	84722448	84722619	SINE/MIR	457	+	86	84722534	91148
chr15	84631386	84831386	harbor1	chr15	84722919	84722952	SINE/MIR	457	+	16	84722935	91549
chr15	84631386	84831386	harbor1	chr15	84723431	84723485	SINE/MIR	457	+	27	84723458	92072
chr15	61832560	62032560	harbor1	chr15	61863164	61863305	SINE/MIR	444	+	70	61863234	30674
chr15	61832560	62032560	harbor1	chr15	61916964	61917189	SINE/MIR	1132	+	112	61917076	84516
chr15	61832560	62032560	harbor1	chr15	61926894	61927038	SINE/MIR	477	+	72	61926966	94406
chr15	38985749	39185749	harbor1	chr15	38993958	38994179	SINE/MIR	644	+	110	38994068	8319
chr15	38985749	39185749	harbor1	chr15	39053813	39054032	SINE/MIR	600	+	110	39053923	68174
chr15	65374381	65574381	harbor1	chr15	65390553	65390808	SINE/MIR	832	+	128	65390681	16300
chr15	65374381	65574381	harbor1	chr15	65391358	65391492	SINE/MIR	467	+	67	65391425	17044
chr15	65374381	65574381	harbor1	chr15	65400027	65400152	SINE/MIR	462	+	62	65400089	25708
chr15	65374381	65574381	harbor1	chr15	65414418	65414638	SINE/MIR	525	+	110	65414528	40147
chr15	47728354	47928354	harbor1	chr15	47731923	47732129	SINE/MIR	504	+	103	47732026	3672
chr15	47728354	47928354	harbor1	chr15	47758800	47758974	SINE/MIR	554	+	87	47758887	30533
chr15	47728354	47928354	harbor1	chr15	47802830	47802965	SINE/MIR	721	+	68	47802898	74544
chr15	47728354	47928354	harbor1	chr15	47808325	47808526	SINE/MIR	775	+	100	47808425	80071
chr15	34596325	34796325	harbor1	chr15	34660316	34660502	SINE/MIR	446	+	93	34660409	64084
chr15	34596325	34796325	harbor1	chr15	34685464	34685702	SINE/MIR	763	+	119	34685583	89258
chr15	34596325	34796325	harbor1	chr15	34690601	34690800	SINE/MIR	611	+	100	34690701	94376
chr15	39785612	39985612	harbor1	chr15	39814822	39815088	SINE/MIR	773	+	133	39814955	29343
chr15	39785612	39985612	harbor1	chr15	39875561	39875778	SINE/MIR	454	+	108	39875669	90057
chr15	80771436	80971436	harbor1	chr15	80781685	80781851	SINE/MIR	577	+	83	80781768	10332
chr15	80771436	80971436	harbor1	chr15	80792370	80792616	SINE/MIR	519	+	123	80792493	21057
chr15	80771436	80971436	harbor1	chr15	80802723	80802903	SINE/MIR	528	+	90	80802813	31377
chr15	80771436	80971436	harbor1	chr15	80804393	80804570	SINE/MIR	538	+	88	80804481	33045
chr15	80771436	80971436	harbor1	chr15	80812378	80812547	SINE/MIR	530	+	84	80812462	41026
chr15	80771436	80971436	harbor1	chr15	80813186	80813303	SINE/MIR	577	+	58	80813244	41808
chr15	80771436	80971436	harbor1	chr15	80815142	80815326	SINE/MIR	589	+	92	80815234	43798
chr15	80771436	80971436	harbor1	chr15	80815331	80815512	SINE/MIR	511	+	90	80815421	43985
chr15	80771436	80971436	harbor1	chr15	80820519	80820647	SINE/MIR	442	+	64	80820583	49147
chr15	80771436	80971436	harbor1	chr15	80820645	80820895	SINE/MIR	549	+	125	80820770	49334
chr15	80771436	80971436	harbor1	chr15	80830755	80830942	SINE/MIR	571	+	94	80830849	59413
chr15	80771436	80971436	harbor1	chr15	80868615	80868835	SINE/MIR	827	+	110	80868725	97289
chr15	71703398	71903398	harbor1	chr15	71759330	71759523	SINE/MIR	590	+	96	71759426	56028
chr15	92875520	93075520	harbor1	chr15	92922148	92922377	SINE/MIR	524	+	114	92922262	46742
chr15	31808954	32008954	harbor1	chr15	31858954	31859079	SINE/MIR	475	+	62	31859016	50062
chr15	44102278	44302278	harbor1	chr15	44113316	44113391	SINE/MIR	503	+	38	44113354	11076
chr15	44102278	44302278	harbor1	chr15	44113746	44113912	SINE/MIR	503	+	83	44113829	11551
chr15	44102278	44302278	harbor1	chr15	44180089	44180300	SINE/MIR	623	+	106	44180195	77917
chr15	76073857	76273857	harbor1	chr15	76133858	76134079	SINE/MIR	454	+	110	76133968	60111
chr15	20770586	20970586	harbor1	chr15	20797634	20797841	SINE/MIR	500	+	104	20797738	27152
chr15	20770586	20970586	harbor1	chr15	20861666	20861913	SINE/MIR	585	+	124	20861790	91204
chr15	72836684	73036684	harbor1	chr15	72884048	72884222	SINE/MIR	711	+	87	72884135	47451
chr15	93792469	93992469	harbor1	chr15	93808331	93808477	SINE/MIR	467	+	73	93808404	15935
chr15	93792469	93992469	harbor1	chr15	93862306	93862454	SINE/MIR	440	+	74	93862380	69911
chr15	93792469	93992469	harbor1	chr15	93877441	93877671	SINE/MIR	619	+	115	93877556	85087
chr15	66396819	66596819	harbor1	chr15	66407951	66408109	SINE/MIR	552	+	79	66408030	11211
chr15	66396819	66596819	harbor1	chr15	66432703	66432891	SINE/MIR	524	+	94	66432797	35978
chr15	66396819	66596819	harbor1	chr15	66454324	66454499	SINE/MIR	676	+	88	66454412	57593
chr15	66396819	66596819	harbor1	chr15	66474659	66474820	SINE/MIR	486	+	80	66474739	77920
chr15	66856183	67056183	harbor1	chr15	66860505	66860632	SINE/MIR	569	+	64	66860569	4386
chr15	66856183	67056183	harbor1	chr15	66865551	66865732	SINE/MIR	485	+	90	66865641	9458
chr15	66856183	67056183	harbor1	chr15	66874078	66874280	SINE/MIR	570	+	101	66874179	17996
chr15	66856183	67056183	harbor1	chr15	66877013	66877236	SINE/MIR	561	+	112	66877125	20942
chr15	66856183	67056183	harbor1	chr15	66879554	66879719	SINE/MIR	585	+	82	66879636	23453
chr15	66856183	67056183	harbor1	chr15	66906155	66906383	SINE/MIR	609	+	114	66906269	50086
chr15	66856183	67056183	harbor1	chr15	66909571	66909764	SINE/MIR	552	+	96	66909667	53484
chr15	66856183	67056183	harbor1	chr15	66911809	66911912	SINE/MIR	483	+	52	66911861	55678
chr15	66856183	67056183	harbor1	chr15	66918692	66918818	SINE/MIR	460	+	63	66918755	62572
chr15	66856183	67056183	harbor1	chr15	66930301	66930545	SINE/MIR	743	+	122	66930423	74240
chr15	66856183	67056183	harbor1	chr15	66939139	66939338	SINE/MIR	461	+	100	66939239	83056
chr15	66856183	67056183	harbor1	chr15	66954143	66954344	SINE/MIR	513	+	100	66954243	98060
chr15	95865605	96065605	harbor1	chr15	95915756	95916012	SINE/MIR	721	+	128	95915884	50279
chr15	80728786	80928786	harbor1	chr15	80768146	80768323	SINE/MIR	532	+	88	80768234	39448
chr15	80728786	80928786	harbor1	chr15	80781685	80781851	SINE/MIR	577	+	83	80781768	52982
chr15	80728786	80928786	harbor1	chr15	80792370	80792616	SINE/MIR	519	+	123	80792493	63707
chr15	80728786	80928786	harbor1	chr15	80802723	80802903	SINE/MIR	528	+	90	80802813	74027
chr15	80728786	80928786	harbor1	chr15	80804393	80804570	SINE/MIR	538	+	88	80804481	75695
chr15	80728786	80928786	harbor1	chr15	80812378	80812547	SINE/MIR	530	+	84	80812462	83676
chr15	80728786	80928786	harbor1	chr15	80813186	80813303	SINE/MIR	577	+	58	80813244	84458
chr15	80728786	80928786	harbor1	chr15	80815142	80815326	SINE/MIR	589	+	92	80815234	86448
chr15	80728786	80928786	harbor1	chr15	80815331	80815512	SINE/MIR	511	+	90	80815421	86635
chr15	80728786	80928786	harbor1	chr15	80820519	80820647	SINE/MIR	442	+	64	80820583	91797
chr15	80728786	80928786	harbor1	chr15	80820645	80820895	SINE/MIR	549	+	125	80820770	91984
chr15	34880896	35080896	harbor1	chr15	34918550	34918778	SINE/MIR	530	+	114	34918664	37768
chr15	34880896	35080896	harbor1	chr15	34926379	34926603	SINE/MIR	580	+	112	34926491	45595
chr15	34880896	35080896	harbor1	chr15	34952158	34952381	SINE/MIR	609	+	112	34952270	71374
chr15	34880896	35080896	harbor1	chr15	34956717	34956927	SINE/MIR	750	+	105	34956822	75926
chr15	34880896	35080896	harbor1	chr15	34961684	34961906	SINE/MIR	639	+	111	34961795	80899
chr15	44457077	44657077	harbor1	chr15	44518657	44518807	SINE/MIR	635	+	75	44518732	61655
chr15	59365067	59565067	harbor1	chr15	59418696	59418879	SINE/MIR	596	+	92	59418788	53721
chr15	59365067	59565067	harbor1	chr15	59432552	59432724	SINE/MIR	479	+	86	59432638	67571
chr15	59365067	59565067	harbor1	chr15	59453232	59453435	SINE/MIR	525	+	102	59453334	88267
chr15	61156147	61356147	harbor1	chr15	61194769	61194963	SINE/MIR	600	+	97	61194866	38719
chr15	61156147	61356147	harbor1	chr15	61161330	61161561	SINE/MIR	772	+	116	61161446	5299
chr15	96474421	96674421	harbor1	chr15	96485126	96485340	SINE/MIR	679	+	107	96485233	10812
chr15	32530656	32730656	harbor1	chr15	32598756	32598942	SINE/MIR	480	+	93	32598849	68193
chr15	52608918	52808918	harbor1	chr15	52625847	52626075	SINE/MIR	473	+	114	52625961	17043
chr15	52608918	52808918	harbor1	chr15	52642281	52642456	SINE/MIR	504	+	88	52642369	33451
chr15	52608918	52808918	harbor1	chr15	52653532	52653676	SINE/MIR	483	+	72	52653604	44686
chr15	52608918	52808918	harbor1	chr15	52673401	52673602	SINE/MIR	905	+	100	52673501	64583
chr15	70875822	71075822	harbor1	chr15	70919613	70919821	SINE/MIR	515	+	104	70919717	43895
chr15	70875822	71075822	harbor1	chr15	70964237	70964424	SINE/MIR	806	+	94	70964331	88509
chr15	46161745	46361745	harbor1	chr15	46237000	46237177	SINE/MIR	541	+	88	46237088	75343
chr15	47606592	47806592	harbor1	chr15	47614751	47614915	SINE/MIR	666	+	82	47614833	8241
chr15	47606592	47806592	harbor1	chr15	47617637	47617858	SINE/MIR	599	+	110	47617747	11155
chr15	47606592	47806592	harbor1	chr15	47627404	47627597	SINE/MIR	537	+	96	47627500	20908
chr15	79028865	79228865	harbor1	chr15	79048374	79048590	SINE/MIR	874	+	108	79048482	19617
chr15	79028865	79228865	harbor1	chr15	79056481	79056664	SINE/MIR	626	+	92	79056573	27708
chr15	79028865	79228865	harbor1	chr15	79070547	79070735	SINE/MIR	647	+	94	79070641	41776
chr15	79028865	79228865	harbor1	chr15	79077223	79077363	SINE/MIR	458	+	70	79077293	48428
chr15	79028865	79228865	harbor1	chr15	79083671	79083915	SINE/MIR	959	+	122	79083793	54928
chr15	79028865	79228865	harbor1	chr15	79117991	79118237	SINE/MIR	698	+	123	79118114	89249
chr15	90266358	90466358	harbor1	chr15	90279441	90279646	SINE/MIR	630	+	102	90279543	13185
chr15	90266358	90466358	harbor1	chr15	90333842	90333978	SINE/MIR	637	+	68	90333910	67552
chr15	95457477	95657477	harbor1	chr15	95466492	95466748	SINE/MIR	686	+	128	95466620	9143
chr15	21277014	21477014	harbor1	chr15	21366736	21366943	SINE/MIR	506	+	104	21366840	89826
chr15	91482213	91682213	harbor1	chr15	91562935	91563163	SINE/MIR	837	+	114	91563049	80836
chr15	91482213	91682213	harbor1	chr15	91567789	91567981	SINE/MIR	506	+	96	91567885	85672
chr15	28470624	28670624	harbor1	chr15	28557624	28557840	SINE/MIR	541	+	108	28557732	87108
chr15	61927989	62127989	harbor1	chr15	61968980	61969196	SINE/MIR	824	+	108	61969088	41099
chr15	82905903	83105903	harbor1	chr15	82939690	82939815	SINE/MIR	592	+	62	82939752	33849
chr15	82905903	83105903	harbor1	chr15	82940231	82940336	SINE/MIR	592	+	52	82940283	34380
chr15	82905903	83105903	harbor1	chr15	82956838	82956997	SINE/MIR	630	+	80	82956918	51015
chr15	82905903	83105903	harbor1	chr15	82957295	82957378	SINE/MIR	630	+	42	82957337	51434
chr15	82905903	83105903	harbor1	chr15	82965537	82965698	SINE/MIR	562	+	80	82965617	59714
chr15	70642856	70842856	harbor1	chr15	70675050	70675248	SINE/MIR	604	+	99	70675149	32293
chr15	70642856	70842856	harbor1	chr15	70723002	70723213	SINE/MIR	536	+	106	70723108	80252
chr16	56881910	57081910	harbor1	chr16	56889862	56889997	SINE/MIR	440	+	68	56889930	8020
chr16	58140733	58340733	harbor1	chr16	58185781	58185960	SINE/MIR	637	+	90	58185871	45138
chr16	58140733	58340733	harbor1	chr16	58199158	58199381	SINE/MIR	630	+	112	58199270	58537
chr16	58140733	58340733	harbor1	chr16	58229741	58229890	SINE/MIR	463	+	74	58229815	89082
chr16	58140733	58340733	harbor1	chr16	58234509	58234719	SINE/MIR	607	+	105	58234614	93881
chr16	58140733	58340733	harbor1	chr16	58235291	58235514	SINE/MIR	653	+	112	58235403	94670
chr16	13887673	14087673	harbor1	chr16	13924558	13924784	SINE/MIR	754	+	113	13924671	36998
chr16	49445737	49645737	harbor1	chr16	49466021	49466137	SINE/MIR	445	+	58	49466079	20342
chr16	49445737	49645737	harbor1	chr16	49466665	49466678	SINE/MIR	445	+	6	49466671	20934
chr16	49445737	49645737	harbor1	chr16	49469441	49469558	SINE/MIR	499	+	58	49469499	23762
chr16	49445737	49645737	harbor1	chr16	49485188	49485401	SINE/MIR	516	+	106	49485294	39557
chr16	49445737	49645737	harbor1	chr16	49507022	49507246	SINE/MIR	522	+	112	49507134	61397
chr16	49445737	49645737	harbor1	chr16	49507992	49508193	SINE/MIR	468	+	100	49508092	62355
chr16	49445737	49645737	harbor1	chr16	49515452	49515632	SINE/MIR	595	+	90	49515542	69805
chr16	49445737	49645737	harbor1	chr16	49523882	49524078	SINE/MIR	698	+	98	49523980	78243
chr16	49445737	49645737	harbor1	chr16	49526652	49526868	SINE/MIR	769	+	108	49526760	81023
chr16	49445737	49645737	harbor1	chr16	49530019	49530168	SINE/MIR	545	+	74	49530093	84356
chr16	49445737	49645737	harbor1	chr16	49533681	49533861	SINE/MIR	462	+	90	49533771	88034
chr16	49445737	49645737	harbor1	chr16	49539423	49539622	SINE/MIR	448	+	100	49539523	93786
chr16	49445737	49645737	harbor1	chr16	49543805	49544007	SINE/MIR	517	+	101	49543906	98169
chr16	69313553	69513553	harbor1	chr16	69336934	69337016	SINE/MIR	569	+	41	69336975	23422
chr16	69313553	69513553	harbor1	chr16	69337300	69337407	SINE/MIR	569	+	54	69337354	23801
chr16	69313553	69513553	harbor1	chr16	69338611	69338707	SINE/MIR	674	+	48	69338659	25106
chr16	69313553	69513553	harbor1	chr16	69339008	69339112	SINE/MIR	674	+	52	69339060	25507
chr16	69313553	69513553	harbor1	chr16	69365844	69366100	SINE/MIR	597	+	128	69365972	52419
chr16	69313553	69513553	harbor1	chr16	69388157	69388344	SINE/MIR	614	+	94	69388251	74698
chr16	69313553	69513553	harbor1	chr16	69405465	69405684	SINE/MIR	513	+	110	69405575	92022
chr16	30331108	30531108	harbor1	chr16	30338190	30338268	SINE/MIR	471	+	39	30338229	7121
chr16	30331108	30531108	harbor1	chr16	30338565	30338740	SINE/MIR	471	+	88	30338653	7545
chr16	30331108	30531108	harbor1	chr16	30346051	30346206	SINE/MIR	513	+	78	30346129	15021
chr16	30331108	30531108	harbor1	chr16	30365837	30366034	SINE/MIR	611	+	98	30365935	34827
chr16	30331108	30531108	harbor1	chr16	30405841	30406019	SINE/MIR	532	+	89	30405930	74822
chr16	30331108	30531108	harbor1	chr16	30406862	30407082	SINE/MIR	501	+	110	30406972	75864
chr16	30331108	30531108	harbor1	chr16	30409813	30410049	SINE/MIR	930	+	118	30409931	78823
chr16	30331108	30531108	harbor1	chr16	30412829	30413075	SINE/MIR	708	+	123	30412952	81844
chr16	80712211	80912211	harbor1	chr16	80715928	80716149	SINE/MIR	538	+	110	80716038	3827
chr16	80712211	80912211	harbor1	chr16	80735376	80735528	SINE/MIR	515	+	76	80735452	23241
chr16	80712211	80912211	harbor1	chr16	80738798	80738896	SINE/MIR	455	+	49	80738847	26636
chr16	80712211	80912211	harbor1	chr16	80745409	80745628	SINE/MIR	676	+	110	80745519	33308
chr16	80712211	80912211	harbor1	chr16	80747245	80747479	SINE/MIR	623	+	117	80747362	35151
chr16	80712211	80912211	harbor1	chr16	80754535	80754756	SINE/MIR	498	+	110	80754645	42434
chr16	80712211	80912211	harbor1	chr16	80761262	80761471	SINE/MIR	486	+	104	80761366	49155
chr16	80712211	80912211	harbor1	chr16	80768699	80768931	SINE/MIR	482	+	116	80768815	56604
chr16	47307011	47507011	harbor1	chr16	47329409	47329596	SINE/MIR	579	+	94	47329503	22492
chr16	47307011	47507011	harbor1	chr16	47356047	47356273	SINE/MIR	544	+	113	47356160	49149
chr16	47307011	47507011	harbor1	chr16	47369256	47369466	SINE/MIR	506	+	105	47369361	62350
chr16	47307011	47507011	harbor1	chr16	47371160	47371374	SINE/MIR	477	+	107	47371267	64256
chr16	47307011	47507011	harbor1	chr16	47405591	47405760	SINE/MIR	652	+	84	47405675	98664
chr16	77929189	78129189	harbor1	chr16	77935707	77935960	SINE/MIR	580	+	126	77935833	6644
chr16	77929189	78129189	harbor1	chr16	77944475	77944668	SINE/MIR	599	+	96	77944571	15382
chr16	77929189	78129189	harbor1	chr16	77948743	77948926	SINE/MIR	606	+	92	77948835	19646
chr16	77929189	78129189	harbor1	chr16	77967886	77968085	SINE/MIR	435	+	100	77967986	38797
chr16	77929189	78129189	harbor1	chr16	77989032	77989249	SINE/MIR	714	+	108	77989140	59951
chr16	51923230	52123230	harbor1	chr16	51930530	51930760	SINE/MIR	449	+	115	51930645	7415
chr16	51923230	52123230	harbor1	chr16	51943096	51943333	SINE/MIR	653	+	118	51943214	19984
chr16	51923230	52123230	harbor1	chr16	51953138	51953398	SINE/MIR	441	+	130	51953268	30038
chr16	51923230	52123230	harbor1	chr16	51954698	51954849	SINE/MIR	642	+	76	51954774	31544
chr16	51923230	52123230	harbor1	chr16	51955113	51955210	SINE/MIR	642	+	48	51955161	31931
chr16	67362829	67562829	harbor1	chr16	67404630	67404827	SINE/MIR	648	+	98	67404728	41899
chr16	67362829	67562829	harbor1	chr16	67421679	67421735	SINE/MIR	456	+	28	67421707	58878
chr16	67362829	67562829	harbor1	chr16	67422079	67422222	SINE/MIR	456	+	72	67422151	59322
chr16	67362829	67562829	harbor1	chr16	67426689	67426897	SINE/MIR	525	+	104	67426793	63964
chr16	67362829	67562829	harbor1	chr16	67441627	67441821	SINE/MIR	573	+	97	67441724	78895
chr16	79602834	79802834	harbor1	chr16	79661350	79661510	SINE/MIR	610	+	80	79661430	58596
chr16	79602834	79802834	harbor1	chr16	79688850	79689038	SINE/MIR	435	+	94	79688944	86110
chr16	79602834	79802834	harbor1	chr16	79691661	79691880	SINE/MIR	797	+	110	79691771	88937
chr16	49432289	49632289	harbor1	chr16	49466021	49466137	SINE/MIR	445	+	58	49466079	33790
chr16	49432289	49632289	harbor1	chr16	49466665	49466678	SINE/MIR	445	+	6	49466671	34382
chr16	49432289	49632289	harbor1	chr16	49469441	49469558	SINE/MIR	499	+	58	49469499	37210
chr16	49432289	49632289	harbor1	chr16	49485188	49485401	SINE/MIR	516	+	106	49485294	53005
chr16	49432289	49632289	harbor1	chr16	49507022	49507246	SINE/MIR	522	+	112	49507134	74845
chr16	49432289	49632289	harbor1	chr16	49507992	49508193	SINE/MIR	468	+	100	49508092	75803
chr16	49432289	49632289	harbor1	chr16	49515452	49515632	SINE/MIR	595	+	90	49515542	83253
chr16	49432289	49632289	harbor1	chr16	49523882	49524078	SINE/MIR	698	+	98	49523980	91691
chr16	49432289	49632289	harbor1	chr16	49526652	49526868	SINE/MIR	769	+	108	49526760	94471
chr16	49432289	49632289	harbor1	chr16	49530019	49530168	SINE/MIR	545	+	74	49530093	97804
chr16	64645887	64845887	harbor1	chr16	64723698	64723913	SINE/MIR	613	+	108	64723806	77919
chr16	70087682	70287682	harbor1	chr16	70117006	70117220	SINE/MIR	651	+	107	70117113	29431
chr16	70087682	70287682	harbor1	chr16	70165554	70165758	SINE/MIR	544	+	102	70165656	77974
chr16	19370081	19570081	harbor1	chr16	19411954	19412077	SINE/MIR	675	+	62	19412016	41935
chr16	19370081	19570081	harbor1	chr16	19412668	19412751	SINE/MIR	675	+	42	19412710	42629
chr16	19370081	19570081	harbor1	chr16	19413763	19413951	SINE/MIR	796	+	94	19413857	43776
chr16	19370081	19570081	harbor1	chr16	19419070	19419279	SINE/MIR	850	+	104	19419174	49093
chr16	71824490	72024490	harbor1	chr16	71885282	71885511	SINE/MIR	755	+	114	71885396	60906
chr16	24359459	24559459	harbor1	chr16	24362641	24362834	SINE/MIR	640	+	96	24362737	3278
chr16	24359459	24559459	harbor1	chr16	24366336	24366556	SINE/MIR	676	+	110	24366446	6987
chr16	24359459	24559459	harbor1	chr16	24373625	24373742	SINE/MIR	558	+	58	24373683	14224
chr16	24049670	24249670	harbor1	chr16	24060145	24060360	SINE/MIR	584	+	108	24060253	10583
chr16	24049670	24249670	harbor1	chr16	24074288	24074539	SINE/MIR	858	+	126	24074414	24744
chr16	24049670	24249670	harbor1	chr16	24106138	24106350	SINE/MIR	796	+	106	24106244	56574
chr16	24049670	24249670	harbor1	chr16	24118096	24118314	SINE/MIR	820	+	109	24118205	68535
chr16	33878584	34078584	harbor1	chr16	33902054	33902209	SINE/MIR	507	+	78	33902132	23548
chr16	33878584	34078584	harbor1	chr16	33913390	33913553	SINE/MIR	701	+	82	33913472	34888
chr16	33878584	34078584	harbor1	chr16	33919129	33919316	SINE/MIR	793	+	94	33919223	40639
chr16	7793838	7993838	harbor1	chr16	7795184	7795419	SINE/MIR	717	+	118	7795302	1464
chr16	7793838	7993838	harbor1	chr16	7884455	7884577	SINE/MIR	472	+	61	7884516	90678
chr16	7793838	7993838	harbor1	chr16	7886182	7886416	SINE/MIR	602	+	117	7886299	92461
chr16	8221279	8421279	harbor1	chr16	8228069	8228288	SINE/MIR	509	+	110	8228179	6900
chr16	8221279	8421279	harbor1	chr16	8245306	8245425	SINE/MIR	458	+	60	8245366	24087
chr16	8221279	8421279	harbor1	chr16	8277257	8277388	SINE/MIR	441	+	66	8277323	56044
chr16	8221279	8421279	harbor1	chr16	8296667	8296856	SINE/MIR	736	+	94	8296761	75482
chr16	55614412	55814412	harbor1	chr16	55654021	55654215	SINE/MIR	570	+	97	55654118	39706
chr16	55614412	55814412	harbor1	chr16	55659813	55659949	SINE/MIR	502	+	68	55659881	45469
chr16	55614412	55814412	harbor1	chr16	55661306	55661511	SINE/MIR	435	+	102	55661408	46996
chr16	55614412	55814412	harbor1	chr16	55667257	55667480	SINE/MIR	668	+	112	55667369	52957
chr16	55614412	55814412	harbor1	chr16	55667830	55668072	SINE/MIR	690	+	121	55667951	53539
chr16	55614412	55814412	harbor1	chr16	55700439	55700570	SINE/MIR	452	+	66	55700505	86093
chr16	55614412	55814412	harbor1	chr16	55709046	55709224	SINE/MIR	479	+	89	55709135	94723
chr16	55614412	55814412	harbor1	chr16	55709239	55709430	SINE/MIR	581	+	96	55709335	94923
chr16	7293371	7493371	harbor1	chr16	7318440	7318608	SINE/MIR	451	+	84	7318524	25153
chr16	7293371	7493371	harbor1	chr16	7321523	7321697	SINE/MIR	726	+	87	7321610	28239
chr16	7293371	7493371	harbor1	chr16	7332117	7332345	SINE/MIR	534	+	114	7332231	38860
chr16	7293371	7493371	harbor1	chr16	7339048	7339235	SINE/MIR	472	+	94	7339142	45771
chr16	7293371	7493371	harbor1	chr16	7342089	7342253	SINE/MIR	478	+	82	7342171	48800
chr16	7293371	7493371	harbor1	chr16	7362853	7363065	SINE/MIR	500	+	106	7362959	69588
chr16	7293371	7493371	harbor1	chr16	7323572	7323775	SINE/MIR	485	+	102	7323674	30303
chr16	58889190	59089190	harbor1	chr16	58902411	58902631	SINE/MIR	606	+	110	58902521	13331
chr16	58889190	59089190	harbor1	chr16	58903654	58903680	SINE/MIR	529	+	13	58903667	14477
chr16	58889190	59089190	harbor1	chr16	58903982	58904128	SINE/MIR	529	+	73	58904055	14865
chr16	58889190	59089190	harbor1	chr16	58904138	58904262	SINE/MIR	449	+	62	58904200	15010
chr16	58889190	59089190	harbor1	chr16	58910331	58910524	SINE/MIR	441	+	96	58910427	21237
chr16	26607425	26807425	harbor1	chr16	26666030	26666180	SINE/MIR	490	+	75	26666105	58680
chr16	26607425	26807425	harbor1	chr16	26666477	26666526	SINE/MIR	490	+	24	26666501	59076
chr16	26607425	26807425	harbor1	chr16	26666830	26667043	SINE/MIR	737	+	106	26666936	59511
chr16	26607425	26807425	harbor1	chr16	26679019	26679272	SINE/MIR	440	+	126	26679145	71720
chr16	66592226	66792226	harbor1	chr16	66679961	66680124	SINE/MIR	554	+	82	66680043	87817
chr16	75951932	76151932	harbor1	chr16	75952266	75952494	SINE/MIR	622	+	114	75952380	448
chr16	24815739	25015739	harbor1	chr16	24844651	24844843	SINE/MIR	682	+	96	24844747	29008
chr16	24815739	25015739	harbor1	chr16	24846613	24846847	SINE/MIR	477	+	117	24846730	30991
chr16	24815739	25015739	harbor1	chr16	24850618	24850772	SINE/MIR	441	+	77	24850695	34956
chr16	24815739	25015739	harbor1	chr16	24854291	24854430	SINE/MIR	519	+	70	24854361	38622
chr16	24815739	25015739	harbor1	chr16	24854732	24854778	SINE/MIR	519	+	23	24854755	39016
chr16	24815739	25015739	harbor1	chr16	24857949	24858158	SINE/MIR	632	+	104	24858053	42314
chr16	24815739	25015739	harbor1	chr16	24862154	24862297	SINE/MIR	734	+	72	24862226	46487
chr16	24815739	25015739	harbor1	chr16	24871572	24871718	SINE/MIR	560	+	73	24871645	55906
chr16	24815739	25015739	harbor1	chr16	24901023	24901219	SINE/MIR	520	+	98	24901121	85382
chr16	24815739	25015739	harbor1	chr16	24905728	24905945	SINE/MIR	686	+	108	24905836	90097
chr16	62074492	62274492	harbor1	chr16	62088028	62088218	SINE/MIR	477	+	95	62088123	13631
chr16	34390514	34590514	harbor1	chr16	34408186	34408379	SINE/MIR	659	+	96	34408282	17768
chr16	84903021	85103021	harbor1	chr16	84961430	84961614	SINE/MIR	582	+	92	84961522	58501
chr16	51684505	51884505	harbor1	chr16	51696717	51696892	SINE/MIR	606	+	88	51696805	12300
chr16	51684505	51884505	harbor1	chr16	51701190	51701396	SINE/MIR	738	+	103	51701293	16788
chr16	51684505	51884505	harbor1	chr16	51768040	51768233	SINE/MIR	552	+	96	51768136	83631
chr16	51684505	51884505	harbor1	chr16	51781078	51781330	SINE/MIR	896	+	126	51781204	96699
chr16	58305647	58505647	harbor1	chr16	58366764	58366861	SINE/MIR	560	+	48	58366812	61165
chr16	58305647	58505647	harbor1	chr16	58367229	58367358	SINE/MIR	560	+	64	58367293	61646
chr16	58305647	58505647	harbor1	chr16	58403865	58404017	SINE/MIR	474	+	76	58403941	98294
chr16	4602401	4802401	harbor1	chr16	4621844	4621994	SINE/MIR	480	+	75	4621919	19518
chr16	4602401	4802401	harbor1	chr16	4622912	4622924	SINE/MIR	480	+	6	4622918	20517
chr16	4602401	4802401	harbor1	chr16	4623237	4623316	SINE/MIR	480	+	40	4623277	20876
chr16	74245451	74445451	harbor1	chr16	74259025	74259208	SINE/MIR	587	+	92	74259117	13666
chr16	74245451	74445451	harbor1	chr16	74304433	74304631	SINE/MIR	468	+	99	74304532	59081
chr16	74245451	74445451	harbor1	chr16	74316823	74316915	SINE/MIR	645	+	46	74316869	71418
chr16	74245451	74445451	harbor1	chr16	74317183	74317313	SINE/MIR	645	+	65	74317248	71797
chr16	3958529	4158529	harbor1	chr16	4033742	4033930	SINE/MIR	712	+	94	4033836	75307
chr16	3958529	4158529	harbor1	chr16	4042780	4042949	SINE/MIR	450	+	84	4042864	84335
chr16	3958529	4158529	harbor1	chr16	4043257	4043323	SINE/MIR	450	+	33	4043290	84761
chr16	85019393	85219393	harbor1	chr16	85105579	85105779	SINE/MIR	625	+	100	85105679	86286
chr16	85019393	85219393	harbor1	chr16	85113279	85113415	SINE/MIR	532	+	68	85113347	93954
chr16	81488942	81688942	harbor1	chr16	81491259	81491480	SINE/MIR	658	+	110	81491369	2427
chr16	81488942	81688942	harbor1	chr16	81514615	81514831	SINE/MIR	672	+	108	81514723	25781
chr16	81488942	81688942	harbor1	chr16	81519530	81519717	SINE/MIR	514	+	94	81519624	30682
chr16	81488942	81688942	harbor1	chr16	81520157	81520364	SINE/MIR	495	+	104	81520261	31319
chr16	81488942	81688942	harbor1	chr16	81550174	81550292	SINE/MIR	505	+	59	81550233	61291
chr16	81488942	81688942	harbor1	chr16	81554679	81554865	SINE/MIR	510	+	93	81554772	65830
chr16	81488942	81688942	harbor1	chr16	81563275	81563426	SINE/MIR	478	+	76	81563351	74409
chr16	81488942	81688942	harbor1	chr16	81569751	81569930	SINE/MIR	528	+	90	81569841	80899
chr16	81488942	81688942	harbor1	chr16	81576703	81576859	SINE/MIR	524	+	78	81576781	87839
chr16	86896888	87096888	harbor1	chr16	86903182	86903323	SINE/MIR	613	+	70	86903252	6364
chr16	86896888	87096888	harbor1	chr16	86925923	86926113	SINE/MIR	466	+	95	86926018	29130
chr16	86896888	87096888	harbor1	chr16	86950833	86951043	SINE/MIR	585	+	105	86950938	54050
chr16	86896888	87096888	harbor1	chr16	86960011	86960220	SINE/MIR	513	+	104	86960115	63227
chr16	86896888	87096888	harbor1	chr16	86964538	86964698	SINE/MIR	686	+	80	86964618	67730
chr16	86896888	87096888	harbor1	chr16	86976775	86976961	SINE/MIR	448	+	93	86976868	79980
chr16	53147795	53347795	harbor1	chr16	53158422	53158623	SINE/MIR	575	+	100	53158522	10727
chr16	53147795	53347795	harbor1	chr16	53183590	53183632	SINE/MIR	494	+	21	53183611	35816
chr16	53147795	53347795	harbor1	chr16	53183793	53183919	SINE/MIR	494	+	63	53183856	36061
chr16	53147795	53347795	harbor1	chr16	53206482	53206725	SINE/MIR	1018	+	122	53206604	58809
chr16	53147795	53347795	harbor1	chr16	53212696	53212943	SINE/MIR	865	+	124	53212820	65025
chr16	53147795	53347795	harbor1	chr16	53216567	53216696	SINE/MIR	435	+	64	53216631	68836
chr16	53147795	53347795	harbor1	chr16	53219705	53219911	SINE/MIR	882	+	103	53219808	72013
chr16	53147795	53347795	harbor1	chr16	53227020	53227194	SINE/MIR	536	+	87	53227107	79312
chr16	86942864	87142864	harbor1	chr16	86950833	86951043	SINE/MIR	585	+	105	86950938	8074
chr16	86942864	87142864	harbor1	chr16	86960011	86960220	SINE/MIR	513	+	104	86960115	17251
chr16	86942864	87142864	harbor1	chr16	86964538	86964698	SINE/MIR	686	+	80	86964618	21754
chr16	86942864	87142864	harbor1	chr16	86976775	86976961	SINE/MIR	448	+	93	86976868	34004
chr16	86942864	87142864	harbor1	chr16	87014980	87015159	SINE/MIR	604	+	90	87015070	72206
chr16	9452859	9652859	harbor1	chr16	9466588	9466788	SINE/MIR	606	+	100	9466688	13829
chr16	9452859	9652859	harbor1	chr16	9468479	9468666	SINE/MIR	512	+	94	9468573	15714
chr16	9452859	9652859	harbor1	chr16	9484038	9484171	SINE/MIR	478	+	66	9484104	31245
chr16	9452859	9652859	harbor1	chr16	9494286	9494519	SINE/MIR	506	+	116	9494402	41543
chr16	9452859	9652859	harbor1	chr16	9511688	9511924	SINE/MIR	731	+	118	9511806	58947
chr16	80429872	80629872	harbor1	chr16	80448641	80448817	SINE/MIR	472	+	88	80448729	18857
chr16	80429872	80629872	harbor1	chr16	80482471	80482646	SINE/MIR	436	+	88	80482559	52687
chr16	80429872	80629872	harbor1	chr16	80505383	80505571	SINE/MIR	464	+	94	80505477	75605
chr16	80429872	80629872	harbor1	chr16	80508769	80508971	SINE/MIR	537	+	101	80508870	78998
chr16	80429872	80629872	harbor1	chr16	80514852	80515052	SINE/MIR	603	+	100	80514952	85080
chr16	29589503	29789503	harbor1	chr16	29681152	29681321	SINE/MIR	479	+	84	29681236	91733
chr16	29589503	29789503	harbor1	chr16	29687392	29687569	SINE/MIR	478	+	88	29687480	97977
chr16	55984509	56184509	harbor1	chr16	56009981	56010123	SINE/MIR	592	+	71	56010052	25543
chr16	55984509	56184509	harbor1	chr16	56011262	56011487	SINE/MIR	859	+	112	56011374	26865
chr16	55984509	56184509	harbor1	chr16	56041365	56041516	SINE/MIR	534	+	76	56041441	56932
chr16	55984509	56184509	harbor1	chr16	56055635	56055810	SINE/MIR	454	+	88	56055723	71214
chr16	19224920	19424920	harbor1	chr16	19225012	19225235	SINE/MIR	684	+	112	19225124	204
chr16	19224920	19424920	harbor1	chr16	19226963	19227200	SINE/MIR	720	+	118	19227081	2161
chr16	19224920	19424920	harbor1	chr16	19230676	19230919	SINE/MIR	864	+	122	19230798	5878
chr16	19224920	19424920	harbor1	chr16	19234589	19234718	SINE/MIR	471	+	64	19234653	9733
chr16	19224920	19424920	harbor1	chr16	19238201	19238354	SINE/MIR	482	+	76	19238277	13357
chr16	19224920	19424920	harbor1	chr16	19256900	19257104	SINE/MIR	520	+	102	19257002	32082
chr16	19224920	19424920	harbor1	chr16	19286117	19286325	SINE/MIR	610	+	104	19286221	61301
chr16	19224920	19424920	harbor1	chr16	19291369	19291580	SINE/MIR	764	+	106	19291475	66555
chr16	19224920	19424920	harbor1	chr16	19296593	19296703	SINE/MIR	482	+	55	19296648	71728
chr16	19224920	19424920	harbor1	chr16	19301409	19301564	SINE/MIR	444	+	78	19301487	76567
chr16	19224920	19424920	harbor1	chr16	19301891	19301961	SINE/MIR	444	+	35	19301926	77006
chr16	19224920	19424920	harbor1	chr16	19305562	19305775	SINE/MIR	617	+	106	19305668	80748
chr16	19224920	19424920	harbor1	chr16	19307136	19307355	SINE/MIR	665	+	110	19307246	82326
chr16	19224920	19424920	harbor1	chr16	19308098	19308246	SINE/MIR	554	+	74	19308172	83252
chr16	19224920	19424920	harbor1	chr16	19308257	19308484	SINE/MIR	483	+	114	19308371	83451
chr16	19224920	19424920	harbor1	chr16	19313731	19313867	SINE/MIR	455	+	68	19313799	88879
chr16	82759528	82959528	harbor1	chr16	82766424	82766616	SINE/MIR	455	+	96	82766520	6992
chr16	82759528	82959528	harbor1	chr16	82774245	82774472	SINE/MIR	703	+	114	82774359	14831
chr16	82759528	82959528	harbor1	chr16	82775085	82775255	SINE/MIR	510	+	85	82775170	15642
chr16	82759528	82959528	harbor1	chr16	82813803	82813959	SINE/MIR	486	+	78	82813881	54353
chr16	82759528	82959528	harbor1	chr16	82857127	82857344	SINE/MIR	602	+	108	82857235	97707
chr16	66163207	66363207	harbor1	chr16	66195437	66195517	SINE/MIR	437	+	40	66195477	32270
chr16	66163207	66363207	harbor1	chr16	66217683	66217934	SINE/MIR	724	+	126	66217809	54602
chr16	66163207	66363207	harbor1	chr16	66225281	66225448	SINE/MIR	614	+	84	66225365	62158
chr16	66163207	66363207	harbor1	chr16	66234341	66234541	SINE/MIR	527	+	100	66234441	71234
chr16	66163207	66363207	harbor1	chr16	66239917	66240135	SINE/MIR	602	+	109	66240026	76819
chr16	66163207	66363207	harbor1	chr16	66241410	66241578	SINE/MIR	658	+	84	66241494	78287
chr16	66163207	66363207	harbor1	chr16	66251376	66251614	SINE/MIR	615	+	119	66251495	88288
chr16	66163207	66363207	harbor1	chr16	66254884	66255014	SINE/MIR	450	+	65	66254949	91742
chr16	66163207	66363207	harbor1	chr16	66256367	66256587	SINE/MIR	460	+	110	66256477	93270
chr16	66163207	66363207	harbor1	chr16	66261692	66261910	SINE/MIR	708	+	109	66261801	98594
chr16	9322201	9522201	harbor1	chr16	9333368	9333583	SINE/MIR	494	+	108	9333476	11275
chr16	9322201	9522201	harbor1	chr16	9407476	9407613	SINE/MIR	562	+	68	9407544	85343
chr16	9322201	9522201	harbor1	chr16	9412513	9412692	SINE/MIR	519	+	90	9412603	90402
chr16	30057177	30257177	harbor1	chr16	30094344	30094558	SINE/MIR	774	+	107	30094451	37274
chr16	30057177	30257177	harbor1	chr16	30109945	30110154	SINE/MIR	511	+	104	30110049	52872
chr16	30057177	30257177	harbor1	chr16	30110445	30110460	SINE/MIR	470	+	8	30110453	53276
chr16	30057177	30257177	harbor1	chr16	30114813	30114924	SINE/MIR	568	+	56	30114869	57692
chr16	28109361	28309361	harbor1	chr16	28131622	28131801	SINE/MIR	495	+	90	28131712	22351
chr16	28109361	28309361	harbor1	chr16	28152363	28152525	SINE/MIR	693	+	81	28152444	43083
chr16	28109361	28309361	harbor1	chr16	28187390	28187611	SINE/MIR	521	+	110	28187500	78139
chr16	28109361	28309361	harbor1	chr16	28193975	28194168	SINE/MIR	534	+	96	28194071	84710
chr16	28109361	28309361	harbor1	chr16	28200742	28200916	SINE/MIR	468	+	87	28200829	91468
chr16	67032093	67232093	harbor1	chr16	67040377	67040572	SINE/MIR	603	+	98	67040475	8382
chr16	67032093	67232093	harbor1	chr16	67071217	67071246	SINE/MIR	526	+	14	67071231	39138
chr16	67032093	67232093	harbor1	chr16	67071622	67071773	SINE/MIR	526	+	76	67071698	39605
chr16	67032093	67232093	harbor1	chr16	67084795	67085033	SINE/MIR	852	+	119	67084914	52821
chr16	56986575	57186575	harbor1	chr16	56986734	56986898	SINE/MIR	638	+	82	56986816	241
chr16	56986575	57186575	harbor1	chr16	56987194	56987213	SINE/MIR	638	+	10	56987204	629
chr16	56986575	57186575	harbor1	chr16	56987471	56987525	SINE/MIR	638	+	27	56987498	923
chr16	56986575	57186575	harbor1	chr16	56987931	56988089	SINE/MIR	666	+	79	56988010	1435
chr16	56986575	57186575	harbor1	chr16	56990949	56991167	SINE/MIR	464	+	109	56991058	4483
chr16	56986575	57186575	harbor1	chr16	57027325	57027463	SINE/MIR	448	+	69	57027394	40819
chr16	56986575	57186575	harbor1	chr16	57031798	57031911	SINE/MIR	476	+	56	57031854	45279
chr16	56986575	57186575	harbor1	chr16	57035728	57035983	SINE/MIR	633	+	128	57035856	49281
chr16	56986575	57186575	harbor1	chr16	57036736	57036926	SINE/MIR	493	+	95	57036831	50256
chr16	56986575	57186575	harbor1	chr16	57044531	57044630	SINE/MIR	566	+	50	57044581	58006
chr16	56986575	57186575	harbor1	chr16	57045228	57045306	SINE/MIR	566	+	39	57045267	58692
chr16	56986575	57186575	harbor1	chr16	57059835	57060004	SINE/MIR	597	+	84	57059919	73344
chr16	56986575	57186575	harbor1	chr16	57073895	57074082	SINE/MIR	499	+	94	57073989	87414
chr16	56986575	57186575	harbor1	chr16	57074147	57074285	SINE/MIR	438	+	69	57074216	87641
chr16	56986575	57186575	harbor1	chr16	57081747	57081963	SINE/MIR	999	+	108	57081855	95280
chr16	80420143	80620143	harbor1	chr16	80448641	80448817	SINE/MIR	472	+	88	80448729	28586
chr16	80420143	80620143	harbor1	chr16	80482471	80482646	SINE/MIR	436	+	88	80482559	62416
chr16	80420143	80620143	harbor1	chr16	80505383	80505571	SINE/MIR	464	+	94	80505477	85334
chr16	80420143	80620143	harbor1	chr16	80508769	80508971	SINE/MIR	537	+	101	80508870	88727
chr16	80420143	80620143	harbor1	chr16	80514852	80515052	SINE/MIR	603	+	100	80514952	94809
chr16	15917384	16117384	harbor1	chr16	15948237	15948420	SINE/MIR	772	+	92	15948329	30945
chr16	15917384	16117384	harbor1	chr16	15948927	15949070	SINE/MIR	621	+	72	15948999	31615
chr16	15917384	16117384	harbor1	chr16	15949086	15949207	SINE/MIR	491	+	60	15949146	31762
chr16	15917384	16117384	harbor1	chr16	15952054	15952241	SINE/MIR	588	+	94	15952148	34764
chr16	15917384	16117384	harbor1	chr16	15953447	15953608	SINE/MIR	506	+	80	15953527	36143
chr16	15917384	16117384	harbor1	chr16	15977898	15978069	SINE/MIR	536	+	86	15977984	60600
chr16	15917384	16117384	harbor1	chr16	15989668	15989857	SINE/MIR	450	+	94	15989762	72378
chr16	15917384	16117384	harbor1	chr16	15994268	15994514	SINE/MIR	582	+	123	15994391	77007
chr16	15917384	16117384	harbor1	chr16	16006617	16006840	SINE/MIR	667	+	112	16006729	89345
chr16	15917384	16117384	harbor1	chr16	16008115	16008282	SINE/MIR	533	+	84	16008199	90815
chr16	59720409	59920409	harbor1	chr16	59749145	59749385	SINE/MIR	563	+	120	59749265	28856
chr16	16986656	17186656	harbor1	chr16	17002221	17002430	SINE/MIR	521	+	104	17002325	15669
chr16	16986656	17186656	harbor1	chr16	17029042	17029288	SINE/MIR	487	+	123	17029165	42509
chr16	16986656	17186656	harbor1	chr16	17032259	17032398	SINE/MIR	446	+	70	17032329	45673
chr16	16986656	17186656	harbor1	chr16	17041693	17041933	SINE/MIR	730	+	120	17041813	55157
chr16	16986656	17186656	harbor1	chr16	17042436	17042634	SINE/MIR	599	+	99	17042535	55879
chr16	24345382	24545382	harbor1	chr16	24358229	24358489	SINE/MIR	961	+	130	24358359	12977
chr16	24345382	24545382	harbor1	chr16	24358841	24358983	SINE/MIR	469	+	71	24358912	13530
chr16	24345382	24545382	harbor1	chr16	24362641	24362834	SINE/MIR	640	+	96	24362737	17355
chr16	24345382	24545382	harbor1	chr16	24366336	24366556	SINE/MIR	676	+	110	24366446	21064
chr16	24345382	24545382	harbor1	chr16	24373625	24373742	SINE/MIR	558	+	58	24373683	28301
chr16	25959518	26159518	harbor1	chr16	25962336	25962465	SINE/MIR	480	+	64	25962400	2882
chr16	25959518	26159518	harbor1	chr16	25993487	25993720	SINE/MIR	718	+	116	25993603	34085
chr16	25959518	26159518	harbor1	chr16	26003172	26003387	SINE/MIR	695	+	108	26003280	43762
chr16	25959518	26159518	harbor1	chr16	26010822	26011033	SINE/MIR	500	+	106	26010928	51410
chr16	25959518	26159518	harbor1	chr16	26013236	26013440	SINE/MIR	636	+	102	26013338	53820
chr16	25959518	26159518	harbor1	chr16	26020819	26021054	SINE/MIR	562	+	118	26020937	61419
chr16	25959518	26159518	harbor1	chr16	26023772	26023946	SINE/MIR	445	+	87	26023859	64341
chr16	25959518	26159518	harbor1	chr16	26024245	26024310	SINE/MIR	445	+	32	26024277	64759
chr16	25959518	26159518	harbor1	chr16	26043408	26043571	SINE/MIR	439	+	82	26043490	83972
chr16	25959518	26159518	harbor1	chr16	25968576	25968780	SINE/MIR	521	+	102	25968678	9160
chr16	25959518	26159518	harbor1	chr16	25985020	25985242	SINE/MIR	508	+	111	25985131	25613
chr16	81663464	81863464	harbor1	chr16	81678021	81678198	SINE/MIR	507	+	88	81678109	14645
chr16	81663464	81863464	harbor1	chr16	81684541	81684715	SINE/MIR	501	+	87	81684628	21164
chr16	81663464	81863464	harbor1	chr16	81685929	81686161	SINE/MIR	626	+	116	81686045	22581
chr16	81663464	81863464	harbor1	chr16	81688402	81688625	SINE/MIR	509	+	112	81688514	25050
chr16	81663464	81863464	harbor1	chr16	81754971	81755090	SINE/MIR	463	+	60	81755031	91567
chr16	81663464	81863464	harbor1	chr16	81761474	81761721	SINE/MIR	642	+	124	81761598	98134
chr16	81663464	81863464	harbor1	chr16	81739639	81739855	SINE/MIR	1015	+	108	81739747	76283
chr16	66181324	66381324	harbor1	chr16	66195437	66195517	SINE/MIR	437	+	40	66195477	14153
chr16	66181324	66381324	harbor1	chr16	66217683	66217934	SINE/MIR	724	+	126	66217809	36485
chr16	66181324	66381324	harbor1	chr16	66225281	66225448	SINE/MIR	614	+	84	66225365	44041
chr16	66181324	66381324	harbor1	chr16	66234341	66234541	SINE/MIR	527	+	100	66234441	53117
chr16	66181324	66381324	harbor1	chr16	66239917	66240135	SINE/MIR	602	+	109	66240026	58702
chr16	66181324	66381324	harbor1	chr16	66241410	66241578	SINE/MIR	658	+	84	66241494	60170
chr16	66181324	66381324	harbor1	chr16	66251376	66251614	SINE/MIR	615	+	119	66251495	70171
chr16	66181324	66381324	harbor1	chr16	66254884	66255014	SINE/MIR	450	+	65	66254949	73625
chr16	66181324	66381324	harbor1	chr16	66256367	66256587	SINE/MIR	460	+	110	66256477	75153
chr16	66181324	66381324	harbor1	chr16	66261692	66261910	SINE/MIR	708	+	109	66261801	80477
chr16	66181324	66381324	harbor1	chr16	66265317	66265543	SINE/MIR	464	+	113	66265430	84106
chr16	66181324	66381324	harbor1	chr16	66268148	66268284	SINE/MIR	440	+	68	66268216	86892
chr16	66181324	66381324	harbor1	chr16	66275403	66275583	SINE/MIR	514	+	90	66275493	94169
chr16	14579114	14779114	harbor1	chr16	14582691	14582922	SINE/MIR	904	+	116	14582807	3693
chr16	48686600	48886600	harbor1	chr16	48692762	48692916	SINE/MIR	592	+	77	48692839	6239
chr16	48686600	48886600	harbor1	chr16	48700027	48700256	SINE/MIR	615	+	114	48700141	13541
chr16	48686600	48886600	harbor1	chr16	48712029	48712188	SINE/MIR	508	+	80	48712109	25509
chr16	48686600	48886600	harbor1	chr16	48737888	48738141	SINE/MIR	717	+	126	48738014	51414
chr16	48686600	48886600	harbor1	chr16	48741811	48741952	SINE/MIR	497	+	70	48741881	55281
chr16	89972999	90172999	harbor1	chr16	90066458	90066691	SINE/MIR	443	+	116	90066574	93575
chr16	77738416	77938416	harbor1	chr16	77745592	77745846	SINE/MIR	587	+	127	77745719	7303
chr16	77738416	77938416	harbor1	chr16	77763408	77763538	SINE/MIR	454	+	65	77763473	25057
chr16	77738416	77938416	harbor1	chr16	77812456	77812692	SINE/MIR	533	+	118	77812574	74158
chr16	77738416	77938416	harbor1	chr16	77813962	77814210	SINE/MIR	633	+	124	77814086	75670
chr16	77738416	77938416	harbor1	chr16	77821596	77821785	SINE/MIR	601	+	94	77821690	83274
chr16	30148552	30348552	harbor1	chr16	30181081	30181218	SINE/MIR	655	+	68	30181149	32597
chr16	30148552	30348552	harbor1	chr16	30243783	30243999	SINE/MIR	611	+	108	30243891	95339
chr16	30148552	30348552	harbor1	chr16	30246090	30246272	SINE/MIR	566	+	91	30246181	97629
chr16	60363063	60563063	harbor1	chr16	60426087	60426309	SINE/MIR	551	+	111	60426198	63135
chr16	60363063	60563063	harbor1	chr16	60450705	60450925	SINE/MIR	616	+	110	60450815	87752
chr16	5333005	5533005	harbor1	chr16	5342380	5342605	SINE/MIR	492	+	112	5342492	9487
chr16	5333005	5533005	harbor1	chr16	5346735	5346950	SINE/MIR	669	+	108	5346843	13838
chr16	5333005	5533005	harbor1	chr16	5354363	5354573	SINE/MIR	579	+	105	5354468	21463
chr16	5333005	5533005	harbor1	chr16	5378719	5378838	SINE/MIR	447	+	60	5378779	45774
chr16	5333005	5533005	harbor1	chr16	5384759	5384958	SINE/MIR	653	+	100	5384859	51854
chr16	5333005	5533005	harbor1	chr16	5410845	5411043	SINE/MIR	466	+	99	5410944	77939
chr16	5333005	5533005	harbor1	chr16	5412143	5412376	SINE/MIR	681	+	116	5412259	79254
chr16	61956355	62156355	harbor1	chr16	61980880	61981106	SINE/MIR	524	+	113	61980993	24638
chr16	61956355	62156355	harbor1	chr16	62006330	62006574	SINE/MIR	526	+	122	62006452	50097
chr16	61956355	62156355	harbor1	chr16	62023326	62023513	SINE/MIR	519	+	94	62023420	67065
chr16	46942874	47142874	harbor1	chr16	46948827	46948942	SINE/MIR	475	+	58	46948885	6011
chr16	46942874	47142874	harbor1	chr16	46949217	46949365	SINE/MIR	475	+	74	46949291	6417
chr16	55509407	55709407	harbor1	chr16	55511037	55511155	SINE/MIR	471	+	59	55511096	1689
chr16	55509407	55709407	harbor1	chr16	55524738	55524945	SINE/MIR	462	+	104	55524842	15435
chr16	55509407	55709407	harbor1	chr16	55528068	55528249	SINE/MIR	759	+	90	55528158	18751
chr16	55509407	55709407	harbor1	chr16	55571805	55571967	SINE/MIR	448	+	81	55571886	62479
chr16	55509407	55709407	harbor1	chr16	55577383	55577616	SINE/MIR	877	+	116	55577499	68092
chr16	51546322	51746322	harbor1	chr16	51623686	51623884	SINE/MIR	456	+	99	51623785	77463
chr16	51546322	51746322	harbor1	chr16	51638406	51638586	SINE/MIR	653	+	90	51638496	92174
chr16	85258191	85458191	harbor1	chr16	85264856	85265087	SINE/MIR	652	+	116	85264972	6781
chr16	85258191	85458191	harbor1	chr16	85267817	85268033	SINE/MIR	865	+	108	85267925	9734
chr16	85258191	85458191	harbor1	chr16	85326221	85326378	SINE/MIR	618	+	78	85326299	68108
chr16	85258191	85458191	harbor1	chr16	85338419	85338583	SINE/MIR	589	+	82	85338501	80310
chr16	85258191	85458191	harbor1	chr16	85340815	85341069	SINE/MIR	687	+	127	85340942	82751
chr16	23715962	23915962	harbor1	chr16	23779768	23779939	SINE/MIR	836	+	86	23779854	63892
chr16	23715962	23915962	harbor1	chr16	23789977	23790010	SINE/MIR	706	+	16	23789993	74031
chr16	23715962	23915962	harbor1	chr16	23789498	23789667	SINE/MIR	706	+	84	23789582	73620
chr16	54977151	55177151	harbor1	chr16	54981076	54981249	SINE/MIR	602	+	86	54981162	4011
chr16	54977151	55177151	harbor1	chr16	54998907	54999134	SINE/MIR	536	+	114	54999021	21870
chr16	54977151	55177151	harbor1	chr16	55048439	55048660	SINE/MIR	736	+	110	55048549	71398
chr16	54977151	55177151	harbor1	chr16	55053468	55053630	SINE/MIR	652	+	81	55053549	76398
chr16	54977151	55177151	harbor1	chr16	55069002	55069248	SINE/MIR	490	+	123	55069125	91974
chr16	54977151	55177151	harbor1	chr16	55069689	55069843	SINE/MIR	501	+	77	55069766	92615
chr16	54977151	55177151	harbor1	chr16	55076442	55076681	SINE/MIR	669	+	120	55076562	99411
chr16	54977151	55177151	harbor1	chr16	55076677	55076893	SINE/MIR	767	+	108	55076785	99634
chr16	56009382	56209382	harbor1	chr16	56009981	56010123	SINE/MIR	592	+	71	56010052	670
chr16	56009382	56209382	harbor1	chr16	56011262	56011487	SINE/MIR	859	+	112	56011374	1992
chr16	56009382	56209382	harbor1	chr16	56041365	56041516	SINE/MIR	534	+	76	56041441	32059
chr16	56009382	56209382	harbor1	chr16	56055635	56055810	SINE/MIR	454	+	88	56055723	46341
chr16	56009382	56209382	harbor1	chr16	56088945	56089175	SINE/MIR	731	+	115	56089060	79678
chr16	4856635	5056635	harbor1	chr16	4913256	4913504	SINE/MIR	509	+	124	4913380	56745
chr16	4856635	5056635	harbor1	chr16	4922097	4922291	SINE/MIR	706	+	97	4922194	65559
chr16	4856635	5056635	harbor1	chr16	4923605	4923794	SINE/MIR	493	+	94	4923699	67064
chr16	4856635	5056635	harbor1	chr16	4937584	4937791	SINE/MIR	460	+	104	4937688	81053
chr16	4856635	5056635	harbor1	chr16	4942200	4942394	SINE/MIR	566	+	97	4942297	85662
chr16	4856635	5056635	harbor1	chr16	4944570	4944678	SINE/MIR	540	+	54	4944624	87989
chr16	4856635	5056635	harbor1	chr16	4946213	4946381	SINE/MIR	566	+	84	4946297	89662
chr16	4856635	5056635	harbor1	chr16	4955240	4955394	SINE/MIR	649	+	77	4955317	98682
chr16	4856635	5056635	harbor1	chr16	4955527	4955601	SINE/MIR	649	+	37	4955564	98929
chr16	51637790	51837790	harbor1	chr16	51638406	51638586	SINE/MIR	653	+	90	51638496	706
chr16	51637790	51837790	harbor1	chr16	51648776	51648966	SINE/MIR	599	+	95	51648871	11081
chr16	51637790	51837790	harbor1	chr16	51651545	51651742	SINE/MIR	615	+	98	51651643	13853
chr16	51637790	51837790	harbor1	chr16	51664040	51664235	SINE/MIR	511	+	98	51664138	26348
chr16	51637790	51837790	harbor1	chr16	51667543	51667741	SINE/MIR	575	+	99	51667642	29852
chr16	51637790	51837790	harbor1	chr16	51696717	51696892	SINE/MIR	606	+	88	51696805	59015
chr16	51637790	51837790	harbor1	chr16	51701190	51701396	SINE/MIR	738	+	103	51701293	63503
chr16	62985236	63185236	harbor1	chr16	63062593	63062725	SINE/MIR	628	+	66	63062659	77423
chr16	61054666	61254666	harbor1	chr16	61062858	61063025	SINE/MIR	504	+	84	61062942	8276
chr16	61054666	61254666	harbor1	chr16	61086552	61086742	SINE/MIR	449	+	95	61086647	31981
chr16	61054666	61254666	harbor1	chr16	61153554	61153713	SINE/MIR	511	+	80	61153634	98968
chr16	66775587	66975587	harbor1	chr16	66796989	66797112	SINE/MIR	454	+	62	66797051	21464
chr16	66775587	66975587	harbor1	chr16	66809218	66809449	SINE/MIR	484	+	116	66809334	33747
chr16	66775587	66975587	harbor1	chr16	66812155	66812414	SINE/MIR	710	+	130	66812285	36698
chr16	66775587	66975587	harbor1	chr16	66819441	66819538	SINE/MIR	591	+	48	66819489	43902
chr16	66775587	66975587	harbor1	chr16	66819769	66819816	SINE/MIR	591	+	24	66819793	44206
chr16	66775587	66975587	harbor1	chr16	66841715	66841890	SINE/MIR	444	+	88	66841803	66216
chr16	66775587	66975587	harbor1	chr16	66843784	66844004	SINE/MIR	458	+	110	66843894	68307
chr16	66775587	66975587	harbor1	chr16	66849391	66849644	SINE/MIR	489	+	126	66849517	73930
chr16	12630057	12830057	harbor1	chr16	12637364	12637431	SINE/MIR	441	+	34	12637398	7341
chr16	12630057	12830057	harbor1	chr16	12637740	12637870	SINE/MIR	441	+	65	12637805	7748
chr16	12630057	12830057	harbor1	chr16	12653019	12653261	SINE/MIR	858	+	121	12653140	23083
chr16	12630057	12830057	harbor1	chr16	12708257	12708436	SINE/MIR	475	+	90	12708347	78290
chr16	5519386	5719386	harbor1	chr16	5526830	5527035	SINE/MIR	447	+	102	5526932	7546
chr16	5519386	5719386	harbor1	chr16	5531512	5531731	SINE/MIR	716	+	110	5531622	12236
chr16	5519386	5719386	harbor1	chr16	5608406	5608644	SINE/MIR	785	+	119	5608525	89139
chr16	32308904	32508904	harbor1	chr16	32355641	32355851	SINE/MIR	498	+	105	32355746	46842
chr16	29310903	29510903	harbor1	chr16	29359900	29360068	SINE/MIR	434	+	84	29359984	49081
chr16	29310903	29510903	harbor1	chr16	29402009	29402225	SINE/MIR	648	+	108	29402117	91214
chr16	29310903	29510903	harbor1	chr16	29404318	29404500	SINE/MIR	566	+	91	29404409	93506
chr16	88455042	88655042	harbor1	chr16	88459289	88459486	SINE/MIR	555	+	98	88459387	4345
chr16	88455042	88655042	harbor1	chr16	88526422	88526550	SINE/MIR	469	+	64	88526486	71444
chr16	57775662	57975662	harbor1	chr16	57776416	57776688	SINE/MIR	732	+	136	57776552	890
chr16	57775662	57975662	harbor1	chr16	57790520	57790758	SINE/MIR	621	+	119	57790639	14977
chr16	57775662	57975662	harbor1	chr16	57793999	57794169	SINE/MIR	473	+	85	57794084	18422
chr16	57775662	57975662	harbor1	chr16	57800912	57801103	SINE/MIR	664	+	96	57801008	25346
chr16	57775662	57975662	harbor1	chr16	57808708	57808922	SINE/MIR	464	+	107	57808815	33153
chr16	57775662	57975662	harbor1	chr16	57822153	57822356	SINE/MIR	498	+	102	57822255	46593
chr16	57775662	57975662	harbor1	chr16	57830113	57830225	SINE/MIR	627	+	56	57830169	54507
chr16	57775662	57975662	harbor1	chr16	57830643	57830719	SINE/MIR	627	+	38	57830681	55019
chr16	15183001	15383001	harbor1	chr16	15204489	15204708	SINE/MIR	461	+	110	15204599	21598
chr16	15183001	15383001	harbor1	chr16	15208392	15208555	SINE/MIR	501	+	82	15208474	25473
chr16	15183001	15383001	harbor1	chr16	15211897	15212126	SINE/MIR	624	+	114	15212011	29010
chr16	15183001	15383001	harbor1	chr16	15226108	15226319	SINE/MIR	919	+	106	15226214	43213
chr16	15183001	15383001	harbor1	chr16	15255966	15256129	SINE/MIR	524	+	82	15256048	73047
chr16	15183001	15383001	harbor1	chr16	15260678	15260880	SINE/MIR	647	+	101	15260779	77778
chr16	15183001	15383001	harbor1	chr16	15262995	15263161	SINE/MIR	583	+	83	15263078	80077
chr16	15183001	15383001	harbor1	chr16	15271506	15271716	SINE/MIR	651	+	105	15271611	88610
chr16	10693662	10893662	harbor1	chr16	10741795	10741946	SINE/MIR	434	+	76	10741871	48209
chr16	10693662	10893662	harbor1	chr16	10742096	10742311	SINE/MIR	518	+	108	10742204	48542
chr16	10693662	10893662	harbor1	chr16	10748470	10748682	SINE/MIR	704	+	106	10748576	54914
chr16	10693662	10893662	harbor1	chr16	10751864	10752000	SINE/MIR	495	+	68	10751932	58270
chr16	10693662	10893662	harbor1	chr16	10780565	10780758	SINE/MIR	530	+	96	10780661	86999
chr16	23000252	23200252	harbor1	chr16	23021018	23021203	SINE/MIR	451	+	92	23021110	20858
chr16	23000252	23200252	harbor1	chr16	23029306	23029481	SINE/MIR	465	+	88	23029394	29142
chr16	80386796	80586796	harbor1	chr16	80448641	80448817	SINE/MIR	472	+	88	80448729	61933
chr16	80386796	80586796	harbor1	chr16	80482471	80482646	SINE/MIR	436	+	88	80482559	95763
chr16	67599532	67799532	harbor1	chr16	67686344	67686522	SINE/MIR	442	+	89	67686433	86901
chr16	67599532	67799532	harbor1	chr16	67697141	67697313	SINE/MIR	853	+	86	67697227	97695
chr16	62149162	62349162	harbor1	chr16	62176671	62176874	SINE/MIR	565	+	102	62176773	27611
chr16	62149162	62349162	harbor1	chr16	62196827	62197062	SINE/MIR	671	+	118	62196945	47783
chr16	79103533	79303533	harbor1	chr16	79110757	79110916	SINE/MIR	467	+	80	79110837	7304
chr16	79103533	79303533	harbor1	chr16	79182585	79182812	SINE/MIR	773	+	114	79182699	79166
chr16	79103533	79303533	harbor1	chr16	79187100	79187266	SINE/MIR	598	+	83	79187183	83650
chr16	79103533	79303533	harbor1	chr16	79192740	79192876	SINE/MIR	439	+	68	79192808	89275
chr16	79103533	79303533	harbor1	chr16	79193905	79194064	SINE/MIR	577	+	80	79193985	90452
chr16	79103533	79303533	harbor1	chr16	79196838	79197044	SINE/MIR	437	+	103	79196941	93408
chr16	18807579	19007579	harbor1	chr16	18898844	18899067	SINE/MIR	633	+	112	18898956	91377
chr16	15572848	15772848	harbor1	chr16	15618020	15618234	SINE/MIR	829	+	107	15618127	45279
chr16	15572848	15772848	harbor1	chr16	15632813	15633011	SINE/MIR	509	+	99	15632912	60064
chr16	15572848	15772848	harbor1	chr16	15637057	15637252	SINE/MIR	775	+	98	15637155	64307
chr16	15572848	15772848	harbor1	chr16	15641961	15642152	SINE/MIR	616	+	96	15642057	69209
chr16	15572848	15772848	harbor1	chr16	15647324	15647474	SINE/MIR	477	+	75	15647399	74551
chr16	81726050	81926050	harbor1	chr16	81754971	81755090	SINE/MIR	463	+	60	81755031	28981
chr16	81726050	81926050	harbor1	chr16	81761474	81761721	SINE/MIR	642	+	124	81761598	35548
chr16	81726050	81926050	harbor1	chr16	81789983	81790185	SINE/MIR	507	+	101	81790084	64034
chr16	81726050	81926050	harbor1	chr16	81792106	81792157	SINE/MIR	533	+	26	81792132	66082
chr16	81726050	81926050	harbor1	chr16	81792872	81792993	SINE/MIR	533	+	60	81792932	66882
chr16	81726050	81926050	harbor1	chr16	81794516	81794722	SINE/MIR	737	+	103	81794619	68569
chr16	81726050	81926050	harbor1	chr16	81797729	81797820	SINE/MIR	545	+	46	81797775	71725
chr16	81726050	81926050	harbor1	chr16	81798131	81798201	SINE/MIR	545	+	35	81798166	72116
chr16	81726050	81926050	harbor1	chr16	81799955	81800204	SINE/MIR	812	+	124	81800079	74029
chr16	81726050	81926050	harbor1	chr16	81814742	81814958	SINE/MIR	603	+	108	81814850	88800
chr16	81726050	81926050	harbor1	chr16	81821887	81822034	SINE/MIR	453	+	74	81821961	95911
chr16	81726050	81926050	harbor1	chr16	81739639	81739855	SINE/MIR	1015	+	108	81739747	13697
chr16	18584927	18784927	harbor1	chr16	18586583	18586761	SINE/MIR	457	+	89	18586672	1745
chr16	18584927	18784927	harbor1	chr16	18589350	18589543	SINE/MIR	581	+	96	18589446	4519
chr16	18584927	18784927	harbor1	chr16	18590669	18590865	SINE/MIR	710	+	98	18590767	5840
chr16	18584927	18784927	harbor1	chr16	18623056	18623224	SINE/MIR	535	+	84	18623140	38213
chr16	18584927	18784927	harbor1	chr16	18630861	18631075	SINE/MIR	577	+	107	18630968	46041
chr16	18584927	18784927	harbor1	chr16	18647621	18647766	SINE/MIR	810	+	72	18647693	62766
chr16	18584927	18784927	harbor1	chr16	18648237	18648320	SINE/MIR	810	+	42	18648279	63352
chr16	18584927	18784927	harbor1	chr16	18652170	18652395	SINE/MIR	598	+	112	18652282	67355
chr16	6442710	6642710	harbor1	chr16	6452701	6452931	SINE/MIR	660	+	115	6452816	10106
chr16	6442710	6642710	harbor1	chr16	6458261	6458511	SINE/MIR	544	+	125	6458386	15676
chr16	6442710	6642710	harbor1	chr16	6502419	6502584	SINE/MIR	505	+	82	6502501	59791
chr16	6442710	6642710	harbor1	chr16	6513053	6513280	SINE/MIR	501	+	114	6513167	70457
chr16	6442710	6642710	harbor1	chr16	6539220	6539423	SINE/MIR	530	+	102	6539322	96612
chr16	22094488	22294488	harbor1	chr16	22099358	22099596	SINE/MIR	754	+	119	22099477	4989
chr16	22094488	22294488	harbor1	chr16	22110033	22110257	SINE/MIR	643	+	112	22110145	15657
chr16	22094488	22294488	harbor1	chr16	22112833	22113007	SINE/MIR	452	+	87	22112920	18432
chr16	22094488	22294488	harbor1	chr16	22114478	22114675	SINE/MIR	628	+	98	22114576	20088
chr16	22094488	22294488	harbor1	chr16	22137401	22137515	SINE/MIR	439	+	57	22137458	42970
chr16	22094488	22294488	harbor1	chr16	22138032	22138099	SINE/MIR	439	+	34	22138066	43578
chr16	22094488	22294488	harbor1	chr16	22143213	22143370	SINE/MIR	513	+	78	22143291	48803
chr16	50726345	50926345	harbor1	chr16	50751093	50751283	SINE/MIR	516	+	95	50751188	24843
chr16	50726345	50926345	harbor1	chr16	50800040	50800180	SINE/MIR	440	+	70	50800110	73765
chr16	17359444	17559444	harbor1	chr16	17372670	17372910	SINE/MIR	873	+	120	17372790	13346
chr16	17359444	17559444	harbor1	chr16	17383673	17383747	SINE/MIR	514	+	37	17383710	24266
chr16	17359444	17559444	harbor1	chr16	17384047	17384185	SINE/MIR	514	+	69	17384116	24672
chr16	17359444	17559444	harbor1	chr16	17394633	17394834	SINE/MIR	715	+	100	17394733	35289
chr16	17359444	17559444	harbor1	chr16	17396339	17396517	SINE/MIR	891	+	89	17396428	36984
chr16	17359444	17559444	harbor1	chr16	17401534	17401693	SINE/MIR	521	+	80	17401614	42170
chr16	17359444	17559444	harbor1	chr16	17411031	17411260	SINE/MIR	504	+	114	17411145	51701
chr16	17359444	17559444	harbor1	chr16	17424151	17424321	SINE/MIR	479	+	85	17424236	64792
chr16	17359444	17559444	harbor1	chr16	17428314	17428540	SINE/MIR	520	+	113	17428427	68983
chr16	17359444	17559444	harbor1	chr16	17443005	17443219	SINE/MIR	541	+	107	17443112	83668
chr16	17359444	17559444	harbor1	chr16	17449536	17449692	SINE/MIR	446	+	78	17449614	90170
chr16	17359444	17559444	harbor1	chr16	17456716	17456959	SINE/MIR	680	+	122	17456838	97394
chr16	69948732	70148732	harbor1	chr16	69994413	69994629	SINE/MIR	658	+	108	69994521	45789
chr16	69948732	70148732	harbor1	chr16	69996705	69996887	SINE/MIR	623	+	91	69996796	48064
chr16	69948732	70148732	harbor1	chr16	70018538	70018674	SINE/MIR	447	+	68	70018606	69874
chr16	71702800	71902800	harbor1	chr16	71703603	71703874	SINE/MIR	604	+	136	71703739	939
chr16	71702800	71902800	harbor1	chr16	71711487	71711667	SINE/MIR	701	+	90	71711577	8777
chr16	71702800	71902800	harbor1	chr16	71712020	71712176	SINE/MIR	562	+	78	71712098	9298
chr16	66707306	66907306	harbor1	chr16	66718680	66718861	SINE/MIR	489	+	90	66718770	11464
chr16	66707306	66907306	harbor1	chr16	66796989	66797112	SINE/MIR	454	+	62	66797051	89745
chr16	54735970	54935970	harbor1	chr16	54761575	54761818	SINE/MIR	633	+	122	54761697	25727
chr16	54735970	54935970	harbor1	chr16	54763524	54763738	SINE/MIR	525	+	107	54763631	27661
chr16	54735970	54935970	harbor1	chr16	54768600	54768792	SINE/MIR	561	+	96	54768696	32726
chr16	54735970	54935970	harbor1	chr16	54776320	54776554	SINE/MIR	545	+	117	54776437	40467
chr16	54735970	54935970	harbor1	chr16	54798243	54798381	SINE/MIR	705	+	69	54798312	62342
chr16	54735970	54935970	harbor1	chr16	54798769	54798879	SINE/MIR	705	+	55	54798824	62854
chr16	54735970	54935970	harbor1	chr16	54804803	54805023	SINE/MIR	946	+	110	54804913	68943
chr16	54735970	54935970	harbor1	chr16	54806300	54806475	SINE/MIR	503	+	88	54806388	70418
chr16	54735970	54935970	harbor1	chr16	54811135	54811310	SINE/MIR	483	+	88	54811223	75253
chr16	26860412	27060412	harbor1	chr16	26919310	26919513	SINE/MIR	616	+	102	26919412	59000
chr16	26860412	27060412	harbor1	chr16	26920319	26920539	SINE/MIR	512	+	110	26920429	60017
chr16	26860412	27060412	harbor1	chr16	26935334	26935523	SINE/MIR	870	+	94	26935428	75016
chr16	26860412	27060412	harbor1	chr16	26943387	26943556	SINE/MIR	465	+	84	26943471	83059
chr16	26860412	27060412	harbor1	chr16	26944887	26945072	SINE/MIR	535	+	92	26944979	84567
chr16	89080447	89280447	harbor1	chr16	89090088	89090215	SINE/MIR	467	+	64	89090152	9705
chr16	16507035	16707035	harbor1	chr16	16530333	16530561	SINE/MIR	557	+	114	16530447	23412
chr16	16507035	16707035	harbor1	chr16	16536495	16536721	SINE/MIR	918	+	113	16536608	29573
chr16	16507035	16707035	harbor1	chr16	16537637	16537864	SINE/MIR	733	+	114	16537751	30716
chr16	16507035	16707035	harbor1	chr16	16557202	16557421	SINE/MIR	445	+	110	16557312	50277
chr16	16507035	16707035	harbor1	chr16	16596150	16596327	SINE/MIR	445	+	88	16596238	89203
chr16	16507035	16707035	harbor1	chr16	16606826	16606973	SINE/MIR	457	+	74	16606900	99865
chr16	84053191	84253191	harbor1	chr16	84060166	84060363	SINE/MIR	525	+	98	84060264	7073
chr16	84053191	84253191	harbor1	chr16	84146961	84147195	SINE/MIR	599	+	117	84147078	93887
chr16	61075152	61275152	harbor1	chr16	61086552	61086742	SINE/MIR	449	+	95	61086647	11495
chr16	61075152	61275152	harbor1	chr16	61153554	61153713	SINE/MIR	511	+	80	61153634	78482
chr16	18237448	18437448	harbor1	chr16	18243138	18243352	SINE/MIR	546	+	107	18243245	5797
chr16	18237448	18437448	harbor1	chr16	18258433	18258565	SINE/MIR	468	+	66	18258499	21051
chr16	18237448	18437448	harbor1	chr16	18260325	18260549	SINE/MIR	658	+	112	18260437	22989
chr16	18237448	18437448	harbor1	chr16	18266559	18266788	SINE/MIR	711	+	114	18266673	29225
chr16	18237448	18437448	harbor1	chr16	18275545	18275719	SINE/MIR	567	+	87	18275632	38184
chr16	18237448	18437448	harbor1	chr16	18281556	18281754	SINE/MIR	639	+	99	18281655	44207
chr16	18237448	18437448	harbor1	chr16	18296862	18297035	SINE/MIR	664	+	86	18296948	59500
chr16	18237448	18437448	harbor1	chr16	18298816	18299023	SINE/MIR	509	+	104	18298920	61472
chr16	53736710	53936710	harbor1	chr16	53763915	53764142	SINE/MIR	563	+	114	53764029	27319
chr16	53736710	53936710	harbor1	chr16	53767930	53768029	SINE/MIR	439	+	50	53767980	31270
chr16	53736710	53936710	harbor1	chr16	53769287	53769544	SINE/MIR	1125	+	128	53769415	32705
chr16	53736710	53936710	harbor1	chr16	53780724	53780937	SINE/MIR	610	+	106	53780830	44120
chr16	53736710	53936710	harbor1	chr16	53781827	53781963	SINE/MIR	501	+	68	53781895	45185
chr16	53736710	53936710	harbor1	chr16	53825278	53825522	SINE/MIR	810	+	122	53825400	88690
chr16	53736710	53936710	harbor1	chr16	53834446	53834619	SINE/MIR	703	+	86	53834532	97822
chr16	4234615	4434615	harbor1	chr16	4307060	4307176	SINE/MIR	463	+	58	4307118	72503
chr16	4234615	4434615	harbor1	chr16	4325249	4325391	SINE/MIR	645	+	71	4325320	90705
chr16	68018215	68218215	harbor1	chr16	68049789	68050030	SINE/MIR	833	+	120	68049909	31694
chr16	68018215	68218215	harbor1	chr16	68055472	68055713	SINE/MIR	754	+	120	68055592	37377
chr16	68018215	68218215	harbor1	chr16	68068365	68068571	SINE/MIR	776	+	103	68068468	50253
chr16	86458047	86658047	harbor1	chr16	86459677	86459867	SINE/MIR	684	+	95	86459772	1725
chr16	86458047	86658047	harbor1	chr16	86460827	86461077	SINE/MIR	657	+	125	86460952	2905
chr16	86458047	86658047	harbor1	chr16	86477641	86477856	SINE/MIR	489	+	108	86477749	19702
chr16	86458047	86658047	harbor1	chr16	86481702	86481925	SINE/MIR	622	+	112	86481814	23767
chr16	86458047	86658047	harbor1	chr16	86491325	86491529	SINE/MIR	486	+	102	86491427	33380
chr16	86458047	86658047	harbor1	chr16	86492432	86492547	SINE/MIR	611	+	58	86492490	34443
chr16	86458047	86658047	harbor1	chr16	86520652	86520886	SINE/MIR	604	+	117	86520769	62722
chr16	86458047	86658047	harbor1	chr16	86546935	86547165	SINE/MIR	447	+	115	86547050	89003
chr16	4944311	5144311	harbor1	chr16	4944570	4944678	SINE/MIR	540	+	54	4944624	313
chr16	4944311	5144311	harbor1	chr16	4946213	4946381	SINE/MIR	566	+	84	4946297	1986
chr16	4944311	5144311	harbor1	chr16	4955240	4955394	SINE/MIR	649	+	77	4955317	11006
chr16	4944311	5144311	harbor1	chr16	4955527	4955601	SINE/MIR	649	+	37	4955564	11253
chr16	4944311	5144311	harbor1	chr16	4960602	4960812	SINE/MIR	503	+	105	4960707	16396
chr16	4944311	5144311	harbor1	chr16	4979295	4979447	SINE/MIR	489	+	76	4979371	35060
chr16	4944311	5144311	harbor1	chr16	4980003	4980226	SINE/MIR	573	+	112	4980115	35804
chr16	4944311	5144311	harbor1	chr16	5007029	5007219	SINE/MIR	519	+	95	5007124	62813
chr16	4944311	5144311	harbor1	chr16	5011697	5011825	SINE/MIR	439	+	64	5011761	67450
chr16	4944311	5144311	harbor1	chr16	5017987	5018229	SINE/MIR	962	+	121	5018108	73797
chr16	19828706	20028706	harbor1	chr16	19830671	19830894	SINE/MIR	544	+	112	19830783	2077
chr16	19828706	20028706	harbor1	chr16	19836885	19837065	SINE/MIR	728	+	90	19836975	8269
chr16	19828706	20028706	harbor1	chr16	19837424	19837637	SINE/MIR	520	+	106	19837530	8824
chr16	19828706	20028706	harbor1	chr16	19841420	19841581	SINE/MIR	553	+	80	19841500	12794
chr16	19828706	20028706	harbor1	chr16	19841627	19841837	SINE/MIR	627	+	105	19841732	13026
chr16	19828706	20028706	harbor1	chr16	19846951	19847199	SINE/MIR	872	+	124	19847075	18369
chr16	19828706	20028706	harbor1	chr16	19850287	19850439	SINE/MIR	455	+	76	19850363	21657
chr16	19828706	20028706	harbor1	chr16	19867308	19867486	SINE/MIR	667	+	89	19867397	38691
chr16	19828706	20028706	harbor1	chr16	19868917	19869046	SINE/MIR	623	+	64	19868981	40275
chr16	19828706	20028706	harbor1	chr16	19869354	19869421	SINE/MIR	623	+	34	19869388	40682
chr16	19828706	20028706	harbor1	chr16	19881171	19881282	SINE/MIR	602	+	56	19881227	52521
chr16	19828706	20028706	harbor1	chr16	19909018	19909230	SINE/MIR	592	+	106	19909124	80418
chr16	19828706	20028706	harbor1	chr16	19913315	19913544	SINE/MIR	779	+	114	19913429	84723
chr16	6513760	6713760	harbor1	chr16	6539220	6539423	SINE/MIR	530	+	102	6539322	25562
chr16	6513760	6713760	harbor1	chr16	6552367	6552544	SINE/MIR	473	+	88	6552455	38695
chr16	6513760	6713760	harbor1	chr16	6574093	6574230	SINE/MIR	490	+	68	6574161	60401
chr16	6513760	6713760	harbor1	chr16	6599662	6599903	SINE/MIR	451	+	120	6599782	86022
chr16	68058243	68258243	harbor1	chr16	68068365	68068571	SINE/MIR	776	+	103	68068468	10225
chr16	64015828	64215828	harbor1	chr16	64063532	64063710	SINE/MIR	449	+	89	64063621	47793
chr16	64015828	64215828	harbor1	chr16	64067910	64068074	SINE/MIR	442	+	82	64067992	52164
chr16	64015828	64215828	harbor1	chr16	64074121	64074311	SINE/MIR	576	+	95	64074216	58388
chr16	64015828	64215828	harbor1	chr16	64090530	64090681	SINE/MIR	460	+	76	64090606	74778
chr16	17060009	17260009	harbor1	chr16	17110045	17110256	SINE/MIR	513	+	106	17110151	50142
chr16	17060009	17260009	harbor1	chr16	17136412	17136568	SINE/MIR	459	+	78	17136490	76481
chr16	17060009	17260009	harbor1	chr16	17138050	17138210	SINE/MIR	455	+	80	17138130	78121
chr16	17060009	17260009	harbor1	chr16	17147995	17148225	SINE/MIR	450	+	115	17148110	88101
chr16	17060009	17260009	harbor1	chr16	17149711	17149918	SINE/MIR	501	+	104	17149815	89806
chr16	17060009	17260009	harbor1	chr16	17151110	17151143	SINE/MIR	720	+	16	17151126	91117
chr16	17060009	17260009	harbor1	chr16	17151438	17151626	SINE/MIR	720	+	94	17151532	91523
chr16	17060009	17260009	harbor1	chr16	17155154	17155279	SINE/MIR	459	+	62	17155216	95207
chr16	17060009	17260009	harbor1	chr16	17153920	17154123	SINE/MIR	558	+	102	17154022	94013
chr16	20627857	20827857	harbor1	chr16	20686019	20686160	SINE/MIR	490	+	70	20686089	58232
chr16	20627857	20827857	harbor1	chr16	20689851	20690043	SINE/MIR	490	+	96	20689947	62090
chr16	20627857	20827857	harbor1	chr16	20698366	20698522	SINE/MIR	487	+	78	20698444	70587
chr16	20627857	20827857	harbor1	chr16	20698805	20698942	SINE/MIR	487	+	68	20698873	71016
chr16	20627857	20827857	harbor1	chr16	20699724	20699853	SINE/MIR	523	+	64	20699788	71931
chr16	20627857	20827857	harbor1	chr16	20713077	20713276	SINE/MIR	688	+	100	20713177	85320
chr16	11368435	11568435	harbor1	chr16	11416353	11416497	SINE/MIR	552	+	72	11416425	47990
chr16	11368435	11568435	harbor1	chr16	11431233	11431382	SINE/MIR	661	+	74	11431307	62872
chr16	11368435	11568435	harbor1	chr16	11437972	11438181	SINE/MIR	559	+	104	11438076	69641
chr16	11368435	11568435	harbor1	chr16	11447180	11447359	SINE/MIR	626	+	90	11447270	78835
chr16	55756540	55956540	harbor1	chr16	55758408	55758526	SINE/MIR	439	+	59	55758467	1927
chr16	55756540	55956540	harbor1	chr16	55761024	55761260	SINE/MIR	762	+	118	55761142	4602
chr16	55756540	55956540	harbor1	chr16	55766609	55766785	SINE/MIR	912	+	88	55766697	10157
chr16	55756540	55956540	harbor1	chr16	55769016	55769188	SINE/MIR	570	+	86	55769102	12562
chr16	55756540	55956540	harbor1	chr16	55814410	55814608	SINE/MIR	732	+	99	55814509	57969
chr16	55756540	55956540	harbor1	chr16	55829020	55829173	SINE/MIR	463	+	76	55829096	72556
chr16	22393635	22593635	harbor1	chr16	22396646	22396802	SINE/MIR	1005	+	78	22396724	3089
chr16	22393635	22593635	harbor1	chr16	22397075	22397184	SINE/MIR	1005	+	54	22397129	3494
chr16	22393635	22593635	harbor1	chr16	22406287	22406467	SINE/MIR	494	+	90	22406377	12742
chr16	22393635	22593635	harbor1	chr16	22431838	22432045	SINE/MIR	608	+	104	22431942	38307
chr16	5125381	5325381	harbor1	chr16	5164040	5164201	SINE/MIR	482	+	80	5164120	38739
chr16	5125381	5325381	harbor1	chr16	5205824	5206003	SINE/MIR	559	+	90	5205914	80533
chr16	5125381	5325381	harbor1	chr16	5215330	5215550	SINE/MIR	549	+	110	5215440	90059
chr16	5125381	5325381	harbor1	chr16	5217233	5217481	SINE/MIR	715	+	124	5217357	91976
chr16	7783580	7983580	harbor1	chr16	7790265	7790411	SINE/MIR	453	+	73	7790338	6758
chr16	7783580	7983580	harbor1	chr16	7795184	7795419	SINE/MIR	717	+	118	7795302	11722
chr16	75453914	75653914	harbor1	chr16	75493126	75493228	SINE/MIR	520	+	51	75493177	39263
chr16	75453914	75653914	harbor1	chr16	75493534	75493647	SINE/MIR	520	+	56	75493590	39676
chr16	75453914	75653914	harbor1	chr16	75530742	75530931	SINE/MIR	492	+	94	75530836	76922
chr16	75453914	75653914	harbor1	chr16	75531905	75532054	SINE/MIR	597	+	74	75531979	78065
chr16	89794575	89994575	harbor1	chr16	89841561	89841683	SINE/MIR	477	+	61	89841622	47047
chr16	61490246	61690246	harbor1	chr16	61527410	61527628	SINE/MIR	525	+	109	61527519	37273
chr16	61490246	61690246	harbor1	chr16	61543691	61543907	SINE/MIR	509	+	108	61543799	53553
chr16	28590347	28790347	harbor1	chr16	28636471	28636699	SINE/MIR	606	+	114	28636585	46238
chr16	28590347	28790347	harbor1	chr16	28662018	28662117	SINE/MIR	493	+	50	28662068	71721
chr16	28590347	28790347	harbor1	chr16	28662417	28662466	SINE/MIR	493	+	24	28662441	72094
chr16	28590347	28790347	harbor1	chr16	28663456	28663656	SINE/MIR	676	+	100	28663556	73209
chr16	28590347	28790347	harbor1	chr16	28663956	28663968	SINE/MIR	578	+	6	28663962	73615
chr16	78827007	79027007	harbor1	chr16	78872174	78872309	SINE/MIR	501	+	68	78872242	45235
chr16	78827007	79027007	harbor1	chr16	78878302	78878563	SINE/MIR	678	+	130	78878432	51425
chr16	23385694	23585694	harbor1	chr16	23395819	23396003	SINE/MIR	531	+	92	23395911	10217
chr16	23385694	23585694	harbor1	chr16	23448710	23448932	SINE/MIR	776	+	111	23448821	63127
chr16	23385694	23585694	harbor1	chr16	23475489	23475621	SINE/MIR	592	+	66	23475555	89861
chr16	23385694	23585694	harbor1	chr16	23475956	23475992	SINE/MIR	592	+	18	23475974	90280
chr16	18477944	18677944	harbor1	chr16	18572372	18572533	SINE/MIR	548	+	80	18572452	94508
chr16	18477944	18677944	harbor1	chr16	18572586	18572770	SINE/MIR	666	+	92	18572678	94734
chr16	13138332	13338332	harbor1	chr16	13157363	13157591	SINE/MIR	854	+	114	13157477	19145
chr16	13138332	13338332	harbor1	chr16	13189361	13189520	SINE/MIR	544	+	80	13189441	51109
chr16	13138332	13338332	harbor1	chr16	13193145	13193285	SINE/MIR	461	+	70	13193215	54883
chr16	13138332	13338332	harbor1	chr16	13194358	13194538	SINE/MIR	640	+	90	13194448	56116
chr16	13138332	13338332	harbor1	chr16	13208954	13209185	SINE/MIR	434	+	116	13209070	70738
chr16	13138332	13338332	harbor1	chr16	13216228	13216440	SINE/MIR	508	+	106	13216334	78002
chr16	13138332	13338332	harbor1	chr16	13218514	13218749	SINE/MIR	627	+	118	13218632	80300
chr16	13138332	13338332	harbor1	chr16	13223947	13224102	SINE/MIR	462	+	78	13224025	85693
chr16	13138332	13338332	harbor1	chr16	13205477	13205600	SINE/MIR	522	+	62	13205539	67207
chr16	31259753	31459753	harbor1	chr16	31350544	31350708	SINE/MIR	486	+	82	31350626	90873
chr16	31259753	31459753	harbor1	chr16	31357563	31357712	SINE/MIR	440	+	74	31357637	97884
chr16	29345942	29545942	harbor1	chr16	29359900	29360068	SINE/MIR	434	+	84	29359984	14042
chr16	29345942	29545942	harbor1	chr16	29402009	29402225	SINE/MIR	648	+	108	29402117	56175
chr16	29345942	29545942	harbor1	chr16	29404318	29404500	SINE/MIR	566	+	91	29404409	58467
chr16	80762550	80962550	harbor1	chr16	80768699	80768931	SINE/MIR	482	+	116	80768815	6265
chr16	14543174	14743174	harbor1	chr16	14582691	14582922	SINE/MIR	904	+	116	14582807	39633
chr16	5272409	5472409	harbor1	chr16	5316515	5316629	SINE/MIR	470	+	57	5316572	44163
chr16	5272409	5472409	harbor1	chr16	5317281	5317326	SINE/MIR	470	+	22	5317303	44894
chr16	5272409	5472409	harbor1	chr16	5322958	5323155	SINE/MIR	506	+	98	5323056	50647
chr16	5272409	5472409	harbor1	chr16	5342380	5342605	SINE/MIR	492	+	112	5342492	70083
chr16	5272409	5472409	harbor1	chr16	5346735	5346950	SINE/MIR	669	+	108	5346843	74434
chr16	5272409	5472409	harbor1	chr16	5354363	5354573	SINE/MIR	579	+	105	5354468	82059
chr17	49618180	49818180	harbor1	chr17	49682893	49683083	SINE/MIR	516	+	95	49682988	64808
chr17	49618180	49818180	harbor1	chr17	49683660	49683709	SINE/MIR	516	+	24	49683684	65504
chr17	49618180	49818180	harbor1	chr17	49704549	49704766	SINE/MIR	941	+	108	49704657	86477
chr17	49618180	49818180	harbor1	chr17	49708479	49708668	SINE/MIR	554	+	94	49708573	90393
chr17	50352094	50552094	harbor1	chr17	50369016	50369244	SINE/MIR	846	+	114	50369130	17036
chr17	50352094	50552094	harbor1	chr17	50389346	50389556	SINE/MIR	519	+	105	50389451	37357
chr17	50352094	50552094	harbor1	chr17	50398307	50398552	SINE/MIR	506	+	122	50398429	46335
chr17	71898852	72098852	harbor1	chr17	71956612	71956744	SINE/MIR	510	+	66	71956678	57826
chr17	71898852	72098852	harbor1	chr17	71957055	71957153	SINE/MIR	510	+	49	71957104	58252
chr17	37527918	37727918	harbor1	chr17	37536290	37536531	SINE/MIR	1050	+	120	37536410	8492
chr17	37527918	37727918	harbor1	chr17	37543411	37543645	SINE/MIR	550	+	117	37543528	15610
chr17	37527918	37727918	harbor1	chr17	37585782	37585966	SINE/MIR	647	+	92	37585874	57956
chr17	37527918	37727918	harbor1	chr17	37596434	37596567	SINE/MIR	496	+	66	37596500	68582
chr17	29062749	29262749	harbor1	chr17	29079252	29079505	SINE/MIR	728	+	126	29079378	16629
chr17	29062749	29262749	harbor1	chr17	29087171	29087380	SINE/MIR	569	+	104	29087275	24526
chr17	29062749	29262749	harbor1	chr17	29107943	29108161	SINE/MIR	670	+	109	29108052	45303
chr17	29062749	29262749	harbor1	chr17	29109204	29109310	SINE/MIR	644	+	53	29109257	46508
chr17	29062749	29262749	harbor1	chr17	29142695	29142800	SINE/MIR	725	+	52	29142747	79998
chr17	29062749	29262749	harbor1	chr17	29143108	29143226	SINE/MIR	725	+	59	29143167	80418
chr17	29062749	29262749	harbor1	chr17	29144470	29144710	SINE/MIR	626	+	120	29144590	81841
chr17	29062749	29262749	harbor1	chr17	29157511	29157716	SINE/MIR	639	+	102	29157613	94864
chr17	6933584	7133584	harbor1	chr17	7013882	7014109	SINE/MIR	618	+	114	7013996	80412
chr17	36112097	36312097	harbor1	chr17	36149798	36150037	SINE/MIR	490	+	120	36149918	37821
chr17	36112097	36312097	harbor1	chr17	36203510	36203735	SINE/MIR	819	+	112	36203622	91525
chr17	36112097	36312097	harbor1	chr17	36210266	36210503	SINE/MIR	697	+	118	36210384	98287
chr17	27986699	28186699	harbor1	chr17	27991395	27991579	SINE/MIR	524	+	92	27991487	4788
chr17	27986699	28186699	harbor1	chr17	28020948	28021153	SINE/MIR	524	+	102	28021050	34351
chr17	27986699	28186699	harbor1	chr17	28023723	28023833	SINE/MIR	679	+	55	28023778	37079
chr17	27986699	28186699	harbor1	chr17	28024147	28024253	SINE/MIR	679	+	53	28024200	37501
chr17	27986699	28186699	harbor1	chr17	28047032	28047207	SINE/MIR	770	+	88	28047120	60421
chr17	27986699	28186699	harbor1	chr17	28064711	28064942	SINE/MIR	817	+	116	28064827	78128
chr17	27986699	28186699	harbor1	chr17	28084082	28084314	SINE/MIR	508	+	116	28084198	97499
chr17	12440074	12640074	harbor1	chr17	12445599	12445817	SINE/MIR	565	+	109	12445708	5634
chr17	72962286	73162286	harbor1	chr17	73047343	73047461	SINE/MIR	542	+	59	73047402	85116
chr17	62281739	62481739	harbor1	chr17	62311798	62312010	SINE/MIR	494	+	106	62311904	30165
chr17	61817030	62017030	harbor1	chr17	61836891	61837077	SINE/MIR	769	+	93	61836984	19954
chr17	61817030	62017030	harbor1	chr17	61844768	61844933	SINE/MIR	503	+	82	61844850	27820
chr17	61817030	62017030	harbor1	chr17	61861726	61861892	SINE/MIR	513	+	83	61861809	44779
chr17	61817030	62017030	harbor1	chr17	61862287	61862482	SINE/MIR	535	+	98	61862385	45355
chr17	61817030	62017030	harbor1	chr17	61870828	61871058	SINE/MIR	1041	+	115	61870943	53913
chr17	61817030	62017030	harbor1	chr17	61875266	61875407	SINE/MIR	498	+	70	61875336	58306
chr17	31549001	31749001	harbor1	chr17	31610047	31610215	SINE/MIR	501	+	84	31610131	61130
chr17	49793583	49993583	harbor1	chr17	49809996	49810218	SINE/MIR	548	+	111	49810107	16524
chr17	49793583	49993583	harbor1	chr17	49847444	49847666	SINE/MIR	765	+	111	49847555	53972
chr17	49793583	49993583	harbor1	chr17	49875028	49875262	SINE/MIR	820	+	117	49875145	81562
chr17	49793583	49993583	harbor1	chr17	49877171	49877363	SINE/MIR	797	+	96	49877267	83684
chr17	49793583	49993583	harbor1	chr17	49879179	49879398	SINE/MIR	644	+	110	49879289	85706
chr17	75396099	75596099	harbor1	chr17	75401616	75401811	SINE/MIR	639	+	98	75401714	5615
chr17	7697627	7897627	harbor1	chr17	7704567	7704803	SINE/MIR	638	+	118	7704685	7058
chr17	7697627	7897627	harbor1	chr17	7706613	7706829	SINE/MIR	517	+	108	7706721	9094
chr17	7697627	7897627	harbor1	chr17	7740119	7740327	SINE/MIR	804	+	104	7740223	42596
chr17	7697627	7897627	harbor1	chr17	7761984	7762198	SINE/MIR	576	+	107	7762091	64464
chr17	7697627	7897627	harbor1	chr17	7769868	7770002	SINE/MIR	522	+	67	7769935	72308
chr17	8396369	8596369	harbor1	chr17	8400808	8400966	SINE/MIR	678	+	79	8400887	4518
chr17	8396369	8596369	harbor1	chr17	8410986	8411162	SINE/MIR	821	+	88	8411074	14705
chr17	8396369	8596369	harbor1	chr17	8420133	8420274	SINE/MIR	662	+	70	8420203	23834
chr17	8396369	8596369	harbor1	chr17	8431339	8431518	SINE/MIR	525	+	90	8431429	35060
chr17	8396369	8596369	harbor1	chr17	8431549	8431774	SINE/MIR	595	+	112	8431661	35292
chr17	33785461	33985461	harbor1	chr17	33801479	33801694	SINE/MIR	572	+	108	33801587	16126
chr17	33785461	33985461	harbor1	chr17	33856119	33856349	SINE/MIR	578	+	115	33856234	70773
chr17	33785461	33985461	harbor1	chr17	33873475	33873691	SINE/MIR	532	+	108	33873583	88122
chr17	6538918	6738918	harbor1	chr17	6542502	6542699	SINE/MIR	646	+	98	6542600	3682
chr17	6538918	6738918	harbor1	chr17	6545072	6545271	SINE/MIR	605	+	100	6545172	6254
chr17	6538918	6738918	harbor1	chr17	6574060	6574222	SINE/MIR	659	+	81	6574141	35223
chr17	6538918	6738918	harbor1	chr17	6578013	6578175	SINE/MIR	712	+	81	6578094	39176
chr17	6538918	6738918	harbor1	chr17	6595556	6595714	SINE/MIR	514	+	79	6595635	56717
chr17	6538918	6738918	harbor1	chr17	6597003	6597200	SINE/MIR	673	+	98	6597101	58183
chr17	2007981	2207981	harbor1	chr17	2037815	2038024	SINE/MIR	591	+	104	2037919	29938
chr17	2007981	2207981	harbor1	chr17	2092750	2092912	SINE/MIR	524	+	81	2092831	84850
chr17	9397947	9597947	harbor1	chr17	9460757	9460954	SINE/MIR	797	+	98	9460855	62908
chr17	9397947	9597947	harbor1	chr17	9463167	9463347	SINE/MIR	535	+	90	9463257	65310
chr17	34477470	34677470	harbor1	chr17	34489348	34489515	SINE/MIR	615	+	84	34489432	11962
chr17	34477470	34677470	harbor1	chr17	34490305	34490545	SINE/MIR	849	+	120	34490425	12955
chr17	34477470	34677470	harbor1	chr17	34493749	34493982	SINE/MIR	902	+	116	34493865	16395
chr17	34477470	34677470	harbor1	chr17	34498667	34498879	SINE/MIR	575	+	106	34498773	21303
chr17	34477470	34677470	harbor1	chr17	34515765	34515956	SINE/MIR	670	+	96	34515861	38391
chr17	34477470	34677470	harbor1	chr17	34520235	34520408	SINE/MIR	487	+	86	34520321	42851
chr17	34477470	34677470	harbor1	chr17	34530038	34530204	SINE/MIR	630	+	83	34530121	52651
chr17	34477470	34677470	harbor1	chr17	34534002	34534140	SINE/MIR	509	+	69	34534071	56601
chr17	34477470	34677470	harbor1	chr17	34536981	34537169	SINE/MIR	670	+	94	34537075	59605
chr17	34477470	34677470	harbor1	chr17	34555536	34555721	SINE/MIR	662	+	92	34555628	78158
chr17	34477470	34677470	harbor1	chr17	34562718	34562956	SINE/MIR	537	+	119	34562837	85367
chr17	34477470	34677470	harbor1	chr17	34565946	34566194	SINE/MIR	608	+	124	34566070	88600
chr17	34477470	34677470	harbor1	chr17	34576001	34576245	SINE/MIR	862	+	122	34576123	98653
chr17	34477470	34677470	harbor1	chr17	34570042	34570251	SINE/MIR	544	+	104	34570146	92676
chr17	69596742	69796742	harbor1	chr17	69692808	69693048	SINE/MIR	584	+	120	69692928	96186
chr17	29442999	29642999	harbor1	chr17	29476442	29476568	SINE/MIR	538	+	63	29476505	33506
chr17	6359288	6559288	harbor1	chr17	6364760	6364973	SINE/MIR	538	+	106	6364866	5578
chr17	6359288	6559288	harbor1	chr17	6440352	6440600	SINE/MIR	718	+	124	6440476	81188
chr17	57428377	57628377	harbor1	chr17	57429857	57430073	SINE/MIR	485	+	108	57429965	1588
chr17	57428377	57628377	harbor1	chr17	57436119	57436354	SINE/MIR	666	+	118	57436237	7860
chr17	57428377	57628377	harbor1	chr17	57448813	57448989	SINE/MIR	536	+	88	57448901	20524
chr17	57428377	57628377	harbor1	chr17	57468035	57468244	SINE/MIR	773	+	104	57468139	39762
chr17	57428377	57628377	harbor1	chr17	57468542	57468592	SINE/MIR	773	+	25	57468567	40190
chr17	57428377	57628377	harbor1	chr17	57470757	57470948	SINE/MIR	805	+	96	57470853	42476
chr17	57428377	57628377	harbor1	chr17	57472542	57472773	SINE/MIR	597	+	116	57472658	44281
chr17	57428377	57628377	harbor1	chr17	57489068	57489241	SINE/MIR	511	+	86	57489154	60777
chr17	57428377	57628377	harbor1	chr17	57502287	57502551	SINE/MIR	695	+	132	57502419	74042
chr17	57428377	57628377	harbor1	chr17	57519780	57519901	SINE/MIR	500	+	60	57519840	91463
chr17	71732756	71932756	harbor1	chr17	71750220	71750447	SINE/MIR	540	+	114	71750334	17578
chr17	71732756	71932756	harbor1	chr17	71815609	71815836	SINE/MIR	696	+	114	71815723	82967
chr17	57878223	58078223	harbor1	chr17	57901111	57901268	SINE/MIR	646	+	78	57901189	22966
chr17	57878223	58078223	harbor1	chr17	57943960	57944187	SINE/MIR	782	+	114	57944074	65851
chr17	57878223	58078223	harbor1	chr17	57949877	57950107	SINE/MIR	892	+	115	57949992	71769
chr17	69894440	70094440	harbor1	chr17	69899080	69899300	SINE/MIR	825	+	110	69899190	4750
chr17	69894440	70094440	harbor1	chr17	69911148	69911334	SINE/MIR	595	+	93	69911241	16801
chr17	69894440	70094440	harbor1	chr17	69954372	69954578	SINE/MIR	743	+	103	69954475	60035
chr17	69894440	70094440	harbor1	chr17	69975610	69975789	SINE/MIR	551	+	90	69975700	81260
chr17	61497291	61697291	harbor1	chr17	61523634	61523807	SINE/MIR	495	+	86	61523720	26429
chr17	61497291	61697291	harbor1	chr17	61574246	61574423	SINE/MIR	565	+	88	61574334	77043
chr17	33538029	33738029	harbor1	chr17	33541863	33542066	SINE/MIR	501	+	102	33541965	3936
chr17	33538029	33738029	harbor1	chr17	33576759	33577009	SINE/MIR	801	+	125	33576884	38855
chr17	33538029	33738029	harbor1	chr17	33582439	33582677	SINE/MIR	956	+	119	33582558	44529
chr17	33538029	33738029	harbor1	chr17	33588247	33588424	SINE/MIR	496	+	88	33588335	50306
chr17	33538029	33738029	harbor1	chr17	33593481	33593704	SINE/MIR	513	+	112	33593593	55564
chr17	33538029	33738029	harbor1	chr17	33595598	33595769	SINE/MIR	660	+	86	33595684	57655
chr17	33538029	33738029	harbor1	chr17	33614797	33614973	SINE/MIR	762	+	88	33614885	76856
chr17	33538029	33738029	harbor1	chr17	33630601	33630808	SINE/MIR	692	+	104	33630705	92676
chr17	33538029	33738029	harbor1	chr17	33632016	33632235	SINE/MIR	858	+	110	33632126	94097
chr17	33538029	33738029	harbor1	chr17	33537931	33538115	SINE/MIR	680	+	92	33538023	6
chr17	75796497	75996497	harbor1	chr17	75816400	75816641	SINE/MIR	693	+	120	75816520	20023
chr17	75796497	75996497	harbor1	chr17	75820249	75820393	SINE/MIR	516	+	72	75820321	23824
chr17	75796497	75996497	harbor1	chr17	75854685	75854923	SINE/MIR	564	+	119	75854804	58307
chr17	46417069	46617069	harbor1	chr17	46440867	46441067	SINE/MIR	486	+	100	46440967	23898
chr17	46417069	46617069	harbor1	chr17	46515657	46515867	SINE/MIR	792	+	105	46515762	98693
chr17	42164946	42364946	harbor1	chr17	42174175	42174352	SINE/MIR	580	+	88	42174263	9317
chr17	42164946	42364946	harbor1	chr17	42179325	42179533	SINE/MIR	788	+	104	42179429	14483
chr17	42164946	42364946	harbor1	chr17	42181670	42181841	SINE/MIR	503	+	86	42181756	16810
chr17	42164946	42364946	harbor1	chr17	42193716	42193893	SINE/MIR	620	+	88	42193804	28858
chr17	8708227	8908227	harbor1	chr17	8711235	8711357	SINE/MIR	568	+	61	8711296	3069
chr17	8708227	8908227	harbor1	chr17	8794072	8794315	SINE/MIR	739	+	122	8794194	85967
chr17	8708227	8908227	harbor1	chr17	8805147	8805347	SINE/MIR	790	+	100	8805247	97020
chr17	54145149	54345149	harbor1	chr17	54187356	54187585	SINE/MIR	649	+	114	54187470	42321
chr17	54145149	54345149	harbor1	chr17	54187981	54188006	SINE/MIR	649	+	12	54187993	42844
chr17	76511755	76711755	harbor1	chr17	76545548	76545784	SINE/MIR	667	+	118	76545666	33911
chr17	76511755	76711755	harbor1	chr17	76551783	76552026	SINE/MIR	550	+	122	76551905	40150
chr17	76511755	76711755	harbor1	chr17	76554769	76554903	SINE/MIR	906	+	67	76554836	43081
chr17	76511755	76711755	harbor1	chr17	76555754	76555856	SINE/MIR	906	+	51	76555805	44050
chr17	76511755	76711755	harbor1	chr17	76579520	76579548	SINE/MIR	599	+	14	76579534	67779
chr17	76511755	76711755	harbor1	chr17	76579941	76580130	SINE/MIR	599	+	94	76580035	68280
chr17	76511755	76711755	harbor1	chr17	76597896	76598113	SINE/MIR	654	+	108	76598004	86249
chr17	75572234	75772234	harbor1	chr17	75578696	75578897	SINE/MIR	662	+	100	75578796	6562
chr17	75572234	75772234	harbor1	chr17	75595418	75595604	SINE/MIR	550	+	93	75595511	23277
chr17	75572234	75772234	harbor1	chr17	75601819	75601974	SINE/MIR	584	+	78	75601897	29663
chr17	75572234	75772234	harbor1	chr17	75645324	75645457	SINE/MIR	492	+	66	75645390	73156
chr17	53984220	54184220	harbor1	chr17	54012663	54012841	SINE/MIR	516	+	89	54012752	28532
chr17	53984220	54184220	harbor1	chr17	54027918	54028142	SINE/MIR	603	+	112	54028030	43810
chr17	45854010	46054010	harbor1	chr17	45918336	45918532	SINE/MIR	636	+	98	45918434	64424
chr17	45854010	46054010	harbor1	chr17	45922947	45923193	SINE/MIR	515	+	123	45923070	69060
chr17	45854010	46054010	harbor1	chr17	45923765	45924012	SINE/MIR	1104	+	124	45923889	69879
chr17	45854010	46054010	harbor1	chr17	45940324	45940511	SINE/MIR	652	+	94	45940418	86408
chr17	45854010	46054010	harbor1	chr17	45948609	45948778	SINE/MIR	651	+	84	45948693	94683
chr17	15715815	15915815	harbor1	chr17	15720023	15720223	SINE/MIR	526	+	100	15720123	4308
chr17	392407	592407	harbor1	chr17	416492	416701	SINE/MIR	525	+	104	416596	24189
chr17	70902390	71102390	harbor1	chr17	70936885	70937133	SINE/MIR	762	+	124	70937009	34619
chr17	70902390	71102390	harbor1	chr17	70978686	70978949	SINE/MIR	592	+	132	70978818	76428
chr17	63352799	63552799	harbor1	chr17	63356654	63356863	SINE/MIR	584	+	104	63356758	3959
chr17	63352799	63552799	harbor1	chr17	63383963	63384069	SINE/MIR	629	+	53	63384016	31217
chr17	63352799	63552799	harbor1	chr17	63384348	63384453	SINE/MIR	629	+	52	63384400	31601
chr17	7106342	7306342	harbor1	chr17	7129992	7130201	SINE/MIR	751	+	104	7130096	23754
chr17	7106342	7306342	harbor1	chr17	7110507	7110687	SINE/MIR	589	+	90	7110597	4255
chr17	55569191	55769191	harbor1	chr17	55577475	55577630	SINE/MIR	533	+	78	55577553	8362
chr17	55569191	55769191	harbor1	chr17	55584139	55584371	SINE/MIR	740	+	116	55584255	15064
chr17	55569191	55769191	harbor1	chr17	55584495	55584679	SINE/MIR	490	+	92	55584587	15396
chr17	55569191	55769191	harbor1	chr17	55618118	55618340	SINE/MIR	597	+	111	55618229	49038
chr17	55569191	55769191	harbor1	chr17	55655684	55655878	SINE/MIR	535	+	97	55655781	86590
chr17	55569191	55769191	harbor1	chr17	55657320	55657486	SINE/MIR	825	+	83	55657403	88212
chr17	55569191	55769191	harbor1	chr17	55658812	55659091	SINE/MIR	667	+	140	55658952	89761
chr17	12267707	12467707	harbor1	chr17	12298403	12298640	SINE/MIR	833	+	118	12298521	30814
chr17	12267707	12467707	harbor1	chr17	12320200	12320417	SINE/MIR	602	+	108	12320308	52601
chr17	5177369	5377369	harbor1	chr17	5187551	5187814	SINE/MIR	1164	+	132	5187683	10314
chr17	5177369	5377369	harbor1	chr17	5192548	5192780	SINE/MIR	571	+	116	5192664	15295
chr17	5177369	5377369	harbor1	chr17	5212219	5212352	SINE/MIR	817	+	66	5212285	34916
chr17	5177369	5377369	harbor1	chr17	5212656	5212764	SINE/MIR	817	+	54	5212710	35341
chr17	5177369	5377369	harbor1	chr17	5272693	5272851	SINE/MIR	579	+	79	5272772	95403
chr17	5177369	5377369	harbor1	chr17	5273163	5273208	SINE/MIR	579	+	22	5273185	95816
chr17	15603045	15803045	harbor1	chr17	15627419	15627450	SINE/MIR	619	+	16	15627435	24390
chr17	15603045	15803045	harbor1	chr17	15627755	15627972	SINE/MIR	619	+	108	15627863	24818
chr17	15603045	15803045	harbor1	chr17	15681957	15682159	SINE/MIR	508	+	101	15682058	79013
chr17	66116854	66316854	harbor1	chr17	66167690	66167915	SINE/MIR	505	+	112	66167802	50948
chr17	2033096	2233096	harbor1	chr17	2037815	2038024	SINE/MIR	591	+	104	2037919	4823
chr17	2033096	2233096	harbor1	chr17	2092750	2092912	SINE/MIR	524	+	81	2092831	59735
chr17	55405051	55605051	harbor1	chr17	55410060	55410240	SINE/MIR	514	+	90	55410150	5099
chr17	55405051	55605051	harbor1	chr17	55419034	55419254	SINE/MIR	578	+	110	55419144	14093
chr17	55405051	55605051	harbor1	chr17	55465207	55465383	SINE/MIR	585	+	88	55465295	60244
chr17	55405051	55605051	harbor1	chr17	55477637	55477820	SINE/MIR	746	+	92	55477729	72678
chr17	44381467	44581467	harbor1	chr17	44453245	44453430	SINE/MIR	671	+	92	44453337	71870
chr17	39481929	39681929	harbor1	chr17	39557799	39558041	SINE/MIR	930	+	121	39557920	75991
chr17	39481929	39681929	harbor1	chr17	39580218	39580417	SINE/MIR	570	+	100	39580318	98389
chr17	54331164	54531164	harbor1	chr17	54425446	54425672	SINE/MIR	765	+	113	54425559	94395
chr17	50966884	51166884	harbor1	chr17	50983707	50983835	SINE/MIR	493	+	64	50983771	16887
chr17	50966884	51166884	harbor1	chr17	51017561	51017703	SINE/MIR	519	+	71	51017632	50748
chr17	46278017	46478017	harbor1	chr17	46298078	46298288	SINE/MIR	753	+	105	46298183	20166
chr17	46278017	46478017	harbor1	chr17	46320768	46320888	SINE/MIR	635	+	60	46320828	42811
chr17	56047537	56247537	harbor1	chr17	56075161	56075390	SINE/MIR	555	+	114	56075275	27738
chr17	56047537	56247537	harbor1	chr17	56076523	56076774	SINE/MIR	661	+	126	56076649	29112
chr17	56047537	56247537	harbor1	chr17	56095911	56096152	SINE/MIR	723	+	120	56096031	48494
chr17	56047537	56247537	harbor1	chr17	56108997	56109147	SINE/MIR	632	+	75	56109072	61535
chr17	56047537	56247537	harbor1	chr17	56140563	56140761	SINE/MIR	743	+	99	56140662	93125
chr17	12639588	12839588	harbor1	chr17	12668641	12668874	SINE/MIR	558	+	116	12668757	29169
chr17	12639588	12839588	harbor1	chr17	12676798	12677027	SINE/MIR	498	+	114	12676912	37324
chr17	42082318	42282318	harbor1	chr17	42103362	42103567	SINE/MIR	598	+	102	42103464	21146
chr17	42082318	42282318	harbor1	chr17	42136441	42136680	SINE/MIR	520	+	120	42136561	54243
chr17	42082318	42282318	harbor1	chr17	42141633	42141841	SINE/MIR	526	+	104	42141737	59419
chr17	42082318	42282318	harbor1	chr17	42174175	42174352	SINE/MIR	580	+	88	42174263	91945
chr17	42082318	42282318	harbor1	chr17	42179325	42179533	SINE/MIR	788	+	104	42179429	97111
chr17	42082318	42282318	harbor1	chr17	42181670	42181841	SINE/MIR	503	+	86	42181756	99438
chr17	27311050	27511050	harbor1	chr17	27339170	27339360	SINE/MIR	510	+	95	27339265	28215
chr17	27311050	27511050	harbor1	chr17	27354762	27354900	SINE/MIR	534	+	69	27354831	43781
chr17	27311050	27511050	harbor1	chr17	27379499	27379716	SINE/MIR	788	+	108	27379607	68557
chr17	27311050	27511050	harbor1	chr17	27398143	27398279	SINE/MIR	562	+	68	27398211	87161
chr17	27311050	27511050	harbor1	chr17	27406947	27407124	SINE/MIR	593	+	88	27407035	95985
chr17	11647981	11847981	harbor1	chr17	11681815	11682036	SINE/MIR	711	+	110	11681925	33944
chr17	11647981	11847981	harbor1	chr17	11692127	11692285	SINE/MIR	557	+	79	11692206	44225
chr17	11647981	11847981	harbor1	chr17	11730514	11730725	SINE/MIR	532	+	106	11730620	82639
chr17	11647981	11847981	harbor1	chr17	11736132	11736289	SINE/MIR	485	+	78	11736210	88229
chr17	11647981	11847981	harbor1	chr17	11738029	11738280	SINE/MIR	601	+	126	11738155	90174
chr17	72984408	73184408	harbor1	chr17	73047343	73047461	SINE/MIR	542	+	59	73047402	62994
chr17	72984408	73184408	harbor1	chr17	73075510	73075570	SINE/MIR	667	+	30	73075540	91132
chr17	72984408	73184408	harbor1	chr17	73075860	73076046	SINE/MIR	667	+	93	73075953	91545
chr17	71541085	71741085	harbor1	chr17	71573486	71573649	SINE/MIR	501	+	82	71573568	32483
chr17	71541085	71741085	harbor1	chr17	71596671	71596831	SINE/MIR	506	+	80	71596751	55666
chr17	15502708	15702708	harbor1	chr17	15517389	15517606	SINE/MIR	674	+	108	15517497	14789
chr17	15502708	15702708	harbor1	chr17	15598742	15598894	SINE/MIR	519	+	76	15598818	96110
chr17	15502708	15702708	harbor1	chr17	15599191	15599237	SINE/MIR	519	+	23	15599214	96506
chr17	15502708	15702708	harbor1	chr17	15599455	15599525	SINE/MIR	519	+	35	15599490	96782
chr17	15502708	15702708	harbor1	chr17	15599783	15599935	SINE/MIR	636	+	76	15599859	97151
chr17	15502708	15702708	harbor1	chr17	15600232	15600263	SINE/MIR	636	+	16	15600248	97540
chr17	62933694	63133694	harbor1	chr17	62962268	62962459	SINE/MIR	566	+	96	62962364	28670
chr17	68656542	68856542	harbor1	chr17	68689653	68689866	SINE/MIR	529	+	106	68689759	33217
chr17	68656542	68856542	harbor1	chr17	68702688	68702812	SINE/MIR	486	+	62	68702750	46208
chr17	68656542	68856542	harbor1	chr17	68712730	68712928	SINE/MIR	582	+	99	68712829	56287
chr17	68656542	68856542	harbor1	chr17	68721875	68722108	SINE/MIR	745	+	116	68721991	65449
chr17	68656542	68856542	harbor1	chr17	68756056	68756244	SINE/MIR	587	+	94	68756150	99608
chr17	42975210	43175210	harbor1	chr17	42997375	42997601	SINE/MIR	561	+	113	42997488	22278
chr17	42975210	43175210	harbor1	chr17	42997590	42997807	SINE/MIR	650	+	108	42997698	22488
chr17	42975210	43175210	harbor1	chr17	43004915	43005091	SINE/MIR	576	+	88	43005003	29793
chr17	42975210	43175210	harbor1	chr17	43011119	43011236	SINE/MIR	762	+	58	43011177	35967
chr17	42975210	43175210	harbor1	chr17	43011551	43011683	SINE/MIR	762	+	66	43011617	36407
chr17	42975210	43175210	harbor1	chr17	43035029	43035235	SINE/MIR	598	+	103	43035132	59922
chr17	42975210	43175210	harbor1	chr17	43040430	43040577	SINE/MIR	608	+	74	43040504	65294
chr17	42975210	43175210	harbor1	chr17	43055334	43055365	SINE/MIR	851	+	16	43055350	80140
chr17	42975210	43175210	harbor1	chr17	43055961	43056172	SINE/MIR	851	+	106	43056067	80857
chr17	42975210	43175210	harbor1	chr17	43056479	43056510	SINE/MIR	841	+	16	43056495	81285
chr17	31677766	31877766	harbor1	chr17	31692704	31692884	SINE/MIR	496	+	90	31692794	15028
chr17	31677766	31877766	harbor1	chr17	31726016	31726225	SINE/MIR	568	+	104	31726120	48354
chr17	31677766	31877766	harbor1	chr17	31728030	31728184	SINE/MIR	538	+	77	31728107	50341
chr17	31677766	31877766	harbor1	chr17	31753039	31753189	SINE/MIR	531	+	75	31753114	75348
chr17	31677766	31877766	harbor1	chr17	31753206	31753392	SINE/MIR	956	+	93	31753299	75533
chr17	31677766	31877766	harbor1	chr17	31756704	31756765	SINE/MIR	511	+	30	31756734	78968
chr17	31677766	31877766	harbor1	chr17	31757123	31757232	SINE/MIR	511	+	54	31757177	79411
chr17	31677766	31877766	harbor1	chr17	31759086	31759314	SINE/MIR	607	+	114	31759200	81434
chr17	49787107	49987107	harbor1	chr17	49809996	49810218	SINE/MIR	548	+	111	49810107	23000
chr17	49787107	49987107	harbor1	chr17	49847444	49847666	SINE/MIR	765	+	111	49847555	60448
chr17	49787107	49987107	harbor1	chr17	49875028	49875262	SINE/MIR	820	+	117	49875145	88038
chr17	49787107	49987107	harbor1	chr17	49877171	49877363	SINE/MIR	797	+	96	49877267	90160
chr17	49787107	49987107	harbor1	chr17	49879179	49879398	SINE/MIR	644	+	110	49879289	92182
chr17	70890380	71090380	harbor1	chr17	70936885	70937133	SINE/MIR	762	+	124	70937009	46629
chr17	70890380	71090380	harbor1	chr17	70978686	70978949	SINE/MIR	592	+	132	70978818	88438
chr17	37748822	37948822	harbor1	chr17	37753046	37753270	SINE/MIR	598	+	112	37753158	4336
chr17	37748822	37948822	harbor1	chr17	37754073	37754297	SINE/MIR	680	+	112	37754185	5363
chr17	37748822	37948822	harbor1	chr17	37775583	37775784	SINE/MIR	633	+	100	37775683	26861
chr17	37748822	37948822	harbor1	chr17	37798500	37798686	SINE/MIR	515	+	93	37798593	49771
chr17	37748822	37948822	harbor1	chr17	37800455	37800696	SINE/MIR	875	+	120	37800575	51753
chr17	37748822	37948822	harbor1	chr17	37801787	37802005	SINE/MIR	604	+	109	37801896	53074
chr17	58148256	58348256	harbor1	chr17	58149805	58150062	SINE/MIR	746	+	128	58149933	1677
chr17	58148256	58348256	harbor1	chr17	58194137	58194305	SINE/MIR	540	+	84	58194221	45965
chr17	58148256	58348256	harbor1	chr17	58207387	58207568	SINE/MIR	761	+	90	58207477	59221
chr17	58148256	58348256	harbor1	chr17	58212581	58212810	SINE/MIR	926	+	114	58212695	64439
chr17	9276099	9476099	harbor1	chr17	9286814	9287018	SINE/MIR	508	+	102	9286916	10817
chr17	9276099	9476099	harbor1	chr17	9311632	9311834	SINE/MIR	935	+	101	9311733	35634
chr17	51078474	51278474	harbor1	chr17	51134819	51134966	SINE/MIR	872	+	74	51134893	56419
chr17	51078474	51278474	harbor1	chr17	51143882	51144014	SINE/MIR	695	+	66	51143948	65474
chr17	51078474	51278474	harbor1	chr17	51146448	51146644	SINE/MIR	612	+	98	51146546	68072
chr17	51078474	51278474	harbor1	chr17	51134426	51134516	SINE/MIR	872	+	45	51134471	55997
chr17	46705895	46905895	harbor1	chr17	46718617	46718847	SINE/MIR	681	+	115	46718732	12837
chr17	45716242	45916242	harbor1	chr17	45741169	45741355	SINE/MIR	653	+	93	45741262	25020
chr17	45716242	45916242	harbor1	chr17	45742624	45742838	SINE/MIR	538	+	107	45742731	26489
chr17	45716242	45916242	harbor1	chr17	45767587	45767780	SINE/MIR	493	+	96	45767683	51441
chr17	45716242	45916242	harbor1	chr17	45778620	45778861	SINE/MIR	650	+	120	45778740	62498
chr17	45716242	45916242	harbor1	chr17	45788209	45788376	SINE/MIR	583	+	84	45788293	72051
chr17	45716242	45916242	harbor1	chr17	45788468	45788660	SINE/MIR	649	+	96	45788564	72322
chr17	45716242	45916242	harbor1	chr17	45789787	45789980	SINE/MIR	487	+	96	45789883	73641
chr17	45716242	45916242	harbor1	chr17	45814377	45814580	SINE/MIR	721	+	102	45814479	98237
chr17	78419396	78619396	harbor1	chr17	78481475	78481674	SINE/MIR	554	+	100	78481575	62179
chr17	78419396	78619396	harbor1	chr17	78487144	78487362	SINE/MIR	592	+	109	78487253	67857
chr17	46789698	46989698	harbor1	chr17	46829780	46830027	SINE/MIR	513	+	124	46829904	40206
chr17	46789698	46989698	harbor1	chr17	46843584	46843774	SINE/MIR	615	+	95	46843679	53981
chr17	46789698	46989698	harbor1	chr17	46853159	46853360	SINE/MIR	751	+	100	46853259	63561
chr17	46789698	46989698	harbor1	chr17	46856168	46856350	SINE/MIR	498	+	91	46856259	66561
chr17	46789698	46989698	harbor1	chr17	46860415	46860633	SINE/MIR	707	+	109	46860524	70826
chr17	39577874	39777874	harbor1	chr17	39580218	39580417	SINE/MIR	570	+	100	39580318	2444
chr17	39577874	39777874	harbor1	chr17	39628876	39629074	SINE/MIR	525	+	99	39628975	51101
chr17	39577874	39777874	harbor1	chr17	39638642	39638848	SINE/MIR	691	+	103	39638745	60871
chr17	39577874	39777874	harbor1	chr17	39676646	39676834	SINE/MIR	795	+	94	39676740	98866
chr17	67333299	67533299	harbor1	chr17	67362720	67362905	SINE/MIR	559	+	92	67362812	29513
chr17	67333299	67533299	harbor1	chr17	67365235	67365497	SINE/MIR	867	+	131	67365366	32067
chr17	4530503	4730503	harbor1	chr17	4562962	4563175	SINE/MIR	640	+	106	4563068	32565
chr17	4530503	4730503	harbor1	chr17	4625159	4625387	SINE/MIR	570	+	114	4625273	94770
chr17	52205190	52405190	harbor1	chr17	52206424	52206653	SINE/MIR	611	+	114	52206538	1348
chr17	52205190	52405190	harbor1	chr17	52218368	52218606	SINE/MIR	569	+	119	52218487	13297
chr17	52205190	52405190	harbor1	chr17	52236779	52237037	SINE/MIR	565	+	129	52236908	31718
chr17	52205190	52405190	harbor1	chr17	52275841	52276070	SINE/MIR	608	+	114	52275955	70765
chr17	52205190	52405190	harbor1	chr17	52300412	52300667	SINE/MIR	688	+	128	52300540	95350
chr17	32501399	32701399	harbor1	chr17	32514864	32515091	SINE/MIR	571	+	114	32514978	13579
chr17	32501399	32701399	harbor1	chr17	32523813	32524062	SINE/MIR	614	+	124	32523937	22538
chr17	32501399	32701399	harbor1	chr17	32530156	32530360	SINE/MIR	512	+	102	32530258	28859
chr17	32501399	32701399	harbor1	chr17	32545158	32545390	SINE/MIR	706	+	116	32545274	43875
chr17	32501399	32701399	harbor1	chr17	32558775	32559049	SINE/MIR	795	+	137	32558912	57513
chr17	32501399	32701399	harbor1	chr17	32574811	32575013	SINE/MIR	752	+	101	32574912	73513
chr17	33996929	34196929	harbor1	chr17	34003202	34003336	SINE/MIR	556	+	67	34003269	6340
chr17	33996929	34196929	harbor1	chr17	34068458	34068634	SINE/MIR	611	+	88	34068546	71617
chr17	33996929	34196929	harbor1	chr17	34091780	34091952	SINE/MIR	549	+	86	34091866	94937
chr17	9965586	10165586	harbor1	chr17	9983851	9984031	SINE/MIR	589	+	90	9983941	18355
chr17	13074191	13274191	harbor1	chr17	13076628	13076871	SINE/MIR	755	+	122	13076750	2559
chr17	7486706	7686706	harbor1	chr17	7576305	7576490	SINE/MIR	522	+	92	7576397	89691
chr17	29811746	30011746	harbor1	chr17	29853642	29853811	SINE/MIR	711	+	84	29853726	41980
chr17	29811746	30011746	harbor1	chr17	29887484	29887686	SINE/MIR	720	+	101	29887585	75839
chr17	69182244	69382244	harbor1	chr17	69216425	69216628	SINE/MIR	491	+	102	69216527	34283
chr17	69182244	69382244	harbor1	chr17	69271407	69271632	SINE/MIR	645	+	112	69271519	89275
chr17	7498373	7698373	harbor1	chr17	7576305	7576490	SINE/MIR	522	+	92	7576397	78024
chr17	58301854	58501854	harbor1	chr17	58343088	58343207	SINE/MIR	506	+	60	58343148	41294
chr17	58301854	58501854	harbor1	chr17	58346971	58347185	SINE/MIR	645	+	107	58347078	45224
chr17	58301854	58501854	harbor1	chr17	58360375	58360601	SINE/MIR	497	+	113	58360488	58634
chr17	58301854	58501854	harbor1	chr17	58366590	58366810	SINE/MIR	866	+	110	58366700	64846
chr17	58301854	58501854	harbor1	chr17	58369642	58369878	SINE/MIR	668	+	118	58369760	67906
chr17	58301854	58501854	harbor1	chr17	58377083	58377280	SINE/MIR	666	+	98	58377181	75327
chr17	9056494	9256494	harbor1	chr17	9058864	9059103	SINE/MIR	1150	+	120	9058984	2490
chr17	9056494	9256494	harbor1	chr17	9070062	9070289	SINE/MIR	685	+	114	9070176	13682
chr17	9056494	9256494	harbor1	chr17	9075067	9075195	SINE/MIR	485	+	64	9075131	18637
chr17	9056494	9256494	harbor1	chr17	9077369	9077602	SINE/MIR	584	+	116	9077485	20991
chr17	9056494	9256494	harbor1	chr17	9088333	9088501	SINE/MIR	504	+	84	9088417	31923
chr17	9056494	9256494	harbor1	chr17	9117992	9118166	SINE/MIR	679	+	87	9118079	61585
chr17	9056494	9256494	harbor1	chr17	9124753	9124998	SINE/MIR	662	+	122	9124875	68381
chr17	16729059	16929059	harbor1	chr17	16821612	16821766	SINE/MIR	488	+	77	16821689	92630
chr17	16729059	16929059	harbor1	chr17	16823269	16823462	SINE/MIR	668	+	96	16823365	94306
chr17	31177298	31377298	harbor1	chr17	31215429	31215616	SINE/MIR	806	+	94	31215523	38225
chr17	31177298	31377298	harbor1	chr17	31225353	31225514	SINE/MIR	560	+	80	31225433	48135
chr17	40003806	40203806	harbor1	chr17	40066752	40066975	SINE/MIR	619	+	112	40066864	63058
chr17	40003806	40203806	harbor1	chr17	40078033	40078200	SINE/MIR	546	+	84	40078117	74311
chr17	40003806	40203806	harbor1	chr17	40078510	40078553	SINE/MIR	546	+	22	40078532	74726
chr17	40003806	40203806	harbor1	chr17	40081052	40081248	SINE/MIR	702	+	98	40081150	77344
chr17	40003806	40203806	harbor1	chr17	40086273	40086496	SINE/MIR	719	+	112	40086385	82579
chr17	56651249	56851249	harbor1	chr17	56654546	56654713	SINE/MIR	605	+	84	56654630	3381
chr17	56651249	56851249	harbor1	chr17	56669821	56670018	SINE/MIR	566	+	98	56669919	18670
chr17	56651249	56851249	harbor1	chr17	56688361	56688575	SINE/MIR	939	+	107	56688468	37219
chr17	56651249	56851249	harbor1	chr17	56688883	56688939	SINE/MIR	939	+	28	56688911	37662
chr17	56651249	56851249	harbor1	chr17	56692996	56693198	SINE/MIR	565	+	101	56693097	41848
chr17	56651249	56851249	harbor1	chr17	56703798	56704007	SINE/MIR	498	+	104	56703902	52653
chr17	56651249	56851249	harbor1	chr17	56710458	56710626	SINE/MIR	557	+	84	56710542	59293
chr17	56651249	56851249	harbor1	chr17	56718040	56718262	SINE/MIR	649	+	111	56718151	66902
chr17	7384956	7584956	harbor1	chr17	7471661	7471782	SINE/MIR	652	+	60	7471721	86765
chr17	7384956	7584956	harbor1	chr17	7476902	7477155	SINE/MIR	849	+	126	7477028	92072
chr17	27380691	27580691	harbor1	chr17	27398143	27398279	SINE/MIR	562	+	68	27398211	17520
chr17	27380691	27580691	harbor1	chr17	27406947	27407124	SINE/MIR	593	+	88	27407035	26344
chr17	27380691	27580691	harbor1	chr17	27433291	27433459	SINE/MIR	738	+	84	27433375	52684
chr17	27380691	27580691	harbor1	chr17	27469485	27469687	SINE/MIR	561	+	101	27469586	88895
chr17	27380691	27580691	harbor1	chr17	27474409	27474629	SINE/MIR	637	+	110	27474519	93828
chr17	29375561	29575561	harbor1	chr17	29388013	29388108	SINE/MIR	588	+	48	29388061	12500
chr17	29375561	29575561	harbor1	chr17	29388396	29388523	SINE/MIR	588	+	64	29388460	12899
chr17	29375561	29575561	harbor1	chr17	29410127	29410250	SINE/MIR	497	+	62	29410189	34628
chr17	66139623	66339623	harbor1	chr17	66167690	66167915	SINE/MIR	505	+	112	66167802	28179
chr17	70909182	71109182	harbor1	chr17	70936885	70937133	SINE/MIR	762	+	124	70937009	27827
chr17	70909182	71109182	harbor1	chr17	70978686	70978949	SINE/MIR	592	+	132	70978818	69636
chr17	45932555	46132555	harbor1	chr17	45940324	45940511	SINE/MIR	652	+	94	45940418	7863
chr17	45932555	46132555	harbor1	chr17	45948609	45948778	SINE/MIR	651	+	84	45948693	16138
chr17	43941403	44141403	harbor1	chr17	43943763	43943898	SINE/MIR	549	+	68	43943831	2428
chr17	43941403	44141403	harbor1	chr17	43967471	43967639	SINE/MIR	629	+	84	43967555	26152
chr17	43941403	44141403	harbor1	chr17	43975252	43975425	SINE/MIR	527	+	86	43975338	33935
chr17	43941403	44141403	harbor1	chr17	43975727	43975738	SINE/MIR	490	+	6	43975733	34330
chr17	43941403	44141403	harbor1	chr17	44002649	44002849	SINE/MIR	703	+	100	44002749	61346
chr17	43941403	44141403	harbor1	chr17	44008192	44008366	SINE/MIR	495	+	87	44008279	66876
chr17	9897832	10097832	harbor1	chr17	9921631	9921677	SINE/MIR	779	+	23	9921654	23822
chr17	9897832	10097832	harbor1	chr17	9921977	9922184	SINE/MIR	779	+	104	9922081	24249
chr17	9897832	10097832	harbor1	chr17	9922338	9922553	SINE/MIR	511	+	108	9922446	24614
chr17	9897832	10097832	harbor1	chr17	9943813	9943993	SINE/MIR	556	+	90	9943903	46071
chr17	9897832	10097832	harbor1	chr17	9983851	9984031	SINE/MIR	589	+	90	9983941	86109
chr17	14493502	14693502	harbor1	chr17	14502861	14503018	SINE/MIR	561	+	78	14502939	9437
chr17	3650975	3850975	harbor1	chr17	3679131	3679318	SINE/MIR	759	+	94	3679225	28250
chr17	44521766	44721766	harbor1	chr17	44553407	44553569	SINE/MIR	524	+	81	44553488	31722
chr17	44521766	44721766	harbor1	chr17	44586051	44586252	SINE/MIR	488	+	100	44586151	64385
chr17	44521766	44721766	harbor1	chr17	44600596	44600797	SINE/MIR	563	+	100	44600696	78930
chr17	68119573	68319573	harbor1	chr17	68131924	68132141	SINE/MIR	678	+	108	68132032	12459
chr17	68119573	68319573	harbor1	chr17	68183720	68183863	SINE/MIR	541	+	72	68183792	64219
chr17	69142312	69342312	harbor1	chr17	69143992	69144242	SINE/MIR	694	+	125	69144117	1805
chr17	69142312	69342312	harbor1	chr17	69216425	69216628	SINE/MIR	491	+	102	69216527	74215
chr17	27130008	27330008	harbor1	chr17	27200541	27200792	SINE/MIR	740	+	126	27200667	70659
chr17	27130008	27330008	harbor1	chr17	27200981	27201199	SINE/MIR	600	+	109	27201090	71082
chr17	27130008	27330008	harbor1	chr17	27203933	27204168	SINE/MIR	711	+	118	27204051	74043
chr17	29820474	30020474	harbor1	chr17	29853642	29853811	SINE/MIR	711	+	84	29853726	33252
chr17	29820474	30020474	harbor1	chr17	29887484	29887686	SINE/MIR	720	+	101	29887585	67111
chr17	29820474	30020474	harbor1	chr17	29918243	29918406	SINE/MIR	553	+	82	29918325	97851
chr17	45583272	45783272	harbor1	chr17	45626401	45626568	SINE/MIR	670	+	84	45626485	43213
chr17	45583272	45783272	harbor1	chr17	45639547	45639729	SINE/MIR	514	+	91	45639638	56366
chr17	45583272	45783272	harbor1	chr17	45649332	45649567	SINE/MIR	508	+	118	45649450	66178
chr17	45583272	45783272	harbor1	chr17	45650135	45650327	SINE/MIR	590	+	96	45650231	66959
chr17	45583272	45783272	harbor1	chr17	45662209	45662343	SINE/MIR	568	+	67	45662276	79004
chr17	45583272	45783272	harbor1	chr17	45665937	45666116	SINE/MIR	728	+	90	45666027	82755
chr17	45583272	45783272	harbor1	chr17	45670172	45670336	SINE/MIR	580	+	82	45670254	86982
chr17	45583272	45783272	harbor1	chr17	45683098	45683315	SINE/MIR	653	+	108	45683206	99934
chr17	40904185	41104185	harbor1	chr17	40914921	40915075	SINE/MIR	531	+	77	40914998	10813
chr17	40904185	41104185	harbor1	chr17	40927887	40928090	SINE/MIR	758	+	102	40927989	23804
chr17	40904185	41104185	harbor1	chr17	40948020	40948233	SINE/MIR	593	+	106	40948126	43941
chr17	40904185	41104185	harbor1	chr17	40951951	40952145	SINE/MIR	688	+	97	40952048	47863
chr17	40904185	41104185	harbor1	chr17	40955206	40955320	SINE/MIR	513	+	57	40955263	51078
chr17	40904185	41104185	harbor1	chr17	40959109	40959260	SINE/MIR	493	+	76	40959185	55000
chr17	40904185	41104185	harbor1	chr17	40964038	40964288	SINE/MIR	679	+	125	40964163	59978
chr17	40904185	41104185	harbor1	chr17	40979029	40979233	SINE/MIR	743	+	102	40979131	74946
chr17	40904185	41104185	harbor1	chr17	40979516	40979557	SINE/MIR	743	+	20	40979536	75351
chr17	40904185	41104185	harbor1	chr17	40981242	40981460	SINE/MIR	510	+	109	40981351	77166
chr17	54447618	54647618	harbor1	chr17	54468802	54469025	SINE/MIR	596	+	112	54468914	21296
chr17	54447618	54647618	harbor1	chr17	54511802	54511994	SINE/MIR	583	+	96	54511898	64280
chr17	27594861	27794861	harbor1	chr17	27608243	27608413	SINE/MIR	558	+	85	27608328	13467
chr17	27594861	27794861	harbor1	chr17	27608949	27609149	SINE/MIR	617	+	100	27609049	14188
chr17	27594861	27794861	harbor1	chr17	27631649	27631868	SINE/MIR	503	+	110	27631759	36898
chr17	27594861	27794861	harbor1	chr17	27633144	27633267	SINE/MIR	579	+	62	27633206	38345
chr17	27594861	27794861	harbor1	chr17	27642620	27642808	SINE/MIR	632	+	94	27642714	47853
chr17	27594861	27794861	harbor1	chr17	27648274	27648449	SINE/MIR	684	+	88	27648362	53501
chr17	27594861	27794861	harbor1	chr17	27658003	27658183	SINE/MIR	545	+	90	27658093	63232
chr17	37541710	37741710	harbor1	chr17	37543411	37543645	SINE/MIR	550	+	117	37543528	1818
chr17	37541710	37741710	harbor1	chr17	37585782	37585966	SINE/MIR	647	+	92	37585874	44164
chr17	37541710	37741710	harbor1	chr17	37596434	37596567	SINE/MIR	496	+	66	37596500	54790
chr17	5886404	6086404	harbor1	chr17	5957075	5957297	SINE/MIR	639	+	111	5957186	70782
chr17	5886404	6086404	harbor1	chr17	5914540	5914684	SINE/MIR	641	+	72	5914612	28208
chr17	36968946	37168946	harbor1	chr17	36976265	36976412	SINE/MIR	642	+	74	36976339	7393
chr17	36968946	37168946	harbor1	chr17	37022581	37022827	SINE/MIR	994	+	123	37022704	53758
chr17	36968946	37168946	harbor1	chr17	37023086	37023293	SINE/MIR	623	+	104	37023190	54244
chr17	36968946	37168946	harbor1	chr17	37026484	37026700	SINE/MIR	887	+	108	37026592	57646
chr17	29631516	29831516	harbor1	chr17	29668831	29668966	SINE/MIR	579	+	68	29668899	37383
chr17	29631516	29831516	harbor1	chr17	29669269	29669345	SINE/MIR	579	+	38	29669307	37791
chr17	29631516	29831516	harbor1	chr17	29703912	29704116	SINE/MIR	651	+	102	29704014	72498
chr17	73000928	73200928	harbor1	chr17	73047343	73047461	SINE/MIR	542	+	59	73047402	46474
chr17	73000928	73200928	harbor1	chr17	73075510	73075570	SINE/MIR	667	+	30	73075540	74612
chr17	73000928	73200928	harbor1	chr17	73075860	73076046	SINE/MIR	667	+	93	73075953	75025
chr17	71324586	71524586	harbor1	chr17	71350073	71350317	SINE/MIR	765	+	122	71350195	25609
chr17	71324586	71524586	harbor1	chr17	71359542	71359777	SINE/MIR	583	+	118	71359660	35074
chr17	71324586	71524586	harbor1	chr17	71370267	71370489	SINE/MIR	556	+	111	71370378	45792
chr17	71324586	71524586	harbor1	chr17	71377592	71377788	SINE/MIR	504	+	98	71377690	53104
chr17	71324586	71524586	harbor1	chr17	71385814	71386011	SINE/MIR	550	+	98	71385912	61326
chr17	71324586	71524586	harbor1	chr17	71391900	71391926	SINE/MIR	503	+	13	71391913	67327
chr17	71324586	71524586	harbor1	chr17	71392531	71392681	SINE/MIR	503	+	75	71392606	68020
chr17	76921341	77121341	harbor1	chr17	76921790	76921970	SINE/MIR	577	+	90	76921880	539
chr17	76921341	77121341	harbor1	chr17	76970858	76971007	SINE/MIR	538	+	74	76970932	49591
chr17	55457165	55657165	harbor1	chr17	55465207	55465383	SINE/MIR	585	+	88	55465295	8130
chr17	55457165	55657165	harbor1	chr17	55477637	55477820	SINE/MIR	746	+	92	55477729	20564
chr17	76177263	76377263	harbor1	chr17	76192796	76192832	SINE/MIR	547	+	18	76192814	15551
chr17	76177263	76377263	harbor1	chr17	76193119	76193289	SINE/MIR	547	+	85	76193204	15941
chr17	76177263	76377263	harbor1	chr17	76208350	76208553	SINE/MIR	535	+	102	76208452	31189
chr17	76177263	76377263	harbor1	chr17	76229282	76229478	SINE/MIR	565	+	98	76229380	52117
chr17	76177263	76377263	harbor1	chr17	76249325	76249534	SINE/MIR	564	+	104	76249429	72166
chr17	76177263	76377263	harbor1	chr17	76259648	76259848	SINE/MIR	498	+	100	76259748	82485
chr17	76177263	76377263	harbor1	chr17	76259980	76260042	SINE/MIR	498	+	31	76260011	82748
chr17	76177263	76377263	harbor1	chr17	76274745	76274941	SINE/MIR	733	+	98	76274843	97580
chr17	73480771	73680771	harbor1	chr17	73505212	73505459	SINE/MIR	546	+	124	73505336	24565
chr17	73480771	73680771	harbor1	chr17	73512140	73512272	SINE/MIR	543	+	66	73512206	31435
chr17	73480771	73680771	harbor1	chr17	73518243	73518453	SINE/MIR	512	+	105	73518348	37577
chr17	73480771	73680771	harbor1	chr17	73556729	73556931	SINE/MIR	633	+	101	73556830	76059
chr17	73480771	73680771	harbor1	chr17	73575456	73575704	SINE/MIR	654	+	124	73575580	94809
chr17	29403712	29603712	harbor1	chr17	29410127	29410250	SINE/MIR	497	+	62	29410189	6477
chr17	29403712	29603712	harbor1	chr17	29476442	29476568	SINE/MIR	538	+	63	29476505	72793
chr17	47383409	47583409	harbor1	chr17	47429413	47429661	SINE/MIR	759	+	124	47429537	46128
chr17	18096488	18296488	harbor1	chr17	18099199	18099394	SINE/MIR	667	+	98	18099297	2809
chr17	18096488	18296488	harbor1	chr17	18110358	18110512	SINE/MIR	521	+	77	18110435	13947
chr17	18096488	18296488	harbor1	chr17	18116362	18116539	SINE/MIR	518	+	88	18116450	19962
chr17	18096488	18296488	harbor1	chr17	18124716	18124881	SINE/MIR	536	+	82	18124798	28310
chr17	18096488	18296488	harbor1	chr17	18129654	18129816	SINE/MIR	536	+	81	18129735	33247
chr17	18096488	18296488	harbor1	chr17	18132825	18132978	SINE/MIR	825	+	76	18132901	36413
chr17	18096488	18296488	harbor1	chr17	18138999	18139164	SINE/MIR	628	+	82	18139081	42593
chr17	18096488	18296488	harbor1	chr17	18146406	18146550	SINE/MIR	727	+	72	18146478	49990
chr17	18096488	18296488	harbor1	chr17	18147108	18147291	SINE/MIR	596	+	92	18147200	50712
chr17	18096488	18296488	harbor1	chr17	18172377	18172545	SINE/MIR	589	+	84	18172461	75973
chr17	18096488	18296488	harbor1	chr17	18177634	18177817	SINE/MIR	580	+	92	18177726	81238
chr17	18096488	18296488	harbor1	chr17	18181726	18181936	SINE/MIR	906	+	105	18181831	85343
chr17	60226045	60426045	harbor1	chr17	60235682	60235880	SINE/MIR	581	+	99	60235781	9736
chr17	57103266	57303266	harbor1	chr17	57111482	57111699	SINE/MIR	580	+	108	57111590	8324
chr17	57103266	57303266	harbor1	chr17	57135193	57135384	SINE/MIR	621	+	96	57135289	32023
chr17	57103266	57303266	harbor1	chr17	57142234	57142467	SINE/MIR	557	+	116	57142350	39084
chr17	57103266	57303266	harbor1	chr17	57144044	57144197	SINE/MIR	589	+	76	57144120	40854
chr17	57103266	57303266	harbor1	chr17	57144499	57144532	SINE/MIR	589	+	16	57144515	41249
chr17	57103266	57303266	harbor1	chr17	57171160	57171313	SINE/MIR	511	+	76	57171236	67970
chr17	57103266	57303266	harbor1	chr17	57176267	57176480	SINE/MIR	659	+	106	57176373	73107
chr17	12513426	12713426	harbor1	chr17	12551032	12551178	SINE/MIR	526	+	73	12551105	37679
chr17	12513426	12713426	harbor1	chr17	12555093	12555235	SINE/MIR	541	+	71	12555164	41738
chr17	12513426	12713426	harbor1	chr17	12565077	12565293	SINE/MIR	531	+	108	12565185	51759
chr17	64603850	64803850	harbor1	chr17	64618849	64619129	SINE/MIR	817	+	140	64618989	15139
chr17	64603850	64803850	harbor1	chr17	64632723	64632939	SINE/MIR	537	+	108	64632831	28981
chr17	27156573	27356573	harbor1	chr17	27200541	27200792	SINE/MIR	740	+	126	27200667	44094
chr17	27156573	27356573	harbor1	chr17	27200981	27201199	SINE/MIR	600	+	109	27201090	44517
chr17	27156573	27356573	harbor1	chr17	27203933	27204168	SINE/MIR	711	+	118	27204051	47478
chr17	9740100	9940100	harbor1	chr17	9773071	9773273	SINE/MIR	585	+	101	9773172	33072
chr17	9740100	9940100	harbor1	chr17	9802805	9803039	SINE/MIR	753	+	117	9802922	62822
chr17	9740100	9940100	harbor1	chr17	9825099	9825279	SINE/MIR	596	+	90	9825189	85089
chr17	46653259	46853259	harbor1	chr17	46658440	46658640	SINE/MIR	486	+	100	46658540	5281
chr17	46653259	46853259	harbor1	chr17	46718617	46718847	SINE/MIR	681	+	115	46718732	65473
chr17	37244261	37444261	harbor1	chr17	37312375	37312553	SINE/MIR	609	+	89	37312464	68203
chr17	37244261	37444261	harbor1	chr17	37320548	37320664	SINE/MIR	547	+	58	37320606	76345
chr17	37244261	37444261	harbor1	chr17	37320969	37321095	SINE/MIR	547	+	63	37321032	76771
chr17	4772023	4972023	harbor1	chr17	4836442	4836700	SINE/MIR	500	+	129	4836571	64548
chr17	4772023	4972023	harbor1	chr17	4862199	4862372	SINE/MIR	843	+	86	4862285	90262
chr17	4772023	4972023	harbor1	chr17	4862673	4862711	SINE/MIR	843	+	19	4862692	90669
chr17	4772023	4972023	harbor1	chr17	4863576	4863777	SINE/MIR	508	+	100	4863676	91653
chr17	40271155	40471155	harbor1	chr17	40271613	40271833	SINE/MIR	584	+	110	40271723	568
chr17	40271155	40471155	harbor1	chr17	40286563	40286796	SINE/MIR	823	+	116	40286679	15524
chr17	40271155	40471155	harbor1	chr17	40289034	40289248	SINE/MIR	649	+	107	40289141	17986
chr17	40271155	40471155	harbor1	chr17	40315346	40315501	SINE/MIR	506	+	78	40315424	44269
chr18	42738455	42938455	harbor1	chr18	42744469	42744710	SINE/MIR	526	+	120	42744589	6134
chr18	42738455	42938455	harbor1	chr18	42754933	42755129	SINE/MIR	498	+	98	42755031	16576
chr18	42738455	42938455	harbor1	chr18	42760577	42760712	SINE/MIR	570	+	68	42760645	22190
chr18	42738455	42938455	harbor1	chr18	42817647	42817887	SINE/MIR	712	+	120	42817767	79312
chr18	35210360	35410360	harbor1	chr18	35215839	35215984	SINE/MIR	410	+	72	35215911	5551
chr18	41901500	42101500	harbor1	chr18	41923669	41923845	SINE/MIR	475	+	88	41923757	22257
chr18	41901500	42101500	harbor1	chr18	41956734	41956915	SINE/MIR	423	+	90	41956824	55324
chr18	41901500	42101500	harbor1	chr18	41964306	41964549	SINE/MIR	632	+	122	41964428	62928
chr18	41901500	42101500	harbor1	chr18	41976514	41976752	SINE/MIR	542	+	119	41976633	75133
chr18	56818500	57018500	harbor1	chr18	56827153	56827301	SINE/MIR	495	+	74	56827227	8727
chr18	56818500	57018500	harbor1	chr18	56827858	56827970	SINE/MIR	495	+	56	56827914	9414
chr18	56818500	57018500	harbor1	chr18	56891285	56891482	SINE/MIR	624	+	98	56891383	72883
chr18	54461882	54661882	harbor1	chr18	54466133	54466314	SINE/MIR	479	+	90	54466223	4341
chr18	54461882	54661882	harbor1	chr18	54468745	54468875	SINE/MIR	469	+	65	54468810	6928
chr18	54461882	54661882	harbor1	chr18	54472575	54472748	SINE/MIR	517	+	86	54472661	10779
chr18	54461882	54661882	harbor1	chr18	54496869	54496989	SINE/MIR	420	+	60	54496929	35047
chr18	54461882	54661882	harbor1	chr18	54504182	54504426	SINE/MIR	790	+	122	54504304	42422
chr18	54461882	54661882	harbor1	chr18	54518257	54518450	SINE/MIR	554	+	96	54518353	56471
chr18	13467190	13667190	harbor1	chr18	13514201	13514402	SINE/MIR	636	+	100	13514301	47111
chr18	13467190	13667190	harbor1	chr18	13525132	13525336	SINE/MIR	449	+	102	13525234	58044
chr18	13467190	13667190	harbor1	chr18	13543720	13543951	SINE/MIR	479	+	116	13543836	76646
chr18	13467190	13667190	harbor1	chr18	13549826	13549992	SINE/MIR	461	+	83	13549909	82719
chr18	42234288	42434288	harbor1	chr18	42315023	42315253	SINE/MIR	627	+	115	42315138	80850
chr18	42234288	42434288	harbor1	chr18	42334171	42334372	SINE/MIR	496	+	100	42334271	99983
chr18	75980778	76180778	harbor1	chr18	75981494	75981682	SINE/MIR	683	+	94	75981588	810
chr18	75980778	76180778	harbor1	chr18	76038544	76038700	SINE/MIR	664	+	78	76038622	57844
chr18	75980778	76180778	harbor1	chr18	76060262	76060485	SINE/MIR	539	+	112	76060374	79596
chr18	37157020	37357020	harbor1	chr18	37170269	37170482	SINE/MIR	684	+	106	37170375	13355
chr18	37157020	37357020	harbor1	chr18	37170688	37170858	SINE/MIR	487	+	85	37170773	13753
chr18	37157020	37357020	harbor1	chr18	37182394	37182561	SINE/MIR	656	+	84	37182478	25458
chr18	37157020	37357020	harbor1	chr18	37211221	37211372	SINE/MIR	561	+	76	37211297	54277
chr18	37157020	37357020	harbor1	chr18	37221473	37221729	SINE/MIR	664	+	128	37221601	64581
chr18	37157020	37357020	harbor1	chr18	37230032	37230172	SINE/MIR	552	+	70	37230102	73082
chr18	37157020	37357020	harbor1	chr18	37233099	37233311	SINE/MIR	417	+	106	37233205	76185
chr18	37157020	37357020	harbor1	chr18	37236474	37236667	SINE/MIR	555	+	96	37236570	79550
chr18	37157020	37357020	harbor1	chr18	37238069	37238304	SINE/MIR	696	+	118	37238187	81167
chr18	37157020	37357020	harbor1	chr18	37251060	37251245	SINE/MIR	630	+	92	37251152	94132
chr18	27078795	27278795	harbor1	chr18	27120617	27120759	SINE/MIR	606	+	71	27120688	41893
chr18	27078795	27278795	harbor1	chr18	27136558	27136687	SINE/MIR	542	+	64	27136622	57827
chr18	27078795	27278795	harbor1	chr18	27140153	27140383	SINE/MIR	624	+	115	27140268	61473
chr18	27078795	27278795	harbor1	chr18	27154690	27154800	SINE/MIR	764	+	55	27154745	75950
chr18	27078795	27278795	harbor1	chr18	27155110	27155241	SINE/MIR	764	+	66	27155176	76381
chr18	7806814	8006814	harbor1	chr18	7876835	7877056	SINE/MIR	593	+	110	7876945	70131
chr18	7806814	8006814	harbor1	chr18	7900620	7900845	SINE/MIR	568	+	112	7900732	93918
chr18	21516089	21716089	harbor1	chr18	21546114	21546267	SINE/MIR	577	+	76	21546190	30101
chr18	27730688	27930688	harbor1	chr18	27744768	27744961	SINE/MIR	502	+	96	27744864	14176
chr18	27730688	27930688	harbor1	chr18	27755527	27755646	SINE/MIR	424	+	60	27755587	24899
chr18	27730688	27930688	harbor1	chr18	27783990	27784199	SINE/MIR	706	+	104	27784094	53406
chr18	27730688	27930688	harbor1	chr18	27788958	27789171	SINE/MIR	463	+	106	27789064	58376
chr18	27730688	27930688	harbor1	chr18	27817265	27817460	SINE/MIR	488	+	98	27817363	86675
chr18	53109811	53309811	harbor1	chr18	53164487	53164685	SINE/MIR	627	+	99	53164586	54775
chr18	40089458	40289458	harbor1	chr18	40134904	40135095	SINE/MIR	461	+	96	40135000	45542
chr18	63463590	63663590	harbor1	chr18	63479987	63480202	SINE/MIR	483	+	108	63480095	16505
chr18	63463590	63663590	harbor1	chr18	63492341	63492467	SINE/MIR	444	+	63	63492404	28814
chr18	63463590	63663590	harbor1	chr18	63492505	63492700	SINE/MIR	502	+	98	63492603	29013
chr18	63463590	63663590	harbor1	chr18	63531462	63531668	SINE/MIR	603	+	103	63531565	67975
chr18	63463590	63663590	harbor1	chr18	63543041	63543206	SINE/MIR	407	+	82	63543123	79533
chr18	35931463	36131463	harbor1	chr18	35966388	35966535	SINE/MIR	418	+	74	35966462	34999
chr18	35931463	36131463	harbor1	chr18	35969143	35969247	SINE/MIR	458	+	52	35969195	37732
chr18	35931463	36131463	harbor1	chr18	35985190	35985407	SINE/MIR	642	+	108	35985298	53835
chr18	35931463	36131463	harbor1	chr18	36005994	36006143	SINE/MIR	468	+	74	36006068	74605
chr18	35931463	36131463	harbor1	chr18	36025137	36025366	SINE/MIR	757	+	114	36025251	93788
chr18	714665	914665	harbor1	chr18	739145	739331	SINE/MIR	403	+	93	739238	24573
chr18	714665	914665	harbor1	chr18	757075	757211	SINE/MIR	447	+	68	757143	42478
chr18	714665	914665	harbor1	chr18	774984	775206	SINE/MIR	904	+	111	775095	60430
chr18	714665	914665	harbor1	chr18	781662	781850	SINE/MIR	638	+	94	781756	67091
chr18	714665	914665	harbor1	chr18	796196	796428	SINE/MIR	481	+	116	796312	81647
chr18	714665	914665	harbor1	chr18	802682	802796	SINE/MIR	428	+	57	802739	88074
chr18	37467285	37667285	harbor1	chr18	37481833	37482039	SINE/MIR	686	+	103	37481936	14651
chr18	37467285	37667285	harbor1	chr18	37505630	37505838	SINE/MIR	564	+	104	37505734	38449
chr18	37467285	37667285	harbor1	chr18	37521130	37521249	SINE/MIR	440	+	60	37521190	53905
chr18	37467285	37667285	harbor1	chr18	37529108	37529243	SINE/MIR	534	+	68	37529176	61891
chr18	37467285	37667285	harbor1	chr18	37542477	37542714	SINE/MIR	563	+	118	37542595	75310
chr18	52895766	53095766	harbor1	chr18	52912089	52912322	SINE/MIR	531	+	116	52912205	16439
chr18	2500231	2700231	harbor1	chr18	2520914	2521096	SINE/MIR	524	+	91	2521005	20774
chr18	2500231	2700231	harbor1	chr18	2536806	2537012	SINE/MIR	533	+	103	2536909	36678
chr18	54816422	55016422	harbor1	chr18	54826687	54826887	SINE/MIR	463	+	100	54826787	10365
chr18	54816422	55016422	harbor1	chr18	54850872	54851049	SINE/MIR	537	+	88	54850960	34538
chr18	54816422	55016422	harbor1	chr18	54902810	54902986	SINE/MIR	495	+	88	54902898	86476
chr18	54816422	55016422	harbor1	chr18	54908477	54908713	SINE/MIR	643	+	118	54908595	92173
chr18	54816422	55016422	harbor1	chr18	54913049	54913244	SINE/MIR	512	+	98	54913147	96725
chr18	60020517	60220517	harbor1	chr18	60061386	60061575	SINE/MIR	679	+	94	60061480	40963
chr18	60020517	60220517	harbor1	chr18	60071443	60071676	SINE/MIR	411	+	116	60071559	51042
chr18	60020517	60220517	harbor1	chr18	60095049	60095138	SINE/MIR	512	+	44	60095093	74576
chr18	60020517	60220517	harbor1	chr18	60095418	60095580	SINE/MIR	512	+	81	60095499	74982
chr18	7142668	7342668	harbor1	chr18	7163654	7163810	SINE/MIR	436	+	78	7163732	21064
chr18	7142668	7342668	harbor1	chr18	7225865	7226072	SINE/MIR	479	+	104	7225969	83301
chr18	21118813	21318813	harbor1	chr18	21181271	21181401	SINE/MIR	513	+	65	21181336	62523
chr18	54700461	54900461	harbor1	chr18	54746603	54746830	SINE/MIR	459	+	114	54746717	46256
chr18	54700461	54900461	harbor1	chr18	54794014	54794253	SINE/MIR	662	+	120	54794134	93673
chr18	46854643	47054643	harbor1	chr18	46856926	46857088	SINE/MIR	565	+	81	46857007	2364
chr18	46854643	47054643	harbor1	chr18	46945554	46945789	SINE/MIR	435	+	118	46945672	91029
chr18	46854643	47054643	harbor1	chr18	46947284	46947472	SINE/MIR	411	+	94	46947378	92735
chr18	49904717	50104717	harbor1	chr18	49909372	49909490	SINE/MIR	462	+	59	49909431	4714
chr18	49904717	50104717	harbor1	chr18	49930019	49930234	SINE/MIR	728	+	108	49930127	25410
chr18	49904717	50104717	harbor1	chr18	49944493	49944684	SINE/MIR	452	+	96	49944589	39872
chr19	47482549	47682549	harbor1	chr19	47556005	47556176	SINE/MIR	726	+	86	47556091	73542
chr19	40775839	40975839	harbor1	chr19	40779202	40779416	SINE/MIR	804	+	107	40779309	3470
chr19	40775839	40975839	harbor1	chr19	40779819	40779852	SINE/MIR	804	+	16	40779835	3996
chr19	41216457	41416457	harbor1	chr19	41231401	41231641	SINE/MIR	836	+	120	41231521	15064
chr19	41216457	41416457	harbor1	chr19	41234161	41234338	SINE/MIR	767	+	88	41234249	17792
chr19	41216457	41416457	harbor1	chr19	41235658	41235870	SINE/MIR	698	+	106	41235764	19307
chr19	37863097	38063097	harbor1	chr19	37907902	37908137	SINE/MIR	963	+	118	37908020	44923
chr19	37863097	38063097	harbor1	chr19	37912276	37912496	SINE/MIR	802	+	110	37912386	49289
chr19	37863097	38063097	harbor1	chr19	37931781	37932018	SINE/MIR	715	+	118	37931899	68802
chr19	37863097	38063097	harbor1	chr19	37944412	37944600	SINE/MIR	691	+	94	37944506	81409
chr19	37863097	38063097	harbor1	chr19	37949762	37949796	SINE/MIR	655	+	17	37949779	86682
chr19	37863097	38063097	harbor1	chr19	37950101	37950318	SINE/MIR	655	+	108	37950209	87112
chr19	13154689	13354689	harbor1	chr19	13157027	13157216	SINE/MIR	642	+	94	13157121	2432
chr19	6655068	6855068	harbor1	chr19	6714560	6714583	SINE/MIR	634	+	12	6714572	59504
chr19	6655068	6855068	harbor1	chr19	6714876	6715039	SINE/MIR	634	+	82	6714958	59890
chr19	37808839	38008839	harbor1	chr19	37907902	37908137	SINE/MIR	963	+	118	37908020	99181
chr19	41079508	41279508	harbor1	chr19	41127079	41127266	SINE/MIR	758	+	94	41127173	47665
chr19	7606133	7806133	harbor1	chr19	7704751	7704962	SINE/MIR	686	+	106	7704857	98724
chr19	37626247	37826247	harbor1	chr19	37708538	37708579	SINE/MIR	641	+	20	37708558	82311
chr19	37626247	37826247	harbor1	chr19	37708863	37709024	SINE/MIR	641	+	80	37708943	82696
chr19	35210497	35410497	harbor1	chr19	35214589	35214829	SINE/MIR	634	+	120	35214709	4212
chr19	35210497	35410497	harbor1	chr19	35214843	35214945	SINE/MIR	870	+	51	35214894	4397
chr19	35210497	35410497	harbor1	chr19	35215468	35215618	SINE/MIR	870	+	75	35215543	5046
chr19	38724921	38924921	harbor1	chr19	38747195	38747410	SINE/MIR	981	+	108	38747303	22382
chr19	38724921	38924921	harbor1	chr19	38820409	38820631	SINE/MIR	706	+	111	38820520	95599
chr19	52143326	52343326	harbor1	chr19	52187016	52187070	SINE/MIR	648	+	27	52187043	43717
chr19	52143326	52343326	harbor1	chr19	52187374	52187543	SINE/MIR	648	+	84	52187458	44132
chr19	53925332	54125332	harbor1	chr19	53972880	53973117	SINE/MIR	627	+	118	53972998	47666
chr19	13676657	13876657	harbor1	chr19	13772415	13772546	SINE/MIR	683	+	66	13772481	95824
chr19	41571189	41771189	harbor1	chr19	41579738	41579978	SINE/MIR	688	+	120	41579858	8669
chr19	40965245	41165245	harbor1	chr19	40982412	40982611	SINE/MIR	628	+	100	40982512	17267
chr19	40965245	41165245	harbor1	chr19	41023571	41023598	SINE/MIR	689	+	14	41023585	58340
chr19	40965245	41165245	harbor1	chr19	41023832	41024066	SINE/MIR	778	+	117	41023949	58704
chr19	38936056	39136056	harbor1	chr19	38955784	38955967	SINE/MIR	641	+	92	38955876	19820
chr19	55466121	55666121	harbor1	chr19	55520245	55520481	SINE/MIR	660	+	118	55520363	54242
chr19	55466121	55666121	harbor1	chr19	55520761	55520960	SINE/MIR	757	+	100	55520861	54740
chr19	55466121	55666121	harbor1	chr19	55560568	55560756	SINE/MIR	891	+	94	55560662	94541
chr19	14406728	14606728	harbor1	chr19	14492824	14492999	SINE/MIR	646	+	88	14492912	86184
chr19	14975828	15175828	harbor1	chr19	15023326	15023500	SINE/MIR	789	+	87	15023413	47585
chr19	14975828	15175828	harbor1	chr19	15023796	15023886	SINE/MIR	789	+	45	15023841	48013
chr19	14975828	15175828	harbor1	chr19	15033718	15033932	SINE/MIR	720	+	107	15033825	57997
chr19	50805796	51005796	harbor1	chr19	50837543	50837713	SINE/MIR	637	+	85	50837628	31832
chr19	29189802	29389802	harbor1	chr19	29215047	29215241	SINE/MIR	889	+	97	29215144	25342
chr19	29189802	29389802	harbor1	chr19	29271756	29271948	SINE/MIR	703	+	96	29271852	82050
chr19	34737978	34937978	harbor1	chr19	34745229	34745466	SINE/MIR	790	+	118	34745347	7369
chr19	34654273	34854273	harbor1	chr19	34686917	34687151	SINE/MIR	712	+	117	34687034	32761
chr19	34654273	34854273	harbor1	chr19	34745229	34745466	SINE/MIR	790	+	118	34745347	91074
chr19	35796805	35996805	harbor1	chr19	35858995	35859227	SINE/MIR	1026	+	116	35859111	62306
chr19	55633364	55833364	harbor1	chr19	55677166	55677362	SINE/MIR	641	+	98	55677264	43900
chr19	28530660	28730660	harbor1	chr19	28572792	28573011	SINE/MIR	984	+	110	28572902	42242
chr19	50968686	51168686	harbor1	chr19	51021398	51021559	SINE/MIR	664	+	80	51021478	52792
chr19	39817801	40017801	harbor1	chr19	39887260	39887481	SINE/MIR	704	+	110	39887370	69569
chr19	39817801	40017801	harbor1	chr19	39903512	39903733	SINE/MIR	704	+	110	39903622	85821
chr19	39817801	40017801	harbor1	chr19	39908936	39909166	SINE/MIR	735	+	115	39909051	91250
chr19	31369995	31569995	harbor1	chr19	31440814	31441007	SINE/MIR	672	+	96	31440910	70915
chr19	45163908	45363908	harbor1	chr19	45263415	45263461	SINE/MIR	648	+	23	45263438	99530
chr19	45163908	45363908	harbor1	chr19	45263764	45263927	SINE/MIR	648	+	82	45263846	99938
chr19	45163908	45363908	harbor1	chr19	45170596	45170735	SINE/MIR	645	+	70	45170666	6758
chr19	33867792	34067792	harbor1	chr19	33908148	33908379	SINE/MIR	836	+	116	33908264	40472
chr19	38125761	38325761	harbor1	chr19	38133641	38133859	SINE/MIR	645	+	109	38133750	7989
chr19	38125761	38325761	harbor1	chr19	38169407	38169603	SINE/MIR	773	+	98	38169505	43744
chr19	38125761	38325761	harbor1	chr19	38175010	38175269	SINE/MIR	834	+	130	38175140	49379
chr19	38125761	38325761	harbor1	chr19	38224788	38224968	SINE/MIR	891	+	90	38224878	99117
chr19	56196735	56396735	harbor1	chr19	56267641	56267869	SINE/MIR	667	+	114	56267755	71020
chr19	32762850	32962850	harbor1	chr19	32797331	32797533	SINE/MIR	794	+	101	32797432	34582
chr19	17675571	17875571	harbor1	chr19	17773178	17773385	SINE/MIR	706	+	104	17773282	97711
chr19	56394621	56594621	harbor1	chr19	56457379	56457617	SINE/MIR	714	+	119	56457498	62877
chr19	17314753	17514753	harbor1	chr19	17360069	17360288	SINE/MIR	685	+	110	17360179	45426
chr19	13614302	13814302	harbor1	chr19	13618098	13618328	SINE/MIR	1011	+	115	13618213	3911
chr19	37696421	37896421	harbor1	chr19	37708538	37708579	SINE/MIR	641	+	20	37708558	12137
chr19	37696421	37896421	harbor1	chr19	37708863	37709024	SINE/MIR	641	+	80	37708943	12522
chr19	33481664	33681664	harbor1	chr19	33528487	33528707	SINE/MIR	767	+	110	33528597	46933
chr19	34931680	35131680	harbor1	chr19	35014552	35014743	SINE/MIR	674	+	96	35014648	82968
chr19	34931680	35131680	harbor1	chr19	35016060	35016301	SINE/MIR	821	+	120	35016180	84500
chr19	50999784	51199784	harbor1	chr19	51021398	51021559	SINE/MIR	664	+	80	51021478	21694
chr19	6679456	6879456	harbor1	chr19	6714560	6714583	SINE/MIR	634	+	12	6714572	35116
chr19	6679456	6879456	harbor1	chr19	6714876	6715039	SINE/MIR	634	+	82	6714958	35502
chr19	29242996	29442996	harbor1	chr19	29271756	29271948	SINE/MIR	703	+	96	29271852	28856
chr19	29242996	29442996	harbor1	chr19	29300744	29300907	SINE/MIR	631	+	82	29300826	57830
chr19	29242996	29442996	harbor1	chr19	29302648	29302865	SINE/MIR	634	+	108	29302756	59760
chr19	43581101	43781101	harbor1	chr19	43673766	43673965	SINE/MIR	659	+	100	43673866	92765
chr19	43581101	43781101	harbor1	chr19	43674281	43674333	SINE/MIR	659	+	26	43674307	93206
chr19	30991070	31191070	harbor1	chr19	31030713	31030925	SINE/MIR	992	+	106	31030819	39749
chr19	30991070	31191070	harbor1	chr19	31080383	31080578	SINE/MIR	772	+	98	31080481	89411
chr19	50589266	50789266	harbor1	chr19	50636573	50636785	SINE/MIR	660	+	106	50636679	47413
chr19	50589266	50789266	harbor1	chr19	50652859	50653025	SINE/MIR	634	+	83	50652942	63676
chr19	50589266	50789266	harbor1	chr19	50653339	50653399	SINE/MIR	634	+	30	50653369	64103
chr19	31358035	31558035	harbor1	chr19	31440814	31441007	SINE/MIR	672	+	96	31440910	82875
chr19	40991912	41191912	harbor1	chr19	41023571	41023598	SINE/MIR	689	+	14	41023585	31673
chr19	40991912	41191912	harbor1	chr19	41023832	41024066	SINE/MIR	778	+	117	41023949	32037
chr19	6810243	7010243	harbor1	chr19	6843534	6843774	SINE/MIR	847	+	120	6843654	33411
chr19	44988977	45188977	harbor1	chr19	45003554	45003813	SINE/MIR	633	+	130	45003684	14707
chr19	44988977	45188977	harbor1	chr19	45030884	45031081	SINE/MIR	681	+	98	45030982	42005
chr19	47474313	47674313	harbor1	chr19	47556005	47556176	SINE/MIR	726	+	86	47556091	81778
chr19	29137626	29337626	harbor1	chr19	29215047	29215241	SINE/MIR	889	+	97	29215144	77518
chr19	8751329	8951329	harbor1	chr19	8807864	8808086	SINE/MIR	706	+	111	8807975	56646
chr19	42209100	42409100	harbor1	chr19	42271228	42271482	SINE/MIR	1043	+	127	42271355	62255
chr19	8618587	8818587	harbor1	chr19	8646907	8647141	SINE/MIR	750	+	117	8647024	28437
chr19	8618587	8818587	harbor1	chr19	8701571	8701796	SINE/MIR	647	+	112	8701683	83096
chr19	40713154	40913154	harbor1	chr19	40747892	40748121	SINE/MIR	668	+	114	40748006	34852
chr19	40713154	40913154	harbor1	chr19	40779202	40779416	SINE/MIR	804	+	107	40779309	66155
chr19	40713154	40913154	harbor1	chr19	40779819	40779852	SINE/MIR	804	+	16	40779835	66681
chr19	35066767	35266767	harbor1	chr19	35082947	35083198	SINE/MIR	737	+	126	35083073	16306
chr19	35066767	35266767	harbor1	chr19	35149001	35149157	SINE/MIR	665	+	78	35149079	82312
chr19	43394710	43594710	harbor1	chr19	43433770	43433902	SINE/MIR	905	+	66	43433836	39126
chr19	43394710	43594710	harbor1	chr19	43434210	43434287	SINE/MIR	905	+	38	43434248	39538
chr19	43394710	43594710	harbor1	chr19	43458633	43458973	SINE/MIR	878	+	170	43458803	64093
chr19	34694532	34894532	harbor1	chr19	34745229	34745466	SINE/MIR	790	+	118	34745347	50815
chr19	4482298	4682298	harbor1	chr19	4533467	4533703	SINE/MIR	656	+	118	4533585	51287
chr19	41158657	41358657	harbor1	chr19	41231401	41231641	SINE/MIR	836	+	120	41231521	72864
chr19	41158657	41358657	harbor1	chr19	41234161	41234338	SINE/MIR	767	+	88	41234249	75592
chr19	41158657	41358657	harbor1	chr19	41235658	41235870	SINE/MIR	698	+	106	41235764	77107
chr19	56362587	56562587	harbor1	chr19	56457379	56457617	SINE/MIR	714	+	119	56457498	94911
chr19	7722928	7922928	harbor1	chr19	7762578	7762812	SINE/MIR	703	+	117	7762695	39767
chr19	7722928	7922928	harbor1	chr19	7809651	7809822	SINE/MIR	748	+	86	7809737	86809
chr19	57180036	57380036	harbor1	chr19	57247400	57247598	SINE/MIR	674	+	99	57247499	67463
chr19	42603773	42803773	harbor1	chr19	42667179	42667388	SINE/MIR	766	+	104	42667283	63510
chr19	38564796	38764796	harbor1	chr19	38569627	38569871	SINE/MIR	1108	+	122	38569749	4953
chr19	38564796	38764796	harbor1	chr19	38585135	38585361	SINE/MIR	813	+	113	38585248	20452
chr19	11291347	11491347	harbor1	chr19	11339831	11340053	SINE/MIR	756	+	111	11339942	48595
chr19	11291347	11491347	harbor1	chr19	11352207	11352332	SINE/MIR	709	+	62	11352269	60922
chr19	40544923	40744923	harbor1	chr19	40552994	40553197	SINE/MIR	664	+	102	40553096	8173
chr19	40544923	40744923	harbor1	chr19	40556327	40556485	SINE/MIR	695	+	79	40556406	11483
chr19	6570303	6770303	harbor1	chr19	6604500	6604674	SINE/MIR	747	+	87	6604587	34284
chr19	49352417	49552417	harbor1	chr19	49359638	49359772	SINE/MIR	653	+	67	49359705	7288
chr19	6756897	6956897	harbor1	chr19	6843534	6843774	SINE/MIR	847	+	120	6843654	86757
chr19	41982887	42182887	harbor1	chr19	42054908	42055169	SINE/MIR	847	+	130	42055038	72151
chr19	41982887	42182887	harbor1	chr19	42073133	42073367	SINE/MIR	704	+	117	42073250	90363
chr19	47917667	48117667	harbor1	chr19	48007289	48007489	SINE/MIR	652	+	100	48007389	89722
chr19	47917667	48117667	harbor1	chr19	48009155	48009373	SINE/MIR	635	+	109	48009264	91597
chr19	39765492	39965492	harbor1	chr19	39773787	39774025	SINE/MIR	764	+	119	39773906	8414
chr19	39765492	39965492	harbor1	chr19	39795248	39795444	SINE/MIR	677	+	98	39795346	29854
chr19	39765492	39965492	harbor1	chr19	39814995	39815232	SINE/MIR	699	+	118	39815113	49621
chr19	15379445	15579445	harbor1	chr19	15436306	15436561	SINE/MIR	1183	+	128	15436434	56989
chr19	31392161	31592161	harbor1	chr19	31440814	31441007	SINE/MIR	672	+	96	31440910	48749
chr19	14581376	14781376	harbor1	chr19	14603319	14603455	SINE/MIR	630	+	68	14603387	22011
chr19	14581376	14781376	harbor1	chr19	14673504	14673732	SINE/MIR	756	+	114	14673618	92242
chr19	38926373	39126373	harbor1	chr19	38929584	38929775	SINE/MIR	788	+	96	38929680	3307
chr19	38926373	39126373	harbor1	chr19	38955784	38955967	SINE/MIR	641	+	92	38955876	29503
chr19	13757844	13957844	harbor1	chr19	13772415	13772546	SINE/MIR	683	+	66	13772481	14637
chr19	13757844	13957844	harbor1	chr19	13838721	13838893	SINE/MIR	742	+	86	13838807	80963
chr19	29273097	29473097	harbor1	chr19	29300744	29300907	SINE/MIR	631	+	82	29300826	27729
chr19	29273097	29473097	harbor1	chr19	29302648	29302865	SINE/MIR	634	+	108	29302756	29659
chr19	13200607	13400607	harbor1	chr19	13283801	13283959	SINE/MIR	634	+	79	13283880	83273
chr19	13200607	13400607	harbor1	chr19	13284073	13284304	SINE/MIR	914	+	116	13284189	83582
chr19	40147367	40347367	harbor1	chr19	40203520	40203739	SINE/MIR	820	+	110	40203630	56263
chr19	34733123	34933123	harbor1	chr19	34745229	34745466	SINE/MIR	790	+	118	34745347	12224
chr19	15971985	16171985	harbor1	chr19	16060864	16061116	SINE/MIR	896	+	126	16060990	89005
chr19	35045426	35245426	harbor1	chr19	35063751	35063985	SINE/MIR	672	+	117	35063868	18442
chr19	35045426	35245426	harbor1	chr19	35082947	35083198	SINE/MIR	737	+	126	35083073	37647
chr19	42597396	42797396	harbor1	chr19	42667179	42667388	SINE/MIR	766	+	104	42667283	69887
chr19	2977483	3177483	harbor1	chr19	3058881	3059074	SINE/MIR	673	+	96	3058977	81494
chr19	31521870	31721870	harbor1	chr19	31571346	31571532	SINE/MIR	669	+	93	31571439	49569
chr19	43442362	43642362	harbor1	chr19	43458633	43458973	SINE/MIR	878	+	170	43458803	16441
chr19	43442362	43642362	harbor1	chr19	43530677	43530915	SINE/MIR	643	+	119	43530796	88434
chr19	8639289	8839289	harbor1	chr19	8646907	8647141	SINE/MIR	750	+	117	8647024	7735
chr19	8639289	8839289	harbor1	chr19	8701571	8701796	SINE/MIR	647	+	112	8701683	62394
chr19	14416662	14616662	harbor1	chr19	14492824	14492999	SINE/MIR	646	+	88	14492912	76250
chr19	5150412	5350412	harbor1	chr19	5195348	5195500	SINE/MIR	701	+	76	5195424	45012
chr19	39420354	39620354	harbor1	chr19	39457068	39457299	SINE/MIR	650	+	116	39457184	36830
chr19	38911780	39111780	harbor1	chr19	38919498	38919677	SINE/MIR	664	+	90	38919588	7808
chr19	38911780	39111780	harbor1	chr19	38929584	38929775	SINE/MIR	788	+	96	38929680	17900
chr19	38911780	39111780	harbor1	chr19	38955784	38955967	SINE/MIR	641	+	92	38955876	44096
chr19	29938395	30138395	harbor1	chr19	29974059	29974259	SINE/MIR	803	+	100	29974159	35764
chr19	49692461	49892461	harbor1	chr19	49711550	49711742	SINE/MIR	650	+	96	49711646	19185
chr19	31611601	31811601	harbor1	chr19	31709149	31709381	SINE/MIR	934	+	116	31709265	97664
chr19	41567792	41767792	harbor1	chr19	41579738	41579978	SINE/MIR	688	+	120	41579858	12066
chr19	35022231	35222231	harbor1	chr19	35063751	35063985	SINE/MIR	672	+	117	35063868	41637
chr19	35022231	35222231	harbor1	chr19	35082947	35083198	SINE/MIR	737	+	126	35083073	60842
chr19	42004847	42204847	harbor1	chr19	42054908	42055169	SINE/MIR	847	+	130	42055038	50191
chr19	42004847	42204847	harbor1	chr19	42073133	42073367	SINE/MIR	704	+	117	42073250	68403
chr19	42004847	42204847	harbor1	chr19	42092650	42092899	SINE/MIR	855	+	124	42092774	87927
chr19	55887288	56087288	harbor1	chr19	55930193	55930404	SINE/MIR	666	+	106	55930299	43011
chr19	56370133	56570133	harbor1	chr19	56457379	56457617	SINE/MIR	714	+	119	56457498	87365
chr19	11403276	11603276	harbor1	chr19	11497352	11497578	SINE/MIR	714	+	113	11497465	94189
chr19	7606343	7806343	harbor1	chr19	7704751	7704962	SINE/MIR	686	+	106	7704857	98514
chr19	36324180	36524180	harbor1	chr19	36360814	36361009	SINE/MIR	646	+	98	36360912	36732
chr19	31486039	31686039	harbor1	chr19	31571346	31571532	SINE/MIR	669	+	93	31571439	85400
chr19	11408349	11608349	harbor1	chr19	11497352	11497578	SINE/MIR	714	+	113	11497465	89116
chr19	38677511	38877511	harbor1	chr19	38695900	38696128	SINE/MIR	705	+	114	38696014	18503
chr19	38677511	38877511	harbor1	chr19	38747195	38747410	SINE/MIR	981	+	108	38747303	69792
chr19	52122439	52322439	harbor1	chr19	52187016	52187070	SINE/MIR	648	+	27	52187043	64604
chr19	52122439	52322439	harbor1	chr19	52187374	52187543	SINE/MIR	648	+	84	52187458	65019
chr19	39120163	39320163	harbor1	chr19	39133094	39133319	SINE/MIR	673	+	112	39133206	13043
chr19	50757605	50957605	harbor1	chr19	50792363	50792571	SINE/MIR	763	+	104	50792467	34862
chr19	50757605	50957605	harbor1	chr19	50837543	50837713	SINE/MIR	637	+	85	50837628	80023
chr19	13485073	13685073	harbor1	chr19	13575380	13575543	SINE/MIR	704	+	82	13575462	90389
chr19	14353176	14553176	harbor1	chr19	14398354	14398387	SINE/MIR	637	+	16	14398370	45194
chr19	14353176	14553176	harbor1	chr19	14398700	14398826	SINE/MIR	637	+	63	14398763	45587
chr19	14353176	14553176	harbor1	chr19	14399147	14399275	SINE/MIR	637	+	64	14399211	46035
chr19	57906972	58106972	harbor1	chr19	57977163	57977368	SINE/MIR	692	+	102	57977265	70293
chr19	52111875	52311875	harbor1	chr19	52187016	52187070	SINE/MIR	648	+	27	52187043	75168
chr19	52111875	52311875	harbor1	chr19	52187374	52187543	SINE/MIR	648	+	84	52187458	75583
chr19	54122449	54322449	harbor1	chr19	54154330	54154522	SINE/MIR	716	+	96	54154426	31977
chr20	32550541	32750541	harbor1	chr20	32561649	32561838	SINE/MIR	518	+	94	32561743	11202
chr20	32550541	32750541	harbor1	chr20	32564548	32564685	SINE/MIR	428	+	68	32564616	14075
chr20	32550541	32750541	harbor1	chr20	32565530	32565755	SINE/MIR	501	+	112	32565642	15101
chr20	32550541	32750541	harbor1	chr20	32572160	32572359	SINE/MIR	518	+	100	32572260	21719
chr20	32550541	32750541	harbor1	chr20	32580116	32580323	SINE/MIR	494	+	104	32580220	29679
chr20	32550541	32750541	harbor1	chr20	32591593	32591822	SINE/MIR	586	+	114	32591707	41166
chr20	32550541	32750541	harbor1	chr20	32595948	32596150	SINE/MIR	983	+	101	32596049	45508
chr20	32550541	32750541	harbor1	chr20	32596443	32596485	SINE/MIR	983	+	21	32596464	45923
chr20	32550541	32750541	harbor1	chr20	32597648	32597780	SINE/MIR	460	+	66	32597714	47173
chr20	32550541	32750541	harbor1	chr20	32599888	32600020	SINE/MIR	630	+	66	32599954	49413
chr20	32550541	32750541	harbor1	chr20	32603396	32603554	SINE/MIR	433	+	79	32603475	52934
chr20	32550541	32750541	harbor1	chr20	32605518	32605642	SINE/MIR	475	+	62	32605580	55039
chr20	32550541	32750541	harbor1	chr20	32624891	32625083	SINE/MIR	459	+	96	32624987	74446
chr20	32550541	32750541	harbor1	chr20	32639367	32639484	SINE/MIR	422	+	58	32639425	88884
chr20	32550541	32750541	harbor1	chr20	32642783	32642916	SINE/MIR	559	+	66	32642849	92308
chr20	32550541	32750541	harbor1	chr20	32643186	32643374	SINE/MIR	725	+	94	32643280	92739
chr20	37100629	37300629	harbor1	chr20	37160311	37160507	SINE/MIR	636	+	98	37160409	59780
chr20	37100629	37300629	harbor1	chr20	37160728	37160865	SINE/MIR	506	+	68	37160796	60167
chr20	37100629	37300629	harbor1	chr20	37172263	37172445	SINE/MIR	557	+	91	37172354	71725
chr20	37100629	37300629	harbor1	chr20	37179826	37180046	SINE/MIR	496	+	110	37179936	79307
chr20	37100629	37300629	harbor1	chr20	37180246	37180465	SINE/MIR	483	+	110	37180356	79727
chr20	37100629	37300629	harbor1	chr20	37192123	37192230	SINE/MIR	405	+	54	37192177	91548
chr20	37100629	37300629	harbor1	chr20	37195424	37195647	SINE/MIR	751	+	112	37195536	94907
chr20	63290085	63490085	harbor1	chr20	63303435	63303625	SINE/MIR	550	+	95	63303530	13445
chr20	14587768	14787768	harbor1	chr20	14596666	14596903	SINE/MIR	670	+	118	14596784	9016
chr20	14587768	14787768	harbor1	chr20	14606192	14606424	SINE/MIR	450	+	116	14606308	18540
chr20	14587768	14787768	harbor1	chr20	14611089	14611345	SINE/MIR	734	+	128	14611217	23449
chr20	14587768	14787768	harbor1	chr20	14614095	14614320	SINE/MIR	807	+	112	14614207	26439
chr20	14587768	14787768	harbor1	chr20	14621009	14621232	SINE/MIR	776	+	112	14621121	33353
chr20	14587768	14787768	harbor1	chr20	14638487	14638668	SINE/MIR	740	+	90	14638577	50809
chr20	14587768	14787768	harbor1	chr20	14638973	14639026	SINE/MIR	740	+	26	14638999	51231
chr20	14587768	14787768	harbor1	chr20	14643927	14644061	SINE/MIR	410	+	67	14643994	56226
chr20	9510451	9710451	harbor1	chr20	9513529	9513680	SINE/MIR	449	+	76	9513605	3154
chr20	9510451	9710451	harbor1	chr20	9565501	9565716	SINE/MIR	482	+	108	9565609	55158
chr20	9510451	9710451	harbor1	chr20	9569992	9570194	SINE/MIR	401	+	101	9570093	59642
chr20	9510451	9710451	harbor1	chr20	9575842	9576049	SINE/MIR	658	+	104	9575946	65495
chr20	9510451	9710451	harbor1	chr20	9586915	9587115	SINE/MIR	416	+	100	9587015	76564
chr20	9510451	9710451	harbor1	chr20	9605402	9605601	SINE/MIR	480	+	100	9605502	95051
chr20	745667	945667	harbor1	chr20	767948	768175	SINE/MIR	703	+	114	768062	22395
chr20	745667	945667	harbor1	chr20	769359	769551	SINE/MIR	589	+	96	769455	23788
chr20	745667	945667	harbor1	chr20	839188	839397	SINE/MIR	977	+	104	839292	93625
chr20	745667	945667	harbor1	chr20	840793	840941	SINE/MIR	512	+	74	840867	95200
chr20	61037334	61237334	harbor1	chr20	61072239	61072377	SINE/MIR	442	+	69	61072308	34974
chr20	61037334	61237334	harbor1	chr20	61073513	61073690	SINE/MIR	453	+	88	61073601	36267
chr20	61037334	61237334	harbor1	chr20	61108534	61108730	SINE/MIR	407	+	98	61108632	71298
chr20	12831940	13031940	harbor1	chr20	12846962	12847193	SINE/MIR	613	+	116	12847078	15138
chr20	12831940	13031940	harbor1	chr20	12872152	12872332	SINE/MIR	467	+	90	12872242	40302
chr20	12831940	13031940	harbor1	chr20	12883502	12883634	SINE/MIR	424	+	66	12883568	51628
chr20	12831940	13031940	harbor1	chr20	12897978	12898197	SINE/MIR	482	+	110	12898088	66148
chr20	12831940	13031940	harbor1	chr20	12906628	12906835	SINE/MIR	431	+	104	12906732	74792
chr20	12831940	13031940	harbor1	chr20	12909080	12909293	SINE/MIR	544	+	106	12909186	77246
chr20	12831940	13031940	harbor1	chr20	12909537	12909708	SINE/MIR	546	+	86	12909623	77683
chr20	12831940	13031940	harbor1	chr20	12923725	12923950	SINE/MIR	589	+	112	12923837	91897
chr20	12831940	13031940	harbor1	chr20	12928074	12928313	SINE/MIR	494	+	120	12928194	96254
chr20	59911549	60111549	harbor1	chr20	59935866	59935943	SINE/MIR	513	+	38	59935904	24355
chr20	59911549	60111549	harbor1	chr20	59936280	59936435	SINE/MIR	513	+	78	59936358	24809
chr20	59911549	60111549	harbor1	chr20	59970294	59970400	SINE/MIR	415	+	53	59970347	58798
chr20	59911549	60111549	harbor1	chr20	59971239	59971468	SINE/MIR	423	+	114	59971353	59804
chr20	47896679	48096679	harbor1	chr20	47924137	47924394	SINE/MIR	689	+	128	47924265	27586
chr20	47896679	48096679	harbor1	chr20	47930365	47930598	SINE/MIR	604	+	116	47930481	33802
chr20	47896679	48096679	harbor1	chr20	47930612	47930840	SINE/MIR	874	+	114	47930726	34047
chr20	47896679	48096679	harbor1	chr20	47932268	47932487	SINE/MIR	545	+	110	47932378	35699
chr20	47896679	48096679	harbor1	chr20	47940766	47940879	SINE/MIR	447	+	56	47940822	44143
chr20	47896679	48096679	harbor1	chr20	47941263	47941497	SINE/MIR	693	+	117	47941380	44701
chr20	25075738	25275738	harbor1	chr20	25129806	25130012	SINE/MIR	442	+	103	25129909	54171
chr20	63189484	63389484	harbor1	chr20	63229570	63229730	SINE/MIR	415	+	80	63229650	40166
chr20	295379	495379	harbor1	chr20	309431	309584	SINE/MIR	492	+	76	309507	14128
chr20	295379	495379	harbor1	chr20	335380	335463	SINE/MIR	436	+	42	335422	40043
chr20	295379	495379	harbor1	chr20	335777	335826	SINE/MIR	436	+	24	335801	40422
chr20	295379	495379	harbor1	chr20	360854	361056	SINE/MIR	407	+	101	360955	65576
chr20	295379	495379	harbor1	chr20	372494	372542	SINE/MIR	609	+	24	372518	77139
chr20	295379	495379	harbor1	chr20	372824	372972	SINE/MIR	609	+	74	372898	77519
chr20	295379	495379	harbor1	chr20	373504	373710	SINE/MIR	421	+	103	373607	78228
chr20	295379	495379	harbor1	chr20	390689	390719	SINE/MIR	498	+	15	390704	95325
chr20	295379	495379	harbor1	chr20	391025	391207	SINE/MIR	498	+	91	391116	95737
chr20	295379	495379	harbor1	chr20	394838	395026	SINE/MIR	554	+	94	394932	99553
chr20	54499841	54699841	harbor1	chr20	54511142	54511318	SINE/MIR	521	+	88	54511230	11389
chr20	54499841	54699841	harbor1	chr20	54534147	54534186	SINE/MIR	424	+	20	54534167	34326
chr20	54499841	54699841	harbor1	chr20	54534480	54534665	SINE/MIR	424	+	92	54534572	34731
chr20	54499841	54699841	harbor1	chr20	54546034	54546280	SINE/MIR	681	+	123	54546157	46316
chr20	54499841	54699841	harbor1	chr20	54585666	54585839	SINE/MIR	477	+	86	54585752	85911
chr20	54499841	54699841	harbor1	chr20	54586125	54586169	SINE/MIR	477	+	22	54586147	86306
chr20	54499841	54699841	harbor1	chr20	54596500	54596731	SINE/MIR	591	+	116	54596616	96775
chr20	35099396	35299396	harbor1	chr20	35118351	35118508	SINE/MIR	582	+	78	35118429	19033
chr20	35099396	35299396	harbor1	chr20	35123613	35123782	SINE/MIR	411	+	84	35123697	24301
chr20	35099396	35299396	harbor1	chr20	35124104	35124280	SINE/MIR	435	+	88	35124192	24796
chr20	35099396	35299396	harbor1	chr20	35126487	35126630	SINE/MIR	499	+	72	35126559	27163
chr20	35099396	35299396	harbor1	chr20	35148869	35149071	SINE/MIR	507	+	101	35148970	49574
chr20	35099396	35299396	harbor1	chr20	35150537	35150719	SINE/MIR	479	+	91	35150628	51232
chr20	35099396	35299396	harbor1	chr20	35151044	35151199	SINE/MIR	474	+	78	35151122	51726
chr20	35099396	35299396	harbor1	chr20	35165741	35165920	SINE/MIR	528	+	90	35165831	66435
chr20	35099396	35299396	harbor1	chr20	35167178	35167267	SINE/MIR	406	+	44	35167222	67826
chr20	35099396	35299396	harbor1	chr20	35167955	35168133	SINE/MIR	646	+	89	35168044	68648
chr20	35099396	35299396	harbor1	chr20	35174481	35174597	SINE/MIR	449	+	58	35174539	75143
chr20	35796677	35996677	harbor1	chr20	35802067	35802255	SINE/MIR	468	+	94	35802161	5484
chr20	40892260	41092260	harbor1	chr20	40900262	40900403	SINE/MIR	474	+	70	40900332	8072
chr20	40892260	41092260	harbor1	chr20	40932038	40932215	SINE/MIR	441	+	88	40932126	39866
chr20	40892260	41092260	harbor1	chr20	40944184	40944369	SINE/MIR	429	+	92	40944276	52016
chr20	40892260	41092260	harbor1	chr20	40949980	40950221	SINE/MIR	582	+	120	40950100	57840
chr20	40892260	41092260	harbor1	chr20	40952875	40952974	SINE/MIR	823	+	50	40952925	60665
chr20	40892260	41092260	harbor1	chr20	40953262	40953376	SINE/MIR	823	+	57	40953319	61059
chr20	40892260	41092260	harbor1	chr20	40962535	40962707	SINE/MIR	648	+	86	40962621	70361
chr20	40892260	41092260	harbor1	chr20	40983616	40983732	SINE/MIR	455	+	58	40983674	91414
chr20	11128006	11328006	harbor1	chr20	11135569	11135736	SINE/MIR	546	+	84	11135653	7647
chr20	11128006	11328006	harbor1	chr20	11161045	11161279	SINE/MIR	554	+	117	11161162	33156
chr20	11128006	11328006	harbor1	chr20	11165935	11166117	SINE/MIR	470	+	91	11166026	38020
chr20	11128006	11328006	harbor1	chr20	11198520	11198692	SINE/MIR	414	+	86	11198606	70600
chr20	11128006	11328006	harbor1	chr20	11199958	11200175	SINE/MIR	623	+	108	11200066	72060
chr20	11128006	11328006	harbor1	chr20	11221021	11221253	SINE/MIR	843	+	116	11221137	93131
chr20	11128006	11328006	harbor1	chr20	11223154	11223336	SINE/MIR	516	+	91	11223245	95239
chr20	16775678	16975678	harbor1	chr20	16807751	16807954	SINE/MIR	421	+	102	16807853	32175
chr20	16775678	16975678	harbor1	chr20	16819187	16819374	SINE/MIR	426	+	94	16819281	43603
chr20	16775678	16975678	harbor1	chr20	16865016	16865137	SINE/MIR	462	+	60	16865076	89398
chr20	8219152	8419152	harbor1	chr20	8224136	8224313	SINE/MIR	520	+	88	8224224	5072
chr20	8219152	8419152	harbor1	chr20	8263065	8263237	SINE/MIR	504	+	86	8263151	43999
chr20	8219152	8419152	harbor1	chr20	8265102	8265312	SINE/MIR	537	+	105	8265207	46055
chr20	8219152	8419152	harbor1	chr20	8292385	8292607	SINE/MIR	528	+	111	8292496	73344
chr20	8219152	8419152	harbor1	chr20	8292721	8292884	SINE/MIR	575	+	82	8292803	73651
chr20	8219152	8419152	harbor1	chr20	8301864	8302100	SINE/MIR	823	+	118	8301982	82830
chr20	8219152	8419152	harbor1	chr20	8306442	8306661	SINE/MIR	436	+	110	8306552	87400
chr20	8219152	8419152	harbor1	chr20	8314480	8314688	SINE/MIR	749	+	104	8314584	95432
chr20	8219152	8419152	harbor1	chr20	8257471	8257703	SINE/MIR	446	+	116	8257587	38435
chr20	40726298	40926298	harbor1	chr20	40737204	40737421	SINE/MIR	674	+	108	40737312	11014
chr20	40726298	40926298	harbor1	chr20	40740015	40740239	SINE/MIR	407	+	112	40740127	13829
chr20	40726298	40926298	harbor1	chr20	40745850	40746012	SINE/MIR	405	+	81	40745931	19633
chr20	40726298	40926298	harbor1	chr20	40750197	40750416	SINE/MIR	774	+	110	40750307	24009
chr20	40726298	40926298	harbor1	chr20	40755110	40755265	SINE/MIR	405	+	78	40755188	28890
chr20	40726298	40926298	harbor1	chr20	40763730	40763910	SINE/MIR	527	+	90	40763820	37522
chr20	40726298	40926298	harbor1	chr20	40766310	40766441	SINE/MIR	610	+	66	40766376	40078
chr20	40726298	40926298	harbor1	chr20	40766928	40767135	SINE/MIR	888	+	104	40767032	40734
chr20	40726298	40926298	harbor1	chr20	40775703	40775858	SINE/MIR	723	+	78	40775781	49483
chr20	40726298	40926298	harbor1	chr20	40776317	40776474	SINE/MIR	469	+	78	40776395	50097
chr20	40726298	40926298	harbor1	chr20	40790195	40790375	SINE/MIR	594	+	90	40790285	63987
chr20	40726298	40926298	harbor1	chr20	40800965	40801183	SINE/MIR	581	+	109	40801074	74776
chr20	40726298	40926298	harbor1	chr20	40814533	40814714	SINE/MIR	618	+	90	40814623	88325
chr20	52274212	52474212	harbor1	chr20	52275714	52275862	SINE/MIR	416	+	74	52275788	1576
chr20	52274212	52474212	harbor1	chr20	52289395	52289593	SINE/MIR	793	+	99	52289494	15282
chr20	52274212	52474212	harbor1	chr20	52315809	52316077	SINE/MIR	660	+	134	52315943	41731
chr20	52274212	52474212	harbor1	chr20	52339818	52340063	SINE/MIR	726	+	122	52339940	65728
chr20	52008519	52208519	harbor1	chr20	52008494	52008676	SINE/MIR	586	+	91	52008585	66
chr20	52008519	52208519	harbor1	chr20	52018208	52018406	SINE/MIR	522	+	99	52018307	9788
chr20	52008519	52208519	harbor1	chr20	52019487	52019650	SINE/MIR	434	+	82	52019569	11050
chr20	52008519	52208519	harbor1	chr20	52021354	52021478	SINE/MIR	679	+	62	52021416	12897
chr20	52008519	52208519	harbor1	chr20	52021759	52021882	SINE/MIR	679	+	62	52021821	13302
chr20	52008519	52208519	harbor1	chr20	52100681	52100874	SINE/MIR	546	+	96	52100777	92258
chr20	52008519	52208519	harbor1	chr20	52102656	52102890	SINE/MIR	569	+	117	52102773	94254
chr20	55794425	55994425	harbor1	chr20	55798942	55799140	SINE/MIR	418	+	99	55799041	4616
chr20	55794425	55994425	harbor1	chr20	55801245	55801418	SINE/MIR	490	+	86	55801331	6906
chr20	55794425	55994425	harbor1	chr20	55801396	55801558	SINE/MIR	413	+	81	55801477	7052
chr20	55794425	55994425	harbor1	chr20	55828233	55828404	SINE/MIR	411	+	86	55828319	33894
chr20	55794425	55994425	harbor1	chr20	55875904	55876076	SINE/MIR	421	+	86	55875990	81565
chr20	55794425	55994425	harbor1	chr20	55879590	55879811	SINE/MIR	563	+	110	55879700	85275
chr20	55794425	55994425	harbor1	chr20	55889888	55890124	SINE/MIR	590	+	118	55890006	95581
chr20	33291219	33491219	harbor1	chr20	33291391	33291616	SINE/MIR	421	+	112	33291503	284
chr20	33291219	33491219	harbor1	chr20	33297808	33298025	SINE/MIR	635	+	108	33297916	6697
chr20	33291219	33491219	harbor1	chr20	33299541	33299733	SINE/MIR	516	+	96	33299637	8418
chr20	33291219	33491219	harbor1	chr20	33300313	33300496	SINE/MIR	639	+	92	33300405	9186
chr20	33291219	33491219	harbor1	chr20	33306299	33306477	SINE/MIR	436	+	89	33306388	15169
chr20	33291219	33491219	harbor1	chr20	33309385	33309524	SINE/MIR	407	+	70	33309455	18236
chr20	33291219	33491219	harbor1	chr20	33310152	33310391	SINE/MIR	546	+	120	33310272	19053
chr20	33291219	33491219	harbor1	chr20	33314028	33314133	SINE/MIR	484	+	52	33314080	22861
chr20	33291219	33491219	harbor1	chr20	33315040	33315283	SINE/MIR	835	+	122	33315162	23943
chr20	33291219	33491219	harbor1	chr20	33322437	33322637	SINE/MIR	649	+	100	33322537	31318
chr20	33291219	33491219	harbor1	chr20	33323495	33323715	SINE/MIR	770	+	110	33323605	32386
chr20	33291219	33491219	harbor1	chr20	33365634	33365859	SINE/MIR	579	+	112	33365746	74527
chr20	45243742	45443742	harbor1	chr20	45260776	45260947	SINE/MIR	455	+	86	45260862	17120
chr20	45243742	45443742	harbor1	chr20	45272173	45272402	SINE/MIR	439	+	114	45272287	28545
chr20	45243742	45443742	harbor1	chr20	45276621	45276809	SINE/MIR	548	+	94	45276715	32973
chr20	45243742	45443742	harbor1	chr20	45283625	45283848	SINE/MIR	424	+	112	45283737	39995
chr20	45243742	45443742	harbor1	chr20	45288115	45288326	SINE/MIR	420	+	106	45288221	44479
chr20	45243742	45443742	harbor1	chr20	45292468	45292641	SINE/MIR	525	+	86	45292554	48812
chr20	45243742	45443742	harbor1	chr20	45294095	45294254	SINE/MIR	439	+	80	45294175	50433
chr20	45243742	45443742	harbor1	chr20	45324324	45324542	SINE/MIR	732	+	109	45324433	80691
chr20	45243742	45443742	harbor1	chr20	45328232	45328427	SINE/MIR	615	+	98	45328330	84588
chr20	45243742	45443742	harbor1	chr20	45340993	45341166	SINE/MIR	477	+	86	45341079	97337
chr20	16418786	16618786	harbor1	chr20	16474268	16474428	SINE/MIR	545	+	80	16474348	55562
chr20	3988836	4188836	harbor1	chr20	4040198	4040314	SINE/MIR	551	+	58	4040256	51420
chr20	3988836	4188836	harbor1	chr20	4042120	4042263	SINE/MIR	424	+	72	4042192	53356
chr20	3988836	4188836	harbor1	chr20	4047018	4047164	SINE/MIR	487	+	73	4047091	58255
chr20	46232914	46432914	harbor1	chr20	46234130	46234261	SINE/MIR	432	+	66	46234196	1282
chr20	46232914	46432914	harbor1	chr20	46242350	46242535	SINE/MIR	444	+	92	46242442	9528
chr20	46232914	46432914	harbor1	chr20	46243948	46244113	SINE/MIR	405	+	82	46244030	11116
chr20	46232914	46432914	harbor1	chr20	46244895	46245114	SINE/MIR	636	+	110	46245005	12091
chr20	46232914	46432914	harbor1	chr20	46261027	46261274	SINE/MIR	708	+	124	46261151	28237
chr20	46232914	46432914	harbor1	chr20	46270835	46271052	SINE/MIR	599	+	108	46270943	38029
chr20	46232914	46432914	harbor1	chr20	46280634	46280747	SINE/MIR	403	+	56	46280690	47776
chr20	46232914	46432914	harbor1	chr20	46283287	46283447	SINE/MIR	408	+	80	46283367	50453
chr20	46232914	46432914	harbor1	chr20	46287103	46287332	SINE/MIR	550	+	114	46287217	54303
chr20	46232914	46432914	harbor1	chr20	46292358	46292553	SINE/MIR	516	+	98	46292456	59542
chr20	46232914	46432914	harbor1	chr20	46312966	46313152	SINE/MIR	699	+	93	46313059	80145
chr20	46232914	46432914	harbor1	chr20	46316062	46316186	SINE/MIR	491	+	62	46316124	83210
chr20	46232914	46432914	harbor1	chr20	46321797	46322097	SINE/MIR	539	+	150	46321947	89033
chr20	46232914	46432914	harbor1	chr20	46325434	46325673	SINE/MIR	534	+	120	46325554	92640
chr20	46232914	46432914	harbor1	chr20	46327858	46328043	SINE/MIR	487	+	92	46327950	95036
chr20	6221885	6421885	harbor1	chr20	6235301	6235433	SINE/MIR	443	+	66	6235367	13482
chr20	6221885	6421885	harbor1	chr20	6250891	6250999	SINE/MIR	490	+	54	6250945	29060
chr20	6221885	6421885	harbor1	chr20	6270096	6270276	SINE/MIR	577	+	90	6270186	48301
chr20	24471337	24671337	harbor1	chr20	24496498	24496715	SINE/MIR	460	+	108	24496606	25269
chr20	24471337	24671337	harbor1	chr20	24501520	24501687	SINE/MIR	539	+	84	24501604	30267
chr20	24471337	24671337	harbor1	chr20	24523111	24523351	SINE/MIR	728	+	120	24523231	51894
chr20	53958343	54158343	harbor1	chr20	53961792	53961988	SINE/MIR	483	+	98	53961890	3547
chr20	53958343	54158343	harbor1	chr20	54003011	54003217	SINE/MIR	468	+	103	54003114	44771
chr20	53958343	54158343	harbor1	chr20	54004804	54005023	SINE/MIR	706	+	110	54004914	46571
chr20	53958343	54158343	harbor1	chr20	54022552	54022789	SINE/MIR	647	+	118	54022670	64327
chr20	53958343	54158343	harbor1	chr20	54029581	54029726	SINE/MIR	475	+	72	54029653	71310
chr20	53958343	54158343	harbor1	chr20	54030193	54030421	SINE/MIR	611	+	114	54030307	71964
chr20	53958343	54158343	harbor1	chr20	54036482	54036729	SINE/MIR	655	+	124	54036606	78263
chr20	55856912	56056912	harbor1	chr20	55875904	55876076	SINE/MIR	421	+	86	55875990	19078
chr20	55856912	56056912	harbor1	chr20	55879590	55879811	SINE/MIR	563	+	110	55879700	22788
chr20	55856912	56056912	harbor1	chr20	55889888	55890124	SINE/MIR	590	+	118	55890006	33094
chr20	55856912	56056912	harbor1	chr20	55915101	55915297	SINE/MIR	429	+	98	55915199	58287
chr20	55856912	56056912	harbor1	chr20	55939623	55939769	SINE/MIR	417	+	73	55939696	82784
chr20	55856912	56056912	harbor1	chr20	55940136	55940197	SINE/MIR	417	+	30	55940166	83254
chr20	55856912	56056912	harbor1	chr20	55950665	55950850	SINE/MIR	518	+	92	55950757	93845
chr20	55856912	56056912	harbor1	chr20	55956459	55956693	SINE/MIR	526	+	117	55956576	99664
chr20	55856912	56056912	harbor1	chr20	55956721	55956935	SINE/MIR	521	+	107	55956828	99916
chr20	30631167	30831167	harbor1	chr20	30720512	30720729	SINE/MIR	473	+	108	30720620	89453
chr20	38160723	38360723	harbor1	chr20	38162183	38162304	SINE/MIR	480	+	60	38162243	1520
chr20	38160723	38360723	harbor1	chr20	38166927	38167112	SINE/MIR	518	+	92	38167019	6296
chr20	38160723	38360723	harbor1	chr20	38167811	38168040	SINE/MIR	731	+	114	38167925	7202
chr20	38160723	38360723	harbor1	chr20	38168520	38168678	SINE/MIR	551	+	79	38168599	7876
chr20	38160723	38360723	harbor1	chr20	38171739	38171883	SINE/MIR	570	+	72	38171811	11088
chr20	38160723	38360723	harbor1	chr20	38175899	38176104	SINE/MIR	459	+	102	38176001	15278
chr20	38160723	38360723	harbor1	chr20	38201940	38202167	SINE/MIR	542	+	114	38202054	41331
chr20	38160723	38360723	harbor1	chr20	38209356	38209574	SINE/MIR	617	+	109	38209465	48742
chr20	38160723	38360723	harbor1	chr20	38210291	38210517	SINE/MIR	461	+	113	38210404	49681
chr20	38160723	38360723	harbor1	chr20	38215925	38216113	SINE/MIR	712	+	94	38216019	55296
chr20	38160723	38360723	harbor1	chr20	38220016	38220174	SINE/MIR	623	+	79	38220095	59372
chr20	38160723	38360723	harbor1	chr20	38221495	38221712	SINE/MIR	840	+	108	38221603	60880
chr20	38160723	38360723	harbor1	chr20	38223978	38224221	SINE/MIR	1039	+	122	38224100	63377
chr20	38160723	38360723	harbor1	chr20	38229196	38229364	SINE/MIR	494	+	84	38229280	68557
chr20	38160723	38360723	harbor1	chr20	38231565	38231798	SINE/MIR	734	+	116	38231681	70958
chr20	38160723	38360723	harbor1	chr20	38242283	38242435	SINE/MIR	468	+	76	38242359	81636
chr20	38160723	38360723	harbor1	chr20	38250203	38250433	SINE/MIR	859	+	115	38250318	89595
chr20	38160723	38360723	harbor1	chr20	38259007	38259219	SINE/MIR	421	+	106	38259113	98390
chr20	48401914	48601914	harbor1	chr20	48405009	48405172	SINE/MIR	564	+	82	48405091	3177
chr20	48401914	48601914	harbor1	chr20	48409498	48409728	SINE/MIR	597	+	115	48409613	7699
chr20	48401914	48601914	harbor1	chr20	48414474	48414608	SINE/MIR	427	+	67	48414541	12627
chr20	48401914	48601914	harbor1	chr20	48423675	48423891	SINE/MIR	452	+	108	48423783	21869
chr20	48401914	48601914	harbor1	chr20	48428110	48428278	SINE/MIR	572	+	84	48428194	26280
chr20	48401914	48601914	harbor1	chr20	48453780	48453886	SINE/MIR	443	+	53	48453833	51919
chr20	48401914	48601914	harbor1	chr20	48487916	48488127	SINE/MIR	1131	+	106	48488022	86108
chr20	10030518	10230518	harbor1	chr20	10050984	10051137	SINE/MIR	491	+	76	10051060	20542
chr20	10030518	10230518	harbor1	chr20	10060657	10060906	SINE/MIR	435	+	124	10060781	30263
chr20	10030518	10230518	harbor1	chr20	10070041	10070127	SINE/MIR	409	+	43	10070084	39566
chr20	10030518	10230518	harbor1	chr20	10083405	10083520	SINE/MIR	432	+	58	10083463	52945
chr20	52379422	52579422	harbor1	chr20	52411957	52412083	SINE/MIR	648	+	63	52412020	32598
chr20	52379422	52579422	harbor1	chr20	52418417	52418571	SINE/MIR	480	+	77	52418494	39072
chr20	52379422	52579422	harbor1	chr20	52421229	52421459	SINE/MIR	487	+	115	52421344	41922
chr20	52379422	52579422	harbor1	chr20	52436298	52436535	SINE/MIR	644	+	118	52436416	56994
chr20	52379422	52579422	harbor1	chr20	52452896	52453016	SINE/MIR	498	+	60	52452956	73534
chr20	52379422	52579422	harbor1	chr20	52453399	52453523	SINE/MIR	498	+	62	52453461	74039
chr20	52379422	52579422	harbor1	chr20	52463796	52464016	SINE/MIR	543	+	110	52463906	84484
chr20	52379422	52579422	harbor1	chr20	52476668	52476889	SINE/MIR	549	+	110	52476778	97356
chr20	52379422	52579422	harbor1	chr20	52412412	52412439	SINE/MIR	648	+	14	52412426	33004
chr20	50997772	51197772	harbor1	chr20	51011599	51011797	SINE/MIR	602	+	99	51011698	13926
chr20	50997772	51197772	harbor1	chr20	51016534	51016749	SINE/MIR	624	+	108	51016642	18870
chr20	50997772	51197772	harbor1	chr20	51028210	51028377	SINE/MIR	418	+	84	51028294	30522
chr20	50997772	51197772	harbor1	chr20	51037136	51037334	SINE/MIR	634	+	99	51037235	39463
chr20	50997772	51197772	harbor1	chr20	51058565	51058742	SINE/MIR	720	+	88	51058653	60881
chr20	50997772	51197772	harbor1	chr20	51059040	51059115	SINE/MIR	720	+	38	51059078	61306
chr20	50997772	51197772	harbor1	chr20	51059657	51059832	SINE/MIR	584	+	88	51059745	61973
chr20	50997772	51197772	harbor1	chr20	51073221	51073435	SINE/MIR	664	+	107	51073328	75556
chr20	50997772	51197772	harbor1	chr20	51090846	51091047	SINE/MIR	523	+	100	51090946	93174
chr20	50997772	51197772	harbor1	chr20	51094343	51094561	SINE/MIR	457	+	109	51094452	96680
chr20	50997772	51197772	harbor1	chr20	51096414	51096678	SINE/MIR	784	+	132	51096546	98774
chr20	50997772	51197772	harbor1	chr20	51097585	51097763	SINE/MIR	632	+	89	51097674	99902
chr20	59001141	59201141	harbor1	chr20	59061813	59062011	SINE/MIR	615	+	99	59061912	60771
chr20	58248545	58448545	harbor1	chr20	58266308	58266538	SINE/MIR	627	+	115	58266423	17878
chr20	58248545	58448545	harbor1	chr20	58302107	58302271	SINE/MIR	522	+	82	58302189	53644
chr20	58248545	58448545	harbor1	chr20	58317027	58317103	SINE/MIR	454	+	38	58317065	68520
chr20	58248545	58448545	harbor1	chr20	58317397	58317553	SINE/MIR	454	+	78	58317475	68930
chr20	58248545	58448545	harbor1	chr20	58318802	58318998	SINE/MIR	546	+	98	58318900	70355
chr20	36003339	36203339	harbor1	chr20	36019855	36019986	SINE/MIR	405	+	66	36019921	16582
chr20	36003339	36203339	harbor1	chr20	36019985	36020070	SINE/MIR	857	+	42	36020027	16688
chr20	36003339	36203339	harbor1	chr20	36020381	36020537	SINE/MIR	857	+	78	36020459	17120
chr20	36003339	36203339	harbor1	chr20	36064089	36064291	SINE/MIR	580	+	101	36064190	60851
chr20	36003339	36203339	harbor1	chr20	36067567	36067760	SINE/MIR	459	+	96	36067663	64324
chr20	36003339	36203339	harbor1	chr20	36071470	36071673	SINE/MIR	448	+	102	36071572	68233
chr20	36003339	36203339	harbor1	chr20	36074982	36075220	SINE/MIR	541	+	119	36075101	71762
chr20	36003339	36203339	harbor1	chr20	36091089	36091288	SINE/MIR	557	+	100	36091189	87850
chr20	36003339	36203339	harbor1	chr20	36097257	36097480	SINE/MIR	631	+	112	36097369	94030
chr20	36003339	36203339	harbor1	chr20	36099265	36099474	SINE/MIR	478	+	104	36099369	96030
chr20	22038090	22238090	harbor1	chr20	22039739	22039892	SINE/MIR	501	+	76	22039815	1725
chr20	22038090	22238090	harbor1	chr20	22054894	22055122	SINE/MIR	482	+	114	22055008	16918
chr20	54215015	54415015	harbor1	chr20	54258176	54258314	SINE/MIR	440	+	69	54258245	43230
chr20	54215015	54415015	harbor1	chr20	54290534	54290685	SINE/MIR	445	+	76	54290610	75595
chr20	54215015	54415015	harbor1	chr20	54291303	54291384	SINE/MIR	445	+	40	54291343	76328
chr20	54215015	54415015	harbor1	chr20	54292434	54292586	SINE/MIR	520	+	76	54292510	77495
chr20	54215015	54415015	harbor1	chr20	54308157	54308395	SINE/MIR	782	+	119	54308276	93261
chr20	52827509	53027509	harbor1	chr20	52857431	52857670	SINE/MIR	615	+	120	52857551	30042
chr20	52827509	53027509	harbor1	chr20	52892655	52892887	SINE/MIR	853	+	116	52892771	65262
chr20	52827509	53027509	harbor1	chr20	52900776	52901028	SINE/MIR	402	+	126	52900902	73393
chr20	52827509	53027509	harbor1	chr20	52908055	52908274	SINE/MIR	563	+	110	52908165	80656
chr20	52827509	53027509	harbor1	chr20	52917434	52917682	SINE/MIR	500	+	124	52917558	90049
chr20	13475083	13675083	harbor1	chr20	13490772	13490935	SINE/MIR	580	+	82	13490854	15771
chr20	53709583	53909583	harbor1	chr20	53714668	53714908	SINE/MIR	1100	+	120	53714788	5205
chr20	53709583	53909583	harbor1	chr20	53723491	53723655	SINE/MIR	406	+	82	53723573	13990
chr20	53709583	53909583	harbor1	chr20	53754622	53754829	SINE/MIR	401	+	104	53754726	45143
chr20	53709583	53909583	harbor1	chr20	53755267	53755297	SINE/MIR	446	+	15	53755282	45699
chr20	53709583	53909583	harbor1	chr20	53760930	53761074	SINE/MIR	438	+	72	53761002	51419
chr20	53709583	53909583	harbor1	chr20	53761377	53761477	SINE/MIR	438	+	50	53761427	51844
chr20	53709583	53909583	harbor1	chr20	53768325	53768588	SINE/MIR	616	+	132	53768457	58874
chr20	53709583	53909583	harbor1	chr20	53723118	53723165	SINE/MIR	406	+	24	53723142	13559
chr20	53709583	53909583	harbor1	chr20	53755899	53756061	SINE/MIR	467	+	81	53755980	46397
chr20	21489436	21689436	harbor1	chr20	21492846	21493090	SINE/MIR	770	+	122	21492968	3532
chr20	21489436	21689436	harbor1	chr20	21550678	21550856	SINE/MIR	509	+	89	21550767	61331
chr20	21489436	21689436	harbor1	chr20	21567912	21568128	SINE/MIR	403	+	108	21568020	78584
chr20	44313649	44513649	harbor1	chr20	44330128	44330230	SINE/MIR	405	+	51	44330179	16530
chr20	44313649	44513649	harbor1	chr20	44331326	44331486	SINE/MIR	561	+	80	44331406	17757
chr20	44313649	44513649	harbor1	chr20	44331856	44332098	SINE/MIR	813	+	121	44331977	18328
chr20	44313649	44513649	harbor1	chr20	44333377	44333573	SINE/MIR	737	+	98	44333475	19826
chr20	44313649	44513649	harbor1	chr20	44335749	44335965	SINE/MIR	647	+	108	44335857	22208
chr20	44313649	44513649	harbor1	chr20	44348119	44348279	SINE/MIR	448	+	80	44348199	34550
chr20	44313649	44513649	harbor1	chr20	44357157	44357344	SINE/MIR	650	+	94	44357251	43602
chr20	44313649	44513649	harbor1	chr20	44362797	44362838	SINE/MIR	833	+	20	44362817	49168
chr20	44313649	44513649	harbor1	chr20	44363156	44363314	SINE/MIR	833	+	79	44363235	49586
chr20	44313649	44513649	harbor1	chr20	44372889	44373122	SINE/MIR	589	+	116	44373005	59356
chr20	44313649	44513649	harbor1	chr20	44393492	44393687	SINE/MIR	681	+	98	44393590	79941
chr20	44313649	44513649	harbor1	chr20	44396107	44396346	SINE/MIR	722	+	120	44396227	82578
chr20	44313649	44513649	harbor1	chr20	44403239	44403439	SINE/MIR	629	+	100	44403339	89690
chr20	889859	1089859	harbor1	chr20	896638	896810	SINE/MIR	415	+	86	896724	6865
chr20	889859	1089859	harbor1	chr20	909039	909241	SINE/MIR	683	+	101	909140	19281
chr20	889859	1089859	harbor1	chr20	910075	910330	SINE/MIR	844	+	128	910203	20344
chr20	889859	1089859	harbor1	chr20	918426	918628	SINE/MIR	473	+	101	918527	28668
chr20	889859	1089859	harbor1	chr20	925259	925389	SINE/MIR	483	+	65	925324	35465
chr20	889859	1089859	harbor1	chr20	935362	935572	SINE/MIR	581	+	105	935467	45608
chr20	889859	1089859	harbor1	chr20	942895	943015	SINE/MIR	511	+	60	942955	53096
chr20	889859	1089859	harbor1	chr20	945324	945503	SINE/MIR	430	+	90	945414	55555
chr20	889859	1089859	harbor1	chr20	946442	946701	SINE/MIR	651	+	130	946572	56713
chr20	889859	1089859	harbor1	chr20	954112	954267	SINE/MIR	540	+	78	954190	64331
chr20	889859	1089859	harbor1	chr20	962819	962997	SINE/MIR	753	+	89	962908	73049
chr20	889859	1089859	harbor1	chr20	975782	975958	SINE/MIR	738	+	88	975870	86011
chr20	889859	1089859	harbor1	chr20	977104	977116	SINE/MIR	518	+	6	977110	87251
chr20	889859	1089859	harbor1	chr20	977305	977469	SINE/MIR	609	+	82	977387	87528
chr20	889859	1089859	harbor1	chr20	978177	978396	SINE/MIR	689	+	110	978287	88428
chr20	889859	1089859	harbor1	chr20	989227	989454	SINE/MIR	504	+	114	989341	99482
chr20	889859	1089859	harbor1	chr20	917375	917551	SINE/MIR	808	+	88	917463	27604
chr20	16978792	17178792	harbor1	chr20	17009407	17009618	SINE/MIR	707	+	106	17009513	30721
chr20	16978792	17178792	harbor1	chr20	17011271	17011492	SINE/MIR	485	+	110	17011381	32589
chr20	16978792	17178792	harbor1	chr20	17022159	17022317	SINE/MIR	402	+	79	17022238	43446
chr20	16978792	17178792	harbor1	chr20	17026199	17026426	SINE/MIR	689	+	114	17026313	47521
chr20	16978792	17178792	harbor1	chr20	17055925	17056172	SINE/MIR	874	+	124	17056049	77257
chr20	4199183	4399183	harbor1	chr20	4236137	4236332	SINE/MIR	869	+	98	4236235	37052
chr20	4199183	4399183	harbor1	chr20	4250113	4250319	SINE/MIR	493	+	103	4250216	51033
chr20	52133261	52333261	harbor1	chr20	52178258	52178498	SINE/MIR	807	+	120	52178378	45117
chr20	52133261	52333261	harbor1	chr20	52195055	52195307	SINE/MIR	623	+	126	52195181	61920
chr20	4288513	4488513	harbor1	chr20	4302522	4302711	SINE/MIR	459	+	94	4302616	14103
chr20	43649659	43849659	harbor1	chr20	43664282	43664483	SINE/MIR	1030	+	100	43664382	14723
chr20	43649659	43849659	harbor1	chr20	43704600	43704831	SINE/MIR	548	+	116	43704716	55057
chr20	45816552	46016552	harbor1	chr20	45819410	45819585	SINE/MIR	414	+	88	45819498	2946
chr20	45816552	46016552	harbor1	chr20	45821074	45821236	SINE/MIR	568	+	81	45821155	4603
chr20	45816552	46016552	harbor1	chr20	45827624	45827844	SINE/MIR	454	+	110	45827734	11182
chr20	45816552	46016552	harbor1	chr20	45831719	45831854	SINE/MIR	428	+	68	45831787	15235
chr20	45816552	46016552	harbor1	chr20	45835470	45835706	SINE/MIR	565	+	118	45835588	19036
chr20	45816552	46016552	harbor1	chr20	45836900	45837146	SINE/MIR	774	+	123	45837023	20471
chr20	45816552	46016552	harbor1	chr20	45844552	45844679	SINE/MIR	442	+	64	45844616	28064
chr20	45816552	46016552	harbor1	chr20	45848884	45849105	SINE/MIR	751	+	110	45848994	32442
chr20	45816552	46016552	harbor1	chr20	45853235	45853414	SINE/MIR	436	+	90	45853325	36773
chr20	45816552	46016552	harbor1	chr20	45897386	45897539	SINE/MIR	693	+	76	45897462	80910
chr20	45816552	46016552	harbor1	chr20	45905804	45905938	SINE/MIR	510	+	67	45905871	89319
chr20	45816552	46016552	harbor1	chr20	45906371	45906553	SINE/MIR	582	+	91	45906462	89910
chr20	45816552	46016552	harbor1	chr20	45916344	45916502	SINE/MIR	750	+	79	45916423	99871
chr20	38458967	38658967	harbor1	chr20	38478185	38478395	SINE/MIR	454	+	105	38478290	19323
chr20	38458967	38658967	harbor1	chr20	38491581	38491800	SINE/MIR	594	+	110	38491691	32724
chr20	38458967	38658967	harbor1	chr20	38498900	38499125	SINE/MIR	533	+	112	38499012	40045
chr20	38458967	38658967	harbor1	chr20	38512329	38512553	SINE/MIR	573	+	112	38512441	53474
chr20	38458967	38658967	harbor1	chr20	38554543	38554764	SINE/MIR	702	+	110	38554653	95686
chr20	32123577	32323577	harbor1	chr20	32127054	32127279	SINE/MIR	700	+	112	32127166	3589
chr20	32123577	32323577	harbor1	chr20	32127342	32127518	SINE/MIR	406	+	88	32127430	3853
chr20	32123577	32323577	harbor1	chr20	32150152	32150358	SINE/MIR	720	+	103	32150255	26678
chr20	32123577	32323577	harbor1	chr20	32153844	32154047	SINE/MIR	497	+	102	32153946	30369
chr20	32123577	32323577	harbor1	chr20	32158217	32158305	SINE/MIR	499	+	44	32158261	34684
chr20	32123577	32323577	harbor1	chr20	32160452	32160669	SINE/MIR	650	+	108	32160560	36983
chr20	32123577	32323577	harbor1	chr20	32160978	32161030	SINE/MIR	650	+	26	32161004	37427
chr20	32123577	32323577	harbor1	chr20	32202336	32202570	SINE/MIR	937	+	117	32202453	78876
chr20	32123577	32323577	harbor1	chr20	32204965	32205172	SINE/MIR	542	+	104	32205069	81492
chr20	32123577	32323577	harbor1	chr20	32205653	32205787	SINE/MIR	513	+	67	32205720	82143
chr20	32123577	32323577	harbor1	chr20	32210960	32211179	SINE/MIR	489	+	110	32211070	87493
chr20	32123577	32323577	harbor1	chr20	32211976	32212148	SINE/MIR	534	+	86	32212062	88485
chr20	32123577	32323577	harbor1	chr20	32215532	32215748	SINE/MIR	615	+	108	32215640	92063
chr20	32123577	32323577	harbor1	chr20	32216132	32216308	SINE/MIR	531	+	88	32216220	92643
chr20	48877355	49077355	harbor1	chr20	48884971	48885141	SINE/MIR	821	+	85	48885056	7701
chr20	48877355	49077355	harbor1	chr20	48887107	48887274	SINE/MIR	569	+	84	48887191	9836
chr20	48877355	49077355	harbor1	chr20	48890581	48890779	SINE/MIR	691	+	99	48890680	13325
chr20	48877355	49077355	harbor1	chr20	48906622	48906854	SINE/MIR	709	+	116	48906738	29383
chr20	48877355	49077355	harbor1	chr20	48928035	48928147	SINE/MIR	455	+	56	48928091	50736
chr20	48877355	49077355	harbor1	chr20	48933310	48933496	SINE/MIR	553	+	93	48933403	56048
chr20	48877355	49077355	harbor1	chr20	48940586	48940701	SINE/MIR	835	+	58	48940644	63289
chr20	48877355	49077355	harbor1	chr20	48940918	48941039	SINE/MIR	835	+	60	48940978	63623
chr20	10985608	11185608	harbor1	chr20	10994143	10994267	SINE/MIR	440	+	62	10994205	8597
chr20	10985608	11185608	harbor1	chr20	11033790	11033977	SINE/MIR	505	+	94	11033884	48276
chr20	10985608	11185608	harbor1	chr20	11064920	11065124	SINE/MIR	537	+	102	11065022	79414
chr20	54634082	54834082	harbor1	chr20	54669212	54669367	SINE/MIR	657	+	78	54669290	35208
chr20	54634082	54834082	harbor1	chr20	54669679	54669798	SINE/MIR	657	+	60	54669739	35657
chr20	54634082	54834082	harbor1	chr20	54688958	54689199	SINE/MIR	642	+	120	54689078	54996
chr20	54634082	54834082	harbor1	chr20	54726355	54726582	SINE/MIR	462	+	114	54726469	92387
chr20	34388387	34588387	harbor1	chr20	34412023	34412155	SINE/MIR	518	+	66	34412089	23702
chr20	34388387	34588387	harbor1	chr20	34446766	34446998	SINE/MIR	764	+	116	34446882	58495
chr20	34388387	34588387	harbor1	chr20	34478501	34478717	SINE/MIR	419	+	108	34478609	90222
chr20	17792169	17992169	harbor1	chr20	17812884	17813086	SINE/MIR	679	+	101	17812985	20816
chr20	17792169	17992169	harbor1	chr20	17813385	17813440	SINE/MIR	679	+	28	17813413	21244
chr20	17792169	17992169	harbor1	chr20	17819352	17819374	SINE/MIR	637	+	11	17819363	27194
chr20	17792169	17992169	harbor1	chr20	17819735	17819869	SINE/MIR	637	+	67	17819802	27633
chr20	17792169	17992169	harbor1	chr20	17866721	17866969	SINE/MIR	665	+	124	17866845	74676
chr20	17792169	17992169	harbor1	chr20	17874500	17874710	SINE/MIR	945	+	105	17874605	82436
chr20	24247870	24447870	harbor1	chr20	24266535	24266740	SINE/MIR	439	+	102	24266637	18767
chr20	38117564	38317564	harbor1	chr20	38125945	38126096	SINE/MIR	677	+	76	38126021	8457
chr20	38117564	38317564	harbor1	chr20	38131494	38131682	SINE/MIR	548	+	94	38131588	14024
chr20	38117564	38317564	harbor1	chr20	38137837	38138016	SINE/MIR	695	+	90	38137927	20363
chr20	38117564	38317564	harbor1	chr20	38139790	38140018	SINE/MIR	455	+	114	38139904	22340
chr20	38117564	38317564	harbor1	chr20	38144200	38144343	SINE/MIR	539	+	72	38144272	26708
chr20	38117564	38317564	harbor1	chr20	38156120	38156346	SINE/MIR	492	+	113	38156233	38669
chr20	38117564	38317564	harbor1	chr20	38157500	38157736	SINE/MIR	780	+	118	38157618	40054
chr20	38117564	38317564	harbor1	chr20	38159671	38159845	SINE/MIR	419	+	87	38159758	42194
chr20	38117564	38317564	harbor1	chr20	38162183	38162304	SINE/MIR	480	+	60	38162243	44679
chr20	38117564	38317564	harbor1	chr20	38166927	38167112	SINE/MIR	518	+	92	38167019	49455
chr20	38117564	38317564	harbor1	chr20	38167811	38168040	SINE/MIR	731	+	114	38167925	50361
chr20	38117564	38317564	harbor1	chr20	38168520	38168678	SINE/MIR	551	+	79	38168599	51035
chr20	38117564	38317564	harbor1	chr20	38171739	38171883	SINE/MIR	570	+	72	38171811	54247
chr20	38117564	38317564	harbor1	chr20	38175899	38176104	SINE/MIR	459	+	102	38176001	58437
chr20	38117564	38317564	harbor1	chr20	38201940	38202167	SINE/MIR	542	+	114	38202054	84490
chr20	38117564	38317564	harbor1	chr20	38209356	38209574	SINE/MIR	617	+	109	38209465	91901
chr20	38117564	38317564	harbor1	chr20	38210291	38210517	SINE/MIR	461	+	113	38210404	92840
chr20	38117564	38317564	harbor1	chr20	38215925	38216113	SINE/MIR	712	+	94	38216019	98455
chr20	38278937	38478937	harbor1	chr20	38291495	38291722	SINE/MIR	741	+	114	38291609	12672
chr20	38278937	38478937	harbor1	chr20	38298425	38298618	SINE/MIR	732	+	96	38298521	19584
chr20	38278937	38478937	harbor1	chr20	38310242	38310441	SINE/MIR	467	+	100	38310342	31405
chr20	38278937	38478937	harbor1	chr20	38312993	38313102	SINE/MIR	469	+	54	38313047	34110
chr20	38278937	38478937	harbor1	chr20	38313414	38313488	SINE/MIR	469	+	37	38313451	34514
chr20	38278937	38478937	harbor1	chr20	38323518	38323680	SINE/MIR	824	+	81	38323599	44662
chr20	38278937	38478937	harbor1	chr20	38324150	38324333	SINE/MIR	562	+	92	38324242	45305
chr20	38278937	38478937	harbor1	chr20	38330269	38330436	SINE/MIR	450	+	84	38330353	51416
chr20	38278937	38478937	harbor1	chr20	38331229	38331351	SINE/MIR	437	+	61	38331290	52353
chr20	38278937	38478937	harbor1	chr20	38340785	38340985	SINE/MIR	453	+	100	38340885	61948
chr20	38278937	38478937	harbor1	chr20	38340975	38341194	SINE/MIR	869	+	110	38341085	62148
chr20	38278937	38478937	harbor1	chr20	38344319	38344527	SINE/MIR	523	+	104	38344423	65486
chr20	38278937	38478937	harbor1	chr20	38372492	38372727	SINE/MIR	649	+	118	38372610	93673
chr20	38278937	38478937	harbor1	chr20	38373653	38373864	SINE/MIR	780	+	106	38373759	94822
chr20	38278937	38478937	harbor1	chr20	38305637	38305864	SINE/MIR	975	+	114	38305751	26814
chr20	41770379	41970379	harbor1	chr20	41775505	41775726	SINE/MIR	687	+	110	41775615	5236
chr20	41770379	41970379	harbor1	chr20	41781513	41781706	SINE/MIR	534	+	96	41781609	11230
chr20	41770379	41970379	harbor1	chr20	41797843	41797995	SINE/MIR	429	+	76	41797919	27540
chr20	41770379	41970379	harbor1	chr20	41818499	41818731	SINE/MIR	606	+	116	41818615	48236
chr20	41770379	41970379	harbor1	chr20	41864304	41864508	SINE/MIR	475	+	102	41864406	94027
chr20	41770379	41970379	harbor1	chr20	41779120	41779357	SINE/MIR	686	+	118	41779238	8859
chr20	41770379	41970379	harbor1	chr20	41861039	41861256	SINE/MIR	693	+	108	41861147	90768
chr20	4764491	4964491	harbor1	chr20	4790793	4790995	SINE/MIR	972	+	101	4790894	26403
chr20	15172802	15372802	harbor1	chr20	15199409	15199580	SINE/MIR	579	+	86	15199495	26693
chr20	15172802	15372802	harbor1	chr20	15254419	15254640	SINE/MIR	419	+	110	15254529	81727
chr20	53491436	53691436	harbor1	chr20	53529947	53530071	SINE/MIR	426	+	62	53530009	38573
chr20	53491436	53691436	harbor1	chr20	53546626	53546749	SINE/MIR	409	+	62	53546688	55252
chr20	53491436	53691436	harbor1	chr20	53551288	53551358	SINE/MIR	461	+	35	53551323	59887
chr20	53491436	53691436	harbor1	chr20	53551638	53551725	SINE/MIR	461	+	44	53551682	60246
chr20	53491436	53691436	harbor1	chr20	53552015	53552099	SINE/MIR	461	+	42	53552057	60621
chr20	53598138	53798138	harbor1	chr20	53690412	53690587	SINE/MIR	647	+	88	53690500	92362
chr20	52368674	52568674	harbor1	chr20	52379236	52379412	SINE/MIR	536	+	88	52379324	10650
chr20	52368674	52568674	harbor1	chr20	52411957	52412083	SINE/MIR	648	+	63	52412020	43346
chr20	52368674	52568674	harbor1	chr20	52418417	52418571	SINE/MIR	480	+	77	52418494	49820
chr20	52368674	52568674	harbor1	chr20	52421229	52421459	SINE/MIR	487	+	115	52421344	52670
chr20	52368674	52568674	harbor1	chr20	52436298	52436535	SINE/MIR	644	+	118	52436416	67742
chr20	52368674	52568674	harbor1	chr20	52452896	52453016	SINE/MIR	498	+	60	52452956	84282
chr20	52368674	52568674	harbor1	chr20	52453399	52453523	SINE/MIR	498	+	62	52453461	84787
chr20	52368674	52568674	harbor1	chr20	52463796	52464016	SINE/MIR	543	+	110	52463906	95232
chr20	52368674	52568674	harbor1	chr20	52412412	52412439	SINE/MIR	648	+	14	52412426	43752
chr20	3749752	3949752	harbor1	chr20	3751083	3751248	SINE/MIR	418	+	82	3751165	1413
chr20	3749752	3949752	harbor1	chr20	3765358	3765497	SINE/MIR	420	+	70	3765428	15676
chr20	3749752	3949752	harbor1	chr20	3812334	3812476	SINE/MIR	629	+	71	3812405	62653
chr20	3749752	3949752	harbor1	chr20	3823686	3823837	SINE/MIR	503	+	76	3823762	74010
chr21	14701832	14901832	harbor1	chr21	14747013	14747089	SINE/MIR	733	+	38	14747051	45219
chr21	14701832	14901832	harbor1	chr21	14747468	14747625	SINE/MIR	733	+	78	14747546	45714
chr21	45696881	45896881	harbor1	chr21	45708934	45709182	SINE/MIR	501	+	124	45709058	12177
chr21	15699057	15899057	harbor1	chr21	15719746	15719937	SINE/MIR	581	+	96	15719842	20785
chr21	15699057	15899057	harbor1	chr21	15722819	15723062	SINE/MIR	623	+	122	15722941	23884
chr21	37348637	37548637	harbor1	chr21	37364005	37364171	SINE/MIR	536	+	83	37364088	15451
chr21	37348637	37548637	harbor1	chr21	37372519	37372725	SINE/MIR	490	+	103	37372622	23985
chr21	37348637	37548637	harbor1	chr21	37414283	37414491	SINE/MIR	545	+	104	37414387	65750
chr21	37348637	37548637	harbor1	chr21	37416083	37416245	SINE/MIR	531	+	81	37416164	67527
chr21	42083860	42283860	harbor1	chr21	42086559	42086683	SINE/MIR	656	+	62	42086621	2761
chr21	42083860	42283860	harbor1	chr21	42086996	42087066	SINE/MIR	656	+	35	42087031	3171
chr21	42083860	42283860	harbor1	chr21	42132765	42132965	SINE/MIR	498	+	100	42132865	49005
chr21	42083860	42283860	harbor1	chr21	42106745	42106934	SINE/MIR	621	+	94	42106839	22979
chr21	31951876	32151876	harbor1	chr21	31973638	31973814	SINE/MIR	630	+	88	31973726	21850
chr21	31951876	32151876	harbor1	chr21	32049411	32049617	SINE/MIR	806	+	103	32049514	97638
chr21	34627057	34827057	harbor1	chr21	34647791	34648011	SINE/MIR	521	+	110	34647901	20844
chr21	34627057	34827057	harbor1	chr21	34672688	34672943	SINE/MIR	985	+	128	34672816	45759
chr21	34627057	34827057	harbor1	chr21	34696497	34696710	SINE/MIR	825	+	106	34696603	69546
chr21	34627057	34827057	harbor1	chr21	34699071	34699238	SINE/MIR	504	+	84	34699155	72098
chr21	16346567	16546567	harbor1	chr21	16371636	16371768	SINE/MIR	619	+	66	16371702	25135
chr21	16346567	16546567	harbor1	chr21	16372085	16372203	SINE/MIR	619	+	59	16372144	25577
chr21	28917077	29117077	harbor1	chr21	29016746	29016954	SINE/MIR	600	+	104	29016850	99773
chr21	30089444	30289444	harbor1	chr21	30111646	30111890	SINE/MIR	533	+	122	30111768	22324
chr21	28827894	29027894	harbor1	chr21	28914903	28914933	SINE/MIR	564	+	15	28914918	87024
chr21	28827894	29027894	harbor1	chr21	28915223	28915358	SINE/MIR	564	+	68	28915291	87397
chr21	39047235	39247235	harbor1	chr21	39079249	39079471	SINE/MIR	494	+	111	39079360	32125
chr21	39405883	39605883	harbor1	chr21	39453699	39453879	SINE/MIR	710	+	90	39453789	47906
chr21	29058413	29258413	harbor1	chr21	29067215	29067473	SINE/MIR	549	+	129	29067344	8931
chr21	29058413	29258413	harbor1	chr21	29093792	29093980	SINE/MIR	749	+	94	29093886	35473
chr21	29058413	29258413	harbor1	chr21	29100520	29100603	SINE/MIR	543	+	42	29100562	42149
chr21	29058413	29258413	harbor1	chr21	29108568	29108783	SINE/MIR	585	+	108	29108676	50263
chr21	29058413	29258413	harbor1	chr21	29115480	29115649	SINE/MIR	554	+	84	29115564	57151
chr21	29058413	29258413	harbor1	chr21	29120377	29120551	SINE/MIR	534	+	87	29120464	62051
chr21	29058413	29258413	harbor1	chr21	29136901	29137111	SINE/MIR	518	+	105	29137006	78593
chr21	29058413	29258413	harbor1	chr21	29154004	29154228	SINE/MIR	667	+	112	29154116	95703
chr22	38474943	38674943	harbor1	chr22	38475108	38475206	SINE/MIR	663	+	49	38475157	214
chr22	38474943	38674943	harbor1	chr22	38562505	38562688	SINE/MIR	479	+	92	38562597	87654
chr22	44952498	45152498	harbor1	chr22	45049888	45050117	SINE/MIR	510	+	114	45050002	97504
chr22	44952498	45152498	harbor1	chr22	45050841	45051008	SINE/MIR	490	+	84	45050925	98427
chr22	24972654	25172654	harbor1	chr22	24976944	24977126	SINE/MIR	511	+	91	24977035	4381
chr22	24972654	25172654	harbor1	chr22	25003175	25003330	SINE/MIR	443	+	78	25003253	30599
chr22	24972654	25172654	harbor1	chr22	25008336	25008508	SINE/MIR	531	+	86	25008422	35768
chr22	24972654	25172654	harbor1	chr22	25019239	25019411	SINE/MIR	720	+	86	25019325	46671
chr22	24972654	25172654	harbor1	chr22	25020107	25020350	SINE/MIR	522	+	122	25020229	47575
chr22	24972654	25172654	harbor1	chr22	25049608	25049822	SINE/MIR	549	+	107	25049715	77061
chr22	24972654	25172654	harbor1	chr22	25049861	25050072	SINE/MIR	921	+	106	25049967	77313
chr22	24972654	25172654	harbor1	chr22	25051304	25051472	SINE/MIR	534	+	84	25051388	78734
chr22	24972654	25172654	harbor1	chr22	25056378	25056536	SINE/MIR	862	+	79	25056457	83803
chr22	24972654	25172654	harbor1	chr22	25056834	25056922	SINE/MIR	862	+	44	25056878	84224
chr22	24972654	25172654	harbor1	chr22	25069527	25069700	SINE/MIR	534	+	86	25069613	96959
chr22	25608820	25808820	harbor1	chr22	25655726	25655923	SINE/MIR	439	+	98	25655824	47004
chr22	25608820	25808820	harbor1	chr22	25655941	25656160	SINE/MIR	592	+	110	25656051	47231
chr22	25608820	25808820	harbor1	chr22	25671574	25671718	SINE/MIR	557	+	72	25671646	62826
chr22	25798460	25998460	harbor1	chr22	25801418	25801563	SINE/MIR	495	+	72	25801490	3030
chr22	25798460	25998460	harbor1	chr22	25803560	25803782	SINE/MIR	616	+	111	25803671	5211
chr22	25798460	25998460	harbor1	chr22	25808638	25808857	SINE/MIR	519	+	110	25808748	10288
chr22	25798460	25998460	harbor1	chr22	25826576	25826766	SINE/MIR	555	+	95	25826671	28211
chr22	25798460	25998460	harbor1	chr22	25830191	25830308	SINE/MIR	535	+	58	25830249	31789
chr22	25798460	25998460	harbor1	chr22	25833655	25833818	SINE/MIR	691	+	82	25833737	35277
chr22	25798460	25998460	harbor1	chr22	25847125	25847248	SINE/MIR	431	+	62	25847187	48727
chr22	25798460	25998460	harbor1	chr22	25850369	25850564	SINE/MIR	479	+	98	25850467	52007
chr22	25798460	25998460	harbor1	chr22	25858864	25859106	SINE/MIR	612	+	121	25858985	60525
chr22	25798460	25998460	harbor1	chr22	25864562	25864765	SINE/MIR	584	+	102	25864664	66204
chr22	25798460	25998460	harbor1	chr22	25871169	25871309	SINE/MIR	531	+	70	25871239	72779
chr22	25798460	25998460	harbor1	chr22	25875204	25875419	SINE/MIR	690	+	108	25875312	76852
chr22	25798460	25998460	harbor1	chr22	25884746	25884937	SINE/MIR	424	+	96	25884842	86382
chr22	25798460	25998460	harbor1	chr22	25886758	25886970	SINE/MIR	562	+	106	25886864	88404
chr22	34960747	35160747	harbor1	chr22	34963172	34963423	SINE/MIR	774	+	126	34963298	2551
chr22	34960747	35160747	harbor1	chr22	34968732	34968942	SINE/MIR	602	+	105	34968837	8090
chr22	34960747	35160747	harbor1	chr22	34971841	34972076	SINE/MIR	579	+	118	34971959	11212
chr22	34960747	35160747	harbor1	chr22	34973655	34973846	SINE/MIR	607	+	96	34973751	13004
chr22	34960747	35160747	harbor1	chr22	34975890	34976100	SINE/MIR	602	+	105	34975995	15248
chr22	34960747	35160747	harbor1	chr22	34985120	34985326	SINE/MIR	508	+	103	34985223	24476
chr22	34960747	35160747	harbor1	chr22	34985638	34985678	SINE/MIR	508	+	20	34985658	24911
chr22	34960747	35160747	harbor1	chr22	34989443	34989652	SINE/MIR	849	+	104	34989547	28800
chr22	34960747	35160747	harbor1	chr22	34991882	34992048	SINE/MIR	565	+	83	34991965	31218
chr22	34960747	35160747	harbor1	chr22	34995631	34995842	SINE/MIR	688	+	106	34995737	34990
chr22	34960747	35160747	harbor1	chr22	34996414	34996571	SINE/MIR	479	+	78	34996492	35745
chr22	34960747	35160747	harbor1	chr22	35005735	35005983	SINE/MIR	636	+	124	35005859	45112
chr22	34960747	35160747	harbor1	chr22	35007371	35007549	SINE/MIR	506	+	89	35007460	46713
chr22	34960747	35160747	harbor1	chr22	35007844	35007916	SINE/MIR	506	+	36	35007880	47133
chr22	34960747	35160747	harbor1	chr22	35012699	35012899	SINE/MIR	756	+	100	35012799	52052
chr22	34960747	35160747	harbor1	chr22	35013207	35013248	SINE/MIR	756	+	20	35013227	52480
chr22	34960747	35160747	harbor1	chr22	35033945	35034101	SINE/MIR	448	+	78	35034023	73276
chr22	34960747	35160747	harbor1	chr22	35040271	35040496	SINE/MIR	559	+	112	35040383	79636
chr22	34960747	35160747	harbor1	chr22	35040995	35041101	SINE/MIR	665	+	53	35041048	80301
chr22	34960747	35160747	harbor1	chr22	35041430	35041539	SINE/MIR	665	+	54	35041484	80737
chr22	34960747	35160747	harbor1	chr22	35044421	35044552	SINE/MIR	511	+	66	35044487	83740
chr22	34960747	35160747	harbor1	chr22	35055932	35056179	SINE/MIR	456	+	124	35056056	95309
chr22	22875360	23075360	harbor1	chr22	22935173	22935365	SINE/MIR	438	+	96	22935269	59909
chr22	22875360	23075360	harbor1	chr22	22938725	22938915	SINE/MIR	461	+	95	22938820	63460
chr22	31630915	31830915	harbor1	chr22	31658273	31658427	SINE/MIR	445	+	77	31658350	27435
chr22	31630915	31830915	harbor1	chr22	31661489	31661647	SINE/MIR	444	+	79	31661568	30653
chr22	31630915	31830915	harbor1	chr22	31719664	31719739	SINE/MIR	581	+	38	31719702	88787
chr22	31630915	31830915	harbor1	chr22	31720035	31720180	SINE/MIR	581	+	72	31720107	89192
chr22	27398645	27598645	harbor1	chr22	27411190	27411404	SINE/MIR	597	+	107	27411297	12652
chr22	27398645	27598645	harbor1	chr22	27419429	27419652	SINE/MIR	620	+	112	27419541	20896
chr22	27398645	27598645	harbor1	chr22	27440772	27440960	SINE/MIR	633	+	94	27440866	42221
chr22	27398645	27598645	harbor1	chr22	27446561	27446741	SINE/MIR	434	+	90	27446651	48006
chr22	27398645	27598645	harbor1	chr22	27466736	27466925	SINE/MIR	488	+	94	27466830	68185
chr22	27398645	27598645	harbor1	chr22	27498416	27498654	SINE/MIR	962	+	119	27498535	99890
chr22	23536621	23736621	harbor1	chr22	23557562	23557771	SINE/MIR	445	+	104	23557666	21045
chr22	23536621	23736621	harbor1	chr22	23609182	23609338	SINE/MIR	504	+	78	23609260	72639
chr22	29186412	29386412	harbor1	chr22	29205201	29205362	SINE/MIR	526	+	80	29205281	18869
chr22	29186412	29386412	harbor1	chr22	29212451	29212569	SINE/MIR	523	+	59	29212510	26098
chr22	29186412	29386412	harbor1	chr22	29212865	29212971	SINE/MIR	523	+	53	29212918	26506
chr22	17057474	17257474	harbor1	chr22	17089252	17089476	SINE/MIR	826	+	112	17089364	31890
chr22	17057474	17257474	harbor1	chr22	17104961	17105077	SINE/MIR	455	+	58	17105019	47545
chr22	17057474	17257474	harbor1	chr22	17105953	17106169	SINE/MIR	424	+	108	17106061	48587
chr22	17057474	17257474	harbor1	chr22	17126167	17126249	SINE/MIR	965	+	41	17126208	68734
chr22	17057474	17257474	harbor1	chr22	17126565	17126735	SINE/MIR	965	+	85	17126650	69176
chr22	17057474	17257474	harbor1	chr22	17141618	17141845	SINE/MIR	516	+	114	17141732	84258
chr22	25044341	25244341	harbor1	chr22	25049608	25049822	SINE/MIR	549	+	107	25049715	5374
chr22	25044341	25244341	harbor1	chr22	25049861	25050072	SINE/MIR	921	+	106	25049967	5626
chr22	25044341	25244341	harbor1	chr22	25051304	25051472	SINE/MIR	534	+	84	25051388	7047
chr22	25044341	25244341	harbor1	chr22	25056378	25056536	SINE/MIR	862	+	79	25056457	12116
chr22	25044341	25244341	harbor1	chr22	25056834	25056922	SINE/MIR	862	+	44	25056878	12537
chr22	25044341	25244341	harbor1	chr22	25069527	25069700	SINE/MIR	534	+	86	25069613	25272
chr22	25044341	25244341	harbor1	chr22	25077151	25077388	SINE/MIR	538	+	118	25077269	32928
chr22	25044341	25244341	harbor1	chr22	25078886	25079105	SINE/MIR	619	+	110	25078996	34655
chr22	25044341	25244341	harbor1	chr22	25095065	25095256	SINE/MIR	490	+	96	25095161	50820
chr22	25044341	25244341	harbor1	chr22	25103103	25103212	SINE/MIR	501	+	54	25103157	58816
chr22	25044341	25244341	harbor1	chr22	25103792	25103955	SINE/MIR	501	+	82	25103874	59533
chr22	25044341	25244341	harbor1	chr22	25105839	25106036	SINE/MIR	590	+	98	25105937	61596
chr22	25044341	25244341	harbor1	chr22	25114510	25114616	SINE/MIR	506	+	53	25114563	70222
chr22	25044341	25244341	harbor1	chr22	25115331	25115576	SINE/MIR	594	+	122	25115453	71112
chr22	25044341	25244341	harbor1	chr22	25121961	25122096	SINE/MIR	482	+	68	25122029	77688
chr22	25044341	25244341	harbor1	chr22	25127040	25127224	SINE/MIR	494	+	92	25127132	82791
chr22	25044341	25244341	harbor1	chr22	25129524	25129655	SINE/MIR	593	+	66	25129590	85249
chr22	25044341	25244341	harbor1	chr22	25129826	25129955	SINE/MIR	593	+	64	25129890	85549
chr22	25044341	25244341	harbor1	chr22	25131767	25131984	SINE/MIR	456	+	108	25131875	87534
chr22	25044341	25244341	harbor1	chr22	25132386	25132526	SINE/MIR	480	+	70	25132456	88115
chr22	25044341	25244341	harbor1	chr22	25134721	25134957	SINE/MIR	777	+	118	25134839	90498
chr22	25044341	25244341	harbor1	chr22	25139368	25139494	SINE/MIR	499	+	63	25139431	95090
chr22	25044341	25244341	harbor1	chr22	25143759	25143888	SINE/MIR	521	+	64	25143823	99482
chr22	35207759	35407759	harbor1	chr22	35257128	35257355	SINE/MIR	596	+	114	35257242	49483
chr22	35207759	35407759	harbor1	chr22	35271471	35271662	SINE/MIR	531	+	96	35271567	63808
chr22	35207759	35407759	harbor1	chr22	35274890	35275092	SINE/MIR	516	+	101	35274991	67232
chr22	35207759	35407759	harbor1	chr22	35300749	35300899	SINE/MIR	618	+	75	35300824	93065
chr22	35207759	35407759	harbor1	chr22	35306485	35306718	SINE/MIR	747	+	116	35306601	98842
chr22	15522096	15722096	harbor1	chr22	15538975	15539162	SINE/MIR	479	+	94	15539069	16973
chr22	15522096	15722096	harbor1	chr22	15558959	15559163	SINE/MIR	608	+	102	15559061	36965
chr22	24074093	24274093	harbor1	chr22	24130343	24130510	SINE/MIR	510	+	84	24130427	56334
chr22	24074093	24274093	harbor1	chr22	24149222	24149387	SINE/MIR	453	+	82	24149304	75211
chr22	45007269	45207269	harbor1	chr22	45049888	45050117	SINE/MIR	510	+	114	45050002	42733
chr22	45007269	45207269	harbor1	chr22	45050841	45051008	SINE/MIR	490	+	84	45050925	43656
chr22	25299456	25499456	harbor1	chr22	25388065	25388296	SINE/MIR	668	+	116	25388181	88725
chr22	44965786	45165786	harbor1	chr22	45049888	45050117	SINE/MIR	510	+	114	45050002	84216
chr22	44965786	45165786	harbor1	chr22	45050841	45051008	SINE/MIR	490	+	84	45050925	85139
chr22	41067104	41267104	harbor1	chr22	41098731	41098994	SINE/MIR	447	+	132	41098863	31759
chr22	41067104	41267104	harbor1	chr22	41129615	41129838	SINE/MIR	572	+	112	41129727	62623
chr22	21423024	21623024	harbor1	chr22	21437092	21437278	SINE/MIR	447	+	93	21437185	14161
chr22	29139843	29339843	harbor1	chr22	29147795	29147961	SINE/MIR	426	+	83	29147878	8035
chr22	29139843	29339843	harbor1	chr22	29205201	29205362	SINE/MIR	526	+	80	29205281	65438
chr22	29139843	29339843	harbor1	chr22	29212451	29212569	SINE/MIR	523	+	59	29212510	72667
chr22	29139843	29339843	harbor1	chr22	29212865	29212971	SINE/MIR	523	+	53	29212918	73075
chr22	30277412	30477412	harbor1	chr22	30279789	30279891	SINE/MIR	468	+	51	30279840	2428
chr22	30277412	30477412	harbor1	chr22	30287762	30287914	SINE/MIR	536	+	76	30287838	10426
chr22	30277412	30477412	harbor1	chr22	30323521	30323683	SINE/MIR	614	+	81	30323602	46190
chr22	30277412	30477412	harbor1	chr22	30323983	30324015	SINE/MIR	614	+	16	30323999	46587
chr22	30277412	30477412	harbor1	chr22	30329165	30329358	SINE/MIR	456	+	96	30329261	51849
chr22	30277412	30477412	harbor1	chr22	30344125	30344299	SINE/MIR	648	+	87	30344212	66800
chr22	30277412	30477412	harbor1	chr22	30344416	30344576	SINE/MIR	446	+	80	30344496	67084
chr22	30277412	30477412	harbor1	chr22	30347659	30347848	SINE/MIR	482	+	94	30347753	70341
chr22	30277412	30477412	harbor1	chr22	30348136	30348183	SINE/MIR	482	+	24	30348160	70748
chr22	33488232	33688232	harbor1	chr22	33500563	33500801	SINE/MIR	619	+	119	33500682	12450
chr22	33488232	33688232	harbor1	chr22	33560063	33560298	SINE/MIR	753	+	118	33560181	71949
chr22	33488232	33688232	harbor1	chr22	33570007	33570154	SINE/MIR	491	+	74	33570081	81849
chr22	33488232	33688232	harbor1	chr22	33572380	33572591	SINE/MIR	586	+	106	33572486	84254
chr22	33488232	33688232	harbor1	chr22	33572903	33573061	SINE/MIR	623	+	79	33572982	84750
chr22	41912210	42112210	harbor1	chr22	41953447	41953604	SINE/MIR	610	+	78	41953525	41315
chr22	41912210	42112210	harbor1	chr22	41981369	41981559	SINE/MIR	564	+	95	41981464	69254
chr22	30590009	30790009	harbor1	chr22	30640665	30640839	SINE/MIR	443	+	87	30640752	50743
chr22	30590009	30790009	harbor1	chr22	30666785	30666903	SINE/MIR	439	+	59	30666844	76835
chr22	30590009	30790009	harbor1	chr22	30682208	30682388	SINE/MIR	562	+	90	30682298	92289
chr22	25698935	25898935	harbor1	chr22	25712593	25712795	SINE/MIR	427	+	101	25712694	13759
chr22	25698935	25898935	harbor1	chr22	25741547	25741725	SINE/MIR	588	+	89	25741636	42701
chr22	25698935	25898935	harbor1	chr22	25765503	25765674	SINE/MIR	489	+	86	25765589	66654
chr22	25698935	25898935	harbor1	chr22	25782892	25783143	SINE/MIR	737	+	126	25783018	84083
chr22	25698935	25898935	harbor1	chr22	25784879	25785062	SINE/MIR	427	+	92	25784971	86036
chr22	25698935	25898935	harbor1	chr22	25785695	25785929	SINE/MIR	779	+	117	25785812	86877
chr22	25698935	25898935	harbor1	chr22	25788821	25789004	SINE/MIR	426	+	92	25788913	89978
chr22	20550945	20750945	harbor1	chr22	20642019	20642159	SINE/MIR	728	+	70	20642089	91144
chr22	30404053	30604053	harbor1	chr22	30417457	30417675	SINE/MIR	501	+	109	30417566	13513
chr22	30404053	30604053	harbor1	chr22	30434073	30434253	SINE/MIR	478	+	90	30434163	30110
chr22	30404053	30604053	harbor1	chr22	30445722	30445890	SINE/MIR	442	+	84	30445806	41753
chr22	30404053	30604053	harbor1	chr22	30459063	30459244	SINE/MIR	555	+	90	30459153	55100
chr22	30404053	30604053	harbor1	chr22	30469654	30469889	SINE/MIR	605	+	118	30469772	65719
chr22	30404053	30604053	harbor1	chr22	30484105	30484224	SINE/MIR	465	+	60	30484165	80112
chr22	30404053	30604053	harbor1	chr22	30484540	30484629	SINE/MIR	465	+	44	30484584	80531
chr22	30404053	30604053	harbor1	chr22	30496581	30496835	SINE/MIR	841	+	127	30496708	92655
chr22	30404053	30604053	harbor1	chr22	30425076	30425297	SINE/MIR	675	+	110	30425186	21133
chr22	11541410	11741410	harbor1	chr22	11572555	11572711	SINE/MIR	530	+	78	11572633	31223
chr22	31102681	31302681	harbor1	chr22	31147324	31147541	SINE/MIR	492	+	108	31147432	44751
chr22	31102681	31302681	harbor1	chr22	31152020	31152184	SINE/MIR	487	+	82	31152102	49421
chr22	31102681	31302681	harbor1	chr22	31155098	31155293	SINE/MIR	622	+	98	31155196	52515
chr22	31102681	31302681	harbor1	chr22	31173568	31173739	SINE/MIR	485	+	86	31173654	70973
chr22	31102681	31302681	harbor1	chr22	31187378	31187504	SINE/MIR	465	+	63	31187441	84760
chr22	31102681	31302681	harbor1	chr22	31187553	31187764	SINE/MIR	611	+	106	31187659	84978
chr22	31102681	31302681	harbor1	chr22	31189908	31190121	SINE/MIR	566	+	106	31190014	87333
chr22	31102681	31302681	harbor1	chr22	31191140	31191161	SINE/MIR	566	+	10	31191150	88469
chr22	31102681	31302681	harbor1	chr22	31200382	31200585	SINE/MIR	445	+	102	31200484	97803
chr22	42583743	42783743	harbor1	chr22	42592600	42592771	SINE/MIR	503	+	86	42592686	8943
chr22	42583743	42783743	harbor1	chr22	42597439	42597606	SINE/MIR	485	+	84	42597523	13780
chr22	42583743	42783743	harbor1	chr22	42614128	42614315	SINE/MIR	487	+	94	42614222	30479
chr22	41343391	41543391	harbor1	chr22	41371401	41371614	SINE/MIR	454	+	106	41371507	28116
chr22	41343391	41543391	harbor1	chr22	41392233	41392386	SINE/MIR	501	+	76	41392309	48918
chr22	41343391	41543391	harbor1	chr22	41401289	41401421	SINE/MIR	519	+	66	41401355	57964
chr22	41343391	41543391	harbor1	chr22	41401722	41401748	SINE/MIR	466	+	13	41401735	58344
chr22	34654208	34854208	harbor1	chr22	34655690	34655933	SINE/MIR	456	+	122	34655812	1604
chr22	34654208	34854208	harbor1	chr22	34685584	34685820	SINE/MIR	687	+	118	34685702	31494
chr22	34654208	34854208	harbor1	chr22	34686064	34686284	SINE/MIR	501	+	110	34686174	31966
chr22	34654208	34854208	harbor1	chr22	34699928	34700155	SINE/MIR	733	+	114	34700042	45834
chr22	34654208	34854208	harbor1	chr22	34707006	34707033	SINE/MIR	761	+	14	34707020	52812
chr22	34654208	34854208	harbor1	chr22	34707494	34707715	SINE/MIR	761	+	110	34707604	53396
chr22	28916431	29116431	harbor1	chr22	28953832	28954057	SINE/MIR	472	+	112	28953944	37513
chr22	28916431	29116431	harbor1	chr22	28987372	28987508	SINE/MIR	469	+	68	28987440	71009
chr22	28916431	29116431	harbor1	chr22	28987857	28987948	SINE/MIR	469	+	46	28987903	71472
chr22	38178953	38378953	harbor1	chr22	38196138	38196357	SINE/MIR	570	+	110	38196248	17295
chr22	38178953	38378953	harbor1	chr22	38207921	38208076	SINE/MIR	432	+	78	38207999	29046
chr22	38178953	38378953	harbor1	chr22	38234763	38234933	SINE/MIR	523	+	85	38234848	55895
chr22	38178953	38378953	harbor1	chr22	38260488	38260705	SINE/MIR	739	+	108	38260596	81643
chr22	38178953	38378953	harbor1	chr22	38265452	38265675	SINE/MIR	428	+	112	38265564	86611
chr22	38178953	38378953	harbor1	chr22	38270299	38270454	SINE/MIR	557	+	78	38270377	91424
chr22	12703536	12903536	harbor1	chr22	12709737	12709965	SINE/MIR	461	+	114	12709851	6315
chr22	41929738	42129738	harbor1	chr22	41953447	41953604	SINE/MIR	610	+	78	41953525	23787
chr22	41929738	42129738	harbor1	chr22	41981369	41981559	SINE/MIR	564	+	95	41981464	51726
chr22	16657817	16857817	harbor1	chr22	16733933	16734095	SINE/MIR	471	+	81	16734014	76197
chr22	25881652	26081652	harbor1	chr22	25884746	25884937	SINE/MIR	424	+	96	25884842	3190
chr22	25881652	26081652	harbor1	chr22	25886758	25886970	SINE/MIR	562	+	106	25886864	5212
chr22	25881652	26081652	harbor1	chr22	25936447	25936608	SINE/MIR	446	+	80	25936527	54875
chr22	25881652	26081652	harbor1	chr22	25939779	25940011	SINE/MIR	948	+	116	25939895	58243
chr22	25881652	26081652	harbor1	chr22	25963697	25963861	SINE/MIR	546	+	82	25963779	82127
chr22	25881652	26081652	harbor1	chr22	25968666	25968829	SINE/MIR	455	+	82	25968748	87096
chr22	25881652	26081652	harbor1	chr22	25969692	25969907	SINE/MIR	676	+	108	25969800	88148
chr22	25881652	26081652	harbor1	chr22	25919314	25919544	SINE/MIR	869	+	115	25919429	37777
chr22	34650226	34850226	harbor1	chr22	34655690	34655933	SINE/MIR	456	+	122	34655812	5586
chr22	34650226	34850226	harbor1	chr22	34685584	34685820	SINE/MIR	687	+	118	34685702	35476
chr22	34650226	34850226	harbor1	chr22	34686064	34686284	SINE/MIR	501	+	110	34686174	35948
chr22	34650226	34850226	harbor1	chr22	34699928	34700155	SINE/MIR	733	+	114	34700042	49816
chr22	34650226	34850226	harbor1	chr22	34707006	34707033	SINE/MIR	761	+	14	34707020	56794
chr22	34650226	34850226	harbor1	chr22	34707494	34707715	SINE/MIR	761	+	110	34707604	57378
chr22	44513119	44713119	harbor1	chr22	44525267	44525525	SINE/MIR	446	+	129	44525396	12277
chr22	44513119	44713119	harbor1	chr22	44542931	44543099	SINE/MIR	590	+	84	44543015	29896
chr22	44513119	44713119	harbor1	chr22	44545554	44545722	SINE/MIR	428	+	84	44545638	32519
chr22	46860591	47060591	harbor1	chr22	46877110	46877279	SINE/MIR	575	+	84	46877194	16603
chr22	50585978	50785978	harbor1	chr22	50624859	50625026	SINE/MIR	466	+	84	50624943	38965
chr22	16649737	16849737	harbor1	chr22	16654868	16655069	SINE/MIR	472	+	100	16654968	5231
chr22	16649737	16849737	harbor1	chr22	16733933	16734095	SINE/MIR	471	+	81	16734014	84277
chr22	29629137	29829137	harbor1	chr22	29686054	29686200	SINE/MIR	500	+	73	29686127	56990
chr22	29629137	29829137	harbor1	chr22	29705966	29706167	SINE/MIR	577	+	100	29706066	76929
chr22	29629137	29829137	harbor1	chr22	29710597	29710708	SINE/MIR	428	+	56	29710653	81516
chr22	29629137	29829137	harbor1	chr22	29722909	29723053	SINE/MIR	437	+	72	29722981	93844
chrX	104453727	104653727	harbor1	chrX	104458813	104458876	SINE/MIR	633	+	32	104458845	5118
chrX	104453727	104653727	harbor1	chrX	104459199	104459412	SINE/MIR	633	+	106	104459305	5578
chrX	104453727	104653727	harbor1	chrX	104464120	104464307	SINE/MIR	692	+	94	104464214	10487
chrX	104453727	104653727	harbor1	chrX	104470598	104470748	SINE/MIR	509	+	75	104470673	16946
chrX	104453727	104653727	harbor1	chrX	104475306	104475573	SINE/MIR	639	+	134	104475440	21713
chrX	104453727	104653727	harbor1	chrX	104486335	104486590	SINE/MIR	682	+	128	104486463	32736
chrX	104453727	104653727	harbor1	chrX	104495455	104495708	SINE/MIR	998	+	126	104495581	41854
chrX	104453727	104653727	harbor1	chrX	104508417	104508643	SINE/MIR	606	+	113	104508530	54803
chrX	104453727	104653727	harbor1	chrX	104514687	104514912	SINE/MIR	789	+	112	104514799	61072
chrX	83312689	83512689	harbor1	chrX	83339720	83339958	SINE/MIR	654	+	119	83339839	27150
chrX	83312689	83512689	harbor1	chrX	83343515	83343761	SINE/MIR	673	+	123	83343638	30949
chrX	83312689	83512689	harbor1	chrX	83403537	83403778	SINE/MIR	562	+	120	83403657	90968
chrX	96090398	96290398	harbor1	chrX	96096383	96096631	SINE/MIR	546	+	124	96096507	6109
chrX	96090398	96290398	harbor1	chrX	96096667	96096895	SINE/MIR	796	+	114	96096781	6383
chrX	96090398	96290398	harbor1	chrX	96155497	96155729	SINE/MIR	658	+	116	96155613	65215
chrX	138945206	139145206	harbor1	chrX	138946017	138946239	SINE/MIR	742	+	111	138946128	922
chrX	138945206	139145206	harbor1	chrX	138947323	138947565	SINE/MIR	706	+	121	138947444	2238
chrX	138945206	139145206	harbor1	chrX	138971131	138971360	SINE/MIR	826	+	114	138971245	26039
chrX	138945206	139145206	harbor1	chrX	138991384	138991559	SINE/MIR	521	+	88	138991472	46266
chrX	138945206	139145206	harbor1	chrX	139028930	139029139	SINE/MIR	522	+	104	139029034	83828
chrX	138945206	139145206	harbor1	chrX	139029708	139029742	SINE/MIR	522	+	17	139029725	84519
chrX	138945206	139145206	harbor1	chrX	139037163	139037360	SINE/MIR	508	+	98	139037261	92055
chrX	120441822	120641822	harbor1	chrX	120454687	120454874	SINE/MIR	546	+	94	120454781	12959
chrX	141870043	142070043	harbor1	chrX	141940289	141940487	SINE/MIR	656	+	99	141940388	70345
chrX	141870043	142070043	harbor1	chrX	141958727	141958944	SINE/MIR	580	+	108	141958835	88792
chrX	141870043	142070043	harbor1	chrX	141968394	141968616	SINE/MIR	560	+	111	141968505	98462
chrX	15810184	16010184	harbor1	chrX	15841872	15842105	SINE/MIR	529	+	116	15841988	31804
chrX	15810184	16010184	harbor1	chrX	15872494	15872686	SINE/MIR	512	+	96	15872590	62406
chrX	15810184	16010184	harbor1	chrX	15888983	15889120	SINE/MIR	507	+	68	15889051	78867
chrX	12236283	12436283	harbor1	chrX	12251813	12252038	SINE/MIR	614	+	112	12251925	15642
chrX	12236283	12436283	harbor1	chrX	12262457	12262627	SINE/MIR	554	+	85	12262542	26259
chrX	12236283	12436283	harbor1	chrX	12271981	12272199	SINE/MIR	951	+	109	12272090	35807
chrX	12236283	12436283	harbor1	chrX	12279854	12280063	SINE/MIR	658	+	104	12279958	43675
chrX	12236283	12436283	harbor1	chrX	12284815	12285008	SINE/MIR	664	+	96	12284911	48628
chrX	12236283	12436283	harbor1	chrX	12329999	12330129	SINE/MIR	514	+	65	12330064	93781
chrX	77439260	77639260	harbor1	chrX	77442530	77442765	SINE/MIR	879	+	118	77442648	3388
chrX	77439260	77639260	harbor1	chrX	77481337	77481560	SINE/MIR	902	+	112	77481449	42189
chrX	77439260	77639260	harbor1	chrX	77536910	77536943	SINE/MIR	707	+	16	77536926	97666
chrX	77439260	77639260	harbor1	chrX	77537137	77537311	SINE/MIR	707	+	87	77537224	97964
chrX	83114404	83314404	harbor1	chrX	83126040	83126238	SINE/MIR	563	+	99	83126139	11735
chrX	93138540	93338540	harbor1	chrX	93213854	93214076	SINE/MIR	885	+	111	93213965	75425
chrX	93138540	93338540	harbor1	chrX	93214367	93214600	SINE/MIR	529	+	116	93214483	75943
