H_chr	H_start	H_end	Harbor	TE_chr	TE_start	TE_end	TE	score	TE_strand	TE_half	TE_middle_pos	TE_dis
chr1	103708441	103908441	harbor1	chr1	103717206	103717423	SINE/MIR	434	-	108	103717314	8873
chr1	103708441	103908441	harbor1	chr1	103756001	103756216	SINE/MIR	468	-	108	103756109	47668
chr1	234473588	234673588	harbor1	chr1	234484228	234484441	SINE/MIR	492	-	106	234484334	10746
chr1	234473588	234673588	harbor1	chr1	234500313	234500566	SINE/MIR	664	-	126	234500439	26851
chr1	234473588	234673588	harbor1	chr1	234514628	234514763	SINE/MIR	544	-	68	234514696	41108
chr1	234473588	234673588	harbor1	chr1	234521263	234521505	SINE/MIR	777	-	121	234521384	47796
chr1	234473588	234673588	harbor1	chr1	234553881	234554069	SINE/MIR	396	-	94	234553975	80387
chr1	234473588	234673588	harbor1	chr1	234565762	234565976	SINE/MIR	513	-	107	234565869	92281
chr1	234473588	234673588	harbor1	chr1	234569791	234569994	SINE/MIR	818	-	102	234569893	96305
chr1	234473588	234673588	harbor1	chr1	234570366	234570621	SINE/MIR	959	-	128	234570494	96906
chr1	217328960	217528960	harbor1	chr1	217342127	217342370	SINE/MIR	610	-	122	217342249	13289
chr1	217328960	217528960	harbor1	chr1	217371815	217372093	SINE/MIR	503	-	139	217371954	42994
chr1	161699396	161899396	harbor1	chr1	161739668	161739852	SINE/MIR	531	-	92	161739760	40364
chr1	161699396	161899396	harbor1	chr1	161767498	161767722	SINE/MIR	560	-	112	161767610	68214
chr1	161699396	161899396	harbor1	chr1	161794997	161795136	SINE/MIR	424	-	70	161795067	95671
chr1	36619682	36819682	harbor1	chr1	36631251	36631452	SINE/MIR	515	-	100	36631351	11669
chr1	36619682	36819682	harbor1	chr1	36641480	36641625	SINE/MIR	414	-	72	36641552	21870
chr1	36619682	36819682	harbor1	chr1	36644826	36645043	SINE/MIR	461	-	108	36644934	25252
chr1	36619682	36819682	harbor1	chr1	36663791	36663886	SINE/MIR	437	-	48	36663839	44157
chr1	36619682	36819682	harbor1	chr1	36665137	36665247	SINE/MIR	403	-	55	36665192	45510
chr1	36619682	36819682	harbor1	chr1	36695993	36696244	SINE/MIR	911	-	126	36696119	76437
chr1	36619682	36819682	harbor1	chr1	36702431	36702624	SINE/MIR	495	-	96	36702527	82845
chr1	36619682	36819682	harbor1	chr1	36705544	36705730	SINE/MIR	397	-	93	36705637	85955
chr1	36619682	36819682	harbor1	chr1	36710677	36710793	SINE/MIR	428	-	58	36710735	91053
chr1	36619682	36819682	harbor1	chr1	36712875	36713096	SINE/MIR	884	-	110	36712985	93303
chr1	28686527	28886527	harbor1	chr1	28704390	28704518	SINE/MIR	546	-	64	28704454	17927
chr1	28686527	28886527	harbor1	chr1	28709338	28709533	SINE/MIR	450	-	98	28709436	22909
chr1	28686527	28886527	harbor1	chr1	28734892	28735084	SINE/MIR	400	-	96	28734988	48461
chr1	28686527	28886527	harbor1	chr1	28755348	28755580	SINE/MIR	470	-	116	28755464	68937
chr1	232034265	232234265	harbor1	chr1	232109629	232109823	SINE/MIR	405	-	97	232109726	75461
chr1	187934296	188134296	harbor1	chr1	188027466	188027712	SINE/MIR	906	-	123	188027589	93293
chr1	79114311	79314311	harbor1	chr1	79184879	79185075	SINE/MIR	461	-	98	79184977	70666
chr1	79114311	79314311	harbor1	chr1	79196822	79197027	SINE/MIR	670	-	102	79196924	82613
chr1	232202979	232402979	harbor1	chr1	232218573	232218742	SINE/MIR	628	-	84	232218657	15678
chr1	232202979	232402979	harbor1	chr1	232228149	232228359	SINE/MIR	474	-	105	232228254	25275
chr1	232202979	232402979	harbor1	chr1	232238638	232238788	SINE/MIR	600	-	75	232238713	35734
chr1	232202979	232402979	harbor1	chr1	232285298	232285486	SINE/MIR	502	-	94	232285392	82413
chr1	232202979	232402979	harbor1	chr1	232299991	232300157	SINE/MIR	669	-	83	232300074	97095
chr1	244268148	244468148	harbor1	chr1	244285855	244286063	SINE/MIR	531	-	104	244285959	17811
chr1	244268148	244468148	harbor1	chr1	244301259	244301434	SINE/MIR	462	-	88	244301347	33199
chr1	244268148	244468148	harbor1	chr1	244326573	244326774	SINE/MIR	423	-	100	244326673	58525
chr1	244268148	244468148	harbor1	chr1	244345334	244345519	SINE/MIR	483	-	92	244345426	77278
chr1	182089820	182289820	harbor1	chr1	182111687	182111887	SINE/MIR	627	-	100	182111787	21967
chr1	182089820	182289820	harbor1	chr1	182137116	182137352	SINE/MIR	547	-	118	182137234	47414
chr1	182089820	182289820	harbor1	chr1	182139693	182139940	SINE/MIR	755	-	124	182139817	49997
chr1	182089820	182289820	harbor1	chr1	182147975	182148188	SINE/MIR	467	-	106	182148081	58261
chr1	182089820	182289820	harbor1	chr1	182161838	182161928	SINE/MIR	454	-	45	182161883	72063
chr1	178962333	179162333	harbor1	chr1	179008955	179009085	SINE/MIR	425	-	65	179009020	46687
chr1	178962333	179162333	harbor1	chr1	179024794	179024926	SINE/MIR	562	-	66	179024860	62527
chr1	178962333	179162333	harbor1	chr1	179032425	179032614	SINE/MIR	605	-	94	179032519	70186
chr1	178962333	179162333	harbor1	chr1	179048213	179048392	SINE/MIR	411	-	90	179048303	85970
chr1	178962333	179162333	harbor1	chr1	179049198	179049384	SINE/MIR	507	-	93	179049291	86958
chr1	178962333	179162333	harbor1	chr1	179057439	179057658	SINE/MIR	520	-	110	179057549	95216
chr1	178962333	179162333	harbor1	chr1	179059292	179059525	SINE/MIR	573	-	116	179059408	97075
chr1	222698793	222898793	harbor1	chr1	222744571	222744735	SINE/MIR	543	-	82	222744653	45860
chr1	222698793	222898793	harbor1	chr1	222769524	222769735	SINE/MIR	672	-	106	222769630	70837
chr1	222698793	222898793	harbor1	chr1	222792044	222792260	SINE/MIR	827	-	108	222792152	93359
chr1	104841676	105041676	harbor1	chr1	104881169	104881407	SINE/MIR	612	-	119	104881288	39612
chr1	150352413	150552413	harbor1	chr1	150371210	150371357	SINE/MIR	1183	-	74	150371284	18871
chr1	150352413	150552413	harbor1	chr1	150371668	150371789	SINE/MIR	1183	-	60	150371728	19315
chr1	150352413	150552413	harbor1	chr1	150378316	150378448	SINE/MIR	413	-	66	150378382	25969
chr1	150352413	150552413	harbor1	chr1	150414248	150414455	SINE/MIR	495	-	104	150414352	61939
chr1	150352413	150552413	harbor1	chr1	150419511	150419624	SINE/MIR	638	-	56	150419567	67154
chr1	150352413	150552413	harbor1	chr1	150419928	150420095	SINE/MIR	638	-	84	150420012	67599
chr1	150352413	150552413	harbor1	chr1	150424586	150424744	SINE/MIR	446	-	79	150424665	72252
chr1	150352413	150552413	harbor1	chr1	150445200	150445356	SINE/MIR	414	-	78	150445278	92865
chr1	150352413	150552413	harbor1	chr1	150355857	150356048	SINE/MIR	432	-	96	150355953	3540
chr1	94585470	94785470	harbor1	chr1	94593012	94593200	SINE/MIR	521	-	94	94593106	7636
chr1	94585470	94785470	harbor1	chr1	94617215	94617355	SINE/MIR	418	-	70	94617285	31815
chr1	94585470	94785470	harbor1	chr1	94620300	94620512	SINE/MIR	558	-	106	94620406	34936
chr1	94585470	94785470	harbor1	chr1	94636055	94636247	SINE/MIR	482	-	96	94636151	50681
chr1	94585470	94785470	harbor1	chr1	94641147	94641413	SINE/MIR	912	-	133	94641280	55810
chr1	94585470	94785470	harbor1	chr1	94647657	94647754	SINE/MIR	455	-	48	94647705	62235
chr1	94585470	94785470	harbor1	chr1	94654569	94654811	SINE/MIR	489	-	121	94654690	69220
chr1	94585470	94785470	harbor1	chr1	94674514	94674748	SINE/MIR	593	-	117	94674631	89161
chr1	181147469	181347469	harbor1	chr1	181152272	181152416	SINE/MIR	418	-	72	181152344	4875
chr1	181147469	181347469	harbor1	chr1	181158626	181158789	SINE/MIR	596	-	82	181158708	11239
chr1	181147469	181347469	harbor1	chr1	181182880	181183134	SINE/MIR	741	-	127	181183007	35538
chr1	181147469	181347469	harbor1	chr1	181190451	181190600	SINE/MIR	485	-	74	181190525	43056
chr1	181147469	181347469	harbor1	chr1	181202257	181202496	SINE/MIR	850	-	120	181202377	54908
chr1	181147469	181347469	harbor1	chr1	181221720	181221851	SINE/MIR	436	-	66	181221786	74317
chr1	203560383	203760383	harbor1	chr1	203602650	203602804	SINE/MIR	433	-	77	203602727	42344
chr1	203560383	203760383	harbor1	chr1	203641572	203641799	SINE/MIR	588	-	114	203641686	81303
chr1	203560383	203760383	harbor1	chr1	203646110	203646333	SINE/MIR	604	-	112	203646222	85839
chr1	89226195	89426195	harbor1	chr1	89261906	89262152	SINE/MIR	896	-	123	89262029	35834
chr1	89226195	89426195	harbor1	chr1	89274931	89275116	SINE/MIR	436	-	92	89275023	48828
chr1	12798687	12998687	harbor1	chr1	12822966	12823092	SINE/MIR	443	-	63	12823029	24342
chr1	12798687	12998687	harbor1	chr1	12854182	12854344	SINE/MIR	450	-	81	12854263	55576
chr1	50085083	50285083	harbor1	chr1	50091762	50091964	SINE/MIR	471	-	101	50091863	6780
chr1	50085083	50285083	harbor1	chr1	50095113	50095232	SINE/MIR	436	-	60	50095173	10090
chr1	50085083	50285083	harbor1	chr1	50097426	50097604	SINE/MIR	530	-	89	50097515	12432
chr1	50085083	50285083	harbor1	chr1	50121947	50122162	SINE/MIR	665	-	108	50122055	36972
chr1	50085083	50285083	harbor1	chr1	50124328	50124561	SINE/MIR	719	-	116	50124444	39361
chr1	50085083	50285083	harbor1	chr1	50127685	50127842	SINE/MIR	626	-	78	50127763	42680
chr1	50085083	50285083	harbor1	chr1	50129865	50130096	SINE/MIR	659	-	116	50129981	44898
chr1	50085083	50285083	harbor1	chr1	50142049	50142195	SINE/MIR	633	-	73	50142122	57039
chr1	50085083	50285083	harbor1	chr1	50142503	50142547	SINE/MIR	633	-	22	50142525	57442
chr1	50085083	50285083	harbor1	chr1	50143455	50143663	SINE/MIR	562	-	104	50143559	58476
chr1	50085083	50285083	harbor1	chr1	50148057	50148231	SINE/MIR	411	-	87	50148144	63061
chr1	50085083	50285083	harbor1	chr1	50150991	50151170	SINE/MIR	411	-	90	50151081	65998
chr1	50085083	50285083	harbor1	chr1	50153292	50153425	SINE/MIR	433	-	66	50153358	68275
chr1	50085083	50285083	harbor1	chr1	50154096	50154249	SINE/MIR	497	-	76	50154172	69089
chr1	50085083	50285083	harbor1	chr1	50156574	50156777	SINE/MIR	692	-	102	50156676	71593
chr1	50085083	50285083	harbor1	chr1	50158178	50158362	SINE/MIR	671	-	92	50158270	73187
chr1	50085083	50285083	harbor1	chr1	50170441	50170568	SINE/MIR	419	-	64	50170505	85422
chr1	50085083	50285083	harbor1	chr1	50176531	50176788	SINE/MIR	461	-	128	50176659	91576
chr1	50085083	50285083	harbor1	chr1	50180972	50181107	SINE/MIR	549	-	68	50181040	95957
chr1	29488753	29688753	harbor1	chr1	29506479	29506642	SINE/MIR	446	-	82	29506561	17808
chr1	29488753	29688753	harbor1	chr1	29517175	29517325	SINE/MIR	394	-	75	29517250	28497
chr1	29488753	29688753	harbor1	chr1	29536308	29536552	SINE/MIR	663	-	122	29536430	47677
chr1	29488753	29688753	harbor1	chr1	29540631	29540789	SINE/MIR	492	-	79	29540710	51957
chr1	29488753	29688753	harbor1	chr1	29547459	29547616	SINE/MIR	487	-	78	29547537	58784
chr1	29488753	29688753	harbor1	chr1	29547795	29548004	SINE/MIR	626	-	104	29547899	59146
chr1	29488753	29688753	harbor1	chr1	29558524	29558674	SINE/MIR	463	-	75	29558599	69846
chr1	29488753	29688753	harbor1	chr1	29558703	29558930	SINE/MIR	465	-	114	29558817	70064
chr1	29488753	29688753	harbor1	chr1	29561728	29561854	SINE/MIR	502	-	63	29561791	73038
chr1	29488753	29688753	harbor1	chr1	29576777	29576937	SINE/MIR	443	-	80	29576857	88104
chr1	29488753	29688753	harbor1	chr1	29585322	29585539	SINE/MIR	568	-	108	29585430	96677
chr1	59479253	59679253	harbor1	chr1	59482660	59482800	SINE/MIR	423	-	70	59482730	3477
chr1	59479253	59679253	harbor1	chr1	59483968	59484216	SINE/MIR	857	-	124	59484092	4839
chr1	59479253	59679253	harbor1	chr1	59485711	59485929	SINE/MIR	662	-	109	59485820	6567
chr1	59479253	59679253	harbor1	chr1	59498123	59498310	SINE/MIR	445	-	94	59498217	18964
chr1	59479253	59679253	harbor1	chr1	59501975	59502225	SINE/MIR	674	-	125	59502100	22847
chr1	59479253	59679253	harbor1	chr1	59519677	59519895	SINE/MIR	504	-	109	59519786	40533
chr1	59479253	59679253	harbor1	chr1	59521584	59521783	SINE/MIR	432	-	100	59521684	42431
chr1	59479253	59679253	harbor1	chr1	59546153	59546333	SINE/MIR	523	-	90	59546243	66990
chr1	59479253	59679253	harbor1	chr1	59548411	59548514	SINE/MIR	454	-	52	59548463	69210
chr1	59479253	59679253	harbor1	chr1	59561600	59561812	SINE/MIR	480	-	106	59561706	82453
chr1	59479253	59679253	harbor1	chr1	59565170	59565286	SINE/MIR	474	-	58	59565228	85975
chr1	59479253	59679253	harbor1	chr1	59565584	59565644	SINE/MIR	474	-	30	59565614	86361
chr1	59479253	59679253	harbor1	chr1	59569719	59569918	SINE/MIR	489	-	100	59569819	90566
chr1	154896235	155096235	harbor1	chr1	154896405	154896609	SINE/MIR	471	-	102	154896507	272
chr1	154896235	155096235	harbor1	chr1	154911402	154911536	SINE/MIR	442	-	67	154911469	15234
chr1	154896235	155096235	harbor1	chr1	154934643	154934777	SINE/MIR	838	-	67	154934710	38475
chr1	154896235	155096235	harbor1	chr1	154935087	154935198	SINE/MIR	838	-	56	154935143	38908
chr1	154896235	155096235	harbor1	chr1	154966582	154966820	SINE/MIR	879	-	119	154966701	70466
chr1	154896235	155096235	harbor1	chr1	154986910	154987023	SINE/MIR	423	-	56	154986966	90731
chr1	29719198	29919198	harbor1	chr1	29719593	29719814	SINE/MIR	696	-	110	29719703	505
chr1	29719198	29919198	harbor1	chr1	29728671	29728824	SINE/MIR	631	-	76	29728747	9549
chr1	29719198	29919198	harbor1	chr1	29728814	29728984	SINE/MIR	473	-	85	29728899	9701
chr1	29719198	29919198	harbor1	chr1	29736413	29736593	SINE/MIR	494	-	90	29736503	17305
chr1	29719198	29919198	harbor1	chr1	29741371	29741567	SINE/MIR	605	-	98	29741469	22271
chr1	29719198	29919198	harbor1	chr1	29744484	29744591	SINE/MIR	465	-	54	29744538	25340
chr1	29719198	29919198	harbor1	chr1	29744969	29745144	SINE/MIR	701	-	88	29745057	25859
chr1	29719198	29919198	harbor1	chr1	29751930	29752174	SINE/MIR	879	-	122	29752052	32854
chr1	29719198	29919198	harbor1	chr1	29759492	29759729	SINE/MIR	526	-	118	29759610	40412
chr1	29719198	29919198	harbor1	chr1	29769364	29769524	SINE/MIR	933	-	80	29769444	50246
chr1	29719198	29919198	harbor1	chr1	29782894	29783025	SINE/MIR	420	-	66	29782960	63762
chr1	29719198	29919198	harbor1	chr1	29806107	29806229	SINE/MIR	431	-	61	29806168	86970
chr1	29719198	29919198	harbor1	chr1	29809160	29809359	SINE/MIR	447	-	100	29809260	90062
chr1	105798872	105998872	harbor1	chr1	105829220	105829451	SINE/MIR	720	-	116	105829336	30464
chr1	109248550	109448550	harbor1	chr1	109305848	109306082	SINE/MIR	642	-	117	109305965	57415
chr1	215718321	215918321	harbor1	chr1	215735884	215736126	SINE/MIR	598	-	121	215736005	17684
chr1	215718321	215918321	harbor1	chr1	215745597	215745742	SINE/MIR	570	-	72	215745669	27348
chr1	215718321	215918321	harbor1	chr1	215751807	215751945	SINE/MIR	421	-	69	215751876	33555
chr1	215718321	215918321	harbor1	chr1	215756068	215756285	SINE/MIR	535	-	108	215756176	37855
chr1	215718321	215918321	harbor1	chr1	215770627	215770822	SINE/MIR	506	-	98	215770725	52404
chr1	111130357	111330357	harbor1	chr1	111191906	111192139	SINE/MIR	747	-	116	111192022	61665
chr1	111130357	111330357	harbor1	chr1	111193919	111194113	SINE/MIR	412	-	97	111194016	63659
chr1	111130357	111330357	harbor1	chr1	111196755	111196907	SINE/MIR	567	-	76	111196831	66474
chr1	111130357	111330357	harbor1	chr1	111210860	111211026	SINE/MIR	610	-	83	111210943	80586
chr1	111130357	111330357	harbor1	chr1	111221475	111221591	SINE/MIR	406	-	58	111221533	91176
chr1	111130357	111330357	harbor1	chr1	111198108	111198302	SINE/MIR	575	-	97	111198205	67848
chr1	219270043	219470043	harbor1	chr1	219278021	219278239	SINE/MIR	452	-	109	219278130	8087
chr1	219270043	219470043	harbor1	chr1	219278367	219278602	SINE/MIR	671	-	118	219278485	8442
chr1	219270043	219470043	harbor1	chr1	219284618	219284851	SINE/MIR	674	-	116	219284734	14691
chr1	219270043	219470043	harbor1	chr1	219299516	219299686	SINE/MIR	566	-	85	219299601	29558
chr1	219270043	219470043	harbor1	chr1	219348986	219349156	SINE/MIR	439	-	85	219349071	79028
chr1	237802493	238002493	harbor1	chr1	237812028	237812196	SINE/MIR	728	-	84	237812112	9619
chr1	237802493	238002493	harbor1	chr1	237826733	237826944	SINE/MIR	495	-	106	237826839	24346
chr1	25981437	26181437	harbor1	chr1	25991178	25991289	SINE/MIR	537	-	56	25991234	9797
chr1	25981437	26181437	harbor1	chr1	25991582	25991610	SINE/MIR	537	-	14	25991596	10159
chr1	25981437	26181437	harbor1	chr1	25991916	25992029	SINE/MIR	537	-	56	25991972	10535
chr1	25981437	26181437	harbor1	chr1	25992523	25992691	SINE/MIR	734	-	84	25992607	11170
chr1	25981437	26181437	harbor1	chr1	25997358	25997584	SINE/MIR	746	-	113	25997471	16034
chr1	25981437	26181437	harbor1	chr1	26005125	26005300	SINE/MIR	620	-	88	26005213	23776
chr1	25981437	26181437	harbor1	chr1	26016899	26017121	SINE/MIR	595	-	111	26017010	35573
chr1	25981437	26181437	harbor1	chr1	26025309	26025469	SINE/MIR	521	-	80	26025389	43952
chr1	25981437	26181437	harbor1	chr1	26028836	26028988	SINE/MIR	458	-	76	26028912	47475
chr1	25981437	26181437	harbor1	chr1	26032949	26033063	SINE/MIR	425	-	57	26033006	51569
chr1	25981437	26181437	harbor1	chr1	26042051	26042230	SINE/MIR	438	-	90	26042141	60704
chr1	25981437	26181437	harbor1	chr1	26052162	26052308	SINE/MIR	401	-	73	26052235	70798
chr1	25981437	26181437	harbor1	chr1	26056453	26056668	SINE/MIR	577	-	108	26056561	75124
chr1	25981437	26181437	harbor1	chr1	26058154	26058336	SINE/MIR	710	-	91	26058245	76808
chr1	25981437	26181437	harbor1	chr1	26061672	26061772	SINE/MIR	456	-	50	26061722	80285
chr1	25981437	26181437	harbor1	chr1	26070136	26070361	SINE/MIR	803	-	112	26070248	88811
chr1	25981437	26181437	harbor1	chr1	26072643	26072827	SINE/MIR	721	-	92	26072735	91298
chr1	25981437	26181437	harbor1	chr1	26072832	26073030	SINE/MIR	697	-	99	26072931	91494
chr1	25981437	26181437	harbor1	chr1	26074591	26074708	SINE/MIR	418	-	58	26074649	93212
chr1	25981437	26181437	harbor1	chr1	26074889	26075009	SINE/MIR	418	-	60	26074949	93512
chr1	25981437	26181437	harbor1	chr1	26077604	26077743	SINE/MIR	664	-	70	26077674	96237
chr1	116082008	116282008	harbor1	chr1	116114361	116114563	SINE/MIR	518	-	101	116114462	32454
chr1	116082008	116282008	harbor1	chr1	116125713	116125866	SINE/MIR	527	-	76	116125789	43781
chr1	116082008	116282008	harbor1	chr1	116152794	116152983	SINE/MIR	457	-	94	116152888	70880
chr1	116082008	116282008	harbor1	chr1	116165171	116165340	SINE/MIR	854	-	84	116165255	83247
chr1	116082008	116282008	harbor1	chr1	116169004	116169180	SINE/MIR	523	-	88	116169092	87084
chr1	116082008	116282008	harbor1	chr1	116169638	116169834	SINE/MIR	471	-	98	116169736	87728
chr1	116082008	116282008	harbor1	chr1	116172233	116172387	SINE/MIR	427	-	77	116172310	90302
chr1	13675368	13875368	harbor1	chr1	13681301	13681517	SINE/MIR	515	-	108	13681409	6041
chr1	13675368	13875368	harbor1	chr1	13720623	13720762	SINE/MIR	461	-	70	13720693	45325
chr1	13675368	13875368	harbor1	chr1	13756804	13756938	SINE/MIR	482	-	67	13756871	81503
chr1	176134461	176334461	harbor1	chr1	176137566	176137696	SINE/MIR	592	-	65	176137631	3170
chr1	176134461	176334461	harbor1	chr1	176185220	176185393	SINE/MIR	518	-	86	176185306	50845
chr1	156453270	156653270	harbor1	chr1	156453722	156453857	SINE/MIR	447	-	68	156453790	520
chr1	156453270	156653270	harbor1	chr1	156460966	156461129	SINE/MIR	432	-	82	156461048	7778
chr1	156453270	156653270	harbor1	chr1	156477885	156478090	SINE/MIR	660	-	102	156477987	24717
chr1	156453270	156653270	harbor1	chr1	156534812	156534971	SINE/MIR	481	-	80	156534892	81622
chr1	156453270	156653270	harbor1	chr1	156541530	156541720	SINE/MIR	507	-	95	156541625	88355
chr1	156453270	156653270	harbor1	chr1	156542570	156542657	SINE/MIR	515	-	44	156542614	89344
chr1	156453270	156653270	harbor1	chr1	156542980	156543045	SINE/MIR	515	-	32	156543012	89742
chr1	156453270	156653270	harbor1	chr1	156546572	156546794	SINE/MIR	558	-	111	156546683	93413
chr1	156453270	156653270	harbor1	chr1	156547719	156547964	SINE/MIR	1014	-	122	156547841	94571
chr1	156453270	156653270	harbor1	chr1	156551126	156551297	SINE/MIR	513	-	86	156551212	97942
chr1	156453270	156653270	harbor1	chr1	156551314	156551542	SINE/MIR	605	-	114	156551428	98158
chr1	230352990	230552990	harbor1	chr1	230370459	230370731	SINE/MIR	711	-	136	230370595	17605
chr1	230352990	230552990	harbor1	chr1	230379758	230379988	SINE/MIR	631	-	115	230379873	26883
chr1	230352990	230552990	harbor1	chr1	230381027	230381260	SINE/MIR	467	-	116	230381143	28153
chr1	230352990	230552990	harbor1	chr1	230434579	230434594	SINE/MIR	396	-	8	230434587	81597
chr1	230352990	230552990	harbor1	chr1	230434727	230434933	SINE/MIR	627	-	103	230434830	81840
chr1	168750546	168950546	harbor1	chr1	168756437	168756687	SINE/MIR	483	-	125	168756562	6016
chr1	168750546	168950546	harbor1	chr1	168759166	168759362	SINE/MIR	540	-	98	168759264	8718
chr1	168750546	168950546	harbor1	chr1	168788399	168788553	SINE/MIR	536	-	77	168788476	37930
chr1	168750546	168950546	harbor1	chr1	168793356	168793569	SINE/MIR	851	-	106	168793462	42916
chr1	171264660	171464660	harbor1	chr1	171279312	171279547	SINE/MIR	811	-	118	171279430	14770
chr1	171264660	171464660	harbor1	chr1	171287394	171287646	SINE/MIR	458	-	126	171287520	22860
chr1	171264660	171464660	harbor1	chr1	171315488	171315657	SINE/MIR	472	-	84	171315572	50912
chr1	171264660	171464660	harbor1	chr1	171316441	171316668	SINE/MIR	466	-	114	171316555	51895
chr1	171264660	171464660	harbor1	chr1	171318705	171318824	SINE/MIR	898	-	60	171318765	54105
chr1	171264660	171464660	harbor1	chr1	171319548	171319700	SINE/MIR	898	-	76	171319624	54964
chr1	171264660	171464660	harbor1	chr1	171356146	171356374	SINE/MIR	896	-	114	171356260	91600
chr1	154914524	155114524	harbor1	chr1	154934643	154934777	SINE/MIR	838	-	67	154934710	20186
chr1	154914524	155114524	harbor1	chr1	154935087	154935198	SINE/MIR	838	-	56	154935143	20619
chr1	154914524	155114524	harbor1	chr1	154966582	154966820	SINE/MIR	879	-	119	154966701	52177
chr1	154914524	155114524	harbor1	chr1	154986910	154987023	SINE/MIR	423	-	56	154986966	72442
chr1	154914524	155114524	harbor1	chr1	155013117	155013349	SINE/MIR	962	-	116	155013233	98709
chr1	154914524	155114524	harbor1	chr1	155013360	155013556	SINE/MIR	585	-	98	155013458	98934
chr1	198379030	198579030	harbor1	chr1	198379088	198379292	SINE/MIR	485	-	102	198379190	160
chr1	198379030	198579030	harbor1	chr1	198401258	198401415	SINE/MIR	679	-	78	198401336	22306
chr1	198379030	198579030	harbor1	chr1	198448033	198448260	SINE/MIR	623	-	114	198448147	69117
chr1	198379030	198579030	harbor1	chr1	198452138	198452370	SINE/MIR	782	-	116	198452254	73224
chr1	119147098	119347098	harbor1	chr1	119192348	119192476	SINE/MIR	549	-	64	119192412	45314
chr1	119147098	119347098	harbor1	chr1	119226842	119227001	SINE/MIR	396	-	80	119226922	79824
chr1	119147098	119347098	harbor1	chr1	119232639	119232846	SINE/MIR	620	-	104	119232743	85645
chr1	119147098	119347098	harbor1	chr1	119237081	119237247	SINE/MIR	476	-	83	119237164	90066
chr1	80621502	80821502	harbor1	chr1	80663508	80663649	SINE/MIR	414	-	70	80663578	42076
chr1	208001267	208201267	harbor1	chr1	208013723	208013926	SINE/MIR	423	-	102	208013825	12558
chr1	208001267	208201267	harbor1	chr1	208019087	208019272	SINE/MIR	714	-	92	208019179	17912
chr1	208001267	208201267	harbor1	chr1	208035125	208035301	SINE/MIR	590	-	88	208035213	33946
chr1	208001267	208201267	harbor1	chr1	208037115	208037264	SINE/MIR	481	-	74	208037189	35922
chr1	208001267	208201267	harbor1	chr1	208037740	208037945	SINE/MIR	419	-	102	208037842	36575
chr1	208001267	208201267	harbor1	chr1	208041739	208041879	SINE/MIR	442	-	70	208041809	40542
chr1	208001267	208201267	harbor1	chr1	208050242	208050390	SINE/MIR	416	-	74	208050316	49049
chr1	208001267	208201267	harbor1	chr1	208057129	208057368	SINE/MIR	822	-	120	208057249	55982
chr1	208001267	208201267	harbor1	chr1	208057910	208058076	SINE/MIR	421	-	83	208057993	56726
chr1	208001267	208201267	harbor1	chr1	208069858	208070086	SINE/MIR	786	-	114	208069972	68705
chr1	208001267	208201267	harbor1	chr1	208080742	208080936	SINE/MIR	652	-	97	208080839	79572
chr1	197582611	197782611	harbor1	chr1	197590206	197590367	SINE/MIR	478	-	80	197590286	7675
chr1	197582611	197782611	harbor1	chr1	197595894	197596074	SINE/MIR	566	-	90	197595984	13373
chr1	197582611	197782611	harbor1	chr1	197622191	197622433	SINE/MIR	642	-	121	197622312	39701
chr1	197582611	197782611	harbor1	chr1	197640508	197640659	SINE/MIR	466	-	76	197640584	57973
chr1	239265468	239465468	harbor1	chr1	239265309	239265539	SINE/MIR	690	-	115	239265424	44
chr1	239265468	239465468	harbor1	chr1	239275821	239275967	SINE/MIR	466	-	73	239275894	10426
chr1	239265468	239465468	harbor1	chr1	239346420	239346634	SINE/MIR	432	-	107	239346527	81059
chr1	79262110	79462110	harbor1	chr1	79279434	79279692	SINE/MIR	591	-	129	79279563	17453
chr1	79262110	79462110	harbor1	chr1	79282491	79282624	SINE/MIR	448	-	66	79282557	20447
chr1	79262110	79462110	harbor1	chr1	79282737	79282974	SINE/MIR	678	-	118	79282855	20745
chr1	79262110	79462110	harbor1	chr1	79345872	79346125	SINE/MIR	584	-	126	79345998	83888
chr1	79262110	79462110	harbor1	chr1	79314934	79315153	SINE/MIR	551	-	110	79315044	52934
chr1	87353233	87553233	harbor1	chr1	87354171	87354335	SINE/MIR	489	-	82	87354253	1020
chr1	87353233	87553233	harbor1	chr1	87363465	87363708	SINE/MIR	692	-	122	87363587	10354
chr1	87353233	87553233	harbor1	chr1	87368121	87368342	SINE/MIR	532	-	110	87368231	14998
chr1	87353233	87553233	harbor1	chr1	87407803	87407885	SINE/MIR	589	-	41	87407844	54611
chr1	87353233	87553233	harbor1	chr1	87408248	87408379	SINE/MIR	589	-	66	87408314	55081
chr1	87353233	87553233	harbor1	chr1	87410575	87410789	SINE/MIR	597	-	107	87410682	57449
chr1	87353233	87553233	harbor1	chr1	87419295	87419516	SINE/MIR	932	-	110	87419405	66172
chr1	87353233	87553233	harbor1	chr1	87433737	87433981	SINE/MIR	623	-	122	87433859	80626
chr1	87353233	87553233	harbor1	chr1	87442681	87442877	SINE/MIR	395	-	98	87442779	89546
chr1	57087097	57287097	harbor1	chr1	57095993	57096238	SINE/MIR	599	-	122	57096115	9018
chr1	57087097	57287097	harbor1	chr1	57101747	57102021	SINE/MIR	837	-	137	57101884	14787
chr1	57087097	57287097	harbor1	chr1	57109620	57109756	SINE/MIR	410	-	68	57109688	22591
chr1	57087097	57287097	harbor1	chr1	57110749	57110921	SINE/MIR	484	-	86	57110835	23738
chr1	57087097	57287097	harbor1	chr1	57117329	57117478	SINE/MIR	436	-	74	57117403	30306
chr1	57087097	57287097	harbor1	chr1	57118703	57118903	SINE/MIR	663	-	100	57118803	31706
chr1	57087097	57287097	harbor1	chr1	57138208	57138387	SINE/MIR	410	-	90	57138298	51201
chr1	57087097	57287097	harbor1	chr1	57140259	57140466	SINE/MIR	456	-	104	57140363	53266
chr1	57087097	57287097	harbor1	chr1	57160251	57160404	SINE/MIR	528	-	76	57160327	73230
chr1	57087097	57287097	harbor1	chr1	57165538	57165803	SINE/MIR	687	-	132	57165670	78573
chr1	57087097	57287097	harbor1	chr1	57169289	57169465	SINE/MIR	675	-	88	57169377	82280
chr1	57087097	57287097	harbor1	chr1	57170507	57170692	SINE/MIR	573	-	92	57170599	83502
chr1	57087097	57287097	harbor1	chr1	57172326	57172452	SINE/MIR	437	-	63	57172389	85292
chr1	57087097	57287097	harbor1	chr1	57172880	57172963	SINE/MIR	437	-	42	57172922	85825
chr1	57087097	57287097	harbor1	chr1	57098233	57098435	SINE/MIR	611	-	101	57098334	11237
chr1	43567312	43767312	harbor1	chr1	43589188	43589438	SINE/MIR	640	-	125	43589313	22001
chr1	43567312	43767312	harbor1	chr1	43636136	43636363	SINE/MIR	559	-	114	43636250	68938
chr1	43567312	43767312	harbor1	chr1	43645662	43645853	SINE/MIR	495	-	96	43645758	78446
chr1	43567312	43767312	harbor1	chr1	43650656	43650878	SINE/MIR	788	-	111	43650767	83455
chr1	43567312	43767312	harbor1	chr1	43614063	43614290	SINE/MIR	924	-	114	43614177	46865
chr1	32165623	32365623	harbor1	chr1	32217705	32217892	SINE/MIR	489	-	94	32217799	52176
chr1	32165623	32365623	harbor1	chr1	32220694	32220853	SINE/MIR	401	-	80	32220774	55151
chr1	32165623	32365623	harbor1	chr1	32221597	32221823	SINE/MIR	735	-	113	32221710	56087
chr1	32165623	32365623	harbor1	chr1	32223589	32223710	SINE/MIR	464	-	60	32223649	58026
chr1	32165623	32365623	harbor1	chr1	32257053	32257231	SINE/MIR	428	-	89	32257142	91519
chr1	190839266	191039266	harbor1	chr1	190917537	190917768	SINE/MIR	465	-	116	190917653	78387
chr1	190839266	191039266	harbor1	chr1	190926794	190926979	SINE/MIR	548	-	92	190926886	87620
chr1	17977487	18177487	harbor1	chr1	17980137	17980358	SINE/MIR	690	-	110	17980247	2760
chr1	17977487	18177487	harbor1	chr1	17981566	17981803	SINE/MIR	748	-	118	17981684	4197
chr1	17977487	18177487	harbor1	chr1	17990033	17990218	SINE/MIR	415	-	92	17990125	12638
chr1	17977487	18177487	harbor1	chr1	17991444	17991672	SINE/MIR	788	-	114	17991558	14071
chr1	17977487	18177487	harbor1	chr1	17998949	17999072	SINE/MIR	427	-	62	17999011	21524
chr1	17977487	18177487	harbor1	chr1	18002326	18002580	SINE/MIR	692	-	127	18002453	24966
chr1	17977487	18177487	harbor1	chr1	18004008	18004195	SINE/MIR	665	-	94	18004102	26615
chr1	17977487	18177487	harbor1	chr1	18012488	18012672	SINE/MIR	682	-	92	18012580	35093
chr1	17977487	18177487	harbor1	chr1	18022527	18022761	SINE/MIR	553	-	117	18022644	45157
chr1	17977487	18177487	harbor1	chr1	18025152	18025364	SINE/MIR	493	-	106	18025258	47771
chr1	17977487	18177487	harbor1	chr1	18027508	18027691	SINE/MIR	567	-	92	18027600	50113
chr1	17977487	18177487	harbor1	chr1	18034644	18034742	SINE/MIR	456	-	49	18034693	57206
chr1	17977487	18177487	harbor1	chr1	18037625	18037785	SINE/MIR	502	-	80	18037705	60218
chr1	17977487	18177487	harbor1	chr1	18051046	18051279	SINE/MIR	542	-	116	18051162	73675
chr1	17977487	18177487	harbor1	chr1	18056383	18056499	SINE/MIR	454	-	58	18056441	78954
chr1	17977487	18177487	harbor1	chr1	18063011	18063217	SINE/MIR	457	-	103	18063114	85627
chr1	17977487	18177487	harbor1	chr1	18067286	18067436	SINE/MIR	461	-	75	18067361	89874
chr1	17977487	18177487	harbor1	chr1	18069712	18069961	SINE/MIR	587	-	124	18069836	92349
chr1	17977487	18177487	harbor1	chr1	18075809	18076000	SINE/MIR	758	-	96	18075905	98418
chr1	38246	238246	harbor1	chr1	67999	68246	SINE/MIR	539	-	124	68123	29877
chr1	38246	238246	harbor1	chr1	102548	102780	SINE/MIR	534	-	116	102664	64418
chr1	37092934	37292934	harbor1	chr1	37095104	37095287	SINE/MIR	590	-	92	37095196	2262
chr1	37092934	37292934	harbor1	chr1	37099211	37099354	SINE/MIR	414	-	72	37099283	6349
chr1	37092934	37292934	harbor1	chr1	37099581	37099793	SINE/MIR	523	-	106	37099687	6753
chr1	37092934	37292934	harbor1	chr1	37106356	37106574	SINE/MIR	609	-	109	37106465	13531
chr1	37092934	37292934	harbor1	chr1	37115142	37115280	SINE/MIR	534	-	69	37115211	22277
chr1	37092934	37292934	harbor1	chr1	37117288	37117509	SINE/MIR	669	-	110	37117398	24464
chr1	37092934	37292934	harbor1	chr1	37121773	37121943	SINE/MIR	615	-	85	37121858	28924
chr1	37092934	37292934	harbor1	chr1	37124066	37124256	SINE/MIR	731	-	95	37124161	31227
chr1	37092934	37292934	harbor1	chr1	37125346	37125558	SINE/MIR	758	-	106	37125452	32518
chr1	37092934	37292934	harbor1	chr1	37127603	37127841	SINE/MIR	948	-	119	37127722	34788
chr1	37092934	37292934	harbor1	chr1	37133026	37133226	SINE/MIR	870	-	100	37133126	40192
chr1	37092934	37292934	harbor1	chr1	37135112	37135277	SINE/MIR	459	-	82	37135194	42260
chr1	37092934	37292934	harbor1	chr1	37138056	37138190	SINE/MIR	503	-	67	37138123	45189
chr1	37092934	37292934	harbor1	chr1	37152971	37153161	SINE/MIR	738	-	95	37153066	60132
chr1	37092934	37292934	harbor1	chr1	37157392	37157554	SINE/MIR	535	-	81	37157473	64539
chr1	37092934	37292934	harbor1	chr1	37171303	37171506	SINE/MIR	516	-	102	37171405	78471
chr1	37092934	37292934	harbor1	chr1	37172436	37172602	SINE/MIR	572	-	83	37172519	79585
chr1	37092934	37292934	harbor1	chr1	37178657	37178826	SINE/MIR	519	-	84	37178741	85807
chr1	37092934	37292934	harbor1	chr1	37188869	37189083	SINE/MIR	664	-	107	37188976	96042
chr1	243422589	243622589	harbor1	chr1	243427183	243427315	SINE/MIR	511	-	66	243427249	4660
chr1	243422589	243622589	harbor1	chr1	243428090	243428259	SINE/MIR	395	-	84	243428174	5585
chr1	243422589	243622589	harbor1	chr1	243439678	243439828	SINE/MIR	544	-	75	243439753	17164
chr1	243422589	243622589	harbor1	chr1	243458458	243458684	SINE/MIR	915	-	113	243458571	35982
chr1	243422589	243622589	harbor1	chr1	243459181	243459355	SINE/MIR	476	-	87	243459268	36679
chr1	243422589	243622589	harbor1	chr1	243489613	243489826	SINE/MIR	407	-	106	243489719	67130
chr1	184683952	184883952	harbor1	chr1	184685378	184685517	SINE/MIR	548	-	70	184685448	1496
chr1	184683952	184883952	harbor1	chr1	184706991	184707188	SINE/MIR	466	-	98	184707089	23137
chr1	184683952	184883952	harbor1	chr1	184720298	184720493	SINE/MIR	649	-	98	184720396	36444
chr1	184683952	184883952	harbor1	chr1	184723182	184723391	SINE/MIR	809	-	104	184723286	39334
chr1	184683952	184883952	harbor1	chr1	184738181	184738399	SINE/MIR	743	-	109	184738290	54338
chr1	184683952	184883952	harbor1	chr1	184746490	184746721	SINE/MIR	750	-	116	184746606	62654
chr1	184683952	184883952	harbor1	chr1	184747204	184747339	SINE/MIR	523	-	68	184747272	63320
chr1	184683952	184883952	harbor1	chr1	184755473	184755676	SINE/MIR	447	-	102	184755575	71623
chr1	184683952	184883952	harbor1	chr1	184765988	184766161	SINE/MIR	418	-	86	184766074	82122
chr1	53608248	53808248	harbor1	chr1	53619469	53619662	SINE/MIR	508	-	96	53619565	11317
chr1	53608248	53808248	harbor1	chr1	53619775	53619922	SINE/MIR	402	-	74	53619849	11601
chr1	53608248	53808248	harbor1	chr1	53627794	53627978	SINE/MIR	397	-	92	53627886	19638
chr1	53608248	53808248	harbor1	chr1	53640579	53640797	SINE/MIR	461	-	109	53640688	32440
chr1	53608248	53808248	harbor1	chr1	53645661	53645834	SINE/MIR	429	-	86	53645747	37499
chr1	53608248	53808248	harbor1	chr1	53655849	53656036	SINE/MIR	467	-	94	53655943	47695
chr1	53608248	53808248	harbor1	chr1	53659411	53659568	SINE/MIR	598	-	78	53659489	51241
chr1	53608248	53808248	harbor1	chr1	53662804	53663023	SINE/MIR	656	-	110	53662914	54666
chr1	53608248	53808248	harbor1	chr1	53665968	53666171	SINE/MIR	605	-	102	53666070	57822
chr1	53608248	53808248	harbor1	chr1	53671705	53671908	SINE/MIR	559	-	102	53671807	63559
chr1	53608248	53808248	harbor1	chr1	53690839	53691052	SINE/MIR	607	-	106	53690945	82697
chr1	53608248	53808248	harbor1	chr1	53693151	53693303	SINE/MIR	537	-	76	53693227	84979
chr1	53608248	53808248	harbor1	chr1	53697680	53697889	SINE/MIR	825	-	104	53697784	89536
chr1	53608248	53808248	harbor1	chr1	53698771	53698939	SINE/MIR	415	-	84	53698855	90607
chr1	53608248	53808248	harbor1	chr1	53701466	53701660	SINE/MIR	555	-	97	53701563	93315
chr1	53608248	53808248	harbor1	chr1	53703135	53703327	SINE/MIR	652	-	96	53703231	94983
chr1	53608248	53808248	harbor1	chr1	53704288	53704425	SINE/MIR	403	-	68	53704356	96108
chr1	53608248	53808248	harbor1	chr1	53706076	53706267	SINE/MIR	489	-	96	53706172	97924
chr1	168490883	168690883	harbor1	chr1	168503771	168503984	SINE/MIR	586	-	106	168503877	12994
chr1	168490883	168690883	harbor1	chr1	168511681	168511848	SINE/MIR	481	-	84	168511765	20882
chr1	168490883	168690883	harbor1	chr1	168512399	168512634	SINE/MIR	478	-	118	168512517	21634
chr1	168490883	168690883	harbor1	chr1	168531385	168531546	SINE/MIR	501	-	80	168531465	40582
chr1	168490883	168690883	harbor1	chr1	168552287	168552547	SINE/MIR	474	-	130	168552417	61534
chr1	168490883	168690883	harbor1	chr1	168556491	168556732	SINE/MIR	889	-	120	168556611	65728
chr1	90117123	90317123	harbor1	chr1	90118442	90118575	SINE/MIR	496	-	66	90118508	1385
chr1	90117123	90317123	harbor1	chr1	90121396	90121536	SINE/MIR	410	-	70	90121466	4343
chr1	90117123	90317123	harbor1	chr1	90121585	90121837	SINE/MIR	634	-	126	90121711	4588
chr1	90117123	90317123	harbor1	chr1	90150035	90150243	SINE/MIR	727	-	104	90150139	33016
chr1	90117123	90317123	harbor1	chr1	90173967	90174093	SINE/MIR	503	-	63	90174030	56907
chr1	90117123	90317123	harbor1	chr1	90174671	90174837	SINE/MIR	619	-	83	90174754	57631
chr1	90117123	90317123	harbor1	chr1	90191369	90191580	SINE/MIR	605	-	106	90191475	74352
chr1	90117123	90317123	harbor1	chr1	90199944	90200181	SINE/MIR	936	-	118	90200062	82939
chr1	90117123	90317123	harbor1	chr1	90202753	90202955	SINE/MIR	524	-	101	90202854	85731
chr1	90117123	90317123	harbor1	chr1	90210183	90210378	SINE/MIR	436	-	98	90210281	93158
chr1	103162050	103362050	harbor1	chr1	103247816	103247998	SINE/MIR	514	-	91	103247907	85857
chr1	160259693	160459693	harbor1	chr1	160260109	160260365	SINE/MIR	585	-	128	160260237	544
chr1	160259693	160459693	harbor1	chr1	160342062	160342297	SINE/MIR	414	-	118	160342180	82487
chr1	160259693	160459693	harbor1	chr1	160344982	160345199	SINE/MIR	750	-	108	160345090	85397
chr1	160259693	160459693	harbor1	chr1	160345493	160345525	SINE/MIR	750	-	16	160345509	85816
chr1	18254878	18454878	harbor1	chr1	18266096	18266352	SINE/MIR	1068	-	128	18266224	11346
chr1	18254878	18454878	harbor1	chr1	18279495	18279673	SINE/MIR	523	-	89	18279584	24706
chr1	18254878	18454878	harbor1	chr1	18280509	18280642	SINE/MIR	491	-	66	18280575	25697
chr1	18254878	18454878	harbor1	chr1	18285911	18286127	SINE/MIR	439	-	108	18286019	31141
chr1	18254878	18454878	harbor1	chr1	18288051	18288157	SINE/MIR	406	-	53	18288104	33226
chr1	18254878	18454878	harbor1	chr1	18292224	18292394	SINE/MIR	416	-	85	18292309	37431
chr1	18254878	18454878	harbor1	chr1	18304426	18304591	SINE/MIR	434	-	82	18304508	49630
chr1	18254878	18454878	harbor1	chr1	18307350	18307573	SINE/MIR	855	-	112	18307462	52584
chr1	18254878	18454878	harbor1	chr1	18309283	18309517	SINE/MIR	708	-	117	18309400	54522
chr1	18254878	18454878	harbor1	chr1	18313579	18313830	SINE/MIR	436	-	126	18313705	58827
chr1	18254878	18454878	harbor1	chr1	18314460	18314730	SINE/MIR	649	-	135	18314595	59717
chr1	18254878	18454878	harbor1	chr1	18317783	18318010	SINE/MIR	885	-	114	18317897	63019
chr1	18254878	18454878	harbor1	chr1	18329268	18329475	SINE/MIR	536	-	104	18329372	74494
chr1	18254878	18454878	harbor1	chr1	18333448	18333683	SINE/MIR	486	-	118	18333566	78688
chr1	18254878	18454878	harbor1	chr1	18336339	18336484	SINE/MIR	618	-	72	18336411	81533
chr1	18254878	18454878	harbor1	chr1	18339089	18339311	SINE/MIR	494	-	111	18339200	84322
chr1	18254878	18454878	harbor1	chr1	18341522	18341704	SINE/MIR	613	-	91	18341613	86735
chr1	18254878	18454878	harbor1	chr1	18345684	18345902	SINE/MIR	651	-	109	18345793	90915
chr1	18254878	18454878	harbor1	chr1	18347995	18348219	SINE/MIR	847	-	112	18348107	93229
chr1	18254878	18454878	harbor1	chr1	18349006	18349258	SINE/MIR	772	-	126	18349132	94254
chr1	18254878	18454878	harbor1	chr1	18284505	18284710	SINE/MIR	483	-	102	18284607	29729
chr1	18254878	18454878	harbor1	chr1	18317285	18317473	SINE/MIR	642	-	94	18317379	62501
chr1	65858547	66058547	harbor1	chr1	65872775	65872966	SINE/MIR	471	-	96	65872871	14324
chr1	65858547	66058547	harbor1	chr1	65897029	65897264	SINE/MIR	598	-	118	65897147	38600
chr1	50482160	50682160	harbor1	chr1	50513699	50513901	SINE/MIR	608	-	101	50513800	31640
chr1	50482160	50682160	harbor1	chr1	50515200	50515378	SINE/MIR	482	-	89	50515289	33129
chr1	50482160	50682160	harbor1	chr1	50515976	50516193	SINE/MIR	890	-	108	50516084	33924
chr1	50482160	50682160	harbor1	chr1	50535782	50536027	SINE/MIR	511	-	122	50535904	53744
chr1	50482160	50682160	harbor1	chr1	50551906	50552012	SINE/MIR	488	-	53	50551959	69799
chr1	50482160	50682160	harbor1	chr1	50552315	50552442	SINE/MIR	488	-	64	50552379	70219
chr1	50482160	50682160	harbor1	chr1	50568542	50568776	SINE/MIR	542	-	117	50568659	86499
chr1	70933892	71133892	harbor1	chr1	70946299	70946470	SINE/MIR	395	-	86	70946385	12493
chr1	70933892	71133892	harbor1	chr1	70954497	70954652	SINE/MIR	485	-	78	70954575	20683
chr1	70933892	71133892	harbor1	chr1	70962031	70962208	SINE/MIR	443	-	88	70962119	28227
chr1	70933892	71133892	harbor1	chr1	70969889	70970067	SINE/MIR	529	-	89	70969978	36086
chr1	70933892	71133892	harbor1	chr1	70977953	70978161	SINE/MIR	774	-	104	70978057	44165
chr1	70933892	71133892	harbor1	chr1	70991961	70992193	SINE/MIR	968	-	116	70992077	58185
chr1	70933892	71133892	harbor1	chr1	70995896	70996067	SINE/MIR	612	-	86	70995982	62090
chr1	210507012	210707012	harbor1	chr1	210562545	210562654	SINE/MIR	572	-	54	210562599	55587
chr1	210507012	210707012	harbor1	chr1	210562978	210563110	SINE/MIR	572	-	66	210563044	56032
chr1	210507012	210707012	harbor1	chr1	210605120	210605320	SINE/MIR	462	-	100	210605220	98208
chr1	202402460	202602460	harbor1	chr1	202405519	202405771	SINE/MIR	849	-	126	202405645	3185
chr1	202402460	202602460	harbor1	chr1	202411655	202411842	SINE/MIR	529	-	94	202411749	9289
chr1	202402460	202602460	harbor1	chr1	202434074	202434274	SINE/MIR	555	-	100	202434174	31714
chr1	202402460	202602460	harbor1	chr1	202447195	202447378	SINE/MIR	548	-	92	202447287	44827
chr1	202402460	202602460	harbor1	chr1	202465035	202465267	SINE/MIR	575	-	116	202465151	62691
chr1	202402460	202602460	harbor1	chr1	202475007	202475168	SINE/MIR	557	-	80	202475087	72627
chr1	202402460	202602460	harbor1	chr1	202477230	202477463	SINE/MIR	600	-	116	202477346	74886
chr1	202402460	202602460	harbor1	chr1	202493633	202493853	SINE/MIR	1108	-	110	202493743	91283
chr1	202402460	202602460	harbor1	chr1	202494210	202494422	SINE/MIR	915	-	106	202494316	91856
chr1	172112720	172312720	harbor1	chr1	172122311	172122521	SINE/MIR	806	-	105	172122416	9696
chr1	172112720	172312720	harbor1	chr1	172132870	172133001	SINE/MIR	524	-	66	172132936	20216
chr1	172112720	172312720	harbor1	chr1	172147900	172148056	SINE/MIR	444	-	78	172147978	35258
chr1	172112720	172312720	harbor1	chr1	172150523	172150639	SINE/MIR	422	-	58	172150581	37861
chr1	172112720	172312720	harbor1	chr1	172170191	172170362	SINE/MIR	420	-	86	172170277	57557
chr1	172112720	172312720	harbor1	chr1	172179746	172179919	SINE/MIR	401	-	86	172179832	67112
chr1	172112720	172312720	harbor1	chr1	172209981	172210256	SINE/MIR	613	-	138	172210119	97399
chr1	17904948	18104948	harbor1	chr1	17907839	17907962	SINE/MIR	445	-	62	17907901	2953
chr1	17904948	18104948	harbor1	chr1	17912337	17912579	SINE/MIR	753	-	121	17912458	7510
chr1	17904948	18104948	harbor1	chr1	17926974	17927194	SINE/MIR	824	-	110	17927084	22136
chr1	17904948	18104948	harbor1	chr1	17932819	17933008	SINE/MIR	421	-	94	17932913	27965
chr1	17904948	18104948	harbor1	chr1	17934585	17934791	SINE/MIR	741	-	103	17934688	29740
chr1	17904948	18104948	harbor1	chr1	17937935	17938166	SINE/MIR	757	-	116	17938051	33103
chr1	17904948	18104948	harbor1	chr1	17945272	17945440	SINE/MIR	434	-	84	17945356	40408
chr1	17904948	18104948	harbor1	chr1	17955688	17955842	SINE/MIR	420	-	77	17955765	50817
chr1	17904948	18104948	harbor1	chr1	17957082	17957300	SINE/MIR	1012	-	109	17957191	52243
chr1	17904948	18104948	harbor1	chr1	17965163	17965292	SINE/MIR	442	-	64	17965227	60279
chr1	17904948	18104948	harbor1	chr1	17976227	17976426	SINE/MIR	638	-	100	17976327	71379
chr1	17904948	18104948	harbor1	chr1	17980137	17980358	SINE/MIR	690	-	110	17980247	75299
chr1	17904948	18104948	harbor1	chr1	17981566	17981803	SINE/MIR	748	-	118	17981684	76736
chr1	17904948	18104948	harbor1	chr1	17990033	17990218	SINE/MIR	415	-	92	17990125	85177
chr1	17904948	18104948	harbor1	chr1	17991444	17991672	SINE/MIR	788	-	114	17991558	86610
chr1	17904948	18104948	harbor1	chr1	17998949	17999072	SINE/MIR	427	-	62	17999011	94063
chr1	17904948	18104948	harbor1	chr1	18002326	18002580	SINE/MIR	692	-	127	18002453	97505
chr1	17904948	18104948	harbor1	chr1	18004008	18004195	SINE/MIR	665	-	94	18004102	99154
chr1	17904948	18104948	harbor1	chr1	17956825	17957006	SINE/MIR	512	-	90	17956915	51967
chr1	119129690	119329690	harbor1	chr1	119132021	119132250	SINE/MIR	395	-	114	119132135	2445
chr1	119129690	119329690	harbor1	chr1	119192348	119192476	SINE/MIR	549	-	64	119192412	62722
chr1	119129690	119329690	harbor1	chr1	119226842	119227001	SINE/MIR	396	-	80	119226922	97232
chr1	31393087	31593087	harbor1	chr1	31396823	31397016	SINE/MIR	596	-	96	31396919	3832
chr1	31393087	31593087	harbor1	chr1	31405919	31406154	SINE/MIR	597	-	118	31406037	12950
chr1	31393087	31593087	harbor1	chr1	31412735	31412853	SINE/MIR	408	-	59	31412794	19707
chr1	31393087	31593087	harbor1	chr1	31415561	31415700	SINE/MIR	562	-	70	31415631	22544
chr1	31393087	31593087	harbor1	chr1	31416373	31416478	SINE/MIR	431	-	52	31416425	23338
chr1	31393087	31593087	harbor1	chr1	31423258	31423372	SINE/MIR	439	-	57	31423315	30228
chr1	31393087	31593087	harbor1	chr1	31427666	31427802	SINE/MIR	535	-	68	31427734	34647
chr1	31393087	31593087	harbor1	chr1	31432623	31432863	SINE/MIR	793	-	120	31432743	39656
chr1	31393087	31593087	harbor1	chr1	31444276	31444505	SINE/MIR	626	-	114	31444390	51303
chr1	31393087	31593087	harbor1	chr1	31450218	31450372	SINE/MIR	430	-	77	31450295	57208
chr1	215658779	215858779	harbor1	chr1	215663740	215663900	SINE/MIR	577	-	80	215663820	5041
chr1	215658779	215858779	harbor1	chr1	215693363	215693486	SINE/MIR	426	-	62	215693425	34646
chr1	215658779	215858779	harbor1	chr1	215705980	215706193	SINE/MIR	773	-	106	215706086	47307
chr1	215658779	215858779	harbor1	chr1	215735884	215736126	SINE/MIR	598	-	121	215736005	77226
chr1	215658779	215858779	harbor1	chr1	215745597	215745742	SINE/MIR	570	-	72	215745669	86890
chr1	215658779	215858779	harbor1	chr1	215751807	215751945	SINE/MIR	421	-	69	215751876	93097
chr1	215658779	215858779	harbor1	chr1	215756068	215756285	SINE/MIR	535	-	108	215756176	97397
chr1	88548172	88748172	harbor1	chr1	88555221	88555476	SINE/MIR	649	-	128	88555349	7177
chr1	88548172	88748172	harbor1	chr1	88560219	88560442	SINE/MIR	412	-	112	88560331	12159
chr1	88548172	88748172	harbor1	chr1	88563716	88563898	SINE/MIR	479	-	91	88563807	15635
chr1	88548172	88748172	harbor1	chr1	88566319	88566518	SINE/MIR	573	-	100	88566419	18247
chr1	88548172	88748172	harbor1	chr1	88574502	88574765	SINE/MIR	657	-	132	88574634	26462
chr1	88548172	88748172	harbor1	chr1	88594508	88594776	SINE/MIR	754	-	134	88594642	46470
chr1	88548172	88748172	harbor1	chr1	88595074	88595262	SINE/MIR	439	-	94	88595168	46996
chr1	88548172	88748172	harbor1	chr1	88605728	88605919	SINE/MIR	399	-	96	88605824	57652
chr1	88548172	88748172	harbor1	chr1	88614891	88615110	SINE/MIR	447	-	110	88615001	66829
chr1	166995668	167195668	harbor1	chr1	167060962	167061190	SINE/MIR	972	-	114	167061076	65408
chr1	166995668	167195668	harbor1	chr1	167064334	167064455	SINE/MIR	409	-	60	167064394	68726
chr1	166995668	167195668	harbor1	chr1	167070307	167070541	SINE/MIR	992	-	117	167070424	74756
chr1	166995668	167195668	harbor1	chr1	167077812	167077982	SINE/MIR	398	-	85	167077897	82229
chr1	166995668	167195668	harbor1	chr1	167087299	167087526	SINE/MIR	484	-	114	167087413	91745
chr1	21172560	21372560	harbor1	chr1	21178140	21178253	SINE/MIR	395	-	56	21178196	5636
chr1	21172560	21372560	harbor1	chr1	21194468	21194610	SINE/MIR	577	-	71	21194539	21979
chr1	21172560	21372560	harbor1	chr1	21194916	21195013	SINE/MIR	577	-	48	21194964	22404
chr1	21172560	21372560	harbor1	chr1	21195039	21195188	SINE/MIR	410	-	74	21195113	22553
chr1	21172560	21372560	harbor1	chr1	21226306	21226481	SINE/MIR	465	-	88	21226394	53834
chr1	21172560	21372560	harbor1	chr1	21227433	21227625	SINE/MIR	425	-	96	21227529	54969
chr1	21172560	21372560	harbor1	chr1	21241343	21241423	SINE/MIR	447	-	40	21241383	68823
chr1	21172560	21372560	harbor1	chr1	21241725	21241785	SINE/MIR	447	-	30	21241755	69195
chr1	21172560	21372560	harbor1	chr1	21242086	21242306	SINE/MIR	400	-	110	21242196	69636
chr1	21172560	21372560	harbor1	chr1	21242379	21242514	SINE/MIR	438	-	68	21242447	69887
chr1	21172560	21372560	harbor1	chr1	21246552	21246663	SINE/MIR	639	-	56	21246608	74048
chr1	21172560	21372560	harbor1	chr1	21246942	21247067	SINE/MIR	639	-	62	21247004	74444
chr1	21172560	21372560	harbor1	chr1	21247616	21247759	SINE/MIR	506	-	72	21247688	75128
chr1	21172560	21372560	harbor1	chr1	21258118	21258270	SINE/MIR	474	-	76	21258194	85634
chr1	21172560	21372560	harbor1	chr1	21269614	21269851	SINE/MIR	492	-	118	21269732	97172
chr1	21172560	21372560	harbor1	chr1	21270702	21270879	SINE/MIR	528	-	88	21270790	98230
chr1	21172560	21372560	harbor1	chr1	21272057	21272291	SINE/MIR	717	-	117	21272174	99614
chr1	164953409	165153409	harbor1	chr1	164970978	164971207	SINE/MIR	519	-	114	164971092	17683
chr1	164953409	165153409	harbor1	chr1	164975114	164975256	SINE/MIR	448	-	71	164975185	21776
chr1	164953409	165153409	harbor1	chr1	164995159	164995380	SINE/MIR	672	-	110	164995269	41860
chr1	164953409	165153409	harbor1	chr1	165010086	165010313	SINE/MIR	511	-	114	165010200	56791
chr1	164953409	165153409	harbor1	chr1	165030818	165030992	SINE/MIR	613	-	87	165030905	77496
chr1	164953409	165153409	harbor1	chr1	165045654	165045836	SINE/MIR	415	-	91	165045745	92336
chr1	3300137	3500137	harbor1	chr1	3345451	3345633	SINE/MIR	455	-	91	3345542	45405
chr1	3300137	3500137	harbor1	chr1	3356586	3356796	SINE/MIR	441	-	105	3356691	56554
chr1	202066985	202266985	harbor1	chr1	202105459	202105692	SINE/MIR	566	-	116	202105575	38590
chr1	202066985	202266985	harbor1	chr1	202118092	202118250	SINE/MIR	691	-	79	202118171	51186
chr1	202066985	202266985	harbor1	chr1	202134857	202135027	SINE/MIR	536	-	85	202134942	67957
chr1	202066985	202266985	harbor1	chr1	202149383	202149514	SINE/MIR	425	-	66	202149449	82464
chr1	202066985	202266985	harbor1	chr1	202149649	202149770	SINE/MIR	425	-	60	202149709	82724
chr1	147613982	147813982	harbor1	chr1	147638207	147638440	SINE/MIR	701	-	116	147638323	24341
chr1	147613982	147813982	harbor1	chr1	147640473	147640700	SINE/MIR	629	-	114	147640587	26605
chr1	147613982	147813982	harbor1	chr1	147641652	147641848	SINE/MIR	520	-	98	147641750	27768
chr1	147613982	147813982	harbor1	chr1	147654336	147654571	SINE/MIR	494	-	118	147654454	40472
chr1	147613982	147813982	harbor1	chr1	147675866	147676082	SINE/MIR	433	-	108	147675974	61992
chr1	147613982	147813982	harbor1	chr1	147699329	147699492	SINE/MIR	443	-	82	147699411	85429
chr1	76801715	77001715	harbor1	chr1	76813776	76813958	SINE/MIR	468	-	91	76813867	12152
chr1	76801715	77001715	harbor1	chr1	76818266	76818412	SINE/MIR	409	-	73	76818339	16624
chr1	76801715	77001715	harbor1	chr1	76825540	76825730	SINE/MIR	456	-	95	76825635	23920
chr1	76801715	77001715	harbor1	chr1	76853541	76853706	SINE/MIR	626	-	82	76853623	51908
chr1	76801715	77001715	harbor1	chr1	76856741	76856933	SINE/MIR	582	-	96	76856837	55122
chr1	76801715	77001715	harbor1	chr1	76860098	76860326	SINE/MIR	504	-	114	76860212	58497
chr1	76801715	77001715	harbor1	chr1	76863890	76864113	SINE/MIR	419	-	112	76864002	62287
chr1	76801715	77001715	harbor1	chr1	76864114	76864306	SINE/MIR	545	-	96	76864210	62495
chr1	195780808	195980808	harbor1	chr1	195821630	195821763	SINE/MIR	398	-	66	195821696	40888
chr1	177703164	177903164	harbor1	chr1	177704472	177704657	SINE/MIR	597	-	92	177704564	1400
chr1	177703164	177903164	harbor1	chr1	177714126	177714281	SINE/MIR	485	-	78	177714204	11040
chr1	177703164	177903164	harbor1	chr1	177746418	177746652	SINE/MIR	519	-	117	177746535	43371
chr1	177703164	177903164	harbor1	chr1	177750869	177751075	SINE/MIR	509	-	103	177750972	47808
chr1	177703164	177903164	harbor1	chr1	177752683	177752934	SINE/MIR	486	-	126	177752809	49645
chr1	177703164	177903164	harbor1	chr1	177753387	177753594	SINE/MIR	647	-	104	177753491	50327
chr1	177703164	177903164	harbor1	chr1	177757784	177757963	SINE/MIR	513	-	90	177757874	54710
chr1	177703164	177903164	harbor1	chr1	177758284	177758515	SINE/MIR	688	-	116	177758400	55236
chr1	177703164	177903164	harbor1	chr1	177771026	177771275	SINE/MIR	1104	-	124	177771150	67986
chr1	177703164	177903164	harbor1	chr1	177777859	177778090	SINE/MIR	515	-	116	177777975	74811
chr1	177703164	177903164	harbor1	chr1	177792189	177792272	SINE/MIR	508	-	42	177792231	89067
chr1	177703164	177903164	harbor1	chr1	177793351	177793459	SINE/MIR	508	-	54	177793405	90241
chr1	240619405	240819405	harbor1	chr1	240672921	240673021	SINE/MIR	407	-	50	240672971	53566
chr1	240619405	240819405	harbor1	chr1	240695046	240695291	SINE/MIR	433	-	122	240695168	75763
chr1	40176712	40376712	harbor1	chr1	40191756	40191924	SINE/MIR	510	-	84	40191840	15128
chr1	40176712	40376712	harbor1	chr1	40199364	40199572	SINE/MIR	610	-	104	40199468	22756
chr1	40176712	40376712	harbor1	chr1	40208445	40208532	SINE/MIR	434	-	44	40208489	31777
chr1	40176712	40376712	harbor1	chr1	40208830	40208942	SINE/MIR	434	-	56	40208886	32174
chr1	40176712	40376712	harbor1	chr1	40255893	40256119	SINE/MIR	583	-	113	40256006	79294
chr1	40176712	40376712	harbor1	chr1	40263297	40263492	SINE/MIR	442	-	98	40263395	86683
chr1	148079546	148279546	harbor1	chr1	148119341	148119487	SINE/MIR	488	-	73	148119414	39868
chr1	148079546	148279546	harbor1	chr1	148125677	148125823	SINE/MIR	435	-	73	148125750	46204
chr1	148079546	148279546	harbor1	chr1	148154361	148154577	SINE/MIR	448	-	108	148154469	74923
chr1	148079546	148279546	harbor1	chr1	148172034	148172207	SINE/MIR	456	-	86	148172120	92574
chr1	148079546	148279546	harbor1	chr1	148176979	148177198	SINE/MIR	613	-	110	148177089	97543
chr1	169323770	169523770	harbor1	chr1	169326972	169327100	SINE/MIR	451	-	64	169327036	3266
chr1	169323770	169523770	harbor1	chr1	169357042	169357185	SINE/MIR	425	-	72	169357114	33344
chr1	169323770	169523770	harbor1	chr1	169358220	169358410	SINE/MIR	516	-	95	169358315	34545
chr1	169323770	169523770	harbor1	chr1	169376130	169376359	SINE/MIR	481	-	114	169376244	52474
chr1	196966759	197166759	harbor1	chr1	197058142	197058311	SINE/MIR	394	-	84	197058226	91467
chr1	218695033	218895033	harbor1	chr1	218765052	218765234	SINE/MIR	484	-	91	218765143	70110
chr1	218695033	218895033	harbor1	chr1	218775005	218775193	SINE/MIR	398	-	94	218775099	80066
chr1	218695033	218895033	harbor1	chr1	218780145	218780404	SINE/MIR	443	-	130	218780275	85242
chr1	88781685	88981685	harbor1	chr1	88795534	88795719	SINE/MIR	589	-	92	88795626	13941
chr1	88781685	88981685	harbor1	chr1	88795873	88796009	SINE/MIR	604	-	68	88795941	14256
chr1	88781685	88981685	harbor1	chr1	88826301	88826434	SINE/MIR	404	-	66	88826367	44682
chr1	88781685	88981685	harbor1	chr1	88826631	88826776	SINE/MIR	412	-	72	88826703	45018
chr1	88781685	88981685	harbor1	chr1	88829994	88830222	SINE/MIR	808	-	114	88830108	48423
chr1	71611143	71811143	harbor1	chr1	71611463	71611692	SINE/MIR	847	-	114	71611577	434
chr1	71611143	71811143	harbor1	chr1	71637903	71638111	SINE/MIR	593	-	104	71638007	26864
chr1	71611143	71811143	harbor1	chr1	71638544	71638692	SINE/MIR	614	-	74	71638618	27475
chr1	71611143	71811143	harbor1	chr1	71651935	71652163	SINE/MIR	448	-	114	71652049	40906
chr1	71611143	71811143	harbor1	chr1	71653734	71653944	SINE/MIR	470	-	105	71653839	42696
chr1	71611143	71811143	harbor1	chr1	71688035	71688270	SINE/MIR	397	-	118	71688153	77010
chr1	71611143	71811143	harbor1	chr1	71688837	71689033	SINE/MIR	527	-	98	71688935	77792
chr1	71611143	71811143	harbor1	chr1	71689324	71689503	SINE/MIR	449	-	90	71689414	78271
chr1	86107127	86307127	harbor1	chr1	86109378	86109606	SINE/MIR	567	-	114	86109492	2365
chr1	86107127	86307127	harbor1	chr1	86113154	86113283	SINE/MIR	468	-	64	86113218	6091
chr1	86107127	86307127	harbor1	chr1	86136558	86136691	SINE/MIR	543	-	66	86136624	29497
chr1	86107127	86307127	harbor1	chr1	86137306	86137513	SINE/MIR	796	-	104	86137410	30283
chr1	86107127	86307127	harbor1	chr1	86140080	86140328	SINE/MIR	815	-	124	86140204	33077
chr1	86107127	86307127	harbor1	chr1	86171539	86171759	SINE/MIR	725	-	110	86171649	64522
chr1	86107127	86307127	harbor1	chr1	86185386	86185565	SINE/MIR	442	-	90	86185476	78349
chr1	195929356	196129356	harbor1	chr1	195959644	195959840	SINE/MIR	480	-	98	195959742	30386
chr1	195929356	196129356	harbor1	chr1	196007632	196007854	SINE/MIR	487	-	111	196007743	78387
chr1	195929356	196129356	harbor1	chr1	196028851	196029077	SINE/MIR	732	-	113	196028964	99608
chr1	50312631	50512631	harbor1	chr1	50312588	50312820	SINE/MIR	404	-	116	50312704	73
chr1	50312631	50512631	harbor1	chr1	50317211	50317332	SINE/MIR	416	-	60	50317271	4640
chr1	50312631	50512631	harbor1	chr1	50317661	50317855	SINE/MIR	402	-	97	50317758	5127
chr1	50312631	50512631	harbor1	chr1	50318120	50318355	SINE/MIR	560	-	118	50318238	5607
chr1	50312631	50512631	harbor1	chr1	50319845	50319966	SINE/MIR	427	-	60	50319905	7274
chr1	50312631	50512631	harbor1	chr1	50320952	50321194	SINE/MIR	826	-	121	50321073	8442
chr1	50312631	50512631	harbor1	chr1	50331014	50331211	SINE/MIR	879	-	98	50331112	18481
chr1	50312631	50512631	harbor1	chr1	50334118	50334314	SINE/MIR	632	-	98	50334216	21585
chr1	50312631	50512631	harbor1	chr1	50335343	50335588	SINE/MIR	705	-	122	50335465	22834
chr1	50312631	50512631	harbor1	chr1	50337270	50337397	SINE/MIR	565	-	64	50337334	24703
chr1	50312631	50512631	harbor1	chr1	50337786	50337922	SINE/MIR	450	-	68	50337854	25223
chr1	50312631	50512631	harbor1	chr1	50342725	50342914	SINE/MIR	630	-	94	50342819	30188
chr1	50312631	50512631	harbor1	chr1	50344535	50344671	SINE/MIR	506	-	68	50344603	31972
chr1	50312631	50512631	harbor1	chr1	50346184	50346347	SINE/MIR	861	-	82	50346266	33635
chr1	50312631	50512631	harbor1	chr1	50348264	50348503	SINE/MIR	746	-	120	50348384	35753
chr1	93511514	93711514	harbor1	chr1	93520635	93520769	SINE/MIR	498	-	67	93520702	9188
chr1	93511514	93711514	harbor1	chr1	93521099	93521144	SINE/MIR	498	-	22	93521121	9607
chr1	93511514	93711514	harbor1	chr1	93569206	93569327	SINE/MIR	527	-	60	93569266	57752
chr1	93511514	93711514	harbor1	chr1	93587355	93587567	SINE/MIR	493	-	106	93587461	75947
chr1	48208172	48408172	harbor1	chr1	48235395	48235548	SINE/MIR	422	-	76	48235471	27299
chr1	48208172	48408172	harbor1	chr1	48246684	48246917	SINE/MIR	477	-	116	48246800	38628
chr1	48208172	48408172	harbor1	chr1	48259298	48259402	SINE/MIR	446	-	52	48259350	51178
chr1	48208172	48408172	harbor1	chr1	48299769	48299889	SINE/MIR	428	-	60	48299829	91657
chr1	118485714	118685714	harbor1	chr1	118508129	118508298	SINE/MIR	477	-	84	118508213	22499
chr1	118485714	118685714	harbor1	chr1	118532024	118532267	SINE/MIR	703	-	122	118532146	46432
chr1	118485714	118685714	harbor1	chr1	118532730	118532909	SINE/MIR	412	-	90	118532820	47106
chr1	118485714	118685714	harbor1	chr1	118565290	118565523	SINE/MIR	503	-	116	118565406	79692
chr1	150030465	150230465	harbor1	chr1	150034040	150034147	SINE/MIR	443	-	54	150034094	3629
chr1	150030465	150230465	harbor1	chr1	150035625	150035867	SINE/MIR	564	-	121	150035746	5281
chr1	150030465	150230465	harbor1	chr1	150056507	150056687	SINE/MIR	736	-	90	150056597	26132
chr1	150030465	150230465	harbor1	chr1	150064133	150064286	SINE/MIR	567	-	76	150064209	33744
chr1	150030465	150230465	harbor1	chr1	150116351	150116585	SINE/MIR	739	-	117	150116468	86003
chr1	150030465	150230465	harbor1	chr1	150127272	150127321	SINE/MIR	522	-	24	150127296	96831
chr1	150030465	150230465	harbor1	chr1	150127588	150127724	SINE/MIR	522	-	68	150127656	97191
chr1	57674615	57874615	harbor1	chr1	57678683	57678761	SINE/MIR	422	-	39	57678722	4107
chr1	57674615	57874615	harbor1	chr1	57679071	57679224	SINE/MIR	422	-	76	57679147	4532
chr1	57674615	57874615	harbor1	chr1	57679823	57680035	SINE/MIR	658	-	106	57679929	5314
chr1	57674615	57874615	harbor1	chr1	57714139	57714374	SINE/MIR	1033	-	118	57714257	39642
chr1	57674615	57874615	harbor1	chr1	57721422	57721658	SINE/MIR	927	-	118	57721540	46925
chr1	57674615	57874615	harbor1	chr1	57726601	57726834	SINE/MIR	683	-	116	57726717	52102
chr1	57674615	57874615	harbor1	chr1	57741284	57741505	SINE/MIR	516	-	110	57741394	66779
chr1	57674615	57874615	harbor1	chr1	57753916	57754108	SINE/MIR	423	-	96	57754012	79397
chr1	57674615	57874615	harbor1	chr1	57754341	57754403	SINE/MIR	403	-	31	57754372	79757
chr1	57674615	57874615	harbor1	chr1	57754734	57754853	SINE/MIR	403	-	60	57754794	80179
chr1	57674615	57874615	harbor1	chr1	57758192	57758385	SINE/MIR	418	-	96	57758288	83673
chr1	154830364	155030364	harbor1	chr1	154833532	154833709	SINE/MIR	407	-	88	154833620	3256
chr1	154830364	155030364	harbor1	chr1	154834637	154834839	SINE/MIR	491	-	101	154834738	4374
chr1	154830364	155030364	harbor1	chr1	154835747	154835892	SINE/MIR	414	-	72	154835819	5455
chr1	154830364	155030364	harbor1	chr1	154841272	154841330	SINE/MIR	543	-	29	154841301	10937
chr1	154830364	155030364	harbor1	chr1	154841507	154841664	SINE/MIR	543	-	78	154841585	11221
chr1	154830364	155030364	harbor1	chr1	154844575	154844723	SINE/MIR	414	-	74	154844649	14285
chr1	154830364	155030364	harbor1	chr1	154856600	154856834	SINE/MIR	494	-	117	154856717	26353
chr1	154830364	155030364	harbor1	chr1	154866372	154866494	SINE/MIR	411	-	61	154866433	36069
chr1	154830364	155030364	harbor1	chr1	154873691	154873832	SINE/MIR	436	-	70	154873761	43397
chr1	154830364	155030364	harbor1	chr1	154875721	154875968	SINE/MIR	505	-	124	154875845	45481
chr1	154830364	155030364	harbor1	chr1	154896405	154896609	SINE/MIR	471	-	102	154896507	66143
chr1	154830364	155030364	harbor1	chr1	154911402	154911536	SINE/MIR	442	-	67	154911469	81105
chr1	234926773	235126773	harbor1	chr1	234944742	234944954	SINE/MIR	569	-	106	234944848	18075
chr1	234926773	235126773	harbor1	chr1	234956789	234956972	SINE/MIR	426	-	92	234956881	30108
chr1	234926773	235126773	harbor1	chr1	234959993	234960214	SINE/MIR	411	-	110	234960103	33330
chr1	234926773	235126773	harbor1	chr1	234974174	234974368	SINE/MIR	638	-	97	234974271	47498
chr1	234926773	235126773	harbor1	chr1	234983606	234983797	SINE/MIR	482	-	96	234983702	56929
chr1	165787383	165987383	harbor1	chr1	165809222	165809402	SINE/MIR	522	-	90	165809312	21929
chr1	165787383	165987383	harbor1	chr1	165826648	165826844	SINE/MIR	823	-	98	165826746	39363
chr1	165787383	165987383	harbor1	chr1	165843956	165844174	SINE/MIR	614	-	109	165844065	56682
chr1	165787383	165987383	harbor1	chr1	165857095	165857246	SINE/MIR	427	-	76	165857171	69788
chr1	98296871	98496871	harbor1	chr1	98334095	98334314	SINE/MIR	601	-	110	98334205	37334
chr1	98296871	98496871	harbor1	chr1	98387429	98387664	SINE/MIR	411	-	118	98387547	90676
chr1	16387386	16587386	harbor1	chr1	16432889	16433060	SINE/MIR	488	-	86	16432975	45589
chr1	16387386	16587386	harbor1	chr1	16464074	16464201	SINE/MIR	651	-	64	16464138	76752
chr1	16387386	16587386	harbor1	chr1	16475621	16475746	SINE/MIR	428	-	62	16475683	88297
chr1	216654338	216854338	harbor1	chr1	216660356	216660535	SINE/MIR	635	-	90	216660446	6108
chr1	216654338	216854338	harbor1	chr1	216680181	216680389	SINE/MIR	855	-	104	216680285	25947
chr1	216654338	216854338	harbor1	chr1	216729950	216730115	SINE/MIR	430	-	82	216730032	75694
chr1	216654338	216854338	harbor1	chr1	216732171	216732377	SINE/MIR	403	-	103	216732274	77936
chr1	216654338	216854338	harbor1	chr1	216746072	216746305	SINE/MIR	452	-	116	216746188	91850
chr1	110937911	111137911	harbor1	chr1	110964941	110965146	SINE/MIR	598	-	102	110965043	27132
chr1	146999194	147199194	harbor1	chr1	147042635	147042771	SINE/MIR	412	-	68	147042703	43509
chr1	146999194	147199194	harbor1	chr1	147046232	147046432	SINE/MIR	425	-	100	147046332	47138
chr1	221487667	221687667	harbor1	chr1	221490276	221490524	SINE/MIR	614	-	124	221490400	2733
chr1	221487667	221687667	harbor1	chr1	221510441	221510682	SINE/MIR	567	-	120	221510561	22894
chr1	221487667	221687667	harbor1	chr1	221532443	221532658	SINE/MIR	663	-	108	221532551	44884
chr1	221487667	221687667	harbor1	chr1	221548531	221548775	SINE/MIR	558	-	122	221548653	60986
chr1	221487667	221687667	harbor1	chr1	221567516	221567754	SINE/MIR	604	-	119	221567635	79968
chr1	199229925	199429925	harbor1	chr1	199251487	199251731	SINE/MIR	595	-	122	199251609	21684
chr1	199229925	199429925	harbor1	chr1	199273150	199273361	SINE/MIR	682	-	106	199273256	43331
chr1	199229925	199429925	harbor1	chr1	199313213	199313412	SINE/MIR	725	-	100	199313313	83388
chr1	14714041	14914041	harbor1	chr1	14725555	14725743	SINE/MIR	403	-	94	14725649	11608
chr1	14714041	14914041	harbor1	chr1	14730449	14730648	SINE/MIR	606	-	100	14730549	16508
chr1	14714041	14914041	harbor1	chr1	14738724	14738890	SINE/MIR	571	-	83	14738807	24766
chr1	14714041	14914041	harbor1	chr1	14739196	14739207	SINE/MIR	571	-	6	14739202	25161
chr1	14714041	14914041	harbor1	chr1	14744226	14744379	SINE/MIR	667	-	76	14744302	30261
chr1	14714041	14914041	harbor1	chr1	14751408	14751666	SINE/MIR	629	-	129	14751537	37496
chr1	14714041	14914041	harbor1	chr1	14764804	14765018	SINE/MIR	560	-	107	14764911	50870
chr1	14714041	14914041	harbor1	chr1	14787236	14787442	SINE/MIR	691	-	103	14787339	73298
chr1	14714041	14914041	harbor1	chr1	14797922	14798142	SINE/MIR	727	-	110	14798032	83991
chr1	14714041	14914041	harbor1	chr1	14803113	14803335	SINE/MIR	562	-	111	14803224	89183
chr1	14714041	14914041	harbor1	chr1	14811530	14811643	SINE/MIR	467	-	56	14811586	97545
chr1	14714041	14914041	harbor1	chr1	14811811	14811944	SINE/MIR	467	-	66	14811877	97836
chr1	90358234	90558234	harbor1	chr1	90358706	90358860	SINE/MIR	507	-	77	90358783	549
chr1	90358234	90558234	harbor1	chr1	90358921	90359133	SINE/MIR	487	-	106	90359027	793
chr1	90358234	90558234	harbor1	chr1	90361342	90361552	SINE/MIR	576	-	105	90361447	3213
chr1	90358234	90558234	harbor1	chr1	90376610	90376764	SINE/MIR	433	-	77	90376687	18453
chr1	90358234	90558234	harbor1	chr1	90381002	90381204	SINE/MIR	1026	-	101	90381103	22869
chr1	90358234	90558234	harbor1	chr1	90381231	90381392	SINE/MIR	395	-	80	90381311	23077
chr1	90358234	90558234	harbor1	chr1	90418560	90418782	SINE/MIR	1011	-	111	90418671	60437
chr1	90358234	90558234	harbor1	chr1	90437515	90437768	SINE/MIR	544	-	126	90437641	79407
chr1	98857149	99057149	harbor1	chr1	98924124	98924268	SINE/MIR	452	-	72	98924196	67047
chr1	98857149	99057149	harbor1	chr1	98931292	98931528	SINE/MIR	842	-	118	98931410	74261
chr1	199266646	199466646	harbor1	chr1	199273150	199273361	SINE/MIR	682	-	106	199273256	6610
chr1	199266646	199466646	harbor1	chr1	199313213	199313412	SINE/MIR	725	-	100	199313313	46667
chr1	199266646	199466646	harbor1	chr1	199331599	199331799	SINE/MIR	496	-	100	199331699	65053
chr1	199266646	199466646	harbor1	chr1	199334723	199334926	SINE/MIR	589	-	102	199334825	68179
chr1	199266646	199466646	harbor1	chr1	199346454	199346662	SINE/MIR	488	-	104	199346558	79912
chr1	51722227	51922227	harbor1	chr1	51738926	51739122	SINE/MIR	535	-	98	51739024	16797
chr1	51722227	51922227	harbor1	chr1	51810685	51810927	SINE/MIR	451	-	121	51810806	88579
chr1	51722227	51922227	harbor1	chr1	51773343	51773561	SINE/MIR	539	-	109	51773452	51225
chr1	86387472	86587472	harbor1	chr1	86407215	86407355	SINE/MIR	731	-	70	86407285	19813
chr1	86387472	86587472	harbor1	chr1	86426597	86426794	SINE/MIR	550	-	98	86426695	39223
chr1	86387472	86587472	harbor1	chr1	86449203	86449390	SINE/MIR	676	-	94	86449297	61825
chr1	86387472	86587472	harbor1	chr1	86472996	86473215	SINE/MIR	570	-	110	86473106	85634
chr1	115090116	115290116	harbor1	chr1	115105396	115105574	SINE/MIR	524	-	89	115105485	15369
chr1	115090116	115290116	harbor1	chr1	115111954	115112219	SINE/MIR	546	-	132	115112086	21970
chr1	115090116	115290116	harbor1	chr1	115127569	115127749	SINE/MIR	596	-	90	115127659	37543
chr1	115090116	115290116	harbor1	chr1	115141669	115141821	SINE/MIR	403	-	76	115141745	51629
chr1	115090116	115290116	harbor1	chr1	115143371	115143528	SINE/MIR	407	-	78	115143449	53333
chr1	115090116	115290116	harbor1	chr1	115166728	115166870	SINE/MIR	526	-	71	115166799	76683
chr1	115090116	115290116	harbor1	chr1	115169374	115169552	SINE/MIR	448	-	89	115169463	79347
chr1	218310499	218510499	harbor1	chr1	218338091	218338311	SINE/MIR	622	-	110	218338201	27702
chr1	218310499	218510499	harbor1	chr1	218354461	218354598	SINE/MIR	476	-	68	218354529	44030
chr1	218310499	218510499	harbor1	chr1	218365007	218365208	SINE/MIR	445	-	100	218365107	54608
chr1	218310499	218510499	harbor1	chr1	218379945	218380131	SINE/MIR	589	-	93	218380038	69539
chr1	218310499	218510499	harbor1	chr1	218380846	218381015	SINE/MIR	571	-	84	218380930	70431
chr1	218310499	218510499	harbor1	chr1	218381136	218381246	SINE/MIR	504	-	55	218381191	70692
chr1	218310499	218510499	harbor1	chr1	218381553	218381639	SINE/MIR	504	-	43	218381596	71097
chr1	218310499	218510499	harbor1	chr1	218407535	218407802	SINE/MIR	572	-	134	218407669	97170
chr1	61929150	62129150	harbor1	chr1	61929493	61929681	SINE/MIR	632	-	94	61929587	437
chr1	61929150	62129150	harbor1	chr1	61971024	61971263	SINE/MIR	535	-	120	61971144	41994
chr1	61929150	62129150	harbor1	chr1	61991894	61992111	SINE/MIR	435	-	108	61992002	62852
chr1	61929150	62129150	harbor1	chr1	62015407	62015491	SINE/MIR	404	-	42	62015449	86299
chr1	209621836	209821836	harbor1	chr1	209626183	209626343	SINE/MIR	604	-	80	209626263	4427
chr1	209621836	209821836	harbor1	chr1	209628794	209629003	SINE/MIR	717	-	104	209628898	7062
chr1	209621836	209821836	harbor1	chr1	209641310	209641441	SINE/MIR	406	-	66	209641376	19540
chr1	209621836	209821836	harbor1	chr1	209644374	209644598	SINE/MIR	480	-	112	209644486	22650
chr1	209621836	209821836	harbor1	chr1	209648221	209648358	SINE/MIR	458	-	68	209648289	26453
chr1	209621836	209821836	harbor1	chr1	209656346	209656570	SINE/MIR	758	-	112	209656458	34622
chr1	209621836	209821836	harbor1	chr1	209670242	209670523	SINE/MIR	557	-	140	209670382	48546
chr1	209621836	209821836	harbor1	chr1	209687508	209687667	SINE/MIR	482	-	80	209687588	65752
chr1	49901335	50101335	harbor1	chr1	49907443	49907540	SINE/MIR	401	-	48	49907491	6156
chr1	49901335	50101335	harbor1	chr1	49907985	49908070	SINE/MIR	401	-	42	49908027	6692
chr1	49901335	50101335	harbor1	chr1	49912426	49912663	SINE/MIR	654	-	118	49912544	11209
chr1	49901335	50101335	harbor1	chr1	49962860	49962959	SINE/MIR	395	-	50	49962910	61575
chr1	49901335	50101335	harbor1	chr1	49972883	49973043	SINE/MIR	790	-	80	49972963	71628
chr1	234318168	234518168	harbor1	chr1	234367452	234367675	SINE/MIR	701	-	112	234367564	49396
chr1	234318168	234518168	harbor1	chr1	234374926	234375007	SINE/MIR	397	-	40	234374966	56798
chr1	234318168	234518168	harbor1	chr1	234375299	234375465	SINE/MIR	397	-	83	234375382	57214
chr1	14180074	14380074	harbor1	chr1	14190280	14190447	SINE/MIR	745	-	84	14190364	10290
chr1	14180074	14380074	harbor1	chr1	14198725	14198958	SINE/MIR	928	-	116	14198841	18767
chr1	14180074	14380074	harbor1	chr1	14202009	14202218	SINE/MIR	530	-	104	14202113	22039
chr1	14180074	14380074	harbor1	chr1	14228235	14228397	SINE/MIR	510	-	81	14228316	48242
chr1	14180074	14380074	harbor1	chr1	14230310	14230549	SINE/MIR	422	-	120	14230430	50356
chr1	14180074	14380074	harbor1	chr1	14255679	14255905	SINE/MIR	544	-	113	14255792	75718
chr1	14180074	14380074	harbor1	chr1	14260715	14260946	SINE/MIR	660	-	116	14260831	80757
chr1	53570730	53770730	harbor1	chr1	53581918	53582101	SINE/MIR	551	-	92	53582010	11280
chr1	53570730	53770730	harbor1	chr1	53585240	53585467	SINE/MIR	562	-	114	53585354	14624
chr1	53570730	53770730	harbor1	chr1	53585875	53586034	SINE/MIR	409	-	80	53585955	15225
chr1	53570730	53770730	harbor1	chr1	53586535	53586711	SINE/MIR	446	-	88	53586623	15893
chr1	53570730	53770730	harbor1	chr1	53590156	53590348	SINE/MIR	677	-	96	53590252	19522
chr1	53570730	53770730	harbor1	chr1	53601567	53601747	SINE/MIR	464	-	90	53601657	30927
chr1	53570730	53770730	harbor1	chr1	53619469	53619662	SINE/MIR	508	-	96	53619565	48835
chr1	53570730	53770730	harbor1	chr1	53619775	53619922	SINE/MIR	402	-	74	53619849	49119
chr1	53570730	53770730	harbor1	chr1	53627794	53627978	SINE/MIR	397	-	92	53627886	57156
chr1	53570730	53770730	harbor1	chr1	53640579	53640797	SINE/MIR	461	-	109	53640688	69958
chr1	53570730	53770730	harbor1	chr1	53645661	53645834	SINE/MIR	429	-	86	53645747	75017
chr1	53570730	53770730	harbor1	chr1	53655849	53656036	SINE/MIR	467	-	94	53655943	85213
chr1	53570730	53770730	harbor1	chr1	53659411	53659568	SINE/MIR	598	-	78	53659489	88759
chr1	53570730	53770730	harbor1	chr1	53662804	53663023	SINE/MIR	656	-	110	53662914	92184
chr1	53570730	53770730	harbor1	chr1	53665968	53666171	SINE/MIR	605	-	102	53666070	95340
chr1	95611964	95811964	harbor1	chr1	95622450	95622592	SINE/MIR	494	-	71	95622521	10557
chr1	95611964	95811964	harbor1	chr1	95624130	95624325	SINE/MIR	398	-	98	95624228	12264
chr1	95611964	95811964	harbor1	chr1	95641848	95642001	SINE/MIR	409	-	76	95641924	29960
chr1	95611964	95811964	harbor1	chr1	95642226	95642445	SINE/MIR	747	-	110	95642336	30372
chr1	179729439	179929439	harbor1	chr1	179745719	179745866	SINE/MIR	521	-	74	179745793	16354
chr1	179729439	179929439	harbor1	chr1	179786553	179786774	SINE/MIR	521	-	110	179786663	57224
chr1	179729439	179929439	harbor1	chr1	179790244	179790501	SINE/MIR	622	-	128	179790372	60933
chr1	179729439	179929439	harbor1	chr1	179801546	179801724	SINE/MIR	485	-	89	179801635	72196
chr1	207459715	207659715	harbor1	chr1	207465969	207466194	SINE/MIR	540	-	112	207466081	6366
chr1	207459715	207659715	harbor1	chr1	207476883	207477092	SINE/MIR	871	-	104	207476987	17272
chr1	207459715	207659715	harbor1	chr1	207503099	207503302	SINE/MIR	469	-	102	207503201	43486
chr1	49680967	49880967	harbor1	chr1	49690767	49691000	SINE/MIR	653	-	116	49690883	9916
chr1	49680967	49880967	harbor1	chr1	49692146	49692356	SINE/MIR	714	-	105	49692251	11284
chr1	49680967	49880967	harbor1	chr1	49698378	49698625	SINE/MIR	806	-	124	49698502	17535
chr1	49680967	49880967	harbor1	chr1	49714004	49714196	SINE/MIR	459	-	96	49714100	33133
chr1	176660658	176860658	harbor1	chr1	176663641	176663790	SINE/MIR	450	-	74	176663715	3057
chr1	176660658	176860658	harbor1	chr1	176689576	176689720	SINE/MIR	456	-	72	176689648	28990
chr1	176660658	176860658	harbor1	chr1	176706549	176706761	SINE/MIR	509	-	106	176706655	45997
chr1	176660658	176860658	harbor1	chr1	176707644	176707780	SINE/MIR	401	-	68	176707712	47054
chr1	176660658	176860658	harbor1	chr1	176723834	176724085	SINE/MIR	672	-	126	176723960	63302
chr1	176660658	176860658	harbor1	chr1	176758889	176759077	SINE/MIR	515	-	94	176758983	98325
chr1	150471267	150671267	harbor1	chr1	150548577	150548721	SINE/MIR	477	-	72	150548649	77382
chr1	40192911	40392911	harbor1	chr1	40199364	40199572	SINE/MIR	610	-	104	40199468	6557
chr1	40192911	40392911	harbor1	chr1	40208445	40208532	SINE/MIR	434	-	44	40208489	15578
chr1	40192911	40392911	harbor1	chr1	40208830	40208942	SINE/MIR	434	-	56	40208886	15975
chr1	40192911	40392911	harbor1	chr1	40255893	40256119	SINE/MIR	583	-	113	40256006	63095
chr1	40192911	40392911	harbor1	chr1	40263297	40263492	SINE/MIR	442	-	98	40263395	70484
chr1	40192911	40392911	harbor1	chr1	40278590	40278760	SINE/MIR	557	-	85	40278675	85764
chr1	85706262	85906262	harbor1	chr1	85726087	85726246	SINE/MIR	521	-	80	85726167	19905
chr1	55316616	55516616	harbor1	chr1	55317174	55317352	SINE/MIR	533	-	89	55317263	647
chr1	55316616	55516616	harbor1	chr1	55317650	55317877	SINE/MIR	571	-	114	55317764	1148
chr1	55316616	55516616	harbor1	chr1	55320583	55320836	SINE/MIR	631	-	126	55320709	4093
chr1	55316616	55516616	harbor1	chr1	55324466	55324651	SINE/MIR	748	-	92	55324558	7942
chr1	55316616	55516616	harbor1	chr1	55324932	55325001	SINE/MIR	748	-	34	55324966	8350
chr1	55316616	55516616	harbor1	chr1	55328635	55328690	SINE/MIR	533	-	28	55328663	12047
chr1	55316616	55516616	harbor1	chr1	55328837	55329029	SINE/MIR	533	-	96	55328933	12317
chr1	55316616	55516616	harbor1	chr1	55331757	55331967	SINE/MIR	794	-	105	55331862	15246
chr1	55316616	55516616	harbor1	chr1	55335957	55336093	SINE/MIR	404	-	68	55336025	19409
chr1	55316616	55516616	harbor1	chr1	55337610	55337738	SINE/MIR	436	-	64	55337674	21058
chr1	55316616	55516616	harbor1	chr1	55338434	55338507	SINE/MIR	436	-	36	55338470	21854
chr1	55316616	55516616	harbor1	chr1	55360021	55360224	SINE/MIR	519	-	102	55360123	43507
chr1	55316616	55516616	harbor1	chr1	55366326	55366556	SINE/MIR	585	-	115	55366441	49825
chr1	55316616	55516616	harbor1	chr1	55381341	55381566	SINE/MIR	647	-	112	55381453	64837
chr1	55316616	55516616	harbor1	chr1	55399008	55399152	SINE/MIR	582	-	72	55399080	82464
chr1	55316616	55516616	harbor1	chr1	55401580	55401702	SINE/MIR	464	-	61	55401641	85025
chr1	18576910	18776910	harbor1	chr1	18581063	18581279	SINE/MIR	612	-	108	18581171	4261
chr1	18576910	18776910	harbor1	chr1	18583174	18583371	SINE/MIR	513	-	98	18583272	6362
chr1	18576910	18776910	harbor1	chr1	18584439	18584756	SINE/MIR	969	-	158	18584597	7687
chr1	18576910	18776910	harbor1	chr1	18600844	18601024	SINE/MIR	422	-	90	18600934	24024
chr1	18576910	18776910	harbor1	chr1	18602221	18602426	SINE/MIR	511	-	102	18602323	25413
chr1	18576910	18776910	harbor1	chr1	18603974	18604131	SINE/MIR	469	-	78	18604052	27142
chr1	18576910	18776910	harbor1	chr1	18613301	18613418	SINE/MIR	483	-	58	18613359	36449
chr1	18576910	18776910	harbor1	chr1	18613863	18614053	SINE/MIR	677	-	95	18613958	37048
chr1	18576910	18776910	harbor1	chr1	18615438	18615583	SINE/MIR	470	-	72	18615510	38600
chr1	18576910	18776910	harbor1	chr1	18619506	18619737	SINE/MIR	631	-	116	18619622	42712
chr1	18576910	18776910	harbor1	chr1	18652836	18653048	SINE/MIR	538	-	106	18652942	76032
chr1	18576910	18776910	harbor1	chr1	18653704	18653835	SINE/MIR	494	-	66	18653770	76860
chr1	18576910	18776910	harbor1	chr1	18654753	18654933	SINE/MIR	603	-	90	18654843	77933
chr1	18576910	18776910	harbor1	chr1	18664137	18664264	SINE/MIR	578	-	64	18664201	87291
chr1	18576910	18776910	harbor1	chr1	18664515	18664682	SINE/MIR	415	-	84	18664599	87689
chr1	246881890	247081890	harbor1	chr1	246882891	246883018	SINE/MIR	403	-	64	246882955	1065
chr1	246881890	247081890	harbor1	chr1	246901982	246902133	SINE/MIR	397	-	76	246902058	20168
chr1	246881890	247081890	harbor1	chr1	246973653	246973841	SINE/MIR	532	-	94	246973747	91857
chr1	103976521	104176521	harbor1	chr1	103997257	103997501	SINE/MIR	601	-	122	103997379	20858
chr1	103976521	104176521	harbor1	chr1	104033611	104033808	SINE/MIR	420	-	98	104033709	57188
chr1	108162342	108362342	harbor1	chr1	108171727	108171953	SINE/MIR	725	-	113	108171840	9498
chr1	108162342	108362342	harbor1	chr1	108217051	108217230	SINE/MIR	451	-	90	108217141	54799
chr1	108162342	108362342	harbor1	chr1	108242754	108242900	SINE/MIR	547	-	73	108242827	80485
chr1	110012496	110212496	harbor1	chr1	110039971	110040114	SINE/MIR	457	-	72	110040043	27547
chr1	110012496	110212496	harbor1	chr1	110056230	110056475	SINE/MIR	753	-	122	110056352	43856
chr1	110012496	110212496	harbor1	chr1	110076875	110077006	SINE/MIR	489	-	66	110076941	64445
chr1	110012496	110212496	harbor1	chr1	110077527	110077617	SINE/MIR	489	-	45	110077572	65076
chr1	110012496	110212496	harbor1	chr1	110078034	110078223	SINE/MIR	411	-	94	110078128	65632
chr1	110012496	110212496	harbor1	chr1	110079107	110079291	SINE/MIR	734	-	92	110079199	66703
chr1	110012496	110212496	harbor1	chr1	110081534	110081585	SINE/MIR	398	-	26	110081560	69064
chr1	110012496	110212496	harbor1	chr1	110082082	110082173	SINE/MIR	398	-	46	110082128	69632
chr1	110012496	110212496	harbor1	chr1	110092787	110093031	SINE/MIR	1017	-	122	110092909	80413
chr1	202516063	202716063	harbor1	chr1	202520144	202520331	SINE/MIR	586	-	94	202520238	4175
chr1	202516063	202716063	harbor1	chr1	202534994	202535041	SINE/MIR	407	-	24	202535018	18955
chr1	202516063	202716063	harbor1	chr1	202535083	202535247	SINE/MIR	407	-	82	202535165	19102
chr1	202516063	202716063	harbor1	chr1	202542304	202542455	SINE/MIR	648	-	76	202542380	26317
chr1	202516063	202716063	harbor1	chr1	202547945	202548202	SINE/MIR	610	-	128	202548073	32010
chr1	202516063	202716063	harbor1	chr1	202576731	202576958	SINE/MIR	563	-	114	202576845	60782
chr1	202516063	202716063	harbor1	chr1	202599702	202599833	SINE/MIR	418	-	66	202599768	83705
chr1	202516063	202716063	harbor1	chr1	202600964	202601185	SINE/MIR	441	-	110	202601074	85011
chr1	202516063	202716063	harbor1	chr1	202601603	202601826	SINE/MIR	629	-	112	202601715	85652
chr1	202516063	202716063	harbor1	chr1	202606124	202606317	SINE/MIR	838	-	96	202606220	90157
chr1	111709759	111909759	harbor1	chr1	111722884	111723082	SINE/MIR	561	-	99	111722983	13224
chr1	111709759	111909759	harbor1	chr1	111728291	111728504	SINE/MIR	633	-	106	111728397	18638
chr1	111709759	111909759	harbor1	chr1	111735328	111735588	SINE/MIR	699	-	130	111735458	25699
chr1	111709759	111909759	harbor1	chr1	111747010	111747153	SINE/MIR	412	-	72	111747082	37323
chr1	111709759	111909759	harbor1	chr1	111763072	111763243	SINE/MIR	708	-	86	111763158	53399
chr1	111709759	111909759	harbor1	chr1	111787745	111787950	SINE/MIR	474	-	102	111787847	78088
chr1	111709759	111909759	harbor1	chr1	111792200	111792418	SINE/MIR	460	-	109	111792309	82550
chr1	111709759	111909759	harbor1	chr1	111794767	111794950	SINE/MIR	703	-	92	111794859	85100
chr1	111709759	111909759	harbor1	chr1	111795443	111795604	SINE/MIR	579	-	80	111795523	85764
chr1	111709759	111909759	harbor1	chr1	111804654	111804889	SINE/MIR	835	-	118	111804772	95013
chr1	198218231	198418231	harbor1	chr1	198238538	198238762	SINE/MIR	746	-	112	198238650	20419
chr1	198218231	198418231	harbor1	chr1	198273853	198274006	SINE/MIR	469	-	76	198273929	55698
chr1	198218231	198418231	harbor1	chr1	198318132	198318301	SINE/MIR	466	-	84	198318216	99985
chr1	31466198	31666198	harbor1	chr1	31503289	31503467	SINE/MIR	396	-	89	31503378	37180
chr1	31466198	31666198	harbor1	chr1	31516832	31517022	SINE/MIR	624	-	95	31516927	50729
chr1	31466198	31666198	harbor1	chr1	31563922	31564074	SINE/MIR	509	-	76	31563998	97800
chr1	193475728	193675728	harbor1	chr1	193550496	193550701	SINE/MIR	557	-	102	193550598	74870
chr1	193475728	193675728	harbor1	chr1	193551013	193551041	SINE/MIR	413	-	14	193551027	75299
chr1	91655636	91855636	harbor1	chr1	91707095	91707292	SINE/MIR	423	-	98	91707193	51557
chr1	91655636	91855636	harbor1	chr1	91721196	91721404	SINE/MIR	506	-	104	91721300	65664
chr1	91655636	91855636	harbor1	chr1	91727379	91727501	SINE/MIR	407	-	61	91727440	71804
chr1	91655636	91855636	harbor1	chr1	91746742	91746896	SINE/MIR	420	-	77	91746819	91183
chr1	91655636	91855636	harbor1	chr1	91751932	91752112	SINE/MIR	730	-	90	91752022	96386
chr1	66360768	66560768	harbor1	chr1	66395367	66395507	SINE/MIR	413	-	70	66395437	34669
chr1	66360768	66560768	harbor1	chr1	66404286	66404499	SINE/MIR	581	-	106	66404392	43624
chr1	181217203	181417203	harbor1	chr1	181221720	181221851	SINE/MIR	436	-	66	181221786	4583
chr1	181217203	181417203	harbor1	chr1	181264372	181264509	SINE/MIR	635	-	68	181264440	47237
chr1	181217203	181417203	harbor1	chr1	181306796	181306934	SINE/MIR	461	-	69	181306865	89662
chr1	181217203	181417203	harbor1	chr1	181311337	181311548	SINE/MIR	674	-	106	181311443	94240
chr1	181217203	181417203	harbor1	chr1	181314694	181314865	SINE/MIR	437	-	86	181314780	97577
chr1	49172083	49372083	harbor1	chr1	49173200	49173460	SINE/MIR	615	-	130	49173330	1247
chr1	49172083	49372083	harbor1	chr1	49180449	49180570	SINE/MIR	436	-	60	49180509	8426
chr1	49172083	49372083	harbor1	chr1	49184991	49185169	SINE/MIR	447	-	89	49185080	12997
chr1	49172083	49372083	harbor1	chr1	49189468	49189582	SINE/MIR	417	-	57	49189525	17442
chr1	49172083	49372083	harbor1	chr1	49199071	49199297	SINE/MIR	570	-	113	49199184	27101
chr1	49172083	49372083	harbor1	chr1	49208075	49208295	SINE/MIR	637	-	110	49208185	36102
chr1	49172083	49372083	harbor1	chr1	49211902	49212122	SINE/MIR	833	-	110	49212012	39929
chr1	49172083	49372083	harbor1	chr1	49225928	49226124	SINE/MIR	543	-	98	49226026	53943
chr1	49172083	49372083	harbor1	chr1	49229925	49230098	SINE/MIR	427	-	86	49230011	57928
chr1	49172083	49372083	harbor1	chr1	49246981	49247102	SINE/MIR	403	-	60	49247041	74958
chr1	49172083	49372083	harbor1	chr1	49248379	49248542	SINE/MIR	400	-	82	49248461	76378
chr1	53768516	53968516	harbor1	chr1	53779182	53779331	SINE/MIR	509	-	74	53779256	10740
chr1	53768516	53968516	harbor1	chr1	53819375	53819635	SINE/MIR	829	-	130	53819505	50989
chr1	53768516	53968516	harbor1	chr1	53858464	53858635	SINE/MIR	429	-	86	53858550	90034
chr1	53768516	53968516	harbor1	chr1	53860357	53860570	SINE/MIR	705	-	106	53860463	91947
chr1	53768516	53968516	harbor1	chr1	53862095	53862326	SINE/MIR	491	-	116	53862211	93695
chr1	53768516	53968516	harbor1	chr1	53864826	53865046	SINE/MIR	711	-	110	53864936	96420
chr1	163412508	163612508	harbor1	chr1	163438889	163439092	SINE/MIR	435	-	102	163438991	26483
chr1	163412508	163612508	harbor1	chr1	163453521	163453769	SINE/MIR	663	-	124	163453645	41137
chr1	163412508	163612508	harbor1	chr1	163466896	163467100	SINE/MIR	669	-	102	163466998	54490
chr1	175893864	176093864	harbor1	chr1	175966344	175966536	SINE/MIR	635	-	96	175966440	72576
chr1	175893864	176093864	harbor1	chr1	175979990	175980241	SINE/MIR	798	-	126	175980116	86252
chr1	175893864	176093864	harbor1	chr1	175963998	175964225	SINE/MIR	737	-	114	175964112	70248
chr1	102971453	103171453	harbor1	chr1	103054928	103055160	SINE/MIR	621	-	116	103055044	83591
chr1	117850570	118050570	harbor1	chr1	117853611	117853793	SINE/MIR	470	-	91	117853702	3132
chr1	117850570	118050570	harbor1	chr1	117854924	117855161	SINE/MIR	660	-	118	117855042	4472
chr1	117850570	118050570	harbor1	chr1	117870833	117871080	SINE/MIR	743	-	124	117870957	20387
chr1	117850570	118050570	harbor1	chr1	117879519	117879761	SINE/MIR	863	-	121	117879640	29070
chr1	117850570	118050570	harbor1	chr1	117882357	117882506	SINE/MIR	398	-	74	117882431	31861
chr1	117850570	118050570	harbor1	chr1	117917540	117917665	SINE/MIR	498	-	62	117917602	67032
chr1	117850570	118050570	harbor1	chr1	117941490	117941659	SINE/MIR	521	-	84	117941574	91004
chr1	117850570	118050570	harbor1	chr1	117947588	117947770	SINE/MIR	456	-	91	117947679	97109
chr1	59514821	59714821	harbor1	chr1	59519677	59519895	SINE/MIR	504	-	109	59519786	4965
chr1	59514821	59714821	harbor1	chr1	59521584	59521783	SINE/MIR	432	-	100	59521684	6863
chr1	59514821	59714821	harbor1	chr1	59546153	59546333	SINE/MIR	523	-	90	59546243	31422
chr1	59514821	59714821	harbor1	chr1	59548411	59548514	SINE/MIR	454	-	52	59548463	33642
chr1	59514821	59714821	harbor1	chr1	59561600	59561812	SINE/MIR	480	-	106	59561706	46885
chr1	59514821	59714821	harbor1	chr1	59565170	59565286	SINE/MIR	474	-	58	59565228	50407
chr1	59514821	59714821	harbor1	chr1	59565584	59565644	SINE/MIR	474	-	30	59565614	50793
chr1	59514821	59714821	harbor1	chr1	59569719	59569918	SINE/MIR	489	-	100	59569819	54998
chr1	59514821	59714821	harbor1	chr1	59600652	59600851	SINE/MIR	411	-	100	59600752	85931
chr1	59514821	59714821	harbor1	chr1	59603472	59603698	SINE/MIR	480	-	113	59603585	88764
chr1	26059916	26259916	harbor1	chr1	26061672	26061772	SINE/MIR	456	-	50	26061722	1806
chr1	26059916	26259916	harbor1	chr1	26070136	26070361	SINE/MIR	803	-	112	26070248	10332
chr1	26059916	26259916	harbor1	chr1	26072643	26072827	SINE/MIR	721	-	92	26072735	12819
chr1	26059916	26259916	harbor1	chr1	26072832	26073030	SINE/MIR	697	-	99	26072931	13015
chr1	26059916	26259916	harbor1	chr1	26074591	26074708	SINE/MIR	418	-	58	26074649	14733
chr1	26059916	26259916	harbor1	chr1	26074889	26075009	SINE/MIR	418	-	60	26074949	15033
chr1	26059916	26259916	harbor1	chr1	26077604	26077743	SINE/MIR	664	-	70	26077674	17758
chr1	26059916	26259916	harbor1	chr1	26082200	26082331	SINE/MIR	398	-	66	26082266	22350
chr1	26059916	26259916	harbor1	chr1	26086727	26086948	SINE/MIR	760	-	110	26086837	26921
chr1	26059916	26259916	harbor1	chr1	26094553	26094769	SINE/MIR	704	-	108	26094661	34745
chr1	26059916	26259916	harbor1	chr1	26103278	26103428	SINE/MIR	639	-	75	26103353	43437
chr1	26059916	26259916	harbor1	chr1	26115119	26115362	SINE/MIR	560	-	122	26115241	55325
chr1	26059916	26259916	harbor1	chr1	26139950	26140192	SINE/MIR	828	-	121	26140071	80155
chr1	26059916	26259916	harbor1	chr1	26150317	26150467	SINE/MIR	523	-	75	26150392	90476
chr1	227402611	227602611	harbor1	chr1	227417268	227417475	SINE/MIR	479	-	104	227417372	14761
chr1	227402611	227602611	harbor1	chr1	227420502	227420690	SINE/MIR	516	-	94	227420596	17985
chr1	227402611	227602611	harbor1	chr1	227421735	227421957	SINE/MIR	673	-	111	227421846	19235
chr1	103298242	103498242	harbor1	chr1	103308975	103309166	SINE/MIR	633	-	96	103309071	10829
chr1	103298242	103498242	harbor1	chr1	103361421	103361610	SINE/MIR	396	-	94	103361515	63273
chr1	60147330	60347330	harbor1	chr1	60149574	60149788	SINE/MIR	417	-	107	60149681	2351
chr1	60147330	60347330	harbor1	chr1	60152119	60152361	SINE/MIR	889	-	121	60152240	4910
chr1	60147330	60347330	harbor1	chr1	60155110	60155284	SINE/MIR	553	-	87	60155197	7867
chr1	60147330	60347330	harbor1	chr1	60171617	60171831	SINE/MIR	672	-	107	60171724	24394
chr1	60147330	60347330	harbor1	chr1	60194527	60194641	SINE/MIR	411	-	57	60194584	47254
chr1	60147330	60347330	harbor1	chr1	60204439	60204624	SINE/MIR	544	-	92	60204531	57201
chr1	60147330	60347330	harbor1	chr1	60221152	60221315	SINE/MIR	460	-	82	60221234	73904
chr1	60147330	60347330	harbor1	chr1	60226325	60226518	SINE/MIR	415	-	96	60226421	79091
chr1	60147330	60347330	harbor1	chr1	60233107	60233343	SINE/MIR	695	-	118	60233225	85895
chr1	60147330	60347330	harbor1	chr1	60242753	60242926	SINE/MIR	652	-	86	60242839	95509
chr1	107817780	108017780	harbor1	chr1	107864962	107865186	SINE/MIR	406	-	112	107865074	47294
chr1	107817780	108017780	harbor1	chr1	107869430	107869643	SINE/MIR	532	-	106	107869536	51756
chr1	107817780	108017780	harbor1	chr1	107880887	107881101	SINE/MIR	591	-	107	107880994	63214
chr1	107817780	108017780	harbor1	chr1	107885675	107885834	SINE/MIR	586	-	80	107885755	67975
chr1	107817780	108017780	harbor1	chr1	107895445	107895591	SINE/MIR	610	-	73	107895518	77738
chr1	107817780	108017780	harbor1	chr1	107899630	107899852	SINE/MIR	416	-	111	107899741	81961
chr1	107817780	108017780	harbor1	chr1	107910005	107910215	SINE/MIR	908	-	105	107910110	92330
chr1	29020983	29220983	harbor1	chr1	29044153	29044308	SINE/MIR	542	-	78	29044231	23248
chr1	29020983	29220983	harbor1	chr1	29107218	29107313	SINE/MIR	459	-	48	29107266	86283
chr1	92885729	93085729	harbor1	chr1	92887739	92887900	SINE/MIR	530	-	80	92887819	2090
chr1	92885729	93085729	harbor1	chr1	92935057	92935211	SINE/MIR	486	-	77	92935134	49405
chr1	52385685	52585685	harbor1	chr1	52388753	52388965	SINE/MIR	810	-	106	52388859	3174
chr1	52385685	52585685	harbor1	chr1	52397913	52397967	SINE/MIR	509	-	27	52397940	12255
chr1	52385685	52585685	harbor1	chr1	52398564	52398577	SINE/MIR	509	-	6	52398570	12885
chr1	52385685	52585685	harbor1	chr1	52398885	52398999	SINE/MIR	509	-	57	52398942	13257
chr1	52385685	52585685	harbor1	chr1	52406729	52406916	SINE/MIR	775	-	94	52406823	21138
chr1	52385685	52585685	harbor1	chr1	52407354	52407562	SINE/MIR	546	-	104	52407458	21773
chr1	52385685	52585685	harbor1	chr1	52430717	52430901	SINE/MIR	728	-	92	52430809	45124
chr1	52385685	52585685	harbor1	chr1	52438591	52438752	SINE/MIR	447	-	80	52438671	52986
chr1	184758351	184958351	harbor1	chr1	184765988	184766161	SINE/MIR	418	-	86	184766074	7723
chr1	184758351	184958351	harbor1	chr1	184787251	184787394	SINE/MIR	460	-	72	184787323	28972
chr1	184758351	184958351	harbor1	chr1	184832442	184832679	SINE/MIR	809	-	118	184832560	74209
chr1	184758351	184958351	harbor1	chr1	184837360	184837553	SINE/MIR	453	-	96	184837456	79105
chr1	184758351	184958351	harbor1	chr1	184839059	184839236	SINE/MIR	410	-	88	184839147	80796
chr1	184758351	184958351	harbor1	chr1	184844399	184844579	SINE/MIR	401	-	90	184844489	86138
chr1	205904320	206104320	harbor1	chr1	205919780	205919976	SINE/MIR	530	-	98	205919878	15558
chr1	205904320	206104320	harbor1	chr1	205925970	205926083	SINE/MIR	398	-	56	205926026	21706
chr1	205904320	206104320	harbor1	chr1	205926175	205926410	SINE/MIR	490	-	118	205926293	21973
chr1	205904320	206104320	harbor1	chr1	205928133	205928341	SINE/MIR	525	-	104	205928237	23917
chr1	205904320	206104320	harbor1	chr1	205947742	205947924	SINE/MIR	438	-	91	205947833	43513
chr1	205904320	206104320	harbor1	chr1	205960992	205961159	SINE/MIR	485	-	84	205961076	56756
chr1	205904320	206104320	harbor1	chr1	205963694	205963902	SINE/MIR	593	-	104	205963798	59478
chr1	205904320	206104320	harbor1	chr1	205969807	205969959	SINE/MIR	478	-	76	205969883	65563
chr1	205904320	206104320	harbor1	chr1	205982495	205982710	SINE/MIR	608	-	108	205982603	78283
chr1	205904320	206104320	harbor1	chr1	205986251	205986454	SINE/MIR	820	-	102	205986353	82033
chr1	205904320	206104320	harbor1	chr1	205998856	205999079	SINE/MIR	485	-	112	205998968	94648
chr1	50806559	51006559	harbor1	chr1	50834439	50834626	SINE/MIR	417	-	94	50834533	27974
chr1	187132721	187332721	harbor1	chr1	187136771	187136984	SINE/MIR	504	-	106	187136877	4156
chr1	187132721	187332721	harbor1	chr1	187143762	187143898	SINE/MIR	444	-	68	187143830	11109
chr1	187132721	187332721	harbor1	chr1	187161973	187162220	SINE/MIR	420	-	124	187162097	29376
chr1	187132721	187332721	harbor1	chr1	187189617	187189794	SINE/MIR	521	-	88	187189705	56984
chr1	187132721	187332721	harbor1	chr1	187226065	187226175	SINE/MIR	398	-	55	187226120	93399
chr1	5448447	5648447	harbor1	chr1	5470942	5471142	SINE/MIR	459	-	100	5471042	22595
chr1	5448447	5648447	harbor1	chr1	5480897	5481059	SINE/MIR	443	-	81	5480978	32531
chr1	236545939	236745939	harbor1	chr1	236557555	236557755	SINE/MIR	496	-	100	236557655	11716
chr1	236545939	236745939	harbor1	chr1	236559229	236559412	SINE/MIR	408	-	92	236559321	13382
chr1	236545939	236745939	harbor1	chr1	236571061	236571254	SINE/MIR	572	-	96	236571157	25218
chr1	236545939	236745939	harbor1	chr1	236617857	236617991	SINE/MIR	435	-	67	236617924	71985
chr1	146538911	146738911	harbor1	chr1	146555139	146555365	SINE/MIR	1068	-	113	146555252	16341
chr1	146538911	146738911	harbor1	chr1	146565216	146565420	SINE/MIR	504	-	102	146565318	26407
chr1	146538911	146738911	harbor1	chr1	146567777	146567940	SINE/MIR	471	-	82	146567859	28948
chr1	146538911	146738911	harbor1	chr1	146580398	146580623	SINE/MIR	405	-	112	146580510	41599
chr1	146538911	146738911	harbor1	chr1	146607593	146607802	SINE/MIR	515	-	104	146607697	68786
chr1	146538911	146738911	harbor1	chr1	146620502	146620740	SINE/MIR	996	-	119	146620621	81710
chr1	144643139	144843139	harbor1	chr1	144694260	144694461	SINE/MIR	774	-	100	144694360	51221
chr1	144643139	144843139	harbor1	chr1	144694683	144694851	SINE/MIR	409	-	84	144694767	51628
chr1	144643139	144843139	harbor1	chr1	144695057	144695108	SINE/MIR	409	-	26	144695083	51944
chr1	144643139	144843139	harbor1	chr1	144698062	144698215	SINE/MIR	406	-	76	144698138	54999
chr1	144643139	144843139	harbor1	chr1	144701515	144701684	SINE/MIR	416	-	84	144701599	58460
chr1	144643139	144843139	harbor1	chr1	144702765	144702913	SINE/MIR	476	-	74	144702839	59700
chr1	144643139	144843139	harbor1	chr1	144704198	144704445	SINE/MIR	691	-	124	144704322	61183
chr1	144643139	144843139	harbor1	chr1	144705554	144705722	SINE/MIR	432	-	84	144705638	62499
chr1	91130897	91330897	harbor1	chr1	91141284	91141509	SINE/MIR	701	-	112	91141396	10499
chr1	91130897	91330897	harbor1	chr1	91164090	91164331	SINE/MIR	691	-	120	91164210	33313
chr1	91130897	91330897	harbor1	chr1	91169791	91170030	SINE/MIR	796	-	120	91169911	39014
chr1	184789190	184989190	harbor1	chr1	184832442	184832679	SINE/MIR	809	-	118	184832560	43370
chr1	184789190	184989190	harbor1	chr1	184837360	184837553	SINE/MIR	453	-	96	184837456	48266
chr1	184789190	184989190	harbor1	chr1	184839059	184839236	SINE/MIR	410	-	88	184839147	49957
chr1	184789190	184989190	harbor1	chr1	184844399	184844579	SINE/MIR	401	-	90	184844489	55299
chr1	184789190	184989190	harbor1	chr1	184860564	184860814	SINE/MIR	567	-	125	184860689	71499
chr1	228153397	228353397	harbor1	chr1	228243562	228243757	SINE/MIR	484	-	98	228243660	90263
chr1	228153397	228353397	harbor1	chr1	228245796	228245990	SINE/MIR	403	-	97	228245893	92496
chr1	234880125	235080125	harbor1	chr1	234880508	234880724	SINE/MIR	792	-	108	234880616	491
chr1	234880125	235080125	harbor1	chr1	234889557	234889732	SINE/MIR	419	-	88	234889645	9520
chr1	234880125	235080125	harbor1	chr1	234892048	234892243	SINE/MIR	410	-	98	234892146	12021
chr1	234880125	235080125	harbor1	chr1	234893825	234893988	SINE/MIR	404	-	82	234893907	13782
chr1	234880125	235080125	harbor1	chr1	234896544	234896755	SINE/MIR	651	-	106	234896650	16525
chr1	234880125	235080125	harbor1	chr1	234897884	234898105	SINE/MIR	622	-	110	234897994	17869
chr1	234880125	235080125	harbor1	chr1	234898521	234898701	SINE/MIR	439	-	90	234898611	18486
chr1	234880125	235080125	harbor1	chr1	234906444	234906633	SINE/MIR	604	-	94	234906538	26413
chr1	234880125	235080125	harbor1	chr1	234944742	234944954	SINE/MIR	569	-	106	234944848	64723
chr1	234880125	235080125	harbor1	chr1	234956789	234956972	SINE/MIR	426	-	92	234956881	76756
chr1	234880125	235080125	harbor1	chr1	234959993	234960214	SINE/MIR	411	-	110	234960103	79978
chr1	234880125	235080125	harbor1	chr1	234974174	234974368	SINE/MIR	638	-	97	234974271	94146
chr1	246725797	246925797	harbor1	chr1	246732759	246732988	SINE/MIR	726	-	114	246732873	7076
chr1	246725797	246925797	harbor1	chr1	246736804	246737024	SINE/MIR	484	-	110	246736914	11117
chr1	246725797	246925797	harbor1	chr1	246760306	246760519	SINE/MIR	861	-	106	246760412	34615
chr1	246725797	246925797	harbor1	chr1	246771375	246771571	SINE/MIR	510	-	98	246771473	45676
chr1	246725797	246925797	harbor1	chr1	246808380	246808564	SINE/MIR	462	-	92	246808472	82675
chr1	163245512	163445512	harbor1	chr1	163320276	163320530	SINE/MIR	772	-	127	163320403	74891
chr1	57953272	58153272	harbor1	chr1	57954795	57954948	SINE/MIR	474	-	76	57954871	1599
chr1	57953272	58153272	harbor1	chr1	57964353	57964531	SINE/MIR	445	-	89	57964442	11170
chr1	57953272	58153272	harbor1	chr1	57985882	57986033	SINE/MIR	545	-	76	57985958	32686
chr1	57953272	58153272	harbor1	chr1	57986831	57987075	SINE/MIR	666	-	122	57986953	33681
chr1	57953272	58153272	harbor1	chr1	57987345	57987572	SINE/MIR	496	-	114	57987459	34187
chr1	57953272	58153272	harbor1	chr1	57990263	57990375	SINE/MIR	427	-	56	57990319	37047
chr1	57953272	58153272	harbor1	chr1	57992902	57993122	SINE/MIR	434	-	110	57993012	39740
chr1	57953272	58153272	harbor1	chr1	58004121	58004352	SINE/MIR	450	-	116	58004237	50965
chr1	57953272	58153272	harbor1	chr1	58005772	58006012	SINE/MIR	726	-	120	58005892	52620
chr1	57953272	58153272	harbor1	chr1	58008078	58008279	SINE/MIR	669	-	100	58008178	54906
chr1	57953272	58153272	harbor1	chr1	58009879	58010086	SINE/MIR	779	-	104	58009983	56711
chr1	57953272	58153272	harbor1	chr1	58010130	58010256	SINE/MIR	399	-	63	58010193	56921
chr1	57953272	58153272	harbor1	chr1	58011391	58011545	SINE/MIR	525	-	77	58011468	58196
chr1	57953272	58153272	harbor1	chr1	58013976	58014233	SINE/MIR	574	-	128	58014104	60832
chr1	57953272	58153272	harbor1	chr1	58016885	58017117	SINE/MIR	444	-	116	58017001	63729
chr1	57953272	58153272	harbor1	chr1	58019490	58019726	SINE/MIR	616	-	118	58019608	66336
chr1	57953272	58153272	harbor1	chr1	58021292	58021486	SINE/MIR	761	-	97	58021389	68117
chr1	57953272	58153272	harbor1	chr1	58028086	58028149	SINE/MIR	431	-	32	58028118	74846
chr1	57953272	58153272	harbor1	chr1	58028793	58028934	SINE/MIR	431	-	70	58028863	75591
chr1	57953272	58153272	harbor1	chr1	58035430	58035629	SINE/MIR	526	-	100	58035530	82258
chr1	57953272	58153272	harbor1	chr1	58036144	58036360	SINE/MIR	739	-	108	58036252	82980
chr1	57953272	58153272	harbor1	chr1	58041414	58041662	SINE/MIR	523	-	124	58041538	88266
chr1	57953272	58153272	harbor1	chr1	58044867	58045021	SINE/MIR	454	-	77	58044944	91672
chr1	57953272	58153272	harbor1	chr1	57982822	57983054	SINE/MIR	579	-	116	57982938	29666
chr1	63234272	63434272	harbor1	chr1	63247111	63247365	SINE/MIR	712	-	127	63247238	12966
chr1	63234272	63434272	harbor1	chr1	63259857	63260091	SINE/MIR	671	-	117	63259974	25702
chr1	63234272	63434272	harbor1	chr1	63266583	63266685	SINE/MIR	464	-	51	63266634	32362
chr1	63234272	63434272	harbor1	chr1	63272643	63272840	SINE/MIR	502	-	98	63272741	38469
chr1	63234272	63434272	harbor1	chr1	63313041	63313219	SINE/MIR	770	-	89	63313130	78858
chr1	147973195	148173195	harbor1	chr1	147995124	147995312	SINE/MIR	540	-	94	147995218	22023
chr1	147973195	148173195	harbor1	chr1	148035939	148036163	SINE/MIR	491	-	112	148036051	62856
chr1	20233635	20433635	harbor1	chr1	20233459	20233683	SINE/MIR	828	-	112	20233571	64
chr1	20233635	20433635	harbor1	chr1	20254098	20254326	SINE/MIR	592	-	114	20254212	20577
chr1	20233635	20433635	harbor1	chr1	20259455	20259590	SINE/MIR	417	-	68	20259523	25888
chr1	20233635	20433635	harbor1	chr1	20261619	20261769	SINE/MIR	550	-	75	20261694	28059
chr1	20233635	20433635	harbor1	chr1	20265649	20265856	SINE/MIR	572	-	104	20265753	32118
chr1	20233635	20433635	harbor1	chr1	20266626	20266773	SINE/MIR	657	-	74	20266700	33065
chr1	20233635	20433635	harbor1	chr1	20267408	20267564	SINE/MIR	399	-	78	20267486	33851
chr1	20233635	20433635	harbor1	chr1	20277581	20277724	SINE/MIR	481	-	72	20277653	44018
chr1	20233635	20433635	harbor1	chr1	20287201	20287399	SINE/MIR	774	-	99	20287300	53665
chr1	20233635	20433635	harbor1	chr1	20298527	20298711	SINE/MIR	468	-	92	20298619	64984
chr1	20233635	20433635	harbor1	chr1	20312304	20312471	SINE/MIR	580	-	84	20312388	78753
chr1	20233635	20433635	harbor1	chr1	20323015	20323176	SINE/MIR	642	-	80	20323095	89460
chr1	20233635	20433635	harbor1	chr1	20323832	20324045	SINE/MIR	533	-	106	20323938	90303
chr1	20233635	20433635	harbor1	chr1	20325016	20325196	SINE/MIR	399	-	90	20325106	91471
chr1	176884080	177084080	harbor1	chr1	176895355	176895502	SINE/MIR	440	-	74	176895429	11349
chr1	176884080	177084080	harbor1	chr1	176914102	176914235	SINE/MIR	400	-	66	176914168	30088
chr1	176884080	177084080	harbor1	chr1	176923255	176923442	SINE/MIR	425	-	94	176923349	39269
chr1	176884080	177084080	harbor1	chr1	176936526	176936676	SINE/MIR	497	-	75	176936601	52521
chr1	176884080	177084080	harbor1	chr1	176942173	176942394	SINE/MIR	873	-	110	176942283	58203
chr1	176884080	177084080	harbor1	chr1	176943326	176943492	SINE/MIR	420	-	83	176943409	59329
chr1	176884080	177084080	harbor1	chr1	176950160	176950408	SINE/MIR	739	-	124	176950284	66204
chr1	176884080	177084080	harbor1	chr1	176951865	176952077	SINE/MIR	531	-	106	176951971	67891
chr1	176884080	177084080	harbor1	chr1	176964778	176964992	SINE/MIR	636	-	107	176964885	80805
chr1	176884080	177084080	harbor1	chr1	176975171	176975362	SINE/MIR	446	-	96	176975267	91187
chr1	176884080	177084080	harbor1	chr1	176977602	176977820	SINE/MIR	621	-	109	176977711	93631
chr1	243362060	243562060	harbor1	chr1	243376214	243376435	SINE/MIR	597	-	110	243376324	14264
chr1	243362060	243562060	harbor1	chr1	243386077	243386311	SINE/MIR	580	-	117	243386194	24134
chr1	243362060	243562060	harbor1	chr1	243399859	243400074	SINE/MIR	712	-	108	243399967	37907
chr1	243362060	243562060	harbor1	chr1	243403432	243403585	SINE/MIR	414	-	76	243403508	41448
chr1	243362060	243562060	harbor1	chr1	243419573	243419714	SINE/MIR	435	-	70	243419643	57583
chr1	243362060	243562060	harbor1	chr1	243427183	243427315	SINE/MIR	511	-	66	243427249	65189
chr1	243362060	243562060	harbor1	chr1	243428090	243428259	SINE/MIR	395	-	84	243428174	66114
chr1	243362060	243562060	harbor1	chr1	243439678	243439828	SINE/MIR	544	-	75	243439753	77693
chr1	243362060	243562060	harbor1	chr1	243458458	243458684	SINE/MIR	915	-	113	243458571	96511
chr1	243362060	243562060	harbor1	chr1	243459181	243459355	SINE/MIR	476	-	87	243459268	97208
chr1	180386978	180586978	harbor1	chr1	180426719	180426935	SINE/MIR	671	-	108	180426827	39849
chr1	86515139	86715139	harbor1	chr1	86518266	86518485	SINE/MIR	707	-	110	86518376	3237
chr1	86515139	86715139	harbor1	chr1	86527588	86527822	SINE/MIR	669	-	117	86527705	12566
chr1	12327930	12527930	harbor1	chr1	12357472	12357675	SINE/MIR	702	-	102	12357574	29644
chr1	12327930	12527930	harbor1	chr1	12376444	12376662	SINE/MIR	818	-	109	12376553	48623
chr1	12327930	12527930	harbor1	chr1	12422664	12422857	SINE/MIR	444	-	96	12422760	94830
chr1	12327930	12527930	harbor1	chr1	12423132	12423284	SINE/MIR	439	-	76	12423208	95278
chr1	29824900	30024900	harbor1	chr1	29826776	29826922	SINE/MIR	403	-	73	29826849	1949
chr1	29824900	30024900	harbor1	chr1	29830226	29830341	SINE/MIR	407	-	58	29830284	5384
chr1	29824900	30024900	harbor1	chr1	29843405	29843612	SINE/MIR	562	-	104	29843509	18609
chr1	29824900	30024900	harbor1	chr1	29844691	29844889	SINE/MIR	463	-	99	29844790	19890
chr1	29824900	30024900	harbor1	chr1	29852281	29852496	SINE/MIR	413	-	108	29852389	27489
chr1	29824900	30024900	harbor1	chr1	29853772	29853918	SINE/MIR	455	-	73	29853845	28945
chr1	29824900	30024900	harbor1	chr1	29859064	29859217	SINE/MIR	534	-	76	29859140	34240
chr1	29824900	30024900	harbor1	chr1	29880275	29880412	SINE/MIR	426	-	68	29880343	55443
chr1	29824900	30024900	harbor1	chr1	29883309	29883390	SINE/MIR	394	-	40	29883349	58449
chr1	29824900	30024900	harbor1	chr1	29896398	29896574	SINE/MIR	915	-	88	29896486	71586
chr1	198909367	199109367	harbor1	chr1	198945705	198945906	SINE/MIR	397	-	100	198945805	36438
chr1	198909367	199109367	harbor1	chr1	198999559	198999755	SINE/MIR	544	-	98	198999657	90290
chr1	91339465	91539465	harbor1	chr1	91343772	91343894	SINE/MIR	470	-	61	91343833	4368
chr1	91339465	91539465	harbor1	chr1	91365751	91365956	SINE/MIR	443	-	102	91365853	26388
chr1	41310941	41510941	harbor1	chr1	41327327	41327545	SINE/MIR	732	-	109	41327436	16495
chr1	41310941	41510941	harbor1	chr1	41341793	41341956	SINE/MIR	606	-	82	41341875	30934
chr1	41310941	41510941	harbor1	chr1	41347722	41347793	SINE/MIR	615	-	36	41347758	36817
chr1	41310941	41510941	harbor1	chr1	41348102	41348239	SINE/MIR	615	-	68	41348170	37229
chr1	41310941	41510941	harbor1	chr1	41348346	41348604	SINE/MIR	421	-	129	41348475	37534
chr1	41310941	41510941	harbor1	chr1	41349270	41349470	SINE/MIR	563	-	100	41349370	38429
chr1	41310941	41510941	harbor1	chr1	41356009	41356206	SINE/MIR	501	-	98	41356107	45166
chr1	41310941	41510941	harbor1	chr1	41368789	41368981	SINE/MIR	623	-	96	41368885	57944
chr1	41310941	41510941	harbor1	chr1	41370450	41370664	SINE/MIR	533	-	107	41370557	59616
chr1	41310941	41510941	harbor1	chr1	41380088	41380328	SINE/MIR	430	-	120	41380208	69267
chr1	41310941	41510941	harbor1	chr1	41389261	41389424	SINE/MIR	682	-	82	41389343	78402
chr1	41310941	41510941	harbor1	chr1	41392472	41392640	SINE/MIR	431	-	84	41392556	81615
chr1	41310941	41510941	harbor1	chr1	41396439	41396646	SINE/MIR	402	-	104	41396543	85602
chr1	41310941	41510941	harbor1	chr1	41404932	41405103	SINE/MIR	435	-	86	41405018	94077
chr1	41310941	41510941	harbor1	chr1	41408274	41408453	SINE/MIR	654	-	90	41408364	97423
chr1	19214228	19414228	harbor1	chr1	19223065	19223278	SINE/MIR	508	-	106	19223171	8943
chr1	19214228	19414228	harbor1	chr1	19223722	19223911	SINE/MIR	425	-	94	19223816	9588
chr1	19214228	19414228	harbor1	chr1	19225854	19226013	SINE/MIR	530	-	80	19225934	11706
chr1	19214228	19414228	harbor1	chr1	19227063	19227285	SINE/MIR	838	-	111	19227174	12946
chr1	19214228	19414228	harbor1	chr1	19229729	19229944	SINE/MIR	631	-	108	19229837	15609
chr1	19214228	19414228	harbor1	chr1	19250623	19250853	SINE/MIR	664	-	115	19250738	36510
chr1	161019032	161219032	harbor1	chr1	161043003	161043224	SINE/MIR	640	-	110	161043113	24081
chr1	161019032	161219032	harbor1	chr1	161049850	161050089	SINE/MIR	851	-	120	161049970	30938
chr1	161019032	161219032	harbor1	chr1	161076941	161077159	SINE/MIR	466	-	109	161077050	58018
chr1	161019032	161219032	harbor1	chr1	161078004	161078244	SINE/MIR	823	-	120	161078124	59092
chr1	161019032	161219032	harbor1	chr1	161080063	161080211	SINE/MIR	583	-	74	161080137	61105
chr1	161019032	161219032	harbor1	chr1	161114565	161114803	SINE/MIR	445	-	119	161114684	95652
chr1	81043063	81243063	harbor1	chr1	81051514	81051631	SINE/MIR	429	-	58	81051572	8509
chr1	81043063	81243063	harbor1	chr1	81052106	81052344	SINE/MIR	587	-	119	81052225	9162
chr1	81043063	81243063	harbor1	chr1	81069638	81069836	SINE/MIR	413	-	99	81069737	26674
chr1	81043063	81243063	harbor1	chr1	81097247	81097534	SINE/MIR	426	-	144	81097391	54328
chr1	81043063	81243063	harbor1	chr1	81120513	81120724	SINE/MIR	485	-	106	81120619	77556
chr1	167197897	167397897	harbor1	chr1	167227849	167228055	SINE/MIR	419	-	103	167227952	30055
chr1	167197897	167397897	harbor1	chr1	167228844	167228995	SINE/MIR	396	-	76	167228920	31023
chr1	167197897	167397897	harbor1	chr1	167233878	167234040	SINE/MIR	552	-	81	167233959	36062
chr1	167197897	167397897	harbor1	chr1	167241661	167241893	SINE/MIR	652	-	116	167241777	43880
chr1	167197897	167397897	harbor1	chr1	167248753	167249006	SINE/MIR	1130	-	126	167248879	50982
chr1	64621335	64821335	harbor1	chr1	64641110	64641311	SINE/MIR	702	-	100	64641210	19875
chr1	64621335	64821335	harbor1	chr1	64670732	64670911	SINE/MIR	706	-	90	64670822	49487
chr1	64621335	64821335	harbor1	chr1	64676703	64676818	SINE/MIR	536	-	58	64676761	55426
chr1	64621335	64821335	harbor1	chr1	64707338	64707485	SINE/MIR	505	-	74	64707412	86077
chr1	64621335	64821335	harbor1	chr1	64714492	64714745	SINE/MIR	910	-	126	64714618	93283
chr1	21729520	21929520	harbor1	chr1	21804421	21804568	SINE/MIR	408	-	74	21804495	74975
chr1	21729520	21929520	harbor1	chr1	21814219	21814405	SINE/MIR	651	-	93	21814312	84792
chr1	21729520	21929520	harbor1	chr1	21816448	21816546	SINE/MIR	479	-	49	21816497	86977
chr1	21729520	21929520	harbor1	chr1	21827217	21827408	SINE/MIR	720	-	96	21827313	97793
chr1	21729520	21929520	harbor1	chr1	21828583	21828723	SINE/MIR	488	-	70	21828653	99133
chr1	20683133	20883133	harbor1	chr1	20683949	20684190	SINE/MIR	472	-	120	20684069	936
chr1	20683133	20883133	harbor1	chr1	20695995	20696166	SINE/MIR	451	-	86	20696081	12948
chr1	20683133	20883133	harbor1	chr1	20702074	20702222	SINE/MIR	428	-	74	20702148	19015
chr1	20683133	20883133	harbor1	chr1	20704945	20705162	SINE/MIR	665	-	108	20705053	21920
chr1	20683133	20883133	harbor1	chr1	20723338	20723508	SINE/MIR	403	-	85	20723423	40290
chr1	20683133	20883133	harbor1	chr1	20737481	20737582	SINE/MIR	398	-	50	20737531	54398
chr1	20683133	20883133	harbor1	chr1	20738906	20739016	SINE/MIR	431	-	55	20738961	55828
chr1	210239567	210439567	harbor1	chr1	210258464	210258656	SINE/MIR	651	-	96	210258560	18993
chr1	210239567	210439567	harbor1	chr1	210314676	210314819	SINE/MIR	450	-	72	210314748	75181
chr1	210239567	210439567	harbor1	chr1	210330314	210330518	SINE/MIR	426	-	102	210330416	90849
chr1	210239567	210439567	harbor1	chr1	210338523	210338769	SINE/MIR	778	-	123	210338646	99079
chr1	208585659	208785659	harbor1	chr1	208601477	208601744	SINE/MIR	820	-	134	208601611	15952
chr1	208585659	208785659	harbor1	chr1	208657962	208658126	SINE/MIR	515	-	82	208658044	72385
chr1	208585659	208785659	harbor1	chr1	208666001	208666122	SINE/MIR	509	-	60	208666061	80402
chr1	208585659	208785659	harbor1	chr1	208668463	208668698	SINE/MIR	586	-	118	208668581	82922
chr1	30310228	30510228	harbor1	chr1	30316043	30316205	SINE/MIR	572	-	81	30316124	5896
chr1	30310228	30510228	harbor1	chr1	30318689	30318824	SINE/MIR	415	-	68	30318757	8529
chr1	30310228	30510228	harbor1	chr1	30320239	30320434	SINE/MIR	408	-	98	30320337	10109
chr1	30310228	30510228	harbor1	chr1	30329624	30329839	SINE/MIR	438	-	108	30329732	19504
chr1	30310228	30510228	harbor1	chr1	30329857	30330022	SINE/MIR	683	-	82	30329939	19711
chr1	30310228	30510228	harbor1	chr1	30330573	30330803	SINE/MIR	789	-	115	30330688	20460
chr1	30310228	30510228	harbor1	chr1	30331920	30332161	SINE/MIR	594	-	120	30332040	21812
chr1	30310228	30510228	harbor1	chr1	30337749	30337966	SINE/MIR	534	-	108	30337857	27629
chr1	30310228	30510228	harbor1	chr1	30359848	30359983	SINE/MIR	403	-	68	30359916	49688
chr1	30310228	30510228	harbor1	chr1	30362487	30362711	SINE/MIR	883	-	112	30362599	52371
chr1	30310228	30510228	harbor1	chr1	30367459	30367685	SINE/MIR	720	-	113	30367572	57344
chr1	30310228	30510228	harbor1	chr1	30369400	30369663	SINE/MIR	1036	-	132	30369532	59304
chr1	30310228	30510228	harbor1	chr1	30369757	30369990	SINE/MIR	848	-	116	30369873	59645
chr1	30310228	30510228	harbor1	chr1	30371060	30371297	SINE/MIR	400	-	118	30371178	60950
chr1	30310228	30510228	harbor1	chr1	30371968	30372207	SINE/MIR	540	-	120	30372088	61860
chr1	30310228	30510228	harbor1	chr1	30378616	30378801	SINE/MIR	665	-	92	30378708	68480
chr1	30310228	30510228	harbor1	chr1	30385994	30386136	SINE/MIR	500	-	71	30386065	75837
chr1	30310228	30510228	harbor1	chr1	30390546	30390801	SINE/MIR	603	-	128	30390674	80446
chr1	30310228	30510228	harbor1	chr1	30403000	30403167	SINE/MIR	572	-	84	30403084	92856
chr1	100433486	100633486	harbor1	chr1	100439478	100439726	SINE/MIR	804	-	124	100439602	6116
chr1	100433486	100633486	harbor1	chr1	100455898	100456085	SINE/MIR	519	-	94	100455992	22506
chr1	100433486	100633486	harbor1	chr1	100458049	100458272	SINE/MIR	644	-	112	100458161	24675
chr1	100433486	100633486	harbor1	chr1	100488216	100488428	SINE/MIR	660	-	106	100488322	54836
chr1	100433486	100633486	harbor1	chr1	100510227	100510365	SINE/MIR	440	-	69	100510296	76810
chr1	100433486	100633486	harbor1	chr1	100530243	100530373	SINE/MIR	524	-	65	100530308	96822
chr1	114064873	114264873	harbor1	chr1	114082638	114082772	SINE/MIR	463	-	67	114082705	17832
chr1	114064873	114264873	harbor1	chr1	114093467	114093649	SINE/MIR	572	-	91	114093558	28685
chr1	114064873	114264873	harbor1	chr1	114103305	114103502	SINE/MIR	720	-	98	114103403	38530
chr1	114064873	114264873	harbor1	chr1	114106263	114106440	SINE/MIR	588	-	88	114106351	41478
chr1	114064873	114264873	harbor1	chr1	114111209	114111455	SINE/MIR	861	-	123	114111332	46459
chr1	114064873	114264873	harbor1	chr1	114115369	114115422	SINE/MIR	427	-	26	114115395	50522
chr1	114064873	114264873	harbor1	chr1	114115714	114115907	SINE/MIR	427	-	96	114115810	50937
chr1	114064873	114264873	harbor1	chr1	114119437	114119660	SINE/MIR	620	-	112	114119549	54676
chr1	114064873	114264873	harbor1	chr1	114132774	114133003	SINE/MIR	469	-	114	114132888	68015
chr1	114064873	114264873	harbor1	chr1	114145237	114145440	SINE/MIR	904	-	102	114145339	80466
chr1	114064873	114264873	harbor1	chr1	114148720	114148902	SINE/MIR	493	-	91	114148811	83938
chr1	114064873	114264873	harbor1	chr1	114159735	114159931	SINE/MIR	639	-	98	114159833	94960
chr1	75520638	75720638	harbor1	chr1	75548719	75548853	SINE/MIR	414	-	67	75548786	28148
chr1	75520638	75720638	harbor1	chr1	75556482	75556617	SINE/MIR	536	-	68	75556550	35912
chr1	75520638	75720638	harbor1	chr1	75566829	75567007	SINE/MIR	467	-	89	75566918	46280
chr1	75520638	75720638	harbor1	chr1	75588336	75588529	SINE/MIR	634	-	96	75588432	67794
chr1	75520638	75720638	harbor1	chr1	75617868	75618033	SINE/MIR	412	-	82	75617950	97312
chr1	75520638	75720638	harbor1	chr1	75618237	75618381	SINE/MIR	402	-	72	75618309	97671
chr1	101073825	101273825	harbor1	chr1	101075246	101075387	SINE/MIR	553	-	70	101075316	1491
chr1	101073825	101273825	harbor1	chr1	101080099	101080221	SINE/MIR	430	-	61	101080160	6335
chr1	101073825	101273825	harbor1	chr1	101139571	101139706	SINE/MIR	492	-	68	101139639	65814
chr1	101073825	101273825	harbor1	chr1	101143929	101144129	SINE/MIR	620	-	100	101144029	70204
chr1	101073825	101273825	harbor1	chr1	101146541	101146748	SINE/MIR	606	-	104	101146645	72820
chr1	186798454	186998454	harbor1	chr1	186845317	186845519	SINE/MIR	451	-	101	186845418	46964
chr1	85034057	85234057	harbor1	chr1	85042103	85042310	SINE/MIR	395	-	104	85042207	8150
chr1	85034057	85234057	harbor1	chr1	85071087	85071269	SINE/MIR	730	-	91	85071178	37121
chr1	85034057	85234057	harbor1	chr1	85088563	85088700	SINE/MIR	606	-	68	85088631	54574
chr1	85034057	85234057	harbor1	chr1	85089098	85089348	SINE/MIR	984	-	125	85089223	55166
chr1	85034057	85234057	harbor1	chr1	85093739	85093997	SINE/MIR	425	-	129	85093868	59811
chr1	85034057	85234057	harbor1	chr1	85118304	85118519	SINE/MIR	556	-	108	85118412	84355
chr1	84880410	85080410	harbor1	chr1	84890400	84890609	SINE/MIR	485	-	104	84890504	10094
chr1	84880410	85080410	harbor1	chr1	84946367	84946453	SINE/MIR	854	-	43	84946410	66000
chr1	84880410	85080410	harbor1	chr1	84946685	84946831	SINE/MIR	854	-	73	84946758	66348
chr1	84880410	85080410	harbor1	chr1	84954423	84954668	SINE/MIR	770	-	122	84954545	74135
chr1	84880410	85080410	harbor1	chr1	84960162	84960330	SINE/MIR	469	-	84	84960246	79836
chr1	143779381	143979381	harbor1	chr1	143828001	143828111	SINE/MIR	530	-	55	143828056	48675
chr1	143779381	143979381	harbor1	chr1	143828440	143828565	SINE/MIR	530	-	62	143828502	49121
chr1	183261703	183461703	harbor1	chr1	183269615	183269847	SINE/MIR	571	-	116	183269731	8028
chr1	183261703	183461703	harbor1	chr1	183277054	183277188	SINE/MIR	395	-	67	183277121	15418
chr1	183261703	183461703	harbor1	chr1	183303320	183303571	SINE/MIR	634	-	126	183303446	41743
chr1	183261703	183461703	harbor1	chr1	183329816	183329973	SINE/MIR	515	-	78	183329894	68191
chr1	183261703	183461703	harbor1	chr1	183340932	183341104	SINE/MIR	529	-	86	183341018	79315
chr1	183261703	183461703	harbor1	chr1	183344167	183344384	SINE/MIR	510	-	108	183344275	82572
chr1	183261703	183461703	harbor1	chr1	183350719	183350892	SINE/MIR	501	-	86	183350805	89102
chr1	57200868	57400868	harbor1	chr1	57205543	57205745	SINE/MIR	763	-	101	57205644	4776
chr1	57200868	57400868	harbor1	chr1	57208647	57208853	SINE/MIR	436	-	103	57208750	7882
chr1	57200868	57400868	harbor1	chr1	57212669	57212896	SINE/MIR	475	-	114	57212783	11915
chr1	57200868	57400868	harbor1	chr1	57216685	57216909	SINE/MIR	426	-	112	57216797	15929
chr1	57200868	57400868	harbor1	chr1	57221992	57222216	SINE/MIR	474	-	112	57222104	21236
chr1	57200868	57400868	harbor1	chr1	57231539	57231766	SINE/MIR	625	-	114	57231653	30785
chr1	57200868	57400868	harbor1	chr1	57240440	57240653	SINE/MIR	492	-	106	57240546	39678
chr1	57200868	57400868	harbor1	chr1	57257405	57257526	SINE/MIR	422	-	60	57257465	56597
chr1	57200868	57400868	harbor1	chr1	57258177	57258347	SINE/MIR	504	-	85	57258262	57394
chr1	57200868	57400868	harbor1	chr1	57260291	57260559	SINE/MIR	472	-	134	57260425	59557
chr1	57200868	57400868	harbor1	chr1	57260619	57260775	SINE/MIR	424	-	78	57260697	59829
chr1	57200868	57400868	harbor1	chr1	57262194	57262299	SINE/MIR	397	-	52	57262246	61378
chr1	57200868	57400868	harbor1	chr1	57270403	57270619	SINE/MIR	448	-	108	57270511	69643
chr1	57200868	57400868	harbor1	chr1	57272464	57272651	SINE/MIR	418	-	94	57272558	71690
chr1	57200868	57400868	harbor1	chr1	57283487	57283688	SINE/MIR	689	-	100	57283587	82719
chr1	57200868	57400868	harbor1	chr1	57285630	57285775	SINE/MIR	597	-	72	57285702	84834
chr1	57200868	57400868	harbor1	chr1	57288831	57289049	SINE/MIR	743	-	109	57288940	88072
chr1	57200868	57400868	harbor1	chr1	57294585	57294782	SINE/MIR	656	-	98	57294683	93815
chr1	213370308	213570308	harbor1	chr1	213370639	213370770	SINE/MIR	475	-	66	213370705	397
chr1	213370308	213570308	harbor1	chr1	213384773	213384974	SINE/MIR	588	-	100	213384873	14565
chr1	213370308	213570308	harbor1	chr1	213385282	213385466	SINE/MIR	1000	-	92	213385374	15066
chr1	213370308	213570308	harbor1	chr1	213400533	213400667	SINE/MIR	591	-	67	213400600	30292
chr1	213370308	213570308	harbor1	chr1	213401179	213401414	SINE/MIR	670	-	118	213401297	30989
chr1	213370308	213570308	harbor1	chr1	213419364	213419611	SINE/MIR	798	-	124	213419488	49180
chr1	213370308	213570308	harbor1	chr1	213440779	213440928	SINE/MIR	400	-	74	213440853	70545
chr1	151380398	151580398	harbor1	chr1	151381083	151381320	SINE/MIR	876	-	118	151381201	803
chr1	151380398	151580398	harbor1	chr1	151384054	151384232	SINE/MIR	756	-	89	151384143	3745
chr1	177386307	177586307	harbor1	chr1	177392741	177392928	SINE/MIR	558	-	94	177392835	6528
chr1	177386307	177586307	harbor1	chr1	177438475	177438622	SINE/MIR	530	-	74	177438549	52242
chr1	177386307	177586307	harbor1	chr1	177438759	177439011	SINE/MIR	799	-	126	177438885	52578
chr1	177386307	177586307	harbor1	chr1	177464719	177464853	SINE/MIR	472	-	67	177464786	78479
chr1	177386307	177586307	harbor1	chr1	177466254	177466443	SINE/MIR	807	-	94	177466348	80041
chr1	177386307	177586307	harbor1	chr1	177467914	177468107	SINE/MIR	537	-	96	177468010	81703
chr1	5715142	5915142	harbor1	chr1	5715453	5715642	SINE/MIR	446	-	94	5715547	405
chr1	5715142	5915142	harbor1	chr1	5745492	5745654	SINE/MIR	589	-	81	5745573	30431
chr1	5715142	5915142	harbor1	chr1	5751148	5751296	SINE/MIR	487	-	74	5751222	36080
chr1	5715142	5915142	harbor1	chr1	5756876	5757053	SINE/MIR	571	-	88	5756964	41822
chr1	169640374	169840374	harbor1	chr1	169653745	169653886	SINE/MIR	404	-	70	169653815	13441
chr1	169640374	169840374	harbor1	chr1	169673868	169674128	SINE/MIR	431	-	130	169673998	33624
chr1	169640374	169840374	harbor1	chr1	169678873	169678979	SINE/MIR	400	-	53	169678926	38552
chr1	169640374	169840374	harbor1	chr1	169679656	169679871	SINE/MIR	727	-	108	169679764	39390
chr1	169640374	169840374	harbor1	chr1	169731520	169731727	SINE/MIR	593	-	104	169731624	91250
chr1	169640374	169840374	harbor1	chr1	169733260	169733433	SINE/MIR	552	-	86	169733346	92972
chr1	169640374	169840374	harbor1	chr1	169736583	169736837	SINE/MIR	873	-	127	169736710	96336
chr1	74821167	75021167	harbor1	chr1	74834932	74835140	SINE/MIR	791	-	104	74835036	13869
chr1	74821167	75021167	harbor1	chr1	74836373	74836587	SINE/MIR	520	-	107	74836480	15313
chr1	74821167	75021167	harbor1	chr1	74838823	74839007	SINE/MIR	598	-	92	74838915	17748
chr1	74821167	75021167	harbor1	chr1	74854679	74854849	SINE/MIR	518	-	85	74854764	33597
chr1	74821167	75021167	harbor1	chr1	74855604	74855818	SINE/MIR	515	-	107	74855711	34544
chr1	74821167	75021167	harbor1	chr1	74868664	74868882	SINE/MIR	690	-	109	74868773	47606
chr1	74821167	75021167	harbor1	chr1	74871299	74871314	SINE/MIR	690	-	8	74871307	50140
chr1	74821167	75021167	harbor1	chr1	74875274	74875464	SINE/MIR	434	-	95	74875369	54202
chr1	74821167	75021167	harbor1	chr1	74891757	74891913	SINE/MIR	458	-	78	74891835	70668
chr1	74821167	75021167	harbor1	chr1	74908482	74908723	SINE/MIR	709	-	120	74908602	87435
chr1	111776442	111976442	harbor1	chr1	111787745	111787950	SINE/MIR	474	-	102	111787847	11405
chr1	111776442	111976442	harbor1	chr1	111792200	111792418	SINE/MIR	460	-	109	111792309	15867
chr1	111776442	111976442	harbor1	chr1	111794767	111794950	SINE/MIR	703	-	92	111794859	18417
chr1	111776442	111976442	harbor1	chr1	111795443	111795604	SINE/MIR	579	-	80	111795523	19081
chr1	111776442	111976442	harbor1	chr1	111804654	111804889	SINE/MIR	835	-	118	111804772	28330
chr1	111776442	111976442	harbor1	chr1	111812525	111812735	SINE/MIR	662	-	105	111812630	36188
chr1	111776442	111976442	harbor1	chr1	111813772	111813872	SINE/MIR	472	-	50	111813822	37380
chr1	111776442	111976442	harbor1	chr1	111816005	111816190	SINE/MIR	597	-	92	111816097	39655
chr1	111776442	111976442	harbor1	chr1	111816599	111816823	SINE/MIR	396	-	112	111816711	40269
chr1	111776442	111976442	harbor1	chr1	111826778	111826885	SINE/MIR	736	-	54	111826832	50390
chr1	111776442	111976442	harbor1	chr1	111827111	111827183	SINE/MIR	736	-	36	111827147	50705
chr1	111776442	111976442	harbor1	chr1	111827552	111827693	SINE/MIR	566	-	70	111827622	51180
chr1	111776442	111976442	harbor1	chr1	111837384	111837579	SINE/MIR	579	-	98	111837482	61040
chr1	111776442	111976442	harbor1	chr1	111839624	111839841	SINE/MIR	794	-	108	111839732	63290
chr1	111776442	111976442	harbor1	chr1	111845619	111845843	SINE/MIR	895	-	112	111845731	69289
chr1	111776442	111976442	harbor1	chr1	111846699	111846940	SINE/MIR	629	-	120	111846819	70377
chr1	111776442	111976442	harbor1	chr1	111853029	111853155	SINE/MIR	461	-	63	111853092	76650
chr1	111776442	111976442	harbor1	chr1	111857890	111858058	SINE/MIR	394	-	84	111857974	81532
chr1	111776442	111976442	harbor1	chr1	111859756	111859867	SINE/MIR	457	-	56	111859812	83370
chr1	111776442	111976442	harbor1	chr1	111860155	111860362	SINE/MIR	787	-	104	111860259	83817
chr1	111776442	111976442	harbor1	chr1	111863078	111863241	SINE/MIR	728	-	82	111863160	86718
chr1	111776442	111976442	harbor1	chr1	111868590	111868741	SINE/MIR	461	-	76	111868666	92224
chr1	111776442	111976442	harbor1	chr1	111870053	111870219	SINE/MIR	684	-	83	111870136	93694
chr1	111776442	111976442	harbor1	chr1	111872065	111872207	SINE/MIR	673	-	71	111872136	95694
chr1	182483020	182683020	harbor1	chr1	182489254	182489451	SINE/MIR	586	-	98	182489352	6332
chr1	182483020	182683020	harbor1	chr1	182531792	182532015	SINE/MIR	501	-	112	182531904	48884
chr1	182483020	182683020	harbor1	chr1	182550060	182550277	SINE/MIR	831	-	108	182550168	67148
chr1	182483020	182683020	harbor1	chr1	182553583	182553751	SINE/MIR	566	-	84	182553667	70647
chr1	182483020	182683020	harbor1	chr1	182556470	182556661	SINE/MIR	488	-	96	182556566	73546
chr1	215877363	216077363	harbor1	chr1	215906259	215906499	SINE/MIR	419	-	120	215906379	29016
chr1	215877363	216077363	harbor1	chr1	215915001	215915205	SINE/MIR	462	-	102	215915103	37740
chr1	215877363	216077363	harbor1	chr1	215919293	215919513	SINE/MIR	438	-	110	215919403	42040
chr1	215877363	216077363	harbor1	chr1	215920489	215920665	SINE/MIR	418	-	88	215920577	43214
chr1	215877363	216077363	harbor1	chr1	215929639	215929835	SINE/MIR	556	-	98	215929737	52374
chr1	200599653	200799653	harbor1	chr1	200602936	200603126	SINE/MIR	705	-	95	200603031	3378
chr1	200599653	200799653	harbor1	chr1	200611768	200612000	SINE/MIR	851	-	116	200611884	12231
chr1	200599653	200799653	harbor1	chr1	200615166	200615302	SINE/MIR	402	-	68	200615234	15581
chr1	200599653	200799653	harbor1	chr1	200621115	200621318	SINE/MIR	475	-	102	200621217	21564
chr1	200599653	200799653	harbor1	chr1	200623243	200623415	SINE/MIR	583	-	86	200623329	23676
chr1	200599653	200799653	harbor1	chr1	200673625	200673854	SINE/MIR	893	-	114	200673739	74086
chr1	62586261	62786261	harbor1	chr1	62595311	62595542	SINE/MIR	868	-	116	62595427	9166
chr1	62586261	62786261	harbor1	chr1	62596116	62596360	SINE/MIR	1038	-	122	62596238	9977
chr1	62586261	62786261	harbor1	chr1	62655824	62655985	SINE/MIR	412	-	80	62655904	69643
chr1	62586261	62786261	harbor1	chr1	62586700	62586952	SINE/MIR	476	-	126	62586826	565
chr1	62586261	62786261	harbor1	chr1	62685110	62685348	SINE/MIR	882	-	119	62685229	98968
chr1	18277025	18477025	harbor1	chr1	18279495	18279673	SINE/MIR	523	-	89	18279584	2559
chr1	18277025	18477025	harbor1	chr1	18280509	18280642	SINE/MIR	491	-	66	18280575	3550
chr1	18277025	18477025	harbor1	chr1	18285911	18286127	SINE/MIR	439	-	108	18286019	8994
chr1	18277025	18477025	harbor1	chr1	18288051	18288157	SINE/MIR	406	-	53	18288104	11079
chr1	18277025	18477025	harbor1	chr1	18292224	18292394	SINE/MIR	416	-	85	18292309	15284
chr1	18277025	18477025	harbor1	chr1	18304426	18304591	SINE/MIR	434	-	82	18304508	27483
chr1	18277025	18477025	harbor1	chr1	18307350	18307573	SINE/MIR	855	-	112	18307462	30437
chr1	18277025	18477025	harbor1	chr1	18309283	18309517	SINE/MIR	708	-	117	18309400	32375
chr1	18277025	18477025	harbor1	chr1	18313579	18313830	SINE/MIR	436	-	126	18313705	36680
chr1	18277025	18477025	harbor1	chr1	18314460	18314730	SINE/MIR	649	-	135	18314595	37570
chr1	18277025	18477025	harbor1	chr1	18317783	18318010	SINE/MIR	885	-	114	18317897	40872
chr1	18277025	18477025	harbor1	chr1	18329268	18329475	SINE/MIR	536	-	104	18329372	52347
chr1	18277025	18477025	harbor1	chr1	18333448	18333683	SINE/MIR	486	-	118	18333566	56541
chr1	18277025	18477025	harbor1	chr1	18336339	18336484	SINE/MIR	618	-	72	18336411	59386
chr1	18277025	18477025	harbor1	chr1	18339089	18339311	SINE/MIR	494	-	111	18339200	62175
chr1	18277025	18477025	harbor1	chr1	18341522	18341704	SINE/MIR	613	-	91	18341613	64588
chr1	18277025	18477025	harbor1	chr1	18345684	18345902	SINE/MIR	651	-	109	18345793	68768
chr1	18277025	18477025	harbor1	chr1	18347995	18348219	SINE/MIR	847	-	112	18348107	71082
chr1	18277025	18477025	harbor1	chr1	18349006	18349258	SINE/MIR	772	-	126	18349132	72107
chr1	18277025	18477025	harbor1	chr1	18354901	18355117	SINE/MIR	515	-	108	18355009	77984
chr1	18277025	18477025	harbor1	chr1	18358668	18358879	SINE/MIR	747	-	106	18358774	81749
chr1	18277025	18477025	harbor1	chr1	18360769	18360981	SINE/MIR	665	-	106	18360875	83850
chr1	18277025	18477025	harbor1	chr1	18367944	18368162	SINE/MIR	538	-	109	18368053	91028
chr1	18277025	18477025	harbor1	chr1	18373064	18373270	SINE/MIR	463	-	103	18373167	96142
chr1	18277025	18477025	harbor1	chr1	18284505	18284710	SINE/MIR	483	-	102	18284607	7582
chr1	18277025	18477025	harbor1	chr1	18317285	18317473	SINE/MIR	642	-	94	18317379	40354
chr1	73772867	73972867	harbor1	chr1	73831438	73831606	SINE/MIR	590	-	84	73831522	58655
chr1	73772867	73972867	harbor1	chr1	73852733	73852929	SINE/MIR	464	-	98	73852831	79964
chr1	73772867	73972867	harbor1	chr1	73872349	73872529	SINE/MIR	487	-	90	73872439	99572
chr1	105994443	106194443	harbor1	chr1	106008898	106009057	SINE/MIR	487	-	80	106008978	14535
chr1	56106842	56306842	harbor1	chr1	56139393	56139514	SINE/MIR	446	-	60	56139453	32611
chr1	56106842	56306842	harbor1	chr1	56155984	56156157	SINE/MIR	465	-	86	56156070	49228
chr1	56106842	56306842	harbor1	chr1	56167067	56167264	SINE/MIR	595	-	98	56167165	60323
chr1	56106842	56306842	harbor1	chr1	56168716	56168928	SINE/MIR	448	-	106	56168822	61980
chr1	56106842	56306842	harbor1	chr1	56168959	56169042	SINE/MIR	673	-	42	56169001	62159
chr1	56106842	56306842	harbor1	chr1	56169341	56169510	SINE/MIR	673	-	84	56169425	62583
chr1	56106842	56306842	harbor1	chr1	56184245	56184448	SINE/MIR	455	-	102	56184347	77505
chr1	56106842	56306842	harbor1	chr1	56186627	56186839	SINE/MIR	518	-	106	56186733	79891
chr1	56106842	56306842	harbor1	chr1	56189988	56190232	SINE/MIR	610	-	122	56190110	83268
chr1	56106842	56306842	harbor1	chr1	56199064	56199290	SINE/MIR	547	-	113	56199177	92335
chr1	56106842	56306842	harbor1	chr1	56200903	56201144	SINE/MIR	718	-	120	56201023	94181
chr1	56106842	56306842	harbor1	chr1	56203037	56203170	SINE/MIR	409	-	66	56203103	96261
chr1	56106842	56306842	harbor1	chr1	56203349	56203598	SINE/MIR	419	-	124	56203473	96631
chr1	8176042	8376042	harbor1	chr1	8185528	8185705	SINE/MIR	902	-	88	8185616	9574
chr1	8176042	8376042	harbor1	chr1	8202880	8203119	SINE/MIR	940	-	120	8203000	26958
chr1	8176042	8376042	harbor1	chr1	8213273	8213461	SINE/MIR	557	-	94	8213367	37325
chr1	8176042	8376042	harbor1	chr1	8213818	8214011	SINE/MIR	546	-	96	8213914	37872
chr1	89545136	89745136	harbor1	chr1	89563693	89563909	SINE/MIR	537	-	108	89563801	18665
chr1	89545136	89745136	harbor1	chr1	89601368	89601556	SINE/MIR	437	-	94	89601462	56326
chr1	89545136	89745136	harbor1	chr1	89606590	89606718	SINE/MIR	558	-	64	89606654	61518
chr1	89545136	89745136	harbor1	chr1	89611975	89612144	SINE/MIR	483	-	84	89612059	66923
chr1	89545136	89745136	harbor1	chr1	89619758	89619962	SINE/MIR	728	-	102	89619860	74724
chr1	89545136	89745136	harbor1	chr1	89625248	89625437	SINE/MIR	522	-	94	89625342	80206
chr1	35528163	35728163	harbor1	chr1	35542167	35542397	SINE/MIR	560	-	115	35542282	14119
chr1	35528163	35728163	harbor1	chr1	35562842	35563081	SINE/MIR	710	-	120	35562962	34799
chr1	35528163	35728163	harbor1	chr1	35564979	35565131	SINE/MIR	571	-	76	35565055	36892
chr1	35528163	35728163	harbor1	chr1	35566841	35567057	SINE/MIR	449	-	108	35566949	38786
chr1	35528163	35728163	harbor1	chr1	35600853	35600985	SINE/MIR	416	-	66	35600919	72756
chr1	35528163	35728163	harbor1	chr1	35616051	35616242	SINE/MIR	410	-	96	35616147	87984
chr1	35528163	35728163	harbor1	chr1	35627659	35627837	SINE/MIR	447	-	89	35627748	99585
chr1	201697635	201897635	harbor1	chr1	201704828	201704953	SINE/MIR	517	-	62	201704890	7255
chr1	201697635	201897635	harbor1	chr1	201707332	201707570	SINE/MIR	844	-	119	201707451	9816
chr1	201697635	201897635	harbor1	chr1	201717941	201718157	SINE/MIR	419	-	108	201718049	20414
chr1	201697635	201897635	harbor1	chr1	201730184	201730417	SINE/MIR	459	-	116	201730300	32665
chr1	201697635	201897635	harbor1	chr1	201743012	201743210	SINE/MIR	747	-	99	201743111	45476
chr1	201697635	201897635	harbor1	chr1	201781396	201781566	SINE/MIR	639	-	85	201781481	83846
chr1	201697635	201897635	harbor1	chr1	201783917	201784113	SINE/MIR	446	-	98	201784015	86380
chr1	211077993	211277993	harbor1	chr1	211113015	211113296	SINE/MIR	424	-	140	211113155	35162
chr1	113898330	114098330	harbor1	chr1	113939043	113939146	SINE/MIR	470	-	52	113939095	40765
chr1	113898330	114098330	harbor1	chr1	113951628	113951864	SINE/MIR	1058	-	118	113951746	53416
chr1	113898330	114098330	harbor1	chr1	113959830	113960013	SINE/MIR	728	-	92	113959922	61592
chr1	113898330	114098330	harbor1	chr1	113988693	113988852	SINE/MIR	523	-	80	113988773	90443
chr1	37338604	37538604	harbor1	chr1	37338453	37338668	SINE/MIR	616	-	108	37338561	43
chr1	37338604	37538604	harbor1	chr1	37340730	37340841	SINE/MIR	461	-	56	37340786	2182
chr1	37338604	37538604	harbor1	chr1	37342140	37342270	SINE/MIR	488	-	65	37342205	3601
chr1	37338604	37538604	harbor1	chr1	37343572	37343745	SINE/MIR	704	-	86	37343658	5054
chr1	37338604	37538604	harbor1	chr1	37348188	37348400	SINE/MIR	626	-	106	37348294	9690
chr1	37338604	37538604	harbor1	chr1	37355580	37355759	SINE/MIR	495	-	90	37355670	17066
chr1	37338604	37538604	harbor1	chr1	37358974	37359109	SINE/MIR	415	-	68	37359042	20438
chr1	37338604	37538604	harbor1	chr1	37361438	37361679	SINE/MIR	585	-	120	37361558	22954
chr1	37338604	37538604	harbor1	chr1	37386105	37386294	SINE/MIR	582	-	94	37386199	47595
chr1	37338604	37538604	harbor1	chr1	37389398	37389619	SINE/MIR	1027	-	110	37389508	50904
chr1	37338604	37538604	harbor1	chr1	37390895	37391113	SINE/MIR	711	-	109	37391004	52400
chr1	37338604	37538604	harbor1	chr1	37399850	37399937	SINE/MIR	406	-	44	37399894	61290
chr1	37338604	37538604	harbor1	chr1	37401511	37401646	SINE/MIR	482	-	68	37401579	62975
chr1	37338604	37538604	harbor1	chr1	37402721	37402941	SINE/MIR	576	-	110	37402831	64227
chr1	37338604	37538604	harbor1	chr1	37412264	37412459	SINE/MIR	397	-	98	37412362	73758
chr1	37338604	37538604	harbor1	chr1	37413080	37413235	SINE/MIR	464	-	78	37413158	74554
chr1	37338604	37538604	harbor1	chr1	37413897	37414047	SINE/MIR	825	-	75	37413972	75368
chr1	37338604	37538604	harbor1	chr1	37414340	37414360	SINE/MIR	825	-	10	37414350	75746
chr1	37338604	37538604	harbor1	chr1	37418425	37418629	SINE/MIR	533	-	102	37418527	79923
chr1	37338604	37538604	harbor1	chr1	37419271	37419487	SINE/MIR	741	-	108	37419379	80775
chr1	37338604	37538604	harbor1	chr1	37435360	37435590	SINE/MIR	654	-	115	37435475	96871
chr1	180571269	180771269	harbor1	chr1	180627956	180628186	SINE/MIR	845	-	115	180628071	56802
chr1	180571269	180771269	harbor1	chr1	180635590	180635690	SINE/MIR	409	-	50	180635640	64371
chr1	180571269	180771269	harbor1	chr1	180640008	180640234	SINE/MIR	691	-	113	180640121	68852
chr1	180571269	180771269	harbor1	chr1	180641714	180641847	SINE/MIR	398	-	66	180641780	70511
chr1	180571269	180771269	harbor1	chr1	180642455	180642681	SINE/MIR	573	-	113	180642568	71299
chr1	180571269	180771269	harbor1	chr1	180643560	180643737	SINE/MIR	663	-	88	180643648	72379
chr1	226469013	226669013	harbor1	chr1	226483075	226483284	SINE/MIR	819	-	104	226483179	14166
chr1	226469013	226669013	harbor1	chr1	226517250	226517457	SINE/MIR	615	-	104	226517354	48341
chr1	226469013	226669013	harbor1	chr1	226519282	226519389	SINE/MIR	515	-	54	226519336	50323
chr1	226469013	226669013	harbor1	chr1	226529556	226529766	SINE/MIR	749	-	105	226529661	60648
chr1	226469013	226669013	harbor1	chr1	226544116	226544250	SINE/MIR	437	-	67	226544183	75170
chr1	85292850	85492850	harbor1	chr1	85364029	85364142	SINE/MIR	503	-	56	85364085	71235
chr1	85292850	85492850	harbor1	chr1	85365016	85365255	SINE/MIR	701	-	120	85365136	72286
chr1	85292850	85492850	harbor1	chr1	85367503	85367605	SINE/MIR	440	-	51	85367554	74704
chr1	243644433	243844433	harbor1	chr1	243671673	243671914	SINE/MIR	611	-	120	243671793	27360
chr1	243644433	243844433	harbor1	chr1	243678572	243678769	SINE/MIR	399	-	98	243678670	34237
chr1	243644433	243844433	harbor1	chr1	243681365	243681485	SINE/MIR	451	-	60	243681425	36992
chr1	243644433	243844433	harbor1	chr1	243686595	243686651	SINE/MIR	882	-	28	243686623	42190
chr1	243644433	243844433	harbor1	chr1	243686964	243687155	SINE/MIR	882	-	96	243687060	42627
chr1	243644433	243844433	harbor1	chr1	243711676	243711845	SINE/MIR	401	-	84	243711760	67327
chr2	76860619	77060619	harbor1	chr2	76884142	76884346	SINE/MIR	456	-	102	76884244	23625
chr2	61372449	61572449	harbor1	chr2	61455774	61456005	SINE/MIR	662	-	116	61455890	83441
chr2	77655199	77855199	harbor1	chr2	77656940	77657158	SINE/MIR	545	-	109	77657049	1850
chr2	227169988	227369988	harbor1	chr2	227206800	227206991	SINE/MIR	425	-	96	227206896	36908
chr2	227169988	227369988	harbor1	chr2	227241751	227241976	SINE/MIR	424	-	112	227241863	71875
chr2	227169988	227369988	harbor1	chr2	227268159	227268373	SINE/MIR	493	-	107	227268266	98278
chr2	6170728	6370728	harbor1	chr2	6205472	6205632	SINE/MIR	434	-	80	6205552	34824
chr2	6170728	6370728	harbor1	chr2	6205974	6206085	SINE/MIR	434	-	56	6206030	35302
chr2	6170728	6370728	harbor1	chr2	6219601	6219854	SINE/MIR	532	-	126	6219727	48999
chr2	6170728	6370728	harbor1	chr2	6259165	6259391	SINE/MIR	737	-	113	6259278	88550
chr2	46424731	46624731	harbor1	chr2	46436863	46437130	SINE/MIR	660	-	134	46436997	12266
chr2	46424731	46624731	harbor1	chr2	46512840	46512999	SINE/MIR	442	-	80	46512920	88189
chr2	167134294	167334294	harbor1	chr2	167185821	167185964	SINE/MIR	449	-	72	167185893	51599
chr2	167134294	167334294	harbor1	chr2	167213186	167213422	SINE/MIR	407	-	118	167213304	79010
chr2	167134294	167334294	harbor1	chr2	167232694	167232860	SINE/MIR	523	-	83	167232777	98483
chr2	46774189	46974189	harbor1	chr2	46779624	46779786	SINE/MIR	419	-	81	46779705	5516
chr2	46774189	46974189	harbor1	chr2	46802646	46802870	SINE/MIR	430	-	112	46802758	28569
chr2	46774189	46974189	harbor1	chr2	46813028	46813197	SINE/MIR	596	-	84	46813112	38923
chr2	46774189	46974189	harbor1	chr2	46813712	46813953	SINE/MIR	587	-	120	46813832	39643
chr2	46774189	46974189	harbor1	chr2	46814702	46814946	SINE/MIR	553	-	122	46814824	40635
chr2	46774189	46974189	harbor1	chr2	46817680	46817869	SINE/MIR	595	-	94	46817774	43585
chr2	46774189	46974189	harbor1	chr2	46829766	46829924	SINE/MIR	431	-	79	46829845	55656
chr2	46774189	46974189	harbor1	chr2	46861695	46861884	SINE/MIR	445	-	94	46861789	87600
chr2	51912419	52112419	harbor1	chr2	51962842	51963024	SINE/MIR	428	-	91	51962933	50514
chr2	12008144	12208144	harbor1	chr2	12036464	12036614	SINE/MIR	447	-	75	12036539	28395
chr2	12008144	12208144	harbor1	chr2	12054367	12054528	SINE/MIR	538	-	80	12054447	46303
chr2	12008144	12208144	harbor1	chr2	12057886	12058103	SINE/MIR	551	-	108	12057994	49850
chr2	12008144	12208144	harbor1	chr2	12071995	12072204	SINE/MIR	578	-	104	12072099	63955
chr2	12008144	12208144	harbor1	chr2	12073278	12073506	SINE/MIR	1090	-	114	12073392	65248
chr2	12008144	12208144	harbor1	chr2	12073586	12073720	SINE/MIR	402	-	67	12073653	65509
chr2	12008144	12208144	harbor1	chr2	12097447	12097612	SINE/MIR	416	-	82	12097529	89385
chr2	12008144	12208144	harbor1	chr2	12107705	12107950	SINE/MIR	440	-	122	12107827	99683
chr2	8525035	8725035	harbor1	chr2	8533353	8533465	SINE/MIR	458	-	56	8533409	8374
chr2	8525035	8725035	harbor1	chr2	8542450	8542654	SINE/MIR	533	-	102	8542552	17517
chr2	8525035	8725035	harbor1	chr2	8544423	8544634	SINE/MIR	447	-	106	8544529	19494
chr2	8525035	8725035	harbor1	chr2	8550164	8550386	SINE/MIR	916	-	111	8550275	25240
chr2	8525035	8725035	harbor1	chr2	8580063	8580221	SINE/MIR	499	-	79	8580142	55107
chr2	8525035	8725035	harbor1	chr2	8585419	8585520	SINE/MIR	462	-	50	8585469	60434
chr2	8525035	8725035	harbor1	chr2	8585818	8585889	SINE/MIR	462	-	36	8585854	60819
chr2	228757478	228957478	harbor1	chr2	228793573	228793804	SINE/MIR	569	-	116	228793689	36211
chr2	228757478	228957478	harbor1	chr2	228795186	228795373	SINE/MIR	549	-	94	228795280	37802
chr2	228757478	228957478	harbor1	chr2	228795931	228796139	SINE/MIR	420	-	104	228796035	38557
chr2	228757478	228957478	harbor1	chr2	228838339	228838481	SINE/MIR	462	-	71	228838410	80932
chr2	228757478	228957478	harbor1	chr2	228848264	228848430	SINE/MIR	631	-	83	228848347	90869
chr2	196739891	196939891	harbor1	chr2	196771506	196771707	SINE/MIR	784	-	100	196771606	31715
chr2	196739891	196939891	harbor1	chr2	196772258	196772275	SINE/MIR	631	-	8	196772266	32375
chr2	196739891	196939891	harbor1	chr2	196772580	196772787	SINE/MIR	828	-	104	196772684	32793
chr2	196739891	196939891	harbor1	chr2	196823763	196823948	SINE/MIR	469	-	92	196823855	83964
chr2	42983160	43183160	harbor1	chr2	42996473	42996706	SINE/MIR	724	-	116	42996589	13429
chr2	42983160	43183160	harbor1	chr2	43059164	43059378	SINE/MIR	793	-	107	43059271	76111
chr2	42983160	43183160	harbor1	chr2	43060411	43060590	SINE/MIR	475	-	90	43060501	77341
chr2	42983160	43183160	harbor1	chr2	43064700	43064910	SINE/MIR	570	-	105	43064805	81645
chr2	42983160	43183160	harbor1	chr2	43065630	43065847	SINE/MIR	495	-	108	43065738	82578
chr2	42983160	43183160	harbor1	chr2	43068648	43068836	SINE/MIR	564	-	94	43068742	85582
chr2	42983160	43183160	harbor1	chr2	43081049	43081287	SINE/MIR	651	-	119	43081168	98008
chr2	151693818	151893818	harbor1	chr2	151758226	151758296	SINE/MIR	636	-	35	151758261	64443
chr2	151693818	151893818	harbor1	chr2	151758607	151758802	SINE/MIR	636	-	98	151758705	64887
chr2	151693818	151893818	harbor1	chr2	151766269	151766422	SINE/MIR	417	-	76	151766345	72527
chr2	151693818	151893818	harbor1	chr2	151781064	151781238	SINE/MIR	755	-	87	151781151	87333
chr2	210988091	211188091	harbor1	chr2	211008114	211008336	SINE/MIR	841	-	111	211008225	20134
chr2	210988091	211188091	harbor1	chr2	211037853	211038080	SINE/MIR	619	-	114	211037967	49876
chr2	111387730	111587730	harbor1	chr2	111399072	111399170	SINE/MIR	447	-	49	111399121	11391
chr2	111387730	111587730	harbor1	chr2	111399914	111400031	SINE/MIR	447	-	58	111399972	12242
chr2	111387730	111587730	harbor1	chr2	111412488	111412661	SINE/MIR	505	-	86	111412574	24844
chr2	111387730	111587730	harbor1	chr2	111470103	111470256	SINE/MIR	580	-	76	111470179	82449
chr2	111387730	111587730	harbor1	chr2	111485895	111486110	SINE/MIR	700	-	108	111486003	98273
chr2	177966827	178166827	harbor1	chr2	177967756	177967870	SINE/MIR	405	-	57	177967813	986
chr2	177966827	178166827	harbor1	chr2	177967941	177968077	SINE/MIR	423	-	68	177968009	1182
chr2	177966827	178166827	harbor1	chr2	177984627	177984852	SINE/MIR	411	-	112	177984739	17912
chr2	177966827	178166827	harbor1	chr2	178010056	178010274	SINE/MIR	509	-	109	178010165	43338
chr2	177966827	178166827	harbor1	chr2	178011708	178011939	SINE/MIR	570	-	116	178011824	44997
chr2	177966827	178166827	harbor1	chr2	178043667	178043913	SINE/MIR	763	-	123	178043790	76963
chr2	48504407	48704407	harbor1	chr2	48518556	48518801	SINE/MIR	909	-	122	48518678	14271
chr2	48504407	48704407	harbor1	chr2	48534231	48534440	SINE/MIR	501	-	104	48534335	29928
chr2	48504407	48704407	harbor1	chr2	48559172	48559232	SINE/MIR	513	-	30	48559202	54795
chr2	48504407	48704407	harbor1	chr2	48559588	48559738	SINE/MIR	513	-	75	48559663	55256
chr2	48504407	48704407	harbor1	chr2	48589911	48590027	SINE/MIR	449	-	58	48589969	85562
chr2	219367382	219567382	harbor1	chr2	219381014	219381230	SINE/MIR	767	-	108	219381122	13740
chr2	219367382	219567382	harbor1	chr2	219388767	219388990	SINE/MIR	488	-	112	219388879	21497
chr2	219367382	219567382	harbor1	chr2	219403702	219403932	SINE/MIR	867	-	115	219403817	36435
chr2	219367382	219567382	harbor1	chr2	219406471	219406653	SINE/MIR	708	-	91	219406562	39180
chr2	219367382	219567382	harbor1	chr2	219438211	219438417	SINE/MIR	434	-	103	219438314	70932
chr2	219367382	219567382	harbor1	chr2	219450196	219450419	SINE/MIR	554	-	112	219450308	82926
chr2	219367382	219567382	harbor1	chr2	219455138	219455281	SINE/MIR	509	-	72	219455210	87828
chr2	219367382	219567382	harbor1	chr2	219464688	219464804	SINE/MIR	421	-	58	219464746	97364
chr2	123804371	124004371	harbor1	chr2	123896127	123896332	SINE/MIR	636	-	102	123896229	91858
chr2	182098878	182298878	harbor1	chr2	182132938	182133126	SINE/MIR	510	-	94	182133032	34154
chr2	182098878	182298878	harbor1	chr2	182150994	182151098	SINE/MIR	403	-	52	182151046	52168
chr2	182098878	182298878	harbor1	chr2	182151405	182151502	SINE/MIR	403	-	48	182151453	52575
chr2	182098878	182298878	harbor1	chr2	182159988	182160201	SINE/MIR	860	-	106	182160094	61216
chr2	131662940	131862940	harbor1	chr2	131708918	131709103	SINE/MIR	493	-	92	131709010	46070
chr2	131662940	131862940	harbor1	chr2	131731578	131731760	SINE/MIR	472	-	91	131731669	68729
chr2	120304716	120504716	harbor1	chr2	120355158	120355345	SINE/MIR	445	-	94	120355252	50536
chr2	120304716	120504716	harbor1	chr2	120355962	120356166	SINE/MIR	582	-	102	120356064	51348
chr2	120304716	120504716	harbor1	chr2	120360660	120360935	SINE/MIR	640	-	138	120360798	56082
chr2	120304716	120504716	harbor1	chr2	120373835	120373998	SINE/MIR	444	-	82	120373917	69201
chr2	120304716	120504716	harbor1	chr2	120376700	120376895	SINE/MIR	413	-	98	120376798	72082
chr2	120304716	120504716	harbor1	chr2	120378670	120378813	SINE/MIR	458	-	72	120378742	74026
chr2	120304716	120504716	harbor1	chr2	120382646	120382869	SINE/MIR	477	-	112	120382758	78042
chr2	120304716	120504716	harbor1	chr2	120385807	120386039	SINE/MIR	685	-	116	120385923	81207
chr2	228621887	228821887	harbor1	chr2	228625489	228625660	SINE/MIR	476	-	86	228625575	3688
chr2	228621887	228821887	harbor1	chr2	228637178	228637423	SINE/MIR	630	-	122	228637300	15413
chr2	228621887	228821887	harbor1	chr2	228640114	228640379	SINE/MIR	657	-	132	228640246	18359
chr2	108179000	108379000	harbor1	chr2	108180955	108181181	SINE/MIR	480	-	113	108181068	2068
chr2	108179000	108379000	harbor1	chr2	108183288	108183475	SINE/MIR	606	-	94	108183382	4382
chr2	183461566	183661566	harbor1	chr2	183476126	183476295	SINE/MIR	482	-	84	183476210	14644
chr2	183461566	183661566	harbor1	chr2	183485449	183485627	SINE/MIR	502	-	89	183485538	23972
chr2	183461566	183661566	harbor1	chr2	183487712	183487854	SINE/MIR	475	-	71	183487783	26217
chr2	206499367	206699367	harbor1	chr2	206505277	206505376	SINE/MIR	481	-	50	206505327	5960
chr2	206499367	206699367	harbor1	chr2	206505758	206505814	SINE/MIR	481	-	28	206505786	6419
chr2	206499367	206699367	harbor1	chr2	206564500	206564730	SINE/MIR	552	-	115	206564615	65248
chr2	206499367	206699367	harbor1	chr2	206596704	206596897	SINE/MIR	420	-	96	206596800	97433
chr2	10400980	10600980	harbor1	chr2	10405005	10405223	SINE/MIR	490	-	109	10405114	4134
chr2	10400980	10600980	harbor1	chr2	10431548	10431781	SINE/MIR	577	-	116	10431664	30684
chr2	10400980	10600980	harbor1	chr2	10470497	10470679	SINE/MIR	510	-	91	10470588	69608
chr2	10400980	10600980	harbor1	chr2	10497584	10497753	SINE/MIR	482	-	84	10497668	96688
chr2	16903119	17103119	harbor1	chr2	16930736	16930971	SINE/MIR	559	-	118	16930854	27735
chr2	16903119	17103119	harbor1	chr2	16965456	16965613	SINE/MIR	591	-	78	16965534	62415
chr2	129595732	129795732	harbor1	chr2	129679637	129679857	SINE/MIR	765	-	110	129679747	84015
chr2	52725972	52925972	harbor1	chr2	52735208	52735468	SINE/MIR	607	-	130	52735338	9366
chr2	52725972	52925972	harbor1	chr2	52737371	52737565	SINE/MIR	567	-	97	52737468	11496
chr2	52725972	52925972	harbor1	chr2	52778338	52778550	SINE/MIR	473	-	106	52778444	52472
chr2	52725972	52925972	harbor1	chr2	52801288	52801513	SINE/MIR	621	-	112	52801400	75428
chr2	52725972	52925972	harbor1	chr2	52805853	52806064	SINE/MIR	696	-	106	52805959	79987
chr2	22832731	23032731	harbor1	chr2	22845244	22845487	SINE/MIR	609	-	122	22845366	12635
chr2	22832731	23032731	harbor1	chr2	22881119	22881271	SINE/MIR	586	-	76	22881195	48464
chr2	22832731	23032731	harbor1	chr2	22881577	22881674	SINE/MIR	586	-	48	22881625	48894
chr2	144650612	144850612	harbor1	chr2	144659489	144659626	SINE/MIR	467	-	68	144659557	8945
chr2	144650612	144850612	harbor1	chr2	144686583	144686742	SINE/MIR	455	-	80	144686663	36051
chr2	144650612	144850612	harbor1	chr2	144696485	144696678	SINE/MIR	716	-	96	144696581	45969
chr2	144650612	144850612	harbor1	chr2	144702756	144702996	SINE/MIR	492	-	120	144702876	52264
chr2	144650612	144850612	harbor1	chr2	144728808	144728920	SINE/MIR	413	-	56	144728864	78252
chr2	51764969	51964969	harbor1	chr2	51777336	51777558	SINE/MIR	421	-	111	51777447	12478
chr2	51764969	51964969	harbor1	chr2	51784723	51784893	SINE/MIR	418	-	85	51784808	19839
chr2	51764969	51964969	harbor1	chr2	51831544	51831751	SINE/MIR	444	-	104	51831648	66679
chr2	51764969	51964969	harbor1	chr2	51857319	51857443	SINE/MIR	444	-	62	51857381	92412
chr2	228468482	228668482	harbor1	chr2	228486479	228486716	SINE/MIR	713	-	118	228486597	18115
chr2	228468482	228668482	harbor1	chr2	228488815	228489055	SINE/MIR	494	-	120	228488935	20453
chr2	228468482	228668482	harbor1	chr2	228531181	228531361	SINE/MIR	521	-	90	228531271	62789
chr2	228468482	228668482	harbor1	chr2	228541728	228541951	SINE/MIR	566	-	112	228541840	73358
chr2	31347144	31547144	harbor1	chr2	31371281	31371422	SINE/MIR	410	-	70	31371351	24207
chr2	31347144	31547144	harbor1	chr2	31373015	31373287	SINE/MIR	854	-	136	31373151	26007
chr2	31347144	31547144	harbor1	chr2	31375771	31375997	SINE/MIR	578	-	113	31375884	28740
chr2	31347144	31547144	harbor1	chr2	31379517	31379629	SINE/MIR	415	-	56	31379573	32429
chr2	31347144	31547144	harbor1	chr2	31383190	31383399	SINE/MIR	486	-	104	31383294	36150
chr2	31347144	31547144	harbor1	chr2	31384188	31384337	SINE/MIR	687	-	74	31384262	37118
chr2	31347144	31547144	harbor1	chr2	31386077	31386216	SINE/MIR	406	-	70	31386147	39003
chr2	31347144	31547144	harbor1	chr2	31421621	31421766	SINE/MIR	610	-	72	31421693	74549
chr2	31347144	31547144	harbor1	chr2	31425551	31425741	SINE/MIR	478	-	95	31425646	78502
chr2	18775325	18975325	harbor1	chr2	18814766	18814935	SINE/MIR	415	-	84	18814850	39525
chr2	18775325	18975325	harbor1	chr2	18841619	18841838	SINE/MIR	493	-	110	18841729	66404
chr2	62567769	62767769	harbor1	chr2	62592928	62593158	SINE/MIR	891	-	115	62593043	25274
chr2	62567769	62767769	harbor1	chr2	62661823	62662064	SINE/MIR	841	-	120	62661943	94174
chr2	11573956	11773956	harbor1	chr2	11579476	11579688	SINE/MIR	792	-	106	11579582	5626
chr2	11573956	11773956	harbor1	chr2	11601674	11601916	SINE/MIR	497	-	121	11601795	27839
chr2	11573956	11773956	harbor1	chr2	11602906	11603138	SINE/MIR	691	-	116	11603022	29066
chr2	11573956	11773956	harbor1	chr2	11603803	11604035	SINE/MIR	741	-	116	11603919	29963
chr2	11573956	11773956	harbor1	chr2	11604597	11604752	SINE/MIR	426	-	78	11604675	30719
chr2	11573956	11773956	harbor1	chr2	11613350	11613510	SINE/MIR	446	-	80	11613430	39474
chr2	11573956	11773956	harbor1	chr2	11614079	11614125	SINE/MIR	405	-	23	11614102	40146
chr2	11573956	11773956	harbor1	chr2	11614427	11614543	SINE/MIR	405	-	58	11614485	40529
chr2	11573956	11773956	harbor1	chr2	11652090	11652334	SINE/MIR	729	-	122	11652212	78256
chr2	11573956	11773956	harbor1	chr2	11656237	11656345	SINE/MIR	408	-	54	11656291	82335
chr2	11573956	11773956	harbor1	chr2	11658189	11658390	SINE/MIR	419	-	100	11658289	84333
chr2	222226995	222426995	harbor1	chr2	222237131	222237268	SINE/MIR	423	-	68	222237199	10204
chr2	222226995	222426995	harbor1	chr2	222252298	222252506	SINE/MIR	579	-	104	222252402	25407
chr2	222226995	222426995	harbor1	chr2	222310456	222310642	SINE/MIR	494	-	93	222310549	83554
chr2	222226995	222426995	harbor1	chr2	222315526	222315767	SINE/MIR	522	-	120	222315646	88651
chr2	169953247	170153247	harbor1	chr2	169966996	169967151	SINE/MIR	454	-	78	169967074	13827
chr2	169953247	170153247	harbor1	chr2	170017837	170018046	SINE/MIR	764	-	104	170017941	64694
chr2	169953247	170153247	harbor1	chr2	170033275	170033520	SINE/MIR	663	-	122	170033397	80150
chr2	180103780	180303780	harbor1	chr2	180110194	180110458	SINE/MIR	467	-	132	180110326	6546
chr2	180103780	180303780	harbor1	chr2	180147247	180147401	SINE/MIR	546	-	77	180147324	43544
chr2	180103780	180303780	harbor1	chr2	180188808	180188956	SINE/MIR	450	-	74	180188882	85102
chr2	77170951	77370951	harbor1	chr2	77199228	77199435	SINE/MIR	503	-	104	77199332	28381
chr2	77170951	77370951	harbor1	chr2	77251510	77251757	SINE/MIR	603	-	124	77251634	80683
chr2	34598659	34798659	harbor1	chr2	34619842	34620057	SINE/MIR	402	-	108	34619950	21291
chr2	34598659	34798659	harbor1	chr2	34664615	34664783	SINE/MIR	480	-	84	34664699	66040
chr2	142863623	143063623	harbor1	chr2	142876729	142876848	SINE/MIR	401	-	60	142876789	13166
chr2	45392992	45592992	harbor1	chr2	45396037	45396174	SINE/MIR	469	-	68	45396105	3113
chr2	45392992	45592992	harbor1	chr2	45400688	45400876	SINE/MIR	690	-	94	45400782	7790
chr2	225119816	225319816	harbor1	chr2	225216563	225216763	SINE/MIR	532	-	100	225216663	96847
chr2	131040448	131240448	harbor1	chr2	131108006	131108179	SINE/MIR	581	-	86	131108092	67644
chr2	131040448	131240448	harbor1	chr2	131108820	131109012	SINE/MIR	435	-	96	131108916	68468
chr2	131040448	131240448	harbor1	chr2	131122472	131122671	SINE/MIR	423	-	100	131122572	82124
chr2	131040448	131240448	harbor1	chr2	131139809	131139951	SINE/MIR	438	-	71	131139880	99432
chr2	217859532	218059532	harbor1	chr2	217868558	217868806	SINE/MIR	770	-	124	217868682	9150
chr2	217859532	218059532	harbor1	chr2	217874435	217874567	SINE/MIR	472	-	66	217874501	14969
chr2	217859532	218059532	harbor1	chr2	217874703	217874947	SINE/MIR	480	-	122	217874825	15293
chr2	217859532	218059532	harbor1	chr2	217896002	217896233	SINE/MIR	694	-	116	217896118	36586
chr2	217859532	218059532	harbor1	chr2	217906561	217906739	SINE/MIR	644	-	89	217906650	47118
chr2	217859532	218059532	harbor1	chr2	217910798	217910971	SINE/MIR	497	-	86	217910884	51352
chr2	217859532	218059532	harbor1	chr2	217911551	217911776	SINE/MIR	586	-	112	217911663	52131
chr2	217859532	218059532	harbor1	chr2	217921752	217921969	SINE/MIR	868	-	108	217921860	62328
chr2	217859532	218059532	harbor1	chr2	217924605	217924799	SINE/MIR	542	-	97	217924702	65170
chr2	217859532	218059532	harbor1	chr2	217926676	217926910	SINE/MIR	424	-	117	217926793	67261
chr2	217859532	218059532	harbor1	chr2	217930146	217930330	SINE/MIR	489	-	92	217930238	70706
chr2	217859532	218059532	harbor1	chr2	217932529	217932675	SINE/MIR	534	-	73	217932602	73070
chr2	217859532	218059532	harbor1	chr2	217933998	217934182	SINE/MIR	601	-	92	217934090	74558
chr2	217859532	218059532	harbor1	chr2	217934886	217935083	SINE/MIR	427	-	98	217934984	75452
chr2	217859532	218059532	harbor1	chr2	217935798	217935952	SINE/MIR	464	-	77	217935875	76343
chr2	217859532	218059532	harbor1	chr2	217936783	217936924	SINE/MIR	564	-	70	217936853	77321
chr2	217859532	218059532	harbor1	chr2	217939060	217939291	SINE/MIR	879	-	116	217939176	79644
chr2	217859532	218059532	harbor1	chr2	217951357	217951506	SINE/MIR	499	-	74	217951431	91899
chr2	217859532	218059532	harbor1	chr2	217952159	217952405	SINE/MIR	558	-	123	217952282	92750
chr2	217859532	218059532	harbor1	chr2	217954419	217954638	SINE/MIR	448	-	110	217954529	94997
chr2	217859532	218059532	harbor1	chr2	217958534	217958744	SINE/MIR	548	-	105	217958639	99107
chr2	217859532	218059532	harbor1	chr2	217923383	217923585	SINE/MIR	737	-	101	217923484	63952
chr2	30065287	30265287	harbor1	chr2	30150284	30150495	SINE/MIR	485	-	106	30150390	85103
chr2	143626257	143826257	harbor1	chr2	143638896	143639088	SINE/MIR	503	-	96	143638992	12735
chr2	143626257	143826257	harbor1	chr2	143669071	143669314	SINE/MIR	668	-	122	143669193	42936
chr2	197297994	197497994	harbor1	chr2	197303279	197303440	SINE/MIR	470	-	80	197303359	5365
chr2	197297994	197497994	harbor1	chr2	197304589	197304677	SINE/MIR	408	-	44	197304633	6639
chr2	197297994	197497994	harbor1	chr2	197386771	197387004	SINE/MIR	874	-	116	197386887	88893
chr2	239109184	239309184	harbor1	chr2	239152882	239153063	SINE/MIR	534	-	90	239152972	43788
chr2	214653290	214853290	harbor1	chr2	214682030	214682211	SINE/MIR	401	-	90	214682120	28830
chr2	214653290	214853290	harbor1	chr2	214734859	214734888	SINE/MIR	438	-	14	214734873	81583
chr2	214653290	214853290	harbor1	chr2	214735534	214735673	SINE/MIR	438	-	70	214735604	82314
chr2	177463313	177663313	harbor1	chr2	177495357	177495479	SINE/MIR	404	-	61	177495418	32105
chr2	177463313	177663313	harbor1	chr2	177526818	177527043	SINE/MIR	457	-	112	177526930	63617
chr2	177463313	177663313	harbor1	chr2	177545833	177546002	SINE/MIR	482	-	84	177545917	82604
chr2	233118757	233318757	harbor1	chr2	233167006	233167090	SINE/MIR	500	-	42	233167048	48291
chr2	233118757	233318757	harbor1	chr2	233167389	233167541	SINE/MIR	500	-	76	233167465	48708
chr2	233118757	233318757	harbor1	chr2	233190146	233190332	SINE/MIR	610	-	93	233190239	71482
chr2	214443970	214643970	harbor1	chr2	214504720	214504862	SINE/MIR	446	-	71	214504791	60821
chr2	214443970	214643970	harbor1	chr2	214540212	214540460	SINE/MIR	413	-	124	214540336	96366
chr2	171238831	171438831	harbor1	chr2	171250309	171250466	SINE/MIR	415	-	78	171250387	11556
chr2	171238831	171438831	harbor1	chr2	171275266	171275434	SINE/MIR	402	-	84	171275350	36519
chr2	171238831	171438831	harbor1	chr2	171285493	171285650	SINE/MIR	521	-	78	171285571	46740
chr2	171238831	171438831	harbor1	chr2	171299390	171299529	SINE/MIR	479	-	70	171299460	60629
chr2	171238831	171438831	harbor1	chr2	171300275	171300413	SINE/MIR	447	-	69	171300344	61513
chr2	171238831	171438831	harbor1	chr2	171309246	171309472	SINE/MIR	591	-	113	171309359	70528
chr2	127777920	127977920	harbor1	chr2	127808201	127808389	SINE/MIR	462	-	94	127808295	30375
chr2	127777920	127977920	harbor1	chr2	127845798	127845967	SINE/MIR	461	-	84	127845882	67962
chr2	127777920	127977920	harbor1	chr2	127866217	127866451	SINE/MIR	677	-	117	127866334	88414
chr2	22667688	22867688	harbor1	chr2	22670937	22671138	SINE/MIR	516	-	100	22671037	3349
chr2	22667688	22867688	harbor1	chr2	22671469	22671695	SINE/MIR	501	-	113	22671582	3894
chr2	22667688	22867688	harbor1	chr2	22690664	22690873	SINE/MIR	644	-	104	22690768	23080
chr2	22667688	22867688	harbor1	chr2	22691560	22691723	SINE/MIR	643	-	82	22691642	23954
chr2	229108911	229308911	harbor1	chr2	229169812	229169931	SINE/MIR	494	-	60	229169872	60961
chr2	61144459	61344459	harbor1	chr2	61173173	61173350	SINE/MIR	452	-	88	61173261	28802
chr2	110650625	110850625	harbor1	chr2	110713232	110713430	SINE/MIR	438	-	99	110713331	62706
chr2	162356072	162556072	harbor1	chr2	162367784	162368008	SINE/MIR	662	-	112	162367896	11824
chr2	162356072	162556072	harbor1	chr2	162383806	162383963	SINE/MIR	467	-	78	162383884	27812
chr2	162356072	162556072	harbor1	chr2	162397692	162397937	SINE/MIR	559	-	122	162397814	41742
chr2	19182034	19382034	harbor1	chr2	19215100	19215349	SINE/MIR	796	-	124	19215224	33190
chr2	19182034	19382034	harbor1	chr2	19221771	19221910	SINE/MIR	467	-	70	19221841	39807
chr2	19182034	19382034	harbor1	chr2	19233356	19233606	SINE/MIR	512	-	125	19233481	51447
chr2	19182034	19382034	harbor1	chr2	19261791	19262036	SINE/MIR	598	-	122	19261913	79879
chr2	19182034	19382034	harbor1	chr2	19271583	19271758	SINE/MIR	684	-	88	19271671	89637
chr2	19182034	19382034	harbor1	chr2	19273359	19273540	SINE/MIR	485	-	90	19273449	91415
chr2	34046236	34246236	harbor1	chr2	34075857	34076019	SINE/MIR	450	-	81	34075938	29702
chr2	34046236	34246236	harbor1	chr2	34078721	34078939	SINE/MIR	521	-	109	34078830	32594
chr2	34046236	34246236	harbor1	chr2	34099307	34099467	SINE/MIR	758	-	80	34099387	53151
chr2	34046236	34246236	harbor1	chr2	34099838	34099916	SINE/MIR	758	-	39	34099877	53641
chr2	189501373	189701373	harbor1	chr2	189521637	189521843	SINE/MIR	682	-	103	189521740	20367
chr2	189501373	189701373	harbor1	chr2	189550523	189550736	SINE/MIR	596	-	106	189550629	49256
chr2	189501373	189701373	harbor1	chr2	189585346	189585606	SINE/MIR	870	-	130	189585476	84103
chr2	189501373	189701373	harbor1	chr2	189597290	189597384	SINE/MIR	405	-	47	189597337	95964
chr2	37675894	37875894	harbor1	chr2	37682211	37682340	SINE/MIR	502	-	64	37682275	6381
chr2	37675894	37875894	harbor1	chr2	37729535	37729700	SINE/MIR	406	-	82	37729617	53723
chr2	37675894	37875894	harbor1	chr2	37754681	37754796	SINE/MIR	434	-	58	37754739	78845
chr2	37675894	37875894	harbor1	chr2	37759132	37759273	SINE/MIR	445	-	70	37759202	83308
chr2	188891338	189091338	harbor1	chr2	188903794	188904033	SINE/MIR	854	-	120	188903914	12576
chr2	188891338	189091338	harbor1	chr2	188933404	188933542	SINE/MIR	519	-	69	188933473	42135
chr2	188891338	189091338	harbor1	chr2	188944988	188945136	SINE/MIR	416	-	74	188945062	53724
chr2	179578651	179778651	harbor1	chr2	179579756	179579976	SINE/MIR	596	-	110	179579866	1215
chr2	179578651	179778651	harbor1	chr2	179586433	179586591	SINE/MIR	462	-	79	179586512	7861
chr2	179578651	179778651	harbor1	chr2	179603567	179603798	SINE/MIR	404	-	116	179603683	25032
chr2	179578651	179778651	harbor1	chr2	179656203	179656457	SINE/MIR	649	-	127	179656330	77679
chr2	179578651	179778651	harbor1	chr2	179669140	179669285	SINE/MIR	596	-	72	179669212	90561
chr2	169077780	169277780	harbor1	chr2	169088611	169088722	SINE/MIR	549	-	56	169088667	10887
chr2	169077780	169277780	harbor1	chr2	169092776	169093008	SINE/MIR	660	-	116	169092892	15112
chr2	169077780	169277780	harbor1	chr2	169101010	169101195	SINE/MIR	527	-	92	169101102	23322
chr2	169077780	169277780	harbor1	chr2	169108511	169108682	SINE/MIR	476	-	86	169108597	30817
chr2	169077780	169277780	harbor1	chr2	169109455	169109692	SINE/MIR	444	-	118	169109573	31793
chr2	169077780	169277780	harbor1	chr2	169129575	169129727	SINE/MIR	508	-	76	169129651	51871
chr2	169077780	169277780	harbor1	chr2	169137953	169138180	SINE/MIR	522	-	114	169138067	60287
chr2	169077780	169277780	harbor1	chr2	169153533	169153733	SINE/MIR	575	-	100	169153633	75853
chr2	199086750	199286750	harbor1	chr2	199089322	199089556	SINE/MIR	424	-	117	199089439	2689
chr2	199086750	199286750	harbor1	chr2	199105850	199106084	SINE/MIR	465	-	117	199105967	19217
chr2	199086750	199286750	harbor1	chr2	199114508	199114731	SINE/MIR	920	-	112	199114620	27870
chr2	199086750	199286750	harbor1	chr2	199120615	199120829	SINE/MIR	518	-	107	199120722	33972
chr2	102970028	103170028	harbor1	chr2	102978702	102978926	SINE/MIR	538	-	112	102978814	8786
chr2	102970028	103170028	harbor1	chr2	102983327	102983515	SINE/MIR	489	-	94	102983421	13393
chr2	190575386	190775386	harbor1	chr2	190604521	190604703	SINE/MIR	510	-	91	190604612	29226
chr2	190597983	190797983	harbor1	chr2	190604521	190604703	SINE/MIR	510	-	91	190604612	6629
chr2	190597983	190797983	harbor1	chr2	190677608	190677827	SINE/MIR	419	-	110	190677718	79735
chr2	190597983	190797983	harbor1	chr2	190680846	190681072	SINE/MIR	859	-	113	190680959	82976
chr2	190597983	190797983	harbor1	chr2	190682221	190682418	SINE/MIR	679	-	98	190682319	84336
chr2	190597983	190797983	harbor1	chr2	190689883	190690014	SINE/MIR	406	-	66	190689949	91966
chr2	15138323	15338323	harbor1	chr2	15143195	15143355	SINE/MIR	404	-	80	15143275	4952
chr2	15138323	15338323	harbor1	chr2	15191511	15191672	SINE/MIR	451	-	80	15191591	53268
chr2	15138323	15338323	harbor1	chr2	15213043	15213178	SINE/MIR	511	-	68	15213111	74788
chr2	15138323	15338323	harbor1	chr2	15232880	15233000	SINE/MIR	411	-	60	15232940	94617
chr2	15138323	15338323	harbor1	chr2	15235150	15235378	SINE/MIR	590	-	114	15235264	96941
chr2	45233566	45433566	harbor1	chr2	45239206	45239361	SINE/MIR	536	-	78	45239284	5718
chr2	45233566	45433566	harbor1	chr2	45253605	45253856	SINE/MIR	963	-	126	45253731	20165
chr2	45233566	45433566	harbor1	chr2	45277495	45277686	SINE/MIR	636	-	96	45277591	44025
chr2	45233566	45433566	harbor1	chr2	45280064	45280247	SINE/MIR	512	-	92	45280156	46590
chr2	45233566	45433566	harbor1	chr2	45296020	45296207	SINE/MIR	453	-	94	45296114	62548
chr2	45233566	45433566	harbor1	chr2	45316234	45316448	SINE/MIR	417	-	107	45316341	82775
chr2	170846863	171046863	harbor1	chr2	170877060	170877307	SINE/MIR	773	-	124	170877184	30321
chr2	170846863	171046863	harbor1	chr2	170890255	170890416	SINE/MIR	598	-	80	170890335	43472
chr2	170846863	171046863	harbor1	chr2	170943416	170943653	SINE/MIR	610	-	118	170943534	96671
chr2	170846863	171046863	harbor1	chr2	170852238	170852438	SINE/MIR	605	-	100	170852338	5475
chr2	54040615	54240615	harbor1	chr2	54055430	54055672	SINE/MIR	617	-	121	54055551	14936
chr2	54040615	54240615	harbor1	chr2	54077739	54077865	SINE/MIR	475	-	63	54077802	37187
chr2	54040615	54240615	harbor1	chr2	54118862	54119051	SINE/MIR	525	-	94	54118956	78341
chr2	54040615	54240615	harbor1	chr2	54139539	54139642	SINE/MIR	465	-	52	54139591	98976
chr2	191969839	192169839	harbor1	chr2	192003212	192003333	SINE/MIR	440	-	60	192003272	33433
chr2	191969839	192169839	harbor1	chr2	192031511	192031704	SINE/MIR	574	-	96	192031607	61768
chr2	18220720	18420720	harbor1	chr2	18238119	18238346	SINE/MIR	774	-	114	18238233	17513
chr2	18220720	18420720	harbor1	chr2	18280677	18280846	SINE/MIR	515	-	84	18280761	60041
chr2	102050179	102250179	harbor1	chr2	102061978	102062038	SINE/MIR	454	-	30	102062008	11829
chr2	102050179	102250179	harbor1	chr2	102063577	102063690	SINE/MIR	422	-	56	102063633	13454
chr2	102050179	102250179	harbor1	chr2	102101240	102101380	SINE/MIR	422	-	70	102101310	51131
chr2	102050179	102250179	harbor1	chr2	102109048	102109182	SINE/MIR	425	-	67	102109115	58936
chr2	102050179	102250179	harbor1	chr2	102109270	102109491	SINE/MIR	428	-	110	102109380	59201
chr2	102050179	102250179	harbor1	chr2	102128468	102128681	SINE/MIR	686	-	106	102128574	78395
chr2	2388272	2588272	harbor1	chr2	2446945	2447171	SINE/MIR	690	-	113	2447058	58786
chr2	186354208	186554208	harbor1	chr2	186417155	186417311	SINE/MIR	609	-	78	186417233	63025
chr2	223999586	224199586	harbor1	chr2	224028294	224028467	SINE/MIR	416	-	86	224028380	28794
chr2	223999586	224199586	harbor1	chr2	224094113	224094302	SINE/MIR	414	-	94	224094207	94621
chr2	166610858	166810858	harbor1	chr2	166668264	166668454	SINE/MIR	436	-	95	166668359	57501
chr2	228586400	228786400	harbor1	chr2	228625489	228625660	SINE/MIR	476	-	86	228625575	39175
chr2	228586400	228786400	harbor1	chr2	228637178	228637423	SINE/MIR	630	-	122	228637300	50900
chr2	228586400	228786400	harbor1	chr2	228640114	228640379	SINE/MIR	657	-	132	228640246	53846
chr2	24166311	24366311	harbor1	chr2	24202558	24202713	SINE/MIR	410	-	78	24202636	36325
chr2	24166311	24366311	harbor1	chr2	24205775	24205991	SINE/MIR	652	-	108	24205883	39572
chr2	24166311	24366311	harbor1	chr2	24213975	24214114	SINE/MIR	460	-	70	24214045	47734
chr2	24166311	24366311	harbor1	chr2	24218643	24218800	SINE/MIR	496	-	78	24218721	52410
chr2	24166311	24366311	harbor1	chr2	24249569	24249786	SINE/MIR	982	-	108	24249677	83366
chr2	54060360	54260360	harbor1	chr2	54077739	54077865	SINE/MIR	475	-	63	54077802	17442
chr2	54060360	54260360	harbor1	chr2	54118862	54119051	SINE/MIR	525	-	94	54118956	58596
chr2	54060360	54260360	harbor1	chr2	54139539	54139642	SINE/MIR	465	-	52	54139591	79231
chr2	130227564	130427564	harbor1	chr2	130305958	130306159	SINE/MIR	433	-	100	130306058	78494
chr2	130227564	130427564	harbor1	chr2	130310599	130310801	SINE/MIR	589	-	101	130310700	83136
chr2	130227564	130427564	harbor1	chr2	130311378	130311533	SINE/MIR	522	-	78	130311456	83892
chr2	130227564	130427564	harbor1	chr2	130311827	130311901	SINE/MIR	522	-	37	130311864	84300
chr2	6687245	6887245	harbor1	chr2	6722233	6722477	SINE/MIR	769	-	122	6722355	35110
chr2	6687245	6887245	harbor1	chr2	6726074	6726286	SINE/MIR	510	-	106	6726180	38935
chr2	6687245	6887245	harbor1	chr2	6750614	6750732	SINE/MIR	427	-	59	6750673	63428
chr2	6687245	6887245	harbor1	chr2	6774958	6775210	SINE/MIR	538	-	126	6775084	87839
chr2	180469937	180669937	harbor1	chr2	180513035	180513091	SINE/MIR	737	-	28	180513063	43126
chr2	180469937	180669937	harbor1	chr2	180513511	180513715	SINE/MIR	737	-	102	180513613	43676
chr2	180469937	180669937	harbor1	chr2	180523106	180523137	SINE/MIR	620	-	16	180523122	53185
chr2	180469937	180669937	harbor1	chr2	180523377	180523583	SINE/MIR	620	-	103	180523480	53543
chr2	99244365	99444365	harbor1	chr2	99256837	99257073	SINE/MIR	949	-	118	99256955	12590
chr2	97693356	97893356	harbor1	chr2	97710134	97710298	SINE/MIR	582	-	82	97710216	16860
chr2	97693356	97893356	harbor1	chr2	97729224	97729359	SINE/MIR	437	-	68	97729292	35936
chr2	97693356	97893356	harbor1	chr2	97733838	97734047	SINE/MIR	477	-	104	97733942	40586
chr2	97693356	97893356	harbor1	chr2	97750066	97750176	SINE/MIR	410	-	55	97750121	56765
chr2	95595556	95795556	harbor1	chr2	95642682	95642888	SINE/MIR	400	-	103	95642785	47229
chr2	95595556	95795556	harbor1	chr2	95669581	95669784	SINE/MIR	475	-	102	95669683	74127
chr2	95595556	95795556	harbor1	chr2	95680115	95680382	SINE/MIR	616	-	134	95680249	84693
chr2	95595556	95795556	harbor1	chr2	95680563	95680769	SINE/MIR	567	-	103	95680666	85110
chr2	95595556	95795556	harbor1	chr2	95681968	95682097	SINE/MIR	486	-	64	95682032	86476
chr2	95595556	95795556	harbor1	chr2	95692882	95692999	SINE/MIR	485	-	58	95692940	97384
chr2	60543293	60743293	harbor1	chr2	60603910	60604140	SINE/MIR	524	-	115	60604025	60732
chr2	60543293	60743293	harbor1	chr2	60629809	60630041	SINE/MIR	519	-	116	60629925	86632
chr2	129152349	129352349	harbor1	chr2	129223115	129223339	SINE/MIR	684	-	112	129223227	70878
chr2	48912957	49112957	harbor1	chr2	48930286	48930429	SINE/MIR	407	-	72	48930358	17401
chr2	48912957	49112957	harbor1	chr2	48940972	48941148	SINE/MIR	562	-	88	48941060	28103
chr2	48912957	49112957	harbor1	chr2	48999185	48999425	SINE/MIR	662	-	120	48999305	86348
chr2	48912957	49112957	harbor1	chr2	49000972	49001122	SINE/MIR	478	-	75	49001047	88090
chr2	48912957	49112957	harbor1	chr2	49001171	49001410	SINE/MIR	742	-	120	49001291	88334
chr2	48912957	49112957	harbor1	chr2	49007777	49007970	SINE/MIR	464	-	96	49007873	94916
chr2	168090572	168290572	harbor1	chr2	168108915	168109102	SINE/MIR	531	-	94	168109009	18437
chr2	168090572	168290572	harbor1	chr2	168156660	168156796	SINE/MIR	467	-	68	168156728	66156
chr2	168090572	168290572	harbor1	chr2	168160516	168160736	SINE/MIR	553	-	110	168160626	70054
chr2	168090572	168290572	harbor1	chr2	168183374	168183558	SINE/MIR	503	-	92	168183466	92894
chr2	22174284	22374284	harbor1	chr2	22174313	22174499	SINE/MIR	427	-	93	22174406	122
chr2	22174284	22374284	harbor1	chr2	22176874	22177091	SINE/MIR	461	-	108	22176982	2698
chr2	45738140	45938140	harbor1	chr2	45748203	45748371	SINE/MIR	702	-	84	45748287	10147
chr2	45738140	45938140	harbor1	chr2	45749627	45749815	SINE/MIR	415	-	94	45749721	11581
chr2	45738140	45938140	harbor1	chr2	45752158	45752396	SINE/MIR	720	-	119	45752277	14137
chr2	45738140	45938140	harbor1	chr2	45773369	45773578	SINE/MIR	535	-	104	45773473	35333
chr2	45738140	45938140	harbor1	chr2	45777553	45777767	SINE/MIR	617	-	107	45777660	39520
chr2	45738140	45938140	harbor1	chr2	45786686	45786928	SINE/MIR	670	-	121	45786807	48667
chr2	45738140	45938140	harbor1	chr2	45805124	45805311	SINE/MIR	705	-	94	45805218	67078
chr2	45738140	45938140	harbor1	chr2	45819132	45819350	SINE/MIR	857	-	109	45819241	81101
chr2	164279231	164479231	harbor1	chr2	164365335	164365583	SINE/MIR	549	-	124	164365459	86228
chr2	164279231	164479231	harbor1	chr2	164374319	164374568	SINE/MIR	868	-	124	164374443	95212
chr2	69268821	69468821	harbor1	chr2	69347450	69347477	SINE/MIR	494	-	14	69347464	78643
chr2	69268821	69468821	harbor1	chr2	69347783	69347877	SINE/MIR	494	-	47	69347830	79009
chr2	76916723	77116723	harbor1	chr2	77003295	77003340	SINE/MIR	643	-	22	77003317	86594
chr2	76916723	77116723	harbor1	chr2	77005851	77006057	SINE/MIR	643	-	103	77005954	89231
chr2	234043830	234243830	harbor1	chr2	234049938	234050049	SINE/MIR	548	-	56	234049994	6164
chr2	234043830	234243830	harbor1	chr2	234068220	234068420	SINE/MIR	441	-	100	234068320	24490
chr2	234043830	234243830	harbor1	chr2	234090638	234090833	SINE/MIR	519	-	98	234090736	46906
chr2	234043830	234243830	harbor1	chr2	234136312	234136474	SINE/MIR	579	-	81	234136393	92563
chr2	29534903	29734903	harbor1	chr2	29544822	29544982	SINE/MIR	411	-	80	29544902	9999
chr2	29534903	29734903	harbor1	chr2	29550121	29550334	SINE/MIR	457	-	106	29550227	15324
chr2	29534903	29734903	harbor1	chr2	29551377	29551612	SINE/MIR	406	-	118	29551495	16592
chr2	29534903	29734903	harbor1	chr2	29623493	29623695	SINE/MIR	862	-	101	29623594	88691
chr2	29534903	29734903	harbor1	chr2	29629656	29629868	SINE/MIR	468	-	106	29629762	94859
chr2	141435450	141635450	harbor1	chr2	141492992	141493246	SINE/MIR	842	-	127	141493119	57669
chr2	141435450	141635450	harbor1	chr2	141499104	141499346	SINE/MIR	521	-	121	141499225	63775
chr2	141435450	141635450	harbor1	chr2	141525749	141525764	SINE/MIR	458	-	8	141525757	90307
chr2	141435450	141635450	harbor1	chr2	141525962	141526138	SINE/MIR	458	-	88	141526050	90600
chr2	33406391	33606391	harbor1	chr2	33440224	33440407	SINE/MIR	491	-	92	33440316	33925
chr2	33406391	33606391	harbor1	chr2	33457631	33457819	SINE/MIR	407	-	94	33457725	51334
chr2	33406391	33606391	harbor1	chr2	33480975	33481143	SINE/MIR	434	-	84	33481059	74668
chr2	33406391	33606391	harbor1	chr2	33484718	33484887	SINE/MIR	418	-	84	33484802	78411
chr2	33406391	33606391	harbor1	chr2	33498168	33498420	SINE/MIR	935	-	126	33498294	91903
chr2	33406391	33606391	harbor1	chr2	33501530	33501650	SINE/MIR	434	-	60	33501590	95199
chr2	133740922	133940922	harbor1	chr2	133744251	133744451	SINE/MIR	563	-	100	133744351	3429
chr2	133740922	133940922	harbor1	chr2	133753190	133753384	SINE/MIR	724	-	97	133753287	12365
chr2	133740922	133940922	harbor1	chr2	133769600	133769854	SINE/MIR	887	-	127	133769727	28805
chr2	133740922	133940922	harbor1	chr2	133769861	133770006	SINE/MIR	473	-	72	133769933	29011
chr2	133740922	133940922	harbor1	chr2	133770341	133770566	SINE/MIR	577	-	112	133770453	29531
chr2	133740922	133940922	harbor1	chr2	133821574	133821722	SINE/MIR	464	-	74	133821648	80726
chr2	133740922	133940922	harbor1	chr2	133829871	133830105	SINE/MIR	601	-	117	133829988	89066
chr2	133740922	133940922	harbor1	chr2	133838255	133838417	SINE/MIR	683	-	81	133838336	97414
chr2	133740922	133940922	harbor1	chr2	133838705	133838870	SINE/MIR	601	-	82	133838787	97865
chr2	65955052	66155052	harbor1	chr2	65977302	65977407	SINE/MIR	416	-	52	65977354	22302
chr2	65955052	66155052	harbor1	chr2	66008937	66009164	SINE/MIR	426	-	114	66009051	53999
chr2	65955052	66155052	harbor1	chr2	66009263	66009491	SINE/MIR	554	-	114	66009377	54325
chr2	65955052	66155052	harbor1	chr2	66024955	66025155	SINE/MIR	448	-	100	66025055	70003
chr2	113883993	114083993	harbor1	chr2	113895170	113895372	SINE/MIR	720	-	101	113895271	11278
chr2	113883993	114083993	harbor1	chr2	113970241	113970402	SINE/MIR	446	-	80	113970321	86328
chr2	113883993	114083993	harbor1	chr2	113975198	113975322	SINE/MIR	460	-	62	113975260	91267
chr2	113883993	114083993	harbor1	chr2	113975436	113975579	SINE/MIR	548	-	72	113975508	91515
chr2	210783285	210983285	harbor1	chr2	210796302	210796389	SINE/MIR	412	-	44	210796346	13061
chr2	210783285	210983285	harbor1	chr2	210796691	210796789	SINE/MIR	412	-	49	210796740	13455
chr2	210783285	210983285	harbor1	chr2	210797974	210798202	SINE/MIR	444	-	114	210798088	14803
chr2	24610513	24810513	harbor1	chr2	24614878	24615106	SINE/MIR	787	-	114	24614992	4479
chr2	24610513	24810513	harbor1	chr2	24629777	24629817	SINE/MIR	554	-	20	24629797	19284
chr2	24610513	24810513	harbor1	chr2	24630145	24630306	SINE/MIR	554	-	80	24630225	19712
chr2	24610513	24810513	harbor1	chr2	24662571	24662785	SINE/MIR	607	-	107	24662678	52165
chr2	24610513	24810513	harbor1	chr2	24663094	24663124	SINE/MIR	607	-	15	24663109	52596
chr2	124622456	124822456	harbor1	chr2	124624853	124625029	SINE/MIR	434	-	88	124624941	2485
chr2	124622456	124822456	harbor1	chr2	124651395	124651639	SINE/MIR	449	-	122	124651517	29061
chr2	124622456	124822456	harbor1	chr2	124684722	124684958	SINE/MIR	776	-	118	124684840	62384
chr2	124622456	124822456	harbor1	chr2	124697804	124697982	SINE/MIR	448	-	89	124697893	75437
chr2	124622456	124822456	harbor1	chr2	124712269	124712477	SINE/MIR	704	-	104	124712373	89917
chr2	191323087	191523087	harbor1	chr2	191332575	191332792	SINE/MIR	664	-	108	191332683	9596
chr2	191323087	191523087	harbor1	chr2	191371412	191371637	SINE/MIR	648	-	112	191371524	48437
chr2	191323087	191523087	harbor1	chr2	191393268	191393498	SINE/MIR	729	-	115	191393383	70296
chr2	191323087	191523087	harbor1	chr2	191395238	191395328	SINE/MIR	400	-	45	191395283	72196
chr2	201166303	201366303	harbor1	chr2	201204472	201204701	SINE/MIR	584	-	114	201204586	38283
chr2	201166303	201366303	harbor1	chr2	201216649	201216845	SINE/MIR	528	-	98	201216747	50444
chr2	201166303	201366303	harbor1	chr2	201232647	201232830	SINE/MIR	690	-	92	201232739	66436
chr2	201166303	201366303	harbor1	chr2	201233589	201233824	SINE/MIR	501	-	118	201233707	67404
chr2	36764907	36964907	harbor1	chr2	36768460	36768676	SINE/MIR	631	-	108	36768568	3661
chr2	36764907	36964907	harbor1	chr2	36780501	36780621	SINE/MIR	450	-	60	36780561	15654
chr2	36764907	36964907	harbor1	chr2	36822618	36822780	SINE/MIR	493	-	81	36822699	57792
chr2	138166622	138366622	harbor1	chr2	138173385	138173567	SINE/MIR	494	-	91	138173476	6854
chr2	138166622	138366622	harbor1	chr2	138192109	138192333	SINE/MIR	653	-	112	138192221	25599
chr2	138166622	138366622	harbor1	chr2	138221361	138221533	SINE/MIR	448	-	86	138221447	54825
chr2	123327493	123527493	harbor1	chr2	123396851	123397050	SINE/MIR	518	-	100	123396951	69458
chr2	195349835	195549835	harbor1	chr2	195393895	195394071	SINE/MIR	517	-	88	195393983	44148
chr2	195349835	195549835	harbor1	chr2	195405390	195405624	SINE/MIR	661	-	117	195405507	55672
chr2	195349835	195549835	harbor1	chr2	195436331	195436528	SINE/MIR	605	-	98	195436429	86594
chr2	132720014	132920014	harbor1	chr2	132734618	132734834	SINE/MIR	721	-	108	132734726	14712
chr2	132720014	132920014	harbor1	chr2	132747716	132747943	SINE/MIR	420	-	114	132747830	27816
chr2	132720014	132920014	harbor1	chr2	132755909	132756114	SINE/MIR	408	-	102	132756011	35997
chr2	132720014	132920014	harbor1	chr2	132774749	132774940	SINE/MIR	400	-	96	132774845	54831
chr2	132720014	132920014	harbor1	chr2	132795019	132795167	SINE/MIR	547	-	74	132795093	75079
chr2	132720014	132920014	harbor1	chr2	132805123	132805352	SINE/MIR	572	-	114	132805237	85223
chr2	132720014	132920014	harbor1	chr2	132812300	132812411	SINE/MIR	514	-	56	132812356	92342
chr2	149035773	149235773	harbor1	chr2	149118623	149118854	SINE/MIR	519	-	116	149118739	82966
chr2	128404235	128604235	harbor1	chr2	128405385	128405545	SINE/MIR	450	-	80	128405465	1230
chr2	128404235	128604235	harbor1	chr2	128494238	128494388	SINE/MIR	410	-	75	128494313	90078
chr2	44192465	44392465	harbor1	chr2	44200113	44200266	SINE/MIR	403	-	76	44200189	7724
chr2	44192465	44392465	harbor1	chr2	44283380	44283598	SINE/MIR	579	-	109	44283489	91024
chr2	44192465	44392465	harbor1	chr2	44290952	44291139	SINE/MIR	456	-	94	44291046	98581
chr2	66207082	66407082	harbor1	chr2	66226398	66226550	SINE/MIR	410	-	76	66226474	19392
chr2	66207082	66407082	harbor1	chr2	66232956	66233171	SINE/MIR	444	-	108	66233064	25982
chr2	66207082	66407082	harbor1	chr2	66282829	66283077	SINE/MIR	760	-	124	66282953	75871
chr2	66207082	66407082	harbor1	chr2	66293959	66294060	SINE/MIR	420	-	50	66294009	86927
chr2	66207082	66407082	harbor1	chr2	66295141	66295282	SINE/MIR	409	-	70	66295211	88129
chr2	66207082	66407082	harbor1	chr2	66295412	66295642	SINE/MIR	447	-	115	66295527	88445
chr2	66207082	66407082	harbor1	chr2	66297885	66298052	SINE/MIR	583	-	84	66297969	90887
chr2	66207082	66407082	harbor1	chr2	66298288	66298461	SINE/MIR	460	-	86	66298374	91292
chr2	111331440	111531440	harbor1	chr2	111357015	111357278	SINE/MIR	723	-	132	111357147	25707
chr2	111331440	111531440	harbor1	chr2	111399072	111399170	SINE/MIR	447	-	49	111399121	67681
chr2	111331440	111531440	harbor1	chr2	111399914	111400031	SINE/MIR	447	-	58	111399972	68532
chr2	111331440	111531440	harbor1	chr2	111412488	111412661	SINE/MIR	505	-	86	111412574	81134
chr2	91802178	92002178	harbor1	chr2	91885330	91885553	SINE/MIR	625	-	112	91885442	83264
chr2	39252493	39452493	harbor1	chr2	39253444	39253656	SINE/MIR	410	-	106	39253550	1057
chr2	39252493	39452493	harbor1	chr2	39260973	39261153	SINE/MIR	416	-	90	39261063	8570
chr2	39252493	39452493	harbor1	chr2	39270482	39270680	SINE/MIR	503	-	99	39270581	18088
chr2	39252493	39452493	harbor1	chr2	39321063	39321157	SINE/MIR	427	-	47	39321110	68617
chr2	39252493	39452493	harbor1	chr2	39322128	39322231	SINE/MIR	427	-	52	39322180	69687
chr2	55831726	56031726	harbor1	chr2	55873982	55874186	SINE/MIR	485	-	102	55874084	42358
chr2	211076998	211276998	harbor1	chr2	211094099	211094296	SINE/MIR	634	-	98	211094197	17199
chr2	211076998	211276998	harbor1	chr2	211172611	211172835	SINE/MIR	521	-	112	211172723	95725
chr2	131786528	131986528	harbor1	chr2	131837187	131837331	SINE/MIR	443	-	72	131837259	50731
chr2	54761079	54961079	harbor1	chr2	54772584	54772803	SINE/MIR	582	-	110	54772694	11615
chr2	54761079	54961079	harbor1	chr2	54781051	54781236	SINE/MIR	594	-	92	54781143	20064
chr2	54761079	54961079	harbor1	chr2	54789649	54789827	SINE/MIR	431	-	89	54789738	28659
chr2	54761079	54961079	harbor1	chr2	54794021	54794255	SINE/MIR	432	-	117	54794138	33059
chr2	54761079	54961079	harbor1	chr2	54806706	54806927	SINE/MIR	520	-	110	54806816	45737
chr2	54761079	54961079	harbor1	chr2	54812109	54812313	SINE/MIR	557	-	102	54812211	51132
chr2	54761079	54961079	harbor1	chr2	54815874	54816031	SINE/MIR	405	-	78	54815952	54873
chr2	54761079	54961079	harbor1	chr2	54838294	54838485	SINE/MIR	407	-	96	54838390	77311
chr2	229966213	230166213	harbor1	chr2	230005976	230006094	SINE/MIR	489	-	59	230006035	39822
chr2	229966213	230166213	harbor1	chr2	230006396	230006465	SINE/MIR	489	-	34	230006430	40217
chr2	229966213	230166213	harbor1	chr2	230048100	230048331	SINE/MIR	653	-	116	230048216	82003
chr2	229966213	230166213	harbor1	chr2	230050724	230050876	SINE/MIR	412	-	76	230050800	84587
chr2	238986786	239186786	harbor1	chr2	238998909	238999067	SINE/MIR	472	-	79	238998988	12202
chr2	197312438	197512438	harbor1	chr2	197386771	197387004	SINE/MIR	874	-	116	197386887	74449
chr2	165670113	165870113	harbor1	chr2	165701811	165702034	SINE/MIR	653	-	112	165701923	31810
chr2	165670113	165870113	harbor1	chr2	165764499	165764647	SINE/MIR	656	-	74	165764573	94460
chr2	90077554	90277554	harbor1	chr2	90114113	90114306	SINE/MIR	473	-	96	90114209	36655
chr2	90077554	90277554	harbor1	chr2	90172125	90172318	SINE/MIR	450	-	96	90172221	94667
chr2	28248505	28448505	harbor1	chr2	28253418	28253628	SINE/MIR	467	-	105	28253523	5018
chr2	28248505	28448505	harbor1	chr2	28263232	28263450	SINE/MIR	684	-	109	28263341	14836
chr2	28248505	28448505	harbor1	chr2	28284863	28285109	SINE/MIR	748	-	123	28284986	36481
chr2	28248505	28448505	harbor1	chr2	28291048	28291231	SINE/MIR	522	-	92	28291140	42635
chr2	28248505	28448505	harbor1	chr2	28314147	28314399	SINE/MIR	549	-	126	28314273	65768
chr2	28248505	28448505	harbor1	chr2	28333105	28333320	SINE/MIR	675	-	108	28333213	84708
chr2	28248505	28448505	harbor1	chr2	28340871	28341069	SINE/MIR	502	-	99	28340970	92465
chr2	62279677	62479677	harbor1	chr2	62309119	62309368	SINE/MIR	1138	-	124	62309243	29566
chr2	62279677	62479677	harbor1	chr2	62314258	62314449	SINE/MIR	449	-	96	62314354	34677
chr2	62279677	62479677	harbor1	chr2	62318719	62318917	SINE/MIR	539	-	99	62318818	39141
chr2	62279677	62479677	harbor1	chr2	62329522	62329751	SINE/MIR	535	-	114	62329636	49959
chr2	2267415	2467415	harbor1	chr2	2278176	2278391	SINE/MIR	467	-	108	2278284	10869
chr2	2267415	2467415	harbor1	chr2	2288128	2288330	SINE/MIR	466	-	101	2288229	20814
chr2	2267415	2467415	harbor1	chr2	2359408	2359665	SINE/MIR	616	-	128	2359536	92121
chr2	140778440	140978440	harbor1	chr2	140836222	140836407	SINE/MIR	583	-	92	140836314	57874
chr2	140778440	140978440	harbor1	chr2	140859625	140859712	SINE/MIR	405	-	44	140859669	81229
chr2	140778440	140978440	harbor1	chr2	140860027	140860169	SINE/MIR	405	-	71	140860098	81658
chr2	127331616	127531616	harbor1	chr2	127365149	127365299	SINE/MIR	580	-	75	127365224	33608
chr2	127331616	127531616	harbor1	chr2	127379294	127379433	SINE/MIR	465	-	70	127379364	47748
chr2	127331616	127531616	harbor1	chr2	127419310	127419557	SINE/MIR	895	-	124	127419434	87818
chr2	87028414	87228414	harbor1	chr2	87032560	87032802	SINE/MIR	619	-	121	87032681	4267
chr2	87028414	87228414	harbor1	chr2	87048556	87048795	SINE/MIR	620	-	120	87048676	20262
chr2	87028414	87228414	harbor1	chr2	87082110	87082211	SINE/MIR	757	-	50	87082160	53746
chr2	87028414	87228414	harbor1	chr2	87082532	87082685	SINE/MIR	757	-	76	87082608	54194
chr2	87028414	87228414	harbor1	chr2	87119283	87119526	SINE/MIR	643	-	122	87119405	90991
chr2	122163960	122363960	harbor1	chr2	122173680	122173901	SINE/MIR	636	-	110	122173790	9830
chr2	122163960	122363960	harbor1	chr2	122177621	122177819	SINE/MIR	584	-	99	122177720	13760
chr2	122163960	122363960	harbor1	chr2	122183760	122183988	SINE/MIR	768	-	114	122183874	19914
chr2	122163960	122363960	harbor1	chr2	122192521	122192689	SINE/MIR	583	-	84	122192605	28645
chr2	122163960	122363960	harbor1	chr2	122197557	122197749	SINE/MIR	614	-	96	122197653	33693
chr2	122163960	122363960	harbor1	chr2	122210935	122211184	SINE/MIR	745	-	124	122211059	47099
chr2	122163960	122363960	harbor1	chr2	122228878	122229105	SINE/MIR	558	-	114	122228992	65032
chr2	116212458	116412458	harbor1	chr2	116271082	116271309	SINE/MIR	414	-	114	116271196	58738
chr2	197954001	198154001	harbor1	chr2	197958689	197958921	SINE/MIR	535	-	116	197958805	4804
chr2	197954001	198154001	harbor1	chr2	197975190	197975403	SINE/MIR	548	-	106	197975296	21295
chr2	197954001	198154001	harbor1	chr2	197986800	197987041	SINE/MIR	564	-	120	197986920	32919
chr2	197954001	198154001	harbor1	chr2	198030585	198030831	SINE/MIR	570	-	123	198030708	76707
chr2	169674112	169874112	harbor1	chr2	169742317	169742560	SINE/MIR	741	-	122	169742439	68327
chr2	169674112	169874112	harbor1	chr2	169742858	169743115	SINE/MIR	725	-	128	169742986	68874
chr2	222830801	223030801	harbor1	chr2	222862140	222862375	SINE/MIR	540	-	118	222862258	31457
chr2	222830801	223030801	harbor1	chr2	222866075	222866151	SINE/MIR	570	-	38	222866113	35312
chr2	222830801	223030801	harbor1	chr2	222866440	222866589	SINE/MIR	570	-	74	222866514	35713
chr2	222830801	223030801	harbor1	chr2	222909784	222910002	SINE/MIR	792	-	109	222909893	79092
chr2	16651278	16851278	harbor1	chr2	16655310	16655482	SINE/MIR	446	-	86	16655396	4118
chr2	16651278	16851278	harbor1	chr2	16674600	16674771	SINE/MIR	641	-	86	16674686	23408
chr2	16651278	16851278	harbor1	chr2	16737594	16737750	SINE/MIR	529	-	78	16737672	86394
chr2	16651278	16851278	harbor1	chr2	16739835	16740060	SINE/MIR	805	-	112	16739947	88669
chr2	16651278	16851278	harbor1	chr2	16662326	16662540	SINE/MIR	535	-	107	16662433	11155
chr2	53326180	53526180	harbor1	chr2	53386301	53386538	SINE/MIR	673	-	118	53386419	60239
chr2	53326180	53526180	harbor1	chr2	53408288	53408488	SINE/MIR	503	-	100	53408388	82208
chr2	19174725	19374725	harbor1	chr2	19215100	19215349	SINE/MIR	796	-	124	19215224	40499
chr2	19174725	19374725	harbor1	chr2	19221771	19221910	SINE/MIR	467	-	70	19221841	47116
chr2	19174725	19374725	harbor1	chr2	19233356	19233606	SINE/MIR	512	-	125	19233481	58756
chr2	19174725	19374725	harbor1	chr2	19261791	19262036	SINE/MIR	598	-	122	19261913	87188
chr2	19174725	19374725	harbor1	chr2	19271583	19271758	SINE/MIR	684	-	88	19271671	96946
chr2	19174725	19374725	harbor1	chr2	19273359	19273540	SINE/MIR	485	-	90	19273449	98724
chr2	222343506	222543506	harbor1	chr2	222400726	222400888	SINE/MIR	584	-	81	222400807	57301
chr2	18584961	18784961	harbor1	chr2	18603658	18603780	SINE/MIR	448	-	61	18603719	18758
chr2	18584961	18784961	harbor1	chr2	18605153	18605356	SINE/MIR	478	-	102	18605255	20294
chr2	18584961	18784961	harbor1	chr2	18622937	18623166	SINE/MIR	599	-	114	18623051	38090
chr2	18584961	18784961	harbor1	chr2	18623963	18624129	SINE/MIR	450	-	83	18624046	39085
chr2	18584961	18784961	harbor1	chr2	18629400	18629556	SINE/MIR	478	-	78	18629478	44517
chr2	18584961	18784961	harbor1	chr2	18655362	18655595	SINE/MIR	442	-	116	18655478	70517
chr2	137692291	137892291	harbor1	chr2	137742138	137742355	SINE/MIR	434	-	108	137742246	49955
chr2	137692291	137892291	harbor1	chr2	137755014	137755243	SINE/MIR	409	-	114	137755128	62837
chr2	137692291	137892291	harbor1	chr2	137763516	137763717	SINE/MIR	568	-	100	137763616	71325
chr2	86859648	87059648	harbor1	chr2	86860441	86860660	SINE/MIR	632	-	110	86860551	903
chr2	86859648	87059648	harbor1	chr2	86901561	86901743	SINE/MIR	427	-	91	86901652	42004
chr2	86859648	87059648	harbor1	chr2	86929466	86929689	SINE/MIR	818	-	112	86929578	69930
chr2	167160013	167360013	harbor1	chr2	167185821	167185964	SINE/MIR	449	-	72	167185893	25880
chr2	167160013	167360013	harbor1	chr2	167213186	167213422	SINE/MIR	407	-	118	167213304	53291
chr2	167160013	167360013	harbor1	chr2	167232694	167232860	SINE/MIR	523	-	83	167232777	72764
chr3	121430729	121630729	harbor1	chr3	121508396	121508560	SINE/MIR	700	-	82	121508478	77749
chr3	146069718	146269718	harbor1	chr3	146138882	146138993	SINE/MIR	476	-	56	146138938	69220
chr3	147666706	147866706	harbor1	chr3	147761391	147761514	SINE/MIR	407	-	62	147761453	94747
chr3	64425570	64625570	harbor1	chr3	64436898	64437133	SINE/MIR	477	-	118	64437016	11446
chr3	64425570	64625570	harbor1	chr3	64453390	64453588	SINE/MIR	447	-	99	64453489	27919
chr3	64425570	64625570	harbor1	chr3	64486465	64486637	SINE/MIR	407	-	86	64486551	60981
chr3	64425570	64625570	harbor1	chr3	64487990	64488128	SINE/MIR	511	-	69	64488059	62489
chr3	64425570	64625570	harbor1	chr3	64505085	64505220	SINE/MIR	513	-	68	64505153	79583
chr3	64425570	64625570	harbor1	chr3	64508473	64508713	SINE/MIR	652	-	120	64508593	83023
chr3	41084512	41284512	harbor1	chr3	41093514	41093668	SINE/MIR	633	-	77	41093591	9079
chr3	41084512	41284512	harbor1	chr3	41100714	41100907	SINE/MIR	727	-	96	41100810	16298
chr3	41084512	41284512	harbor1	chr3	41110825	41111017	SINE/MIR	505	-	96	41110921	26409
chr3	41084512	41284512	harbor1	chr3	41117865	41118083	SINE/MIR	573	-	109	41117974	33462
chr3	41084512	41284512	harbor1	chr3	41165223	41165373	SINE/MIR	494	-	75	41165298	80786
chr3	41084512	41284512	harbor1	chr3	41175832	41176049	SINE/MIR	778	-	108	41175940	91428
chr3	41084512	41284512	harbor1	chr3	41182180	41182397	SINE/MIR	842	-	108	41182288	97776
chr3	51350053	51550053	harbor1	chr3	51445425	51445609	SINE/MIR	535	-	92	51445517	95464
chr3	49991538	50191538	harbor1	chr3	50045736	50045957	SINE/MIR	904	-	110	50045846	54308
chr3	72242407	72442407	harbor1	chr3	72244952	72245026	SINE/MIR	428	-	37	72244989	2582
chr3	72242407	72442407	harbor1	chr3	72266058	72266205	SINE/MIR	406	-	74	72266132	23725
chr3	72242407	72442407	harbor1	chr3	72270384	72270604	SINE/MIR	763	-	110	72270494	28087
chr3	72242407	72442407	harbor1	chr3	72275807	72276019	SINE/MIR	828	-	106	72275913	33506
chr3	72242407	72442407	harbor1	chr3	72280672	72280865	SINE/MIR	430	-	96	72280768	38361
chr3	72242407	72442407	harbor1	chr3	72288392	72288602	SINE/MIR	521	-	105	72288497	46090
chr3	72242407	72442407	harbor1	chr3	72291864	72292069	SINE/MIR	447	-	102	72291966	49559
chr3	72242407	72442407	harbor1	chr3	72297779	72297973	SINE/MIR	1117	-	97	72297876	55469
chr3	72242407	72442407	harbor1	chr3	72304431	72304654	SINE/MIR	455	-	112	72304543	62136
chr3	72242407	72442407	harbor1	chr3	72304957	72305157	SINE/MIR	444	-	100	72305057	62650
chr3	72242407	72442407	harbor1	chr3	72313404	72313571	SINE/MIR	695	-	84	72313488	71081
chr3	72242407	72442407	harbor1	chr3	72315019	72315239	SINE/MIR	654	-	110	72315129	72722
chr3	72242407	72442407	harbor1	chr3	72329886	72330101	SINE/MIR	593	-	108	72329994	87587
chr3	72242407	72442407	harbor1	chr3	72332469	72332735	SINE/MIR	673	-	133	72332602	90195
chr3	72242407	72442407	harbor1	chr3	72336558	72336729	SINE/MIR	502	-	86	72336644	94237
chr3	36826635	37026635	harbor1	chr3	36860140	36860295	SINE/MIR	514	-	78	36860218	33583
chr3	36826635	37026635	harbor1	chr3	36863576	36863779	SINE/MIR	413	-	102	36863678	37043
chr3	36826635	37026635	harbor1	chr3	36908786	36908958	SINE/MIR	420	-	86	36908872	82237
chr3	36826635	37026635	harbor1	chr3	36911838	36911904	SINE/MIR	434	-	33	36911871	85236
chr3	36826635	37026635	harbor1	chr3	36912202	36912347	SINE/MIR	434	-	72	36912274	85639
chr3	154409220	154609220	harbor1	chr3	154432999	154433143	SINE/MIR	435	-	72	154433071	23851
chr3	154409220	154609220	harbor1	chr3	154442670	154442879	SINE/MIR	680	-	104	154442774	33554
chr3	154409220	154609220	harbor1	chr3	154453441	154453607	SINE/MIR	575	-	83	154453524	44304
chr3	154409220	154609220	harbor1	chr3	154458607	154458840	SINE/MIR	449	-	116	154458723	49503
chr3	154409220	154609220	harbor1	chr3	154500143	154500318	SINE/MIR	406	-	88	154500231	91011
chr3	148727451	148927451	harbor1	chr3	148736527	148736758	SINE/MIR	612	-	116	148736643	9192
chr3	148727451	148927451	harbor1	chr3	148749348	148749586	SINE/MIR	519	-	119	148749467	22016
chr3	148727451	148927451	harbor1	chr3	148773827	148774027	SINE/MIR	669	-	100	148773927	46476
chr3	148727451	148927451	harbor1	chr3	148774235	148774455	SINE/MIR	480	-	110	148774345	46894
chr3	188616616	188816616	harbor1	chr3	188617187	188617311	SINE/MIR	408	-	62	188617249	633
chr3	188616616	188816616	harbor1	chr3	188674602	188674821	SINE/MIR	745	-	110	188674712	58096
chr3	188616616	188816616	harbor1	chr3	188682020	188682185	SINE/MIR	455	-	82	188682102	65486
chr3	188616616	188816616	harbor1	chr3	188684975	188685199	SINE/MIR	687	-	112	188685087	68471
chr3	188616616	188816616	harbor1	chr3	188711226	188711435	SINE/MIR	625	-	104	188711330	94714
chr3	136705744	136905744	harbor1	chr3	136732026	136732201	SINE/MIR	450	-	88	136732114	26370
chr3	136705744	136905744	harbor1	chr3	136733483	136733556	SINE/MIR	440	-	36	136733519	27775
chr3	136705744	136905744	harbor1	chr3	136793647	136793901	SINE/MIR	928	-	127	136793774	88030
chr3	136705744	136905744	harbor1	chr3	136804833	136805033	SINE/MIR	593	-	100	136804933	99189
chr3	113017192	113217192	harbor1	chr3	113018701	113018941	SINE/MIR	765	-	120	113018821	1629
chr3	113017192	113217192	harbor1	chr3	113057670	113057852	SINE/MIR	459	-	91	113057761	40569
chr3	113017192	113217192	harbor1	chr3	113069818	113069973	SINE/MIR	533	-	78	113069896	52704
chr3	130389895	130589895	harbor1	chr3	130412178	130412401	SINE/MIR	976	-	112	130412290	22395
chr3	130389895	130589895	harbor1	chr3	130432131	130432272	SINE/MIR	615	-	70	130432201	42306
chr3	130389895	130589895	harbor1	chr3	130432569	130432665	SINE/MIR	615	-	48	130432617	42722
chr3	130389895	130589895	harbor1	chr3	130461362	130461610	SINE/MIR	685	-	124	130461486	71591
chr3	130389895	130589895	harbor1	chr3	130469729	130469953	SINE/MIR	634	-	112	130469841	79946
chr3	130389895	130589895	harbor1	chr3	130475793	130475939	SINE/MIR	544	-	73	130475866	85971
chr3	44953778	45153778	harbor1	chr3	44967901	44968125	SINE/MIR	630	-	112	44968013	14235
chr3	44953778	45153778	harbor1	chr3	44980401	44980581	SINE/MIR	637	-	90	44980491	26713
chr3	44953778	45153778	harbor1	chr3	44984857	44985012	SINE/MIR	465	-	78	44984935	31157
chr3	44953778	45153778	harbor1	chr3	44997596	44997824	SINE/MIR	517	-	114	44997710	43932
chr3	44953778	45153778	harbor1	chr3	45008872	45009119	SINE/MIR	1110	-	124	45008996	55218
chr3	44953778	45153778	harbor1	chr3	45017403	45017608	SINE/MIR	459	-	102	45017505	63727
chr3	44953778	45153778	harbor1	chr3	45036652	45036855	SINE/MIR	574	-	102	45036754	82976
chr3	184080515	184280515	harbor1	chr3	184133154	184133383	SINE/MIR	874	-	114	184133268	52753
chr3	184080515	184280515	harbor1	chr3	184141002	184141190	SINE/MIR	480	-	94	184141096	60581
chr3	184080515	184280515	harbor1	chr3	184145896	184146040	SINE/MIR	544	-	72	184145968	65453
chr3	184080515	184280515	harbor1	chr3	184157938	184158053	SINE/MIR	855	-	58	184157996	77481
chr3	184080515	184280515	harbor1	chr3	184158354	184158467	SINE/MIR	855	-	56	184158410	77895
chr3	184080515	184280515	harbor1	chr3	184167350	184167571	SINE/MIR	649	-	110	184167460	86945
chr3	138974591	139174591	harbor1	chr3	138976174	138976342	SINE/MIR	744	-	84	138976258	1667
chr3	138974591	139174591	harbor1	chr3	138983151	138983365	SINE/MIR	676	-	107	138983258	8667
chr3	134198894	134398894	harbor1	chr3	134200600	134200824	SINE/MIR	807	-	112	134200712	1818
chr3	134198894	134398894	harbor1	chr3	134209198	134209335	SINE/MIR	567	-	68	134209266	10372
chr3	134198894	134398894	harbor1	chr3	134267479	134267707	SINE/MIR	590	-	114	134267593	68699
chr3	134198894	134398894	harbor1	chr3	134278642	134278714	SINE/MIR	560	-	36	134278678	79784
chr3	134198894	134398894	harbor1	chr3	134279096	134279278	SINE/MIR	560	-	91	134279187	80293
chr3	19736976	19936976	harbor1	chr3	19762104	19762364	SINE/MIR	727	-	130	19762234	25258
chr3	19736976	19936976	harbor1	chr3	19813380	19813614	SINE/MIR	498	-	117	19813497	76521
chr3	142775137	142975137	harbor1	chr3	142784312	142784548	SINE/MIR	1074	-	118	142784430	9293
chr3	142775137	142975137	harbor1	chr3	142795992	142796247	SINE/MIR	1375	-	128	142796120	20983
chr3	142775137	142975137	harbor1	chr3	142829998	142830209	SINE/MIR	782	-	106	142830104	54967
chr3	142775137	142975137	harbor1	chr3	142854819	142854923	SINE/MIR	540	-	52	142854871	79734
chr3	128494353	128694353	harbor1	chr3	128518077	128518290	SINE/MIR	781	-	106	128518183	23830
chr3	128494353	128694353	harbor1	chr3	128536013	128536253	SINE/MIR	598	-	120	128536133	41780
chr3	128494353	128694353	harbor1	chr3	128559256	128559426	SINE/MIR	534	-	85	128559341	64988
chr3	128494353	128694353	harbor1	chr3	128567936	128568137	SINE/MIR	489	-	100	128568036	73683
chr3	31383156	31583156	harbor1	chr3	31413461	31413606	SINE/MIR	630	-	72	31413533	30377
chr3	31383156	31583156	harbor1	chr3	31478656	31478845	SINE/MIR	626	-	94	31478750	95594
chr3	4541244	4741244	harbor1	chr3	4555764	4555994	SINE/MIR	573	-	115	4555879	14635
chr3	4541244	4741244	harbor1	chr3	4559659	4559862	SINE/MIR	406	-	102	4559761	18517
chr3	4541244	4741244	harbor1	chr3	4614398	4614622	SINE/MIR	562	-	112	4614510	73266
chr3	106078245	106278245	harbor1	chr3	106159707	106159935	SINE/MIR	430	-	114	106159821	81576
chr3	106078245	106278245	harbor1	chr3	106175709	106175876	SINE/MIR	530	-	84	106175793	97548
chr3	160200097	160400097	harbor1	chr3	160214124	160214340	SINE/MIR	760	-	108	160214232	14135
chr3	160200097	160400097	harbor1	chr3	160217325	160217495	SINE/MIR	554	-	85	160217410	17313
chr3	160200097	160400097	harbor1	chr3	160237211	160237453	SINE/MIR	985	-	121	160237332	37235
chr3	26266349	26466349	harbor1	chr3	26269196	26269433	SINE/MIR	504	-	118	26269314	2965
chr3	26266349	26466349	harbor1	chr3	26313928	26314174	SINE/MIR	690	-	123	26314051	47702
chr3	26266349	26466349	harbor1	chr3	26334440	26334679	SINE/MIR	819	-	120	26334560	68211
chr3	96849942	97049942	harbor1	chr3	96915750	96915880	SINE/MIR	453	-	65	96915815	65873
chr3	120835789	121035789	harbor1	chr3	120842158	120842382	SINE/MIR	648	-	112	120842270	6481
chr3	120835789	121035789	harbor1	chr3	120860796	120861037	SINE/MIR	515	-	120	120860916	25127
chr3	120835789	121035789	harbor1	chr3	120893739	120893965	SINE/MIR	848	-	113	120893852	58063
chr3	100142998	100342998	harbor1	chr3	100173290	100173455	SINE/MIR	412	-	82	100173372	30374
chr3	67926982	68126982	harbor1	chr3	67989491	67989630	SINE/MIR	432	-	70	67989561	62579
chr3	67926982	68126982	harbor1	chr3	68022874	68023120	SINE/MIR	823	-	123	68022997	96015
chr3	67926982	68126982	harbor1	chr3	68026478	68026748	SINE/MIR	814	-	135	68026613	99631
chr3	110938623	111138623	harbor1	chr3	111029862	111030045	SINE/MIR	448	-	92	111029954	91331
chr3	81156579	81356579	harbor1	chr3	81202347	81202523	SINE/MIR	441	-	88	81202435	45856
chr3	174414129	174614129	harbor1	chr3	174479294	174479518	SINE/MIR	607	-	112	174479406	65277
chr3	33052218	33252218	harbor1	chr3	33100372	33100578	SINE/MIR	520	-	103	33100475	48257
chr3	33052218	33252218	harbor1	chr3	33140123	33140246	SINE/MIR	423	-	62	33140185	87967
chr3	61396810	61596810	harbor1	chr3	61415580	61415665	SINE/MIR	424	-	42	61415622	18812
chr3	61396810	61596810	harbor1	chr3	61418091	61418265	SINE/MIR	491	-	87	61418178	21368
chr3	61396810	61596810	harbor1	chr3	61438206	61438379	SINE/MIR	448	-	86	61438292	41482
chr3	61396810	61596810	harbor1	chr3	61439522	61439750	SINE/MIR	549	-	114	61439636	42826
chr3	61396810	61596810	harbor1	chr3	61457347	61457607	SINE/MIR	1017	-	130	61457477	60667
chr3	61396810	61596810	harbor1	chr3	61480455	61480604	SINE/MIR	493	-	74	61480529	83719
chr3	107906777	108106777	harbor1	chr3	107907590	107907803	SINE/MIR	748	-	106	107907696	919
chr3	107906777	108106777	harbor1	chr3	107920646	107920804	SINE/MIR	480	-	79	107920725	13948
chr3	107906777	108106777	harbor1	chr3	107932156	107932377	SINE/MIR	594	-	110	107932266	25489
chr3	107906777	108106777	harbor1	chr3	107932439	107932656	SINE/MIR	663	-	108	107932547	25770
chr3	107906777	108106777	harbor1	chr3	107936615	107936855	SINE/MIR	696	-	120	107936735	29958
chr3	107906777	108106777	harbor1	chr3	107938650	107938853	SINE/MIR	519	-	102	107938752	31975
chr3	107906777	108106777	harbor1	chr3	107941037	107941300	SINE/MIR	770	-	132	107941169	34392
chr3	107906777	108106777	harbor1	chr3	107942338	107942454	SINE/MIR	473	-	58	107942396	35619
chr3	107906777	108106777	harbor1	chr3	107952691	107952892	SINE/MIR	510	-	100	107952791	46014
chr3	107906777	108106777	harbor1	chr3	107954902	107954930	SINE/MIR	479	-	14	107954916	48139
chr3	107906777	108106777	harbor1	chr3	107955395	107955509	SINE/MIR	479	-	57	107955452	48675
chr3	107906777	108106777	harbor1	chr3	107955908	107955999	SINE/MIR	479	-	46	107955954	49177
chr3	107906777	108106777	harbor1	chr3	107965936	107966178	SINE/MIR	475	-	121	107966057	59280
chr3	107906777	108106777	harbor1	chr3	107972347	107972551	SINE/MIR	534	-	102	107972449	65672
chr3	107906777	108106777	harbor1	chr3	107991597	107991715	SINE/MIR	441	-	59	107991656	84879
chr3	107906777	108106777	harbor1	chr3	108001756	108001881	SINE/MIR	446	-	62	108001818	95041
chr3	127647504	127847504	harbor1	chr3	127647989	127648213	SINE/MIR	439	-	112	127648101	597
chr3	127647504	127847504	harbor1	chr3	127655465	127655644	SINE/MIR	578	-	90	127655555	8051
chr3	127647504	127847504	harbor1	chr3	127670137	127670345	SINE/MIR	502	-	104	127670241	22737
chr3	127647504	127847504	harbor1	chr3	127679563	127679750	SINE/MIR	458	-	94	127679657	32153
chr3	127647504	127847504	harbor1	chr3	127697344	127697504	SINE/MIR	535	-	80	127697424	49920
chr3	127647504	127847504	harbor1	chr3	127699412	127699669	SINE/MIR	1002	-	128	127699540	52036
chr3	127647504	127847504	harbor1	chr3	127722659	127722813	SINE/MIR	563	-	77	127722736	75232
chr3	55748133	55948133	harbor1	chr3	55750254	55750467	SINE/MIR	421	-	106	55750360	2227
chr3	55748133	55948133	harbor1	chr3	55752551	55752772	SINE/MIR	852	-	110	55752661	4528
chr3	55748133	55948133	harbor1	chr3	55771365	55771539	SINE/MIR	612	-	87	55771452	23319
chr3	55748133	55948133	harbor1	chr3	55786523	55786677	SINE/MIR	602	-	77	55786600	38467
chr3	55748133	55948133	harbor1	chr3	55812977	55813191	SINE/MIR	721	-	107	55813084	64951
chr3	55748133	55948133	harbor1	chr3	55820498	55820723	SINE/MIR	606	-	112	55820610	72477
chr3	55748133	55948133	harbor1	chr3	55841577	55841771	SINE/MIR	662	-	97	55841674	93541
chr3	53951915	54151915	harbor1	chr3	53988264	53988483	SINE/MIR	639	-	110	53988374	36459
chr3	53951915	54151915	harbor1	chr3	54005131	54005369	SINE/MIR	572	-	119	54005250	53335
chr3	53951915	54151915	harbor1	chr3	54027474	54027729	SINE/MIR	531	-	128	54027602	75687
chr3	53951915	54151915	harbor1	chr3	54040606	54040825	SINE/MIR	560	-	110	54040716	88801
chr3	53951915	54151915	harbor1	chr3	54043007	54043187	SINE/MIR	438	-	90	54043097	91182
chr3	143391911	143591911	harbor1	chr3	143419205	143419397	SINE/MIR	733	-	96	143419301	27390
chr3	143391911	143591911	harbor1	chr3	143426754	143427000	SINE/MIR	943	-	123	143426877	34966
chr3	143391911	143591911	harbor1	chr3	143429882	143430026	SINE/MIR	408	-	72	143429954	38043
chr3	143391911	143591911	harbor1	chr3	143439116	143439379	SINE/MIR	742	-	132	143439248	47337
chr3	143391911	143591911	harbor1	chr3	143461485	143461687	SINE/MIR	590	-	101	143461586	69675
chr3	143391911	143591911	harbor1	chr3	143479933	143480148	SINE/MIR	455	-	108	143480041	88130
chr3	179313521	179513521	harbor1	chr3	179332960	179333116	SINE/MIR	408	-	78	179333038	19517
chr3	179313521	179513521	harbor1	chr3	179412508	179412723	SINE/MIR	576	-	108	179412616	99095
chr3	10927688	11127688	harbor1	chr3	10935537	10935728	SINE/MIR	541	-	96	10935633	7945
chr3	10927688	11127688	harbor1	chr3	10936133	10936365	SINE/MIR	778	-	116	10936249	8561
chr3	10927688	11127688	harbor1	chr3	10937154	10937314	SINE/MIR	687	-	80	10937234	9546
chr3	10927688	11127688	harbor1	chr3	10937967	10938140	SINE/MIR	413	-	86	10938053	10365
chr3	10927688	11127688	harbor1	chr3	10941177	10941316	SINE/MIR	525	-	70	10941247	13559
chr3	10927688	11127688	harbor1	chr3	10943043	10943266	SINE/MIR	596	-	112	10943155	15467
chr3	10927688	11127688	harbor1	chr3	10943724	10943952	SINE/MIR	728	-	114	10943838	16150
chr3	10927688	11127688	harbor1	chr3	10945486	10945703	SINE/MIR	442	-	108	10945594	17906
chr3	10927688	11127688	harbor1	chr3	10949955	10950147	SINE/MIR	477	-	96	10950051	22363
chr3	10927688	11127688	harbor1	chr3	10962985	10963217	SINE/MIR	779	-	116	10963101	35413
chr3	10927688	11127688	harbor1	chr3	10969077	10969268	SINE/MIR	671	-	96	10969173	41485
chr3	10927688	11127688	harbor1	chr3	10971419	10971629	SINE/MIR	720	-	105	10971524	43836
chr3	10927688	11127688	harbor1	chr3	10973731	10973963	SINE/MIR	443	-	116	10973847	46159
chr3	10927688	11127688	harbor1	chr3	10987839	10988006	SINE/MIR	461	-	84	10987923	60235
chr3	10927688	11127688	harbor1	chr3	10995196	10995362	SINE/MIR	529	-	83	10995279	67591
chr3	10927688	11127688	harbor1	chr3	10996514	10996721	SINE/MIR	595	-	104	10996618	68930
chr3	10927688	11127688	harbor1	chr3	10996817	10996997	SINE/MIR	437	-	90	10996907	69219
chr3	10927688	11127688	harbor1	chr3	10999455	10999628	SINE/MIR	419	-	86	10999541	71853
chr3	10927688	11127688	harbor1	chr3	11003320	11003516	SINE/MIR	520	-	98	11003418	75730
chr3	10927688	11127688	harbor1	chr3	11007452	11007605	SINE/MIR	423	-	76	11007528	79840
chr3	10927688	11127688	harbor1	chr3	11013577	11013780	SINE/MIR	705	-	102	11013679	85991
chr3	10927688	11127688	harbor1	chr3	11026463	11026687	SINE/MIR	578	-	112	11026575	98887
chr3	10927688	11127688	harbor1	chr3	11010002	11010156	SINE/MIR	509	-	77	11010079	82391
chr3	188111066	188311066	harbor1	chr3	188119427	188119611	SINE/MIR	420	-	92	188119519	8453
chr3	188111066	188311066	harbor1	chr3	188133795	188134023	SINE/MIR	674	-	114	188133909	22843
chr3	188111066	188311066	harbor1	chr3	188192514	188192721	SINE/MIR	484	-	104	188192618	81552
chr3	188111066	188311066	harbor1	chr3	188198081	188198307	SINE/MIR	773	-	113	188198194	87128
chr3	188111066	188311066	harbor1	chr3	188208934	188209130	SINE/MIR	598	-	98	188209032	97966
chr3	10387589	10587589	harbor1	chr3	10394355	10394521	SINE/MIR	429	-	83	10394438	6849
chr3	10387589	10587589	harbor1	chr3	10396227	10396417	SINE/MIR	478	-	95	10396322	8733
chr3	10387589	10587589	harbor1	chr3	10402468	10402692	SINE/MIR	535	-	112	10402580	14991
chr3	10387589	10587589	harbor1	chr3	10407812	10407983	SINE/MIR	414	-	86	10407898	20309
chr3	10387589	10587589	harbor1	chr3	10424167	10424345	SINE/MIR	529	-	89	10424256	36667
chr3	10387589	10587589	harbor1	chr3	10434515	10434703	SINE/MIR	636	-	94	10434609	47020
chr3	10387589	10587589	harbor1	chr3	10437309	10437513	SINE/MIR	477	-	102	10437411	49822
chr3	10387589	10587589	harbor1	chr3	10442797	10443031	SINE/MIR	783	-	117	10442914	55325
chr3	10387589	10587589	harbor1	chr3	10445201	10445371	SINE/MIR	472	-	85	10445286	57697
chr3	10387589	10587589	harbor1	chr3	10446421	10446627	SINE/MIR	824	-	103	10446524	58935
chr3	10387589	10587589	harbor1	chr3	10452048	10452225	SINE/MIR	498	-	88	10452136	64547
chr3	10387589	10587589	harbor1	chr3	10453363	10453537	SINE/MIR	637	-	87	10453450	65861
chr3	10387589	10587589	harbor1	chr3	10462498	10462712	SINE/MIR	826	-	107	10462605	75016
chr3	10387589	10587589	harbor1	chr3	10463417	10463657	SINE/MIR	620	-	120	10463537	75948
chr3	10387589	10587589	harbor1	chr3	10470261	10470452	SINE/MIR	787	-	96	10470357	82768
chr3	10387589	10587589	harbor1	chr3	10482160	10482382	SINE/MIR	478	-	111	10482271	94682
chr3	10387589	10587589	harbor1	chr3	10482924	10483069	SINE/MIR	574	-	72	10482996	95407
chr3	10387589	10587589	harbor1	chr3	10485198	10485351	SINE/MIR	453	-	76	10485274	97685
chr3	10387589	10587589	harbor1	chr3	10469205	10469394	SINE/MIR	752	-	94	10469299	81710
chr3	130454684	130654684	harbor1	chr3	130461362	130461610	SINE/MIR	685	-	124	130461486	6802
chr3	130454684	130654684	harbor1	chr3	130469729	130469953	SINE/MIR	634	-	112	130469841	15157
chr3	130454684	130654684	harbor1	chr3	130475793	130475939	SINE/MIR	544	-	73	130475866	21182
chr3	130454684	130654684	harbor1	chr3	130490746	130490952	SINE/MIR	513	-	103	130490849	36165
chr3	130454684	130654684	harbor1	chr3	130538465	130538714	SINE/MIR	527	-	124	130538589	83905
chr3	3401031	3601031	harbor1	chr3	3459945	3460147	SINE/MIR	409	-	101	3460046	59015
chr3	3401031	3601031	harbor1	chr3	3473116	3473262	SINE/MIR	434	-	73	3473189	72158
chr3	3401031	3601031	harbor1	chr3	3476935	3477113	SINE/MIR	581	-	89	3477024	75993
chr3	3401031	3601031	harbor1	chr3	3485299	3485495	SINE/MIR	496	-	98	3485397	84366
chr3	3401031	3601031	harbor1	chr3	3500441	3500623	SINE/MIR	523	-	91	3500532	99501
chr3	101301235	101501235	harbor1	chr3	101362201	101362433	SINE/MIR	711	-	116	101362317	61082
chr3	101301235	101501235	harbor1	chr3	101395892	101396107	SINE/MIR	578	-	108	101396000	94765
chr3	16257206	16457206	harbor1	chr3	16284629	16284864	SINE/MIR	937	-	118	16284747	27541
chr3	16257206	16457206	harbor1	chr3	16299950	16300113	SINE/MIR	418	-	82	16300032	42826
chr3	16257206	16457206	harbor1	chr3	16313554	16313787	SINE/MIR	486	-	116	16313670	56464
chr3	16257206	16457206	harbor1	chr3	16325501	16325627	SINE/MIR	501	-	63	16325564	68358
chr3	16257206	16457206	harbor1	chr3	16352682	16352932	SINE/MIR	495	-	125	16352807	95601
chr3	52227454	52427454	harbor1	chr3	52241137	52241264	SINE/MIR	543	-	64	52241201	13747
chr3	179336704	179536704	harbor1	chr3	179412508	179412723	SINE/MIR	576	-	108	179412616	75912
chr3	177531171	177731171	harbor1	chr3	177533747	177533981	SINE/MIR	733	-	117	177533864	2693
chr3	177531171	177731171	harbor1	chr3	177540771	177540912	SINE/MIR	444	-	70	177540841	9670
chr3	177531171	177731171	harbor1	chr3	177541302	177541323	SINE/MIR	444	-	10	177541312	10141
chr3	177531171	177731171	harbor1	chr3	177573580	177573805	SINE/MIR	446	-	112	177573692	42521
chr3	177531171	177731171	harbor1	chr3	177575452	177575685	SINE/MIR	555	-	116	177575568	44397
chr3	177531171	177731171	harbor1	chr3	177578958	177579086	SINE/MIR	436	-	64	177579022	47851
chr3	177531171	177731171	harbor1	chr3	177625330	177625473	SINE/MIR	509	-	72	177625402	94231
chr3	177531171	177731171	harbor1	chr3	177630331	177630503	SINE/MIR	445	-	86	177630417	99246
chr3	44866996	45066996	harbor1	chr3	44867043	44867201	SINE/MIR	442	-	79	44867122	126
chr3	44866996	45066996	harbor1	chr3	44871985	44872127	SINE/MIR	510	-	71	44872056	5060
chr3	44866996	45066996	harbor1	chr3	44888981	44889131	SINE/MIR	627	-	75	44889056	22060
chr3	44866996	45066996	harbor1	chr3	44904241	44904412	SINE/MIR	742	-	86	44904327	37331
chr3	44866996	45066996	harbor1	chr3	44906470	44906676	SINE/MIR	691	-	103	44906573	39577
chr3	44866996	45066996	harbor1	chr3	44921596	44921844	SINE/MIR	548	-	124	44921720	54724
chr3	44866996	45066996	harbor1	chr3	44942690	44942895	SINE/MIR	465	-	102	44942792	75796
chr3	44866996	45066996	harbor1	chr3	44944785	44944971	SINE/MIR	405	-	93	44944878	77882
chr3	44866996	45066996	harbor1	chr3	44953013	44953248	SINE/MIR	892	-	118	44953131	86135
chr3	40779167	40979167	harbor1	chr3	40791980	40792141	SINE/MIR	537	-	80	40792060	12893
chr3	40779167	40979167	harbor1	chr3	40799183	40799412	SINE/MIR	778	-	114	40799297	20130
chr3	40779167	40979167	harbor1	chr3	40827673	40827866	SINE/MIR	632	-	96	40827769	48602
chr3	40779167	40979167	harbor1	chr3	40830092	40830218	SINE/MIR	413	-	63	40830155	50988
chr3	40779167	40979167	harbor1	chr3	40830687	40830868	SINE/MIR	512	-	90	40830777	51610
chr3	40779167	40979167	harbor1	chr3	40846216	40846430	SINE/MIR	514	-	107	40846323	67156
chr3	40779167	40979167	harbor1	chr3	40846678	40846892	SINE/MIR	626	-	107	40846785	67618
chr3	67883853	68083853	harbor1	chr3	67893362	67893566	SINE/MIR	630	-	102	67893464	9611
chr3	67883853	68083853	harbor1	chr3	67908077	67908256	SINE/MIR	500	-	90	67908167	24314
chr3	67883853	68083853	harbor1	chr3	67909778	67910027	SINE/MIR	938	-	124	67909902	26049
chr3	33072738	33272738	harbor1	chr3	33100372	33100578	SINE/MIR	520	-	103	33100475	27737
chr3	33072738	33272738	harbor1	chr3	33140123	33140246	SINE/MIR	423	-	62	33140185	67447
chr3	89849106	90049106	harbor1	chr3	89854412	89854641	SINE/MIR	851	-	114	89854526	5420
chr3	89849106	90049106	harbor1	chr3	89894861	89895036	SINE/MIR	415	-	88	89894949	45843
chr3	89849106	90049106	harbor1	chr3	89926484	89926702	SINE/MIR	462	-	109	89926593	77487
chr3	89849106	90049106	harbor1	chr3	89929705	89929864	SINE/MIR	481	-	80	89929785	80679
chr3	184050779	184250779	harbor1	chr3	184133154	184133383	SINE/MIR	874	-	114	184133268	82489
chr3	184050779	184250779	harbor1	chr3	184141002	184141190	SINE/MIR	480	-	94	184141096	90317
chr3	184050779	184250779	harbor1	chr3	184145896	184146040	SINE/MIR	544	-	72	184145968	95189
chr3	114431362	114631362	harbor1	chr3	114435278	114435529	SINE/MIR	567	-	126	114435404	4042
chr3	114431362	114631362	harbor1	chr3	114443748	114443905	SINE/MIR	496	-	78	114443826	12464
chr3	114431362	114631362	harbor1	chr3	114457619	114457876	SINE/MIR	924	-	128	114457747	26385
chr3	114431362	114631362	harbor1	chr3	114470516	114470745	SINE/MIR	472	-	114	114470630	39268
chr3	96786345	96986345	harbor1	chr3	96832863	96833024	SINE/MIR	471	-	80	96832943	46598
chr3	96786345	96986345	harbor1	chr3	96836871	96837005	SINE/MIR	518	-	67	96836938	50593
chr3	96786345	96986345	harbor1	chr3	96829274	96829472	SINE/MIR	518	-	99	96829373	43028
chr3	56997560	57197560	harbor1	chr3	57002722	57002763	SINE/MIR	509	-	20	57002742	5182
chr3	56997560	57197560	harbor1	chr3	57003068	57003123	SINE/MIR	509	-	28	57003096	5536
chr3	56997560	57197560	harbor1	chr3	57003428	57003524	SINE/MIR	509	-	48	57003476	5916
chr3	56997560	57197560	harbor1	chr3	57005240	57005405	SINE/MIR	600	-	82	57005322	7762
chr3	56997560	57197560	harbor1	chr3	57009867	57010051	SINE/MIR	528	-	92	57009959	12399
chr3	56997560	57197560	harbor1	chr3	57012188	57012266	SINE/MIR	438	-	39	57012227	14667
chr3	56997560	57197560	harbor1	chr3	57012559	57012709	SINE/MIR	438	-	75	57012634	15074
chr3	56997560	57197560	harbor1	chr3	57014339	57014361	SINE/MIR	438	-	11	57014350	16790
chr3	56997560	57197560	harbor1	chr3	57018338	57018594	SINE/MIR	1025	-	128	57018466	20906
chr3	56997560	57197560	harbor1	chr3	57018741	57018963	SINE/MIR	750	-	111	57018852	21292
chr3	56997560	57197560	harbor1	chr3	57038001	57038193	SINE/MIR	692	-	96	57038097	40537
chr3	56997560	57197560	harbor1	chr3	57041213	57041470	SINE/MIR	791	-	128	57041341	43781
chr3	56997560	57197560	harbor1	chr3	57051999	57052123	SINE/MIR	414	-	62	57052061	54501
chr3	56997560	57197560	harbor1	chr3	57061729	57061868	SINE/MIR	414	-	70	57061799	64239
chr3	56997560	57197560	harbor1	chr3	57078062	57078206	SINE/MIR	617	-	72	57078134	80574
chr3	56997560	57197560	harbor1	chr3	57084728	57084912	SINE/MIR	590	-	92	57084820	87260
chr3	56997560	57197560	harbor1	chr3	57086816	57087016	SINE/MIR	733	-	100	57086916	89356
chr3	106660709	106860709	harbor1	chr3	106682690	106682902	SINE/MIR	538	-	106	106682796	22087
chr3	106660709	106860709	harbor1	chr3	106727127	106727331	SINE/MIR	419	-	102	106727229	66520
chr3	75159465	75359465	harbor1	chr3	75161017	75161192	SINE/MIR	409	-	88	75161105	1640
chr3	75159465	75359465	harbor1	chr3	75198097	75198318	SINE/MIR	554	-	110	75198207	38742
chr3	122878729	123078729	harbor1	chr3	122894079	122894278	SINE/MIR	576	-	100	122894179	15450
chr3	122878729	123078729	harbor1	chr3	122914944	122915138	SINE/MIR	645	-	97	122915041	36312
chr3	122878729	123078729	harbor1	chr3	122916010	122916141	SINE/MIR	412	-	66	122916076	37347
chr3	122878729	123078729	harbor1	chr3	122916313	122916356	SINE/MIR	447	-	22	122916335	37606
chr3	122878729	123078729	harbor1	chr3	122916510	122916649	SINE/MIR	447	-	70	122916580	37851
chr3	122878729	123078729	harbor1	chr3	122920520	122920779	SINE/MIR	506	-	130	122920650	41921
chr3	122878729	123078729	harbor1	chr3	122921664	122921863	SINE/MIR	635	-	100	122921764	43035
chr3	122878729	123078729	harbor1	chr3	122926860	122927038	SINE/MIR	803	-	89	122926949	48220
chr3	122878729	123078729	harbor1	chr3	122927119	122927179	SINE/MIR	803	-	30	122927149	48420
chr3	122878729	123078729	harbor1	chr3	122930705	122930933	SINE/MIR	737	-	114	122930819	52090
chr3	122878729	123078729	harbor1	chr3	122939600	122939794	SINE/MIR	535	-	97	122939697	60968
chr3	122878729	123078729	harbor1	chr3	122959164	122959378	SINE/MIR	768	-	107	122959271	80542
chr3	122878729	123078729	harbor1	chr3	122969040	122969285	SINE/MIR	787	-	122	122969162	90433
chr3	122878729	123078729	harbor1	chr3	122970657	122970856	SINE/MIR	790	-	100	122970757	92028
chr3	41436348	41636348	harbor1	chr3	41453498	41453696	SINE/MIR	624	-	99	41453597	17249
chr3	41436348	41636348	harbor1	chr3	41460769	41461001	SINE/MIR	438	-	116	41460885	24537
chr3	41436348	41636348	harbor1	chr3	41485021	41485174	SINE/MIR	471	-	76	41485097	48749
chr3	41436348	41636348	harbor1	chr3	41527345	41527613	SINE/MIR	696	-	134	41527479	91131
chr3	137170930	137370930	harbor1	chr3	137171393	137171527	SINE/MIR	446	-	67	137171460	530
chr3	137170930	137370930	harbor1	chr3	137218571	137218796	SINE/MIR	646	-	112	137218683	47753
chr3	137170930	137370930	harbor1	chr3	137221381	137221592	SINE/MIR	453	-	106	137221487	50557
chr3	2717033	2917033	harbor1	chr3	2720762	2720932	SINE/MIR	579	-	85	2720847	3814
chr3	2717033	2917033	harbor1	chr3	2753392	2753609	SINE/MIR	561	-	108	2753500	36467
chr3	2717033	2917033	harbor1	chr3	2764755	2764997	SINE/MIR	652	-	121	2764876	47843
chr3	2717033	2917033	harbor1	chr3	2784358	2784542	SINE/MIR	486	-	92	2784450	67417
chr3	2717033	2917033	harbor1	chr3	2812694	2812947	SINE/MIR	817	-	126	2812820	95787
chr3	2717033	2917033	harbor1	chr3	2768759	2768992	SINE/MIR	634	-	116	2768875	51842
chr3	27665091	27865091	harbor1	chr3	27667669	27667891	SINE/MIR	692	-	111	27667780	2689
chr3	27665091	27865091	harbor1	chr3	27678461	27678692	SINE/MIR	462	-	116	27678577	13486
chr3	27665091	27865091	harbor1	chr3	27711608	27711838	SINE/MIR	493	-	115	27711723	46632
chr3	27665091	27865091	harbor1	chr3	27729645	27729834	SINE/MIR	547	-	94	27729739	64648
chr3	27665091	27865091	harbor1	chr3	27733085	27733257	SINE/MIR	493	-	86	27733171	68080
chr3	67547228	67747228	harbor1	chr3	67591968	67592203	SINE/MIR	444	-	118	67592086	44858
chr3	67547228	67747228	harbor1	chr3	67598740	67598945	SINE/MIR	505	-	102	67598842	51614
chr3	67547228	67747228	harbor1	chr3	67599031	67599249	SINE/MIR	612	-	109	67599140	51912
chr3	67547228	67747228	harbor1	chr3	67618479	67618635	SINE/MIR	486	-	78	67618557	71329
chr3	67547228	67747228	harbor1	chr3	67619191	67619440	SINE/MIR	560	-	124	67619315	72087
chr3	47691513	47891513	harbor1	chr3	47712526	47712741	SINE/MIR	563	-	108	47712634	21121
chr3	124035877	124235877	harbor1	chr3	124061247	124061466	SINE/MIR	527	-	110	124061357	25480
chr3	124035877	124235877	harbor1	chr3	124069054	124069286	SINE/MIR	513	-	116	124069170	33293
chr3	124035877	124235877	harbor1	chr3	124071268	124071444	SINE/MIR	423	-	88	124071356	35479
chr3	124035877	124235877	harbor1	chr3	124083521	124083711	SINE/MIR	570	-	95	124083616	47739
chr3	124035877	124235877	harbor1	chr3	124094078	124094225	SINE/MIR	522	-	74	124094152	58275
chr3	124035877	124235877	harbor1	chr3	124116352	124116556	SINE/MIR	462	-	102	124116454	80577
chr3	124035877	124235877	harbor1	chr3	124125138	124125338	SINE/MIR	635	-	100	124125238	89361
chr3	418916	618916	harbor1	chr3	425435	425569	SINE/MIR	482	-	67	425502	6586
chr3	418916	618916	harbor1	chr3	450467	450661	SINE/MIR	486	-	97	450564	31648
chr3	418916	618916	harbor1	chr3	453173	453358	SINE/MIR	562	-	92	453265	34349
chr3	418916	618916	harbor1	chr3	474563	474724	SINE/MIR	573	-	80	474643	55727
chr3	418916	618916	harbor1	chr3	480450	480680	SINE/MIR	815	-	115	480565	61649
chr3	418916	618916	harbor1	chr3	484708	484941	SINE/MIR	523	-	116	484824	65908
chr3	418916	618916	harbor1	chr3	498838	499025	SINE/MIR	732	-	94	498932	80016
chr3	157550891	157750891	harbor1	chr3	157605852	157606037	SINE/MIR	495	-	92	157605944	55053
chr3	157550891	157750891	harbor1	chr3	157635126	157635361	SINE/MIR	618	-	118	157635244	84353
chr3	60961928	61161928	harbor1	chr3	60989445	60989631	SINE/MIR	516	-	93	60989538	27610
chr3	60961928	61161928	harbor1	chr3	61010372	61010524	SINE/MIR	568	-	76	61010448	48520
chr3	60961928	61161928	harbor1	chr3	61018027	61018241	SINE/MIR	731	-	107	61018134	56206
chr3	60961928	61161928	harbor1	chr3	61058798	61058958	SINE/MIR	641	-	80	61058878	96950
chr3	142680248	142880248	harbor1	chr3	142680703	142680908	SINE/MIR	668	-	102	142680805	557
chr3	142680248	142880248	harbor1	chr3	142707401	142707575	SINE/MIR	426	-	87	142707488	27240
chr3	142680248	142880248	harbor1	chr3	142726826	142727051	SINE/MIR	550	-	112	142726938	46690
chr3	142680248	142880248	harbor1	chr3	142738058	142738258	SINE/MIR	549	-	100	142738158	57910
chr3	142680248	142880248	harbor1	chr3	142739274	142739419	SINE/MIR	777	-	72	142739346	59098
chr3	185750754	185950754	harbor1	chr3	185780776	185780948	SINE/MIR	482	-	86	185780862	30108
chr3	60952855	61152855	harbor1	chr3	60989445	60989631	SINE/MIR	516	-	93	60989538	36683
chr3	60952855	61152855	harbor1	chr3	61010372	61010524	SINE/MIR	568	-	76	61010448	57593
chr3	60952855	61152855	harbor1	chr3	61018027	61018241	SINE/MIR	731	-	107	61018134	65279
chr3	74724536	74924536	harbor1	chr3	74737131	74737347	SINE/MIR	481	-	108	74737239	12703
chr3	74724536	74924536	harbor1	chr3	74816265	74816511	SINE/MIR	653	-	123	74816388	91852
chr3	41019031	41219031	harbor1	chr3	41020613	41020771	SINE/MIR	529	-	79	41020692	1661
chr3	41019031	41219031	harbor1	chr3	41032119	41032240	SINE/MIR	498	-	60	41032179	13148
chr3	41019031	41219031	harbor1	chr3	41032943	41033172	SINE/MIR	693	-	114	41033057	14026
chr3	41019031	41219031	harbor1	chr3	41041937	41042095	SINE/MIR	418	-	79	41042016	22985
chr3	41019031	41219031	harbor1	chr3	41072965	41073158	SINE/MIR	589	-	96	41073061	54030
chr3	41019031	41219031	harbor1	chr3	41080479	41080704	SINE/MIR	409	-	112	41080591	61560
chr3	41019031	41219031	harbor1	chr3	41093514	41093668	SINE/MIR	633	-	77	41093591	74560
chr3	41019031	41219031	harbor1	chr3	41100714	41100907	SINE/MIR	727	-	96	41100810	81779
chr3	41019031	41219031	harbor1	chr3	41110825	41111017	SINE/MIR	505	-	96	41110921	91890
chr3	41019031	41219031	harbor1	chr3	41117865	41118083	SINE/MIR	573	-	109	41117974	98943
chr3	147601964	147801964	harbor1	chr3	147622175	147622336	SINE/MIR	487	-	80	147622255	20291
chr3	147601964	147801964	harbor1	chr3	147624355	147624502	SINE/MIR	506	-	74	147624429	22465
chr3	147601964	147801964	harbor1	chr3	147633699	147633889	SINE/MIR	521	-	95	147633794	31830
chr3	147601964	147801964	harbor1	chr3	147639920	147640065	SINE/MIR	463	-	72	147639992	38028
chr3	147601964	147801964	harbor1	chr3	147647439	147647465	SINE/MIR	475	-	13	147647452	45488
chr3	147601964	147801964	harbor1	chr3	147647764	147647916	SINE/MIR	475	-	76	147647840	45876
chr3	147601964	147801964	harbor1	chr3	147665695	147665881	SINE/MIR	770	-	93	147665788	63824
chr3	169466004	169666004	harbor1	chr3	169474882	169475046	SINE/MIR	445	-	82	169474964	8960
chr3	169466004	169666004	harbor1	chr3	169479827	169480024	SINE/MIR	463	-	98	169479925	13921
chr3	169466004	169666004	harbor1	chr3	169503005	169503207	SINE/MIR	484	-	101	169503106	37102
chr3	169466004	169666004	harbor1	chr3	169531393	169531640	SINE/MIR	507	-	124	169531517	65513
chr3	169466004	169666004	harbor1	chr3	169534651	169534887	SINE/MIR	755	-	118	169534769	68765
chr3	169466004	169666004	harbor1	chr3	169536816	169537063	SINE/MIR	567	-	124	169536940	70936
chr3	169466004	169666004	harbor1	chr3	169552416	169552659	SINE/MIR	1059	-	122	169552538	86534
chr3	169466004	169666004	harbor1	chr3	169564981	169565209	SINE/MIR	474	-	114	169565095	99091
chr3	43064910	43264910	harbor1	chr3	43071771	43072020	SINE/MIR	980	-	124	43071895	6985
chr3	43064910	43264910	harbor1	chr3	43095609	43095746	SINE/MIR	483	-	68	43095677	30767
chr3	43064910	43264910	harbor1	chr3	43096339	43096542	SINE/MIR	591	-	102	43096441	31531
chr3	43064910	43264910	harbor1	chr3	43102566	43102807	SINE/MIR	641	-	120	43102686	37776
chr3	43064910	43264910	harbor1	chr3	43103974	43104196	SINE/MIR	774	-	111	43104085	39175
chr3	43064910	43264910	harbor1	chr3	43104755	43104950	SINE/MIR	610	-	98	43104853	39943
chr3	43064910	43264910	harbor1	chr3	43111377	43111591	SINE/MIR	789	-	107	43111484	46574
chr3	43064910	43264910	harbor1	chr3	43163699	43163921	SINE/MIR	966	-	111	43163810	98900
chr3	153192567	153392567	harbor1	chr3	153193317	153193558	SINE/MIR	778	-	120	153193437	870
chr3	153192567	153392567	harbor1	chr3	153216004	153216105	SINE/MIR	664	-	50	153216054	23487
chr3	153192567	153392567	harbor1	chr3	153216347	153216465	SINE/MIR	664	-	59	153216406	23839
chr3	153192567	153392567	harbor1	chr3	153217026	153217213	SINE/MIR	536	-	94	153217120	24553
chr3	153192567	153392567	harbor1	chr3	153262715	153262928	SINE/MIR	715	-	106	153262821	70254
chr3	72691028	72891028	harbor1	chr3	72693628	72693691	SINE/MIR	470	-	32	72693660	2632
chr3	72691028	72891028	harbor1	chr3	72694003	72694152	SINE/MIR	470	-	74	72694077	3049
chr3	72691028	72891028	harbor1	chr3	72694805	72694934	SINE/MIR	416	-	64	72694869	3841
chr3	72691028	72891028	harbor1	chr3	72698614	72698816	SINE/MIR	784	-	101	72698715	7687
chr3	72691028	72891028	harbor1	chr3	72704132	72704362	SINE/MIR	560	-	115	72704247	13219
chr3	72691028	72891028	harbor1	chr3	72708526	72708725	SINE/MIR	896	-	100	72708626	17598
chr3	72691028	72891028	harbor1	chr3	72725886	72725988	SINE/MIR	574	-	51	72725937	34909
chr3	72691028	72891028	harbor1	chr3	72726115	72726278	SINE/MIR	574	-	82	72726197	35169
chr3	72691028	72891028	harbor1	chr3	72761614	72761746	SINE/MIR	410	-	66	72761680	70652
chr3	72691028	72891028	harbor1	chr3	72770151	72770359	SINE/MIR	583	-	104	72770255	79227
chr3	21898228	22098228	harbor1	chr3	21900873	21900989	SINE/MIR	437	-	58	21900931	2703
chr3	21898228	22098228	harbor1	chr3	21901522	21901654	SINE/MIR	473	-	66	21901588	3360
chr3	21898228	22098228	harbor1	chr3	21935303	21935538	SINE/MIR	477	-	118	21935421	37193
chr3	73898699	74098699	harbor1	chr3	73922912	73923111	SINE/MIR	491	-	100	73923012	24313
chr3	73898699	74098699	harbor1	chr3	73923314	73923493	SINE/MIR	463	-	90	73923404	24705
chr3	73898699	74098699	harbor1	chr3	73932122	73932337	SINE/MIR	635	-	108	73932230	33531
chr3	73898699	74098699	harbor1	chr3	73937237	73937442	SINE/MIR	590	-	102	73937339	38640
chr3	73898699	74098699	harbor1	chr3	73969600	73969810	SINE/MIR	519	-	105	73969705	71006
chr3	73898699	74098699	harbor1	chr3	73979228	73979461	SINE/MIR	456	-	116	73979344	80645
chr3	73898699	74098699	harbor1	chr3	73980267	73980463	SINE/MIR	411	-	98	73980365	81666
chr3	73898699	74098699	harbor1	chr3	73987904	73988131	SINE/MIR	739	-	114	73988018	89319
chr3	193841912	194041912	harbor1	chr3	193845069	193845203	SINE/MIR	636	-	67	193845136	3224
chr3	193841912	194041912	harbor1	chr3	193845576	193845675	SINE/MIR	636	-	50	193845626	3714
chr3	193841912	194041912	harbor1	chr3	193851500	193851730	SINE/MIR	519	-	115	193851615	9703
chr3	193841912	194041912	harbor1	chr3	193859188	193859354	SINE/MIR	417	-	83	193859271	17359
chr3	193841912	194041912	harbor1	chr3	193872023	193872255	SINE/MIR	714	-	116	193872139	30227
chr3	193841912	194041912	harbor1	chr3	193920700	193920895	SINE/MIR	582	-	98	193920798	78886
chr3	193841912	194041912	harbor1	chr3	193921544	193921758	SINE/MIR	407	-	107	193921651	79739
chr3	101479486	101679486	harbor1	chr3	101573187	101573364	SINE/MIR	473	-	88	101573275	93789
chr3	19215286	19415286	harbor1	chr3	19217504	19217745	SINE/MIR	802	-	120	19217624	2338
chr3	19215286	19415286	harbor1	chr3	19225223	19225432	SINE/MIR	477	-	104	19225327	10041
chr3	19215286	19415286	harbor1	chr3	19241242	19241462	SINE/MIR	512	-	110	19241352	26066
chr3	19215286	19415286	harbor1	chr3	19264713	19264942	SINE/MIR	594	-	114	19264827	49541
chr3	19215286	19415286	harbor1	chr3	19300970	19301198	SINE/MIR	712	-	114	19301084	85798
chr3	19215286	19415286	harbor1	chr3	19311189	19311434	SINE/MIR	911	-	122	19311311	96025
chr3	150873907	151073907	harbor1	chr3	150895060	150895262	SINE/MIR	470	-	101	150895161	21254
chr3	150873907	151073907	harbor1	chr3	150946234	150946386	SINE/MIR	490	-	76	150946310	72403
chr3	150873907	151073907	harbor1	chr3	150953492	150953538	SINE/MIR	560	-	23	150953515	79608
chr3	150873907	151073907	harbor1	chr3	150953818	150953955	SINE/MIR	560	-	68	150953886	79979
chr3	150873907	151073907	harbor1	chr3	150880009	150880264	SINE/MIR	489	-	128	150880137	6230
chr3	52200100	52400100	harbor1	chr3	52241137	52241264	SINE/MIR	543	-	64	52241201	41101
chr3	161953290	162153290	harbor1	chr3	161958047	161958287	SINE/MIR	657	-	120	161958167	4877
chr3	161953290	162153290	harbor1	chr3	161968959	161969125	SINE/MIR	491	-	83	161969042	15752
chr3	161953290	162153290	harbor1	chr3	161969434	161969464	SINE/MIR	491	-	15	161969449	16159
chr3	161953290	162153290	harbor1	chr3	161973296	161973541	SINE/MIR	669	-	122	161973418	20128
chr3	161953290	162153290	harbor1	chr3	162006253	162006486	SINE/MIR	454	-	116	162006369	53079
chr3	161953290	162153290	harbor1	chr3	162039887	162039995	SINE/MIR	428	-	54	162039941	86651
chr3	161953290	162153290	harbor1	chr3	162040987	162041239	SINE/MIR	847	-	126	162041113	87823
chr3	184835222	185035222	harbor1	chr3	184835149	184835344	SINE/MIR	511	-	98	184835247	25
chr3	184835222	185035222	harbor1	chr3	184838067	184838212	SINE/MIR	486	-	72	184838139	2917
chr3	184835222	185035222	harbor1	chr3	184841734	184841827	SINE/MIR	408	-	46	184841780	6558
chr3	184835222	185035222	harbor1	chr3	184873061	184873311	SINE/MIR	727	-	125	184873186	37964
chr3	184835222	185035222	harbor1	chr3	184873402	184873643	SINE/MIR	927	-	120	184873522	38300
chr3	184835222	185035222	harbor1	chr3	184877541	184877726	SINE/MIR	542	-	92	184877633	42411
chr3	184835222	185035222	harbor1	chr3	184887438	184887664	SINE/MIR	717	-	113	184887551	52329
chr3	184835222	185035222	harbor1	chr3	184925429	184925685	SINE/MIR	651	-	128	184925557	90335
chr3	94170260	94370260	harbor1	chr3	94224134	94224300	SINE/MIR	528	-	83	94224217	53957
chr3	94170260	94370260	harbor1	chr3	94230372	94230606	SINE/MIR	563	-	117	94230489	60229
chr3	159359790	159559790	harbor1	chr3	159380622	159380874	SINE/MIR	737	-	126	159380748	20958
chr3	159359790	159559790	harbor1	chr3	159391746	159391944	SINE/MIR	444	-	99	159391845	32055
chr3	159359790	159559790	harbor1	chr3	159401416	159401649	SINE/MIR	520	-	116	159401532	41742
chr3	159359790	159559790	harbor1	chr3	159412008	159412238	SINE/MIR	724	-	115	159412123	52333
chr3	132896540	133096540	harbor1	chr3	132923040	132923232	SINE/MIR	519	-	96	132923136	26596
chr3	132896540	133096540	harbor1	chr3	132942535	132942649	SINE/MIR	512	-	57	132942592	46052
chr3	132896540	133096540	harbor1	chr3	132966079	132966327	SINE/MIR	774	-	124	132966203	69663
chr3	110166084	110366084	harbor1	chr3	110219781	110220011	SINE/MIR	582	-	115	110219896	53812
chr3	110166084	110366084	harbor1	chr3	110243610	110243774	SINE/MIR	509	-	82	110243692	77608
chr3	141038788	141238788	harbor1	chr3	141070681	141070847	SINE/MIR	508	-	83	141070764	31976
chr3	141038788	141238788	harbor1	chr3	141071431	141071635	SINE/MIR	537	-	102	141071533	32745
chr3	141038788	141238788	harbor1	chr3	141074928	141075070	SINE/MIR	417	-	71	141074999	36211
chr3	141038788	141238788	harbor1	chr3	141080148	141080274	SINE/MIR	425	-	63	141080211	41423
chr3	141038788	141238788	harbor1	chr3	141086728	141086980	SINE/MIR	620	-	126	141086854	48066
chr3	141038788	141238788	harbor1	chr3	141087532	141087727	SINE/MIR	616	-	98	141087630	48842
chr3	141038788	141238788	harbor1	chr3	141093267	141093498	SINE/MIR	671	-	116	141093383	54595
chr3	141038788	141238788	harbor1	chr3	141105420	141105695	SINE/MIR	469	-	138	141105558	66770
chr3	141038788	141238788	harbor1	chr3	141110410	141110486	SINE/MIR	485	-	38	141110448	71660
chr3	141038788	141238788	harbor1	chr3	141110873	141110976	SINE/MIR	485	-	52	141110925	72137
chr3	14418608	14618608	harbor1	chr3	14418697	14418896	SINE/MIR	602	-	100	14418797	189
chr3	14418608	14618608	harbor1	chr3	14427328	14427479	SINE/MIR	447	-	76	14427404	8796
chr3	14418608	14618608	harbor1	chr3	14428425	14428578	SINE/MIR	572	-	76	14428501	9893
chr3	14418608	14618608	harbor1	chr3	14438230	14438426	SINE/MIR	440	-	98	14438328	19720
chr3	14418608	14618608	harbor1	chr3	14440070	14440239	SINE/MIR	633	-	84	14440154	21546
chr3	14418608	14618608	harbor1	chr3	14461191	14461415	SINE/MIR	653	-	112	14461303	42695
chr3	14418608	14618608	harbor1	chr3	14465490	14465695	SINE/MIR	603	-	102	14465592	46984
chr3	14418608	14618608	harbor1	chr3	14465950	14465984	SINE/MIR	516	-	17	14465967	47359
chr3	14418608	14618608	harbor1	chr3	14466293	14466447	SINE/MIR	516	-	77	14466370	47762
chr3	14418608	14618608	harbor1	chr3	14474562	14474737	SINE/MIR	469	-	88	14474650	56042
chr3	14418608	14618608	harbor1	chr3	14507123	14507248	SINE/MIR	429	-	62	14507185	88577
chr3	144681807	144881807	harbor1	chr3	144695921	144696146	SINE/MIR	433	-	112	144696033	14226
chr3	144681807	144881807	harbor1	chr3	144756611	144756711	SINE/MIR	681	-	50	144756661	74854
chr3	144681807	144881807	harbor1	chr3	144758240	144758344	SINE/MIR	681	-	52	144758292	76485
chr3	178121989	178321989	harbor1	chr3	178136146	178136343	SINE/MIR	521	-	98	178136244	14255
chr3	178121989	178321989	harbor1	chr3	178173160	178173345	SINE/MIR	489	-	92	178173252	51263
chr3	178121989	178321989	harbor1	chr3	178175260	178175392	SINE/MIR	441	-	66	178175326	53337
chr3	178121989	178321989	harbor1	chr3	178175473	178175589	SINE/MIR	441	-	58	178175531	53542
chr3	178121989	178321989	harbor1	chr3	178184310	178184447	SINE/MIR	459	-	68	178184378	62389
chr3	151518943	151718943	harbor1	chr3	151562563	151562727	SINE/MIR	407	-	82	151562645	43702
chr3	151518943	151718943	harbor1	chr3	151563179	151563189	SINE/MIR	407	-	5	151563184	44241
chr3	151518943	151718943	harbor1	chr3	151563787	151564045	SINE/MIR	976	-	129	151563916	44973
chr3	151518943	151718943	harbor1	chr3	151564975	151565096	SINE/MIR	510	-	60	151565035	46092
chr3	130864516	131064516	harbor1	chr3	130933386	130933603	SINE/MIR	425	-	108	130933494	68978
chr3	130864516	131064516	harbor1	chr3	130963652	130963788	SINE/MIR	498	-	68	130963720	99204
chr3	134598251	134798251	harbor1	chr3	134616888	134617059	SINE/MIR	565	-	86	134616974	18723
chr3	134598251	134798251	harbor1	chr3	134628646	134628874	SINE/MIR	764	-	114	134628760	30509
chr3	134598251	134798251	harbor1	chr3	134655489	134655652	SINE/MIR	444	-	82	134655571	57320
chr3	134598251	134798251	harbor1	chr3	134660390	134660513	SINE/MIR	485	-	62	134660452	62201
chr3	134598251	134798251	harbor1	chr3	134662488	134662613	SINE/MIR	431	-	62	134662550	64299
chr3	134598251	134798251	harbor1	chr3	134666754	134666980	SINE/MIR	571	-	113	134666867	68616
chr3	134598251	134798251	harbor1	chr3	134678541	134678723	SINE/MIR	731	-	91	134678632	80381
chr3	134598251	134798251	harbor1	chr3	134681772	134681982	SINE/MIR	519	-	105	134681877	83626
chr3	134598251	134798251	harbor1	chr3	134682694	134682875	SINE/MIR	503	-	90	134682784	84533
chr3	134598251	134798251	harbor1	chr3	134686708	134686873	SINE/MIR	487	-	82	134686790	88539
chr3	134598251	134798251	harbor1	chr3	134695838	134695987	SINE/MIR	560	-	74	134695912	97661
chr3	118264899	118464899	harbor1	chr3	118267208	118267448	SINE/MIR	573	-	120	118267328	2429
chr3	118264899	118464899	harbor1	chr3	118275348	118275465	SINE/MIR	420	-	58	118275406	10507
chr3	117409893	117609893	harbor1	chr3	117446250	117446494	SINE/MIR	424	-	122	117446372	36479
chr3	117409893	117609893	harbor1	chr3	117455996	117456224	SINE/MIR	706	-	114	117456110	46217
chr3	117409893	117609893	harbor1	chr3	117499575	117499749	SINE/MIR	405	-	87	117499662	89769
chr3	65007705	65207705	harbor1	chr3	65018334	65018516	SINE/MIR	526	-	91	65018425	10720
chr3	65007705	65207705	harbor1	chr3	65027141	65027290	SINE/MIR	575	-	74	65027215	19510
chr3	65007705	65207705	harbor1	chr3	65029683	65029825	SINE/MIR	446	-	71	65029754	22049
chr3	65007705	65207705	harbor1	chr3	65033232	65033383	SINE/MIR	511	-	76	65033308	25603
chr3	65007705	65207705	harbor1	chr3	65039150	65039397	SINE/MIR	815	-	124	65039274	31569
chr3	65007705	65207705	harbor1	chr3	65040768	65040903	SINE/MIR	468	-	68	65040836	33131
chr3	65007705	65207705	harbor1	chr3	65084149	65084305	SINE/MIR	478	-	78	65084227	76522
chr3	65007705	65207705	harbor1	chr3	65093078	65093272	SINE/MIR	868	-	97	65093175	85470
chr3	65007705	65207705	harbor1	chr3	65105569	65105779	SINE/MIR	687	-	105	65105674	97969
chr3	143604669	143804669	harbor1	chr3	143615644	143615880	SINE/MIR	485	-	118	143615762	11093
chr3	143604669	143804669	harbor1	chr3	143616183	143616216	SINE/MIR	485	-	16	143616199	11530
chr3	143604669	143804669	harbor1	chr3	143647074	143647262	SINE/MIR	519	-	94	143647168	42499
chr3	143604669	143804669	harbor1	chr3	143694508	143694734	SINE/MIR	582	-	113	143694621	89952
chr3	143604669	143804669	harbor1	chr3	143697469	143697653	SINE/MIR	742	-	92	143697561	92892
chr3	13169611	13369611	harbor1	chr3	13188421	13188645	SINE/MIR	975	-	112	13188533	18922
chr3	13169611	13369611	harbor1	chr3	13248732	13248822	SINE/MIR	446	-	45	13248777	79166
chr3	13169611	13369611	harbor1	chr3	13248903	13249005	SINE/MIR	454	-	51	13248954	79343
chr3	13169611	13369611	harbor1	chr3	13253141	13253336	SINE/MIR	726	-	98	13253239	83628
chr3	77208102	77408102	harbor1	chr3	77254707	77254930	SINE/MIR	431	-	112	77254819	46717
chr3	77208102	77408102	harbor1	chr3	77265117	77265332	SINE/MIR	434	-	108	77265225	57123
chr3	57200723	57400723	harbor1	chr3	57223027	57223251	SINE/MIR	541	-	112	57223139	22416
chr3	57200723	57400723	harbor1	chr3	57281605	57281824	SINE/MIR	569	-	110	57281715	80992
chr3	57200723	57400723	harbor1	chr3	57299270	57299488	SINE/MIR	882	-	109	57299379	98656
chr3	189250636	189450636	harbor1	chr3	189270647	189270871	SINE/MIR	447	-	112	189270759	20123
chr3	189250636	189450636	harbor1	chr3	189281046	189281282	SINE/MIR	778	-	118	189281164	30528
chr3	189250636	189450636	harbor1	chr3	189283721	189283876	SINE/MIR	459	-	78	189283799	33163
chr3	189250636	189450636	harbor1	chr3	189285646	189285832	SINE/MIR	475	-	93	189285739	35103
chr3	189250636	189450636	harbor1	chr3	189291713	189291883	SINE/MIR	455	-	85	189291798	41162
chr3	189250636	189450636	harbor1	chr3	189298391	189298549	SINE/MIR	417	-	79	189298470	47834
chr3	189250636	189450636	harbor1	chr3	189304170	189304367	SINE/MIR	417	-	98	189304268	53632
chr3	189250636	189450636	harbor1	chr3	189317450	189317655	SINE/MIR	532	-	102	189317552	66916
chr3	189250636	189450636	harbor1	chr3	189330529	189330734	SINE/MIR	518	-	102	189330631	79995
chr3	23177231	23377231	harbor1	chr3	23198747	23198974	SINE/MIR	521	-	114	23198861	21630
chr3	23177231	23377231	harbor1	chr3	23229165	23229295	SINE/MIR	660	-	65	23229230	51999
chr3	23177231	23377231	harbor1	chr3	23229499	23229650	SINE/MIR	660	-	76	23229575	52344
chr3	23177231	23377231	harbor1	chr3	23250073	23250276	SINE/MIR	414	-	102	23250175	72944
chr3	23177231	23377231	harbor1	chr3	23263992	23264187	SINE/MIR	437	-	98	23264090	86859
chr3	53164761	53364761	harbor1	chr3	53198442	53198582	SINE/MIR	405	-	70	53198512	33751
chr3	53164761	53364761	harbor1	chr3	53223342	53223542	SINE/MIR	447	-	100	53223442	58681
chr3	16004685	16204685	harbor1	chr3	16045017	16045229	SINE/MIR	697	-	106	16045123	40438
chr3	16004685	16204685	harbor1	chr3	16066241	16066350	SINE/MIR	597	-	54	16066295	61610
chr3	16004685	16204685	harbor1	chr3	16066671	16066752	SINE/MIR	597	-	40	16066711	62026
chr3	16004685	16204685	harbor1	chr3	16077943	16078077	SINE/MIR	529	-	67	16078010	73325
chr3	16004685	16204685	harbor1	chr3	16079378	16079558	SINE/MIR	556	-	90	16079468	74783
chr3	16004685	16204685	harbor1	chr3	16083902	16084032	SINE/MIR	441	-	65	16083967	79282
chr3	16004685	16204685	harbor1	chr3	16101021	16101145	SINE/MIR	420	-	62	16101083	96398
chr3	60987691	61187691	harbor1	chr3	60989445	60989631	SINE/MIR	516	-	93	60989538	1847
chr3	60987691	61187691	harbor1	chr3	61010372	61010524	SINE/MIR	568	-	76	61010448	22757
chr3	60987691	61187691	harbor1	chr3	61018027	61018241	SINE/MIR	731	-	107	61018134	30443
chr3	60987691	61187691	harbor1	chr3	61058798	61058958	SINE/MIR	641	-	80	61058878	71187
chr3	60987691	61187691	harbor1	chr3	61075924	61076126	SINE/MIR	656	-	101	61076025	88334
chr3	60987691	61187691	harbor1	chr3	61076594	61076827	SINE/MIR	509	-	116	61076710	89019
chr3	74771499	74971499	harbor1	chr3	74816265	74816511	SINE/MIR	653	-	123	74816388	44889
chr3	74771499	74971499	harbor1	chr3	74839181	74839431	SINE/MIR	497	-	125	74839306	67807
chr3	74771499	74971499	harbor1	chr3	74861940	74862173	SINE/MIR	432	-	116	74862056	90557
chr3	111100414	111300414	harbor1	chr3	111170285	111170439	SINE/MIR	682	-	77	111170362	69948
chr3	111100414	111300414	harbor1	chr3	111170910	111170985	SINE/MIR	682	-	38	111170948	70534
chr3	111100414	111300414	harbor1	chr3	111171029	111171241	SINE/MIR	663	-	106	111171135	70721
chr3	76601185	76801185	harbor1	chr3	76615762	76616001	SINE/MIR	495	-	120	76615882	14697
chr3	76601185	76801185	harbor1	chr3	76633681	76633887	SINE/MIR	846	-	103	76633784	32599
chr3	76601185	76801185	harbor1	chr3	76642133	76642293	SINE/MIR	516	-	80	76642213	41028
chr3	76601185	76801185	harbor1	chr3	76644819	76645039	SINE/MIR	556	-	110	76644929	43744
chr3	76601185	76801185	harbor1	chr3	76652270	76652501	SINE/MIR	555	-	116	76652386	51201
chr3	76601185	76801185	harbor1	chr3	76681325	76681514	SINE/MIR	568	-	94	76681419	80234
chr3	76601185	76801185	harbor1	chr3	76695620	76695865	SINE/MIR	832	-	122	76695742	94557
chr3	4142876	4342876	harbor1	chr3	4154416	4154666	SINE/MIR	863	-	125	4154541	11665
chr3	4142876	4342876	harbor1	chr3	4163584	4163754	SINE/MIR	432	-	85	4163669	20793
chr3	4142876	4342876	harbor1	chr3	4172441	4172607	SINE/MIR	742	-	83	4172524	29648
chr3	4142876	4342876	harbor1	chr3	4219228	4219451	SINE/MIR	746	-	112	4219340	76464
chr3	173250937	173450937	harbor1	chr3	173288262	173288480	SINE/MIR	765	-	109	173288371	37434
chr3	173250937	173450937	harbor1	chr3	173306077	173306285	SINE/MIR	576	-	104	173306181	55244
chr3	173250937	173450937	harbor1	chr3	173325731	173325875	SINE/MIR	415	-	72	173325803	74866
chr3	173250937	173450937	harbor1	chr3	173335628	173335727	SINE/MIR	421	-	50	173335678	84741
chr3	187294463	187494463	harbor1	chr3	187326482	187326622	SINE/MIR	519	-	70	187326552	32089
chr3	187294463	187494463	harbor1	chr3	187335958	187336081	SINE/MIR	419	-	62	187336020	41557
chr3	69596038	69796038	harbor1	chr3	69599893	69600099	SINE/MIR	805	-	103	69599996	3958
chr3	69596038	69796038	harbor1	chr3	69600750	69600806	SINE/MIR	805	-	28	69600778	4740
chr3	69596038	69796038	harbor1	chr3	69618290	69618481	SINE/MIR	538	-	96	69618386	22348
chr3	69596038	69796038	harbor1	chr3	69646279	69646494	SINE/MIR	436	-	108	69646387	50349
chr3	69596038	69796038	harbor1	chr3	69650050	69650264	SINE/MIR	584	-	107	69650157	54119
chr3	69596038	69796038	harbor1	chr3	69650533	69650553	SINE/MIR	752	-	10	69650543	54505
chr3	69596038	69796038	harbor1	chr3	69651014	69651228	SINE/MIR	752	-	107	69651121	55083
chr3	69596038	69796038	harbor1	chr3	69651326	69651561	SINE/MIR	729	-	118	69651444	55406
chr3	69596038	69796038	harbor1	chr3	69659304	69659518	SINE/MIR	586	-	107	69659411	63373
chr3	69596038	69796038	harbor1	chr3	69659558	69659756	SINE/MIR	408	-	99	69659657	63619
chr3	69596038	69796038	harbor1	chr3	69682647	69682846	SINE/MIR	524	-	100	69682747	86709
chr3	69596038	69796038	harbor1	chr3	69693394	69693615	SINE/MIR	425	-	110	69693504	97466
chr3	69596038	69796038	harbor1	chr3	69694758	69694883	SINE/MIR	442	-	62	69694820	98782
chr3	73821318	74021318	harbor1	chr3	73828275	73828497	SINE/MIR	612	-	111	73828386	7068
chr3	73821318	74021318	harbor1	chr3	73879013	73879162	SINE/MIR	602	-	74	73879087	57769
chr3	73821318	74021318	harbor1	chr3	73887393	73887561	SINE/MIR	476	-	84	73887477	66159
chr3	181756359	181956359	harbor1	chr3	181767176	181767331	SINE/MIR	418	-	78	181767254	10895
chr3	181756359	181956359	harbor1	chr3	181781580	181781759	SINE/MIR	408	-	90	181781670	25311
chr3	181756359	181956359	harbor1	chr3	181804572	181804695	SINE/MIR	435	-	62	181804634	48275
chr3	181756359	181956359	harbor1	chr3	181814492	181814634	SINE/MIR	509	-	71	181814563	58204
chr3	181756359	181956359	harbor1	chr3	181816672	181816854	SINE/MIR	410	-	91	181816763	60404
chr3	181756359	181956359	harbor1	chr3	181840476	181840643	SINE/MIR	445	-	84	181840560	84201
chr3	181756359	181956359	harbor1	chr3	181845141	181845303	SINE/MIR	597	-	81	181845222	88863
chr3	181756359	181956359	harbor1	chr3	181850576	181850740	SINE/MIR	419	-	82	181850658	94299
chr3	181756359	181956359	harbor1	chr3	181764056	181764206	SINE/MIR	484	-	75	181764131	7772
chr3	11750120	11950120	harbor1	chr3	11756370	11756583	SINE/MIR	728	-	106	11756476	6356
chr3	11750120	11950120	harbor1	chr3	11756891	11756946	SINE/MIR	728	-	28	11756919	6799
chr3	11750120	11950120	harbor1	chr3	11756978	11757150	SINE/MIR	617	-	86	11757064	6944
chr3	11750120	11950120	harbor1	chr3	11765309	11765540	SINE/MIR	629	-	116	11765425	15305
chr3	11750120	11950120	harbor1	chr3	11772792	11772953	SINE/MIR	610	-	80	11772872	22752
chr3	11750120	11950120	harbor1	chr3	11773257	11773285	SINE/MIR	610	-	14	11773271	23151
chr3	11750120	11950120	harbor1	chr3	11787647	11787828	SINE/MIR	514	-	90	11787737	37617
chr3	11750120	11950120	harbor1	chr3	11789104	11789261	SINE/MIR	422	-	78	11789182	39062
chr3	11750120	11950120	harbor1	chr3	11819247	11819404	SINE/MIR	414	-	78	11819325	69205
chr3	11750120	11950120	harbor1	chr3	11844388	11844634	SINE/MIR	674	-	123	11844511	94391
chr3	11750120	11950120	harbor1	chr3	11848402	11848463	SINE/MIR	533	-	30	11848432	98312
chr3	11750120	11950120	harbor1	chr3	11848719	11848917	SINE/MIR	533	-	99	11848818	98698
chr3	11750120	11950120	harbor1	chr3	11763645	11763859	SINE/MIR	540	-	107	11763752	13632
chr3	171925249	172125249	harbor1	chr3	171936180	171936399	SINE/MIR	723	-	110	171936290	11041
chr3	171925249	172125249	harbor1	chr3	171958321	171958463	SINE/MIR	478	-	71	171958392	33143
chr3	140474965	140674965	harbor1	chr3	140507194	140507391	SINE/MIR	565	-	98	140507292	32327
chr3	140474965	140674965	harbor1	chr3	140539673	140539873	SINE/MIR	474	-	100	140539773	64808
chr3	140474965	140674965	harbor1	chr3	140557877	140558114	SINE/MIR	475	-	118	140557995	83030
chr3	140474965	140674965	harbor1	chr3	140564603	140564813	SINE/MIR	537	-	105	140564708	89743
chr3	68757710	68957710	harbor1	chr3	68757716	68757736	SINE/MIR	406	-	10	68757726	16
chr3	68757710	68957710	harbor1	chr3	68757907	68758083	SINE/MIR	406	-	88	68757995	285
chr3	68757710	68957710	harbor1	chr3	68848002	68848206	SINE/MIR	502	-	102	68848104	90394
chr3	107525183	107725183	harbor1	chr3	107534984	107535139	SINE/MIR	448	-	78	107535062	9879
chr3	107525183	107725183	harbor1	chr3	107541070	107541273	SINE/MIR	461	-	102	107541172	15989
chr3	107525183	107725183	harbor1	chr3	107542625	107542797	SINE/MIR	505	-	86	107542711	17528
chr3	107525183	107725183	harbor1	chr3	107553199	107553415	SINE/MIR	449	-	108	107553307	28124
chr3	107525183	107725183	harbor1	chr3	107558710	107558818	SINE/MIR	458	-	54	107558764	33581
chr3	107525183	107725183	harbor1	chr3	107594870	107595010	SINE/MIR	429	-	70	107594940	69757
chr3	1112153	1312153	harbor1	chr3	1133353	1133589	SINE/MIR	729	-	118	1133471	21318
chr3	1112153	1312153	harbor1	chr3	1137641	1137849	SINE/MIR	491	-	104	1137745	25592
chr3	1112153	1312153	harbor1	chr3	1143844	1144037	SINE/MIR	489	-	96	1143940	31787
chr3	1112153	1312153	harbor1	chr3	1165624	1165864	SINE/MIR	427	-	120	1165744	53591
chr3	1112153	1312153	harbor1	chr3	1167640	1167774	SINE/MIR	521	-	67	1167707	55554
chr3	1112153	1312153	harbor1	chr3	1173345	1173602	SINE/MIR	773	-	128	1173473	61320
chr3	71531421	71731421	harbor1	chr3	71540540	71540764	SINE/MIR	548	-	112	71540652	9231
chr3	71531421	71731421	harbor1	chr3	71562242	71562457	SINE/MIR	695	-	108	71562350	30929
chr3	71531421	71731421	harbor1	chr3	71598790	71598967	SINE/MIR	431	-	88	71598878	67457
chr3	71531421	71731421	harbor1	chr3	71614582	71614736	SINE/MIR	454	-	77	71614659	83238
chr3	71531421	71731421	harbor1	chr3	71548820	71549044	SINE/MIR	488	-	112	71548932	17511
chr3	110642818	110842818	harbor1	chr3	110688765	110688954	SINE/MIR	594	-	94	110688859	46041
chr3	110642818	110842818	harbor1	chr3	110713379	110713570	SINE/MIR	556	-	96	110713475	70657
chr3	110642818	110842818	harbor1	chr3	110721252	110721426	SINE/MIR	430	-	87	110721339	78521
chr3	110642818	110842818	harbor1	chr3	110725660	110725907	SINE/MIR	540	-	124	110725784	82966
chr3	110642818	110842818	harbor1	chr3	110725923	110726073	SINE/MIR	541	-	75	110725998	83180
chr3	110642818	110842818	harbor1	chr3	110726860	110726979	SINE/MIR	576	-	60	110726920	84102
chr3	110642818	110842818	harbor1	chr3	110729325	110729526	SINE/MIR	703	-	100	110729425	86607
chr3	110642818	110842818	harbor1	chr3	110657494	110657631	SINE/MIR	416	-	68	110657562	14744
chr3	23268000	23468000	harbor1	chr3	23281905	23282127	SINE/MIR	535	-	111	23282016	14016
chr3	23268000	23468000	harbor1	chr3	23323102	23323264	SINE/MIR	462	-	81	23323183	55183
chr3	23268000	23468000	harbor1	chr3	23341247	23341399	SINE/MIR	418	-	76	23341323	73323
chr3	114431323	114631323	harbor1	chr3	114435278	114435529	SINE/MIR	567	-	126	114435404	4081
chr3	114431323	114631323	harbor1	chr3	114443748	114443905	SINE/MIR	496	-	78	114443826	12503
chr3	114431323	114631323	harbor1	chr3	114457619	114457876	SINE/MIR	924	-	128	114457747	26424
chr3	114431323	114631323	harbor1	chr3	114470516	114470745	SINE/MIR	472	-	114	114470630	39307
chr3	711551	911551	harbor1	chr3	714120	714265	SINE/MIR	431	-	72	714192	2641
chr3	711551	911551	harbor1	chr3	745327	745480	SINE/MIR	433	-	76	745403	33852
chr3	711551	911551	harbor1	chr3	774114	774333	SINE/MIR	409	-	110	774224	62673
chr3	711551	911551	harbor1	chr3	783878	784097	SINE/MIR	566	-	110	783988	72437
chr3	711551	911551	harbor1	chr3	802188	802418	SINE/MIR	460	-	115	802303	90752
chr3	26310250	26510250	harbor1	chr3	26313928	26314174	SINE/MIR	690	-	123	26314051	3801
chr3	26310250	26510250	harbor1	chr3	26334440	26334679	SINE/MIR	819	-	120	26334560	24310
chr3	67392911	67592911	harbor1	chr3	67401868	67402097	SINE/MIR	416	-	114	67401982	9071
chr3	67392911	67592911	harbor1	chr3	67415367	67415574	SINE/MIR	570	-	104	67415471	22560
chr3	67392911	67592911	harbor1	chr3	67418258	67418499	SINE/MIR	586	-	120	67418378	25467
chr3	67392911	67592911	harbor1	chr3	67420969	67421189	SINE/MIR	426	-	110	67421079	28168
chr3	67392911	67592911	harbor1	chr3	67450948	67451078	SINE/MIR	496	-	65	67451013	58102
chr3	67392911	67592911	harbor1	chr3	67460363	67460583	SINE/MIR	473	-	110	67460473	67562
chr3	67392911	67592911	harbor1	chr3	67467702	67467889	SINE/MIR	474	-	94	67467796	74885
chr3	67392911	67592911	harbor1	chr3	67477896	67478152	SINE/MIR	1006	-	128	67478024	85113
chr3	67392911	67592911	harbor1	chr3	67491864	67492012	SINE/MIR	768	-	74	67491938	99027
chr3	887525	1087525	harbor1	chr3	910682	910909	SINE/MIR	787	-	114	910796	23271
chr3	887525	1087525	harbor1	chr3	911075	911093	SINE/MIR	787	-	9	911084	23559
chr3	887525	1087525	harbor1	chr3	923906	924067	SINE/MIR	418	-	80	923986	36461
chr3	887525	1087525	harbor1	chr3	924613	924744	SINE/MIR	458	-	66	924679	37154
chr3	887525	1087525	harbor1	chr3	969380	969565	SINE/MIR	552	-	92	969472	81947
chr3	887525	1087525	harbor1	chr3	978521	978683	SINE/MIR	422	-	81	978602	91077
chr3	178605179	178805179	harbor1	chr3	178618837	178619026	SINE/MIR	497	-	94	178618931	13752
chr3	178605179	178805179	harbor1	chr3	178619966	178620100	SINE/MIR	421	-	67	178620033	14854
chr3	178605179	178805179	harbor1	chr3	178622338	178622559	SINE/MIR	428	-	110	178622448	17269
chr3	178605179	178805179	harbor1	chr3	178639185	178639406	SINE/MIR	667	-	110	178639295	34116
chr3	178605179	178805179	harbor1	chr3	178660577	178660803	SINE/MIR	593	-	113	178660690	55511
chr3	178605179	178805179	harbor1	chr3	178661836	178662030	SINE/MIR	443	-	97	178661933	56754
chr3	178605179	178805179	harbor1	chr3	178670583	178670750	SINE/MIR	421	-	84	178670667	65488
chr3	178605179	178805179	harbor1	chr3	178670756	178670899	SINE/MIR	416	-	72	178670828	65649
chr3	178605179	178805179	harbor1	chr3	178672178	178672422	SINE/MIR	561	-	122	178672300	67121
chr3	178605179	178805179	harbor1	chr3	178675877	178676093	SINE/MIR	598	-	108	178675985	70806
chr3	178605179	178805179	harbor1	chr3	178681478	178681646	SINE/MIR	672	-	84	178681562	76383
chr3	38198972	38398972	harbor1	chr3	38219454	38219652	SINE/MIR	714	-	99	38219553	20581
chr3	38198972	38398972	harbor1	chr3	38227202	38227431	SINE/MIR	968	-	114	38227316	28344
chr3	38198972	38398972	harbor1	chr3	38250219	38250454	SINE/MIR	807	-	118	38250337	51365
chr3	5500909	5700909	harbor1	chr3	5519367	5519614	SINE/MIR	649	-	124	5519491	18582
chr3	5500909	5700909	harbor1	chr3	5552168	5552381	SINE/MIR	801	-	106	5552274	51365
chr3	5500909	5700909	harbor1	chr3	5565717	5565870	SINE/MIR	477	-	76	5565793	64884
chr3	5500909	5700909	harbor1	chr3	5571688	5571903	SINE/MIR	495	-	108	5571796	70887
chr3	5500909	5700909	harbor1	chr3	5575204	5575401	SINE/MIR	848	-	98	5575302	74393
chr3	5500909	5700909	harbor1	chr3	5575430	5575656	SINE/MIR	685	-	113	5575543	74634
chr3	5500909	5700909	harbor1	chr3	5583376	5583548	SINE/MIR	484	-	86	5583462	82553
chr3	28533140	28733140	harbor1	chr3	28538083	28538307	SINE/MIR	893	-	112	28538195	5055
chr3	28533140	28733140	harbor1	chr3	28562315	28562521	SINE/MIR	634	-	103	28562418	29278
chr3	28533140	28733140	harbor1	chr3	28596278	28596485	SINE/MIR	502	-	104	28596382	63242
chr3	28533140	28733140	harbor1	chr3	28609855	28610083	SINE/MIR	574	-	114	28609969	76829
chr3	28533140	28733140	harbor1	chr3	28614954	28615134	SINE/MIR	558	-	90	28615044	81904
chr3	11132145	11332145	harbor1	chr3	11147659	11147873	SINE/MIR	720	-	107	11147766	15621
chr3	11132145	11332145	harbor1	chr3	11150861	11150945	SINE/MIR	407	-	42	11150903	18758
chr3	11132145	11332145	harbor1	chr3	11151807	11151973	SINE/MIR	460	-	83	11151890	19745
chr3	11132145	11332145	harbor1	chr3	11154993	11155115	SINE/MIR	428	-	61	11155054	22909
chr3	11132145	11332145	harbor1	chr3	11155859	11156009	SINE/MIR	599	-	75	11155934	23789
chr3	11132145	11332145	harbor1	chr3	11158296	11158516	SINE/MIR	423	-	110	11158406	26261
chr3	11132145	11332145	harbor1	chr3	11162488	11162656	SINE/MIR	433	-	84	11162572	30427
chr3	11132145	11332145	harbor1	chr3	11170532	11170650	SINE/MIR	456	-	59	11170591	38446
chr3	11132145	11332145	harbor1	chr3	11175216	11175389	SINE/MIR	644	-	86	11175302	43157
chr3	11132145	11332145	harbor1	chr3	11182676	11182919	SINE/MIR	594	-	122	11182798	50653
chr3	11132145	11332145	harbor1	chr3	11184178	11184445	SINE/MIR	1117	-	134	11184312	52167
chr3	11132145	11332145	harbor1	chr3	11189042	11189166	SINE/MIR	419	-	62	11189104	56959
chr3	11132145	11332145	harbor1	chr3	11204637	11204838	SINE/MIR	521	-	100	11204737	72592
chr3	11132145	11332145	harbor1	chr3	11206553	11206763	SINE/MIR	497	-	105	11206658	74513
chr3	39123872	39323872	harbor1	chr3	39131371	39131535	SINE/MIR	491	-	82	39131453	7581
chr3	39123872	39323872	harbor1	chr3	39132279	39132358	SINE/MIR	491	-	40	39132319	8447
chr3	39123872	39323872	harbor1	chr3	39140908	39141113	SINE/MIR	476	-	102	39141010	17138
chr3	39123872	39323872	harbor1	chr3	39171869	39172052	SINE/MIR	643	-	92	39171961	48089
chr3	39123872	39323872	harbor1	chr3	39172257	39172285	SINE/MIR	643	-	14	39172271	48399
chr3	39123872	39323872	harbor1	chr3	39191414	39191601	SINE/MIR	582	-	94	39191508	67636
chr3	39123872	39323872	harbor1	chr3	39200475	39200656	SINE/MIR	567	-	90	39200565	76693
chr3	20205653	20405653	harbor1	chr3	20228434	20228618	SINE/MIR	633	-	92	20228526	22873
chr3	180719030	180919030	harbor1	chr3	180728313	180728500	SINE/MIR	448	-	94	180728407	9377
chr3	180719030	180919030	harbor1	chr3	180732142	180732368	SINE/MIR	657	-	113	180732255	13225
chr3	180719030	180919030	harbor1	chr3	180812916	180813110	SINE/MIR	653	-	97	180813013	93983
chr3	180719030	180919030	harbor1	chr3	180814632	180814777	SINE/MIR	409	-	72	180814704	95674
chr4	71267573	71467573	harbor1	chr4	71268887	71269100	SINE/MIR	451	-	106	71268993	1420
chr4	71267573	71467573	harbor1	chr4	71269631	71269763	SINE/MIR	386	-	66	71269697	2124
chr4	71267573	71467573	harbor1	chr4	71271155	71271379	SINE/MIR	410	-	112	71271267	3694
chr4	71267573	71467573	harbor1	chr4	71271787	71272066	SINE/MIR	601	-	140	71271927	4354
chr4	71267573	71467573	harbor1	chr4	71272303	71272496	SINE/MIR	694	-	96	71272399	4826
chr4	71267573	71467573	harbor1	chr4	71273076	71273215	SINE/MIR	566	-	70	71273146	5573
chr4	71267573	71467573	harbor1	chr4	71286813	71287044	SINE/MIR	522	-	116	71286929	19356
chr4	71267573	71467573	harbor1	chr4	71303905	71304094	SINE/MIR	457	-	94	71303999	36426
chr4	71267573	71467573	harbor1	chr4	71305034	71305204	SINE/MIR	511	-	85	71305119	37546
chr4	105310844	105510844	harbor1	chr4	105350682	105350841	SINE/MIR	534	-	80	105350762	39918
chr4	105310844	105510844	harbor1	chr4	105354252	105354463	SINE/MIR	513	-	106	105354358	43514
chr4	105310844	105510844	harbor1	chr4	105377311	105377517	SINE/MIR	619	-	103	105377414	66570
chr4	19250126	19450126	harbor1	chr4	19279581	19279726	SINE/MIR	573	-	72	19279653	29527
chr4	19250126	19450126	harbor1	chr4	19315631	19315863	SINE/MIR	770	-	116	19315747	65621
chr4	19250126	19450126	harbor1	chr4	19322771	19322912	SINE/MIR	563	-	70	19322841	72715
chr4	19250126	19450126	harbor1	chr4	19330480	19330599	SINE/MIR	427	-	60	19330540	80414
chr4	6713772	6913772	harbor1	chr4	6733012	6733119	SINE/MIR	412	-	54	6733066	19294
chr4	6713772	6913772	harbor1	chr4	6750374	6750501	SINE/MIR	405	-	64	6750438	36666
chr4	6713772	6913772	harbor1	chr4	6752042	6752162	SINE/MIR	518	-	60	6752102	38330
chr4	6713772	6913772	harbor1	chr4	6769718	6769960	SINE/MIR	775	-	121	6769839	56067
chr4	6713772	6913772	harbor1	chr4	6770121	6770223	SINE/MIR	398	-	51	6770172	56400
chr4	6713772	6913772	harbor1	chr4	6778521	6778684	SINE/MIR	542	-	82	6778603	64831
chr4	6713772	6913772	harbor1	chr4	6779554	6779656	SINE/MIR	392	-	51	6779605	65833
chr4	6713772	6913772	harbor1	chr4	6793720	6793972	SINE/MIR	541	-	126	6793846	80074
chr4	177096803	177296803	harbor1	chr4	177145205	177145372	SINE/MIR	429	-	84	177145289	48486
chr4	177096803	177296803	harbor1	chr4	177177232	177177440	SINE/MIR	516	-	104	177177336	80533
chr4	125200706	125400706	harbor1	chr4	125275999	125276184	SINE/MIR	472	-	92	125276091	75385
chr4	125200706	125400706	harbor1	chr4	125283326	125283531	SINE/MIR	482	-	102	125283428	82722
chr4	126541171	126741171	harbor1	chr4	126599443	126599642	SINE/MIR	518	-	100	126599543	58372
chr4	20868970	21068970	harbor1	chr4	20874061	20874280	SINE/MIR	755	-	110	20874171	5201
chr4	20868970	21068970	harbor1	chr4	20894916	20895118	SINE/MIR	393	-	101	20895017	26047
chr4	20868970	21068970	harbor1	chr4	20942491	20942617	SINE/MIR	430	-	63	20942554	73584
chr4	20868970	21068970	harbor1	chr4	20943508	20943723	SINE/MIR	572	-	108	20943616	74646
chr4	20868970	21068970	harbor1	chr4	20957395	20957492	SINE/MIR	394	-	48	20957443	88473
chr4	20868970	21068970	harbor1	chr4	20966825	20967066	SINE/MIR	400	-	120	20966945	97975
chr4	66835405	67035405	harbor1	chr4	66847727	66847864	SINE/MIR	407	-	68	66847795	12390
chr4	66835405	67035405	harbor1	chr4	66848342	66848520	SINE/MIR	537	-	89	66848431	13026
chr4	66835405	67035405	harbor1	chr4	66853754	66853965	SINE/MIR	415	-	106	66853860	18455
chr4	66835405	67035405	harbor1	chr4	66879199	66879356	SINE/MIR	404	-	78	66879277	43872
chr4	151923984	152123984	harbor1	chr4	151929924	151930054	SINE/MIR	412	-	65	151929989	6005
chr4	151923984	152123984	harbor1	chr4	151936223	151936444	SINE/MIR	591	-	110	151936333	12349
chr4	151923984	152123984	harbor1	chr4	151939032	151939196	SINE/MIR	509	-	82	151939114	15130
chr4	151923984	152123984	harbor1	chr4	151960334	151960464	SINE/MIR	410	-	65	151960399	36415
chr4	151923984	152123984	harbor1	chr4	151970978	151971221	SINE/MIR	779	-	122	151971100	47116
chr4	151923984	152123984	harbor1	chr4	152012442	152012573	SINE/MIR	429	-	66	152012508	88524
chr4	151923984	152123984	harbor1	chr4	152012917	152012986	SINE/MIR	429	-	34	152012951	88967
chr4	172711870	172911870	harbor1	chr4	172757426	172757582	SINE/MIR	520	-	78	172757504	45634
chr4	172711870	172911870	harbor1	chr4	172773644	172773813	SINE/MIR	423	-	84	172773728	61858
chr4	172711870	172911870	harbor1	chr4	172805050	172805206	SINE/MIR	586	-	78	172805128	93258
chr4	84394301	84594301	harbor1	chr4	84427397	84427560	SINE/MIR	571	-	82	84427479	33178
chr4	84394301	84594301	harbor1	chr4	84442381	84442529	SINE/MIR	456	-	74	84442455	48154
chr4	84394301	84594301	harbor1	chr4	84458881	84459109	SINE/MIR	577	-	114	84458995	64694
chr4	84394301	84594301	harbor1	chr4	84487363	84487456	SINE/MIR	492	-	46	84487409	93108
chr4	156022177	156222177	harbor1	chr4	156056256	156056433	SINE/MIR	637	-	88	156056344	34167
chr4	156022177	156222177	harbor1	chr4	156117080	156117246	SINE/MIR	443	-	83	156117163	94986
chr4	122335521	122535521	harbor1	chr4	122336470	122336589	SINE/MIR	400	-	60	122336530	1009
chr4	122335521	122535521	harbor1	chr4	122416091	122416262	SINE/MIR	515	-	86	122416177	80656
chr4	81440715	81640715	harbor1	chr4	81481547	81481708	SINE/MIR	453	-	80	81481627	40912
chr4	81440715	81640715	harbor1	chr4	81490553	81490806	SINE/MIR	712	-	126	81490679	49964
chr4	81440715	81640715	harbor1	chr4	81496351	81496563	SINE/MIR	891	-	106	81496457	55742
chr4	81440715	81640715	harbor1	chr4	81502150	81502350	SINE/MIR	729	-	100	81502250	61535
chr4	81440715	81640715	harbor1	chr4	81529442	81529586	SINE/MIR	501	-	72	81529514	88799
chr4	81440715	81640715	harbor1	chr4	81530834	81531074	SINE/MIR	848	-	120	81530954	90239
chr4	108195037	108395037	harbor1	chr4	108210890	108211078	SINE/MIR	466	-	94	108210984	15947
chr4	108195037	108395037	harbor1	chr4	108236519	108236776	SINE/MIR	656	-	128	108236647	41610
chr4	108195037	108395037	harbor1	chr4	108242224	108242429	SINE/MIR	408	-	102	108242326	47289
chr4	108195037	108395037	harbor1	chr4	108262302	108262552	SINE/MIR	632	-	125	108262427	67390
chr4	108195037	108395037	harbor1	chr4	108271908	108272141	SINE/MIR	560	-	116	108272024	76987
chr4	41379139	41579139	harbor1	chr4	41399625	41399685	SINE/MIR	409	-	30	41399655	20516
chr4	41379139	41579139	harbor1	chr4	41399982	41400140	SINE/MIR	409	-	79	41400061	20922
chr4	41379139	41579139	harbor1	chr4	41417268	41417438	SINE/MIR	390	-	85	41417353	38214
chr4	41379139	41579139	harbor1	chr4	41438225	41438358	SINE/MIR	435	-	66	41438291	59152
chr4	41379139	41579139	harbor1	chr4	41457431	41457679	SINE/MIR	887	-	124	41457555	78416
chr4	41379139	41579139	harbor1	chr4	41461052	41461298	SINE/MIR	674	-	123	41461175	82036
chr4	146126953	146326953	harbor1	chr4	146152936	146153188	SINE/MIR	680	-	126	146153062	26109
chr4	146126953	146326953	harbor1	chr4	146177077	146177203	SINE/MIR	551	-	63	146177140	50187
chr4	146126953	146326953	harbor1	chr4	146198989	146199217	SINE/MIR	994	-	114	146199103	72150
chr4	146126953	146326953	harbor1	chr4	146209988	146210139	SINE/MIR	403	-	76	146210064	83111
chr4	19930301	20130301	harbor1	chr4	19930133	19930368	SINE/MIR	389	-	118	19930251	50
chr4	19930301	20130301	harbor1	chr4	19942993	19943204	SINE/MIR	521	-	106	19943099	12798
chr4	19930301	20130301	harbor1	chr4	19958643	19958879	SINE/MIR	665	-	118	19958761	28460
chr4	19930301	20130301	harbor1	chr4	19961751	19961942	SINE/MIR	479	-	96	19961847	31546
chr4	19930301	20130301	harbor1	chr4	19980449	19980688	SINE/MIR	480	-	120	19980569	50268
chr4	19930301	20130301	harbor1	chr4	19990299	19990553	SINE/MIR	437	-	127	19990426	60125
chr4	19930301	20130301	harbor1	chr4	20008249	20008444	SINE/MIR	482	-	98	20008347	78046
chr4	152609837	152809837	harbor1	chr4	152610153	152610231	SINE/MIR	459	-	39	152610192	355
chr4	152609837	152809837	harbor1	chr4	152637588	152637780	SINE/MIR	388	-	96	152637684	27847
chr4	152609837	152809837	harbor1	chr4	152647742	152647962	SINE/MIR	539	-	110	152647852	38015
chr4	152609837	152809837	harbor1	chr4	152689872	152690028	SINE/MIR	418	-	78	152689950	80113
chr4	152609837	152809837	harbor1	chr4	152697591	152697768	SINE/MIR	396	-	88	152697679	87842
chr4	152609837	152809837	harbor1	chr4	152698241	152698399	SINE/MIR	475	-	79	152698320	88483
chr4	147382739	147582739	harbor1	chr4	147395851	147395954	SINE/MIR	434	-	52	147395903	13164
chr4	147382739	147582739	harbor1	chr4	147396509	147396572	SINE/MIR	434	-	32	147396541	13802
chr4	147382739	147582739	harbor1	chr4	147417125	147417249	SINE/MIR	463	-	62	147417187	34448
chr4	147382739	147582739	harbor1	chr4	147418081	147418357	SINE/MIR	515	-	138	147418219	35480
chr4	147382739	147582739	harbor1	chr4	147429514	147429727	SINE/MIR	454	-	106	147429620	46881
chr4	147382739	147582739	harbor1	chr4	147442252	147442372	SINE/MIR	436	-	60	147442312	59573
chr4	147382739	147582739	harbor1	chr4	147443449	147443618	SINE/MIR	885	-	84	147443533	60794
chr4	147382739	147582739	harbor1	chr4	147448601	147448847	SINE/MIR	719	-	123	147448724	65985
chr4	147382739	147582739	harbor1	chr4	147472151	147472343	SINE/MIR	447	-	96	147472247	89508
chr4	37400090	37600090	harbor1	chr4	37414784	37414970	SINE/MIR	536	-	93	37414877	14787
chr4	37400090	37600090	harbor1	chr4	37449521	37449691	SINE/MIR	565	-	85	37449606	49516
chr4	37400090	37600090	harbor1	chr4	37458073	37458249	SINE/MIR	685	-	88	37458161	58071
chr4	37400090	37600090	harbor1	chr4	37458874	37459081	SINE/MIR	566	-	104	37458978	58888
chr4	37400090	37600090	harbor1	chr4	37462988	37463175	SINE/MIR	524	-	94	37463082	62992
chr4	37400090	37600090	harbor1	chr4	37467506	37467689	SINE/MIR	640	-	92	37467598	67508
chr4	37400090	37600090	harbor1	chr4	37490153	37490313	SINE/MIR	506	-	80	37490233	90143
chr4	58520849	58720849	harbor1	chr4	58561363	58561499	SINE/MIR	397	-	68	58561431	40582
chr4	177635805	177835805	harbor1	chr4	177679651	177679888	SINE/MIR	781	-	118	177679769	43964
chr4	46122644	46322644	harbor1	chr4	46131158	46131419	SINE/MIR	726	-	130	46131288	8644
chr4	46122644	46322644	harbor1	chr4	46200640	46200871	SINE/MIR	533	-	116	46200756	78112
chr4	46122644	46322644	harbor1	chr4	46216609	46216786	SINE/MIR	446	-	88	46216697	94053
chr4	46122644	46322644	harbor1	chr4	46217490	46217609	SINE/MIR	555	-	60	46217550	94906
chr4	46122644	46322644	harbor1	chr4	46217953	46217978	SINE/MIR	555	-	12	46217965	95321
chr4	46122644	46322644	harbor1	chr4	46218380	46218472	SINE/MIR	555	-	46	46218426	95782
chr4	31585939	31785939	harbor1	chr4	31587643	31587783	SINE/MIR	408	-	70	31587713	1774
chr4	31585939	31785939	harbor1	chr4	31627407	31627592	SINE/MIR	404	-	92	31627499	41560
chr4	111550960	111750960	harbor1	chr4	111617996	111618207	SINE/MIR	432	-	106	111618102	67142
chr4	111550960	111750960	harbor1	chr4	111644520	111644707	SINE/MIR	416	-	94	111644614	93654
chr4	11304743	11504743	harbor1	chr4	11310503	11310727	SINE/MIR	650	-	112	11310615	5872
chr4	11304743	11504743	harbor1	chr4	11314618	11314847	SINE/MIR	517	-	114	11314732	9989
chr4	11304743	11504743	harbor1	chr4	11334317	11334432	SINE/MIR	472	-	58	11334375	29632
chr4	11304743	11504743	harbor1	chr4	11335016	11335079	SINE/MIR	472	-	32	11335048	30305
chr4	11304743	11504743	harbor1	chr4	11340228	11340433	SINE/MIR	432	-	102	11340330	35587
chr4	11304743	11504743	harbor1	chr4	11342805	11342922	SINE/MIR	385	-	58	11342863	38120
chr4	11304743	11504743	harbor1	chr4	11352183	11352311	SINE/MIR	646	-	64	11352247	47504
chr4	11304743	11504743	harbor1	chr4	11352662	11352745	SINE/MIR	646	-	42	11352704	47961
chr4	11304743	11504743	harbor1	chr4	11354255	11354444	SINE/MIR	414	-	94	11354349	49606
chr4	11304743	11504743	harbor1	chr4	11371431	11371554	SINE/MIR	418	-	62	11371493	66750
chr4	11304743	11504743	harbor1	chr4	11392363	11392566	SINE/MIR	555	-	102	11392465	87722
chr4	180394441	180594441	harbor1	chr4	180394860	180395053	SINE/MIR	402	-	96	180394956	515
chr4	180394441	180594441	harbor1	chr4	180410597	180410762	SINE/MIR	519	-	82	180410679	16238
chr4	180394441	180594441	harbor1	chr4	180411226	180411357	SINE/MIR	413	-	66	180411292	16851
chr4	180394441	180594441	harbor1	chr4	180422433	180422653	SINE/MIR	587	-	110	180422543	28102
chr4	107802869	108002869	harbor1	chr4	107828237	107828413	SINE/MIR	527	-	88	107828325	25456
chr4	107802869	108002869	harbor1	chr4	107832364	107832567	SINE/MIR	477	-	102	107832466	29597
chr4	13891379	14091379	harbor1	chr4	13896952	13897133	SINE/MIR	539	-	90	13897042	5663
chr4	13891379	14091379	harbor1	chr4	13920043	13920202	SINE/MIR	517	-	80	13920123	28744
chr4	13891379	14091379	harbor1	chr4	13923642	13923871	SINE/MIR	501	-	114	13923756	32377
chr4	13891379	14091379	harbor1	chr4	13938565	13938784	SINE/MIR	404	-	110	13938675	47296
chr4	13891379	14091379	harbor1	chr4	13943352	13943617	SINE/MIR	565	-	132	13943484	52105
chr4	13891379	14091379	harbor1	chr4	13954212	13954416	SINE/MIR	469	-	102	13954314	62935
chr4	13891379	14091379	harbor1	chr4	13975890	13976122	SINE/MIR	519	-	116	13976006	84627
chr4	93608156	93808156	harbor1	chr4	93630965	93631153	SINE/MIR	739	-	94	93631059	22903
chr4	93608156	93808156	harbor1	chr4	93637201	93637420	SINE/MIR	818	-	110	93637311	29155
chr4	93608156	93808156	harbor1	chr4	93647854	93648093	SINE/MIR	877	-	120	93647974	39818
chr4	93608156	93808156	harbor1	chr4	93658428	93658636	SINE/MIR	547	-	104	93658532	50376
chr4	93608156	93808156	harbor1	chr4	93675452	93675684	SINE/MIR	485	-	116	93675568	67412
chr4	93608156	93808156	harbor1	chr4	93688380	93688592	SINE/MIR	517	-	106	93688486	80330
chr4	93608156	93808156	harbor1	chr4	93699484	93699635	SINE/MIR	547	-	76	93699560	91404
chr4	93608156	93808156	harbor1	chr4	93634456	93634626	SINE/MIR	388	-	85	93634541	26385
chr4	173217660	173417660	harbor1	chr4	173222592	173222759	SINE/MIR	444	-	84	173222676	5016
chr4	173217660	173417660	harbor1	chr4	173225521	173225657	SINE/MIR	468	-	68	173225589	7929
chr4	173217660	173417660	harbor1	chr4	173258582	173258762	SINE/MIR	416	-	90	173258672	41012
chr4	173217660	173417660	harbor1	chr4	173296535	173296677	SINE/MIR	705	-	71	173296606	78946
chr4	173217660	173417660	harbor1	chr4	173310600	173310722	SINE/MIR	509	-	61	173310661	93001
chr4	173217660	173417660	harbor1	chr4	173311010	173311043	SINE/MIR	509	-	16	173311026	93366
chr4	168722666	168922666	harbor1	chr4	168763298	168763514	SINE/MIR	492	-	108	168763406	40740
chr4	168722666	168922666	harbor1	chr4	168772071	168772270	SINE/MIR	630	-	100	168772171	49505
chr4	168722666	168922666	harbor1	chr4	168778604	168778817	SINE/MIR	760	-	106	168778710	56044
chr4	168722666	168922666	harbor1	chr4	168820191	168820357	SINE/MIR	582	-	83	168820274	97608
chr4	189712793	189912793	harbor1	chr4	189767274	189767432	SINE/MIR	456	-	79	189767353	54560
chr4	65681722	65881722	harbor1	chr4	65731061	65731227	SINE/MIR	490	-	83	65731144	49422
chr4	63496157	63696157	harbor1	chr4	63527855	63527996	SINE/MIR	475	-	70	63527925	31768
chr4	82126099	82326099	harbor1	chr4	82126448	82126544	SINE/MIR	583	-	48	82126496	397
chr4	82126099	82326099	harbor1	chr4	82126933	82127040	SINE/MIR	583	-	54	82126987	888
chr4	82126099	82326099	harbor1	chr4	82174010	82174230	SINE/MIR	625	-	110	82174120	48021
chr4	4658971	4858971	harbor1	chr4	4680774	4680973	SINE/MIR	650	-	100	4680874	21903
chr4	4658971	4858971	harbor1	chr4	4686427	4686627	SINE/MIR	811	-	100	4686527	27556
chr4	4658971	4858971	harbor1	chr4	4695031	4695122	SINE/MIR	438	-	46	4695077	36106
chr4	4658971	4858971	harbor1	chr4	4745242	4745404	SINE/MIR	388	-	81	4745323	86352
chr4	4658971	4858971	harbor1	chr4	4754006	4754173	SINE/MIR	522	-	84	4754090	95119
chr4	4658971	4858971	harbor1	chr4	4756234	4756370	SINE/MIR	456	-	68	4756302	97331
chr4	187661498	187861498	harbor1	chr4	187666414	187666647	SINE/MIR	388	-	116	187666530	5032
chr4	187661498	187861498	harbor1	chr4	187677025	187677229	SINE/MIR	767	-	102	187677127	15629
chr4	187661498	187861498	harbor1	chr4	187698926	187699190	SINE/MIR	486	-	132	187699058	37560
chr4	187661498	187861498	harbor1	chr4	187701247	187701502	SINE/MIR	726	-	128	187701375	39877
chr4	187661498	187861498	harbor1	chr4	187758776	187758903	SINE/MIR	517	-	64	187758840	97342
chr4	18905232	19105232	harbor1	chr4	18957213	18957364	SINE/MIR	415	-	76	18957289	52057
chr4	18905232	19105232	harbor1	chr4	18988028	18988251	SINE/MIR	758	-	112	18988140	82908
chr4	18905232	19105232	harbor1	chr4	19004424	19004574	SINE/MIR	415	-	75	19004499	99267
chr4	62886403	63086403	harbor1	chr4	62904550	62904748	SINE/MIR	526	-	99	62904649	18246
chr4	162016648	162216648	harbor1	chr4	162020447	162020661	SINE/MIR	411	-	107	162020554	3906
chr4	97724477	97924477	harbor1	chr4	97752260	97752457	SINE/MIR	494	-	98	97752358	27881
chr4	97724477	97924477	harbor1	chr4	97776244	97776406	SINE/MIR	620	-	81	97776325	51848
chr4	28878407	29078407	harbor1	chr4	28925067	28925314	SINE/MIR	533	-	124	28925191	46784
chr4	28878407	29078407	harbor1	chr4	28969007	28969148	SINE/MIR	384	-	70	28969077	90670
chr4	22139271	22339271	harbor1	chr4	22180161	22180389	SINE/MIR	621	-	114	22180275	41004
chr4	22139271	22339271	harbor1	chr4	22188745	22188972	SINE/MIR	676	-	114	22188859	49588
chr4	22139271	22339271	harbor1	chr4	22189279	22189499	SINE/MIR	537	-	110	22189389	50118
chr4	26779759	26979759	harbor1	chr4	26858026	26858225	SINE/MIR	436	-	100	26858126	78367
chr4	26779759	26979759	harbor1	chr4	26866240	26866365	SINE/MIR	393	-	62	26866302	86543
chr5	143035685	143235685	harbor1	chr5	143082436	143082678	SINE/MIR	465	-	121	143082557	46872
chr5	143035685	143235685	harbor1	chr5	143121384	143121495	SINE/MIR	415	-	56	143121440	85755
chr5	143035685	143235685	harbor1	chr5	143129381	143129510	SINE/MIR	449	-	64	143129445	93760
chr5	143035685	143235685	harbor1	chr5	143129790	143129996	SINE/MIR	723	-	103	143129893	94208
chr5	87020004	87220004	harbor1	chr5	87056614	87056814	SINE/MIR	425	-	100	87056714	36710
chr5	87020004	87220004	harbor1	chr5	87070687	87070931	SINE/MIR	895	-	122	87070809	50805
chr5	156808738	157008738	harbor1	chr5	156870155	156870384	SINE/MIR	479	-	114	156870269	61531
chr5	156808738	157008738	harbor1	chr5	156879384	156879486	SINE/MIR	521	-	51	156879435	70697
chr5	156808738	157008738	harbor1	chr5	156879533	156879635	SINE/MIR	521	-	51	156879584	70846
chr5	156808738	157008738	harbor1	chr5	156907684	156907912	SINE/MIR	644	-	114	156907798	99060
chr5	131191986	131391986	harbor1	chr5	131255805	131256040	SINE/MIR	533	-	118	131255923	63937
chr5	178697554	178897554	harbor1	chr5	178727628	178727817	SINE/MIR	633	-	94	178727722	30168
chr5	178697554	178897554	harbor1	chr5	178737766	178738026	SINE/MIR	667	-	130	178737896	40342
chr5	99461037	99661037	harbor1	chr5	99515494	99515537	SINE/MIR	453	-	22	99515516	54479
chr5	99461037	99661037	harbor1	chr5	99515835	99515953	SINE/MIR	453	-	59	99515894	54857
chr5	24363764	24563764	harbor1	chr5	24413849	24414052	SINE/MIR	490	-	102	24413951	50187
chr5	8036024	8236024	harbor1	chr5	8071076	8071298	SINE/MIR	746	-	111	8071187	35163
chr5	84051850	84251850	harbor1	chr5	84122326	84122361	SINE/MIR	428	-	18	84122344	70494
chr5	84051850	84251850	harbor1	chr5	84122507	84122606	SINE/MIR	428	-	50	84122557	70707
chr5	84051850	84251850	harbor1	chr5	84146152	84146378	SINE/MIR	769	-	113	84146265	94415
chr5	112317505	112517505	harbor1	chr5	112318041	112318148	SINE/MIR	417	-	54	112318095	590
chr5	112317505	112517505	harbor1	chr5	112322120	112322368	SINE/MIR	472	-	124	112322244	4739
chr5	112317505	112517505	harbor1	chr5	112337421	112337617	SINE/MIR	578	-	98	112337519	20014
chr5	112317505	112517505	harbor1	chr5	112373519	112373725	SINE/MIR	782	-	103	112373622	56117
chr5	112317505	112517505	harbor1	chr5	112397740	112397918	SINE/MIR	531	-	89	112397829	80324
chr5	112317505	112517505	harbor1	chr5	112404208	112404399	SINE/MIR	618	-	96	112404304	86799
chr5	112317505	112517505	harbor1	chr5	112409792	112409964	SINE/MIR	426	-	86	112409878	92373
chr5	112317505	112517505	harbor1	chr5	112411503	112411689	SINE/MIR	500	-	93	112411596	94091
chr5	112317505	112517505	harbor1	chr5	112414003	112414146	SINE/MIR	483	-	72	112414075	96570
chr5	100339448	100539448	harbor1	chr5	100359693	100359875	SINE/MIR	430	-	91	100359784	20336
chr5	100339448	100539448	harbor1	chr5	100360327	100360352	SINE/MIR	430	-	12	100360339	20891
chr5	130434211	130634211	harbor1	chr5	130509849	130510003	SINE/MIR	509	-	77	130509926	75715
chr5	130434211	130634211	harbor1	chr5	130511834	130512074	SINE/MIR	509	-	120	130511954	77743
chr5	130434211	130634211	harbor1	chr5	130520623	130520867	SINE/MIR	435	-	122	130520745	86534
chr5	130434211	130634211	harbor1	chr5	130533743	130533913	SINE/MIR	421	-	85	130533828	99617
chr5	139530349	139730349	harbor1	chr5	139548630	139548843	SINE/MIR	533	-	106	139548736	18387
chr5	154863813	155063813	harbor1	chr5	154941627	154941779	SINE/MIR	487	-	76	154941703	77890
chr5	154863813	155063813	harbor1	chr5	154947083	154947308	SINE/MIR	733	-	112	154947195	83382
chr5	154863813	155063813	harbor1	chr5	154955716	154955943	SINE/MIR	787	-	114	154955830	92017
chr5	127346196	127546196	harbor1	chr5	127376662	127376902	SINE/MIR	713	-	120	127376782	30586
chr5	127346196	127546196	harbor1	chr5	127443161	127443423	SINE/MIR	471	-	131	127443292	97096
chr5	172476219	172676219	harbor1	chr5	172481765	172481916	SINE/MIR	506	-	76	172481841	5622
chr5	172476219	172676219	harbor1	chr5	172499448	172499561	SINE/MIR	468	-	56	172499504	23285
chr5	172476219	172676219	harbor1	chr5	172501231	172501461	SINE/MIR	451	-	115	172501346	25127
chr5	172476219	172676219	harbor1	chr5	172530643	172530846	SINE/MIR	513	-	102	172530745	54526
chr5	172476219	172676219	harbor1	chr5	172532121	172532273	SINE/MIR	484	-	76	172532197	55978
chr5	172476219	172676219	harbor1	chr5	172532805	172533016	SINE/MIR	524	-	106	172532911	56692
chr5	172476219	172676219	harbor1	chr5	172540336	172540501	SINE/MIR	592	-	82	172540418	64199
chr5	172476219	172676219	harbor1	chr5	172547523	172547705	SINE/MIR	489	-	91	172547614	71395
chr5	172476219	172676219	harbor1	chr5	172548857	172549052	SINE/MIR	474	-	98	172548955	72736
chr5	172476219	172676219	harbor1	chr5	172550109	172550283	SINE/MIR	419	-	87	172550196	73977
chr5	172476219	172676219	harbor1	chr5	172564667	172564839	SINE/MIR	555	-	86	172564753	88534
chr5	172476219	172676219	harbor1	chr5	172572255	172572376	SINE/MIR	508	-	60	172572315	96096
chr5	131106664	131306664	harbor1	chr5	131180785	131180981	SINE/MIR	610	-	98	131180883	74219
chr5	6088382	6288382	harbor1	chr5	6174988	6175249	SINE/MIR	664	-	130	6175118	86736
chr5	32090403	32290403	harbor1	chr5	32101385	32101558	SINE/MIR	669	-	86	32101471	11068
chr5	32090403	32290403	harbor1	chr5	32106465	32106593	SINE/MIR	506	-	64	32106529	16126
chr5	32090403	32290403	harbor1	chr5	32157341	32157480	SINE/MIR	480	-	70	32157411	67008
chr5	32090403	32290403	harbor1	chr5	32158888	32159093	SINE/MIR	608	-	102	32158990	68587
chr5	179517171	179717171	harbor1	chr5	179563291	179563538	SINE/MIR	707	-	124	179563415	46244
chr5	140016915	140216915	harbor1	chr5	140021075	140021316	SINE/MIR	690	-	120	140021195	4280
chr5	140016915	140216915	harbor1	chr5	140029374	140029565	SINE/MIR	726	-	96	140029470	12555
chr5	140016915	140216915	harbor1	chr5	140033808	140033957	SINE/MIR	502	-	74	140033882	16967
chr5	140016915	140216915	harbor1	chr5	140034260	140034317	SINE/MIR	502	-	28	140034288	17373
chr5	140016915	140216915	harbor1	chr5	140049779	140049950	SINE/MIR	451	-	86	140049865	32950
chr5	140016915	140216915	harbor1	chr5	140079706	140079883	SINE/MIR	507	-	88	140079794	62879
chr5	140016915	140216915	harbor1	chr5	140082287	140082542	SINE/MIR	1211	-	128	140082415	65500
chr5	140016915	140216915	harbor1	chr5	140089044	140089267	SINE/MIR	650	-	112	140089156	72241
chr5	140016915	140216915	harbor1	chr5	140097224	140097467	SINE/MIR	974	-	122	140097346	80431
chr5	35507357	35707357	harbor1	chr5	35542494	35542737	SINE/MIR	716	-	122	35542616	35259
chr5	35507357	35707357	harbor1	chr5	35574368	35574620	SINE/MIR	532	-	126	35574494	67137
chr5	35507357	35707357	harbor1	chr5	35582854	35583106	SINE/MIR	653	-	126	35582980	75623
chr5	75214570	75414570	harbor1	chr5	75275698	75275812	SINE/MIR	480	-	57	75275755	61185
chr5	148271112	148471112	harbor1	chr5	148337626	148337793	SINE/MIR	465	-	84	148337710	66598
chr5	148271112	148471112	harbor1	chr5	148350632	148350833	SINE/MIR	675	-	100	148350732	79620
chr5	148271112	148471112	harbor1	chr5	148370327	148370556	SINE/MIR	566	-	114	148370441	99329
chr5	98051787	98251787	harbor1	chr5	98078282	98078533	SINE/MIR	587	-	126	98078408	26621
chr5	106164471	106364471	harbor1	chr5	106235802	106235995	SINE/MIR	417	-	96	106235898	71427
chr5	38750889	38950889	harbor1	chr5	38761971	38762194	SINE/MIR	873	-	112	38762083	11194
chr5	38750889	38950889	harbor1	chr5	38779865	38780077	SINE/MIR	790	-	106	38779971	29082
chr5	38750889	38950889	harbor1	chr5	38801320	38801536	SINE/MIR	733	-	108	38801428	50539
chr5	38750889	38950889	harbor1	chr5	38847278	38847484	SINE/MIR	748	-	103	38847381	96492
chr5	66954490	67154490	harbor1	chr5	66970715	66970852	SINE/MIR	499	-	68	66970783	16293
chr5	66954490	67154490	harbor1	chr5	66988475	66988710	SINE/MIR	899	-	118	66988593	34103
chr5	66954490	67154490	harbor1	chr5	66990192	66990325	SINE/MIR	622	-	66	66990258	35768
chr5	66954490	67154490	harbor1	chr5	67016188	67016319	SINE/MIR	543	-	66	67016254	61764
chr5	66954490	67154490	harbor1	chr5	67041538	67041632	SINE/MIR	496	-	47	67041585	87095
chr5	66954490	67154490	harbor1	chr5	67041928	67041986	SINE/MIR	496	-	29	67041957	87467
chr5	51331814	51531814	harbor1	chr5	51422813	51423030	SINE/MIR	501	-	108	51422921	91107
chr5	81728658	81928658	harbor1	chr5	81770159	81770416	SINE/MIR	415	-	128	81770287	41629
chr5	81728658	81928658	harbor1	chr5	81775612	81775792	SINE/MIR	491	-	90	81775702	47044
chr5	81728658	81928658	harbor1	chr5	81776852	81777045	SINE/MIR	477	-	96	81776948	48290
chr5	81728658	81928658	harbor1	chr5	81826043	81826210	SINE/MIR	613	-	84	81826127	97469
chr5	15825385	16025385	harbor1	chr5	15849853	15850057	SINE/MIR	520	-	102	15849955	24570
chr5	15825385	16025385	harbor1	chr5	15852954	15853187	SINE/MIR	652	-	116	15853070	27685
chr5	15825385	16025385	harbor1	chr5	15855707	15855940	SINE/MIR	610	-	116	15855823	30438
chr5	15825385	16025385	harbor1	chr5	15857297	15857514	SINE/MIR	858	-	108	15857405	32020
chr5	15825385	16025385	harbor1	chr5	15859838	15859958	SINE/MIR	415	-	60	15859898	34513
chr5	15825385	16025385	harbor1	chr5	15860792	15860985	SINE/MIR	516	-	96	15860888	35503
chr5	15825385	16025385	harbor1	chr5	15892714	15892835	SINE/MIR	489	-	60	15892774	67389
chr5	15825385	16025385	harbor1	chr5	15893136	15893245	SINE/MIR	489	-	54	15893190	67805
chr5	15825385	16025385	harbor1	chr5	15916974	15917144	SINE/MIR	464	-	85	15917059	91674
chr5	177041941	177241941	harbor1	chr5	177059123	177059352	SINE/MIR	611	-	114	177059237	17296
chr5	177041941	177241941	harbor1	chr5	177080348	177080531	SINE/MIR	570	-	92	177080440	38499
chr5	177041941	177241941	harbor1	chr5	177080817	177080856	SINE/MIR	570	-	20	177080837	38896
chr5	177041941	177241941	harbor1	chr5	177103679	177103837	SINE/MIR	470	-	79	177103758	61817
chr5	177041941	177241941	harbor1	chr5	177118695	177118785	SINE/MIR	623	-	45	177118740	76799
chr5	177041941	177241941	harbor1	chr5	177119072	177119224	SINE/MIR	623	-	76	177119148	77207
chr5	167767179	167967179	harbor1	chr5	167804542	167804708	SINE/MIR	521	-	83	167804625	37446
chr5	167767179	167967179	harbor1	chr5	167818418	167818625	SINE/MIR	424	-	104	167818522	51343
chr5	167767179	167967179	harbor1	chr5	167828075	167828215	SINE/MIR	441	-	70	167828145	60966
chr5	167767179	167967179	harbor1	chr5	167829580	167829784	SINE/MIR	435	-	102	167829682	62503
chr5	126257657	126457657	harbor1	chr5	126279001	126279212	SINE/MIR	561	-	106	126279107	21450
chr5	126257657	126457657	harbor1	chr5	126314642	126314885	SINE/MIR	571	-	122	126314764	57107
chr5	134885083	135085083	harbor1	chr5	134901374	134901472	SINE/MIR	473	-	49	134901423	16340
chr5	134885083	135085083	harbor1	chr5	134923004	134923191	SINE/MIR	789	-	94	134923098	38015
chr5	134885083	135085083	harbor1	chr5	134949368	134949540	SINE/MIR	459	-	86	134949454	64371
chr5	134885083	135085083	harbor1	chr5	134956847	134956982	SINE/MIR	629	-	68	134956915	71832
chr5	134885083	135085083	harbor1	chr5	134957276	134957385	SINE/MIR	629	-	54	134957330	72247
chr5	80966518	81166518	harbor1	chr5	81020810	81020987	SINE/MIR	486	-	88	81020898	54380
chr5	80966518	81166518	harbor1	chr5	81043200	81043451	SINE/MIR	615	-	126	81043326	76808
chr5	80966518	81166518	harbor1	chr5	81044548	81044795	SINE/MIR	573	-	124	81044672	78154
chr5	156356183	156556183	harbor1	chr5	156357159	156357381	SINE/MIR	590	-	111	156357270	1087
chr5	156356183	156556183	harbor1	chr5	156359355	156359597	SINE/MIR	720	-	121	156359476	3293
chr5	156356183	156556183	harbor1	chr5	156370333	156370479	SINE/MIR	447	-	73	156370406	14223
chr5	156356183	156556183	harbor1	chr5	156435136	156435253	SINE/MIR	422	-	58	156435194	79011
chr5	156356183	156556183	harbor1	chr5	156439094	156439295	SINE/MIR	533	-	100	156439194	83011
chr5	156356183	156556183	harbor1	chr5	156446825	156446994	SINE/MIR	585	-	84	156446909	90726
chr5	156356183	156556183	harbor1	chr5	156447830	156448087	SINE/MIR	715	-	128	156447958	91775
chr5	156356183	156556183	harbor1	chr5	156451876	156452109	SINE/MIR	791	-	116	156451992	95809
chr5	51003529	51203529	harbor1	chr5	51025142	51025349	SINE/MIR	655	-	104	51025246	21717
chr5	51003529	51203529	harbor1	chr5	51048302	51048434	SINE/MIR	517	-	66	51048368	44839
chr5	159682223	159882223	harbor1	chr5	159696455	159696666	SINE/MIR	472	-	106	159696561	14338
chr5	159682223	159882223	harbor1	chr5	159698368	159698581	SINE/MIR	646	-	106	159698474	16251
chr5	159682223	159882223	harbor1	chr5	159705607	159705835	SINE/MIR	485	-	114	159705721	23498
chr5	159682223	159882223	harbor1	chr5	159732560	159732690	SINE/MIR	561	-	65	159732625	50402
chr5	159682223	159882223	harbor1	chr5	159747155	159747344	SINE/MIR	524	-	94	159747249	65026
chr5	159682223	159882223	harbor1	chr5	159751989	159752227	SINE/MIR	691	-	119	159752108	69885
chr5	107544129	107744129	harbor1	chr5	107549348	107549472	SINE/MIR	451	-	62	107549410	5281
chr5	107544129	107744129	harbor1	chr5	107551013	107551266	SINE/MIR	709	-	126	107551139	7010
chr5	107544129	107744129	harbor1	chr5	107552308	107552539	SINE/MIR	741	-	116	107552424	8295
chr5	107544129	107744129	harbor1	chr5	107554736	107554859	SINE/MIR	472	-	62	107554798	10669
chr5	107544129	107744129	harbor1	chr5	107628009	107628196	SINE/MIR	717	-	94	107628103	83974
chr5	177840343	178040343	harbor1	chr5	177845860	177846076	SINE/MIR	492	-	108	177845968	5625
chr5	177840343	178040343	harbor1	chr5	177847267	177847416	SINE/MIR	440	-	74	177847341	6998
chr5	177840343	178040343	harbor1	chr5	177903428	177903623	SINE/MIR	688	-	98	177903526	63183
chr5	177840343	178040343	harbor1	chr5	177904530	177904689	SINE/MIR	484	-	80	177904610	64267
chr5	177840343	178040343	harbor1	chr5	177926870	177927093	SINE/MIR	487	-	112	177926982	86639
chr5	177840343	178040343	harbor1	chr5	177930987	177931193	SINE/MIR	496	-	103	177931090	90747
chr5	34075711	34275711	harbor1	chr5	34097407	34097580	SINE/MIR	491	-	86	34097493	21782
chr5	87788169	87988169	harbor1	chr5	87866772	87866987	SINE/MIR	834	-	108	87866880	78711
chr5	87788169	87988169	harbor1	chr5	87879832	87880068	SINE/MIR	695	-	118	87879950	91781
chr5	87788169	87988169	harbor1	chr5	87880088	87880239	SINE/MIR	915	-	76	87880164	91995
chr5	87788169	87988169	harbor1	chr5	87880607	87880690	SINE/MIR	915	-	42	87880649	92480
chr5	134072270	134272270	harbor1	chr5	134077589	134077708	SINE/MIR	516	-	60	134077649	5379
chr5	134072270	134272270	harbor1	chr5	134084801	134084992	SINE/MIR	437	-	96	134084897	12627
chr5	134072270	134272270	harbor1	chr5	134107736	134107968	SINE/MIR	617	-	116	134107852	35582
chr5	134072270	134272270	harbor1	chr5	134110994	134111246	SINE/MIR	600	-	126	134111120	38850
chr5	134072270	134272270	harbor1	chr5	134126546	134126620	SINE/MIR	626	-	37	134126583	54313
chr5	134072270	134272270	harbor1	chr5	134126914	134127063	SINE/MIR	626	-	74	134126988	54718
chr5	99020985	99220985	harbor1	chr5	99070325	99070492	SINE/MIR	440	-	84	99070409	49424
chr5	90365978	90565978	harbor1	chr5	90367702	90367887	SINE/MIR	701	-	92	90367794	1816
chr5	90365978	90565978	harbor1	chr5	90404093	90404328	SINE/MIR	721	-	118	90404211	38233
chr5	93230318	93430318	harbor1	chr5	93240926	93241127	SINE/MIR	445	-	100	93241026	10708
chr5	93230318	93430318	harbor1	chr5	93295524	93295677	SINE/MIR	453	-	76	93295600	65282
chr5	106464090	106664090	harbor1	chr5	106508869	106509030	SINE/MIR	420	-	80	106508949	44859
chr5	106464090	106664090	harbor1	chr5	106555947	106556173	SINE/MIR	646	-	113	106556060	91970
chr5	19260739	19460739	harbor1	chr5	19264530	19264747	SINE/MIR	619	-	108	19264638	3899
chr5	39975426	40175426	harbor1	chr5	39997253	39997463	SINE/MIR	508	-	105	39997358	21932
chr5	39975426	40175426	harbor1	chr5	40009380	40009628	SINE/MIR	681	-	124	40009504	34078
chr5	26961213	27161213	harbor1	chr5	27049707	27049947	SINE/MIR	444	-	120	27049827	88614
chr5	173974889	174174889	harbor1	chr5	174026242	174026491	SINE/MIR	912	-	124	174026366	51477
chr5	173974889	174174889	harbor1	chr5	174050404	174050613	SINE/MIR	592	-	104	174050508	75619
chr5	173974889	174174889	harbor1	chr5	174062106	174062274	SINE/MIR	753	-	84	174062190	87301
chr5	173974889	174174889	harbor1	chr5	174070254	174070462	SINE/MIR	778	-	104	174070358	95469
chr5	39576991	39776991	harbor1	chr5	39578336	39578552	SINE/MIR	445	-	108	39578444	1453
chr5	39576991	39776991	harbor1	chr5	39599707	39599902	SINE/MIR	489	-	98	39599805	22814
chr5	39576991	39776991	harbor1	chr5	39607994	39608170	SINE/MIR	502	-	88	39608082	31091
chr5	161166282	161366282	harbor1	chr5	161169445	161169676	SINE/MIR	603	-	116	161169561	3279
chr5	161166282	161366282	harbor1	chr5	161231000	161231192	SINE/MIR	509	-	96	161231096	64814
chr5	62346101	62546101	harbor1	chr5	62375330	62375563	SINE/MIR	556	-	116	62375446	29345
chr5	38461505	38661505	harbor1	chr5	38539853	38540071	SINE/MIR	647	-	109	38539962	78457
chr5	38461505	38661505	harbor1	chr5	38543291	38543450	SINE/MIR	422	-	80	38543371	81866
chr5	144231643	144431643	harbor1	chr5	144232378	144232534	SINE/MIR	495	-	78	144232456	813
chr5	144231643	144431643	harbor1	chr5	144239947	144240217	SINE/MIR	843	-	135	144240082	8439
chr5	144231643	144431643	harbor1	chr5	144249684	144249881	SINE/MIR	456	-	98	144249782	18139
chr5	144231643	144431643	harbor1	chr5	144286886	144286972	SINE/MIR	553	-	43	144286929	55286
chr5	144231643	144431643	harbor1	chr5	144287438	144287579	SINE/MIR	553	-	70	144287508	55865
chr5	144231643	144431643	harbor1	chr5	144301918	144302158	SINE/MIR	612	-	120	144302038	70395
chr5	144231643	144431643	harbor1	chr5	144307451	144307683	SINE/MIR	712	-	116	144307567	75924
chr5	144231643	144431643	harbor1	chr5	144315553	144315741	SINE/MIR	586	-	94	144315647	84004
chr5	144231643	144431643	harbor1	chr5	144319133	144319335	SINE/MIR	481	-	101	144319234	87591
chr5	99064949	99264949	harbor1	chr5	99070325	99070492	SINE/MIR	440	-	84	99070409	5460
chr5	99064949	99264949	harbor1	chr5	99133452	99133677	SINE/MIR	453	-	112	99133564	68615
chr5	173828355	174028355	harbor1	chr5	173830279	173830511	SINE/MIR	595	-	116	173830395	2040
chr5	173828355	174028355	harbor1	chr5	173859334	173859533	SINE/MIR	643	-	100	173859434	31079
chr5	173828355	174028355	harbor1	chr5	173861012	173861246	SINE/MIR	716	-	117	173861129	32774
chr5	173828355	174028355	harbor1	chr5	173865909	173866151	SINE/MIR	627	-	121	173866030	37675
chr5	173828355	174028355	harbor1	chr5	173869063	173869280	SINE/MIR	725	-	108	173869171	40816
chr5	173828355	174028355	harbor1	chr5	173878541	173878781	SINE/MIR	755	-	120	173878661	50306
chr5	173828355	174028355	harbor1	chr5	173886044	173886241	SINE/MIR	643	-	98	173886142	57787
chr5	173828355	174028355	harbor1	chr5	173891839	173891955	SINE/MIR	484	-	58	173891897	63542
chr5	173828355	174028355	harbor1	chr5	173894656	173894745	SINE/MIR	433	-	44	173894700	66345
chr5	89232097	89432097	harbor1	chr5	89245327	89245445	SINE/MIR	469	-	59	89245386	13289
chr5	89232097	89432097	harbor1	chr5	89245487	89245649	SINE/MIR	469	-	81	89245568	13471
chr5	89232097	89432097	harbor1	chr5	89245731	89245893	SINE/MIR	423	-	81	89245812	13715
chr5	89232097	89432097	harbor1	chr5	89265985	89266193	SINE/MIR	554	-	104	89266089	33992
chr5	89232097	89432097	harbor1	chr5	89275816	89276049	SINE/MIR	810	-	116	89275932	43835
chr5	27385663	27585663	harbor1	chr5	27482493	27482695	SINE/MIR	439	-	101	27482594	96931
chr5	90266077	90466077	harbor1	chr5	90266958	90267121	SINE/MIR	512	-	82	90267040	963
chr5	90266077	90466077	harbor1	chr5	90319047	90319280	SINE/MIR	1089	-	116	90319163	53086
chr5	90266077	90466077	harbor1	chr5	90333134	90333287	SINE/MIR	442	-	76	90333210	67133
chr5	98366037	98566037	harbor1	chr5	98369081	98369270	SINE/MIR	580	-	94	98369175	3138
chr5	98366037	98566037	harbor1	chr5	98378870	98379018	SINE/MIR	542	-	74	98378944	12907
chr5	98366037	98566037	harbor1	chr5	98389133	98389317	SINE/MIR	443	-	92	98389225	23188
chr5	112697116	112897116	harbor1	chr5	112702212	112702236	SINE/MIR	430	-	12	112702224	5108
chr5	112697116	112897116	harbor1	chr5	112702657	112702859	SINE/MIR	430	-	101	112702758	5642
chr5	112697116	112897116	harbor1	chr5	112732873	112733075	SINE/MIR	615	-	101	112732974	35858
chr5	112697116	112897116	harbor1	chr5	112737164	112737357	SINE/MIR	627	-	96	112737260	40144
chr5	54259303	54459303	harbor1	chr5	54265840	54266082	SINE/MIR	685	-	121	54265961	6658
chr5	54259303	54459303	harbor1	chr5	54296284	54296483	SINE/MIR	451	-	100	54296384	37081
chr5	53011930	53211930	harbor1	chr5	53032406	53032534	SINE/MIR	415	-	64	53032470	20540
chr5	53011930	53211930	harbor1	chr5	53047864	53048011	SINE/MIR	539	-	74	53047938	36008
chr5	53011930	53211930	harbor1	chr5	53060348	53060583	SINE/MIR	459	-	118	53060466	48536
chr5	53011930	53211930	harbor1	chr5	53069318	53069427	SINE/MIR	503	-	54	53069372	57442
chr5	53011930	53211930	harbor1	chr5	53080002	53080142	SINE/MIR	484	-	70	53080072	68142
chr5	160590546	160790546	harbor1	chr5	160602132	160602339	SINE/MIR	543	-	104	160602236	11690
chr5	160590546	160790546	harbor1	chr5	160607392	160607611	SINE/MIR	472	-	110	160607502	16956
chr5	160590546	160790546	harbor1	chr5	160616886	160617084	SINE/MIR	532	-	99	160616985	26439
chr5	160590546	160790546	harbor1	chr5	160621186	160621410	SINE/MIR	586	-	112	160621298	30752
chr5	160590546	160790546	harbor1	chr5	160625093	160625231	SINE/MIR	416	-	69	160625162	34616
chr5	160590546	160790546	harbor1	chr5	160626385	160626582	SINE/MIR	495	-	98	160626483	35937
chr5	160590546	160790546	harbor1	chr5	160629882	160630056	SINE/MIR	437	-	87	160629969	39423
chr5	160590546	160790546	harbor1	chr5	160643646	160643803	SINE/MIR	488	-	78	160643724	53178
chr5	160590546	160790546	harbor1	chr5	160645796	160645975	SINE/MIR	505	-	90	160645886	55340
chr5	160590546	160790546	harbor1	chr5	160648594	160648838	SINE/MIR	741	-	122	160648716	58170
chr5	160590546	160790546	harbor1	chr5	160654758	160655006	SINE/MIR	623	-	124	160654882	64336
chr5	160590546	160790546	harbor1	chr5	160669244	160669499	SINE/MIR	797	-	128	160669372	78826
chr5	160590546	160790546	harbor1	chr5	160678685	160678880	SINE/MIR	502	-	98	160678783	88237
chr5	160590546	160790546	harbor1	chr5	160684238	160684478	SINE/MIR	573	-	120	160684358	93812
chr5	130263508	130463508	harbor1	chr5	130275996	130276158	SINE/MIR	458	-	81	130276077	12569
chr5	130263508	130463508	harbor1	chr5	130288120	130288352	SINE/MIR	441	-	116	130288236	24728
chr5	175260696	175460696	harbor1	chr5	175269833	175270007	SINE/MIR	422	-	87	175269920	9224
chr5	175260696	175460696	harbor1	chr5	175274000	175274160	SINE/MIR	606	-	80	175274080	13384
chr5	175260696	175460696	harbor1	chr5	175281814	175281971	SINE/MIR	513	-	78	175281892	21196
chr5	175260696	175460696	harbor1	chr5	175285747	175286012	SINE/MIR	527	-	132	175285879	25183
chr5	175260696	175460696	harbor1	chr5	175325999	175326143	SINE/MIR	458	-	72	175326071	65375
chr5	175260696	175460696	harbor1	chr5	175329819	175329934	SINE/MIR	514	-	58	175329877	69181
chr5	175260696	175460696	harbor1	chr5	175352657	175352893	SINE/MIR	581	-	118	175352775	92079
chr5	130639908	130839908	harbor1	chr5	130650475	130650690	SINE/MIR	986	-	108	130650583	10675
chr5	130639908	130839908	harbor1	chr5	130656067	130656226	SINE/MIR	425	-	80	130656147	16239
chr5	130639908	130839908	harbor1	chr5	130670043	130670275	SINE/MIR	592	-	116	130670159	30251
chr5	130639908	130839908	harbor1	chr5	130676800	130676957	SINE/MIR	441	-	78	130676878	36970
chr5	130639908	130839908	harbor1	chr5	130720307	130720534	SINE/MIR	457	-	114	130720421	80513
chr5	136868045	137068045	harbor1	chr5	136919681	136919873	SINE/MIR	547	-	96	136919777	51732
chr5	89797764	89997764	harbor1	chr5	89811113	89811341	SINE/MIR	437	-	114	89811227	13463
chr5	89797764	89997764	harbor1	chr5	89812506	89812713	SINE/MIR	476	-	104	89812610	14846
chr5	89797764	89997764	harbor1	chr5	89843955	89844129	SINE/MIR	485	-	87	89844042	46278
chr5	20894218	21094218	harbor1	chr5	20984324	20984493	SINE/MIR	443	-	84	20984408	90190
chr5	7298465	7498465	harbor1	chr5	7302755	7302951	SINE/MIR	494	-	98	7302853	4388
chr5	158243711	158443711	harbor1	chr5	158254886	158255086	SINE/MIR	692	-	100	158254986	11275
chr5	158243711	158443711	harbor1	chr5	158257319	158257567	SINE/MIR	432	-	124	158257443	13732
chr5	158243711	158443711	harbor1	chr5	158282126	158282338	SINE/MIR	575	-	106	158282232	38521
chr5	158243711	158443711	harbor1	chr5	158285062	158285198	SINE/MIR	515	-	68	158285130	41419
chr5	158243711	158443711	harbor1	chr5	158292162	158292244	SINE/MIR	431	-	41	158292203	48492
chr5	158243711	158443711	harbor1	chr5	158305798	158305918	SINE/MIR	526	-	60	158305858	62147
chr5	158243711	158443711	harbor1	chr5	158306120	158306233	SINE/MIR	526	-	56	158306176	62465
chr5	158243711	158443711	harbor1	chr5	158317347	158317485	SINE/MIR	470	-	69	158317416	73705
chr5	158243711	158443711	harbor1	chr5	158322141	158322379	SINE/MIR	626	-	119	158322260	78549
chr5	158243711	158443711	harbor1	chr5	158323913	158324108	SINE/MIR	618	-	98	158324011	80300
chr5	158243711	158443711	harbor1	chr5	158325448	158325651	SINE/MIR	776	-	102	158325550	81839
chr5	172149908	172349908	harbor1	chr5	172150081	172150198	SINE/MIR	429	-	58	172150139	231
chr5	172149908	172349908	harbor1	chr5	172150511	172150554	SINE/MIR	429	-	22	172150533	625
chr5	172149908	172349908	harbor1	chr5	172151096	172151316	SINE/MIR	492	-	110	172151206	1298
chr5	172149908	172349908	harbor1	chr5	172156190	172156436	SINE/MIR	1032	-	123	172156313	6405
chr5	172149908	172349908	harbor1	chr5	172163129	172163353	SINE/MIR	636	-	112	172163241	13333
chr5	172149908	172349908	harbor1	chr5	172164448	172164594	SINE/MIR	421	-	73	172164521	14613
chr5	172149908	172349908	harbor1	chr5	172168623	172168799	SINE/MIR	431	-	88	172168711	18803
chr5	172149908	172349908	harbor1	chr5	172172548	172172658	SINE/MIR	447	-	55	172172603	22695
chr5	172149908	172349908	harbor1	chr5	172176048	172176302	SINE/MIR	689	-	127	172176175	26267
chr5	172149908	172349908	harbor1	chr5	172178517	172178739	SINE/MIR	491	-	111	172178628	28720
chr5	172149908	172349908	harbor1	chr5	172204577	172204800	SINE/MIR	554	-	112	172204689	54781
chr5	172149908	172349908	harbor1	chr5	172223620	172223793	SINE/MIR	670	-	86	172223706	73798
chr5	172149908	172349908	harbor1	chr5	172230438	172230656	SINE/MIR	737	-	109	172230547	80639
chr5	40175910	40375910	harbor1	chr5	40192232	40192455	SINE/MIR	555	-	112	40192344	16434
chr5	102528933	102728933	harbor1	chr5	102586186	102586416	SINE/MIR	468	-	115	102586301	57368
chr5	102528933	102728933	harbor1	chr5	102605260	102605478	SINE/MIR	448	-	109	102605369	76436
chr5	102528933	102728933	harbor1	chr5	102607314	102607486	SINE/MIR	761	-	86	102607400	78467
chr5	57285825	57485825	harbor1	chr5	57339621	57339862	SINE/MIR	624	-	120	57339741	53916
chr5	57285825	57485825	harbor1	chr5	57340645	57340895	SINE/MIR	882	-	125	57340770	54945
chr5	151998542	152198542	harbor1	chr5	152003361	152003519	SINE/MIR	481	-	79	152003440	4898
chr5	151998542	152198542	harbor1	chr5	152005527	152005717	SINE/MIR	537	-	95	152005622	7080
chr5	151998542	152198542	harbor1	chr5	152005764	152005949	SINE/MIR	416	-	92	152005856	7314
chr5	151998542	152198542	harbor1	chr5	152054148	152054367	SINE/MIR	615	-	110	152054258	55716
chr5	151998542	152198542	harbor1	chr5	152058075	152058218	SINE/MIR	427	-	72	152058147	59605
chr5	151998542	152198542	harbor1	chr5	152061374	152061577	SINE/MIR	575	-	102	152061476	62934
chr5	151998542	152198542	harbor1	chr5	152065050	152065177	SINE/MIR	419	-	64	152065114	66572
chr5	151998542	152198542	harbor1	chr5	152076431	152076622	SINE/MIR	446	-	96	152076527	77985
chr5	149108535	149308535	harbor1	chr5	149111015	149111200	SINE/MIR	834	-	92	149111107	2572
chr5	149108535	149308535	harbor1	chr5	149115439	149115601	SINE/MIR	566	-	81	149115520	6985
chr5	149108535	149308535	harbor1	chr5	149126771	149126958	SINE/MIR	483	-	94	149126865	18330
chr5	149108535	149308535	harbor1	chr5	149138919	149139094	SINE/MIR	513	-	88	149139007	30472
chr5	149108535	149308535	harbor1	chr5	149171339	149171569	SINE/MIR	628	-	115	149171454	62919
chr5	149108535	149308535	harbor1	chr5	149177817	149178037	SINE/MIR	632	-	110	149177927	69392
chr5	149108535	149308535	harbor1	chr5	149203781	149204013	SINE/MIR	771	-	116	149203897	95362
chr5	159930021	160130021	harbor1	chr5	159944631	159944806	SINE/MIR	629	-	88	159944719	14698
chr5	159930021	160130021	harbor1	chr5	159946923	159947059	SINE/MIR	883	-	68	159946991	16970
chr5	159930021	160130021	harbor1	chr5	159947367	159947493	SINE/MIR	883	-	63	159947430	17409
chr5	159930021	160130021	harbor1	chr5	159948856	159949068	SINE/MIR	980	-	106	159948962	18941
chr5	159930021	160130021	harbor1	chr5	159964881	159965113	SINE/MIR	562	-	116	159964997	34976
chr5	159930021	160130021	harbor1	chr5	159966263	159966488	SINE/MIR	699	-	112	159966375	36354
chr5	159930021	160130021	harbor1	chr5	159967453	159967690	SINE/MIR	699	-	118	159967571	37550
chr5	159930021	160130021	harbor1	chr5	159974814	159974962	SINE/MIR	433	-	74	159974888	44867
chr5	159930021	160130021	harbor1	chr5	160000988	160001185	SINE/MIR	573	-	98	160001086	71065
chr5	159930021	160130021	harbor1	chr5	160011351	160011568	SINE/MIR	641	-	108	160011459	81438
chr5	120292448	120492448	harbor1	chr5	120322898	120323096	SINE/MIR	696	-	99	120322997	30549
chr5	38370025	38570025	harbor1	chr5	38373096	38373310	SINE/MIR	534	-	107	38373203	3178
chr5	38370025	38570025	harbor1	chr5	38400028	38400156	SINE/MIR	485	-	64	38400092	30067
chr5	38370025	38570025	harbor1	chr5	38418681	38418833	SINE/MIR	531	-	76	38418757	48732
chr5	38370025	38570025	harbor1	chr5	38419623	38419746	SINE/MIR	606	-	62	38419685	49660
chr5	38370025	38570025	harbor1	chr5	38420055	38420171	SINE/MIR	606	-	58	38420113	50088
chr5	38370025	38570025	harbor1	chr5	38456167	38456369	SINE/MIR	522	-	101	38456268	86243
chr5	60923588	61123588	harbor1	chr5	60928303	60928434	SINE/MIR	473	-	66	60928369	4781
chr5	72258098	72458098	harbor1	chr5	72281215	72281418	SINE/MIR	448	-	102	72281317	23219
chr5	72258098	72458098	harbor1	chr5	72321270	72321472	SINE/MIR	570	-	101	72321371	63273
chr5	72258098	72458098	harbor1	chr5	72325373	72325566	SINE/MIR	443	-	96	72325469	67371
chr5	72258098	72458098	harbor1	chr5	72329641	72329879	SINE/MIR	749	-	119	72329760	71662
chr5	72258098	72458098	harbor1	chr5	72331847	72331989	SINE/MIR	490	-	71	72331918	73820
chr5	72258098	72458098	harbor1	chr5	72347043	72347207	SINE/MIR	416	-	82	72347125	89027
chr5	72258098	72458098	harbor1	chr5	72351938	72352118	SINE/MIR	527	-	90	72352028	93930
chr5	119672351	119872351	harbor1	chr5	119681481	119681687	SINE/MIR	516	-	103	119681584	9233
chr5	119672351	119872351	harbor1	chr5	119717055	119717298	SINE/MIR	546	-	122	119717177	44826
chr5	35245409	35445409	harbor1	chr5	35333348	35333533	SINE/MIR	557	-	92	35333440	88031
chr5	35245409	35445409	harbor1	chr5	35340085	35340288	SINE/MIR	589	-	102	35340187	94778
chr5	35245409	35445409	harbor1	chr5	35340896	35341121	SINE/MIR	567	-	112	35341008	95599
chr5	35245409	35445409	harbor1	chr5	35341217	35341424	SINE/MIR	601	-	104	35341321	95912
chr5	26799773	26999773	harbor1	chr5	26819661	26819805	SINE/MIR	462	-	72	26819733	19960
chr5	175848152	176048152	harbor1	chr5	175852494	175852643	SINE/MIR	483	-	74	175852568	4416
chr5	175848152	176048152	harbor1	chr5	175856264	175856498	SINE/MIR	628	-	117	175856381	8229
chr5	175848152	176048152	harbor1	chr5	175857952	175858148	SINE/MIR	575	-	98	175858050	9898
chr5	175848152	176048152	harbor1	chr5	175873715	175873887	SINE/MIR	702	-	86	175873801	25649
chr5	175848152	176048152	harbor1	chr5	175878228	175878386	SINE/MIR	481	-	79	175878307	30155
chr5	175848152	176048152	harbor1	chr5	175892244	175892415	SINE/MIR	581	-	86	175892330	44178
chr5	175848152	176048152	harbor1	chr5	175912483	175912648	SINE/MIR	454	-	82	175912565	64413
chr5	161747911	161947911	harbor1	chr5	161834920	161835143	SINE/MIR	504	-	112	161835032	87121
chr5	93904180	94104180	harbor1	chr5	93917256	93917447	SINE/MIR	586	-	96	93917352	13172
chr5	93904180	94104180	harbor1	chr5	93959255	93959436	SINE/MIR	605	-	90	93959345	55165
chr5	169152805	169352805	harbor1	chr5	169160158	169160371	SINE/MIR	480	-	106	169160264	7459
chr5	169152805	169352805	harbor1	chr5	169165974	169166099	SINE/MIR	553	-	62	169166036	13231
chr5	169152805	169352805	harbor1	chr5	169167214	169167268	SINE/MIR	568	-	27	169167241	14436
chr5	169152805	169352805	harbor1	chr5	169167576	169167734	SINE/MIR	568	-	79	169167655	14850
chr5	169152805	169352805	harbor1	chr5	169168469	169168735	SINE/MIR	466	-	133	169168602	15797
chr5	169152805	169352805	harbor1	chr5	169188471	169188571	SINE/MIR	417	-	50	169188521	35716
chr5	169152805	169352805	harbor1	chr5	169196491	169196722	SINE/MIR	502	-	116	169196607	43802
chr5	169152805	169352805	harbor1	chr5	169199548	169199764	SINE/MIR	630	-	108	169199656	46851
chr5	169152805	169352805	harbor1	chr5	169202328	169202553	SINE/MIR	603	-	112	169202440	49635
chr5	169152805	169352805	harbor1	chr5	169219305	169219476	SINE/MIR	442	-	86	169219391	66586
chr5	169152805	169352805	harbor1	chr5	169227315	169227399	SINE/MIR	555	-	42	169227357	74552
chr5	169152805	169352805	harbor1	chr5	169227779	169227898	SINE/MIR	555	-	60	169227839	75034
chr5	166911735	167111735	harbor1	chr5	166913698	166913841	SINE/MIR	498	-	72	166913770	2035
chr5	166911735	167111735	harbor1	chr5	166958640	166958885	SINE/MIR	550	-	122	166958762	47027
chr5	166911735	167111735	harbor1	chr5	166963966	166964204	SINE/MIR	658	-	119	166964085	52350
chr5	166911735	167111735	harbor1	chr5	166997284	166997491	SINE/MIR	430	-	104	166997388	85653
chr5	39583943	39783943	harbor1	chr5	39599707	39599902	SINE/MIR	489	-	98	39599805	15862
chr5	39583943	39783943	harbor1	chr5	39607994	39608170	SINE/MIR	502	-	88	39608082	24139
chr5	116615102	116815102	harbor1	chr5	116624322	116624543	SINE/MIR	556	-	110	116624432	9330
chr5	116615102	116815102	harbor1	chr5	116626988	116627151	SINE/MIR	509	-	82	116627070	11968
chr5	116615102	116815102	harbor1	chr5	116636939	116637177	SINE/MIR	558	-	119	116637058	21956
chr5	116615102	116815102	harbor1	chr5	116669237	116669429	SINE/MIR	481	-	96	116669333	54231
chr5	116615102	116815102	harbor1	chr5	116684599	116684784	SINE/MIR	911	-	92	116684691	69589
chr5	116615102	116815102	harbor1	chr5	116692721	116692931	SINE/MIR	846	-	105	116692826	77724
chr5	32621055	32821055	harbor1	chr5	32629929	32630106	SINE/MIR	784	-	88	32630017	8962
chr5	149838695	150038695	harbor1	chr5	149839134	149839373	SINE/MIR	769	-	120	149839254	559
chr5	149838695	150038695	harbor1	chr5	149874878	149875059	SINE/MIR	592	-	90	149874968	36273
chr5	149838695	150038695	harbor1	chr5	149933562	149933773	SINE/MIR	730	-	106	149933668	94973
chr5	149838695	150038695	harbor1	chr5	149934257	149934424	SINE/MIR	463	-	84	149934341	95646
chr5	62575511	62775511	harbor1	chr5	62581504	62581713	SINE/MIR	441	-	104	62581608	6097
chr5	62575511	62775511	harbor1	chr5	62587775	62587917	SINE/MIR	469	-	71	62587846	12335
chr5	62575511	62775511	harbor1	chr5	62647818	62648045	SINE/MIR	650	-	114	62647932	72421
chr5	171929045	172129045	harbor1	chr5	171953656	171953831	SINE/MIR	569	-	88	171953744	24699
chr5	171929045	172129045	harbor1	chr5	171958128	171958297	SINE/MIR	561	-	84	171958212	29167
chr5	171929045	172129045	harbor1	chr5	171960998	171961183	SINE/MIR	472	-	92	171961090	32045
chr5	171929045	172129045	harbor1	chr5	172000677	172000892	SINE/MIR	623	-	108	172000785	71740
chr5	40293280	40493280	harbor1	chr5	40377157	40377394	SINE/MIR	514	-	118	40377275	83995
chr5	24186286	24386286	harbor1	chr5	24258557	24258805	SINE/MIR	771	-	124	24258681	72395
chr5	114009195	114209195	harbor1	chr5	114009138	114009340	SINE/MIR	428	-	101	114009239	44
chr5	114009195	114209195	harbor1	chr5	114057234	114057498	SINE/MIR	954	-	132	114057366	48171
chr5	114009195	114209195	harbor1	chr5	114096893	114097056	SINE/MIR	601	-	82	114096975	87780
chr6	7574554	7774554	harbor1	chr6	7591685	7591834	SINE/MIR	587	-	74	7591759	17205
chr6	7574554	7774554	harbor1	chr6	7592462	7592683	SINE/MIR	876	-	110	7592572	18018
chr6	7574554	7774554	harbor1	chr6	7625241	7625463	SINE/MIR	634	-	111	7625352	50798
chr6	20161315	20361315	harbor1	chr6	20161534	20161772	SINE/MIR	561	-	119	20161653	338
chr6	20161315	20361315	harbor1	chr6	20163395	20163606	SINE/MIR	608	-	106	20163501	2186
chr6	20161315	20361315	harbor1	chr6	20163639	20163765	SINE/MIR	448	-	63	20163702	2387
chr6	20161315	20361315	harbor1	chr6	20185733	20185876	SINE/MIR	436	-	72	20185805	24490
chr6	20161315	20361315	harbor1	chr6	20192708	20192884	SINE/MIR	540	-	88	20192796	31481
chr6	128283216	128483216	harbor1	chr6	128290844	128290973	SINE/MIR	439	-	64	128290908	7692
chr6	128283216	128483216	harbor1	chr6	128291474	128291569	SINE/MIR	439	-	48	128291522	8306
chr6	128283216	128483216	harbor1	chr6	128322471	128322586	SINE/MIR	450	-	58	128322529	39313
chr6	128283216	128483216	harbor1	chr6	128354666	128354870	SINE/MIR	659	-	102	128354768	71552
chr6	125801913	126001913	harbor1	chr6	125805937	125806059	SINE/MIR	553	-	61	125805998	4085
chr6	125801913	126001913	harbor1	chr6	125806362	125806376	SINE/MIR	496	-	7	125806369	4456
chr6	125801913	126001913	harbor1	chr6	125828852	125829010	SINE/MIR	462	-	79	125828931	27018
chr6	125801913	126001913	harbor1	chr6	125866478	125866673	SINE/MIR	443	-	98	125866576	64663
chr6	126482795	126682795	harbor1	chr6	126498649	126498856	SINE/MIR	986	-	104	126498753	15958
chr6	126482795	126682795	harbor1	chr6	126499218	126499255	SINE/MIR	986	-	18	126499236	16441
chr6	126482795	126682795	harbor1	chr6	126573609	126573860	SINE/MIR	450	-	126	126573735	90940
chr6	70708947	70908947	harbor1	chr6	70761675	70761825	SINE/MIR	513	-	75	70761750	52803
chr6	105233832	105433832	harbor1	chr6	105304356	105304505	SINE/MIR	489	-	74	105304430	70598
chr6	109606384	109806384	harbor1	chr6	109635949	109636157	SINE/MIR	466	-	104	109636053	29669
chr6	147275233	147475233	harbor1	chr6	147308969	147309124	SINE/MIR	518	-	78	147309047	33814
chr6	147275233	147475233	harbor1	chr6	147341845	147342064	SINE/MIR	646	-	110	147341955	66722
chr6	147275233	147475233	harbor1	chr6	147350769	147351000	SINE/MIR	679	-	116	147350885	75652
chr6	147275233	147475233	harbor1	chr6	147371482	147371677	SINE/MIR	594	-	98	147371580	96347
chr6	42900419	43100419	harbor1	chr6	42985318	42985477	SINE/MIR	616	-	80	42985398	84979
chr6	42900419	43100419	harbor1	chr6	42987481	42987632	SINE/MIR	551	-	76	42987557	87138
chr6	42900419	43100419	harbor1	chr6	42993897	42994026	SINE/MIR	790	-	64	42993961	93542
chr6	42900419	43100419	harbor1	chr6	42994300	42994390	SINE/MIR	790	-	45	42994345	93926
chr6	63488918	63688918	harbor1	chr6	63495176	63495402	SINE/MIR	635	-	113	63495289	6371
chr6	63488918	63688918	harbor1	chr6	63496561	63496618	SINE/MIR	506	-	28	63496589	7671
chr6	63488918	63688918	harbor1	chr6	63496752	63496887	SINE/MIR	506	-	68	63496820	7902
chr6	63488918	63688918	harbor1	chr6	63521873	63522059	SINE/MIR	549	-	93	63521966	33048
chr6	33260055	33460055	harbor1	chr6	33271128	33271345	SINE/MIR	826	-	108	33271236	11181
chr6	33260055	33460055	harbor1	chr6	33286583	33286737	SINE/MIR	472	-	77	33286660	26605
chr6	33260055	33460055	harbor1	chr6	33317007	33317229	SINE/MIR	743	-	111	33317118	57063
chr6	125665651	125865651	harbor1	chr6	125670110	125670242	SINE/MIR	465	-	66	125670176	4525
chr6	125665651	125865651	harbor1	chr6	125736597	125736812	SINE/MIR	646	-	108	125736705	71054
chr6	43090959	43290959	harbor1	chr6	43111561	43111663	SINE/MIR	711	-	51	43111612	20653
chr6	43090959	43290959	harbor1	chr6	43111982	43112130	SINE/MIR	726	-	74	43112056	21097
chr6	43090959	43290959	harbor1	chr6	43146755	43146939	SINE/MIR	718	-	92	43146847	55888
chr6	43090959	43290959	harbor1	chr6	43158565	43158690	SINE/MIR	477	-	62	43158627	67668
chr6	43090959	43290959	harbor1	chr6	43163982	43164166	SINE/MIR	659	-	92	43164074	73115
chr6	43090959	43290959	harbor1	chr6	43175145	43175341	SINE/MIR	499	-	98	43175243	84284
chr6	43090959	43290959	harbor1	chr6	43175401	43175641	SINE/MIR	787	-	120	43175521	84562
chr6	43090959	43290959	harbor1	chr6	43182946	43183203	SINE/MIR	597	-	128	43183074	92115
chr6	43090959	43290959	harbor1	chr6	43188879	43189103	SINE/MIR	848	-	112	43188991	98032
chr6	92262488	92462488	harbor1	chr6	92277325	92277433	SINE/MIR	470	-	54	92277379	14891
chr6	92262488	92462488	harbor1	chr6	92284058	92284295	SINE/MIR	573	-	118	92284176	21688
chr6	92262488	92462488	harbor1	chr6	92292994	92293224	SINE/MIR	479	-	115	92293109	30621
chr6	92262488	92462488	harbor1	chr6	92347825	92348051	SINE/MIR	597	-	113	92347938	85450
chr6	159931637	160131637	harbor1	chr6	160023481	160023702	SINE/MIR	456	-	110	160023591	91954
chr6	150161979	150361979	harbor1	chr6	150175114	150175299	SINE/MIR	544	-	92	150175206	13227
chr6	150161979	150361979	harbor1	chr6	150204623	150204794	SINE/MIR	478	-	86	150204709	42730
chr6	150161979	150361979	harbor1	chr6	150237587	150237830	SINE/MIR	514	-	122	150237709	75730
chr6	150161979	150361979	harbor1	chr6	150251924	150252122	SINE/MIR	624	-	99	150252023	90044
chr6	150161979	150361979	harbor1	chr6	150258451	150258665	SINE/MIR	552	-	107	150258558	96579
chr6	121853841	122053841	harbor1	chr6	121883895	121884098	SINE/MIR	433	-	102	121883997	30156
chr6	36532897	36732897	harbor1	chr6	36539471	36539715	SINE/MIR	710	-	122	36539593	6696
chr6	36532897	36732897	harbor1	chr6	36548778	36549003	SINE/MIR	614	-	112	36548890	15993
chr6	36532897	36732897	harbor1	chr6	36556382	36556580	SINE/MIR	550	-	99	36556481	23584
chr6	36532897	36732897	harbor1	chr6	36621891	36621968	SINE/MIR	443	-	38	36621929	89032
chr6	36532897	36732897	harbor1	chr6	36622265	36622344	SINE/MIR	443	-	40	36622305	89408
chr6	36532897	36732897	harbor1	chr6	36626310	36626421	SINE/MIR	471	-	56	36626366	93469
chr6	36532897	36732897	harbor1	chr6	36632282	36632424	SINE/MIR	482	-	71	36632353	99456
chr6	25776004	25976004	harbor1	chr6	25803779	25804021	SINE/MIR	595	-	121	25803900	27896
chr6	86122732	86322732	harbor1	chr6	86124764	86125010	SINE/MIR	650	-	123	86124887	2155
chr6	86122732	86322732	harbor1	chr6	86191937	86192135	SINE/MIR	594	-	99	86192036	69304
chr6	26316125	26516125	harbor1	chr6	26372277	26372513	SINE/MIR	593	-	118	26372395	56270
chr6	26316125	26516125	harbor1	chr6	26399523	26399665	SINE/MIR	731	-	71	26399594	83469
chr6	26316125	26516125	harbor1	chr6	26408958	26409136	SINE/MIR	452	-	89	26409047	92922
chr6	26316125	26516125	harbor1	chr6	26413883	26414050	SINE/MIR	490	-	84	26413967	97842
chr6	26316125	26516125	harbor1	chr6	26414054	26414217	SINE/MIR	438	-	82	26414136	98011
chr6	120948150	121148150	harbor1	chr6	120954560	120954743	SINE/MIR	678	-	92	120954652	6502
chr6	116620103	116820103	harbor1	chr6	116628894	116629069	SINE/MIR	601	-	88	116628982	8879
chr6	116620103	116820103	harbor1	chr6	116650511	116650724	SINE/MIR	505	-	106	116650617	30514
chr6	112084800	112284800	harbor1	chr6	112098433	112098616	SINE/MIR	688	-	92	112098525	13725
chr6	112084800	112284800	harbor1	chr6	112129522	112129776	SINE/MIR	624	-	127	112129649	44849
chr6	118740268	118940268	harbor1	chr6	118831822	118832024	SINE/MIR	589	-	101	118831923	91655
chr6	22726312	22926312	harbor1	chr6	22739969	22740202	SINE/MIR	439	-	116	22740085	13773
chr6	22726312	22926312	harbor1	chr6	22759460	22759680	SINE/MIR	735	-	110	22759570	33258
chr6	22726312	22926312	harbor1	chr6	22803852	22804093	SINE/MIR	503	-	120	22803972	77660
chr6	86439643	86639643	harbor1	chr6	86463512	86463733	SINE/MIR	525	-	110	86463622	23979
chr6	126195301	126395301	harbor1	chr6	126264381	126264496	SINE/MIR	515	-	58	126264439	69138
chr6	126195301	126395301	harbor1	chr6	126264961	126265012	SINE/MIR	515	-	26	126264987	69686
chr6	126195301	126395301	harbor1	chr6	126272994	126273185	SINE/MIR	559	-	96	126273090	77789
chr6	135031307	135231307	harbor1	chr6	135096515	135096723	SINE/MIR	585	-	104	135096619	65312
chr6	135031307	135231307	harbor1	chr6	135129696	135129748	SINE/MIR	463	-	26	135129722	98415
chr6	135031307	135231307	harbor1	chr6	135130050	135130189	SINE/MIR	463	-	70	135130120	98813
chr6	64986850	65186850	harbor1	chr6	64989081	64989224	SINE/MIR	427	-	72	64989153	2303
chr6	18038607	18238607	harbor1	chr6	18100639	18100791	SINE/MIR	526	-	76	18100715	62108
chr6	18038607	18238607	harbor1	chr6	18123747	18123921	SINE/MIR	550	-	87	18123834	85227
chr6	70313575	70513575	harbor1	chr6	70326370	70326543	SINE/MIR	652	-	86	70326456	12881
chr6	70313575	70513575	harbor1	chr6	70388923	70389068	SINE/MIR	448	-	72	70388995	75420
chr6	7526584	7726584	harbor1	chr6	7546499	7546595	SINE/MIR	430	-	48	7546547	19963
chr6	7526584	7726584	harbor1	chr6	7591685	7591834	SINE/MIR	587	-	74	7591759	65175
chr6	7526584	7726584	harbor1	chr6	7592462	7592683	SINE/MIR	876	-	110	7592572	65988
chr6	7526584	7726584	harbor1	chr6	7625241	7625463	SINE/MIR	634	-	111	7625352	98768
chr6	83689592	83889592	harbor1	chr6	83781926	83782187	SINE/MIR	692	-	130	83782056	92464
chr6	83689592	83889592	harbor1	chr6	83789435	83789652	SINE/MIR	481	-	108	83789543	99951
chr6	107500963	107700963	harbor1	chr6	107510971	107511216	SINE/MIR	628	-	122	107511093	10130
chr6	107500963	107700963	harbor1	chr6	107513886	107514084	SINE/MIR	840	-	99	107513985	13022
chr6	107500963	107700963	harbor1	chr6	107520301	107520456	SINE/MIR	575	-	78	107520379	19416
chr6	107500963	107700963	harbor1	chr6	107560578	107560786	SINE/MIR	578	-	104	107560682	59719
chr6	39730097	39930097	harbor1	chr6	39749208	39749462	SINE/MIR	939	-	127	39749335	19238
chr6	39730097	39930097	harbor1	chr6	39771952	39772191	SINE/MIR	742	-	120	39772072	41975
chr6	39730097	39930097	harbor1	chr6	39776161	39776298	SINE/MIR	596	-	68	39776229	46132
chr6	39730097	39930097	harbor1	chr6	39779353	39779526	SINE/MIR	530	-	86	39779439	49342
chr6	39730097	39930097	harbor1	chr6	39803449	39803659	SINE/MIR	661	-	105	39803554	73457
chr6	39730097	39930097	harbor1	chr6	39812247	39812490	SINE/MIR	991	-	122	39812369	82272
chr6	39730097	39930097	harbor1	chr6	39822533	39822747	SINE/MIR	538	-	107	39822640	92543
chr6	83763171	83963171	harbor1	chr6	83781926	83782187	SINE/MIR	692	-	130	83782056	18885
chr6	83763171	83963171	harbor1	chr6	83789435	83789652	SINE/MIR	481	-	108	83789543	26372
chr6	83763171	83963171	harbor1	chr6	83812632	83812874	SINE/MIR	1003	-	121	83812753	49582
chr6	83763171	83963171	harbor1	chr6	83860807	83860944	SINE/MIR	446	-	68	83860875	97704
chr6	34495959	34695959	harbor1	chr6	34497297	34497431	SINE/MIR	566	-	67	34497364	1405
chr6	34495959	34695959	harbor1	chr6	34519725	34519883	SINE/MIR	633	-	79	34519804	23845
chr6	34495959	34695959	harbor1	chr6	34521732	34521960	SINE/MIR	515	-	114	34521846	25887
chr6	34495959	34695959	harbor1	chr6	34531115	34531341	SINE/MIR	878	-	113	34531228	35269
chr6	34495959	34695959	harbor1	chr6	34569403	34569649	SINE/MIR	1055	-	123	34569526	73567
chr6	34495959	34695959	harbor1	chr6	34569755	34569972	SINE/MIR	739	-	108	34569863	73904
chr6	34495959	34695959	harbor1	chr6	34571829	34572029	SINE/MIR	457	-	100	34571929	75970
chr6	34495959	34695959	harbor1	chr6	34583223	34583433	SINE/MIR	552	-	105	34583328	87369
chr6	86563747	86763747	harbor1	chr6	86569316	86569564	SINE/MIR	691	-	124	86569440	5693
chr6	86563747	86763747	harbor1	chr6	86591467	86591717	SINE/MIR	678	-	125	86591592	27845
chr6	86563747	86763747	harbor1	chr6	86614531	86614688	SINE/MIR	447	-	78	86614609	50862
chr6	86563747	86763747	harbor1	chr6	86649901	86650094	SINE/MIR	472	-	96	86649997	86250
chr6	34127346	34327346	harbor1	chr6	34128303	34128365	SINE/MIR	700	-	31	34128334	988
chr6	34127346	34327346	harbor1	chr6	34128677	34128843	SINE/MIR	700	-	83	34128760	1414
chr6	34127346	34327346	harbor1	chr6	34136102	34136260	SINE/MIR	685	-	79	34136181	8835
chr6	34127346	34327346	harbor1	chr6	34175688	34175838	SINE/MIR	649	-	75	34175763	48417
chr6	34127346	34327346	harbor1	chr6	34179721	34179762	SINE/MIR	550	-	20	34179741	52395
chr6	34127346	34327346	harbor1	chr6	34180019	34180101	SINE/MIR	550	-	41	34180060	52714
chr6	34127346	34327346	harbor1	chr6	34180388	34180501	SINE/MIR	422	-	56	34180444	53098
chr6	34127346	34327346	harbor1	chr6	34207262	34207438	SINE/MIR	499	-	88	34207350	80004
chr6	109763746	109963746	harbor1	chr6	109799956	109800197	SINE/MIR	1160	-	120	109800076	36330
chr6	154505258	154705258	harbor1	chr6	154541570	154541704	SINE/MIR	425	-	67	154541637	36379
chr6	154505258	154705258	harbor1	chr6	154601874	154602033	SINE/MIR	462	-	80	154601954	96696
chr6	154505258	154705258	harbor1	chr6	154533736	154533906	SINE/MIR	498	-	85	154533821	28563
chr6	51569033	51769033	harbor1	chr6	51583473	51583722	SINE/MIR	641	-	124	51583597	14564
chr6	51569033	51769033	harbor1	chr6	51624666	51624913	SINE/MIR	542	-	124	51624790	55757
chr6	51569033	51769033	harbor1	chr6	51649904	51650078	SINE/MIR	653	-	87	51649991	80958
chr6	71201362	71401362	harbor1	chr6	71251300	71251409	SINE/MIR	463	-	54	71251354	49992
chr6	71201362	71401362	harbor1	chr6	71254090	71254193	SINE/MIR	442	-	52	71254142	52780
chr6	71201362	71401362	harbor1	chr6	71287246	71287397	SINE/MIR	501	-	76	71287322	85960
chr6	71201362	71401362	harbor1	chr6	71291670	71291842	SINE/MIR	538	-	86	71291756	90394
chr6	71201362	71401362	harbor1	chr6	71300608	71300824	SINE/MIR	724	-	108	71300716	99354
chr6	152402005	152602005	harbor1	chr6	152429137	152429274	SINE/MIR	521	-	68	152429205	27200
chr6	152402005	152602005	harbor1	chr6	152446916	152447140	SINE/MIR	524	-	112	152447028	45023
chr6	62572607	62772607	harbor1	chr6	62623812	62623950	SINE/MIR	592	-	69	62623881	51274
chr6	62572607	62772607	harbor1	chr6	62626016	62626203	SINE/MIR	519	-	94	62626110	53503
chr6	62572607	62772607	harbor1	chr6	62657590	62657859	SINE/MIR	616	-	134	62657724	85117
chr6	62572607	62772607	harbor1	chr6	62664248	62664486	SINE/MIR	488	-	119	62664367	91760
chr6	17125487	17325487	harbor1	chr6	17127178	17127268	SINE/MIR	425	-	45	17127223	1736
chr6	17125487	17325487	harbor1	chr6	17127573	17127663	SINE/MIR	425	-	45	17127618	2131
chr6	17125487	17325487	harbor1	chr6	17214372	17214531	SINE/MIR	500	-	80	17214452	88965
chr6	46871561	47071561	harbor1	chr6	46901533	46901705	SINE/MIR	577	-	86	46901619	30058
chr6	46871561	47071561	harbor1	chr6	46905817	46906004	SINE/MIR	544	-	94	46905911	34350
chr6	46871561	47071561	harbor1	chr6	46910439	46910650	SINE/MIR	468	-	106	46910545	38984
chr6	46871561	47071561	harbor1	chr6	46911943	46912208	SINE/MIR	821	-	132	46912075	40514
chr6	46871561	47071561	harbor1	chr6	46917029	46917265	SINE/MIR	433	-	118	46917147	45586
chr6	46871561	47071561	harbor1	chr6	46943577	46943788	SINE/MIR	444	-	106	46943683	72122
chr6	46871561	47071561	harbor1	chr6	46965568	46965747	SINE/MIR	457	-	90	46965658	94097
chr6	23922124	24122124	harbor1	chr6	23979834	23980052	SINE/MIR	500	-	109	23979943	57819
chr6	23922124	24122124	harbor1	chr6	23981590	23981780	SINE/MIR	491	-	95	23981685	59561
chr6	23922124	24122124	harbor1	chr6	24014170	24014397	SINE/MIR	532	-	114	24014284	92160
chr6	23922124	24122124	harbor1	chr6	24014437	24014644	SINE/MIR	436	-	104	24014541	92417
chr6	23922124	24122124	harbor1	chr6	24018538	24018786	SINE/MIR	513	-	124	24018662	96538
chr6	23922124	24122124	harbor1	chr6	23953308	23953456	SINE/MIR	426	-	74	23953382	31258
chr6	83840575	84040575	harbor1	chr6	83860807	83860944	SINE/MIR	446	-	68	83860875	20300
chr6	83840575	84040575	harbor1	chr6	83919504	83919718	SINE/MIR	870	-	107	83919611	79036
chr6	154414077	154614077	harbor1	chr6	154417273	154417393	SINE/MIR	432	-	60	154417333	3256
chr6	154414077	154614077	harbor1	chr6	154438479	154438679	SINE/MIR	587	-	100	154438579	24502
chr6	154414077	154614077	harbor1	chr6	154444196	154444433	SINE/MIR	580	-	118	154444314	30237
chr6	154414077	154614077	harbor1	chr6	154480180	154480422	SINE/MIR	518	-	121	154480301	66224
chr6	150473108	150673108	harbor1	chr6	150516513	150516654	SINE/MIR	552	-	70	150516583	43475
chr6	150473108	150673108	harbor1	chr6	150566232	150566463	SINE/MIR	638	-	116	150566348	93240
chr6	77437407	77637407	harbor1	chr6	77452956	77453199	SINE/MIR	433	-	122	77453078	15671
chr6	77437407	77637407	harbor1	chr6	77453446	77453580	SINE/MIR	540	-	67	77453513	16106
chr6	77437407	77637407	harbor1	chr6	77468810	77469060	SINE/MIR	695	-	125	77468935	31528
chr6	152414955	152614955	harbor1	chr6	152429137	152429274	SINE/MIR	521	-	68	152429205	14250
chr6	152414955	152614955	harbor1	chr6	152446916	152447140	SINE/MIR	524	-	112	152447028	32073
chr6	50090444	50290444	harbor1	chr6	50112188	50112359	SINE/MIR	477	-	86	50112274	21830
chr6	50090444	50290444	harbor1	chr6	50116168	50116381	SINE/MIR	804	-	106	50116274	25830
chr6	50090444	50290444	harbor1	chr6	50131160	50131372	SINE/MIR	543	-	106	50131266	40822
chr6	45845126	46045126	harbor1	chr6	45846358	45846518	SINE/MIR	493	-	80	45846438	1312
chr6	45845126	46045126	harbor1	chr6	45855319	45855535	SINE/MIR	490	-	108	45855427	10301
chr6	45845126	46045126	harbor1	chr6	45875589	45875806	SINE/MIR	748	-	108	45875697	30571
chr6	45845126	46045126	harbor1	chr6	45910235	45910391	SINE/MIR	492	-	78	45910313	65187
chr6	45845126	46045126	harbor1	chr6	45930741	45930906	SINE/MIR	582	-	82	45930823	85697
chr6	45845126	46045126	harbor1	chr6	45936551	45936700	SINE/MIR	484	-	74	45936625	91499
chr6	45845126	46045126	harbor1	chr6	45943017	45943220	SINE/MIR	880	-	102	45943119	97993
chr6	158258918	158458918	harbor1	chr6	158272562	158272756	SINE/MIR	594	-	97	158272659	13741
chr6	158258918	158458918	harbor1	chr6	158273785	158273963	SINE/MIR	770	-	89	158273874	14956
chr6	158258918	158458918	harbor1	chr6	158324678	158324867	SINE/MIR	443	-	94	158324772	65854
chr6	158258918	158458918	harbor1	chr6	158328204	158328442	SINE/MIR	689	-	119	158328323	69405
chr6	146198027	146398027	harbor1	chr6	146201313	146201343	SINE/MIR	672	-	15	146201328	3301
chr6	146198027	146398027	harbor1	chr6	146201699	146201917	SINE/MIR	672	-	109	146201808	3781
chr6	146198027	146398027	harbor1	chr6	146209007	146209213	SINE/MIR	437	-	103	146209110	11083
chr6	146198027	146398027	harbor1	chr6	146217976	146218140	SINE/MIR	452	-	82	146218058	20031
chr6	146198027	146398027	harbor1	chr6	146250657	146250785	SINE/MIR	439	-	64	146250721	52694
chr6	146198027	146398027	harbor1	chr6	146283615	146283782	SINE/MIR	507	-	84	146283699	85672
chr6	49492327	49692327	harbor1	chr6	49498223	49498445	SINE/MIR	719	-	111	49498334	6007
chr6	49492327	49692327	harbor1	chr6	49539173	49539382	SINE/MIR	662	-	104	49539277	46950
chr6	49492327	49692327	harbor1	chr6	49583597	49583790	SINE/MIR	485	-	96	49583693	91366
chr6	17858844	18058844	harbor1	chr6	17867470	17867667	SINE/MIR	608	-	98	17867568	8724
chr6	17858844	18058844	harbor1	chr6	17869389	17869632	SINE/MIR	787	-	122	17869511	10667
chr6	17858844	18058844	harbor1	chr6	17870890	17871088	SINE/MIR	430	-	99	17870989	12145
chr6	17858844	18058844	harbor1	chr6	17907076	17907328	SINE/MIR	599	-	126	17907202	48358
chr6	17858844	18058844	harbor1	chr6	17936581	17936695	SINE/MIR	421	-	57	17936638	77794
chr6	17858844	18058844	harbor1	chr6	17956087	17956290	SINE/MIR	798	-	102	17956189	97345
chr6	105342515	105542515	harbor1	chr6	105350235	105350441	SINE/MIR	543	-	103	105350338	7823
chr6	105342515	105542515	harbor1	chr6	105377724	105377969	SINE/MIR	736	-	122	105377846	35331
chr6	105342515	105542515	harbor1	chr6	105385698	105385839	SINE/MIR	500	-	70	105385768	43253
chr6	105342515	105542515	harbor1	chr6	105386138	105386237	SINE/MIR	500	-	50	105386188	43673
chr6	51541284	51741284	harbor1	chr6	51547441	51547591	SINE/MIR	438	-	75	51547516	6232
chr6	51541284	51741284	harbor1	chr6	51560601	51560830	SINE/MIR	686	-	114	51560715	19431
chr6	51541284	51741284	harbor1	chr6	51583473	51583722	SINE/MIR	641	-	124	51583597	42313
chr6	51541284	51741284	harbor1	chr6	51624666	51624913	SINE/MIR	542	-	124	51624790	83506
chr6	56356147	56556147	harbor1	chr6	56363285	56363504	SINE/MIR	588	-	110	56363395	7248
chr6	56356147	56556147	harbor1	chr6	56427618	56427807	SINE/MIR	559	-	94	56427712	71565
chr6	56356147	56556147	harbor1	chr6	56428168	56428428	SINE/MIR	777	-	130	56428298	72151
chr6	56356147	56556147	harbor1	chr6	56440300	56440521	SINE/MIR	588	-	110	56440410	84263
chr6	37781668	37981668	harbor1	chr6	37781705	37781898	SINE/MIR	701	-	96	37781801	133
chr6	37781668	37981668	harbor1	chr6	37796103	37796186	SINE/MIR	710	-	42	37796145	14477
chr6	37781668	37981668	harbor1	chr6	37796350	37796507	SINE/MIR	710	-	78	37796428	14760
chr6	37781668	37981668	harbor1	chr6	37813048	37813158	SINE/MIR	571	-	55	37813103	31435
chr6	37781668	37981668	harbor1	chr6	37854537	37854668	SINE/MIR	580	-	66	37854603	72935
chr6	37781668	37981668	harbor1	chr6	37797820	37797934	SINE/MIR	570	-	57	37797877	16209
chr6	14854122	15054122	harbor1	chr6	14887266	14887480	SINE/MIR	531	-	107	14887373	33251
chr6	14854122	15054122	harbor1	chr6	14903837	14904008	SINE/MIR	557	-	86	14903923	49801
chr6	14854122	15054122	harbor1	chr6	14940504	14940745	SINE/MIR	970	-	120	14940624	86502
chr6	153802596	154002596	harbor1	chr6	153806488	153806692	SINE/MIR	439	-	102	153806590	3994
chr6	22547808	22747808	harbor1	chr6	22572367	22572582	SINE/MIR	484	-	108	22572475	24667
chr6	22547808	22747808	harbor1	chr6	22572660	22572918	SINE/MIR	786	-	129	22572789	24981
chr6	22547808	22747808	harbor1	chr6	22636062	22636317	SINE/MIR	818	-	128	22636190	88382
chr6	89472274	89672274	harbor1	chr6	89495774	89495993	SINE/MIR	503	-	110	89495884	23610
chr6	89472274	89672274	harbor1	chr6	89509676	89509908	SINE/MIR	746	-	116	89509792	37518
chr6	89472274	89672274	harbor1	chr6	89552642	89552832	SINE/MIR	429	-	95	89552737	80463
chr6	89472274	89672274	harbor1	chr6	89556743	89556966	SINE/MIR	838	-	112	89556855	84581
chr6	101408010	101608010	harbor1	chr6	101420060	101420293	SINE/MIR	608	-	116	101420176	12166
chr6	101408010	101608010	harbor1	chr6	101490174	101490421	SINE/MIR	483	-	124	101490298	82288
chr6	131062950	131262950	harbor1	chr6	131157154	131157379	SINE/MIR	869	-	112	131157266	94316
chr6	80811391	81011391	harbor1	chr6	80862710	80862941	SINE/MIR	614	-	116	80862826	51435
chr6	80811391	81011391	harbor1	chr6	80879888	80880102	SINE/MIR	424	-	107	80879995	68604
chr6	147515035	147715035	harbor1	chr6	147524840	147525043	SINE/MIR	611	-	102	147524942	9907
chr6	147515035	147715035	harbor1	chr6	147553073	147553314	SINE/MIR	804	-	120	147553193	38158
chr6	147515035	147715035	harbor1	chr6	147574215	147574415	SINE/MIR	638	-	100	147574315	59280
chr6	147515035	147715035	harbor1	chr6	147606725	147606891	SINE/MIR	427	-	83	147606808	91773
chr6	6002112	6202112	harbor1	chr6	6080227	6080446	SINE/MIR	675	-	110	6080337	78225
chr6	115463784	115663784	harbor1	chr6	115540962	115541188	SINE/MIR	432	-	113	115541075	77291
chr6	158827230	159027230	harbor1	chr6	158848587	158848809	SINE/MIR	504	-	111	158848698	21468
chr6	158827230	159027230	harbor1	chr6	158852272	158852480	SINE/MIR	768	-	104	158852376	25146
chr6	80560341	80760341	harbor1	chr6	80564766	80565008	SINE/MIR	991	-	121	80564887	4546
chr6	80560341	80760341	harbor1	chr6	80577738	80577887	SINE/MIR	505	-	74	80577812	17471
chr6	80560341	80760341	harbor1	chr6	80618533	80618756	SINE/MIR	582	-	112	80618645	58304
chr6	80560341	80760341	harbor1	chr6	80637320	80637589	SINE/MIR	769	-	134	80637454	77113
chr6	31058960	31258960	harbor1	chr6	31065823	31066032	SINE/MIR	512	-	104	31065927	6967
chr6	31058960	31258960	harbor1	chr6	31093134	31093303	SINE/MIR	533	-	84	31093218	34258
chr6	31058960	31258960	harbor1	chr6	31107401	31107628	SINE/MIR	637	-	114	31107515	48555
chr6	31058960	31258960	harbor1	chr6	31120039	31120286	SINE/MIR	484	-	124	31120163	61203
chr6	31058960	31258960	harbor1	chr6	31124308	31124530	SINE/MIR	600	-	111	31124419	65459
chr6	76715932	76915932	harbor1	chr6	76726539	76726707	SINE/MIR	507	-	84	76726623	10691
chr6	123106710	123306710	harbor1	chr6	123112513	123112727	SINE/MIR	649	-	107	123112620	5910
chr6	123106710	123306710	harbor1	chr6	123152013	123152144	SINE/MIR	442	-	66	123152079	45369
chr6	123106710	123306710	harbor1	chr6	123159158	123159282	SINE/MIR	456	-	62	123159220	52510
chr6	123106710	123306710	harbor1	chr6	123160259	123160459	SINE/MIR	588	-	100	123160359	53649
chr6	123106710	123306710	harbor1	chr6	123195239	123195412	SINE/MIR	539	-	86	123195325	88615
chr6	54638971	54838971	harbor1	chr6	54641834	54642015	SINE/MIR	452	-	90	54641924	2953
chr6	54638971	54838971	harbor1	chr6	54719523	54719699	SINE/MIR	430	-	88	54719611	80640
chr6	52398660	52598660	harbor1	chr6	52400935	52401126	SINE/MIR	603	-	96	52401031	2371
chr6	52398660	52598660	harbor1	chr6	52411279	52411519	SINE/MIR	771	-	120	52411399	12739
chr6	52398660	52598660	harbor1	chr6	52414298	52414513	SINE/MIR	831	-	108	52414406	15746
chr6	104129804	104329804	harbor1	chr6	104177629	104177852	SINE/MIR	570	-	112	104177741	47937
chr6	104129804	104329804	harbor1	chr6	104223612	104223813	SINE/MIR	527	-	100	104223712	93908
chr6	157157173	157357173	harbor1	chr6	157255860	157256053	SINE/MIR	687	-	96	157255956	98783
chr6	133795859	133995859	harbor1	chr6	133809508	133809658	SINE/MIR	423	-	75	133809583	13724
chr6	133795859	133995859	harbor1	chr6	133833028	133833216	SINE/MIR	466	-	94	133833122	37263
chr6	133795859	133995859	harbor1	chr6	133868614	133868835	SINE/MIR	515	-	110	133868724	72865
chr6	133795859	133995859	harbor1	chr6	133879699	133879916	SINE/MIR	458	-	108	133879807	83948
chr6	108815922	109015922	harbor1	chr6	108849712	108849910	SINE/MIR	705	-	99	108849811	33889
chr6	108815922	109015922	harbor1	chr6	108888248	108888438	SINE/MIR	554	-	95	108888343	72421
chr6	108815922	109015922	harbor1	chr6	108898027	108898188	SINE/MIR	552	-	80	108898107	82185
chr6	108815922	109015922	harbor1	chr6	108899004	108899211	SINE/MIR	605	-	104	108899108	83186
chr6	167796336	167996336	harbor1	chr6	167837560	167837804	SINE/MIR	736	-	122	167837682	41346
chr6	98615847	98815847	harbor1	chr6	98665318	98665483	SINE/MIR	557	-	82	98665400	49553
chr6	98615847	98815847	harbor1	chr6	98666169	98666413	SINE/MIR	1055	-	122	98666291	50444
chr6	98615847	98815847	harbor1	chr6	98691650	98691898	SINE/MIR	530	-	124	98691774	75927
chr6	98615847	98815847	harbor1	chr6	98697920	98698132	SINE/MIR	454	-	106	98698026	82179
chr6	16321069	16521069	harbor1	chr6	16336050	16336219	SINE/MIR	483	-	84	16336134	15065
chr6	16321069	16521069	harbor1	chr6	16378288	16378520	SINE/MIR	521	-	116	16378404	57335
chr6	16321069	16521069	harbor1	chr6	16397889	16398049	SINE/MIR	440	-	80	16397969	76900
chr6	136687181	136887181	harbor1	chr6	136727271	136727467	SINE/MIR	637	-	98	136727369	40188
chr6	136687181	136887181	harbor1	chr6	136765830	136765948	SINE/MIR	453	-	59	136765889	78708
chr6	30139090	30339090	harbor1	chr6	30153580	30153709	SINE/MIR	456	-	64	30153644	14554
chr6	30139090	30339090	harbor1	chr6	30158879	30159068	SINE/MIR	523	-	94	30158973	19883
chr6	123912068	124112068	harbor1	chr6	123914554	123914717	SINE/MIR	470	-	82	123914636	2568
chr6	60574882	60774882	harbor1	chr6	60668816	60668984	SINE/MIR	590	-	84	60668900	94018
chr6	125713762	125913762	harbor1	chr6	125736597	125736812	SINE/MIR	646	-	108	125736705	22943
chr6	125713762	125913762	harbor1	chr6	125787872	125788052	SINE/MIR	432	-	90	125787962	74200
chr6	125713762	125913762	harbor1	chr6	125805937	125806059	SINE/MIR	553	-	61	125805998	92236
chr6	125713762	125913762	harbor1	chr6	125806362	125806376	SINE/MIR	496	-	7	125806369	92607
chr6	40584416	40784416	harbor1	chr6	40591973	40592195	SINE/MIR	586	-	111	40592084	7668
chr6	40584416	40784416	harbor1	chr6	40592745	40592947	SINE/MIR	707	-	101	40592846	8430
chr6	40584416	40784416	harbor1	chr6	40629578	40629732	SINE/MIR	796	-	77	40629655	45239
chr6	40584416	40784416	harbor1	chr6	40633948	40634104	SINE/MIR	452	-	78	40634026	49610
chr6	40584416	40784416	harbor1	chr6	40643573	40643800	SINE/MIR	813	-	114	40643687	59271
chr6	40584416	40784416	harbor1	chr6	40663304	40663469	SINE/MIR	561	-	82	40663386	78970
chr6	40584416	40784416	harbor1	chr6	40677441	40677594	SINE/MIR	486	-	76	40677517	93101
chr6	40584416	40784416	harbor1	chr6	40684326	40684502	SINE/MIR	474	-	88	40684414	99998
chr6	62971758	63171758	harbor1	chr6	63065474	63065722	SINE/MIR	472	-	124	63065598	93840
chr6	80717104	80917104	harbor1	chr6	80719561	80719746	SINE/MIR	476	-	92	80719653	2549
chr6	80717104	80917104	harbor1	chr6	80767440	80767662	SINE/MIR	531	-	111	80767551	50447
chr6	80717104	80917104	harbor1	chr6	80771803	80772020	SINE/MIR	522	-	108	80771911	54807
chr6	64382615	64582615	harbor1	chr6	64417192	64417428	SINE/MIR	461	-	118	64417310	34695
chr6	82061012	82261012	harbor1	chr6	82064751	82064864	SINE/MIR	421	-	56	82064807	3795
chr6	82061012	82261012	harbor1	chr6	82084044	82084181	SINE/MIR	581	-	68	82084112	23100
chr6	82061012	82261012	harbor1	chr6	82115687	82115918	SINE/MIR	434	-	116	82115803	54791
chr6	94591099	94791099	harbor1	chr6	94595263	94595395	SINE/MIR	432	-	66	94595329	4230
chr6	94591099	94791099	harbor1	chr6	94641574	94641788	SINE/MIR	449	-	107	94641681	50582
chr6	10559409	10759409	harbor1	chr6	10574018	10574180	SINE/MIR	442	-	81	10574099	14690
chr6	10559409	10759409	harbor1	chr6	10607773	10607951	SINE/MIR	533	-	89	10607862	48453
chr6	10559409	10759409	harbor1	chr6	10612607	10612769	SINE/MIR	443	-	81	10612688	53279
chr6	10559409	10759409	harbor1	chr6	10627896	10628032	SINE/MIR	489	-	68	10627964	68555
chr6	10559409	10759409	harbor1	chr6	10642919	10643096	SINE/MIR	432	-	88	10643007	83598
chr6	129617422	129817422	harbor1	chr6	129672886	129673056	SINE/MIR	439	-	85	129672971	55549
chr6	129617422	129817422	harbor1	chr6	129675028	129675219	SINE/MIR	454	-	96	129675124	57702
chr6	129617422	129817422	harbor1	chr6	129700667	129700896	SINE/MIR	776	-	114	129700781	83359
chr6	129617422	129817422	harbor1	chr6	129705730	129705939	SINE/MIR	433	-	104	129705834	88412
chr6	129617422	129817422	harbor1	chr6	129710856	129711127	SINE/MIR	584	-	136	129710992	93570
chr6	129617422	129817422	harbor1	chr6	129715026	129715229	SINE/MIR	460	-	102	129715128	97706
chr6	118119946	118319946	harbor1	chr6	118121333	118121530	SINE/MIR	589	-	98	118121431	1485
chr6	118119946	118319946	harbor1	chr6	118143733	118143948	SINE/MIR	583	-	108	118143841	23895
chr6	118119946	118319946	harbor1	chr6	118156998	118157224	SINE/MIR	432	-	113	118157111	37165
chr6	33030925	33230925	harbor1	chr6	33070185	33070395	SINE/MIR	678	-	105	33070290	39365
chr6	33030925	33230925	harbor1	chr6	33114687	33114886	SINE/MIR	504	-	100	33114787	83862
chr6	124262984	124462984	harbor1	chr6	124275859	124276073	SINE/MIR	453	-	107	124275966	12982
chr6	170682777	170882777	harbor1	chr6	170691313	170691543	SINE/MIR	676	-	115	170691428	8651
chr6	120486239	120686239	harbor1	chr6	120516848	120517072	SINE/MIR	528	-	112	120516960	30721
chr6	111841449	112041449	harbor1	chr6	111866139	111866335	SINE/MIR	774	-	98	111866237	24788
chr6	111841449	112041449	harbor1	chr6	111866642	111866663	SINE/MIR	774	-	10	111866652	25203
chr6	111841449	112041449	harbor1	chr6	111900276	111900479	SINE/MIR	598	-	102	111900378	58929
chr6	111841449	112041449	harbor1	chr6	111915498	111915740	SINE/MIR	928	-	121	111915619	74170
chr6	111841449	112041449	harbor1	chr6	111939619	111939803	SINE/MIR	696	-	92	111939711	98262
chr6	43641333	43841333	harbor1	chr6	43651128	43651288	SINE/MIR	437	-	80	43651208	9875
chr6	43641333	43841333	harbor1	chr6	43657327	43657528	SINE/MIR	637	-	100	43657427	16094
chr6	43641333	43841333	harbor1	chr6	43701969	43702148	SINE/MIR	516	-	90	43702059	60726
chr6	43641333	43841333	harbor1	chr6	43709554	43709765	SINE/MIR	668	-	106	43709660	68327
chr6	43641333	43841333	harbor1	chr6	43714320	43714506	SINE/MIR	595	-	93	43714413	73080
chr6	43641333	43841333	harbor1	chr6	43715439	43715612	SINE/MIR	512	-	86	43715525	74192
chr6	43641333	43841333	harbor1	chr6	43718973	43719217	SINE/MIR	755	-	122	43719095	77762
chr6	43641333	43841333	harbor1	chr6	43728323	43728522	SINE/MIR	702	-	100	43728423	87090
chr6	54744822	54944822	harbor1	chr6	54769360	54769454	SINE/MIR	422	-	47	54769407	24585
chr6	54744822	54944822	harbor1	chr6	54769766	54769812	SINE/MIR	422	-	23	54769789	24967
chr6	54744822	54944822	harbor1	chr6	54816949	54817148	SINE/MIR	644	-	100	54817049	72227
chr6	98437313	98637313	harbor1	chr6	98488003	98488211	SINE/MIR	561	-	104	98488107	50794
chr6	98437313	98637313	harbor1	chr6	98512673	98512856	SINE/MIR	505	-	92	98512765	75452
chr6	98437313	98637313	harbor1	chr6	98524225	98524459	SINE/MIR	708	-	117	98524342	87029
chr6	98437313	98637313	harbor1	chr6	98532878	98533038	SINE/MIR	581	-	80	98532958	95645
chr6	14268936	14468936	harbor1	chr6	14270670	14270905	SINE/MIR	636	-	118	14270788	1852
chr6	14268936	14468936	harbor1	chr6	14314621	14314809	SINE/MIR	501	-	94	14314715	45779
chr6	14268936	14468936	harbor1	chr6	14321588	14321647	SINE/MIR	516	-	30	14321618	52682
chr6	14268936	14468936	harbor1	chr6	14321689	14321862	SINE/MIR	516	-	86	14321775	52839
chr6	14268936	14468936	harbor1	chr6	14353253	14353490	SINE/MIR	540	-	118	14353371	84435
chr6	61765722	61965722	harbor1	chr6	61794156	61794362	SINE/MIR	503	-	103	61794259	28537
chr6	61765722	61965722	harbor1	chr6	61805896	61806043	SINE/MIR	446	-	74	61805970	40248
chr6	61765722	61965722	harbor1	chr6	61819954	61820098	SINE/MIR	427	-	72	61820026	54304
chr6	121930625	122130625	harbor1	chr6	122004755	122004966	SINE/MIR	604	-	106	122004861	74236
chr6	121930625	122130625	harbor1	chr6	122018399	122018522	SINE/MIR	438	-	62	122018461	87836
chr6	121930625	122130625	harbor1	chr6	122022973	122023130	SINE/MIR	657	-	78	122023051	92426
chr6	49667690	49867690	harbor1	chr6	49767316	49767523	SINE/MIR	486	-	104	49767420	99730
chr6	15922776	16122776	harbor1	chr6	15935606	15935833	SINE/MIR	692	-	114	15935720	12944
chr6	15922776	16122776	harbor1	chr6	15950785	15951038	SINE/MIR	1054	-	126	15950911	28135
chr6	15922776	16122776	harbor1	chr6	15955067	15955226	SINE/MIR	449	-	80	15955147	32371
chr6	115482519	115682519	harbor1	chr6	115540962	115541188	SINE/MIR	432	-	113	115541075	58556
chr6	115482519	115682519	harbor1	chr6	115576304	115576536	SINE/MIR	773	-	116	115576420	93901
chr6	149029854	149229854	harbor1	chr6	149030020	149030208	SINE/MIR	529	-	94	149030114	260
chr6	149029854	149229854	harbor1	chr6	149042038	149042170	SINE/MIR	429	-	66	149042104	12250
chr6	149029854	149229854	harbor1	chr6	149052335	149052576	SINE/MIR	613	-	120	149052455	22601
chr6	149029854	149229854	harbor1	chr6	149105431	149105587	SINE/MIR	424	-	78	149105509	75655
chr6	81009011	81209011	harbor1	chr6	81030204	81030442	SINE/MIR	532	-	119	81030323	21312
chr6	81009011	81209011	harbor1	chr6	81033067	81033246	SINE/MIR	492	-	90	81033157	24146
chr6	81009011	81209011	harbor1	chr6	81056133	81056342	SINE/MIR	589	-	104	81056237	47226
chr6	87397046	87597046	harbor1	chr6	87477989	87478176	SINE/MIR	489	-	94	87478083	81037
chr6	110621265	110821265	harbor1	chr6	110632354	110632453	SINE/MIR	510	-	50	110632404	11139
chr6	110621265	110821265	harbor1	chr6	110632731	110632832	SINE/MIR	510	-	50	110632781	11516
chr6	110621265	110821265	harbor1	chr6	110633678	110633887	SINE/MIR	668	-	104	110633782	12517
chr6	110621265	110821265	harbor1	chr6	110671557	110671673	SINE/MIR	439	-	58	110671615	50350
chr6	33066561	33266561	harbor1	chr6	33070185	33070395	SINE/MIR	678	-	105	33070290	3729
chr6	33066561	33266561	harbor1	chr6	33114687	33114886	SINE/MIR	504	-	100	33114787	48226
chr6	100328098	100528098	harbor1	chr6	100360751	100360940	SINE/MIR	670	-	94	100360845	32747
chr6	100328098	100528098	harbor1	chr6	100365840	100366042	SINE/MIR	634	-	101	100365941	37843
chr6	100328098	100528098	harbor1	chr6	100380122	100380354	SINE/MIR	513	-	116	100380238	52140
chr6	100328098	100528098	harbor1	chr6	100394155	100394346	SINE/MIR	652	-	96	100394251	66153
chr6	100328098	100528098	harbor1	chr6	100403759	100403982	SINE/MIR	427	-	112	100403871	75773
chr6	102495215	102695215	harbor1	chr6	102521974	102522118	SINE/MIR	483	-	72	102522046	26831
chr6	158218147	158418147	harbor1	chr6	158254568	158254788	SINE/MIR	469	-	110	158254678	36531
chr6	158218147	158418147	harbor1	chr6	158272562	158272756	SINE/MIR	594	-	97	158272659	54512
chr6	158218147	158418147	harbor1	chr6	158273785	158273963	SINE/MIR	770	-	89	158273874	55727
chr6	113826200	114026200	harbor1	chr6	113831517	113831618	SINE/MIR	599	-	50	113831567	5367
chr6	113826200	114026200	harbor1	chr6	113832189	113832334	SINE/MIR	599	-	72	113832261	6061
chr6	22345476	22545476	harbor1	chr6	22357092	22357315	SINE/MIR	458	-	112	22357204	11728
chr6	22345476	22545476	harbor1	chr6	22432138	22432337	SINE/MIR	482	-	100	22432238	86762
chr6	69606676	69806676	harbor1	chr6	69635383	69635550	SINE/MIR	474	-	84	69635467	28791
chr6	69606676	69806676	harbor1	chr6	69638690	69638906	SINE/MIR	490	-	108	69638798	32122
chr6	69606676	69806676	harbor1	chr6	69667774	69667917	SINE/MIR	543	-	72	69667846	61170
chr6	132544741	132744741	harbor1	chr6	132582527	132582750	SINE/MIR	752	-	112	132582639	37898
chr6	157784610	157984610	harbor1	chr6	157787984	157788174	SINE/MIR	631	-	95	157788079	3469
chr6	8421512	8621512	harbor1	chr6	8471648	8471869	SINE/MIR	428	-	110	8471758	50246
chr6	81108424	81308424	harbor1	chr6	81186806	81187003	SINE/MIR	461	-	98	81186904	78480
chr6	81108424	81308424	harbor1	chr6	81187470	81187694	SINE/MIR	519	-	112	81187582	79158
chr6	125553650	125753650	harbor1	chr6	125557090	125557254	SINE/MIR	529	-	82	125557172	3522
chr6	125553650	125753650	harbor1	chr6	125579490	125579708	SINE/MIR	541	-	109	125579599	25949
chr6	125553650	125753650	harbor1	chr6	125581204	125581449	SINE/MIR	894	-	122	125581326	27676
chr6	125553650	125753650	harbor1	chr6	125620113	125620323	SINE/MIR	437	-	105	125620218	66568
chr6	40313388	40513388	harbor1	chr6	40316702	40316772	SINE/MIR	437	-	35	40316737	3349
chr6	40313388	40513388	harbor1	chr6	40317072	40317232	SINE/MIR	437	-	80	40317152	3764
chr6	40313388	40513388	harbor1	chr6	40323404	40323620	SINE/MIR	722	-	108	40323512	10124
chr6	40313388	40513388	harbor1	chr6	40330836	40331083	SINE/MIR	784	-	124	40330960	17572
chr6	40313388	40513388	harbor1	chr6	40331290	40331492	SINE/MIR	453	-	101	40331391	18003
chr6	40313388	40513388	harbor1	chr6	40352594	40352811	SINE/MIR	576	-	108	40352702	39314
chr6	40313388	40513388	harbor1	chr6	40395146	40395342	SINE/MIR	520	-	98	40395244	81856
chr6	40313388	40513388	harbor1	chr6	40395649	40395836	SINE/MIR	469	-	94	40395743	82355
chr6	40313388	40513388	harbor1	chr6	40396093	40396353	SINE/MIR	892	-	130	40396223	82835
chr6	40313388	40513388	harbor1	chr6	40402155	40402378	SINE/MIR	733	-	112	40402267	88879
chr6	40313388	40513388	harbor1	chr6	40402483	40402836	SINE/MIR	852	-	176	40402659	89271
chr7	80221462	80421462	harbor1	chr7	80224190	80224381	SINE/MIR	608	-	96	80224286	2824
chr7	80221462	80421462	harbor1	chr7	80264184	80264345	SINE/MIR	529	-	80	80264264	42802
chr7	80221462	80421462	harbor1	chr7	80272325	80272536	SINE/MIR	646	-	106	80272431	50969
chr7	80221462	80421462	harbor1	chr7	80302720	80302940	SINE/MIR	618	-	110	80302830	81368
chr7	80221462	80421462	harbor1	chr7	80302995	80303214	SINE/MIR	803	-	110	80303105	81643
chr7	80221462	80421462	harbor1	chr7	80307321	80307455	SINE/MIR	487	-	67	80307388	85926
chr7	86714089	86914089	harbor1	chr7	86714398	86714591	SINE/MIR	441	-	96	86714494	405
chr7	86714089	86914089	harbor1	chr7	86732547	86732731	SINE/MIR	613	-	92	86732639	18550
chr7	86714089	86914089	harbor1	chr7	86735891	86736049	SINE/MIR	445	-	79	86735970	21881
chr7	86714089	86914089	harbor1	chr7	86738446	86738627	SINE/MIR	526	-	90	86738536	24447
chr7	86714089	86914089	harbor1	chr7	86742921	86743115	SINE/MIR	634	-	97	86743018	28929
chr7	86714089	86914089	harbor1	chr7	86776134	86776362	SINE/MIR	714	-	114	86776248	62159
chr7	86714089	86914089	harbor1	chr7	86803899	86804044	SINE/MIR	488	-	72	86803971	89882
chr7	133378143	133578143	harbor1	chr7	133397790	133398023	SINE/MIR	658	-	116	133397906	19763
chr7	133378143	133578143	harbor1	chr7	133431017	133431139	SINE/MIR	519	-	61	133431078	52935
chr7	133378143	133578143	harbor1	chr7	133463878	133464021	SINE/MIR	442	-	72	133463950	85807
chr7	133378143	133578143	harbor1	chr7	133464100	133464168	SINE/MIR	610	-	34	133464134	85991
chr7	133378143	133578143	harbor1	chr7	133464245	133464387	SINE/MIR	610	-	71	133464316	86173
chr7	133378143	133578143	harbor1	chr7	133476149	133476390	SINE/MIR	724	-	120	133476269	98126
chr7	56277253	56477253	harbor1	chr7	56305553	56305732	SINE/MIR	726	-	90	56305643	28390
chr7	122423496	122623496	harbor1	chr7	122454199	122454420	SINE/MIR	546	-	110	122454309	30813
chr7	122423496	122623496	harbor1	chr7	122466669	122466901	SINE/MIR	561	-	116	122466785	43289
chr7	43428129	43628129	harbor1	chr7	43519049	43519252	SINE/MIR	603	-	102	43519151	91022
chr7	43428129	43628129	harbor1	chr7	43519544	43519575	SINE/MIR	603	-	16	43519560	91431
chr7	51057207	51257207	harbor1	chr7	51101340	51101558	SINE/MIR	447	-	109	51101449	44242
chr7	51057207	51257207	harbor1	chr7	51144229	51144373	SINE/MIR	548	-	72	51144301	87094
chr7	55859347	56059347	harbor1	chr7	55862517	55862760	SINE/MIR	556	-	122	55862639	3292
chr7	55859347	56059347	harbor1	chr7	55895778	55895994	SINE/MIR	680	-	108	55895886	36539
chr7	14407201	14607201	harbor1	chr7	14424735	14424873	SINE/MIR	527	-	69	14424804	17603
chr7	14407201	14607201	harbor1	chr7	14448594	14448836	SINE/MIR	729	-	121	14448715	41514
chr7	14407201	14607201	harbor1	chr7	14453048	14453301	SINE/MIR	903	-	126	14453174	45973
chr7	14407201	14607201	harbor1	chr7	14465537	14465743	SINE/MIR	536	-	103	14465640	58439
chr7	82707805	82907805	harbor1	chr7	82756983	82757242	SINE/MIR	593	-	130	82757113	49308
chr7	139560079	139760079	harbor1	chr7	139602758	139602953	SINE/MIR	716	-	98	139602856	42777
chr7	139560079	139760079	harbor1	chr7	139629412	139629605	SINE/MIR	652	-	96	139629508	69429
chr7	53666169	53866169	harbor1	chr7	53674371	53674596	SINE/MIR	442	-	112	53674483	8314
chr7	53666169	53866169	harbor1	chr7	53723154	53723373	SINE/MIR	507	-	110	53723264	57095
chr7	82399330	82599330	harbor1	chr7	82414232	82414422	SINE/MIR	450	-	95	82414327	14997
chr7	82399330	82599330	harbor1	chr7	82465814	82466081	SINE/MIR	583	-	134	82465948	66618
chr7	27595592	27795592	harbor1	chr7	27637170	27637326	SINE/MIR	731	-	78	27637248	41656
chr7	27595592	27795592	harbor1	chr7	27643400	27643631	SINE/MIR	630	-	116	27643516	47924
chr7	27595592	27795592	harbor1	chr7	27648888	27649107	SINE/MIR	445	-	110	27648998	53406
chr7	27595592	27795592	harbor1	chr7	27676624	27676864	SINE/MIR	593	-	120	27676744	81152
chr7	27595592	27795592	harbor1	chr7	27686386	27686610	SINE/MIR	577	-	112	27686498	90906
chr7	85661732	85861732	harbor1	chr7	85696599	85696819	SINE/MIR	557	-	110	85696709	34977
chr7	85661732	85861732	harbor1	chr7	85719755	85719928	SINE/MIR	540	-	86	85719841	58109
chr7	29054835	29254835	harbor1	chr7	29060157	29060417	SINE/MIR	640	-	130	29060287	5452
chr7	29054835	29254835	harbor1	chr7	29107400	29107573	SINE/MIR	460	-	86	29107486	52651
chr7	29054835	29254835	harbor1	chr7	29108659	29108876	SINE/MIR	551	-	108	29108767	53932
chr7	29054835	29254835	harbor1	chr7	29113609	29113735	SINE/MIR	574	-	63	29113672	58837
chr7	29054835	29254835	harbor1	chr7	29119624	29119759	SINE/MIR	442	-	68	29119692	64857
chr7	29054835	29254835	harbor1	chr7	29127333	29127524	SINE/MIR	578	-	96	29127429	72594
chr7	29054835	29254835	harbor1	chr7	29145633	29145846	SINE/MIR	496	-	106	29145739	90904
chr7	29054835	29254835	harbor1	chr7	29114274	29114400	SINE/MIR	558	-	63	29114337	59502
chr7	129748223	129948223	harbor1	chr7	129759781	129760011	SINE/MIR	823	-	115	129759896	11673
chr7	129748223	129948223	harbor1	chr7	129790988	129791151	SINE/MIR	587	-	82	129791070	42847
chr7	86558972	86758972	harbor1	chr7	86642278	86642447	SINE/MIR	680	-	84	86642362	83390
chr7	86558972	86758972	harbor1	chr7	86650175	86650340	SINE/MIR	528	-	82	86650257	91285
chr7	113615979	113815979	harbor1	chr7	113629879	113630128	SINE/MIR	662	-	124	113630003	14024
chr7	113615979	113815979	harbor1	chr7	113639588	113639817	SINE/MIR	488	-	114	113639702	23723
chr7	113615979	113815979	harbor1	chr7	113697455	113697702	SINE/MIR	573	-	124	113697579	81600
chr7	113615979	113815979	harbor1	chr7	113709624	113709793	SINE/MIR	481	-	84	113709708	93729
chr7	105787914	105987914	harbor1	chr7	105804657	105804884	SINE/MIR	935	-	114	105804771	16857
chr7	105787914	105987914	harbor1	chr7	105809605	105809773	SINE/MIR	615	-	84	105809689	21775
chr7	105787914	105987914	harbor1	chr7	105810072	105810109	SINE/MIR	603	-	18	105810090	22176
chr7	105787914	105987914	harbor1	chr7	105822574	105822781	SINE/MIR	663	-	104	105822678	34764
chr7	105787914	105987914	harbor1	chr7	105828573	105828755	SINE/MIR	521	-	91	105828664	40750
chr7	35659459	35859459	harbor1	chr7	35659494	35659715	SINE/MIR	712	-	110	35659604	145
chr7	35659459	35859459	harbor1	chr7	35722548	35722644	SINE/MIR	988	-	48	35722596	63137
chr7	35659459	35859459	harbor1	chr7	35723038	35723184	SINE/MIR	988	-	73	35723111	63652
chr7	35659459	35859459	harbor1	chr7	35757010	35757074	SINE/MIR	720	-	32	35757042	97583
chr7	35659459	35859459	harbor1	chr7	35757373	35757522	SINE/MIR	720	-	74	35757447	97988
chr7	102140751	102340751	harbor1	chr7	102185228	102185389	SINE/MIR	523	-	80	102185308	44557
chr7	117914563	118114563	harbor1	chr7	118010299	118010391	SINE/MIR	526	-	46	118010345	95782
chr7	117914563	118114563	harbor1	chr7	118010786	118010946	SINE/MIR	526	-	80	118010866	96303
chr7	8868392	9068392	harbor1	chr7	8880649	8880856	SINE/MIR	460	-	104	8880753	12361
chr7	8868392	9068392	harbor1	chr7	8887031	8887231	SINE/MIR	511	-	100	8887131	18739
chr7	8868392	9068392	harbor1	chr7	8900955	8901127	SINE/MIR	502	-	86	8901041	32649
chr7	132222910	132422910	harbor1	chr7	132256907	132257132	SINE/MIR	591	-	112	132257019	34109
chr7	132222910	132422910	harbor1	chr7	132285088	132285302	SINE/MIR	753	-	107	132285195	62285
chr7	132222910	132422910	harbor1	chr7	132295816	132296050	SINE/MIR	483	-	117	132295933	73023
chr7	132222910	132422910	harbor1	chr7	132301352	132301600	SINE/MIR	603	-	124	132301476	78566
chr7	132222910	132422910	harbor1	chr7	132301783	132302012	SINE/MIR	543	-	114	132301897	78987
chr7	32922647	33122647	harbor1	chr7	32958260	32958475	SINE/MIR	518	-	108	32958368	35721
chr7	32922647	33122647	harbor1	chr7	32960859	32961066	SINE/MIR	589	-	104	32960963	38316
chr7	32922647	33122647	harbor1	chr7	32991879	32992077	SINE/MIR	442	-	99	32991978	69331
chr7	32922647	33122647	harbor1	chr7	32999539	32999733	SINE/MIR	516	-	97	32999636	76989
chr7	140789845	140989845	harbor1	chr7	140847642	140847871	SINE/MIR	449	-	114	140847756	57911
chr7	140789845	140989845	harbor1	chr7	140867143	140867243	SINE/MIR	470	-	50	140867193	77348
chr7	16966674	17166674	harbor1	chr7	17063730	17063952	SINE/MIR	537	-	111	17063841	97167
chr7	34633287	34833287	harbor1	chr7	34653838	34654000	SINE/MIR	458	-	81	34653919	20632
chr7	34633287	34833287	harbor1	chr7	34669756	34669873	SINE/MIR	473	-	58	34669814	36527
chr7	34633287	34833287	harbor1	chr7	34676198	34676419	SINE/MIR	607	-	110	34676308	43021
chr7	34633287	34833287	harbor1	chr7	34725317	34725557	SINE/MIR	447	-	120	34725437	92150
chr7	52809442	53009442	harbor1	chr7	52857265	52857400	SINE/MIR	495	-	68	52857333	47891
chr7	135577470	135777470	harbor1	chr7	135592061	135592224	SINE/MIR	609	-	82	135592143	14673
chr7	135577470	135777470	harbor1	chr7	135598675	135598896	SINE/MIR	663	-	110	135598785	21315
chr7	135577470	135777470	harbor1	chr7	135601902	135602128	SINE/MIR	635	-	113	135602015	24545
chr7	135577470	135777470	harbor1	chr7	135632210	135632453	SINE/MIR	721	-	122	135632332	54862
chr7	135577470	135777470	harbor1	chr7	135637112	135637344	SINE/MIR	501	-	116	135637228	59758
chr7	135577470	135777470	harbor1	chr7	135644067	135644260	SINE/MIR	471	-	96	135644163	66693
chr7	43593935	43793935	harbor1	chr7	43594649	43594782	SINE/MIR	696	-	66	43594715	780
chr7	43593935	43793935	harbor1	chr7	43594891	43595031	SINE/MIR	696	-	70	43594961	1026
chr7	43593935	43793935	harbor1	chr7	43646302	43646571	SINE/MIR	444	-	134	43646436	52501
chr7	43593935	43793935	harbor1	chr7	43649130	43649361	SINE/MIR	1167	-	116	43649246	55311
chr7	43593935	43793935	harbor1	chr7	43652352	43652570	SINE/MIR	524	-	109	43652461	58526
chr7	43593935	43793935	harbor1	chr7	43660470	43660661	SINE/MIR	675	-	96	43660566	66631
chr7	43593935	43793935	harbor1	chr7	43683685	43683823	SINE/MIR	611	-	69	43683754	89819
chr7	5082343	5282343	harbor1	chr7	5104622	5104836	SINE/MIR	662	-	107	5104729	22386
chr7	131671793	131871793	harbor1	chr7	131673668	131673929	SINE/MIR	697	-	130	131673798	2005
chr7	131671793	131871793	harbor1	chr7	131696068	131696241	SINE/MIR	618	-	86	131696154	24361
chr7	131671793	131871793	harbor1	chr7	131699822	131700040	SINE/MIR	485	-	109	131699931	28138
chr7	131671793	131871793	harbor1	chr7	131731319	131731502	SINE/MIR	452	-	92	131731411	59618
chr7	131671793	131871793	harbor1	chr7	131740703	131740948	SINE/MIR	602	-	122	131740825	69032
chr7	131671793	131871793	harbor1	chr7	131758521	131758662	SINE/MIR	482	-	70	131758591	86798
chr7	131671793	131871793	harbor1	chr7	131758689	131758923	SINE/MIR	460	-	117	131758806	87013
chr7	131671793	131871793	harbor1	chr7	131763771	131763962	SINE/MIR	597	-	96	131763867	92074
chr7	131671793	131871793	harbor1	chr7	131766797	131766957	SINE/MIR	612	-	80	131766877	95084
chr7	71259016	71459016	harbor1	chr7	71270050	71270236	SINE/MIR	643	-	93	71270143	11127
chr7	71259016	71459016	harbor1	chr7	71346391	71346632	SINE/MIR	573	-	120	71346511	87495
chr7	115010832	115210832	harbor1	chr7	115060174	115060380	SINE/MIR	874	-	103	115060277	49445
chr7	115010832	115210832	harbor1	chr7	115075013	115075253	SINE/MIR	993	-	120	115075133	64301
chr7	36832814	37032814	harbor1	chr7	36855846	36856053	SINE/MIR	509	-	104	36855950	23136
chr7	36832814	37032814	harbor1	chr7	36884361	36884604	SINE/MIR	612	-	122	36884483	51669
chr7	36832814	37032814	harbor1	chr7	36885895	36886070	SINE/MIR	475	-	88	36885983	53169
chr7	36832814	37032814	harbor1	chr7	36895838	36896038	SINE/MIR	546	-	100	36895938	63124
chr7	36832814	37032814	harbor1	chr7	36927038	36927247	SINE/MIR	551	-	104	36927142	94328
chr7	10094706	10294706	harbor1	chr7	10098133	10098276	SINE/MIR	564	-	72	10098205	3499
chr7	10094706	10294706	harbor1	chr7	10143315	10143538	SINE/MIR	534	-	112	10143427	48721
chr7	143314552	143514552	harbor1	chr7	143324598	143324805	SINE/MIR	563	-	104	143324702	10150
chr7	143314552	143514552	harbor1	chr7	143400156	143400385	SINE/MIR	723	-	114	143400270	85718
chr7	143314552	143514552	harbor1	chr7	143402652	143402831	SINE/MIR	570	-	90	143402742	88190
chr7	143314552	143514552	harbor1	chr7	143413313	143413545	SINE/MIR	787	-	116	143413429	98877
chr7	96347015	96547015	harbor1	chr7	96347917	96348027	SINE/MIR	612	-	55	96347972	957
chr7	96347015	96547015	harbor1	chr7	96348339	96348492	SINE/MIR	612	-	76	96348415	1400
chr7	96347015	96547015	harbor1	chr7	96353278	96353475	SINE/MIR	611	-	98	96353376	6361
chr7	96347015	96547015	harbor1	chr7	96425489	96425650	SINE/MIR	498	-	80	96425569	78554
chr7	96347015	96547015	harbor1	chr7	96435768	96435967	SINE/MIR	500	-	100	96435868	88853
chr7	152961614	153161614	harbor1	chr7	152985967	152986183	SINE/MIR	757	-	108	152986075	24461
chr7	152961614	153161614	harbor1	chr7	153011507	153011744	SINE/MIR	530	-	118	153011625	50011
chr7	152961614	153161614	harbor1	chr7	153052179	153052373	SINE/MIR	558	-	97	153052276	90662
chr7	152971739	153171739	harbor1	chr7	152985967	152986183	SINE/MIR	757	-	108	152986075	14336
chr7	152971739	153171739	harbor1	chr7	153011507	153011744	SINE/MIR	530	-	118	153011625	39886
chr7	152971739	153171739	harbor1	chr7	153052179	153052373	SINE/MIR	558	-	97	153052276	80537
chr7	152971739	153171739	harbor1	chr7	153071205	153071401	SINE/MIR	535	-	98	153071303	99564
chr7	17015978	17215978	harbor1	chr7	17063730	17063952	SINE/MIR	537	-	111	17063841	47863
chr7	128556838	128756838	harbor1	chr7	128642720	128642917	SINE/MIR	472	-	98	128642818	85980
chr7	143343613	143543613	harbor1	chr7	143400156	143400385	SINE/MIR	723	-	114	143400270	56657
chr7	143343613	143543613	harbor1	chr7	143402652	143402831	SINE/MIR	570	-	90	143402742	59129
chr7	143343613	143543613	harbor1	chr7	143413313	143413545	SINE/MIR	787	-	116	143413429	69816
chr7	14511279	14711279	harbor1	chr7	14605810	14605988	SINE/MIR	517	-	89	14605899	94620
chr7	28020837	28220837	harbor1	chr7	28046133	28046321	SINE/MIR	570	-	94	28046227	25390
chr7	28020837	28220837	harbor1	chr7	28109540	28109753	SINE/MIR	457	-	106	28109646	88809
chr7	28020837	28220837	harbor1	chr7	28113550	28113783	SINE/MIR	446	-	116	28113666	92829
chr7	10029424	10229424	harbor1	chr7	10098133	10098276	SINE/MIR	564	-	72	10098205	68781
chr7	154271835	154471835	harbor1	chr7	154280762	154280940	SINE/MIR	541	-	89	154280851	9016
chr7	143421541	143621541	harbor1	chr7	143504381	143504630	SINE/MIR	649	-	124	143504505	82964
chr7	143421541	143621541	harbor1	chr7	143514709	143514941	SINE/MIR	535	-	116	143514825	93284
chr7	69823521	70023521	harbor1	chr7	69838348	69838572	SINE/MIR	981	-	112	69838460	14939
chr7	69823521	70023521	harbor1	chr7	69846482	69846583	SINE/MIR	832	-	50	69846532	23011
chr7	69823521	70023521	harbor1	chr7	69846873	69847033	SINE/MIR	832	-	80	69846953	23432
chr7	69823521	70023521	harbor1	chr7	69854152	69854379	SINE/MIR	496	-	114	69854266	30745
chr7	69823521	70023521	harbor1	chr7	69879551	69879757	SINE/MIR	688	-	103	69879654	56133
chr7	69823521	70023521	harbor1	chr7	69900854	69901095	SINE/MIR	547	-	120	69900974	77453
chr7	55139865	55339865	harbor1	chr7	55198433	55198612	SINE/MIR	636	-	90	55198523	58658
chr7	136613422	136813422	harbor1	chr7	136620424	136620576	SINE/MIR	540	-	76	136620500	7078
chr7	136613422	136813422	harbor1	chr7	136703534	136703765	SINE/MIR	751	-	116	136703650	90228
chr7	91075634	91275634	harbor1	chr7	91143731	91143942	SINE/MIR	809	-	106	91143837	68203
chr7	91075634	91275634	harbor1	chr7	91164300	91164493	SINE/MIR	607	-	96	91164396	88762
chr7	78748616	78948616	harbor1	chr7	78779764	78779992	SINE/MIR	509	-	114	78779878	31262
chr7	16437792	16637792	harbor1	chr7	16449694	16449859	SINE/MIR	611	-	82	16449776	11984
chr7	16437792	16637792	harbor1	chr7	16454904	16455078	SINE/MIR	493	-	87	16454991	17199
chr7	16437792	16637792	harbor1	chr7	16524335	16524476	SINE/MIR	505	-	70	16524405	86613
chr7	71873048	72073048	harbor1	chr7	71950249	71950381	SINE/MIR	465	-	66	71950315	77267
chr7	71873048	72073048	harbor1	chr7	71963730	71963961	SINE/MIR	619	-	116	71963846	90798
chr7	12935701	13135701	harbor1	chr7	12981491	12981726	SINE/MIR	587	-	118	12981609	45908
chr7	12935701	13135701	harbor1	chr7	13012573	13012810	SINE/MIR	554	-	118	13012691	76990
chr7	2720338	2920338	harbor1	chr7	2759317	2759477	SINE/MIR	519	-	80	2759397	39059
chr7	2720338	2920338	harbor1	chr7	2805210	2805360	SINE/MIR	545	-	75	2805285	84947
chr7	2720338	2920338	harbor1	chr7	2816722	2816874	SINE/MIR	485	-	76	2816798	96460
chr7	131762901	131962901	harbor1	chr7	131763771	131763962	SINE/MIR	597	-	96	131763867	966
chr7	131762901	131962901	harbor1	chr7	131766797	131766957	SINE/MIR	612	-	80	131766877	3976
chr7	131762901	131962901	harbor1	chr7	131773456	131773708	SINE/MIR	919	-	126	131773582	10681
chr7	131762901	131962901	harbor1	chr7	131799619	131799811	SINE/MIR	475	-	96	131799715	36814
chr7	131762901	131962901	harbor1	chr7	131839586	131839643	SINE/MIR	895	-	28	131839614	76713
chr7	131762901	131962901	harbor1	chr7	131839934	131840078	SINE/MIR	895	-	72	131840006	77105
chr7	146302425	146502425	harbor1	chr7	146318898	146319086	SINE/MIR	566	-	94	146318992	16567
chr7	146302425	146502425	harbor1	chr7	146378447	146378671	SINE/MIR	563	-	112	146378559	76134
chr7	92337078	92537078	harbor1	chr7	92349682	92349886	SINE/MIR	727	-	102	92349784	12706
chr7	92337078	92537078	harbor1	chr7	92352781	92353014	SINE/MIR	776	-	116	92352897	15819
chr7	43240795	43440795	harbor1	chr7	43260879	43261096	SINE/MIR	618	-	108	43260987	20192
chr7	43240795	43440795	harbor1	chr7	43262319	43262552	SINE/MIR	479	-	116	43262435	21640
chr7	43240795	43440795	harbor1	chr7	43332765	43333021	SINE/MIR	719	-	128	43332893	92098
chr7	117642717	117842717	harbor1	chr7	117661710	117661940	SINE/MIR	569	-	115	117661825	19108
chr7	117642717	117842717	harbor1	chr7	117712312	117712490	SINE/MIR	470	-	89	117712401	69684
chr7	117642717	117842717	harbor1	chr7	117728449	117728599	SINE/MIR	588	-	75	117728524	85807
chr7	90649409	90849409	harbor1	chr7	90652668	90652873	SINE/MIR	591	-	102	90652770	3361
chr7	13570164	13770164	harbor1	chr7	13624110	13624349	SINE/MIR	550	-	120	13624230	54066
chr7	3885459	4085459	harbor1	chr7	3927349	3927583	SINE/MIR	456	-	117	3927466	42007
chr7	3885459	4085459	harbor1	chr7	3928694	3928896	SINE/MIR	573	-	101	3928795	43336
chr7	3291708	3491708	harbor1	chr7	3305826	3306015	SINE/MIR	521	-	94	3305920	14212
chr7	3291708	3491708	harbor1	chr7	3382272	3382384	SINE/MIR	495	-	56	3382328	90620
chr7	3291708	3491708	harbor1	chr7	3387801	3388018	SINE/MIR	813	-	108	3387909	96201
chr7	141375456	141575456	harbor1	chr7	141387241	141387365	SINE/MIR	472	-	62	141387303	11847
chr7	141375456	141575456	harbor1	chr7	141417770	141417991	SINE/MIR	677	-	110	141417880	42424
chr7	141375456	141575456	harbor1	chr7	141430376	141430590	SINE/MIR	609	-	107	141430483	55027
chr7	76088133	76288133	harbor1	chr7	76107329	76107536	SINE/MIR	826	-	104	76107433	19300
chr7	76088133	76288133	harbor1	chr7	76127073	76127285	SINE/MIR	639	-	106	76127179	39046
chr7	24460441	24660441	harbor1	chr7	24475961	24476204	SINE/MIR	535	-	122	24476083	15642
chr7	24460441	24660441	harbor1	chr7	24501884	24502068	SINE/MIR	714	-	92	24501976	41535
chr7	24460441	24660441	harbor1	chr7	24505648	24505826	SINE/MIR	523	-	89	24505737	45296
chr7	24460441	24660441	harbor1	chr7	24512101	24512270	SINE/MIR	540	-	84	24512185	51744
chr7	141073819	141273819	harbor1	chr7	141079751	141079942	SINE/MIR	553	-	96	141079847	6028
chr7	141073819	141273819	harbor1	chr7	141146007	141146194	SINE/MIR	786	-	94	141146101	72282
chr7	141073819	141273819	harbor1	chr7	141151240	141151487	SINE/MIR	695	-	124	141151364	77545
chr7	141073819	141273819	harbor1	chr7	141152846	141153053	SINE/MIR	598	-	104	141152950	79131
chr7	141073819	141273819	harbor1	chr7	141171314	141171508	SINE/MIR	675	-	97	141171411	97592
chr7	141073819	141273819	harbor1	chr7	141171975	141172159	SINE/MIR	618	-	92	141172067	98248
chr7	57225578	57425578	harbor1	chr7	57248109	57248304	SINE/MIR	507	-	98	57248207	22629
chr7	57225578	57425578	harbor1	chr7	57308495	57308643	SINE/MIR	568	-	74	57308569	82991
chr7	57225578	57425578	harbor1	chr7	57309363	57309520	SINE/MIR	688	-	78	57309441	83863
chr7	57225578	57425578	harbor1	chr7	57312130	57312330	SINE/MIR	749	-	100	57312230	86652
chr7	57225578	57425578	harbor1	chr7	57315665	57315777	SINE/MIR	687	-	56	57315721	90143
chr7	131386550	131586550	harbor1	chr7	131397488	131397725	SINE/MIR	835	-	118	131397606	11056
chr7	131386550	131586550	harbor1	chr7	131407977	131408213	SINE/MIR	510	-	118	131408095	21545
chr7	131386550	131586550	harbor1	chr7	131425033	131425222	SINE/MIR	524	-	94	131425127	38577
chr7	131386550	131586550	harbor1	chr7	131482785	131483028	SINE/MIR	1073	-	122	131482907	96357
chr7	137108135	137308135	harbor1	chr7	137147165	137147412	SINE/MIR	452	-	124	137147289	39154
chr7	137108135	137308135	harbor1	chr7	137167214	137167368	SINE/MIR	441	-	77	137167291	59156
chr7	29128320	29328320	harbor1	chr7	29145633	29145846	SINE/MIR	496	-	106	29145739	17419
chr7	29128320	29328320	harbor1	chr7	29155380	29155625	SINE/MIR	582	-	122	29155502	27182
chr7	29128320	29328320	harbor1	chr7	29187883	29188014	SINE/MIR	457	-	66	29187949	59629
chr7	29128320	29328320	harbor1	chr7	29188214	29188389	SINE/MIR	562	-	88	29188302	59982
chr7	29128320	29328320	harbor1	chr7	29192621	29192817	SINE/MIR	582	-	98	29192719	64399
chr7	107869765	108069765	harbor1	chr7	107900359	107900555	SINE/MIR	529	-	98	107900457	30692
chr7	107869765	108069765	harbor1	chr7	107901213	107901409	SINE/MIR	490	-	98	107901311	31546
chr7	107869765	108069765	harbor1	chr7	107940544	107940791	SINE/MIR	723	-	124	107940668	70903
chr7	131725459	131925459	harbor1	chr7	131731319	131731502	SINE/MIR	452	-	92	131731411	5952
chr7	131725459	131925459	harbor1	chr7	131740703	131740948	SINE/MIR	602	-	122	131740825	15366
chr7	131725459	131925459	harbor1	chr7	131758521	131758662	SINE/MIR	482	-	70	131758591	33132
chr7	131725459	131925459	harbor1	chr7	131758689	131758923	SINE/MIR	460	-	117	131758806	33347
chr7	131725459	131925459	harbor1	chr7	131763771	131763962	SINE/MIR	597	-	96	131763867	38408
chr7	131725459	131925459	harbor1	chr7	131766797	131766957	SINE/MIR	612	-	80	131766877	41418
chr7	131725459	131925459	harbor1	chr7	131773456	131773708	SINE/MIR	919	-	126	131773582	48123
chr7	131725459	131925459	harbor1	chr7	131799619	131799811	SINE/MIR	475	-	96	131799715	74256
chr7	77443171	77643171	harbor1	chr7	77459512	77459720	SINE/MIR	684	-	104	77459616	16445
chr7	97007562	97207562	harbor1	chr7	97097973	97098015	SINE/MIR	442	-	21	97097994	90432
chr7	97007562	97207562	harbor1	chr7	97098343	97098387	SINE/MIR	442	-	22	97098365	90803
chr7	97007562	97207562	harbor1	chr7	97098696	97098811	SINE/MIR	442	-	58	97098754	91192
chr7	110741582	110941582	harbor1	chr7	110761587	110761842	SINE/MIR	554	-	128	110761715	20133
chr7	110741582	110941582	harbor1	chr7	110771745	110771946	SINE/MIR	665	-	100	110771845	30263
chr7	110741582	110941582	harbor1	chr7	110821129	110821300	SINE/MIR	585	-	86	110821215	79633
chr7	77949647	78149647	harbor1	chr7	78026903	78027062	SINE/MIR	546	-	80	78026983	77336
chr7	77949647	78149647	harbor1	chr7	78028470	78028572	SINE/MIR	560	-	51	78028521	78874
chr7	77949647	78149647	harbor1	chr7	78028873	78029024	SINE/MIR	560	-	76	78028949	79302
chr7	77949647	78149647	harbor1	chr7	78036433	78036601	SINE/MIR	472	-	84	78036517	86870
chr7	47433673	47633673	harbor1	chr7	47476112	47476323	SINE/MIR	454	-	106	47476218	42545
chr7	100463473	100663473	harbor1	chr7	100505275	100505312	SINE/MIR	512	-	18	100505293	41820
chr7	100463473	100663473	harbor1	chr7	100505390	100505489	SINE/MIR	512	-	50	100505440	41967
chr7	96292171	96492171	harbor1	chr7	96306007	96306207	SINE/MIR	802	-	100	96306107	13936
chr7	96292171	96492171	harbor1	chr7	96335563	96335644	SINE/MIR	670	-	40	96335603	43432
chr7	96292171	96492171	harbor1	chr7	96335946	96336141	SINE/MIR	670	-	98	96336044	43873
chr7	96292171	96492171	harbor1	chr7	96347917	96348027	SINE/MIR	612	-	55	96347972	55801
chr7	96292171	96492171	harbor1	chr7	96348339	96348492	SINE/MIR	612	-	76	96348415	56244
chr7	96292171	96492171	harbor1	chr7	96353278	96353475	SINE/MIR	611	-	98	96353376	61205
chr7	96292171	96492171	harbor1	chr7	96305015	96305245	SINE/MIR	472	-	115	96305130	12959
chr7	448014	648014	harbor1	chr7	453558	453770	SINE/MIR	616	-	106	453664	5650
chr7	448014	648014	harbor1	chr7	542334	542479	SINE/MIR	455	-	72	542406	94392
chr7	24450005	24650005	harbor1	chr7	24475961	24476204	SINE/MIR	535	-	122	24476083	26078
chr7	24450005	24650005	harbor1	chr7	24501884	24502068	SINE/MIR	714	-	92	24501976	51971
chr7	24450005	24650005	harbor1	chr7	24505648	24505826	SINE/MIR	523	-	89	24505737	55732
chr7	24450005	24650005	harbor1	chr7	24512101	24512270	SINE/MIR	540	-	84	24512185	62180
chr7	154685715	154885715	harbor1	chr7	154756385	154756641	SINE/MIR	670	-	128	154756513	70798
chr7	48058805	48258805	harbor1	chr7	48080740	48080965	SINE/MIR	571	-	112	48080852	22047
chr7	96132442	96332442	harbor1	chr7	96139057	96139226	SINE/MIR	490	-	84	96139141	6699
chr7	96132442	96332442	harbor1	chr7	96173262	96173462	SINE/MIR	541	-	100	96173362	40920
chr7	96132442	96332442	harbor1	chr7	96196906	96197103	SINE/MIR	551	-	98	96197004	64562
chr7	96132442	96332442	harbor1	chr7	96198452	96198695	SINE/MIR	858	-	122	96198574	66132
chr7	96132442	96332442	harbor1	chr7	96199043	96199246	SINE/MIR	461	-	102	96199145	66703
chr7	131533257	131733257	harbor1	chr7	131553490	131553701	SINE/MIR	478	-	106	131553596	20339
chr7	131533257	131733257	harbor1	chr7	131557308	131557439	SINE/MIR	529	-	66	131557374	24117
chr7	131533257	131733257	harbor1	chr7	131567477	131567681	SINE/MIR	743	-	102	131567579	34322
chr7	131533257	131733257	harbor1	chr7	131571211	131571350	SINE/MIR	604	-	70	131571281	38024
chr7	131533257	131733257	harbor1	chr7	131571714	131571794	SINE/MIR	604	-	40	131571754	38497
chr7	131533257	131733257	harbor1	chr7	131591328	131591539	SINE/MIR	991	-	106	131591434	58177
chr7	131533257	131733257	harbor1	chr7	131632406	131632542	SINE/MIR	613	-	68	131632474	99217
chr7	113236368	113436368	harbor1	chr7	113318884	113319134	SINE/MIR	454	-	125	113319009	82641
chr7	138885883	139085883	harbor1	chr7	138942053	138942212	SINE/MIR	575	-	80	138942133	56250
chr7	561737	761737	harbor1	chr7	619382	619597	SINE/MIR	865	-	108	619490	57753
chr7	114981682	115181682	harbor1	chr7	114983870	114984097	SINE/MIR	681	-	114	114983984	2302
chr7	114981682	115181682	harbor1	chr7	115060174	115060380	SINE/MIR	874	-	103	115060277	78595
chr7	114981682	115181682	harbor1	chr7	115075013	115075253	SINE/MIR	993	-	120	115075133	93451
chr7	141415075	141615075	harbor1	chr7	141417770	141417991	SINE/MIR	677	-	110	141417880	2805
chr7	141415075	141615075	harbor1	chr7	141430376	141430590	SINE/MIR	609	-	107	141430483	15408
chr7	141415075	141615075	harbor1	chr7	141490784	141491015	SINE/MIR	676	-	116	141490900	75825
chr7	11257789	11457789	harbor1	chr7	11356711	11356876	SINE/MIR	482	-	82	11356793	99004
chr7	31049012	31249012	harbor1	chr7	31051595	31051784	SINE/MIR	499	-	94	31051689	2677
chr7	31049012	31249012	harbor1	chr7	31059162	31059343	SINE/MIR	538	-	90	31059252	10240
chr7	31049012	31249012	harbor1	chr7	31067442	31067622	SINE/MIR	476	-	90	31067532	18520
chr7	31049012	31249012	harbor1	chr7	31068246	31068434	SINE/MIR	462	-	94	31068340	19328
chr7	31049012	31249012	harbor1	chr7	31100612	31100792	SINE/MIR	684	-	90	31100702	51690
chr7	31049012	31249012	harbor1	chr7	31136963	31137035	SINE/MIR	510	-	36	31136999	87987
chr7	31049012	31249012	harbor1	chr7	31137578	31137766	SINE/MIR	510	-	94	31137672	88660
chr7	45157333	45357333	harbor1	chr7	45181052	45181279	SINE/MIR	640	-	114	45181166	23833
chr7	13933401	14133401	harbor1	chr7	13962214	13962398	SINE/MIR	630	-	92	13962306	28905
chr7	13933401	14133401	harbor1	chr7	14013376	14013614	SINE/MIR	516	-	119	14013495	80094
chr7	79022695	79222695	harbor1	chr7	79046570	79046723	SINE/MIR	472	-	76	79046646	23951
chr7	79022695	79222695	harbor1	chr7	79097091	79097258	SINE/MIR	653	-	84	79097175	74480
chr7	121938527	122138527	harbor1	chr7	121948712	121948905	SINE/MIR	468	-	96	121948808	10281
chr7	121938527	122138527	harbor1	chr7	121986140	121986369	SINE/MIR	647	-	114	121986254	47727
chr8	137967819	138167819	harbor1	chr8	137971241	137971383	SINE/MIR	403	-	71	137971312	3493
chr8	137967819	138167819	harbor1	chr8	138027268	138027469	SINE/MIR	658	-	100	138027368	59549
chr8	16027209	16227209	harbor1	chr8	16049942	16050089	SINE/MIR	405	-	74	16050016	22807
chr8	16027209	16227209	harbor1	chr8	16077976	16078167	SINE/MIR	461	-	96	16078072	50863
chr8	16027209	16227209	harbor1	chr8	16094596	16094785	SINE/MIR	395	-	94	16094690	67481
chr8	16027209	16227209	harbor1	chr8	16111707	16111871	SINE/MIR	399	-	82	16111789	84580
chr8	16027209	16227209	harbor1	chr8	16112221	16112384	SINE/MIR	499	-	82	16112303	85094
chr8	85385352	85585352	harbor1	chr8	85392075	85392245	SINE/MIR	549	-	85	85392160	6808
chr8	85385352	85585352	harbor1	chr8	85411676	85411862	SINE/MIR	586	-	93	85411769	26417
chr8	85385352	85585352	harbor1	chr8	85435357	85435503	SINE/MIR	419	-	73	85435430	50078
chr8	85385352	85585352	harbor1	chr8	85441511	85441755	SINE/MIR	869	-	122	85441633	56281
chr8	85385352	85585352	harbor1	chr8	85442811	85442991	SINE/MIR	580	-	90	85442901	57549
chr8	85385352	85585352	harbor1	chr8	85458616	85458747	SINE/MIR	489	-	66	85458682	73330
chr8	85385352	85585352	harbor1	chr8	85459927	85460155	SINE/MIR	764	-	114	85460041	74689
chr8	85385352	85585352	harbor1	chr8	85464993	85465209	SINE/MIR	611	-	108	85465101	79749
chr8	118770668	118970668	harbor1	chr8	118781477	118781716	SINE/MIR	616	-	120	118781597	10929
chr8	118770668	118970668	harbor1	chr8	118783171	118783354	SINE/MIR	503	-	92	118783263	12595
chr8	118770668	118970668	harbor1	chr8	118787683	118787921	SINE/MIR	629	-	119	118787802	17134
chr8	118770668	118970668	harbor1	chr8	118836746	118836902	SINE/MIR	412	-	78	118836824	66156
chr8	118770668	118970668	harbor1	chr8	118848865	118849017	SINE/MIR	424	-	76	118848941	78273
chr8	118770668	118970668	harbor1	chr8	118860235	118860472	SINE/MIR	658	-	118	118860353	89685
chr8	23198604	23398604	harbor1	chr8	23247602	23247806	SINE/MIR	615	-	102	23247704	49100
chr8	61597659	61797659	harbor1	chr8	61605334	61605560	SINE/MIR	468	-	113	61605447	7788
chr8	61597659	61797659	harbor1	chr8	61618561	61618813	SINE/MIR	694	-	126	61618687	21028
chr8	61597659	61797659	harbor1	chr8	61621560	61621718	SINE/MIR	558	-	79	61621639	23980
chr8	81524994	81724994	harbor1	chr8	81525797	81526038	SINE/MIR	578	-	120	81525917	923
chr8	81524994	81724994	harbor1	chr8	81554335	81554491	SINE/MIR	485	-	78	81554413	29419
chr8	81524994	81724994	harbor1	chr8	81560684	81560856	SINE/MIR	470	-	86	81560770	35776
chr8	81524994	81724994	harbor1	chr8	81623763	81623961	SINE/MIR	470	-	99	81623862	98868
chr8	21177035	21377035	harbor1	chr8	21193835	21194042	SINE/MIR	418	-	104	21193939	16904
chr8	21177035	21377035	harbor1	chr8	21196046	21196262	SINE/MIR	586	-	108	21196154	19119
chr8	21177035	21377035	harbor1	chr8	21198081	21198236	SINE/MIR	442	-	78	21198159	21124
chr8	21177035	21377035	harbor1	chr8	21210631	21210838	SINE/MIR	527	-	104	21210735	33700
chr8	21177035	21377035	harbor1	chr8	21229766	21229923	SINE/MIR	425	-	78	21229844	52809
chr8	21177035	21377035	harbor1	chr8	21231545	21231704	SINE/MIR	497	-	80	21231625	54590
chr8	128040241	128240241	harbor1	chr8	128046226	128046452	SINE/MIR	700	-	113	128046339	6098
chr8	128040241	128240241	harbor1	chr8	128052729	128052979	SINE/MIR	769	-	125	128052854	12613
chr8	128040241	128240241	harbor1	chr8	128059324	128059358	SINE/MIR	515	-	17	128059341	19100
chr8	128040241	128240241	harbor1	chr8	128059704	128059868	SINE/MIR	515	-	82	128059786	19545
chr8	128040241	128240241	harbor1	chr8	128064973	128065112	SINE/MIR	440	-	70	128065043	24802
chr8	128040241	128240241	harbor1	chr8	128072039	128072202	SINE/MIR	463	-	82	128072121	31880
chr8	128040241	128240241	harbor1	chr8	128082117	128082330	SINE/MIR	553	-	106	128082223	41982
chr8	128040241	128240241	harbor1	chr8	128087056	128087222	SINE/MIR	438	-	83	128087139	46898
chr8	128040241	128240241	harbor1	chr8	128097621	128097799	SINE/MIR	653	-	89	128097710	57469
chr8	128040241	128240241	harbor1	chr8	128104090	128104335	SINE/MIR	757	-	122	128104212	63971
chr8	128040241	128240241	harbor1	chr8	128108873	128109027	SINE/MIR	458	-	77	128108950	68709
chr8	128040241	128240241	harbor1	chr8	128109665	128109882	SINE/MIR	596	-	108	128109773	69532
chr8	128040241	128240241	harbor1	chr8	128110864	128111027	SINE/MIR	510	-	82	128110946	70705
chr8	128040241	128240241	harbor1	chr8	128116931	128117088	SINE/MIR	416	-	78	128117009	76768
chr8	128040241	128240241	harbor1	chr8	128124973	128125158	SINE/MIR	470	-	92	128125065	84824
chr8	128040241	128240241	harbor1	chr8	128127189	128127332	SINE/MIR	453	-	72	128127261	87020
chr8	58390169	58590169	harbor1	chr8	58415609	58415776	SINE/MIR	509	-	84	58415693	25524
chr8	58390169	58590169	harbor1	chr8	58439973	58440199	SINE/MIR	787	-	113	58440086	49917
chr8	58390169	58590169	harbor1	chr8	58444273	58444489	SINE/MIR	479	-	108	58444381	54212
chr8	58390169	58590169	harbor1	chr8	58445441	58445606	SINE/MIR	411	-	82	58445523	55354
chr8	54940266	55140266	harbor1	chr8	54945480	54945702	SINE/MIR	526	-	111	54945591	5325
chr8	54940266	55140266	harbor1	chr8	54998568	54998776	SINE/MIR	418	-	104	54998672	58406
chr8	54940266	55140266	harbor1	chr8	55026739	55026981	SINE/MIR	455	-	121	55026860	86594
chr8	142056466	142256466	harbor1	chr8	142099115	142099232	SINE/MIR	413	-	58	142099173	42707
chr8	81327795	81527795	harbor1	chr8	81336854	81337060	SINE/MIR	440	-	103	81336957	9162
chr8	81327795	81527795	harbor1	chr8	81343683	81343871	SINE/MIR	479	-	94	81343777	15982
chr8	81327795	81527795	harbor1	chr8	81357505	81357729	SINE/MIR	613	-	112	81357617	29822
chr8	81327795	81527795	harbor1	chr8	81365352	81365467	SINE/MIR	442	-	58	81365410	37615
chr8	81327795	81527795	harbor1	chr8	81423639	81423879	SINE/MIR	698	-	120	81423759	95964
chr8	81327795	81527795	harbor1	chr8	81426711	81426857	SINE/MIR	568	-	73	81426784	98989
chr8	98789680	98989680	harbor1	chr8	98803936	98804000	SINE/MIR	404	-	32	98803968	14288
chr8	98789680	98989680	harbor1	chr8	98804302	98804443	SINE/MIR	404	-	70	98804372	14692
chr8	98789680	98989680	harbor1	chr8	98813129	98813312	SINE/MIR	591	-	92	98813221	23541
chr8	98789680	98989680	harbor1	chr8	98829539	98829706	SINE/MIR	574	-	84	98829623	39943
chr8	103204177	103404177	harbor1	chr8	103215184	103215321	SINE/MIR	399	-	68	103215252	11075
chr8	103204177	103404177	harbor1	chr8	103226784	103226988	SINE/MIR	737	-	102	103226886	22709
chr8	103204177	103404177	harbor1	chr8	103237563	103237685	SINE/MIR	734	-	61	103237624	33447
chr8	103204177	103404177	harbor1	chr8	103238000	103238081	SINE/MIR	734	-	40	103238040	33863
chr8	103204177	103404177	harbor1	chr8	103244090	103244272	SINE/MIR	474	-	91	103244181	40004
chr8	103204177	103404177	harbor1	chr8	103251263	103251389	SINE/MIR	524	-	63	103251326	47149
chr8	103204177	103404177	harbor1	chr8	103257936	103258171	SINE/MIR	664	-	118	103258054	53877
chr8	103204177	103404177	harbor1	chr8	103258804	103258941	SINE/MIR	538	-	68	103258872	54695
chr8	103204177	103404177	harbor1	chr8	103280043	103280251	SINE/MIR	613	-	104	103280147	75970
chr8	103204177	103404177	harbor1	chr8	103280837	103281051	SINE/MIR	783	-	107	103280944	76767
chr8	103204177	103404177	harbor1	chr8	103282115	103282358	SINE/MIR	759	-	122	103282237	78060
chr8	103204177	103404177	harbor1	chr8	103297188	103297312	SINE/MIR	580	-	62	103297250	93073
chr8	100269421	100469421	harbor1	chr8	100273709	100273794	SINE/MIR	411	-	42	100273751	4330
chr8	100269421	100469421	harbor1	chr8	100274085	100274208	SINE/MIR	411	-	62	100274147	4726
chr8	100269421	100469421	harbor1	chr8	100314271	100314477	SINE/MIR	773	-	103	100314374	44953
chr8	100269421	100469421	harbor1	chr8	100335222	100335414	SINE/MIR	541	-	96	100335318	65897
chr8	100269421	100469421	harbor1	chr8	100349619	100349793	SINE/MIR	546	-	87	100349706	80285
chr8	100269421	100469421	harbor1	chr8	100354470	100354620	SINE/MIR	787	-	75	100354545	85124
chr8	100269421	100469421	harbor1	chr8	100360465	100360661	SINE/MIR	495	-	98	100360563	91142
chr8	62940653	63140653	harbor1	chr8	62947402	62947487	SINE/MIR	511	-	42	62947444	6791
chr8	62940653	63140653	harbor1	chr8	62948026	62948130	SINE/MIR	511	-	52	62948078	7425
chr8	62940653	63140653	harbor1	chr8	62954721	62954874	SINE/MIR	683	-	76	62954797	14144
chr8	62940653	63140653	harbor1	chr8	63025748	63025892	SINE/MIR	406	-	72	63025820	85167
chr8	50117492	50317492	harbor1	chr8	50118382	50118574	SINE/MIR	516	-	96	50118478	986
chr8	50117492	50317492	harbor1	chr8	50200087	50200331	SINE/MIR	719	-	122	50200209	82717
chr8	73742143	73942143	harbor1	chr8	73768380	73768608	SINE/MIR	573	-	114	73768494	26351
chr8	37467762	37667762	harbor1	chr8	37471387	37471529	SINE/MIR	462	-	71	37471458	3696
chr8	37467762	37667762	harbor1	chr8	37486600	37486829	SINE/MIR	589	-	114	37486714	18952
chr8	37467762	37667762	harbor1	chr8	37500173	37500309	SINE/MIR	491	-	68	37500241	32479
chr8	37467762	37667762	harbor1	chr8	37505682	37505768	SINE/MIR	397	-	43	37505725	37963
chr8	37467762	37667762	harbor1	chr8	37543802	37544022	SINE/MIR	703	-	110	37543912	76150
chr8	37467762	37667762	harbor1	chr8	37548656	37548877	SINE/MIR	499	-	110	37548766	81004
chr8	37467762	37667762	harbor1	chr8	37562690	37562894	SINE/MIR	403	-	102	37562792	95030
chr8	11579269	11779269	harbor1	chr8	11596118	11596259	SINE/MIR	546	-	70	11596188	16919
chr8	11579269	11779269	harbor1	chr8	11596413	11596685	SINE/MIR	991	-	136	11596549	17280
chr8	11579269	11779269	harbor1	chr8	11616772	11616949	SINE/MIR	517	-	88	11616860	37591
chr8	11579269	11779269	harbor1	chr8	11657504	11657723	SINE/MIR	642	-	110	11657614	78345
chr8	11579269	11779269	harbor1	chr8	11672098	11672234	SINE/MIR	484	-	68	11672166	92897
chr8	87337302	87537302	harbor1	chr8	87351015	87351231	SINE/MIR	601	-	108	87351123	13821
chr8	87337302	87537302	harbor1	chr8	87367612	87367753	SINE/MIR	484	-	70	87367682	30380
chr8	87337302	87537302	harbor1	chr8	87376665	87376853	SINE/MIR	623	-	94	87376759	39457
chr8	48423010	48623010	harbor1	chr8	48431332	48431419	SINE/MIR	405	-	44	48431376	8366
chr8	141309044	141509044	harbor1	chr8	141314965	141315153	SINE/MIR	655	-	94	141315059	6015
chr8	141309044	141509044	harbor1	chr8	141332229	141332413	SINE/MIR	463	-	92	141332321	23277
chr8	141309044	141509044	harbor1	chr8	141363935	141364095	SINE/MIR	424	-	80	141364015	54971
chr8	141309044	141509044	harbor1	chr8	141372726	141372961	SINE/MIR	591	-	118	141372844	63800
chr8	141309044	141509044	harbor1	chr8	141344598	141344809	SINE/MIR	402	-	106	141344704	35660
chr8	10170685	10370685	harbor1	chr8	10184680	10184856	SINE/MIR	431	-	88	10184768	14083
chr8	10170685	10370685	harbor1	chr8	10202741	10202990	SINE/MIR	607	-	124	10202865	32180
chr8	10170685	10370685	harbor1	chr8	10247128	10247302	SINE/MIR	478	-	87	10247215	76530
chr8	10170685	10370685	harbor1	chr8	10257991	10258250	SINE/MIR	618	-	130	10258121	87436
chr8	106900940	107100940	harbor1	chr8	106911009	106911188	SINE/MIR	471	-	90	106911099	10159
chr8	106900940	107100940	harbor1	chr8	106928250	106928462	SINE/MIR	574	-	106	106928356	27416
chr8	106900940	107100940	harbor1	chr8	106944523	106944692	SINE/MIR	405	-	84	106944607	43667
chr8	106900940	107100940	harbor1	chr8	106982738	106982958	SINE/MIR	476	-	110	106982848	81908
chr8	106900940	107100940	harbor1	chr8	106992225	106992386	SINE/MIR	622	-	80	106992305	91365
chr8	35542346	35742346	harbor1	chr8	35550116	35550321	SINE/MIR	502	-	102	35550218	7872
chr8	35542346	35742346	harbor1	chr8	35590643	35590812	SINE/MIR	402	-	84	35590727	48381
chr8	35542346	35742346	harbor1	chr8	35616127	35616256	SINE/MIR	429	-	64	35616191	73845
chr8	35542346	35742346	harbor1	chr8	35618588	35618807	SINE/MIR	414	-	110	35618698	76352
chr8	35542346	35742346	harbor1	chr8	35630979	35631030	SINE/MIR	392	-	26	35631005	88659
chr8	35542346	35742346	harbor1	chr8	35631328	35631467	SINE/MIR	392	-	70	35631398	89052
chr8	55565230	55765230	harbor1	chr8	55578502	55578686	SINE/MIR	584	-	92	55578594	13364
chr8	55565230	55765230	harbor1	chr8	55604319	55604530	SINE/MIR	407	-	106	55604425	39195
chr8	11392644	11592644	harbor1	chr8	11392725	11392898	SINE/MIR	481	-	86	11392811	167
chr8	11392644	11592644	harbor1	chr8	11425188	11425405	SINE/MIR	481	-	108	11425296	32652
chr8	11392644	11592644	harbor1	chr8	11445005	11445218	SINE/MIR	456	-	106	11445111	52467
chr8	11392644	11592644	harbor1	chr8	11450301	11450551	SINE/MIR	1025	-	125	11450426	57782
chr8	11392644	11592644	harbor1	chr8	11453370	11453563	SINE/MIR	582	-	96	11453466	60822
chr8	11392644	11592644	harbor1	chr8	11485246	11485459	SINE/MIR	649	-	106	11485352	92708
chr8	68603363	68803363	harbor1	chr8	68612188	68612439	SINE/MIR	616	-	126	68612314	8951
chr8	68603363	68803363	harbor1	chr8	68641915	68642161	SINE/MIR	735	-	123	68642038	38675
chr8	68603363	68803363	harbor1	chr8	68666027	68666217	SINE/MIR	432	-	95	68666122	62759
chr8	68603363	68803363	harbor1	chr8	68689782	68689976	SINE/MIR	521	-	97	68689879	86516
chr8	113848735	114048735	harbor1	chr8	113899304	113899531	SINE/MIR	419	-	114	113899418	50683
chr8	113848735	114048735	harbor1	chr8	113901949	113902168	SINE/MIR	594	-	110	113902059	53324
chr8	113848735	114048735	harbor1	chr8	113927451	113927688	SINE/MIR	516	-	118	113927569	78834
chr8	123967728	124167728	harbor1	chr8	123979367	123979522	SINE/MIR	604	-	78	123979445	11717
chr8	123967728	124167728	harbor1	chr8	124012517	124012717	SINE/MIR	494	-	100	124012617	44889
chr8	123967728	124167728	harbor1	chr8	124042333	124042569	SINE/MIR	591	-	118	124042451	74723
chr8	123967728	124167728	harbor1	chr8	124043539	124043705	SINE/MIR	570	-	83	124043622	75894
chr8	123967728	124167728	harbor1	chr8	124048643	124048873	SINE/MIR	568	-	115	124048758	81030
chr8	123967728	124167728	harbor1	chr8	124050088	124050285	SINE/MIR	403	-	98	124050186	82458
chr8	123967728	124167728	harbor1	chr8	124043185	124043391	SINE/MIR	425	-	103	124043288	75560
chr8	104945182	105145182	harbor1	chr8	104953465	104953632	SINE/MIR	447	-	84	104953549	8367
chr8	104945182	105145182	harbor1	chr8	104981783	104982000	SINE/MIR	495	-	108	104981891	36709
chr8	104945182	105145182	harbor1	chr8	105019334	105019528	SINE/MIR	551	-	97	105019431	74249
chr8	104945182	105145182	harbor1	chr8	105021322	105021397	SINE/MIR	574	-	38	105021360	76178
chr8	104945182	105145182	harbor1	chr8	105021799	105021920	SINE/MIR	574	-	60	105021859	76677
chr8	104945182	105145182	harbor1	chr8	105022591	105022721	SINE/MIR	448	-	65	105022656	77474
chr8	134315803	134515803	harbor1	chr8	134327079	134327104	SINE/MIR	469	-	12	134327091	11288
chr8	134315803	134515803	harbor1	chr8	134327505	134327711	SINE/MIR	469	-	103	134327608	11805
chr8	134315803	134515803	harbor1	chr8	134339991	134340171	SINE/MIR	406	-	90	134340081	24278
chr8	134315803	134515803	harbor1	chr8	134342040	134342200	SINE/MIR	667	-	80	134342120	26317
chr8	134315803	134515803	harbor1	chr8	134362646	134362753	SINE/MIR	435	-	54	134362700	46897
chr8	134315803	134515803	harbor1	chr8	134367906	134368147	SINE/MIR	844	-	120	134368026	52223
chr8	134315803	134515803	harbor1	chr8	134381108	134381318	SINE/MIR	549	-	105	134381213	65410
chr8	134315803	134515803	harbor1	chr8	134402318	134402534	SINE/MIR	496	-	108	134402426	86623
chr8	95963894	96163894	harbor1	chr8	95988372	95988570	SINE/MIR	748	-	99	95988471	24577
chr8	95963894	96163894	harbor1	chr8	96005004	96005212	SINE/MIR	508	-	104	96005108	41214
chr8	95963894	96163894	harbor1	chr8	96014795	96015056	SINE/MIR	742	-	130	96014925	51031
chr8	95963894	96163894	harbor1	chr8	96024257	96024458	SINE/MIR	548	-	100	96024357	60463
chr8	95963894	96163894	harbor1	chr8	96032446	96032594	SINE/MIR	489	-	74	96032520	68626
chr8	58927460	59127460	harbor1	chr8	58934500	58934609	SINE/MIR	395	-	54	58934554	7094
chr8	58927460	59127460	harbor1	chr8	58934790	58934949	SINE/MIR	396	-	80	58934870	7410
chr8	58927460	59127460	harbor1	chr8	58941289	58941429	SINE/MIR	521	-	70	58941359	13899
chr8	58927460	59127460	harbor1	chr8	58949465	58949594	SINE/MIR	401	-	64	58949529	22069
chr8	58927460	59127460	harbor1	chr8	58962309	58962551	SINE/MIR	774	-	121	58962430	34970
chr8	58927460	59127460	harbor1	chr8	58990048	58990289	SINE/MIR	864	-	120	58990168	62708
chr8	58927460	59127460	harbor1	chr8	58990954	58991127	SINE/MIR	412	-	86	58991040	63580
chr8	58927460	59127460	harbor1	chr8	59022358	59022560	SINE/MIR	409	-	101	59022459	94999
chr8	11806412	12006412	harbor1	chr8	11813330	11813611	SINE/MIR	532	-	140	11813470	7058
chr8	11806412	12006412	harbor1	chr8	11874939	11875133	SINE/MIR	392	-	97	11875036	68624
chr8	15069056	15269056	harbor1	chr8	15084995	15085218	SINE/MIR	551	-	112	15085107	16051
chr8	15069056	15269056	harbor1	chr8	15163193	15163415	SINE/MIR	554	-	111	15163304	94248
chr8	76016316	76216316	harbor1	chr8	76022946	76023184	SINE/MIR	468	-	119	76023065	6749
chr8	76016316	76216316	harbor1	chr8	76043593	76043790	SINE/MIR	639	-	98	76043691	27375
chr8	76016316	76216316	harbor1	chr8	76044619	76044655	SINE/MIR	461	-	18	76044637	28321
chr8	76016316	76216316	harbor1	chr8	76045191	76045325	SINE/MIR	461	-	67	76045258	28942
chr8	76016316	76216316	harbor1	chr8	76074292	76074502	SINE/MIR	451	-	105	76074397	58081
chr8	70895821	71095821	harbor1	chr8	70933859	70934016	SINE/MIR	464	-	78	70933937	38116
chr8	70895821	71095821	harbor1	chr8	70946422	70946645	SINE/MIR	604	-	112	70946534	50713
chr8	70895821	71095821	harbor1	chr8	70949816	70949966	SINE/MIR	495	-	75	70949891	54070
chr8	3765528	3965528	harbor1	chr8	3788809	3789013	SINE/MIR	489	-	102	3788911	23383
chr8	117704130	117904130	harbor1	chr8	117710508	117710734	SINE/MIR	571	-	113	117710621	6491
chr8	117704130	117904130	harbor1	chr8	117714365	117714485	SINE/MIR	543	-	60	117714425	10295
chr8	117704130	117904130	harbor1	chr8	117719315	117719529	SINE/MIR	419	-	107	117719422	15292
chr8	117704130	117904130	harbor1	chr8	117719748	117719969	SINE/MIR	629	-	110	117719858	15728
chr8	117704130	117904130	harbor1	chr8	117732330	117732561	SINE/MIR	463	-	116	117732446	28316
chr8	117704130	117904130	harbor1	chr8	117733308	117733477	SINE/MIR	486	-	84	117733392	29262
chr8	117704130	117904130	harbor1	chr8	117735612	117735849	SINE/MIR	417	-	118	117735730	31600
chr8	117704130	117904130	harbor1	chr8	117746309	117746524	SINE/MIR	627	-	108	117746417	42287
chr8	117704130	117904130	harbor1	chr8	117748351	117748539	SINE/MIR	518	-	94	117748445	44315
chr8	117704130	117904130	harbor1	chr8	117753658	117753801	SINE/MIR	589	-	72	117753730	49600
chr8	117704130	117904130	harbor1	chr8	117792866	117793073	SINE/MIR	844	-	104	117792970	88840
chr8	117704130	117904130	harbor1	chr8	117801200	117801359	SINE/MIR	443	-	80	117801280	97150
chr8	3381091	3581091	harbor1	chr8	3466098	3466329	SINE/MIR	582	-	116	3466214	85123
chr8	90770215	90970215	harbor1	chr8	90770410	90770594	SINE/MIR	462	-	92	90770502	287
chr8	90770215	90970215	harbor1	chr8	90784432	90784582	SINE/MIR	402	-	75	90784507	14292
chr8	90770215	90970215	harbor1	chr8	90785596	90785816	SINE/MIR	459	-	110	90785706	15491
chr8	90770215	90970215	harbor1	chr8	90806855	90806999	SINE/MIR	443	-	72	90806927	36712
chr8	90770215	90970215	harbor1	chr8	90809966	90810134	SINE/MIR	418	-	84	90810050	39835
chr8	90770215	90970215	harbor1	chr8	90832623	90832848	SINE/MIR	507	-	112	90832735	62520
chr8	90770215	90970215	harbor1	chr8	90840261	90840423	SINE/MIR	518	-	81	90840342	70127
chr8	90770215	90970215	harbor1	chr8	90861625	90861843	SINE/MIR	813	-	109	90861734	91519
chr8	32405275	32605275	harbor1	chr8	32412874	32413047	SINE/MIR	433	-	86	32412960	7685
chr8	32405275	32605275	harbor1	chr8	32430968	32431200	SINE/MIR	704	-	116	32431084	25809
chr8	32405275	32605275	harbor1	chr8	32432258	32432499	SINE/MIR	722	-	120	32432378	27103
chr8	51485876	51685876	harbor1	chr8	51502098	51502240	SINE/MIR	495	-	71	51502169	16293
chr8	51485876	51685876	harbor1	chr8	51527482	51527564	SINE/MIR	390	-	41	51527523	41647
chr8	90115395	90315395	harbor1	chr8	90126392	90126581	SINE/MIR	509	-	94	90126486	11091
chr8	90115395	90315395	harbor1	chr8	90172897	90173147	SINE/MIR	802	-	125	90173022	57627
chr8	90115395	90315395	harbor1	chr8	90179454	90179644	SINE/MIR	536	-	95	90179549	64154
chr8	90115395	90315395	harbor1	chr8	90189188	90189439	SINE/MIR	741	-	126	90189314	73919
chr8	134597448	134797448	harbor1	chr8	134604131	134604344	SINE/MIR	469	-	106	134604237	6789
chr8	134597448	134797448	harbor1	chr8	134636378	134636592	SINE/MIR	705	-	107	134636485	39037
chr8	134597448	134797448	harbor1	chr8	134641985	134642239	SINE/MIR	472	-	127	134642112	44664
chr8	134597448	134797448	harbor1	chr8	134643048	134643276	SINE/MIR	768	-	114	134643162	45714
chr8	134597448	134797448	harbor1	chr8	134657094	134657343	SINE/MIR	591	-	124	134657218	59770
chr8	134597448	134797448	harbor1	chr8	134660129	134660259	SINE/MIR	390	-	65	134660194	62746
chr8	131114305	131314305	harbor1	chr8	131122140	131122334	SINE/MIR	432	-	97	131122237	7932
chr8	131114305	131314305	harbor1	chr8	131130873	131131091	SINE/MIR	398	-	109	131130982	16677
chr8	131114305	131314305	harbor1	chr8	131132583	131132811	SINE/MIR	497	-	114	131132697	18392
chr8	131114305	131314305	harbor1	chr8	131133273	131133530	SINE/MIR	494	-	128	131133401	19096
chr8	131114305	131314305	harbor1	chr8	131147142	131147289	SINE/MIR	408	-	74	131147216	32911
chr8	131114305	131314305	harbor1	chr8	131155621	131155807	SINE/MIR	447	-	93	131155714	41409
chr8	131114305	131314305	harbor1	chr8	131163289	131163526	SINE/MIR	431	-	118	131163407	49102
chr8	131114305	131314305	harbor1	chr8	131165535	131165700	SINE/MIR	416	-	82	131165617	51312
chr8	131114305	131314305	harbor1	chr8	131181089	131181279	SINE/MIR	470	-	95	131181184	66879
chr8	131114305	131314305	harbor1	chr8	131187959	131188167	SINE/MIR	425	-	104	131188063	73758
chr8	131114305	131314305	harbor1	chr8	131207058	131207255	SINE/MIR	538	-	98	131207156	92851
chr8	7323207	7523207	harbor1	chr8	7397595	7397790	SINE/MIR	572	-	98	7397693	74486
chr8	67057064	67257064	harbor1	chr8	67057855	67058012	SINE/MIR	465	-	78	67057933	869
chr8	67057064	67257064	harbor1	chr8	67060569	67060772	SINE/MIR	432	-	102	67060671	3607
chr8	67057064	67257064	harbor1	chr8	67075456	67075663	SINE/MIR	602	-	104	67075560	18496
chr8	67057064	67257064	harbor1	chr8	67075666	67075895	SINE/MIR	635	-	114	67075780	18716
chr8	67057064	67257064	harbor1	chr8	67091047	67091287	SINE/MIR	861	-	120	67091167	34103
chr8	67057064	67257064	harbor1	chr8	67156123	67156323	SINE/MIR	517	-	100	67156223	99159
chr8	136524334	136724334	harbor1	chr8	136555521	136555733	SINE/MIR	576	-	106	136555627	31293
chr8	136524334	136724334	harbor1	chr8	136561971	136562048	SINE/MIR	429	-	38	136562009	37675
chr8	136524334	136724334	harbor1	chr8	136562326	136562447	SINE/MIR	429	-	60	136562386	38052
chr8	136524334	136724334	harbor1	chr8	136616960	136617138	SINE/MIR	393	-	89	136617049	92715
chr8	87036681	87236681	harbor1	chr8	87055992	87056153	SINE/MIR	483	-	80	87056072	19391
chr8	87036681	87236681	harbor1	chr8	87087782	87087959	SINE/MIR	498	-	88	87087870	51189
chr8	87036681	87236681	harbor1	chr8	87097304	87097439	SINE/MIR	398	-	68	87097372	60691
chr8	131790789	131990789	harbor1	chr8	131792095	131792296	SINE/MIR	727	-	100	131792195	1406
chr8	131790789	131990789	harbor1	chr8	131794879	131795044	SINE/MIR	540	-	82	131794961	4172
chr8	131790789	131990789	harbor1	chr8	131797003	131797234	SINE/MIR	686	-	116	131797119	6330
chr8	131790789	131990789	harbor1	chr8	131798609	131798830	SINE/MIR	800	-	110	131798719	7930
chr8	131790789	131990789	harbor1	chr8	131812871	131813071	SINE/MIR	622	-	100	131812971	22182
chr8	131790789	131990789	harbor1	chr8	131817023	131817207	SINE/MIR	408	-	92	131817115	26326
chr8	131790789	131990789	harbor1	chr8	131818661	131818843	SINE/MIR	536	-	91	131818752	27963
chr8	107858652	108058652	harbor1	chr8	107869009	107869232	SINE/MIR	779	-	112	107869121	10469
chr8	107858652	108058652	harbor1	chr8	107898985	107899137	SINE/MIR	468	-	76	107899061	40409
chr8	107858652	108058652	harbor1	chr8	107911616	107911805	SINE/MIR	701	-	94	107911710	53058
chr8	107858652	108058652	harbor1	chr8	107913091	107913222	SINE/MIR	536	-	66	107913157	54505
chr8	107858652	108058652	harbor1	chr8	107946119	107946321	SINE/MIR	597	-	101	107946220	87568
chr8	107858652	108058652	harbor1	chr8	107955226	107955398	SINE/MIR	507	-	86	107955312	96660
chr8	37455127	37655127	harbor1	chr8	37455547	37455680	SINE/MIR	412	-	66	37455613	486
chr8	37455127	37655127	harbor1	chr8	37471387	37471529	SINE/MIR	462	-	71	37471458	16331
chr8	37455127	37655127	harbor1	chr8	37486600	37486829	SINE/MIR	589	-	114	37486714	31587
chr8	37455127	37655127	harbor1	chr8	37500173	37500309	SINE/MIR	491	-	68	37500241	45114
chr8	37455127	37655127	harbor1	chr8	37505682	37505768	SINE/MIR	397	-	43	37505725	50598
chr8	37455127	37655127	harbor1	chr8	37543802	37544022	SINE/MIR	703	-	110	37543912	88785
chr8	37455127	37655127	harbor1	chr8	37548656	37548877	SINE/MIR	499	-	110	37548766	93639
chr8	115522799	115722799	harbor1	chr8	115576464	115576630	SINE/MIR	406	-	83	115576547	53748
chr8	26423286	26623286	harbor1	chr8	26461876	26462018	SINE/MIR	421	-	71	26461947	38661
chr8	26423286	26623286	harbor1	chr8	26476201	26476340	SINE/MIR	547	-	70	26476271	52985
chr8	26423286	26623286	harbor1	chr8	26476636	26476755	SINE/MIR	547	-	60	26476696	53410
chr8	26423286	26623286	harbor1	chr8	26483352	26483514	SINE/MIR	473	-	81	26483433	60147
chr8	26423286	26623286	harbor1	chr8	26492046	26492218	SINE/MIR	520	-	86	26492132	68846
chr8	26423286	26623286	harbor1	chr8	26505194	26505364	SINE/MIR	451	-	85	26505279	81993
chr8	2070723	2270723	harbor1	chr8	2093362	2093618	SINE/MIR	596	-	128	2093490	22767
chr8	2070723	2270723	harbor1	chr8	2131207	2131411	SINE/MIR	689	-	102	2131309	60586
chr8	74216027	74416027	harbor1	chr8	74233270	74233455	SINE/MIR	558	-	92	74233362	17335
chr8	74216027	74416027	harbor1	chr8	74242280	74242490	SINE/MIR	992	-	105	74242385	26358
chr8	74216027	74416027	harbor1	chr8	74280821	74281061	SINE/MIR	596	-	120	74280941	64914
chr8	74216027	74416027	harbor1	chr8	74293349	74293528	SINE/MIR	641	-	90	74293439	77412
chr8	74216027	74416027	harbor1	chr8	74294766	74295022	SINE/MIR	549	-	128	74294894	78867
chr8	74216027	74416027	harbor1	chr8	74295478	74295612	SINE/MIR	426	-	67	74295545	79518
chr8	8556075	8756075	harbor1	chr8	8599353	8599540	SINE/MIR	525	-	94	8599447	43372
chr8	8556075	8756075	harbor1	chr8	8606056	8606222	SINE/MIR	486	-	83	8606139	50064
chr8	8556075	8756075	harbor1	chr8	8612343	8612552	SINE/MIR	530	-	104	8612447	56372
chr8	69917784	70117784	harbor1	chr8	69924173	69924305	SINE/MIR	494	-	66	69924239	6455
chr8	69917784	70117784	harbor1	chr8	69976589	69976709	SINE/MIR	401	-	60	69976649	58865
chr8	37247528	37447528	harbor1	chr8	37259027	37259261	SINE/MIR	427	-	117	37259144	11616
chr8	37247528	37447528	harbor1	chr8	37291227	37291407	SINE/MIR	432	-	90	37291317	43789
chr8	37247528	37447528	harbor1	chr8	37323221	37323300	SINE/MIR	532	-	40	37323261	75733
chr8	37247528	37447528	harbor1	chr8	37328857	37329009	SINE/MIR	421	-	76	37328933	81405
chr8	37247528	37447528	harbor1	chr8	37338421	37338584	SINE/MIR	425	-	82	37338503	90975
chr8	37247528	37447528	harbor1	chr8	37322669	37322795	SINE/MIR	532	-	63	37322732	75204
chr8	117779678	117979678	harbor1	chr8	117792866	117793073	SINE/MIR	844	-	104	117792970	13292
chr8	117779678	117979678	harbor1	chr8	117801200	117801359	SINE/MIR	443	-	80	117801280	21602
chr8	117779678	117979678	harbor1	chr8	117805034	117805182	SINE/MIR	665	-	74	117805108	25430
chr8	117779678	117979678	harbor1	chr8	117808279	117808475	SINE/MIR	737	-	98	117808377	28699
chr8	117779678	117979678	harbor1	chr8	117814393	117814602	SINE/MIR	497	-	104	117814497	34819
chr8	117779678	117979678	harbor1	chr8	117816069	117816256	SINE/MIR	403	-	94	117816163	36485
chr8	117779678	117979678	harbor1	chr8	117818122	117818279	SINE/MIR	752	-	78	117818200	38522
chr8	117779678	117979678	harbor1	chr8	117851974	117852206	SINE/MIR	611	-	116	117852090	72412
chr8	117779678	117979678	harbor1	chr8	117863114	117863346	SINE/MIR	833	-	116	117863230	83552
chr8	117779678	117979678	harbor1	chr8	117866307	117866448	SINE/MIR	398	-	70	117866377	86699
chr8	111980213	112180213	harbor1	chr8	112024701	112024943	SINE/MIR	424	-	121	112024822	44609
chr8	111980213	112180213	harbor1	chr8	112065114	112065316	SINE/MIR	408	-	101	112065215	85002
chr8	90269173	90469173	harbor1	chr8	90276798	90277012	SINE/MIR	578	-	107	90276905	7732
chr8	90269173	90469173	harbor1	chr8	90277989	90278207	SINE/MIR	437	-	109	90278098	8925
chr8	90269173	90469173	harbor1	chr8	90281881	90282075	SINE/MIR	533	-	97	90281978	12805
chr8	90269173	90469173	harbor1	chr8	90311837	90312077	SINE/MIR	478	-	120	90311957	42784
chr8	90269173	90469173	harbor1	chr8	90313316	90313505	SINE/MIR	393	-	94	90313410	44237
chr8	90269173	90469173	harbor1	chr8	90325831	90326024	SINE/MIR	581	-	96	90325927	56754
chr8	90269173	90469173	harbor1	chr8	90328609	90328814	SINE/MIR	396	-	102	90328711	59538
chr8	62928292	63128292	harbor1	chr8	62947402	62947487	SINE/MIR	511	-	42	62947444	19152
chr8	62928292	63128292	harbor1	chr8	62948026	62948130	SINE/MIR	511	-	52	62948078	19786
chr8	62928292	63128292	harbor1	chr8	62954721	62954874	SINE/MIR	683	-	76	62954797	26505
chr8	62928292	63128292	harbor1	chr8	63025748	63025892	SINE/MIR	406	-	72	63025820	97528
chr8	21352920	21552920	harbor1	chr8	21357541	21357700	SINE/MIR	436	-	80	21357621	4701
chr8	21352920	21552920	harbor1	chr8	21360321	21360435	SINE/MIR	409	-	57	21360378	7458
chr8	21352920	21552920	harbor1	chr8	21383460	21383663	SINE/MIR	433	-	102	21383562	30642
chr8	21352920	21552920	harbor1	chr8	21445295	21445438	SINE/MIR	395	-	72	21445367	92447
chr8	21352920	21552920	harbor1	chr8	21448887	21449038	SINE/MIR	691	-	76	21448963	96043
chr8	21352920	21552920	harbor1	chr8	21430124	21430285	SINE/MIR	546	-	80	21430204	77284
chr8	23042871	23242871	harbor1	chr8	23074174	23074329	SINE/MIR	409	-	78	23074252	31381
chr8	23042871	23242871	harbor1	chr8	23123373	23123522	SINE/MIR	432	-	74	23123447	80576
chr8	88910051	89110051	harbor1	chr8	88922180	88922354	SINE/MIR	482	-	87	88922267	12216
chr8	104722753	104922753	harbor1	chr8	104752492	104752740	SINE/MIR	560	-	124	104752616	29863
chr8	104722753	104922753	harbor1	chr8	104757556	104757718	SINE/MIR	561	-	81	104757637	34884
chr8	104722753	104922753	harbor1	chr8	104802998	104803109	SINE/MIR	496	-	56	104803054	80301
chr8	104722753	104922753	harbor1	chr8	104803306	104803446	SINE/MIR	496	-	70	104803376	80623
chr8	104722753	104922753	harbor1	chr8	104803460	104803613	SINE/MIR	464	-	76	104803536	80783
chr8	104722753	104922753	harbor1	chr8	104817248	104817482	SINE/MIR	785	-	117	104817365	94612
chr8	104722753	104922753	harbor1	chr8	104821574	104821759	SINE/MIR	438	-	92	104821666	98913
chr8	16111660	16311660	harbor1	chr8	16111707	16111871	SINE/MIR	399	-	82	16111789	129
chr8	16111660	16311660	harbor1	chr8	16112221	16112384	SINE/MIR	499	-	82	16112303	643
chr8	16111660	16311660	harbor1	chr8	16139315	16139460	SINE/MIR	483	-	72	16139387	27727
chr8	16111660	16311660	harbor1	chr8	16191544	16191713	SINE/MIR	549	-	84	16191628	79968
chr8	137850784	138050784	harbor1	chr8	137880980	137881234	SINE/MIR	394	-	127	137881107	30323
chr8	137850784	138050784	harbor1	chr8	137881286	137881500	SINE/MIR	766	-	107	137881393	30609
chr8	137850784	138050784	harbor1	chr8	137886977	137887174	SINE/MIR	521	-	98	137887075	36291
chr8	137850784	138050784	harbor1	chr8	137888502	137888596	SINE/MIR	421	-	47	137888549	37765
chr8	137850784	138050784	harbor1	chr8	137888952	137889037	SINE/MIR	421	-	42	137888994	38210
chr8	137850784	138050784	harbor1	chr8	137928579	137928802	SINE/MIR	481	-	112	137928691	77907
chr8	137850784	138050784	harbor1	chr8	137928996	137929006	SINE/MIR	481	-	5	137929001	78217
chr8	137850784	138050784	harbor1	chr8	137943143	137943360	SINE/MIR	400	-	108	137943251	92467
chr8	137850784	138050784	harbor1	chr8	137948898	137949111	SINE/MIR	633	-	106	137949004	98220
chr8	82150746	82350746	harbor1	chr8	82165957	82166198	SINE/MIR	390	-	120	82166077	15331
chr8	123962967	124162967	harbor1	chr8	123979367	123979522	SINE/MIR	604	-	78	123979445	16478
chr8	123962967	124162967	harbor1	chr8	124012517	124012717	SINE/MIR	494	-	100	124012617	49650
chr8	123962967	124162967	harbor1	chr8	124042333	124042569	SINE/MIR	591	-	118	124042451	79484
chr8	123962967	124162967	harbor1	chr8	124043539	124043705	SINE/MIR	570	-	83	124043622	80655
chr8	123962967	124162967	harbor1	chr8	124048643	124048873	SINE/MIR	568	-	115	124048758	85791
chr8	123962967	124162967	harbor1	chr8	124050088	124050285	SINE/MIR	403	-	98	124050186	87219
chr8	123962967	124162967	harbor1	chr8	124043185	124043391	SINE/MIR	425	-	103	124043288	80321
chr8	31111004	31311004	harbor1	chr8	31143802	31144022	SINE/MIR	663	-	110	31143912	32908
chr8	31111004	31311004	harbor1	chr8	31170986	31171190	SINE/MIR	499	-	102	31171088	60084
chr8	31111004	31311004	harbor1	chr8	31195741	31195837	SINE/MIR	565	-	48	31195789	84785
chr8	31111004	31311004	harbor1	chr8	31195991	31196143	SINE/MIR	565	-	76	31196067	85063
chr8	23005759	23205759	harbor1	chr8	23008312	23008509	SINE/MIR	472	-	98	23008410	2651
chr8	23005759	23205759	harbor1	chr8	23074174	23074329	SINE/MIR	409	-	78	23074252	68493
chr8	53614207	53814207	harbor1	chr8	53646953	53647026	SINE/MIR	500	-	36	53646989	32782
chr8	53614207	53814207	harbor1	chr8	53647070	53647197	SINE/MIR	500	-	64	53647134	32927
chr8	53614207	53814207	harbor1	chr8	53658369	53658584	SINE/MIR	536	-	108	53658477	44270
chr8	53614207	53814207	harbor1	chr8	53660199	53660336	SINE/MIR	441	-	68	53660267	46060
chr8	53614207	53814207	harbor1	chr8	53667058	53667223	SINE/MIR	402	-	82	53667140	52933
chr8	104614186	104814186	harbor1	chr8	104631443	104631586	SINE/MIR	441	-	72	104631515	17329
chr8	104614186	104814186	harbor1	chr8	104663348	104663539	SINE/MIR	511	-	96	104663444	49258
chr8	104614186	104814186	harbor1	chr8	104687558	104687824	SINE/MIR	739	-	133	104687691	73505
chr8	37447052	37647052	harbor1	chr8	37455547	37455680	SINE/MIR	412	-	66	37455613	8561
chr8	37447052	37647052	harbor1	chr8	37471387	37471529	SINE/MIR	462	-	71	37471458	24406
chr8	37447052	37647052	harbor1	chr8	37486600	37486829	SINE/MIR	589	-	114	37486714	39662
chr8	37447052	37647052	harbor1	chr8	37500173	37500309	SINE/MIR	491	-	68	37500241	53189
chr8	37447052	37647052	harbor1	chr8	37505682	37505768	SINE/MIR	397	-	43	37505725	58673
chr8	37447052	37647052	harbor1	chr8	37543802	37544022	SINE/MIR	703	-	110	37543912	96860
chr8	110217538	110417538	harbor1	chr8	110296375	110296624	SINE/MIR	756	-	124	110296499	78961
chr8	19249016	19449016	harbor1	chr8	19272009	19272177	SINE/MIR	550	-	84	19272093	23077
chr8	19249016	19449016	harbor1	chr8	19312272	19312403	SINE/MIR	410	-	66	19312338	63322
chr8	19249016	19449016	harbor1	chr8	19315898	19316010	SINE/MIR	402	-	56	19315954	66938
chr8	19249016	19449016	harbor1	chr8	19323766	19323987	SINE/MIR	490	-	110	19323876	74860
chr8	19249016	19449016	harbor1	chr8	19325288	19325468	SINE/MIR	402	-	90	19325378	76362
chr8	19249016	19449016	harbor1	chr8	19331680	19331905	SINE/MIR	739	-	112	19331792	82776
chr8	19249016	19449016	harbor1	chr8	19336099	19336232	SINE/MIR	461	-	66	19336165	87149
chr8	67978631	68178631	harbor1	chr8	67986189	67986393	SINE/MIR	628	-	102	67986291	7660
chr8	67978631	68178631	harbor1	chr8	67991093	67991299	SINE/MIR	414	-	103	67991196	12565
chr8	67978631	68178631	harbor1	chr8	68007570	68007612	SINE/MIR	801	-	21	68007591	28960
chr8	67978631	68178631	harbor1	chr8	68007909	68008105	SINE/MIR	801	-	98	68008007	29376
chr8	67978631	68178631	harbor1	chr8	68010532	68010671	SINE/MIR	472	-	70	68010602	31971
chr8	67978631	68178631	harbor1	chr8	68058356	68058436	SINE/MIR	546	-	40	68058396	79765
chr8	67978631	68178631	harbor1	chr8	68058735	68058902	SINE/MIR	546	-	84	68058819	80188
chr8	33265657	33465657	harbor1	chr8	33271405	33271583	SINE/MIR	451	-	89	33271494	5837
chr8	33265657	33465657	harbor1	chr8	33287104	33287329	SINE/MIR	687	-	112	33287216	21559
chr8	33265657	33465657	harbor1	chr8	33290357	33290515	SINE/MIR	626	-	79	33290436	24779
chr8	33265657	33465657	harbor1	chr8	33351878	33352079	SINE/MIR	453	-	100	33351978	86321
chr8	1043628	1243628	harbor1	chr8	1139785	1140003	SINE/MIR	475	-	109	1139894	96266
chr8	38431829	38631829	harbor1	chr8	38438177	38438259	SINE/MIR	637	-	41	38438218	6389
chr8	38431829	38631829	harbor1	chr8	38438560	38438687	SINE/MIR	637	-	64	38438624	6795
chr8	38431829	38631829	harbor1	chr8	38453328	38453524	SINE/MIR	445	-	98	38453426	21597
chr8	38431829	38631829	harbor1	chr8	38454691	38454847	SINE/MIR	457	-	78	38454769	22940
chr8	38431829	38631829	harbor1	chr8	38459528	38459720	SINE/MIR	470	-	96	38459624	27795
chr8	38431829	38631829	harbor1	chr8	38480821	38481017	SINE/MIR	412	-	98	38480919	49090
chr8	38431829	38631829	harbor1	chr8	38495686	38495882	SINE/MIR	445	-	98	38495784	63955
chr8	38431829	38631829	harbor1	chr8	38512883	38513128	SINE/MIR	958	-	122	38513005	81176
chr8	38431829	38631829	harbor1	chr8	38521957	38522128	SINE/MIR	399	-	86	38522043	90214
chr8	38431829	38631829	harbor1	chr8	38530378	38530593	SINE/MIR	621	-	108	38530486	98657
chr8	120368589	120568589	harbor1	chr8	120374410	120374457	SINE/MIR	465	-	24	120374434	5845
chr8	120368589	120568589	harbor1	chr8	120374846	120375012	SINE/MIR	465	-	83	120374929	6340
chr8	120368589	120568589	harbor1	chr8	120376711	120376949	SINE/MIR	454	-	119	120376830	8241
chr8	120368589	120568589	harbor1	chr8	120404626	120404869	SINE/MIR	583	-	122	120404748	36159
chr8	120368589	120568589	harbor1	chr8	120419069	120419259	SINE/MIR	814	-	95	120419164	50575
chr8	19354063	19554063	harbor1	chr8	19360864	19361058	SINE/MIR	425	-	97	19360961	6898
chr8	19354063	19554063	harbor1	chr8	19401686	19401921	SINE/MIR	481	-	118	19401804	47741
chr8	122470423	122670423	harbor1	chr8	122490086	122490295	SINE/MIR	644	-	104	122490190	19767
chr8	122470423	122670423	harbor1	chr8	122498589	122498747	SINE/MIR	405	-	79	122498668	28245
chr8	122470423	122670423	harbor1	chr8	122537431	122537575	SINE/MIR	451	-	72	122537503	67080
chr8	122470423	122670423	harbor1	chr8	122547293	122547549	SINE/MIR	617	-	128	122547421	76998
chr8	122470423	122670423	harbor1	chr8	122549994	122550173	SINE/MIR	505	-	90	122550084	79661
chr8	122470423	122670423	harbor1	chr8	122551872	122552061	SINE/MIR	460	-	94	122551966	81543
chr8	122470423	122670423	harbor1	chr8	122569504	122569564	SINE/MIR	569	-	30	122569534	99111
chr8	122470423	122670423	harbor1	chr8	122569778	122569973	SINE/MIR	569	-	98	122569876	99453
chr8	122470423	122670423	harbor1	chr8	122519468	122519710	SINE/MIR	568	-	121	122519589	49166
chr8	141326002	141526002	harbor1	chr8	141332229	141332413	SINE/MIR	463	-	92	141332321	6319
chr8	141326002	141526002	harbor1	chr8	141363935	141364095	SINE/MIR	424	-	80	141364015	38013
chr8	141326002	141526002	harbor1	chr8	141372726	141372961	SINE/MIR	591	-	118	141372844	46842
chr8	141326002	141526002	harbor1	chr8	141344598	141344809	SINE/MIR	402	-	106	141344704	18702
chr8	133000555	133200555	harbor1	chr8	133005501	133005662	SINE/MIR	566	-	80	133005581	5026
chr8	133000555	133200555	harbor1	chr8	133014002	133014261	SINE/MIR	737	-	130	133014132	13577
chr8	133000555	133200555	harbor1	chr8	133019957	133020211	SINE/MIR	392	-	127	133020084	19529
chr8	133000555	133200555	harbor1	chr8	133026883	133027116	SINE/MIR	651	-	116	133026999	26444
chr8	133000555	133200555	harbor1	chr8	133028544	133028756	SINE/MIR	706	-	106	133028650	28095
chr8	133000555	133200555	harbor1	chr8	133032793	133033036	SINE/MIR	521	-	122	133032915	32360
chr8	133000555	133200555	harbor1	chr8	133043473	133043712	SINE/MIR	398	-	120	133043593	43038
chr8	133000555	133200555	harbor1	chr8	133043954	133044159	SINE/MIR	397	-	102	133044056	43501
chr8	133000555	133200555	harbor1	chr8	133047996	133048212	SINE/MIR	433	-	108	133048104	47549
chr8	133000555	133200555	harbor1	chr8	133049334	133049601	SINE/MIR	654	-	134	133049468	48913
chr8	133000555	133200555	harbor1	chr8	133055895	133056077	SINE/MIR	463	-	91	133055986	55431
chr8	133000555	133200555	harbor1	chr8	133060723	133060899	SINE/MIR	467	-	88	133060811	60256
chr8	133000555	133200555	harbor1	chr8	133065212	133065399	SINE/MIR	553	-	94	133065306	64751
chr8	133000555	133200555	harbor1	chr8	133070481	133070581	SINE/MIR	478	-	50	133070531	69976
chr8	133000555	133200555	harbor1	chr8	133071184	133071388	SINE/MIR	501	-	102	133071286	70731
chr8	133000555	133200555	harbor1	chr8	133074361	133074552	SINE/MIR	557	-	96	133074457	73902
chr8	133000555	133200555	harbor1	chr8	133083335	133083554	SINE/MIR	621	-	110	133083445	82890
chr8	133000555	133200555	harbor1	chr8	133090613	133090857	SINE/MIR	509	-	122	133090735	90180
chr8	108522727	108722727	harbor1	chr8	108523898	108524032	SINE/MIR	408	-	67	108523965	1238
chr8	108522727	108722727	harbor1	chr8	108537814	108538058	SINE/MIR	597	-	122	108537936	15209
chr8	108522727	108722727	harbor1	chr8	108559678	108559909	SINE/MIR	569	-	116	108559794	37067
chr8	108522727	108722727	harbor1	chr8	108586044	108586234	SINE/MIR	557	-	95	108586139	63412
chr8	108522727	108722727	harbor1	chr8	108586874	108587022	SINE/MIR	566	-	74	108586948	64221
chr8	108522727	108722727	harbor1	chr8	108620466	108620655	SINE/MIR	460	-	94	108620560	97833
chr8	85534795	85734795	harbor1	chr8	85538560	85538822	SINE/MIR	564	-	131	85538691	3896
chr8	85534795	85734795	harbor1	chr8	85541472	85541674	SINE/MIR	619	-	101	85541573	6778
chr8	85534795	85734795	harbor1	chr8	85555289	85555486	SINE/MIR	682	-	98	85555387	20592
chr8	85534795	85734795	harbor1	chr8	85567154	85567385	SINE/MIR	493	-	116	85567270	32475
chr8	85534795	85734795	harbor1	chr8	85570820	85571035	SINE/MIR	466	-	108	85570928	36133
chr8	85534795	85734795	harbor1	chr8	85590497	85590713	SINE/MIR	847	-	108	85590605	55810
chr8	85534795	85734795	harbor1	chr8	85592789	85592918	SINE/MIR	446	-	64	85592853	58058
chr8	85534795	85734795	harbor1	chr8	85608478	85608695	SINE/MIR	475	-	108	85608586	73791
chr8	26909540	27109540	harbor1	chr8	26967440	26967612	SINE/MIR	390	-	86	26967526	57986
chr8	26909540	27109540	harbor1	chr8	26975045	26975263	SINE/MIR	617	-	109	26975154	65614
chr8	26909540	27109540	harbor1	chr8	27008941	27009171	SINE/MIR	774	-	115	27009056	99516
chr8	90898230	91098230	harbor1	chr8	90911845	90912081	SINE/MIR	535	-	118	90911963	13733
chr8	90898230	91098230	harbor1	chr8	90936348	90936493	SINE/MIR	501	-	72	90936420	38190
chr8	90898230	91098230	harbor1	chr8	90936839	90936992	SINE/MIR	410	-	76	90936915	38685
chr8	90898230	91098230	harbor1	chr8	90959904	90960137	SINE/MIR	454	-	116	90960020	61790
chr8	90898230	91098230	harbor1	chr8	90972614	90972780	SINE/MIR	485	-	83	90972697	74467
chr8	90898230	91098230	harbor1	chr8	90983625	90983798	SINE/MIR	516	-	86	90983711	85481
chr8	120225162	120425162	harbor1	chr8	120281587	120281816	SINE/MIR	673	-	114	120281701	56539
chr8	120225162	120425162	harbor1	chr8	120293418	120293570	SINE/MIR	394	-	76	120293494	68332
chr8	120225162	120425162	harbor1	chr8	120295697	120295940	SINE/MIR	976	-	122	120295819	70657
chr8	120225162	120425162	harbor1	chr8	120300899	120301068	SINE/MIR	419	-	84	120300983	75821
chr8	120225162	120425162	harbor1	chr8	120320859	120321047	SINE/MIR	656	-	94	120320953	95791
chr8	85439998	85639998	harbor1	chr8	85441511	85441755	SINE/MIR	869	-	122	85441633	1635
chr8	85439998	85639998	harbor1	chr8	85442811	85442991	SINE/MIR	580	-	90	85442901	2903
chr8	85439998	85639998	harbor1	chr8	85458616	85458747	SINE/MIR	489	-	66	85458682	18684
chr8	85439998	85639998	harbor1	chr8	85459927	85460155	SINE/MIR	764	-	114	85460041	20043
chr8	85439998	85639998	harbor1	chr8	85464993	85465209	SINE/MIR	611	-	108	85465101	25103
chr8	85439998	85639998	harbor1	chr8	85516892	85517011	SINE/MIR	392	-	60	85516952	76954
chr8	85439998	85639998	harbor1	chr8	85538560	85538822	SINE/MIR	564	-	131	85538691	98693
chr8	37120774	37320774	harbor1	chr8	37133237	37133403	SINE/MIR	468	-	83	37133320	12546
chr8	37120774	37320774	harbor1	chr8	37141492	37141668	SINE/MIR	710	-	88	37141580	20806
chr8	37120774	37320774	harbor1	chr8	37167396	37167636	SINE/MIR	504	-	120	37167516	46742
chr8	37120774	37320774	harbor1	chr8	37183144	37183288	SINE/MIR	460	-	72	37183216	62442
chr8	37120774	37320774	harbor1	chr8	37215226	37215332	SINE/MIR	403	-	53	37215279	94505
chr8	68169996	68369996	harbor1	chr8	68191362	68191535	SINE/MIR	611	-	86	68191448	21452
chr8	68169996	68369996	harbor1	chr8	68207597	68207837	SINE/MIR	698	-	120	68207717	37721
chr8	68169996	68369996	harbor1	chr8	68233583	68233840	SINE/MIR	697	-	128	68233711	63715
chr8	136668758	136868758	harbor1	chr8	136741285	136741452	SINE/MIR	418	-	84	136741369	72611
chr8	16034162	16234162	harbor1	chr8	16049942	16050089	SINE/MIR	405	-	74	16050016	15854
chr8	16034162	16234162	harbor1	chr8	16077976	16078167	SINE/MIR	461	-	96	16078072	43910
chr8	16034162	16234162	harbor1	chr8	16094596	16094785	SINE/MIR	395	-	94	16094690	60528
chr8	16034162	16234162	harbor1	chr8	16111707	16111871	SINE/MIR	399	-	82	16111789	77627
chr8	16034162	16234162	harbor1	chr8	16112221	16112384	SINE/MIR	499	-	82	16112303	78141
chr8	52855177	53055177	harbor1	chr8	52890785	52890972	SINE/MIR	511	-	94	52890879	35702
chr8	52855177	53055177	harbor1	chr8	52926916	52927093	SINE/MIR	456	-	88	52927004	71827
chr8	89002426	89202426	harbor1	chr8	89055805	89055929	SINE/MIR	410	-	62	89055867	53441
chr8	92634224	92834224	harbor1	chr8	92637105	92637272	SINE/MIR	459	-	84	92637189	2965
chr8	92634224	92834224	harbor1	chr8	92675005	92675181	SINE/MIR	463	-	88	92675093	40869
chr8	92634224	92834224	harbor1	chr8	92675572	92675771	SINE/MIR	552	-	100	92675672	41448
chr8	92634224	92834224	harbor1	chr8	92675889	92676045	SINE/MIR	400	-	78	92675967	41743
chr8	92634224	92834224	harbor1	chr8	92732881	92733123	SINE/MIR	490	-	121	92733002	98778
chr8	60843045	61043045	harbor1	chr8	60846702	60846863	SINE/MIR	477	-	80	60846782	3737
chr8	60843045	61043045	harbor1	chr8	60885393	60885600	SINE/MIR	636	-	104	60885497	42452
chr8	60843045	61043045	harbor1	chr8	60897479	60897688	SINE/MIR	664	-	104	60897583	54538
chr8	17128020	17328020	harbor1	chr8	17140764	17140969	SINE/MIR	663	-	102	17140866	12846
chr8	80657735	80857735	harbor1	chr8	80670886	80671092	SINE/MIR	549	-	103	80670989	13254
chr8	80657735	80857735	harbor1	chr8	80682777	80682918	SINE/MIR	394	-	70	80682847	25112
chr8	80657735	80857735	harbor1	chr8	80688355	80688526	SINE/MIR	456	-	86	80688441	30706
chr8	80657735	80857735	harbor1	chr8	80710271	80710475	SINE/MIR	511	-	102	80710373	52638
chr8	80657735	80857735	harbor1	chr8	80719932	80720137	SINE/MIR	500	-	102	80720034	62299
chr8	80657735	80857735	harbor1	chr8	80726913	80727135	SINE/MIR	657	-	111	80727024	69289
chr8	80657735	80857735	harbor1	chr8	80728079	80728330	SINE/MIR	637	-	126	80728205	70470
chr8	80657735	80857735	harbor1	chr8	80728506	80728710	SINE/MIR	449	-	102	80728608	70873
chr8	80657735	80857735	harbor1	chr8	80738383	80738595	SINE/MIR	505	-	106	80738489	80754
chr8	80657735	80857735	harbor1	chr8	80756321	80756468	SINE/MIR	396	-	74	80756395	98660
chr8	120989963	121189963	harbor1	chr8	121029238	121029480	SINE/MIR	491	-	121	121029359	39396
chr8	60909043	61109043	harbor1	chr8	60945605	60945808	SINE/MIR	722	-	102	60945707	36664
chr8	60909043	61109043	harbor1	chr8	60950686	60950837	SINE/MIR	393	-	76	60950762	41719
chr8	60909043	61109043	harbor1	chr8	60984670	60984919	SINE/MIR	630	-	124	60984794	75751
chr8	9764499	9964499	harbor1	chr8	9827754	9827982	SINE/MIR	975	-	114	9827868	63369
chr8	9764499	9964499	harbor1	chr8	9828606	9828639	SINE/MIR	975	-	16	9828622	64123
chr8	40558086	40758086	harbor1	chr8	40568642	40568836	SINE/MIR	478	-	97	40568739	10653
chr8	40558086	40758086	harbor1	chr8	40589176	40589355	SINE/MIR	711	-	90	40589266	31180
chr8	40558086	40758086	harbor1	chr8	40628333	40628549	SINE/MIR	586	-	108	40628441	70355
chr8	40558086	40758086	harbor1	chr8	40630297	40630543	SINE/MIR	399	-	123	40630420	72334
chr8	130309875	130509875	harbor1	chr8	130312583	130312756	SINE/MIR	431	-	86	130312669	2794
chr8	130309875	130509875	harbor1	chr8	130314322	130314475	SINE/MIR	517	-	76	130314398	4523
chr8	130309875	130509875	harbor1	chr8	130325869	130326095	SINE/MIR	447	-	113	130325982	16107
chr8	130309875	130509875	harbor1	chr8	130328084	130328314	SINE/MIR	456	-	115	130328199	18324
chr8	130309875	130509875	harbor1	chr8	130335240	130335463	SINE/MIR	424	-	112	130335352	25477
chr8	130309875	130509875	harbor1	chr8	130337904	130338072	SINE/MIR	438	-	84	130337988	28113
chr8	130309875	130509875	harbor1	chr8	130349425	130349600	SINE/MIR	504	-	88	130349513	39638
chr8	130309875	130509875	harbor1	chr8	130371109	130371362	SINE/MIR	740	-	126	130371235	61360
chr8	130309875	130509875	harbor1	chr8	130383503	130383661	SINE/MIR	431	-	79	130383582	73707
chr8	130309875	130509875	harbor1	chr8	130392452	130392598	SINE/MIR	767	-	73	130392525	82650
chr8	130309875	130509875	harbor1	chr8	130392979	130393011	SINE/MIR	767	-	16	130392995	83120
chr8	130309875	130509875	harbor1	chr8	130398635	130398868	SINE/MIR	754	-	116	130398751	88876
chr8	130309875	130509875	harbor1	chr8	130408710	130408895	SINE/MIR	552	-	92	130408802	98927
chr8	74213481	74413481	harbor1	chr8	74233270	74233455	SINE/MIR	558	-	92	74233362	19881
chr8	74213481	74413481	harbor1	chr8	74242280	74242490	SINE/MIR	992	-	105	74242385	28904
chr8	74213481	74413481	harbor1	chr8	74280821	74281061	SINE/MIR	596	-	120	74280941	67460
chr8	74213481	74413481	harbor1	chr8	74293349	74293528	SINE/MIR	641	-	90	74293439	79958
chr8	74213481	74413481	harbor1	chr8	74294766	74295022	SINE/MIR	549	-	128	74294894	81413
chr8	74213481	74413481	harbor1	chr8	74295478	74295612	SINE/MIR	426	-	67	74295545	82064
chr8	123733076	123933076	harbor1	chr8	123758837	123759016	SINE/MIR	563	-	90	123758927	25851
chr8	123733076	123933076	harbor1	chr8	123779059	123779300	SINE/MIR	689	-	120	123779179	46103
chr8	123733076	123933076	harbor1	chr8	123799102	123799327	SINE/MIR	847	-	112	123799214	66138
chr8	13563494	13763494	harbor1	chr8	13653994	13654159	SINE/MIR	631	-	82	13654076	90582
chr8	16588671	16788671	harbor1	chr8	16611137	16611326	SINE/MIR	534	-	94	16611231	22560
chr8	16588671	16788671	harbor1	chr8	16611472	16611591	SINE/MIR	435	-	60	16611532	22861
chr8	16588671	16788671	harbor1	chr8	16635966	16636157	SINE/MIR	726	-	96	16636062	47391
chr8	16588671	16788671	harbor1	chr8	16678567	16678779	SINE/MIR	685	-	106	16678673	90002
chr8	93278036	93478036	harbor1	chr8	93279089	93279320	SINE/MIR	677	-	116	93279205	1169
chr8	93278036	93478036	harbor1	chr8	93289384	93289612	SINE/MIR	546	-	114	93289498	11462
chr8	93278036	93478036	harbor1	chr8	93323424	93323674	SINE/MIR	451	-	125	93323549	45513
chr8	93278036	93478036	harbor1	chr8	93324178	93324339	SINE/MIR	552	-	80	93324258	46222
chr8	93278036	93478036	harbor1	chr8	93325257	93325499	SINE/MIR	683	-	121	93325378	47342
chr8	93278036	93478036	harbor1	chr8	93331832	93332002	SINE/MIR	528	-	85	93331917	53881
chr8	93278036	93478036	harbor1	chr8	93370386	93370557	SINE/MIR	466	-	86	93370472	92436
chr8	93278036	93478036	harbor1	chr8	93373576	93373694	SINE/MIR	414	-	59	93373635	95599
chr8	93278036	93478036	harbor1	chr8	93306828	93306953	SINE/MIR	408	-	62	93306890	28854
chr8	108006118	108206118	harbor1	chr8	108039297	108039510	SINE/MIR	734	-	106	108039403	33285
chr8	108006118	108206118	harbor1	chr8	108048004	108048180	SINE/MIR	575	-	88	108048092	41974
chr8	108006118	108206118	harbor1	chr8	108052657	108052809	SINE/MIR	456	-	76	108052733	46615
chr8	132716350	132916350	harbor1	chr8	132722455	132722662	SINE/MIR	620	-	104	132722559	6209
chr8	132716350	132916350	harbor1	chr8	132738106	132738304	SINE/MIR	521	-	99	132738205	21855
chr8	132716350	132916350	harbor1	chr8	132747383	132747618	SINE/MIR	1155	-	118	132747501	31151
chr8	132716350	132916350	harbor1	chr8	132754915	132755068	SINE/MIR	415	-	76	132754991	38641
chr8	132716350	132916350	harbor1	chr8	132755775	132755996	SINE/MIR	604	-	110	132755885	39535
chr8	132716350	132916350	harbor1	chr8	132762534	132762775	SINE/MIR	923	-	120	132762654	46304
chr8	140371756	140571756	harbor1	chr8	140395382	140395499	SINE/MIR	394	-	58	140395440	23684
chr8	90717347	90917347	harbor1	chr8	90723016	90723282	SINE/MIR	776	-	133	90723149	5802
chr8	90717347	90917347	harbor1	chr8	90770410	90770594	SINE/MIR	462	-	92	90770502	53155
chr8	90717347	90917347	harbor1	chr8	90784432	90784582	SINE/MIR	402	-	75	90784507	67160
chr8	90717347	90917347	harbor1	chr8	90785596	90785816	SINE/MIR	459	-	110	90785706	68359
chr8	90717347	90917347	harbor1	chr8	90806855	90806999	SINE/MIR	443	-	72	90806927	89580
chr8	90717347	90917347	harbor1	chr8	90809966	90810134	SINE/MIR	418	-	84	90810050	92703
chr8	94226773	94426773	harbor1	chr8	94228403	94228594	SINE/MIR	491	-	96	94228499	1726
chr8	94226773	94426773	harbor1	chr8	94231114	94231223	SINE/MIR	394	-	54	94231168	4395
chr8	94226773	94426773	harbor1	chr8	94232765	94232911	SINE/MIR	438	-	73	94232838	6065
chr8	94226773	94426773	harbor1	chr8	94247131	94247299	SINE/MIR	652	-	84	94247215	20442
chr8	94226773	94426773	harbor1	chr8	94250879	94251083	SINE/MIR	466	-	102	94250981	24208
chr8	94226773	94426773	harbor1	chr8	94256812	94257026	SINE/MIR	592	-	107	94256919	30146
chr8	94226773	94426773	harbor1	chr8	94263248	94263411	SINE/MIR	473	-	82	94263330	36557
chr8	94226773	94426773	harbor1	chr8	94269326	94269426	SINE/MIR	482	-	50	94269376	42603
chr8	94226773	94426773	harbor1	chr8	94271420	94271647	SINE/MIR	730	-	114	94271534	44761
chr8	94226773	94426773	harbor1	chr8	94240679	94240948	SINE/MIR	531	-	134	94240813	14040
chr8	26314272	26514272	harbor1	chr8	26388271	26388467	SINE/MIR	682	-	98	26388369	74097
chr8	26314272	26514272	harbor1	chr8	26403839	26404009	SINE/MIR	399	-	85	26403924	89652
chr8	70478501	70678501	harbor1	chr8	70495580	70495793	SINE/MIR	935	-	106	70495686	17185
chr8	70478501	70678501	harbor1	chr8	70534391	70534640	SINE/MIR	427	-	124	70534515	56014
chr8	70478501	70678501	harbor1	chr8	70500187	70500397	SINE/MIR	492	-	105	70500292	21791
chr8	94686213	94886213	harbor1	chr8	94699971	94700169	SINE/MIR	525	-	99	94700070	13857
chr8	94686213	94886213	harbor1	chr8	94779120	94779310	SINE/MIR	417	-	95	94779215	93002
chr8	94686213	94886213	harbor1	chr8	94779627	94779657	SINE/MIR	417	-	15	94779642	93429
chr8	58649064	58849064	harbor1	chr8	58671250	58671460	SINE/MIR	592	-	105	58671355	22291
chr8	58649064	58849064	harbor1	chr8	58700510	58700644	SINE/MIR	410	-	67	58700577	51513
chr8	58649064	58849064	harbor1	chr8	58717325	58717495	SINE/MIR	521	-	85	58717410	68346
chr8	58649064	58849064	harbor1	chr8	58724252	58724414	SINE/MIR	557	-	81	58724333	75269
chr8	58649064	58849064	harbor1	chr8	58738700	58738900	SINE/MIR	434	-	100	58738800	89736
chr8	109104133	109304133	harbor1	chr8	109107301	109107512	SINE/MIR	509	-	106	109107407	3274
chr8	109104133	109304133	harbor1	chr8	109146829	109147041	SINE/MIR	419	-	106	109146935	42802
chr8	109104133	109304133	harbor1	chr8	109148446	109148693	SINE/MIR	649	-	124	109148570	44437
chr8	109104133	109304133	harbor1	chr8	109153418	109153544	SINE/MIR	528	-	63	109153481	49348
chr8	109104133	109304133	harbor1	chr8	109188955	109189151	SINE/MIR	546	-	98	109189053	84920
chr8	109104133	109304133	harbor1	chr8	109189308	109189471	SINE/MIR	460	-	82	109189390	85257
chr8	109104133	109304133	harbor1	chr8	109192939	109193127	SINE/MIR	750	-	94	109193033	88900
chr8	86499090	86699090	harbor1	chr8	86509560	86509779	SINE/MIR	539	-	110	86509670	10580
chr8	86499090	86699090	harbor1	chr8	86592367	86592585	SINE/MIR	566	-	109	86592476	93386
chr8	100735781	100935781	harbor1	chr8	100747929	100748120	SINE/MIR	591	-	96	100748025	12244
chr8	100735781	100935781	harbor1	chr8	100751252	100751294	SINE/MIR	414	-	21	100751273	15492
chr8	100735781	100935781	harbor1	chr8	100751609	100751722	SINE/MIR	414	-	56	100751665	15884
chr8	100735781	100935781	harbor1	chr8	100770612	100770849	SINE/MIR	830	-	118	100770730	34949
chr8	100735781	100935781	harbor1	chr8	100771141	100771153	SINE/MIR	461	-	6	100771147	35366
chr8	100735781	100935781	harbor1	chr8	100771584	100771817	SINE/MIR	1101	-	116	100771700	35919
chr8	100735781	100935781	harbor1	chr8	100775115	100775301	SINE/MIR	503	-	93	100775208	39427
chr8	100735781	100935781	harbor1	chr8	100796774	100796984	SINE/MIR	438	-	105	100796879	61098
chr8	100735781	100935781	harbor1	chr8	100797267	100797374	SINE/MIR	781	-	54	100797321	61540
chr8	100735781	100935781	harbor1	chr8	100797712	100797822	SINE/MIR	781	-	55	100797767	61986
chr8	93578948	93778948	harbor1	chr8	93579628	93579863	SINE/MIR	619	-	118	93579746	798
chr8	93578948	93778948	harbor1	chr8	93592690	93592737	SINE/MIR	634	-	24	93592714	13766
chr8	93578948	93778948	harbor1	chr8	93592969	93593141	SINE/MIR	634	-	86	93593055	14107
chr8	93578948	93778948	harbor1	chr8	93614424	93614653	SINE/MIR	742	-	114	93614538	35590
chr8	93578948	93778948	harbor1	chr8	93621066	93621191	SINE/MIR	434	-	62	93621128	42180
chr8	93578948	93778948	harbor1	chr8	93624397	93624581	SINE/MIR	429	-	92	93624489	45541
chr8	93578948	93778948	harbor1	chr8	93649398	93649571	SINE/MIR	400	-	86	93649484	70536
chr8	30072251	30272251	harbor1	chr8	30137576	30137591	SINE/MIR	461	-	8	30137584	65333
chr8	30072251	30272251	harbor1	chr8	30138313	30138475	SINE/MIR	461	-	81	30138394	66143
chr8	30072251	30272251	harbor1	chr8	30142133	30142341	SINE/MIR	409	-	104	30142237	69986
chr8	84972957	85172957	harbor1	chr8	85017628	85017763	SINE/MIR	398	-	68	85017696	44739
chr8	84972957	85172957	harbor1	chr8	85018857	85019047	SINE/MIR	581	-	95	85018952	45995
chr8	84972957	85172957	harbor1	chr8	85022676	85022828	SINE/MIR	496	-	76	85022752	49795
chr8	84972957	85172957	harbor1	chr8	85030894	85031119	SINE/MIR	529	-	112	85031006	58049
chr8	84972957	85172957	harbor1	chr8	85041531	85041736	SINE/MIR	504	-	102	85041633	68676
chr8	95747443	95947443	harbor1	chr8	95749203	95749411	SINE/MIR	572	-	104	95749307	1864
chr8	95747443	95947443	harbor1	chr8	95773827	95774021	SINE/MIR	443	-	97	95773924	26481
chr8	95747443	95947443	harbor1	chr8	95775945	95776158	SINE/MIR	693	-	106	95776051	28608
chr8	95747443	95947443	harbor1	chr8	95782633	95782868	SINE/MIR	991	-	118	95782751	35308
chr8	95747443	95947443	harbor1	chr8	95823413	95823456	SINE/MIR	399	-	22	95823435	75992
chr8	95747443	95947443	harbor1	chr8	95825132	95825269	SINE/MIR	399	-	68	95825200	77757
chr9	35497155	35697155	harbor1	chr9	35509758	35509969	SINE/MIR	458	-	106	35509864	12709
chr9	35497155	35697155	harbor1	chr9	35519737	35519958	SINE/MIR	467	-	110	35519847	22692
chr9	35497155	35697155	harbor1	chr9	35526415	35526568	SINE/MIR	410	-	76	35526491	29336
chr9	33990465	34190465	harbor1	chr9	34026642	34026859	SINE/MIR	877	-	108	34026750	36285
chr9	33990465	34190465	harbor1	chr9	34071347	34071499	SINE/MIR	425	-	76	34071423	80958
chr9	118082244	118282244	harbor1	chr9	118108515	118108758	SINE/MIR	714	-	122	118108637	26393
chr9	118082244	118282244	harbor1	chr9	118135387	118135620	SINE/MIR	488	-	116	118135503	53259
chr9	118082244	118282244	harbor1	chr9	118139941	118140140	SINE/MIR	446	-	100	118140041	57797
chr9	118082244	118282244	harbor1	chr9	118144461	118144681	SINE/MIR	608	-	110	118144571	62327
chr9	118082244	118282244	harbor1	chr9	118166067	118166306	SINE/MIR	549	-	120	118166187	83943
chr9	118082244	118282244	harbor1	chr9	118170863	118170924	SINE/MIR	408	-	30	118170893	88649
chr9	118082244	118282244	harbor1	chr9	118171097	118171200	SINE/MIR	408	-	52	118171149	88905
chr9	77843322	78043322	harbor1	chr9	77846765	77846900	SINE/MIR	581	-	68	77846833	3511
chr9	77843322	78043322	harbor1	chr9	77876601	77876812	SINE/MIR	460	-	106	77876707	33385
chr9	77843322	78043322	harbor1	chr9	77895234	77895457	SINE/MIR	581	-	112	77895346	52024
chr9	77843322	78043322	harbor1	chr9	77908510	77908684	SINE/MIR	417	-	87	77908597	65275
chr9	77843322	78043322	harbor1	chr9	77910729	77910946	SINE/MIR	452	-	108	77910837	67515
chr9	27520084	27720084	harbor1	chr9	27536802	27536953	SINE/MIR	542	-	76	27536878	16794
chr9	27520084	27720084	harbor1	chr9	27542108	27542330	SINE/MIR	909	-	111	27542219	22135
chr9	27520084	27720084	harbor1	chr9	27560973	27561198	SINE/MIR	753	-	112	27561085	41001
chr9	30111802	30311802	harbor1	chr9	30141601	30141782	SINE/MIR	498	-	90	30141691	29889
chr9	125661246	125861246	harbor1	chr9	125680952	125681127	SINE/MIR	600	-	88	125681040	19794
chr9	125661246	125861246	harbor1	chr9	125688771	125688920	SINE/MIR	560	-	74	125688845	27599
chr9	125661246	125861246	harbor1	chr9	125716822	125717014	SINE/MIR	786	-	96	125716918	55672
chr9	125661246	125861246	harbor1	chr9	125738220	125738289	SINE/MIR	563	-	34	125738254	77008
chr9	125661246	125861246	harbor1	chr9	125738581	125738742	SINE/MIR	563	-	80	125738661	77415
chr9	125661246	125861246	harbor1	chr9	125758895	125759040	SINE/MIR	408	-	72	125758967	97721
chr9	26899847	27099847	harbor1	chr9	26900113	26900328	SINE/MIR	418	-	108	26900221	374
chr9	26899847	27099847	harbor1	chr9	26912635	26912877	SINE/MIR	555	-	121	26912756	12909
chr9	26899847	27099847	harbor1	chr9	26916700	26916847	SINE/MIR	632	-	74	26916774	16927
chr9	26899847	27099847	harbor1	chr9	26949201	26949305	SINE/MIR	431	-	52	26949253	49406
chr9	85829151	86029151	harbor1	chr9	85911211	85911332	SINE/MIR	418	-	60	85911271	82120
chr9	85829151	86029151	harbor1	chr9	85911617	85911728	SINE/MIR	418	-	56	85911673	82522
chr9	9456564	9656564	harbor1	chr9	9456625	9456878	SINE/MIR	612	-	126	9456751	187
chr9	9456564	9656564	harbor1	chr9	9478408	9478558	SINE/MIR	507	-	75	9478483	21919
chr9	9456564	9656564	harbor1	chr9	9484564	9484813	SINE/MIR	736	-	124	9484688	28124
chr9	9456564	9656564	harbor1	chr9	9553328	9553564	SINE/MIR	423	-	118	9553446	96882
chr9	98539418	98739418	harbor1	chr9	98540278	98540457	SINE/MIR	652	-	90	98540368	950
chr9	98539418	98739418	harbor1	chr9	98553661	98553848	SINE/MIR	688	-	94	98553755	14337
chr9	98539418	98739418	harbor1	chr9	98553904	98554099	SINE/MIR	505	-	98	98554002	14584
chr9	98539418	98739418	harbor1	chr9	98575441	98575577	SINE/MIR	519	-	68	98575509	36091
chr9	98539418	98739418	harbor1	chr9	98585665	98585738	SINE/MIR	454	-	36	98585701	46283
chr9	98539418	98739418	harbor1	chr9	98585974	98586057	SINE/MIR	454	-	42	98586016	46598
chr9	98539418	98739418	harbor1	chr9	98588434	98588681	SINE/MIR	1151	-	124	98588558	49140
chr9	98539418	98739418	harbor1	chr9	98592350	98592601	SINE/MIR	711	-	126	98592476	53058
chr9	98539418	98739418	harbor1	chr9	98604700	98604919	SINE/MIR	555	-	110	98604810	65392
chr9	98539418	98739418	harbor1	chr9	98621081	98621277	SINE/MIR	551	-	98	98621179	81761
chr9	98539418	98739418	harbor1	chr9	98623914	98624038	SINE/MIR	463	-	62	98623976	84558
chr9	98539418	98739418	harbor1	chr9	98625792	98625947	SINE/MIR	467	-	78	98625870	86452
chr9	98539418	98739418	harbor1	chr9	98637371	98637398	SINE/MIR	667	-	14	98637385	97967
chr9	98539418	98739418	harbor1	chr9	98637901	98638109	SINE/MIR	667	-	104	98638005	98587
chr9	83145654	83345654	harbor1	chr9	83204866	83205079	SINE/MIR	667	-	106	83204972	59318
chr9	83145654	83345654	harbor1	chr9	83212180	83212286	SINE/MIR	519	-	53	83212233	66579
chr9	83145654	83345654	harbor1	chr9	83236269	83236522	SINE/MIR	656	-	126	83236395	90741
chr9	113974093	114174093	harbor1	chr9	113985083	113985271	SINE/MIR	461	-	94	113985177	11084
chr9	113974093	114174093	harbor1	chr9	113986121	113986352	SINE/MIR	552	-	116	113986237	12144
chr9	113974093	114174093	harbor1	chr9	113986837	113987012	SINE/MIR	436	-	88	113986925	12832
chr9	113974093	114174093	harbor1	chr9	113998878	113999079	SINE/MIR	416	-	100	113998978	24885
chr9	113974093	114174093	harbor1	chr9	114001421	114001584	SINE/MIR	499	-	82	114001503	27410
chr9	113974093	114174093	harbor1	chr9	114001630	114001891	SINE/MIR	577	-	130	114001760	27667
chr9	113974093	114174093	harbor1	chr9	114005006	114005222	SINE/MIR	494	-	108	114005114	31021
chr9	113974093	114174093	harbor1	chr9	114016378	114016572	SINE/MIR	1034	-	97	114016475	42382
chr9	113974093	114174093	harbor1	chr9	114034457	114034686	SINE/MIR	802	-	114	114034571	60478
chr9	113974093	114174093	harbor1	chr9	114038694	114038872	SINE/MIR	554	-	89	114038783	64690
chr9	113974093	114174093	harbor1	chr9	114038874	114039121	SINE/MIR	874	-	124	114038998	64905
chr9	113974093	114174093	harbor1	chr9	114047597	114047820	SINE/MIR	440	-	112	114047709	73616
chr9	113974093	114174093	harbor1	chr9	114061614	114061813	SINE/MIR	560	-	100	114061714	87621
chr9	113974093	114174093	harbor1	chr9	114069363	114069568	SINE/MIR	421	-	102	114069465	95372
chr9	113974093	114174093	harbor1	chr9	114070000	114070185	SINE/MIR	493	-	92	114070092	95999
chr9	27086639	27286639	harbor1	chr9	27108066	27108299	SINE/MIR	682	-	116	27108182	21543
chr9	27086639	27286639	harbor1	chr9	27118189	27118351	SINE/MIR	407	-	81	27118270	31631
chr9	27086639	27286639	harbor1	chr9	27135576	27135753	SINE/MIR	443	-	88	27135664	49025
chr9	27086639	27286639	harbor1	chr9	27165585	27165765	SINE/MIR	472	-	90	27165675	79036
chr9	69968562	70168562	harbor1	chr9	69997032	69997163	SINE/MIR	434	-	66	69997098	28536
chr9	69968562	70168562	harbor1	chr9	70017901	70018021	SINE/MIR	547	-	60	70017961	49399
chr9	69968562	70168562	harbor1	chr9	70020877	70021077	SINE/MIR	598	-	100	70020977	52415
chr9	69968562	70168562	harbor1	chr9	70033590	70033833	SINE/MIR	974	-	122	70033712	65150
chr9	69968562	70168562	harbor1	chr9	70055244	70055460	SINE/MIR	533	-	108	70055352	86790
chr9	69968562	70168562	harbor1	chr9	70058143	70058365	SINE/MIR	637	-	111	70058254	89692
chr9	69968562	70168562	harbor1	chr9	70063688	70063934	SINE/MIR	556	-	123	70063811	95249
chr9	83176166	83376166	harbor1	chr9	83204866	83205079	SINE/MIR	667	-	106	83204972	28806
chr9	83176166	83376166	harbor1	chr9	83212180	83212286	SINE/MIR	519	-	53	83212233	36067
chr9	83176166	83376166	harbor1	chr9	83236269	83236522	SINE/MIR	656	-	126	83236395	60229
chr9	83176166	83376166	harbor1	chr9	83260251	83260369	SINE/MIR	444	-	59	83260310	84144
chr9	83176166	83376166	harbor1	chr9	83267905	83268056	SINE/MIR	578	-	76	83267981	91815
chr9	106506364	106706364	harbor1	chr9	106558514	106558735	SINE/MIR	669	-	110	106558624	52260
chr9	106506364	106706364	harbor1	chr9	106579161	106579387	SINE/MIR	708	-	113	106579274	72910
chr9	106506364	106706364	harbor1	chr9	106586922	106587158	SINE/MIR	613	-	118	106587040	80676
chr9	106506364	106706364	harbor1	chr9	106589215	106589461	SINE/MIR	734	-	123	106589338	82974
chr9	106506364	106706364	harbor1	chr9	106601665	106601892	SINE/MIR	888	-	114	106601779	95415
chr9	106506364	106706364	harbor1	chr9	106604710	106604935	SINE/MIR	576	-	112	106604822	98458
chr9	111126466	111326466	harbor1	chr9	111128472	111128687	SINE/MIR	662	-	108	111128580	2114
chr9	111126466	111326466	harbor1	chr9	111133059	111133140	SINE/MIR	436	-	40	111133099	6633
chr9	111126466	111326466	harbor1	chr9	111186565	111186667	SINE/MIR	444	-	51	111186616	60150
chr9	111126466	111326466	harbor1	chr9	111217378	111217533	SINE/MIR	590	-	78	111217456	90990
chr9	111126466	111326466	harbor1	chr9	111217835	111217928	SINE/MIR	590	-	46	111217881	91415
chr9	19269648	19469648	harbor1	chr9	19313333	19313464	SINE/MIR	444	-	66	19313399	43751
chr9	19269648	19469648	harbor1	chr9	19348146	19348317	SINE/MIR	755	-	86	19348232	78584
chr9	19269648	19469648	harbor1	chr9	19361200	19361374	SINE/MIR	455	-	87	19361287	91639
chr9	4843494	5043494	harbor1	chr9	4853091	4853323	SINE/MIR	671	-	116	4853207	9713
chr9	4843494	5043494	harbor1	chr9	4903550	4903770	SINE/MIR	774	-	110	4903660	60166
chr9	4843494	5043494	harbor1	chr9	4909802	4909918	SINE/MIR	408	-	58	4909860	66366
chr9	4843494	5043494	harbor1	chr9	4935456	4935610	SINE/MIR	487	-	77	4935533	92039
chr9	125219548	125419548	harbor1	chr9	125224343	125224454	SINE/MIR	487	-	56	125224399	4851
chr9	125219548	125419548	harbor1	chr9	125224754	125224890	SINE/MIR	487	-	68	125224822	5274
chr9	125219548	125419548	harbor1	chr9	125242385	125242611	SINE/MIR	670	-	113	125242498	22950
chr9	125219548	125419548	harbor1	chr9	125242911	125242921	SINE/MIR	670	-	5	125242916	23368
chr9	125219548	125419548	harbor1	chr9	125243876	125243972	SINE/MIR	442	-	48	125243924	24376
chr9	125219548	125419548	harbor1	chr9	125244258	125244404	SINE/MIR	442	-	73	125244331	24783
chr9	125219548	125419548	harbor1	chr9	125274422	125274463	SINE/MIR	725	-	20	125274442	54894
chr9	125219548	125419548	harbor1	chr9	125274762	125274956	SINE/MIR	725	-	97	125274859	55311
chr9	62624773	62824773	harbor1	chr9	62666137	62666288	SINE/MIR	551	-	76	62666213	41440
chr9	62624773	62824773	harbor1	chr9	62695215	62695368	SINE/MIR	576	-	76	62695291	70518
chr9	61829865	62029865	harbor1	chr9	61875528	61875650	SINE/MIR	413	-	61	61875589	45724
chr9	61829865	62029865	harbor1	chr9	61877392	61877506	SINE/MIR	449	-	57	61877449	47584
chr9	61829865	62029865	harbor1	chr9	61883270	61883496	SINE/MIR	764	-	113	61883383	53518
chr9	61829865	62029865	harbor1	chr9	61894029	61894104	SINE/MIR	671	-	38	61894067	64202
chr9	61829865	62029865	harbor1	chr9	61894366	61894534	SINE/MIR	671	-	84	61894450	64585
chr9	61829865	62029865	harbor1	chr9	61899180	61899395	SINE/MIR	646	-	108	61899288	69423
chr9	61829865	62029865	harbor1	chr9	61908177	61908427	SINE/MIR	1041	-	125	61908302	78437
chr9	61829865	62029865	harbor1	chr9	61908428	61908687	SINE/MIR	760	-	130	61908558	78693
chr9	61829865	62029865	harbor1	chr9	61922945	61923213	SINE/MIR	425	-	134	61923079	93214
chr9	61829865	62029865	harbor1	chr9	61924313	61924542	SINE/MIR	479	-	114	61924427	94562
chr9	35823927	36023927	harbor1	chr9	35830530	35830674	SINE/MIR	497	-	72	35830602	6675
chr9	35823927	36023927	harbor1	chr9	35905765	35905941	SINE/MIR	544	-	88	35905853	81926
chr9	62331003	62531003	harbor1	chr9	62374926	62375112	SINE/MIR	657	-	93	62375019	44016
chr9	124701289	124901289	harbor1	chr9	124723683	124723903	SINE/MIR	703	-	110	124723793	22504
chr9	124701289	124901289	harbor1	chr9	124782407	124782630	SINE/MIR	513	-	112	124782519	81230
chr9	124701289	124901289	harbor1	chr9	124783487	124783641	SINE/MIR	503	-	77	124783564	82275
chr9	124701289	124901289	harbor1	chr9	124797291	124797498	SINE/MIR	539	-	104	124797395	96106
chr9	9337465	9537465	harbor1	chr9	9377433	9377639	SINE/MIR	458	-	103	9377536	40071
chr9	9337465	9537465	harbor1	chr9	9422088	9422268	SINE/MIR	705	-	90	9422178	84713
chr9	108619343	108819343	harbor1	chr9	108621412	108621621	SINE/MIR	604	-	104	108621516	2173
chr9	108619343	108819343	harbor1	chr9	108631508	108631667	SINE/MIR	590	-	80	108631588	12245
chr9	108619343	108819343	harbor1	chr9	108643256	108643438	SINE/MIR	411	-	91	108643347	24004
chr9	108619343	108819343	harbor1	chr9	108648020	108648203	SINE/MIR	486	-	92	108648112	28769
chr9	108619343	108819343	harbor1	chr9	108648626	108648789	SINE/MIR	470	-	82	108648708	29365
chr9	108619343	108819343	harbor1	chr9	108656260	108656437	SINE/MIR	512	-	88	108656348	37005
chr9	108619343	108819343	harbor1	chr9	108671158	108671395	SINE/MIR	539	-	118	108671276	51933
chr9	108619343	108819343	harbor1	chr9	108679375	108679474	SINE/MIR	418	-	50	108679425	60082
chr9	108619343	108819343	harbor1	chr9	108679731	108679742	SINE/MIR	418	-	6	108679737	60394
chr9	108619343	108819343	harbor1	chr9	108683182	108683391	SINE/MIR	629	-	104	108683286	63943
chr9	108619343	108819343	harbor1	chr9	108685249	108685463	SINE/MIR	434	-	107	108685356	66013
chr9	108619343	108819343	harbor1	chr9	108688455	108688677	SINE/MIR	618	-	111	108688566	69223
chr9	108619343	108819343	harbor1	chr9	108707683	108707854	SINE/MIR	495	-	86	108707769	88426
chr9	131594814	131794814	harbor1	chr9	131602453	131602664	SINE/MIR	558	-	106	131602559	7745
chr9	131594814	131794814	harbor1	chr9	131627696	131627868	SINE/MIR	558	-	86	131627782	32968
chr9	131594814	131794814	harbor1	chr9	131637680	131637935	SINE/MIR	740	-	128	131637808	42994
chr9	131594814	131794814	harbor1	chr9	131646089	131646314	SINE/MIR	783	-	112	131646201	51387
chr9	111194252	111394252	harbor1	chr9	111217378	111217533	SINE/MIR	590	-	78	111217456	23204
chr9	111194252	111394252	harbor1	chr9	111217835	111217928	SINE/MIR	590	-	46	111217881	23629
chr9	111194252	111394252	harbor1	chr9	111250910	111251134	SINE/MIR	577	-	112	111251022	56770
chr9	111194252	111394252	harbor1	chr9	111284473	111284669	SINE/MIR	420	-	98	111284571	90319
chr9	122630502	122830502	harbor1	chr9	122639911	122640116	SINE/MIR	721	-	102	122640013	9511
chr9	122630502	122830502	harbor1	chr9	122657251	122657457	SINE/MIR	563	-	103	122657354	26852
chr9	122630502	122830502	harbor1	chr9	122706970	122707009	SINE/MIR	717	-	20	122706990	76488
chr9	122630502	122830502	harbor1	chr9	122707173	122707374	SINE/MIR	717	-	100	122707273	76771
chr9	79808333	80008333	harbor1	chr9	79873634	79873872	SINE/MIR	709	-	119	79873753	65420
chr9	100628232	100828232	harbor1	chr9	100659901	100660086	SINE/MIR	699	-	92	100659993	31761
chr9	100628232	100828232	harbor1	chr9	100672579	100672807	SINE/MIR	998	-	114	100672693	44461
chr9	100628232	100828232	harbor1	chr9	100686876	100687020	SINE/MIR	464	-	72	100686948	58716
chr9	100628232	100828232	harbor1	chr9	100714293	100714523	SINE/MIR	460	-	115	100714408	86176
chr9	100628232	100828232	harbor1	chr9	100726929	100727071	SINE/MIR	532	-	71	100727000	98768
chr9	137812511	138012511	harbor1	chr9	137863190	137863408	SINE/MIR	726	-	109	137863299	50788
chr9	128404376	128604376	harbor1	chr9	128404336	128404498	SINE/MIR	433	-	81	128404417	41
chr9	128404376	128604376	harbor1	chr9	128407206	128407415	SINE/MIR	470	-	104	128407310	2934
chr9	128404376	128604376	harbor1	chr9	128408750	128408883	SINE/MIR	544	-	66	128408816	4440
chr9	128404376	128604376	harbor1	chr9	128409908	128410133	SINE/MIR	568	-	112	128410020	5644
chr9	128404376	128604376	harbor1	chr9	128488649	128488734	SINE/MIR	418	-	42	128488691	84315
chr9	128404376	128604376	harbor1	chr9	128489025	128489168	SINE/MIR	418	-	72	128489097	84721
chr9	128404376	128604376	harbor1	chr9	128495251	128495489	SINE/MIR	646	-	119	128495370	90994
chr9	128404376	128604376	harbor1	chr9	128497126	128497281	SINE/MIR	465	-	78	128497204	92828
chr9	73017556	73217556	harbor1	chr9	73053872	73054068	SINE/MIR	519	-	98	73053970	36414
chr9	73017556	73217556	harbor1	chr9	73086240	73086438	SINE/MIR	468	-	99	73086339	68783
chr9	82084965	82284965	harbor1	chr9	82092662	82092882	SINE/MIR	496	-	110	82092772	7807
chr9	82084965	82284965	harbor1	chr9	82113653	82113907	SINE/MIR	594	-	127	82113780	28815
chr9	82084965	82284965	harbor1	chr9	82137082	82137220	SINE/MIR	428	-	69	82137151	52186
chr9	62690974	62890974	harbor1	chr9	62695215	62695368	SINE/MIR	576	-	76	62695291	4317
chr9	62690974	62890974	harbor1	chr9	62740971	62741140	SINE/MIR	525	-	84	62741055	50081
chr9	28683761	28883761	harbor1	chr9	28694546	28694742	SINE/MIR	833	-	98	28694644	10883
chr9	28683761	28883761	harbor1	chr9	28733862	28733968	SINE/MIR	597	-	53	28733915	50154
chr9	28683761	28883761	harbor1	chr9	28734489	28734593	SINE/MIR	597	-	52	28734541	50780
chr9	28683761	28883761	harbor1	chr9	28745692	28745841	SINE/MIR	420	-	74	28745766	62005
chr9	28683761	28883761	harbor1	chr9	28754139	28754366	SINE/MIR	419	-	114	28754253	70492
chr9	28683761	28883761	harbor1	chr9	28781035	28781213	SINE/MIR	419	-	89	28781124	97363
chr9	28683761	28883761	harbor1	chr9	28737473	28737625	SINE/MIR	514	-	76	28737549	53788
chr9	6052672	6252672	harbor1	chr9	6065822	6065982	SINE/MIR	574	-	80	6065902	13230
chr9	6052672	6252672	harbor1	chr9	6108465	6108671	SINE/MIR	624	-	103	6108568	55896
chr9	6052672	6252672	harbor1	chr9	6127069	6127276	SINE/MIR	601	-	104	6127173	74501
chr9	6052672	6252672	harbor1	chr9	6131795	6132023	SINE/MIR	604	-	114	6131909	79237
chr9	6052672	6252672	harbor1	chr9	6142117	6142349	SINE/MIR	669	-	116	6142233	89561
chr9	92274638	92474638	harbor1	chr9	92322339	92322364	SINE/MIR	464	-	12	92322351	47713
chr9	92274638	92474638	harbor1	chr9	92322626	92322752	SINE/MIR	464	-	63	92322689	48051
chr9	92274638	92474638	harbor1	chr9	92326587	92326740	SINE/MIR	661	-	76	92326663	52025
chr9	128936395	129136395	harbor1	chr9	128940054	128940275	SINE/MIR	582	-	110	128940164	3769
chr9	128936395	129136395	harbor1	chr9	128942474	128942707	SINE/MIR	642	-	116	128942590	6195
chr9	128936395	129136395	harbor1	chr9	128953699	128953832	SINE/MIR	703	-	66	128953765	17370
chr9	128936395	129136395	harbor1	chr9	128971060	128971267	SINE/MIR	518	-	104	128971164	34769
chr9	128936395	129136395	harbor1	chr9	128977851	128978089	SINE/MIR	496	-	119	128977970	41575
chr9	128936395	129136395	harbor1	chr9	128979370	128979604	SINE/MIR	732	-	117	128979487	43092
chr9	128936395	129136395	harbor1	chr9	129002506	129002645	SINE/MIR	447	-	70	129002576	66181
chr9	14444199	14644199	harbor1	chr9	14467793	14467968	SINE/MIR	517	-	88	14467881	23682
chr9	14444199	14644199	harbor1	chr9	14475141	14475311	SINE/MIR	650	-	85	14475226	31027
chr9	14444199	14644199	harbor1	chr9	14498095	14498232	SINE/MIR	429	-	68	14498163	53964
chr9	14444199	14644199	harbor1	chr9	14499518	14499754	SINE/MIR	470	-	118	14499636	55437
chr9	14444199	14644199	harbor1	chr9	14500130	14500277	SINE/MIR	679	-	74	14500204	56005
chr9	14444199	14644199	harbor1	chr9	14511439	14511679	SINE/MIR	517	-	120	14511559	67360
chr9	14444199	14644199	harbor1	chr9	14519663	14519896	SINE/MIR	832	-	116	14519779	75580
chr9	14444199	14644199	harbor1	chr9	14543343	14543550	SINE/MIR	408	-	104	14543447	99248
chr9	25682491	25882491	harbor1	chr9	25725379	25725516	SINE/MIR	447	-	68	25725447	42956
chr9	25682491	25882491	harbor1	chr9	25751101	25751278	SINE/MIR	486	-	88	25751189	68698
chr9	11654478	11854478	harbor1	chr9	11717224	11717478	SINE/MIR	429	-	127	11717351	62873
chr9	39190497	39390497	harbor1	chr9	39212629	39212860	SINE/MIR	626	-	116	39212745	22248
chr9	39190497	39390497	harbor1	chr9	39256039	39256233	SINE/MIR	672	-	97	39256136	65639
chr9	37467661	37667661	harbor1	chr9	37492003	37492204	SINE/MIR	535	-	100	37492103	24442
chr9	37467661	37667661	harbor1	chr9	37496900	37497074	SINE/MIR	798	-	87	37496987	29326
chr9	37467661	37667661	harbor1	chr9	37497385	37497461	SINE/MIR	798	-	38	37497423	29762
chr9	37467661	37667661	harbor1	chr9	37515614	37515721	SINE/MIR	460	-	54	37515668	48007
chr9	71663645	71863645	harbor1	chr9	71708392	71708611	SINE/MIR	895	-	110	71708502	44857
chr9	71663645	71863645	harbor1	chr9	71752003	71752222	SINE/MIR	865	-	110	71752113	88468
chr9	123396288	123596288	harbor1	chr9	123408418	123408635	SINE/MIR	720	-	108	123408526	12238
chr9	123396288	123596288	harbor1	chr9	123417334	123417573	SINE/MIR	609	-	120	123417454	21166
chr9	123396288	123596288	harbor1	chr9	123421178	123421403	SINE/MIR	650	-	112	123421290	25002
chr9	123396288	123596288	harbor1	chr9	123433086	123433326	SINE/MIR	791	-	120	123433206	36918
chr9	123396288	123596288	harbor1	chr9	123442981	123443164	SINE/MIR	507	-	92	123443073	46785
chr9	123396288	123596288	harbor1	chr9	123445900	123446108	SINE/MIR	522	-	104	123446004	49716
chr9	123396288	123596288	harbor1	chr9	123456862	123457101	SINE/MIR	490	-	120	123456982	60694
chr9	123396288	123596288	harbor1	chr9	123476690	123476887	SINE/MIR	651	-	98	123476788	80500
chr9	123396288	123596288	harbor1	chr9	123469710	123469931	SINE/MIR	813	-	110	123469820	73532
chr9	103581082	103781082	harbor1	chr9	103597695	103597921	SINE/MIR	538	-	113	103597808	16726
chr9	103581082	103781082	harbor1	chr9	103670629	103670862	SINE/MIR	676	-	116	103670745	89663
chr9	123097805	123297805	harbor1	chr9	123166311	123166476	SINE/MIR	450	-	82	123166393	68588
chr9	123097805	123297805	harbor1	chr9	123187009	123187203	SINE/MIR	470	-	97	123187106	89301
chr9	76775172	76975172	harbor1	chr9	76789202	76789442	SINE/MIR	573	-	120	76789322	14150
chr9	76775172	76975172	harbor1	chr9	76794083	76794272	SINE/MIR	473	-	94	76794177	19005
chr9	76775172	76975172	harbor1	chr9	76806470	76806505	SINE/MIR	698	-	18	76806488	31316
chr9	76775172	76975172	harbor1	chr9	76806818	76807018	SINE/MIR	698	-	100	76806918	31746
chr9	117261750	117461750	harbor1	chr9	117269873	117270071	SINE/MIR	435	-	99	117269972	8222
chr9	117261750	117461750	harbor1	chr9	117276121	117276309	SINE/MIR	505	-	94	117276215	14465
chr9	117261750	117461750	harbor1	chr9	117279462	117279605	SINE/MIR	607	-	72	117279534	17784
chr9	117261750	117461750	harbor1	chr9	117281180	117281398	SINE/MIR	471	-	109	117281289	19539
chr9	117261750	117461750	harbor1	chr9	117283054	117283206	SINE/MIR	423	-	76	117283130	21380
chr9	117261750	117461750	harbor1	chr9	117287906	117288093	SINE/MIR	470	-	94	117288000	26250
chr9	117261750	117461750	harbor1	chr9	117315933	117316163	SINE/MIR	542	-	115	117316048	54298
chr9	117261750	117461750	harbor1	chr9	117320440	117320630	SINE/MIR	429	-	95	117320535	58785
chr9	117261750	117461750	harbor1	chr9	117329836	117330081	SINE/MIR	693	-	122	117329958	68208
chr9	117261750	117461750	harbor1	chr9	117339167	117339321	SINE/MIR	561	-	77	117339244	77494
chr9	117261750	117461750	harbor1	chr9	117343481	117343675	SINE/MIR	516	-	97	117343578	81828
chr9	117261750	117461750	harbor1	chr9	117345372	117345587	SINE/MIR	624	-	108	117345480	83730
chr9	117261750	117461750	harbor1	chr9	117347405	117347567	SINE/MIR	444	-	81	117347486	85736
chr9	106805920	107005920	harbor1	chr9	106808365	106808512	SINE/MIR	408	-	74	106808439	2519
chr9	106805920	107005920	harbor1	chr9	106818411	106818639	SINE/MIR	678	-	114	106818525	12605
chr9	106805920	107005920	harbor1	chr9	106854212	106854407	SINE/MIR	471	-	98	106854310	48390
chr9	106805920	107005920	harbor1	chr9	106868613	106868782	SINE/MIR	534	-	84	106868697	62777
chr9	106805920	107005920	harbor1	chr9	106893722	106893888	SINE/MIR	473	-	83	106893805	87885
chr9	106805920	107005920	harbor1	chr9	106893993	106894216	SINE/MIR	621	-	112	106894105	88185
chr9	106805920	107005920	harbor1	chr9	106898963	106899165	SINE/MIR	625	-	101	106899064	93144
chr9	93593521	93793521	harbor1	chr9	93667669	93667791	SINE/MIR	444	-	61	93667730	74209
chr9	73012635	73212635	harbor1	chr9	73053872	73054068	SINE/MIR	519	-	98	73053970	41335
chr9	73012635	73212635	harbor1	chr9	73086240	73086438	SINE/MIR	468	-	99	73086339	73704
chr9	86770401	86970401	harbor1	chr9	86773457	86773663	SINE/MIR	520	-	103	86773560	3159
chr9	86770401	86970401	harbor1	chr9	86816251	86816493	SINE/MIR	465	-	121	86816372	45971
chr9	86770401	86970401	harbor1	chr9	86817731	86817936	SINE/MIR	478	-	102	86817833	47432
chr9	29175045	29375045	harbor1	chr9	29176083	29176229	SINE/MIR	432	-	73	29176156	1111
chr9	29175045	29375045	harbor1	chr9	29186918	29187150	SINE/MIR	411	-	116	29187034	11989
chr9	29175045	29375045	harbor1	chr9	29218929	29219161	SINE/MIR	616	-	116	29219045	44000
chr9	29175045	29375045	harbor1	chr9	29235402	29235564	SINE/MIR	414	-	81	29235483	60438
chr9	71449025	71649025	harbor1	chr9	71452502	71452765	SINE/MIR	440	-	132	71452634	3609
chr9	71449025	71649025	harbor1	chr9	71455968	71456190	SINE/MIR	787	-	111	71456079	7054
chr9	71449025	71649025	harbor1	chr9	71456220	71456413	SINE/MIR	428	-	96	71456316	7291
chr9	71449025	71649025	harbor1	chr9	71462372	71462635	SINE/MIR	1030	-	132	71462504	13479
chr9	71449025	71649025	harbor1	chr9	71513758	71513979	SINE/MIR	565	-	110	71513868	64843
chr9	71449025	71649025	harbor1	chr9	71519953	71520145	SINE/MIR	456	-	96	71520049	71024
chr9	71449025	71649025	harbor1	chr9	71531781	71531968	SINE/MIR	910	-	94	71531875	82850
chr9	9337706	9537706	harbor1	chr9	9377433	9377639	SINE/MIR	458	-	103	9377536	39830
chr9	9337706	9537706	harbor1	chr9	9422088	9422268	SINE/MIR	705	-	90	9422178	84472
chr9	14428652	14628652	harbor1	chr9	14441952	14442177	SINE/MIR	572	-	112	14442064	13412
chr9	14428652	14628652	harbor1	chr9	14467793	14467968	SINE/MIR	517	-	88	14467881	39229
chr9	14428652	14628652	harbor1	chr9	14475141	14475311	SINE/MIR	650	-	85	14475226	46574
chr9	14428652	14628652	harbor1	chr9	14498095	14498232	SINE/MIR	429	-	68	14498163	69511
chr9	14428652	14628652	harbor1	chr9	14499518	14499754	SINE/MIR	470	-	118	14499636	70984
chr9	14428652	14628652	harbor1	chr9	14500130	14500277	SINE/MIR	679	-	74	14500204	71552
chr9	14428652	14628652	harbor1	chr9	14511439	14511679	SINE/MIR	517	-	120	14511559	82907
chr9	14428652	14628652	harbor1	chr9	14519663	14519896	SINE/MIR	832	-	116	14519779	91127
chr9	22488892	22688892	harbor1	chr9	22489108	22489353	SINE/MIR	503	-	122	22489230	338
chr9	22488892	22688892	harbor1	chr9	22509017	22509197	SINE/MIR	496	-	90	22509107	20215
chr9	22488892	22688892	harbor1	chr9	22514625	22514841	SINE/MIR	750	-	108	22514733	25841
chr9	22488892	22688892	harbor1	chr9	22520459	22520670	SINE/MIR	559	-	106	22520565	31673
chr9	22488892	22688892	harbor1	chr9	22537308	22537543	SINE/MIR	434	-	118	22537426	48534
chr9	22488892	22688892	harbor1	chr9	22546150	22546368	SINE/MIR	568	-	109	22546259	57367
chr9	42553068	42753068	harbor1	chr9	42567446	42567643	SINE/MIR	670	-	98	42567544	14476
chr9	42553068	42753068	harbor1	chr9	42650765	42651002	SINE/MIR	557	-	118	42650883	97815
chr9	134347360	134547360	harbor1	chr9	134406046	134406112	SINE/MIR	444	-	33	134406079	58719
chr9	134347360	134547360	harbor1	chr9	134406422	134406590	SINE/MIR	444	-	84	134406506	59146
chr9	134347360	134547360	harbor1	chr9	134433741	134433934	SINE/MIR	476	-	96	134433837	86477
chr9	63121576	63321576	harbor1	chr9	63136251	63136461	SINE/MIR	662	-	105	63136356	14780
chr9	63121576	63321576	harbor1	chr9	63184812	63185064	SINE/MIR	488	-	126	63184938	63362
chr9	133838877	134038877	harbor1	chr9	133851342	133851476	SINE/MIR	414	-	67	133851409	12532
chr9	133838877	134038877	harbor1	chr9	133918502	133918740	SINE/MIR	590	-	119	133918621	79744
chr9	130786765	130986765	harbor1	chr9	130830688	130830881	SINE/MIR	606	-	96	130830784	44019
chr9	130786765	130986765	harbor1	chr9	130838029	130838272	SINE/MIR	813	-	122	130838151	51386
chr9	130786765	130986765	harbor1	chr9	130865808	130865908	SINE/MIR	673	-	50	130865858	79093
chr9	130786765	130986765	harbor1	chr9	130866144	130866268	SINE/MIR	673	-	62	130866206	79441
chr9	130786765	130986765	harbor1	chr9	130869388	130869529	SINE/MIR	418	-	70	130869458	82693
chr9	130786765	130986765	harbor1	chr9	130874488	130874646	SINE/MIR	593	-	79	130874567	87802
chr9	37572989	37772989	harbor1	chr9	37575428	37575627	SINE/MIR	511	-	100	37575528	2539
chr9	37572989	37772989	harbor1	chr9	37604864	37605099	SINE/MIR	750	-	118	37604982	31993
chr9	37572989	37772989	harbor1	chr9	37608772	37608915	SINE/MIR	428	-	72	37608844	35855
chr9	37572989	37772989	harbor1	chr9	37641340	37641577	SINE/MIR	735	-	118	37641458	68469
chr9	37572989	37772989	harbor1	chr9	37645886	37646067	SINE/MIR	431	-	90	37645976	72987
chr9	37572989	37772989	harbor1	chr9	37648103	37648288	SINE/MIR	644	-	92	37648195	75206
chr9	37572989	37772989	harbor1	chr9	37672435	37672651	SINE/MIR	856	-	108	37672543	99554
chr9	37572989	37772989	harbor1	chr9	37584850	37585073	SINE/MIR	625	-	112	37584962	11973
chr9	90063687	90263687	harbor1	chr9	90064214	90064418	SINE/MIR	447	-	102	90064316	629
chr9	90063687	90263687	harbor1	chr9	90161625	90161820	SINE/MIR	610	-	98	90161723	98036
chr9	84566430	84766430	harbor1	chr9	84567219	84567406	SINE/MIR	449	-	94	84567313	883
chr9	84566430	84766430	harbor1	chr9	84602184	84602348	SINE/MIR	409	-	82	84602266	35836
chr9	84566430	84766430	harbor1	chr9	84606254	84606395	SINE/MIR	567	-	70	84606324	39894
chr9	84566430	84766430	harbor1	chr9	84606721	84606818	SINE/MIR	567	-	48	84606769	40339
chr9	84566430	84766430	harbor1	chr9	84613105	84613259	SINE/MIR	412	-	77	84613182	46752
chr9	84566430	84766430	harbor1	chr9	84620833	84621069	SINE/MIR	672	-	118	84620951	54521
chr9	84566430	84766430	harbor1	chr9	84631846	84632025	SINE/MIR	885	-	90	84631936	65506
chr9	38182405	38382405	harbor1	chr9	38184667	38184803	SINE/MIR	479	-	68	38184735	2330
chr9	38182405	38382405	harbor1	chr9	38250664	38250828	SINE/MIR	532	-	82	38250746	68341
chr9	38182405	38382405	harbor1	chr9	38256158	38256336	SINE/MIR	530	-	89	38256247	73842
chr9	38182405	38382405	harbor1	chr9	38258643	38258885	SINE/MIR	579	-	121	38258764	76359
chr9	38182405	38382405	harbor1	chr9	38276614	38276787	SINE/MIR	463	-	86	38276700	94295
chr9	80956482	81156482	harbor1	chr9	81038497	81038684	SINE/MIR	700	-	94	81038591	82109
chr9	80956482	81156482	harbor1	chr9	81051057	81051287	SINE/MIR	448	-	115	81051172	94690
chr9	70026245	70226245	harbor1	chr9	70033590	70033833	SINE/MIR	974	-	122	70033712	7467
chr9	70026245	70226245	harbor1	chr9	70055244	70055460	SINE/MIR	533	-	108	70055352	29107
chr9	70026245	70226245	harbor1	chr9	70058143	70058365	SINE/MIR	637	-	111	70058254	32009
chr9	70026245	70226245	harbor1	chr9	70063688	70063934	SINE/MIR	556	-	123	70063811	37566
chr9	70026245	70226245	harbor1	chr9	70072489	70072683	SINE/MIR	521	-	97	70072586	46341
chr9	70026245	70226245	harbor1	chr9	70075062	70075257	SINE/MIR	540	-	98	70075160	48915
chr9	70026245	70226245	harbor1	chr9	70088929	70089175	SINE/MIR	733	-	123	70089052	62807
chr9	70026245	70226245	harbor1	chr9	70100138	70100376	SINE/MIR	634	-	119	70100257	74012
chr9	70026245	70226245	harbor1	chr9	70112608	70112790	SINE/MIR	510	-	91	70112699	86454
chr9	70026245	70226245	harbor1	chr9	70125237	70125481	SINE/MIR	752	-	122	70125359	99114
chr9	104724134	104924134	harbor1	chr9	104752485	104752675	SINE/MIR	632	-	95	104752580	28446
chr9	104724134	104924134	harbor1	chr9	104768430	104768630	SINE/MIR	775	-	100	104768530	44396
chr9	104724134	104924134	harbor1	chr9	104785780	104786005	SINE/MIR	701	-	112	104785892	61758
chr9	104724134	104924134	harbor1	chr9	104786010	104786193	SINE/MIR	501	-	92	104786102	61968
chr9	104724134	104924134	harbor1	chr9	104800158	104800339	SINE/MIR	629	-	90	104800248	76114
chr9	104724134	104924134	harbor1	chr9	104811805	104811913	SINE/MIR	504	-	54	104811859	87725
chr9	104724134	104924134	harbor1	chr9	104812276	104812503	SINE/MIR	879	-	114	104812390	88256
chr9	37780766	37980766	harbor1	chr9	37831289	37831494	SINE/MIR	565	-	102	37831391	50625
chr9	37780766	37980766	harbor1	chr9	37864792	37865024	SINE/MIR	670	-	116	37864908	84142
chr9	37780766	37980766	harbor1	chr9	37870510	37870707	SINE/MIR	722	-	98	37870608	89842
chr9	37780766	37980766	harbor1	chr9	37863412	37863601	SINE/MIR	500	-	94	37863506	82740
chr9	35780975	35980975	harbor1	chr9	35830530	35830674	SINE/MIR	497	-	72	35830602	49627
chr9	86403068	86603068	harbor1	chr9	86405070	86405307	SINE/MIR	423	-	118	86405188	2120
chr9	86403068	86603068	harbor1	chr9	86425662	86425834	SINE/MIR	472	-	86	86425748	22680
chr9	86403068	86603068	harbor1	chr9	86494363	86494576	SINE/MIR	720	-	106	86494469	91401
chr9	126255986	126455986	harbor1	chr9	126295285	126295509	SINE/MIR	648	-	112	126295397	39411
chr9	126255986	126455986	harbor1	chr9	126331614	126331793	SINE/MIR	489	-	90	126331704	75718
chr9	126255986	126455986	harbor1	chr9	126339779	126340044	SINE/MIR	579	-	132	126339911	83925
chr9	40994530	41194530	harbor1	chr9	41039247	41039488	SINE/MIR	855	-	120	41039367	44837
chr9	40994530	41194530	harbor1	chr9	41064918	41065081	SINE/MIR	523	-	82	41065000	70470
chr9	40994530	41194530	harbor1	chr9	41084329	41084388	SINE/MIR	413	-	30	41084359	89829
chr9	40994530	41194530	harbor1	chr9	41084740	41084834	SINE/MIR	413	-	47	41084787	90257
chr9	71363821	71563821	harbor1	chr9	71391157	71391384	SINE/MIR	530	-	114	71391271	27450
chr9	71363821	71563821	harbor1	chr9	71403505	71403742	SINE/MIR	507	-	118	71403623	39802
chr9	71363821	71563821	harbor1	chr9	71413270	71413520	SINE/MIR	471	-	125	71413395	49574
chr9	71363821	71563821	harbor1	chr9	71452502	71452765	SINE/MIR	440	-	132	71452634	88813
chr9	71363821	71563821	harbor1	chr9	71455968	71456190	SINE/MIR	787	-	111	71456079	92258
chr9	71363821	71563821	harbor1	chr9	71456220	71456413	SINE/MIR	428	-	96	71456316	92495
chr9	71363821	71563821	harbor1	chr9	71462372	71462635	SINE/MIR	1030	-	132	71462504	98683
chr9	120298963	120498963	harbor1	chr9	120299819	120299986	SINE/MIR	563	-	84	120299903	940
chr9	120298963	120498963	harbor1	chr9	120324384	120324546	SINE/MIR	507	-	81	120324465	25502
chr9	120298963	120498963	harbor1	chr9	120332325	120332481	SINE/MIR	417	-	78	120332403	33440
chr9	120298963	120498963	harbor1	chr9	120344651	120344780	SINE/MIR	438	-	64	120344715	45752
chr9	120298963	120498963	harbor1	chr9	120351566	120351771	SINE/MIR	820	-	102	120351668	52705
chr9	120298963	120498963	harbor1	chr9	120355744	120355888	SINE/MIR	461	-	72	120355816	56853
chr9	120298963	120498963	harbor1	chr9	120358302	120358451	SINE/MIR	602	-	74	120358376	59413
chr9	34052079	34252079	harbor1	chr9	34071347	34071499	SINE/MIR	425	-	76	34071423	19344
chr9	131544738	131744738	harbor1	chr9	131602453	131602664	SINE/MIR	558	-	106	131602559	57821
chr9	131544738	131744738	harbor1	chr9	131627696	131627868	SINE/MIR	558	-	86	131627782	83044
chr9	131544738	131744738	harbor1	chr9	131637680	131637935	SINE/MIR	740	-	128	131637808	93070
chr9	104665042	104865042	harbor1	chr9	104752485	104752675	SINE/MIR	632	-	95	104752580	87538
chr9	76422465	76622465	harbor1	chr9	76475707	76475917	SINE/MIR	618	-	105	76475812	53347
chr9	76422465	76622465	harbor1	chr9	76517130	76517296	SINE/MIR	611	-	83	76517213	94748
chr9	74105381	74305381	harbor1	chr9	74114318	74114487	SINE/MIR	469	-	84	74114402	9021
chr9	74105381	74305381	harbor1	chr9	74124609	74124836	SINE/MIR	469	-	114	74124723	19342
chr9	74105381	74305381	harbor1	chr9	74184622	74184815	SINE/MIR	488	-	96	74184718	79337
chr9	74105381	74305381	harbor1	chr9	74194313	74194531	SINE/MIR	407	-	109	74194422	89041
chr9	77275183	77475183	harbor1	chr9	77320087	77320303	SINE/MIR	583	-	108	77320195	45012
chr9	101557101	101757101	harbor1	chr9	101577340	101577597	SINE/MIR	900	-	128	101577468	20367
chr9	101557101	101757101	harbor1	chr9	101581852	101582083	SINE/MIR	1016	-	116	101581968	24867
chr9	101557101	101757101	harbor1	chr9	101583008	101583228	SINE/MIR	623	-	110	101583118	26017
chr9	101557101	101757101	harbor1	chr9	101608600	101608824	SINE/MIR	528	-	112	101608712	51611
chr9	101557101	101757101	harbor1	chr9	101609345	101609525	SINE/MIR	461	-	90	101609435	52334
chr9	101557101	101757101	harbor1	chr9	101619450	101619667	SINE/MIR	619	-	108	101619558	62457
chr9	101557101	101757101	harbor1	chr9	101629667	101629930	SINE/MIR	980	-	132	101629799	72698
chr9	101557101	101757101	harbor1	chr9	101630419	101630613	SINE/MIR	585	-	97	101630516	73415
chr9	101557101	101757101	harbor1	chr9	101630656	101630801	SINE/MIR	444	-	72	101630728	73627
chr9	101557101	101757101	harbor1	chr9	101636328	101636569	SINE/MIR	705	-	120	101636448	79347
chr9	101557101	101757101	harbor1	chr9	101637574	101637815	SINE/MIR	487	-	120	101637694	80593
chr9	101557101	101757101	harbor1	chr9	101652066	101652260	SINE/MIR	557	-	97	101652163	95062
chr9	98081996	98281996	harbor1	chr9	98093339	98093588	SINE/MIR	714	-	124	98093463	11467
chr9	98081996	98281996	harbor1	chr9	98125294	98125516	SINE/MIR	425	-	111	98125405	43409
chr9	98081996	98281996	harbor1	chr9	98128307	98128461	SINE/MIR	418	-	77	98128384	46388
chr9	98081996	98281996	harbor1	chr9	98134098	98134281	SINE/MIR	443	-	92	98134190	52194
chr9	98081996	98281996	harbor1	chr9	98144221	98144442	SINE/MIR	423	-	110	98144331	62335
chr9	98081996	98281996	harbor1	chr9	98157280	98157416	SINE/MIR	570	-	68	98157348	75352
chr9	98081996	98281996	harbor1	chr9	98168404	98168579	SINE/MIR	646	-	88	98168492	86496
chr9	98081996	98281996	harbor1	chr9	98178824	98178978	SINE/MIR	498	-	77	98178901	96905
chr9	134048819	134248819	harbor1	chr9	134071690	134071844	SINE/MIR	546	-	77	134071767	22948
chr9	87337117	87537117	harbor1	chr9	87340872	87341067	SINE/MIR	493	-	98	87340970	3853
chr9	65784459	65984459	harbor1	chr9	65853790	65853948	SINE/MIR	616	-	79	65853869	69410
chr9	71005723	71205723	harbor1	chr9	71055937	71056125	SINE/MIR	476	-	94	71056031	50308
chr9	71005723	71205723	harbor1	chr9	71072396	71072634	SINE/MIR	775	-	119	71072515	66792
chr9	71005723	71205723	harbor1	chr9	71083221	71083458	SINE/MIR	738	-	118	71083339	77616
chr9	71005723	71205723	harbor1	chr9	71099754	71099924	SINE/MIR	536	-	85	71099839	94116
chr9	9268559	9468559	harbor1	chr9	9323315	9323507	SINE/MIR	500	-	96	9323411	54852
chr9	9268559	9468559	harbor1	chr9	9322275	9322513	SINE/MIR	464	-	119	9322394	53835
chr9	113415641	113615641	harbor1	chr9	113423661	113423782	SINE/MIR	409	-	60	113423721	8080
chr9	113415641	113615641	harbor1	chr9	113482250	113482503	SINE/MIR	418	-	126	113482376	66735
chr9	113415641	113615641	harbor1	chr9	113487028	113487097	SINE/MIR	702	-	34	113487062	71421
chr9	113415641	113615641	harbor1	chr9	113487411	113487592	SINE/MIR	752	-	90	113487501	71860
chr9	113415641	113615641	harbor1	chr9	113489009	113489181	SINE/MIR	635	-	86	113489095	73454
chr9	113415641	113615641	harbor1	chr9	113489170	113489421	SINE/MIR	816	-	126	113489296	73655
chr9	113415641	113615641	harbor1	chr9	113511994	113512224	SINE/MIR	407	-	115	113512109	96468
chr9	113415641	113615641	harbor1	chr9	113513526	113513757	SINE/MIR	786	-	116	113513642	98001
chr9	19514673	19714673	harbor1	chr9	19568481	19568723	SINE/MIR	869	-	121	19568602	53929
chr9	19514673	19714673	harbor1	chr9	19570659	19570791	SINE/MIR	488	-	66	19570725	56052
chr9	19514673	19714673	harbor1	chr9	19605724	19605959	SINE/MIR	941	-	118	19605842	91169
chr9	19514673	19714673	harbor1	chr9	19612248	19612347	SINE/MIR	876	-	50	19612298	97625
chr9	19514673	19714673	harbor1	chr9	19612478	19612674	SINE/MIR	876	-	98	19612576	97903
chr9	22492977	22692977	harbor1	chr9	22509017	22509197	SINE/MIR	496	-	90	22509107	16130
chr9	22492977	22692977	harbor1	chr9	22514625	22514841	SINE/MIR	750	-	108	22514733	21756
chr9	22492977	22692977	harbor1	chr9	22520459	22520670	SINE/MIR	559	-	106	22520565	27588
chr9	22492977	22692977	harbor1	chr9	22537308	22537543	SINE/MIR	434	-	118	22537426	44449
chr9	22492977	22692977	harbor1	chr9	22546150	22546368	SINE/MIR	568	-	109	22546259	53282
chr9	95712097	95912097	harbor1	chr9	95736587	95736807	SINE/MIR	446	-	110	95736697	24600
chr9	95712097	95912097	harbor1	chr9	95736846	95737081	SINE/MIR	1053	-	118	95736964	24867
chr9	95712097	95912097	harbor1	chr9	95756252	95756408	SINE/MIR	596	-	78	95756330	44233
chr9	95712097	95912097	harbor1	chr9	95784947	95785105	SINE/MIR	407	-	79	95785026	72929
chr9	103338140	103538140	harbor1	chr9	103367701	103367909	SINE/MIR	647	-	104	103367805	29665
chr9	103338140	103538140	harbor1	chr9	103371851	103372074	SINE/MIR	504	-	112	103371963	33823
chr9	33552175	33752175	harbor1	chr9	33552843	33553040	SINE/MIR	811	-	98	33552941	766
chr9	33552175	33752175	harbor1	chr9	33605425	33605542	SINE/MIR	448	-	58	33605483	53308
chr9	33552175	33752175	harbor1	chr9	33633138	33633369	SINE/MIR	663	-	116	33633254	81079
chr9	66297178	66497178	harbor1	chr9	66310246	66310405	SINE/MIR	414	-	80	66310326	13148
chr9	66297178	66497178	harbor1	chr9	66332607	66332633	SINE/MIR	422	-	13	66332620	35442
chr9	66297178	66497178	harbor1	chr9	66333091	66333294	SINE/MIR	422	-	102	66333193	36015
chr9	99822946	100022946	harbor1	chr9	99829493	99829634	SINE/MIR	458	-	70	99829563	6617
chr9	99822946	100022946	harbor1	chr9	99835235	99835435	SINE/MIR	553	-	100	99835335	12389
chr9	99822946	100022946	harbor1	chr9	99837328	99837461	SINE/MIR	482	-	66	99837394	14448
chr9	99822946	100022946	harbor1	chr9	99840578	99840771	SINE/MIR	549	-	96	99840674	17728
chr9	99822946	100022946	harbor1	chr9	99846268	99846438	SINE/MIR	504	-	85	99846353	23407
chr9	99822946	100022946	harbor1	chr9	99857343	99857504	SINE/MIR	751	-	80	99857423	34477
chr9	99822946	100022946	harbor1	chr9	99857798	99857840	SINE/MIR	751	-	21	99857819	34873
chr9	99822946	100022946	harbor1	chr9	99861015	99861153	SINE/MIR	545	-	69	99861084	38138
chr9	99822946	100022946	harbor1	chr9	99863256	99863475	SINE/MIR	552	-	110	99863366	40420
chr9	99822946	100022946	harbor1	chr9	99865853	99866047	SINE/MIR	555	-	97	99865950	43004
chr9	99822946	100022946	harbor1	chr9	99869952	99870161	SINE/MIR	522	-	104	99870056	47110
chr9	93887463	94087463	harbor1	chr9	93927907	93928132	SINE/MIR	636	-	112	93928019	40556
chr9	93887463	94087463	harbor1	chr9	93944333	93944464	SINE/MIR	442	-	66	93944399	56936
chr9	21362181	21562181	harbor1	chr9	21382503	21382661	SINE/MIR	420	-	79	21382582	20401
chr9	61017106	61217106	harbor1	chr9	61095163	61095349	SINE/MIR	444	-	93	61095256	78150
chr9	71815207	72015207	harbor1	chr9	71818390	71818520	SINE/MIR	534	-	65	71818455	3248
chr9	71815207	72015207	harbor1	chr9	71819822	71819992	SINE/MIR	425	-	85	71819907	4700
chr9	71815207	72015207	harbor1	chr9	71848611	71848806	SINE/MIR	433	-	98	71848709	33502
chr9	71815207	72015207	harbor1	chr9	71872091	71872208	SINE/MIR	470	-	58	71872149	56942
chr9	71815207	72015207	harbor1	chr9	71879706	71879942	SINE/MIR	790	-	118	71879824	64617
chr9	71815207	72015207	harbor1	chr9	71895187	71895329	SINE/MIR	517	-	71	71895258	80051
chr9	124069006	124269006	harbor1	chr9	124081579	124081750	SINE/MIR	470	-	86	124081665	12659
chr9	124069006	124269006	harbor1	chr9	124099098	124099286	SINE/MIR	908	-	94	124099192	30186
chr9	124069006	124269006	harbor1	chr9	124103167	124103309	SINE/MIR	476	-	71	124103238	34232
chr9	124069006	124269006	harbor1	chr9	124109052	124109202	SINE/MIR	454	-	75	124109127	40121
chr9	124069006	124269006	harbor1	chr9	124109375	124109513	SINE/MIR	443	-	69	124109444	40438
chr9	124069006	124269006	harbor1	chr9	124109804	124109867	SINE/MIR	443	-	32	124109836	40830
chr9	124069006	124269006	harbor1	chr9	124110555	124110664	SINE/MIR	484	-	54	124110609	41603
chr9	124069006	124269006	harbor1	chr9	124111033	124111160	SINE/MIR	484	-	64	124111097	42091
chr9	124069006	124269006	harbor1	chr9	124111742	124111998	SINE/MIR	603	-	128	124111870	42864
chr9	124069006	124269006	harbor1	chr9	124127644	124127837	SINE/MIR	435	-	96	124127740	58734
chr9	124069006	124269006	harbor1	chr9	124128918	124129125	SINE/MIR	544	-	104	124129022	60016
chr9	26128453	26328453	harbor1	chr9	26158410	26158631	SINE/MIR	463	-	110	26158520	30067
chr9	26128453	26328453	harbor1	chr9	26162845	26162984	SINE/MIR	414	-	70	26162915	34462
chr9	26128453	26328453	harbor1	chr9	26207817	26207977	SINE/MIR	497	-	80	26207897	79444
chr9	26128453	26328453	harbor1	chr9	26224036	26224221	SINE/MIR	600	-	92	26224128	95675
chr9	30571757	30771757	harbor1	chr9	30665201	30665402	SINE/MIR	554	-	100	30665301	93544
chr9	100749114	100949114	harbor1	chr9	100761927	100762059	SINE/MIR	429	-	66	100761993	12879
chr9	100749114	100949114	harbor1	chr9	100810285	100810515	SINE/MIR	874	-	115	100810400	61286
chr9	77686599	77886599	harbor1	chr9	77706489	77706721	SINE/MIR	515	-	116	77706605	20006
chr9	77686599	77886599	harbor1	chr9	77752471	77752642	SINE/MIR	524	-	86	77752557	65958
chr9	77686599	77886599	harbor1	chr9	77768019	77768220	SINE/MIR	610	-	100	77768119	81520
chr9	120819187	121019187	harbor1	chr9	120826940	120827177	SINE/MIR	440	-	118	120827058	7871
chr9	120819187	121019187	harbor1	chr9	120827920	120827999	SINE/MIR	466	-	40	120827960	8773
chr9	120819187	121019187	harbor1	chr9	120828300	120828440	SINE/MIR	466	-	70	120828370	9183
chr9	120819187	121019187	harbor1	chr9	120828726	120828761	SINE/MIR	466	-	18	120828744	9557
chr9	120819187	121019187	harbor1	chr9	120850827	120851053	SINE/MIR	550	-	113	120850940	31753
chr9	120819187	121019187	harbor1	chr9	120867071	120867300	SINE/MIR	449	-	114	120867185	47998
chr9	120819187	121019187	harbor1	chr9	120870612	120870837	SINE/MIR	664	-	112	120870724	51537
chr9	120819187	121019187	harbor1	chr9	120872962	120873164	SINE/MIR	674	-	101	120873063	53876
chr9	120819187	121019187	harbor1	chr9	120895033	120895183	SINE/MIR	519	-	75	120895108	75921
chr9	120819187	121019187	harbor1	chr9	120896214	120896353	SINE/MIR	417	-	70	120896284	77097
chr9	120819187	121019187	harbor1	chr9	120909058	120909198	SINE/MIR	428	-	70	120909128	89941
chr9	120819187	121019187	harbor1	chr9	120914909	120915070	SINE/MIR	526	-	80	120914989	95802
chr9	130370027	130570027	harbor1	chr9	130402489	130402662	SINE/MIR	425	-	86	130402575	32548
chr9	130370027	130570027	harbor1	chr9	130409252	130409399	SINE/MIR	428	-	74	130409326	39299
chr9	130370027	130570027	harbor1	chr9	130409592	130409849	SINE/MIR	674	-	128	130409720	39693
chr9	130370027	130570027	harbor1	chr9	130429162	130429335	SINE/MIR	486	-	86	130429248	59221
chr9	130370027	130570027	harbor1	chr9	130438094	130438279	SINE/MIR	473	-	92	130438186	68159
chr9	6225801	6425801	harbor1	chr9	6233568	6233788	SINE/MIR	671	-	110	6233678	7877
chr9	6225801	6425801	harbor1	chr9	6255390	6255493	SINE/MIR	431	-	52	6255442	29641
chr9	70478800	70678800	harbor1	chr9	70484884	70485097	SINE/MIR	504	-	106	70484990	6190
chr9	70478800	70678800	harbor1	chr9	70502049	70502269	SINE/MIR	477	-	110	70502159	23359
chr9	70478800	70678800	harbor1	chr9	70560059	70560243	SINE/MIR	453	-	92	70560151	81351
chr9	70478800	70678800	harbor1	chr9	70568522	70568743	SINE/MIR	719	-	110	70568632	89832
chr9	36869117	37069117	harbor1	chr9	36874872	36875128	SINE/MIR	900	-	128	36875000	5883
chr9	36869117	37069117	harbor1	chr9	36885436	36885674	SINE/MIR	808	-	119	36885555	16438
chr9	36869117	37069117	harbor1	chr9	36886987	36887143	SINE/MIR	485	-	78	36887065	17948
chr9	36869117	37069117	harbor1	chr9	36889194	36889336	SINE/MIR	530	-	71	36889265	20148
chr9	36869117	37069117	harbor1	chr9	36889344	36889599	SINE/MIR	748	-	128	36889472	20355
chr9	36869117	37069117	harbor1	chr9	36892373	36892529	SINE/MIR	455	-	78	36892451	23334
chr9	36869117	37069117	harbor1	chr9	36895657	36895809	SINE/MIR	448	-	76	36895733	26616
chr9	36869117	37069117	harbor1	chr9	36901460	36901681	SINE/MIR	533	-	110	36901570	32453
chr9	36869117	37069117	harbor1	chr9	36905281	36905517	SINE/MIR	591	-	118	36905399	36282
chr9	36869117	37069117	harbor1	chr9	36906796	36906987	SINE/MIR	580	-	96	36906892	37775
chr9	36869117	37069117	harbor1	chr9	36912238	36912456	SINE/MIR	776	-	109	36912347	43230
chr9	36869117	37069117	harbor1	chr9	36912840	36913023	SINE/MIR	530	-	92	36912932	43815
chr9	36869117	37069117	harbor1	chr9	36922609	36922848	SINE/MIR	584	-	120	36922729	53612
chr9	36869117	37069117	harbor1	chr9	36923915	36924032	SINE/MIR	430	-	58	36923973	54856
chr9	36869117	37069117	harbor1	chr9	36925985	36926203	SINE/MIR	815	-	109	36926094	56977
chr9	36869117	37069117	harbor1	chr9	36937155	36937380	SINE/MIR	720	-	112	36937267	68150
chr9	36869117	37069117	harbor1	chr9	36937393	36937513	SINE/MIR	410	-	60	36937453	68336
chr9	36869117	37069117	harbor1	chr9	36942635	36942764	SINE/MIR	413	-	64	36942699	73582
chr9	36869117	37069117	harbor1	chr9	36944281	36944458	SINE/MIR	760	-	88	36944369	75252
chr9	36869117	37069117	harbor1	chr9	36947997	36948245	SINE/MIR	500	-	124	36948121	79004
chr9	36869117	37069117	harbor1	chr9	36962615	36962757	SINE/MIR	439	-	71	36962686	93569
chr9	36869117	37069117	harbor1	chr9	36966922	36967062	SINE/MIR	706	-	70	36966992	97875
chr9	26585234	26785234	harbor1	chr9	26668392	26668622	SINE/MIR	879	-	115	26668507	83273
chr9	26585234	26785234	harbor1	chr9	26676432	26676569	SINE/MIR	412	-	68	26676500	91266
chr9	99559588	99759588	harbor1	chr9	99562005	99562199	SINE/MIR	489	-	97	99562102	2514
chr9	99559588	99759588	harbor1	chr9	99565110	99565308	SINE/MIR	575	-	99	99565209	5621
chr9	99559588	99759588	harbor1	chr9	99578756	99578966	SINE/MIR	875	-	105	99578861	19273
chr9	99559588	99759588	harbor1	chr9	99582566	99582719	SINE/MIR	487	-	76	99582642	23054
chr9	99559588	99759588	harbor1	chr9	99592695	99592923	SINE/MIR	652	-	114	99592809	33221
chr9	99559588	99759588	harbor1	chr9	99593314	99593432	SINE/MIR	475	-	59	99593373	33785
chr9	99559588	99759588	harbor1	chr9	99596401	99596608	SINE/MIR	429	-	104	99596505	36917
chr9	99559588	99759588	harbor1	chr9	99597122	99597359	SINE/MIR	660	-	118	99597240	37652
chr9	99559588	99759588	harbor1	chr9	99625886	99626099	SINE/MIR	687	-	106	99625992	66404
chr9	115316730	115516730	harbor1	chr9	115330039	115330253	SINE/MIR	564	-	107	115330146	13416
chr9	115316730	115516730	harbor1	chr9	115334247	115334461	SINE/MIR	435	-	107	115334354	17624
chr9	115316730	115516730	harbor1	chr9	115341233	115341444	SINE/MIR	567	-	106	115341339	24609
chr9	115316730	115516730	harbor1	chr9	115350050	115350303	SINE/MIR	605	-	126	115350176	33446
chr9	115316730	115516730	harbor1	chr9	115360629	115360847	SINE/MIR	596	-	109	115360738	44008
chr9	115316730	115516730	harbor1	chr9	115369859	115370097	SINE/MIR	765	-	119	115369978	53248
chr9	115316730	115516730	harbor1	chr9	115394555	115394705	SINE/MIR	443	-	75	115394630	77900
chr9	115316730	115516730	harbor1	chr9	115403814	115404057	SINE/MIR	612	-	122	115403936	87206
chr9	28636786	28836786	harbor1	chr9	28677017	28677244	SINE/MIR	534	-	114	28677131	40345
chr9	28636786	28836786	harbor1	chr9	28694546	28694742	SINE/MIR	833	-	98	28694644	57858
chr9	28636786	28836786	harbor1	chr9	28733862	28733968	SINE/MIR	597	-	53	28733915	97129
chr9	28636786	28836786	harbor1	chr9	28734489	28734593	SINE/MIR	597	-	52	28734541	97755
chr9	118473862	118673862	harbor1	chr9	118528255	118528404	SINE/MIR	407	-	74	118528329	54467
chr9	118473862	118673862	harbor1	chr9	118538692	118538816	SINE/MIR	456	-	62	118538754	64892
chr9	118473862	118673862	harbor1	chr9	118563024	118563256	SINE/MIR	519	-	116	118563140	89278
chr9	128502440	128702440	harbor1	chr9	128571646	128571811	SINE/MIR	530	-	82	128571728	69288
chr9	41240632	41440632	harbor1	chr9	41285961	41286094	SINE/MIR	431	-	66	41286027	45395
chr9	36546922	36746922	harbor1	chr9	36620013	36620178	SINE/MIR	698	-	82	36620095	73173
chr9	36546922	36746922	harbor1	chr9	36621469	36621590	SINE/MIR	560	-	60	36621529	74607
chr9	36546922	36746922	harbor1	chr9	36623968	36624078	SINE/MIR	427	-	55	36624023	77101
chr9	36546922	36746922	harbor1	chr9	36624258	36624381	SINE/MIR	531	-	62	36624320	77398
chr9	36546922	36746922	harbor1	chr9	36638723	36638909	SINE/MIR	756	-	93	36638816	91894
chr9	8477014	8677014	harbor1	chr9	8486715	8486983	SINE/MIR	434	-	134	8486849	9835
chr9	17834613	18034613	harbor1	chr9	17838248	17838497	SINE/MIR	542	-	124	17838372	3759
chr9	17834613	18034613	harbor1	chr9	17840466	17840718	SINE/MIR	605	-	126	17840592	5979
chr9	17834613	18034613	harbor1	chr9	17858643	17858783	SINE/MIR	415	-	70	17858713	24100
chr9	17834613	18034613	harbor1	chr9	17859045	17859246	SINE/MIR	682	-	100	17859145	24532
chr9	17834613	18034613	harbor1	chr9	17877696	17877903	SINE/MIR	801	-	104	17877800	43187
chr9	17834613	18034613	harbor1	chr9	17842157	17842378	SINE/MIR	497	-	110	17842267	7654
chr9	35464954	35664954	harbor1	chr9	35509758	35509969	SINE/MIR	458	-	106	35509864	44910
chr9	35464954	35664954	harbor1	chr9	35519737	35519958	SINE/MIR	467	-	110	35519847	54893
chr9	35464954	35664954	harbor1	chr9	35526415	35526568	SINE/MIR	410	-	76	35526491	61537
chr9	122046153	122246153	harbor1	chr9	122049194	122049464	SINE/MIR	564	-	135	122049329	3176
chr9	122046153	122246153	harbor1	chr9	122056354	122056535	SINE/MIR	540	-	90	122056444	10291
chr9	122046153	122246153	harbor1	chr9	122059297	122059514	SINE/MIR	1060	-	108	122059405	13252
chr9	122046153	122246153	harbor1	chr9	122060280	122060543	SINE/MIR	527	-	132	122060412	14259
chr9	122046153	122246153	harbor1	chr9	122068471	122068703	SINE/MIR	807	-	116	122068587	22434
chr9	122046153	122246153	harbor1	chr9	122078602	122078823	SINE/MIR	445	-	110	122078712	32559
chr9	122046153	122246153	harbor1	chr9	122085701	122085946	SINE/MIR	845	-	122	122085823	39670
chr9	122046153	122246153	harbor1	chr9	122092069	122092285	SINE/MIR	544	-	108	122092177	46024
chr9	122046153	122246153	harbor1	chr9	122098259	122098484	SINE/MIR	729	-	112	122098371	52218
chr9	122046153	122246153	harbor1	chr9	122101536	122101721	SINE/MIR	482	-	92	122101628	55475
chr9	122046153	122246153	harbor1	chr9	122105428	122105602	SINE/MIR	523	-	87	122105515	59362
chr9	122046153	122246153	harbor1	chr9	122117056	122117226	SINE/MIR	485	-	85	122117141	70988
chr9	122046153	122246153	harbor1	chr9	122133015	122133204	SINE/MIR	814	-	94	122133109	86956
chr9	122046153	122246153	harbor1	chr9	122140714	122140960	SINE/MIR	847	-	123	122140837	94684
chr9	133890793	134090793	harbor1	chr9	133918502	133918740	SINE/MIR	590	-	119	133918621	27828
chr9	133890793	134090793	harbor1	chr9	133945056	133945201	SINE/MIR	469	-	72	133945128	54335
chr9	91234380	91434380	harbor1	chr9	91242992	91243211	SINE/MIR	413	-	110	91243102	8722
chr9	91234380	91434380	harbor1	chr9	91279176	91279385	SINE/MIR	687	-	104	91279280	44900
chr9	91234380	91434380	harbor1	chr9	91279787	91279831	SINE/MIR	687	-	22	91279809	45429
chr9	91234380	91434380	harbor1	chr9	91305646	91305858	SINE/MIR	484	-	106	91305752	71372
chr9	100686419	100886419	harbor1	chr9	100686876	100687020	SINE/MIR	464	-	72	100686948	529
chr9	100686419	100886419	harbor1	chr9	100714293	100714523	SINE/MIR	460	-	115	100714408	27989
chr9	100686419	100886419	harbor1	chr9	100726929	100727071	SINE/MIR	532	-	71	100727000	40581
chr9	100686419	100886419	harbor1	chr9	100761927	100762059	SINE/MIR	429	-	66	100761993	75574
chr9	119495040	119695040	harbor1	chr9	119508296	119508539	SINE/MIR	573	-	122	119508418	13378
chr9	119495040	119695040	harbor1	chr9	119519940	119520141	SINE/MIR	442	-	100	119520040	25000
chr9	119495040	119695040	harbor1	chr9	119526291	119526499	SINE/MIR	526	-	104	119526395	31355
chr9	119495040	119695040	harbor1	chr9	119528090	119528334	SINE/MIR	619	-	122	119528212	33172
chr9	119495040	119695040	harbor1	chr9	119530112	119530286	SINE/MIR	581	-	87	119530199	35159
chr9	119495040	119695040	harbor1	chr9	119540284	119540467	SINE/MIR	506	-	92	119540376	45336
chr9	119495040	119695040	harbor1	chr9	119544962	119545137	SINE/MIR	481	-	88	119545050	50010
chr9	119495040	119695040	harbor1	chr9	119548091	119548332	SINE/MIR	708	-	120	119548211	53171
chr9	119495040	119695040	harbor1	chr9	119559563	119559787	SINE/MIR	470	-	112	119559675	64635
chr9	119495040	119695040	harbor1	chr9	119565676	119565897	SINE/MIR	477	-	110	119565786	70746
chr9	119495040	119695040	harbor1	chr9	119568811	119569012	SINE/MIR	524	-	100	119568911	73871
chr9	119495040	119695040	harbor1	chr9	119576903	119577098	SINE/MIR	566	-	98	119577001	81961
chr9	119495040	119695040	harbor1	chr9	119578391	119578651	SINE/MIR	501	-	130	119578521	83481
chr9	42035476	42235476	harbor1	chr9	42050642	42050836	SINE/MIR	655	-	97	42050739	15263
chr9	42035476	42235476	harbor1	chr9	42093900	42094094	SINE/MIR	686	-	97	42093997	58521
chr9	109986587	110186587	harbor1	chr9	110028399	110028603	SINE/MIR	647	-	102	110028501	41914
chr9	109986587	110186587	harbor1	chr9	110031501	110031741	SINE/MIR	823	-	120	110031621	45034
chr9	109986587	110186587	harbor1	chr9	110033438	110033649	SINE/MIR	715	-	106	110033544	46957
chr9	109986587	110186587	harbor1	chr9	110039443	110039569	SINE/MIR	413	-	63	110039506	52919
chr9	69343718	69543718	harbor1	chr9	69352558	69352699	SINE/MIR	763	-	70	69352628	8910
chr9	69343718	69543718	harbor1	chr9	69359903	69360145	SINE/MIR	410	-	121	69360024	16306
chr9	69343718	69543718	harbor1	chr9	69364139	69364351	SINE/MIR	532	-	106	69364245	20527
chr9	69343718	69543718	harbor1	chr9	69392962	69393173	SINE/MIR	676	-	106	69393068	49350
chr9	69343718	69543718	harbor1	chr9	69424625	69424773	SINE/MIR	420	-	74	69424699	80981
chr9	69343718	69543718	harbor1	chr9	69443600	69443814	SINE/MIR	523	-	107	69443707	99989
chr9	132821788	133021788	harbor1	chr9	132826072	132826289	SINE/MIR	479	-	108	132826180	4392
chr9	132821788	133021788	harbor1	chr9	132827296	132827496	SINE/MIR	535	-	100	132827396	5608
chr9	132821788	133021788	harbor1	chr9	132879727	132879919	SINE/MIR	436	-	96	132879823	58035
chr9	132821788	133021788	harbor1	chr9	132903107	132903318	SINE/MIR	569	-	106	132903213	81425
chr9	84448714	84648714	harbor1	chr9	84471438	84471676	SINE/MIR	440	-	119	84471557	22843
chr9	84448714	84648714	harbor1	chr9	84502321	84502550	SINE/MIR	526	-	114	84502435	53721
chr9	84448714	84648714	harbor1	chr9	84519997	84520108	SINE/MIR	431	-	56	84520053	71339
chr9	84448714	84648714	harbor1	chr9	84521630	84521800	SINE/MIR	473	-	85	84521715	73001
chr9	84448714	84648714	harbor1	chr9	84543336	84543531	SINE/MIR	559	-	98	84543434	94720
chr9	13629385	13829385	harbor1	chr9	13707055	13707239	SINE/MIR	596	-	92	13707147	77762
chr9	13629385	13829385	harbor1	chr9	13708789	13708914	SINE/MIR	466	-	62	13708851	79466
chr9	13629385	13829385	harbor1	chr9	13726745	13726978	SINE/MIR	426	-	116	13726861	97476
chr9	76511411	76711411	harbor1	chr9	76517130	76517296	SINE/MIR	611	-	83	76517213	5802
chr9	76511411	76711411	harbor1	chr9	76561692	76561850	SINE/MIR	638	-	79	76561771	50360
chr9	76511411	76711411	harbor1	chr9	76571205	76571447	SINE/MIR	535	-	121	76571326	59915
chr9	76511411	76711411	harbor1	chr9	76591542	76591702	SINE/MIR	492	-	80	76591622	80211
chr9	84876539	85076539	harbor1	chr9	84881944	84882126	SINE/MIR	560	-	91	84882035	5496
chr9	84876539	85076539	harbor1	chr9	84937979	84938120	SINE/MIR	483	-	70	84938049	61510
chr9	84876539	85076539	harbor1	chr9	84953343	84953498	SINE/MIR	432	-	78	84953421	76882
chr9	3979551	4179551	harbor1	chr9	4006567	4006765	SINE/MIR	442	-	99	4006666	27115
chr9	3979551	4179551	harbor1	chr9	4008783	4008957	SINE/MIR	523	-	87	4008870	29319
chr9	3979551	4179551	harbor1	chr9	4022090	4022284	SINE/MIR	462	-	97	4022187	42636
chr9	3979551	4179551	harbor1	chr9	4035128	4035348	SINE/MIR	489	-	110	4035238	55687
chr9	3979551	4179551	harbor1	chr9	4039506	4039685	SINE/MIR	475	-	90	4039596	60045
chr9	24480570	24680570	harbor1	chr9	24494376	24494528	SINE/MIR	434	-	76	24494452	13882
chr9	24480570	24680570	harbor1	chr9	24503699	24503868	SINE/MIR	490	-	84	24503783	23213
chr9	24480570	24680570	harbor1	chr9	24514573	24514765	SINE/MIR	450	-	96	24514669	34099
chr9	24480570	24680570	harbor1	chr9	24550664	24550840	SINE/MIR	484	-	88	24550752	70182
chr9	24480570	24680570	harbor1	chr9	24558294	24558485	SINE/MIR	495	-	96	24558390	77820
chr9	40317669	40517669	harbor1	chr9	40327836	40328054	SINE/MIR	533	-	109	40327945	10276
chr9	40317669	40517669	harbor1	chr9	40329284	40329410	SINE/MIR	473	-	63	40329347	11678
chr9	40317669	40517669	harbor1	chr9	40352298	40352518	SINE/MIR	412	-	110	40352408	34739
chr9	40317669	40517669	harbor1	chr9	40352625	40352772	SINE/MIR	631	-	74	40352699	35030
chr9	107607690	107807690	harbor1	chr9	107615738	107615880	SINE/MIR	484	-	71	107615809	8119
chr9	107607690	107807690	harbor1	chr9	107619572	107619780	SINE/MIR	551	-	104	107619676	11986
chr9	107607690	107807690	harbor1	chr9	107623075	107623254	SINE/MIR	412	-	90	107623165	15475
chr9	107607690	107807690	harbor1	chr9	107623754	107623954	SINE/MIR	508	-	100	107623854	16164
chr9	107607690	107807690	harbor1	chr9	107626971	107627083	SINE/MIR	471	-	56	107627027	19337
chr9	107607690	107807690	harbor1	chr9	107633903	107634123	SINE/MIR	588	-	110	107634013	26323
chr9	107607690	107807690	harbor1	chr9	107641687	107641798	SINE/MIR	460	-	56	107641743	34053
chr9	107607690	107807690	harbor1	chr9	107643185	107643266	SINE/MIR	604	-	40	107643225	35535
chr9	107607690	107807690	harbor1	chr9	107644326	107644455	SINE/MIR	604	-	64	107644390	36700
chr9	107607690	107807690	harbor1	chr9	107652821	107653018	SINE/MIR	550	-	98	107652919	45229
chr9	107607690	107807690	harbor1	chr9	107668968	107669150	SINE/MIR	438	-	91	107669059	61369
chr9	107607690	107807690	harbor1	chr9	107674441	107674597	SINE/MIR	407	-	78	107674519	66829
chr9	107607690	107807690	harbor1	chr9	107675370	107675389	SINE/MIR	549	-	10	107675380	67690
chr9	107607690	107807690	harbor1	chr9	107676000	107676185	SINE/MIR	549	-	92	107676092	68402
chr9	107607690	107807690	harbor1	chr9	107691242	107691463	SINE/MIR	466	-	110	107691352	83662
chr9	107607690	107807690	harbor1	chr9	107691864	107692013	SINE/MIR	713	-	74	107691938	84248
chr9	107607690	107807690	harbor1	chr9	107699824	107700034	SINE/MIR	575	-	105	107699929	92239
chr9	107607690	107807690	harbor1	chr9	107705314	107705534	SINE/MIR	564	-	110	107705424	97734
chr9	107607690	107807690	harbor1	chr9	107706477	107706622	SINE/MIR	660	-	72	107706549	98859
chr9	81166457	81366457	harbor1	chr9	81196547	81196770	SINE/MIR	507	-	112	81196659	30202
chr9	81166457	81366457	harbor1	chr9	81235957	81236203	SINE/MIR	759	-	123	81236080	69623
chr9	81166457	81366457	harbor1	chr9	81255066	81255294	SINE/MIR	700	-	114	81255180	88723
chr9	126244659	126444659	harbor1	chr9	126295285	126295509	SINE/MIR	648	-	112	126295397	50738
chr9	126244659	126444659	harbor1	chr9	126331614	126331793	SINE/MIR	489	-	90	126331704	87045
chr9	126244659	126444659	harbor1	chr9	126339779	126340044	SINE/MIR	579	-	132	126339911	95252
chr9	42814263	43014263	harbor1	chr9	42817335	42817579	SINE/MIR	519	-	122	42817457	3194
chr9	42814263	43014263	harbor1	chr9	42823246	42823393	SINE/MIR	466	-	74	42823320	9057
chr9	42814263	43014263	harbor1	chr9	42855795	42856021	SINE/MIR	597	-	113	42855908	41645
chr9	106434740	106634740	harbor1	chr9	106435558	106435781	SINE/MIR	461	-	112	106435670	930
chr9	106434740	106634740	harbor1	chr9	106442642	106442890	SINE/MIR	693	-	124	106442766	8026
chr9	106434740	106634740	harbor1	chr9	106449418	106449539	SINE/MIR	414	-	60	106449478	14738
chr9	106434740	106634740	harbor1	chr9	106466888	106467021	SINE/MIR	444	-	66	106466954	32214
chr9	106434740	106634740	harbor1	chr9	106480508	106480754	SINE/MIR	602	-	123	106480631	45891
chr9	106434740	106634740	harbor1	chr9	106499039	106499206	SINE/MIR	618	-	84	106499123	64383
chr9	71323909	71523909	harbor1	chr9	71391157	71391384	SINE/MIR	530	-	114	71391271	67362
chr9	71323909	71523909	harbor1	chr9	71403505	71403742	SINE/MIR	507	-	118	71403623	79714
chr9	71323909	71523909	harbor1	chr9	71413270	71413520	SINE/MIR	471	-	125	71413395	89486
chr9	37212323	37412323	harbor1	chr9	37301875	37302081	SINE/MIR	750	-	103	37301978	89655
chr9	81054815	81254815	harbor1	chr9	81078545	81078735	SINE/MIR	489	-	95	81078640	23825
chr9	81054815	81254815	harbor1	chr9	81090173	81090361	SINE/MIR	500	-	94	81090267	35452
chr9	81054815	81254815	harbor1	chr9	81098176	81098355	SINE/MIR	412	-	90	81098266	43451
chr9	81054815	81254815	harbor1	chr9	81144312	81144507	SINE/MIR	458	-	98	81144410	89595
chr9	89878800	90078800	harbor1	chr9	89904147	89904305	SINE/MIR	419	-	79	89904226	25426
chr9	89878800	90078800	harbor1	chr9	89955666	89955917	SINE/MIR	921	-	126	89955792	76992
chr9	114236316	114436316	harbor1	chr9	114237315	114237540	SINE/MIR	608	-	112	114237427	1111
chr9	114236316	114436316	harbor1	chr9	114238783	114238956	SINE/MIR	510	-	86	114238869	2553
chr9	114236316	114436316	harbor1	chr9	114239340	114239513	SINE/MIR	596	-	86	114239426	3110
chr9	114236316	114436316	harbor1	chr9	114240768	114240969	SINE/MIR	580	-	100	114240868	4552
chr9	114236316	114436316	harbor1	chr9	114244926	114245109	SINE/MIR	478	-	92	114245018	8702
chr9	114236316	114436316	harbor1	chr9	114245943	114246090	SINE/MIR	528	-	74	114246017	9701
chr9	114236316	114436316	harbor1	chr9	114247947	114248153	SINE/MIR	664	-	103	114248050	11734
chr9	114236316	114436316	harbor1	chr9	114250987	114251168	SINE/MIR	446	-	90	114251077	14761
chr9	114236316	114436316	harbor1	chr9	114256669	114256859	SINE/MIR	659	-	95	114256764	20448
chr9	114236316	114436316	harbor1	chr9	114259584	114259669	SINE/MIR	519	-	42	114259626	23310
chr9	114236316	114436316	harbor1	chr9	114270196	114270372	SINE/MIR	534	-	88	114270284	33968
chr9	114236316	114436316	harbor1	chr9	114271172	114271406	SINE/MIR	697	-	117	114271289	34973
chr9	114236316	114436316	harbor1	chr9	114272095	114272253	SINE/MIR	446	-	79	114272174	35858
chr9	114236316	114436316	harbor1	chr9	114272640	114272828	SINE/MIR	522	-	94	114272734	36418
chr9	114236316	114436316	harbor1	chr9	114286259	114286444	SINE/MIR	451	-	92	114286351	50035
chr9	114236316	114436316	harbor1	chr9	114299160	114299318	SINE/MIR	449	-	79	114299239	62923
chr9	114236316	114436316	harbor1	chr9	114303162	114303227	SINE/MIR	663	-	32	114303194	66878
chr9	114236316	114436316	harbor1	chr9	114303537	114303719	SINE/MIR	663	-	91	114303628	67312
chr9	114236316	114436316	harbor1	chr9	114315725	114315918	SINE/MIR	434	-	96	114315821	79505
chr9	114236316	114436316	harbor1	chr9	114316580	114316693	SINE/MIR	568	-	56	114316636	80320
chr9	114236316	114436316	harbor1	chr9	114326084	114326215	SINE/MIR	521	-	66	114326150	89834
chr9	114236316	114436316	harbor1	chr9	114332861	114332992	SINE/MIR	521	-	66	114332927	96611
chr9	105025159	105225159	harbor1	chr9	105120307	105120453	SINE/MIR	417	-	73	105120380	95221
chr9	111042351	111242351	harbor1	chr9	111057370	111057562	SINE/MIR	639	-	96	111057466	15115
chr9	111042351	111242351	harbor1	chr9	111078862	111079070	SINE/MIR	513	-	104	111078966	36615
chr9	111042351	111242351	harbor1	chr9	111082245	111082452	SINE/MIR	465	-	104	111082349	39998
chr9	111042351	111242351	harbor1	chr9	111128472	111128687	SINE/MIR	662	-	108	111128580	86229
chr9	111042351	111242351	harbor1	chr9	111133059	111133140	SINE/MIR	436	-	40	111133099	90748
chr9	105415116	105615116	harbor1	chr9	105426507	105426696	SINE/MIR	459	-	94	105426601	11485
chr9	105415116	105615116	harbor1	chr9	105437910	105438098	SINE/MIR	621	-	94	105438004	22888
chr9	105415116	105615116	harbor1	chr9	105438692	105438919	SINE/MIR	766	-	114	105438806	23690
chr9	105415116	105615116	harbor1	chr9	105441552	105441788	SINE/MIR	980	-	118	105441670	26554
chr9	105415116	105615116	harbor1	chr9	105443811	105444005	SINE/MIR	604	-	97	105443908	28792
chr9	105415116	105615116	harbor1	chr9	105444194	105444424	SINE/MIR	669	-	115	105444309	29193
chr9	105415116	105615116	harbor1	chr9	105452363	105452512	SINE/MIR	532	-	74	105452437	37321
chr9	105415116	105615116	harbor1	chr9	105507373	105507637	SINE/MIR	453	-	132	105507505	92389
chr9	105415116	105615116	harbor1	chr9	105447379	105447586	SINE/MIR	476	-	104	105447483	32367
chr9	70000999	70200999	harbor1	chr9	70017901	70018021	SINE/MIR	547	-	60	70017961	16962
chr9	70000999	70200999	harbor1	chr9	70020877	70021077	SINE/MIR	598	-	100	70020977	19978
chr9	70000999	70200999	harbor1	chr9	70033590	70033833	SINE/MIR	974	-	122	70033712	32713
chr9	70000999	70200999	harbor1	chr9	70055244	70055460	SINE/MIR	533	-	108	70055352	54353
chr9	70000999	70200999	harbor1	chr9	70058143	70058365	SINE/MIR	637	-	111	70058254	57255
chr9	70000999	70200999	harbor1	chr9	70063688	70063934	SINE/MIR	556	-	123	70063811	62812
chr9	70000999	70200999	harbor1	chr9	70072489	70072683	SINE/MIR	521	-	97	70072586	71587
chr9	70000999	70200999	harbor1	chr9	70075062	70075257	SINE/MIR	540	-	98	70075160	74161
chr9	70000999	70200999	harbor1	chr9	70088929	70089175	SINE/MIR	733	-	123	70089052	88053
chr9	70000999	70200999	harbor1	chr9	70100138	70100376	SINE/MIR	634	-	119	70100257	99258
chr9	9937719	10137719	harbor1	chr9	9967479	9967667	SINE/MIR	540	-	94	9967573	29854
chr9	9937719	10137719	harbor1	chr9	9993966	9994168	SINE/MIR	757	-	101	9994067	56348
chr9	9937719	10137719	harbor1	chr9	10010082	10010231	SINE/MIR	438	-	74	10010156	72437
chr9	41131706	41331706	harbor1	chr9	41163692	41163917	SINE/MIR	590	-	112	41163804	32098
chr9	41131706	41331706	harbor1	chr9	41192983	41193197	SINE/MIR	908	-	107	41193090	61384
chr9	41131706	41331706	harbor1	chr9	41209522	41209621	SINE/MIR	834	-	50	41209572	77866
chr9	41131706	41331706	harbor1	chr9	41209928	41210091	SINE/MIR	834	-	82	41210010	78304
chr9	12860986	13060986	harbor1	chr9	12925163	12925385	SINE/MIR	504	-	111	12925274	64288
chr9	122016555	122216555	harbor1	chr9	122039574	122039802	SINE/MIR	635	-	114	122039688	23133
chr9	122016555	122216555	harbor1	chr9	122049194	122049464	SINE/MIR	564	-	135	122049329	32774
chr9	122016555	122216555	harbor1	chr9	122056354	122056535	SINE/MIR	540	-	90	122056444	39889
chr9	122016555	122216555	harbor1	chr9	122059297	122059514	SINE/MIR	1060	-	108	122059405	42850
chr9	122016555	122216555	harbor1	chr9	122060280	122060543	SINE/MIR	527	-	132	122060412	43857
chr9	122016555	122216555	harbor1	chr9	122068471	122068703	SINE/MIR	807	-	116	122068587	52032
chr9	122016555	122216555	harbor1	chr9	122078602	122078823	SINE/MIR	445	-	110	122078712	62157
chr9	122016555	122216555	harbor1	chr9	122085701	122085946	SINE/MIR	845	-	122	122085823	69268
chr9	122016555	122216555	harbor1	chr9	122092069	122092285	SINE/MIR	544	-	108	122092177	75622
chr9	122016555	122216555	harbor1	chr9	122098259	122098484	SINE/MIR	729	-	112	122098371	81816
chr9	122016555	122216555	harbor1	chr9	122101536	122101721	SINE/MIR	482	-	92	122101628	85073
chr9	122016555	122216555	harbor1	chr9	122105428	122105602	SINE/MIR	523	-	87	122105515	88960
chr9	118232156	118432156	harbor1	chr9	118266428	118266586	SINE/MIR	567	-	79	118266507	34351
chr9	118232156	118432156	harbor1	chr9	118279356	118279574	SINE/MIR	485	-	109	118279465	47309
chr9	118232156	118432156	harbor1	chr9	118287466	118287683	SINE/MIR	432	-	108	118287574	55418
chr9	118232156	118432156	harbor1	chr9	118287785	118287955	SINE/MIR	518	-	85	118287870	55714
chr9	118232156	118432156	harbor1	chr9	118294630	118294814	SINE/MIR	593	-	92	118294722	62566
chr9	118232156	118432156	harbor1	chr9	118294930	118295054	SINE/MIR	407	-	62	118294992	62836
chr9	118232156	118432156	harbor1	chr9	118300795	118301030	SINE/MIR	580	-	118	118300913	68757
chr9	133832200	134032200	harbor1	chr9	133851342	133851476	SINE/MIR	414	-	67	133851409	19209
chr9	133832200	134032200	harbor1	chr9	133918502	133918740	SINE/MIR	590	-	119	133918621	86421
chr9	70300878	70500878	harbor1	chr9	70389292	70389483	SINE/MIR	587	-	96	70389388	88510
chr9	70300878	70500878	harbor1	chr9	70303598	70303794	SINE/MIR	422	-	98	70303696	2818
chr9	85697984	85897984	harbor1	chr9	85738912	85739178	SINE/MIR	540	-	133	85739045	41061
chr9	70021680	70221680	harbor1	chr9	70033590	70033833	SINE/MIR	974	-	122	70033712	12032
chr9	70021680	70221680	harbor1	chr9	70055244	70055460	SINE/MIR	533	-	108	70055352	33672
chr9	70021680	70221680	harbor1	chr9	70058143	70058365	SINE/MIR	637	-	111	70058254	36574
chr9	70021680	70221680	harbor1	chr9	70063688	70063934	SINE/MIR	556	-	123	70063811	42131
chr9	70021680	70221680	harbor1	chr9	70072489	70072683	SINE/MIR	521	-	97	70072586	50906
chr9	70021680	70221680	harbor1	chr9	70075062	70075257	SINE/MIR	540	-	98	70075160	53480
chr9	70021680	70221680	harbor1	chr9	70088929	70089175	SINE/MIR	733	-	123	70089052	67372
chr9	70021680	70221680	harbor1	chr9	70100138	70100376	SINE/MIR	634	-	119	70100257	78577
chr9	70021680	70221680	harbor1	chr9	70112608	70112790	SINE/MIR	510	-	91	70112699	91019
chr9	16021054	16221054	harbor1	chr9	16061639	16061813	SINE/MIR	673	-	87	16061726	40672
chr9	16021054	16221054	harbor1	chr9	16079813	16079990	SINE/MIR	657	-	88	16079901	58847
chr9	136752273	136952273	harbor1	chr9	136802141	136802354	SINE/MIR	489	-	106	136802247	49974
chr9	75138945	75338945	harbor1	chr9	75149971	75150148	SINE/MIR	476	-	88	75150059	11114
chr9	75138945	75338945	harbor1	chr9	75175844	75176032	SINE/MIR	539	-	94	75175938	36993
chr9	75138945	75338945	harbor1	chr9	75232844	75233030	SINE/MIR	442	-	93	75232937	93992
chr9	75138945	75338945	harbor1	chr9	75233629	75233755	SINE/MIR	503	-	63	75233692	94747
chr9	36860327	37060327	harbor1	chr9	36874872	36875128	SINE/MIR	900	-	128	36875000	14673
chr9	36860327	37060327	harbor1	chr9	36885436	36885674	SINE/MIR	808	-	119	36885555	25228
chr9	36860327	37060327	harbor1	chr9	36886987	36887143	SINE/MIR	485	-	78	36887065	26738
chr9	36860327	37060327	harbor1	chr9	36889194	36889336	SINE/MIR	530	-	71	36889265	28938
chr9	36860327	37060327	harbor1	chr9	36889344	36889599	SINE/MIR	748	-	128	36889472	29145
chr9	36860327	37060327	harbor1	chr9	36892373	36892529	SINE/MIR	455	-	78	36892451	32124
chr9	36860327	37060327	harbor1	chr9	36895657	36895809	SINE/MIR	448	-	76	36895733	35406
chr9	36860327	37060327	harbor1	chr9	36901460	36901681	SINE/MIR	533	-	110	36901570	41243
chr9	36860327	37060327	harbor1	chr9	36905281	36905517	SINE/MIR	591	-	118	36905399	45072
chr9	36860327	37060327	harbor1	chr9	36906796	36906987	SINE/MIR	580	-	96	36906892	46565
chr9	36860327	37060327	harbor1	chr9	36912238	36912456	SINE/MIR	776	-	109	36912347	52020
chr9	36860327	37060327	harbor1	chr9	36912840	36913023	SINE/MIR	530	-	92	36912932	52605
chr9	36860327	37060327	harbor1	chr9	36922609	36922848	SINE/MIR	584	-	120	36922729	62402
chr9	36860327	37060327	harbor1	chr9	36923915	36924032	SINE/MIR	430	-	58	36923973	63646
chr9	36860327	37060327	harbor1	chr9	36925985	36926203	SINE/MIR	815	-	109	36926094	65767
chr9	36860327	37060327	harbor1	chr9	36937155	36937380	SINE/MIR	720	-	112	36937267	76940
chr9	36860327	37060327	harbor1	chr9	36937393	36937513	SINE/MIR	410	-	60	36937453	77126
chr9	36860327	37060327	harbor1	chr9	36942635	36942764	SINE/MIR	413	-	64	36942699	82372
chr9	36860327	37060327	harbor1	chr9	36944281	36944458	SINE/MIR	760	-	88	36944369	84042
chr9	36860327	37060327	harbor1	chr9	36947997	36948245	SINE/MIR	500	-	124	36948121	87794
chr9	131191662	131391662	harbor1	chr9	131196474	131196697	SINE/MIR	585	-	112	131196586	4924
chr9	131191662	131391662	harbor1	chr9	131202879	131202914	SINE/MIR	520	-	18	131202897	11235
chr9	131191662	131391662	harbor1	chr9	131203245	131203367	SINE/MIR	520	-	61	131203306	11644
chr9	131191662	131391662	harbor1	chr9	131238026	131238244	SINE/MIR	467	-	109	131238135	46473
chr9	131191662	131391662	harbor1	chr9	131273810	131273966	SINE/MIR	526	-	78	131273888	82226
chr9	131191662	131391662	harbor1	chr9	131288276	131288510	SINE/MIR	686	-	117	131288393	96731
chr9	37615157	37815157	harbor1	chr9	37641340	37641577	SINE/MIR	735	-	118	37641458	26301
chr9	37615157	37815157	harbor1	chr9	37645886	37646067	SINE/MIR	431	-	90	37645976	30819
chr9	37615157	37815157	harbor1	chr9	37648103	37648288	SINE/MIR	644	-	92	37648195	33038
chr9	37615157	37815157	harbor1	chr9	37672435	37672651	SINE/MIR	856	-	108	37672543	57386
chr9	37615157	37815157	harbor1	chr9	37674915	37674947	SINE/MIR	856	-	16	37674931	59774
chr9	37615157	37815157	harbor1	chr9	37677445	37677659	SINE/MIR	461	-	107	37677552	62395
chr9	37615157	37815157	harbor1	chr9	37683339	37683491	SINE/MIR	446	-	76	37683415	68258
chr9	105729439	105929439	harbor1	chr9	105758223	105758340	SINE/MIR	447	-	58	105758281	28842
chr9	76215837	76415837	harbor1	chr9	76217390	76217631	SINE/MIR	826	-	120	76217510	1673
chr9	76215837	76415837	harbor1	chr9	76218602	76218813	SINE/MIR	449	-	106	76218708	2871
chr9	76215837	76415837	harbor1	chr9	76251669	76251895	SINE/MIR	555	-	113	76251782	35945
chr9	76215837	76415837	harbor1	chr9	76255855	76255975	SINE/MIR	634	-	60	76255915	40078
chr9	76215837	76415837	harbor1	chr9	76304535	76304648	SINE/MIR	490	-	56	76304591	88754
chr9	76215837	76415837	harbor1	chr9	76304649	76304781	SINE/MIR	509	-	66	76304715	88878
chr9	76215837	76415837	harbor1	chr9	76304782	76304914	SINE/MIR	509	-	66	76304848	89011
chr9	76215837	76415837	harbor1	chr9	76304915	76305047	SINE/MIR	509	-	66	76304981	89144
chr9	76215837	76415837	harbor1	chr9	76305048	76305180	SINE/MIR	509	-	66	76305114	89277
chr9	76215837	76415837	harbor1	chr9	76305181	76305313	SINE/MIR	509	-	66	76305247	89410
chr9	76215837	76415837	harbor1	chr9	76305314	76305446	SINE/MIR	509	-	66	76305380	89543
chr9	76215837	76415837	harbor1	chr9	76305447	76305579	SINE/MIR	509	-	66	76305513	89676
chr9	76215837	76415837	harbor1	chr9	76305580	76305712	SINE/MIR	509	-	66	76305646	89809
chr9	76215837	76415837	harbor1	chr9	76305713	76305845	SINE/MIR	509	-	66	76305779	89942
chr9	76215837	76415837	harbor1	chr9	76305846	76305978	SINE/MIR	509	-	66	76305912	90075
chr9	76215837	76415837	harbor1	chr9	76305979	76306111	SINE/MIR	509	-	66	76306045	90208
chr9	76215837	76415837	harbor1	chr9	76306112	76306244	SINE/MIR	509	-	66	76306178	90341
chr9	76215837	76415837	harbor1	chr9	76306245	76306377	SINE/MIR	513	-	66	76306311	90474
chr9	76215837	76415837	harbor1	chr9	76306378	76306522	SINE/MIR	517	-	72	76306450	90613
chr9	76215837	76415837	harbor1	chr9	76306511	76306643	SINE/MIR	497	-	66	76306577	90740
chr9	76215837	76415837	harbor1	chr9	76306644	76306776	SINE/MIR	496	-	66	76306710	90873
chr9	76215837	76415837	harbor1	chr9	76306777	76306909	SINE/MIR	509	-	66	76306843	91006
chr9	76215837	76415837	harbor1	chr9	76306910	76307042	SINE/MIR	509	-	66	76306976	91139
chr9	76215837	76415837	harbor1	chr9	76307043	76307239	SINE/MIR	615	-	98	76307141	91304
chr9	76215837	76415837	harbor1	chr9	76312998	76313222	SINE/MIR	555	-	112	76313110	97273
chr10	3508070	3708070	harbor1	chr10	3536666	3536819	SINE/MIR	419	-	76	3536742	28672
chr10	57229440	57429440	harbor1	chr10	57252555	57252794	SINE/MIR	477	-	120	57252675	23235
chr10	94793244	94993244	harbor1	chr10	94855251	94855402	SINE/MIR	429	-	76	94855327	62083
chr10	94793244	94993244	harbor1	chr10	94858755	94858985	SINE/MIR	643	-	115	94858870	65626
chr10	109893345	110093345	harbor1	chr10	109893784	109893904	SINE/MIR	622	-	60	109893844	499
chr10	109893345	110093345	harbor1	chr10	109897513	109897658	SINE/MIR	614	-	72	109897585	4240
chr10	109893345	110093345	harbor1	chr10	109897954	109898005	SINE/MIR	614	-	26	109897980	4635
chr10	109893345	110093345	harbor1	chr10	109902250	109902511	SINE/MIR	557	-	130	109902380	9035
chr10	109893345	110093345	harbor1	chr10	109913512	109913704	SINE/MIR	627	-	96	109913608	20263
chr10	109893345	110093345	harbor1	chr10	109921155	109921329	SINE/MIR	436	-	87	109921242	27897
chr10	109893345	110093345	harbor1	chr10	109925966	109926142	SINE/MIR	410	-	88	109926054	32709
chr10	109893345	110093345	harbor1	chr10	109933004	109933191	SINE/MIR	414	-	94	109933098	39753
chr10	109893345	110093345	harbor1	chr10	109940220	109940419	SINE/MIR	647	-	100	109940320	46975
chr10	109893345	110093345	harbor1	chr10	109948638	109948807	SINE/MIR	636	-	84	109948722	55377
chr10	109893345	110093345	harbor1	chr10	109960110	109960226	SINE/MIR	737	-	58	109960168	66823
chr10	109893345	110093345	harbor1	chr10	109960529	109960609	SINE/MIR	737	-	40	109960569	67224
chr10	109893345	110093345	harbor1	chr10	109960798	109960855	SINE/MIR	737	-	28	109960826	67481
chr10	109893345	110093345	harbor1	chr10	109976793	109976996	SINE/MIR	451	-	102	109976895	83550
chr10	109893345	110093345	harbor1	chr10	109991005	109991208	SINE/MIR	650	-	102	109991107	97762
chr10	109893345	110093345	harbor1	chr10	109993100	109993141	SINE/MIR	481	-	20	109993120	99775
chr10	121733822	121933822	harbor1	chr10	121789109	121789296	SINE/MIR	639	-	94	121789203	55381
chr10	121733822	121933822	harbor1	chr10	121805356	121805567	SINE/MIR	616	-	106	121805462	71640
chr10	99327912	99527912	harbor1	chr10	99334804	99335032	SINE/MIR	644	-	114	99334918	7006
chr10	99327912	99527912	harbor1	chr10	99378641	99378835	SINE/MIR	641	-	97	99378738	50826
chr10	99327912	99527912	harbor1	chr10	99398750	99398985	SINE/MIR	413	-	118	99398868	70956
chr10	99327912	99527912	harbor1	chr10	99406920	99407131	SINE/MIR	748	-	106	99407026	79114
chr10	92851216	93051216	harbor1	chr10	92876284	92876512	SINE/MIR	715	-	114	92876398	25182
chr10	127440355	127640355	harbor1	chr10	127505408	127505626	SINE/MIR	504	-	109	127505517	65162
chr10	127440355	127640355	harbor1	chr10	127507420	127507591	SINE/MIR	444	-	86	127507506	67151
chr10	127440355	127640355	harbor1	chr10	127531456	127531648	SINE/MIR	700	-	96	127531552	91197
chr10	113852404	114052404	harbor1	chr10	113855833	113856028	SINE/MIR	511	-	98	113855931	3527
chr10	113852404	114052404	harbor1	chr10	113874167	113874339	SINE/MIR	630	-	86	113874253	21849
chr10	113852404	114052404	harbor1	chr10	113878343	113878531	SINE/MIR	649	-	94	113878437	26033
chr10	113852404	114052404	harbor1	chr10	113878829	113878860	SINE/MIR	649	-	16	113878845	26441
chr10	113852404	114052404	harbor1	chr10	113895600	113895786	SINE/MIR	465	-	93	113895693	43289
chr10	113852404	114052404	harbor1	chr10	113913003	113913206	SINE/MIR	688	-	102	113913105	60701
chr10	113852404	114052404	harbor1	chr10	113927644	113927837	SINE/MIR	583	-	96	113927740	75336
chr10	113852404	114052404	harbor1	chr10	113941065	113941269	SINE/MIR	610	-	102	113941167	88763
chr10	108410709	108610709	harbor1	chr10	108435677	108435981	SINE/MIR	479	-	152	108435829	25120
chr10	108410709	108610709	harbor1	chr10	108440052	108440206	SINE/MIR	442	-	77	108440129	29420
chr10	108410709	108610709	harbor1	chr10	108440775	108440863	SINE/MIR	442	-	44	108440819	30110
chr10	108410709	108610709	harbor1	chr10	108443718	108443933	SINE/MIR	609	-	108	108443826	33117
chr10	108410709	108610709	harbor1	chr10	108450987	108451127	SINE/MIR	477	-	70	108451057	40348
chr10	108410709	108610709	harbor1	chr10	108452431	108452646	SINE/MIR	556	-	108	108452539	41830
chr10	108410709	108610709	harbor1	chr10	108457233	108457385	SINE/MIR	487	-	76	108457309	46600
chr10	34202435	34402435	harbor1	chr10	34223713	34223945	SINE/MIR	568	-	116	34223829	21394
chr10	34202435	34402435	harbor1	chr10	34248535	34248662	SINE/MIR	427	-	64	34248599	46164
chr10	34202435	34402435	harbor1	chr10	34251371	34251579	SINE/MIR	795	-	104	34251475	49040
chr10	34202435	34402435	harbor1	chr10	34263213	34263378	SINE/MIR	709	-	82	34263295	60860
chr10	34202435	34402435	harbor1	chr10	34263666	34263731	SINE/MIR	709	-	32	34263698	61263
chr10	34202435	34402435	harbor1	chr10	34291497	34291649	SINE/MIR	464	-	76	34291573	89138
chr10	46058347	46258347	harbor1	chr10	46068171	46068301	SINE/MIR	419	-	65	46068236	9889
chr10	46058347	46258347	harbor1	chr10	46070055	46070259	SINE/MIR	531	-	102	46070157	11810
chr10	46058347	46258347	harbor1	chr10	46077712	46077897	SINE/MIR	540	-	92	46077804	19457
chr10	46058347	46258347	harbor1	chr10	46088363	46088499	SINE/MIR	523	-	68	46088431	30084
chr10	46058347	46258347	harbor1	chr10	46145962	46146138	SINE/MIR	542	-	88	46146050	87703
chr10	46058347	46258347	harbor1	chr10	46146556	46146775	SINE/MIR	409	-	110	46146666	88319
chr10	46058347	46258347	harbor1	chr10	46149454	46149544	SINE/MIR	408	-	45	46149499	91152
chr10	26640835	26840835	harbor1	chr10	26675414	26675558	SINE/MIR	407	-	72	26675486	34651
chr10	26640835	26840835	harbor1	chr10	26733983	26734211	SINE/MIR	481	-	114	26734097	93262
chr10	26640835	26840835	harbor1	chr10	26738225	26738415	SINE/MIR	464	-	95	26738320	97485
chr10	128835066	129035066	harbor1	chr10	128906320	128906496	SINE/MIR	559	-	88	128906408	71342
chr10	70845790	71045790	harbor1	chr10	70858951	70859149	SINE/MIR	433	-	99	70859050	13260
chr10	70845790	71045790	harbor1	chr10	70904944	70905154	SINE/MIR	508	-	105	70905049	59259
chr10	70845790	71045790	harbor1	chr10	70909307	70909475	SINE/MIR	423	-	84	70909391	63601
chr10	70845790	71045790	harbor1	chr10	70943710	70943933	SINE/MIR	481	-	112	70943822	98032
chr10	70845790	71045790	harbor1	chr10	70945272	70945475	SINE/MIR	408	-	102	70945374	99584
chr10	132368705	132568705	harbor1	chr10	132392779	132392998	SINE/MIR	611	-	110	132392889	24184
chr10	55481441	55681441	harbor1	chr10	55539836	55540077	SINE/MIR	604	-	120	55539956	58515
chr10	127248557	127448557	harbor1	chr10	127279284	127279459	SINE/MIR	578	-	88	127279372	30815
chr10	127248557	127448557	harbor1	chr10	127325365	127325582	SINE/MIR	512	-	108	127325473	76916
chr10	127248557	127448557	harbor1	chr10	127343255	127343470	SINE/MIR	671	-	108	127343363	94806
chr10	127248557	127448557	harbor1	chr10	127345222	127345447	SINE/MIR	450	-	112	127345334	96777
chr10	77504150	77704150	harbor1	chr10	77536458	77536714	SINE/MIR	568	-	128	77536586	32436
chr10	77504150	77704150	harbor1	chr10	77541405	77541583	SINE/MIR	511	-	89	77541494	37344
chr10	77504150	77704150	harbor1	chr10	77544614	77544809	SINE/MIR	509	-	98	77544712	40562
chr10	77504150	77704150	harbor1	chr10	77561302	77561536	SINE/MIR	607	-	117	77561419	57269
chr10	77504150	77704150	harbor1	chr10	77561918	77562096	SINE/MIR	481	-	89	77562007	57857
chr10	77504150	77704150	harbor1	chr10	77577629	77577789	SINE/MIR	615	-	80	77577709	73559
chr10	77504150	77704150	harbor1	chr10	77580840	77580978	SINE/MIR	486	-	69	77580909	76759
chr10	77504150	77704150	harbor1	chr10	77593541	77593683	SINE/MIR	500	-	71	77593612	89462
chr10	105601717	105801717	harbor1	chr10	105610815	105611026	SINE/MIR	780	-	106	105610921	9204
chr10	105601717	105801717	harbor1	chr10	105633461	105633606	SINE/MIR	431	-	72	105633533	31816
chr10	105601717	105801717	harbor1	chr10	105641543	105641772	SINE/MIR	849	-	114	105641657	39940
chr10	105601717	105801717	harbor1	chr10	105658060	105658293	SINE/MIR	664	-	116	105658176	56459
chr10	37068050	37268050	harbor1	chr10	37075314	37075540	SINE/MIR	558	-	113	37075427	7377
chr10	37068050	37268050	harbor1	chr10	37095453	37095654	SINE/MIR	550	-	100	37095553	27503
chr10	37068050	37268050	harbor1	chr10	37129461	37129714	SINE/MIR	606	-	126	37129587	61537
chr10	47002079	47202079	harbor1	chr10	47049232	47049315	SINE/MIR	434	-	42	47049274	47195
chr10	47002079	47202079	harbor1	chr10	47089076	47089284	SINE/MIR	634	-	104	47089180	87101
chr10	43147088	43347088	harbor1	chr10	43172369	43172604	SINE/MIR	516	-	118	43172487	25399
chr10	66347624	66547624	harbor1	chr10	66351232	66351430	SINE/MIR	515	-	99	66351331	3707
chr10	66347624	66547624	harbor1	chr10	66363840	66364096	SINE/MIR	612	-	128	66363968	16344
chr10	75381197	75581197	harbor1	chr10	75392819	75393043	SINE/MIR	595	-	112	75392931	11734
chr10	75381197	75581197	harbor1	chr10	75410093	75410260	SINE/MIR	551	-	84	75410177	28980
chr10	75381197	75581197	harbor1	chr10	75416910	75417089	SINE/MIR	533	-	90	75417000	35803
chr10	75381197	75581197	harbor1	chr10	75449191	75449409	SINE/MIR	626	-	109	75449300	68103
chr10	75381197	75581197	harbor1	chr10	75472312	75472451	SINE/MIR	422	-	70	75472382	91185
chr10	44826456	45026456	harbor1	chr10	44861765	44861957	SINE/MIR	575	-	96	44861861	35405
chr10	44826456	45026456	harbor1	chr10	44915965	44916140	SINE/MIR	429	-	88	44916053	89597
chr10	103253782	103453782	harbor1	chr10	103291029	103291267	SINE/MIR	594	-	119	103291148	37366
chr10	103253782	103453782	harbor1	chr10	103296507	103296671	SINE/MIR	751	-	82	103296589	42807
chr10	103253782	103453782	harbor1	chr10	103316372	103316606	SINE/MIR	593	-	117	103316489	62707
chr10	103253782	103453782	harbor1	chr10	103334759	103334993	SINE/MIR	720	-	117	103334876	81094
chr10	103253782	103453782	harbor1	chr10	103345410	103345546	SINE/MIR	418	-	68	103345478	91696
chr10	103253782	103453782	harbor1	chr10	103345845	103345910	SINE/MIR	418	-	32	103345877	92095
chr10	103253782	103453782	harbor1	chr10	103346861	103347080	SINE/MIR	562	-	110	103346971	93189
chr10	80892211	81092211	harbor1	chr10	80939875	80940116	SINE/MIR	608	-	120	80939995	47784
chr10	58955136	59155136	harbor1	chr10	58994708	58994915	SINE/MIR	409	-	104	58994812	39676
chr10	58955136	59155136	harbor1	chr10	59005321	59005544	SINE/MIR	557	-	112	59005433	50297
chr10	58955136	59155136	harbor1	chr10	59011437	59011634	SINE/MIR	625	-	98	59011535	56399
chr10	58955136	59155136	harbor1	chr10	59018474	59018690	SINE/MIR	592	-	108	59018582	63446
chr10	58955136	59155136	harbor1	chr10	59022990	59023191	SINE/MIR	444	-	100	59023090	67954
chr10	58955136	59155136	harbor1	chr10	59035170	59035300	SINE/MIR	578	-	65	59035235	80099
chr10	58955136	59155136	harbor1	chr10	59045225	59045436	SINE/MIR	434	-	106	59045331	90195
chr10	90578406	90778406	harbor1	chr10	90590484	90590636	SINE/MIR	440	-	76	90590560	12154
chr10	35767212	35967212	harbor1	chr10	35774642	35774798	SINE/MIR	423	-	78	35774720	7508
chr10	35767212	35967212	harbor1	chr10	35820601	35820859	SINE/MIR	644	-	129	35820730	53518
chr10	35767212	35967212	harbor1	chr10	35823512	35823774	SINE/MIR	632	-	131	35823643	56431
chr10	16371146	16571146	harbor1	chr10	16453843	16453979	SINE/MIR	482	-	68	16453911	82765
chr10	84430319	84630319	harbor1	chr10	84434670	84434889	SINE/MIR	773	-	110	84434780	4461
chr10	84430319	84630319	harbor1	chr10	84497899	84498071	SINE/MIR	451	-	86	84497985	67666
chr10	84430319	84630319	harbor1	chr10	84508325	84508568	SINE/MIR	442	-	122	84508447	78128
chr10	2277970	2477970	harbor1	chr10	2328618	2328797	SINE/MIR	491	-	90	2328708	50738
chr10	2277970	2477970	harbor1	chr10	2363014	2363191	SINE/MIR	424	-	88	2363102	85132
chr10	119739373	119939373	harbor1	chr10	119776007	119776159	SINE/MIR	413	-	76	119776083	36710
chr10	119739373	119939373	harbor1	chr10	119796313	119796521	SINE/MIR	628	-	104	119796417	57044
chr10	12859258	13059258	harbor1	chr10	12878105	12878248	SINE/MIR	548	-	72	12878177	18919
chr10	12859258	13059258	harbor1	chr10	12920649	12920885	SINE/MIR	409	-	118	12920767	61509
chr10	54972701	55172701	harbor1	chr10	54978996	54979153	SINE/MIR	531	-	78	54979074	6373
chr10	54972701	55172701	harbor1	chr10	55028057	55028284	SINE/MIR	589	-	114	55028171	55470
chr10	70607001	70807001	harbor1	chr10	70617790	70617993	SINE/MIR	633	-	102	70617892	10891
chr10	70607001	70807001	harbor1	chr10	70646266	70646472	SINE/MIR	711	-	103	70646369	39368
chr10	70607001	70807001	harbor1	chr10	70647089	70647223	SINE/MIR	423	-	67	70647156	40155
chr10	70607001	70807001	harbor1	chr10	70693507	70693692	SINE/MIR	435	-	92	70693599	86598
chr10	113930500	114130500	harbor1	chr10	113941065	113941269	SINE/MIR	610	-	102	113941167	10667
chr10	113930500	114130500	harbor1	chr10	113967609	113967791	SINE/MIR	463	-	91	113967700	37200
chr10	103595902	103795902	harbor1	chr10	103610740	103610938	SINE/MIR	662	-	99	103610839	14937
chr10	103595902	103795902	harbor1	chr10	103623938	103624167	SINE/MIR	479	-	114	103624052	28150
chr10	103595902	103795902	harbor1	chr10	103654720	103654910	SINE/MIR	488	-	95	103654815	58913
chr10	103595902	103795902	harbor1	chr10	103664381	103664549	SINE/MIR	497	-	84	103664465	68563
chr10	103595902	103795902	harbor1	chr10	103669838	103670022	SINE/MIR	765	-	92	103669930	74028
chr10	103595902	103795902	harbor1	chr10	103675639	103675760	SINE/MIR	483	-	60	103675699	79797
chr10	103595902	103795902	harbor1	chr10	103676060	103676128	SINE/MIR	483	-	34	103676094	80192
chr10	103595902	103795902	harbor1	chr10	103685622	103685838	SINE/MIR	701	-	108	103685730	89828
chr10	103595902	103795902	harbor1	chr10	103690218	103690322	SINE/MIR	769	-	52	103690270	94368
chr10	103595902	103795902	harbor1	chr10	103690754	103690901	SINE/MIR	769	-	74	103690828	94926
chr10	103595902	103795902	harbor1	chr10	103691080	103691215	SINE/MIR	443	-	68	103691148	95246
chr10	103595902	103795902	harbor1	chr10	103691237	103691419	SINE/MIR	555	-	91	103691328	95426
chr10	44669959	44869959	harbor1	chr10	44697072	44697293	SINE/MIR	439	-	110	44697182	27223
chr10	44669959	44869959	harbor1	chr10	44708344	44708581	SINE/MIR	618	-	118	44708462	38503
chr10	44669959	44869959	harbor1	chr10	44755516	44755674	SINE/MIR	508	-	79	44755595	85636
chr10	44669959	44869959	harbor1	chr10	44758347	44758579	SINE/MIR	857	-	116	44758463	88504
chr10	65830703	66030703	harbor1	chr10	65904971	65905219	SINE/MIR	629	-	124	65905095	74392
chr10	65830703	66030703	harbor1	chr10	65921971	65922152	SINE/MIR	721	-	90	65922061	91358
chr10	70463496	70663496	harbor1	chr10	70465469	70465691	SINE/MIR	492	-	111	70465580	2084
chr10	70463496	70663496	harbor1	chr10	70472879	70473089	SINE/MIR	839	-	105	70472984	9488
chr10	70463496	70663496	harbor1	chr10	70477246	70477448	SINE/MIR	457	-	101	70477347	13851
chr10	70463496	70663496	harbor1	chr10	70499006	70499219	SINE/MIR	892	-	106	70499112	35616
chr10	70463496	70663496	harbor1	chr10	70517050	70517221	SINE/MIR	599	-	86	70517136	53640
chr10	70463496	70663496	harbor1	chr10	70527365	70527408	SINE/MIR	501	-	22	70527387	63891
chr10	70463496	70663496	harbor1	chr10	70527622	70527768	SINE/MIR	501	-	73	70527695	64199
chr10	70463496	70663496	harbor1	chr10	70528361	70528468	SINE/MIR	432	-	54	70528415	64919
chr10	70463496	70663496	harbor1	chr10	70530409	70530588	SINE/MIR	615	-	90	70530499	67003
chr10	27997530	28197530	harbor1	chr10	28044842	28045054	SINE/MIR	567	-	106	28044948	47418
chr10	27997530	28197530	harbor1	chr10	28050401	28050629	SINE/MIR	834	-	114	28050515	52985
chr10	27997530	28197530	harbor1	chr10	28077883	28078114	SINE/MIR	866	-	116	28077999	80469
chr10	27997530	28197530	harbor1	chr10	28082908	28083147	SINE/MIR	524	-	120	28083028	85498
chr10	27997530	28197530	harbor1	chr10	28097376	28097472	SINE/MIR	449	-	48	28097424	99894
chr10	66550771	66750771	harbor1	chr10	66562266	66562450	SINE/MIR	435	-	92	66562358	11587
chr10	66550771	66750771	harbor1	chr10	66571348	66571544	SINE/MIR	658	-	98	66571446	20675
chr10	66550771	66750771	harbor1	chr10	66575482	66575703	SINE/MIR	588	-	110	66575592	24821
chr10	66550771	66750771	harbor1	chr10	66590170	66590347	SINE/MIR	502	-	88	66590258	39487
chr10	85877975	86077975	harbor1	chr10	85901516	85901740	SINE/MIR	452	-	112	85901628	23653
chr10	85877975	86077975	harbor1	chr10	85921910	85922121	SINE/MIR	444	-	106	85922016	44041
chr10	85877975	86077975	harbor1	chr10	85935656	85935887	SINE/MIR	803	-	116	85935772	57797
chr10	85877975	86077975	harbor1	chr10	85938429	85938624	SINE/MIR	580	-	98	85938527	60552
chr10	21128533	21328533	harbor1	chr10	21138595	21138813	SINE/MIR	531	-	109	21138704	10171
chr10	21128533	21328533	harbor1	chr10	21145549	21145762	SINE/MIR	412	-	106	21145655	17122
chr10	21128533	21328533	harbor1	chr10	21153107	21153256	SINE/MIR	481	-	74	21153181	24648
chr10	21128533	21328533	harbor1	chr10	21162938	21163115	SINE/MIR	532	-	88	21163026	34493
chr10	21128533	21328533	harbor1	chr10	21166563	21166772	SINE/MIR	530	-	104	21166667	38134
chr10	21128533	21328533	harbor1	chr10	21191212	21191451	SINE/MIR	796	-	120	21191332	62799
chr10	66892439	67092439	harbor1	chr10	66924731	66924954	SINE/MIR	825	-	112	66924843	32404
chr10	66892439	67092439	harbor1	chr10	66951420	66951647	SINE/MIR	703	-	114	66951534	59095
chr10	66892439	67092439	harbor1	chr10	66955315	66955569	SINE/MIR	486	-	127	66955442	63003
chr10	66892439	67092439	harbor1	chr10	66983858	66984089	SINE/MIR	656	-	116	66983974	91535
chr10	113169263	113369263	harbor1	chr10	113172307	113172509	SINE/MIR	543	-	101	113172408	3145
chr10	113169263	113369263	harbor1	chr10	113192259	113192479	SINE/MIR	481	-	110	113192369	23106
chr10	113169263	113369263	harbor1	chr10	113232159	113232349	SINE/MIR	574	-	95	113232254	62991
chr10	113169263	113369263	harbor1	chr10	113232754	113232951	SINE/MIR	453	-	98	113232852	63589
chr10	113169263	113369263	harbor1	chr10	113248246	113248450	SINE/MIR	528	-	102	113248348	79085
chr10	113169263	113369263	harbor1	chr10	113248658	113248910	SINE/MIR	670	-	126	113248784	79521
chr10	113169263	113369263	harbor1	chr10	113254715	113254920	SINE/MIR	497	-	102	113254817	85554
chr10	72079204	72279204	harbor1	chr10	72078979	72079232	SINE/MIR	894	-	126	72079105	99
chr10	72079204	72279204	harbor1	chr10	72133836	72133996	SINE/MIR	620	-	80	72133916	54712
chr10	72079204	72279204	harbor1	chr10	72165900	72166135	SINE/MIR	856	-	118	72166018	86814
chr10	61833023	62033023	harbor1	chr10	61843476	61843728	SINE/MIR	961	-	126	61843602	10579
chr10	61833023	62033023	harbor1	chr10	61844263	61844466	SINE/MIR	549	-	102	61844365	11342
chr10	61833023	62033023	harbor1	chr10	61853181	61853429	SINE/MIR	783	-	124	61853305	20282
chr10	61833023	62033023	harbor1	chr10	61858745	61858943	SINE/MIR	534	-	99	61858844	25821
chr10	61833023	62033023	harbor1	chr10	61866507	61866700	SINE/MIR	420	-	96	61866603	33580
chr10	61833023	62033023	harbor1	chr10	61877352	61877620	SINE/MIR	848	-	134	61877486	44463
chr10	61833023	62033023	harbor1	chr10	61905462	61905633	SINE/MIR	414	-	86	61905548	72525
chr10	61833023	62033023	harbor1	chr10	61914683	61914933	SINE/MIR	500	-	125	61914808	81785
chr10	61833023	62033023	harbor1	chr10	61916487	61916708	SINE/MIR	479	-	110	61916597	83574
chr10	2700043	2900043	harbor1	chr10	2722348	2722462	SINE/MIR	440	-	57	2722405	22362
chr10	2700043	2900043	harbor1	chr10	2746392	2746536	SINE/MIR	454	-	72	2746464	46421
chr10	2700043	2900043	harbor1	chr10	2782350	2782594	SINE/MIR	437	-	122	2782472	82429
chr10	117882078	118082078	harbor1	chr10	117922276	117922500	SINE/MIR	815	-	112	117922388	40310
chr10	117882078	118082078	harbor1	chr10	117963309	117963539	SINE/MIR	540	-	115	117963424	81346
chr10	71616597	71816597	harbor1	chr10	71624778	71624871	SINE/MIR	462	-	46	71624824	8227
chr10	71616597	71816597	harbor1	chr10	71637388	71637632	SINE/MIR	538	-	122	71637510	20913
chr10	71616597	71816597	harbor1	chr10	71638126	71638232	SINE/MIR	491	-	53	71638179	21582
chr10	71616597	71816597	harbor1	chr10	71649832	71649992	SINE/MIR	592	-	80	71649912	33315
chr10	71616597	71816597	harbor1	chr10	71658630	71658812	SINE/MIR	407	-	91	71658721	42124
chr10	71616597	71816597	harbor1	chr10	71660902	71661149	SINE/MIR	509	-	124	71661026	44429
chr10	71616597	71816597	harbor1	chr10	71664607	71664769	SINE/MIR	620	-	81	71664688	48091
chr10	71616597	71816597	harbor1	chr10	71674558	71674695	SINE/MIR	479	-	68	71674626	58029
chr10	71616597	71816597	harbor1	chr10	71675500	71675697	SINE/MIR	635	-	98	71675598	59001
chr10	71616597	71816597	harbor1	chr10	71692051	71692205	SINE/MIR	548	-	77	71692128	75531
chr10	71616597	71816597	harbor1	chr10	71692932	71693092	SINE/MIR	433	-	80	71693012	76415
chr10	71616597	71816597	harbor1	chr10	71693624	71693777	SINE/MIR	646	-	76	71693700	77103
chr10	71616597	71816597	harbor1	chr10	71696328	71696530	SINE/MIR	520	-	101	71696429	79832
chr10	17548283	17748283	harbor1	chr10	17550211	17550421	SINE/MIR	534	-	105	17550316	2033
chr10	17548283	17748283	harbor1	chr10	17581019	17581155	SINE/MIR	421	-	68	17581087	32804
chr10	17548283	17748283	harbor1	chr10	17606824	17606951	SINE/MIR	476	-	64	17606888	58605
chr10	17548283	17748283	harbor1	chr10	17610672	17610848	SINE/MIR	650	-	88	17610760	62477
chr10	17548283	17748283	harbor1	chr10	17621956	17622105	SINE/MIR	532	-	74	17622030	73747
chr10	17548283	17748283	harbor1	chr10	17642428	17642560	SINE/MIR	612	-	66	17642494	94211
chr10	109629992	109829992	harbor1	chr10	109647826	109647940	SINE/MIR	424	-	57	109647883	17891
chr10	109629992	109829992	harbor1	chr10	109674179	109674405	SINE/MIR	436	-	113	109674292	44300
chr10	109629992	109829992	harbor1	chr10	109679516	109679735	SINE/MIR	660	-	110	109679626	49634
chr10	109629992	109829992	harbor1	chr10	109726419	109726619	SINE/MIR	587	-	100	109726519	96527
chr10	109629992	109829992	harbor1	chr10	109728362	109728582	SINE/MIR	832	-	110	109728472	98480
chr10	109629992	109829992	harbor1	chr10	109723475	109723684	SINE/MIR	597	-	104	109723579	93587
chr10	100734685	100934685	harbor1	chr10	100765954	100766184	SINE/MIR	802	-	115	100766069	31384
chr10	100734685	100934685	harbor1	chr10	100774631	100774872	SINE/MIR	518	-	120	100774751	40066
chr10	100734685	100934685	harbor1	chr10	100778066	100778241	SINE/MIR	546	-	88	100778154	43469
chr10	87637865	87837865	harbor1	chr10	87670993	87671181	SINE/MIR	520	-	94	87671087	33222
chr10	87637865	87837865	harbor1	chr10	87690732	87690970	SINE/MIR	576	-	119	87690851	52986
chr10	87637865	87837865	harbor1	chr10	87716852	87717094	SINE/MIR	751	-	121	87716973	79108
chr10	87637865	87837865	harbor1	chr10	87703497	87703731	SINE/MIR	799	-	117	87703614	65749
chr10	123840460	124040460	harbor1	chr10	123854483	123854608	SINE/MIR	423	-	62	123854545	14085
chr10	123840460	124040460	harbor1	chr10	123876781	123877008	SINE/MIR	723	-	114	123876895	36435
chr10	123840460	124040460	harbor1	chr10	123897315	123897489	SINE/MIR	426	-	87	123897402	56942
chr10	123840460	124040460	harbor1	chr10	123927422	123927620	SINE/MIR	805	-	99	123927521	87061
chr10	123840460	124040460	harbor1	chr10	123936114	123936320	SINE/MIR	526	-	103	123936217	95757
chr10	22146803	22346803	harbor1	chr10	22156461	22156568	SINE/MIR	458	-	54	22156515	9712
chr10	22146803	22346803	harbor1	chr10	22156864	22156997	SINE/MIR	458	-	66	22156930	10127
chr10	22146803	22346803	harbor1	chr10	22236703	22236943	SINE/MIR	888	-	120	22236823	90020
chr10	76533646	76733646	harbor1	chr10	76552583	76552735	SINE/MIR	489	-	76	76552659	19013
chr10	76533646	76733646	harbor1	chr10	76565495	76565712	SINE/MIR	733	-	108	76565603	31957
chr10	88362743	88562743	harbor1	chr10	88384265	88384502	SINE/MIR	475	-	118	88384383	21640
chr10	88362743	88562743	harbor1	chr10	88418175	88418400	SINE/MIR	432	-	112	88418287	55544
chr10	88362743	88562743	harbor1	chr10	88426586	88426776	SINE/MIR	602	-	95	88426681	63938
chr10	88362743	88562743	harbor1	chr10	88439616	88439790	SINE/MIR	445	-	87	88439703	76960
chr10	33057814	33257814	harbor1	chr10	33108573	33108793	SINE/MIR	647	-	110	33108683	50869
chr10	33057814	33257814	harbor1	chr10	33122907	33123183	SINE/MIR	680	-	138	33123045	65231
chr10	10727550	10927550	harbor1	chr10	10805061	10805263	SINE/MIR	454	-	101	10805162	77612
chr10	10727550	10927550	harbor1	chr10	10823735	10823869	SINE/MIR	474	-	67	10823802	96252
chr10	2232974	2432974	harbor1	chr10	2328618	2328797	SINE/MIR	491	-	90	2328708	95734
chr10	55965608	56165608	harbor1	chr10	56029801	56029970	SINE/MIR	494	-	84	56029885	64277
chr10	61514543	61714543	harbor1	chr10	61535235	61535463	SINE/MIR	492	-	114	61535349	20806
chr10	61514543	61714543	harbor1	chr10	61598048	61598287	SINE/MIR	749	-	120	61598168	83625
chr10	61514543	61714543	harbor1	chr10	61598698	61598842	SINE/MIR	412	-	72	61598770	84227
chr10	61514543	61714543	harbor1	chr10	61599923	61600122	SINE/MIR	416	-	100	61600023	85480
chr10	16675252	16875252	harbor1	chr10	16704238	16704504	SINE/MIR	541	-	133	16704371	29119
chr10	16675252	16875252	harbor1	chr10	16745220	16745376	SINE/MIR	590	-	78	16745298	70046
chr10	16675252	16875252	harbor1	chr10	16745742	16745837	SINE/MIR	590	-	48	16745790	70538
chr10	62855526	63055526	harbor1	chr10	62883558	62883764	SINE/MIR	525	-	103	62883661	28135
chr10	62855526	63055526	harbor1	chr10	62885652	62885883	SINE/MIR	553	-	116	62885768	30242
chr10	62855526	63055526	harbor1	chr10	62889853	62890094	SINE/MIR	850	-	120	62889973	34447
chr10	62855526	63055526	harbor1	chr10	62896016	62896213	SINE/MIR	473	-	98	62896114	40588
chr10	62855526	63055526	harbor1	chr10	62909277	62909468	SINE/MIR	518	-	96	62909373	53847
chr10	62855526	63055526	harbor1	chr10	62920406	62920568	SINE/MIR	734	-	81	62920487	64961
chr10	62855526	63055526	harbor1	chr10	62943660	62943867	SINE/MIR	425	-	104	62943764	88238
chr10	86140806	86340806	harbor1	chr10	86154865	86155045	SINE/MIR	546	-	90	86154955	14149
chr10	86140806	86340806	harbor1	chr10	86160662	86160878	SINE/MIR	607	-	108	86160770	19964
chr10	86140806	86340806	harbor1	chr10	86166452	86166622	SINE/MIR	446	-	85	86166537	25731
chr10	86140806	86340806	harbor1	chr10	86187245	86187478	SINE/MIR	554	-	116	86187361	46555
chr10	86140806	86340806	harbor1	chr10	86198499	86198730	SINE/MIR	988	-	116	86198615	57809
chr10	66356921	66556921	harbor1	chr10	66363840	66364096	SINE/MIR	612	-	128	66363968	7047
chr10	66356921	66556921	harbor1	chr10	66451239	66451387	SINE/MIR	591	-	74	66451313	94392
chr10	86533680	86733680	harbor1	chr10	86588737	86588884	SINE/MIR	446	-	74	86588811	55131
chr10	70602202	70802202	harbor1	chr10	70602410	70602598	SINE/MIR	418	-	94	70602504	302
chr10	70602202	70802202	harbor1	chr10	70617790	70617993	SINE/MIR	633	-	102	70617892	15690
chr10	70602202	70802202	harbor1	chr10	70646266	70646472	SINE/MIR	711	-	103	70646369	44167
chr10	70602202	70802202	harbor1	chr10	70647089	70647223	SINE/MIR	423	-	67	70647156	44954
chr10	70602202	70802202	harbor1	chr10	70693507	70693692	SINE/MIR	435	-	92	70693599	91397
chr10	7027630	7227630	harbor1	chr10	7033604	7033813	SINE/MIR	412	-	104	7033708	6078
chr10	7027630	7227630	harbor1	chr10	7039933	7040170	SINE/MIR	814	-	118	7040051	12421
chr10	7027630	7227630	harbor1	chr10	7054825	7055052	SINE/MIR	615	-	114	7054939	27309
chr10	96343815	96543815	harbor1	chr10	96345197	96345399	SINE/MIR	449	-	101	96345298	1483
chr10	96343815	96543815	harbor1	chr10	96348849	96349088	SINE/MIR	527	-	120	96348969	5154
chr10	96343815	96543815	harbor1	chr10	96352215	96352456	SINE/MIR	502	-	120	96352335	8520
chr10	96343815	96543815	harbor1	chr10	96352948	96353175	SINE/MIR	785	-	114	96353062	9247
chr10	96343815	96543815	harbor1	chr10	96358014	96358162	SINE/MIR	485	-	74	96358088	14273
chr10	96343815	96543815	harbor1	chr10	96368450	96368584	SINE/MIR	460	-	67	96368517	24702
chr10	96343815	96543815	harbor1	chr10	96374210	96374429	SINE/MIR	555	-	110	96374320	30505
chr10	96343815	96543815	harbor1	chr10	96374526	96374742	SINE/MIR	459	-	108	96374634	30819
chr10	96343815	96543815	harbor1	chr10	96376458	96376667	SINE/MIR	796	-	104	96376562	32747
chr10	96343815	96543815	harbor1	chr10	96378523	96378745	SINE/MIR	909	-	111	96378634	34819
chr10	96343815	96543815	harbor1	chr10	96379401	96379539	SINE/MIR	523	-	69	96379470	35655
chr10	96343815	96543815	harbor1	chr10	96379847	96379902	SINE/MIR	523	-	28	96379875	36060
chr10	96343815	96543815	harbor1	chr10	96400124	96400307	SINE/MIR	677	-	92	96400216	56401
chr10	96343815	96543815	harbor1	chr10	96416346	96416591	SINE/MIR	528	-	122	96416468	72653
chr10	96343815	96543815	harbor1	chr10	96432167	96432373	SINE/MIR	871	-	103	96432270	88455
chr10	66114582	66314582	harbor1	chr10	66173863	66173996	SINE/MIR	450	-	66	66173929	59347
chr10	66114582	66314582	harbor1	chr10	66174012	66174238	SINE/MIR	722	-	113	66174125	59543
chr10	74614244	74814244	harbor1	chr10	74660029	74660130	SINE/MIR	716	-	50	74660079	45835
chr10	74614244	74814244	harbor1	chr10	74660432	74660455	SINE/MIR	716	-	12	74660444	46200
chr10	74614244	74814244	harbor1	chr10	74661053	74661143	SINE/MIR	716	-	45	74661098	46854
chr10	74614244	74814244	harbor1	chr10	74672722	74672978	SINE/MIR	880	-	128	74672850	58606
chr10	93046375	93246375	harbor1	chr10	93068000	93068196	SINE/MIR	482	-	98	93068098	21723
chr10	93046375	93246375	harbor1	chr10	93086755	93086982	SINE/MIR	516	-	114	93086869	40494
chr10	93046375	93246375	harbor1	chr10	93087348	93087533	SINE/MIR	702	-	92	93087440	41065
chr10	93046375	93246375	harbor1	chr10	93105836	93105902	SINE/MIR	559	-	33	93105869	59494
chr10	93046375	93246375	harbor1	chr10	93106204	93106375	SINE/MIR	559	-	86	93106290	59915
chr10	93046375	93246375	harbor1	chr10	93122390	93122603	SINE/MIR	723	-	106	93122496	76121
chr10	93046375	93246375	harbor1	chr10	93125315	93125396	SINE/MIR	477	-	40	93125355	78980
chr10	93046375	93246375	harbor1	chr10	93125820	93125888	SINE/MIR	477	-	34	93125854	79479
chr10	93046375	93246375	harbor1	chr10	93127806	93127949	SINE/MIR	521	-	72	93127878	81503
chr10	93046375	93246375	harbor1	chr10	93128413	93128475	SINE/MIR	521	-	31	93128444	82069
chr10	79403822	79603822	harbor1	chr10	79406129	79406283	SINE/MIR	506	-	77	79406206	2384
chr10	79403822	79603822	harbor1	chr10	79406653	79406783	SINE/MIR	538	-	65	79406718	2896
chr10	79403822	79603822	harbor1	chr10	79407670	79407805	SINE/MIR	512	-	68	79407738	3916
chr10	79403822	79603822	harbor1	chr10	79418199	79418413	SINE/MIR	530	-	107	79418306	14484
chr10	79403822	79603822	harbor1	chr10	79420834	79421057	SINE/MIR	798	-	112	79420946	17124
chr10	79403822	79603822	harbor1	chr10	79430096	79430238	SINE/MIR	530	-	71	79430167	26345
chr10	79403822	79603822	harbor1	chr10	79437371	79437533	SINE/MIR	542	-	81	79437452	33630
chr10	79403822	79603822	harbor1	chr10	79472763	79473011	SINE/MIR	965	-	124	79472887	69065
chr10	79403822	79603822	harbor1	chr10	79488626	79488818	SINE/MIR	642	-	96	79488722	84900
chr10	79403822	79603822	harbor1	chr10	79491182	79491395	SINE/MIR	447	-	106	79491288	87466
chr10	79403822	79603822	harbor1	chr10	79413203	79413358	SINE/MIR	463	-	78	79413281	9459
chr10	125761307	125961307	harbor1	chr10	125797320	125797495	SINE/MIR	498	-	88	125797408	36101
chr10	125761307	125961307	harbor1	chr10	125817632	125817834	SINE/MIR	646	-	101	125817733	56426
chr10	125761307	125961307	harbor1	chr10	125820073	125820123	SINE/MIR	773	-	25	125820098	58791
chr10	125761307	125961307	harbor1	chr10	125820617	125820829	SINE/MIR	773	-	106	125820723	59416
chr10	125761307	125961307	harbor1	chr10	125848788	125849001	SINE/MIR	605	-	106	125848894	87587
chr10	63861160	64061160	harbor1	chr10	63867857	63868090	SINE/MIR	861	-	116	63867973	6813
chr10	63861160	64061160	harbor1	chr10	63883342	63883572	SINE/MIR	407	-	115	63883457	22297
chr10	63861160	64061160	harbor1	chr10	63898788	63899021	SINE/MIR	757	-	116	63898904	37744
chr10	63861160	64061160	harbor1	chr10	63901022	63901195	SINE/MIR	431	-	86	63901108	39948
chr10	63861160	64061160	harbor1	chr10	63918011	63918271	SINE/MIR	601	-	130	63918141	56981
chr10	63861160	64061160	harbor1	chr10	63920283	63920530	SINE/MIR	789	-	124	63920407	59247
chr10	63861160	64061160	harbor1	chr10	63921912	63922117	SINE/MIR	571	-	102	63922014	60854
chr10	63861160	64061160	harbor1	chr10	63932848	63933031	SINE/MIR	812	-	92	63932940	71780
chr10	68013577	68213577	harbor1	chr10	68058707	68058840	SINE/MIR	450	-	66	68058773	45196
chr10	68013577	68213577	harbor1	chr10	68092712	68092933	SINE/MIR	428	-	110	68092822	79245
chr10	68013577	68213577	harbor1	chr10	68097519	68097692	SINE/MIR	796	-	86	68097605	84028
chr10	12734315	12934315	harbor1	chr10	12814956	12815205	SINE/MIR	925	-	124	12815080	80765
chr10	12734315	12934315	harbor1	chr10	12818259	12818388	SINE/MIR	719	-	64	12818323	84008
chr10	12734315	12934315	harbor1	chr10	12818688	12818790	SINE/MIR	719	-	51	12818739	84424
chr10	118448649	118648649	harbor1	chr10	118456541	118456791	SINE/MIR	586	-	125	118456666	8017
chr10	118448649	118648649	harbor1	chr10	118501307	118501539	SINE/MIR	533	-	116	118501423	52774
chr10	118448649	118648649	harbor1	chr10	118502974	118503207	SINE/MIR	526	-	116	118503090	54441
chr10	118448649	118648649	harbor1	chr10	118507050	118507209	SINE/MIR	537	-	80	118507130	58481
chr10	118448649	118648649	harbor1	chr10	118526894	118527026	SINE/MIR	495	-	66	118526960	78311
chr10	58614528	58814528	harbor1	chr10	58698724	58698931	SINE/MIR	544	-	104	58698828	84300
chr10	58614528	58814528	harbor1	chr10	58710039	58710300	SINE/MIR	682	-	130	58710169	95641
chr10	84041375	84241375	harbor1	chr10	84065655	84065873	SINE/MIR	583	-	109	84065764	24389
chr10	84041375	84241375	harbor1	chr10	84098733	84098922	SINE/MIR	418	-	94	84098827	57452
chr10	105455062	105655062	harbor1	chr10	105465870	105466037	SINE/MIR	514	-	84	105465954	10892
chr10	105455062	105655062	harbor1	chr10	105469319	105469534	SINE/MIR	516	-	108	105469427	14365
chr10	105455062	105655062	harbor1	chr10	105469760	105469954	SINE/MIR	574	-	97	105469857	14795
chr10	105455062	105655062	harbor1	chr10	105493102	105493350	SINE/MIR	498	-	124	105493226	38164
chr10	105455062	105655062	harbor1	chr10	105535113	105535237	SINE/MIR	514	-	62	105535175	80113
chr10	105455062	105655062	harbor1	chr10	105539731	105539988	SINE/MIR	801	-	128	105539859	84797
chr10	105455062	105655062	harbor1	chr10	105529196	105529398	SINE/MIR	416	-	101	105529297	74235
chr10	101477321	101677321	harbor1	chr10	101490337	101490545	SINE/MIR	502	-	104	101490441	13120
chr10	101477321	101677321	harbor1	chr10	101493311	101493506	SINE/MIR	488	-	98	101493409	16088
chr10	101477321	101677321	harbor1	chr10	101499015	101499249	SINE/MIR	533	-	117	101499132	21811
chr10	101477321	101677321	harbor1	chr10	101499528	101499540	SINE/MIR	485	-	6	101499534	22213
chr10	101477321	101677321	harbor1	chr10	101502953	101503133	SINE/MIR	768	-	90	101503043	25722
chr10	101477321	101677321	harbor1	chr10	101516196	101516427	SINE/MIR	798	-	116	101516312	38991
chr10	96344057	96544057	harbor1	chr10	96345197	96345399	SINE/MIR	449	-	101	96345298	1241
chr10	96344057	96544057	harbor1	chr10	96348849	96349088	SINE/MIR	527	-	120	96348969	4912
chr10	96344057	96544057	harbor1	chr10	96352215	96352456	SINE/MIR	502	-	120	96352335	8278
chr10	96344057	96544057	harbor1	chr10	96352948	96353175	SINE/MIR	785	-	114	96353062	9005
chr10	96344057	96544057	harbor1	chr10	96358014	96358162	SINE/MIR	485	-	74	96358088	14031
chr10	96344057	96544057	harbor1	chr10	96368450	96368584	SINE/MIR	460	-	67	96368517	24460
chr10	96344057	96544057	harbor1	chr10	96374210	96374429	SINE/MIR	555	-	110	96374320	30263
chr10	96344057	96544057	harbor1	chr10	96374526	96374742	SINE/MIR	459	-	108	96374634	30577
chr10	96344057	96544057	harbor1	chr10	96376458	96376667	SINE/MIR	796	-	104	96376562	32505
chr10	96344057	96544057	harbor1	chr10	96378523	96378745	SINE/MIR	909	-	111	96378634	34577
chr10	96344057	96544057	harbor1	chr10	96379401	96379539	SINE/MIR	523	-	69	96379470	35413
chr10	96344057	96544057	harbor1	chr10	96379847	96379902	SINE/MIR	523	-	28	96379875	35818
chr10	96344057	96544057	harbor1	chr10	96400124	96400307	SINE/MIR	677	-	92	96400216	56159
chr10	96344057	96544057	harbor1	chr10	96416346	96416591	SINE/MIR	528	-	122	96416468	72411
chr10	96344057	96544057	harbor1	chr10	96432167	96432373	SINE/MIR	871	-	103	96432270	88213
chr10	37704662	37904662	harbor1	chr10	37762263	37762484	SINE/MIR	775	-	110	37762373	57711
chr10	37704662	37904662	harbor1	chr10	37797028	37797154	SINE/MIR	650	-	63	37797091	92429
chr10	62152369	62352369	harbor1	chr10	62163069	62163286	SINE/MIR	764	-	108	62163177	10808
chr10	62152369	62352369	harbor1	chr10	62185878	62186073	SINE/MIR	436	-	98	62185976	33607
chr10	62152369	62352369	harbor1	chr10	62191979	62192185	SINE/MIR	432	-	103	62192082	39713
chr10	62152369	62352369	harbor1	chr10	62230582	62230760	SINE/MIR	537	-	89	62230671	78302
chr11	60226180	60426180	harbor1	chr11	60278062	60278208	SINE/MIR	542	-	73	60278135	51955
chr11	60226180	60426180	harbor1	chr11	60298438	60298663	SINE/MIR	407	-	112	60298550	72370
chr11	102694834	102894834	harbor1	chr11	102700440	102700696	SINE/MIR	403	-	128	102700568	5734
chr11	102694834	102894834	harbor1	chr11	102719445	102719615	SINE/MIR	412	-	85	102719530	24696
chr11	102694834	102894834	harbor1	chr11	102725505	102725747	SINE/MIR	594	-	121	102725626	30792
chr11	102694834	102894834	harbor1	chr11	102728173	102728299	SINE/MIR	429	-	63	102728236	33402
chr11	102694834	102894834	harbor1	chr11	102732272	102732489	SINE/MIR	427	-	108	102732380	37546
chr11	102694834	102894834	harbor1	chr11	102751478	102751608	SINE/MIR	448	-	65	102751543	56709
chr11	102694834	102894834	harbor1	chr11	102786209	102786423	SINE/MIR	495	-	107	102786316	91482
chr11	60863688	61063688	harbor1	chr11	60868927	60869098	SINE/MIR	513	-	86	60869013	5325
chr11	60863688	61063688	harbor1	chr11	60872614	60872806	SINE/MIR	419	-	96	60872710	9022
chr11	60863688	61063688	harbor1	chr11	60887334	60887482	SINE/MIR	437	-	74	60887408	23720
chr11	60863688	61063688	harbor1	chr11	60888448	60888689	SINE/MIR	694	-	120	60888568	24880
chr11	60863688	61063688	harbor1	chr11	60901636	60901863	SINE/MIR	640	-	114	60901750	38062
chr11	60863688	61063688	harbor1	chr11	60902117	60902301	SINE/MIR	577	-	92	60902209	38521
chr11	60863688	61063688	harbor1	chr11	60905900	60906084	SINE/MIR	385	-	92	60905992	42304
chr11	60863688	61063688	harbor1	chr11	60921456	60921678	SINE/MIR	531	-	111	60921567	57879
chr11	60863688	61063688	harbor1	chr11	60939977	60940092	SINE/MIR	421	-	58	60940035	76347
chr11	26954770	27154770	harbor1	chr11	27018822	27019044	SINE/MIR	720	-	111	27018933	64163
chr11	28126859	28326859	harbor1	chr11	28161993	28162212	SINE/MIR	505	-	110	28162103	35244
chr11	28126859	28326859	harbor1	chr11	28197416	28197567	SINE/MIR	511	-	76	28197492	70633
chr11	28126859	28326859	harbor1	chr11	28204747	28204889	SINE/MIR	399	-	71	28204818	77959
chr11	83377643	83577643	harbor1	chr11	83405262	83405439	SINE/MIR	387	-	88	83405350	27707
chr11	83377643	83577643	harbor1	chr11	83405653	83405800	SINE/MIR	416	-	74	83405727	28084
chr11	83377643	83577643	harbor1	chr11	83406809	83406979	SINE/MIR	494	-	85	83406894	29251
chr11	83377643	83577643	harbor1	chr11	83407248	83407329	SINE/MIR	494	-	40	83407288	29645
chr11	83377643	83577643	harbor1	chr11	83407398	83407510	SINE/MIR	378	-	56	83407454	29811
chr11	83377643	83577643	harbor1	chr11	83423570	83423616	SINE/MIR	420	-	23	83423593	45950
chr11	83377643	83577643	harbor1	chr11	83424315	83424449	SINE/MIR	420	-	67	83424382	46739
chr11	83377643	83577643	harbor1	chr11	83426382	83426529	SINE/MIR	396	-	74	83426456	48813
chr11	83377643	83577643	harbor1	chr11	83449532	83449764	SINE/MIR	517	-	116	83449648	72005
chr11	83377643	83577643	harbor1	chr11	83465651	83465895	SINE/MIR	679	-	122	83465773	88130
chr11	83377643	83577643	harbor1	chr11	83475316	83475489	SINE/MIR	535	-	86	83475402	97759
chr11	83377643	83577643	harbor1	chr11	83476197	83476253	SINE/MIR	478	-	28	83476225	98582
chr11	83377643	83577643	harbor1	chr11	83476438	83476532	SINE/MIR	478	-	47	83476485	98842
chr11	74239532	74439532	harbor1	chr11	74240650	74240823	SINE/MIR	404	-	86	74240736	1204
chr11	74239532	74439532	harbor1	chr11	74240853	74241007	SINE/MIR	455	-	77	74240930	1398
chr11	74239532	74439532	harbor1	chr11	74243643	74243758	SINE/MIR	379	-	58	74243701	4169
chr11	74239532	74439532	harbor1	chr11	74256045	74256134	SINE/MIR	379	-	44	74256089	16557
chr11	74239532	74439532	harbor1	chr11	74256332	74256529	SINE/MIR	392	-	98	74256430	16898
chr11	74239532	74439532	harbor1	chr11	74258442	74258650	SINE/MIR	477	-	104	74258546	19014
chr11	74239532	74439532	harbor1	chr11	74270551	74270813	SINE/MIR	795	-	131	74270682	31150
chr11	74239532	74439532	harbor1	chr11	74271983	74272140	SINE/MIR	383	-	78	74272061	32529
chr11	74239532	74439532	harbor1	chr11	74296093	74296333	SINE/MIR	798	-	120	74296213	56681
chr11	74239532	74439532	harbor1	chr11	74305311	74305533	SINE/MIR	409	-	111	74305422	65890
chr11	74239532	74439532	harbor1	chr11	74308797	74309024	SINE/MIR	653	-	114	74308911	69379
chr11	74239532	74439532	harbor1	chr11	74312966	74313118	SINE/MIR	380	-	76	74313042	73510
chr11	74239532	74439532	harbor1	chr11	74338991	74339187	SINE/MIR	448	-	98	74339089	99557
chr11	8047767	8247767	harbor1	chr11	8048097	8048282	SINE/MIR	855	-	92	8048189	422
chr11	8047767	8247767	harbor1	chr11	8048891	8049109	SINE/MIR	505	-	109	8049000	1233
chr11	8047767	8247767	harbor1	chr11	8068005	8068232	SINE/MIR	517	-	114	8068119	20352
chr11	8047767	8247767	harbor1	chr11	8069010	8069205	SINE/MIR	401	-	98	8069108	21341
chr11	8047767	8247767	harbor1	chr11	8072652	8072821	SINE/MIR	411	-	84	8072736	24969
chr11	8047767	8247767	harbor1	chr11	8091401	8091608	SINE/MIR	680	-	104	8091505	43738
chr11	8047767	8247767	harbor1	chr11	8126950	8127110	SINE/MIR	583	-	80	8127030	79263
chr11	89813429	90013429	harbor1	chr11	89880491	89880728	SINE/MIR	863	-	118	89880609	67180
chr11	124429546	124629546	harbor1	chr11	124462396	124462610	SINE/MIR	376	-	107	124462503	32957
chr11	124429546	124629546	harbor1	chr11	124466770	124466983	SINE/MIR	377	-	106	124466876	37330
chr11	40561735	40761735	harbor1	chr11	40567364	40567580	SINE/MIR	643	-	108	40567472	5737
chr11	40561735	40761735	harbor1	chr11	40594220	40594482	SINE/MIR	637	-	131	40594351	32616
chr11	40561735	40761735	harbor1	chr11	40600210	40600449	SINE/MIR	659	-	120	40600330	38595
chr11	40561735	40761735	harbor1	chr11	40621757	40622012	SINE/MIR	806	-	128	40621885	60150
chr11	40561735	40761735	harbor1	chr11	40625035	40625211	SINE/MIR	430	-	88	40625123	63388
chr11	40561735	40761735	harbor1	chr11	40631978	40632141	SINE/MIR	497	-	82	40632060	70325
chr11	120558096	120758096	harbor1	chr11	120562097	120562284	SINE/MIR	551	-	94	120562191	4095
chr11	120558096	120758096	harbor1	chr11	120569342	120569519	SINE/MIR	613	-	88	120569430	11334
chr11	120558096	120758096	harbor1	chr11	120574340	120574481	SINE/MIR	384	-	70	120574410	16314
chr11	120558096	120758096	harbor1	chr11	120598194	120598404	SINE/MIR	599	-	105	120598299	40203
chr11	120558096	120758096	harbor1	chr11	120615058	120615247	SINE/MIR	457	-	94	120615152	57056
chr11	120558096	120758096	harbor1	chr11	120620808	120621029	SINE/MIR	858	-	110	120620918	62822
chr11	120558096	120758096	harbor1	chr11	120622259	120622434	SINE/MIR	779	-	88	120622347	64251
chr11	120558096	120758096	harbor1	chr11	120638198	120638455	SINE/MIR	764	-	128	120638326	80230
chr11	120558096	120758096	harbor1	chr11	120644346	120644533	SINE/MIR	710	-	94	120644440	86344
chr11	120558096	120758096	harbor1	chr11	120646194	120646440	SINE/MIR	513	-	123	120646317	88221
chr11	120558096	120758096	harbor1	chr11	120646861	120647050	SINE/MIR	697	-	94	120646955	88859
chr11	120558096	120758096	harbor1	chr11	120650836	120650992	SINE/MIR	531	-	78	120650914	92818
chr11	120558096	120758096	harbor1	chr11	120652220	120652320	SINE/MIR	435	-	50	120652270	94174
chr11	120558096	120758096	harbor1	chr11	120654671	120654861	SINE/MIR	630	-	95	120654766	96670
chr11	59982016	60182016	harbor1	chr11	60023020	60023174	SINE/MIR	445	-	77	60023097	41081
chr11	59982016	60182016	harbor1	chr11	60048189	60048381	SINE/MIR	436	-	96	60048285	66269
chr11	93898200	94098200	harbor1	chr11	93909666	93909865	SINE/MIR	631	-	100	93909766	11566
chr11	93898200	94098200	harbor1	chr11	93918991	93919177	SINE/MIR	562	-	93	93919084	20884
chr11	93898200	94098200	harbor1	chr11	93933060	93933238	SINE/MIR	431	-	89	93933149	34949
chr11	93898200	94098200	harbor1	chr11	93961131	93961298	SINE/MIR	421	-	84	93961215	63015
chr11	93898200	94098200	harbor1	chr11	93961793	93961923	SINE/MIR	382	-	65	93961858	63658
chr11	42015526	42215526	harbor1	chr11	42033362	42033565	SINE/MIR	399	-	102	42033464	17938
chr11	42015526	42215526	harbor1	chr11	42062359	42062577	SINE/MIR	564	-	109	42062468	46942
chr11	42015526	42215526	harbor1	chr11	42074711	42074949	SINE/MIR	591	-	119	42074830	59304
chr11	42015526	42215526	harbor1	chr11	42096858	42097074	SINE/MIR	478	-	108	42096966	81440
chr11	108888658	109088658	harbor1	chr11	108906447	108906605	SINE/MIR	389	-	79	108906526	17868
chr11	108888658	109088658	harbor1	chr11	108908804	108908931	SINE/MIR	401	-	64	108908868	20210
chr11	108888658	109088658	harbor1	chr11	108959797	108960027	SINE/MIR	468	-	115	108959912	71254
chr11	108888658	109088658	harbor1	chr11	108967635	108967784	SINE/MIR	392	-	74	108967709	79051
chr11	108888658	109088658	harbor1	chr11	108982504	108982713	SINE/MIR	528	-	104	108982608	93950
chr11	113402843	113602843	harbor1	chr11	113414672	113414921	SINE/MIR	896	-	124	113414796	11953
chr11	113402843	113602843	harbor1	chr11	113420455	113420675	SINE/MIR	420	-	110	113420565	17722
chr11	113402843	113602843	harbor1	chr11	113422279	113422430	SINE/MIR	694	-	76	113422355	19512
chr11	113402843	113602843	harbor1	chr11	113437108	113437241	SINE/MIR	454	-	66	113437174	34331
chr11	113402843	113602843	harbor1	chr11	113439466	113439557	SINE/MIR	433	-	46	113439512	36669
chr11	113402843	113602843	harbor1	chr11	113439869	113440003	SINE/MIR	433	-	67	113439936	37093
chr11	113402843	113602843	harbor1	chr11	113445717	113445913	SINE/MIR	401	-	98	113445815	42972
chr11	113402843	113602843	harbor1	chr11	113446374	113446600	SINE/MIR	515	-	113	113446487	43644
chr11	113402843	113602843	harbor1	chr11	113450329	113450516	SINE/MIR	510	-	94	113450423	47580
chr11	113402843	113602843	harbor1	chr11	113454364	113454500	SINE/MIR	469	-	68	113454432	51589
chr11	113402843	113602843	harbor1	chr11	113459381	113459517	SINE/MIR	420	-	68	113459449	56606
chr11	113402843	113602843	harbor1	chr11	113465905	113466156	SINE/MIR	676	-	126	113466031	63188
chr11	113402843	113602843	harbor1	chr11	113468057	113468306	SINE/MIR	791	-	124	113468181	65338
chr11	113402843	113602843	harbor1	chr11	113476561	113476693	SINE/MIR	426	-	66	113476627	73784
chr11	131294832	131494832	harbor1	chr11	131298507	131298751	SINE/MIR	478	-	122	131298629	3797
chr11	131294832	131494832	harbor1	chr11	131318840	131318971	SINE/MIR	424	-	66	131318906	24074
chr11	131294832	131494832	harbor1	chr11	131350220	131350359	SINE/MIR	394	-	70	131350290	55458
chr11	131294832	131494832	harbor1	chr11	131391083	131391221	SINE/MIR	400	-	69	131391152	96320
chr11	75908492	76108492	harbor1	chr11	75910245	75910478	SINE/MIR	530	-	116	75910361	1869
chr11	75908492	76108492	harbor1	chr11	75917887	75918021	SINE/MIR	590	-	67	75917954	9462
chr11	75908492	76108492	harbor1	chr11	75919751	75919893	SINE/MIR	425	-	71	75919822	11330
chr11	75908492	76108492	harbor1	chr11	75926904	75927056	SINE/MIR	408	-	76	75926980	18488
chr11	75908492	76108492	harbor1	chr11	75940672	75940880	SINE/MIR	425	-	104	75940776	32284
chr11	75908492	76108492	harbor1	chr11	75991442	75991662	SINE/MIR	635	-	110	75991552	83060
chr11	75908492	76108492	harbor1	chr11	75994265	75994491	SINE/MIR	614	-	113	75994378	85886
chr11	75908492	76108492	harbor1	chr11	75994540	75994755	SINE/MIR	465	-	108	75994648	86156
chr11	75908492	76108492	harbor1	chr11	75996699	75996842	SINE/MIR	566	-	72	75996771	88279
chr11	84505330	84705330	harbor1	chr11	84505273	84505510	SINE/MIR	473	-	118	84505391	61
chr11	84505330	84705330	harbor1	chr11	84511914	84512084	SINE/MIR	402	-	85	84511999	6669
chr11	84505330	84705330	harbor1	chr11	84523205	84523437	SINE/MIR	519	-	116	84523321	17991
chr11	84505330	84705330	harbor1	chr11	84544360	84544543	SINE/MIR	511	-	92	84544452	39122
chr11	84505330	84705330	harbor1	chr11	84551481	84551708	SINE/MIR	506	-	114	84551595	46265
chr11	84505330	84705330	harbor1	chr11	84573936	84574129	SINE/MIR	505	-	96	84574032	68702
chr11	84505330	84705330	harbor1	chr11	84602241	84602387	SINE/MIR	424	-	73	84602314	96984
chr11	124885391	125085391	harbor1	chr11	124943710	124943915	SINE/MIR	571	-	102	124943812	58421
chr11	34784774	34984774	harbor1	chr11	34793523	34793690	SINE/MIR	428	-	84	34793607	8833
chr11	34784774	34984774	harbor1	chr11	34820999	34821226	SINE/MIR	807	-	114	34821113	36339
chr11	34784774	34984774	harbor1	chr11	34831838	34832092	SINE/MIR	647	-	127	34831965	47191
chr11	34784774	34984774	harbor1	chr11	34833525	34833736	SINE/MIR	690	-	106	34833631	48857
chr11	34784774	34984774	harbor1	chr11	34841073	34841295	SINE/MIR	739	-	111	34841184	56410
chr11	34784774	34984774	harbor1	chr11	34845630	34845784	SINE/MIR	374	-	77	34845707	60933
chr11	34784774	34984774	harbor1	chr11	34853963	34854130	SINE/MIR	487	-	84	34854047	69273
chr11	34784774	34984774	harbor1	chr11	34857530	34857763	SINE/MIR	904	-	116	34857646	72872
chr11	34784774	34984774	harbor1	chr11	34860838	34861018	SINE/MIR	493	-	90	34860928	76154
chr11	34784774	34984774	harbor1	chr11	34864260	34864455	SINE/MIR	483	-	98	34864358	79584
chr11	85135178	85335178	harbor1	chr11	85137244	85137464	SINE/MIR	411	-	110	85137354	2176
chr11	85135178	85335178	harbor1	chr11	85153055	85153260	SINE/MIR	450	-	102	85153157	17979
chr11	85135178	85335178	harbor1	chr11	85179828	85180038	SINE/MIR	677	-	105	85179933	44755
chr11	85135178	85335178	harbor1	chr11	85180852	85180966	SINE/MIR	432	-	57	85180909	45731
chr11	85135178	85335178	harbor1	chr11	85182145	85182339	SINE/MIR	509	-	97	85182242	47064
chr11	85135178	85335178	harbor1	chr11	85183896	85184096	SINE/MIR	392	-	100	85183996	48818
chr11	85135178	85335178	harbor1	chr11	85185787	85186011	SINE/MIR	601	-	112	85185899	50721
chr11	85135178	85335178	harbor1	chr11	85191798	85191954	SINE/MIR	466	-	78	85191876	56698
chr11	85135178	85335178	harbor1	chr11	85208018	85208264	SINE/MIR	565	-	123	85208141	72963
chr11	85135178	85335178	harbor1	chr11	85221654	85221821	SINE/MIR	646	-	84	85221738	86560
chr11	85135178	85335178	harbor1	chr11	85222461	85222692	SINE/MIR	849	-	116	85222577	87399
chr11	71340670	71540670	harbor1	chr11	71377995	71378179	SINE/MIR	418	-	92	71378087	37417
chr11	71340670	71540670	harbor1	chr11	71406102	71406333	SINE/MIR	378	-	116	71406218	65548
chr11	71340670	71540670	harbor1	chr11	71433546	71433696	SINE/MIR	465	-	75	71433621	92951
chr11	90873344	91073344	harbor1	chr11	90895510	90895724	SINE/MIR	393	-	107	90895617	22273
chr11	90873344	91073344	harbor1	chr11	90934008	90934179	SINE/MIR	534	-	86	90934094	60750
chr11	83651331	83851331	harbor1	chr11	83652905	83653086	SINE/MIR	481	-	90	83652995	1664
chr11	83651331	83851331	harbor1	chr11	83658816	83659039	SINE/MIR	442	-	112	83658928	7597
chr11	83651331	83851331	harbor1	chr11	83659139	83659286	SINE/MIR	672	-	74	83659213	7882
chr11	83651331	83851331	harbor1	chr11	83663154	83663315	SINE/MIR	485	-	80	83663234	11903
chr11	83651331	83851331	harbor1	chr11	83682833	83683006	SINE/MIR	528	-	86	83682919	31588
chr11	83651331	83851331	harbor1	chr11	83683190	83683435	SINE/MIR	873	-	122	83683312	31981
chr11	83651331	83851331	harbor1	chr11	83685006	83685256	SINE/MIR	558	-	125	83685131	33800
chr11	83651331	83851331	harbor1	chr11	83687278	83687406	SINE/MIR	567	-	64	83687342	36011
chr11	83651331	83851331	harbor1	chr11	83691944	83692136	SINE/MIR	425	-	96	83692040	40709
chr11	83651331	83851331	harbor1	chr11	83693991	83694193	SINE/MIR	519	-	101	83694092	42761
chr11	83651331	83851331	harbor1	chr11	83714357	83714530	SINE/MIR	480	-	86	83714443	63112
chr11	83651331	83851331	harbor1	chr11	83724113	83724269	SINE/MIR	424	-	78	83724191	72860
chr11	83651331	83851331	harbor1	chr11	83747874	83748096	SINE/MIR	642	-	111	83747985	96654
chr11	21218414	21418414	harbor1	chr11	21225785	21226034	SINE/MIR	935	-	124	21225909	7495
chr11	21218414	21418414	harbor1	chr11	21230529	21230637	SINE/MIR	514	-	54	21230583	12169
chr11	21218414	21418414	harbor1	chr11	21246108	21246259	SINE/MIR	559	-	76	21246184	27770
chr11	21218414	21418414	harbor1	chr11	21252016	21252221	SINE/MIR	658	-	102	21252118	33704
chr11	21218414	21418414	harbor1	chr11	21253375	21253574	SINE/MIR	475	-	100	21253475	35061
chr11	21218414	21418414	harbor1	chr11	21261495	21261696	SINE/MIR	757	-	100	21261595	43181
chr11	21218414	21418414	harbor1	chr11	21294548	21294754	SINE/MIR	535	-	103	21294651	76237
chr11	21218414	21418414	harbor1	chr11	21295079	21295278	SINE/MIR	531	-	100	21295179	76765
chr11	21218414	21418414	harbor1	chr11	21301869	21302062	SINE/MIR	531	-	96	21301965	83551
chr11	21218414	21418414	harbor1	chr11	21310055	21310259	SINE/MIR	472	-	102	21310157	91743
chr11	21218414	21418414	harbor1	chr11	21311710	21311819	SINE/MIR	764	-	54	21311764	93350
chr11	21218414	21418414	harbor1	chr11	21312178	21312297	SINE/MIR	764	-	60	21312238	93824
chr11	21218414	21418414	harbor1	chr11	21312478	21312635	SINE/MIR	379	-	78	21312556	94142
chr11	74014923	74214923	harbor1	chr11	74025765	74025914	SINE/MIR	470	-	74	74025839	10916
chr11	74014923	74214923	harbor1	chr11	74031137	74031258	SINE/MIR	562	-	60	74031197	16274
chr11	74014923	74214923	harbor1	chr11	74038379	74038566	SINE/MIR	445	-	94	74038473	23550
chr11	74014923	74214923	harbor1	chr11	74046974	74047155	SINE/MIR	735	-	90	74047064	32141
chr11	74014923	74214923	harbor1	chr11	74052280	74052520	SINE/MIR	848	-	120	74052400	37477
chr11	74014923	74214923	harbor1	chr11	74053330	74053515	SINE/MIR	835	-	92	74053422	38499
chr11	74014923	74214923	harbor1	chr11	74054730	74054872	SINE/MIR	446	-	71	74054801	39878
chr11	74014923	74214923	harbor1	chr11	74055062	74055273	SINE/MIR	857	-	106	74055168	40245
chr11	74014923	74214923	harbor1	chr11	74056455	74056678	SINE/MIR	712	-	112	74056567	41644
chr11	74014923	74214923	harbor1	chr11	74058297	74058620	SINE/MIR	627	-	162	74058459	43536
chr11	74014923	74214923	harbor1	chr11	74069479	74069713	SINE/MIR	543	-	117	74069596	54673
chr11	74014923	74214923	harbor1	chr11	74079528	74079764	SINE/MIR	686	-	118	74079646	64723
chr11	74014923	74214923	harbor1	chr11	74080766	74080965	SINE/MIR	627	-	100	74080866	65943
chr11	74014923	74214923	harbor1	chr11	74081115	74081316	SINE/MIR	434	-	100	74081215	66292
chr11	74014923	74214923	harbor1	chr11	74088172	74088428	SINE/MIR	639	-	128	74088300	73377
chr11	74014923	74214923	harbor1	chr11	74098644	74098825	SINE/MIR	541	-	90	74098734	83811
chr11	74014923	74214923	harbor1	chr11	74099247	74099394	SINE/MIR	462	-	74	74099321	84398
chr11	43290743	43490743	harbor1	chr11	43300604	43300771	SINE/MIR	575	-	84	43300688	9945
chr11	43290743	43490743	harbor1	chr11	43301504	43301596	SINE/MIR	507	-	46	43301550	10807
chr11	43290743	43490743	harbor1	chr11	43373795	43373923	SINE/MIR	444	-	64	43373859	83116
chr11	43290743	43490743	harbor1	chr11	43380078	43380226	SINE/MIR	408	-	74	43380152	89409
chr11	113761117	113961117	harbor1	chr11	113815485	113815713	SINE/MIR	444	-	114	113815599	54482
chr11	113761117	113961117	harbor1	chr11	113856426	113856604	SINE/MIR	466	-	89	113856515	95398
chr11	45126574	45326574	harbor1	chr11	45140275	45140429	SINE/MIR	402	-	77	45140352	13778
chr11	45126574	45326574	harbor1	chr11	45145086	45145304	SINE/MIR	585	-	109	45145195	18621
chr11	45126574	45326574	harbor1	chr11	45150802	45151004	SINE/MIR	464	-	101	45150903	24329
chr11	45126574	45326574	harbor1	chr11	45152617	45152815	SINE/MIR	697	-	99	45152716	26142
chr11	45126574	45326574	harbor1	chr11	45154755	45154906	SINE/MIR	518	-	76	45154831	28257
chr11	45126574	45326574	harbor1	chr11	45155896	45156077	SINE/MIR	762	-	90	45155986	29412
chr11	45126574	45326574	harbor1	chr11	45161857	45161981	SINE/MIR	447	-	62	45161919	35345
chr11	45126574	45326574	harbor1	chr11	45162550	45162759	SINE/MIR	528	-	104	45162654	36080
chr11	45126574	45326574	harbor1	chr11	45164839	45164943	SINE/MIR	409	-	52	45164891	38317
chr11	45126574	45326574	harbor1	chr11	45165001	45165181	SINE/MIR	545	-	90	45165091	38517
chr11	45126574	45326574	harbor1	chr11	45169445	45169552	SINE/MIR	847	-	54	45169499	42925
chr11	45126574	45326574	harbor1	chr11	45169682	45169813	SINE/MIR	847	-	66	45169748	43174
chr11	45126574	45326574	harbor1	chr11	45188190	45188442	SINE/MIR	949	-	126	45188316	61742
chr11	45126574	45326574	harbor1	chr11	45194513	45194587	SINE/MIR	378	-	37	45194550	67976
chr11	45126574	45326574	harbor1	chr11	45194898	45195006	SINE/MIR	378	-	54	45194952	68378
chr11	45126574	45326574	harbor1	chr11	45200429	45200584	SINE/MIR	397	-	78	45200507	73933
chr11	45126574	45326574	harbor1	chr11	45220450	45220628	SINE/MIR	420	-	89	45220539	93965
chr11	65756855	65956855	harbor1	chr11	65802778	65802991	SINE/MIR	802	-	106	65802884	46029
chr11	65756855	65956855	harbor1	chr11	65803350	65803566	SINE/MIR	414	-	108	65803458	46603
chr11	92716202	92916202	harbor1	chr11	92735865	92736056	SINE/MIR	533	-	96	92735961	19759
chr11	92716202	92916202	harbor1	chr11	92775379	92775549	SINE/MIR	414	-	85	92775464	59262
chr11	92716202	92916202	harbor1	chr11	92779581	92779616	SINE/MIR	400	-	18	92779599	63397
chr11	92716202	92916202	harbor1	chr11	92780502	92780627	SINE/MIR	400	-	62	92780564	64362
chr11	92716202	92916202	harbor1	chr11	92792617	92792714	SINE/MIR	374	-	48	92792665	76463
chr11	85701783	85901783	harbor1	chr11	85713324	85713535	SINE/MIR	563	-	106	85713430	11647
chr11	85701783	85901783	harbor1	chr11	85739652	85739847	SINE/MIR	568	-	98	85739750	37967
chr11	85701783	85901783	harbor1	chr11	85744188	85744378	SINE/MIR	451	-	95	85744283	42500
chr11	85701783	85901783	harbor1	chr11	85745035	85745260	SINE/MIR	672	-	112	85745147	43364
chr11	85701783	85901783	harbor1	chr11	85746432	85746584	SINE/MIR	469	-	76	85746508	44725
chr11	85701783	85901783	harbor1	chr11	85752294	85752460	SINE/MIR	536	-	83	85752377	50594
chr11	85701783	85901783	harbor1	chr11	85754643	85754826	SINE/MIR	441	-	92	85754735	52952
chr11	85701783	85901783	harbor1	chr11	85764306	85764507	SINE/MIR	524	-	100	85764406	62623
chr11	85701783	85901783	harbor1	chr11	85764528	85764608	SINE/MIR	414	-	40	85764568	62785
chr11	85701783	85901783	harbor1	chr11	85774227	85774424	SINE/MIR	603	-	98	85774325	72542
chr11	85701783	85901783	harbor1	chr11	85775356	85775480	SINE/MIR	520	-	62	85775418	73635
chr11	85701783	85901783	harbor1	chr11	85775781	85775867	SINE/MIR	520	-	43	85775824	74041
chr11	85701783	85901783	harbor1	chr11	85783594	85783809	SINE/MIR	624	-	108	85783702	81919
chr11	85701783	85901783	harbor1	chr11	85788253	85788398	SINE/MIR	400	-	72	85788325	86542
chr11	85701783	85901783	harbor1	chr11	85789604	85789769	SINE/MIR	545	-	82	85789686	87903
chr11	115650011	115850011	harbor1	chr11	115661652	115661811	SINE/MIR	384	-	80	115661732	11721
chr11	115650011	115850011	harbor1	chr11	115668194	115668322	SINE/MIR	398	-	64	115668258	18247
chr11	115650011	115850011	harbor1	chr11	115668680	115668783	SINE/MIR	398	-	52	115668732	18721
chr11	115650011	115850011	harbor1	chr11	115675444	115675684	SINE/MIR	523	-	120	115675564	25553
chr11	115650011	115850011	harbor1	chr11	115677679	115677885	SINE/MIR	467	-	103	115677782	27771
chr11	115650011	115850011	harbor1	chr11	115681452	115681671	SINE/MIR	565	-	110	115681562	31551
chr11	115650011	115850011	harbor1	chr11	115698009	115698238	SINE/MIR	604	-	114	115698123	48112
chr11	115650011	115850011	harbor1	chr11	115699646	115699861	SINE/MIR	553	-	108	115699754	49743
chr11	115650011	115850011	harbor1	chr11	115712265	115712411	SINE/MIR	581	-	73	115712338	62327
chr11	115650011	115850011	harbor1	chr11	115712623	115712824	SINE/MIR	404	-	100	115712723	62712
chr11	115650011	115850011	harbor1	chr11	115714611	115714857	SINE/MIR	602	-	123	115714734	64723
chr11	115650011	115850011	harbor1	chr11	115718790	115718994	SINE/MIR	497	-	102	115718892	68881
chr11	115650011	115850011	harbor1	chr11	115719937	115720141	SINE/MIR	506	-	102	115720039	70028
chr11	115650011	115850011	harbor1	chr11	115725912	115726067	SINE/MIR	569	-	78	115725990	75979
chr11	115650011	115850011	harbor1	chr11	115730502	115730748	SINE/MIR	564	-	123	115730625	80614
chr11	115650011	115850011	harbor1	chr11	115737218	115737294	SINE/MIR	504	-	38	115737256	87245
chr11	115650011	115850011	harbor1	chr11	115739677	115739900	SINE/MIR	666	-	112	115739789	89778
chr11	115650011	115850011	harbor1	chr11	115740882	115741095	SINE/MIR	513	-	106	115740988	90977
chr11	115650011	115850011	harbor1	chr11	115736488	115736593	SINE/MIR	504	-	52	115736540	86529
chr11	119410322	119610322	harbor1	chr11	119425911	119426042	SINE/MIR	385	-	66	119425977	15655
chr11	119410322	119610322	harbor1	chr11	119435082	119435263	SINE/MIR	442	-	90	119435172	24850
chr11	119410322	119610322	harbor1	chr11	119446982	119447140	SINE/MIR	604	-	79	119447061	36739
chr11	119410322	119610322	harbor1	chr11	119453457	119453579	SINE/MIR	384	-	61	119453518	43196
chr11	119410322	119610322	harbor1	chr11	119505679	119505856	SINE/MIR	434	-	88	119505767	95445
chr11	122520816	122720816	harbor1	chr11	122561708	122561976	SINE/MIR	704	-	134	122561842	41026
chr11	122520816	122720816	harbor1	chr11	122605023	122605216	SINE/MIR	582	-	96	122605119	84303
chr11	37570529	37770529	harbor1	chr11	37599728	37599944	SINE/MIR	682	-	108	37599836	29307
chr11	37570529	37770529	harbor1	chr11	37615952	37616108	SINE/MIR	444	-	78	37616030	45501
chr11	63142196	63342196	harbor1	chr11	63146190	63146375	SINE/MIR	491	-	92	63146282	4086
chr11	63142196	63342196	harbor1	chr11	63146841	63147076	SINE/MIR	474	-	118	63146959	4763
chr11	87531156	87731156	harbor1	chr11	87554073	87554317	SINE/MIR	437	-	122	87554195	23039
chr11	87531156	87731156	harbor1	chr11	87578197	87578362	SINE/MIR	473	-	82	87578279	47123
chr11	87531156	87731156	harbor1	chr11	87595613	87595866	SINE/MIR	507	-	126	87595739	64583
chr11	87531156	87731156	harbor1	chr11	87597452	87597601	SINE/MIR	458	-	74	87597526	66370
chr11	87531156	87731156	harbor1	chr11	87599834	87600003	SINE/MIR	448	-	84	87599918	68762
chr11	87531156	87731156	harbor1	chr11	87614747	87614951	SINE/MIR	619	-	102	87614849	83693
chr11	87531156	87731156	harbor1	chr11	87627894	87628125	SINE/MIR	533	-	116	87628010	96854
chr11	105371050	105571050	harbor1	chr11	105381100	105381258	SINE/MIR	491	-	79	105381179	10129
chr11	105371050	105571050	harbor1	chr11	105405865	105406054	SINE/MIR	662	-	94	105405959	34909
chr11	105371050	105571050	harbor1	chr11	105441467	105441667	SINE/MIR	404	-	100	105441567	70517
chr11	47508586	47708586	harbor1	chr11	47511610	47511747	SINE/MIR	374	-	68	47511678	3092
chr11	47508586	47708586	harbor1	chr11	47550841	47551000	SINE/MIR	500	-	80	47550921	42335
chr11	47508586	47708586	harbor1	chr11	47579615	47579854	SINE/MIR	661	-	120	47579735	71149
chr11	47508586	47708586	harbor1	chr11	47593019	47593227	SINE/MIR	376	-	104	47593123	84537
chr11	64984594	65184594	harbor1	chr11	65021075	65021260	SINE/MIR	694	-	92	65021167	36573
chr11	64984594	65184594	harbor1	chr11	65046608	65046748	SINE/MIR	424	-	70	65046678	62084
chr11	64984594	65184594	harbor1	chr11	65048759	65048902	SINE/MIR	682	-	72	65048831	64237
chr11	64984594	65184594	harbor1	chr11	65072888	65072935	SINE/MIR	779	-	24	65072912	88318
chr11	64984594	65184594	harbor1	chr11	65073245	65073416	SINE/MIR	779	-	86	65073331	88737
chr11	125658338	125858338	harbor1	chr11	125694032	125694256	SINE/MIR	429	-	112	125694144	35806
chr11	125658338	125858338	harbor1	chr11	125723569	125723698	SINE/MIR	444	-	64	125723633	65295
chr11	125658338	125858338	harbor1	chr11	125728243	125728370	SINE/MIR	418	-	64	125728307	69969
chr11	125658338	125858338	harbor1	chr11	125730689	125730808	SINE/MIR	430	-	60	125730749	72411
chr11	125658338	125858338	harbor1	chr11	125752610	125752757	SINE/MIR	470	-	74	125752684	94346
chr11	19836162	20036162	harbor1	chr11	19841837	19842086	SINE/MIR	809	-	124	19841961	5799
chr11	19836162	20036162	harbor1	chr11	19849028	19849237	SINE/MIR	454	-	104	19849132	12970
chr11	19836162	20036162	harbor1	chr11	19851060	19851280	SINE/MIR	915	-	110	19851170	15008
chr11	19836162	20036162	harbor1	chr11	19870655	19870851	SINE/MIR	524	-	98	19870753	34591
chr11	19836162	20036162	harbor1	chr11	19872219	19872465	SINE/MIR	605	-	123	19872342	36180
chr11	19836162	20036162	harbor1	chr11	19878346	19878560	SINE/MIR	495	-	107	19878453	42291
chr11	19836162	20036162	harbor1	chr11	19885107	19885337	SINE/MIR	660	-	115	19885222	49060
chr11	19836162	20036162	harbor1	chr11	19894125	19894256	SINE/MIR	414	-	66	19894191	58029
chr11	19836162	20036162	harbor1	chr11	19910021	19910235	SINE/MIR	536	-	107	19910128	73966
chr11	86048710	86248710	harbor1	chr11	86075021	86075156	SINE/MIR	574	-	68	86075089	26379
chr11	86048710	86248710	harbor1	chr11	86096515	86096725	SINE/MIR	850	-	105	86096620	47910
chr11	86048710	86248710	harbor1	chr11	86115712	86115948	SINE/MIR	659	-	118	86115830	67120
chr11	86048710	86248710	harbor1	chr11	86117276	86117481	SINE/MIR	477	-	102	86117378	68668
chr11	86048710	86248710	harbor1	chr11	86129995	86130120	SINE/MIR	452	-	62	86130057	81347
chr11	86048710	86248710	harbor1	chr11	86137448	86137670	SINE/MIR	831	-	111	86137559	88849
chr11	86048710	86248710	harbor1	chr11	86144380	86144516	SINE/MIR	485	-	68	86144448	95738
chr11	86048710	86248710	harbor1	chr11	86145411	86145621	SINE/MIR	464	-	105	86145516	96806
chr11	86048710	86248710	harbor1	chr11	86146218	86146367	SINE/MIR	407	-	74	86146292	97582
chr11	86048710	86248710	harbor1	chr11	86146672	86146725	SINE/MIR	407	-	26	86146698	97988
chr11	103799422	103999422	harbor1	chr11	103809909	103810139	SINE/MIR	908	-	115	103810024	10602
chr11	103799422	103999422	harbor1	chr11	103826240	103826474	SINE/MIR	562	-	117	103826357	26935
chr11	103799422	103999422	harbor1	chr11	103853877	103854103	SINE/MIR	713	-	113	103853990	54568
chr11	103799422	103999422	harbor1	chr11	103879478	103879668	SINE/MIR	401	-	95	103879573	80151
chr11	103799422	103999422	harbor1	chr11	103858052	103858271	SINE/MIR	527	-	110	103858162	58740
chr11	15504865	15704865	harbor1	chr11	15560515	15560682	SINE/MIR	375	-	84	15560599	55734
chr11	15504865	15704865	harbor1	chr11	15575498	15575641	SINE/MIR	436	-	72	15575570	70705
chr11	15504865	15704865	harbor1	chr11	15577431	15577585	SINE/MIR	558	-	77	15577508	72643
chr11	15504865	15704865	harbor1	chr11	15577865	15578016	SINE/MIR	617	-	76	15577941	73076
chr11	15504865	15704865	harbor1	chr11	15581785	15581976	SINE/MIR	708	-	96	15581881	77016
chr11	15504865	15704865	harbor1	chr11	15587431	15587643	SINE/MIR	497	-	106	15587537	82672
chr11	15504865	15704865	harbor1	chr11	15588118	15588217	SINE/MIR	384	-	50	15588168	83303
chr11	15504865	15704865	harbor1	chr11	15588516	15588655	SINE/MIR	384	-	70	15588586	83721
chr11	15504865	15704865	harbor1	chr11	15588924	15589095	SINE/MIR	666	-	86	15589010	84145
chr11	15504865	15704865	harbor1	chr11	15594206	15594357	SINE/MIR	443	-	76	15594282	89417
chr11	15504865	15704865	harbor1	chr11	15596672	15596879	SINE/MIR	654	-	104	15596776	91911
chr11	15504865	15704865	harbor1	chr11	15602209	15602314	SINE/MIR	476	-	52	15602261	97396
chr11	15504865	15704865	harbor1	chr11	15604219	15604365	SINE/MIR	489	-	73	15604292	99427
chr11	64519292	64719292	harbor1	chr11	64540293	64540500	SINE/MIR	651	-	104	64540397	21105
chr11	64519292	64719292	harbor1	chr11	64543192	64543377	SINE/MIR	638	-	92	64543284	23992
chr11	64519292	64719292	harbor1	chr11	64557177	64557329	SINE/MIR	520	-	76	64557253	37961
chr11	64519292	64719292	harbor1	chr11	64561288	64561445	SINE/MIR	627	-	78	64561366	42074
chr11	64519292	64719292	harbor1	chr11	64563230	64563432	SINE/MIR	579	-	101	64563331	44039
chr11	64519292	64719292	harbor1	chr11	64570628	64570778	SINE/MIR	406	-	75	64570703	51411
chr11	64519292	64719292	harbor1	chr11	64580231	64580483	SINE/MIR	955	-	126	64580357	61065
chr11	64519292	64719292	harbor1	chr11	64602483	64602722	SINE/MIR	699	-	120	64602603	83311
chr11	95346553	95546553	harbor1	chr11	95358989	95359188	SINE/MIR	527	-	100	95359089	12536
chr11	95346553	95546553	harbor1	chr11	95361622	95361869	SINE/MIR	737	-	124	95361746	15193
chr11	95346553	95546553	harbor1	chr11	95364880	95365109	SINE/MIR	563	-	114	95364994	18441
chr11	95346553	95546553	harbor1	chr11	95371065	95371241	SINE/MIR	527	-	88	95371153	24600
chr11	95346553	95546553	harbor1	chr11	95379225	95379409	SINE/MIR	668	-	92	95379317	32764
chr11	95346553	95546553	harbor1	chr11	95388123	95388358	SINE/MIR	592	-	118	95388241	41688
chr11	95346553	95546553	harbor1	chr11	95390216	95390313	SINE/MIR	381	-	48	95390264	43711
chr11	95346553	95546553	harbor1	chr11	95390372	95390583	SINE/MIR	628	-	106	95390478	43925
chr11	95346553	95546553	harbor1	chr11	95407617	95407832	SINE/MIR	472	-	108	95407725	61172
chr11	95346553	95546553	harbor1	chr11	95419742	95419968	SINE/MIR	662	-	113	95419855	73302
chr11	95346553	95546553	harbor1	chr11	95442464	95442621	SINE/MIR	438	-	78	95442542	95989
chr11	95346553	95546553	harbor1	chr11	95443892	95443903	SINE/MIR	387	-	6	95443898	97345
chr11	95346553	95546553	harbor1	chr11	95444282	95444451	SINE/MIR	405	-	84	95444366	97813
chr11	95346553	95546553	harbor1	chr11	95444588	95444820	SINE/MIR	526	-	116	95444704	98151
chr11	26323792	26523792	harbor1	chr11	26338981	26339150	SINE/MIR	430	-	84	26339065	15273
chr11	26323792	26523792	harbor1	chr11	26341468	26341564	SINE/MIR	376	-	48	26341516	17724
chr11	26323792	26523792	harbor1	chr11	26342095	26342173	SINE/MIR	376	-	39	26342134	18342
chr11	26323792	26523792	harbor1	chr11	26345770	26345976	SINE/MIR	454	-	103	26345873	22081
chr11	26323792	26523792	harbor1	chr11	26346017	26346207	SINE/MIR	452	-	95	26346112	22320
chr11	26323792	26523792	harbor1	chr11	26388500	26388687	SINE/MIR	390	-	94	26388594	64802
chr11	6062012	6262012	harbor1	chr11	6109334	6109556	SINE/MIR	674	-	111	6109445	47433
chr11	6062012	6262012	harbor1	chr11	6129705	6129936	SINE/MIR	795	-	116	6129821	67809
chr11	6062012	6262012	harbor1	chr11	6151288	6151532	SINE/MIR	623	-	122	6151410	89398
chr11	89419473	89619473	harbor1	chr11	89447479	89447694	SINE/MIR	582	-	108	89447587	28114
chr11	89419473	89619473	harbor1	chr11	89453598	89453839	SINE/MIR	701	-	120	89453718	34245
chr11	89419473	89619473	harbor1	chr11	89481361	89481593	SINE/MIR	477	-	116	89481477	62004
chr11	89419473	89619473	harbor1	chr11	89508676	89508919	SINE/MIR	614	-	122	89508798	89325
chr11	89419473	89619473	harbor1	chr11	89513693	89513840	SINE/MIR	389	-	74	89513767	94294
chr11	119918545	120118545	harbor1	chr11	119919399	119919584	SINE/MIR	426	-	92	119919491	946
chr11	119918545	120118545	harbor1	chr11	119936913	119937153	SINE/MIR	926	-	120	119937033	18488
chr11	119918545	120118545	harbor1	chr11	119939167	119939305	SINE/MIR	411	-	69	119939236	20691
chr11	119918545	120118545	harbor1	chr11	119941552	119941741	SINE/MIR	475	-	94	119941646	23101
chr11	119918545	120118545	harbor1	chr11	119946850	119947002	SINE/MIR	517	-	76	119946926	28381
chr11	119918545	120118545	harbor1	chr11	119964173	119964380	SINE/MIR	544	-	104	119964277	45732
chr11	119918545	120118545	harbor1	chr11	119975015	119975150	SINE/MIR	389	-	68	119975083	56538
chr11	119918545	120118545	harbor1	chr11	119984583	119984821	SINE/MIR	578	-	119	119984702	66157
chr11	119918545	120118545	harbor1	chr11	120005756	120005947	SINE/MIR	443	-	96	120005852	87307
chr11	119918545	120118545	harbor1	chr11	120013040	120013206	SINE/MIR	386	-	83	120013123	94578
chr11	119918545	120118545	harbor1	chr11	120016966	120017072	SINE/MIR	440	-	53	120017019	98474
chr11	4361447	4561447	harbor1	chr11	4368975	4369183	SINE/MIR	385	-	104	4369079	7632
chr11	4361447	4561447	harbor1	chr11	4412835	4413015	SINE/MIR	575	-	90	4412925	51478
chr11	79761023	79961023	harbor1	chr11	79761525	79761742	SINE/MIR	670	-	108	79761633	610
chr11	79761023	79961023	harbor1	chr11	79767608	79767781	SINE/MIR	395	-	86	79767694	6671
chr11	79761023	79961023	harbor1	chr11	79768109	79768314	SINE/MIR	634	-	102	79768211	7188
chr11	79761023	79961023	harbor1	chr11	79773207	79773311	SINE/MIR	400	-	52	79773259	12236
chr11	79761023	79961023	harbor1	chr11	79778634	79778830	SINE/MIR	478	-	98	79778732	17709
chr11	79761023	79961023	harbor1	chr11	79788606	79788804	SINE/MIR	546	-	99	79788705	27682
chr11	79761023	79961023	harbor1	chr11	79793958	79794160	SINE/MIR	684	-	101	79794059	33036
chr11	79761023	79961023	harbor1	chr11	79802525	79802653	SINE/MIR	399	-	64	79802589	41566
chr11	79761023	79961023	harbor1	chr11	79809476	79809734	SINE/MIR	625	-	129	79809605	48582
chr11	79761023	79961023	harbor1	chr11	79822126	79822301	SINE/MIR	476	-	88	79822214	61191
chr11	79761023	79961023	harbor1	chr11	79824341	79824593	SINE/MIR	817	-	126	79824467	63444
chr11	79761023	79961023	harbor1	chr11	79825797	79825996	SINE/MIR	453	-	100	79825897	64874
chr11	79761023	79961023	harbor1	chr11	79843202	79843398	SINE/MIR	453	-	98	79843300	82277
chr11	79761023	79961023	harbor1	chr11	79850930	79851103	SINE/MIR	378	-	86	79851016	89993
chr11	79761023	79961023	harbor1	chr11	79853704	79853841	SINE/MIR	378	-	68	79853772	92749
chr11	79761023	79961023	harbor1	chr11	79859193	79859407	SINE/MIR	588	-	107	79859300	98277
chr11	79761023	79961023	harbor1	chr11	79859488	79859697	SINE/MIR	640	-	104	79859592	98569
chr11	133712620	133912620	harbor1	chr11	133745396	133745601	SINE/MIR	437	-	102	133745498	32878
chr11	133712620	133912620	harbor1	chr11	133748170	133748368	SINE/MIR	421	-	99	133748269	35649
chr11	133712620	133912620	harbor1	chr11	133788188	133788405	SINE/MIR	513	-	108	133788296	75676
chr11	133712620	133912620	harbor1	chr11	133790116	133790317	SINE/MIR	505	-	100	133790216	77596
chr11	133712620	133912620	harbor1	chr11	133802293	133802406	SINE/MIR	490	-	56	133802349	89729
chr11	116771077	116971077	harbor1	chr11	116771499	116771687	SINE/MIR	670	-	94	116771593	516
chr11	116771077	116971077	harbor1	chr11	116773837	116773990	SINE/MIR	439	-	76	116773913	2836
chr11	116771077	116971077	harbor1	chr11	116808361	116808566	SINE/MIR	525	-	102	116808463	37386
chr11	116771077	116971077	harbor1	chr11	116819385	116819600	SINE/MIR	400	-	108	116819493	48416
chr11	116771077	116971077	harbor1	chr11	116830200	116830385	SINE/MIR	402	-	92	116830292	59215
chr11	116771077	116971077	harbor1	chr11	116832240	116832350	SINE/MIR	561	-	55	116832295	61218
chr11	116771077	116971077	harbor1	chr11	116833874	116833974	SINE/MIR	395	-	50	116833924	62847
chr11	116771077	116971077	harbor1	chr11	116860609	116860717	SINE/MIR	696	-	54	116860663	89586
chr11	116771077	116971077	harbor1	chr11	116861068	116861180	SINE/MIR	696	-	56	116861124	90047
chr11	110918049	111118049	harbor1	chr11	110924015	110924059	SINE/MIR	451	-	22	110924037	5988
chr11	110918049	111118049	harbor1	chr11	110924206	110924369	SINE/MIR	451	-	82	110924288	6239
chr11	110918049	111118049	harbor1	chr11	110945425	110945593	SINE/MIR	590	-	84	110945509	27460
chr11	110918049	111118049	harbor1	chr11	110946411	110946577	SINE/MIR	434	-	83	110946494	28445
chr11	110918049	111118049	harbor1	chr11	110949544	110949763	SINE/MIR	442	-	110	110949654	31605
chr11	110918049	111118049	harbor1	chr11	110969840	110970004	SINE/MIR	430	-	82	110969922	51873
chr11	110918049	111118049	harbor1	chr11	110984361	110984590	SINE/MIR	495	-	114	110984475	66426
chr11	110918049	111118049	harbor1	chr11	111013766	111013996	SINE/MIR	661	-	115	111013881	95832
chr11	98690736	98890736	harbor1	chr11	98705635	98705850	SINE/MIR	532	-	108	98705743	15007
chr11	98690736	98890736	harbor1	chr11	98710301	98710411	SINE/MIR	386	-	55	98710356	19620
chr11	98690736	98890736	harbor1	chr11	98781024	98781272	SINE/MIR	868	-	124	98781148	90412
chr11	7169473	7369473	harbor1	chr11	7197213	7197464	SINE/MIR	453	-	126	7197339	27866
chr11	7169473	7369473	harbor1	chr11	7217193	7217405	SINE/MIR	618	-	106	7217299	47826
chr11	7169473	7369473	harbor1	chr11	7249645	7249849	SINE/MIR	404	-	102	7249747	80274
chr11	103732200	103932200	harbor1	chr11	103757326	103757561	SINE/MIR	401	-	118	103757444	25244
chr11	103732200	103932200	harbor1	chr11	103788664	103788843	SINE/MIR	543	-	90	103788754	56554
chr11	103732200	103932200	harbor1	chr11	103809909	103810139	SINE/MIR	908	-	115	103810024	77824
chr11	103732200	103932200	harbor1	chr11	103826240	103826474	SINE/MIR	562	-	117	103826357	94157
chr11	79049072	79249072	harbor1	chr11	79051153	79051405	SINE/MIR	1052	-	126	79051279	2207
chr11	79049072	79249072	harbor1	chr11	79055627	79055829	SINE/MIR	542	-	101	79055728	6656
chr11	79049072	79249072	harbor1	chr11	79059785	79059934	SINE/MIR	516	-	74	79059859	10787
chr11	79049072	79249072	harbor1	chr11	79068183	79068389	SINE/MIR	452	-	103	79068286	19214
chr11	79049072	79249072	harbor1	chr11	79070722	79070862	SINE/MIR	544	-	70	79070792	21720
chr11	79049072	79249072	harbor1	chr11	79071712	79071862	SINE/MIR	456	-	75	79071787	22715
chr11	79049072	79249072	harbor1	chr11	79072922	79073097	SINE/MIR	400	-	88	79073010	23938
chr11	79049072	79249072	harbor1	chr11	79075099	79075325	SINE/MIR	545	-	113	79075212	26140
chr11	79049072	79249072	harbor1	chr11	79076783	79076995	SINE/MIR	416	-	106	79076889	27817
chr11	79049072	79249072	harbor1	chr11	79078739	79078937	SINE/MIR	656	-	99	79078838	29766
chr11	79049072	79249072	harbor1	chr11	79087145	79087282	SINE/MIR	440	-	68	79087213	38141
chr11	79049072	79249072	harbor1	chr11	79090066	79090200	SINE/MIR	401	-	67	79090133	41061
chr11	79049072	79249072	harbor1	chr11	79090491	79090682	SINE/MIR	443	-	96	79090587	41515
chr11	79049072	79249072	harbor1	chr11	79094243	79094477	SINE/MIR	645	-	117	79094360	45288
chr11	79049072	79249072	harbor1	chr11	79095192	79095351	SINE/MIR	497	-	80	79095272	46200
chr11	79049072	79249072	harbor1	chr11	79097000	79097194	SINE/MIR	383	-	97	79097097	48025
chr11	79049072	79249072	harbor1	chr11	79106015	79106216	SINE/MIR	616	-	100	79106115	57043
chr11	79049072	79249072	harbor1	chr11	79106628	79106803	SINE/MIR	657	-	88	79106716	57644
chr11	79049072	79249072	harbor1	chr11	79106970	79107217	SINE/MIR	991	-	124	79107094	58022
chr11	79049072	79249072	harbor1	chr11	79107746	79107942	SINE/MIR	446	-	98	79107844	58772
chr11	79049072	79249072	harbor1	chr11	79116274	79116410	SINE/MIR	583	-	68	79116342	67270
chr11	79049072	79249072	harbor1	chr11	79118004	79118179	SINE/MIR	405	-	88	79118092	69020
chr11	79049072	79249072	harbor1	chr11	79119012	79119111	SINE/MIR	392	-	50	79119062	69990
chr11	79049072	79249072	harbor1	chr11	79120837	79121036	SINE/MIR	857	-	100	79120937	71865
chr11	79049072	79249072	harbor1	chr11	79121056	79121187	SINE/MIR	385	-	66	79121122	72050
chr11	79049072	79249072	harbor1	chr11	79123196	79123426	SINE/MIR	709	-	115	79123311	74239
chr11	79049072	79249072	harbor1	chr11	79147653	79147895	SINE/MIR	792	-	121	79147774	98702
chr11	79049072	79249072	harbor1	chr11	79118289	79118383	SINE/MIR	392	-	47	79118336	69264
chr11	37779393	37979393	harbor1	chr11	37836626	37836793	SINE/MIR	428	-	84	37836710	57317
chr11	37779393	37979393	harbor1	chr11	37877193	37877338	SINE/MIR	383	-	72	37877265	97872
chr11	50114551	50314551	harbor1	chr11	50129705	50129902	SINE/MIR	475	-	98	50129803	15252
chr11	50114551	50314551	harbor1	chr11	50141251	50141319	SINE/MIR	397	-	34	50141285	26734
chr11	50114551	50314551	harbor1	chr11	50141644	50141771	SINE/MIR	397	-	64	50141708	27157
chr11	50114551	50314551	harbor1	chr11	50146689	50146882	SINE/MIR	591	-	96	50146785	32234
chr11	50114551	50314551	harbor1	chr11	50161773	50162018	SINE/MIR	613	-	122	50161895	47344
chr11	50114551	50314551	harbor1	chr11	50210580	50210708	SINE/MIR	439	-	64	50210644	96093
chr11	5614605	5814605	harbor1	chr11	5617435	5617486	SINE/MIR	566	-	26	5617461	2856
chr11	5614605	5814605	harbor1	chr11	5617790	5617972	SINE/MIR	566	-	91	5617881	3276
chr11	125205258	125405258	harbor1	chr11	125213956	125214164	SINE/MIR	598	-	104	125214060	8802
chr11	125205258	125405258	harbor1	chr11	125217758	125217949	SINE/MIR	379	-	96	125217854	12596
chr11	125205258	125405258	harbor1	chr11	125231010	125231196	SINE/MIR	581	-	93	125231103	25845
chr11	125205258	125405258	harbor1	chr11	125232340	125232567	SINE/MIR	735	-	114	125232454	27196
chr11	125205258	125405258	harbor1	chr11	125238334	125238560	SINE/MIR	557	-	113	125238447	33189
chr11	125205258	125405258	harbor1	chr11	125245283	125245485	SINE/MIR	609	-	101	125245384	40126
chr11	125205258	125405258	harbor1	chr11	125266218	125266298	SINE/MIR	395	-	40	125266258	61000
chr11	125205258	125405258	harbor1	chr11	125272311	125272538	SINE/MIR	583	-	114	125272425	67167
chr11	125205258	125405258	harbor1	chr11	125274068	125274287	SINE/MIR	437	-	110	125274178	68920
chr11	125205258	125405258	harbor1	chr11	125278737	125278911	SINE/MIR	541	-	87	125278824	73566
chr11	125205258	125405258	harbor1	chr11	125287070	125287285	SINE/MIR	723	-	108	125287178	81920
chr11	125205258	125405258	harbor1	chr11	125297078	125297208	SINE/MIR	393	-	65	125297143	91885
chr11	125205258	125405258	harbor1	chr11	125300300	125300528	SINE/MIR	967	-	114	125300414	95156
chr11	125205258	125405258	harbor1	chr11	125303193	125303438	SINE/MIR	597	-	122	125303315	98057
chr11	125205258	125405258	harbor1	chr11	125304948	125305077	SINE/MIR	404	-	64	125305012	99754
chr11	134025975	134225975	harbor1	chr11	134027620	134027804	SINE/MIR	503	-	92	134027712	1737
chr11	134025975	134225975	harbor1	chr11	134028220	134028464	SINE/MIR	397	-	122	134028342	2367
chr11	134025975	134225975	harbor1	chr11	134030220	134030435	SINE/MIR	667	-	108	134030328	4353
chr11	134025975	134225975	harbor1	chr11	134039665	134039862	SINE/MIR	460	-	98	134039763	13788
chr11	134025975	134225975	harbor1	chr11	134071147	134071301	SINE/MIR	451	-	77	134071224	45249
chr11	134025975	134225975	harbor1	chr11	134100650	134100868	SINE/MIR	496	-	109	134100759	74784
chr11	134025975	134225975	harbor1	chr11	134101728	134101798	SINE/MIR	417	-	35	134101763	75788
chr11	134025975	134225975	harbor1	chr11	134102060	134102195	SINE/MIR	417	-	68	134102128	76153
chr11	134025975	134225975	harbor1	chr11	134112555	134112782	SINE/MIR	572	-	114	134112669	86694
chr11	35947292	36147292	harbor1	chr11	35964198	35964358	SINE/MIR	421	-	80	35964278	16986
chr11	35947292	36147292	harbor1	chr11	35970618	35970745	SINE/MIR	403	-	64	35970682	23390
chr11	35947292	36147292	harbor1	chr11	35984252	35984435	SINE/MIR	441	-	92	35984344	37052
chr11	35947292	36147292	harbor1	chr11	35997761	35997908	SINE/MIR	421	-	74	35997835	50543
chr11	35947292	36147292	harbor1	chr11	36024375	36024566	SINE/MIR	517	-	96	36024471	77179
chr11	35947292	36147292	harbor1	chr11	36035852	36036015	SINE/MIR	435	-	82	36035934	88642
chr11	60942901	61142901	harbor1	chr11	60996864	60997011	SINE/MIR	477	-	74	60996938	54037
chr11	60942901	61142901	harbor1	chr11	60998373	60998546	SINE/MIR	411	-	86	60998459	55558
chr11	60942901	61142901	harbor1	chr11	61022297	61022423	SINE/MIR	434	-	63	61022360	79459
chr11	60942901	61142901	harbor1	chr11	61023180	61023329	SINE/MIR	532	-	74	61023254	80353
chr11	60942901	61142901	harbor1	chr11	61023642	61023820	SINE/MIR	510	-	89	61023731	80830
chr11	60942901	61142901	harbor1	chr11	61025610	61025772	SINE/MIR	491	-	81	61025691	82790
chr11	60942901	61142901	harbor1	chr11	61026631	61026802	SINE/MIR	374	-	86	61026717	83816
chr11	60942901	61142901	harbor1	chr11	60981160	60981352	SINE/MIR	488	-	96	60981256	38355
chr11	933167	1133167	harbor1	chr11	951606	951780	SINE/MIR	377	-	87	951693	18526
chr11	106840786	107040786	harbor1	chr11	106858424	106858600	SINE/MIR	589	-	88	106858512	17726
chr11	35290323	35490323	harbor1	chr11	35293119	35293311	SINE/MIR	436	-	96	35293215	2892
chr11	35290323	35490323	harbor1	chr11	35297881	35298013	SINE/MIR	381	-	66	35297947	7624
chr11	35290323	35490323	harbor1	chr11	35305309	35305495	SINE/MIR	676	-	93	35305402	15079
chr11	35290323	35490323	harbor1	chr11	35328370	35328582	SINE/MIR	667	-	106	35328476	38153
chr11	35290323	35490323	harbor1	chr11	35329883	35330098	SINE/MIR	604	-	108	35329991	39668
chr11	35290323	35490323	harbor1	chr11	35345853	35346051	SINE/MIR	541	-	99	35345952	55629
chr11	35290323	35490323	harbor1	chr11	35350350	35350551	SINE/MIR	517	-	100	35350450	60127
chr11	35290323	35490323	harbor1	chr11	35351068	35351296	SINE/MIR	566	-	114	35351182	60859
chr11	35290323	35490323	harbor1	chr11	35362883	35363128	SINE/MIR	644	-	122	35363005	72682
chr11	35290323	35490323	harbor1	chr11	35364809	35365002	SINE/MIR	439	-	96	35364905	74582
chr11	35290323	35490323	harbor1	chr11	35372823	35373031	SINE/MIR	712	-	104	35372927	82604
chr11	35290323	35490323	harbor1	chr11	35375789	35376011	SINE/MIR	769	-	111	35375900	85577
chr11	35290323	35490323	harbor1	chr11	35377076	35377283	SINE/MIR	654	-	104	35377180	86857
chr11	35290323	35490323	harbor1	chr11	35377420	35377618	SINE/MIR	419	-	99	35377519	87196
chr11	35290323	35490323	harbor1	chr11	35381994	35382189	SINE/MIR	495	-	98	35382092	91769
chr11	35290323	35490323	harbor1	chr11	35385319	35385434	SINE/MIR	573	-	58	35385377	95054
chr11	35290323	35490323	harbor1	chr11	35387936	35388122	SINE/MIR	638	-	93	35388029	97706
chr11	39722455	39922455	harbor1	chr11	39745686	39745795	SINE/MIR	394	-	54	39745740	23285
chr11	39722455	39922455	harbor1	chr11	39816797	39816978	SINE/MIR	505	-	90	39816887	94432
chr11	69507716	69707716	harbor1	chr11	69514869	69515024	SINE/MIR	415	-	78	69514947	7231
chr11	69507716	69707716	harbor1	chr11	69563639	69563811	SINE/MIR	658	-	86	69563725	56009
chr11	91833360	92033360	harbor1	chr11	91845316	91845569	SINE/MIR	600	-	126	91845442	12082
chr11	91833360	92033360	harbor1	chr11	91852890	91853021	SINE/MIR	406	-	66	91852956	19596
chr11	91833360	92033360	harbor1	chr11	91854568	91854791	SINE/MIR	748	-	112	91854680	21320
chr11	91833360	92033360	harbor1	chr11	91874043	91874212	SINE/MIR	619	-	84	91874127	40767
chr11	91833360	92033360	harbor1	chr11	91891411	91891554	SINE/MIR	431	-	72	91891483	58123
chr11	91833360	92033360	harbor1	chr11	91896388	91896429	SINE/MIR	869	-	20	91896408	63048
chr11	91833360	92033360	harbor1	chr11	91896711	91896896	SINE/MIR	869	-	92	91896803	63443
chr11	91833360	92033360	harbor1	chr11	91898175	91898398	SINE/MIR	436	-	112	91898287	64927
chr11	91833360	92033360	harbor1	chr11	91898388	91898583	SINE/MIR	502	-	98	91898486	65126
chr11	91833360	92033360	harbor1	chr11	91903241	91903444	SINE/MIR	915	-	102	91903343	69983
chr11	91833360	92033360	harbor1	chr11	91903493	91903724	SINE/MIR	604	-	116	91903609	70249
chr11	91833360	92033360	harbor1	chr11	91907736	91907840	SINE/MIR	478	-	52	91907788	74428
chr11	91833360	92033360	harbor1	chr11	91912599	91912786	SINE/MIR	451	-	94	91912693	79333
chr11	91833360	92033360	harbor1	chr11	91920642	91920900	SINE/MIR	887	-	129	91920771	87411
chr11	91833360	92033360	harbor1	chr11	91931829	91932066	SINE/MIR	701	-	118	91931947	98587
chr11	132945827	133145827	harbor1	chr11	132964822	132964972	SINE/MIR	414	-	75	132964897	19070
chr11	132945827	133145827	harbor1	chr11	132994866	132995058	SINE/MIR	433	-	96	132994962	49135
chr11	132945827	133145827	harbor1	chr11	133038583	133038712	SINE/MIR	550	-	64	133038647	92820
chr11	132945827	133145827	harbor1	chr11	133044565	133044778	SINE/MIR	785	-	106	133044671	98844
chr11	109697390	109897390	harbor1	chr11	109713034	109713283	SINE/MIR	693	-	124	109713158	15768
chr11	109697390	109897390	harbor1	chr11	109738009	109738149	SINE/MIR	701	-	70	109738079	40689
chr11	109697390	109897390	harbor1	chr11	109739188	109739274	SINE/MIR	701	-	43	109739231	41841
chr11	109697390	109897390	harbor1	chr11	109744258	109744517	SINE/MIR	1056	-	130	109744388	46998
chr11	109697390	109897390	harbor1	chr11	109782117	109782377	SINE/MIR	525	-	130	109782247	84857
chr11	109697390	109897390	harbor1	chr11	109782773	109782933	SINE/MIR	404	-	80	109782853	85463
chr11	109697390	109897390	harbor1	chr11	109785322	109785612	SINE/MIR	492	-	145	109785467	88077
chr11	109697390	109897390	harbor1	chr11	109790333	109790431	SINE/MIR	477	-	49	109790382	92992
chr11	109697390	109897390	harbor1	chr11	109790728	109790800	SINE/MIR	477	-	36	109790764	93374
chr11	21942774	22142774	harbor1	chr11	21961390	21961628	SINE/MIR	468	-	119	21961509	18735
chr11	21942774	22142774	harbor1	chr11	21967373	21967558	SINE/MIR	429	-	92	21967465	24691
chr11	21942774	22142774	harbor1	chr11	21977982	21978221	SINE/MIR	744	-	120	21978102	35328
chr11	97133818	97333818	harbor1	chr11	97144435	97144615	SINE/MIR	540	-	90	97144525	10707
chr11	97133818	97333818	harbor1	chr11	97153843	97154092	SINE/MIR	457	-	124	97153967	20149
chr11	10390098	10590098	harbor1	chr11	10429254	10429393	SINE/MIR	466	-	70	10429324	39226
chr11	10390098	10590098	harbor1	chr11	10429990	10430228	SINE/MIR	778	-	119	10430109	40011
chr11	10390098	10590098	harbor1	chr11	10452742	10452941	SINE/MIR	689	-	100	10452842	62744
chr11	10390098	10590098	harbor1	chr11	10453251	10453281	SINE/MIR	689	-	15	10453266	63168
chr11	10390098	10590098	harbor1	chr11	10459385	10459504	SINE/MIR	426	-	60	10459445	69347
chr11	10390098	10590098	harbor1	chr11	10464229	10464463	SINE/MIR	714	-	117	10464346	74248
chr11	10390098	10590098	harbor1	chr11	10484022	10484231	SINE/MIR	417	-	104	10484126	94028
chr11	15394965	15594965	harbor1	chr11	15406014	15406142	SINE/MIR	453	-	64	15406078	11113
chr11	15394965	15594965	harbor1	chr11	15409582	15409763	SINE/MIR	552	-	90	15409672	14707
chr11	15394965	15594965	harbor1	chr11	15415109	15415333	SINE/MIR	631	-	112	15415221	20256
chr11	15394965	15594965	harbor1	chr11	15425002	15425206	SINE/MIR	385	-	102	15425104	30139
chr11	15394965	15594965	harbor1	chr11	15426993	15427213	SINE/MIR	608	-	110	15427103	32138
chr11	15394965	15594965	harbor1	chr11	15445751	15445971	SINE/MIR	615	-	110	15445861	50896
chr11	15394965	15594965	harbor1	chr11	15449324	15449501	SINE/MIR	408	-	88	15449412	54447
chr11	15394965	15594965	harbor1	chr11	15449669	15449835	SINE/MIR	511	-	83	15449752	54787
chr11	15394965	15594965	harbor1	chr11	15453977	15454159	SINE/MIR	478	-	91	15454068	59103
chr11	15394965	15594965	harbor1	chr11	15483747	15483990	SINE/MIR	920	-	122	15483869	88904
chr11	15394965	15594965	harbor1	chr11	15484146	15484265	SINE/MIR	399	-	60	15484206	89241
chr11	15394965	15594965	harbor1	chr11	15487226	15487468	SINE/MIR	598	-	121	15487347	92382
chr11	15394965	15594965	harbor1	chr11	15488869	15489097	SINE/MIR	485	-	114	15488983	94018
chr11	15394965	15594965	harbor1	chr11	15490228	15490450	SINE/MIR	417	-	111	15490339	95374
chr11	11274763	11474763	harbor1	chr11	11282324	11282550	SINE/MIR	752	-	113	11282437	7674
chr11	11274763	11474763	harbor1	chr11	11297241	11297479	SINE/MIR	879	-	119	11297360	22597
chr11	11274763	11474763	harbor1	chr11	11307335	11307585	SINE/MIR	435	-	125	11307460	32697
chr11	11274763	11474763	harbor1	chr11	11311814	11311895	SINE/MIR	462	-	40	11311854	37091
chr11	11274763	11474763	harbor1	chr11	11312624	11312700	SINE/MIR	462	-	38	11312662	37899
chr11	11274763	11474763	harbor1	chr11	11315616	11315830	SINE/MIR	443	-	107	11315723	40960
chr11	11274763	11474763	harbor1	chr11	11319888	11320170	SINE/MIR	601	-	141	11320029	45266
chr11	11274763	11474763	harbor1	chr11	11322060	11322316	SINE/MIR	815	-	128	11322188	47425
chr11	11274763	11474763	harbor1	chr11	11332009	11332168	SINE/MIR	506	-	80	11332089	57326
chr11	11274763	11474763	harbor1	chr11	11333367	11333558	SINE/MIR	588	-	96	11333463	58700
chr11	11274763	11474763	harbor1	chr11	11336453	11336607	SINE/MIR	407	-	77	11336530	61767
chr11	8091342	8291342	harbor1	chr11	8091401	8091608	SINE/MIR	680	-	104	8091505	163
chr11	8091342	8291342	harbor1	chr11	8126950	8127110	SINE/MIR	583	-	80	8127030	35688
chr11	8091342	8291342	harbor1	chr11	8171243	8171453	SINE/MIR	626	-	105	8171348	80006
chr11	8091342	8291342	harbor1	chr11	8174456	8174649	SINE/MIR	381	-	96	8174552	83210
chr11	78075169	78275169	harbor1	chr11	78077396	78077553	SINE/MIR	659	-	78	78077474	2305
chr11	78075169	78275169	harbor1	chr11	78077855	78077908	SINE/MIR	659	-	26	78077881	2712
chr11	78075169	78275169	harbor1	chr11	78111148	78111321	SINE/MIR	467	-	86	78111234	36065
chr11	78075169	78275169	harbor1	chr11	78111323	78111507	SINE/MIR	383	-	92	78111415	36246
chr11	78075169	78275169	harbor1	chr11	78120369	78120580	SINE/MIR	433	-	106	78120475	45306
chr11	78075169	78275169	harbor1	chr11	78126654	78126836	SINE/MIR	531	-	91	78126745	51576
chr11	78075169	78275169	harbor1	chr11	78154023	78154256	SINE/MIR	709	-	116	78154139	78970
chr11	78075169	78275169	harbor1	chr11	78158543	78158777	SINE/MIR	612	-	117	78158660	83491
chr11	78075169	78275169	harbor1	chr11	78159064	78159245	SINE/MIR	430	-	90	78159154	83985
chr11	78075169	78275169	harbor1	chr11	78163143	78163331	SINE/MIR	417	-	94	78163237	88068
chr11	78075169	78275169	harbor1	chr11	78171021	78171219	SINE/MIR	486	-	99	78171120	95951
chr11	78075169	78275169	harbor1	chr11	78171242	78171422	SINE/MIR	768	-	90	78171332	96163
chr11	115982072	116182072	harbor1	chr11	115988306	115988499	SINE/MIR	541	-	96	115988402	6330
chr11	115982072	116182072	harbor1	chr11	115992574	115992837	SINE/MIR	447	-	132	115992706	10634
chr11	115982072	116182072	harbor1	chr11	115999436	115999677	SINE/MIR	840	-	120	115999556	17484
chr11	115982072	116182072	harbor1	chr11	116035590	116035688	SINE/MIR	411	-	49	116035639	53567
chr11	115982072	116182072	harbor1	chr11	116038781	116038977	SINE/MIR	403	-	98	116038879	56807
chr11	134397082	134597082	harbor1	chr11	134398477	134398632	SINE/MIR	374	-	78	134398555	1473
chr11	134397082	134597082	harbor1	chr11	134406633	134406844	SINE/MIR	670	-	106	134406739	9657
chr11	134397082	134597082	harbor1	chr11	134416413	134416656	SINE/MIR	436	-	122	134416535	19453
chr11	134397082	134597082	harbor1	chr11	134429687	134429889	SINE/MIR	494	-	101	134429788	32706
chr11	134397082	134597082	harbor1	chr11	134462357	134462589	SINE/MIR	555	-	116	134462473	65391
chr11	134397082	134597082	harbor1	chr11	134474802	134475011	SINE/MIR	578	-	104	134474906	77824
chr11	134397082	134597082	harbor1	chr11	134480917	134481167	SINE/MIR	731	-	125	134481042	83960
chr11	134397082	134597082	harbor1	chr11	134484734	134484913	SINE/MIR	413	-	90	134484824	87742
chr11	31598711	31798711	harbor1	chr11	31604869	31605094	SINE/MIR	414	-	112	31604981	6270
chr11	31598711	31798711	harbor1	chr11	31605750	31605961	SINE/MIR	440	-	106	31605856	7145
chr11	31598711	31798711	harbor1	chr11	31621424	31621613	SINE/MIR	428	-	94	31621518	22807
chr11	31598711	31798711	harbor1	chr11	31635299	31635487	SINE/MIR	524	-	94	31635393	36682
chr11	31598711	31798711	harbor1	chr11	31657588	31657792	SINE/MIR	429	-	102	31657690	58979
chr11	31598711	31798711	harbor1	chr11	31657872	31658114	SINE/MIR	678	-	121	31657993	59282
chr11	31598711	31798711	harbor1	chr11	31676654	31676843	SINE/MIR	418	-	94	31676748	78037
chr11	31598711	31798711	harbor1	chr11	31690043	31690230	SINE/MIR	589	-	94	31690137	91426
chr11	92236430	92436430	harbor1	chr11	92238973	92239208	SINE/MIR	637	-	118	92239091	2661
chr11	92236430	92436430	harbor1	chr11	92248876	92249030	SINE/MIR	393	-	77	92248953	12523
chr11	92236430	92436430	harbor1	chr11	92251124	92251337	SINE/MIR	388	-	106	92251230	14800
chr11	92236430	92436430	harbor1	chr11	92256663	92256894	SINE/MIR	551	-	116	92256779	20349
chr11	92236430	92436430	harbor1	chr11	92268110	92268333	SINE/MIR	784	-	112	92268222	31792
chr11	92236430	92436430	harbor1	chr11	92279429	92279553	SINE/MIR	389	-	62	92279491	43061
chr11	92236430	92436430	harbor1	chr11	92279824	92279975	SINE/MIR	389	-	76	92279900	43470
chr11	122976989	123176989	harbor1	chr11	122993713	122993932	SINE/MIR	514	-	110	122993823	16834
chr11	122976989	123176989	harbor1	chr11	122995856	122996017	SINE/MIR	382	-	80	122995936	18947
chr11	122976989	123176989	harbor1	chr11	123010548	123010791	SINE/MIR	784	-	122	123010670	33681
chr11	122976989	123176989	harbor1	chr11	123013426	123013611	SINE/MIR	745	-	92	123013518	36529
chr11	122976989	123176989	harbor1	chr11	123016107	123016299	SINE/MIR	421	-	96	123016203	39214
chr11	122976989	123176989	harbor1	chr11	123022785	123022976	SINE/MIR	430	-	96	123022881	45892
chr11	122976989	123176989	harbor1	chr11	123064616	123064739	SINE/MIR	416	-	62	123064678	87689
chr11	122976989	123176989	harbor1	chr11	123066044	123066252	SINE/MIR	591	-	104	123066148	89159
chr11	6930849	7130849	harbor1	chr11	6930687	6930890	SINE/MIR	432	-	102	6930789	60
chr11	6930849	7130849	harbor1	chr11	7016118	7016362	SINE/MIR	494	-	122	7016240	85391
chr11	84149456	84349456	harbor1	chr11	84158907	84159116	SINE/MIR	699	-	104	84159011	9555
chr11	84149456	84349456	harbor1	chr11	84188378	84188545	SINE/MIR	459	-	84	84188462	39006
chr11	84149456	84349456	harbor1	chr11	84198124	84198294	SINE/MIR	445	-	85	84198209	48753
chr11	84149456	84349456	harbor1	chr11	84224535	84224735	SINE/MIR	806	-	100	84224635	75179
chr11	84149456	84349456	harbor1	chr11	84243902	84244065	SINE/MIR	559	-	82	84243984	94528
chr11	127926238	128126238	harbor1	chr11	127993572	127993752	SINE/MIR	476	-	90	127993662	67424
chr11	7417055	7617055	harbor1	chr11	7494337	7494573	SINE/MIR	842	-	118	7494455	77400
chr11	102136086	102336086	harbor1	chr11	102146963	102147188	SINE/MIR	675	-	112	102147075	10989
chr11	102136086	102336086	harbor1	chr11	102159611	102159812	SINE/MIR	380	-	100	102159711	23625
chr11	102136086	102336086	harbor1	chr11	102173541	102173770	SINE/MIR	378	-	114	102173655	37569
chr11	102018360	102218360	harbor1	chr11	102018645	102018763	SINE/MIR	664	-	59	102018704	344
chr11	102018360	102218360	harbor1	chr11	102025674	102025758	SINE/MIR	404	-	42	102025716	7356
chr11	102018360	102218360	harbor1	chr11	102050191	102050386	SINE/MIR	409	-	98	102050289	31929
chr11	102018360	102218360	harbor1	chr11	102061538	102061721	SINE/MIR	378	-	92	102061630	43270
chr11	102018360	102218360	harbor1	chr11	102090282	102090403	SINE/MIR	439	-	60	102090342	71982
chr11	102018360	102218360	harbor1	chr11	102108652	102108872	SINE/MIR	646	-	110	102108762	90402
chr11	120132849	120332849	harbor1	chr11	120138646	120138864	SINE/MIR	447	-	109	120138755	5906
chr11	120132849	120332849	harbor1	chr11	120145935	120146120	SINE/MIR	383	-	92	120146027	13178
chr11	120132849	120332849	harbor1	chr11	120146408	120146670	SINE/MIR	846	-	131	120146539	13690
chr11	120132849	120332849	harbor1	chr11	120172059	120172219	SINE/MIR	493	-	80	120172139	39290
chr11	120132849	120332849	harbor1	chr11	120177514	120177708	SINE/MIR	418	-	97	120177611	44762
chr11	120132849	120332849	harbor1	chr11	120198695	120198894	SINE/MIR	476	-	100	120198795	65946
chr11	120132849	120332849	harbor1	chr11	120201433	120201613	SINE/MIR	401	-	90	120201523	68674
chr11	120132849	120332849	harbor1	chr11	120207637	120207774	SINE/MIR	478	-	68	120207705	74856
chr11	120132849	120332849	harbor1	chr11	120221499	120221693	SINE/MIR	753	-	97	120221596	88747
chr11	5434156	5634156	harbor1	chr11	5484602	5484811	SINE/MIR	470	-	104	5484706	50550
chr11	5434156	5634156	harbor1	chr11	5519363	5519504	SINE/MIR	595	-	70	5519433	85277
chr11	5434156	5634156	harbor1	chr11	5520222	5520398	SINE/MIR	464	-	88	5520310	86154
chr11	5434156	5634156	harbor1	chr11	5528319	5528564	SINE/MIR	491	-	122	5528441	94285
chr11	6379093	6579093	harbor1	chr11	6379155	6379350	SINE/MIR	467	-	98	6379253	160
chr11	6379093	6579093	harbor1	chr11	6396644	6396846	SINE/MIR	641	-	101	6396745	17652
chr11	6379093	6579093	harbor1	chr11	6419539	6419757	SINE/MIR	561	-	109	6419648	40555
chr11	6379093	6579093	harbor1	chr11	6444691	6444815	SINE/MIR	444	-	62	6444753	65660
chr11	6379093	6579093	harbor1	chr11	6474650	6474826	SINE/MIR	404	-	88	6474738	95645
chr11	6379093	6579093	harbor1	chr11	6455207	6455378	SINE/MIR	648	-	86	6455293	76200
chr11	105646709	105846709	harbor1	chr11	105648695	105648787	SINE/MIR	401	-	46	105648741	2032
chr11	105646709	105846709	harbor1	chr11	105648880	105649023	SINE/MIR	401	-	72	105648952	2243
chr11	105646709	105846709	harbor1	chr11	105662233	105662359	SINE/MIR	427	-	63	105662296	15587
chr11	105646709	105846709	harbor1	chr11	105665253	105665458	SINE/MIR	494	-	102	105665355	18646
chr11	128114008	128314008	harbor1	chr11	128136244	128136440	SINE/MIR	428	-	98	128136342	22334
chr11	128114008	128314008	harbor1	chr11	128153271	128153476	SINE/MIR	469	-	102	128153373	39365
chr11	128114008	128314008	harbor1	chr11	128199281	128199510	SINE/MIR	540	-	114	128199395	85387
chr11	13951696	14151696	harbor1	chr11	13966994	13967190	SINE/MIR	637	-	98	13967092	15396
chr11	13951696	14151696	harbor1	chr11	13973656	13973869	SINE/MIR	386	-	106	13973762	22066
chr11	13951696	14151696	harbor1	chr11	13984110	13984298	SINE/MIR	519	-	94	13984204	32508
chr11	13951696	14151696	harbor1	chr11	13985320	13985563	SINE/MIR	820	-	122	13985442	33746
chr11	13951696	14151696	harbor1	chr11	13985622	13985782	SINE/MIR	441	-	80	13985702	34006
chr11	13951696	14151696	harbor1	chr11	14013719	14013877	SINE/MIR	431	-	79	14013798	62102
chr11	13951696	14151696	harbor1	chr11	14017488	14017673	SINE/MIR	434	-	92	14017580	65884
chr11	13951696	14151696	harbor1	chr11	14028721	14028897	SINE/MIR	388	-	88	14028809	77113
chr11	13951696	14151696	harbor1	chr11	14029814	14029992	SINE/MIR	469	-	89	14029903	78207
chr11	13951696	14151696	harbor1	chr11	14032553	14032753	SINE/MIR	665	-	100	14032653	80957
chr11	13951696	14151696	harbor1	chr11	14048995	14049185	SINE/MIR	746	-	95	14049090	97394
chr11	84048144	84248144	harbor1	chr11	84057698	84057942	SINE/MIR	942	-	122	84057820	9676
chr11	84048144	84248144	harbor1	chr11	84061319	84061562	SINE/MIR	376	-	122	84061441	13297
chr11	84048144	84248144	harbor1	chr11	84092325	84092538	SINE/MIR	568	-	106	84092431	44287
chr11	84048144	84248144	harbor1	chr11	84095259	84095466	SINE/MIR	484	-	104	84095363	47219
chr11	84048144	84248144	harbor1	chr11	84104823	84105090	SINE/MIR	399	-	134	84104957	56813
chr11	84048144	84248144	harbor1	chr11	84139514	84139762	SINE/MIR	694	-	124	84139638	91494
chr11	84048144	84248144	harbor1	chr11	84147889	84148126	SINE/MIR	476	-	118	84148007	99863
chr11	113495299	113695299	harbor1	chr11	113528317	113528506	SINE/MIR	490	-	94	113528411	33112
chr11	113495299	113695299	harbor1	chr11	113532663	113532846	SINE/MIR	566	-	92	113532755	37456
chr11	113495299	113695299	harbor1	chr11	113533946	113534209	SINE/MIR	583	-	132	113534078	38779
chr11	113495299	113695299	harbor1	chr11	113539752	113539891	SINE/MIR	434	-	70	113539822	44523
chr11	113495299	113695299	harbor1	chr11	113543175	113543378	SINE/MIR	776	-	102	113543277	47978
chr11	113495299	113695299	harbor1	chr11	113551637	113551790	SINE/MIR	615	-	76	113551713	56414
chr11	113495299	113695299	harbor1	chr11	113586229	113586460	SINE/MIR	457	-	116	113586345	91046
chr11	101296630	101496630	harbor1	chr11	101333236	101333426	SINE/MIR	421	-	95	101333331	36701
chr11	101296630	101496630	harbor1	chr11	101338332	101338475	SINE/MIR	489	-	72	101338404	41774
chr11	101296630	101496630	harbor1	chr11	101344998	101345167	SINE/MIR	494	-	84	101345082	48452
chr11	97457021	97657021	harbor1	chr11	97531226	97531471	SINE/MIR	589	-	122	97531348	74327
chr11	94548482	94748482	harbor1	chr11	94553524	94553661	SINE/MIR	472	-	68	94553592	5110
chr11	94548482	94748482	harbor1	chr11	94559076	94559280	SINE/MIR	431	-	102	94559178	10696
chr11	94548482	94748482	harbor1	chr11	94563549	94563627	SINE/MIR	650	-	39	94563588	15106
chr11	94548482	94748482	harbor1	chr11	94563841	94564008	SINE/MIR	650	-	84	94563925	15443
chr11	94548482	94748482	harbor1	chr11	94597371	94597614	SINE/MIR	963	-	122	94597493	49011
chr11	94548482	94748482	harbor1	chr11	94616062	94616293	SINE/MIR	571	-	116	94616178	67696
chr11	94548482	94748482	harbor1	chr11	94622590	94622784	SINE/MIR	465	-	97	94622687	74205
chr11	94548482	94748482	harbor1	chr11	94646849	94646902	SINE/MIR	647	-	26	94646875	98393
chr11	94548482	94748482	harbor1	chr11	94647312	94647450	SINE/MIR	680	-	69	94647381	98899
chr11	56981616	57181616	harbor1	chr11	57050505	57050670	SINE/MIR	379	-	82	57050587	68971
chr11	56981616	57181616	harbor1	chr11	57055398	57055572	SINE/MIR	376	-	87	57055485	73869
chr11	56981616	57181616	harbor1	chr11	57073166	57073299	SINE/MIR	463	-	66	57073232	91616
chr11	56981616	57181616	harbor1	chr11	57074177	57074395	SINE/MIR	456	-	109	57074286	92670
chr11	131816292	132016292	harbor1	chr11	131833312	131833506	SINE/MIR	688	-	97	131833409	17117
chr11	131816292	132016292	harbor1	chr11	131834651	131834832	SINE/MIR	547	-	90	131834741	18449
chr11	131816292	132016292	harbor1	chr11	131865138	131865273	SINE/MIR	514	-	68	131865206	48914
chr11	131816292	132016292	harbor1	chr11	131883979	131884127	SINE/MIR	585	-	74	131884053	67761
chr11	131816292	132016292	harbor1	chr11	131884440	131884550	SINE/MIR	585	-	55	131884495	68203
chr11	131816292	132016292	harbor1	chr11	131886869	131886978	SINE/MIR	396	-	54	131886923	70631
chr11	131816292	132016292	harbor1	chr11	131887861	131888024	SINE/MIR	467	-	82	131887943	71651
chr11	131816292	132016292	harbor1	chr11	131901053	131901310	SINE/MIR	647	-	128	131901181	84889
chr11	131816292	132016292	harbor1	chr11	131905101	131905299	SINE/MIR	416	-	99	131905200	88908
chr11	131816292	132016292	harbor1	chr11	131914796	131915022	SINE/MIR	587	-	113	131914909	98617
chr11	17578760	17778760	harbor1	chr11	17579325	17579510	SINE/MIR	532	-	92	17579417	657
chr11	17578760	17778760	harbor1	chr11	17591852	17592092	SINE/MIR	641	-	120	17591972	13212
chr11	17578760	17778760	harbor1	chr11	17597088	17597314	SINE/MIR	674	-	113	17597201	18441
chr11	17578760	17778760	harbor1	chr11	17603911	17604160	SINE/MIR	994	-	124	17604035	25275
chr11	17578760	17778760	harbor1	chr11	17629583	17629757	SINE/MIR	454	-	87	17629670	50910
chr11	17578760	17778760	harbor1	chr11	17640113	17640333	SINE/MIR	657	-	110	17640223	61463
chr11	17578760	17778760	harbor1	chr11	17652342	17652495	SINE/MIR	432	-	76	17652418	73658
chr11	102325619	102525619	harbor1	chr11	102376755	102376971	SINE/MIR	660	-	108	102376863	51244
chr11	102325619	102525619	harbor1	chr11	102394697	102394890	SINE/MIR	821	-	96	102394793	69174
chr11	102325619	102525619	harbor1	chr11	102420435	102420652	SINE/MIR	942	-	108	102420543	94924
chr11	102325619	102525619	harbor1	chr11	102421778	102422014	SINE/MIR	423	-	118	102421896	96277
chr11	123171173	123371173	harbor1	chr11	123187015	123187227	SINE/MIR	589	-	106	123187121	15948
chr11	123171173	123371173	harbor1	chr11	123190410	123190599	SINE/MIR	441	-	94	123190504	19331
chr11	123171173	123371173	harbor1	chr11	123201971	123202161	SINE/MIR	526	-	95	123202066	30893
chr11	123171173	123371173	harbor1	chr11	123202492	123202652	SINE/MIR	417	-	80	123202572	31399
chr11	123171173	123371173	harbor1	chr11	123212484	123212655	SINE/MIR	505	-	86	123212570	41397
chr11	123171173	123371173	harbor1	chr11	123220466	123220673	SINE/MIR	472	-	104	123220570	49397
chr11	123171173	123371173	harbor1	chr11	123228180	123228384	SINE/MIR	519	-	102	123228282	57109
chr11	64261501	64461501	harbor1	chr11	64275857	64276056	SINE/MIR	881	-	100	64275957	14456
chr11	64261501	64461501	harbor1	chr11	64278437	64278661	SINE/MIR	870	-	112	64278549	17048
chr11	64261501	64461501	harbor1	chr11	64283934	64284119	SINE/MIR	387	-	92	64284026	22525
chr11	64261501	64461501	harbor1	chr11	64287330	64287539	SINE/MIR	502	-	104	64287434	25933
chr11	64261501	64461501	harbor1	chr11	64296446	64296609	SINE/MIR	528	-	82	64296528	35027
chr11	64261501	64461501	harbor1	chr11	64302167	64302268	SINE/MIR	374	-	50	64302217	40716
chr11	64261501	64461501	harbor1	chr11	64302863	64302887	SINE/MIR	374	-	12	64302875	41374
chr11	64261501	64461501	harbor1	chr11	64303199	64303353	SINE/MIR	374	-	77	64303276	41775
chr11	64261501	64461501	harbor1	chr11	64309957	64310164	SINE/MIR	601	-	104	64310061	48560
chr11	64261501	64461501	harbor1	chr11	64311018	64311200	SINE/MIR	516	-	91	64311109	49608
chr11	64261501	64461501	harbor1	chr11	64354414	64354596	SINE/MIR	375	-	91	64354505	93004
chr11	64261501	64461501	harbor1	chr11	64290665	64290877	SINE/MIR	386	-	106	64290771	29270
chr11	96721950	96921950	harbor1	chr11	96784048	96784189	SINE/MIR	429	-	70	96784118	62168
chr11	13766004	13966004	harbor1	chr11	13773288	13773540	SINE/MIR	610	-	126	13773414	7410
chr11	13766004	13966004	harbor1	chr11	13782191	13782366	SINE/MIR	469	-	88	13782279	16275
chr11	13766004	13966004	harbor1	chr11	13788005	13788124	SINE/MIR	511	-	60	13788065	22061
chr11	13766004	13966004	harbor1	chr11	13788163	13788369	SINE/MIR	438	-	103	13788266	22262
chr11	13766004	13966004	harbor1	chr11	13851625	13851750	SINE/MIR	395	-	62	13851687	85683
chr11	121832507	122032507	harbor1	chr11	121832372	121832601	SINE/MIR	622	-	114	121832486	21
chr11	121832507	122032507	harbor1	chr11	121845629	121845846	SINE/MIR	682	-	108	121845737	13230
chr11	121832507	122032507	harbor1	chr11	121867333	121867383	SINE/MIR	824	-	25	121867358	34851
chr11	121832507	122032507	harbor1	chr11	121867698	121867871	SINE/MIR	824	-	86	121867784	35277
chr11	121832507	122032507	harbor1	chr11	121871958	121872089	SINE/MIR	516	-	66	121872024	39517
chr11	121832507	122032507	harbor1	chr11	121876591	121876734	SINE/MIR	439	-	72	121876663	44156
chr11	121832507	122032507	harbor1	chr11	121891445	121891653	SINE/MIR	837	-	104	121891549	59042
chr11	41175039	41375039	harbor1	chr11	41202450	41202665	SINE/MIR	416	-	108	41202558	27519
chr11	41175039	41375039	harbor1	chr11	41220157	41220335	SINE/MIR	551	-	89	41220246	45207
chr11	41175039	41375039	harbor1	chr11	41234733	41234918	SINE/MIR	479	-	92	41234825	59786
chr11	41175039	41375039	harbor1	chr11	41271869	41272057	SINE/MIR	383	-	94	41271963	96924
chr11	41175039	41375039	harbor1	chr11	41205703	41205940	SINE/MIR	631	-	118	41205821	30782
chr11	41175039	41375039	harbor1	chr11	41238400	41238545	SINE/MIR	375	-	72	41238472	63433
chr11	19303881	19503881	harbor1	chr11	19309336	19309530	SINE/MIR	635	-	97	19309433	5552
chr11	19303881	19503881	harbor1	chr11	19311781	19312005	SINE/MIR	388	-	112	19311893	8012
chr11	19303881	19503881	harbor1	chr11	19331791	19332026	SINE/MIR	533	-	118	19331909	28028
chr11	19303881	19503881	harbor1	chr11	19343374	19343591	SINE/MIR	479	-	108	19343482	39601
chr11	19303881	19503881	harbor1	chr11	19348754	19348884	SINE/MIR	510	-	65	19348819	44938
chr11	19303881	19503881	harbor1	chr11	19362100	19362289	SINE/MIR	614	-	94	19362194	58313
chr11	19303881	19503881	harbor1	chr11	19362959	19362985	SINE/MIR	415	-	13	19362972	59091
chr11	19303881	19503881	harbor1	chr11	19363407	19363528	SINE/MIR	415	-	60	19363467	59586
chr11	19303881	19503881	harbor1	chr11	19371142	19371290	SINE/MIR	479	-	74	19371216	67335
chr11	19303881	19503881	harbor1	chr11	19376339	19376569	SINE/MIR	534	-	115	19376454	72573
chr11	19303881	19503881	harbor1	chr11	19382649	19382903	SINE/MIR	1012	-	127	19382776	78895
chr11	19303881	19503881	harbor1	chr11	19388763	19388982	SINE/MIR	637	-	110	19388873	84992
chr11	19303881	19503881	harbor1	chr11	19399619	19399826	SINE/MIR	530	-	104	19399723	95842
chr11	87812296	88012296	harbor1	chr11	87818331	87818574	SINE/MIR	690	-	122	87818453	6157
chr11	87812296	88012296	harbor1	chr11	87826588	87826768	SINE/MIR	508	-	90	87826678	14382
chr11	87812296	88012296	harbor1	chr11	87830507	87830632	SINE/MIR	388	-	62	87830569	18273
chr11	87812296	88012296	harbor1	chr11	87833555	87833775	SINE/MIR	834	-	110	87833665	21369
chr11	87812296	88012296	harbor1	chr11	87834890	87835027	SINE/MIR	388	-	68	87834958	22662
chr11	87812296	88012296	harbor1	chr11	87838804	87839025	SINE/MIR	633	-	110	87838914	26618
chr11	87812296	88012296	harbor1	chr11	87864555	87864733	SINE/MIR	468	-	89	87864644	52348
chr11	87812296	88012296	harbor1	chr11	87867697	87867951	SINE/MIR	685	-	127	87867824	55528
chr11	87812296	88012296	harbor1	chr11	87869223	87869472	SINE/MIR	654	-	124	87869347	57051
chr11	87812296	88012296	harbor1	chr11	87877950	87878149	SINE/MIR	419	-	100	87878050	65754
chr11	87812296	88012296	harbor1	chr11	87887059	87887256	SINE/MIR	415	-	98	87887157	74861
chr11	87812296	88012296	harbor1	chr11	87889524	87889765	SINE/MIR	581	-	120	87889644	77348
chr11	28677570	28877570	harbor1	chr11	28680733	28680927	SINE/MIR	465	-	97	28680830	3260
chr11	28677570	28877570	harbor1	chr11	28695398	28695481	SINE/MIR	467	-	42	28695440	17870
chr11	28677570	28877570	harbor1	chr11	28695560	28695631	SINE/MIR	467	-	36	28695596	18026
chr11	28677570	28877570	harbor1	chr11	28708890	28709065	SINE/MIR	443	-	88	28708978	31408
chr11	28677570	28877570	harbor1	chr11	28717037	28717205	SINE/MIR	386	-	84	28717121	39551
chr11	28677570	28877570	harbor1	chr11	28723783	28723977	SINE/MIR	668	-	97	28723880	46310
chr11	28677570	28877570	harbor1	chr11	28724183	28724341	SINE/MIR	493	-	79	28724262	46692
chr11	28677570	28877570	harbor1	chr11	28725518	28725746	SINE/MIR	484	-	114	28725632	48062
chr11	28677570	28877570	harbor1	chr11	28738319	28738504	SINE/MIR	500	-	92	28738411	60841
chr11	84432990	84632990	harbor1	chr11	84450027	84450170	SINE/MIR	398	-	72	84450099	17109
chr11	84432990	84632990	harbor1	chr11	84453596	84453814	SINE/MIR	484	-	109	84453705	20715
chr11	84432990	84632990	harbor1	chr11	84458854	84459082	SINE/MIR	841	-	114	84458968	25978
chr11	84432990	84632990	harbor1	chr11	84461164	84461396	SINE/MIR	385	-	116	84461280	28290
chr11	84432990	84632990	harbor1	chr11	84472996	84473184	SINE/MIR	446	-	94	84473090	40100
chr11	84432990	84632990	harbor1	chr11	84476122	84476226	SINE/MIR	399	-	52	84476174	43184
chr11	84432990	84632990	harbor1	chr11	84477899	84478109	SINE/MIR	738	-	105	84478004	45014
chr11	84432990	84632990	harbor1	chr11	84484924	84485125	SINE/MIR	441	-	100	84485024	52034
chr11	84432990	84632990	harbor1	chr11	84505273	84505510	SINE/MIR	473	-	118	84505391	72401
chr11	84432990	84632990	harbor1	chr11	84511914	84512084	SINE/MIR	402	-	85	84511999	79009
chr11	84432990	84632990	harbor1	chr11	84523205	84523437	SINE/MIR	519	-	116	84523321	90331
chr11	95769645	95969645	harbor1	chr11	95777959	95778197	SINE/MIR	527	-	119	95778078	8433
chr11	95769645	95969645	harbor1	chr11	95793616	95793786	SINE/MIR	652	-	85	95793701	24056
chr11	95769645	95969645	harbor1	chr11	95830074	95830326	SINE/MIR	448	-	126	95830200	60555
chr11	95769645	95969645	harbor1	chr11	95849414	95849620	SINE/MIR	557	-	103	95849517	79872
chr11	95769645	95969645	harbor1	chr11	95852119	95852284	SINE/MIR	388	-	82	95852201	82556
chr11	95769645	95969645	harbor1	chr11	95865860	95866090	SINE/MIR	397	-	115	95865975	96330
chr11	78537505	78737505	harbor1	chr11	78559814	78559978	SINE/MIR	685	-	82	78559896	22391
chr11	78537505	78737505	harbor1	chr11	78572242	78572474	SINE/MIR	467	-	116	78572358	34853
chr11	78537505	78737505	harbor1	chr11	78575758	78575915	SINE/MIR	585	-	78	78575836	38331
chr11	78537505	78737505	harbor1	chr11	78585921	78586074	SINE/MIR	635	-	76	78585997	48492
chr11	78537505	78737505	harbor1	chr11	78606230	78606280	SINE/MIR	426	-	25	78606255	68750
chr11	78537505	78737505	harbor1	chr11	78606597	78606774	SINE/MIR	530	-	88	78606685	69180
chr11	16886980	17086980	harbor1	chr11	16893111	16893297	SINE/MIR	384	-	93	16893204	6224
chr11	16886980	17086980	harbor1	chr11	16894893	16895068	SINE/MIR	888	-	88	16894981	8001
chr11	16886980	17086980	harbor1	chr11	16899670	16899866	SINE/MIR	496	-	98	16899768	12788
chr11	16886980	17086980	harbor1	chr11	16910148	16910387	SINE/MIR	422	-	120	16910268	23288
chr11	16886980	17086980	harbor1	chr11	16914749	16914909	SINE/MIR	429	-	80	16914829	27849
chr11	16886980	17086980	harbor1	chr11	16915206	16915331	SINE/MIR	391	-	62	16915268	28288
chr11	16886980	17086980	harbor1	chr11	16921792	16921912	SINE/MIR	429	-	60	16921852	34872
chr11	16886980	17086980	harbor1	chr11	16922279	16922452	SINE/MIR	551	-	86	16922365	35385
chr11	16886980	17086980	harbor1	chr11	16933102	16933327	SINE/MIR	864	-	112	16933214	46234
chr11	16886980	17086980	harbor1	chr11	16941543	16941765	SINE/MIR	725	-	111	16941654	54674
chr11	16886980	17086980	harbor1	chr11	16942014	16942229	SINE/MIR	721	-	108	16942122	55142
chr11	16886980	17086980	harbor1	chr11	16951042	16951236	SINE/MIR	588	-	97	16951139	64159
chr11	16886980	17086980	harbor1	chr11	16951388	16951611	SINE/MIR	429	-	112	16951500	64520
chr11	16886980	17086980	harbor1	chr11	16979422	16979533	SINE/MIR	405	-	56	16979478	92498
chr11	16886980	17086980	harbor1	chr11	16981220	16981427	SINE/MIR	815	-	104	16981324	94344
chr11	16886980	17086980	harbor1	chr11	16984843	16984976	SINE/MIR	570	-	66	16984909	97929
chr11	35168072	35368072	harbor1	chr11	35170073	35170256	SINE/MIR	557	-	92	35170165	2093
chr11	35168072	35368072	harbor1	chr11	35189457	35189647	SINE/MIR	431	-	95	35189552	21480
chr11	35168072	35368072	harbor1	chr11	35215938	35216100	SINE/MIR	643	-	81	35216019	47947
chr11	35168072	35368072	harbor1	chr11	35218885	35219080	SINE/MIR	383	-	98	35218983	50911
chr11	35168072	35368072	harbor1	chr11	35226733	35226872	SINE/MIR	466	-	70	35226803	58731
chr11	35168072	35368072	harbor1	chr11	35227486	35227530	SINE/MIR	446	-	22	35227508	59436
chr11	35168072	35368072	harbor1	chr11	35238958	35239141	SINE/MIR	437	-	92	35239050	70978
chr11	35168072	35368072	harbor1	chr11	35246471	35246668	SINE/MIR	488	-	98	35246569	78497
chr11	35168072	35368072	harbor1	chr11	35256050	35256221	SINE/MIR	458	-	86	35256136	88064
chr11	57079994	57279994	harbor1	chr11	57098691	57098922	SINE/MIR	484	-	116	57098807	18813
chr11	57079994	57279994	harbor1	chr11	57099013	57099043	SINE/MIR	502	-	15	57099028	19034
chr11	57079994	57279994	harbor1	chr11	57099138	57099311	SINE/MIR	547	-	86	57099224	19230
chr11	57079994	57279994	harbor1	chr11	57116495	57116685	SINE/MIR	489	-	95	57116590	36596
chr11	57079994	57279994	harbor1	chr11	57124686	57124850	SINE/MIR	447	-	82	57124768	44774
chr11	57079994	57279994	harbor1	chr11	57129248	57129469	SINE/MIR	437	-	110	57129358	49364
chr11	57079994	57279994	harbor1	chr11	57142889	57143071	SINE/MIR	656	-	91	57142980	62986
chr11	57079994	57279994	harbor1	chr11	57143227	57143419	SINE/MIR	518	-	96	57143323	63329
chr11	57079994	57279994	harbor1	chr11	57149524	57149702	SINE/MIR	505	-	89	57149613	69619
chr11	57079994	57279994	harbor1	chr11	57152907	57153139	SINE/MIR	629	-	116	57153023	73029
chr11	57079994	57279994	harbor1	chr11	57173780	57174003	SINE/MIR	649	-	112	57173892	93898
chr11	72763215	72963215	harbor1	chr11	72763812	72764004	SINE/MIR	487	-	96	72763908	693
chr11	72763215	72963215	harbor1	chr11	72767327	72767515	SINE/MIR	448	-	94	72767421	4206
chr11	72763215	72963215	harbor1	chr11	72790994	72791280	SINE/MIR	431	-	143	72791137	27922
chr11	68873156	69073156	harbor1	chr11	68889607	68889826	SINE/MIR	446	-	110	68889717	16561
chr11	68873156	69073156	harbor1	chr11	68899820	68899944	SINE/MIR	494	-	62	68899882	26726
chr11	68873156	69073156	harbor1	chr11	68904724	68904786	SINE/MIR	434	-	31	68904755	31599
chr11	68873156	69073156	harbor1	chr11	68905096	68905237	SINE/MIR	434	-	70	68905166	32010
chr11	68873156	69073156	harbor1	chr11	68912647	68912758	SINE/MIR	413	-	56	68912703	39547
chr11	68873156	69073156	harbor1	chr11	68913069	68913151	SINE/MIR	413	-	41	68913110	39954
chr11	106662535	106862535	harbor1	chr11	106704266	106704471	SINE/MIR	455	-	102	106704368	41833
chr11	106662535	106862535	harbor1	chr11	106739429	106739595	SINE/MIR	377	-	83	106739512	76977
chr11	126366724	126566724	harbor1	chr11	126384975	126385146	SINE/MIR	415	-	86	126385061	18337
chr11	126366724	126566724	harbor1	chr11	126460306	126460528	SINE/MIR	660	-	111	126460417	93693
chr11	126366724	126566724	harbor1	chr11	126463840	126463994	SINE/MIR	378	-	77	126463917	97193
chr11	48211786	48411786	harbor1	chr11	48211825	48212035	SINE/MIR	437	-	105	48211930	144
chr11	48211786	48411786	harbor1	chr11	48224157	48224347	SINE/MIR	394	-	95	48224252	12466
chr11	48211786	48411786	harbor1	chr11	48262579	48262670	SINE/MIR	415	-	46	48262625	50839
chr11	48211786	48411786	harbor1	chr11	48266175	48266362	SINE/MIR	519	-	94	48266269	54483
chr11	48211786	48411786	harbor1	chr11	48271209	48271339	SINE/MIR	442	-	65	48271274	59488
chr11	18246976	18446976	harbor1	chr11	18277520	18277732	SINE/MIR	587	-	106	18277626	30650
chr11	18246976	18446976	harbor1	chr11	18301704	18301930	SINE/MIR	464	-	113	18301817	54841
chr11	18246976	18446976	harbor1	chr11	18340622	18340850	SINE/MIR	936	-	114	18340736	93760
chr11	40033670	40233670	harbor1	chr11	40088158	40088384	SINE/MIR	438	-	113	40088271	54601
chr11	128488820	128688820	harbor1	chr11	128495011	128495259	SINE/MIR	542	-	124	128495135	6315
chr11	128488820	128688820	harbor1	chr11	128499333	128499576	SINE/MIR	499	-	122	128499455	10635
chr11	128488820	128688820	harbor1	chr11	128508261	128508493	SINE/MIR	550	-	116	128508377	19557
chr11	128488820	128688820	harbor1	chr11	128513287	128513469	SINE/MIR	569	-	91	128513378	24558
chr11	128488820	128688820	harbor1	chr11	128518412	128518633	SINE/MIR	1048	-	110	128518522	29702
chr11	128488820	128688820	harbor1	chr11	128548353	128548484	SINE/MIR	539	-	66	128548419	59599
chr11	128488820	128688820	harbor1	chr11	128552143	128552262	SINE/MIR	405	-	60	128552203	63383
chr11	128488820	128688820	harbor1	chr11	128560425	128560610	SINE/MIR	724	-	92	128560517	71697
chr11	128488820	128688820	harbor1	chr11	128566356	128566501	SINE/MIR	666	-	72	128566428	77608
chr11	128488820	128688820	harbor1	chr11	128566799	128566866	SINE/MIR	666	-	34	128566833	78013
chr11	109271394	109471394	harbor1	chr11	109301763	109301993	SINE/MIR	787	-	115	109301878	30484
chr11	109271394	109471394	harbor1	chr11	109313206	109313363	SINE/MIR	601	-	78	109313284	41890
chr11	109271394	109471394	harbor1	chr11	109347529	109347661	SINE/MIR	395	-	66	109347595	76201
chr11	109271394	109471394	harbor1	chr11	109356400	109356584	SINE/MIR	584	-	92	109356492	85098
chr11	109271394	109471394	harbor1	chr11	109362652	109362885	SINE/MIR	378	-	116	109362768	91374
chr11	109271394	109471394	harbor1	chr11	109370573	109370803	SINE/MIR	710	-	115	109370688	99294
chr11	34135549	34335549	harbor1	chr11	34143844	34144026	SINE/MIR	395	-	91	34143935	8386
chr11	34135549	34335549	harbor1	chr11	34169368	34169590	SINE/MIR	451	-	111	34169479	33930
chr11	34135549	34335549	harbor1	chr11	34182756	34182989	SINE/MIR	833	-	116	34182872	47323
chr11	34135549	34335549	harbor1	chr11	34185457	34185618	SINE/MIR	423	-	80	34185537	49988
chr11	34135549	34335549	harbor1	chr11	34188006	34188247	SINE/MIR	484	-	120	34188126	52577
chr11	34135549	34335549	harbor1	chr11	34189847	34189956	SINE/MIR	628	-	54	34189901	54352
chr11	34135549	34335549	harbor1	chr11	34190238	34190402	SINE/MIR	628	-	82	34190320	54771
chr11	34135549	34335549	harbor1	chr11	34190883	34191054	SINE/MIR	588	-	86	34190969	55420
chr11	34135549	34335549	harbor1	chr11	34200666	34200827	SINE/MIR	490	-	80	34200746	65197
chr11	34135549	34335549	harbor1	chr11	34206011	34206077	SINE/MIR	463	-	33	34206044	70495
chr11	34135549	34335549	harbor1	chr11	34206407	34206554	SINE/MIR	463	-	74	34206481	70932
chr11	34135549	34335549	harbor1	chr11	34207572	34207758	SINE/MIR	574	-	93	34207665	72116
chr11	34135549	34335549	harbor1	chr11	34212396	34212616	SINE/MIR	553	-	110	34212506	76957
chr11	125561816	125761816	harbor1	chr11	125577726	125577880	SINE/MIR	374	-	77	125577803	15987
chr11	125561816	125761816	harbor1	chr11	125597806	125597933	SINE/MIR	487	-	64	125597870	36054
chr11	125561816	125761816	harbor1	chr11	125598239	125598354	SINE/MIR	487	-	58	125598297	36481
chr11	125561816	125761816	harbor1	chr11	125605357	125605587	SINE/MIR	709	-	115	125605472	43656
chr11	125561816	125761816	harbor1	chr11	125617196	125617440	SINE/MIR	1170	-	122	125617318	55502
chr11	125561816	125761816	harbor1	chr11	125618619	125618744	SINE/MIR	725	-	62	125618681	56865
chr11	125561816	125761816	harbor1	chr11	125619360	125619499	SINE/MIR	725	-	70	125619430	57614
chr11	114646701	114846701	harbor1	chr11	114702506	114702770	SINE/MIR	679	-	132	114702638	55937
chr11	114646701	114846701	harbor1	chr11	114721642	114721874	SINE/MIR	643	-	116	114721758	75057
chr11	114646701	114846701	harbor1	chr11	114724096	114724260	SINE/MIR	422	-	82	114724178	77477
chr11	114646701	114846701	harbor1	chr11	114737482	114737692	SINE/MIR	501	-	105	114737587	90886
chr11	74398236	74598236	harbor1	chr11	74435944	74436180	SINE/MIR	706	-	118	74436062	37826
chr11	74398236	74598236	harbor1	chr11	74438595	74438726	SINE/MIR	407	-	66	74438661	40425
chr11	74398236	74598236	harbor1	chr11	74442468	74442688	SINE/MIR	476	-	110	74442578	44342
chr11	74398236	74598236	harbor1	chr11	74447680	74447881	SINE/MIR	535	-	100	74447780	49544
chr11	74398236	74598236	harbor1	chr11	74455499	74455634	SINE/MIR	374	-	68	74455567	57331
chr11	74398236	74598236	harbor1	chr11	74458277	74458472	SINE/MIR	469	-	98	74458375	60139
chr11	74398236	74598236	harbor1	chr11	74463639	74463828	SINE/MIR	682	-	94	74463733	65497
chr11	74398236	74598236	harbor1	chr11	74464520	74464722	SINE/MIR	550	-	101	74464621	66385
chr11	37450447	37650447	harbor1	chr11	37459091	37459302	SINE/MIR	559	-	106	37459197	8750
chr11	37450447	37650447	harbor1	chr11	37536547	37536732	SINE/MIR	374	-	92	37536639	86192
chr11	37450447	37650447	harbor1	chr11	37547790	37547942	SINE/MIR	389	-	76	37547866	97419
chr11	37450447	37650447	harbor1	chr11	37549970	37550206	SINE/MIR	835	-	118	37550088	99641
chr11	119617540	119817540	harbor1	chr11	119623877	119623991	SINE/MIR	466	-	57	119623934	6394
chr11	119617540	119817540	harbor1	chr11	119626117	119626357	SINE/MIR	506	-	120	119626237	8697
chr11	119617540	119817540	harbor1	chr11	119643297	119643474	SINE/MIR	497	-	88	119643385	25845
chr11	119617540	119817540	harbor1	chr11	119646511	119646738	SINE/MIR	431	-	114	119646625	29085
chr11	119617540	119817540	harbor1	chr11	119651883	119652048	SINE/MIR	395	-	82	119651965	34425
chr11	119617540	119817540	harbor1	chr11	119653738	119654025	SINE/MIR	374	-	144	119653882	36342
chr11	119617540	119817540	harbor1	chr11	119673504	119673666	SINE/MIR	502	-	81	119673585	56045
chr11	119617540	119817540	harbor1	chr11	119675451	119675659	SINE/MIR	392	-	104	119675555	58015
chr11	119617540	119817540	harbor1	chr11	119692613	119692835	SINE/MIR	703	-	111	119692724	75184
chr11	119617540	119817540	harbor1	chr11	119697542	119697770	SINE/MIR	486	-	114	119697656	80116
chr11	119617540	119817540	harbor1	chr11	119699682	119699868	SINE/MIR	435	-	93	119699775	82235
chr11	90314172	90514172	harbor1	chr11	90350189	90350344	SINE/MIR	490	-	78	90350267	36095
chr11	90314172	90514172	harbor1	chr11	90366893	90367080	SINE/MIR	499	-	94	90366987	52815
chr11	90314172	90514172	harbor1	chr11	90388246	90388499	SINE/MIR	811	-	126	90388372	74200
chr11	88698243	88898243	harbor1	chr11	88705889	88706132	SINE/MIR	792	-	122	88706011	7768
chr11	88698243	88898243	harbor1	chr11	88716606	88716745	SINE/MIR	427	-	70	88716676	18433
chr11	88698243	88898243	harbor1	chr11	88717360	88717576	SINE/MIR	386	-	108	88717468	19225
chr11	88698243	88898243	harbor1	chr11	88740463	88740664	SINE/MIR	771	-	100	88740563	42320
chr11	88698243	88898243	harbor1	chr11	88742215	88742322	SINE/MIR	416	-	54	88742269	44026
chr11	88698243	88898243	harbor1	chr11	88778951	88779198	SINE/MIR	504	-	124	88779075	80832
chr11	88698243	88898243	harbor1	chr11	88782842	88783074	SINE/MIR	595	-	116	88782958	84715
chr11	88698243	88898243	harbor1	chr11	88795630	88795793	SINE/MIR	433	-	82	88795712	97469
chr11	134654003	134854003	harbor1	chr11	134665963	134666200	SINE/MIR	395	-	118	134666081	12078
chr11	134654003	134854003	harbor1	chr11	134705056	134705288	SINE/MIR	671	-	116	134705172	51169
chr11	98385961	98585961	harbor1	chr11	98387993	98388098	SINE/MIR	386	-	52	98388045	2084
chr11	98385961	98585961	harbor1	chr11	98414737	98414953	SINE/MIR	819	-	108	98414845	28884
chr11	114266400	114466400	harbor1	chr11	114268991	114269185	SINE/MIR	676	-	97	114269088	2688
chr11	114266400	114466400	harbor1	chr11	114326672	114326867	SINE/MIR	452	-	98	114326770	60370
chr11	18988272	19188272	harbor1	chr11	19016017	19016245	SINE/MIR	499	-	114	19016131	27859
chr11	18988272	19188272	harbor1	chr11	19056470	19056650	SINE/MIR	459	-	90	19056560	68288
chr11	18988272	19188272	harbor1	chr11	19057741	19057935	SINE/MIR	622	-	97	19057838	69566
chr11	18988272	19188272	harbor1	chr11	19074693	19074858	SINE/MIR	839	-	82	19074775	86503
chr11	18988272	19188272	harbor1	chr11	19079212	19079369	SINE/MIR	446	-	78	19079290	91018
chr11	18988272	19188272	harbor1	chr11	19080198	19080403	SINE/MIR	388	-	102	19080300	92028
chr11	18988272	19188272	harbor1	chr11	19080912	19081114	SINE/MIR	525	-	101	19081013	92741
chr11	80386549	80586549	harbor1	chr11	80400426	80400608	SINE/MIR	379	-	91	80400517	13968
chr11	80386549	80586549	harbor1	chr11	80427374	80427541	SINE/MIR	397	-	84	80427458	40909
chr11	80386549	80586549	harbor1	chr11	80437149	80437384	SINE/MIR	872	-	118	80437267	50718
chr11	80386549	80586549	harbor1	chr11	80443457	80443656	SINE/MIR	484	-	100	80443557	57008
chr11	80386549	80586549	harbor1	chr11	80471416	80471566	SINE/MIR	382	-	75	80471491	84942
chr11	80386549	80586549	harbor1	chr11	80474263	80474486	SINE/MIR	393	-	112	80474375	87826
chr11	80386549	80586549	harbor1	chr11	80477401	80477606	SINE/MIR	548	-	102	80477503	90954
chr11	33538382	33738382	harbor1	chr11	33552714	33552891	SINE/MIR	558	-	88	33552802	14420
chr11	33538382	33738382	harbor1	chr11	33560171	33560363	SINE/MIR	561	-	96	33560267	21885
chr11	33538382	33738382	harbor1	chr11	33565340	33565580	SINE/MIR	407	-	120	33565460	27078
chr11	33538382	33738382	harbor1	chr11	33575538	33575653	SINE/MIR	374	-	58	33575596	37214
chr11	33538382	33738382	harbor1	chr11	33583122	33583245	SINE/MIR	466	-	62	33583184	44802
chr11	33538382	33738382	harbor1	chr11	33583699	33583794	SINE/MIR	393	-	48	33583747	45365
chr11	33538382	33738382	harbor1	chr11	33584572	33584815	SINE/MIR	379	-	122	33584694	46312
chr11	33538382	33738382	harbor1	chr11	33590055	33590377	SINE/MIR	633	-	161	33590216	51834
chr11	33538382	33738382	harbor1	chr11	33607920	33608054	SINE/MIR	383	-	67	33607987	69605
chr11	33538382	33738382	harbor1	chr11	33620497	33620666	SINE/MIR	450	-	84	33620581	82199
chr11	63605429	63805429	harbor1	chr11	63609986	63610124	SINE/MIR	437	-	69	63610055	4626
chr11	78826365	79026365	harbor1	chr11	78830952	78831119	SINE/MIR	572	-	84	78831036	4671
chr11	78826365	79026365	harbor1	chr11	78832606	78832823	SINE/MIR	499	-	108	78832714	6349
chr11	78826365	79026365	harbor1	chr11	78841062	78841315	SINE/MIR	969	-	126	78841188	14823
chr11	78826365	79026365	harbor1	chr11	78845369	78845490	SINE/MIR	381	-	60	78845429	19064
chr11	78826365	79026365	harbor1	chr11	78850723	78850936	SINE/MIR	526	-	106	78850829	24464
chr11	78826365	79026365	harbor1	chr11	78855475	78855700	SINE/MIR	740	-	112	78855587	29222
chr11	78826365	79026365	harbor1	chr11	78860294	78860451	SINE/MIR	421	-	78	78860372	34007
chr11	78826365	79026365	harbor1	chr11	78861264	78861451	SINE/MIR	480	-	94	78861358	34993
chr11	78826365	79026365	harbor1	chr11	78862428	78862582	SINE/MIR	471	-	77	78862505	36140
chr11	78826365	79026365	harbor1	chr11	78865130	78865347	SINE/MIR	742	-	108	78865238	38873
chr11	78826365	79026365	harbor1	chr11	78869538	78869777	SINE/MIR	445	-	120	78869658	43293
chr11	78826365	79026365	harbor1	chr11	78873334	78873575	SINE/MIR	728	-	120	78873454	47089
chr11	78826365	79026365	harbor1	chr11	78883258	78883450	SINE/MIR	469	-	96	78883354	56989
chr11	78826365	79026365	harbor1	chr11	78884043	78884285	SINE/MIR	865	-	121	78884164	57799
chr11	78826365	79026365	harbor1	chr11	78886501	78886707	SINE/MIR	394	-	103	78886604	60239
chr11	78826365	79026365	harbor1	chr11	78891590	78891814	SINE/MIR	726	-	112	78891702	65337
chr11	78826365	79026365	harbor1	chr11	78892648	78892908	SINE/MIR	629	-	130	78892778	66413
chr11	78826365	79026365	harbor1	chr11	78895414	78895530	SINE/MIR	535	-	58	78895472	69107
chr11	78826365	79026365	harbor1	chr11	78895715	78895856	SINE/MIR	503	-	70	78895785	69420
chr11	78826365	79026365	harbor1	chr11	78900558	78900797	SINE/MIR	703	-	120	78900678	74313
chr11	78826365	79026365	harbor1	chr11	78902884	78903110	SINE/MIR	398	-	113	78902997	76632
chr11	78826365	79026365	harbor1	chr11	78904554	78904691	SINE/MIR	572	-	68	78904622	78257
chr11	78826365	79026365	harbor1	chr11	78906151	78906275	SINE/MIR	439	-	62	78906213	79848
chr11	78826365	79026365	harbor1	chr11	78909270	78909502	SINE/MIR	1000	-	116	78909386	83021
chr11	78826365	79026365	harbor1	chr11	78917985	78918123	SINE/MIR	460	-	69	78918054	91689
chr11	78826365	79026365	harbor1	chr11	78919147	78919328	SINE/MIR	683	-	90	78919237	92872
chr11	78826365	79026365	harbor1	chr11	78920916	78921125	SINE/MIR	528	-	104	78921020	94655
chr11	36630898	36830898	harbor1	chr11	36690608	36690774	SINE/MIR	627	-	83	36690691	59793
chr11	36630898	36830898	harbor1	chr11	36691584	36691816	SINE/MIR	935	-	116	36691700	60802
chr11	36630898	36830898	harbor1	chr11	36693541	36693714	SINE/MIR	458	-	86	36693627	62729
chr11	36630898	36830898	harbor1	chr11	36701662	36701888	SINE/MIR	538	-	113	36701775	70877
chr11	36630898	36830898	harbor1	chr11	36710208	36710385	SINE/MIR	558	-	88	36710296	79398
chr11	37489073	37689073	harbor1	chr11	37536547	37536732	SINE/MIR	374	-	92	37536639	47566
chr11	37489073	37689073	harbor1	chr11	37547790	37547942	SINE/MIR	389	-	76	37547866	58793
chr11	37489073	37689073	harbor1	chr11	37549970	37550206	SINE/MIR	835	-	118	37550088	61015
chr11	124945047	125145047	harbor1	chr11	124993824	124993962	SINE/MIR	447	-	69	124993893	48846
chr11	124945047	125145047	harbor1	chr11	125019302	125019528	SINE/MIR	832	-	113	125019415	74368
chr11	98620187	98820187	harbor1	chr11	98660181	98660324	SINE/MIR	415	-	72	98660253	40066
chr11	98620187	98820187	harbor1	chr11	98705635	98705850	SINE/MIR	532	-	108	98705743	85556
chr11	98620187	98820187	harbor1	chr11	98710301	98710411	SINE/MIR	386	-	55	98710356	90169
chr11	110643052	110843052	harbor1	chr11	110680106	110680325	SINE/MIR	744	-	110	110680216	37164
chr11	110643052	110843052	harbor1	chr11	110682268	110682499	SINE/MIR	756	-	116	110682384	39332
chr11	110643052	110843052	harbor1	chr11	110682770	110682967	SINE/MIR	510	-	98	110682868	39816
chr11	110643052	110843052	harbor1	chr11	110715080	110715332	SINE/MIR	1046	-	126	110715206	72154
chr11	110643052	110843052	harbor1	chr11	110720081	110720278	SINE/MIR	695	-	98	110720179	77127
chr11	110643052	110843052	harbor1	chr11	110720364	110720554	SINE/MIR	559	-	95	110720459	77407
chr11	110643052	110843052	harbor1	chr11	110721658	110721757	SINE/MIR	458	-	50	110721708	78656
chr11	110643052	110843052	harbor1	chr11	110732891	110733094	SINE/MIR	654	-	102	110732993	89941
chr11	84178595	84378595	harbor1	chr11	84188378	84188545	SINE/MIR	459	-	84	84188462	9867
chr11	84178595	84378595	harbor1	chr11	84198124	84198294	SINE/MIR	445	-	85	84198209	19614
chr11	84178595	84378595	harbor1	chr11	84224535	84224735	SINE/MIR	806	-	100	84224635	46040
chr11	84178595	84378595	harbor1	chr11	84243902	84244065	SINE/MIR	559	-	82	84243984	65389
chr11	84178595	84378595	harbor1	chr11	84250350	84250426	SINE/MIR	376	-	38	84250388	71793
chr11	84178595	84378595	harbor1	chr11	84257442	84257643	SINE/MIR	770	-	100	84257542	78947
chr11	84178595	84378595	harbor1	chr11	84259767	84259907	SINE/MIR	470	-	70	84259837	81242
chr11	84178595	84378595	harbor1	chr11	84260566	84260829	SINE/MIR	679	-	132	84260698	82103
chr11	84178595	84378595	harbor1	chr11	84262075	84262250	SINE/MIR	458	-	88	84262163	83568
chr11	84178595	84378595	harbor1	chr11	84265259	84265460	SINE/MIR	383	-	100	84265359	86764
chr11	62873055	63073055	harbor1	chr11	62911553	62911739	SINE/MIR	557	-	93	62911646	38591
chr11	62873055	63073055	harbor1	chr11	62916628	62916838	SINE/MIR	455	-	105	62916733	43678
chr11	62873055	63073055	harbor1	chr11	62917811	62918057	SINE/MIR	554	-	123	62917934	44879
chr11	62873055	63073055	harbor1	chr11	62927724	62927946	SINE/MIR	866	-	111	62927835	54780
chr11	13709405	13909405	harbor1	chr11	13727799	13728066	SINE/MIR	545	-	134	13727933	18528
chr11	13709405	13909405	harbor1	chr11	13733117	13733324	SINE/MIR	624	-	104	13733221	23816
chr11	13709405	13909405	harbor1	chr11	13773288	13773540	SINE/MIR	610	-	126	13773414	64009
chr11	13709405	13909405	harbor1	chr11	13782191	13782366	SINE/MIR	469	-	88	13782279	72874
chr11	13709405	13909405	harbor1	chr11	13788005	13788124	SINE/MIR	511	-	60	13788065	78660
chr11	13709405	13909405	harbor1	chr11	13788163	13788369	SINE/MIR	438	-	103	13788266	78861
chr11	110702025	110902025	harbor1	chr11	110715080	110715332	SINE/MIR	1046	-	126	110715206	13181
chr11	110702025	110902025	harbor1	chr11	110720081	110720278	SINE/MIR	695	-	98	110720179	18154
chr11	110702025	110902025	harbor1	chr11	110720364	110720554	SINE/MIR	559	-	95	110720459	18434
chr11	110702025	110902025	harbor1	chr11	110721658	110721757	SINE/MIR	458	-	50	110721708	19683
chr11	110702025	110902025	harbor1	chr11	110732891	110733094	SINE/MIR	654	-	102	110732993	30968
chr11	110702025	110902025	harbor1	chr11	110744509	110744747	SINE/MIR	515	-	119	110744628	42603
chr11	110702025	110902025	harbor1	chr11	110761337	110761541	SINE/MIR	380	-	102	110761439	59414
chr11	110702025	110902025	harbor1	chr11	110766159	110766307	SINE/MIR	476	-	74	110766233	64208
chr11	110702025	110902025	harbor1	chr11	110787456	110787688	SINE/MIR	658	-	116	110787572	85547
chr11	110702025	110902025	harbor1	chr11	110798234	110798469	SINE/MIR	988	-	118	110798352	96327
chr11	101980041	102180041	harbor1	chr11	101998741	101998944	SINE/MIR	611	-	102	101998843	18802
chr11	101980041	102180041	harbor1	chr11	102005856	102006086	SINE/MIR	759	-	115	102005971	25930
chr11	101980041	102180041	harbor1	chr11	102018207	102018343	SINE/MIR	664	-	68	102018275	38234
chr11	101980041	102180041	harbor1	chr11	102018645	102018763	SINE/MIR	664	-	59	102018704	38663
chr11	101980041	102180041	harbor1	chr11	102025674	102025758	SINE/MIR	404	-	42	102025716	45675
chr11	101980041	102180041	harbor1	chr11	102050191	102050386	SINE/MIR	409	-	98	102050289	70248
chr11	101980041	102180041	harbor1	chr11	102061538	102061721	SINE/MIR	378	-	92	102061630	81589
chr11	49909564	50109564	harbor1	chr11	49950864	49951053	SINE/MIR	376	-	94	49950958	41394
chr11	49909564	50109564	harbor1	chr11	49984691	49984937	SINE/MIR	558	-	123	49984814	75250
chr11	41881756	42081756	harbor1	chr11	41898734	41898989	SINE/MIR	409	-	128	41898862	17106
chr11	41881756	42081756	harbor1	chr11	41936440	41936699	SINE/MIR	686	-	130	41936570	54814
chr11	41881756	42081756	harbor1	chr11	41946732	41946951	SINE/MIR	509	-	110	41946842	65086
chr11	41881756	42081756	harbor1	chr11	41951621	41951762	SINE/MIR	509	-	70	41951691	69935
chr11	94540157	94740157	harbor1	chr11	94553524	94553661	SINE/MIR	472	-	68	94553592	13435
chr11	94540157	94740157	harbor1	chr11	94559076	94559280	SINE/MIR	431	-	102	94559178	19021
chr11	94540157	94740157	harbor1	chr11	94563549	94563627	SINE/MIR	650	-	39	94563588	23431
chr11	94540157	94740157	harbor1	chr11	94563841	94564008	SINE/MIR	650	-	84	94563925	23768
chr11	94540157	94740157	harbor1	chr11	94597371	94597614	SINE/MIR	963	-	122	94597493	57336
chr11	94540157	94740157	harbor1	chr11	94616062	94616293	SINE/MIR	571	-	116	94616178	76021
chr11	94540157	94740157	harbor1	chr11	94622590	94622784	SINE/MIR	465	-	97	94622687	82530
chr11	110177659	110377659	harbor1	chr11	110193655	110193803	SINE/MIR	574	-	74	110193729	16070
chr11	110177659	110377659	harbor1	chr11	110220260	110220497	SINE/MIR	452	-	118	110220378	42719
chr11	110177659	110377659	harbor1	chr11	110251384	110251591	SINE/MIR	434	-	104	110251488	73829
chr11	110177659	110377659	harbor1	chr11	110262723	110262855	SINE/MIR	504	-	66	110262789	85130
chr11	110177659	110377659	harbor1	chr11	110270526	110270725	SINE/MIR	625	-	100	110270626	92967
chr11	110177659	110377659	harbor1	chr11	110272778	110272945	SINE/MIR	395	-	84	110272862	95203
chr11	110177659	110377659	harbor1	chr11	110273236	110273302	SINE/MIR	381	-	33	110273269	95610
chr11	125327504	125527504	harbor1	chr11	125360758	125360980	SINE/MIR	506	-	111	125360869	33365
chr11	125327504	125527504	harbor1	chr11	125361363	125361530	SINE/MIR	383	-	84	125361447	33943
chr11	125327504	125527504	harbor1	chr11	125363325	125363482	SINE/MIR	458	-	78	125363403	35899
chr11	125327504	125527504	harbor1	chr11	125364695	125364814	SINE/MIR	417	-	60	125364755	37251
chr11	125327504	125527504	harbor1	chr11	125377112	125377259	SINE/MIR	403	-	74	125377186	49682
chr11	125327504	125527504	harbor1	chr11	125390135	125390356	SINE/MIR	762	-	110	125390245	62741
chr11	125327504	125527504	harbor1	chr11	125390400	125390592	SINE/MIR	399	-	96	125390496	62992
chr11	125327504	125527504	harbor1	chr11	125390606	125390764	SINE/MIR	485	-	79	125390685	63181
chr11	125327504	125527504	harbor1	chr11	125392139	125392375	SINE/MIR	646	-	118	125392257	64753
chr11	125327504	125527504	harbor1	chr11	125397375	125397621	SINE/MIR	734	-	123	125397498	69994
chr11	125327504	125527504	harbor1	chr11	125403436	125403662	SINE/MIR	702	-	113	125403549	76045
chr11	125327504	125527504	harbor1	chr11	125410929	125411044	SINE/MIR	385	-	58	125410987	83483
chr11	125327504	125527504	harbor1	chr11	125417416	125417596	SINE/MIR	621	-	90	125417506	90002
chr11	125327504	125527504	harbor1	chr11	125423102	125423292	SINE/MIR	702	-	95	125423197	95693
chr11	6090059	6290059	harbor1	chr11	6109334	6109556	SINE/MIR	674	-	111	6109445	19386
chr11	6090059	6290059	harbor1	chr11	6129705	6129936	SINE/MIR	795	-	116	6129821	39762
chr11	6090059	6290059	harbor1	chr11	6151288	6151532	SINE/MIR	623	-	122	6151410	61351
chr11	6090059	6290059	harbor1	chr11	6167739	6167937	SINE/MIR	397	-	99	6167838	77779
chr11	6090059	6290059	harbor1	chr11	6176155	6176319	SINE/MIR	600	-	82	6176237	86178
chr11	95754271	95954271	harbor1	chr11	95757793	95758023	SINE/MIR	695	-	115	95757908	3637
chr11	95754271	95954271	harbor1	chr11	95766582	95766729	SINE/MIR	404	-	74	95766656	12385
chr11	95754271	95954271	harbor1	chr11	95777959	95778197	SINE/MIR	527	-	119	95778078	23807
chr11	95754271	95954271	harbor1	chr11	95793616	95793786	SINE/MIR	652	-	85	95793701	39430
chr11	95754271	95954271	harbor1	chr11	95830074	95830326	SINE/MIR	448	-	126	95830200	75929
chr11	95754271	95954271	harbor1	chr11	95849414	95849620	SINE/MIR	557	-	103	95849517	95246
chr11	95754271	95954271	harbor1	chr11	95852119	95852284	SINE/MIR	388	-	82	95852201	97930
chr11	95640727	95840727	harbor1	chr11	95651547	95651757	SINE/MIR	454	-	105	95651652	10925
chr11	95640727	95840727	harbor1	chr11	95653093	95653340	SINE/MIR	516	-	124	95653217	12490
chr11	95640727	95840727	harbor1	chr11	95657135	95657414	SINE/MIR	475	-	140	95657275	16548
chr11	95640727	95840727	harbor1	chr11	95688558	95688739	SINE/MIR	462	-	90	95688648	47921
chr11	95640727	95840727	harbor1	chr11	95738130	95738267	SINE/MIR	379	-	68	95738198	97471
chr11	95640727	95840727	harbor1	chr11	95649559	95649806	SINE/MIR	447	-	124	95649683	8956
chr11	95640727	95840727	harbor1	chr11	95715294	95715458	SINE/MIR	438	-	82	95715376	74649
chr11	68560914	68760914	harbor1	chr11	68607463	68607607	SINE/MIR	502	-	72	68607535	46621
chr11	50307943	50507943	harbor1	chr11	50338035	50338192	SINE/MIR	403	-	78	50338113	30170
chr11	50307943	50507943	harbor1	chr11	50342329	50342545	SINE/MIR	526	-	108	50342437	34494
chr11	50307943	50507943	harbor1	chr11	50344279	50344478	SINE/MIR	712	-	100	50344379	36436
chr11	61272269	61472269	harbor1	chr11	61336577	61336729	SINE/MIR	378	-	76	61336653	64384
chr11	61272269	61472269	harbor1	chr11	61352030	61352180	SINE/MIR	588	-	75	61352105	79836
chr11	61272269	61472269	harbor1	chr11	61357896	61358070	SINE/MIR	424	-	87	61357983	85714
chr11	8939133	9139133	harbor1	chr11	9005088	9005214	SINE/MIR	510	-	63	9005151	66018
chr11	8939133	9139133	harbor1	chr11	9014015	9014231	SINE/MIR	1238	-	108	9014123	74990
chr11	8939133	9139133	harbor1	chr11	9025090	9025262	SINE/MIR	447	-	86	9025176	86043
chr11	8939133	9139133	harbor1	chr11	9025276	9025485	SINE/MIR	400	-	104	9025380	86247
chr11	8939133	9139133	harbor1	chr11	9026169	9026374	SINE/MIR	497	-	102	9026271	87138
chr11	8939133	9139133	harbor1	chr11	9026723	9026935	SINE/MIR	795	-	106	9026829	87696
chr11	8939133	9139133	harbor1	chr11	9035186	9035359	SINE/MIR	741	-	86	9035272	96139
chr11	79845632	80045632	harbor1	chr11	79850930	79851103	SINE/MIR	378	-	86	79851016	5384
chr11	79845632	80045632	harbor1	chr11	79853704	79853841	SINE/MIR	378	-	68	79853772	8140
chr11	79845632	80045632	harbor1	chr11	79859193	79859407	SINE/MIR	588	-	107	79859300	13668
chr11	79845632	80045632	harbor1	chr11	79859488	79859697	SINE/MIR	640	-	104	79859592	13960
chr11	79845632	80045632	harbor1	chr11	79878472	79878645	SINE/MIR	497	-	86	79878558	32926
chr11	79845632	80045632	harbor1	chr11	79881086	79881335	SINE/MIR	790	-	124	79881210	35578
chr11	79845632	80045632	harbor1	chr11	79884698	79884878	SINE/MIR	666	-	90	79884788	39156
chr11	79845632	80045632	harbor1	chr11	79886968	79887138	SINE/MIR	532	-	85	79887053	41421
chr11	79845632	80045632	harbor1	chr11	79898420	79898657	SINE/MIR	439	-	118	79898538	52906
chr11	79845632	80045632	harbor1	chr11	79899364	79899507	SINE/MIR	393	-	72	79899436	53804
chr11	79845632	80045632	harbor1	chr11	79905508	79905691	SINE/MIR	541	-	92	79905600	59968
chr11	79845632	80045632	harbor1	chr11	79909057	79909301	SINE/MIR	720	-	122	79909179	63547
chr11	79845632	80045632	harbor1	chr11	79911453	79911606	SINE/MIR	477	-	76	79911529	65897
chr11	79845632	80045632	harbor1	chr11	79913229	79913398	SINE/MIR	410	-	84	79913313	67681
chr11	79845632	80045632	harbor1	chr11	79931432	79931659	SINE/MIR	691	-	114	79931546	85914
chr11	79845632	80045632	harbor1	chr11	79931653	79931888	SINE/MIR	533	-	118	79931771	86139
chr11	79845632	80045632	harbor1	chr11	79937495	79937662	SINE/MIR	462	-	84	79937579	91947
chr11	17129953	17329953	harbor1	chr11	17158362	17158600	SINE/MIR	779	-	119	17158481	28528
chr11	17129953	17329953	harbor1	chr11	17176909	17177097	SINE/MIR	687	-	94	17177003	47050
chr11	17129953	17329953	harbor1	chr11	17210587	17210820	SINE/MIR	807	-	116	17210703	80750
chr11	17129953	17329953	harbor1	chr11	17218685	17218760	SINE/MIR	755	-	38	17218723	88770
chr11	17129953	17329953	harbor1	chr11	17219068	17219250	SINE/MIR	755	-	91	17219159	89206
chr11	17129953	17329953	harbor1	chr11	17221229	17221400	SINE/MIR	602	-	86	17221315	91362
chr11	107483785	107683785	harbor1	chr11	107502807	107503039	SINE/MIR	704	-	116	107502923	19138
chr11	107483785	107683785	harbor1	chr11	107507517	107507688	SINE/MIR	427	-	86	107507603	23818
chr11	107483785	107683785	harbor1	chr11	107516014	107516262	SINE/MIR	523	-	124	107516138	32353
chr11	107483785	107683785	harbor1	chr11	107547465	107547598	SINE/MIR	387	-	66	107547531	63746
chr11	107483785	107683785	harbor1	chr11	107574886	107575043	SINE/MIR	621	-	78	107574964	91179
chr11	194336	394336	harbor1	chr11	238125	238317	SINE/MIR	455	-	96	238221	43885
chr11	194336	394336	harbor1	chr11	238318	238473	SINE/MIR	590	-	78	238396	44060
chr11	194336	394336	harbor1	chr11	239159	239359	SINE/MIR	572	-	100	239259	44923
chr11	63679721	63879721	harbor1	chr11	63708920	63709111	SINE/MIR	438	-	96	63709016	29295
chr11	63679721	63879721	harbor1	chr11	63712312	63712466	SINE/MIR	516	-	77	63712389	32668
chr11	63679721	63879721	harbor1	chr11	63740850	63741089	SINE/MIR	877	-	120	63740970	61249
chr11	63679721	63879721	harbor1	chr11	63747776	63747941	SINE/MIR	530	-	82	63747858	68137
chr11	24246450	24446450	harbor1	chr11	24258187	24258367	SINE/MIR	533	-	90	24258277	11827
chr11	82001205	82201205	harbor1	chr11	82014521	82014748	SINE/MIR	427	-	114	82014635	13430
chr11	82001205	82201205	harbor1	chr11	82033210	82033413	SINE/MIR	405	-	102	82033312	32107
chr11	82001205	82201205	harbor1	chr11	82056884	82057091	SINE/MIR	817	-	104	82056988	55783
chr11	82001205	82201205	harbor1	chr11	82059822	82060024	SINE/MIR	544	-	101	82059923	58718
chr11	82001205	82201205	harbor1	chr11	82075324	82075532	SINE/MIR	503	-	104	82075428	74223
chr11	82001205	82201205	harbor1	chr11	82077727	82077935	SINE/MIR	475	-	104	82077831	76626
chr11	82001205	82201205	harbor1	chr11	82078101	82078200	SINE/MIR	401	-	50	82078151	76946
chr11	126443381	126643381	harbor1	chr11	126460306	126460528	SINE/MIR	660	-	111	126460417	17036
chr11	126443381	126643381	harbor1	chr11	126463840	126463994	SINE/MIR	378	-	77	126463917	20536
chr11	126443381	126643381	harbor1	chr11	126469026	126469217	SINE/MIR	529	-	96	126469122	25741
chr11	126443381	126643381	harbor1	chr11	126474268	126474424	SINE/MIR	533	-	78	126474346	30965
chr11	126443381	126643381	harbor1	chr11	126480369	126480565	SINE/MIR	548	-	98	126480467	37086
chr11	126443381	126643381	harbor1	chr11	126496259	126496493	SINE/MIR	793	-	117	126496376	52995
chr11	126443381	126643381	harbor1	chr11	126498015	126498101	SINE/MIR	447	-	43	126498058	54677
chr11	126443381	126643381	harbor1	chr11	126514576	126514808	SINE/MIR	871	-	116	126514692	71311
chr11	126443381	126643381	harbor1	chr11	126517766	126517905	SINE/MIR	411	-	70	126517836	74455
chr11	126443381	126643381	harbor1	chr11	126527438	126527580	SINE/MIR	525	-	71	126527509	84128
chr11	126443381	126643381	harbor1	chr11	126527616	126527827	SINE/MIR	402	-	106	126527722	84341
chr11	126443381	126643381	harbor1	chr11	126527928	126528149	SINE/MIR	514	-	110	126528038	84657
chr11	126443381	126643381	harbor1	chr11	126484349	126484545	SINE/MIR	760	-	98	126484447	41066
chr11	105964603	106164603	harbor1	chr11	105998978	105999120	SINE/MIR	408	-	71	105999049	34446
chr11	105964603	106164603	harbor1	chr11	106029043	106029247	SINE/MIR	850	-	102	106029145	64542
chr11	105964603	106164603	harbor1	chr11	106039359	106039512	SINE/MIR	402	-	76	106039435	74832
chr11	105964603	106164603	harbor1	chr11	106043581	106043801	SINE/MIR	642	-	110	106043691	79088
chr11	105964603	106164603	harbor1	chr11	106056568	106056821	SINE/MIR	721	-	126	106056694	92091
chr11	41351237	41551237	harbor1	chr11	41359645	41359827	SINE/MIR	437	-	91	41359736	8499
chr11	41351237	41551237	harbor1	chr11	41396952	41397147	SINE/MIR	462	-	98	41397050	45813
chr11	41351237	41551237	harbor1	chr11	41407157	41407285	SINE/MIR	515	-	64	41407221	55984
chr11	41351237	41551237	harbor1	chr11	41408019	41408215	SINE/MIR	452	-	98	41408117	56880
chr11	41351237	41551237	harbor1	chr11	41409403	41409641	SINE/MIR	416	-	119	41409522	58285
chr11	41351237	41551237	harbor1	chr11	41419618	41419876	SINE/MIR	450	-	129	41419747	68510
chr11	31811977	32011977	harbor1	chr11	31849801	31849961	SINE/MIR	555	-	80	31849881	37904
chr11	31811977	32011977	harbor1	chr11	31872387	31872529	SINE/MIR	465	-	71	31872458	60481
chr11	31811977	32011977	harbor1	chr11	31874147	31874335	SINE/MIR	544	-	94	31874241	62264
chr11	31811977	32011977	harbor1	chr11	31875311	31875516	SINE/MIR	443	-	102	31875413	63436
chr11	31811977	32011977	harbor1	chr11	31876782	31877007	SINE/MIR	646	-	112	31876894	64917
chr11	31811977	32011977	harbor1	chr11	31878908	31879014	SINE/MIR	376	-	53	31878961	66984
chr11	31811977	32011977	harbor1	chr11	31880620	31880802	SINE/MIR	443	-	91	31880711	68734
chr11	31811977	32011977	harbor1	chr11	31893337	31893549	SINE/MIR	458	-	106	31893443	81466
chr11	31811977	32011977	harbor1	chr11	31897396	31897581	SINE/MIR	496	-	92	31897488	85511
chr11	31811977	32011977	harbor1	chr11	31902270	31902478	SINE/MIR	569	-	104	31902374	90397
chr11	67212761	67412761	harbor1	chr11	67219050	67219225	SINE/MIR	542	-	88	67219138	6377
chr11	67212761	67412761	harbor1	chr11	67229098	67229290	SINE/MIR	533	-	96	67229194	16433
chr11	67212761	67412761	harbor1	chr11	67261239	67261413	SINE/MIR	424	-	87	67261326	48565
chr11	67212761	67412761	harbor1	chr11	67267722	67267948	SINE/MIR	427	-	113	67267835	55074
chr11	67212761	67412761	harbor1	chr11	67269223	67269434	SINE/MIR	401	-	106	67269329	56568
chr11	67212761	67412761	harbor1	chr11	67283477	67283662	SINE/MIR	533	-	92	67283569	70808
chr11	124200099	124400099	harbor1	chr11	124248887	124249036	SINE/MIR	468	-	74	124248961	48862
chr11	124200099	124400099	harbor1	chr11	124264142	124264297	SINE/MIR	466	-	78	124264220	64121
chr11	124200099	124400099	harbor1	chr11	124273314	124273533	SINE/MIR	923	-	110	124273424	73325
chr11	28504909	28704909	harbor1	chr11	28519797	28519933	SINE/MIR	444	-	68	28519865	14956
chr11	28504909	28704909	harbor1	chr11	28552170	28552412	SINE/MIR	425	-	121	28552291	47382
chr11	28504909	28704909	harbor1	chr11	28558302	28558403	SINE/MIR	380	-	50	28558352	53443
chr11	28504909	28704909	harbor1	chr11	28564183	28564361	SINE/MIR	529	-	89	28564272	59363
chr11	28504909	28704909	harbor1	chr11	28570244	28570353	SINE/MIR	388	-	54	28570298	65389
chr11	28504909	28704909	harbor1	chr11	28571387	28571607	SINE/MIR	704	-	110	28571497	66588
chr11	28504909	28704909	harbor1	chr11	28573751	28573959	SINE/MIR	547	-	104	28573855	68946
chr11	28504909	28704909	harbor1	chr11	28576671	28576891	SINE/MIR	531	-	110	28576781	71872
chr11	28504909	28704909	harbor1	chr11	28582286	28582511	SINE/MIR	541	-	112	28582398	77489
chr11	28504909	28704909	harbor1	chr11	28595764	28595953	SINE/MIR	452	-	94	28595858	90949
chr11	14357795	14557795	harbor1	chr11	14362636	14362799	SINE/MIR	438	-	82	14362718	4923
chr11	14357795	14557795	harbor1	chr11	14364658	14364853	SINE/MIR	376	-	98	14364756	6961
chr11	14357795	14557795	harbor1	chr11	14373855	14374013	SINE/MIR	381	-	79	14373934	16139
chr11	14357795	14557795	harbor1	chr11	14411255	14411397	SINE/MIR	514	-	71	14411326	53531
chr11	14357795	14557795	harbor1	chr11	14421739	14421882	SINE/MIR	526	-	72	14421811	64016
chr11	14357795	14557795	harbor1	chr11	14422191	14422306	SINE/MIR	526	-	58	14422249	64454
chr11	14357795	14557795	harbor1	chr11	14446620	14446831	SINE/MIR	632	-	106	14446726	88931
chr11	41158449	41358449	harbor1	chr11	41202450	41202665	SINE/MIR	416	-	108	41202558	44109
chr11	41158449	41358449	harbor1	chr11	41220157	41220335	SINE/MIR	551	-	89	41220246	61797
chr11	41158449	41358449	harbor1	chr11	41234733	41234918	SINE/MIR	479	-	92	41234825	76376
chr11	41158449	41358449	harbor1	chr11	41172859	41173022	SINE/MIR	467	-	82	41172941	14492
chr11	41158449	41358449	harbor1	chr11	41205703	41205940	SINE/MIR	631	-	118	41205821	47372
chr11	41158449	41358449	harbor1	chr11	41238400	41238545	SINE/MIR	375	-	72	41238472	80023
chr11	81399451	81599451	harbor1	chr11	81434569	81434805	SINE/MIR	556	-	118	81434687	35236
chr11	81399451	81599451	harbor1	chr11	81479609	81479807	SINE/MIR	427	-	99	81479708	80257
chr11	81399451	81599451	harbor1	chr11	81483182	81483354	SINE/MIR	518	-	86	81483268	83817
chr11	81399451	81599451	harbor1	chr11	81483832	81483936	SINE/MIR	412	-	52	81483884	84433
chr11	92876848	93076848	harbor1	chr11	92883563	92883693	SINE/MIR	496	-	65	92883628	6780
chr11	92876848	93076848	harbor1	chr11	92893869	92894035	SINE/MIR	394	-	83	92893952	17104
chr11	92876848	93076848	harbor1	chr11	92940108	92940304	SINE/MIR	569	-	98	92940206	63358
chr11	92876848	93076848	harbor1	chr11	92963668	92963822	SINE/MIR	500	-	77	92963745	86897
chr11	2955364	3155364	harbor1	chr11	3041290	3041494	SINE/MIR	461	-	102	3041392	86028
chr11	133798185	133998185	harbor1	chr11	133802293	133802406	SINE/MIR	490	-	56	133802349	4164
chr11	133798185	133998185	harbor1	chr11	133819853	133820096	SINE/MIR	605	-	122	133819975	21790
chr11	133798185	133998185	harbor1	chr11	133823348	133823524	SINE/MIR	394	-	88	133823436	25251
chr11	133798185	133998185	harbor1	chr11	133832005	133832219	SINE/MIR	453	-	107	133832112	33927
chr11	109044882	109244882	harbor1	chr11	109050410	109050579	SINE/MIR	418	-	84	109050494	5612
chr11	109044882	109244882	harbor1	chr11	109057355	109057483	SINE/MIR	441	-	64	109057419	12537
chr11	109044882	109244882	harbor1	chr11	109062041	109062267	SINE/MIR	766	-	113	109062154	17272
chr11	109044882	109244882	harbor1	chr11	109086428	109086580	SINE/MIR	443	-	76	109086504	41622
chr11	109044882	109244882	harbor1	chr11	109090411	109090621	SINE/MIR	557	-	105	109090516	45634
chr11	109044882	109244882	harbor1	chr11	109115830	109116028	SINE/MIR	780	-	99	109115929	71047
chr11	109044882	109244882	harbor1	chr11	109116136	109116344	SINE/MIR	537	-	104	109116240	71358
chr11	109044882	109244882	harbor1	chr11	109131024	109131256	SINE/MIR	620	-	116	109131140	86258
chr11	124079733	124279733	harbor1	chr11	124112047	124112258	SINE/MIR	495	-	106	124112153	32420
chr11	124079733	124279733	harbor1	chr11	124142866	124143094	SINE/MIR	734	-	114	124142980	63247
chr11	124079733	124279733	harbor1	chr11	124159407	124159596	SINE/MIR	561	-	94	124159501	79768
chr11	124079733	124279733	harbor1	chr11	124169866	124169956	SINE/MIR	557	-	45	124169911	90178
chr11	124079733	124279733	harbor1	chr11	124171264	124171375	SINE/MIR	557	-	56	124171320	91587
chr11	124079733	124279733	harbor1	chr11	124176010	124176235	SINE/MIR	412	-	112	124176122	96389
chr11	37017026	37217026	harbor1	chr11	37024905	37025125	SINE/MIR	750	-	110	37025015	7989
chr11	37017026	37217026	harbor1	chr11	37044536	37044652	SINE/MIR	420	-	58	37044594	27568
chr11	37017026	37217026	harbor1	chr11	37068962	37069128	SINE/MIR	449	-	83	37069045	52019
chr11	37017026	37217026	harbor1	chr11	37092123	37092291	SINE/MIR	487	-	84	37092207	75181
chr11	88961781	89161781	harbor1	chr11	88961926	88962153	SINE/MIR	475	-	114	88962040	259
chr11	88961781	89161781	harbor1	chr11	88978709	88978925	SINE/MIR	618	-	108	88978817	17036
chr11	88961781	89161781	harbor1	chr11	89017518	89017713	SINE/MIR	478	-	98	89017616	55835
chr11	88961781	89161781	harbor1	chr11	89020761	89020980	SINE/MIR	447	-	110	89020871	59090
chr11	88961781	89161781	harbor1	chr11	89032577	89032803	SINE/MIR	395	-	113	89032690	70909
chr11	88961781	89161781	harbor1	chr11	89033091	89033323	SINE/MIR	448	-	116	89033207	71426
chr11	88961781	89161781	harbor1	chr11	89036499	89036685	SINE/MIR	543	-	93	89036592	74811
chr11	88961781	89161781	harbor1	chr11	89052606	89052635	SINE/MIR	394	-	14	89052620	90839
chr11	88961781	89161781	harbor1	chr11	89052871	89053019	SINE/MIR	394	-	74	89052945	91164
chr11	88961781	89161781	harbor1	chr11	89055812	89056001	SINE/MIR	507	-	94	89055906	94125
chr11	88961781	89161781	harbor1	chr11	89057829	89058049	SINE/MIR	585	-	110	89057939	96158
chr11	88961781	89161781	harbor1	chr11	89059899	89060079	SINE/MIR	636	-	90	89059989	98208
chr11	31384769	31584769	harbor1	chr11	31473359	31473497	SINE/MIR	463	-	69	31473428	88659
chr11	27847842	28047842	harbor1	chr11	27853160	27853293	SINE/MIR	404	-	66	27853226	5384
chr11	27847842	28047842	harbor1	chr11	27853840	27854038	SINE/MIR	422	-	99	27853939	6097
chr11	27847842	28047842	harbor1	chr11	27866093	27866350	SINE/MIR	949	-	128	27866221	18379
chr11	27847842	28047842	harbor1	chr11	27867021	27867056	SINE/MIR	522	-	18	27867039	19197
chr11	27847842	28047842	harbor1	chr11	27867386	27867560	SINE/MIR	522	-	87	27867473	19631
chr11	27847842	28047842	harbor1	chr11	27869511	27869636	SINE/MIR	471	-	62	27869573	21731
chr11	27847842	28047842	harbor1	chr11	27874756	27874921	SINE/MIR	461	-	82	27874838	26996
chr11	27847842	28047842	harbor1	chr11	27877423	27877629	SINE/MIR	521	-	103	27877526	29684
chr11	27847842	28047842	harbor1	chr11	27879230	27879480	SINE/MIR	530	-	125	27879355	31513
chr11	27847842	28047842	harbor1	chr11	27880848	27881058	SINE/MIR	738	-	105	27880953	33111
chr11	27847842	28047842	harbor1	chr11	27881488	27881653	SINE/MIR	413	-	82	27881570	33728
chr11	27847842	28047842	harbor1	chr11	27882677	27882833	SINE/MIR	442	-	78	27882755	34913
chr11	27847842	28047842	harbor1	chr11	27883102	27883112	SINE/MIR	447	-	5	27883107	35265
chr11	27847842	28047842	harbor1	chr11	27883414	27883611	SINE/MIR	447	-	98	27883512	35670
chr11	27847842	28047842	harbor1	chr11	27887883	27888010	SINE/MIR	529	-	64	27887947	40105
chr11	27847842	28047842	harbor1	chr11	27907178	27907350	SINE/MIR	462	-	86	27907264	59422
chr11	27847842	28047842	harbor1	chr11	27908506	27908724	SINE/MIR	695	-	109	27908615	60773
chr11	27847842	28047842	harbor1	chr11	27917733	27917885	SINE/MIR	605	-	76	27917809	69967
chr11	27847842	28047842	harbor1	chr11	27925195	27925339	SINE/MIR	496	-	72	27925267	77425
chr11	27847842	28047842	harbor1	chr11	27935649	27935809	SINE/MIR	468	-	80	27935729	87887
chr11	27847842	28047842	harbor1	chr11	27946829	27947056	SINE/MIR	424	-	114	27946943	99101
chr11	27847842	28047842	harbor1	chr11	27901839	27901963	SINE/MIR	488	-	62	27901901	54059
chr11	92699954	92899954	harbor1	chr11	92735865	92736056	SINE/MIR	533	-	96	92735961	36007
chr11	92699954	92899954	harbor1	chr11	92775379	92775549	SINE/MIR	414	-	85	92775464	75510
chr11	92699954	92899954	harbor1	chr11	92779581	92779616	SINE/MIR	400	-	18	92779599	79645
chr11	92699954	92899954	harbor1	chr11	92780502	92780627	SINE/MIR	400	-	62	92780564	80610
chr11	92699954	92899954	harbor1	chr11	92792617	92792714	SINE/MIR	374	-	48	92792665	92711
chr11	40704413	40904413	harbor1	chr11	40744655	40744818	SINE/MIR	468	-	82	40744737	40324
chr11	40704413	40904413	harbor1	chr11	40755250	40755451	SINE/MIR	479	-	100	40755350	50937
chr11	40704413	40904413	harbor1	chr11	40778301	40778527	SINE/MIR	699	-	113	40778414	74001
chr11	40704413	40904413	harbor1	chr11	40787970	40788172	SINE/MIR	444	-	101	40788071	83658
chr11	40704413	40904413	harbor1	chr11	40793487	40793706	SINE/MIR	840	-	110	40793597	89184
chr11	40704413	40904413	harbor1	chr11	40803124	40803345	SINE/MIR	682	-	110	40803234	98821
chr11	126890418	127090418	harbor1	chr11	126910513	126910718	SINE/MIR	420	-	102	126910615	20197
chr11	126890418	127090418	harbor1	chr11	126938297	126938496	SINE/MIR	610	-	100	126938397	47979
chr11	82739646	82939646	harbor1	chr11	82751490	82751699	SINE/MIR	551	-	104	82751594	11948
chr11	82739646	82939646	harbor1	chr11	82787437	82787652	SINE/MIR	385	-	108	82787545	47899
chr11	82739646	82939646	harbor1	chr11	82828064	82828259	SINE/MIR	472	-	98	82828162	88516
chr11	82739646	82939646	harbor1	chr11	82833658	82833830	SINE/MIR	556	-	86	82833744	94098
chr11	82739646	82939646	harbor1	chr11	82838602	82838728	SINE/MIR	490	-	63	82838665	99019
chr11	98760137	98960137	harbor1	chr11	98781024	98781272	SINE/MIR	868	-	124	98781148	21011
chr11	82892704	83092704	harbor1	chr11	82894506	82894624	SINE/MIR	447	-	59	82894565	1861
chr11	82892704	83092704	harbor1	chr11	82895109	82895319	SINE/MIR	481	-	105	82895214	2510
chr11	82892704	83092704	harbor1	chr11	82899238	82899436	SINE/MIR	419	-	99	82899337	6633
chr11	82892704	83092704	harbor1	chr11	82900866	82901127	SINE/MIR	543	-	130	82900996	8292
chr11	82892704	83092704	harbor1	chr11	82916677	82916921	SINE/MIR	663	-	122	82916799	24095
chr11	82892704	83092704	harbor1	chr11	82931035	82931274	SINE/MIR	381	-	120	82931155	38451
chr11	82892704	83092704	harbor1	chr11	82966115	82966193	SINE/MIR	539	-	39	82966154	73450
chr11	82892704	83092704	harbor1	chr11	82966498	82966594	SINE/MIR	539	-	48	82966546	73842
chr11	82892704	83092704	harbor1	chr11	82972617	82972798	SINE/MIR	432	-	90	82972707	80003
chr11	82892704	83092704	harbor1	chr11	82972904	82973057	SINE/MIR	421	-	76	82972980	80276
chr11	82892704	83092704	harbor1	chr11	82976267	82976435	SINE/MIR	467	-	84	82976351	83647
chr11	82892704	83092704	harbor1	chr11	82988064	82988306	SINE/MIR	1078	-	121	82988185	95481
chr11	91655753	91855753	harbor1	chr11	91661678	91661904	SINE/MIR	622	-	113	91661791	6038
chr11	91655753	91855753	harbor1	chr11	91663359	91663575	SINE/MIR	536	-	108	91663467	7714
chr11	91655753	91855753	harbor1	chr11	91663768	91664025	SINE/MIR	761	-	128	91663896	8143
chr11	91655753	91855753	harbor1	chr11	91664404	91664572	SINE/MIR	524	-	84	91664488	8735
chr11	91655753	91855753	harbor1	chr11	91680953	91681139	SINE/MIR	557	-	93	91681046	25293
chr11	91655753	91855753	harbor1	chr11	91684997	91685168	SINE/MIR	390	-	86	91685083	29330
chr11	91655753	91855753	harbor1	chr11	91717563	91717717	SINE/MIR	445	-	77	91717640	61887
chr11	74655904	74855904	harbor1	chr11	74670007	74670200	SINE/MIR	563	-	96	74670103	14199
chr11	74655904	74855904	harbor1	chr11	74675474	74675583	SINE/MIR	527	-	54	74675528	19624
chr11	74655904	74855904	harbor1	chr11	74701151	74701328	SINE/MIR	575	-	88	74701239	45335
chr11	74655904	74855904	harbor1	chr11	74714936	74715130	SINE/MIR	441	-	97	74715033	59129
chr11	74655904	74855904	harbor1	chr11	74727100	74727298	SINE/MIR	503	-	99	74727199	71295
chr11	74655904	74855904	harbor1	chr11	74729306	74729506	SINE/MIR	744	-	100	74729406	73502
chr11	74655904	74855904	harbor1	chr11	74746515	74746639	SINE/MIR	446	-	62	74746577	90673
chr11	74655904	74855904	harbor1	chr11	74751173	74751276	SINE/MIR	528	-	52	74751225	95321
chr11	12455680	12655680	harbor1	chr11	12470300	12470552	SINE/MIR	922	-	126	12470426	14746
chr11	12455680	12655680	harbor1	chr11	12473019	12473175	SINE/MIR	445	-	78	12473097	17417
chr11	12455680	12655680	harbor1	chr11	12499519	12499672	SINE/MIR	467	-	76	12499595	43915
chr11	12455680	12655680	harbor1	chr11	12502835	12503016	SINE/MIR	455	-	90	12502925	47245
chr11	12455680	12655680	harbor1	chr11	12510356	12510515	SINE/MIR	692	-	80	12510436	54756
chr11	12455680	12655680	harbor1	chr11	12510879	12510958	SINE/MIR	692	-	40	12510919	55239
chr11	12455680	12655680	harbor1	chr11	12512002	12512164	SINE/MIR	655	-	81	12512083	56403
chr11	12455680	12655680	harbor1	chr11	12512665	12512876	SINE/MIR	477	-	106	12512771	57091
chr11	12455680	12655680	harbor1	chr11	12516694	12516956	SINE/MIR	914	-	131	12516825	61145
chr11	12455680	12655680	harbor1	chr11	12528255	12528421	SINE/MIR	597	-	83	12528338	72658
chr11	12455680	12655680	harbor1	chr11	12537387	12537608	SINE/MIR	593	-	110	12537497	81817
chr11	12455680	12655680	harbor1	chr11	12541968	12542165	SINE/MIR	765	-	98	12542066	86386
chr11	12455680	12655680	harbor1	chr11	12548750	12548958	SINE/MIR	615	-	104	12548854	93174
chr11	91650522	91850522	harbor1	chr11	91661678	91661904	SINE/MIR	622	-	113	91661791	11269
chr11	91650522	91850522	harbor1	chr11	91663359	91663575	SINE/MIR	536	-	108	91663467	12945
chr11	91650522	91850522	harbor1	chr11	91663768	91664025	SINE/MIR	761	-	128	91663896	13374
chr11	91650522	91850522	harbor1	chr11	91664404	91664572	SINE/MIR	524	-	84	91664488	13966
chr11	91650522	91850522	harbor1	chr11	91680953	91681139	SINE/MIR	557	-	93	91681046	30524
chr11	91650522	91850522	harbor1	chr11	91684997	91685168	SINE/MIR	390	-	86	91685083	34561
chr11	91650522	91850522	harbor1	chr11	91717563	91717717	SINE/MIR	445	-	77	91717640	67118
chr11	29016135	29216135	harbor1	chr11	29019817	29020032	SINE/MIR	782	-	108	29019925	3790
chr11	29016135	29216135	harbor1	chr11	29089453	29089618	SINE/MIR	388	-	82	29089535	73400
chr11	29016135	29216135	harbor1	chr11	29115881	29116121	SINE/MIR	921	-	120	29116001	99866
chr11	71108475	71308475	harbor1	chr11	71124557	71124697	SINE/MIR	453	-	70	71124627	16152
chr11	101124449	101324449	harbor1	chr11	101131871	101132061	SINE/MIR	477	-	95	101131966	7517
chr11	101124449	101324449	harbor1	chr11	101137945	101138163	SINE/MIR	419	-	109	101138054	13605
chr11	101124449	101324449	harbor1	chr11	101173643	101173841	SINE/MIR	525	-	99	101173742	49293
chr11	101124449	101324449	harbor1	chr11	101193359	101193607	SINE/MIR	705	-	124	101193483	69034
chr11	42031622	42231622	harbor1	chr11	42033362	42033565	SINE/MIR	399	-	102	42033464	1842
chr11	42031622	42231622	harbor1	chr11	42062359	42062577	SINE/MIR	564	-	109	42062468	30846
chr11	42031622	42231622	harbor1	chr11	42074711	42074949	SINE/MIR	591	-	119	42074830	43208
chr11	42031622	42231622	harbor1	chr11	42096858	42097074	SINE/MIR	478	-	108	42096966	65344
chr11	113974068	114174068	harbor1	chr11	113975717	113975886	SINE/MIR	524	-	84	113975801	1733
chr11	113974068	114174068	harbor1	chr11	113987894	113988109	SINE/MIR	560	-	108	113988002	13934
chr11	113974068	114174068	harbor1	chr11	114002084	114002238	SINE/MIR	433	-	77	114002161	28093
chr11	113974068	114174068	harbor1	chr11	114012462	114012604	SINE/MIR	392	-	71	114012533	38465
chr11	113974068	114174068	harbor1	chr11	114023403	114023632	SINE/MIR	547	-	114	114023517	49449
chr11	113974068	114174068	harbor1	chr11	114034468	114034653	SINE/MIR	444	-	92	114034560	60492
chr11	113974068	114174068	harbor1	chr11	114038451	114038540	SINE/MIR	634	-	44	114038495	64427
chr11	113974068	114174068	harbor1	chr11	114038843	114038992	SINE/MIR	634	-	74	114038917	64849
chr11	113974068	114174068	harbor1	chr11	114039764	114039958	SINE/MIR	389	-	97	114039861	65793
chr11	113974068	114174068	harbor1	chr11	114045190	114045339	SINE/MIR	623	-	74	114045264	71196
chr11	113974068	114174068	harbor1	chr11	114051297	114051530	SINE/MIR	403	-	116	114051413	77345
chr11	113974068	114174068	harbor1	chr11	114065714	114065847	SINE/MIR	658	-	66	114065780	91712
chr11	113974068	114174068	harbor1	chr11	114069758	114069857	SINE/MIR	640	-	50	114069808	95740
chr11	113974068	114174068	harbor1	chr11	114070482	114070620	SINE/MIR	640	-	69	114070551	96483
chr11	113974068	114174068	harbor1	chr11	114072600	114072770	SINE/MIR	448	-	85	114072685	98617
chr11	113974068	114174068	harbor1	chr11	114073076	114073125	SINE/MIR	448	-	24	114073100	99032
chr11	113974068	114174068	harbor1	chr11	114065314	114065419	SINE/MIR	658	-	52	114065366	91298
chr11	7361377	7561377	harbor1	chr11	7367864	7368093	SINE/MIR	820	-	114	7367978	6601
chr11	54662421	54862421	harbor1	chr11	54681215	54681495	SINE/MIR	690	-	140	54681355	18934
chr11	54662421	54862421	harbor1	chr11	54690895	54691097	SINE/MIR	441	-	101	54690996	28575
chr11	54662421	54862421	harbor1	chr11	54705268	54705513	SINE/MIR	641	-	122	54705390	42969
chr11	54662421	54862421	harbor1	chr11	54723334	54723547	SINE/MIR	583	-	106	54723440	61019
chr11	81910066	82110066	harbor1	chr11	81911871	81912127	SINE/MIR	466	-	128	81911999	1933
chr11	81910066	82110066	harbor1	chr11	81940857	81941044	SINE/MIR	420	-	94	81940951	30885
chr11	81910066	82110066	harbor1	chr11	81994881	81995108	SINE/MIR	468	-	114	81994995	84929
chr11	87721797	87921797	harbor1	chr11	87725806	87726021	SINE/MIR	383	-	108	87725914	4117
chr11	87721797	87921797	harbor1	chr11	87740198	87740381	SINE/MIR	410	-	92	87740290	18493
chr11	87721797	87921797	harbor1	chr11	87747145	87747280	SINE/MIR	383	-	68	87747213	25416
chr11	87721797	87921797	harbor1	chr11	87818331	87818574	SINE/MIR	690	-	122	87818453	96656
chr11	87721797	87921797	harbor1	chr11	87736222	87736385	SINE/MIR	418	-	82	87736304	14507
chr11	37292385	37492385	harbor1	chr11	37323927	37324147	SINE/MIR	520	-	110	37324037	31652
chr11	37292385	37492385	harbor1	chr11	37338833	37339079	SINE/MIR	669	-	123	37338956	46571
chr11	37292385	37492385	harbor1	chr11	37345412	37345547	SINE/MIR	485	-	68	37345480	53095
chr11	37189641	37389641	harbor1	chr11	37235001	37235147	SINE/MIR	620	-	73	37235074	45433
chr11	37189641	37389641	harbor1	chr11	37253624	37253811	SINE/MIR	418	-	94	37253718	64077
chr11	37189641	37389641	harbor1	chr11	37284925	37285160	SINE/MIR	608	-	118	37285043	95402
chr11	76156563	76356563	harbor1	chr11	76168627	76168772	SINE/MIR	403	-	72	76168699	12136
chr11	76156563	76356563	harbor1	chr11	76179796	76180047	SINE/MIR	550	-	126	76179922	23359
chr11	76156563	76356563	harbor1	chr11	76180255	76180465	SINE/MIR	418	-	105	76180360	23797
chr11	76156563	76356563	harbor1	chr11	76192078	76192324	SINE/MIR	638	-	123	76192201	35638
chr11	76156563	76356563	harbor1	chr11	76192879	76193020	SINE/MIR	391	-	70	76192949	36386
chr11	76156563	76356563	harbor1	chr11	76194168	76194347	SINE/MIR	585	-	90	76194258	37695
chr11	76156563	76356563	harbor1	chr11	76203069	76203211	SINE/MIR	401	-	71	76203140	46577
chr11	76156563	76356563	harbor1	chr11	76207387	76207557	SINE/MIR	403	-	85	76207472	50909
chr11	76156563	76356563	harbor1	chr11	76218494	76218725	SINE/MIR	693	-	116	76218610	62047
chr11	76156563	76356563	harbor1	chr11	76219029	76219128	SINE/MIR	445	-	50	76219079	62516
chr11	76156563	76356563	harbor1	chr11	76219678	76219917	SINE/MIR	523	-	120	76219798	63235
chr11	76156563	76356563	harbor1	chr11	76224814	76225031	SINE/MIR	657	-	108	76224922	68359
chr11	76156563	76356563	harbor1	chr11	76228725	76228884	SINE/MIR	410	-	80	76228805	72242
chr11	76156563	76356563	harbor1	chr11	76231008	76231205	SINE/MIR	564	-	98	76231106	74543
chr11	76156563	76356563	harbor1	chr11	76236788	76236977	SINE/MIR	382	-	94	76236882	80319
chr11	76156563	76356563	harbor1	chr11	76237321	76237552	SINE/MIR	623	-	116	76237437	80874
chr11	76156563	76356563	harbor1	chr11	76242665	76242815	SINE/MIR	442	-	75	76242740	86177
chr11	76156563	76356563	harbor1	chr11	76246933	76247099	SINE/MIR	507	-	83	76247016	90453
chr11	76156563	76356563	harbor1	chr11	76248701	76248891	SINE/MIR	389	-	95	76248796	92233
chr11	28106160	28306160	harbor1	chr11	28109405	28109520	SINE/MIR	443	-	58	28109463	3303
chr11	28106160	28306160	harbor1	chr11	28161993	28162212	SINE/MIR	505	-	110	28162103	55943
chr11	28106160	28306160	harbor1	chr11	28197416	28197567	SINE/MIR	511	-	76	28197492	91332
chr11	28106160	28306160	harbor1	chr11	28204747	28204889	SINE/MIR	399	-	71	28204818	98658
chr11	70522453	70722453	harbor1	chr11	70524027	70524172	SINE/MIR	390	-	72	70524099	1646
chr11	70522453	70722453	harbor1	chr11	70529243	70529426	SINE/MIR	492	-	92	70529335	6882
chr11	88572653	88772653	harbor1	chr11	88581324	88581494	SINE/MIR	493	-	85	88581409	8756
chr11	88572653	88772653	harbor1	chr11	88598896	88599048	SINE/MIR	398	-	76	88598972	26319
chr11	88572653	88772653	harbor1	chr11	88627039	88627257	SINE/MIR	725	-	109	88627148	54495
chr11	88572653	88772653	harbor1	chr11	88631508	88631701	SINE/MIR	418	-	96	88631604	58951
chr11	122314695	122514695	harbor1	chr11	122323185	122323335	SINE/MIR	405	-	75	122323260	8565
chr11	122314695	122514695	harbor1	chr11	122348645	122348848	SINE/MIR	430	-	102	122348747	34052
chr11	122314695	122514695	harbor1	chr11	122356036	122356188	SINE/MIR	417	-	76	122356112	41417
chr11	122314695	122514695	harbor1	chr11	122356654	122356734	SINE/MIR	685	-	40	122356694	41999
chr11	122314695	122514695	harbor1	chr11	122356892	122357048	SINE/MIR	685	-	78	122356970	42275
chr11	122314695	122514695	harbor1	chr11	122362199	122362351	SINE/MIR	517	-	76	122362275	47580
chr11	122314695	122514695	harbor1	chr11	122364486	122364618	SINE/MIR	499	-	66	122364552	49857
chr11	109497366	109697366	harbor1	chr11	109507791	109508054	SINE/MIR	573	-	132	109507923	10557
chr11	109497366	109697366	harbor1	chr11	109531303	109531530	SINE/MIR	398	-	114	109531417	34051
chr11	109497366	109697366	harbor1	chr11	109554530	109554691	SINE/MIR	411	-	80	109554610	57244
chr11	109497366	109697366	harbor1	chr11	109587345	109587581	SINE/MIR	525	-	118	109587463	90097
chr11	122922968	123122968	harbor1	chr11	122993713	122993932	SINE/MIR	514	-	110	122993823	70855
chr11	122922968	123122968	harbor1	chr11	122995856	122996017	SINE/MIR	382	-	80	122995936	72968
chr11	122922968	123122968	harbor1	chr11	123010548	123010791	SINE/MIR	784	-	122	123010670	87702
chr11	122922968	123122968	harbor1	chr11	123013426	123013611	SINE/MIR	745	-	92	123013518	90550
chr11	122922968	123122968	harbor1	chr11	123016107	123016299	SINE/MIR	421	-	96	123016203	93235
chr11	122922968	123122968	harbor1	chr11	123022785	123022976	SINE/MIR	430	-	96	123022881	99913
chr11	72629478	72829478	harbor1	chr11	72645784	72645974	SINE/MIR	606	-	95	72645879	16401
chr11	72629478	72829478	harbor1	chr11	72646298	72646517	SINE/MIR	579	-	110	72646408	16930
chr11	72629478	72829478	harbor1	chr11	72652617	72652803	SINE/MIR	544	-	93	72652710	23232
chr11	72629478	72829478	harbor1	chr11	72658997	72659202	SINE/MIR	577	-	102	72659099	29621
chr11	72629478	72829478	harbor1	chr11	72660513	72660700	SINE/MIR	569	-	94	72660607	31129
chr11	72629478	72829478	harbor1	chr11	72668994	72669247	SINE/MIR	461	-	126	72669120	39642
chr11	72629478	72829478	harbor1	chr11	72682535	72682707	SINE/MIR	531	-	86	72682621	53143
chr11	72629478	72829478	harbor1	chr11	72709208	72709371	SINE/MIR	492	-	82	72709290	79812
chr11	72629478	72829478	harbor1	chr11	72717685	72717879	SINE/MIR	484	-	97	72717782	88304
chr11	72629478	72829478	harbor1	chr11	72718933	72719134	SINE/MIR	553	-	100	72719033	89555
chr11	13101526	13301526	harbor1	chr11	13102988	13103118	SINE/MIR	395	-	65	13103053	1527
chr11	13101526	13301526	harbor1	chr11	13110266	13110482	SINE/MIR	418	-	108	13110374	8848
chr11	13101526	13301526	harbor1	chr11	13120816	13121012	SINE/MIR	569	-	98	13120914	19388
chr11	13101526	13301526	harbor1	chr11	13153658	13153829	SINE/MIR	458	-	86	13153744	52218
chr11	13101526	13301526	harbor1	chr11	13171822	13172033	SINE/MIR	484	-	106	13171928	70402
chr11	13101526	13301526	harbor1	chr11	13174832	13175012	SINE/MIR	570	-	90	13174922	73396
chr11	13101526	13301526	harbor1	chr11	13183853	13184108	SINE/MIR	559	-	128	13183981	82455
chr11	69904622	70104622	harbor1	chr11	69909380	69909481	SINE/MIR	398	-	50	69909430	4808
chr11	69904622	70104622	harbor1	chr11	69929872	69930039	SINE/MIR	379	-	84	69929956	25334
chr11	69904622	70104622	harbor1	chr11	69965739	69965903	SINE/MIR	530	-	82	69965821	61199
chr11	69904622	70104622	harbor1	chr11	69974351	69974526	SINE/MIR	471	-	88	69974439	69817
chr11	69904622	70104622	harbor1	chr11	69989032	69989269	SINE/MIR	650	-	118	69989150	84528
chr11	26902327	27102327	harbor1	chr11	26902698	26902874	SINE/MIR	537	-	88	26902786	459
chr11	26902327	27102327	harbor1	chr11	26933941	26934099	SINE/MIR	509	-	79	26934020	31693
chr11	26902327	27102327	harbor1	chr11	26950708	26950849	SINE/MIR	438	-	70	26950778	48451
chr11	26902327	27102327	harbor1	chr11	26951193	26951256	SINE/MIR	492	-	32	26951225	48898
chr11	26902327	27102327	harbor1	chr11	26951282	26951452	SINE/MIR	492	-	85	26951367	49040
chr11	131572888	131772888	harbor1	chr11	131587042	131587202	SINE/MIR	463	-	80	131587122	14234
chr11	131572888	131772888	harbor1	chr11	131587982	131588174	SINE/MIR	639	-	96	131588078	15190
chr11	131572888	131772888	harbor1	chr11	131590641	131590873	SINE/MIR	411	-	116	131590757	17869
chr11	131572888	131772888	harbor1	chr11	131593536	131593720	SINE/MIR	412	-	92	131593628	20740
chr11	131572888	131772888	harbor1	chr11	131638903	131639156	SINE/MIR	847	-	126	131639029	66141
chr11	131572888	131772888	harbor1	chr11	131645062	131645229	SINE/MIR	565	-	84	131645146	72258
chr11	131572888	131772888	harbor1	chr11	131663749	131663971	SINE/MIR	432	-	111	131663860	90972
chr11	131572888	131772888	harbor1	chr11	131667961	131668175	SINE/MIR	412	-	107	131668068	95180
chr11	66456185	66656185	harbor1	chr11	66464810	66464954	SINE/MIR	395	-	72	66464882	8697
chr11	66456185	66656185	harbor1	chr11	66468752	66468976	SINE/MIR	736	-	112	66468864	12679
chr11	66456185	66656185	harbor1	chr11	66469266	66469497	SINE/MIR	520	-	116	66469382	13197
chr11	66456185	66656185	harbor1	chr11	66474657	66474719	SINE/MIR	702	-	31	66474688	18503
chr11	66456185	66656185	harbor1	chr11	66475031	66475208	SINE/MIR	702	-	88	66475119	18934
chr11	66456185	66656185	harbor1	chr11	66477303	66477500	SINE/MIR	479	-	98	66477401	21216
chr11	66456185	66656185	harbor1	chr11	66496011	66496181	SINE/MIR	657	-	85	66496096	39911
chr11	66456185	66656185	harbor1	chr11	66503355	66503514	SINE/MIR	445	-	80	66503435	47250
chr11	66456185	66656185	harbor1	chr11	66505531	66505692	SINE/MIR	681	-	80	66505611	49426
chr11	66456185	66656185	harbor1	chr11	66507675	66507687	SINE/MIR	532	-	6	66507681	51496
chr11	66456185	66656185	harbor1	chr11	66507977	66508158	SINE/MIR	533	-	90	66508067	51882
chr11	66456185	66656185	harbor1	chr11	66509390	66509608	SINE/MIR	539	-	109	66509499	53314
chr11	66456185	66656185	harbor1	chr11	66514111	66514297	SINE/MIR	405	-	93	66514204	58019
chr11	66456185	66656185	harbor1	chr11	66550110	66550274	SINE/MIR	413	-	82	66550192	94007
chr11	133574343	133774343	harbor1	chr11	133587634	133587851	SINE/MIR	632	-	108	133587742	13399
chr11	133574343	133774343	harbor1	chr11	133589742	133589940	SINE/MIR	383	-	99	133589841	15498
chr11	133574343	133774343	harbor1	chr11	133595544	133595727	SINE/MIR	674	-	92	133595636	21293
chr11	133574343	133774343	harbor1	chr11	133604692	133604918	SINE/MIR	598	-	113	133604805	30462
chr11	133574343	133774343	harbor1	chr11	133633202	133633450	SINE/MIR	736	-	124	133633326	58983
chr11	133574343	133774343	harbor1	chr11	133669331	133669539	SINE/MIR	790	-	104	133669435	95092
chr11	133574343	133774343	harbor1	chr11	133595027	133595208	SINE/MIR	502	-	90	133595117	20774
chr11	124207915	124407915	harbor1	chr11	124248887	124249036	SINE/MIR	468	-	74	124248961	41046
chr11	124207915	124407915	harbor1	chr11	124264142	124264297	SINE/MIR	466	-	78	124264220	56305
chr11	124207915	124407915	harbor1	chr11	124273314	124273533	SINE/MIR	923	-	110	124273424	65509
chr11	44804875	45004875	harbor1	chr11	44808104	44808306	SINE/MIR	692	-	101	44808205	3330
chr11	44804875	45004875	harbor1	chr11	44808977	44809204	SINE/MIR	602	-	114	44809091	4216
chr11	44804875	45004875	harbor1	chr11	44825230	44825482	SINE/MIR	499	-	126	44825356	20481
chr11	44804875	45004875	harbor1	chr11	44840379	44840581	SINE/MIR	458	-	101	44840480	35605
chr11	44804875	45004875	harbor1	chr11	44841955	44842134	SINE/MIR	402	-	90	44842045	37170
chr11	44804875	45004875	harbor1	chr11	44846060	44846262	SINE/MIR	857	-	101	44846161	41286
chr11	44804875	45004875	harbor1	chr11	44850557	44850748	SINE/MIR	490	-	96	44850653	45778
chr11	44804875	45004875	harbor1	chr11	44852290	44852469	SINE/MIR	655	-	90	44852380	47505
chr11	44804875	45004875	harbor1	chr11	44853450	44853681	SINE/MIR	672	-	116	44853566	48691
chr11	44804875	45004875	harbor1	chr11	44855461	44855644	SINE/MIR	601	-	92	44855553	50678
chr11	44804875	45004875	harbor1	chr11	44858389	44858570	SINE/MIR	397	-	90	44858479	53604
chr11	44804875	45004875	harbor1	chr11	44870631	44870796	SINE/MIR	397	-	82	44870713	65838
chr11	44804875	45004875	harbor1	chr11	44872604	44872787	SINE/MIR	826	-	92	44872696	67821
chr11	44804875	45004875	harbor1	chr11	44874416	44874577	SINE/MIR	473	-	80	44874496	69621
chr11	44804875	45004875	harbor1	chr11	44883615	44883721	SINE/MIR	390	-	53	44883668	78793
chr11	44804875	45004875	harbor1	chr11	44884653	44884851	SINE/MIR	489	-	99	44884752	79877
chr11	44804875	45004875	harbor1	chr11	44899621	44899836	SINE/MIR	491	-	108	44899729	94854
chr11	44804875	45004875	harbor1	chr11	44900614	44900680	SINE/MIR	408	-	33	44900647	95772
chr11	44804875	45004875	harbor1	chr11	44900995	44901144	SINE/MIR	408	-	74	44901069	96194
chr11	44804875	45004875	harbor1	chr11	44901542	44901729	SINE/MIR	506	-	94	44901636	96761
chr11	44804875	45004875	harbor1	chr11	44902236	44902355	SINE/MIR	579	-	60	44902296	97421
chr11	44804875	45004875	harbor1	chr11	44859335	44859570	SINE/MIR	592	-	118	44859453	54578
chr11	44804875	45004875	harbor1	chr11	44826536	44826725	SINE/MIR	721	-	94	44826630	21755
chr11	38037663	38237663	harbor1	chr11	38050898	38051101	SINE/MIR	460	-	102	38051000	13337
chr11	38037663	38237663	harbor1	chr11	38130112	38130311	SINE/MIR	521	-	100	38130212	92549
chr11	3465407	3665407	harbor1	chr11	3565021	3565171	SINE/MIR	380	-	75	3565096	99689
chr11	39344920	39544920	harbor1	chr11	39416045	39416213	SINE/MIR	448	-	84	39416129	71209
chr11	39344920	39544920	harbor1	chr11	39416625	39416852	SINE/MIR	666	-	114	39416739	71819
chr11	39344920	39544920	harbor1	chr11	39443119	39443278	SINE/MIR	432	-	80	39443199	98279
chr11	132180226	132380226	harbor1	chr11	132206427	132206653	SINE/MIR	575	-	113	132206540	26314
chr11	132180226	132380226	harbor1	chr11	132221703	132221899	SINE/MIR	407	-	98	132221801	41575
chr11	132180226	132380226	harbor1	chr11	132229161	132229396	SINE/MIR	510	-	118	132229279	49053
chr11	132180226	132380226	harbor1	chr11	132230283	132230446	SINE/MIR	399	-	82	132230365	50139
chr11	132180226	132380226	harbor1	chr11	132236138	132236322	SINE/MIR	598	-	92	132236230	56004
chr11	132180226	132380226	harbor1	chr11	132253200	132253430	SINE/MIR	470	-	115	132253315	73089
chr11	132180226	132380226	harbor1	chr11	132257604	132257809	SINE/MIR	469	-	102	132257706	77480
chr11	132180226	132380226	harbor1	chr11	132260237	132260402	SINE/MIR	397	-	82	132260319	80093
chr11	132180226	132380226	harbor1	chr11	132265727	132265909	SINE/MIR	647	-	91	132265818	85592
chr11	104034148	104234148	harbor1	chr11	104040540	104040675	SINE/MIR	406	-	68	104040608	6460
chr11	104034148	104234148	harbor1	chr11	104048890	104049103	SINE/MIR	508	-	106	104048996	14848
chr11	104034148	104234148	harbor1	chr11	104091980	104092224	SINE/MIR	543	-	122	104092102	57954
chr11	104034148	104234148	harbor1	chr11	104097621	104097863	SINE/MIR	436	-	121	104097742	63594
chr11	104034148	104234148	harbor1	chr11	104099021	104099196	SINE/MIR	414	-	88	104099109	64961
chr11	104034148	104234148	harbor1	chr11	104105020	104105219	SINE/MIR	425	-	100	104105120	70972
chr11	74666789	74866789	harbor1	chr11	74670007	74670200	SINE/MIR	563	-	96	74670103	3314
chr11	74666789	74866789	harbor1	chr11	74675474	74675583	SINE/MIR	527	-	54	74675528	8739
chr11	74666789	74866789	harbor1	chr11	74701151	74701328	SINE/MIR	575	-	88	74701239	34450
chr11	74666789	74866789	harbor1	chr11	74714936	74715130	SINE/MIR	441	-	97	74715033	48244
chr11	74666789	74866789	harbor1	chr11	74727100	74727298	SINE/MIR	503	-	99	74727199	60410
chr11	74666789	74866789	harbor1	chr11	74729306	74729506	SINE/MIR	744	-	100	74729406	62617
chr11	74666789	74866789	harbor1	chr11	74746515	74746639	SINE/MIR	446	-	62	74746577	79788
chr11	74666789	74866789	harbor1	chr11	74751173	74751276	SINE/MIR	528	-	52	74751225	84436
chr11	80660109	80860109	harbor1	chr11	80683010	80683216	SINE/MIR	439	-	103	80683113	23004
chr11	80660109	80860109	harbor1	chr11	80693645	80693871	SINE/MIR	379	-	113	80693758	33649
chr11	80660109	80860109	harbor1	chr11	80721203	80721380	SINE/MIR	408	-	88	80721291	61182
chr11	80660109	80860109	harbor1	chr11	80725577	80725822	SINE/MIR	411	-	122	80725699	65590
chr11	80660109	80860109	harbor1	chr11	80732863	80733107	SINE/MIR	550	-	122	80732985	72876
chr11	80660109	80860109	harbor1	chr11	80755699	80755900	SINE/MIR	593	-	100	80755799	95690
chr11	80660109	80860109	harbor1	chr11	80757719	80757906	SINE/MIR	485	-	94	80757813	97704
chr11	93561657	93761657	harbor1	chr11	93562640	93562731	SINE/MIR	567	-	46	93562686	1029
chr11	93561657	93761657	harbor1	chr11	93563087	93563187	SINE/MIR	567	-	50	93563137	1480
chr11	93561657	93761657	harbor1	chr11	93569612	93569760	SINE/MIR	736	-	74	93569686	8029
chr11	93561657	93761657	harbor1	chr11	93589353	93589474	SINE/MIR	380	-	60	93589413	27756
chr11	93561657	93761657	harbor1	chr11	93615185	93615417	SINE/MIR	723	-	116	93615301	53644
chr11	93561657	93761657	harbor1	chr11	93657692	93657876	SINE/MIR	410	-	92	93657784	96127
chr11	93561657	93761657	harbor1	chr11	93658175	93658201	SINE/MIR	410	-	13	93658188	96531
chr11	61819749	62019749	harbor1	chr11	61854280	61854489	SINE/MIR	632	-	104	61854384	34635
chr11	61819749	62019749	harbor1	chr11	61885000	61885120	SINE/MIR	431	-	60	61885060	65311
chr11	61819749	62019749	harbor1	chr11	61888769	61888881	SINE/MIR	383	-	56	61888825	69076
chr11	61819749	62019749	harbor1	chr11	61910062	61910200	SINE/MIR	492	-	69	61910131	90382
chr11	78879808	79079808	harbor1	chr11	78883258	78883450	SINE/MIR	469	-	96	78883354	3546
chr11	78879808	79079808	harbor1	chr11	78884043	78884285	SINE/MIR	865	-	121	78884164	4356
chr11	78879808	79079808	harbor1	chr11	78886501	78886707	SINE/MIR	394	-	103	78886604	6796
chr11	78879808	79079808	harbor1	chr11	78891590	78891814	SINE/MIR	726	-	112	78891702	11894
chr11	78879808	79079808	harbor1	chr11	78892648	78892908	SINE/MIR	629	-	130	78892778	12970
chr11	78879808	79079808	harbor1	chr11	78895414	78895530	SINE/MIR	535	-	58	78895472	15664
chr11	78879808	79079808	harbor1	chr11	78895715	78895856	SINE/MIR	503	-	70	78895785	15977
chr11	78879808	79079808	harbor1	chr11	78900558	78900797	SINE/MIR	703	-	120	78900678	20870
chr11	78879808	79079808	harbor1	chr11	78902884	78903110	SINE/MIR	398	-	113	78902997	23189
chr11	78879808	79079808	harbor1	chr11	78904554	78904691	SINE/MIR	572	-	68	78904622	24814
chr11	78879808	79079808	harbor1	chr11	78906151	78906275	SINE/MIR	439	-	62	78906213	26405
chr11	78879808	79079808	harbor1	chr11	78909270	78909502	SINE/MIR	1000	-	116	78909386	29578
chr11	78879808	79079808	harbor1	chr11	78917985	78918123	SINE/MIR	460	-	69	78918054	38246
chr11	78879808	79079808	harbor1	chr11	78919147	78919328	SINE/MIR	683	-	90	78919237	39429
chr11	78879808	79079808	harbor1	chr11	78920916	78921125	SINE/MIR	528	-	104	78921020	41212
chr11	78879808	79079808	harbor1	chr11	78935374	78935516	SINE/MIR	393	-	71	78935445	55637
chr11	78879808	79079808	harbor1	chr11	78942701	78942940	SINE/MIR	518	-	120	78942821	63013
chr11	78879808	79079808	harbor1	chr11	78944707	78944926	SINE/MIR	715	-	110	78944817	65009
chr11	78879808	79079808	harbor1	chr11	78950636	78950865	SINE/MIR	596	-	114	78950750	70942
chr11	78879808	79079808	harbor1	chr11	78960056	78960171	SINE/MIR	432	-	58	78960114	80306
chr11	78879808	79079808	harbor1	chr11	78974254	78974464	SINE/MIR	651	-	105	78974359	94551
chr11	78879808	79079808	harbor1	chr11	78975830	78976049	SINE/MIR	383	-	110	78975940	96132
chr11	78879808	79079808	harbor1	chr11	78977425	78977552	SINE/MIR	412	-	64	78977489	97681
chr11	118761380	118961380	harbor1	chr11	118776212	118776406	SINE/MIR	508	-	97	118776309	14929
chr11	118761380	118961380	harbor1	chr11	118806703	118806849	SINE/MIR	450	-	73	118806776	45396
chr11	118761380	118961380	harbor1	chr11	118816800	118817001	SINE/MIR	902	-	100	118816900	55520
chr11	118761380	118961380	harbor1	chr11	118819512	118819692	SINE/MIR	519	-	90	118819602	58222
chr11	118761380	118961380	harbor1	chr11	118857939	118858097	SINE/MIR	591	-	79	118858018	96638
chr11	118761380	118961380	harbor1	chr11	118860953	118861129	SINE/MIR	381	-	88	118861041	99661
chr11	31782150	31982150	harbor1	chr11	31849801	31849961	SINE/MIR	555	-	80	31849881	67731
chr11	31782150	31982150	harbor1	chr11	31872387	31872529	SINE/MIR	465	-	71	31872458	90308
chr11	31782150	31982150	harbor1	chr11	31874147	31874335	SINE/MIR	544	-	94	31874241	92091
chr11	31782150	31982150	harbor1	chr11	31875311	31875516	SINE/MIR	443	-	102	31875413	93263
chr11	31782150	31982150	harbor1	chr11	31876782	31877007	SINE/MIR	646	-	112	31876894	94744
chr11	31782150	31982150	harbor1	chr11	31878908	31879014	SINE/MIR	376	-	53	31878961	96811
chr11	31782150	31982150	harbor1	chr11	31880620	31880802	SINE/MIR	443	-	91	31880711	98561
chr12	21974672	22174672	harbor1	chr12	22039246	22039449	SINE/MIR	692	-	102	22039348	64676
chr12	21974672	22174672	harbor1	chr12	22051906	22052069	SINE/MIR	563	-	82	22051988	77316
chr12	21974672	22174672	harbor1	chr12	22059319	22059529	SINE/MIR	564	-	105	22059424	84752
chr12	94480564	94680564	harbor1	chr12	94488954	94489114	SINE/MIR	506	-	80	94489034	8470
chr12	94480564	94680564	harbor1	chr12	94506145	94506395	SINE/MIR	887	-	125	94506270	25706
chr12	94480564	94680564	harbor1	chr12	94575316	94575508	SINE/MIR	733	-	96	94575412	94848
chr12	96973387	97173387	harbor1	chr12	96982821	96983034	SINE/MIR	489	-	106	96982927	9540
chr12	96973387	97173387	harbor1	chr12	97009349	97009524	SINE/MIR	466	-	88	97009437	36050
chr12	96973387	97173387	harbor1	chr12	97035597	97035778	SINE/MIR	468	-	90	97035687	62300
chr12	5048950	5248950	harbor1	chr12	5050891	5051043	SINE/MIR	519	-	76	5050967	2017
chr12	5048950	5248950	harbor1	chr12	5059971	5060178	SINE/MIR	538	-	104	5060075	11125
chr12	5048950	5248950	harbor1	chr12	5062332	5062526	SINE/MIR	562	-	97	5062429	13479
chr12	5048950	5248950	harbor1	chr12	5063143	5063300	SINE/MIR	535	-	78	5063221	14271
chr12	5048950	5248950	harbor1	chr12	5066749	5066952	SINE/MIR	480	-	102	5066851	17901
chr12	5048950	5248950	harbor1	chr12	5101311	5101511	SINE/MIR	459	-	100	5101411	52461
chr12	5048950	5248950	harbor1	chr12	5136988	5137159	SINE/MIR	589	-	86	5137074	88124
chr12	5048950	5248950	harbor1	chr12	5140389	5140559	SINE/MIR	607	-	85	5140474	91524
chr12	17899436	18099436	harbor1	chr12	17931575	17931756	SINE/MIR	480	-	90	17931665	32229
chr12	17899436	18099436	harbor1	chr12	17948510	17948660	SINE/MIR	536	-	75	17948585	49149
chr12	124815566	125015566	harbor1	chr12	124848951	124849169	SINE/MIR	719	-	109	124849060	33494
chr12	124815566	125015566	harbor1	chr12	124886869	124887112	SINE/MIR	769	-	122	124886991	71425
chr12	16244172	16444172	harbor1	chr12	16270639	16270779	SINE/MIR	472	-	70	16270709	26537
chr12	16244172	16444172	harbor1	chr12	16272079	16272316	SINE/MIR	610	-	118	16272197	28025
chr12	16244172	16444172	harbor1	chr12	16286921	16287131	SINE/MIR	639	-	105	16287026	42854
chr12	16244172	16444172	harbor1	chr12	16322530	16322779	SINE/MIR	827	-	124	16322654	78482
chr12	16244172	16444172	harbor1	chr12	16331516	16331717	SINE/MIR	501	-	100	16331616	87444
chr12	16244172	16444172	harbor1	chr12	16332324	16332362	SINE/MIR	591	-	19	16332343	88171
chr12	16244172	16444172	harbor1	chr12	16333022	16333152	SINE/MIR	584	-	65	16333087	88915
chr12	32739466	32939466	harbor1	chr12	32788325	32788560	SINE/MIR	894	-	118	32788443	48977
chr12	114095397	114295397	harbor1	chr12	114187116	114187360	SINE/MIR	662	-	122	114187238	91841
chr12	114095397	114295397	harbor1	chr12	114190883	114190998	SINE/MIR	431	-	58	114190941	95544
chr12	31094007	31294007	harbor1	chr12	31151822	31152036	SINE/MIR	556	-	107	31151929	57922
chr12	3323047	3523047	harbor1	chr12	3323559	3323794	SINE/MIR	626	-	118	3323677	630
chr12	3323047	3523047	harbor1	chr12	3324787	3324996	SINE/MIR	547	-	104	3324891	1844
chr12	3323047	3523047	harbor1	chr12	3330094	3330250	SINE/MIR	491	-	78	3330172	7125
chr12	3323047	3523047	harbor1	chr12	3332441	3332594	SINE/MIR	468	-	76	3332517	9470
chr12	3323047	3523047	harbor1	chr12	3332960	3333046	SINE/MIR	492	-	43	3333003	9956
chr12	3323047	3523047	harbor1	chr12	3339455	3339689	SINE/MIR	693	-	117	3339572	16525
chr12	3323047	3523047	harbor1	chr12	3346191	3346332	SINE/MIR	507	-	70	3346261	23214
chr12	3323047	3523047	harbor1	chr12	3348648	3348669	SINE/MIR	453	-	10	3348658	25611
chr12	3323047	3523047	harbor1	chr12	3348904	3349110	SINE/MIR	453	-	103	3349007	25960
chr12	3323047	3523047	harbor1	chr12	3361681	3361855	SINE/MIR	424	-	87	3361768	38721
chr12	3323047	3523047	harbor1	chr12	3385118	3385288	SINE/MIR	615	-	85	3385203	62156
chr12	3323047	3523047	harbor1	chr12	3388561	3388753	SINE/MIR	765	-	96	3388657	65610
chr12	3323047	3523047	harbor1	chr12	3390500	3390701	SINE/MIR	631	-	100	3390600	67553
chr12	74971811	75171811	harbor1	chr12	75052109	75052338	SINE/MIR	476	-	114	75052223	80412
chr12	95402324	95602324	harbor1	chr12	95412213	95412446	SINE/MIR	503	-	116	95412329	10005
chr12	95402324	95602324	harbor1	chr12	95421806	95422014	SINE/MIR	646	-	104	95421910	19586
chr12	96932037	97132037	harbor1	chr12	96942123	96942343	SINE/MIR	689	-	110	96942233	10196
chr12	96932037	97132037	harbor1	chr12	96982821	96983034	SINE/MIR	489	-	106	96982927	50890
chr12	96932037	97132037	harbor1	chr12	97009349	97009524	SINE/MIR	466	-	88	97009437	77400
chr12	131564005	131764005	harbor1	chr12	131563961	131564203	SINE/MIR	455	-	121	131564082	77
chr12	54201605	54401605	harbor1	chr12	54208209	54208373	SINE/MIR	427	-	82	54208291	6686
chr12	54201605	54401605	harbor1	chr12	54232406	54232551	SINE/MIR	526	-	72	54232478	30873
chr12	54201605	54401605	harbor1	chr12	54257160	54257314	SINE/MIR	468	-	77	54257237	55632
chr12	54201605	54401605	harbor1	chr12	54272808	54272959	SINE/MIR	532	-	76	54272884	71279
chr12	60476615	60676615	harbor1	chr12	60489068	60489284	SINE/MIR	455	-	108	60489176	12561
chr12	60476615	60676615	harbor1	chr12	60497979	60498147	SINE/MIR	430	-	84	60498063	21448
chr12	7460836	7660836	harbor1	chr12	7488925	7489193	SINE/MIR	634	-	134	7489059	28223
chr12	5847612	6047612	harbor1	chr12	5850888	5851094	SINE/MIR	612	-	103	5850991	3379
chr12	5847612	6047612	harbor1	chr12	5855597	5855809	SINE/MIR	609	-	106	5855703	8091
chr12	5847612	6047612	harbor1	chr12	5878170	5878407	SINE/MIR	764	-	118	5878288	30676
chr12	5847612	6047612	harbor1	chr12	5883859	5884115	SINE/MIR	577	-	128	5883987	36375
chr12	5847612	6047612	harbor1	chr12	5885440	5885671	SINE/MIR	693	-	116	5885556	37944
chr12	5847612	6047612	harbor1	chr12	5917447	5917558	SINE/MIR	463	-	56	5917503	69891
chr12	5847612	6047612	harbor1	chr12	5917861	5918016	SINE/MIR	463	-	78	5917939	70327
chr12	5847612	6047612	harbor1	chr12	5934070	5934253	SINE/MIR	970	-	92	5934162	86550
chr12	5847612	6047612	harbor1	chr12	5946342	5946574	SINE/MIR	534	-	116	5946458	98846
chr12	43246758	43446758	harbor1	chr12	43283681	43283817	SINE/MIR	424	-	68	43283749	36991
chr12	43246758	43446758	harbor1	chr12	43298486	43298706	SINE/MIR	660	-	110	43298596	51838
chr12	43246758	43446758	harbor1	chr12	43299088	43299327	SINE/MIR	840	-	120	43299208	52450
chr12	43246758	43446758	harbor1	chr12	43306852	43307076	SINE/MIR	754	-	112	43306964	60206
chr12	43246758	43446758	harbor1	chr12	43309659	43309869	SINE/MIR	665	-	105	43309764	63006
chr12	41060567	41260567	harbor1	chr12	41132783	41132984	SINE/MIR	441	-	100	41132883	72316
chr12	41060567	41260567	harbor1	chr12	41134786	41134916	SINE/MIR	468	-	65	41134851	74284
chr12	68968222	69168222	harbor1	chr12	69023081	69023156	SINE/MIR	680	-	38	69023119	54897
chr12	68968222	69168222	harbor1	chr12	69023437	69023625	SINE/MIR	680	-	94	69023531	55309
chr12	68968222	69168222	harbor1	chr12	69028262	69028482	SINE/MIR	839	-	110	69028372	60150
chr12	68968222	69168222	harbor1	chr12	69039148	69039385	SINE/MIR	596	-	118	69039266	71044
chr12	81240188	81440188	harbor1	chr12	81308268	81308508	SINE/MIR	692	-	120	81308388	68200
chr12	128985440	129185440	harbor1	chr12	129007357	129007536	SINE/MIR	544	-	90	129007447	22007
chr12	128985440	129185440	harbor1	chr12	129048435	129048676	SINE/MIR	560	-	120	129048555	63115
chr12	74192503	74392503	harbor1	chr12	74243818	74244080	SINE/MIR	522	-	131	74243949	51446
chr12	38249101	38449101	harbor1	chr12	38327390	38327632	SINE/MIR	654	-	121	38327511	78410
chr12	38249101	38449101	harbor1	chr12	38328862	38329057	SINE/MIR	651	-	98	38328960	79859
chr12	38249101	38449101	harbor1	chr12	38333018	38333170	SINE/MIR	499	-	76	38333094	83993
chr12	38249101	38449101	harbor1	chr12	38341253	38341455	SINE/MIR	714	-	101	38341354	92253
chr12	132474048	132674048	harbor1	chr12	132516594	132516820	SINE/MIR	491	-	113	132516707	42659
chr12	132474048	132674048	harbor1	chr12	132544899	132545064	SINE/MIR	494	-	82	132544981	70933
chr12	6746426	6946426	harbor1	chr12	6819927	6820132	SINE/MIR	482	-	102	6820029	73603
chr12	6746426	6946426	harbor1	chr12	6842100	6842265	SINE/MIR	593	-	82	6842182	95756
chr12	59480829	59680829	harbor1	chr12	59494249	59494439	SINE/MIR	438	-	95	59494344	13515
chr12	59480829	59680829	harbor1	chr12	59503718	59503972	SINE/MIR	489	-	127	59503845	23016
chr12	49279687	49479687	harbor1	chr12	49291884	49292022	SINE/MIR	493	-	69	49291953	12266
chr12	49279687	49479687	harbor1	chr12	49292333	49292350	SINE/MIR	493	-	8	49292341	12654
chr12	49279687	49479687	harbor1	chr12	49292614	49292847	SINE/MIR	505	-	116	49292730	13043
chr12	49279687	49479687	harbor1	chr12	49340767	49340959	SINE/MIR	583	-	96	49340863	61176
chr12	49279687	49479687	harbor1	chr12	49369338	49369512	SINE/MIR	416	-	87	49369425	89738
chr12	117274781	117474781	harbor1	chr12	117292526	117292721	SINE/MIR	758	-	98	117292624	17843
chr12	117274781	117474781	harbor1	chr12	117301442	117301645	SINE/MIR	457	-	102	117301544	26763
chr12	117274781	117474781	harbor1	chr12	117312177	117312235	SINE/MIR	454	-	29	117312206	37425
chr12	117274781	117474781	harbor1	chr12	117312369	117312443	SINE/MIR	454	-	37	117312406	37625
chr12	117274781	117474781	harbor1	chr12	117312723	117312838	SINE/MIR	454	-	58	117312781	38000
chr12	117274781	117474781	harbor1	chr12	117314429	117314591	SINE/MIR	479	-	81	117314510	39729
chr12	117274781	117474781	harbor1	chr12	117319885	117320049	SINE/MIR	482	-	82	117319967	45186
chr12	117274781	117474781	harbor1	chr12	117332280	117332421	SINE/MIR	443	-	70	117332350	57569
chr12	117274781	117474781	harbor1	chr12	117344425	117344615	SINE/MIR	480	-	95	117344520	69739
chr12	117274781	117474781	harbor1	chr12	117351695	117351866	SINE/MIR	626	-	86	117351781	77000
chr12	117274781	117474781	harbor1	chr12	117359979	117360131	SINE/MIR	639	-	76	117360055	85274
chr12	117274781	117474781	harbor1	chr12	117364352	117364601	SINE/MIR	612	-	124	117364476	89695
chr12	117274781	117474781	harbor1	chr12	117371506	117371586	SINE/MIR	443	-	40	117371546	96765
chr12	117274781	117474781	harbor1	chr12	117371701	117371902	SINE/MIR	647	-	100	117371801	97020
chr12	117274781	117474781	harbor1	chr12	117358559	117358766	SINE/MIR	673	-	104	117358663	83882
chr12	79388972	79588972	harbor1	chr12	79389430	79389651	SINE/MIR	723	-	110	79389540	568
chr12	79388972	79588972	harbor1	chr12	79439633	79439856	SINE/MIR	944	-	112	79439745	50773
chr12	47719336	47919336	harbor1	chr12	47727628	47727857	SINE/MIR	799	-	114	47727742	8406
chr12	47719336	47919336	harbor1	chr12	47742623	47742863	SINE/MIR	904	-	120	47742743	23407
chr12	47719336	47919336	harbor1	chr12	47743117	47743358	SINE/MIR	973	-	120	47743237	23901
chr12	47719336	47919336	harbor1	chr12	47744400	47744606	SINE/MIR	619	-	103	47744503	25167
chr12	47719336	47919336	harbor1	chr12	47750551	47750785	SINE/MIR	542	-	117	47750668	31332
chr12	47719336	47919336	harbor1	chr12	47760622	47760836	SINE/MIR	927	-	107	47760729	41393
chr12	47719336	47919336	harbor1	chr12	47761753	47762007	SINE/MIR	887	-	127	47761880	42544
chr12	47719336	47919336	harbor1	chr12	47762578	47762779	SINE/MIR	660	-	100	47762678	43342
chr12	47719336	47919336	harbor1	chr12	47770497	47770634	SINE/MIR	433	-	68	47770565	51229
chr12	47719336	47919336	harbor1	chr12	47774285	47774463	SINE/MIR	663	-	89	47774374	55038
chr12	47719336	47919336	harbor1	chr12	47785976	47786187	SINE/MIR	485	-	106	47786082	66746
chr12	47719336	47919336	harbor1	chr12	47807323	47807556	SINE/MIR	989	-	116	47807439	88103
chr12	47719336	47919336	harbor1	chr12	47809875	47809934	SINE/MIR	606	-	30	47809905	90569
chr12	47719336	47919336	harbor1	chr12	47810246	47810362	SINE/MIR	606	-	58	47810304	90968
chr12	47719336	47919336	harbor1	chr12	47812413	47812659	SINE/MIR	626	-	123	47812536	93200
chr12	4705794	4905794	harbor1	chr12	4713637	4713852	SINE/MIR	526	-	108	4713745	7951
chr12	4705794	4905794	harbor1	chr12	4740398	4740424	SINE/MIR	785	-	13	4740411	34617
chr12	4705794	4905794	harbor1	chr12	4740724	4740914	SINE/MIR	785	-	95	4740819	35025
chr12	4705794	4905794	harbor1	chr12	4761294	4761521	SINE/MIR	646	-	114	4761408	55614
chr12	4705794	4905794	harbor1	chr12	4770537	4770734	SINE/MIR	454	-	98	4770635	64841
chr12	4705794	4905794	harbor1	chr12	4783383	4783588	SINE/MIR	600	-	102	4783485	77691
chr12	71993183	72193183	harbor1	chr12	72010034	72010205	SINE/MIR	506	-	86	72010120	16937
chr12	71993183	72193183	harbor1	chr12	72027357	72027592	SINE/MIR	725	-	118	72027475	34292
chr12	71993183	72193183	harbor1	chr12	72049777	72050035	SINE/MIR	472	-	129	72049906	56723
chr12	71993183	72193183	harbor1	chr12	72023873	72024085	SINE/MIR	871	-	106	72023979	30796
chr12	12316099	12516099	harbor1	chr12	12392196	12392376	SINE/MIR	624	-	90	12392286	76187
chr12	12316099	12516099	harbor1	chr12	12403045	12403252	SINE/MIR	676	-	104	12403149	87050
chr12	2044271	2244271	harbor1	chr12	2047299	2047518	SINE/MIR	507	-	110	2047409	3138
chr12	2044271	2244271	harbor1	chr12	2062214	2062454	SINE/MIR	735	-	120	2062334	18063
chr12	2044271	2244271	harbor1	chr12	2075423	2075565	SINE/MIR	550	-	71	2075494	31223
chr12	2044271	2244271	harbor1	chr12	2092688	2092910	SINE/MIR	493	-	111	2092799	48528
chr12	2044271	2244271	harbor1	chr12	2094533	2094708	SINE/MIR	595	-	88	2094621	50350
chr12	2044271	2244271	harbor1	chr12	2097944	2098125	SINE/MIR	507	-	90	2098034	53763
chr12	2044271	2244271	harbor1	chr12	2099850	2100068	SINE/MIR	866	-	109	2099959	55688
chr12	2044271	2244271	harbor1	chr12	2117456	2117635	SINE/MIR	449	-	90	2117546	73275
chr12	2044271	2244271	harbor1	chr12	2128759	2129000	SINE/MIR	428	-	120	2128879	84608
chr12	2044271	2244271	harbor1	chr12	2136341	2136476	SINE/MIR	657	-	68	2136409	92138
chr12	128058448	128258448	harbor1	chr12	128132394	128132599	SINE/MIR	431	-	102	128132496	74048
chr12	128058448	128258448	harbor1	chr12	128151173	128151426	SINE/MIR	637	-	126	128151299	92851
chr12	94056979	94256979	harbor1	chr12	94124982	94125102	SINE/MIR	577	-	60	94125042	68063
chr12	94056979	94256979	harbor1	chr12	94138855	94139064	SINE/MIR	754	-	104	94138959	81980
chr12	94056979	94256979	harbor1	chr12	94153052	94153252	SINE/MIR	501	-	100	94153152	96173
chr12	94056979	94256979	harbor1	chr12	94154100	94154335	SINE/MIR	655	-	118	94154218	97239
chr12	65208481	65408481	harbor1	chr12	65210453	65210717	SINE/MIR	688	-	132	65210585	2104
chr12	65208481	65408481	harbor1	chr12	65296399	65296633	SINE/MIR	427	-	117	65296516	88035
chr12	65208481	65408481	harbor1	chr12	65305939	65306124	SINE/MIR	647	-	92	65306031	97550
chr12	32406090	32606090	harbor1	chr12	32422820	32423008	SINE/MIR	609	-	94	32422914	16824
chr12	32406090	32606090	harbor1	chr12	32464592	32464829	SINE/MIR	450	-	118	32464710	58620
chr12	95882915	96082915	harbor1	chr12	95941336	95941559	SINE/MIR	459	-	112	95941448	58533
chr12	95882915	96082915	harbor1	chr12	95952981	95953169	SINE/MIR	432	-	94	95953075	70160
chr12	95882915	96082915	harbor1	chr12	95979359	95979542	SINE/MIR	534	-	92	95979451	96536
chr12	91960114	92160114	harbor1	chr12	91972795	91973019	SINE/MIR	447	-	112	91972907	12793
chr12	91960114	92160114	harbor1	chr12	91974566	91974709	SINE/MIR	516	-	72	91974638	14524
chr12	91960114	92160114	harbor1	chr12	91991506	91991738	SINE/MIR	435	-	116	91991622	31508
chr12	91960114	92160114	harbor1	chr12	92011700	92011878	SINE/MIR	707	-	89	92011789	51675
chr12	91960114	92160114	harbor1	chr12	92019216	92019405	SINE/MIR	448	-	94	92019310	59196
chr12	91960114	92160114	harbor1	chr12	92039709	92039965	SINE/MIR	658	-	128	92039837	79723
chr12	91960114	92160114	harbor1	chr12	92053698	92053871	SINE/MIR	468	-	86	92053784	93670
chr12	109735929	109935929	harbor1	chr12	109761003	109761212	SINE/MIR	464	-	104	109761107	25178
chr12	109735929	109935929	harbor1	chr12	109771041	109771216	SINE/MIR	419	-	88	109771129	35200
chr12	109735929	109935929	harbor1	chr12	109786419	109786563	SINE/MIR	474	-	72	109786491	50562
chr12	109735929	109935929	harbor1	chr12	109796101	109796322	SINE/MIR	692	-	110	109796211	60282
chr12	109735929	109935929	harbor1	chr12	109797810	109798022	SINE/MIR	656	-	106	109797916	61987
chr12	109735929	109935929	harbor1	chr12	109798233	109798251	SINE/MIR	656	-	9	109798242	62313
chr12	109735929	109935929	harbor1	chr12	109817981	109818122	SINE/MIR	739	-	70	109818051	82122
chr12	109735929	109935929	harbor1	chr12	109818394	109818518	SINE/MIR	643	-	62	109818456	82527
chr12	124871176	125071176	harbor1	chr12	124886869	124887112	SINE/MIR	769	-	122	124886991	15815
chr12	124871176	125071176	harbor1	chr12	124954799	124955046	SINE/MIR	814	-	124	124954923	83747
chr12	109820035	110020035	harbor1	chr12	109844945	109845131	SINE/MIR	601	-	93	109845038	25003
chr12	109820035	110020035	harbor1	chr12	109845680	109845796	SINE/MIR	467	-	58	109845738	25703
chr12	109820035	110020035	harbor1	chr12	109857796	109857955	SINE/MIR	589	-	80	109857876	37841
chr12	109820035	110020035	harbor1	chr12	109898521	109898641	SINE/MIR	423	-	60	109898581	78546
chr12	16131282	16331282	harbor1	chr12	16181557	16181694	SINE/MIR	485	-	68	16181625	50343
chr12	16131282	16331282	harbor1	chr12	16190302	16190468	SINE/MIR	555	-	83	16190385	59103
chr12	16131282	16331282	harbor1	chr12	16192823	16192984	SINE/MIR	491	-	80	16192903	61621
chr12	16131282	16331282	harbor1	chr12	16222124	16222344	SINE/MIR	457	-	110	16222234	90952
chr12	116802124	117002124	harbor1	chr12	116807185	116807306	SINE/MIR	426	-	60	116807245	5121
chr12	116802124	117002124	harbor1	chr12	116807389	116807598	SINE/MIR	812	-	104	116807493	5369
chr12	116802124	117002124	harbor1	chr12	116823787	116824030	SINE/MIR	1183	-	122	116823909	21785
chr12	116802124	117002124	harbor1	chr12	116832731	116832839	SINE/MIR	492	-	54	116832785	30661
chr12	116802124	117002124	harbor1	chr12	116834811	116834850	SINE/MIR	628	-	20	116834831	32707
chr12	116802124	117002124	harbor1	chr12	116835150	116835296	SINE/MIR	628	-	73	116835223	33099
chr12	116802124	117002124	harbor1	chr12	116840223	116840429	SINE/MIR	447	-	103	116840326	38202
chr12	116802124	117002124	harbor1	chr12	116847362	116847516	SINE/MIR	500	-	77	116847439	45315
chr12	116802124	117002124	harbor1	chr12	116850996	116851214	SINE/MIR	558	-	109	116851105	48981
chr12	116802124	117002124	harbor1	chr12	116869505	116869662	SINE/MIR	611	-	78	116869583	67459
chr12	116802124	117002124	harbor1	chr12	116882696	116882950	SINE/MIR	584	-	127	116882823	80699
chr12	116802124	117002124	harbor1	chr12	116884603	116884778	SINE/MIR	761	-	88	116884691	82567
chr12	110452826	110652826	harbor1	chr12	110493923	110494068	SINE/MIR	497	-	72	110493995	41169
chr12	110452826	110652826	harbor1	chr12	110515838	110515959	SINE/MIR	571	-	60	110515898	63072
chr12	6654406	6854406	harbor1	chr12	6675226	6675419	SINE/MIR	456	-	96	6675322	20916
chr12	6654406	6854406	harbor1	chr12	6677020	6677255	SINE/MIR	646	-	118	6677138	22732
chr12	6654406	6854406	harbor1	chr12	6684052	6684231	SINE/MIR	607	-	90	6684142	29736
chr12	109413647	109613647	harbor1	chr12	109435615	109435843	SINE/MIR	660	-	114	109435729	22082
chr12	109413647	109613647	harbor1	chr12	109456360	109456596	SINE/MIR	546	-	118	109456478	42831
chr12	109413647	109613647	harbor1	chr12	109466295	109466492	SINE/MIR	520	-	98	109466393	52746
chr12	109413647	109613647	harbor1	chr12	109479382	109479552	SINE/MIR	587	-	85	109479467	65820
chr12	109413647	109613647	harbor1	chr12	109487999	109488252	SINE/MIR	1076	-	126	109488125	74478
chr12	109413647	109613647	harbor1	chr12	109493757	109493825	SINE/MIR	714	-	34	109493791	80144
chr12	109413647	109613647	harbor1	chr12	109494127	109494255	SINE/MIR	714	-	64	109494191	80544
chr12	109413647	109613647	harbor1	chr12	109499265	109499486	SINE/MIR	444	-	110	109499375	85728
chr12	131823977	132023977	harbor1	chr12	131842037	131842203	SINE/MIR	497	-	83	131842120	18143
chr12	14085140	14285140	harbor1	chr12	14152122	14152356	SINE/MIR	720	-	117	14152239	67099
chr12	14085140	14285140	harbor1	chr12	14159541	14159734	SINE/MIR	535	-	96	14159637	74497
chr12	1	136307	harbor1	chr12	25188	25403	SINE/MIR	788	-	108	25296	25295
chr12	1	136307	harbor1	chr12	52576	52588	SINE/MIR	798	-	6	52582	52581
chr12	1	136307	harbor1	chr12	52892	53129	SINE/MIR	798	-	118	53010	53009
chr12	1	136307	harbor1	chr12	54811	54947	SINE/MIR	547	-	68	54879	54878
chr12	1	136307	harbor1	chr12	74758	74920	SINE/MIR	575	-	81	74839	74838
chr12	1	136307	harbor1	chr12	83865	84042	SINE/MIR	619	-	88	83953	83952
chr12	1	136307	harbor1	chr12	86456	86642	SINE/MIR	576	-	93	86549	86548
chr12	1	136307	harbor1	chr12	86694	86891	SINE/MIR	546	-	98	86792	86791
chr12	1	136307	harbor1	chr12	93015	93173	SINE/MIR	456	-	79	93094	93093
chr12	1	136307	harbor1	chr12	98239	98289	SINE/MIR	579	-	25	98264	98263
chr12	1	136307	harbor1	chr12	98470	98620	SINE/MIR	579	-	75	98545	98544
chr12	75023940	75223940	harbor1	chr12	75052109	75052338	SINE/MIR	476	-	114	75052223	28283
chr12	75023940	75223940	harbor1	chr12	75078510	75078734	SINE/MIR	853	-	112	75078622	54682
chr12	75023940	75223940	harbor1	chr12	75085396	75085594	SINE/MIR	479	-	99	75085495	61555
chr12	75023940	75223940	harbor1	chr12	75104631	75104876	SINE/MIR	795	-	122	75104753	80813
chr12	75023940	75223940	harbor1	chr12	75115245	75115456	SINE/MIR	573	-	106	75115351	91411
chr12	75023940	75223940	harbor1	chr12	75119402	75119616	SINE/MIR	449	-	107	75119509	95569
chr13	49047700	49247700	harbor1	chr13	49066448	49066677	SINE/MIR	574	-	114	49066562	18862
chr13	49047700	49247700	harbor1	chr13	49093406	49093637	SINE/MIR	835	-	116	49093522	45822
chr13	49047700	49247700	harbor1	chr13	49103019	49103249	SINE/MIR	855	-	115	49103134	55434
chr13	49047700	49247700	harbor1	chr13	49133659	49133869	SINE/MIR	600	-	105	49133764	86064
chr13	102769710	102969710	harbor1	chr13	102769685	102769907	SINE/MIR	967	-	111	102769796	86
chr13	35662478	35862478	harbor1	chr13	35664842	35664978	SINE/MIR	438	-	68	35664910	2432
chr13	35662478	35862478	harbor1	chr13	35682589	35682754	SINE/MIR	524	-	82	35682671	20193
chr13	35662478	35862478	harbor1	chr13	35712891	35713132	SINE/MIR	423	-	120	35713011	50533
chr13	35662478	35862478	harbor1	chr13	35725159	35725384	SINE/MIR	637	-	112	35725271	62793
chr13	80515001	80715001	harbor1	chr13	80592940	80593180	SINE/MIR	609	-	120	80593060	78059
chr13	113208809	113408809	harbor1	chr13	113231570	113231781	SINE/MIR	599	-	106	113231676	22867
chr13	35447407	35647407	harbor1	chr13	35455694	35455832	SINE/MIR	469	-	69	35455763	8356
chr13	35447407	35647407	harbor1	chr13	35486502	35486621	SINE/MIR	452	-	60	35486562	39155
chr13	35447407	35647407	harbor1	chr13	35490690	35490929	SINE/MIR	621	-	120	35490810	43403
chr13	35447407	35647407	harbor1	chr13	35508039	35508179	SINE/MIR	583	-	70	35508109	60702
chr13	35447407	35647407	harbor1	chr13	35510690	35510916	SINE/MIR	419	-	113	35510803	63396
chr13	35447407	35647407	harbor1	chr13	35516756	35516998	SINE/MIR	782	-	121	35516877	69470
chr13	35447407	35647407	harbor1	chr13	35518300	35518491	SINE/MIR	599	-	96	35518396	70989
chr13	35447407	35647407	harbor1	chr13	35529031	35529219	SINE/MIR	695	-	94	35529125	81718
chr13	35447407	35647407	harbor1	chr13	35535570	35535798	SINE/MIR	449	-	114	35535684	88277
chr13	35447407	35647407	harbor1	chr13	35541818	35542022	SINE/MIR	732	-	102	35541920	94513
chr13	73014938	73214938	harbor1	chr13	73017839	73018068	SINE/MIR	658	-	114	73017953	3015
chr13	51279069	51479069	harbor1	chr13	51295711	51295892	SINE/MIR	592	-	90	51295801	16732
chr13	51279069	51479069	harbor1	chr13	51298361	51298593	SINE/MIR	777	-	116	51298477	19408
chr13	51279069	51479069	harbor1	chr13	51319340	51319543	SINE/MIR	556	-	102	51319442	40373
chr13	51279069	51479069	harbor1	chr13	51328228	51328406	SINE/MIR	537	-	89	51328317	49248
chr13	51279069	51479069	harbor1	chr13	51336669	51336804	SINE/MIR	447	-	68	51336737	57668
chr13	51279069	51479069	harbor1	chr13	51341693	51341923	SINE/MIR	937	-	115	51341808	62739
chr13	51279069	51479069	harbor1	chr13	51345069	51345282	SINE/MIR	725	-	106	51345175	66106
chr13	51279069	51479069	harbor1	chr13	51353344	51353566	SINE/MIR	739	-	111	51353455	74386
chr13	108040563	108240563	harbor1	chr13	108125329	108125562	SINE/MIR	816	-	116	108125445	84882
chr13	92008256	92208256	harbor1	chr13	92023871	92024098	SINE/MIR	484	-	114	92023985	15729
chr13	92008256	92208256	harbor1	chr13	92054399	92054615	SINE/MIR	430	-	108	92054507	46251
chr13	26637409	26837409	harbor1	chr13	26704037	26704149	SINE/MIR	642	-	56	26704093	66684
chr13	26637409	26837409	harbor1	chr13	26704475	26704619	SINE/MIR	642	-	72	26704547	67138
chr13	58607680	58807680	harbor1	chr13	58678847	58679078	SINE/MIR	419	-	116	58678963	71283
chr13	25574448	25774448	harbor1	chr13	25586035	25586194	SINE/MIR	489	-	80	25586115	11667
chr13	25574448	25774448	harbor1	chr13	25625803	25625953	SINE/MIR	427	-	75	25625878	51430
chr13	25574448	25774448	harbor1	chr13	25663082	25663206	SINE/MIR	465	-	62	25663144	88696
chr13	76633960	76833960	harbor1	chr13	76635352	76635543	SINE/MIR	528	-	96	76635448	1488
chr13	76633960	76833960	harbor1	chr13	76656584	76656762	SINE/MIR	704	-	89	76656673	22713
chr13	76633960	76833960	harbor1	chr13	76669249	76669417	SINE/MIR	525	-	84	76669333	35373
chr13	76633960	76833960	harbor1	chr13	76689813	76690000	SINE/MIR	420	-	94	76689907	55947
chr13	76633960	76833960	harbor1	chr13	76714878	76715068	SINE/MIR	582	-	95	76714973	81013
chr13	76633960	76833960	harbor1	chr13	76719695	76719844	SINE/MIR	447	-	74	76719769	85809
chr13	76633960	76833960	harbor1	chr13	76720281	76720339	SINE/MIR	447	-	29	76720310	86350
chr13	76633960	76833960	harbor1	chr13	76729542	76729741	SINE/MIR	703	-	100	76729642	95682
chr13	34855318	35055318	harbor1	chr13	34873696	34873865	SINE/MIR	485	-	84	34873780	18462
chr13	34855318	35055318	harbor1	chr13	34923814	34923986	SINE/MIR	485	-	86	34923900	68582
chr13	34855318	35055318	harbor1	chr13	34939424	34939644	SINE/MIR	457	-	110	34939534	84216
chr13	34855318	35055318	harbor1	chr13	34951992	34952160	SINE/MIR	433	-	84	34952076	96758
chr13	102768648	102968648	harbor1	chr13	102769685	102769907	SINE/MIR	967	-	111	102769796	1148
chr13	62084606	62284606	harbor1	chr13	62092487	62092659	SINE/MIR	539	-	86	62092573	7967
chr13	25295822	25495822	harbor1	chr13	25321238	25321464	SINE/MIR	639	-	113	25321351	25529
chr13	25295822	25495822	harbor1	chr13	25345064	25345289	SINE/MIR	642	-	112	25345176	49354
chr13	25295822	25495822	harbor1	chr13	25346173	25346383	SINE/MIR	602	-	105	25346278	50456
chr13	24208292	24408292	harbor1	chr13	24279635	24279824	SINE/MIR	517	-	94	24279729	71437
chr13	24208292	24408292	harbor1	chr13	24289490	24289718	SINE/MIR	604	-	114	24289604	81312
chr13	24208292	24408292	harbor1	chr13	24295719	24295982	SINE/MIR	1240	-	132	24295851	87559
chr13	24208292	24408292	harbor1	chr13	24297936	24298076	SINE/MIR	511	-	70	24298006	89714
chr13	24208292	24408292	harbor1	chr13	24301862	24302079	SINE/MIR	722	-	108	24301970	93678
chr13	46299481	46499481	harbor1	chr13	46316692	46316827	SINE/MIR	489	-	68	46316760	17279
chr13	46299481	46499481	harbor1	chr13	46334248	46334415	SINE/MIR	444	-	84	46334332	34851
chr13	46299481	46499481	harbor1	chr13	46352868	46353076	SINE/MIR	431	-	104	46352972	53491
chr13	46299481	46499481	harbor1	chr13	46389094	46389327	SINE/MIR	659	-	116	46389210	89729
chr13	20319218	20519218	harbor1	chr13	20410692	20410923	SINE/MIR	760	-	116	20410808	91590
chr13	77680175	77880175	harbor1	chr13	77754317	77754562	SINE/MIR	650	-	122	77754439	74264
chr13	77680175	77880175	harbor1	chr13	77773932	77774141	SINE/MIR	739	-	104	77774036	93861
chr13	59984783	60184783	harbor1	chr13	60008857	60009112	SINE/MIR	852	-	128	60008985	24202
chr13	41378341	41578341	harbor1	chr13	41465456	41465616	SINE/MIR	438	-	80	41465536	87195
chr13	85492790	85692790	harbor1	chr13	85550391	85550614	SINE/MIR	673	-	112	85550503	57713
chr13	81302912	81502912	harbor1	chr13	81325898	81326082	SINE/MIR	458	-	92	81325990	23078
chr13	81302912	81502912	harbor1	chr13	81353624	81353796	SINE/MIR	458	-	86	81353710	50798
chr13	81302912	81502912	harbor1	chr13	81354223	81354297	SINE/MIR	458	-	37	81354260	51348
chr13	72836662	73036662	harbor1	chr13	72844033	72844182	SINE/MIR	427	-	74	72844107	7445
chr13	72836662	73036662	harbor1	chr13	72880454	72880633	SINE/MIR	533	-	90	72880544	43882
chr13	72836662	73036662	harbor1	chr13	72907509	72907703	SINE/MIR	540	-	97	72907606	70944
chr13	58719302	58919302	harbor1	chr13	58762163	58762404	SINE/MIR	496	-	120	58762283	42981
chr13	97794457	97994457	harbor1	chr13	97822914	97823142	SINE/MIR	660	-	114	97823028	28571
chr13	97794457	97994457	harbor1	chr13	97892023	97892082	SINE/MIR	797	-	30	97892053	97596
chr13	97794457	97994457	harbor1	chr13	97892381	97892533	SINE/MIR	797	-	76	97892457	98000
chr13	97794457	97994457	harbor1	chr13	97893399	97893515	SINE/MIR	584	-	58	97893457	99000
chr13	97794457	97994457	harbor1	chr13	97893863	97893999	SINE/MIR	584	-	68	97893931	99474
chr13	48058307	48258307	harbor1	chr13	48097429	48097632	SINE/MIR	1082	-	102	48097531	39224
chr13	48058307	48258307	harbor1	chr13	48104956	48105108	SINE/MIR	514	-	76	48105032	46725
chr13	48058307	48258307	harbor1	chr13	48121332	48121565	SINE/MIR	885	-	116	48121448	63141
chr13	48058307	48258307	harbor1	chr13	48130539	48130779	SINE/MIR	620	-	120	48130659	72352
chr13	29080377	29280377	harbor1	chr13	29131888	29132097	SINE/MIR	621	-	104	29131992	51615
chr13	97265963	97465963	harbor1	chr13	97269927	97270138	SINE/MIR	426	-	106	97270033	4070
chr13	97265963	97465963	harbor1	chr13	97301192	97301383	SINE/MIR	448	-	96	97301288	35325
chr13	97265963	97465963	harbor1	chr13	97327960	97328172	SINE/MIR	668	-	106	97328066	62103
chr13	97265963	97465963	harbor1	chr13	97331170	97331372	SINE/MIR	749	-	101	97331271	65308
chr13	97265963	97465963	harbor1	chr13	97340581	97340731	SINE/MIR	468	-	75	97340656	74693
chr13	97265963	97465963	harbor1	chr13	97358239	97358429	SINE/MIR	498	-	95	97358334	92371
chr14	73038878	73238878	harbor1	chr14	73117542	73117765	SINE/MIR	592	-	112	73117654	78776
chr14	64159541	64359541	harbor1	chr14	64192571	64192786	SINE/MIR	518	-	108	64192679	33138
chr14	64159541	64359541	harbor1	chr14	64193810	64193937	SINE/MIR	494	-	64	64193874	34333
chr14	21947518	22147518	harbor1	chr14	22020637	22020846	SINE/MIR	429	-	104	22020741	73223
chr14	23247661	23447661	harbor1	chr14	23304124	23304351	SINE/MIR	898	-	114	23304238	56577
chr14	69846416	70046416	harbor1	chr14	69848864	69849038	SINE/MIR	698	-	87	69848951	2535
chr14	69846416	70046416	harbor1	chr14	69850791	69850922	SINE/MIR	516	-	66	69850857	4441
chr14	69846416	70046416	harbor1	chr14	69861600	69861685	SINE/MIR	528	-	42	69861642	15226
chr14	69846416	70046416	harbor1	chr14	69862395	69862563	SINE/MIR	528	-	84	69862479	16063
chr14	69846416	70046416	harbor1	chr14	69877562	69877752	SINE/MIR	561	-	95	69877657	31241
chr14	69846416	70046416	harbor1	chr14	69900481	69900626	SINE/MIR	581	-	72	69900553	54137
chr14	69846416	70046416	harbor1	chr14	69910127	69910354	SINE/MIR	558	-	114	69910241	63825
chr14	69846416	70046416	harbor1	chr14	69926957	69927144	SINE/MIR	655	-	94	69927051	80635
chr14	69846416	70046416	harbor1	chr14	69929294	69929541	SINE/MIR	1181	-	124	69929418	83002
chr14	69846416	70046416	harbor1	chr14	69933963	69934186	SINE/MIR	414	-	112	69934075	87659
chr14	99359904	99559904	harbor1	chr14	99421628	99421829	SINE/MIR	570	-	100	99421728	61824
chr14	99359904	99559904	harbor1	chr14	99454619	99454838	SINE/MIR	461	-	110	99454729	94825
chr14	88440908	88640908	harbor1	chr14	88488888	88489096	SINE/MIR	620	-	104	88488992	48084
chr14	38718769	38918769	harbor1	chr14	38726521	38726671	SINE/MIR	422	-	75	38726596	7827
chr14	38718769	38918769	harbor1	chr14	38726700	38726744	SINE/MIR	422	-	22	38726722	7953
chr14	38718769	38918769	harbor1	chr14	38740819	38741024	SINE/MIR	531	-	102	38740921	22152
chr14	38718769	38918769	harbor1	chr14	38745530	38745693	SINE/MIR	522	-	82	38745612	26843
chr14	58959527	59159527	harbor1	chr14	58969452	58969581	SINE/MIR	522	-	64	58969516	9989
chr14	58959527	59159527	harbor1	chr14	59029832	59030060	SINE/MIR	625	-	114	59029946	70419
chr14	58959527	59159527	harbor1	chr14	59036565	59036726	SINE/MIR	464	-	80	59036645	77118
chr14	58959527	59159527	harbor1	chr14	59039170	59039306	SINE/MIR	606	-	68	59039238	79711
chr14	58959527	59159527	harbor1	chr14	59039665	59039731	SINE/MIR	606	-	33	59039698	80171
chr14	58959527	59159527	harbor1	chr14	59055836	59056072	SINE/MIR	577	-	118	59055954	96427
chr14	80092088	80292088	harbor1	chr14	80109690	80109888	SINE/MIR	633	-	99	80109789	17701
chr14	80092088	80292088	harbor1	chr14	80143131	80143307	SINE/MIR	422	-	88	80143219	51131
chr14	80092088	80292088	harbor1	chr14	80143410	80143607	SINE/MIR	453	-	98	80143508	51420
chr14	80092088	80292088	harbor1	chr14	80176931	80177093	SINE/MIR	412	-	81	80177012	84924
chr14	80092088	80292088	harbor1	chr14	80177901	80178075	SINE/MIR	487	-	87	80177988	85900
chr14	80997544	81197544	harbor1	chr14	81069093	81069340	SINE/MIR	442	-	124	81069217	71673
chr14	80997544	81197544	harbor1	chr14	81077431	81077560	SINE/MIR	505	-	64	81077495	79951
chr14	80997544	81197544	harbor1	chr14	81086510	81086728	SINE/MIR	711	-	109	81086619	89075
chr14	80997544	81197544	harbor1	chr14	81091602	81091801	SINE/MIR	433	-	100	81091702	94158
chr14	80997544	81197544	harbor1	chr14	81094871	81095033	SINE/MIR	454	-	81	81094952	97408
chr14	98224347	98424347	harbor1	chr14	98237318	98237533	SINE/MIR	676	-	108	98237426	13079
chr14	98224347	98424347	harbor1	chr14	98265728	98265921	SINE/MIR	432	-	96	98265824	41477
chr14	98224347	98424347	harbor1	chr14	98297931	98298166	SINE/MIR	486	-	118	98298049	73702
chr14	98224347	98424347	harbor1	chr14	98310012	98310247	SINE/MIR	583	-	118	98310130	85783
chr14	98224347	98424347	harbor1	chr14	98310624	98310796	SINE/MIR	491	-	86	98310710	86363
chr14	98224347	98424347	harbor1	chr14	98311183	98311214	SINE/MIR	548	-	16	98311199	86852
chr14	98224347	98424347	harbor1	chr14	98311508	98311694	SINE/MIR	548	-	93	98311601	87254
chr14	66936800	67136800	harbor1	chr14	66998934	66999098	SINE/MIR	604	-	82	66999016	62216
chr14	66936800	67136800	harbor1	chr14	67014211	67014446	SINE/MIR	530	-	118	67014329	77529
chr14	66936800	67136800	harbor1	chr14	67016969	67017114	SINE/MIR	507	-	72	67017041	80241
chr14	66936800	67136800	harbor1	chr14	67026401	67026632	SINE/MIR	425	-	116	67026517	89717
chr14	55828373	56028373	harbor1	chr14	55869215	55869405	SINE/MIR	422	-	95	55869310	40937
chr14	55828373	56028373	harbor1	chr14	55904913	55905149	SINE/MIR	602	-	118	55905031	76658
chr14	55828373	56028373	harbor1	chr14	55910323	55910522	SINE/MIR	756	-	100	55910423	82050
chr14	55828373	56028373	harbor1	chr14	55926565	55926779	SINE/MIR	639	-	107	55926672	98299
chr14	80691491	80891491	harbor1	chr14	80702521	80702741	SINE/MIR	717	-	110	80702631	11140
chr14	80691491	80891491	harbor1	chr14	80775082	80775255	SINE/MIR	682	-	86	80775168	83677
chr14	80691491	80891491	harbor1	chr14	80778825	80779056	SINE/MIR	687	-	116	80778941	87450
chr14	80691491	80891491	harbor1	chr14	80779802	80779984	SINE/MIR	473	-	91	80779893	88402
chr14	97698129	97898129	harbor1	chr14	97707435	97707650	SINE/MIR	429	-	108	97707543	9414
chr14	97698129	97898129	harbor1	chr14	97713241	97713430	SINE/MIR	580	-	94	97713335	15206
chr14	97698129	97898129	harbor1	chr14	97749764	97750007	SINE/MIR	631	-	122	97749886	51757
chr14	97698129	97898129	harbor1	chr14	97755885	97756055	SINE/MIR	484	-	85	97755970	57841
chr14	97698129	97898129	harbor1	chr14	97764458	97764608	SINE/MIR	461	-	75	97764533	66404
chr14	97698129	97898129	harbor1	chr14	97773429	97773635	SINE/MIR	534	-	103	97773532	75403
chr14	97698129	97898129	harbor1	chr14	97788874	97789075	SINE/MIR	693	-	100	97788974	90845
chr14	97698129	97898129	harbor1	chr14	97791063	97791255	SINE/MIR	468	-	96	97791159	93030
chr14	69017177	69217177	harbor1	chr14	69064402	69064550	SINE/MIR	468	-	74	69064476	47299
chr14	69017177	69217177	harbor1	chr14	69100983	69101173	SINE/MIR	463	-	95	69101078	83901
chr14	69017177	69217177	harbor1	chr14	69112801	69112916	SINE/MIR	418	-	58	69112859	95682
chr14	76600498	76800498	harbor1	chr14	76605987	76606166	SINE/MIR	524	-	90	76606077	5579
chr14	76600498	76800498	harbor1	chr14	76613845	76614029	SINE/MIR	689	-	92	76613937	13439
chr14	76600498	76800498	harbor1	chr14	76614056	76614175	SINE/MIR	516	-	60	76614116	13618
chr14	76600498	76800498	harbor1	chr14	76655470	76655593	SINE/MIR	568	-	62	76655532	55034
chr14	76600498	76800498	harbor1	chr14	76661759	76661991	SINE/MIR	946	-	116	76661875	61377
chr14	76600498	76800498	harbor1	chr14	76671357	76671583	SINE/MIR	451	-	113	76671470	70972
chr14	76600498	76800498	harbor1	chr14	76696025	76696204	SINE/MIR	613	-	90	76696115	95617
chr14	19605217	19805217	harbor1	chr14	19682953	19683157	SINE/MIR	611	-	102	19683055	77838
chr14	19605217	19805217	harbor1	chr14	19702924	19703111	SINE/MIR	469	-	94	19703018	97801
chr14	63970607	64170607	harbor1	chr14	64000798	64000995	SINE/MIR	468	-	98	64000896	30289
chr14	63970607	64170607	harbor1	chr14	64009039	64009196	SINE/MIR	415	-	78	64009117	38510
chr14	63970607	64170607	harbor1	chr14	64054326	64054517	SINE/MIR	502	-	96	64054422	83815
chr14	63970607	64170607	harbor1	chr14	64066718	64066943	SINE/MIR	477	-	112	64066830	96223
chr14	63970607	64170607	harbor1	chr14	64067226	64067438	SINE/MIR	483	-	106	64067332	96725
chr14	44071563	44271563	harbor1	chr14	44147128	44147362	SINE/MIR	521	-	117	44147245	75682
chr14	87095251	87295251	harbor1	chr14	87105183	87105423	SINE/MIR	596	-	120	87105303	10052
chr14	87095251	87295251	harbor1	chr14	87111476	87111718	SINE/MIR	626	-	121	87111597	16346
chr14	87095251	87295251	harbor1	chr14	87121539	87121723	SINE/MIR	735	-	92	87121631	26380
chr14	47510042	47710042	harbor1	chr14	47574654	47574897	SINE/MIR	926	-	122	47574776	64734
chr14	47510042	47710042	harbor1	chr14	47579925	47580123	SINE/MIR	470	-	99	47580024	69982
chr14	47510042	47710042	harbor1	chr14	47596693	47596923	SINE/MIR	515	-	115	47596808	86766
chr14	34236100	34436100	harbor1	chr14	34271450	34271573	SINE/MIR	696	-	62	34271512	35412
chr14	34236100	34436100	harbor1	chr14	34285515	34285653	SINE/MIR	601	-	69	34285584	49484
chr14	34236100	34436100	harbor1	chr14	34285950	34286040	SINE/MIR	601	-	45	34285995	49895
chr14	34236100	34436100	harbor1	chr14	34303710	34303868	SINE/MIR	497	-	79	34303789	67689
chr14	34236100	34436100	harbor1	chr14	34324814	34325015	SINE/MIR	765	-	100	34324914	88814
chr14	53693796	53893796	harbor1	chr14	53765629	53765848	SINE/MIR	535	-	110	53765739	71943
chr14	62376126	62576126	harbor1	chr14	62381110	62381338	SINE/MIR	535	-	114	62381224	5098
chr14	62376126	62576126	harbor1	chr14	62401373	62401600	SINE/MIR	505	-	114	62401487	25361
chr14	62376126	62576126	harbor1	chr14	62417717	62417897	SINE/MIR	458	-	90	62417807	41681
chr14	62376126	62576126	harbor1	chr14	62458413	62458611	SINE/MIR	526	-	99	62458512	82386
chr14	85865398	86065398	harbor1	chr14	85892859	85893003	SINE/MIR	461	-	72	85892931	27533
chr14	51943763	52143763	harbor1	chr14	51965787	51965872	SINE/MIR	520	-	42	51965829	22066
chr14	51943763	52143763	harbor1	chr14	51966369	51966526	SINE/MIR	520	-	78	51966447	22684
chr14	51943763	52143763	harbor1	chr14	51974851	51974999	SINE/MIR	424	-	74	51974925	31162
chr14	51943763	52143763	harbor1	chr14	51990929	51991181	SINE/MIR	667	-	126	51991055	47292
chr14	51943763	52143763	harbor1	chr14	52029964	52030165	SINE/MIR	414	-	100	52030064	86301
chr14	51943763	52143763	harbor1	chr14	52030874	52031107	SINE/MIR	532	-	116	52030990	87227
chr14	78806683	79006683	harbor1	chr14	78822269	78822377	SINE/MIR	420	-	54	78822323	15640
chr14	78806683	79006683	harbor1	chr14	78833740	78833847	SINE/MIR	487	-	54	78833794	27111
chr14	78806683	79006683	harbor1	chr14	78838444	78838607	SINE/MIR	540	-	82	78838526	31843
chr14	78806683	79006683	harbor1	chr14	78840904	78841121	SINE/MIR	648	-	108	78841012	34329
chr14	78806683	79006683	harbor1	chr14	78887086	78887321	SINE/MIR	690	-	118	78887204	80521
chr14	78806683	79006683	harbor1	chr14	78891214	78891409	SINE/MIR	635	-	98	78891312	84629
chr14	78806683	79006683	harbor1	chr14	78903990	78904170	SINE/MIR	485	-	90	78904080	97397
chr14	101489120	101689120	harbor1	chr14	101531164	101531339	SINE/MIR	441	-	88	101531252	42132
chr14	101489120	101689120	harbor1	chr14	101531338	101531556	SINE/MIR	628	-	109	101531447	42327
chr14	101489120	101689120	harbor1	chr14	101552828	101552972	SINE/MIR	456	-	72	101552900	63780
chr14	101489120	101689120	harbor1	chr14	101554506	101554693	SINE/MIR	462	-	94	101554600	65480
chr14	101489120	101689120	harbor1	chr14	101578789	101578966	SINE/MIR	437	-	88	101578877	89757
chr14	66796386	66996386	harbor1	chr14	66804949	66805017	SINE/MIR	801	-	34	66804983	8597
chr14	66796386	66996386	harbor1	chr14	66807325	66807463	SINE/MIR	801	-	69	66807394	11008
chr14	66796386	66996386	harbor1	chr14	66831771	66831864	SINE/MIR	606	-	46	66831817	35431
chr14	66796386	66996386	harbor1	chr14	66832161	66832274	SINE/MIR	606	-	56	66832217	35831
chr14	66796386	66996386	harbor1	chr14	66848954	66849200	SINE/MIR	603	-	123	66849077	52691
chr14	86528620	86728620	harbor1	chr14	86613325	86613534	SINE/MIR	414	-	104	86613429	84809
chr14	93709546	93909546	harbor1	chr14	93709779	93709890	SINE/MIR	413	-	56	93709835	289
chr14	93709546	93909546	harbor1	chr14	93710967	93711179	SINE/MIR	631	-	106	93711073	1527
chr14	93709546	93909546	harbor1	chr14	93711909	93712101	SINE/MIR	460	-	96	93712005	2459
chr14	93709546	93909546	harbor1	chr14	93752166	93752333	SINE/MIR	452	-	84	93752250	42704
chr14	93709546	93909546	harbor1	chr14	93767191	93767355	SINE/MIR	513	-	82	93767273	57727
chr14	93709546	93909546	harbor1	chr14	93772932	93773163	SINE/MIR	485	-	116	93773048	63502
chr14	93709546	93909546	harbor1	chr14	93786770	93787005	SINE/MIR	494	-	118	93786888	77342
chr14	93709546	93909546	harbor1	chr14	93802381	93802543	SINE/MIR	606	-	81	93802462	92916
chr14	39794968	39994968	harbor1	chr14	39838496	39838718	SINE/MIR	536	-	111	39838607	43639
chr14	39794968	39994968	harbor1	chr14	39847731	39847978	SINE/MIR	745	-	124	39847855	52887
chr14	39794968	39994968	harbor1	chr14	39849882	39850133	SINE/MIR	779	-	126	39850008	55040
chr14	39794968	39994968	harbor1	chr14	39879507	39879719	SINE/MIR	564	-	106	39879613	84645
chr14	39794968	39994968	harbor1	chr14	39883971	39884100	SINE/MIR	412	-	64	39884035	89067
chr14	39794968	39994968	harbor1	chr14	39845747	39845972	SINE/MIR	726	-	112	39845859	50891
chr14	65202260	65402260	harbor1	chr14	65206687	65206928	SINE/MIR	679	-	120	65206807	4547
chr14	65202260	65402260	harbor1	chr14	65228354	65228485	SINE/MIR	498	-	66	65228420	26160
chr14	65202260	65402260	harbor1	chr14	65262936	65263203	SINE/MIR	1188	-	134	65263070	60810
chr14	65202260	65402260	harbor1	chr14	65295430	65295477	SINE/MIR	570	-	24	65295454	93194
chr14	65202260	65402260	harbor1	chr14	65295773	65295894	SINE/MIR	570	-	60	65295833	93573
chr14	32591478	32791478	harbor1	chr14	32592704	32592939	SINE/MIR	735	-	118	32592822	1344
chr14	32591478	32791478	harbor1	chr14	32602649	32602888	SINE/MIR	702	-	120	32602769	11291
chr14	61209798	61409798	harbor1	chr14	61263427	61263592	SINE/MIR	525	-	82	61263509	53711
chr14	101471142	101671142	harbor1	chr14	101531164	101531339	SINE/MIR	441	-	88	101531252	60110
chr14	101471142	101671142	harbor1	chr14	101531338	101531556	SINE/MIR	628	-	109	101531447	60305
chr14	101471142	101671142	harbor1	chr14	101552828	101552972	SINE/MIR	456	-	72	101552900	81758
chr14	101471142	101671142	harbor1	chr14	101554506	101554693	SINE/MIR	462	-	94	101554600	83458
chr14	48626883	48826883	harbor1	chr14	48645285	48645477	SINE/MIR	679	-	96	48645381	18498
chr14	48626883	48826883	harbor1	chr14	48706326	48706526	SINE/MIR	453	-	100	48706426	79543
chr14	58767942	58967942	harbor1	chr14	58779961	58780201	SINE/MIR	712	-	120	58780081	12139
chr14	58767942	58967942	harbor1	chr14	58786732	58786953	SINE/MIR	913	-	110	58786842	18900
chr14	58767942	58967942	harbor1	chr14	58789507	58789726	SINE/MIR	539	-	110	58789617	21675
chr14	58767942	58967942	harbor1	chr14	58790519	58790614	SINE/MIR	526	-	48	58790567	22625
chr14	58767942	58967942	harbor1	chr14	58825939	58826147	SINE/MIR	580	-	104	58826043	58101
chr14	58767942	58967942	harbor1	chr14	58826448	58826479	SINE/MIR	580	-	16	58826464	58522
chr14	58767942	58967942	harbor1	chr14	58842615	58842662	SINE/MIR	602	-	24	58842639	74697
chr14	58767942	58967942	harbor1	chr14	58842944	58843092	SINE/MIR	602	-	74	58843018	75076
chr14	58767942	58967942	harbor1	chr14	58848909	58849116	SINE/MIR	562	-	104	58849013	81071
chr14	58767942	58967942	harbor1	chr14	58849802	58850081	SINE/MIR	447	-	140	58849942	82000
chr14	58767942	58967942	harbor1	chr14	58862261	58862382	SINE/MIR	554	-	60	58862321	94379
chr14	49047477	49247477	harbor1	chr14	49060189	49060341	SINE/MIR	535	-	76	49060265	12788
chr14	49047477	49247477	harbor1	chr14	49068292	49068522	SINE/MIR	576	-	115	49068407	20930
chr14	49047477	49247477	harbor1	chr14	49088469	49088655	SINE/MIR	580	-	93	49088562	41085
chr14	49047477	49247477	harbor1	chr14	49117629	49117791	SINE/MIR	490	-	81	49117710	70233
chr14	49047477	49247477	harbor1	chr14	49124546	49124735	SINE/MIR	631	-	94	49124640	77163
chr14	49047477	49247477	harbor1	chr14	49124769	49124890	SINE/MIR	460	-	60	49124829	77352
chr14	27153934	27353934	harbor1	chr14	27157076	27157251	SINE/MIR	416	-	88	27157164	3230
chr14	27153934	27353934	harbor1	chr14	27206475	27206650	SINE/MIR	466	-	88	27206563	52629
chr14	27153934	27353934	harbor1	chr14	27230572	27230795	SINE/MIR	473	-	112	27230684	76750
chr14	23829601	24029601	harbor1	chr14	23866777	23866949	SINE/MIR	644	-	86	23866863	37262
chr14	23829601	24029601	harbor1	chr14	23925773	23925982	SINE/MIR	665	-	104	23925877	96276
chr14	28274284	28474284	harbor1	chr14	28348314	28348532	SINE/MIR	733	-	109	28348423	74139
chr14	33843256	34043256	harbor1	chr14	33843573	33843709	SINE/MIR	515	-	68	33843641	385
chr14	33843256	34043256	harbor1	chr14	33844362	33844526	SINE/MIR	460	-	82	33844444	1188
chr14	33843256	34043256	harbor1	chr14	33849877	33850039	SINE/MIR	654	-	81	33849958	6702
chr14	33843256	34043256	harbor1	chr14	33899432	33899637	SINE/MIR	937	-	102	33899534	56278
chr14	33843256	34043256	harbor1	chr14	33909564	33909700	SINE/MIR	438	-	68	33909632	66376
chr14	33843256	34043256	harbor1	chr14	33911078	33911235	SINE/MIR	795	-	78	33911156	67900
chr14	33843256	34043256	harbor1	chr14	33939649	33939807	SINE/MIR	713	-	79	33939728	96472
chr14	62591670	62791670	harbor1	chr14	62621534	62621747	SINE/MIR	581	-	106	62621640	29970
chr14	62591670	62791670	harbor1	chr14	62625275	62625373	SINE/MIR	429	-	49	62625324	33654
chr14	78292435	78492435	harbor1	chr14	78294617	78294791	SINE/MIR	571	-	87	78294704	2269
chr14	78292435	78492435	harbor1	chr14	78323942	78324147	SINE/MIR	479	-	102	78324044	31609
chr14	78292435	78492435	harbor1	chr14	78339178	78339376	SINE/MIR	523	-	99	78339277	46842
chr14	78292435	78492435	harbor1	chr14	78342468	78342653	SINE/MIR	589	-	92	78342560	50125
chr14	78292435	78492435	harbor1	chr14	78346462	78346653	SINE/MIR	417	-	96	78346558	54123
chr14	78292435	78492435	harbor1	chr14	78347948	78348148	SINE/MIR	619	-	100	78348048	55613
chr14	78292435	78492435	harbor1	chr14	78358224	78358434	SINE/MIR	663	-	105	78358329	65894
chr14	78292435	78492435	harbor1	chr14	78363395	78363625	SINE/MIR	492	-	115	78363510	71075
chr14	78292435	78492435	harbor1	chr14	78371827	78372018	SINE/MIR	512	-	96	78371923	79488
chr14	78292435	78492435	harbor1	chr14	78386588	78386739	SINE/MIR	534	-	76	78386664	94229
chr14	78292435	78492435	harbor1	chr14	78388051	78388273	SINE/MIR	432	-	111	78388162	95727
chr14	85195821	85395821	harbor1	chr14	85216217	85216475	SINE/MIR	852	-	129	85216346	20525
chr14	85195821	85395821	harbor1	chr14	85242483	85242670	SINE/MIR	560	-	94	85242577	46756
chr14	85195821	85395821	harbor1	chr14	85267707	85267938	SINE/MIR	635	-	116	85267823	72002
chr14	85195821	85395821	harbor1	chr14	85273863	85274100	SINE/MIR	730	-	118	85273981	78160
chr14	103994577	104194577	harbor1	chr14	103999711	103999970	SINE/MIR	704	-	130	103999841	5264
chr14	94024715	94224715	harbor1	chr14	94037688	94037883	SINE/MIR	709	-	98	94037786	13071
chr14	94024715	94224715	harbor1	chr14	94052514	94052772	SINE/MIR	897	-	129	94052643	27928
chr14	94024715	94224715	harbor1	chr14	94057001	94057246	SINE/MIR	759	-	122	94057123	32408
chr14	94024715	94224715	harbor1	chr14	94057305	94057483	SINE/MIR	629	-	89	94057394	32679
chr14	94024715	94224715	harbor1	chr14	94059523	94059764	SINE/MIR	856	-	120	94059643	34928
chr14	90600642	90800642	harbor1	chr14	90640717	90640936	SINE/MIR	716	-	110	90640827	40185
chr14	90600642	90800642	harbor1	chr14	90645317	90645452	SINE/MIR	465	-	68	90645385	44743
chr14	90600642	90800642	harbor1	chr14	90657693	90657937	SINE/MIR	455	-	122	90657815	57173
chr14	90600642	90800642	harbor1	chr14	90663066	90663304	SINE/MIR	567	-	119	90663185	62543
chr14	90600642	90800642	harbor1	chr14	90665977	90666158	SINE/MIR	544	-	90	90666067	65425
chr14	90600642	90800642	harbor1	chr14	90668332	90668454	SINE/MIR	506	-	61	90668393	67751
chr14	90600642	90800642	harbor1	chr14	90668583	90668743	SINE/MIR	549	-	80	90668663	68021
chr14	90600642	90800642	harbor1	chr14	90672865	90673086	SINE/MIR	707	-	110	90672975	72333
chr14	20373544	20573544	harbor1	chr14	20385299	20385359	SINE/MIR	476	-	30	20385329	11785
chr14	20373544	20573544	harbor1	chr14	20385673	20385841	SINE/MIR	476	-	84	20385757	12213
chr14	20373544	20573544	harbor1	chr14	20402493	20402741	SINE/MIR	894	-	124	20402617	29073
chr14	20373544	20573544	harbor1	chr14	20406858	20407076	SINE/MIR	578	-	109	20406967	33423
chr14	20373544	20573544	harbor1	chr14	20467260	20467488	SINE/MIR	494	-	114	20467374	93830
chr14	90075941	90275941	harbor1	chr14	90086268	90086443	SINE/MIR	673	-	88	90086356	10415
chr14	90075941	90275941	harbor1	chr14	90159660	90159797	SINE/MIR	555	-	68	90159728	83787
chr14	40228223	40428223	harbor1	chr14	40257727	40257957	SINE/MIR	426	-	115	40257842	29619
chr14	40228223	40428223	harbor1	chr14	40298426	40298667	SINE/MIR	599	-	120	40298546	70323
chr14	82776454	82976454	harbor1	chr14	82785268	82785414	SINE/MIR	533	-	73	82785341	8887
chr14	82776454	82976454	harbor1	chr14	82824409	82824613	SINE/MIR	551	-	102	82824511	48057
chr14	82776454	82976454	harbor1	chr14	82824904	82825125	SINE/MIR	675	-	110	82825014	48560
chr14	91881643	92081643	harbor1	chr14	91884437	91884656	SINE/MIR	872	-	110	91884547	2904
chr14	91881643	92081643	harbor1	chr14	91896472	91896677	SINE/MIR	438	-	102	91896574	14931
chr14	91881643	92081643	harbor1	chr14	91926866	91927021	SINE/MIR	484	-	78	91926944	45301
chr14	91881643	92081643	harbor1	chr14	91928263	91928314	SINE/MIR	557	-	26	91928289	46646
chr14	91881643	92081643	harbor1	chr14	91929438	91929599	SINE/MIR	557	-	80	91929518	47875
chr14	91881643	92081643	harbor1	chr14	91930154	91930361	SINE/MIR	503	-	104	91930258	48615
chr14	75726123	75926123	harbor1	chr14	75766418	75766588	SINE/MIR	490	-	85	75766503	40380
chr14	75726123	75926123	harbor1	chr14	75772126	75772348	SINE/MIR	456	-	111	75772237	46114
chr14	75726123	75926123	harbor1	chr14	75779943	75780177	SINE/MIR	496	-	117	75780060	53937
chr14	75726123	75926123	harbor1	chr14	75807491	75807707	SINE/MIR	767	-	108	75807599	81476
chr14	33283992	33483992	harbor1	chr14	33289060	33289307	SINE/MIR	618	-	124	33289184	5192
chr14	33283992	33483992	harbor1	chr14	33317271	33317453	SINE/MIR	596	-	91	33317362	33370
chr14	33283992	33483992	harbor1	chr14	33327258	33327387	SINE/MIR	411	-	64	33327322	43330
chr14	33283992	33483992	harbor1	chr14	33333385	33333611	SINE/MIR	663	-	113	33333498	49506
chr14	33283992	33483992	harbor1	chr14	33348064	33348271	SINE/MIR	475	-	104	33348168	64176
chr14	33283992	33483992	harbor1	chr14	33352414	33352649	SINE/MIR	617	-	118	33352532	68540
chr14	33283992	33483992	harbor1	chr14	33357839	33357980	SINE/MIR	430	-	70	33357909	73917
chr14	33283992	33483992	harbor1	chr14	33371801	33371985	SINE/MIR	508	-	92	33371893	87901
chr14	89825489	90025489	harbor1	chr14	89848131	89848284	SINE/MIR	459	-	76	89848207	22718
chr14	89825489	90025489	harbor1	chr14	89853375	89853618	SINE/MIR	890	-	122	89853497	28008
chr14	89825489	90025489	harbor1	chr14	89908210	89908373	SINE/MIR	632	-	82	89908292	82803
chr14	89825489	90025489	harbor1	chr14	89911860	89912079	SINE/MIR	595	-	110	89911970	86481
chr14	89825489	90025489	harbor1	chr14	89914378	89914502	SINE/MIR	448	-	62	89914440	88951
chr14	89825489	90025489	harbor1	chr14	89914804	89914885	SINE/MIR	448	-	40	89914844	89355
chr14	82787450	82987450	harbor1	chr14	82824409	82824613	SINE/MIR	551	-	102	82824511	37061
chr14	82787450	82987450	harbor1	chr14	82824904	82825125	SINE/MIR	675	-	110	82825014	37564
chr14	76281875	76481875	harbor1	chr14	76308158	76308366	SINE/MIR	871	-	104	76308262	26387
chr14	76281875	76481875	harbor1	chr14	76325514	76325739	SINE/MIR	419	-	112	76325626	43751
chr14	76281875	76481875	harbor1	chr14	76335831	76336089	SINE/MIR	829	-	129	76335960	54085
chr14	76281875	76481875	harbor1	chr14	76347512	76347759	SINE/MIR	861	-	124	76347636	65761
chr14	76281875	76481875	harbor1	chr14	76353498	76353669	SINE/MIR	700	-	86	76353584	71709
chr14	76281875	76481875	harbor1	chr14	76353991	76354077	SINE/MIR	700	-	43	76354034	72159
chr14	76281875	76481875	harbor1	chr14	76356325	76356490	SINE/MIR	452	-	82	76356407	74532
chr14	76281875	76481875	harbor1	chr14	76359396	76359618	SINE/MIR	719	-	111	76359507	77632
chr14	76281875	76481875	harbor1	chr14	76362151	76362375	SINE/MIR	607	-	112	76362263	80388
chr14	83489044	83689044	harbor1	chr14	83497947	83498126	SINE/MIR	452	-	90	83498037	8993
chr14	83489044	83689044	harbor1	chr14	83519658	83519805	SINE/MIR	496	-	74	83519732	30688
chr14	21555755	21755755	harbor1	chr14	21583574	21583812	SINE/MIR	548	-	119	21583693	27938
chr14	70986147	71186147	harbor1	chr14	71011126	71011363	SINE/MIR	598	-	118	71011244	25097
chr14	70986147	71186147	harbor1	chr14	71074106	71074260	SINE/MIR	442	-	77	71074183	88036
chr14	92702515	92902515	harbor1	chr14	92720192	92720384	SINE/MIR	633	-	96	92720288	17773
chr14	92702515	92902515	harbor1	chr14	92740306	92740536	SINE/MIR	487	-	115	92740421	37906
chr14	92702515	92902515	harbor1	chr14	92749575	92749785	SINE/MIR	630	-	105	92749680	47165
chr14	92702515	92902515	harbor1	chr14	92772743	92772978	SINE/MIR	707	-	118	92772861	70346
chr14	92702515	92902515	harbor1	chr14	92797139	92797365	SINE/MIR	731	-	113	92797252	94737
chr14	55779991	55979991	harbor1	chr14	55805829	55806021	SINE/MIR	591	-	96	55805925	25934
chr14	55779991	55979991	harbor1	chr14	55827740	55827948	SINE/MIR	414	-	104	55827844	47853
chr14	55779991	55979991	harbor1	chr14	55869215	55869405	SINE/MIR	422	-	95	55869310	89319
chr14	64981559	65181559	harbor1	chr14	65013846	65014032	SINE/MIR	413	-	93	65013939	32380
chr14	64981559	65181559	harbor1	chr14	65047169	65047303	SINE/MIR	619	-	67	65047236	65677
chr14	64981559	65181559	harbor1	chr14	65065833	65066024	SINE/MIR	576	-	96	65065929	84370
chr14	64981559	65181559	harbor1	chr14	65073064	65073260	SINE/MIR	702	-	98	65073162	91603
chr14	39690311	39890311	harbor1	chr14	39755448	39755653	SINE/MIR	523	-	102	39755550	65239
chr14	55055243	55255243	harbor1	chr14	55087860	55087966	SINE/MIR	441	-	53	55087913	32670
chr14	55055243	55255243	harbor1	chr14	55088270	55088373	SINE/MIR	441	-	52	55088322	33079
chr14	55055243	55255243	harbor1	chr14	55138627	55138807	SINE/MIR	432	-	90	55138717	83474
chr14	61983282	62183282	harbor1	chr14	61998035	61998161	SINE/MIR	419	-	63	61998098	14816
chr14	61983282	62183282	harbor1	chr14	62028289	62028528	SINE/MIR	766	-	120	62028409	45127
chr14	61983282	62183282	harbor1	chr14	62038935	62039120	SINE/MIR	735	-	92	62039027	55745
chr14	61983282	62183282	harbor1	chr14	62063361	62063592	SINE/MIR	665	-	116	62063477	80195
chr14	61983282	62183282	harbor1	chr14	62079389	62079574	SINE/MIR	575	-	92	62079481	96199
chr14	81911155	82111155	harbor1	chr14	81926253	81926435	SINE/MIR	421	-	91	81926344	15189
chr14	81911155	82111155	harbor1	chr14	81929468	81929707	SINE/MIR	481	-	120	81929588	18433
chr14	81911155	82111155	harbor1	chr14	81983661	81983867	SINE/MIR	467	-	103	81983764	72609
chr14	81911155	82111155	harbor1	chr14	81993599	81993783	SINE/MIR	518	-	92	81993691	82536
chr14	81911155	82111155	harbor1	chr14	82008502	82008700	SINE/MIR	428	-	99	82008601	97446
chr14	79910170	80110170	harbor1	chr14	80008151	80008367	SINE/MIR	581	-	108	80008259	98089
chr14	72720854	72920854	harbor1	chr14	72734627	72734748	SINE/MIR	429	-	60	72734687	13833
chr14	72720854	72920854	harbor1	chr14	72734942	72735129	SINE/MIR	459	-	94	72735036	14182
chr14	72720854	72920854	harbor1	chr14	72753409	72753582	SINE/MIR	485	-	86	72753495	32641
chr14	72720854	72920854	harbor1	chr14	72771193	72771388	SINE/MIR	526	-	98	72771291	50437
chr14	72720854	72920854	harbor1	chr14	72785223	72785478	SINE/MIR	593	-	128	72785351	64497
chr14	72720854	72920854	harbor1	chr14	72789180	72789445	SINE/MIR	750	-	132	72789312	68458
chr14	72720854	72920854	harbor1	chr14	72790501	72790722	SINE/MIR	535	-	110	72790611	69757
chr14	72720854	72920854	harbor1	chr14	72796598	72796707	SINE/MIR	426	-	54	72796652	75798
chr14	72720854	72920854	harbor1	chr14	72811747	72811947	SINE/MIR	627	-	100	72811847	90993
chr14	22896526	23096526	harbor1	chr14	22957344	22957410	SINE/MIR	576	-	33	22957377	60851
chr14	22896526	23096526	harbor1	chr14	22957700	22957801	SINE/MIR	576	-	50	22957750	61224
chr14	20292363	20492363	harbor1	chr14	20324614	20324813	SINE/MIR	474	-	100	20324714	32351
chr14	20292363	20492363	harbor1	chr14	20328109	20328279	SINE/MIR	411	-	85	20328194	35831
chr14	20292363	20492363	harbor1	chr14	20364962	20365147	SINE/MIR	536	-	92	20365054	72691
chr14	20292363	20492363	harbor1	chr14	20385299	20385359	SINE/MIR	476	-	30	20385329	92966
chr14	20292363	20492363	harbor1	chr14	20385673	20385841	SINE/MIR	476	-	84	20385757	93394
chr14	79697647	79897647	harbor1	chr14	79767596	79767758	SINE/MIR	494	-	81	79767677	70030
chr14	37832955	38032955	harbor1	chr14	37837588	37837820	SINE/MIR	760	-	116	37837704	4749
chr14	37832955	38032955	harbor1	chr14	37852265	37852503	SINE/MIR	542	-	119	37852384	19429
chr14	37832955	38032955	harbor1	chr14	37879135	37879286	SINE/MIR	620	-	76	37879211	46256
chr14	44080478	44280478	harbor1	chr14	44147128	44147362	SINE/MIR	521	-	117	44147245	66767
chr14	101701807	101901807	harbor1	chr14	101707553	101707757	SINE/MIR	476	-	102	101707655	5848
chr14	46754588	46954588	harbor1	chr14	46833484	46833699	SINE/MIR	486	-	108	46833592	79004
chr14	59281012	59481012	harbor1	chr14	59312281	59312469	SINE/MIR	488	-	94	59312375	31363
chr14	59281012	59481012	harbor1	chr14	59346036	59346306	SINE/MIR	511	-	135	59346171	65159
chr14	85970307	86170307	harbor1	chr14	86005524	86005731	SINE/MIR	609	-	104	86005628	35321
chr14	104285791	104485791	harbor1	chr14	104363706	104363924	SINE/MIR	451	-	109	104363815	78024
chr15	86726217	86926217	harbor1	chr15	86732030	86732175	SINE/MIR	594	-	72	86732102	5885
chr15	86726217	86926217	harbor1	chr15	86736393	86736583	SINE/MIR	519	-	95	86736488	10271
chr15	86726217	86926217	harbor1	chr15	86757457	86757589	SINE/MIR	467	-	66	86757523	31306
chr15	86726217	86926217	harbor1	chr15	86766016	86766265	SINE/MIR	943	-	124	86766140	39923
chr15	28613423	28813423	harbor1	chr15	28707002	28707169	SINE/MIR	442	-	84	28707086	93663
chr15	76168578	76368578	harbor1	chr15	76172648	76172803	SINE/MIR	549	-	78	76172726	4148
chr15	76168578	76368578	harbor1	chr15	76198085	76198299	SINE/MIR	629	-	107	76198192	29614
chr15	76168578	76368578	harbor1	chr15	76206262	76206447	SINE/MIR	583	-	92	76206354	37776
chr15	76168578	76368578	harbor1	chr15	76208908	76209058	SINE/MIR	494	-	75	76208983	40405
chr15	76168578	76368578	harbor1	chr15	76239071	76239245	SINE/MIR	600	-	87	76239158	70580
chr15	76168578	76368578	harbor1	chr15	76239582	76239638	SINE/MIR	600	-	28	76239610	71032
chr15	76168578	76368578	harbor1	chr15	76246099	76246374	SINE/MIR	887	-	138	76246237	77659
chr15	44177255	44377255	harbor1	chr15	44204219	44204457	SINE/MIR	818	-	119	44204338	27083
chr15	44177255	44377255	harbor1	chr15	44211989	44212115	SINE/MIR	745	-	63	44212052	34797
chr15	44177255	44377255	harbor1	chr15	44239262	44239445	SINE/MIR	714	-	92	44239354	62099
chr15	44177255	44377255	harbor1	chr15	44246917	44247087	SINE/MIR	439	-	85	44247002	69747
chr15	92553602	92753602	harbor1	chr15	92568611	92568821	SINE/MIR	767	-	105	92568716	15114
chr15	92553602	92753602	harbor1	chr15	92612710	92612926	SINE/MIR	827	-	108	92612818	59216
chr15	92553602	92753602	harbor1	chr15	92636319	92636536	SINE/MIR	526	-	108	92636427	82825
chr15	62775878	62975878	harbor1	chr15	62788457	62788628	SINE/MIR	492	-	86	62788543	12665
chr15	62775878	62975878	harbor1	chr15	62795791	62796029	SINE/MIR	822	-	119	62795910	20032
chr15	62775878	62975878	harbor1	chr15	62807281	62807475	SINE/MIR	590	-	97	62807378	31500
chr15	62775878	62975878	harbor1	chr15	62817732	62817814	SINE/MIR	496	-	41	62817773	41895
chr15	62775878	62975878	harbor1	chr15	62818110	62818252	SINE/MIR	496	-	71	62818181	42303
chr15	62775878	62975878	harbor1	chr15	62846176	62846359	SINE/MIR	604	-	92	62846268	70390
chr15	62775878	62975878	harbor1	chr15	62851564	62851649	SINE/MIR	504	-	42	62851606	75728
chr15	62775878	62975878	harbor1	chr15	62851958	62852104	SINE/MIR	504	-	73	62852031	76153
chr15	62775878	62975878	harbor1	chr15	62867315	62867488	SINE/MIR	967	-	86	62867401	91523
chr15	62775878	62975878	harbor1	chr15	62874683	62874833	SINE/MIR	509	-	75	62874758	98880
chr15	101167986	101367986	harbor1	chr15	101226290	101226545	SINE/MIR	520	-	128	101226418	58432
chr15	63247604	63447604	harbor1	chr15	63252250	63252493	SINE/MIR	655	-	122	63252372	4768
chr15	63247604	63447604	harbor1	chr15	63298705	63298838	SINE/MIR	517	-	66	63298771	51167
chr15	63247604	63447604	harbor1	chr15	63346037	63346215	SINE/MIR	439	-	89	63346126	98522
chr15	28494160	28694160	harbor1	chr15	28527749	28527951	SINE/MIR	503	-	101	28527850	33690
chr15	86967639	87167639	harbor1	chr15	86970356	86970559	SINE/MIR	512	-	102	86970458	2819
chr15	86967639	87167639	harbor1	chr15	86990578	86990789	SINE/MIR	568	-	106	86990684	23045
chr15	85580394	85780394	harbor1	chr15	85649082	85649316	SINE/MIR	475	-	117	85649199	68805
chr15	85580394	85780394	harbor1	chr15	85669393	85669624	SINE/MIR	621	-	116	85669509	89115
chr15	36549110	36749110	harbor1	chr15	36553174	36553428	SINE/MIR	646	-	127	36553301	4191
chr15	36549110	36749110	harbor1	chr15	36559728	36559975	SINE/MIR	731	-	124	36559852	10742
chr15	84076671	84276671	harbor1	chr15	84095227	84095391	SINE/MIR	460	-	82	84095309	18638
chr15	84076671	84276671	harbor1	chr15	84107850	84108083	SINE/MIR	558	-	116	84107966	31295
chr15	84076671	84276671	harbor1	chr15	84150631	84150810	SINE/MIR	518	-	90	84150721	74050
chr15	84076671	84276671	harbor1	chr15	84152384	84152523	SINE/MIR	485	-	70	84152454	75783
chr15	26562414	26762414	harbor1	chr15	26588310	26588560	SINE/MIR	597	-	125	26588435	26021
chr15	63141428	63341428	harbor1	chr15	63171149	63171368	SINE/MIR	905	-	110	63171259	29831
chr15	63141428	63341428	harbor1	chr15	63182021	63182191	SINE/MIR	468	-	85	63182106	40678
chr15	63141428	63341428	harbor1	chr15	63203605	63203829	SINE/MIR	635	-	112	63203717	62289
chr15	30893670	31093670	harbor1	chr15	30978604	30978785	SINE/MIR	479	-	90	30978694	85024
chr15	72486905	72686905	harbor1	chr15	72560390	72560573	SINE/MIR	481	-	92	72560482	73577
chr15	79143436	79343436	harbor1	chr15	79146397	79146627	SINE/MIR	715	-	115	79146512	3076
chr15	79143436	79343436	harbor1	chr15	79174565	79174708	SINE/MIR	647	-	72	79174637	31201
chr15	79143436	79343436	harbor1	chr15	79186106	79186297	SINE/MIR	655	-	96	79186202	42766
chr15	79143436	79343436	harbor1	chr15	79208452	79208641	SINE/MIR	538	-	94	79208546	65110
chr15	79143436	79343436	harbor1	chr15	79208632	79208817	SINE/MIR	502	-	92	79208724	65288
chr15	79143436	79343436	harbor1	chr15	79208805	79208985	SINE/MIR	627	-	90	79208895	65459
chr15	79143436	79343436	harbor1	chr15	79211773	79212037	SINE/MIR	630	-	132	79211905	68469
chr15	79143436	79343436	harbor1	chr15	79214112	79214355	SINE/MIR	543	-	122	79214234	70798
chr15	40765275	40965275	harbor1	chr15	40784458	40784575	SINE/MIR	560	-	58	40784516	19241
chr15	40765275	40965275	harbor1	chr15	40793718	40793950	SINE/MIR	843	-	116	40793834	28559
chr15	40765275	40965275	harbor1	chr15	40811548	40811591	SINE/MIR	603	-	22	40811570	46295
chr15	40765275	40965275	harbor1	chr15	40811719	40811859	SINE/MIR	603	-	70	40811789	46514
chr15	40765275	40965275	harbor1	chr15	40841700	40841931	SINE/MIR	600	-	116	40841816	76541
chr15	40765275	40965275	harbor1	chr15	40846328	40846569	SINE/MIR	460	-	120	40846448	81173
chr15	65234502	65434502	harbor1	chr15	65246937	65246995	SINE/MIR	489	-	29	65246966	12464
chr15	65234502	65434502	harbor1	chr15	65247295	65247427	SINE/MIR	489	-	66	65247361	12859
chr15	65234502	65434502	harbor1	chr15	65265261	65265431	SINE/MIR	440	-	85	65265346	30844
chr15	65234502	65434502	harbor1	chr15	65270545	65270750	SINE/MIR	623	-	102	65270647	36145
chr15	65234502	65434502	harbor1	chr15	65277463	65277691	SINE/MIR	745	-	114	65277577	43075
chr15	65234502	65434502	harbor1	chr15	65312902	65313051	SINE/MIR	556	-	74	65312976	78474
chr15	65234502	65434502	harbor1	chr15	65315772	65315947	SINE/MIR	533	-	88	65315860	81358
chr15	65234502	65434502	harbor1	chr15	65316235	65316266	SINE/MIR	533	-	16	65316251	81749
chr15	65234502	65434502	harbor1	chr15	65321214	65321392	SINE/MIR	658	-	89	65321303	86801
chr15	65234502	65434502	harbor1	chr15	65330059	65330204	SINE/MIR	660	-	72	65330131	95629
chr15	65234502	65434502	harbor1	chr15	65331711	65331846	SINE/MIR	462	-	68	65331779	97277
chr15	68051711	68251711	harbor1	chr15	68058295	68058531	SINE/MIR	781	-	118	68058413	6702
chr15	68051711	68251711	harbor1	chr15	68130884	68131112	SINE/MIR	719	-	114	68130998	79287
chr15	61813587	62013587	harbor1	chr15	61836810	61836953	SINE/MIR	471	-	72	61836882	23295
chr15	90922971	91122971	harbor1	chr15	91012364	91012553	SINE/MIR	550	-	94	91012458	89487
chr15	55071191	55271191	harbor1	chr15	55152994	55153133	SINE/MIR	724	-	70	55153064	81873
chr15	55071191	55271191	harbor1	chr15	55153447	55153566	SINE/MIR	724	-	60	55153507	82316
chr15	55071191	55271191	harbor1	chr15	55168183	55168375	SINE/MIR	479	-	96	55168279	97088
chr15	97143696	97343696	harbor1	chr15	97180015	97180241	SINE/MIR	553	-	113	97180128	36432
chr15	97143696	97343696	harbor1	chr15	97239781	97239960	SINE/MIR	449	-	90	97239871	96175
chr15	97143696	97343696	harbor1	chr15	97240134	97240377	SINE/MIR	573	-	122	97240256	96560
chr15	91811351	92011351	harbor1	chr15	91819418	91819619	SINE/MIR	494	-	100	91819518	8167
chr15	91811351	92011351	harbor1	chr15	91839027	91839232	SINE/MIR	496	-	102	91839129	27778
chr15	91811351	92011351	harbor1	chr15	91884017	91884228	SINE/MIR	471	-	106	91884123	72772
chr15	96234397	96434397	harbor1	chr15	96270561	96270818	SINE/MIR	668	-	128	96270689	36292
chr15	96234397	96434397	harbor1	chr15	96280975	96281210	SINE/MIR	488	-	118	96281093	46696
chr15	96234397	96434397	harbor1	chr15	96286924	96287168	SINE/MIR	454	-	122	96287046	52649
chr15	96234397	96434397	harbor1	chr15	96304930	96305156	SINE/MIR	927	-	113	96305043	70646
chr15	84631386	84831386	harbor1	chr15	84643229	84643438	SINE/MIR	641	-	104	84643333	11947
chr15	84631386	84831386	harbor1	chr15	84649006	84649244	SINE/MIR	785	-	119	84649125	17739
chr15	84631386	84831386	harbor1	chr15	84714376	84714453	SINE/MIR	788	-	38	84714414	83028
chr15	84631386	84831386	harbor1	chr15	84714554	84714678	SINE/MIR	788	-	62	84714616	83230
chr15	84631386	84831386	harbor1	chr15	84656043	84656279	SINE/MIR	810	-	118	84656161	24775
chr15	61832560	62032560	harbor1	chr15	61836810	61836953	SINE/MIR	471	-	72	61836882	4322
chr15	61832560	62032560	harbor1	chr15	61917692	61917816	SINE/MIR	490	-	62	61917754	85194
chr15	65374381	65574381	harbor1	chr15	65375532	65375761	SINE/MIR	635	-	114	65375646	1265
chr15	65374381	65574381	harbor1	chr15	65392807	65392973	SINE/MIR	511	-	83	65392890	18509
chr15	65374381	65574381	harbor1	chr15	65423591	65423748	SINE/MIR	488	-	78	65423669	49288
chr15	47728354	47928354	harbor1	chr15	47728422	47728575	SINE/MIR	670	-	76	47728498	144
chr15	47728354	47928354	harbor1	chr15	47729054	47729142	SINE/MIR	670	-	44	47729098	744
chr15	47728354	47928354	harbor1	chr15	47744877	47745038	SINE/MIR	555	-	80	47744957	16603
chr15	47728354	47928354	harbor1	chr15	47745234	47745460	SINE/MIR	541	-	113	47745347	16993
chr15	47728354	47928354	harbor1	chr15	47749384	47749599	SINE/MIR	560	-	108	47749492	21138
chr15	47728354	47928354	harbor1	chr15	47756402	47756657	SINE/MIR	729	-	128	47756530	28176
chr15	47728354	47928354	harbor1	chr15	47757899	47758050	SINE/MIR	514	-	76	47757975	29621
chr15	47728354	47928354	harbor1	chr15	47793247	47793488	SINE/MIR	748	-	120	47793367	65013
chr15	47728354	47928354	harbor1	chr15	47803596	47803813	SINE/MIR	886	-	108	47803704	75350
chr15	34596325	34796325	harbor1	chr15	34647256	34647432	SINE/MIR	618	-	88	34647344	51019
chr15	34596325	34796325	harbor1	chr15	34650865	34651064	SINE/MIR	569	-	100	34650965	54640
chr15	34596325	34796325	harbor1	chr15	34651859	34652011	SINE/MIR	525	-	76	34651935	55610
chr15	34596325	34796325	harbor1	chr15	34654549	34654757	SINE/MIR	480	-	104	34654653	58328
chr15	39785612	39985612	harbor1	chr15	39798530	39798681	SINE/MIR	649	-	76	39798606	12994
chr15	39785612	39985612	harbor1	chr15	39828991	39829172	SINE/MIR	641	-	90	39829081	43469
chr15	39785612	39985612	harbor1	chr15	39855857	39856098	SINE/MIR	724	-	120	39855977	70365
chr15	39785612	39985612	harbor1	chr15	39873124	39873329	SINE/MIR	754	-	102	39873226	87614
chr15	39785612	39985612	harbor1	chr15	39879128	39879271	SINE/MIR	486	-	72	39879200	93588
chr15	46132878	46332878	harbor1	chr15	46226532	46226777	SINE/MIR	502	-	122	46226654	93776
chr15	80771436	80971436	harbor1	chr15	80778622	80778804	SINE/MIR	452	-	91	80778713	7277
chr15	80771436	80971436	harbor1	chr15	80803569	80803798	SINE/MIR	483	-	114	80803683	32247
chr15	80771436	80971436	harbor1	chr15	80819741	80819939	SINE/MIR	638	-	99	80819840	48404
chr15	80771436	80971436	harbor1	chr15	80825269	80825445	SINE/MIR	575	-	88	80825357	53921
chr15	80771436	80971436	harbor1	chr15	80838710	80838920	SINE/MIR	483	-	105	80838815	67379
chr15	80771436	80971436	harbor1	chr15	80839832	80840030	SINE/MIR	499	-	99	80839931	68495
chr15	80771436	80971436	harbor1	chr15	80843107	80843307	SINE/MIR	483	-	100	80843207	71771
chr15	80771436	80971436	harbor1	chr15	80855256	80855418	SINE/MIR	457	-	81	80855337	83901
chr15	80771436	80971436	harbor1	chr15	80864501	80864723	SINE/MIR	494	-	111	80864612	93176
chr15	80771436	80971436	harbor1	chr15	80869773	80869963	SINE/MIR	600	-	95	80869868	98432
chr15	71703398	71903398	harbor1	chr15	71777920	71778140	SINE/MIR	499	-	110	71778030	74632
chr15	71703398	71903398	harbor1	chr15	71784515	71784664	SINE/MIR	454	-	74	71784589	81191
chr15	71703398	71903398	harbor1	chr15	71787189	71787358	SINE/MIR	452	-	84	71787273	83875
chr15	71703398	71903398	harbor1	chr15	71789274	71789486	SINE/MIR	464	-	106	71789380	85982
chr15	92875520	93075520	harbor1	chr15	92954141	92954378	SINE/MIR	520	-	118	92954259	78739
chr15	31808954	32008954	harbor1	chr15	31895394	31895602	SINE/MIR	662	-	104	31895498	86544
chr15	31808954	32008954	harbor1	chr15	31902305	31902461	SINE/MIR	519	-	78	31902383	93429
chr15	44102278	44302278	harbor1	chr15	44173973	44174081	SINE/MIR	495	-	54	44174027	71749
chr15	76073857	76273857	harbor1	chr15	76099542	76099672	SINE/MIR	507	-	65	76099607	25750
chr15	76073857	76273857	harbor1	chr15	76133468	76133681	SINE/MIR	701	-	106	76133574	59717
chr15	76073857	76273857	harbor1	chr15	76157230	76157443	SINE/MIR	492	-	106	76157336	83479
chr15	76073857	76273857	harbor1	chr15	76172648	76172803	SINE/MIR	549	-	78	76172726	98869
chr15	20770586	20970586	harbor1	chr15	20787382	20787542	SINE/MIR	652	-	80	20787462	16876
chr15	72836684	73036684	harbor1	chr15	72852622	72852856	SINE/MIR	505	-	117	72852739	16055
chr15	72836684	73036684	harbor1	chr15	72886059	72886306	SINE/MIR	609	-	124	72886183	49499
chr15	72836684	73036684	harbor1	chr15	72903495	72903628	SINE/MIR	527	-	66	72903561	66877
chr15	66396819	66596819	harbor1	chr15	66405031	66405240	SINE/MIR	614	-	104	66405135	8316
chr15	66396819	66596819	harbor1	chr15	66427574	66427733	SINE/MIR	468	-	80	66427654	30835
chr15	66396819	66596819	harbor1	chr15	66428027	66428099	SINE/MIR	468	-	36	66428063	31244
chr15	66396819	66596819	harbor1	chr15	66471388	66471547	SINE/MIR	658	-	80	66471468	74649
chr15	66396819	66596819	harbor1	chr15	66482925	66483154	SINE/MIR	447	-	114	66483039	86220
chr15	66396819	66596819	harbor1	chr15	66488843	66489004	SINE/MIR	548	-	80	66488923	92104
chr15	66396819	66596819	harbor1	chr15	66492800	66492971	SINE/MIR	447	-	86	66492886	96067
chr15	66856183	67056183	harbor1	chr15	66897286	66897512	SINE/MIR	795	-	113	66897399	41216
chr15	66856183	67056183	harbor1	chr15	66901414	66901594	SINE/MIR	456	-	90	66901504	45321
chr15	66856183	67056183	harbor1	chr15	66927380	66927609	SINE/MIR	665	-	114	66927494	71311
chr15	66856183	67056183	harbor1	chr15	66940223	66940457	SINE/MIR	588	-	117	66940340	84157
chr15	66856183	67056183	harbor1	chr15	66954380	66954533	SINE/MIR	617	-	76	66954456	98273
chr15	80728786	80928786	harbor1	chr15	80778622	80778804	SINE/MIR	452	-	91	80778713	49927
chr15	80728786	80928786	harbor1	chr15	80803569	80803798	SINE/MIR	483	-	114	80803683	74897
chr15	80728786	80928786	harbor1	chr15	80819741	80819939	SINE/MIR	638	-	99	80819840	91054
chr15	80728786	80928786	harbor1	chr15	80825269	80825445	SINE/MIR	575	-	88	80825357	96571
chr15	34880896	35080896	harbor1	chr15	34939755	34939981	SINE/MIR	538	-	113	34939868	58972
chr15	44457077	44657077	harbor1	chr15	44464191	44464416	SINE/MIR	813	-	112	44464303	7226
chr15	44457077	44657077	harbor1	chr15	44507833	44508001	SINE/MIR	773	-	84	44507917	50840
chr15	59365067	59565067	harbor1	chr15	59394183	59394381	SINE/MIR	701	-	99	59394282	29215
chr15	59365067	59565067	harbor1	chr15	59394425	59394560	SINE/MIR	511	-	68	59394493	29426
chr15	59365067	59565067	harbor1	chr15	59406282	59406445	SINE/MIR	453	-	82	59406364	41297
chr15	59365067	59565067	harbor1	chr15	59422985	59423088	SINE/MIR	601	-	52	59423037	57970
chr15	59365067	59565067	harbor1	chr15	59423398	59423548	SINE/MIR	601	-	75	59423473	58406
chr15	59365067	59565067	harbor1	chr15	59441948	59442132	SINE/MIR	554	-	92	59442040	76973
chr15	61156147	61356147	harbor1	chr15	61158545	61158702	SINE/MIR	549	-	78	61158623	2476
chr15	61156147	61356147	harbor1	chr15	61165860	61166042	SINE/MIR	462	-	91	61165951	9804
chr15	61156147	61356147	harbor1	chr15	61173095	61173324	SINE/MIR	647	-	114	61173209	17062
chr15	61156147	61356147	harbor1	chr15	61174778	61174993	SINE/MIR	698	-	108	61174886	18739
chr15	61156147	61356147	harbor1	chr15	61246020	61246171	SINE/MIR	488	-	76	61246096	89949
chr15	96474421	96674421	harbor1	chr15	96510488	96510721	SINE/MIR	725	-	116	96510604	36183
chr15	96474421	96674421	harbor1	chr15	96512972	96513106	SINE/MIR	620	-	67	96513039	38618
chr15	96474421	96674421	harbor1	chr15	96543832	96544017	SINE/MIR	616	-	92	96543924	69503
chr15	96474421	96674421	harbor1	chr15	96552562	96552792	SINE/MIR	815	-	115	96552677	78256
chr15	32530656	32730656	harbor1	chr15	32552789	32552986	SINE/MIR	584	-	98	32552887	22231
chr15	32530656	32730656	harbor1	chr15	32571567	32571674	SINE/MIR	441	-	54	32571621	40965
chr15	32530656	32730656	harbor1	chr15	32571906	32572020	SINE/MIR	441	-	57	32571963	41307
chr15	32530656	32730656	harbor1	chr15	32586580	32586731	SINE/MIR	496	-	76	32586656	56000
chr15	32530656	32730656	harbor1	chr15	32618459	32618659	SINE/MIR	595	-	100	32618559	87903
chr15	32530656	32730656	harbor1	chr15	32618959	32619019	SINE/MIR	595	-	30	32618989	88333
chr15	52608918	52808918	harbor1	chr15	52615781	52616031	SINE/MIR	870	-	125	52615906	6988
chr15	52608918	52808918	harbor1	chr15	52626579	52626706	SINE/MIR	448	-	64	52626643	17725
chr15	52608918	52808918	harbor1	chr15	52664389	52664618	SINE/MIR	612	-	114	52664503	55585
chr15	52608918	52808918	harbor1	chr15	52673102	52673269	SINE/MIR	674	-	84	52673186	64268
chr15	52608918	52808918	harbor1	chr15	52674905	52675110	SINE/MIR	472	-	102	52675007	66089
chr15	52608918	52808918	harbor1	chr15	52683559	52683797	SINE/MIR	700	-	119	52683678	74760
chr15	46161745	46361745	harbor1	chr15	46226532	46226777	SINE/MIR	502	-	122	46226654	64909
chr15	47606592	47806592	harbor1	chr15	47623313	47623444	SINE/MIR	502	-	66	47623379	16787
chr15	47606592	47806592	harbor1	chr15	47672072	47672247	SINE/MIR	645	-	88	47672160	65568
chr15	47606592	47806592	harbor1	chr15	47678459	47678615	SINE/MIR	482	-	78	47678537	71945
chr15	47606592	47806592	harbor1	chr15	47699270	47699495	SINE/MIR	582	-	112	47699382	92790
chr15	79028865	79228865	harbor1	chr15	79057981	79058192	SINE/MIR	550	-	106	79058087	29222
chr15	79028865	79228865	harbor1	chr15	79066186	79066316	SINE/MIR	466	-	65	79066251	37386
chr15	79028865	79228865	harbor1	chr15	79088339	79088526	SINE/MIR	681	-	94	79088433	59568
chr15	79028865	79228865	harbor1	chr15	79093214	79093412	SINE/MIR	733	-	99	79093313	64448
chr15	90266358	90466358	harbor1	chr15	90306151	90306333	SINE/MIR	489	-	91	90306242	39884
chr15	90266358	90466358	harbor1	chr15	90358188	90358333	SINE/MIR	690	-	72	90358260	91902
chr15	95457477	95657477	harbor1	chr15	95469963	95470172	SINE/MIR	689	-	104	95470067	12590
chr15	95457477	95657477	harbor1	chr15	95547004	95547175	SINE/MIR	446	-	86	95547090	89613
chr15	95457477	95657477	harbor1	chr15	95554733	95554981	SINE/MIR	549	-	124	95554857	97380
chr15	21277014	21477014	harbor1	chr15	21321130	21321323	SINE/MIR	481	-	96	21321226	44212
chr15	21277014	21477014	harbor1	chr15	21356477	21356637	SINE/MIR	652	-	80	21356557	79543
chr15	91482213	91682213	harbor1	chr15	91509814	91510051	SINE/MIR	716	-	118	91509932	27719
chr15	91482213	91682213	harbor1	chr15	91526241	91526416	SINE/MIR	442	-	88	91526329	44116
chr15	91482213	91682213	harbor1	chr15	91526835	91526864	SINE/MIR	442	-	14	91526849	44636
chr15	91482213	91682213	harbor1	chr15	91530837	91531050	SINE/MIR	594	-	106	91530943	48730
chr15	28470624	28670624	harbor1	chr15	28527749	28527951	SINE/MIR	503	-	101	28527850	57226
chr15	61927989	62127989	harbor1	chr15	61955162	61955404	SINE/MIR	783	-	121	61955283	27294
chr15	61927989	62127989	harbor1	chr15	61998452	61998688	SINE/MIR	959	-	118	61998570	70581
chr15	61927989	62127989	harbor1	chr15	62001129	62001350	SINE/MIR	596	-	110	62001239	73250
chr15	61927989	62127989	harbor1	chr15	61964183	61964313	SINE/MIR	501	-	65	61964248	36259
chr15	82691116	82891116	harbor1	chr15	82714474	82714657	SINE/MIR	657	-	92	82714566	23450
chr15	82691116	82891116	harbor1	chr15	82765473	82765652	SINE/MIR	560	-	90	82765563	74447
chr15	82691116	82891116	harbor1	chr15	82774402	82774598	SINE/MIR	756	-	98	82774500	83384
chr15	82691116	82891116	harbor1	chr15	82789396	82789594	SINE/MIR	660	-	99	82789495	98379
chr15	82905903	83105903	harbor1	chr15	82924701	82924906	SINE/MIR	557	-	102	82924803	18900
chr15	82905903	83105903	harbor1	chr15	82941826	82942036	SINE/MIR	650	-	105	82941931	36028
chr16	56881910	57081910	harbor1	chr16	56885758	56885993	SINE/MIR	580	-	118	56885876	3966
chr16	56881910	57081910	harbor1	chr16	56903917	56904115	SINE/MIR	705	-	99	56904016	22106
chr16	56881910	57081910	harbor1	chr16	56911865	56912089	SINE/MIR	451	-	112	56911977	30067
chr16	56881910	57081910	harbor1	chr16	56970198	56970354	SINE/MIR	718	-	78	56970276	88366
chr16	56881910	57081910	harbor1	chr16	56977696	56977831	SINE/MIR	726	-	68	56977764	95854
chr16	13887673	14087673	harbor1	chr16	13942500	13942747	SINE/MIR	1017	-	124	13942624	54951
chr16	13887673	14087673	harbor1	chr16	13952845	13952973	SINE/MIR	517	-	64	13952909	65236
chr16	49445737	49645737	harbor1	chr16	49460218	49460451	SINE/MIR	503	-	116	49460334	14597
chr16	49445737	49645737	harbor1	chr16	49485360	49485569	SINE/MIR	583	-	104	49485464	39727
chr16	49445737	49645737	harbor1	chr16	49498123	49498357	SINE/MIR	736	-	117	49498240	52503
chr16	49445737	49645737	harbor1	chr16	49509013	49509193	SINE/MIR	469	-	90	49509103	63366
chr16	49445737	49645737	harbor1	chr16	49524128	49524275	SINE/MIR	617	-	74	49524202	78465
chr16	69313553	69513553	harbor1	chr16	69352805	69353009	SINE/MIR	504	-	102	69352907	39354
chr16	69313553	69513553	harbor1	chr16	69392377	69392483	SINE/MIR	462	-	53	69392430	78877
chr16	69313553	69513553	harbor1	chr16	69392787	69392883	SINE/MIR	462	-	48	69392835	79282
chr16	69313553	69513553	harbor1	chr16	69405357	69405447	SINE/MIR	452	-	45	69405402	91849
chr16	30331108	30531108	harbor1	chr16	30368889	30369035	SINE/MIR	479	-	73	30368962	37854
chr16	30331108	30531108	harbor1	chr16	30423606	30423838	SINE/MIR	785	-	116	30423722	92614
chr16	30331108	30531108	harbor1	chr16	30408579	30408771	SINE/MIR	509	-	96	30408675	77567
chr16	80712211	80912211	harbor1	chr16	80718030	80718188	SINE/MIR	499	-	79	80718109	5898
chr16	80712211	80912211	harbor1	chr16	80721201	80721404	SINE/MIR	549	-	102	80721303	9092
chr16	80712211	80912211	harbor1	chr16	80737293	80737509	SINE/MIR	580	-	108	80737401	25190
chr16	80712211	80912211	harbor1	chr16	80741998	80742212	SINE/MIR	676	-	107	80742105	29894
chr16	80712211	80912211	harbor1	chr16	80744031	80744192	SINE/MIR	440	-	80	80744111	31900
chr16	80712211	80912211	harbor1	chr16	80744528	80744644	SINE/MIR	541	-	58	80744586	32375
chr16	80712211	80912211	harbor1	chr16	80766863	80767117	SINE/MIR	836	-	127	80766990	54779
chr16	47307011	47507011	harbor1	chr16	47310684	47310907	SINE/MIR	554	-	112	47310796	3785
chr16	47307011	47507011	harbor1	chr16	47329610	47329856	SINE/MIR	891	-	123	47329733	22722
chr16	47307011	47507011	harbor1	chr16	47332603	47332774	SINE/MIR	491	-	86	47332689	25678
chr16	47307011	47507011	harbor1	chr16	47399951	47400177	SINE/MIR	472	-	113	47400064	93053
chr16	77929189	78129189	harbor1	chr16	77981048	77981290	SINE/MIR	575	-	121	77981169	51980
chr16	77929189	78129189	harbor1	chr16	77986581	77986772	SINE/MIR	460	-	96	77986677	57488
chr16	77929189	78129189	harbor1	chr16	77993723	77993762	SINE/MIR	596	-	20	77993743	64554
chr16	77929189	78129189	harbor1	chr16	77994633	77994783	SINE/MIR	596	-	75	77994708	65519
chr16	77929189	78129189	harbor1	chr16	78029043	78029236	SINE/MIR	615	-	96	78029139	99950
chr16	77929189	78129189	harbor1	chr16	78020535	78020755	SINE/MIR	618	-	110	78020645	91456
chr16	77929189	78129189	harbor1	chr16	77987658	77987848	SINE/MIR	489	-	95	77987753	58564
chr16	51923230	52123230	harbor1	chr16	51931341	51931589	SINE/MIR	660	-	124	51931465	8235
chr16	51923230	52123230	harbor1	chr16	51944653	51944830	SINE/MIR	573	-	88	51944741	21511
chr16	51923230	52123230	harbor1	chr16	51978067	51978266	SINE/MIR	637	-	100	51978167	54937
chr16	51923230	52123230	harbor1	chr16	52002348	52002552	SINE/MIR	635	-	102	52002450	79220
chr16	51923230	52123230	harbor1	chr16	52007364	52007583	SINE/MIR	633	-	110	52007474	84244
chr16	67362829	67562829	harbor1	chr16	67363307	67363538	SINE/MIR	563	-	116	67363423	594
chr16	49432289	49632289	harbor1	chr16	49437370	49437551	SINE/MIR	509	-	90	49437460	5171
chr16	49432289	49632289	harbor1	chr16	49460218	49460451	SINE/MIR	503	-	116	49460334	28045
chr16	49432289	49632289	harbor1	chr16	49485360	49485569	SINE/MIR	583	-	104	49485464	53175
chr16	49432289	49632289	harbor1	chr16	49498123	49498357	SINE/MIR	736	-	117	49498240	65951
chr16	49432289	49632289	harbor1	chr16	49509013	49509193	SINE/MIR	469	-	90	49509103	76814
chr16	49432289	49632289	harbor1	chr16	49524128	49524275	SINE/MIR	617	-	74	49524202	91913
chr16	76193814	76393814	harbor1	chr16	76242445	76242673	SINE/MIR	509	-	114	76242559	48745
chr16	73584247	73784247	harbor1	chr16	73618370	73618548	SINE/MIR	491	-	89	73618459	34212
chr16	64645887	64845887	harbor1	chr16	64707028	64707222	SINE/MIR	441	-	97	64707125	61238
chr16	19370081	19570081	harbor1	chr16	19378237	19378439	SINE/MIR	477	-	101	19378338	8257
chr16	19370081	19570081	harbor1	chr16	19407866	19408017	SINE/MIR	795	-	76	19407942	37861
chr16	19370081	19570081	harbor1	chr16	19434742	19434975	SINE/MIR	620	-	116	19434858	64777
chr16	19370081	19570081	harbor1	chr16	19446481	19446713	SINE/MIR	688	-	116	19446597	76516
chr16	19370081	19570081	harbor1	chr16	19447468	19447584	SINE/MIR	756	-	58	19447526	77445
chr16	19370081	19570081	harbor1	chr16	19447854	19447974	SINE/MIR	756	-	60	19447914	77833
chr16	71824490	72024490	harbor1	chr16	71828442	71828660	SINE/MIR	549	-	109	71828551	4061
chr16	71824490	72024490	harbor1	chr16	71836584	71836776	SINE/MIR	453	-	96	71836680	12190
chr16	71824490	72024490	harbor1	chr16	71857696	71857889	SINE/MIR	622	-	96	71857792	33302
chr16	61723498	61923498	harbor1	chr16	61764032	61764276	SINE/MIR	548	-	122	61764154	40656
chr16	24359459	24559459	harbor1	chr16	24364015	24364179	SINE/MIR	442	-	82	24364097	4638
chr16	24359459	24559459	harbor1	chr16	24364321	24364497	SINE/MIR	504	-	88	24364409	4950
chr16	24049670	24249670	harbor1	chr16	24054338	24054541	SINE/MIR	661	-	102	24054440	4770
chr16	24049670	24249670	harbor1	chr16	24055881	24056070	SINE/MIR	629	-	94	24055975	6305
chr16	24049670	24249670	harbor1	chr16	24068956	24069181	SINE/MIR	473	-	112	24069068	19398
chr16	24049670	24249670	harbor1	chr16	24070615	24070798	SINE/MIR	550	-	92	24070707	21037
chr16	24049670	24249670	harbor1	chr16	24111848	24112068	SINE/MIR	651	-	110	24111958	62288
chr16	24049670	24249670	harbor1	chr16	24117448	24117623	SINE/MIR	672	-	88	24117536	67866
chr16	24049670	24249670	harbor1	chr16	24132547	24132729	SINE/MIR	796	-	91	24132638	82968
chr16	24049670	24249670	harbor1	chr16	24142016	24142213	SINE/MIR	734	-	98	24142114	92444
chr16	24049670	24249670	harbor1	chr16	24146315	24146579	SINE/MIR	620	-	132	24146447	96777
chr16	33878584	34078584	harbor1	chr16	33886877	33887036	SINE/MIR	489	-	80	33886957	8373
chr16	33878584	34078584	harbor1	chr16	33905017	33905209	SINE/MIR	733	-	96	33905113	26529
chr16	33878584	34078584	harbor1	chr16	33911595	33911764	SINE/MIR	515	-	84	33911679	33095
chr16	33878584	34078584	harbor1	chr16	33932592	33932757	SINE/MIR	583	-	82	33932674	54090
chr16	33878584	34078584	harbor1	chr16	33933147	33933375	SINE/MIR	592	-	114	33933261	54677
chr16	7793838	7993838	harbor1	chr16	7844286	7844432	SINE/MIR	482	-	73	7844359	50521
chr16	7793838	7993838	harbor1	chr16	7853705	7853922	SINE/MIR	541	-	108	7853813	59975
chr16	8221279	8421279	harbor1	chr16	8231060	8231105	SINE/MIR	722	-	22	8231082	9803
chr16	8221279	8421279	harbor1	chr16	8231733	8231891	SINE/MIR	722	-	79	8231812	10533
chr16	8221279	8421279	harbor1	chr16	8232393	8232619	SINE/MIR	640	-	113	8232506	11227
chr16	8221279	8421279	harbor1	chr16	8238784	8238982	SINE/MIR	607	-	99	8238883	17604
chr16	8221279	8421279	harbor1	chr16	8252839	8253074	SINE/MIR	476	-	118	8252957	31678
chr16	8221279	8421279	harbor1	chr16	8289764	8289990	SINE/MIR	731	-	113	8289877	68598
chr16	8221279	8421279	harbor1	chr16	8305957	8306200	SINE/MIR	458	-	122	8306079	84800
chr16	55614412	55814412	harbor1	chr16	55644611	55644745	SINE/MIR	439	-	67	55644678	30266
chr16	55614412	55814412	harbor1	chr16	55645023	55645155	SINE/MIR	439	-	66	55645089	30677
chr16	55614412	55814412	harbor1	chr16	55647062	55647204	SINE/MIR	541	-	71	55647133	32721
chr16	55614412	55814412	harbor1	chr16	55647683	55647809	SINE/MIR	458	-	63	55647746	33334
chr16	55614412	55814412	harbor1	chr16	55664602	55664775	SINE/MIR	443	-	86	55664688	50276
chr16	55614412	55814412	harbor1	chr16	55676679	55676894	SINE/MIR	588	-	108	55676787	62375
chr16	55614412	55814412	harbor1	chr16	55695650	55695858	SINE/MIR	513	-	104	55695754	81342
chr16	55614412	55814412	harbor1	chr16	55708217	55708404	SINE/MIR	528	-	94	55708311	93899
chr16	55614412	55814412	harbor1	chr16	55710726	55710922	SINE/MIR	711	-	98	55710824	96412
chr16	7293371	7493371	harbor1	chr16	7296480	7296608	SINE/MIR	447	-	64	7296544	3173
chr16	7293371	7493371	harbor1	chr16	7320819	7320998	SINE/MIR	491	-	90	7320909	27538
chr16	7293371	7493371	harbor1	chr16	7325169	7325409	SINE/MIR	613	-	120	7325289	31918
chr16	7293371	7493371	harbor1	chr16	7331645	7331760	SINE/MIR	534	-	58	7331703	38332
chr16	7293371	7493371	harbor1	chr16	7369830	7370012	SINE/MIR	477	-	91	7369921	76550
chr16	7293371	7493371	harbor1	chr16	7375088	7375283	SINE/MIR	440	-	98	7375186	81815
chr16	58889190	59089190	harbor1	chr16	58890175	58890360	SINE/MIR	483	-	92	58890267	1077
chr16	58889190	59089190	harbor1	chr16	58902654	58902838	SINE/MIR	495	-	92	58902746	13556
chr16	58889190	59089190	harbor1	chr16	58921462	58921696	SINE/MIR	599	-	117	58921579	32389
chr16	58889190	59089190	harbor1	chr16	58929162	58929335	SINE/MIR	467	-	86	58929248	40058
chr16	26607425	26807425	harbor1	chr16	26625738	26625943	SINE/MIR	507	-	102	26625840	18415
chr16	26607425	26807425	harbor1	chr16	26637816	26638029	SINE/MIR	463	-	106	26637922	30497
chr16	26607425	26807425	harbor1	chr16	26676478	26676675	SINE/MIR	474	-	98	26676576	69151
chr16	26607425	26807425	harbor1	chr16	26677191	26677220	SINE/MIR	474	-	14	26677205	69780
chr16	26607425	26807425	harbor1	chr16	26682434	26682652	SINE/MIR	505	-	109	26682543	75118
chr16	26607425	26807425	harbor1	chr16	26707092	26707289	SINE/MIR	498	-	98	26707190	99765
chr16	66592226	66792226	harbor1	chr16	66634696	66634949	SINE/MIR	476	-	126	66634822	42596
chr16	24815739	25015739	harbor1	chr16	24838203	24838392	SINE/MIR	497	-	94	24838297	22558
chr16	24815739	25015739	harbor1	chr16	24846902	24847071	SINE/MIR	528	-	84	24846986	31247
chr16	24815739	25015739	harbor1	chr16	24851666	24851866	SINE/MIR	529	-	100	24851766	36027
chr16	24815739	25015739	harbor1	chr16	24858935	24859150	SINE/MIR	656	-	108	24859043	43304
chr16	24815739	25015739	harbor1	chr16	24894053	24894211	SINE/MIR	501	-	79	24894132	78393
chr16	24815739	25015739	harbor1	chr16	24896565	24896790	SINE/MIR	703	-	112	24896677	80938
chr16	24815739	25015739	harbor1	chr16	24901204	24901325	SINE/MIR	558	-	60	24901264	85525
chr16	62074492	62274492	harbor1	chr16	62080515	62080736	SINE/MIR	514	-	110	62080625	6133
chr16	62074492	62274492	harbor1	chr16	62139233	62139477	SINE/MIR	445	-	122	62139355	64863
chr16	62074492	62274492	harbor1	chr16	62148214	62148444	SINE/MIR	610	-	115	62148329	73837
chr16	62074492	62274492	harbor1	chr16	62158248	62158438	SINE/MIR	462	-	95	62158343	83851
chr16	62074492	62274492	harbor1	chr16	62158526	62158683	SINE/MIR	470	-	78	62158604	84112
chr16	62074492	62274492	harbor1	chr16	62160895	62161135	SINE/MIR	765	-	120	62161015	86523
chr16	34390514	34590514	harbor1	chr16	34395235	34395485	SINE/MIR	926	-	125	34395360	4846
chr16	34390514	34590514	harbor1	chr16	34407049	34407256	SINE/MIR	519	-	104	34407153	16639
chr16	34390514	34590514	harbor1	chr16	34423304	34423457	SINE/MIR	460	-	76	34423380	32866
chr16	84903021	85103021	harbor1	chr16	84937404	84937539	SINE/MIR	524	-	68	84937472	34451
chr16	84903021	85103021	harbor1	chr16	84969166	84969352	SINE/MIR	515	-	93	84969259	66238
chr16	51684505	51884505	harbor1	chr16	51712560	51712741	SINE/MIR	505	-	90	51712650	28145
chr16	51684505	51884505	harbor1	chr16	51716935	51717200	SINE/MIR	739	-	132	51717067	32562
chr16	51684505	51884505	harbor1	chr16	51724502	51724726	SINE/MIR	471	-	112	51724614	40109
chr16	51684505	51884505	harbor1	chr16	51739057	51739234	SINE/MIR	502	-	88	51739145	54640
chr16	51684505	51884505	harbor1	chr16	51766081	51766284	SINE/MIR	635	-	102	51766183	81678
chr16	51684505	51884505	harbor1	chr16	51766403	51766563	SINE/MIR	578	-	80	51766483	81978
chr16	51684505	51884505	harbor1	chr16	51777452	51777622	SINE/MIR	434	-	85	51777537	93032
chr16	58305647	58505647	harbor1	chr16	58334989	58335212	SINE/MIR	807	-	112	58335101	29454
chr16	74245451	74445451	harbor1	chr16	74260068	74260240	SINE/MIR	599	-	86	74260154	14703
chr16	74245451	74445451	harbor1	chr16	74260649	74260893	SINE/MIR	652	-	122	74260771	15320
chr16	74245451	74445451	harbor1	chr16	74291138	74291282	SINE/MIR	556	-	72	74291210	45759
chr16	74245451	74445451	harbor1	chr16	74303307	74303419	SINE/MIR	437	-	56	74303363	57912
chr16	74245451	74445451	harbor1	chr16	74329078	74329282	SINE/MIR	548	-	102	74329180	83729
chr16	85019393	85219393	harbor1	chr16	85029797	85030005	SINE/MIR	451	-	104	85029901	10508
chr16	85019393	85219393	harbor1	chr16	85034663	85034919	SINE/MIR	535	-	128	85034791	15398
chr16	85019393	85219393	harbor1	chr16	85098724	85098917	SINE/MIR	559	-	96	85098820	79427
chr16	85019393	85219393	harbor1	chr16	85100352	85100511	SINE/MIR	464	-	80	85100432	81039
chr16	85019393	85219393	harbor1	chr16	85098372	85098569	SINE/MIR	527	-	98	85098470	79077
chr16	59927608	60127608	harbor1	chr16	59988088	59988319	SINE/MIR	447	-	116	59988204	60596
chr16	81488942	81688942	harbor1	chr16	81498945	81499085	SINE/MIR	508	-	70	81499015	10073
chr16	81488942	81688942	harbor1	chr16	81502016	81502210	SINE/MIR	614	-	97	81502113	13171
chr16	81488942	81688942	harbor1	chr16	81506026	81506256	SINE/MIR	783	-	115	81506141	17199
chr16	81488942	81688942	harbor1	chr16	81510400	81510627	SINE/MIR	483	-	114	81510514	21572
chr16	81488942	81688942	harbor1	chr16	81524564	81524665	SINE/MIR	439	-	50	81524614	35672
chr16	81488942	81688942	harbor1	chr16	81538004	81538233	SINE/MIR	484	-	114	81538118	49176
chr16	81488942	81688942	harbor1	chr16	81562754	81562921	SINE/MIR	620	-	84	81562838	73896
chr16	81488942	81688942	harbor1	chr16	81575082	81575258	SINE/MIR	605	-	88	81575170	86228
chr16	81488942	81688942	harbor1	chr16	81576528	81576675	SINE/MIR	505	-	74	81576602	87660
chr16	81488942	81688942	harbor1	chr16	81588865	81589009	SINE/MIR	479	-	72	81588937	99995
chr16	86896888	87096888	harbor1	chr16	86916257	86916351	SINE/MIR	528	-	47	86916304	19416
chr16	86896888	87096888	harbor1	chr16	86939439	86939679	SINE/MIR	547	-	120	86939559	42671
chr16	86896888	87096888	harbor1	chr16	86941675	86941899	SINE/MIR	545	-	112	86941787	44899
chr16	86896888	87096888	harbor1	chr16	86960634	86960830	SINE/MIR	491	-	98	86960732	63844
chr16	86896888	87096888	harbor1	chr16	86984303	86984431	SINE/MIR	454	-	64	86984367	87479
chr16	86896888	87096888	harbor1	chr16	86990088	86990248	SINE/MIR	497	-	80	86990168	93280
chr16	53147795	53347795	harbor1	chr16	53163847	53164082	SINE/MIR	729	-	118	53163965	16170
chr16	53147795	53347795	harbor1	chr16	53175785	53175980	SINE/MIR	689	-	98	53175883	28088
chr16	53147795	53347795	harbor1	chr16	53193699	53193841	SINE/MIR	521	-	71	53193770	45975
chr16	53147795	53347795	harbor1	chr16	53200933	53201129	SINE/MIR	591	-	98	53201031	53236
chr16	53147795	53347795	harbor1	chr16	53221123	53221368	SINE/MIR	840	-	122	53221245	73450
chr16	53147795	53347795	harbor1	chr16	53240734	53240983	SINE/MIR	866	-	124	53240858	93063
chr16	29090607	29290607	harbor1	chr16	29099894	29100101	SINE/MIR	662	-	104	29099998	9391
chr16	86942864	87142864	harbor1	chr16	86960634	86960830	SINE/MIR	491	-	98	86960732	17868
chr16	86942864	87142864	harbor1	chr16	86984303	86984431	SINE/MIR	454	-	64	86984367	41503
chr16	86942864	87142864	harbor1	chr16	86990088	86990248	SINE/MIR	497	-	80	86990168	47304
chr16	86942864	87142864	harbor1	chr16	87000084	87000329	SINE/MIR	736	-	122	87000206	57342
chr16	86942864	87142864	harbor1	chr16	87026026	87026228	SINE/MIR	508	-	101	87026127	83263
chr16	86942864	87142864	harbor1	chr16	87033357	87033574	SINE/MIR	524	-	108	87033465	90601
chr16	9452859	9652859	harbor1	chr16	9458045	9458236	SINE/MIR	539	-	96	9458141	5282
chr16	9452859	9652859	harbor1	chr16	9459602	9459807	SINE/MIR	466	-	102	9459704	6845
chr16	9452859	9652859	harbor1	chr16	9461209	9461385	SINE/MIR	515	-	88	9461297	8438
chr16	9452859	9652859	harbor1	chr16	9484200	9484354	SINE/MIR	477	-	77	9484277	31418
chr16	9452859	9652859	harbor1	chr16	9487594	9487835	SINE/MIR	816	-	120	9487714	34855
chr16	9452859	9652859	harbor1	chr16	9490387	9490637	SINE/MIR	496	-	125	9490512	37653
chr16	9452859	9652859	harbor1	chr16	9497085	9497262	SINE/MIR	652	-	88	9497173	44314
chr16	9452859	9652859	harbor1	chr16	9499421	9499527	SINE/MIR	558	-	53	9499474	46615
chr16	9452859	9652859	harbor1	chr16	9499759	9499883	SINE/MIR	558	-	62	9499821	46962
chr16	9452859	9652859	harbor1	chr16	9513954	9514176	SINE/MIR	799	-	111	9514065	61206
chr16	9452859	9652859	harbor1	chr16	9518424	9518608	SINE/MIR	782	-	92	9518516	65657
chr16	9452859	9652859	harbor1	chr16	9527683	9527809	SINE/MIR	509	-	63	9527746	74887
chr16	9452859	9652859	harbor1	chr16	9530585	9530783	SINE/MIR	507	-	99	9530684	77825
chr16	9452859	9652859	harbor1	chr16	9541223	9541429	SINE/MIR	585	-	103	9541326	88467
chr16	9452859	9652859	harbor1	chr16	9542023	9542227	SINE/MIR	484	-	102	9542125	89266
chr16	80429872	80629872	harbor1	chr16	80430583	80430807	SINE/MIR	446	-	112	80430695	823
chr16	80429872	80629872	harbor1	chr16	80442137	80442364	SINE/MIR	477	-	114	80442251	12379
chr16	80429872	80629872	harbor1	chr16	80465295	80465490	SINE/MIR	469	-	98	80465393	35521
chr16	80429872	80629872	harbor1	chr16	80493086	80493255	SINE/MIR	535	-	84	80493170	63298
chr16	80429872	80629872	harbor1	chr16	80504354	80504596	SINE/MIR	650	-	121	80504475	74603
chr16	80429872	80629872	harbor1	chr16	80508060	80508155	SINE/MIR	434	-	48	80508108	78236
chr16	80429872	80629872	harbor1	chr16	80508470	80508567	SINE/MIR	434	-	48	80508518	78646
chr16	80429872	80629872	harbor1	chr16	80509337	80509554	SINE/MIR	525	-	108	80509445	79573
chr16	29589503	29789503	harbor1	chr16	29602675	29602847	SINE/MIR	492	-	86	29602761	13258
chr16	29589503	29789503	harbor1	chr16	29654473	29654685	SINE/MIR	472	-	106	29654579	65076
chr16	29589503	29789503	harbor1	chr16	29660756	29660793	SINE/MIR	447	-	18	29660774	71271
chr16	29589503	29789503	harbor1	chr16	29661095	29661272	SINE/MIR	447	-	88	29661183	71680
chr16	55984509	56184509	harbor1	chr16	56001133	56001354	SINE/MIR	644	-	110	56001243	16734
chr16	55984509	56184509	harbor1	chr16	56005603	56005873	SINE/MIR	856	-	135	56005738	21229
chr16	55984509	56184509	harbor1	chr16	56006736	56006950	SINE/MIR	625	-	107	56006843	22334
chr16	55984509	56184509	harbor1	chr16	56015586	56015834	SINE/MIR	617	-	124	56015710	31201
chr16	55984509	56184509	harbor1	chr16	56046362	56046414	SINE/MIR	622	-	26	56046388	61879
chr16	55984509	56184509	harbor1	chr16	56046738	56046927	SINE/MIR	622	-	94	56046832	62323
chr16	55984509	56184509	harbor1	chr16	56079850	56080105	SINE/MIR	941	-	128	56079978	95469
chr16	19224920	19424920	harbor1	chr16	19239566	19239669	SINE/MIR	454	-	52	19239618	14698
chr16	19224920	19424920	harbor1	chr16	19244063	19244243	SINE/MIR	572	-	90	19244153	19233
chr16	19224920	19424920	harbor1	chr16	19266005	19266244	SINE/MIR	801	-	120	19266125	41205
chr16	19224920	19424920	harbor1	chr16	19284639	19284813	SINE/MIR	650	-	87	19284726	59806
chr16	19224920	19424920	harbor1	chr16	19306654	19306877	SINE/MIR	740	-	112	19306766	81846
chr16	19224920	19424920	harbor1	chr16	19308510	19308659	SINE/MIR	575	-	74	19308584	83664
chr16	82759528	82959528	harbor1	chr16	82772582	82772826	SINE/MIR	448	-	122	82772704	13176
chr16	82759528	82959528	harbor1	chr16	82775481	82775728	SINE/MIR	660	-	124	82775605	16077
chr16	82759528	82959528	harbor1	chr16	82779146	82779341	SINE/MIR	517	-	98	82779244	19716
chr16	82759528	82959528	harbor1	chr16	82798812	82799033	SINE/MIR	573	-	110	82798922	39394
chr16	82759528	82959528	harbor1	chr16	82820342	82820537	SINE/MIR	817	-	98	82820440	60912
chr16	82759528	82959528	harbor1	chr16	82846387	82846629	SINE/MIR	833	-	121	82846508	86980
chr16	82759528	82959528	harbor1	chr16	82853414	82853632	SINE/MIR	688	-	109	82853523	93995
chr16	66163207	66363207	harbor1	chr16	66166170	66166426	SINE/MIR	934	-	128	66166298	3091
chr16	66163207	66363207	harbor1	chr16	66175488	66175619	SINE/MIR	461	-	66	66175554	12347
chr16	66163207	66363207	harbor1	chr16	66181887	66182140	SINE/MIR	512	-	126	66182013	18806
chr16	66163207	66363207	harbor1	chr16	66199652	66199863	SINE/MIR	470	-	106	66199758	36551
chr16	66163207	66363207	harbor1	chr16	66206186	66206377	SINE/MIR	526	-	96	66206282	43075
chr16	66163207	66363207	harbor1	chr16	66243300	66243497	SINE/MIR	534	-	98	66243398	80191
chr16	66163207	66363207	harbor1	chr16	66258947	66259098	SINE/MIR	559	-	76	66259023	95816
chr16	9322201	9522201	harbor1	chr16	9326148	9326340	SINE/MIR	565	-	96	9326244	4043
chr16	9322201	9522201	harbor1	chr16	9340322	9340552	SINE/MIR	802	-	115	9340437	18236
chr16	9322201	9522201	harbor1	chr16	9341849	9342091	SINE/MIR	712	-	121	9341970	19769
chr16	9322201	9522201	harbor1	chr16	9372090	9372190	SINE/MIR	442	-	50	9372140	49939
chr16	9322201	9522201	harbor1	chr16	9385542	9385774	SINE/MIR	779	-	116	9385658	63457
chr16	9322201	9522201	harbor1	chr16	9402084	9402307	SINE/MIR	765	-	112	9402196	79995
chr16	9322201	9522201	harbor1	chr16	9418729	9418915	SINE/MIR	504	-	93	9418822	96621
chr16	30057177	30257177	harbor1	chr16	30077696	30077908	SINE/MIR	466	-	106	30077802	20625
chr16	30057177	30257177	harbor1	chr16	30078156	30078382	SINE/MIR	511	-	113	30078269	21092
chr16	30057177	30257177	harbor1	chr16	30086929	30087042	SINE/MIR	459	-	56	30086985	29808
chr16	30057177	30257177	harbor1	chr16	30114866	30114955	SINE/MIR	468	-	44	30114910	57733
chr16	30057177	30257177	harbor1	chr16	30115248	30115357	SINE/MIR	468	-	54	30115302	58125
chr16	28109361	28309361	harbor1	chr16	28125405	28125625	SINE/MIR	620	-	110	28125515	16154
chr16	28109361	28309361	harbor1	chr16	28143338	28143525	SINE/MIR	442	-	94	28143432	34071
chr16	28109361	28309361	harbor1	chr16	28144731	28144953	SINE/MIR	564	-	111	28144842	35481
chr16	28109361	28309361	harbor1	chr16	28153352	28153505	SINE/MIR	479	-	76	28153428	44067
chr16	28109361	28309361	harbor1	chr16	28161622	28161849	SINE/MIR	501	-	114	28161736	52375
chr16	28109361	28309361	harbor1	chr16	28173335	28173460	SINE/MIR	436	-	62	28173397	64036
chr16	28109361	28309361	harbor1	chr16	28173599	28173670	SINE/MIR	436	-	36	28173635	64274
chr16	67032093	67232093	harbor1	chr16	67079149	67079317	SINE/MIR	467	-	84	67079233	47140
chr16	67032093	67232093	harbor1	chr16	67106300	67106443	SINE/MIR	473	-	72	67106372	74279
chr16	67032093	67232093	harbor1	chr16	67125094	67125231	SINE/MIR	449	-	68	67125162	93069
chr16	67032093	67232093	harbor1	chr16	67128025	67128171	SINE/MIR	479	-	73	67128098	96005
chr16	56986575	57186575	harbor1	chr16	56988350	56988545	SINE/MIR	456	-	98	56988448	1873
chr16	56986575	57186575	harbor1	chr16	56997332	56997570	SINE/MIR	531	-	119	56997451	10876
chr16	56986575	57186575	harbor1	chr16	56998402	56998650	SINE/MIR	900	-	124	56998526	11951
chr16	56986575	57186575	harbor1	chr16	57003842	57003968	SINE/MIR	441	-	63	57003905	17330
chr16	56986575	57186575	harbor1	chr16	57033207	57033440	SINE/MIR	543	-	116	57033323	46748
chr16	56986575	57186575	harbor1	chr16	57033851	57034089	SINE/MIR	854	-	119	57033970	47395
chr16	56986575	57186575	harbor1	chr16	57034401	57034631	SINE/MIR	791	-	115	57034516	47941
chr16	56986575	57186575	harbor1	chr16	57054418	57054631	SINE/MIR	646	-	106	57054524	67949
chr16	56986575	57186575	harbor1	chr16	57055982	57056158	SINE/MIR	762	-	88	57056070	69495
chr16	80420143	80620143	harbor1	chr16	80421817	80421963	SINE/MIR	460	-	73	80421890	1747
chr16	80420143	80620143	harbor1	chr16	80427299	80427483	SINE/MIR	451	-	92	80427391	7248
chr16	80420143	80620143	harbor1	chr16	80430583	80430807	SINE/MIR	446	-	112	80430695	10552
chr16	80420143	80620143	harbor1	chr16	80442137	80442364	SINE/MIR	477	-	114	80442251	22108
chr16	80420143	80620143	harbor1	chr16	80465295	80465490	SINE/MIR	469	-	98	80465393	45250
chr16	80420143	80620143	harbor1	chr16	80493086	80493255	SINE/MIR	535	-	84	80493170	73027
chr16	80420143	80620143	harbor1	chr16	80504354	80504596	SINE/MIR	650	-	121	80504475	84332
chr16	80420143	80620143	harbor1	chr16	80508060	80508155	SINE/MIR	434	-	48	80508108	87965
chr16	80420143	80620143	harbor1	chr16	80508470	80508567	SINE/MIR	434	-	48	80508518	88375
chr16	80420143	80620143	harbor1	chr16	80509337	80509554	SINE/MIR	525	-	108	80509445	89302
chr16	15917384	16117384	harbor1	chr16	15976311	15976545	SINE/MIR	653	-	117	15976428	59044
chr16	15917384	16117384	harbor1	chr16	15976771	15976972	SINE/MIR	597	-	100	15976871	59487
chr16	15917384	16117384	harbor1	chr16	16010636	16010874	SINE/MIR	895	-	119	16010755	93371
chr16	15917384	16117384	harbor1	chr16	16015881	16016002	SINE/MIR	499	-	60	16015941	98557
chr16	59720409	59920409	harbor1	chr16	59746432	59746645	SINE/MIR	467	-	106	59746538	26129
chr16	59720409	59920409	harbor1	chr16	59750528	59750548	SINE/MIR	859	-	10	59750538	30129
chr16	59720409	59920409	harbor1	chr16	59750912	59751080	SINE/MIR	859	-	84	59750996	30587
chr16	16986656	17186656	harbor1	chr16	16991787	16992021	SINE/MIR	667	-	117	16991904	5248
chr16	16986656	17186656	harbor1	chr16	17003398	17003640	SINE/MIR	680	-	121	17003519	16863
chr16	16986656	17186656	harbor1	chr16	17023724	17023869	SINE/MIR	455	-	72	17023796	37140
chr16	16986656	17186656	harbor1	chr16	17035262	17035486	SINE/MIR	460	-	112	17035374	48718
chr16	16986656	17186656	harbor1	chr16	17040830	17041001	SINE/MIR	731	-	86	17040916	54260
chr16	16986656	17186656	harbor1	chr16	17064414	17064619	SINE/MIR	587	-	102	17064516	77860
chr16	16986656	17186656	harbor1	chr16	17066749	17066974	SINE/MIR	524	-	112	17066861	80205
chr16	24345382	24545382	harbor1	chr16	24364015	24364179	SINE/MIR	442	-	82	24364097	18715
chr16	24345382	24545382	harbor1	chr16	24364321	24364497	SINE/MIR	504	-	88	24364409	19027
chr16	25959518	26159518	harbor1	chr16	25964450	25964666	SINE/MIR	738	-	108	25964558	5040
chr16	25959518	26159518	harbor1	chr16	25966018	25966281	SINE/MIR	844	-	132	25966150	6632
chr16	25959518	26159518	harbor1	chr16	25987421	25987600	SINE/MIR	463	-	90	25987511	27993
chr16	25959518	26159518	harbor1	chr16	25990562	25990774	SINE/MIR	552	-	106	25990668	31150
chr16	25959518	26159518	harbor1	chr16	26043988	26044111	SINE/MIR	462	-	62	26044050	84532
chr16	25959518	26159518	harbor1	chr16	26046760	26046978	SINE/MIR	745	-	109	26046869	87351
chr16	25959518	26159518	harbor1	chr16	26047500	26047669	SINE/MIR	545	-	84	26047584	88066
chr16	25959518	26159518	harbor1	chr16	26051443	26051621	SINE/MIR	506	-	89	26051532	92014
chr16	81663464	81863464	harbor1	chr16	81709271	81709480	SINE/MIR	513	-	104	81709375	45911
chr16	81663464	81863464	harbor1	chr16	81720018	81720221	SINE/MIR	518	-	102	81720120	56656
chr16	81663464	81863464	harbor1	chr16	81741215	81741402	SINE/MIR	583	-	94	81741309	77845
chr16	81663464	81863464	harbor1	chr16	81756315	81756546	SINE/MIR	945	-	116	81756431	92967
chr16	66181324	66381324	harbor1	chr16	66181887	66182140	SINE/MIR	512	-	126	66182013	689
chr16	66181324	66381324	harbor1	chr16	66199652	66199863	SINE/MIR	470	-	106	66199758	18434
chr16	66181324	66381324	harbor1	chr16	66206186	66206377	SINE/MIR	526	-	96	66206282	24958
chr16	66181324	66381324	harbor1	chr16	66243300	66243497	SINE/MIR	534	-	98	66243398	62074
chr16	66181324	66381324	harbor1	chr16	66258947	66259098	SINE/MIR	559	-	76	66259023	77699
chr16	66181324	66381324	harbor1	chr16	66268415	66268629	SINE/MIR	688	-	107	66268522	87198
chr16	66181324	66381324	harbor1	chr16	66269003	66269233	SINE/MIR	876	-	115	66269118	87794
chr16	66181324	66381324	harbor1	chr16	66271077	66271184	SINE/MIR	455	-	54	66271131	89807
chr16	14579114	14779114	harbor1	chr16	14641895	14642108	SINE/MIR	580	-	106	14642001	62887
chr16	14579114	14779114	harbor1	chr16	14642215	14642432	SINE/MIR	533	-	108	14642323	63209
chr16	48686600	48886600	harbor1	chr16	48695414	48695551	SINE/MIR	465	-	68	48695482	8882
chr16	48686600	48886600	harbor1	chr16	48696436	48696556	SINE/MIR	439	-	60	48696496	9896
chr16	48686600	48886600	harbor1	chr16	48716666	48716920	SINE/MIR	647	-	127	48716793	30193
chr16	48686600	48886600	harbor1	chr16	48743959	48744166	SINE/MIR	697	-	104	48744063	57463
chr16	77738416	77938416	harbor1	chr16	77745961	77746153	SINE/MIR	523	-	96	77746057	7641
chr16	77738416	77938416	harbor1	chr16	77789288	77789471	SINE/MIR	450	-	92	77789380	50964
chr16	77738416	77938416	harbor1	chr16	77793865	77794089	SINE/MIR	452	-	112	77793977	55561
chr16	77738416	77938416	harbor1	chr16	77807693	77807901	SINE/MIR	490	-	104	77807797	69381
chr16	77738416	77938416	harbor1	chr16	77814914	77815130	SINE/MIR	833	-	108	77815022	76606
chr16	77738416	77938416	harbor1	chr16	77836966	77837104	SINE/MIR	481	-	69	77837035	98619
chr16	30148552	30348552	harbor1	chr16	30181309	30181379	SINE/MIR	652	-	35	30181344	32792
chr16	30148552	30348552	harbor1	chr16	30182009	30182159	SINE/MIR	652	-	75	30182084	33532
chr16	30148552	30348552	harbor1	chr16	30182594	30182835	SINE/MIR	450	-	120	30182714	34162
chr16	30148552	30348552	harbor1	chr16	30217640	30217652	SINE/MIR	565	-	6	30217646	69094
chr16	30148552	30348552	harbor1	chr16	30217952	30218152	SINE/MIR	662	-	100	30218052	69500
chr16	30148552	30348552	harbor1	chr16	30219162	30219211	SINE/MIR	476	-	24	30219186	70634
chr16	30148552	30348552	harbor1	chr16	30219514	30219613	SINE/MIR	476	-	50	30219564	71012
chr16	30148552	30348552	harbor1	chr16	30247214	30247438	SINE/MIR	548	-	112	30247326	98774
chr16	60363063	60563063	harbor1	chr16	60433670	60433895	SINE/MIR	440	-	112	60433782	70719
chr16	5333005	5533005	harbor1	chr16	5335892	5336144	SINE/MIR	707	-	126	5336018	3013
chr16	5333005	5533005	harbor1	chr16	5348346	5348587	SINE/MIR	732	-	120	5348466	15461
chr16	5333005	5533005	harbor1	chr16	5351260	5351459	SINE/MIR	577	-	100	5351360	18355
chr16	5333005	5533005	harbor1	chr16	5356875	5357079	SINE/MIR	688	-	102	5356977	23972
chr16	5333005	5533005	harbor1	chr16	5367626	5367839	SINE/MIR	699	-	106	5367732	34727
chr16	5333005	5533005	harbor1	chr16	5380597	5380776	SINE/MIR	598	-	90	5380687	47682
chr16	5333005	5533005	harbor1	chr16	5404959	5405156	SINE/MIR	594	-	98	5405057	72052
chr16	5333005	5533005	harbor1	chr16	5412630	5412782	SINE/MIR	441	-	76	5412706	79701
chr16	5333005	5533005	harbor1	chr16	5416123	5416349	SINE/MIR	655	-	113	5416236	83231
chr16	61956355	62156355	harbor1	chr16	62042701	62042910	SINE/MIR	589	-	104	62042805	86450
chr16	46942874	47142874	harbor1	chr16	46968495	46968606	SINE/MIR	468	-	56	46968551	25677
chr16	46942874	47142874	harbor1	chr16	47023512	47023718	SINE/MIR	673	-	103	47023615	80741
chr16	46942874	47142874	harbor1	chr16	47036186	47036327	SINE/MIR	474	-	70	47036256	93382
chr16	46942874	47142874	harbor1	chr16	47039835	47040018	SINE/MIR	444	-	92	47039927	97053
chr16	55509407	55709407	harbor1	chr16	55543722	55543834	SINE/MIR	474	-	56	55543778	34371
chr16	55509407	55709407	harbor1	chr16	55547456	55547654	SINE/MIR	456	-	99	55547555	38148
chr16	55509407	55709407	harbor1	chr16	55560610	55560786	SINE/MIR	531	-	88	55560698	51291
chr16	55509407	55709407	harbor1	chr16	55579406	55579646	SINE/MIR	753	-	120	55579526	70119
chr16	51546322	51746322	harbor1	chr16	51549446	51549682	SINE/MIR	689	-	118	51549564	3242
chr16	51546322	51746322	harbor1	chr16	51556210	51556430	SINE/MIR	732	-	110	51556320	9998
chr16	51546322	51746322	harbor1	chr16	51599250	51599495	SINE/MIR	566	-	122	51599372	53050
chr16	51546322	51746322	harbor1	chr16	51613061	51613309	SINE/MIR	549	-	124	51613185	66863
chr16	85258191	85458191	harbor1	chr16	85261924	85262094	SINE/MIR	499	-	85	85262009	3818
chr16	85258191	85458191	harbor1	chr16	85269954	85270095	SINE/MIR	478	-	70	85270024	11833
chr16	85258191	85458191	harbor1	chr16	85276092	85276179	SINE/MIR	543	-	44	85276136	17945
chr16	85258191	85458191	harbor1	chr16	85283694	85283922	SINE/MIR	903	-	114	85283808	25617
chr16	85258191	85458191	harbor1	chr16	85291048	85291235	SINE/MIR	600	-	94	85291142	32951
chr16	85258191	85458191	harbor1	chr16	85296751	85296936	SINE/MIR	473	-	92	85296843	38652
chr16	85258191	85458191	harbor1	chr16	85303486	85303701	SINE/MIR	473	-	108	85303594	45403
chr16	85258191	85458191	harbor1	chr16	85332362	85332560	SINE/MIR	579	-	99	85332461	74270
chr16	85258191	85458191	harbor1	chr16	85338642	85338845	SINE/MIR	570	-	102	85338744	80553
chr16	85258191	85458191	harbor1	chr16	85344556	85344782	SINE/MIR	592	-	113	85344669	86478
chr16	23715962	23915962	harbor1	chr16	23726803	23726991	SINE/MIR	623	-	94	23726897	10935
chr16	23715962	23915962	harbor1	chr16	23732724	23732927	SINE/MIR	569	-	102	23732826	16864
chr16	23715962	23915962	harbor1	chr16	23740726	23740911	SINE/MIR	457	-	92	23740818	24856
chr16	54977151	55177151	harbor1	chr16	54980033	54980232	SINE/MIR	533	-	100	54980133	2982
chr16	54977151	55177151	harbor1	chr16	54984506	54984682	SINE/MIR	458	-	88	54984594	7443
chr16	54977151	55177151	harbor1	chr16	54988111	54988318	SINE/MIR	808	-	104	54988215	11064
chr16	54977151	55177151	harbor1	chr16	54988529	54988578	SINE/MIR	733	-	24	54988553	11402
chr16	54977151	55177151	harbor1	chr16	54990209	54990411	SINE/MIR	541	-	101	54990310	13159
chr16	54977151	55177151	harbor1	chr16	54993576	54993824	SINE/MIR	708	-	124	54993700	16549
chr16	54977151	55177151	harbor1	chr16	54997575	54997814	SINE/MIR	562	-	120	54997695	20544
chr16	54977151	55177151	harbor1	chr16	55002811	55002984	SINE/MIR	441	-	86	55002897	25746
chr16	54977151	55177151	harbor1	chr16	55002981	55003203	SINE/MIR	571	-	111	55003092	25941
chr16	54977151	55177151	harbor1	chr16	55016869	55017031	SINE/MIR	583	-	81	55016950	39799
chr16	54977151	55177151	harbor1	chr16	55031868	55032048	SINE/MIR	786	-	90	55031958	54807
chr16	54977151	55177151	harbor1	chr16	55035741	55035973	SINE/MIR	582	-	116	55035857	58706
chr16	54977151	55177151	harbor1	chr16	55042282	55042419	SINE/MIR	518	-	68	55042350	65199
chr16	54977151	55177151	harbor1	chr16	55043789	55043990	SINE/MIR	689	-	100	55043889	66738
chr16	54977151	55177151	harbor1	chr16	55052366	55052587	SINE/MIR	829	-	110	55052476	75325
chr16	54977151	55177151	harbor1	chr16	55075723	55075935	SINE/MIR	672	-	106	55075829	98678
chr16	56009382	56209382	harbor1	chr16	56015586	56015834	SINE/MIR	617	-	124	56015710	6328
chr16	56009382	56209382	harbor1	chr16	56046362	56046414	SINE/MIR	622	-	26	56046388	37006
chr16	56009382	56209382	harbor1	chr16	56046738	56046927	SINE/MIR	622	-	94	56046832	37450
chr16	56009382	56209382	harbor1	chr16	56079850	56080105	SINE/MIR	941	-	128	56079978	70596
chr16	56009382	56209382	harbor1	chr16	56090708	56090901	SINE/MIR	631	-	96	56090804	81422
chr16	4856635	5056635	harbor1	chr16	4899959	4900094	SINE/MIR	592	-	68	4900027	43392
chr16	4856635	5056635	harbor1	chr16	4915700	4915900	SINE/MIR	658	-	100	4915800	59165
chr16	4856635	5056635	harbor1	chr16	4918573	4918739	SINE/MIR	452	-	83	4918656	62021
chr16	4856635	5056635	harbor1	chr16	4925653	4925777	SINE/MIR	512	-	62	4925715	69080
chr16	4856635	5056635	harbor1	chr16	4926063	4926252	SINE/MIR	455	-	94	4926157	69522
chr16	4856635	5056635	harbor1	chr16	4932761	4932994	SINE/MIR	719	-	116	4932877	76242
chr16	4856635	5056635	harbor1	chr16	4933946	4934161	SINE/MIR	524	-	108	4934054	77419
chr16	51637790	51837790	harbor1	chr16	51676022	51676288	SINE/MIR	790	-	133	51676155	38365
chr16	51637790	51837790	harbor1	chr16	51712560	51712741	SINE/MIR	505	-	90	51712650	74860
chr16	51637790	51837790	harbor1	chr16	51716935	51717200	SINE/MIR	739	-	132	51717067	79277
chr16	51637790	51837790	harbor1	chr16	51724502	51724726	SINE/MIR	471	-	112	51724614	86824
chr16	62985236	63185236	harbor1	chr16	63063955	63064189	SINE/MIR	607	-	117	63064072	78836
chr16	61054666	61254666	harbor1	chr16	61079297	61079357	SINE/MIR	490	-	30	61079327	24661
chr16	61054666	61254666	harbor1	chr16	61079833	61079967	SINE/MIR	490	-	67	61079900	25234
chr16	66775587	66975587	harbor1	chr16	66806713	66806875	SINE/MIR	702	-	81	66806794	31207
chr16	12630057	12830057	harbor1	chr16	12653937	12654083	SINE/MIR	591	-	73	12654010	23953
chr16	12630057	12830057	harbor1	chr16	12674575	12674787	SINE/MIR	493	-	106	12674681	44624
chr16	12630057	12830057	harbor1	chr16	12676423	12676550	SINE/MIR	435	-	64	12676487	46430
chr16	12630057	12830057	harbor1	chr16	12676769	12676992	SINE/MIR	608	-	112	12676881	46824
chr16	12630057	12830057	harbor1	chr16	12704326	12704527	SINE/MIR	443	-	100	12704426	74369
chr16	5519386	5719386	harbor1	chr16	5525272	5525484	SINE/MIR	468	-	106	5525378	5992
chr16	5519386	5719386	harbor1	chr16	5530303	5530488	SINE/MIR	510	-	92	5530395	11009
chr16	5519386	5719386	harbor1	chr16	5567792	5568019	SINE/MIR	609	-	114	5567906	48520
chr16	5519386	5719386	harbor1	chr16	5569475	5569688	SINE/MIR	645	-	106	5569581	50195
chr16	5519386	5719386	harbor1	chr16	5582935	5583112	SINE/MIR	669	-	88	5583023	63637
chr16	5519386	5719386	harbor1	chr16	5583717	5583896	SINE/MIR	461	-	90	5583807	64421
chr16	5519386	5719386	harbor1	chr16	5589722	5589860	SINE/MIR	441	-	69	5589791	70405
chr16	5519386	5719386	harbor1	chr16	5603211	5603435	SINE/MIR	453	-	112	5603323	83937
chr16	32308904	32508904	harbor1	chr16	32407887	32408026	SINE/MIR	439	-	70	32407957	99053
chr16	29310903	29510903	harbor1	chr16	29350997	29351189	SINE/MIR	452	-	96	29351093	40190
chr16	29310903	29510903	harbor1	chr16	29360411	29360533	SINE/MIR	612	-	61	29360472	49569
chr16	29310903	29510903	harbor1	chr16	29360829	29360914	SINE/MIR	612	-	42	29360871	49968
chr16	29310903	29510903	harbor1	chr16	29377551	29377600	SINE/MIR	461	-	24	29377575	66672
chr16	29310903	29510903	harbor1	chr16	29377909	29377979	SINE/MIR	461	-	35	29377944	67041
chr16	29310903	29510903	harbor1	chr16	29405443	29405671	SINE/MIR	522	-	114	29405557	94654
chr16	88455042	88655042	harbor1	chr16	88516023	88516215	SINE/MIR	530	-	96	88516119	61077
chr16	57775662	57975662	harbor1	chr16	57781738	57781933	SINE/MIR	546	-	98	57781836	6174
chr16	57775662	57975662	harbor1	chr16	57782401	57782555	SINE/MIR	553	-	77	57782478	6816
chr16	57775662	57975662	harbor1	chr16	57814455	57814593	SINE/MIR	704	-	69	57814524	38862
chr16	57775662	57975662	harbor1	chr16	57827859	57828102	SINE/MIR	833	-	122	57827981	52319
chr16	15183001	15383001	harbor1	chr16	15203460	15203579	SINE/MIR	567	-	60	15203520	20519
chr16	15183001	15383001	harbor1	chr16	15210542	15210647	SINE/MIR	442	-	52	15210594	27593
chr16	15183001	15383001	harbor1	chr16	15210911	15211047	SINE/MIR	452	-	68	15210979	27978
chr16	15183001	15383001	harbor1	chr16	15228168	15228325	SINE/MIR	478	-	78	15228246	45245
chr16	15183001	15383001	harbor1	chr16	15256200	15256371	SINE/MIR	484	-	86	15256286	73285
chr16	15183001	15383001	harbor1	chr16	15258818	15259036	SINE/MIR	618	-	109	15258927	75926
chr16	15183001	15383001	harbor1	chr16	15280156	15280270	SINE/MIR	447	-	57	15280213	97212
chr16	15183001	15383001	harbor1	chr16	15204332	15204542	SINE/MIR	489	-	105	15204437	21436
chr16	10693662	10893662	harbor1	chr16	10772127	10772336	SINE/MIR	479	-	104	10772231	78569
chr16	25616178	25816178	harbor1	chr16	25616217	25616359	SINE/MIR	516	-	71	25616288	110
chr16	25616178	25816178	harbor1	chr16	25617799	25617942	SINE/MIR	590	-	72	25617871	1693
chr16	25616178	25816178	harbor1	chr16	25626801	25626954	SINE/MIR	541	-	76	25626877	10699
chr16	25616178	25816178	harbor1	chr16	25636683	25636965	SINE/MIR	975	-	141	25636824	20646
chr16	25616178	25816178	harbor1	chr16	25650568	25650800	SINE/MIR	653	-	116	25650684	34506
chr16	23000252	23200252	harbor1	chr16	23002310	23002530	SINE/MIR	645	-	110	23002420	2168
chr16	23000252	23200252	harbor1	chr16	23050681	23050834	SINE/MIR	658	-	76	23050757	50505
chr16	23000252	23200252	harbor1	chr16	23058796	23058929	SINE/MIR	452	-	66	23058862	58610
chr16	80386796	80586796	harbor1	chr16	80388404	80388620	SINE/MIR	764	-	108	80388512	1716
chr16	80386796	80586796	harbor1	chr16	80408211	80408449	SINE/MIR	520	-	119	80408330	21534
chr16	80386796	80586796	harbor1	chr16	80421817	80421963	SINE/MIR	460	-	73	80421890	35094
chr16	80386796	80586796	harbor1	chr16	80427299	80427483	SINE/MIR	451	-	92	80427391	40595
chr16	80386796	80586796	harbor1	chr16	80430583	80430807	SINE/MIR	446	-	112	80430695	43899
chr16	80386796	80586796	harbor1	chr16	80442137	80442364	SINE/MIR	477	-	114	80442251	55455
chr16	80386796	80586796	harbor1	chr16	80465295	80465490	SINE/MIR	469	-	98	80465393	78597
chr16	62149162	62349162	harbor1	chr16	62158248	62158438	SINE/MIR	462	-	95	62158343	9181
chr16	62149162	62349162	harbor1	chr16	62158526	62158683	SINE/MIR	470	-	78	62158604	9442
chr16	62149162	62349162	harbor1	chr16	62227269	62227415	SINE/MIR	436	-	73	62227342	78180
chr16	62149162	62349162	harbor1	chr16	62230960	62231112	SINE/MIR	469	-	76	62231036	81874
chr16	62149162	62349162	harbor1	chr16	62160895	62161135	SINE/MIR	765	-	120	62161015	11853
chr16	79103533	79303533	harbor1	chr16	79128420	79128577	SINE/MIR	655	-	78	79128498	24965
chr16	79103533	79303533	harbor1	chr16	79143638	79143877	SINE/MIR	521	-	120	79143758	40225
chr16	79103533	79303533	harbor1	chr16	79170223	79170398	SINE/MIR	643	-	88	79170311	66778
chr16	79103533	79303533	harbor1	chr16	79183673	79183857	SINE/MIR	451	-	92	79183765	80232
chr16	15572848	15772848	harbor1	chr16	15649237	15649322	SINE/MIR	590	-	42	15649279	76431
chr16	15572848	15772848	harbor1	chr16	15649623	15649760	SINE/MIR	590	-	68	15649691	76843
chr16	15572848	15772848	harbor1	chr16	15665198	15665427	SINE/MIR	773	-	114	15665312	92464
chr16	81726050	81926050	harbor1	chr16	81741215	81741402	SINE/MIR	583	-	94	81741309	15259
chr16	81726050	81926050	harbor1	chr16	81756315	81756546	SINE/MIR	945	-	116	81756431	30381
chr16	81726050	81926050	harbor1	chr16	81807511	81807656	SINE/MIR	453	-	72	81807583	81533
chr16	81726050	81926050	harbor1	chr16	81818982	81819134	SINE/MIR	554	-	76	81819058	93008
chr16	18584927	18784927	harbor1	chr16	18601403	18601467	SINE/MIR	471	-	32	18601435	16508
chr16	18584927	18784927	harbor1	chr16	18601809	18601996	SINE/MIR	471	-	94	18601903	16976
chr16	18584927	18784927	harbor1	chr16	18602177	18602380	SINE/MIR	738	-	102	18602279	17352
chr16	18584927	18784927	harbor1	chr16	18619860	18620070	SINE/MIR	540	-	105	18619965	35038
chr16	18584927	18784927	harbor1	chr16	18627051	18627088	SINE/MIR	575	-	18	18627069	42142
chr16	18584927	18784927	harbor1	chr16	18627395	18627520	SINE/MIR	582	-	62	18627457	42530
chr16	18584927	18784927	harbor1	chr16	18655649	18655796	SINE/MIR	456	-	74	18655723	70796
chr16	18584927	18784927	harbor1	chr16	18659859	18660090	SINE/MIR	459	-	116	18659975	75048
chr16	18584927	18784927	harbor1	chr16	18676991	18677237	SINE/MIR	1255	-	123	18677114	92187
chr16	18584927	18784927	harbor1	chr16	18679121	18679402	SINE/MIR	460	-	140	18679261	94334
chr16	6442710	6642710	harbor1	chr16	6466330	6466541	SINE/MIR	585	-	106	6466436	23726
chr16	6442710	6642710	harbor1	chr16	6489335	6489554	SINE/MIR	771	-	110	6489445	46735
chr16	6442710	6642710	harbor1	chr16	6494862	6495104	SINE/MIR	723	-	121	6494983	52273
chr16	3861613	4061613	harbor1	chr16	3873613	3873722	SINE/MIR	444	-	54	3873667	12054
chr16	3861613	4061613	harbor1	chr16	3935051	3935273	SINE/MIR	739	-	111	3935162	73549
chr16	22094488	22294488	harbor1	chr16	22112239	22112415	SINE/MIR	472	-	88	22112327	17839
chr16	22094488	22294488	harbor1	chr16	22120031	22120224	SINE/MIR	534	-	96	22120127	25639
chr16	22094488	22294488	harbor1	chr16	22124487	22124530	SINE/MIR	467	-	22	22124509	30021
chr16	22094488	22294488	harbor1	chr16	22124694	22124896	SINE/MIR	484	-	101	22124795	30307
chr16	22094488	22294488	harbor1	chr16	22149034	22149227	SINE/MIR	666	-	96	22149130	54642
chr16	22094488	22294488	harbor1	chr16	22150023	22150119	SINE/MIR	454	-	48	22150071	55583
chr16	22094488	22294488	harbor1	chr16	22150425	22150489	SINE/MIR	454	-	32	22150457	55969
chr16	22094488	22294488	harbor1	chr16	22160343	22160578	SINE/MIR	597	-	118	22160461	65973
chr16	22094488	22294488	harbor1	chr16	22181907	22182067	SINE/MIR	660	-	80	22181987	87499
chr16	22094488	22294488	harbor1	chr16	22188395	22188577	SINE/MIR	475	-	91	22188486	93998
chr16	22094488	22294488	harbor1	chr16	22101939	22102072	SINE/MIR	519	-	66	22102005	7517
chr16	50726345	50926345	harbor1	chr16	50729444	50729577	SINE/MIR	441	-	66	50729510	3165
chr16	50726345	50926345	harbor1	chr16	50741426	50741637	SINE/MIR	645	-	106	50741532	15187
chr16	50726345	50926345	harbor1	chr16	50756725	50756933	SINE/MIR	550	-	104	50756829	30484
chr16	17359444	17559444	harbor1	chr16	17361866	17362078	SINE/MIR	730	-	106	17361972	2528
chr16	17359444	17559444	harbor1	chr16	17366326	17366422	SINE/MIR	617	-	48	17366374	6930
chr16	17359444	17559444	harbor1	chr16	17366719	17366858	SINE/MIR	617	-	70	17366789	7345
chr16	17359444	17559444	harbor1	chr16	17373623	17373833	SINE/MIR	717	-	105	17373728	14284
chr16	17359444	17559444	harbor1	chr16	17375170	17375353	SINE/MIR	556	-	92	17375262	15818
chr16	17359444	17559444	harbor1	chr16	17378600	17378839	SINE/MIR	657	-	120	17378720	19276
chr16	17359444	17559444	harbor1	chr16	17381896	17382082	SINE/MIR	486	-	93	17381989	22545
chr16	17359444	17559444	harbor1	chr16	17382773	17382966	SINE/MIR	574	-	96	17382869	23425
chr16	17359444	17559444	harbor1	chr16	17386734	17386949	SINE/MIR	693	-	108	17386842	27398
chr16	17359444	17559444	harbor1	chr16	17403133	17403355	SINE/MIR	579	-	111	17403244	43800
chr16	17359444	17559444	harbor1	chr16	17435865	17435920	SINE/MIR	604	-	28	17435893	76449
chr16	17359444	17559444	harbor1	chr16	17436278	17436409	SINE/MIR	604	-	66	17436344	76900
chr16	17359444	17559444	harbor1	chr16	17436984	17437109	SINE/MIR	499	-	62	17437046	77602
chr16	17359444	17559444	harbor1	chr16	17446343	17446513	SINE/MIR	582	-	85	17446428	86984
chr16	17359444	17559444	harbor1	chr16	17448791	17449024	SINE/MIR	894	-	116	17448907	89463
chr16	69948732	70148732	harbor1	chr16	69997829	69998048	SINE/MIR	600	-	110	69997939	49207
chr16	69948732	70148732	harbor1	chr16	70036194	70036366	SINE/MIR	498	-	86	70036280	87548
chr16	69948732	70148732	harbor1	chr16	70047889	70048027	SINE/MIR	464	-	69	70047958	99226
chr16	71702800	71902800	harbor1	chr16	71710778	71710949	SINE/MIR	498	-	86	71710864	8064
chr16	71702800	71902800	harbor1	chr16	71737096	71737282	SINE/MIR	481	-	93	71737189	34389
chr16	71702800	71902800	harbor1	chr16	71757557	71757732	SINE/MIR	691	-	88	71757645	54845
chr16	71702800	71902800	harbor1	chr16	71784172	71784352	SINE/MIR	589	-	90	71784262	81462
chr16	66707306	66907306	harbor1	chr16	66746779	66746937	SINE/MIR	569	-	79	66746858	39552
chr16	66707306	66907306	harbor1	chr16	66806713	66806875	SINE/MIR	702	-	81	66806794	99488
chr16	54735970	54935970	harbor1	chr16	54743660	54743885	SINE/MIR	573	-	112	54743772	7802
chr16	54735970	54935970	harbor1	chr16	54775644	54775832	SINE/MIR	542	-	94	54775738	39768
chr16	54735970	54935970	harbor1	chr16	54776134	54776163	SINE/MIR	542	-	14	54776148	40178
chr16	54735970	54935970	harbor1	chr16	54811628	54811868	SINE/MIR	623	-	120	54811748	75778
chr16	54735970	54935970	harbor1	chr16	54815967	54816043	SINE/MIR	795	-	38	54816005	80035
chr16	54735970	54935970	harbor1	chr16	54816081	54816235	SINE/MIR	795	-	77	54816158	80188
chr16	54735970	54935970	harbor1	chr16	54823170	54823336	SINE/MIR	581	-	83	54823253	87283
chr16	26860412	27060412	harbor1	chr16	26874149	26874312	SINE/MIR	584	-	82	26874231	13819
chr16	26860412	27060412	harbor1	chr16	26874611	26874679	SINE/MIR	584	-	34	26874645	14233
chr16	26860412	27060412	harbor1	chr16	26877821	26878048	SINE/MIR	529	-	114	26877935	17523
chr16	26860412	27060412	harbor1	chr16	26904170	26904393	SINE/MIR	592	-	112	26904282	43870
chr16	26860412	27060412	harbor1	chr16	26914364	26914420	SINE/MIR	461	-	28	26914392	53980
chr16	26860412	27060412	harbor1	chr16	26914743	26914930	SINE/MIR	461	-	94	26914837	54425
chr16	26860412	27060412	harbor1	chr16	26916512	26916710	SINE/MIR	750	-	99	26916611	56199
chr16	26860412	27060412	harbor1	chr16	26916704	26916830	SINE/MIR	467	-	63	26916767	56355
chr16	26860412	27060412	harbor1	chr16	26936297	26936411	SINE/MIR	438	-	57	26936354	75942
chr16	26860412	27060412	harbor1	chr16	26939850	26940056	SINE/MIR	526	-	103	26939953	79541
chr16	89080447	89280447	harbor1	chr16	89087195	89087237	SINE/MIR	501	-	21	89087216	6769
chr16	89080447	89280447	harbor1	chr16	89087530	89087645	SINE/MIR	501	-	58	89087588	7141
chr16	89080447	89280447	harbor1	chr16	89088106	89088137	SINE/MIR	501	-	16	89088122	7675
chr16	16507035	16707035	harbor1	chr16	16537965	16538170	SINE/MIR	592	-	102	16538067	31032
chr16	16507035	16707035	harbor1	chr16	16560317	16560540	SINE/MIR	594	-	112	16560429	53394
chr16	16507035	16707035	harbor1	chr16	16560711	16560869	SINE/MIR	454	-	79	16560790	53755
chr16	16507035	16707035	harbor1	chr16	16585675	16585766	SINE/MIR	661	-	46	16585721	78686
chr16	16507035	16707035	harbor1	chr16	16586067	16586197	SINE/MIR	661	-	65	16586132	79097
chr16	84053191	84253191	harbor1	chr16	84097266	84097455	SINE/MIR	583	-	94	84097360	44169
chr16	84053191	84253191	harbor1	chr16	84110564	84110791	SINE/MIR	863	-	114	84110678	57487
chr16	84053191	84253191	harbor1	chr16	84144114	84144328	SINE/MIR	517	-	107	84144221	91030
chr16	61075152	61275152	harbor1	chr16	61079297	61079357	SINE/MIR	490	-	30	61079327	4175
chr16	61075152	61275152	harbor1	chr16	61079833	61079967	SINE/MIR	490	-	67	61079900	4748
chr16	18237448	18437448	harbor1	chr16	18274650	18274887	SINE/MIR	648	-	118	18274768	37320
chr16	18237448	18437448	harbor1	chr16	18289870	18290113	SINE/MIR	785	-	122	18289992	52544
chr16	18237448	18437448	harbor1	chr16	18302534	18302606	SINE/MIR	594	-	36	18302570	65122
chr16	18237448	18437448	harbor1	chr16	18303022	18303217	SINE/MIR	594	-	98	18303120	65672
chr16	18237448	18437448	harbor1	chr16	18306040	18306215	SINE/MIR	486	-	88	18306128	68680
chr16	18237448	18437448	harbor1	chr16	18313049	18313246	SINE/MIR	677	-	98	18313147	75699
chr16	18237448	18437448	harbor1	chr16	18314224	18314271	SINE/MIR	461	-	24	18314248	76800
chr16	18237448	18437448	harbor1	chr16	18314567	18314666	SINE/MIR	461	-	50	18314617	77169
chr16	53736710	53936710	harbor1	chr16	53742674	53742821	SINE/MIR	463	-	74	53742748	6038
chr16	53736710	53936710	harbor1	chr16	53743740	53743860	SINE/MIR	461	-	60	53743800	7090
chr16	53736710	53936710	harbor1	chr16	53781142	53781298	SINE/MIR	530	-	78	53781220	44510
chr16	53736710	53936710	harbor1	chr16	53791261	53791384	SINE/MIR	488	-	62	53791323	54613
chr16	53736710	53936710	harbor1	chr16	53814361	53814609	SINE/MIR	609	-	124	53814485	77775
chr16	53736710	53936710	harbor1	chr16	53828576	53828832	SINE/MIR	1020	-	128	53828704	91994
chr16	53736710	53936710	harbor1	chr16	53829782	53829943	SINE/MIR	513	-	80	53829862	93152
chr16	4234615	4434615	harbor1	chr16	4310188	4310371	SINE/MIR	486	-	92	4310280	75665
chr16	68018215	68218215	harbor1	chr16	68062321	68062437	SINE/MIR	507	-	58	68062379	44164
chr16	68018215	68218215	harbor1	chr16	68062741	68062833	SINE/MIR	507	-	46	68062787	44572
chr16	68018215	68218215	harbor1	chr16	68070726	68070869	SINE/MIR	450	-	72	68070798	52583
chr16	68018215	68218215	harbor1	chr16	68093308	68093459	SINE/MIR	495	-	76	68093384	75169
chr16	68018215	68218215	harbor1	chr16	68093624	68093822	SINE/MIR	435	-	99	68093723	75508
chr16	86458047	86658047	harbor1	chr16	86500949	86501128	SINE/MIR	439	-	90	86501039	42992
chr16	86458047	86658047	harbor1	chr16	86501463	86501672	SINE/MIR	440	-	104	86501567	43520
chr16	4944311	5144311	harbor1	chr16	4966574	4966773	SINE/MIR	467	-	100	4966674	22363
chr16	4944311	5144311	harbor1	chr16	4976131	4976348	SINE/MIR	727	-	108	4976239	31928
chr16	4944311	5144311	harbor1	chr16	4982773	4982872	SINE/MIR	580	-	50	4982823	38512
chr16	4944311	5144311	harbor1	chr16	5002739	5002862	SINE/MIR	561	-	62	5002801	58490
chr16	4944311	5144311	harbor1	chr16	5043356	5043502	SINE/MIR	604	-	73	5043429	99118
chr16	19828706	20028706	harbor1	chr16	19831049	19831167	SINE/MIR	438	-	59	19831108	2402
chr16	19828706	20028706	harbor1	chr16	19834194	19834410	SINE/MIR	732	-	108	19834302	5596
chr16	19828706	20028706	harbor1	chr16	19838636	19838737	SINE/MIR	467	-	50	19838686	9980
chr16	19828706	20028706	harbor1	chr16	19839043	19839142	SINE/MIR	467	-	50	19839093	10387
chr16	19828706	20028706	harbor1	chr16	19840564	19840801	SINE/MIR	873	-	118	19840682	11976
chr16	19828706	20028706	harbor1	chr16	19846093	19846298	SINE/MIR	613	-	102	19846195	17489
chr16	19828706	20028706	harbor1	chr16	19848628	19848827	SINE/MIR	678	-	100	19848728	20022
chr16	19828706	20028706	harbor1	chr16	19870392	19870588	SINE/MIR	680	-	98	19870490	41784
chr16	19828706	20028706	harbor1	chr16	19877599	19877806	SINE/MIR	652	-	104	19877703	48997
chr16	19828706	20028706	harbor1	chr16	19886840	19887087	SINE/MIR	885	-	124	19886964	58258
chr16	19828706	20028706	harbor1	chr16	19888931	19889136	SINE/MIR	436	-	102	19889033	60327
chr16	19828706	20028706	harbor1	chr16	19894334	19894379	SINE/MIR	477	-	22	19894356	65650
chr16	19828706	20028706	harbor1	chr16	19894680	19894916	SINE/MIR	477	-	118	19894798	66092
chr16	19828706	20028706	harbor1	chr16	19909862	19910059	SINE/MIR	730	-	98	19909960	81254
chr16	19828706	20028706	harbor1	chr16	19912595	19912757	SINE/MIR	641	-	81	19912676	83970
chr16	19828706	20028706	harbor1	chr16	19914652	19914890	SINE/MIR	628	-	119	19914771	86065
chr16	68058243	68258243	harbor1	chr16	68062321	68062437	SINE/MIR	507	-	58	68062379	4136
chr16	68058243	68258243	harbor1	chr16	68062741	68062833	SINE/MIR	507	-	46	68062787	4544
chr16	68058243	68258243	harbor1	chr16	68070726	68070869	SINE/MIR	450	-	72	68070798	12555
chr16	68058243	68258243	harbor1	chr16	68093308	68093459	SINE/MIR	495	-	76	68093384	35141
chr16	68058243	68258243	harbor1	chr16	68093624	68093822	SINE/MIR	435	-	99	68093723	35480
chr16	64015828	64215828	harbor1	chr16	64016597	64016824	SINE/MIR	499	-	114	64016711	883
chr16	64015828	64215828	harbor1	chr16	64082290	64082537	SINE/MIR	467	-	124	64082414	66586
chr16	17060009	17260009	harbor1	chr16	17064414	17064619	SINE/MIR	587	-	102	17064516	4507
chr16	17060009	17260009	harbor1	chr16	17066749	17066974	SINE/MIR	524	-	112	17066861	6852
chr16	17060009	17260009	harbor1	chr16	17118070	17118218	SINE/MIR	561	-	74	17118144	58135
chr16	17060009	17260009	harbor1	chr16	17119607	17119829	SINE/MIR	531	-	111	17119718	59709
chr16	17060009	17260009	harbor1	chr16	17132928	17133127	SINE/MIR	625	-	100	17133028	73019
chr16	17060009	17260009	harbor1	chr16	17136082	17136307	SINE/MIR	687	-	112	17136194	76185
chr16	17060009	17260009	harbor1	chr16	17141466	17141659	SINE/MIR	509	-	96	17141562	81553
chr16	17060009	17260009	harbor1	chr16	17148612	17148739	SINE/MIR	490	-	64	17148676	88667
chr16	17060009	17260009	harbor1	chr16	17150477	17150717	SINE/MIR	859	-	120	17150597	90588
chr16	17060009	17260009	harbor1	chr16	17153149	17153378	SINE/MIR	879	-	114	17153263	93254
chr16	17060009	17260009	harbor1	chr16	17154985	17155129	SINE/MIR	457	-	72	17155057	95048
chr16	17060009	17260009	harbor1	chr16	17155990	17156231	SINE/MIR	632	-	120	17156110	96101
chr16	23054934	23254934	harbor1	chr16	23058796	23058929	SINE/MIR	452	-	66	23058862	3928
chr16	23054934	23254934	harbor1	chr16	23134357	23134542	SINE/MIR	567	-	92	23134449	79515
chr16	23054934	23254934	harbor1	chr16	23148174	23148329	SINE/MIR	569	-	78	23148252	93318
chr16	20627857	20827857	harbor1	chr16	20669187	20669410	SINE/MIR	492	-	112	20669299	41442
chr16	20627857	20827857	harbor1	chr16	20671962	20672209	SINE/MIR	1037	-	124	20672086	44229
chr16	20627857	20827857	harbor1	chr16	20697385	20697548	SINE/MIR	491	-	82	20697467	69610
chr16	20627857	20827857	harbor1	chr16	20704186	20704429	SINE/MIR	524	-	122	20704308	76451
chr16	20627857	20827857	harbor1	chr16	20711181	20711302	SINE/MIR	595	-	60	20711241	83384
chr16	11368435	11568435	harbor1	chr16	11396046	11396205	SINE/MIR	490	-	80	11396126	27691
chr16	11368435	11568435	harbor1	chr16	11413785	11413928	SINE/MIR	727	-	72	11413857	45422
chr16	11368435	11568435	harbor1	chr16	11439859	11440083	SINE/MIR	663	-	112	11439971	71536
chr16	11368435	11568435	harbor1	chr16	11443631	11443781	SINE/MIR	439	-	75	11443706	75271
chr16	55756540	55956540	harbor1	chr16	55764497	55764651	SINE/MIR	473	-	77	55764574	8034
chr16	55756540	55956540	harbor1	chr16	55776347	55776522	SINE/MIR	435	-	88	55776435	19895
chr16	55756540	55956540	harbor1	chr16	55782057	55782274	SINE/MIR	715	-	108	55782165	25625
chr16	55756540	55956540	harbor1	chr16	55824457	55824655	SINE/MIR	590	-	99	55824556	68016
chr16	55756540	55956540	harbor1	chr16	55824765	55824897	SINE/MIR	539	-	66	55824831	68291
chr16	55756540	55956540	harbor1	chr16	55826873	55827045	SINE/MIR	823	-	86	55826959	70419
chr16	55756540	55956540	harbor1	chr16	55831492	55831601	SINE/MIR	434	-	54	55831546	75006
chr16	55756540	55956540	harbor1	chr16	55832435	55832665	SINE/MIR	769	-	115	55832550	76010
chr16	55756540	55956540	harbor1	chr16	55835170	55835288	SINE/MIR	473	-	59	55835229	78689
chr16	55756540	55956540	harbor1	chr16	55853083	55853306	SINE/MIR	721	-	112	55853195	96655
chr16	22393635	22593635	harbor1	chr16	22452602	22452798	SINE/MIR	624	-	98	22452700	59065
chr16	5125381	5325381	harbor1	chr16	5171089	5171251	SINE/MIR	465	-	81	5171170	45789
chr16	5125381	5325381	harbor1	chr16	5171547	5171596	SINE/MIR	465	-	24	5171571	46190
chr16	5125381	5325381	harbor1	chr16	5179712	5179886	SINE/MIR	684	-	87	5179799	54418
chr16	5125381	5325381	harbor1	chr16	5199421	5199615	SINE/MIR	638	-	97	5199518	74137
chr16	5125381	5325381	harbor1	chr16	5223470	5223710	SINE/MIR	1073	-	120	5223590	98209
chr16	5125381	5325381	harbor1	chr16	5225008	5225123	SINE/MIR	494	-	58	5225066	99685
chr16	5125381	5325381	harbor1	chr16	5225227	5225388	SINE/MIR	608	-	80	5225307	99926
chr16	7783580	7983580	harbor1	chr16	7789666	7789885	SINE/MIR	506	-	110	7789776	6196
chr16	7783580	7983580	harbor1	chr16	7792267	7792496	SINE/MIR	443	-	114	7792381	8801
chr16	7783580	7983580	harbor1	chr16	7844286	7844432	SINE/MIR	482	-	73	7844359	60779
chr16	7783580	7983580	harbor1	chr16	7853705	7853922	SINE/MIR	541	-	108	7853813	70233
chr16	75453914	75653914	harbor1	chr16	75488973	75489116	SINE/MIR	528	-	72	75489045	35131
chr16	75453914	75653914	harbor1	chr16	75489427	75489505	SINE/MIR	528	-	39	75489466	35552
chr16	75453914	75653914	harbor1	chr16	75506923	75507105	SINE/MIR	588	-	91	75507014	53100
chr16	75453914	75653914	harbor1	chr16	75548015	75548207	SINE/MIR	560	-	96	75548111	94197
chr16	61490246	61690246	harbor1	chr16	61552041	61552263	SINE/MIR	531	-	111	61552152	61906
chr16	28590347	28790347	harbor1	chr16	28637642	28637813	SINE/MIR	539	-	86	28637728	47381
chr16	28590347	28790347	harbor1	chr16	28639950	28640166	SINE/MIR	728	-	108	28640058	49711
chr16	28590347	28790347	harbor1	chr16	28668134	28668322	SINE/MIR	446	-	94	28668228	77881
chr16	78827007	79027007	harbor1	chr16	78828853	78829015	SINE/MIR	467	-	81	78828934	1927
chr16	78827007	79027007	harbor1	chr16	78833723	78833895	SINE/MIR	481	-	86	78833809	6802
chr16	78827007	79027007	harbor1	chr16	78837749	78837940	SINE/MIR	487	-	96	78837845	10838
chr16	78827007	79027007	harbor1	chr16	78912267	78912434	SINE/MIR	676	-	84	78912351	85344
chr16	78827007	79027007	harbor1	chr16	78919145	78919381	SINE/MIR	559	-	118	78919263	92256
chr16	23385694	23585694	harbor1	chr16	23402461	23402629	SINE/MIR	500	-	84	23402545	16851
chr16	18477944	18677944	harbor1	chr16	18507459	18507702	SINE/MIR	451	-	122	18507581	29637
chr16	18477944	18677944	harbor1	chr16	18542970	18543128	SINE/MIR	559	-	79	18543049	65105
chr16	18477944	18677944	harbor1	chr16	18548677	18548890	SINE/MIR	823	-	106	18548783	70839
chr16	18477944	18677944	harbor1	chr16	18551866	18552076	SINE/MIR	637	-	105	18551971	74027
chr16	18477944	18677944	harbor1	chr16	18554185	18554350	SINE/MIR	435	-	82	18554267	76323
chr16	18477944	18677944	harbor1	chr16	18571774	18571920	SINE/MIR	476	-	73	18571847	93903
chr16	13138332	13338332	harbor1	chr16	13179356	13179547	SINE/MIR	545	-	96	13179452	41120
chr16	13138332	13338332	harbor1	chr16	13204658	13204884	SINE/MIR	465	-	113	13204771	66439
chr16	13138332	13338332	harbor1	chr16	13210706	13210881	SINE/MIR	452	-	88	13210794	72462
chr16	13138332	13338332	harbor1	chr16	13213850	13214084	SINE/MIR	444	-	117	13213967	75635
chr16	13138332	13338332	harbor1	chr16	13234314	13234516	SINE/MIR	441	-	101	13234415	96083
chr16	31259753	31459753	harbor1	chr16	31323616	31323739	SINE/MIR	449	-	62	31323678	63925
chr16	31259753	31459753	harbor1	chr16	31329482	31329659	SINE/MIR	554	-	88	31329570	69817
chr16	31259753	31459753	harbor1	chr16	31334104	31334278	SINE/MIR	541	-	87	31334191	74438
chr16	29345942	29545942	harbor1	chr16	29350997	29351189	SINE/MIR	452	-	96	29351093	5151
chr16	29345942	29545942	harbor1	chr16	29360411	29360533	SINE/MIR	612	-	61	29360472	14530
chr16	29345942	29545942	harbor1	chr16	29360829	29360914	SINE/MIR	612	-	42	29360871	14929
chr16	29345942	29545942	harbor1	chr16	29377551	29377600	SINE/MIR	461	-	24	29377575	31633
chr16	29345942	29545942	harbor1	chr16	29377909	29377979	SINE/MIR	461	-	35	29377944	32002
chr16	29345942	29545942	harbor1	chr16	29405443	29405671	SINE/MIR	522	-	114	29405557	59615
chr16	80762550	80962550	harbor1	chr16	80766863	80767117	SINE/MIR	836	-	127	80766990	4440
chr16	80762550	80962550	harbor1	chr16	80828936	80829035	SINE/MIR	487	-	50	80828986	66436
chr16	80762550	80962550	harbor1	chr16	80831005	80831158	SINE/MIR	542	-	76	80831081	68531
chr16	14543174	14743174	harbor1	chr16	14549758	14549981	SINE/MIR	676	-	112	14549870	6696
chr16	14543174	14743174	harbor1	chr16	14571686	14571871	SINE/MIR	831	-	92	14571778	28604
chr16	14543174	14743174	harbor1	chr16	14641895	14642108	SINE/MIR	580	-	106	14642001	98827
chr16	14543174	14743174	harbor1	chr16	14642215	14642432	SINE/MIR	533	-	108	14642323	99149
chr16	5272409	5472409	harbor1	chr16	5329030	5329172	SINE/MIR	481	-	71	5329101	56692
chr16	5272409	5472409	harbor1	chr16	5329559	5329601	SINE/MIR	481	-	21	5329580	57171
chr16	5272409	5472409	harbor1	chr16	5330215	5330296	SINE/MIR	481	-	40	5330255	57846
chr16	5272409	5472409	harbor1	chr16	5335892	5336144	SINE/MIR	707	-	126	5336018	63609
chr16	5272409	5472409	harbor1	chr16	5348346	5348587	SINE/MIR	732	-	120	5348466	76057
chr16	5272409	5472409	harbor1	chr16	5351260	5351459	SINE/MIR	577	-	100	5351360	78951
chr16	5272409	5472409	harbor1	chr16	5356875	5357079	SINE/MIR	688	-	102	5356977	84568
chr16	5272409	5472409	harbor1	chr16	5367626	5367839	SINE/MIR	699	-	106	5367732	95323
chr17	53469706	53669706	harbor1	chr17	53469898	53470106	SINE/MIR	673	-	104	53470002	296
chr17	53469706	53669706	harbor1	chr17	53504152	53504322	SINE/MIR	583	-	85	53504237	34531
chr17	53469706	53669706	harbor1	chr17	53563642	53563842	SINE/MIR	561	-	100	53563742	94036
chr17	49618180	49818180	harbor1	chr17	49646661	49646855	SINE/MIR	497	-	97	49646758	28578
chr17	50352094	50552094	harbor1	chr17	50358012	50358216	SINE/MIR	636	-	102	50358114	6020
chr17	50352094	50552094	harbor1	chr17	50373525	50373690	SINE/MIR	562	-	82	50373607	21513
chr17	50352094	50552094	harbor1	chr17	50396233	50396403	SINE/MIR	556	-	85	50396318	44224
chr17	71898852	72098852	harbor1	chr17	71902363	71902580	SINE/MIR	662	-	108	71902471	3619
chr17	71898852	72098852	harbor1	chr17	71917220	71917423	SINE/MIR	790	-	102	71917322	18470
chr17	71898852	72098852	harbor1	chr17	71934234	71934466	SINE/MIR	681	-	116	71934350	35498
chr17	71898852	72098852	harbor1	chr17	71965773	71965966	SINE/MIR	693	-	96	71965869	67017
chr17	37527918	37727918	harbor1	chr17	37610591	37610797	SINE/MIR	545	-	103	37610694	82776
chr17	37527918	37727918	harbor1	chr17	37614612	37614825	SINE/MIR	744	-	106	37614718	86800
chr17	37527918	37727918	harbor1	chr17	37620159	37620289	SINE/MIR	523	-	65	37620224	92306
chr17	37527918	37727918	harbor1	chr17	37622822	37623051	SINE/MIR	840	-	114	37622936	95018
chr17	29062749	29262749	harbor1	chr17	29136513	29136745	SINE/MIR	590	-	116	29136629	73880
chr17	29062749	29262749	harbor1	chr17	29138571	29138801	SINE/MIR	903	-	115	29138686	75937
chr17	29062749	29262749	harbor1	chr17	29153044	29153115	SINE/MIR	1041	-	36	29153080	90331
chr17	29062749	29262749	harbor1	chr17	29153437	29153592	SINE/MIR	1041	-	78	29153515	90766
chr17	29062749	29262749	harbor1	chr17	29146972	29147155	SINE/MIR	487	-	92	29147064	84315
chr17	6933584	7133584	harbor1	chr17	6967178	6967432	SINE/MIR	732	-	127	6967305	33721
chr17	36112097	36312097	harbor1	chr17	36150961	36151093	SINE/MIR	523	-	66	36151027	38930
chr17	36112097	36312097	harbor1	chr17	36155518	36155693	SINE/MIR	493	-	88	36155606	43509
chr17	36112097	36312097	harbor1	chr17	36156157	36156387	SINE/MIR	672	-	115	36156272	44175
chr17	36112097	36312097	harbor1	chr17	36159724	36159878	SINE/MIR	518	-	77	36159801	47704
chr17	36112097	36312097	harbor1	chr17	36160021	36160170	SINE/MIR	518	-	74	36160095	47998
chr17	36112097	36312097	harbor1	chr17	36199609	36199861	SINE/MIR	719	-	126	36199735	87638
chr17	27986699	28186699	harbor1	chr17	27993142	27993336	SINE/MIR	520	-	97	27993239	6540
chr17	27986699	28186699	harbor1	chr17	27997004	27997242	SINE/MIR	633	-	119	27997123	10424
chr17	27986699	28186699	harbor1	chr17	28006502	28006676	SINE/MIR	565	-	87	28006589	19890
chr17	27986699	28186699	harbor1	chr17	28010271	28010444	SINE/MIR	560	-	86	28010357	23658
chr17	27986699	28186699	harbor1	chr17	28033184	28033369	SINE/MIR	500	-	92	28033276	46577
chr17	27986699	28186699	harbor1	chr17	28034648	28034830	SINE/MIR	603	-	91	28034739	48040
chr17	27986699	28186699	harbor1	chr17	28038926	28039113	SINE/MIR	507	-	94	28039020	52321
chr17	27986699	28186699	harbor1	chr17	28056286	28056409	SINE/MIR	548	-	62	28056348	69649
chr17	12440074	12640074	harbor1	chr17	12487344	12487512	SINE/MIR	519	-	84	12487428	47354
chr17	72962286	73162286	harbor1	chr17	73047491	73047656	SINE/MIR	721	-	82	73047573	85287
chr17	72962286	73162286	harbor1	chr17	73053458	73053694	SINE/MIR	949	-	118	73053576	91290
chr17	62281739	62481739	harbor1	chr17	62328465	62328717	SINE/MIR	1125	-	126	62328591	46852
chr17	61817030	62017030	harbor1	chr17	61842751	61842948	SINE/MIR	692	-	98	61842849	25819
chr17	61817030	62017030	harbor1	chr17	61868186	61868402	SINE/MIR	645	-	108	61868294	51264
chr17	31549001	31749001	harbor1	chr17	31573096	31573278	SINE/MIR	591	-	91	31573187	24186
chr17	49793583	49993583	harbor1	chr17	49796317	49796570	SINE/MIR	653	-	126	49796443	2860
chr17	49793583	49993583	harbor1	chr17	49844324	49844476	SINE/MIR	535	-	76	49844400	50817
chr17	49793583	49993583	harbor1	chr17	49844770	49844860	SINE/MIR	535	-	45	49844815	51232
chr17	49793583	49993583	harbor1	chr17	49844834	49845039	SINE/MIR	636	-	102	49844936	51353
chr17	49793583	49993583	harbor1	chr17	49863251	49863401	SINE/MIR	564	-	75	49863326	69743
chr17	49793583	49993583	harbor1	chr17	49867579	49867794	SINE/MIR	841	-	108	49867687	74104
chr17	49793583	49993583	harbor1	chr17	49874743	49874912	SINE/MIR	556	-	84	49874827	81244
chr17	49793583	49993583	harbor1	chr17	49888504	49888653	SINE/MIR	663	-	74	49888578	94995
chr17	75396099	75596099	harbor1	chr17	75407846	75408016	SINE/MIR	579	-	85	75407931	11832
chr17	75396099	75596099	harbor1	chr17	75431430	75431600	SINE/MIR	505	-	85	75431515	35416
chr17	75396099	75596099	harbor1	chr17	75467931	75468157	SINE/MIR	678	-	113	75468044	71945
chr17	7697627	7897627	harbor1	chr17	7762815	7762979	SINE/MIR	528	-	82	7762897	65270
chr17	8396369	8596369	harbor1	chr17	8397043	8397179	SINE/MIR	486	-	68	8397111	742
chr17	8396369	8596369	harbor1	chr17	8412323	8412435	SINE/MIR	509	-	56	8412379	16010
chr17	8396369	8596369	harbor1	chr17	8412729	8412767	SINE/MIR	509	-	19	8412748	16379
chr17	8396369	8596369	harbor1	chr17	8439780	8440034	SINE/MIR	811	-	127	8439907	43538
chr17	33785461	33985461	harbor1	chr17	33785384	33785580	SINE/MIR	525	-	98	33785482	21
chr17	33785461	33985461	harbor1	chr17	33790809	33791034	SINE/MIR	501	-	112	33790921	5460
chr17	33785461	33985461	harbor1	chr17	33815754	33815854	SINE/MIR	508	-	50	33815804	30343
chr17	33785461	33985461	harbor1	chr17	33844795	33845038	SINE/MIR	547	-	122	33844917	59456
chr17	33785461	33985461	harbor1	chr17	33883897	33884025	SINE/MIR	516	-	64	33883961	98500
chr17	33785461	33985461	harbor1	chr17	33849324	33849528	SINE/MIR	577	-	102	33849426	63965
chr17	6538918	6738918	harbor1	chr17	6567192	6567446	SINE/MIR	794	-	127	6567319	28401
chr17	6538918	6738918	harbor1	chr17	6574527	6574674	SINE/MIR	595	-	74	6574601	35683
chr17	2007981	2207981	harbor1	chr17	2080521	2080626	SINE/MIR	860	-	52	2080573	72592
chr17	2007981	2207981	harbor1	chr17	2080935	2081045	SINE/MIR	860	-	55	2080990	73009
chr17	2007981	2207981	harbor1	chr17	2082870	2083119	SINE/MIR	988	-	124	2082994	75013
chr17	2007981	2207981	harbor1	chr17	2101668	2101891	SINE/MIR	652	-	112	2101780	93799
chr17	9397947	9597947	harbor1	chr17	9466831	9466895	SINE/MIR	656	-	32	9466863	68916
chr17	9397947	9597947	harbor1	chr17	9467191	9467307	SINE/MIR	656	-	58	9467249	69302
chr17	34477470	34677470	harbor1	chr17	34482342	34482555	SINE/MIR	711	-	106	34482448	4978
chr17	34477470	34677470	harbor1	chr17	34487466	34487688	SINE/MIR	624	-	111	34487577	10107
chr17	34477470	34677470	harbor1	chr17	34488611	34488837	SINE/MIR	861	-	113	34488724	11254
chr17	34477470	34677470	harbor1	chr17	34488875	34489031	SINE/MIR	515	-	78	34488953	11483
chr17	34477470	34677470	harbor1	chr17	34489513	34489697	SINE/MIR	564	-	92	34489605	12135
chr17	34477470	34677470	harbor1	chr17	34491289	34491458	SINE/MIR	520	-	84	34491373	13903
chr17	34477470	34677470	harbor1	chr17	34492260	34492432	SINE/MIR	677	-	86	34492346	14876
chr17	34477470	34677470	harbor1	chr17	34516151	34516384	SINE/MIR	817	-	116	34516267	38797
chr17	34477470	34677470	harbor1	chr17	34526584	34526805	SINE/MIR	675	-	110	34526694	49224
chr17	34477470	34677470	harbor1	chr17	34536318	34536525	SINE/MIR	791	-	104	34536422	58952
chr17	34477470	34677470	harbor1	chr17	34545567	34545724	SINE/MIR	535	-	78	34545645	68175
chr17	34477470	34677470	harbor1	chr17	34548121	34548283	SINE/MIR	539	-	81	34548202	70732
chr17	34477470	34677470	harbor1	chr17	34550668	34550758	SINE/MIR	522	-	45	34550713	73243
chr17	34477470	34677470	harbor1	chr17	34554620	34554834	SINE/MIR	736	-	107	34554727	77257
chr17	34477470	34677470	harbor1	chr17	34561641	34561888	SINE/MIR	721	-	124	34561765	84295
chr17	34477470	34677470	harbor1	chr17	34569543	34569764	SINE/MIR	792	-	110	34569653	92183
chr17	69596742	69796742	harbor1	chr17	69602630	69602826	SINE/MIR	530	-	98	69602728	5986
chr17	69596742	69796742	harbor1	chr17	69636293	69636442	SINE/MIR	563	-	74	69636367	39625
chr17	69596742	69796742	harbor1	chr17	69648310	69648347	SINE/MIR	543	-	18	69648328	51586
chr17	69596742	69796742	harbor1	chr17	69648658	69648862	SINE/MIR	543	-	102	69648760	52018
chr17	69596742	69796742	harbor1	chr17	69688513	69688739	SINE/MIR	635	-	113	69688626	91884
chr17	29442999	29642999	harbor1	chr17	29521367	29521587	SINE/MIR	751	-	110	29521477	78478
chr17	29442999	29642999	harbor1	chr17	29521881	29521908	SINE/MIR	751	-	14	29521895	78896
chr17	6359288	6559288	harbor1	chr17	6388580	6388769	SINE/MIR	522	-	94	6388674	29386
chr17	6359288	6559288	harbor1	chr17	6393991	6394216	SINE/MIR	587	-	112	6394103	34815
chr17	6359288	6559288	harbor1	chr17	6409505	6409719	SINE/MIR	787	-	107	6409612	50324
chr17	6359288	6559288	harbor1	chr17	6428637	6428841	SINE/MIR	827	-	102	6428739	69451
chr17	29943389	30143389	harbor1	chr17	30001779	30002025	SINE/MIR	727	-	123	30001902	58513
chr17	57428377	57628377	harbor1	chr17	57453615	57453660	SINE/MIR	581	-	22	57453637	25260
chr17	57428377	57628377	harbor1	chr17	57453787	57453937	SINE/MIR	581	-	75	57453862	25485
chr17	57428377	57628377	harbor1	chr17	57476682	57476908	SINE/MIR	491	-	113	57476795	48418
chr17	57428377	57628377	harbor1	chr17	57494593	57494765	SINE/MIR	510	-	86	57494679	66302
chr17	57428377	57628377	harbor1	chr17	57512899	57512961	SINE/MIR	713	-	31	57512930	84553
chr17	57428377	57628377	harbor1	chr17	57513273	57513459	SINE/MIR	713	-	93	57513366	84989
chr17	71732756	71932756	harbor1	chr17	71737870	71738028	SINE/MIR	489	-	79	71737949	5193
chr17	71732756	71932756	harbor1	chr17	71797615	71797825	SINE/MIR	571	-	105	71797720	64964
chr17	71732756	71932756	harbor1	chr17	71798713	71798905	SINE/MIR	506	-	96	71798809	66053
chr17	57878223	58078223	harbor1	chr17	57890014	57890186	SINE/MIR	616	-	86	57890100	11877
chr17	57878223	58078223	harbor1	chr17	57895044	57895296	SINE/MIR	863	-	126	57895170	16947
chr17	57878223	58078223	harbor1	chr17	57897125	57897368	SINE/MIR	826	-	122	57897247	19024
chr17	57878223	58078223	harbor1	chr17	57902817	57902955	SINE/MIR	564	-	69	57902886	24663
chr17	57878223	58078223	harbor1	chr17	57917518	57917733	SINE/MIR	714	-	108	57917626	39403
chr17	57878223	58078223	harbor1	chr17	57919948	57920164	SINE/MIR	678	-	108	57920056	41833
chr17	57878223	58078223	harbor1	chr17	57927822	57928026	SINE/MIR	866	-	102	57927924	49701
chr17	57878223	58078223	harbor1	chr17	57929170	57929398	SINE/MIR	838	-	114	57929284	51061
chr17	57878223	58078223	harbor1	chr17	57945643	57945737	SINE/MIR	682	-	47	57945690	67467
chr17	57878223	58078223	harbor1	chr17	57946015	57946174	SINE/MIR	682	-	80	57946095	67872
chr17	57878223	58078223	harbor1	chr17	57966922	57967105	SINE/MIR	734	-	92	57967014	88791
chr17	57878223	58078223	harbor1	chr17	57966568	57966627	SINE/MIR	734	-	30	57966598	88375
chr17	69894440	70094440	harbor1	chr17	69902523	69902757	SINE/MIR	504	-	117	69902640	8200
chr17	69894440	70094440	harbor1	chr17	69906383	69906567	SINE/MIR	636	-	92	69906475	12035
chr17	69894440	70094440	harbor1	chr17	69991941	69992160	SINE/MIR	485	-	110	69992051	97611
chr17	61497291	61697291	harbor1	chr17	61512752	61512945	SINE/MIR	631	-	96	61512848	15557
chr17	61497291	61697291	harbor1	chr17	61516194	61516430	SINE/MIR	518	-	118	61516312	19021
chr17	61497291	61697291	harbor1	chr17	61517254	61517444	SINE/MIR	742	-	95	61517349	20058
chr17	61497291	61697291	harbor1	chr17	61533690	61533946	SINE/MIR	687	-	128	61533818	36527
chr17	61497291	61697291	harbor1	chr17	61578138	61578312	SINE/MIR	626	-	87	61578225	80934
chr17	61497291	61697291	harbor1	chr17	61594176	61594386	SINE/MIR	585	-	105	61594281	96990
chr17	61497291	61697291	harbor1	chr17	61595421	61595649	SINE/MIR	740	-	114	61595535	98244
chr17	33538029	33738029	harbor1	chr17	33543627	33543848	SINE/MIR	709	-	110	33543737	5708
chr17	33538029	33738029	harbor1	chr17	33553651	33553854	SINE/MIR	587	-	102	33553753	15724
chr17	33538029	33738029	harbor1	chr17	33560714	33560965	SINE/MIR	781	-	126	33560840	22811
chr17	33538029	33738029	harbor1	chr17	33594436	33594546	SINE/MIR	723	-	55	33594491	56462
chr17	33538029	33738029	harbor1	chr17	33594845	33594938	SINE/MIR	723	-	46	33594891	56862
chr17	33538029	33738029	harbor1	chr17	33595248	33595307	SINE/MIR	723	-	30	33595278	57249
chr17	33538029	33738029	harbor1	chr17	33596795	33596999	SINE/MIR	516	-	102	33596897	58868
chr17	33538029	33738029	harbor1	chr17	33628662	33628916	SINE/MIR	504	-	127	33628789	90760
chr17	46417069	46617069	harbor1	chr17	46449448	46449629	SINE/MIR	490	-	90	46449538	32469
chr17	46417069	46617069	harbor1	chr17	46432028	46432262	SINE/MIR	903	-	117	46432145	15076
chr17	42164946	42364946	harbor1	chr17	42172472	42172536	SINE/MIR	518	-	32	42172504	7558
chr17	42164946	42364946	harbor1	chr17	42172583	42172758	SINE/MIR	518	-	88	42172671	7725
chr17	42164946	42364946	harbor1	chr17	42215342	42215563	SINE/MIR	657	-	110	42215452	50506
chr17	8708227	8908227	harbor1	chr17	8719625	8719817	SINE/MIR	654	-	96	8719721	11494
chr17	54145149	54345149	harbor1	chr17	54150709	54150934	SINE/MIR	639	-	112	54150821	5672
chr17	54145149	54345149	harbor1	chr17	54210047	54210243	SINE/MIR	516	-	98	54210145	64996
chr17	54145149	54345149	harbor1	chr17	54224204	54224438	SINE/MIR	567	-	117	54224321	79172
chr17	76511755	76711755	harbor1	chr17	76543420	76543627	SINE/MIR	536	-	104	76543524	31769
chr17	76511755	76711755	harbor1	chr17	76546747	76546946	SINE/MIR	594	-	100	76546847	35092
chr17	76511755	76711755	harbor1	chr17	76550829	76551081	SINE/MIR	642	-	126	76550955	39200
chr17	35179891	35379891	harbor1	chr17	35184544	35184731	SINE/MIR	770	-	94	35184638	4747
chr17	35179891	35379891	harbor1	chr17	35185648	35185841	SINE/MIR	492	-	96	35185744	5853
chr17	75572234	75772234	harbor1	chr17	75642664	75642903	SINE/MIR	795	-	120	75642784	70550
chr17	53787733	53987733	harbor1	chr17	53815626	53815846	SINE/MIR	747	-	110	53815736	28003
chr17	53984220	54184220	harbor1	chr17	54013704	54013934	SINE/MIR	560	-	115	54013819	29599
chr17	45854010	46054010	harbor1	chr17	45899367	45899549	SINE/MIR	848	-	91	45899458	45448
chr17	45854010	46054010	harbor1	chr17	45930480	45930673	SINE/MIR	797	-	96	45930576	76566
chr17	45854010	46054010	harbor1	chr17	45942782	45942961	SINE/MIR	509	-	90	45942872	88862
chr17	45854010	46054010	harbor1	chr17	45944121	45944300	SINE/MIR	547	-	90	45944211	90201
chr17	392407	592407	harbor1	chr17	422055	422307	SINE/MIR	537	-	126	422181	29774
chr17	392407	592407	harbor1	chr17	426309	426538	SINE/MIR	884	-	114	426423	34016
chr17	70902390	71102390	harbor1	chr17	70942679	70942861	SINE/MIR	622	-	91	70942770	40380
chr17	63352799	63552799	harbor1	chr17	63372569	63372714	SINE/MIR	563	-	72	63372641	19842
chr17	7106342	7306342	harbor1	chr17	7186246	7186409	SINE/MIR	631	-	82	7186328	79986
chr17	55569191	55769191	harbor1	chr17	55625802	55626035	SINE/MIR	583	-	116	55625918	56727
chr17	55569191	55769191	harbor1	chr17	55646453	55646684	SINE/MIR	617	-	116	55646569	77378
chr17	15603045	15803045	harbor1	chr17	15639961	15640172	SINE/MIR	732	-	106	15640067	37022
chr17	66116854	66316854	harbor1	chr17	66167332	66167560	SINE/MIR	494	-	114	66167446	50592
chr17	2033096	2233096	harbor1	chr17	2080521	2080626	SINE/MIR	860	-	52	2080573	47477
chr17	2033096	2233096	harbor1	chr17	2080935	2081045	SINE/MIR	860	-	55	2080990	47894
chr17	2033096	2233096	harbor1	chr17	2082870	2083119	SINE/MIR	988	-	124	2082994	49898
chr17	2033096	2233096	harbor1	chr17	2101668	2101891	SINE/MIR	652	-	112	2101780	68684
chr17	55405051	55605051	harbor1	chr17	55410699	55410932	SINE/MIR	587	-	116	55410815	5764
chr17	55405051	55605051	harbor1	chr17	55426757	55426980	SINE/MIR	602	-	112	55426869	21818
chr17	55405051	55605051	harbor1	chr17	55442918	55443098	SINE/MIR	585	-	90	55443008	37957
chr17	55405051	55605051	harbor1	chr17	55485680	55485921	SINE/MIR	567	-	120	55485800	80749
chr17	44381467	44581467	harbor1	chr17	44404504	44404667	SINE/MIR	495	-	82	44404586	23119
chr17	39481929	39681929	harbor1	chr17	39541834	39541981	SINE/MIR	539	-	74	39541908	59979
chr17	39481929	39681929	harbor1	chr17	39571868	39572114	SINE/MIR	925	-	123	39571991	90062
chr17	39481929	39681929	harbor1	chr17	39578751	39578977	SINE/MIR	910	-	113	39578864	96935
chr17	39481929	39681929	harbor1	chr17	39580606	39580861	SINE/MIR	1037	-	128	39580734	98805
chr17	39481929	39681929	harbor1	chr17	39581593	39581783	SINE/MIR	762	-	95	39581688	99759
chr17	54331164	54531164	harbor1	chr17	54376501	54376588	SINE/MIR	577	-	44	54376545	45381
chr17	54331164	54531164	harbor1	chr17	54376914	54377038	SINE/MIR	577	-	62	54376976	45812
chr17	47067017	47267017	harbor1	chr17	47134940	47135159	SINE/MIR	641	-	110	47135050	68033
chr17	50966884	51166884	harbor1	chr17	51044594	51044794	SINE/MIR	595	-	100	51044694	77810
chr17	50966884	51166884	harbor1	chr17	51058262	51058516	SINE/MIR	1129	-	127	51058389	91505
chr17	79927268	80127268	harbor1	chr17	79953366	79953619	SINE/MIR	989	-	126	79953492	26224
chr17	46278017	46478017	harbor1	chr17	46310171	46310351	SINE/MIR	558	-	90	46310261	32244
chr17	46278017	46478017	harbor1	chr17	46326604	46326822	SINE/MIR	665	-	109	46326713	48696
chr17	46278017	46478017	harbor1	chr17	46377022	46377194	SINE/MIR	525	-	86	46377108	99091
chr17	56047537	56247537	harbor1	chr17	56052648	56052953	SINE/MIR	541	-	152	56052800	5263
chr17	56047537	56247537	harbor1	chr17	56104370	56104516	SINE/MIR	521	-	73	56104443	56906
chr17	56047537	56247537	harbor1	chr17	56108452	56108665	SINE/MIR	614	-	106	56108558	61021
chr17	56047537	56247537	harbor1	chr17	56122994	56123234	SINE/MIR	719	-	120	56123114	75577
chr17	56047537	56247537	harbor1	chr17	56125515	56125770	SINE/MIR	592	-	128	56125643	78106
chr17	12639588	12839588	harbor1	chr17	12653790	12654025	SINE/MIR	650	-	118	12653908	14320
chr17	12639588	12839588	harbor1	chr17	12680956	12681161	SINE/MIR	598	-	102	12681058	41470
chr17	12639588	12839588	harbor1	chr17	12704557	12704781	SINE/MIR	786	-	112	12704669	65081
chr17	12639588	12839588	harbor1	chr17	12731546	12731791	SINE/MIR	702	-	122	12731668	92080
chr17	42082318	42282318	harbor1	chr17	42097075	42097316	SINE/MIR	998	-	120	42097195	14877
chr17	42082318	42282318	harbor1	chr17	42116029	42116228	SINE/MIR	522	-	100	42116129	33811
chr17	42082318	42282318	harbor1	chr17	42150895	42151125	SINE/MIR	709	-	115	42151010	68692
chr17	42082318	42282318	harbor1	chr17	42161733	42161934	SINE/MIR	549	-	100	42161833	79515
chr17	42082318	42282318	harbor1	chr17	42172472	42172536	SINE/MIR	518	-	32	42172504	90186
chr17	42082318	42282318	harbor1	chr17	42172583	42172758	SINE/MIR	518	-	88	42172671	90353
chr17	27311050	27511050	harbor1	chr17	27322727	27322944	SINE/MIR	1034	-	108	27322835	11785
chr17	27311050	27511050	harbor1	chr17	27326682	27326881	SINE/MIR	765	-	100	27326782	15732
chr17	27311050	27511050	harbor1	chr17	27382068	27382299	SINE/MIR	723	-	116	27382184	71134
chr17	27311050	27511050	harbor1	chr17	27383968	27384163	SINE/MIR	651	-	98	27384066	73016
chr17	72984408	73184408	harbor1	chr17	73047491	73047656	SINE/MIR	721	-	82	73047573	63165
chr17	72984408	73184408	harbor1	chr17	73053458	73053694	SINE/MIR	949	-	118	73053576	69168
chr17	71541085	71741085	harbor1	chr17	71547841	71548034	SINE/MIR	803	-	96	71547937	6852
chr17	71541085	71741085	harbor1	chr17	71552298	71552478	SINE/MIR	527	-	90	71552388	11303
chr17	15502708	15702708	harbor1	chr17	15597854	15598012	SINE/MIR	747	-	79	15597933	95225
chr17	62933694	63133694	harbor1	chr17	62964445	62964661	SINE/MIR	645	-	108	62964553	30859
chr17	62933694	63133694	harbor1	chr17	62969154	62969389	SINE/MIR	681	-	118	62969272	35578
chr17	68656542	68856542	harbor1	chr17	68751834	68752090	SINE/MIR	842	-	128	68751962	95420
chr17	42975210	43175210	harbor1	chr17	42994267	42994523	SINE/MIR	599	-	128	42994395	19185
chr17	31677766	31877766	harbor1	chr17	31694393	31694600	SINE/MIR	529	-	104	31694497	16731
chr17	31677766	31877766	harbor1	chr17	31696794	31697018	SINE/MIR	635	-	112	31696906	19140
chr17	31677766	31877766	harbor1	chr17	31726254	31726432	SINE/MIR	616	-	89	31726343	48577
chr17	31677766	31877766	harbor1	chr17	31726734	31726784	SINE/MIR	558	-	25	31726759	48993
chr17	31677766	31877766	harbor1	chr17	31752437	31752636	SINE/MIR	533	-	100	31752537	74771
chr17	49787107	49987107	harbor1	chr17	49796317	49796570	SINE/MIR	653	-	126	49796443	9336
chr17	49787107	49987107	harbor1	chr17	49844324	49844476	SINE/MIR	535	-	76	49844400	57293
chr17	49787107	49987107	harbor1	chr17	49844770	49844860	SINE/MIR	535	-	45	49844815	57708
chr17	49787107	49987107	harbor1	chr17	49844834	49845039	SINE/MIR	636	-	102	49844936	57829
chr17	49787107	49987107	harbor1	chr17	49863251	49863401	SINE/MIR	564	-	75	49863326	76219
chr17	49787107	49987107	harbor1	chr17	49867579	49867794	SINE/MIR	841	-	108	49867687	80580
chr17	49787107	49987107	harbor1	chr17	49874743	49874912	SINE/MIR	556	-	84	49874827	87720
chr17	70890380	71090380	harbor1	chr17	70894556	70894795	SINE/MIR	727	-	120	70894676	4296
chr17	70890380	71090380	harbor1	chr17	70895094	70895113	SINE/MIR	727	-	10	70895104	4724
chr17	70890380	71090380	harbor1	chr17	70942679	70942861	SINE/MIR	622	-	91	70942770	52390
chr17	20244798	20444798	harbor1	chr17	20251731	20251915	SINE/MIR	653	-	92	20251823	7025
chr17	20244798	20444798	harbor1	chr17	20280226	20280460	SINE/MIR	589	-	117	20280343	35545
chr17	37748822	37948822	harbor1	chr17	37751644	37751823	SINE/MIR	502	-	90	37751734	2912
chr17	37748822	37948822	harbor1	chr17	37752028	37752231	SINE/MIR	618	-	102	37752130	3308
chr17	37748822	37948822	harbor1	chr17	37765982	37766147	SINE/MIR	702	-	82	37766064	17242
chr17	37748822	37948822	harbor1	chr17	37766457	37766540	SINE/MIR	702	-	42	37766499	17677
chr17	37748822	37948822	harbor1	chr17	37772087	37772215	SINE/MIR	662	-	64	37772151	23329
chr17	37748822	37948822	harbor1	chr17	37772510	37772614	SINE/MIR	662	-	52	37772562	23740
chr17	37748822	37948822	harbor1	chr17	37793637	37793806	SINE/MIR	549	-	84	37793721	44899
chr17	37748822	37948822	harbor1	chr17	37803493	37803699	SINE/MIR	672	-	103	37803596	54774
chr17	58148256	58348256	harbor1	chr17	58169189	58169405	SINE/MIR	647	-	108	58169297	21041
chr17	58148256	58348256	harbor1	chr17	58198147	58198355	SINE/MIR	590	-	104	58198251	49995
chr17	58148256	58348256	harbor1	chr17	58200907	58201102	SINE/MIR	503	-	98	58201005	52749
chr17	58148256	58348256	harbor1	chr17	58246884	58247025	SINE/MIR	604	-	70	58246954	98698
chr17	9276099	9476099	harbor1	chr17	9370252	9370503	SINE/MIR	505	-	126	9370378	94279
chr17	9276099	9476099	harbor1	chr17	9375763	9375953	SINE/MIR	492	-	95	9375858	99759
chr17	51078474	51278474	harbor1	chr17	51121167	51121344	SINE/MIR	489	-	88	51121255	42781
chr17	51078474	51278474	harbor1	chr17	51146963	51147227	SINE/MIR	528	-	132	51147095	68621
chr17	46705895	46905895	harbor1	chr17	46712250	46712406	SINE/MIR	498	-	78	46712328	6433
chr17	46705895	46905895	harbor1	chr17	46776381	46776541	SINE/MIR	537	-	80	46776461	70566
chr17	46705895	46905895	harbor1	chr17	46777616	46777836	SINE/MIR	918	-	110	46777726	71831
chr17	46705895	46905895	harbor1	chr17	46787395	46787566	SINE/MIR	605	-	86	46787481	81586
chr17	46705895	46905895	harbor1	chr17	46792785	46792964	SINE/MIR	553	-	90	46792875	86980
chr17	46705895	46905895	harbor1	chr17	46801028	46801214	SINE/MIR	508	-	93	46801121	95226
chr17	45716242	45916242	harbor1	chr17	45750746	45750978	SINE/MIR	599	-	116	45750862	34620
chr17	45716242	45916242	harbor1	chr17	45758869	45759081	SINE/MIR	568	-	106	45758975	42733
chr17	45716242	45916242	harbor1	chr17	45782341	45782565	SINE/MIR	908	-	112	45782453	66211
chr17	45716242	45916242	harbor1	chr17	45786407	45786619	SINE/MIR	637	-	106	45786513	70271
chr17	45716242	45916242	harbor1	chr17	45797212	45797262	SINE/MIR	604	-	25	45797237	80995
chr17	45716242	45916242	harbor1	chr17	45797578	45797788	SINE/MIR	604	-	105	45797683	81441
chr17	45716242	45916242	harbor1	chr17	45807509	45807702	SINE/MIR	547	-	96	45807605	91363
chr17	45716242	45916242	harbor1	chr17	45807749	45807955	SINE/MIR	526	-	103	45807852	91610
chr17	45716242	45916242	harbor1	chr17	45809987	45809997	SINE/MIR	736	-	5	45809992	93750
chr17	45716242	45916242	harbor1	chr17	45810306	45810554	SINE/MIR	736	-	124	45810430	94188
chr17	45716242	45916242	harbor1	chr17	45815650	45815810	SINE/MIR	513	-	80	45815730	99488
chr17	11782943	11982943	harbor1	chr17	11801041	11801256	SINE/MIR	677	-	108	11801149	18206
chr17	46789698	46989698	harbor1	chr17	46792785	46792964	SINE/MIR	553	-	90	46792875	3177
chr17	46789698	46989698	harbor1	chr17	46801028	46801214	SINE/MIR	508	-	93	46801121	11423
chr17	46789698	46989698	harbor1	chr17	46812830	46813036	SINE/MIR	704	-	103	46812933	23235
chr17	46789698	46989698	harbor1	chr17	46837471	46837648	SINE/MIR	577	-	88	46837559	47861
chr17	46789698	46989698	harbor1	chr17	46841140	46841339	SINE/MIR	694	-	100	46841240	51542
chr17	46789698	46989698	harbor1	chr17	46881351	46881584	SINE/MIR	510	-	116	46881467	91769
chr17	46789698	46989698	harbor1	chr17	46884619	46884795	SINE/MIR	629	-	88	46884707	95009
chr17	46789698	46989698	harbor1	chr17	46888778	46888964	SINE/MIR	600	-	93	46888871	99173
chr17	68393500	68593500	harbor1	chr17	68433084	68433307	SINE/MIR	642	-	112	68433196	39696
chr17	68393500	68593500	harbor1	chr17	68482236	68482426	SINE/MIR	529	-	95	68482331	88831
chr17	39577874	39777874	harbor1	chr17	39578751	39578977	SINE/MIR	910	-	113	39578864	990
chr17	39577874	39777874	harbor1	chr17	39580606	39580861	SINE/MIR	1037	-	128	39580734	2860
chr17	39577874	39777874	harbor1	chr17	39581593	39581783	SINE/MIR	762	-	95	39581688	3814
chr17	39577874	39777874	harbor1	chr17	39616671	39616803	SINE/MIR	490	-	66	39616737	38863
chr17	39577874	39777874	harbor1	chr17	39616887	39617125	SINE/MIR	676	-	119	39617006	39132
chr17	39577874	39777874	harbor1	chr17	39619558	39619736	SINE/MIR	625	-	89	39619647	41773
chr17	39577874	39777874	harbor1	chr17	39619738	39619953	SINE/MIR	575	-	108	39619846	41972
chr17	39577874	39777874	harbor1	chr17	39620757	39620947	SINE/MIR	490	-	95	39620852	42978
chr17	39577874	39777874	harbor1	chr17	39641606	39641846	SINE/MIR	631	-	120	39641726	63852
chr17	39577874	39777874	harbor1	chr17	39643797	39644019	SINE/MIR	580	-	111	39643908	66034
chr17	67333299	67533299	harbor1	chr17	67411789	67411978	SINE/MIR	614	-	94	67411883	78584
chr17	4530503	4730503	harbor1	chr17	4574509	4574679	SINE/MIR	526	-	85	4574594	44091
chr17	4530503	4730503	harbor1	chr17	4605469	4605659	SINE/MIR	548	-	95	4605564	75061
chr17	52205190	52405190	harbor1	chr17	52240372	52240618	SINE/MIR	570	-	123	52240495	35305
chr17	52205190	52405190	harbor1	chr17	52276511	52276760	SINE/MIR	675	-	124	52276635	71445
chr17	52205190	52405190	harbor1	chr17	52282921	52283106	SINE/MIR	491	-	92	52283013	77823
chr17	32501399	32701399	harbor1	chr17	32509971	32510165	SINE/MIR	492	-	97	32510068	8669
chr17	32501399	32701399	harbor1	chr17	32567376	32567609	SINE/MIR	494	-	116	32567492	66093
chr17	33996929	34196929	harbor1	chr17	34014108	34014375	SINE/MIR	858	-	134	34014242	17313
chr17	33996929	34196929	harbor1	chr17	34026700	34026839	SINE/MIR	610	-	70	34026770	29841
chr17	33996929	34196929	harbor1	chr17	34046929	34047151	SINE/MIR	569	-	111	34047040	50111
chr17	33996929	34196929	harbor1	chr17	34053520	34053783	SINE/MIR	625	-	132	34053652	56723
chr17	33996929	34196929	harbor1	chr17	34058800	34058978	SINE/MIR	587	-	89	34058889	61960
chr17	33996929	34196929	harbor1	chr17	34065868	34066107	SINE/MIR	518	-	120	34065988	69059
chr17	33996929	34196929	harbor1	chr17	34082652	34082890	SINE/MIR	679	-	119	34082771	85842
chr17	33996929	34196929	harbor1	chr17	34095859	34096079	SINE/MIR	590	-	110	34095969	99040
chr17	13074191	13274191	harbor1	chr17	13134105	13134271	SINE/MIR	577	-	83	13134188	59997
chr17	13074191	13274191	harbor1	chr17	13160669	13160908	SINE/MIR	771	-	120	13160789	86598
chr17	7486706	7686706	harbor1	chr17	7553469	7553656	SINE/MIR	711	-	94	7553563	66857
chr17	7486706	7686706	harbor1	chr17	7569843	7570094	SINE/MIR	756	-	126	7569969	83263
chr17	29811746	30011746	harbor1	chr17	29829151	29829332	SINE/MIR	590	-	90	29829241	17495
chr17	29811746	30011746	harbor1	chr17	29840765	29840969	SINE/MIR	790	-	102	29840867	29121
chr17	29811746	30011746	harbor1	chr17	29911443	29911609	SINE/MIR	517	-	83	29911526	99780
chr17	69182244	69382244	harbor1	chr17	69200179	69200411	SINE/MIR	559	-	116	69200295	18051
chr17	69182244	69382244	harbor1	chr17	69215295	69215538	SINE/MIR	664	-	122	69215417	33173
chr17	7498373	7698373	harbor1	chr17	7553469	7553656	SINE/MIR	711	-	94	7553563	55190
chr17	7498373	7698373	harbor1	chr17	7569843	7570094	SINE/MIR	756	-	126	7569969	71596
chr17	58301854	58501854	harbor1	chr17	58307300	58307530	SINE/MIR	975	-	115	58307415	5561
chr17	58301854	58501854	harbor1	chr17	58317723	58317915	SINE/MIR	613	-	96	58317819	15965
chr17	58301854	58501854	harbor1	chr17	58318575	58318813	SINE/MIR	522	-	119	58318694	16840
chr17	58301854	58501854	harbor1	chr17	58367327	58367518	SINE/MIR	592	-	96	58367423	65569
chr17	58301854	58501854	harbor1	chr17	58367869	58368116	SINE/MIR	709	-	124	58367993	66139
chr17	58301854	58501854	harbor1	chr17	58374001	58374186	SINE/MIR	952	-	92	58374093	72239
chr17	43166741	43366741	harbor1	chr17	43173596	43173834	SINE/MIR	571	-	119	43173715	6974
chr17	43166741	43366741	harbor1	chr17	43179015	43179191	SINE/MIR	582	-	88	43179103	12362
chr17	43166741	43366741	harbor1	chr17	43215402	43215649	SINE/MIR	619	-	124	43215526	48785
chr17	9056494	9256494	harbor1	chr17	9086955	9087170	SINE/MIR	798	-	108	9087063	30569
chr17	9056494	9256494	harbor1	chr17	9125875	9126055	SINE/MIR	585	-	90	9125965	69471
chr17	79909137	80109137	harbor1	chr17	79914245	79914442	SINE/MIR	542	-	98	79914343	5206
chr17	79909137	80109137	harbor1	chr17	79926982	79927144	SINE/MIR	546	-	81	79927063	17926
chr17	79909137	80109137	harbor1	chr17	79953366	79953619	SINE/MIR	989	-	126	79953492	44355
chr17	40003806	40203806	harbor1	chr17	40079673	40079824	SINE/MIR	651	-	76	40079749	75943
chr17	37943282	38143282	harbor1	chr17	37967666	37967841	SINE/MIR	548	-	88	37967754	24472
chr17	37943282	38143282	harbor1	chr17	37968316	37968539	SINE/MIR	741	-	112	37968428	25146
chr17	37943282	38143282	harbor1	chr17	37972201	37972355	SINE/MIR	589	-	77	37972278	28996
chr17	37943282	38143282	harbor1	chr17	37972498	37972646	SINE/MIR	537	-	74	37972572	29290
chr17	37943282	38143282	harbor1	chr17	38017367	38017515	SINE/MIR	487	-	74	38017441	74159
chr17	56651249	56851249	harbor1	chr17	56652162	56652316	SINE/MIR	580	-	77	56652239	990
chr17	56651249	56851249	harbor1	chr17	56660903	56661083	SINE/MIR	608	-	90	56660993	9744
chr17	56651249	56851249	harbor1	chr17	56674302	56674505	SINE/MIR	522	-	102	56674404	23155
chr17	56651249	56851249	harbor1	chr17	56675931	56676170	SINE/MIR	646	-	120	56676051	24802
chr17	56651249	56851249	harbor1	chr17	56696610	56696846	SINE/MIR	650	-	118	56696728	45479
chr17	56651249	56851249	harbor1	chr17	56698464	56698626	SINE/MIR	532	-	81	56698545	47296
chr17	56651249	56851249	harbor1	chr17	56698690	56698908	SINE/MIR	661	-	109	56698799	47550
chr17	56651249	56851249	harbor1	chr17	56700415	56700643	SINE/MIR	692	-	114	56700529	49280
chr17	56651249	56851249	harbor1	chr17	56706579	56706773	SINE/MIR	812	-	97	56706676	55427
chr17	56651249	56851249	harbor1	chr17	56707270	56707515	SINE/MIR	491	-	122	56707392	56143
chr17	56651249	56851249	harbor1	chr17	56722887	56722982	SINE/MIR	718	-	48	56722935	71686
chr17	56651249	56851249	harbor1	chr17	56723279	56723435	SINE/MIR	718	-	78	56723357	72108
chr17	56651249	56851249	harbor1	chr17	56726516	56726620	SINE/MIR	531	-	52	56726568	75319
chr17	56651249	56851249	harbor1	chr17	56739322	56739492	SINE/MIR	754	-	85	56739407	88158
chr17	56651249	56851249	harbor1	chr17	56741058	56741252	SINE/MIR	515	-	97	56741155	89906
chr17	7384956	7584956	harbor1	chr17	7385453	7385575	SINE/MIR	760	-	61	7385514	558
chr17	7384956	7584956	harbor1	chr17	7385865	7386018	SINE/MIR	760	-	76	7385941	985
chr17	7384956	7584956	harbor1	chr17	7450608	7450845	SINE/MIR	607	-	118	7450726	65770
chr17	7384956	7584956	harbor1	chr17	7475363	7475485	SINE/MIR	691	-	61	7475424	90468
chr17	7384956	7584956	harbor1	chr17	7475738	7475884	SINE/MIR	691	-	73	7475811	90855
chr17	27380691	27580691	harbor1	chr17	27382068	27382299	SINE/MIR	723	-	116	27382184	1493
chr17	27380691	27580691	harbor1	chr17	27383968	27384163	SINE/MIR	651	-	98	27384066	3375
chr17	27380691	27580691	harbor1	chr17	27466966	27467184	SINE/MIR	873	-	109	27467075	86384
chr17	29375561	29575561	harbor1	chr17	29375364	29375564	SINE/MIR	713	-	100	29375464	97
chr17	66139623	66339623	harbor1	chr17	66167332	66167560	SINE/MIR	494	-	114	66167446	27823
chr17	70909182	71109182	harbor1	chr17	70942679	70942861	SINE/MIR	622	-	91	70942770	33588
chr17	45932555	46132555	harbor1	chr17	45942782	45942961	SINE/MIR	509	-	90	45942872	10317
chr17	45932555	46132555	harbor1	chr17	45944121	45944300	SINE/MIR	547	-	90	45944211	11656
chr17	45932555	46132555	harbor1	chr17	45968811	45969062	SINE/MIR	835	-	126	45968937	36382
chr17	45932555	46132555	harbor1	chr17	45970559	45970795	SINE/MIR	612	-	118	45970677	38122
chr17	45932555	46132555	harbor1	chr17	45977775	45977989	SINE/MIR	514	-	107	45977882	45327
chr17	45932555	46132555	harbor1	chr17	45984302	45984472	SINE/MIR	620	-	85	45984387	51832
chr17	43941403	44141403	harbor1	chr17	43986865	43987049	SINE/MIR	689	-	92	43986957	45554
chr17	9897832	10097832	harbor1	chr17	9930315	9930451	SINE/MIR	539	-	68	9930383	32551
chr17	9897832	10097832	harbor1	chr17	9955418	9955642	SINE/MIR	1200	-	112	9955530	57698
chr17	9897832	10097832	harbor1	chr17	9958009	9958239	SINE/MIR	641	-	115	9958124	60292
chr17	9897832	10097832	harbor1	chr17	9961630	9961872	SINE/MIR	674	-	121	9961751	63919
chr17	14493502	14693502	harbor1	chr17	14536057	14536235	SINE/MIR	777	-	89	14536146	42644
chr17	14493502	14693502	harbor1	chr17	14536538	14536592	SINE/MIR	777	-	27	14536565	43063
chr17	3650975	3850975	harbor1	chr17	3654147	3654315	SINE/MIR	542	-	84	3654231	3256
chr17	3650975	3850975	harbor1	chr17	3669859	3669884	SINE/MIR	666	-	12	3669871	18896
chr17	3650975	3850975	harbor1	chr17	3670195	3670390	SINE/MIR	666	-	98	3670293	19318
chr17	3650975	3850975	harbor1	chr17	3750059	3750250	SINE/MIR	572	-	96	3750155	99180
chr17	76309489	76509489	harbor1	chr17	76408290	76408500	SINE/MIR	716	-	105	76408395	98906
chr17	44521766	44721766	harbor1	chr17	44534556	44534754	SINE/MIR	844	-	99	44534655	12889
chr17	44521766	44721766	harbor1	chr17	44580865	44581116	SINE/MIR	881	-	126	44580991	59225
chr17	44521766	44721766	harbor1	chr17	44581152	44581387	SINE/MIR	638	-	118	44581270	59504
chr17	68119573	68319573	harbor1	chr17	68142620	68142757	SINE/MIR	704	-	68	68142688	23115
chr17	68119573	68319573	harbor1	chr17	68148712	68148926	SINE/MIR	861	-	107	68148819	29246
chr17	68119573	68319573	harbor1	chr17	68167540	68167760	SINE/MIR	517	-	110	68167650	48077
chr17	69142312	69342312	harbor1	chr17	69181914	69182122	SINE/MIR	743	-	104	69182018	39706
chr17	69142312	69342312	harbor1	chr17	69200179	69200411	SINE/MIR	559	-	116	69200295	57983
chr17	69142312	69342312	harbor1	chr17	69215295	69215538	SINE/MIR	664	-	122	69215417	73105
chr17	27130008	27330008	harbor1	chr17	27216995	27217136	SINE/MIR	530	-	70	27217065	87057
chr17	29820474	30020474	harbor1	chr17	29829151	29829332	SINE/MIR	590	-	90	29829241	8767
chr17	29820474	30020474	harbor1	chr17	29840765	29840969	SINE/MIR	790	-	102	29840867	20393
chr17	29820474	30020474	harbor1	chr17	29911443	29911609	SINE/MIR	517	-	83	29911526	91052
chr17	29820474	30020474	harbor1	chr17	29916205	29916448	SINE/MIR	601	-	122	29916327	95853
chr17	16215482	16415482	harbor1	chr17	16250715	16250883	SINE/MIR	519	-	84	16250799	35317
chr17	45583272	45783272	harbor1	chr17	45589308	45589463	SINE/MIR	496	-	78	45589386	6114
chr17	45583272	45783272	harbor1	chr17	45599708	45599905	SINE/MIR	612	-	98	45599806	16534
chr17	45583272	45783272	harbor1	chr17	45673186	45673343	SINE/MIR	489	-	78	45673264	89992
chr17	45583272	45783272	harbor1	chr17	45677161	45677354	SINE/MIR	924	-	96	45677257	93985
chr17	45583272	45783272	harbor1	chr17	45677705	45677860	SINE/MIR	665	-	78	45677783	94511
chr17	45583272	45783272	harbor1	chr17	45680009	45680162	SINE/MIR	524	-	76	45680085	96813
chr17	40904185	41104185	harbor1	chr17	40952793	40953012	SINE/MIR	874	-	110	40952903	48718
chr17	40904185	41104185	harbor1	chr17	40957293	40957501	SINE/MIR	620	-	104	40957397	53212
chr17	54447618	54647618	harbor1	chr17	54490997	54491246	SINE/MIR	768	-	124	54491121	43503
chr17	54447618	54647618	harbor1	chr17	54524845	54525092	SINE/MIR	553	-	124	54524969	77351
chr17	27594861	27794861	harbor1	chr17	27595348	27595574	SINE/MIR	564	-	113	27595461	600
chr17	27594861	27794861	harbor1	chr17	27626827	27627011	SINE/MIR	493	-	92	27626919	32058
chr17	27594861	27794861	harbor1	chr17	27627855	27628046	SINE/MIR	663	-	96	27627951	33090
chr17	27594861	27794861	harbor1	chr17	27637255	27637453	SINE/MIR	613	-	99	27637354	42493
chr17	27594861	27794861	harbor1	chr17	27654920	27655093	SINE/MIR	512	-	86	27655006	60145
chr17	37541710	37741710	harbor1	chr17	37610591	37610797	SINE/MIR	545	-	103	37610694	68984
chr17	37541710	37741710	harbor1	chr17	37614612	37614825	SINE/MIR	744	-	106	37614718	73008
chr17	37541710	37741710	harbor1	chr17	37620159	37620289	SINE/MIR	523	-	65	37620224	78514
chr17	37541710	37741710	harbor1	chr17	37622822	37623051	SINE/MIR	840	-	114	37622936	81226
chr17	5886404	6086404	harbor1	chr17	5897717	5897907	SINE/MIR	533	-	95	5897812	11408
chr17	36968946	37168946	harbor1	chr17	36986339	36986459	SINE/MIR	534	-	60	36986399	17453
chr17	36968946	37168946	harbor1	chr17	37008217	37008410	SINE/MIR	666	-	96	37008313	39367
chr17	36968946	37168946	harbor1	chr17	37040398	37040603	SINE/MIR	632	-	102	37040500	71554
chr17	29631516	29831516	harbor1	chr17	29645116	29645342	SINE/MIR	524	-	113	29645229	13713
chr17	29631516	29831516	harbor1	chr17	29709056	29709294	SINE/MIR	712	-	119	29709175	77659
chr17	29631516	29831516	harbor1	chr17	29719559	29719743	SINE/MIR	515	-	92	29719651	88135
chr17	73000928	73200928	harbor1	chr17	73047491	73047656	SINE/MIR	721	-	82	73047573	46645
chr17	73000928	73200928	harbor1	chr17	73053458	73053694	SINE/MIR	949	-	118	73053576	52648
chr17	73000928	73200928	harbor1	chr17	73096066	73096274	SINE/MIR	556	-	104	73096170	95242
chr17	71324586	71524586	harbor1	chr17	71373989	71374205	SINE/MIR	491	-	108	71374097	49511
chr17	76921341	77121341	harbor1	chr17	76934168	76934408	SINE/MIR	671	-	120	76934288	12947
chr17	76921341	77121341	harbor1	chr17	76940096	76940215	SINE/MIR	548	-	60	76940156	18815
chr17	76921341	77121341	harbor1	chr17	76950777	76950947	SINE/MIR	586	-	85	76950862	29521
chr17	76921341	77121341	harbor1	chr17	76967612	76967754	SINE/MIR	491	-	71	76967683	46342
chr17	55457165	55657165	harbor1	chr17	55485680	55485921	SINE/MIR	567	-	120	55485800	28635
chr17	55457165	55657165	harbor1	chr17	55510033	55510193	SINE/MIR	490	-	80	55510113	52948
chr17	55457165	55657165	harbor1	chr17	55524873	55525116	SINE/MIR	875	-	122	55524995	67830
chr17	55457165	55657165	harbor1	chr17	55533124	55533277	SINE/MIR	498	-	76	55533200	76035
chr17	55457165	55657165	harbor1	chr17	55535320	55535478	SINE/MIR	515	-	79	55535399	78234
chr17	41135877	41335877	harbor1	chr17	41145311	41145500	SINE/MIR	525	-	94	41145405	9528
chr17	41135877	41335877	harbor1	chr17	41148603	41148818	SINE/MIR	542	-	108	41148711	12834
chr17	76177263	76377263	harbor1	chr17	76178644	76178811	SINE/MIR	607	-	84	76178728	1465
chr17	76177263	76377263	harbor1	chr17	76181017	76181148	SINE/MIR	517	-	66	76181083	3820
chr17	76177263	76377263	harbor1	chr17	76227421	76227595	SINE/MIR	580	-	87	76227508	50245
chr17	76177263	76377263	harbor1	chr17	76227898	76227967	SINE/MIR	580	-	34	76227932	50669
chr17	76177263	76377263	harbor1	chr17	76242614	76242732	SINE/MIR	620	-	59	76242673	65410
chr17	73480771	73680771	harbor1	chr17	73482889	73483097	SINE/MIR	499	-	104	73482993	2222
chr17	73480771	73680771	harbor1	chr17	73490827	73491043	SINE/MIR	742	-	108	73490935	10164
chr17	73480771	73680771	harbor1	chr17	73496177	73496353	SINE/MIR	517	-	88	73496265	15494
chr17	73480771	73680771	harbor1	chr17	73501760	73501992	SINE/MIR	506	-	116	73501876	21105
chr17	73480771	73680771	harbor1	chr17	73508552	73508777	SINE/MIR	575	-	112	73508664	27893
chr17	73480771	73680771	harbor1	chr17	73521930	73522083	SINE/MIR	538	-	76	73522006	41235
chr17	73480771	73680771	harbor1	chr17	73524675	73524824	SINE/MIR	550	-	74	73524749	43978
chr17	73480771	73680771	harbor1	chr17	73562804	73562988	SINE/MIR	485	-	92	73562896	82125
chr17	47383409	47583409	harbor1	chr17	47403218	47403414	SINE/MIR	519	-	98	47403316	19907
chr17	18096488	18296488	harbor1	chr17	18117898	18118051	SINE/MIR	505	-	76	18117974	21486
chr17	18096488	18296488	harbor1	chr17	18124947	18125088	SINE/MIR	511	-	70	18125017	28529
chr17	18096488	18296488	harbor1	chr17	18137171	18137411	SINE/MIR	1014	-	120	18137291	40803
chr17	18096488	18296488	harbor1	chr17	18152375	18152554	SINE/MIR	684	-	90	18152465	55977
chr17	18096488	18296488	harbor1	chr17	18164500	18164557	SINE/MIR	610	-	28	18164528	68040
chr17	18096488	18296488	harbor1	chr17	18165111	18165216	SINE/MIR	610	-	52	18165163	68675
chr17	18096488	18296488	harbor1	chr17	18165721	18165751	SINE/MIR	610	-	15	18165736	69248
chr17	18096488	18296488	harbor1	chr17	18173568	18173694	SINE/MIR	522	-	63	18173631	77143
chr17	18096488	18296488	harbor1	chr17	18178037	18178089	SINE/MIR	487	-	26	18178063	81575
chr17	18096488	18296488	harbor1	chr17	18178387	18178598	SINE/MIR	487	-	106	18178493	82005
chr17	60226045	60426045	harbor1	chr17	60232912	60233096	SINE/MIR	735	-	92	60233004	6959
chr17	60226045	60426045	harbor1	chr17	60233133	60233203	SINE/MIR	499	-	35	60233168	7123
chr17	60226045	60426045	harbor1	chr17	60233488	60233584	SINE/MIR	499	-	48	60233536	7491
chr17	60226045	60426045	harbor1	chr17	60281551	60281732	SINE/MIR	516	-	90	60281641	55596
chr17	60226045	60426045	harbor1	chr17	60290967	60291176	SINE/MIR	695	-	104	60291071	65026
chr17	60226045	60426045	harbor1	chr17	60304851	60305081	SINE/MIR	636	-	115	60304966	78921
chr17	9532773	9732773	harbor1	chr17	9568900	9569138	SINE/MIR	769	-	119	9569019	36246
chr17	9532773	9732773	harbor1	chr17	9606446	9606646	SINE/MIR	616	-	100	9606546	73773
chr17	57103266	57303266	harbor1	chr17	57144788	57145028	SINE/MIR	779	-	120	57144908	41642
chr17	57103266	57303266	harbor1	chr17	57145574	57145802	SINE/MIR	524	-	114	57145688	42422
chr17	57103266	57303266	harbor1	chr17	57188279	57188466	SINE/MIR	596	-	94	57188373	85107
chr17	12513426	12713426	harbor1	chr17	12557549	12557762	SINE/MIR	667	-	106	12557655	44229
chr17	12513426	12713426	harbor1	chr17	12572245	12572481	SINE/MIR	514	-	118	12572363	58937
chr17	64603850	64803850	harbor1	chr17	64688332	64688496	SINE/MIR	563	-	82	64688414	84564
chr17	56826075	57026075	harbor1	chr17	56858763	56858991	SINE/MIR	587	-	114	56858877	32802
chr17	56826075	57026075	harbor1	chr17	56909914	56910106	SINE/MIR	935	-	96	56910010	83935
chr17	27156573	27356573	harbor1	chr17	27216995	27217136	SINE/MIR	530	-	70	27217065	60492
chr17	27156573	27356573	harbor1	chr17	27235859	27236080	SINE/MIR	625	-	110	27235969	79396
chr17	9740100	9940100	harbor1	chr17	9790596	9790807	SINE/MIR	747	-	106	9790702	50602
chr17	9740100	9940100	harbor1	chr17	9799034	9799109	SINE/MIR	743	-	38	9799072	58972
chr17	9740100	9940100	harbor1	chr17	9799414	9799551	SINE/MIR	743	-	68	9799482	59382
chr17	9740100	9940100	harbor1	chr17	9803654	9803880	SINE/MIR	680	-	113	9803767	63667
chr17	9740100	9940100	harbor1	chr17	9821415	9821645	SINE/MIR	1057	-	115	9821530	81430
chr17	46653259	46853259	harbor1	chr17	46667153	46667334	SINE/MIR	494	-	90	46667243	13984
chr17	46653259	46853259	harbor1	chr17	46712250	46712406	SINE/MIR	498	-	78	46712328	59069
chr17	37244261	37444261	harbor1	chr17	37290405	37290639	SINE/MIR	625	-	117	37290522	46261
chr17	4772023	4972023	harbor1	chr17	4786545	4786734	SINE/MIR	589	-	94	4786639	14616
chr17	4772023	4972023	harbor1	chr17	4843647	4843863	SINE/MIR	716	-	108	4843755	71732
chr18	42738455	42938455	harbor1	chr18	42780905	42780992	SINE/MIR	408	-	44	42780949	42494
chr18	42738455	42938455	harbor1	chr18	42826217	42826330	SINE/MIR	471	-	56	42826273	87818
chr18	35210360	35410360	harbor1	chr18	35235741	35235970	SINE/MIR	939	-	114	35235855	25495
chr18	35210360	35410360	harbor1	chr18	35265290	35265511	SINE/MIR	751	-	110	35265400	55040
chr18	41901500	42101500	harbor1	chr18	41969680	41969909	SINE/MIR	964	-	114	41969794	68294
chr18	41901500	42101500	harbor1	chr18	41997623	41997787	SINE/MIR	516	-	82	41997705	96205
chr18	56818500	57018500	harbor1	chr18	56825398	56825614	SINE/MIR	685	-	108	56825506	7006
chr18	56818500	57018500	harbor1	chr18	56881293	56881537	SINE/MIR	651	-	122	56881415	62915
chr18	56818500	57018500	harbor1	chr18	56889385	56889518	SINE/MIR	434	-	66	56889451	70951
chr18	13467190	13667190	harbor1	chr18	13483630	13483853	SINE/MIR	409	-	112	13483742	16552
chr18	13467190	13667190	harbor1	chr18	13503939	13504182	SINE/MIR	643	-	122	13504061	36871
chr18	50337984	50537984	harbor1	chr18	50353904	50354033	SINE/MIR	502	-	64	50353968	15984
chr18	50337984	50537984	harbor1	chr18	50377885	50378067	SINE/MIR	403	-	91	50377976	39992
chr18	50337984	50537984	harbor1	chr18	50430149	50430348	SINE/MIR	611	-	100	50430249	92265
chr18	42234288	42434288	harbor1	chr18	42239507	42239759	SINE/MIR	600	-	126	42239633	5345
chr18	42234288	42434288	harbor1	chr18	42246599	42246770	SINE/MIR	578	-	86	42246685	12397
chr18	42234288	42434288	harbor1	chr18	42290896	42291058	SINE/MIR	433	-	81	42290977	56689
chr18	42234288	42434288	harbor1	chr18	42303695	42303882	SINE/MIR	417	-	94	42303789	69501
chr18	42234288	42434288	harbor1	chr18	42329629	42329774	SINE/MIR	470	-	72	42329701	95413
chr18	42234288	42434288	harbor1	chr18	42287077	42287293	SINE/MIR	513	-	108	42287185	52897
chr18	37157020	37357020	harbor1	chr18	37174046	37174270	SINE/MIR	878	-	112	37174158	17138
chr18	37157020	37357020	harbor1	chr18	37180165	37180407	SINE/MIR	616	-	121	37180286	23266
chr18	37157020	37357020	harbor1	chr18	37221281	37221461	SINE/MIR	488	-	90	37221371	64351
chr18	37157020	37357020	harbor1	chr18	37239141	37239307	SINE/MIR	573	-	83	37239224	82204
chr18	27078795	27278795	harbor1	chr18	27086441	27086671	SINE/MIR	471	-	115	27086556	7761
chr18	27078795	27278795	harbor1	chr18	27103098	27103293	SINE/MIR	421	-	98	27103196	24401
chr18	27078795	27278795	harbor1	chr18	27138634	27138870	SINE/MIR	1002	-	118	27138752	59957
chr18	7806814	8006814	harbor1	chr18	7825891	7825995	SINE/MIR	410	-	52	7825943	19129
chr18	7806814	8006814	harbor1	chr18	7843080	7843217	SINE/MIR	464	-	68	7843148	36334
chr18	7806814	8006814	harbor1	chr18	7849913	7850106	SINE/MIR	412	-	96	7850009	43195
chr18	21516089	21716089	harbor1	chr18	21519645	21519822	SINE/MIR	640	-	88	21519733	3644
chr18	53109811	53309811	harbor1	chr18	53112294	53112512	SINE/MIR	432	-	109	53112403	2592
chr18	53109811	53309811	harbor1	chr18	53139550	53139777	SINE/MIR	738	-	114	53139664	29853
chr18	53109811	53309811	harbor1	chr18	53149268	53149472	SINE/MIR	433	-	102	53149370	39559
chr18	53109811	53309811	harbor1	chr18	53165076	53165294	SINE/MIR	652	-	109	53165185	55374
chr18	53109811	53309811	harbor1	chr18	53193383	53193613	SINE/MIR	538	-	115	53193498	83687
chr18	40089458	40289458	harbor1	chr18	40144621	40144746	SINE/MIR	511	-	62	40144683	55225
chr18	63463590	63663590	harbor1	chr18	63466412	63466658	SINE/MIR	720	-	123	63466535	2945
chr18	63463590	63663590	harbor1	chr18	63477818	63477980	SINE/MIR	450	-	81	63477899	14309
chr18	63463590	63663590	harbor1	chr18	63497833	63497974	SINE/MIR	421	-	70	63497903	34313
chr18	63463590	63663590	harbor1	chr18	63499460	63499696	SINE/MIR	691	-	118	63499578	35988
chr18	63463590	63663590	harbor1	chr18	63506414	63506602	SINE/MIR	563	-	94	63506508	42918
chr18	63463590	63663590	harbor1	chr18	63507681	63507905	SINE/MIR	425	-	112	63507793	44203
chr18	80045975	80245975	harbor1	chr18	80111297	80111470	SINE/MIR	641	-	86	80111383	65408
chr18	35931463	36131463	harbor1	chr18	35937535	35937688	SINE/MIR	445	-	76	35937611	6148
chr18	35931463	36131463	harbor1	chr18	35945975	35946172	SINE/MIR	462	-	98	35946073	14610
chr18	35931463	36131463	harbor1	chr18	36000638	36000864	SINE/MIR	567	-	113	36000751	69288
chr18	35931463	36131463	harbor1	chr18	36011127	36011337	SINE/MIR	783	-	105	36011232	79769
chr18	714665	914665	harbor1	chr18	744081	744269	SINE/MIR	433	-	94	744175	29510
chr18	714665	914665	harbor1	chr18	778013	778257	SINE/MIR	611	-	122	778135	63470
chr18	714665	914665	harbor1	chr18	784259	784457	SINE/MIR	652	-	99	784358	69693
chr18	714665	914665	harbor1	chr18	784960	784988	SINE/MIR	652	-	14	784974	70309
chr18	714665	914665	harbor1	chr18	791348	791522	SINE/MIR	659	-	87	791435	76770
chr18	37467285	37667285	harbor1	chr18	37472487	37472697	SINE/MIR	533	-	105	37472592	5307
chr18	37467285	37667285	harbor1	chr18	37497776	37498008	SINE/MIR	651	-	116	37497892	30607
chr18	37467285	37667285	harbor1	chr18	37528008	37528144	SINE/MIR	405	-	68	37528076	60791
chr18	37467285	37667285	harbor1	chr18	37530155	37530334	SINE/MIR	500	-	90	37530245	62960
chr18	37467285	37667285	harbor1	chr18	37539149	37539392	SINE/MIR	950	-	122	37539271	71986
chr18	52895766	53095766	harbor1	chr18	52948431	52948617	SINE/MIR	487	-	93	52948524	52758
chr18	52895766	53095766	harbor1	chr18	52948732	52948980	SINE/MIR	667	-	124	52948856	53090
chr18	52895766	53095766	harbor1	chr18	52978468	52978682	SINE/MIR	669	-	107	52978575	82809
chr18	52895766	53095766	harbor1	chr18	52990892	52991054	SINE/MIR	531	-	81	52990973	95207
chr18	2500231	2700231	harbor1	chr18	2536173	2536396	SINE/MIR	665	-	112	2536285	36054
chr18	2500231	2700231	harbor1	chr18	2554032	2554204	SINE/MIR	489	-	86	2554118	53887
chr18	2500231	2700231	harbor1	chr18	2577099	2577210	SINE/MIR	426	-	56	2577155	76924
chr18	54816422	55016422	harbor1	chr18	54888282	54888522	SINE/MIR	525	-	120	54888402	71980
chr18	60020517	60220517	harbor1	chr18	60093349	60093591	SINE/MIR	529	-	121	60093470	72953
chr18	60020517	60220517	harbor1	chr18	60100775	60100962	SINE/MIR	408	-	94	60100869	80352
chr18	60020517	60220517	harbor1	chr18	60104123	60104272	SINE/MIR	433	-	74	60104197	83680
chr18	7142668	7342668	harbor1	chr18	7204299	7204553	SINE/MIR	565	-	127	7204426	61758
chr18	7142668	7342668	harbor1	chr18	7215466	7215649	SINE/MIR	500	-	92	7215558	72890
chr18	7142668	7342668	harbor1	chr18	7225593	7225757	SINE/MIR	578	-	82	7225675	83007
chr18	21118813	21318813	harbor1	chr18	21172746	21172893	SINE/MIR	421	-	74	21172820	54007
chr18	21118813	21318813	harbor1	chr18	21173419	21173647	SINE/MIR	579	-	114	21173533	54720
chr18	21118813	21318813	harbor1	chr18	21197767	21198030	SINE/MIR	724	-	132	21197899	79086
chr18	21118813	21318813	harbor1	chr18	21202417	21202631	SINE/MIR	642	-	107	21202524	83711
chr18	54700461	54900461	harbor1	chr18	54774278	54774523	SINE/MIR	796	-	122	54774400	73939
chr18	46854643	47054643	harbor1	chr18	46940012	46940188	SINE/MIR	513	-	88	46940100	85457
chr18	49904717	50104717	harbor1	chr18	49908378	49908581	SINE/MIR	485	-	102	49908480	3763
chr18	49904717	50104717	harbor1	chr18	49924265	49924499	SINE/MIR	734	-	117	49924382	19665
chr18	49904717	50104717	harbor1	chr18	49944119	49944315	SINE/MIR	638	-	98	49944217	39500
chr18	49904717	50104717	harbor1	chr18	49956220	49956385	SINE/MIR	747	-	82	49956302	51585
chr18	49904717	50104717	harbor1	chr18	49965563	49965754	SINE/MIR	524	-	96	49965659	60942
chr18	49904717	50104717	harbor1	chr18	49977820	49978026	SINE/MIR	520	-	103	49977923	73206
chr18	49904717	50104717	harbor1	chr18	49994875	49995110	SINE/MIR	797	-	118	49994993	90276
chr19	47482549	47682549	harbor1	chr19	47484507	47484702	SINE/MIR	678	-	98	47484605	2056
chr19	40775839	40975839	harbor1	chr19	40819535	40819734	SINE/MIR	779	-	100	40819635	43796
chr19	41216457	41416457	harbor1	chr19	41244382	41244467	SINE/MIR	990	-	42	41244424	27967
chr19	41216457	41416457	harbor1	chr19	41244791	41244933	SINE/MIR	990	-	71	41244862	28405
chr19	41216457	41416457	harbor1	chr19	41258263	41258423	SINE/MIR	641	-	80	41258343	41886
chr19	41216457	41416457	harbor1	chr19	41258716	41258753	SINE/MIR	641	-	18	41258734	42277
chr19	41216457	41416457	harbor1	chr19	41259230	41259257	SINE/MIR	641	-	14	41259244	42787
chr19	37863097	38063097	harbor1	chr19	37919317	37919551	SINE/MIR	899	-	117	37919434	56337
chr19	37863097	38063097	harbor1	chr19	37936522	37936781	SINE/MIR	636	-	130	37936652	73555
chr19	7060625	7260625	harbor1	chr19	7088136	7088361	SINE/MIR	726	-	112	7088248	27623
chr19	14273712	14473712	harbor1	chr19	14298265	14298472	SINE/MIR	741	-	104	14298369	24657
chr19	41079508	41279508	harbor1	chr19	41092446	41092678	SINE/MIR	699	-	116	41092562	13054
chr19	35210497	35410497	harbor1	chr19	35303299	35303527	SINE/MIR	1006	-	114	35303413	92916
chr19	42845860	43045860	harbor1	chr19	42902943	42903145	SINE/MIR	743	-	101	42903044	57184
chr19	52143326	52343326	harbor1	chr19	52198070	52198254	SINE/MIR	658	-	92	52198162	54836
chr19	53925332	54125332	harbor1	chr19	53945048	53945244	SINE/MIR	713	-	98	53945146	19814
chr19	38936056	39136056	harbor1	chr19	39033010	39033159	SINE/MIR	629	-	74	39033084	97028
chr19	36376642	36576642	harbor1	chr19	36376718	36376960	SINE/MIR	811	-	121	36376839	197
chr19	55466121	55666121	harbor1	chr19	55498267	55498494	SINE/MIR	788	-	114	55498381	32260
chr19	55466121	55666121	harbor1	chr19	55514746	55514996	SINE/MIR	695	-	125	55514871	48750
chr19	5910858	6110858	harbor1	chr19	5973764	5973987	SINE/MIR	660	-	112	5973876	63018
chr19	7218773	7418773	harbor1	chr19	7225072	7225241	SINE/MIR	639	-	84	7225156	6383
chr19	14975828	15175828	harbor1	chr19	15006127	15006332	SINE/MIR	725	-	102	15006229	30401
chr19	50805796	51005796	harbor1	chr19	50825279	50825469	SINE/MIR	652	-	95	50825374	19578
chr19	50805796	51005796	harbor1	chr19	50898133	50898275	SINE/MIR	646	-	71	50898204	92408
chr19	35796805	35996805	harbor1	chr19	35804438	35804634	SINE/MIR	774	-	98	35804536	7731
chr19	35796805	35996805	harbor1	chr19	35808562	35808794	SINE/MIR	646	-	116	35808678	11873
chr19	35796805	35996805	harbor1	chr19	35881122	35881205	SINE/MIR	769	-	42	35881164	84359
chr19	35796805	35996805	harbor1	chr19	35881657	35881830	SINE/MIR	769	-	86	35881743	84938
chr19	55633364	55833364	harbor1	chr19	55656590	55656767	SINE/MIR	658	-	88	55656678	23314
chr19	28530660	28730660	harbor1	chr19	28549332	28549554	SINE/MIR	652	-	111	28549443	18783
chr19	50968686	51168686	harbor1	chr19	50974246	50974489	SINE/MIR	754	-	122	50974368	5682
chr19	50968686	51168686	harbor1	chr19	51014307	51014522	SINE/MIR	689	-	108	51014415	45729
chr19	39817801	40017801	harbor1	chr19	39831431	39831649	SINE/MIR	858	-	109	39831540	13739
chr19	38125761	38325761	harbor1	chr19	38164209	38164399	SINE/MIR	696	-	95	38164304	38543
chr19	22455404	22655404	harbor1	chr19	22500798	22501036	SINE/MIR	666	-	119	22500917	45513
chr19	22455404	22655404	harbor1	chr19	22504424	22504622	SINE/MIR	662	-	99	22504523	49119
chr19	22455404	22655404	harbor1	chr19	22553510	22553694	SINE/MIR	730	-	92	22553602	98198
chr19	6990165	7190165	harbor1	chr19	7088136	7088361	SINE/MIR	726	-	112	7088248	98083
chr19	17314753	17514753	harbor1	chr19	17334054	17334254	SINE/MIR	659	-	100	17334154	19401
chr19	13614302	13814302	harbor1	chr19	13639889	13640101	SINE/MIR	640	-	106	13639995	25693
chr19	22500253	22700253	harbor1	chr19	22500798	22501036	SINE/MIR	666	-	119	22500917	664
chr19	22500253	22700253	harbor1	chr19	22504424	22504622	SINE/MIR	662	-	99	22504523	4270
chr19	22500253	22700253	harbor1	chr19	22553510	22553694	SINE/MIR	730	-	92	22553602	53349
chr19	32079229	32279229	harbor1	chr19	32141671	32141919	SINE/MIR	674	-	124	32141795	62566
chr19	50999784	51199784	harbor1	chr19	51014307	51014522	SINE/MIR	689	-	108	51014415	14631
chr19	6679456	6879456	harbor1	chr19	6762081	6762180	SINE/MIR	667	-	50	6762131	82675
chr19	6679456	6879456	harbor1	chr19	6762485	6762502	SINE/MIR	667	-	8	6762493	83037
chr19	6679456	6879456	harbor1	chr19	6762819	6762968	SINE/MIR	667	-	74	6762893	83437
chr19	6679456	6879456	harbor1	chr19	6768649	6768708	SINE/MIR	698	-	30	6768679	89223
chr19	6679456	6879456	harbor1	chr19	6768976	6769172	SINE/MIR	698	-	98	6769074	89618
chr19	29242996	29442996	harbor1	chr19	29310038	29310175	SINE/MIR	679	-	68	29310106	67110
chr19	43581101	43781101	harbor1	chr19	43582571	43582827	SINE/MIR	788	-	128	43582699	1598
chr19	33752191	33952191	harbor1	chr19	33779926	33780110	SINE/MIR	702	-	92	33780018	27827
chr19	28409130	28609130	harbor1	chr19	28424415	28424650	SINE/MIR	771	-	118	28424533	15403
chr19	30991070	31191070	harbor1	chr19	31089956	31090159	SINE/MIR	698	-	102	31090058	98988
chr19	42950171	43150171	harbor1	chr19	43010938	43011141	SINE/MIR	754	-	102	43011040	60869
chr19	50589266	50789266	harbor1	chr19	50632887	50632993	SINE/MIR	737	-	53	50632940	43674
chr19	50589266	50789266	harbor1	chr19	50633281	50633441	SINE/MIR	737	-	80	50633361	44095
chr19	50589266	50789266	harbor1	chr19	50633690	50633940	SINE/MIR	764	-	125	50633815	44549
chr19	50589266	50789266	harbor1	chr19	50636772	50636994	SINE/MIR	677	-	111	50636883	47617
chr19	50589266	50789266	harbor1	chr19	50662955	50663172	SINE/MIR	917	-	108	50663063	73797
chr19	30168394	30368394	harbor1	chr19	30215335	30215523	SINE/MIR	630	-	94	30215429	47035
chr19	49521314	49721314	harbor1	chr19	49532976	49533183	SINE/MIR	950	-	104	49533080	11766
chr19	6810243	7010243	harbor1	chr19	6888001	6888218	SINE/MIR	885	-	108	6888109	77866
chr19	44988977	45188977	harbor1	chr19	45008226	45008369	SINE/MIR	656	-	72	45008298	19321
chr19	47474313	47674313	harbor1	chr19	47484507	47484702	SINE/MIR	678	-	98	47484605	10292
chr19	42209100	42409100	harbor1	chr19	42256592	42256865	SINE/MIR	706	-	136	42256728	47628
chr19	42209100	42409100	harbor1	chr19	42274982	42275189	SINE/MIR	648	-	104	42275086	65986
chr19	7849944	8049944	harbor1	chr19	7918537	7918710	SINE/MIR	652	-	86	7918623	68679
chr19	5880368	6080368	harbor1	chr19	5973764	5973987	SINE/MIR	660	-	112	5973876	93508
chr19	40713154	40913154	harbor1	chr19	40719397	40719494	SINE/MIR	752	-	48	40719445	6291
chr19	40713154	40913154	harbor1	chr19	40719790	40719905	SINE/MIR	752	-	58	40719848	6694
chr19	40713154	40913154	harbor1	chr19	40735842	40736009	SINE/MIR	659	-	84	40735926	22772
chr19	40713154	40913154	harbor1	chr19	40736306	40736356	SINE/MIR	659	-	25	40736331	23177
chr19	40713154	40913154	harbor1	chr19	40739143	40739291	SINE/MIR	636	-	74	40739217	26063
chr19	35066767	35266767	harbor1	chr19	35135728	35135959	SINE/MIR	765	-	116	35135844	69077
chr19	35066767	35266767	harbor1	chr19	35156954	35157197	SINE/MIR	676	-	122	35157076	90309
chr19	35066767	35266767	harbor1	chr19	35159651	35159867	SINE/MIR	907	-	108	35159759	92992
chr19	35066767	35266767	harbor1	chr19	35162897	35163164	SINE/MIR	928	-	134	35163031	96264
chr19	42426741	42626741	harbor1	chr19	42463885	42464117	SINE/MIR	887	-	116	42464001	37260
chr19	42426741	42626741	harbor1	chr19	42471222	42471432	SINE/MIR	865	-	105	42471327	44586
chr19	42426741	42626741	harbor1	chr19	42498982	42499206	SINE/MIR	651	-	112	42499094	72353
chr19	42426741	42626741	harbor1	chr19	42510505	42510732	SINE/MIR	725	-	114	42510619	83878
chr19	42426741	42626741	harbor1	chr19	42514658	42514882	SINE/MIR	903	-	112	42514770	88029
chr19	34483331	34683331	harbor1	chr19	34538455	34538692	SINE/MIR	838	-	118	34538573	55242
chr19	4482298	4682298	harbor1	chr19	4565839	4565920	SINE/MIR	650	-	40	4565879	83581
chr19	4482298	4682298	harbor1	chr19	4566229	4566307	SINE/MIR	650	-	39	4566268	83970
chr19	41158657	41358657	harbor1	chr19	41205086	41205321	SINE/MIR	694	-	118	41205204	46547
chr19	41158657	41358657	harbor1	chr19	41244382	41244467	SINE/MIR	990	-	42	41244424	85767
chr19	41158657	41358657	harbor1	chr19	41244791	41244933	SINE/MIR	990	-	71	41244862	86205
chr19	41158657	41358657	harbor1	chr19	41258263	41258423	SINE/MIR	641	-	80	41258343	99686
chr19	42758176	42958176	harbor1	chr19	42840261	42840468	SINE/MIR	754	-	104	42840365	82189
chr19	7722928	7922928	harbor1	chr19	7747982	7748202	SINE/MIR	757	-	110	7748092	25164
chr19	57180036	57380036	harbor1	chr19	57260887	57261100	SINE/MIR	777	-	106	57260993	80957
chr19	42603773	42803773	harbor1	chr19	42621361	42621561	SINE/MIR	664	-	100	42621461	17688
chr19	11291347	11491347	harbor1	chr19	11346903	11347120	SINE/MIR	824	-	108	11347011	55664
chr19	36730255	36930255	harbor1	chr19	36753673	36753880	SINE/MIR	759	-	104	36753777	23522
chr19	51641907	51841907	harbor1	chr19	51683697	51683913	SINE/MIR	1042	-	108	51683805	41898
chr19	51641907	51841907	harbor1	chr19	51720939	51721187	SINE/MIR	863	-	124	51721063	79156
chr19	51641907	51841907	harbor1	chr19	51721906	51722068	SINE/MIR	719	-	81	51721987	80080
chr19	49352417	49552417	harbor1	chr19	49418901	49419079	SINE/MIR	630	-	89	49418990	66573
chr19	46561691	46761691	harbor1	chr19	46580309	46580558	SINE/MIR	937	-	124	46580433	18742
chr19	6756897	6956897	harbor1	chr19	6762081	6762180	SINE/MIR	667	-	50	6762131	5234
chr19	6756897	6956897	harbor1	chr19	6762485	6762502	SINE/MIR	667	-	8	6762493	5596
chr19	6756897	6956897	harbor1	chr19	6762819	6762968	SINE/MIR	667	-	74	6762893	5996
chr19	6756897	6956897	harbor1	chr19	6768649	6768708	SINE/MIR	698	-	30	6768679	11782
chr19	6756897	6956897	harbor1	chr19	6768976	6769172	SINE/MIR	698	-	98	6769074	12177
chr19	43008731	43208731	harbor1	chr19	43010938	43011141	SINE/MIR	754	-	102	43011040	2309
chr19	43008731	43208731	harbor1	chr19	43067487	43067689	SINE/MIR	658	-	101	43067588	58857
chr19	29551748	29751748	harbor1	chr19	29635560	29635737	SINE/MIR	699	-	88	29635648	83900
chr19	48215829	48415829	harbor1	chr19	48290859	48291079	SINE/MIR	777	-	110	48290969	75140
chr19	39765492	39965492	harbor1	chr19	39831431	39831649	SINE/MIR	858	-	109	39831540	66048
chr19	15379445	15579445	harbor1	chr19	15423798	15424045	SINE/MIR	918	-	124	15423922	44477
chr19	31963613	32163613	harbor1	chr19	32059624	32059828	SINE/MIR	650	-	102	32059726	96113
chr19	13757844	13957844	harbor1	chr19	13824831	13825000	SINE/MIR	754	-	84	13824915	67071
chr19	13975376	14175376	harbor1	chr19	14039295	14039425	SINE/MIR	700	-	65	14039360	63984
chr19	29273097	29473097	harbor1	chr19	29310038	29310175	SINE/MIR	679	-	68	29310106	37009
chr19	6080964	6280964	harbor1	chr19	6111896	6112021	SINE/MIR	740	-	62	6111958	30994
chr19	6080964	6280964	harbor1	chr19	6112336	6112462	SINE/MIR	740	-	63	6112399	31435
chr19	6080964	6280964	harbor1	chr19	6165505	6165701	SINE/MIR	875	-	98	6165603	84639
chr19	13200607	13400607	harbor1	chr19	13285302	13285525	SINE/MIR	864	-	112	13285414	84807
chr19	13200607	13400607	harbor1	chr19	13291284	13291487	SINE/MIR	662	-	102	13291386	90779
chr19	13200607	13400607	harbor1	chr19	13293358	13293439	SINE/MIR	791	-	40	13293398	92791
chr19	13200607	13400607	harbor1	chr19	13293755	13293933	SINE/MIR	791	-	89	13293844	93237
chr19	33998189	34198189	harbor1	chr19	34034767	34034847	SINE/MIR	771	-	40	34034807	36618
chr19	33998189	34198189	harbor1	chr19	34035391	34035483	SINE/MIR	771	-	46	34035437	37248
chr19	33998189	34198189	harbor1	chr19	34036152	34036234	SINE/MIR	771	-	41	34036193	38004
chr19	15971985	16171985	harbor1	chr19	15978728	15978938	SINE/MIR	702	-	105	15978833	6848
chr19	35045426	35245426	harbor1	chr19	35050787	35050904	SINE/MIR	635	-	58	35050845	5419
chr19	35045426	35245426	harbor1	chr19	35051539	35051644	SINE/MIR	635	-	52	35051591	6165
chr19	35045426	35245426	harbor1	chr19	35135728	35135959	SINE/MIR	765	-	116	35135844	90418
chr19	43201469	43401469	harbor1	chr19	43254141	43254343	SINE/MIR	683	-	101	43254242	52773
chr19	15514843	15714843	harbor1	chr19	15526476	15526682	SINE/MIR	910	-	103	15526579	11736
chr19	15514843	15714843	harbor1	chr19	15574837	15575077	SINE/MIR	720	-	120	15574957	60114
chr19	15514843	15714843	harbor1	chr19	15591063	15591269	SINE/MIR	684	-	103	15591166	76323
chr19	42597396	42797396	harbor1	chr19	42621361	42621561	SINE/MIR	664	-	100	42621461	24065
chr19	2977483	3177483	harbor1	chr19	3010631	3010788	SINE/MIR	720	-	78	3010709	33226
chr19	32960105	33160105	harbor1	chr19	33000975	33001210	SINE/MIR	833	-	118	33001093	40988
chr19	4567421	4767421	harbor1	chr19	4600983	4601145	SINE/MIR	751	-	81	4601064	33643
chr19	4567421	4767421	harbor1	chr19	4601459	4601491	SINE/MIR	751	-	16	4601475	34054
chr19	10815719	11015719	harbor1	chr19	10868845	10869044	SINE/MIR	653	-	100	10868945	53226
chr19	10815719	11015719	harbor1	chr19	10908413	10908685	SINE/MIR	1228	-	136	10908549	92830
chr19	46916338	47116338	harbor1	chr19	46927631	46927874	SINE/MIR	637	-	122	46927753	11415
chr19	2951870	3151870	harbor1	chr19	3010631	3010788	SINE/MIR	720	-	78	3010709	58839
chr19	44773951	44973951	harbor1	chr19	44871582	44871787	SINE/MIR	693	-	102	44871684	97733
chr19	44773951	44973951	harbor1	chr19	44859292	44859480	SINE/MIR	634	-	94	44859386	85435
chr19	12648347	12848347	harbor1	chr19	12693036	12693198	SINE/MIR	658	-	81	12693117	44770
chr19	28418004	28618004	harbor1	chr19	28424415	28424650	SINE/MIR	771	-	118	28424533	6529
chr19	6023673	6223673	harbor1	chr19	6111896	6112021	SINE/MIR	740	-	62	6111958	88285
chr19	6023673	6223673	harbor1	chr19	6112336	6112462	SINE/MIR	740	-	63	6112399	88726
chr19	35022231	35222231	harbor1	chr19	35038390	35038625	SINE/MIR	948	-	118	35038508	16277
chr19	35022231	35222231	harbor1	chr19	35038657	35038893	SINE/MIR	850	-	118	35038775	16544
chr19	35022231	35222231	harbor1	chr19	35050787	35050904	SINE/MIR	635	-	58	35050845	28614
chr19	35022231	35222231	harbor1	chr19	35051539	35051644	SINE/MIR	635	-	52	35051591	29360
chr19	15572366	15772366	harbor1	chr19	15574837	15575077	SINE/MIR	720	-	120	15574957	2591
chr19	15572366	15772366	harbor1	chr19	15591063	15591269	SINE/MIR	684	-	103	15591166	18800
chr19	6210428	6410428	harbor1	chr19	6305486	6305699	SINE/MIR	734	-	106	6305592	95164
chr19	55305174	55505174	harbor1	chr19	55342528	55342681	SINE/MIR	628	-	76	55342604	37430
chr19	28651332	28851332	harbor1	chr19	28728106	28728340	SINE/MIR	713	-	117	28728223	76891
chr19	11403276	11603276	harbor1	chr19	11433454	11433643	SINE/MIR	634	-	94	11433548	30272
chr19	36324180	36524180	harbor1	chr19	36376718	36376960	SINE/MIR	811	-	121	36376839	52659
chr19	11408349	11608349	harbor1	chr19	11433454	11433643	SINE/MIR	634	-	94	11433548	25199
chr19	38677511	38877511	harbor1	chr19	38707753	38707984	SINE/MIR	898	-	116	38707869	30358
chr19	52122439	52322439	harbor1	chr19	52198070	52198254	SINE/MIR	658	-	92	52198162	75723
chr19	1	185454	harbor1	chr19	64728	64980	SINE/MIR	752	-	126	64854	64853
chr19	39120163	39320163	harbor1	chr19	39130983	39131178	SINE/MIR	813	-	98	39131081	10918
chr19	39120163	39320163	harbor1	chr19	39158970	39159235	SINE/MIR	875	-	132	39159102	38939
chr19	49526081	49726081	harbor1	chr19	49532976	49533183	SINE/MIR	950	-	104	49533080	6999
chr19	50757605	50957605	harbor1	chr19	50778453	50778635	SINE/MIR	702	-	91	50778544	20939
chr19	50757605	50957605	harbor1	chr19	50778936	50778984	SINE/MIR	702	-	24	50778960	21355
chr19	50757605	50957605	harbor1	chr19	50825279	50825469	SINE/MIR	652	-	95	50825374	67769
chr19	56017306	56217306	harbor1	chr19	56062768	56062922	SINE/MIR	671	-	77	56062845	45539
chr19	56017306	56217306	harbor1	chr19	56063216	56063283	SINE/MIR	671	-	34	56063250	45944
chr19	13485073	13685073	harbor1	chr19	13491932	13492171	SINE/MIR	750	-	120	13492052	6979
chr19	13485073	13685073	harbor1	chr19	13496824	13497075	SINE/MIR	966	-	126	13496950	11877
chr19	13485073	13685073	harbor1	chr19	13569144	13569223	SINE/MIR	730	-	40	13569184	84111
chr19	13485073	13685073	harbor1	chr19	13569533	13569683	SINE/MIR	730	-	75	13569608	84535
chr19	13485073	13685073	harbor1	chr19	13576724	13576890	SINE/MIR	686	-	83	13576807	91734
chr19	13485073	13685073	harbor1	chr19	13583817	13584038	SINE/MIR	868	-	110	13583927	98854
chr19	29633896	29833896	harbor1	chr19	29635560	29635737	SINE/MIR	699	-	88	29635648	1752
chr19	52111875	52311875	harbor1	chr19	52198070	52198254	SINE/MIR	658	-	92	52198162	86287
chr19	54122449	54322449	harbor1	chr19	54199458	54199652	SINE/MIR	689	-	97	54199555	77106
chr19	35290969	35490969	harbor1	chr19	35303299	35303527	SINE/MIR	1006	-	114	35303413	12444
chr20	32550541	32750541	harbor1	chr20	32559538	32559669	SINE/MIR	481	-	66	32559604	9063
chr20	32550541	32750541	harbor1	chr20	32560331	32560492	SINE/MIR	486	-	80	32560411	9870
chr20	32550541	32750541	harbor1	chr20	32560523	32560770	SINE/MIR	985	-	124	32560647	10106
chr20	32550541	32750541	harbor1	chr20	32564301	32564516	SINE/MIR	596	-	108	32564409	13868
chr20	32550541	32750541	harbor1	chr20	32566069	32566287	SINE/MIR	581	-	109	32566178	15637
chr20	32550541	32750541	harbor1	chr20	32570009	32570186	SINE/MIR	679	-	88	32570097	19556
chr20	32550541	32750541	harbor1	chr20	32570864	32571056	SINE/MIR	508	-	96	32570960	20419
chr20	32550541	32750541	harbor1	chr20	32572960	32573034	SINE/MIR	637	-	37	32572997	22456
chr20	32550541	32750541	harbor1	chr20	32573317	32573460	SINE/MIR	637	-	72	32573389	22848
chr20	32550541	32750541	harbor1	chr20	32573519	32573736	SINE/MIR	614	-	108	32573627	23086
chr20	32550541	32750541	harbor1	chr20	32574016	32574168	SINE/MIR	403	-	76	32574092	23551
chr20	32550541	32750541	harbor1	chr20	32574281	32574417	SINE/MIR	401	-	68	32574349	23808
chr20	32550541	32750541	harbor1	chr20	32577784	32577924	SINE/MIR	427	-	70	32577854	27313
chr20	32550541	32750541	harbor1	chr20	32578684	32578865	SINE/MIR	426	-	90	32578774	28233
chr20	32550541	32750541	harbor1	chr20	32595764	32595936	SINE/MIR	434	-	86	32595850	45309
chr20	32550541	32750541	harbor1	chr20	32604618	32604772	SINE/MIR	466	-	77	32604695	54154
chr20	32550541	32750541	harbor1	chr20	32610041	32610237	SINE/MIR	515	-	98	32610139	59598
chr20	32550541	32750541	harbor1	chr20	32638207	32638401	SINE/MIR	615	-	97	32638304	87763
chr20	37100629	37300629	harbor1	chr20	37122664	37122839	SINE/MIR	571	-	88	37122752	22123
chr20	37100629	37300629	harbor1	chr20	37167618	37167828	SINE/MIR	502	-	105	37167723	67094
chr20	37100629	37300629	harbor1	chr20	37183166	37183219	SINE/MIR	660	-	26	37183192	82563
chr20	37100629	37300629	harbor1	chr20	37183488	37183675	SINE/MIR	660	-	94	37183582	82953
chr20	63290085	63490085	harbor1	chr20	63362648	63362838	SINE/MIR	450	-	95	63362743	72658
chr20	14587768	14787768	harbor1	chr20	14600499	14600728	SINE/MIR	561	-	114	14600613	12845
chr20	14587768	14787768	harbor1	chr20	14603648	14603859	SINE/MIR	423	-	106	14603754	15986
chr20	14587768	14787768	harbor1	chr20	14630008	14630182	SINE/MIR	549	-	87	14630095	42327
chr20	14587768	14787768	harbor1	chr20	14664681	14664923	SINE/MIR	487	-	121	14664802	77034
chr20	14587768	14787768	harbor1	chr20	14672579	14672719	SINE/MIR	511	-	70	14672649	84881
chr20	14587768	14787768	harbor1	chr20	14674407	14674630	SINE/MIR	415	-	112	14674519	86751
chr20	9510451	9710451	harbor1	chr20	9525343	9525505	SINE/MIR	493	-	81	9525424	14973
chr20	9510451	9710451	harbor1	chr20	9542318	9542480	SINE/MIR	410	-	81	9542399	31948
chr20	9510451	9710451	harbor1	chr20	9547377	9547568	SINE/MIR	750	-	96	9547473	37022
chr20	9510451	9710451	harbor1	chr20	9571603	9571831	SINE/MIR	687	-	114	9571717	61266
chr20	9510451	9710451	harbor1	chr20	9576118	9576307	SINE/MIR	666	-	94	9576212	65761
chr20	9510451	9710451	harbor1	chr20	9591070	9591292	SINE/MIR	522	-	111	9591181	80730
chr20	9510451	9710451	harbor1	chr20	9603696	9603913	SINE/MIR	430	-	108	9603804	93353
chr20	745667	945667	harbor1	chr20	752115	752294	SINE/MIR	407	-	90	752205	6538
chr20	745667	945667	harbor1	chr20	757360	757487	SINE/MIR	465	-	64	757424	11757
chr20	745667	945667	harbor1	chr20	763170	763406	SINE/MIR	728	-	118	763288	17621
chr20	745667	945667	harbor1	chr20	773254	773473	SINE/MIR	677	-	110	773364	27697
chr20	745667	945667	harbor1	chr20	776389	776578	SINE/MIR	611	-	94	776483	30816
chr20	745667	945667	harbor1	chr20	836025	836245	SINE/MIR	646	-	110	836135	90468
chr20	745667	945667	harbor1	chr20	837485	837667	SINE/MIR	479	-	91	837576	91909
chr20	61037334	61237334	harbor1	chr20	61079695	61079815	SINE/MIR	411	-	60	61079755	42421
chr20	61037334	61237334	harbor1	chr20	61085728	61085972	SINE/MIR	436	-	122	61085850	48516
chr20	61037334	61237334	harbor1	chr20	61124543	61124695	SINE/MIR	426	-	76	61124619	87285
chr20	12831940	13031940	harbor1	chr20	12838739	12838844	SINE/MIR	411	-	52	12838791	6851
chr20	12831940	13031940	harbor1	chr20	12851826	12852027	SINE/MIR	484	-	100	12851926	19986
chr20	12831940	13031940	harbor1	chr20	12883197	12883359	SINE/MIR	489	-	81	12883278	51338
chr20	12831940	13031940	harbor1	chr20	12886567	12886803	SINE/MIR	519	-	118	12886685	54745
chr20	59911549	60111549	harbor1	chr20	59913170	59913342	SINE/MIR	428	-	86	59913256	1707
chr20	59911549	60111549	harbor1	chr20	59920541	59920721	SINE/MIR	432	-	90	59920631	9082
chr20	59911549	60111549	harbor1	chr20	59988125	59988276	SINE/MIR	456	-	76	59988201	76652
chr20	59911549	60111549	harbor1	chr20	60008234	60008453	SINE/MIR	589	-	110	60008344	96795
chr20	47896679	48096679	harbor1	chr20	47905510	47905678	SINE/MIR	433	-	84	47905594	8915
chr20	47896679	48096679	harbor1	chr20	47910561	47910772	SINE/MIR	1186	-	106	47910667	13988
chr20	47896679	48096679	harbor1	chr20	47928563	47928782	SINE/MIR	822	-	110	47928673	31994
chr20	47896679	48096679	harbor1	chr20	47932646	47932865	SINE/MIR	526	-	110	47932756	36077
chr20	47896679	48096679	harbor1	chr20	47940521	47940739	SINE/MIR	730	-	109	47940630	43951
chr20	47896679	48096679	harbor1	chr20	47947069	47947299	SINE/MIR	508	-	115	47947184	50505
chr20	47896679	48096679	harbor1	chr20	47953412	47953519	SINE/MIR	405	-	54	47953466	56787
chr20	47896679	48096679	harbor1	chr20	47968061	47968266	SINE/MIR	836	-	102	47968163	71484
chr20	47896679	48096679	harbor1	chr20	47979826	47979951	SINE/MIR	456	-	62	47979888	83209
chr20	47896679	48096679	harbor1	chr20	47984988	47985110	SINE/MIR	445	-	61	47985049	88370
chr20	25075738	25275738	harbor1	chr20	25079633	25079912	SINE/MIR	819	-	140	25079773	4035
chr20	25075738	25275738	harbor1	chr20	25086665	25086894	SINE/MIR	662	-	114	25086779	11041
chr20	25075738	25275738	harbor1	chr20	25138094	25138297	SINE/MIR	674	-	102	25138196	62458
chr20	63189484	63389484	harbor1	chr20	63212961	63213149	SINE/MIR	628	-	94	63213055	23571
chr20	63189484	63389484	harbor1	chr20	63213440	63213474	SINE/MIR	577	-	17	63213457	23973
chr20	295379	495379	harbor1	chr20	309737	309948	SINE/MIR	472	-	106	309843	14464
chr20	295379	495379	harbor1	chr20	323841	323960	SINE/MIR	426	-	60	323901	28522
chr20	295379	495379	harbor1	chr20	340673	340894	SINE/MIR	718	-	110	340783	45404
chr20	295379	495379	harbor1	chr20	349182	349368	SINE/MIR	587	-	93	349275	53896
chr20	295379	495379	harbor1	chr20	354927	354999	SINE/MIR	420	-	36	354963	59584
chr20	295379	495379	harbor1	chr20	355304	355360	SINE/MIR	420	-	28	355332	59953
chr20	295379	495379	harbor1	chr20	361268	361462	SINE/MIR	584	-	97	361365	65986
chr20	295379	495379	harbor1	chr20	376247	376374	SINE/MIR	612	-	64	376311	80932
chr20	295379	495379	harbor1	chr20	379815	380048	SINE/MIR	776	-	116	379931	84552
chr20	295379	495379	harbor1	chr20	382590	382826	SINE/MIR	547	-	118	382708	87329
chr20	295379	495379	harbor1	chr20	389103	389322	SINE/MIR	611	-	110	389213	93834
chr20	295379	495379	harbor1	chr20	392131	392308	SINE/MIR	750	-	88	392219	96840
chr20	54499841	54699841	harbor1	chr20	54532124	54532337	SINE/MIR	647	-	106	54532230	32389
chr20	35099396	35299396	harbor1	chr20	35133898	35134063	SINE/MIR	612	-	82	35133980	34584
chr20	35099396	35299396	harbor1	chr20	35136990	35137135	SINE/MIR	412	-	72	35137062	37666
chr20	35099396	35299396	harbor1	chr20	35137437	35137529	SINE/MIR	412	-	46	35137483	38087
chr20	35099396	35299396	harbor1	chr20	35138335	35138482	SINE/MIR	544	-	74	35138409	39013
chr20	35099396	35299396	harbor1	chr20	35147526	35147649	SINE/MIR	431	-	62	35147588	48192
chr20	35099396	35299396	harbor1	chr20	35151433	35151651	SINE/MIR	543	-	109	35151542	52146
chr20	35099396	35299396	harbor1	chr20	35172887	35173048	SINE/MIR	543	-	80	35172967	73571
chr20	35796677	35996677	harbor1	chr20	35810541	35810664	SINE/MIR	456	-	62	35810603	13926
chr20	35796677	35996677	harbor1	chr20	35819871	35820088	SINE/MIR	713	-	108	35819979	23302
chr20	35796677	35996677	harbor1	chr20	35851974	35852227	SINE/MIR	502	-	126	35852100	55423
chr20	35796677	35996677	harbor1	chr20	35894616	35894812	SINE/MIR	527	-	98	35894714	98037
chr20	40892260	41092260	harbor1	chr20	40892155	40892324	SINE/MIR	406	-	84	40892239	21
chr20	40892260	41092260	harbor1	chr20	40902619	40902837	SINE/MIR	689	-	109	40902728	10468
chr20	40892260	41092260	harbor1	chr20	40920035	40920286	SINE/MIR	418	-	126	40920161	27901
chr20	40892260	41092260	harbor1	chr20	40941786	40941997	SINE/MIR	599	-	106	40941892	49632
chr20	40892260	41092260	harbor1	chr20	40947039	40947244	SINE/MIR	407	-	102	40947141	54881
chr20	40892260	41092260	harbor1	chr20	40956568	40956748	SINE/MIR	448	-	90	40956658	64398
chr20	40892260	41092260	harbor1	chr20	40962245	40962372	SINE/MIR	490	-	64	40962309	70049
chr20	40892260	41092260	harbor1	chr20	40963309	40963508	SINE/MIR	699	-	100	40963409	71149
chr20	11128006	11328006	harbor1	chr20	11194163	11194340	SINE/MIR	574	-	88	11194251	66245
chr20	11128006	11328006	harbor1	chr20	11226079	11226283	SINE/MIR	713	-	102	11226181	98175
chr20	8219152	8419152	harbor1	chr20	8245778	8246007	SINE/MIR	464	-	114	8245892	26740
chr20	8219152	8419152	harbor1	chr20	8289202	8289277	SINE/MIR	967	-	38	8289240	70088
chr20	8219152	8419152	harbor1	chr20	8289442	8289629	SINE/MIR	967	-	94	8289536	70384
chr20	8219152	8419152	harbor1	chr20	8291678	8291808	SINE/MIR	507	-	65	8291743	72591
chr20	8219152	8419152	harbor1	chr20	8304702	8304851	SINE/MIR	639	-	74	8304776	85624
chr20	8219152	8419152	harbor1	chr20	8308225	8308335	SINE/MIR	660	-	55	8308280	89128
chr20	8219152	8419152	harbor1	chr20	8308642	8308778	SINE/MIR	660	-	68	8308710	89558
chr20	40726298	40926298	harbor1	chr20	40735021	40735170	SINE/MIR	525	-	74	40735095	8797
chr20	40726298	40926298	harbor1	chr20	40737646	40737780	SINE/MIR	487	-	67	40737713	11415
chr20	40726298	40926298	harbor1	chr20	40740958	40741103	SINE/MIR	512	-	72	40741030	14732
chr20	40726298	40926298	harbor1	chr20	40754314	40754516	SINE/MIR	440	-	101	40754415	28117
chr20	40726298	40926298	harbor1	chr20	40760316	40760498	SINE/MIR	484	-	91	40760407	34109
chr20	40726298	40926298	harbor1	chr20	40761964	40762125	SINE/MIR	433	-	80	40762044	35746
chr20	40726298	40926298	harbor1	chr20	40762477	40762660	SINE/MIR	532	-	92	40762569	36271
chr20	40726298	40926298	harbor1	chr20	40764559	40764761	SINE/MIR	526	-	101	40764660	38362
chr20	40726298	40926298	harbor1	chr20	40769837	40769963	SINE/MIR	446	-	63	40769900	43602
chr20	40726298	40926298	harbor1	chr20	40770116	40770292	SINE/MIR	533	-	88	40770204	43906
chr20	40726298	40926298	harbor1	chr20	40772731	40772950	SINE/MIR	1043	-	110	40772841	46543
chr20	40726298	40926298	harbor1	chr20	40775794	40776005	SINE/MIR	574	-	106	40775900	49602
chr20	40726298	40926298	harbor1	chr20	40787647	40787795	SINE/MIR	476	-	74	40787721	61423
chr20	40726298	40926298	harbor1	chr20	40797242	40797496	SINE/MIR	738	-	127	40797369	71071
chr20	40726298	40926298	harbor1	chr20	40798557	40798808	SINE/MIR	596	-	126	40798683	72385
chr20	52274212	52474212	harbor1	chr20	52287871	52288134	SINE/MIR	645	-	132	52288003	13791
chr20	52274212	52474212	harbor1	chr20	52299329	52299565	SINE/MIR	727	-	118	52299447	25235
chr20	52274212	52474212	harbor1	chr20	52347493	52347671	SINE/MIR	429	-	89	52347582	73370
chr20	52274212	52474212	harbor1	chr20	52357921	52358177	SINE/MIR	425	-	128	52358049	83837
chr20	52274212	52474212	harbor1	chr20	52358515	52358733	SINE/MIR	461	-	109	52358624	84412
chr20	52008519	52208519	harbor1	chr20	52065543	52065833	SINE/MIR	470	-	145	52065688	57169
chr20	52008519	52208519	harbor1	chr20	52085414	52085575	SINE/MIR	720	-	80	52085494	76975
chr20	55794425	55994425	harbor1	chr20	55821559	55821818	SINE/MIR	550	-	130	55821689	27264
chr20	55794425	55994425	harbor1	chr20	55881621	55881800	SINE/MIR	659	-	90	55881711	87286
chr20	33291219	33491219	harbor1	chr20	33298516	33298696	SINE/MIR	404	-	90	33298606	7387
chr20	33291219	33491219	harbor1	chr20	33314136	33314369	SINE/MIR	540	-	116	33314252	23033
chr20	33291219	33491219	harbor1	chr20	33316453	33316632	SINE/MIR	642	-	90	33316543	25324
chr20	33291219	33491219	harbor1	chr20	33325275	33325492	SINE/MIR	894	-	108	33325383	34164
chr20	33291219	33491219	harbor1	chr20	33330249	33330405	SINE/MIR	422	-	78	33330327	39108
chr20	33291219	33491219	harbor1	chr20	33338704	33338910	SINE/MIR	822	-	103	33338807	47588
chr20	33291219	33491219	harbor1	chr20	33353318	33353441	SINE/MIR	433	-	62	33353380	62161
chr20	33291219	33491219	harbor1	chr20	33367980	33368153	SINE/MIR	550	-	86	33368066	76847
chr20	33291219	33491219	harbor1	chr20	33371312	33371434	SINE/MIR	411	-	61	33371373	80154
chr20	33291219	33491219	harbor1	chr20	33385252	33385468	SINE/MIR	482	-	108	33385360	94141
chr20	33291219	33491219	harbor1	chr20	33325025	33325187	SINE/MIR	586	-	81	33325106	33887
chr20	45243742	45443742	harbor1	chr20	45261041	45261193	SINE/MIR	454	-	76	45261117	17375
chr20	45243742	45443742	harbor1	chr20	45264945	45265085	SINE/MIR	476	-	70	45265015	21273
chr20	45243742	45443742	harbor1	chr20	45281056	45281291	SINE/MIR	463	-	118	45281174	37432
chr20	45243742	45443742	harbor1	chr20	45285470	45285702	SINE/MIR	480	-	116	45285586	41844
chr20	45243742	45443742	harbor1	chr20	45298940	45299157	SINE/MIR	706	-	108	45299048	55306
chr20	45243742	45443742	harbor1	chr20	45306186	45306372	SINE/MIR	656	-	93	45306279	62537
chr20	45243742	45443742	harbor1	chr20	45307668	45307825	SINE/MIR	537	-	78	45307746	64004
chr20	45243742	45443742	harbor1	chr20	45329814	45329977	SINE/MIR	483	-	82	45329896	86154
chr20	45243742	45443742	harbor1	chr20	45338145	45338259	SINE/MIR	429	-	57	45338202	94460
chr20	45243742	45443742	harbor1	chr20	45340238	45340423	SINE/MIR	678	-	92	45340330	96588
chr20	16418786	16618786	harbor1	chr20	16472042	16472080	SINE/MIR	423	-	19	16472061	53275
chr20	16418786	16618786	harbor1	chr20	16472290	16472461	SINE/MIR	423	-	86	16472376	53590
chr20	16418786	16618786	harbor1	chr20	16475217	16475440	SINE/MIR	970	-	112	16475329	56543
chr20	16418786	16618786	harbor1	chr20	16480326	16480486	SINE/MIR	420	-	80	16480406	61620
chr20	16418786	16618786	harbor1	chr20	16511633	16511668	SINE/MIR	627	-	18	16511651	92865
chr20	16418786	16618786	harbor1	chr20	16512187	16512336	SINE/MIR	627	-	74	16512261	93475
chr20	3988836	4188836	harbor1	chr20	3993106	3993294	SINE/MIR	563	-	94	3993200	4364
chr20	3988836	4188836	harbor1	chr20	3993587	3993634	SINE/MIR	563	-	24	3993611	4775
chr20	3988836	4188836	harbor1	chr20	4008068	4008297	SINE/MIR	737	-	114	4008182	19346
chr20	3988836	4188836	harbor1	chr20	4036670	4036782	SINE/MIR	463	-	56	4036726	47890
chr20	41427017	41627017	harbor1	chr20	41427345	41427594	SINE/MIR	974	-	124	41427469	452
chr20	41427017	41627017	harbor1	chr20	41444711	41444915	SINE/MIR	602	-	102	41444813	17796
chr20	41427017	41627017	harbor1	chr20	41475135	41475389	SINE/MIR	486	-	127	41475262	48245
chr20	41427017	41627017	harbor1	chr20	41494474	41494693	SINE/MIR	502	-	110	41494584	67567
chr20	41427017	41627017	harbor1	chr20	41516071	41516168	SINE/MIR	664	-	48	41516119	89102
chr20	41427017	41627017	harbor1	chr20	41516474	41516610	SINE/MIR	664	-	68	41516542	89525
chr20	46232914	46432914	harbor1	chr20	46247194	46247354	SINE/MIR	811	-	80	46247274	14360
chr20	46232914	46432914	harbor1	chr20	46247673	46247776	SINE/MIR	811	-	52	46247725	14811
chr20	46232914	46432914	harbor1	chr20	46249034	46249231	SINE/MIR	678	-	98	46249132	16218
chr20	46232914	46432914	harbor1	chr20	46262571	46262777	SINE/MIR	741	-	103	46262674	29760
chr20	46232914	46432914	harbor1	chr20	46264106	46264224	SINE/MIR	544	-	59	46264165	31251
chr20	46232914	46432914	harbor1	chr20	46264471	46264631	SINE/MIR	558	-	80	46264551	31637
chr20	46232914	46432914	harbor1	chr20	46267015	46267202	SINE/MIR	623	-	94	46267109	34195
chr20	46232914	46432914	harbor1	chr20	46269425	46269659	SINE/MIR	567	-	117	46269542	36628
chr20	46232914	46432914	harbor1	chr20	46271097	46271239	SINE/MIR	414	-	71	46271168	38254
chr20	46232914	46432914	harbor1	chr20	46276502	46276644	SINE/MIR	406	-	71	46276573	43659
chr20	46232914	46432914	harbor1	chr20	46279880	46280120	SINE/MIR	519	-	120	46280000	47086
chr20	46232914	46432914	harbor1	chr20	46291325	46291562	SINE/MIR	666	-	118	46291443	58529
chr20	46232914	46432914	harbor1	chr20	46295423	46295645	SINE/MIR	871	-	111	46295534	62620
chr20	46232914	46432914	harbor1	chr20	46296289	46296459	SINE/MIR	532	-	85	46296374	63460
chr20	46232914	46432914	harbor1	chr20	46299660	46299863	SINE/MIR	695	-	102	46299762	66848
chr20	46232914	46432914	harbor1	chr20	46301241	46301458	SINE/MIR	626	-	108	46301349	68435
chr20	46232914	46432914	harbor1	chr20	46304300	46304530	SINE/MIR	690	-	115	46304415	71501
chr20	46232914	46432914	harbor1	chr20	46310990	46311224	SINE/MIR	738	-	117	46311107	78193
chr20	46232914	46432914	harbor1	chr20	46323357	46323538	SINE/MIR	494	-	90	46323447	90533
chr20	46232914	46432914	harbor1	chr20	46326814	46327051	SINE/MIR	671	-	118	46326932	94018
chr20	46232914	46432914	harbor1	chr20	46331047	46331207	SINE/MIR	531	-	80	46331127	98213
chr20	6221885	6421885	harbor1	chr20	6243353	6243566	SINE/MIR	603	-	106	6243459	21574
chr20	6221885	6421885	harbor1	chr20	6296212	6296391	SINE/MIR	465	-	90	6296302	74417
chr20	6221885	6421885	harbor1	chr20	6300988	6301203	SINE/MIR	460	-	108	6301096	79211
chr20	53958343	54158343	harbor1	chr20	53958675	53958907	SINE/MIR	480	-	116	53958791	448
chr20	53958343	54158343	harbor1	chr20	53972725	53972900	SINE/MIR	575	-	88	53972813	14470
chr20	53958343	54158343	harbor1	chr20	53976491	53976685	SINE/MIR	455	-	97	53976588	18245
chr20	53958343	54158343	harbor1	chr20	53981550	53981744	SINE/MIR	512	-	97	53981647	23304
chr20	53958343	54158343	harbor1	chr20	53981983	53982145	SINE/MIR	410	-	81	53982064	23721
chr20	53958343	54158343	harbor1	chr20	53983292	53983463	SINE/MIR	416	-	86	53983378	25035
chr20	53958343	54158343	harbor1	chr20	53988443	53988518	SINE/MIR	473	-	38	53988481	30138
chr20	53958343	54158343	harbor1	chr20	53988748	53988915	SINE/MIR	473	-	84	53988832	30489
chr20	53958343	54158343	harbor1	chr20	53993920	53994126	SINE/MIR	404	-	103	53994023	35680
chr20	53958343	54158343	harbor1	chr20	53998822	53999026	SINE/MIR	602	-	102	53998924	40581
chr20	53958343	54158343	harbor1	chr20	53999291	53999439	SINE/MIR	462	-	74	53999365	41022
chr20	53958343	54158343	harbor1	chr20	54012697	54012917	SINE/MIR	770	-	110	54012807	54464
chr20	53958343	54158343	harbor1	chr20	54024017	54024232	SINE/MIR	872	-	108	54024125	65782
chr20	53958343	54158343	harbor1	chr20	54037615	54037788	SINE/MIR	696	-	86	54037701	79358
chr20	53958343	54158343	harbor1	chr20	54049787	54049916	SINE/MIR	455	-	64	54049851	91508
chr20	53958343	54158343	harbor1	chr20	54053620	54053851	SINE/MIR	566	-	116	54053736	95393
chr20	53958343	54158343	harbor1	chr20	54056852	54057058	SINE/MIR	743	-	103	54056955	98612
chr20	53958343	54158343	harbor1	chr20	54057313	54057494	SINE/MIR	803	-	90	54057403	99060
chr20	55856912	56056912	harbor1	chr20	55881621	55881800	SINE/MIR	659	-	90	55881711	24799
chr20	55856912	56056912	harbor1	chr20	55907548	55907790	SINE/MIR	738	-	121	55907669	50757
chr20	55856912	56056912	harbor1	chr20	55927535	55927737	SINE/MIR	636	-	101	55927636	70724
chr20	55856912	56056912	harbor1	chr20	55950910	55951119	SINE/MIR	673	-	104	55951014	94102
chr20	55856912	56056912	harbor1	chr20	55918569	55918767	SINE/MIR	470	-	99	55918668	61756
chr20	38160723	38360723	harbor1	chr20	38168963	38169074	SINE/MIR	400	-	56	38169019	8296
chr20	38160723	38360723	harbor1	chr20	38174972	38175085	SINE/MIR	419	-	56	38175028	14305
chr20	38160723	38360723	harbor1	chr20	38194132	38194274	SINE/MIR	410	-	71	38194203	33480
chr20	38160723	38360723	harbor1	chr20	38214428	38214612	SINE/MIR	504	-	92	38214520	53797
chr20	38160723	38360723	harbor1	chr20	38218984	38219161	SINE/MIR	618	-	88	38219072	58349
chr20	38160723	38360723	harbor1	chr20	38225333	38225520	SINE/MIR	1004	-	94	38225427	64704
chr20	38160723	38360723	harbor1	chr20	38238036	38238161	SINE/MIR	428	-	62	38238098	77375
chr20	38160723	38360723	harbor1	chr20	38239813	38239901	SINE/MIR	607	-	44	38239857	79134
chr20	38160723	38360723	harbor1	chr20	38243481	38243707	SINE/MIR	710	-	113	38243594	82871
chr20	38160723	38360723	harbor1	chr20	38243813	38244043	SINE/MIR	500	-	115	38243928	83205
chr20	38160723	38360723	harbor1	chr20	38252369	38252588	SINE/MIR	420	-	110	38252479	91756
chr20	38160723	38360723	harbor1	chr20	38255960	38256193	SINE/MIR	420	-	116	38256076	95353
chr20	38160723	38360723	harbor1	chr20	38240234	38240408	SINE/MIR	607	-	87	38240321	79598
chr20	48401914	48601914	harbor1	chr20	48413548	48413735	SINE/MIR	532	-	94	48413642	11728
chr20	48401914	48601914	harbor1	chr20	48413873	48414109	SINE/MIR	887	-	118	48413991	12077
chr20	48401914	48601914	harbor1	chr20	48443758	48443998	SINE/MIR	573	-	120	48443878	41964
chr20	48401914	48601914	harbor1	chr20	48452977	48453148	SINE/MIR	407	-	86	48453063	51149
chr20	10030518	10230518	harbor1	chr20	10035517	10035756	SINE/MIR	452	-	120	10035637	5119
chr20	10030518	10230518	harbor1	chr20	10091724	10091879	SINE/MIR	590	-	78	10091802	61284
chr20	10030518	10230518	harbor1	chr20	10108522	10108662	SINE/MIR	455	-	70	10108592	78074
chr20	10030518	10230518	harbor1	chr20	10114842	10115051	SINE/MIR	771	-	104	10114946	84428
chr20	52379422	52579422	harbor1	chr20	52379449	52379643	SINE/MIR	723	-	97	52379546	124
chr20	52379422	52579422	harbor1	chr20	52414313	52414509	SINE/MIR	541	-	98	52414411	34989
chr20	52379422	52579422	harbor1	chr20	52440951	52441134	SINE/MIR	568	-	92	52441043	61621
chr20	52379422	52579422	harbor1	chr20	52445694	52445853	SINE/MIR	605	-	80	52445774	66352
chr20	52379422	52579422	harbor1	chr20	52457631	52457870	SINE/MIR	752	-	120	52457751	78329
chr20	50997772	51197772	harbor1	chr20	51006832	51007036	SINE/MIR	637	-	102	51006934	9162
chr20	50997772	51197772	harbor1	chr20	51018610	51018854	SINE/MIR	541	-	122	51018732	20960
chr20	50997772	51197772	harbor1	chr20	51029967	51030177	SINE/MIR	491	-	105	51030072	32300
chr20	50997772	51197772	harbor1	chr20	51052387	51052518	SINE/MIR	513	-	66	51052453	54681
chr20	50997772	51197772	harbor1	chr20	51054182	51054411	SINE/MIR	628	-	114	51054296	56524
chr20	50997772	51197772	harbor1	chr20	51077242	51077379	SINE/MIR	480	-	68	51077310	79538
chr20	50997772	51197772	harbor1	chr20	51077467	51077673	SINE/MIR	528	-	103	51077570	79798
chr20	50997772	51197772	harbor1	chr20	51078336	51078524	SINE/MIR	481	-	94	51078430	80658
chr20	50997772	51197772	harbor1	chr20	51079614	51079751	SINE/MIR	797	-	68	51079682	81910
chr20	50997772	51197772	harbor1	chr20	51080120	51080182	SINE/MIR	797	-	31	51080151	82379
chr20	50997772	51197772	harbor1	chr20	51091267	51091446	SINE/MIR	574	-	90	51091357	93585
chr20	50997772	51197772	harbor1	chr20	51096835	51096945	SINE/MIR	417	-	55	51096890	99118
chr20	59001141	59201141	harbor1	chr20	59036127	59036321	SINE/MIR	714	-	97	59036224	35083
chr20	59001141	59201141	harbor1	chr20	59083380	59083548	SINE/MIR	450	-	84	59083464	82323
chr20	59001141	59201141	harbor1	chr20	59093771	59093984	SINE/MIR	613	-	106	59093877	92736
chr20	58248545	58448545	harbor1	chr20	58288225	58288399	SINE/MIR	455	-	87	58288312	39767
chr20	58248545	58448545	harbor1	chr20	58307305	58307556	SINE/MIR	635	-	126	58307431	58886
chr20	58248545	58448545	harbor1	chr20	58342027	58342113	SINE/MIR	415	-	43	58342070	93525
chr20	36003339	36203339	harbor1	chr20	36009850	36010024	SINE/MIR	702	-	87	36009937	6598
chr20	36003339	36203339	harbor1	chr20	36056757	36056949	SINE/MIR	634	-	96	36056853	53514
chr20	36003339	36203339	harbor1	chr20	36100490	36100701	SINE/MIR	787	-	106	36100596	97257
chr20	22038090	22238090	harbor1	chr20	22039130	22039367	SINE/MIR	576	-	118	22039248	1158
chr20	22038090	22238090	harbor1	chr20	22048007	22048238	SINE/MIR	614	-	116	22048123	10033
chr20	22038090	22238090	harbor1	chr20	22061014	22061202	SINE/MIR	815	-	94	22061108	23018
chr20	22038090	22238090	harbor1	chr20	22072906	22073139	SINE/MIR	611	-	116	22073022	34932
chr20	54215015	54415015	harbor1	chr20	54225968	54226172	SINE/MIR	428	-	102	54226070	11055
chr20	54215015	54415015	harbor1	chr20	54228778	54228997	SINE/MIR	441	-	110	54228888	13873
chr20	54215015	54415015	harbor1	chr20	54234552	54234776	SINE/MIR	612	-	112	54234664	19649
chr20	54215015	54415015	harbor1	chr20	54247183	54247394	SINE/MIR	587	-	106	54247289	32274
chr20	54215015	54415015	harbor1	chr20	54251784	54252027	SINE/MIR	627	-	122	54251906	36891
chr20	54215015	54415015	harbor1	chr20	54255756	54255946	SINE/MIR	606	-	95	54255851	40836
chr20	54215015	54415015	harbor1	chr20	54262195	54262377	SINE/MIR	656	-	91	54262286	47271
chr20	54215015	54415015	harbor1	chr20	54275389	54275613	SINE/MIR	401	-	112	54275501	60486
chr20	54215015	54415015	harbor1	chr20	54281527	54281567	SINE/MIR	487	-	20	54281547	66532
chr20	54215015	54415015	harbor1	chr20	54281872	54282012	SINE/MIR	487	-	70	54281942	66927
chr20	54215015	54415015	harbor1	chr20	54283787	54283974	SINE/MIR	406	-	94	54283881	68866
chr20	52827509	53027509	harbor1	chr20	52843018	52843268	SINE/MIR	718	-	125	52843143	15634
chr20	52827509	53027509	harbor1	chr20	52855536	52855769	SINE/MIR	579	-	116	52855652	28143
chr20	52827509	53027509	harbor1	chr20	52864166	52864357	SINE/MIR	616	-	96	52864262	36753
chr20	52827509	53027509	harbor1	chr20	52898478	52898654	SINE/MIR	458	-	88	52898566	71057
chr20	52827509	53027509	harbor1	chr20	52908271	52908463	SINE/MIR	450	-	96	52908367	80858
chr20	52827509	53027509	harbor1	chr20	52916260	52916420	SINE/MIR	474	-	80	52916340	88831
chr20	52827509	53027509	harbor1	chr20	52921372	52921573	SINE/MIR	476	-	100	52921472	93963
chr20	52827509	53027509	harbor1	chr20	52923947	52924191	SINE/MIR	670	-	122	52924069	96560
chr20	13475083	13675083	harbor1	chr20	13479835	13480019	SINE/MIR	416	-	92	13479927	4844
chr20	13475083	13675083	harbor1	chr20	13531126	13531346	SINE/MIR	533	-	110	13531236	56153
chr20	53709583	53909583	harbor1	chr20	53728338	53728487	SINE/MIR	445	-	74	53728412	18829
chr20	53709583	53909583	harbor1	chr20	53735478	53735711	SINE/MIR	756	-	116	53735594	26011
chr20	53709583	53909583	harbor1	chr20	53754198	53754357	SINE/MIR	707	-	80	53754278	44695
chr20	53709583	53909583	harbor1	chr20	53787734	53787947	SINE/MIR	412	-	106	53787840	78257
chr20	53709583	53909583	harbor1	chr20	53801280	53801485	SINE/MIR	448	-	102	53801382	91799
chr20	21489436	21689436	harbor1	chr20	21545801	21546007	SINE/MIR	570	-	103	21545904	56468
chr20	21489436	21689436	harbor1	chr20	21557202	21557377	SINE/MIR	498	-	88	21557290	67854
chr20	44313649	44513649	harbor1	chr20	44328566	44328707	SINE/MIR	421	-	70	44328636	14987
chr20	44313649	44513649	harbor1	chr20	44332119	44332355	SINE/MIR	990	-	118	44332237	18588
chr20	44313649	44513649	harbor1	chr20	44343156	44343328	SINE/MIR	409	-	86	44343242	29593
chr20	44313649	44513649	harbor1	chr20	44347540	44347795	SINE/MIR	522	-	128	44347668	34019
chr20	44313649	44513649	harbor1	chr20	44362545	44362756	SINE/MIR	470	-	106	44362651	49002
chr20	44313649	44513649	harbor1	chr20	44375552	44375625	SINE/MIR	400	-	36	44375588	61939
chr20	44313649	44513649	harbor1	chr20	44381942	44382150	SINE/MIR	520	-	104	44382046	68397
chr20	44313649	44513649	harbor1	chr20	44383241	44383478	SINE/MIR	945	-	118	44383359	69710
chr20	44313649	44513649	harbor1	chr20	44390028	44390171	SINE/MIR	556	-	72	44390100	76451
chr20	44313649	44513649	harbor1	chr20	44393696	44393819	SINE/MIR	487	-	62	44393758	80109
chr20	44313649	44513649	harbor1	chr20	44396742	44396911	SINE/MIR	444	-	84	44396826	83177
chr20	44313649	44513649	harbor1	chr20	44400365	44400548	SINE/MIR	545	-	92	44400457	86808
chr20	44313649	44513649	harbor1	chr20	44404150	44404411	SINE/MIR	689	-	130	44404280	90631
chr20	44313649	44513649	harbor1	chr20	44406724	44406934	SINE/MIR	629	-	105	44406829	93180
chr20	44313649	44513649	harbor1	chr20	44335016	44335210	SINE/MIR	726	-	97	44335113	21464
chr20	44313649	44513649	harbor1	chr20	44367783	44367935	SINE/MIR	573	-	76	44367859	54210
chr20	889859	1089859	harbor1	chr20	905831	906015	SINE/MIR	546	-	92	905923	16064
chr20	889859	1089859	harbor1	chr20	907539	907714	SINE/MIR	583	-	88	907627	17768
chr20	889859	1089859	harbor1	chr20	909293	909460	SINE/MIR	410	-	84	909377	19518
chr20	889859	1089859	harbor1	chr20	909559	909786	SINE/MIR	843	-	114	909673	19814
chr20	889859	1089859	harbor1	chr20	938364	938505	SINE/MIR	432	-	70	938434	48575
chr20	889859	1089859	harbor1	chr20	952216	952466	SINE/MIR	443	-	125	952341	62482
chr20	889859	1089859	harbor1	chr20	954277	954414	SINE/MIR	518	-	68	954345	64486
chr20	889859	1089859	harbor1	chr20	954721	954847	SINE/MIR	518	-	63	954784	64925
chr20	889859	1089859	harbor1	chr20	966331	966580	SINE/MIR	735	-	124	966455	76596
chr20	889859	1089859	harbor1	chr20	980077	980249	SINE/MIR	514	-	86	980163	90304
chr20	889859	1089859	harbor1	chr20	983814	983938	SINE/MIR	525	-	62	983876	94017
chr20	16978792	17178792	harbor1	chr20	17010818	17010948	SINE/MIR	458	-	65	17010883	32091
chr20	16978792	17178792	harbor1	chr20	17015130	17015377	SINE/MIR	428	-	124	17015254	36462
chr20	16978792	17178792	harbor1	chr20	17020638	17020832	SINE/MIR	458	-	97	17020735	41943
chr20	16978792	17178792	harbor1	chr20	17030239	17030435	SINE/MIR	443	-	98	17030337	51545
chr20	16978792	17178792	harbor1	chr20	17030685	17030881	SINE/MIR	431	-	98	17030783	51991
chr20	16978792	17178792	harbor1	chr20	17056958	17057193	SINE/MIR	733	-	118	17057076	78284
chr20	16978792	17178792	harbor1	chr20	17067721	17067919	SINE/MIR	671	-	99	17067820	89028
chr20	16978792	17178792	harbor1	chr20	17076919	17077058	SINE/MIR	532	-	70	17076989	98197
chr20	4199183	4399183	harbor1	chr20	4245985	4246149	SINE/MIR	457	-	82	4246067	46884
chr20	4199183	4399183	harbor1	chr20	4283539	4283676	SINE/MIR	429	-	68	4283607	84424
chr20	4199183	4399183	harbor1	chr20	4297955	4298118	SINE/MIR	444	-	82	4298037	98854
chr20	52133261	52333261	harbor1	chr20	52154213	52154463	SINE/MIR	441	-	125	52154338	21077
chr20	52133261	52333261	harbor1	chr20	52180699	52180903	SINE/MIR	603	-	102	52180801	47540
chr20	52133261	52333261	harbor1	chr20	52182081	52182280	SINE/MIR	418	-	100	52182181	48920
chr20	52133261	52333261	harbor1	chr20	52222897	52223055	SINE/MIR	605	-	79	52222976	89715
chr20	4288513	4488513	harbor1	chr20	4297955	4298118	SINE/MIR	444	-	82	4298037	9524
chr20	4288513	4488513	harbor1	chr20	4311426	4311547	SINE/MIR	431	-	60	4311486	22973
chr20	43649659	43849659	harbor1	chr20	43664571	43664620	SINE/MIR	532	-	24	43664595	14936
chr20	43649659	43849659	harbor1	chr20	43664916	43665004	SINE/MIR	532	-	44	43664960	15301
chr20	43649659	43849659	harbor1	chr20	43683306	43683429	SINE/MIR	440	-	62	43683368	33709
chr20	43649659	43849659	harbor1	chr20	43700949	43701184	SINE/MIR	529	-	118	43701067	51408
chr20	45816552	46016552	harbor1	chr20	45821958	45822128	SINE/MIR	692	-	85	45822043	5491
chr20	45816552	46016552	harbor1	chr20	45844712	45844916	SINE/MIR	638	-	102	45844814	28262
chr20	45816552	46016552	harbor1	chr20	45846303	45846561	SINE/MIR	721	-	129	45846432	29880
chr20	45816552	46016552	harbor1	chr20	45873556	45873796	SINE/MIR	622	-	120	45873676	57124
chr20	45816552	46016552	harbor1	chr20	45894294	45894495	SINE/MIR	551	-	100	45894394	77842
chr20	45816552	46016552	harbor1	chr20	45900833	45901037	SINE/MIR	633	-	102	45900935	84383
chr20	45816552	46016552	harbor1	chr20	45904000	45904126	SINE/MIR	563	-	63	45904063	87511
chr20	45816552	46016552	harbor1	chr20	45905408	45905606	SINE/MIR	614	-	99	45905507	88955
chr20	45816552	46016552	harbor1	chr20	45905740	45905780	SINE/MIR	614	-	20	45905760	89208
chr20	45816552	46016552	harbor1	chr20	45908912	45908962	SINE/MIR	656	-	25	45908937	92385
chr20	45816552	46016552	harbor1	chr20	45909263	45909459	SINE/MIR	656	-	98	45909361	92809
chr20	38458967	38658967	harbor1	chr20	38473494	38473704	SINE/MIR	649	-	105	38473599	14632
chr20	38458967	38658967	harbor1	chr20	38482784	38482894	SINE/MIR	585	-	55	38482839	23872
chr20	38458967	38658967	harbor1	chr20	38483189	38483331	SINE/MIR	585	-	71	38483260	24293
chr20	32123577	32323577	harbor1	chr20	32125230	32125454	SINE/MIR	805	-	112	32125342	1765
chr20	32123577	32323577	harbor1	chr20	32133606	32133824	SINE/MIR	487	-	109	32133715	10138
chr20	32123577	32323577	harbor1	chr20	32134115	32134137	SINE/MIR	487	-	11	32134126	10549
chr20	32123577	32323577	harbor1	chr20	32137732	32137976	SINE/MIR	655	-	122	32137854	14277
chr20	32123577	32323577	harbor1	chr20	32137977	32138159	SINE/MIR	411	-	91	32138068	14491
chr20	32123577	32323577	harbor1	chr20	32140557	32140738	SINE/MIR	571	-	90	32140647	17070
chr20	32123577	32323577	harbor1	chr20	32168187	32168354	SINE/MIR	456	-	84	32168271	44694
chr20	32123577	32323577	harbor1	chr20	32199348	32199516	SINE/MIR	475	-	84	32199432	75855
chr20	32123577	32323577	harbor1	chr20	32210383	32210526	SINE/MIR	572	-	72	32210455	86878
chr20	32123577	32323577	harbor1	chr20	32215754	32216003	SINE/MIR	1049	-	124	32215878	92301
chr20	32123577	32323577	harbor1	chr20	32217737	32217871	SINE/MIR	478	-	67	32217804	94227
chr20	32123577	32323577	harbor1	chr20	32217906	32218129	SINE/MIR	776	-	112	32218018	94441
chr20	48877355	49077355	harbor1	chr20	48886673	48886919	SINE/MIR	850	-	123	48886796	9441
chr20	48877355	49077355	harbor1	chr20	48886920	48887161	SINE/MIR	663	-	120	48887040	9685
chr20	48877355	49077355	harbor1	chr20	48908040	48908276	SINE/MIR	870	-	118	48908158	30803
chr20	48877355	49077355	harbor1	chr20	48925988	48926183	SINE/MIR	521	-	98	48926086	48731
chr20	48877355	49077355	harbor1	chr20	48958194	48958400	SINE/MIR	548	-	103	48958297	80942
chr20	10985608	11185608	harbor1	chr20	10991178	10991395	SINE/MIR	529	-	108	10991286	5678
chr20	10985608	11185608	harbor1	chr20	10996004	10996184	SINE/MIR	653	-	90	10996094	10486
chr20	10985608	11185608	harbor1	chr20	11036233	11036441	SINE/MIR	841	-	104	11036337	50729
chr20	54634082	54834082	harbor1	chr20	54647975	54648157	SINE/MIR	443	-	91	54648066	13984
chr20	54634082	54834082	harbor1	chr20	54652273	54652491	SINE/MIR	568	-	109	54652382	18300
chr20	54634082	54834082	harbor1	chr20	54668049	54668234	SINE/MIR	455	-	92	54668141	34059
chr20	54634082	54834082	harbor1	chr20	54697177	54697382	SINE/MIR	438	-	102	54697279	63197
chr20	54634082	54834082	harbor1	chr20	54722711	54722959	SINE/MIR	415	-	124	54722835	88753
chr20	54634082	54834082	harbor1	chr20	54729674	54729797	SINE/MIR	457	-	62	54729736	95654
chr20	54634082	54834082	harbor1	chr20	54730105	54730309	SINE/MIR	472	-	102	54730207	96125
chr20	34388387	34588387	harbor1	chr20	34390264	34390405	SINE/MIR	432	-	70	34390334	1947
chr20	34388387	34588387	harbor1	chr20	34422084	34422302	SINE/MIR	750	-	109	34422193	33806
chr20	34388387	34588387	harbor1	chr20	34430081	34430311	SINE/MIR	503	-	115	34430196	41809
chr20	17792169	17992169	harbor1	chr20	17868828	17868933	SINE/MIR	503	-	52	17868880	76711
chr20	24247870	24447870	harbor1	chr20	24314660	24314802	SINE/MIR	587	-	71	24314731	66861
chr20	38117564	38317564	harbor1	chr20	38126124	38126321	SINE/MIR	566	-	98	38126222	8658
chr20	38117564	38317564	harbor1	chr20	38131796	38132009	SINE/MIR	622	-	106	38131902	14338
chr20	38117564	38317564	harbor1	chr20	38132929	38133147	SINE/MIR	460	-	109	38133038	15474
chr20	38117564	38317564	harbor1	chr20	38144562	38144765	SINE/MIR	657	-	102	38144664	27100
chr20	38117564	38317564	harbor1	chr20	38145573	38145757	SINE/MIR	890	-	92	38145665	28101
chr20	38117564	38317564	harbor1	chr20	38146244	38146449	SINE/MIR	518	-	102	38146346	28782
chr20	38117564	38317564	harbor1	chr20	38151247	38151405	SINE/MIR	532	-	79	38151326	33762
chr20	38117564	38317564	harbor1	chr20	38160516	38160622	SINE/MIR	486	-	53	38160569	43005
chr20	38117564	38317564	harbor1	chr20	38168963	38169074	SINE/MIR	400	-	56	38169019	51455
chr20	38117564	38317564	harbor1	chr20	38174972	38175085	SINE/MIR	419	-	56	38175028	57464
chr20	38117564	38317564	harbor1	chr20	38194132	38194274	SINE/MIR	410	-	71	38194203	76639
chr20	38117564	38317564	harbor1	chr20	38214428	38214612	SINE/MIR	504	-	92	38214520	96956
chr20	38278937	38478937	harbor1	chr20	38297784	38298000	SINE/MIR	676	-	108	38297892	18955
chr20	38278937	38478937	harbor1	chr20	38300171	38300302	SINE/MIR	492	-	66	38300237	21300
chr20	38278937	38478937	harbor1	chr20	38300525	38300746	SINE/MIR	671	-	110	38300635	21698
chr20	38278937	38478937	harbor1	chr20	38303496	38303763	SINE/MIR	781	-	134	38303630	24693
chr20	38278937	38478937	harbor1	chr20	38304393	38304590	SINE/MIR	523	-	98	38304491	25554
chr20	38278937	38478937	harbor1	chr20	38308557	38308746	SINE/MIR	526	-	94	38308651	29714
chr20	38278937	38478937	harbor1	chr20	38311055	38311286	SINE/MIR	605	-	116	38311171	32234
chr20	38278937	38478937	harbor1	chr20	38315048	38315209	SINE/MIR	484	-	80	38315128	36191
chr20	38278937	38478937	harbor1	chr20	38318859	38318965	SINE/MIR	522	-	53	38318912	39975
chr20	38278937	38478937	harbor1	chr20	38319264	38319393	SINE/MIR	522	-	64	38319328	40391
chr20	38278937	38478937	harbor1	chr20	38334693	38334876	SINE/MIR	430	-	92	38334785	55848
chr20	38278937	38478937	harbor1	chr20	38342963	38343053	SINE/MIR	402	-	45	38343008	64071
chr20	38278937	38478937	harbor1	chr20	38366325	38366533	SINE/MIR	664	-	104	38366429	87492
chr20	41770379	41970379	harbor1	chr20	41773982	41774072	SINE/MIR	413	-	45	41774027	3648
chr20	41770379	41970379	harbor1	chr20	41776914	41776966	SINE/MIR	490	-	26	41776940	6561
chr20	41770379	41970379	harbor1	chr20	41777236	41777373	SINE/MIR	490	-	68	41777304	6925
chr20	41770379	41970379	harbor1	chr20	41789804	41789923	SINE/MIR	425	-	60	41789864	19485
chr20	4764491	4964491	harbor1	chr20	4788806	4789036	SINE/MIR	560	-	115	4788921	24430
chr20	4764491	4964491	harbor1	chr20	4812273	4812417	SINE/MIR	622	-	72	4812345	47854
chr20	4764491	4964491	harbor1	chr20	4812696	4812808	SINE/MIR	405	-	56	4812752	48261
chr20	4764491	4964491	harbor1	chr20	4818846	4818950	SINE/MIR	441	-	52	4818898	54407
chr20	4764491	4964491	harbor1	chr20	4819263	4819286	SINE/MIR	441	-	12	4819275	54784
chr20	8532838	8732838	harbor1	chr20	8620240	8620443	SINE/MIR	652	-	102	8620342	87504
chr20	15172802	15372802	harbor1	chr20	15254671	15254859	SINE/MIR	453	-	94	15254765	81963
chr20	53491436	53691436	harbor1	chr20	53502694	53502948	SINE/MIR	957	-	127	53502821	11385
chr20	53491436	53691436	harbor1	chr20	53526328	53526447	SINE/MIR	446	-	60	53526388	34952
chr20	53491436	53691436	harbor1	chr20	53530981	53531128	SINE/MIR	544	-	74	53531055	39619
chr20	53491436	53691436	harbor1	chr20	53537266	53537474	SINE/MIR	819	-	104	53537370	45934
chr20	53491436	53691436	harbor1	chr20	53577497	53577648	SINE/MIR	570	-	76	53577573	86137
chr20	53598138	53798138	harbor1	chr20	53622510	53622716	SINE/MIR	438	-	103	53622613	24475
chr20	53598138	53798138	harbor1	chr20	53623804	53624019	SINE/MIR	735	-	108	53623912	25774
chr20	53598138	53798138	harbor1	chr20	53683588	53683808	SINE/MIR	565	-	110	53683698	85560
chr20	53598138	53798138	harbor1	chr20	53685603	53685681	SINE/MIR	436	-	39	53685642	87504
chr20	53598138	53798138	harbor1	chr20	53688005	53688047	SINE/MIR	583	-	21	53688026	89888
chr20	53598138	53798138	harbor1	chr20	53688186	53688345	SINE/MIR	583	-	80	53688266	90128
chr20	53598138	53798138	harbor1	chr20	53695916	53696042	SINE/MIR	450	-	63	53695979	97841
chr20	52368674	52568674	harbor1	chr20	52379449	52379643	SINE/MIR	723	-	97	52379546	10872
chr20	52368674	52568674	harbor1	chr20	52414313	52414509	SINE/MIR	541	-	98	52414411	45737
chr20	52368674	52568674	harbor1	chr20	52440951	52441134	SINE/MIR	568	-	92	52441043	72369
chr20	52368674	52568674	harbor1	chr20	52445694	52445853	SINE/MIR	605	-	80	52445774	77100
chr20	52368674	52568674	harbor1	chr20	52457631	52457870	SINE/MIR	752	-	120	52457751	89077
chr20	3749752	3949752	harbor1	chr20	3822502	3822749	SINE/MIR	862	-	124	3822626	72874
chr21	14701832	14901832	harbor1	chr21	14772924	14773108	SINE/MIR	631	-	92	14773016	71184
chr21	14701832	14901832	harbor1	chr21	14794183	14794363	SINE/MIR	519	-	90	14794273	92441
chr21	15538027	15738027	harbor1	chr21	15538241	15538447	SINE/MIR	557	-	103	15538344	317
chr21	15538027	15738027	harbor1	chr21	15570847	15571079	SINE/MIR	713	-	116	15570963	32936
chr21	15538027	15738027	harbor1	chr21	15622924	15623149	SINE/MIR	619	-	112	15623036	85009
chr21	15699057	15899057	harbor1	chr21	15707830	15708040	SINE/MIR	695	-	105	15707935	8878
chr21	15699057	15899057	harbor1	chr21	15708193	15708221	SINE/MIR	695	-	14	15708207	9150
chr21	15699057	15899057	harbor1	chr21	15763775	15764018	SINE/MIR	745	-	122	15763897	64840
chr21	36005838	36205838	harbor1	chr21	36007292	36007423	SINE/MIR	491	-	66	36007358	1520
chr21	37348637	37548637	harbor1	chr21	37427955	37428170	SINE/MIR	663	-	108	37428063	79426
chr21	37348637	37548637	harbor1	chr21	37444959	37445111	SINE/MIR	601	-	76	37445035	96398
chr21	42083860	42283860	harbor1	chr21	42129939	42130106	SINE/MIR	496	-	84	42130023	46163
chr21	31951876	32151876	harbor1	chr21	32035330	32035502	SINE/MIR	508	-	86	32035416	83540
chr21	34627057	34827057	harbor1	chr21	34698597	34698765	SINE/MIR	596	-	84	34698681	71624
chr21	34627057	34827057	harbor1	chr21	34701524	34701706	SINE/MIR	608	-	91	34701615	74558
chr21	42874945	43074945	harbor1	chr21	42901652	42901878	SINE/MIR	699	-	113	42901765	26820
chr21	13179579	13379579	harbor1	chr21	13221771	13221984	SINE/MIR	550	-	106	13221877	42298
chr21	16346567	16546567	harbor1	chr21	16368015	16368221	SINE/MIR	565	-	103	16368118	21551
chr21	28917077	29117077	harbor1	chr21	28982849	28983095	SINE/MIR	691	-	123	28982972	65895
chr21	28827894	29027894	harbor1	chr21	28832919	28833132	SINE/MIR	608	-	106	28833025	5131
chr21	28827894	29027894	harbor1	chr21	28909650	28909851	SINE/MIR	660	-	100	28909750	81856
chr21	39047235	39247235	harbor1	chr21	39089935	39089995	SINE/MIR	485	-	30	39089965	42730
chr21	39047235	39247235	harbor1	chr21	39090263	39090407	SINE/MIR	501	-	72	39090335	43100
chr21	26791196	26991196	harbor1	chr21	26803724	26803945	SINE/MIR	499	-	110	26803834	12638
chr21	26791196	26991196	harbor1	chr21	26819688	26819905	SINE/MIR	592	-	108	26819796	28600
chr21	39405883	39605883	harbor1	chr21	39454892	39455085	SINE/MIR	503	-	96	39454988	49105
chr21	26760630	26960630	harbor1	chr21	26803724	26803945	SINE/MIR	499	-	110	26803834	43204
chr21	26760630	26960630	harbor1	chr21	26819688	26819905	SINE/MIR	592	-	108	26819796	59166
chr21	29058413	29258413	harbor1	chr21	29074299	29074461	SINE/MIR	491	-	81	29074380	15967
chr21	29058413	29258413	harbor1	chr21	29091801	29092050	SINE/MIR	735	-	124	29091925	33512
chr21	29058413	29258413	harbor1	chr21	29098519	29098770	SINE/MIR	500	-	126	29098645	40232
chr21	29058413	29258413	harbor1	chr21	29125131	29125372	SINE/MIR	628	-	120	29125251	66838
chr21	29058413	29258413	harbor1	chr21	29142707	29142901	SINE/MIR	502	-	97	29142804	84391
chr22	38474943	38674943	harbor1	chr22	38494252	38494474	SINE/MIR	551	-	111	38494363	19420
chr22	38474943	38674943	harbor1	chr22	38551684	38551852	SINE/MIR	588	-	84	38551768	76825
chr22	38474943	38674943	harbor1	chr22	38552161	38552187	SINE/MIR	588	-	13	38552174	77231
chr22	44952498	45152498	harbor1	chr22	44953767	44953991	SINE/MIR	542	-	112	44953879	1381
chr22	44952498	45152498	harbor1	chr22	44969788	44969919	SINE/MIR	559	-	66	44969854	17356
chr22	44952498	45152498	harbor1	chr22	45000882	45001096	SINE/MIR	469	-	107	45000989	48491
chr22	44952498	45152498	harbor1	chr22	45013246	45013402	SINE/MIR	531	-	78	45013324	60826
chr22	44952498	45152498	harbor1	chr22	45017278	45017475	SINE/MIR	481	-	98	45017376	64878
chr22	44952498	45152498	harbor1	chr22	45023692	45023846	SINE/MIR	570	-	77	45023769	71271
chr22	44952498	45152498	harbor1	chr22	45028522	45028652	SINE/MIR	432	-	65	45028587	76089
chr22	44952498	45152498	harbor1	chr22	45035085	45035233	SINE/MIR	424	-	74	45035159	82661
chr22	24972654	25172654	harbor1	chr22	24974321	24974506	SINE/MIR	607	-	92	24974413	1759
chr22	24972654	25172654	harbor1	chr22	24978009	24978110	SINE/MIR	854	-	50	24978059	5405
chr22	24972654	25172654	harbor1	chr22	24978467	24978605	SINE/MIR	854	-	69	24978536	5882
chr22	24972654	25172654	harbor1	chr22	24988890	24989005	SINE/MIR	547	-	58	24988948	16294
chr22	24972654	25172654	harbor1	chr22	24995678	24995911	SINE/MIR	780	-	116	24995794	23140
chr22	24972654	25172654	harbor1	chr22	25010502	25010665	SINE/MIR	467	-	82	25010584	37930
chr22	24972654	25172654	harbor1	chr22	25032215	25032434	SINE/MIR	476	-	110	25032325	59671
chr22	24972654	25172654	harbor1	chr22	25043357	25043502	SINE/MIR	538	-	72	25043429	70775
chr22	24972654	25172654	harbor1	chr22	25061501	25061749	SINE/MIR	454	-	124	25061625	88971
chr22	24972654	25172654	harbor1	chr22	25064362	25064513	SINE/MIR	519	-	76	25064438	91784
chr22	25608820	25808820	harbor1	chr22	25619277	25619472	SINE/MIR	510	-	98	25619375	10555
chr22	25608820	25808820	harbor1	chr22	25692598	25692824	SINE/MIR	558	-	113	25692711	83891
chr22	25798460	25998460	harbor1	chr22	25801715	25801943	SINE/MIR	441	-	114	25801829	3369
chr22	25798460	25998460	harbor1	chr22	25805214	25805356	SINE/MIR	524	-	71	25805285	6825
chr22	25798460	25998460	harbor1	chr22	25808317	25808526	SINE/MIR	574	-	104	25808421	9961
chr22	25798460	25998460	harbor1	chr22	25811951	25812088	SINE/MIR	513	-	68	25812019	13559
chr22	25798460	25998460	harbor1	chr22	25812767	25812948	SINE/MIR	431	-	90	25812857	14397
chr22	25798460	25998460	harbor1	chr22	25814766	25815001	SINE/MIR	703	-	118	25814884	16424
chr22	25798460	25998460	harbor1	chr22	25815435	25815577	SINE/MIR	441	-	71	25815506	17046
chr22	25798460	25998460	harbor1	chr22	25816277	25816345	SINE/MIR	692	-	34	25816311	17851
chr22	25798460	25998460	harbor1	chr22	25816633	25816824	SINE/MIR	692	-	96	25816729	18269
chr22	25798460	25998460	harbor1	chr22	25818765	25819002	SINE/MIR	522	-	118	25818883	20423
chr22	25798460	25998460	harbor1	chr22	25828078	25828303	SINE/MIR	481	-	112	25828190	29730
chr22	25798460	25998460	harbor1	chr22	25828548	25828745	SINE/MIR	580	-	98	25828646	30186
chr22	25798460	25998460	harbor1	chr22	25834964	25835105	SINE/MIR	541	-	70	25835034	36574
chr22	25798460	25998460	harbor1	chr22	25842955	25843200	SINE/MIR	727	-	122	25843077	44617
chr22	25798460	25998460	harbor1	chr22	25844500	25844692	SINE/MIR	544	-	96	25844596	46136
chr22	25798460	25998460	harbor1	chr22	25847743	25847904	SINE/MIR	459	-	80	25847823	49363
chr22	25798460	25998460	harbor1	chr22	25849850	25850041	SINE/MIR	491	-	96	25849946	51486
chr22	25798460	25998460	harbor1	chr22	25864420	25864555	SINE/MIR	528	-	68	25864488	66028
chr22	25798460	25998460	harbor1	chr22	25865515	25865758	SINE/MIR	649	-	122	25865637	67177
chr22	25798460	25998460	harbor1	chr22	25878123	25878302	SINE/MIR	553	-	90	25878213	79753
chr22	25798460	25998460	harbor1	chr22	25885115	25885347	SINE/MIR	808	-	116	25885231	86771
chr22	25798460	25998460	harbor1	chr22	25890415	25890639	SINE/MIR	543	-	112	25890527	92067
chr22	34960747	35160747	harbor1	chr22	34966985	34967067	SINE/MIR	541	-	41	34967026	6279
chr22	34960747	35160747	harbor1	chr22	34967560	34967632	SINE/MIR	541	-	36	34967596	6849
chr22	34960747	35160747	harbor1	chr22	34968292	34968519	SINE/MIR	691	-	114	34968406	7659
chr22	34960747	35160747	harbor1	chr22	34980356	34980409	SINE/MIR	521	-	26	34980382	19635
chr22	34960747	35160747	harbor1	chr22	34981241	34981410	SINE/MIR	521	-	84	34981325	20578
chr22	34960747	35160747	harbor1	chr22	35006349	35006467	SINE/MIR	470	-	59	35006408	45661
chr22	34960747	35160747	harbor1	chr22	35006909	35007103	SINE/MIR	549	-	97	35007006	46259
chr22	34960747	35160747	harbor1	chr22	35011320	35011483	SINE/MIR	553	-	82	35011402	50655
chr22	34960747	35160747	harbor1	chr22	35019624	35019868	SINE/MIR	990	-	122	35019746	58999
chr22	34960747	35160747	harbor1	chr22	35020501	35020744	SINE/MIR	698	-	122	35020623	59876
chr22	34960747	35160747	harbor1	chr22	35037669	35037834	SINE/MIR	519	-	82	35037751	77004
chr22	34960747	35160747	harbor1	chr22	35038205	35038246	SINE/MIR	519	-	20	35038225	77478
chr22	34960747	35160747	harbor1	chr22	35043234	35043436	SINE/MIR	456	-	101	35043335	82588
chr22	34960747	35160747	harbor1	chr22	35044602	35044777	SINE/MIR	538	-	88	35044690	83943
chr22	34960747	35160747	harbor1	chr22	35045728	35045949	SINE/MIR	571	-	110	35045838	85091
chr22	48834009	49034009	harbor1	chr22	48927080	48927283	SINE/MIR	541	-	102	48927182	93173
chr22	31630915	31830915	harbor1	chr22	31662842	31662988	SINE/MIR	445	-	73	31662915	32000
chr22	27398645	27598645	harbor1	chr22	27398773	27398926	SINE/MIR	424	-	76	27398849	204
chr22	27398645	27598645	harbor1	chr22	27412084	27412296	SINE/MIR	589	-	106	27412190	13545
chr22	27398645	27598645	harbor1	chr22	27429265	27429405	SINE/MIR	509	-	70	27429335	30690
chr22	27398645	27598645	harbor1	chr22	27437627	27437869	SINE/MIR	956	-	121	27437748	39103
chr22	27398645	27598645	harbor1	chr22	27461267	27461510	SINE/MIR	938	-	122	27461389	62744
chr22	27398645	27598645	harbor1	chr22	27468668	27468779	SINE/MIR	439	-	56	27468724	70079
chr22	27398645	27598645	harbor1	chr22	27468808	27468938	SINE/MIR	438	-	65	27468873	70228
chr22	27398645	27598645	harbor1	chr22	27493674	27493888	SINE/MIR	566	-	107	27493781	95136
chr22	23536621	23736621	harbor1	chr22	23549699	23549928	SINE/MIR	448	-	114	23549813	13192
chr22	23536621	23736621	harbor1	chr22	23598363	23598562	SINE/MIR	491	-	100	23598463	61842
chr22	29186412	29386412	harbor1	chr22	29195168	29195364	SINE/MIR	579	-	98	29195266	8854
chr22	29186412	29386412	harbor1	chr22	29208899	29209062	SINE/MIR	429	-	82	29208981	22569
chr22	29186412	29386412	harbor1	chr22	29218371	29218516	SINE/MIR	498	-	72	29218443	32031
chr22	29186412	29386412	harbor1	chr22	29224640	29224841	SINE/MIR	486	-	100	29224740	38328
chr22	29186412	29386412	harbor1	chr22	29257395	29257556	SINE/MIR	434	-	80	29257475	71063
chr22	17057474	17257474	harbor1	chr22	17134253	17134433	SINE/MIR	530	-	90	17134343	76869
chr22	17057474	17257474	harbor1	chr22	17138851	17139044	SINE/MIR	431	-	96	17138947	81473
chr22	50670269	50870269	harbor1	chr22	50716951	50717061	SINE/MIR	535	-	55	50717006	46737
chr22	25044341	25244341	harbor1	chr22	25061501	25061749	SINE/MIR	454	-	124	25061625	17284
chr22	25044341	25244341	harbor1	chr22	25064362	25064513	SINE/MIR	519	-	76	25064438	20097
chr22	25044341	25244341	harbor1	chr22	25076795	25077008	SINE/MIR	655	-	106	25076901	32560
chr22	25044341	25244341	harbor1	chr22	25077944	25078123	SINE/MIR	603	-	90	25078034	33693
chr22	25044341	25244341	harbor1	chr22	25083028	25083053	SINE/MIR	865	-	12	25083040	38699
chr22	25044341	25244341	harbor1	chr22	25083458	25083658	SINE/MIR	865	-	100	25083558	39217
chr22	25044341	25244341	harbor1	chr22	25090624	25090864	SINE/MIR	461	-	120	25090744	46403
chr22	25044341	25244341	harbor1	chr22	25093080	25093275	SINE/MIR	673	-	98	25093178	48837
chr22	25044341	25244341	harbor1	chr22	25125261	25125481	SINE/MIR	551	-	110	25125371	81030
chr22	25044341	25244341	harbor1	chr22	25126627	25126757	SINE/MIR	478	-	65	25126692	82351
chr22	25044341	25244341	harbor1	chr22	25135842	25136053	SINE/MIR	918	-	106	25135948	91607
chr22	25044341	25244341	harbor1	chr22	25136280	25136429	SINE/MIR	539	-	74	25136354	92013
chr22	25044341	25244341	harbor1	chr22	25137834	25137961	SINE/MIR	532	-	64	25137898	93557
chr22	21702152	21902152	harbor1	chr22	21759661	21759907	SINE/MIR	568	-	123	21759784	57632
chr22	21702152	21902152	harbor1	chr22	21779672	21779854	SINE/MIR	474	-	91	21779763	77611
chr22	35207759	35407759	harbor1	chr22	35218373	35218554	SINE/MIR	632	-	90	35218463	10704
chr22	35207759	35407759	harbor1	chr22	35224320	35224369	SINE/MIR	507	-	24	35224344	16585
chr22	35207759	35407759	harbor1	chr22	35224672	35224842	SINE/MIR	507	-	85	35224757	16998
chr22	35207759	35407759	harbor1	chr22	35230074	35230260	SINE/MIR	517	-	93	35230167	22408
chr22	35207759	35407759	harbor1	chr22	35274487	35274697	SINE/MIR	474	-	105	35274592	66833
chr22	35207759	35407759	harbor1	chr22	35291652	35291886	SINE/MIR	525	-	117	35291769	84010
chr22	35207759	35407759	harbor1	chr22	35292151	35292374	SINE/MIR	505	-	112	35292263	84504
chr22	15522096	15722096	harbor1	chr22	15531433	15531658	SINE/MIR	437	-	112	15531545	9449
chr22	15522096	15722096	harbor1	chr22	15555033	15555265	SINE/MIR	436	-	116	15555149	33053
chr22	15522096	15722096	harbor1	chr22	15555684	15555810	SINE/MIR	528	-	63	15555747	33651
chr22	15522096	15722096	harbor1	chr22	15587843	15588042	SINE/MIR	610	-	100	15587943	65847
chr22	15522096	15722096	harbor1	chr22	15531879	15532114	SINE/MIR	530	-	118	15531997	9901
chr22	24074093	24274093	harbor1	chr22	24087134	24087400	SINE/MIR	464	-	133	24087267	13174
chr22	24074093	24274093	harbor1	chr22	24108958	24109195	SINE/MIR	707	-	118	24109076	34983
chr22	24074093	24274093	harbor1	chr22	24114443	24114578	SINE/MIR	439	-	68	24114511	40418
chr22	24074093	24274093	harbor1	chr22	24146823	24147005	SINE/MIR	434	-	91	24146914	72821
chr22	23731916	23931916	harbor1	chr22	23742686	23742918	SINE/MIR	512	-	116	23742802	10886
chr22	45007269	45207269	harbor1	chr22	45013246	45013402	SINE/MIR	531	-	78	45013324	6055
chr22	45007269	45207269	harbor1	chr22	45017278	45017475	SINE/MIR	481	-	98	45017376	10107
chr22	45007269	45207269	harbor1	chr22	45023692	45023846	SINE/MIR	570	-	77	45023769	16500
chr22	45007269	45207269	harbor1	chr22	45028522	45028652	SINE/MIR	432	-	65	45028587	21318
chr22	45007269	45207269	harbor1	chr22	45035085	45035233	SINE/MIR	424	-	74	45035159	27890
chr22	45007269	45207269	harbor1	chr22	45072825	45072986	SINE/MIR	509	-	80	45072905	65636
chr22	45007269	45207269	harbor1	chr22	45080516	45080637	SINE/MIR	513	-	60	45080576	73307
chr22	45007269	45207269	harbor1	chr22	45081557	45081694	SINE/MIR	513	-	68	45081625	74356
chr22	45007269	45207269	harbor1	chr22	45085445	45085646	SINE/MIR	832	-	100	45085545	78276
chr22	45007269	45207269	harbor1	chr22	45095732	45095901	SINE/MIR	493	-	84	45095816	88547
chr22	45007269	45207269	harbor1	chr22	45096078	45096225	SINE/MIR	464	-	74	45096152	88883
chr22	25299456	25499456	harbor1	chr22	25391641	25391794	SINE/MIR	445	-	76	25391717	92261
chr22	44965786	45165786	harbor1	chr22	44969788	44969919	SINE/MIR	559	-	66	44969854	4068
chr22	44965786	45165786	harbor1	chr22	45000882	45001096	SINE/MIR	469	-	107	45000989	35203
chr22	44965786	45165786	harbor1	chr22	45013246	45013402	SINE/MIR	531	-	78	45013324	47538
chr22	44965786	45165786	harbor1	chr22	45017278	45017475	SINE/MIR	481	-	98	45017376	51590
chr22	44965786	45165786	harbor1	chr22	45023692	45023846	SINE/MIR	570	-	77	45023769	57983
chr22	44965786	45165786	harbor1	chr22	45028522	45028652	SINE/MIR	432	-	65	45028587	62801
chr22	44965786	45165786	harbor1	chr22	45035085	45035233	SINE/MIR	424	-	74	45035159	69373
chr22	41067104	41267104	harbor1	chr22	41109568	41109695	SINE/MIR	500	-	64	41109632	42528
chr22	21423024	21623024	harbor1	chr22	21497587	21497773	SINE/MIR	447	-	93	21497680	74656
chr22	29139843	29339843	harbor1	chr22	29195168	29195364	SINE/MIR	579	-	98	29195266	55423
chr22	29139843	29339843	harbor1	chr22	29208899	29209062	SINE/MIR	429	-	82	29208981	69138
chr22	29139843	29339843	harbor1	chr22	29218371	29218516	SINE/MIR	498	-	72	29218443	78600
chr22	29139843	29339843	harbor1	chr22	29224640	29224841	SINE/MIR	486	-	100	29224740	84897
chr22	30277412	30477412	harbor1	chr22	30288441	30288616	SINE/MIR	575	-	88	30288529	11117
chr22	30277412	30477412	harbor1	chr22	30307680	30307793	SINE/MIR	439	-	56	30307736	30324
chr22	30277412	30477412	harbor1	chr22	30308096	30308239	SINE/MIR	439	-	72	30308168	30756
chr22	30277412	30477412	harbor1	chr22	30310625	30310811	SINE/MIR	441	-	93	30310718	33306
chr22	30277412	30477412	harbor1	chr22	30313991	30314220	SINE/MIR	553	-	114	30314105	36693
chr22	30277412	30477412	harbor1	chr22	30320761	30320901	SINE/MIR	609	-	70	30320831	43419
chr22	30277412	30477412	harbor1	chr22	30324666	30324848	SINE/MIR	691	-	91	30324757	47345
chr22	30277412	30477412	harbor1	chr22	30354761	30354777	SINE/MIR	520	-	8	30354769	77357
chr22	30277412	30477412	harbor1	chr22	30354934	30355031	SINE/MIR	520	-	48	30354982	77570
chr22	30277412	30477412	harbor1	chr22	30355311	30355438	SINE/MIR	520	-	64	30355375	77963
chr22	30277412	30477412	harbor1	chr22	30372961	30373197	SINE/MIR	655	-	118	30373079	95667
chr22	30277412	30477412	harbor1	chr22	30310315	30310466	SINE/MIR	503	-	76	30310391	32979
chr22	33488232	33688232	harbor1	chr22	33493624	33493784	SINE/MIR	528	-	80	33493704	5472
chr22	33488232	33688232	harbor1	chr22	33494552	33494813	SINE/MIR	469	-	130	33494682	6450
chr22	33488232	33688232	harbor1	chr22	33510274	33510490	SINE/MIR	633	-	108	33510382	22150
chr22	33488232	33688232	harbor1	chr22	33518130	33518324	SINE/MIR	654	-	97	33518227	29995
chr22	33488232	33688232	harbor1	chr22	33518609	33518667	SINE/MIR	654	-	29	33518638	30406
chr22	33488232	33688232	harbor1	chr22	33528876	33529011	SINE/MIR	484	-	68	33528944	40712
chr22	33488232	33688232	harbor1	chr22	33532438	33532607	SINE/MIR	521	-	84	33532522	44290
chr22	33488232	33688232	harbor1	chr22	33553554	33553747	SINE/MIR	434	-	96	33553650	65418
chr22	33488232	33688232	harbor1	chr22	33581028	33581208	SINE/MIR	471	-	90	33581118	92886
chr22	41912210	42112210	harbor1	chr22	41955897	41956020	SINE/MIR	488	-	62	41955959	43749
chr22	41912210	42112210	harbor1	chr22	41956311	41956362	SINE/MIR	488	-	26	41956337	44127
chr22	41912210	42112210	harbor1	chr22	41956667	41956804	SINE/MIR	428	-	68	41956735	44525
chr22	30590009	30790009	harbor1	chr22	30646211	30646447	SINE/MIR	545	-	118	30646329	56320
chr22	25698935	25898935	harbor1	chr22	25746080	25746255	SINE/MIR	471	-	88	25746168	47233
chr22	25698935	25898935	harbor1	chr22	25764765	25764961	SINE/MIR	463	-	98	25764863	65928
chr22	25698935	25898935	harbor1	chr22	25767691	25767921	SINE/MIR	876	-	115	25767806	68871
chr22	25698935	25898935	harbor1	chr22	25772761	25772994	SINE/MIR	455	-	116	25772877	73942
chr22	25698935	25898935	harbor1	chr22	25778411	25778476	SINE/MIR	699	-	32	25778443	79508
chr22	25698935	25898935	harbor1	chr22	25778792	25778973	SINE/MIR	699	-	90	25778882	79947
chr22	25698935	25898935	harbor1	chr22	25791775	25792000	SINE/MIR	723	-	112	25791887	92952
chr22	25698935	25898935	harbor1	chr22	25793118	25793231	SINE/MIR	638	-	56	25793174	94239
chr22	25698935	25898935	harbor1	chr22	25793539	25793672	SINE/MIR	638	-	66	25793605	94670
chr22	20550945	20750945	harbor1	chr22	20641390	20641613	SINE/MIR	694	-	112	20641502	90557
chr22	20550945	20750945	harbor1	chr22	20646672	20646802	SINE/MIR	608	-	65	20646737	95792
chr22	30404053	30604053	harbor1	chr22	30466171	30466327	SINE/MIR	540	-	78	30466249	62196
chr22	30404053	30604053	harbor1	chr22	30474259	30474367	SINE/MIR	444	-	54	30474313	70260
chr22	30404053	30604053	harbor1	chr22	30474701	30474897	SINE/MIR	647	-	98	30474799	70746
chr22	30404053	30604053	harbor1	chr22	30490676	30490844	SINE/MIR	473	-	84	30490760	86707
chr22	30404053	30604053	harbor1	chr22	30493298	30493503	SINE/MIR	636	-	102	30493400	89347
chr22	30404053	30604053	harbor1	chr22	30502250	30502438	SINE/MIR	435	-	94	30502344	98291
chr22	31102681	31302681	harbor1	chr22	31120595	31120776	SINE/MIR	450	-	90	31120685	18004
chr22	31102681	31302681	harbor1	chr22	31128798	31128921	SINE/MIR	572	-	62	31128860	26179
chr22	31102681	31302681	harbor1	chr22	31131584	31131769	SINE/MIR	512	-	92	31131676	28995
chr22	31102681	31302681	harbor1	chr22	31132335	31132457	SINE/MIR	465	-	61	31132396	29715
chr22	31102681	31302681	harbor1	chr22	31132763	31132879	SINE/MIR	465	-	58	31132821	30140
chr22	31102681	31302681	harbor1	chr22	31134786	31134956	SINE/MIR	462	-	85	31134871	32190
chr22	31102681	31302681	harbor1	chr22	31134982	31135118	SINE/MIR	480	-	68	31135050	32369
chr22	31102681	31302681	harbor1	chr22	31139327	31139529	SINE/MIR	461	-	101	31139428	36747
chr22	31102681	31302681	harbor1	chr22	31174049	31174240	SINE/MIR	696	-	96	31174145	71464
chr22	31102681	31302681	harbor1	chr22	31199161	31199366	SINE/MIR	661	-	102	31199263	96582
chr22	42583743	42783743	harbor1	chr22	42612196	42612442	SINE/MIR	684	-	123	42612319	28576
chr22	42583743	42783743	harbor1	chr22	42620168	42620403	SINE/MIR	620	-	118	42620286	36543
chr22	42583743	42783743	harbor1	chr22	42637718	42637847	SINE/MIR	474	-	64	42637782	54039
chr22	42583743	42783743	harbor1	chr22	42673118	42673171	SINE/MIR	563	-	26	42673144	89401
chr22	42583743	42783743	harbor1	chr22	42673471	42673506	SINE/MIR	563	-	18	42673489	89746
chr22	42583743	42783743	harbor1	chr22	42673818	42673948	SINE/MIR	563	-	65	42673883	90140
chr22	41343391	41543391	harbor1	chr22	41346988	41347169	SINE/MIR	451	-	90	41347078	3687
chr22	41343391	41543391	harbor1	chr22	41372391	41372584	SINE/MIR	464	-	96	41372487	29096
chr22	41343391	41543391	harbor1	chr22	41376766	41376968	SINE/MIR	431	-	101	41376867	33476
chr22	41343391	41543391	harbor1	chr22	41380904	41381086	SINE/MIR	517	-	91	41380995	37604
chr22	41343391	41543391	harbor1	chr22	41383444	41383646	SINE/MIR	440	-	101	41383545	40154
chr22	41343391	41543391	harbor1	chr22	41384723	41384755	SINE/MIR	446	-	16	41384739	41348
chr22	41343391	41543391	harbor1	chr22	41385054	41385081	SINE/MIR	446	-	14	41385068	41677
chr22	41343391	41543391	harbor1	chr22	41385375	41385526	SINE/MIR	446	-	76	41385451	42060
chr22	41343391	41543391	harbor1	chr22	41407086	41407108	SINE/MIR	534	-	11	41407097	63706
chr22	41343391	41543391	harbor1	chr22	41407546	41407696	SINE/MIR	534	-	75	41407621	64230
chr22	41343391	41543391	harbor1	chr22	41408002	41408108	SINE/MIR	665	-	53	41408055	64664
chr22	41343391	41543391	harbor1	chr22	41408419	41408542	SINE/MIR	665	-	62	41408481	65090
chr22	41343391	41543391	harbor1	chr22	41430525	41430638	SINE/MIR	433	-	56	41430581	87190
chr22	21647382	21847382	harbor1	chr22	21651175	21651330	SINE/MIR	431	-	78	21651253	3871
chr22	34654208	34854208	harbor1	chr22	34694236	34694469	SINE/MIR	534	-	116	34694352	40144
chr22	28916431	29116431	harbor1	chr22	28919309	28919521	SINE/MIR	659	-	106	28919415	2984
chr22	28916431	29116431	harbor1	chr22	28938423	28938564	SINE/MIR	627	-	70	28938493	22062
chr22	28916431	29116431	harbor1	chr22	28965293	28965522	SINE/MIR	756	-	114	28965407	48976
chr22	38178953	38378953	harbor1	chr22	38208198	38208399	SINE/MIR	615	-	100	38208298	29345
chr22	38178953	38378953	harbor1	chr22	38228269	38228433	SINE/MIR	478	-	82	38228351	49398
chr22	38178953	38378953	harbor1	chr22	38229343	38229559	SINE/MIR	714	-	108	38229451	50498
chr22	41929738	42129738	harbor1	chr22	41955897	41956020	SINE/MIR	488	-	62	41955959	26221
chr22	41929738	42129738	harbor1	chr22	41956311	41956362	SINE/MIR	488	-	26	41956337	26599
chr22	41929738	42129738	harbor1	chr22	41956667	41956804	SINE/MIR	428	-	68	41956735	26997
chr22	16657817	16857817	harbor1	chr22	16694845	16694990	SINE/MIR	424	-	72	16694917	37100
chr22	16657817	16857817	harbor1	chr22	16696109	16696304	SINE/MIR	799	-	98	16696207	38390
chr22	16657817	16857817	harbor1	chr22	16745833	16746004	SINE/MIR	439	-	86	16745919	88102
chr22	25881652	26081652	harbor1	chr22	25885115	25885347	SINE/MIR	808	-	116	25885231	3579
chr22	25881652	26081652	harbor1	chr22	25890415	25890639	SINE/MIR	543	-	112	25890527	8875
chr22	25881652	26081652	harbor1	chr22	25917897	25918041	SINE/MIR	449	-	72	25917969	36317
chr22	25881652	26081652	harbor1	chr22	25919862	25920111	SINE/MIR	584	-	124	25919986	38334
chr22	25881652	26081652	harbor1	chr22	25920986	25921217	SINE/MIR	684	-	116	25921102	39450
chr22	25881652	26081652	harbor1	chr22	25922101	25922240	SINE/MIR	450	-	70	25922171	40519
chr22	25881652	26081652	harbor1	chr22	25923405	25923581	SINE/MIR	552	-	88	25923493	41841
chr22	25881652	26081652	harbor1	chr22	25924925	25925050	SINE/MIR	426	-	62	25924987	43335
chr22	25881652	26081652	harbor1	chr22	25954455	25954686	SINE/MIR	535	-	116	25954571	72919
chr22	25881652	26081652	harbor1	chr22	25955693	25955874	SINE/MIR	493	-	90	25955783	74131
chr22	25881652	26081652	harbor1	chr22	25964303	25964423	SINE/MIR	524	-	60	25964363	82711
chr22	25881652	26081652	harbor1	chr22	25964738	25964864	SINE/MIR	431	-	63	25964801	83149
chr22	25881652	26081652	harbor1	chr22	25975439	25975676	SINE/MIR	710	-	118	25975557	93905
chr22	25881652	26081652	harbor1	chr22	25977746	25977996	SINE/MIR	578	-	125	25977871	96219
chr22	34650226	34850226	harbor1	chr22	34653234	34653464	SINE/MIR	466	-	115	34653349	3123
chr22	34650226	34850226	harbor1	chr22	34694236	34694469	SINE/MIR	534	-	116	34694352	44126
chr22	44513119	44713119	harbor1	chr22	44530836	44530903	SINE/MIR	567	-	34	44530870	17751
chr22	44513119	44713119	harbor1	chr22	44531214	44531311	SINE/MIR	567	-	48	44531262	18143
chr22	44513119	44713119	harbor1	chr22	44537184	44537363	SINE/MIR	684	-	90	44537274	24155
chr22	44513119	44713119	harbor1	chr22	44538285	44538509	SINE/MIR	651	-	112	44538397	25278
chr22	44513119	44713119	harbor1	chr22	44538672	44538804	SINE/MIR	538	-	66	44538738	25619
chr22	44513119	44713119	harbor1	chr22	44544303	44544420	SINE/MIR	436	-	58	44544361	31242
chr22	44513119	44713119	harbor1	chr22	44584821	44584997	SINE/MIR	497	-	88	44584909	71790
chr22	44513119	44713119	harbor1	chr22	44531608	44531713	SINE/MIR	567	-	52	44531660	18541
chr22	46860591	47060591	harbor1	chr22	46870048	46870267	SINE/MIR	518	-	110	46870158	9567
chr22	16649737	16849737	harbor1	chr22	16694845	16694990	SINE/MIR	424	-	72	16694917	45180
chr22	16649737	16849737	harbor1	chr22	16696109	16696304	SINE/MIR	799	-	98	16696207	46470
chr22	16649737	16849737	harbor1	chr22	16745833	16746004	SINE/MIR	439	-	86	16745919	96182
chr22	29629137	29829137	harbor1	chr22	29631706	29631899	SINE/MIR	526	-	96	29631802	2665
chr22	29629137	29829137	harbor1	chr22	29651988	29652157	SINE/MIR	486	-	84	29652072	22935
chr22	29629137	29829137	harbor1	chr22	29652603	29652815	SINE/MIR	623	-	106	29652709	23572
chr22	29629137	29829137	harbor1	chr22	29679017	29679247	SINE/MIR	458	-	115	29679132	49995
chr22	29629137	29829137	harbor1	chr22	29681193	29681335	SINE/MIR	492	-	71	29681264	52127
chr22	29629137	29829137	harbor1	chr22	29692782	29693037	SINE/MIR	564	-	128	29692910	63773
chr22	29629137	29829137	harbor1	chr22	29716140	29716334	SINE/MIR	432	-	97	29716237	87100
chr22	29629137	29829137	harbor1	chr22	29724213	29724329	SINE/MIR	452	-	58	29724271	95134
chrX	104453727	104653727	harbor1	chrX	104466924	104467122	SINE/MIR	725	-	99	104467023	13296
chrX	104453727	104653727	harbor1	chrX	104504833	104505032	SINE/MIR	847	-	100	104504933	51206
chrX	104453727	104653727	harbor1	chrX	104506327	104506493	SINE/MIR	839	-	83	104506410	52683
chrX	104453727	104653727	harbor1	chrX	104480640	104480894	SINE/MIR	794	-	127	104480767	27040
chrX	104453727	104653727	harbor1	chrX	104546182	104546456	SINE/MIR	644	-	137	104546319	92592
chrX	83312689	83512689	harbor1	chrX	83323484	83323712	SINE/MIR	591	-	114	83323598	10909
chrX	51152241	51352241	harbor1	chrX	51232619	51232780	SINE/MIR	582	-	80	51232699	80458
chrX	96090398	96290398	harbor1	chrX	96136232	96136378	SINE/MIR	532	-	73	96136305	45907
chrX	96090398	96290398	harbor1	chrX	96180801	96181026	SINE/MIR	696	-	112	96180913	90515
chrX	138945206	139145206	harbor1	chrX	138950968	138951218	SINE/MIR	773	-	125	138951093	5887
chrX	138945206	139145206	harbor1	chrX	138955438	138955637	SINE/MIR	730	-	100	138955538	10332
chrX	138945206	139145206	harbor1	chrX	138975152	138975401	SINE/MIR	968	-	124	138975276	30070
chrX	138945206	139145206	harbor1	chrX	138978614	138978807	SINE/MIR	550	-	96	138978710	33504
chrX	138945206	139145206	harbor1	chrX	138986008	138986193	SINE/MIR	655	-	92	138986100	40894
chrX	138945206	139145206	harbor1	chrX	139031464	139031616	SINE/MIR	541	-	76	139031540	86334
chrX	138945206	139145206	harbor1	chrX	139039109	139039351	SINE/MIR	842	-	121	139039230	94024
chrX	138945206	139145206	harbor1	chrX	139040078	139040228	SINE/MIR	712	-	75	139040153	94947
chrX	120441822	120641822	harbor1	chrX	120501325	120501364	SINE/MIR	609	-	20	120501345	59523
chrX	120441822	120641822	harbor1	chrX	120501673	120501867	SINE/MIR	609	-	97	120501770	59948
chrX	120441822	120641822	harbor1	chrX	120529258	120529443	SINE/MIR	731	-	92	120529350	87528
chrX	141870043	142070043	harbor1	chrX	141899319	141899554	SINE/MIR	580	-	118	141899437	29394
chrX	141870043	142070043	harbor1	chrX	141955309	141955548	SINE/MIR	564	-	120	141955429	85386
chrX	12236283	12436283	harbor1	chrX	12281746	12281951	SINE/MIR	509	-	102	12281848	45565
chrX	77439260	77639260	harbor1	chrX	77443091	77443299	SINE/MIR	605	-	104	77443195	3935
chrX	83114404	83314404	harbor1	chrX	83205441	83205665	SINE/MIR	800	-	112	83205553	91149
chrX	83114404	83314404	harbor1	chrX	83206819	83207068	SINE/MIR	591	-	124	83206943	92539
