H_chr	H_start	H_end	Harbor	TE_chr	TE_start	TE_end	TE	score	TE_strand	TE_half	TE_middle_pos	TE_dis
chr1	238791763	238991763	harbor2	chr1	238811830	238812038	SINE/MIR	489	-	104	238811934	20171
chr1	85236785	85436785	harbor2	chr1	85282730	85282949	SINE/MIR	554	-	110	85282840	46055
chr1	85236785	85436785	harbor2	chr1	85283268	85283295	SINE/MIR	492	-	14	85283282	46497
chr1	83434866	83634866	harbor2	chr1	83446831	83447054	SINE/MIR	637	-	112	83446943	12077
chr1	83434866	83634866	harbor2	chr1	83448166	83448418	SINE/MIR	960	-	126	83448292	13426
chr1	83434866	83634866	harbor2	chr1	83448877	83449115	SINE/MIR	524	-	119	83448996	14130
chr1	83434866	83634866	harbor2	chr1	83527057	83527245	SINE/MIR	416	-	94	83527151	92285
chr1	83434866	83634866	harbor2	chr1	83530775	83530983	SINE/MIR	542	-	104	83530879	96013
chr1	223639212	223839212	harbor2	chr1	223654473	223654647	SINE/MIR	421	-	87	223654560	15348
chr1	223639212	223839212	harbor2	chr1	223659763	223659910	SINE/MIR	484	-	74	223659837	20625
chr1	223639212	223839212	harbor2	chr1	223664402	223664642	SINE/MIR	661	-	120	223664522	25310
chr1	223639212	223839212	harbor2	chr1	223705836	223705946	SINE/MIR	459	-	55	223705891	66679
chr1	223639212	223839212	harbor2	chr1	223715872	223716074	SINE/MIR	889	-	101	223715973	76761
chr1	223639212	223839212	harbor2	chr1	223720646	223720886	SINE/MIR	484	-	120	223720766	81554
chr1	223639212	223839212	harbor2	chr1	223734784	223734961	SINE/MIR	539	-	88	223734872	95660
chr1	181675233	181875233	harbor2	chr1	181703286	181703470	SINE/MIR	641	-	92	181703378	28145
chr1	181675233	181875233	harbor2	chr1	181755609	181755803	SINE/MIR	540	-	97	181755706	80473
chr1	181675233	181875233	harbor2	chr1	181760323	181760516	SINE/MIR	437	-	96	181760419	85186
chr1	181675233	181875233	harbor2	chr1	181760613	181760818	SINE/MIR	592	-	102	181760715	85482
chr1	178027537	178227537	harbor2	chr1	178027862	178028051	SINE/MIR	513	-	94	178027956	419
chr1	178027537	178227537	harbor2	chr1	178047747	178047940	SINE/MIR	671	-	96	178047843	20306
chr1	178027537	178227537	harbor2	chr1	178048449	178048632	SINE/MIR	533	-	92	178048541	21004
chr1	178027537	178227537	harbor2	chr1	178063496	178063738	SINE/MIR	1042	-	121	178063617	36080
chr1	178027537	178227537	harbor2	chr1	178108401	178108648	SINE/MIR	1096	-	124	178108525	80988
chr1	178027537	178227537	harbor2	chr1	178125988	178126209	SINE/MIR	668	-	110	178126098	98561
chr1	179174585	179374585	harbor2	chr1	179199539	179199657	SINE/MIR	416	-	59	179199598	25013
chr1	179174585	179374585	harbor2	chr1	179205888	179206146	SINE/MIR	884	-	129	179206017	31432
chr1	179174585	179374585	harbor2	chr1	179207539	179207710	SINE/MIR	625	-	86	179207625	33040
chr1	179174585	179374585	harbor2	chr1	179226706	179226849	SINE/MIR	645	-	72	179226778	52193
chr1	179174585	179374585	harbor2	chr1	179253149	179253404	SINE/MIR	802	-	128	179253277	78692
chr1	213652921	213852921	harbor2	chr1	213656023	213656237	SINE/MIR	487	-	107	213656130	3209
chr1	213652921	213852921	harbor2	chr1	213684239	213684443	SINE/MIR	428	-	102	213684341	31420
chr1	216714048	216914048	harbor2	chr1	216729950	216730115	SINE/MIR	430	-	82	216730032	15984
chr1	216714048	216914048	harbor2	chr1	216746072	216746305	SINE/MIR	452	-	116	216746188	32140
chr1	216714048	216914048	harbor2	chr1	216758857	216759079	SINE/MIR	567	-	111	216758968	44920
chr1	216714048	216914048	harbor2	chr1	216761988	216762148	SINE/MIR	420	-	80	216762068	48020
chr1	216714048	216914048	harbor2	chr1	216765308	216765522	SINE/MIR	549	-	107	216765415	51367
chr1	216714048	216914048	harbor2	chr1	216766986	216767134	SINE/MIR	435	-	74	216767060	53012
chr1	216714048	216914048	harbor2	chr1	216802741	216802882	SINE/MIR	415	-	70	216802811	88763
chr1	107497052	107697052	harbor2	chr1	107525206	107525408	SINE/MIR	440	-	101	107525307	28255
chr1	107497052	107697052	harbor2	chr1	107564476	107564528	SINE/MIR	755	-	26	107564502	67450
chr1	107497052	107697052	harbor2	chr1	107564822	107565013	SINE/MIR	755	-	96	107564918	67866
chr1	107497052	107697052	harbor2	chr1	107566537	107566742	SINE/MIR	484	-	102	107566639	69587
chr1	107497052	107697052	harbor2	chr1	107592680	107592790	SINE/MIR	425	-	55	107592735	95683
chr1	107497052	107697052	harbor2	chr1	107560795	107560978	SINE/MIR	485	-	92	107560887	63835
chr1	113830100	114030100	harbor2	chr1	113831953	113832181	SINE/MIR	553	-	114	113832067	1967
chr1	113830100	114030100	harbor2	chr1	113870184	113870351	SINE/MIR	502	-	84	113870268	40168
chr1	113830100	114030100	harbor2	chr1	113878139	113878374	SINE/MIR	534	-	118	113878257	48157
chr1	248710745	248910745	harbor2	chr1	248737527	248737685	SINE/MIR	478	-	79	248737606	26861
chr1	209361823	209561823	harbor2	chr1	209361967	209362186	SINE/MIR	456	-	110	209362077	254
chr1	209361823	209561823	harbor2	chr1	209368370	209368541	SINE/MIR	475	-	86	209368456	6633
chr1	209361823	209561823	harbor2	chr1	209380291	209380447	SINE/MIR	465	-	78	209380369	18546
chr1	209361823	209561823	harbor2	chr1	209396545	209396741	SINE/MIR	737	-	98	209396643	34820
chr1	209361823	209561823	harbor2	chr1	209405970	209406219	SINE/MIR	423	-	124	209406094	44271
chr1	209361823	209561823	harbor2	chr1	209414745	209414951	SINE/MIR	440	-	103	209414848	53025
chr1	209361823	209561823	harbor2	chr1	209417715	209417888	SINE/MIR	685	-	86	209417801	55978
chr1	209361823	209561823	harbor2	chr1	209441880	209442017	SINE/MIR	432	-	68	209441948	80125
chr1	209361823	209561823	harbor2	chr1	209436506	209436714	SINE/MIR	525	-	104	209436610	74787
chr1	218223925	218423925	harbor2	chr1	218230495	218230668	SINE/MIR	414	-	86	218230581	6656
chr1	218223925	218423925	harbor2	chr1	218232008	218232275	SINE/MIR	672	-	134	218232142	8217
chr1	218223925	218423925	harbor2	chr1	218232814	218233034	SINE/MIR	579	-	110	218232924	8999
chr1	218223925	218423925	harbor2	chr1	218244738	218244788	SINE/MIR	413	-	25	218244763	20838
chr1	218223925	218423925	harbor2	chr1	218245005	218245118	SINE/MIR	413	-	56	218245061	21136
chr1	218223925	218423925	harbor2	chr1	218252416	218252636	SINE/MIR	477	-	110	218252526	28601
chr1	218223925	218423925	harbor2	chr1	218288386	218288638	SINE/MIR	609	-	126	218288512	64587
chr1	218223925	218423925	harbor2	chr1	218296998	218297242	SINE/MIR	922	-	122	218297120	73195
chr1	218223925	218423925	harbor2	chr1	218297408	218297631	SINE/MIR	490	-	112	218297520	73595
chr1	23715438	23915438	harbor2	chr1	23748139	23748383	SINE/MIR	613	-	122	23748261	32823
chr1	23715438	23915438	harbor2	chr1	23777272	23777409	SINE/MIR	567	-	68	23777340	61902
chr1	23715438	23915438	harbor2	chr1	23777413	23777462	SINE/MIR	741	-	24	23777437	61999
chr1	23715438	23915438	harbor2	chr1	23777764	23777954	SINE/MIR	700	-	95	23777859	62421
chr1	23715438	23915438	harbor2	chr1	23779694	23779835	SINE/MIR	535	-	70	23779764	64326
chr1	23715438	23915438	harbor2	chr1	23783948	23784143	SINE/MIR	725	-	98	23784046	68608
chr1	23715438	23915438	harbor2	chr1	23799997	23800215	SINE/MIR	464	-	109	23800106	84668
chr1	23715438	23915438	harbor2	chr1	23802968	23803031	SINE/MIR	583	-	32	23803000	87562
chr1	23715438	23915438	harbor2	chr1	23803623	23803821	SINE/MIR	583	-	99	23803722	88284
chr1	57565137	57765137	harbor2	chr1	57580755	57580926	SINE/MIR	435	-	86	57580841	15704
chr1	57565137	57765137	harbor2	chr1	57587309	57587572	SINE/MIR	504	-	132	57587441	22304
chr1	57565137	57765137	harbor2	chr1	57587674	57587814	SINE/MIR	474	-	70	57587744	22607
chr1	57565137	57765137	harbor2	chr1	57608584	57608805	SINE/MIR	597	-	110	57608694	43557
chr1	57565137	57765137	harbor2	chr1	57610295	57610529	SINE/MIR	595	-	117	57610412	45275
chr1	57565137	57765137	harbor2	chr1	57640352	57640591	SINE/MIR	427	-	120	57640472	75335
chr1	57565137	57765137	harbor2	chr1	57645576	57645781	SINE/MIR	533	-	102	57645678	80541
chr1	57565137	57765137	harbor2	chr1	57622470	57622721	SINE/MIR	726	-	126	57622596	57459
chr1	174449313	174649313	harbor2	chr1	174451418	174451628	SINE/MIR	426	-	105	174451523	2210
chr1	174449313	174649313	harbor2	chr1	174467652	174467799	SINE/MIR	436	-	74	174467726	18413
chr1	174449313	174649313	harbor2	chr1	174516616	174516783	SINE/MIR	432	-	84	174516700	67387
chr1	170157294	170357294	harbor2	chr1	170160283	170160423	SINE/MIR	483	-	70	170160353	3059
chr1	170157294	170357294	harbor2	chr1	170162572	170162805	SINE/MIR	879	-	116	170162688	5394
chr1	170157294	170357294	harbor2	chr1	170184044	170184231	SINE/MIR	625	-	94	170184138	26844
chr1	170157294	170357294	harbor2	chr1	170196031	170196236	SINE/MIR	637	-	102	170196133	38839
chr1	170157294	170357294	harbor2	chr1	170210376	170210552	SINE/MIR	626	-	88	170210464	53170
chr1	170157294	170357294	harbor2	chr1	170212455	170212648	SINE/MIR	410	-	96	170212551	55257
chr1	170157294	170357294	harbor2	chr1	170230564	170230780	SINE/MIR	784	-	108	170230672	73378
chr1	170157294	170357294	harbor2	chr1	170247020	170247246	SINE/MIR	513	-	113	170247133	89839
chr1	170157294	170357294	harbor2	chr1	170252754	170252974	SINE/MIR	494	-	110	170252864	95570
chr1	239853196	240053196	harbor2	chr1	239865943	239866095	SINE/MIR	589	-	76	239866019	12823
chr1	239853196	240053196	harbor2	chr1	239866418	239866494	SINE/MIR	589	-	38	239866456	13260
chr1	239853196	240053196	harbor2	chr1	239873981	239874162	SINE/MIR	514	-	90	239874071	20875
chr1	239853196	240053196	harbor2	chr1	239877495	239877709	SINE/MIR	457	-	107	239877602	24406
chr1	239853196	240053196	harbor2	chr1	239882399	239882577	SINE/MIR	477	-	89	239882488	29292
chr1	239853196	240053196	harbor2	chr1	239883478	239883711	SINE/MIR	564	-	116	239883594	30398
chr1	239853196	240053196	harbor2	chr1	239906028	239906169	SINE/MIR	431	-	70	239906098	52902
chr1	153694467	153894467	harbor2	chr1	153725889	153726006	SINE/MIR	413	-	58	153725947	31480
chr1	153694467	153894467	harbor2	chr1	153753149	153753276	SINE/MIR	463	-	64	153753213	58746
chr1	153694467	153894467	harbor2	chr1	153753583	153753651	SINE/MIR	463	-	34	153753617	59150
chr1	245342135	245542135	harbor2	chr1	245351522	245351745	SINE/MIR	746	-	112	245351634	9499
chr1	245342135	245542135	harbor2	chr1	245360428	245360642	SINE/MIR	693	-	107	245360535	18400
chr1	245342135	245542135	harbor2	chr1	245369510	245369686	SINE/MIR	615	-	88	245369598	27463
chr1	245342135	245542135	harbor2	chr1	245380571	245380702	SINE/MIR	406	-	66	245380637	38502
chr1	245342135	245542135	harbor2	chr1	245384300	245384418	SINE/MIR	516	-	59	245384359	42224
chr1	245342135	245542135	harbor2	chr1	245430685	245430903	SINE/MIR	693	-	109	245430794	88659
chr1	172903948	173103948	harbor2	chr1	172923492	172923673	SINE/MIR	609	-	90	172923582	19634
chr1	172903948	173103948	harbor2	chr1	172927719	172927961	SINE/MIR	981	-	121	172927840	23892
chr1	172903948	173103948	harbor2	chr1	172937797	172937989	SINE/MIR	419	-	96	172937893	33945
chr1	172903948	173103948	harbor2	chr1	172955139	172955342	SINE/MIR	466	-	102	172955241	51293
chr1	235595329	235795329	harbor2	chr1	235691217	235691433	SINE/MIR	525	-	108	235691325	95996
chr1	235595329	235795329	harbor2	chr1	235695149	235695366	SINE/MIR	741	-	108	235695257	99928
chr1	223533943	223733943	harbor2	chr1	223535807	223535963	SINE/MIR	539	-	78	223535885	1942
chr1	223533943	223733943	harbor2	chr1	223546602	223546824	SINE/MIR	688	-	111	223546713	12770
chr1	223533943	223733943	harbor2	chr1	223549801	223550024	SINE/MIR	810	-	112	223549913	15970
chr1	223533943	223733943	harbor2	chr1	223555090	223555309	SINE/MIR	522	-	110	223555200	21257
chr1	223533943	223733943	harbor2	chr1	223617700	223617932	SINE/MIR	512	-	116	223617816	83873
chr1	223533943	223733943	harbor2	chr1	223623258	223623514	SINE/MIR	788	-	128	223623386	89443
chr1	216480807	216680807	harbor2	chr1	216575509	216575716	SINE/MIR	702	-	104	216575613	94806
chr1	118918529	119118529	harbor2	chr1	118920032	118920164	SINE/MIR	473	-	66	118920098	1569
chr1	118918529	119118529	harbor2	chr1	118936664	118936810	SINE/MIR	453	-	73	118936737	18208
chr1	118918529	119118529	harbor2	chr1	118939839	118940065	SINE/MIR	628	-	113	118939952	21423
chr1	118918529	119118529	harbor2	chr1	118973079	118973280	SINE/MIR	600	-	100	118973179	54650
chr1	118918529	119118529	harbor2	chr1	118976973	118977198	SINE/MIR	801	-	112	118977085	58556
chr1	118918529	119118529	harbor2	chr1	118995992	118996173	SINE/MIR	605	-	90	118996082	77553
chr1	168838826	169038826	harbor2	chr1	168861360	168861599	SINE/MIR	721	-	120	168861480	22654
chr1	168838826	169038826	harbor2	chr1	168863489	168863651	SINE/MIR	442	-	81	168863570	24744
chr1	168838826	169038826	harbor2	chr1	168865294	168865469	SINE/MIR	415	-	88	168865382	26556
chr1	168838826	169038826	harbor2	chr1	168896598	168896789	SINE/MIR	529	-	96	168896694	57868
chr1	168838826	169038826	harbor2	chr1	168903862	168904056	SINE/MIR	441	-	97	168903959	65133
chr1	168838826	169038826	harbor2	chr1	168910280	168910473	SINE/MIR	551	-	96	168910376	71550
chr1	168838826	169038826	harbor2	chr1	168913070	168913185	SINE/MIR	704	-	58	168913128	74302
chr1	168838826	169038826	harbor2	chr1	168913477	168913632	SINE/MIR	704	-	78	168913555	74729
chr1	168838826	169038826	harbor2	chr1	168918504	168918734	SINE/MIR	538	-	115	168918619	79793
chr1	179824754	180024754	harbor2	chr1	179850093	179850293	SINE/MIR	594	-	100	179850193	25439
chr1	179824754	180024754	harbor2	chr1	179859191	179859409	SINE/MIR	1016	-	109	179859300	34546
chr1	179824754	180024754	harbor2	chr1	179860585	179860756	SINE/MIR	557	-	86	179860671	35917
chr1	179824754	180024754	harbor2	chr1	179884904	179885065	SINE/MIR	566	-	80	179884984	60230
chr1	179824754	180024754	harbor2	chr1	179924117	179924330	SINE/MIR	758	-	106	179924223	99469
chr1	231655327	231855327	harbor2	chr1	231664089	231664275	SINE/MIR	604	-	93	231664182	8855
chr1	231655327	231855327	harbor2	chr1	231677484	231677689	SINE/MIR	505	-	102	231677586	22259
chr1	231655327	231855327	harbor2	chr1	231692970	231693156	SINE/MIR	964	-	93	231693063	37736
chr1	231655327	231855327	harbor2	chr1	231743211	231743435	SINE/MIR	845	-	112	231743323	87996
chr1	88435331	88635331	harbor2	chr1	88474849	88475086	SINE/MIR	973	-	118	88474967	39636
chr1	88435331	88635331	harbor2	chr1	88489581	88489748	SINE/MIR	546	-	84	88489665	54334
chr1	88435331	88635331	harbor2	chr1	88490184	88490226	SINE/MIR	546	-	21	88490205	54874
chr1	88435331	88635331	harbor2	chr1	88507288	88507514	SINE/MIR	987	-	113	88507401	72070
chr1	88435331	88635331	harbor2	chr1	88511670	88511855	SINE/MIR	536	-	92	88511762	76431
chr1	87888360	88088360	harbor2	chr1	87892943	87893167	SINE/MIR	730	-	112	87893055	4695
chr1	87888360	88088360	harbor2	chr1	87898348	87898527	SINE/MIR	478	-	90	87898438	10078
chr1	87888360	88088360	harbor2	chr1	87921142	87921305	SINE/MIR	582	-	82	87921224	32864
chr1	87888360	88088360	harbor2	chr1	87922123	87922294	SINE/MIR	663	-	86	87922209	33849
chr1	87888360	88088360	harbor2	chr1	87942739	87942974	SINE/MIR	633	-	118	87942857	54497
chr1	87888360	88088360	harbor2	chr1	87943594	87943753	SINE/MIR	572	-	80	87943674	55314
chr1	87888360	88088360	harbor2	chr1	87945254	87945382	SINE/MIR	487	-	64	87945318	56958
chr1	87888360	88088360	harbor2	chr1	87960618	87960815	SINE/MIR	436	-	98	87960716	72356
chr1	240711816	240911816	harbor2	chr1	240735462	240735650	SINE/MIR	417	-	94	240735556	23740
chr1	240711816	240911816	harbor2	chr1	240737859	240737992	SINE/MIR	474	-	66	240737925	26109
chr1	240711816	240911816	harbor2	chr1	240804269	240804434	SINE/MIR	650	-	82	240804351	92535
chr1	240711816	240911816	harbor2	chr1	240808402	240808660	SINE/MIR	804	-	129	240808531	96715
chr1	243362159	243562159	harbor2	chr1	243376214	243376435	SINE/MIR	597	-	110	243376324	14165
chr1	243362159	243562159	harbor2	chr1	243386077	243386311	SINE/MIR	580	-	117	243386194	24035
chr1	243362159	243562159	harbor2	chr1	243399859	243400074	SINE/MIR	712	-	108	243399967	37808
chr1	243362159	243562159	harbor2	chr1	243403432	243403585	SINE/MIR	414	-	76	243403508	41349
chr1	243362159	243562159	harbor2	chr1	243419573	243419714	SINE/MIR	435	-	70	243419643	57484
chr1	243362159	243562159	harbor2	chr1	243427183	243427315	SINE/MIR	511	-	66	243427249	65090
chr1	243362159	243562159	harbor2	chr1	243439678	243439828	SINE/MIR	544	-	75	243439753	77594
chr1	243362159	243562159	harbor2	chr1	243458458	243458684	SINE/MIR	915	-	113	243458571	96412
chr1	243362159	243562159	harbor2	chr1	243459181	243459355	SINE/MIR	476	-	87	243459268	97109
chr1	181095157	181295157	harbor2	chr1	181123365	181123597	SINE/MIR	1032	-	116	181123481	28324
chr1	181095157	181295157	harbor2	chr1	181135329	181135485	SINE/MIR	452	-	78	181135407	40250
chr1	181095157	181295157	harbor2	chr1	181142926	181143126	SINE/MIR	491	-	100	181143026	47869
chr1	181095157	181295157	harbor2	chr1	181152272	181152416	SINE/MIR	418	-	72	181152344	57187
chr1	181095157	181295157	harbor2	chr1	181158626	181158789	SINE/MIR	596	-	82	181158708	63551
chr1	181095157	181295157	harbor2	chr1	181182880	181183134	SINE/MIR	741	-	127	181183007	87850
chr1	181095157	181295157	harbor2	chr1	181190451	181190600	SINE/MIR	485	-	74	181190525	95368
chr1	232152947	232352947	harbor2	chr1	232164671	232164862	SINE/MIR	755	-	96	232164767	11820
chr1	232152947	232352947	harbor2	chr1	232170880	232171052	SINE/MIR	445	-	86	232170966	18019
chr1	232152947	232352947	harbor2	chr1	232218573	232218742	SINE/MIR	628	-	84	232218657	65710
chr1	232152947	232352947	harbor2	chr1	232228149	232228359	SINE/MIR	474	-	105	232228254	75307
chr1	232152947	232352947	harbor2	chr1	232238638	232238788	SINE/MIR	600	-	75	232238713	85766
chr1	167129795	167329795	harbor2	chr1	167136711	167136772	SINE/MIR	591	-	30	167136741	6946
chr1	167129795	167329795	harbor2	chr1	167137133	167137238	SINE/MIR	591	-	52	167137185	7390
chr1	167129795	167329795	harbor2	chr1	167140224	167140432	SINE/MIR	592	-	104	167140328	10533
chr1	167129795	167329795	harbor2	chr1	167151797	167151973	SINE/MIR	570	-	88	167151885	22090
chr1	167129795	167329795	harbor2	chr1	167175739	167175985	SINE/MIR	904	-	123	167175862	46067
chr1	167129795	167329795	harbor2	chr1	167227849	167228055	SINE/MIR	419	-	103	167227952	98157
chr1	76260370	76460370	harbor2	chr1	76260417	76260663	SINE/MIR	895	-	123	76260540	170
chr1	76260370	76460370	harbor2	chr1	76262109	76262346	SINE/MIR	716	-	118	76262227	1857
chr1	76260370	76460370	harbor2	chr1	76278711	76278914	SINE/MIR	623	-	102	76278813	18443
chr1	76260370	76460370	harbor2	chr1	76280949	76281132	SINE/MIR	697	-	92	76281041	20671
chr1	76260370	76460370	harbor2	chr1	76287879	76288015	SINE/MIR	453	-	68	76287947	27577
chr1	76260370	76460370	harbor2	chr1	76301017	76301194	SINE/MIR	407	-	88	76301105	40735
chr1	76260370	76460370	harbor2	chr1	76302587	76302755	SINE/MIR	536	-	84	76302671	42301
chr1	76260370	76460370	harbor2	chr1	76305779	76305927	SINE/MIR	459	-	74	76305853	45483
chr1	76260370	76460370	harbor2	chr1	76330553	76330762	SINE/MIR	556	-	104	76330657	70287
chr1	76260370	76460370	harbor2	chr1	76333793	76334024	SINE/MIR	704	-	116	76333909	73539
chr1	76260370	76460370	harbor2	chr1	76336516	76336715	SINE/MIR	418	-	100	76336616	76246
chr1	185028550	185228550	harbor2	chr1	185052912	185053140	SINE/MIR	704	-	114	185053026	24476
chr1	185028550	185228550	harbor2	chr1	185070183	185070382	SINE/MIR	470	-	100	185070283	41733
chr1	238308423	238508423	harbor2	chr1	238399878	238399916	SINE/MIR	720	-	19	238399897	91474
chr1	238308423	238508423	harbor2	chr1	238400452	238400661	SINE/MIR	720	-	104	238400556	92133
chr1	238308423	238508423	harbor2	chr1	238407017	238407224	SINE/MIR	618	-	104	238407121	98698
chr1	232561820	232761820	harbor2	chr1	232604418	232604565	SINE/MIR	506	-	74	232604492	42672
chr1	239828801	240028801	harbor2	chr1	239844697	239844845	SINE/MIR	415	-	74	239844771	15970
chr1	239828801	240028801	harbor2	chr1	239848551	239848634	SINE/MIR	438	-	42	239848593	19792
chr1	239828801	240028801	harbor2	chr1	239865943	239866095	SINE/MIR	589	-	76	239866019	37218
chr1	239828801	240028801	harbor2	chr1	239866418	239866494	SINE/MIR	589	-	38	239866456	37655
chr1	239828801	240028801	harbor2	chr1	239873981	239874162	SINE/MIR	514	-	90	239874071	45270
chr1	239828801	240028801	harbor2	chr1	239877495	239877709	SINE/MIR	457	-	107	239877602	48801
chr1	239828801	240028801	harbor2	chr1	239882399	239882577	SINE/MIR	477	-	89	239882488	53687
chr1	239828801	240028801	harbor2	chr1	239883478	239883711	SINE/MIR	564	-	116	239883594	54793
chr1	239828801	240028801	harbor2	chr1	239906028	239906169	SINE/MIR	431	-	70	239906098	77297
chr1	235282553	235482553	harbor2	chr1	235302743	235302921	SINE/MIR	548	-	89	235302832	20279
chr1	235282553	235482553	harbor2	chr1	235303223	235303259	SINE/MIR	548	-	18	235303241	20688
chr1	235282553	235482553	harbor2	chr1	235314269	235314520	SINE/MIR	430	-	126	235314395	31842
chr1	245311543	245511543	harbor2	chr1	245312569	245312793	SINE/MIR	633	-	112	245312681	1138
chr1	245311543	245511543	harbor2	chr1	245334761	245334966	SINE/MIR	558	-	102	245334863	23320
chr1	245311543	245511543	harbor2	chr1	245351522	245351745	SINE/MIR	746	-	112	245351634	40091
chr1	245311543	245511543	harbor2	chr1	245360428	245360642	SINE/MIR	693	-	107	245360535	48992
chr1	245311543	245511543	harbor2	chr1	245369510	245369686	SINE/MIR	615	-	88	245369598	58055
chr1	245311543	245511543	harbor2	chr1	245380571	245380702	SINE/MIR	406	-	66	245380637	69094
chr1	245311543	245511543	harbor2	chr1	245384300	245384418	SINE/MIR	516	-	59	245384359	72816
chr1	212945932	213145932	harbor2	chr1	212949637	212949836	SINE/MIR	482	-	100	212949737	3805
chr1	212945932	213145932	harbor2	chr1	212957900	212958126	SINE/MIR	698	-	113	212958013	12081
chr1	212945932	213145932	harbor2	chr1	213000011	213000232	SINE/MIR	652	-	110	213000121	54189
chr1	212945932	213145932	harbor2	chr1	213011554	213011781	SINE/MIR	522	-	114	213011668	65736
chr1	86465300	86665300	harbor2	chr1	86472996	86473215	SINE/MIR	570	-	110	86473106	7806
chr1	86465300	86665300	harbor2	chr1	86518266	86518485	SINE/MIR	707	-	110	86518376	53076
chr1	86465300	86665300	harbor2	chr1	86527588	86527822	SINE/MIR	669	-	117	86527705	62405
chr1	146585524	146785524	harbor2	chr1	146607593	146607802	SINE/MIR	515	-	104	146607697	22173
chr1	146585524	146785524	harbor2	chr1	146620502	146620740	SINE/MIR	996	-	119	146620621	35097
chr1	146585524	146785524	harbor2	chr1	146645275	146645423	SINE/MIR	550	-	74	146645349	59825
chr1	146585524	146785524	harbor2	chr1	146655603	146655774	SINE/MIR	411	-	86	146655689	70165
chr1	146585524	146785524	harbor2	chr1	146658693	146658855	SINE/MIR	640	-	81	146658774	73250
chr1	146585524	146785524	harbor2	chr1	146673670	146673915	SINE/MIR	525	-	122	146673792	88268
chr1	172255479	172455479	harbor2	chr1	172264731	172264886	SINE/MIR	414	-	78	172264809	9330
chr1	172255479	172455479	harbor2	chr1	172282319	172282534	SINE/MIR	661	-	108	172282427	26948
chr1	172255479	172455479	harbor2	chr1	172292141	172292333	SINE/MIR	449	-	96	172292237	36758
chr1	172255479	172455479	harbor2	chr1	172348719	172348944	SINE/MIR	539	-	112	172348831	93352
chr1	218261884	218461884	harbor2	chr1	218288386	218288638	SINE/MIR	609	-	126	218288512	26628
chr1	218261884	218461884	harbor2	chr1	218296998	218297242	SINE/MIR	922	-	122	218297120	35236
chr1	218261884	218461884	harbor2	chr1	218297408	218297631	SINE/MIR	490	-	112	218297520	35636
chr1	218261884	218461884	harbor2	chr1	218338091	218338311	SINE/MIR	622	-	110	218338201	76317
chr1	218261884	218461884	harbor2	chr1	218354461	218354598	SINE/MIR	476	-	68	218354529	92645
chr1	194452348	194652348	harbor2	chr1	194497632	194497868	SINE/MIR	451	-	118	194497750	45402
chr1	245832758	246032758	harbor2	chr1	245868131	245868309	SINE/MIR	474	-	89	245868220	35462
chr1	245832758	246032758	harbor2	chr1	245880511	245880744	SINE/MIR	440	-	116	245880627	47869
chr1	245832758	246032758	harbor2	chr1	245892291	245892531	SINE/MIR	539	-	120	245892411	59653
chr1	245832758	246032758	harbor2	chr1	245899420	245899604	SINE/MIR	420	-	92	245899512	66754
chr1	245832758	246032758	harbor2	chr1	245928972	245929183	SINE/MIR	806	-	106	245929078	96320
chr1	241559101	241759101	harbor2	chr1	241613188	241613435	SINE/MIR	988	-	124	241613312	54211
chr1	241559101	241759101	harbor2	chr1	241617020	241617247	SINE/MIR	440	-	114	241617134	58033
chr1	241559101	241759101	harbor2	chr1	241630084	241630271	SINE/MIR	408	-	94	241630178	71077
chr1	115597040	115797040	harbor2	chr1	115614426	115614617	SINE/MIR	460	-	96	115614522	17482
chr1	115597040	115797040	harbor2	chr1	115645393	115645613	SINE/MIR	685	-	110	115645503	48463
chr1	115597040	115797040	harbor2	chr1	115664929	115665063	SINE/MIR	493	-	67	115664996	67956
chr1	115597040	115797040	harbor2	chr1	115667963	115668200	SINE/MIR	744	-	118	115668081	71041
chr1	115597040	115797040	harbor2	chr1	115676042	115676265	SINE/MIR	456	-	112	115676154	79114
chr1	238790332	238990332	harbor2	chr1	238811830	238812038	SINE/MIR	489	-	104	238811934	21602
chr1	231376587	231576587	harbor2	chr1	231377125	231377338	SINE/MIR	431	-	106	231377231	644
chr1	231376587	231576587	harbor2	chr1	231378940	231379130	SINE/MIR	464	-	95	231379035	2448
chr1	231376587	231576587	harbor2	chr1	231390377	231390570	SINE/MIR	551	-	96	231390473	13886
chr1	231376587	231576587	harbor2	chr1	231399192	231399417	SINE/MIR	750	-	112	231399304	22717
chr1	231376587	231576587	harbor2	chr1	231399617	231399813	SINE/MIR	635	-	98	231399715	23128
chr1	231376587	231576587	harbor2	chr1	231409749	231409963	SINE/MIR	472	-	107	231409856	33269
chr1	231376587	231576587	harbor2	chr1	231415628	231415823	SINE/MIR	518	-	98	231415726	39139
chr1	231376587	231576587	harbor2	chr1	231422715	231422871	SINE/MIR	619	-	78	231422793	46206
chr1	231376587	231576587	harbor2	chr1	231424777	231424907	SINE/MIR	488	-	65	231424842	48255
chr1	214928069	215128069	harbor2	chr1	214931956	214932194	SINE/MIR	712	-	119	214932075	4006
chr1	214928069	215128069	harbor2	chr1	214938189	214938430	SINE/MIR	520	-	120	214938309	10240
chr1	214928069	215128069	harbor2	chr1	214947663	214947777	SINE/MIR	439	-	57	214947720	19651
chr1	214928069	215128069	harbor2	chr1	214948508	214948625	SINE/MIR	439	-	58	214948566	20497
chr1	214928069	215128069	harbor2	chr1	214993347	214993575	SINE/MIR	689	-	114	214993461	65392
chr1	214928069	215128069	harbor2	chr1	214997683	214997889	SINE/MIR	491	-	103	214997786	69717
chr1	185008672	185208672	harbor2	chr1	185052912	185053140	SINE/MIR	704	-	114	185053026	44354
chr1	185008672	185208672	harbor2	chr1	185070183	185070382	SINE/MIR	470	-	100	185070283	61611
chr1	219944115	220144115	harbor2	chr1	219952202	219952399	SINE/MIR	755	-	98	219952300	8185
chr1	219944115	220144115	harbor2	chr1	219990420	219990620	SINE/MIR	583	-	100	219990520	46405
chr1	219944115	220144115	harbor2	chr1	220040937	220041052	SINE/MIR	469	-	58	220040995	96880
chr1	219944115	220144115	harbor2	chr1	220041343	220041482	SINE/MIR	469	-	70	220041413	97298
chr1	240618957	240818957	harbor2	chr1	240672921	240673021	SINE/MIR	407	-	50	240672971	54014
chr1	240618957	240818957	harbor2	chr1	240695046	240695291	SINE/MIR	433	-	122	240695168	76211
chr1	172897804	173097804	harbor2	chr1	172923492	172923673	SINE/MIR	609	-	90	172923582	25778
chr1	172897804	173097804	harbor2	chr1	172927719	172927961	SINE/MIR	981	-	121	172927840	30036
chr1	172897804	173097804	harbor2	chr1	172937797	172937989	SINE/MIR	419	-	96	172937893	40089
chr1	172897804	173097804	harbor2	chr1	172955139	172955342	SINE/MIR	466	-	102	172955241	57437
chr1	158483257	158683257	harbor2	chr1	158561051	158561234	SINE/MIR	443	-	92	158561143	77886
chr1	158483257	158683257	harbor2	chr1	158569637	158569814	SINE/MIR	429	-	88	158569725	86468
chr1	147956958	148156958	harbor2	chr1	147966840	147967001	SINE/MIR	428	-	80	147966920	9962
chr1	147956958	148156958	harbor2	chr1	147995124	147995312	SINE/MIR	540	-	94	147995218	38260
chr1	147956958	148156958	harbor2	chr1	148035939	148036163	SINE/MIR	491	-	112	148036051	79093
chr1	36359369	36559369	harbor2	chr1	36377876	36378111	SINE/MIR	456	-	118	36377994	18625
chr1	36359369	36559369	harbor2	chr1	36382747	36382948	SINE/MIR	530	-	100	36382847	23478
chr1	36359369	36559369	harbor2	chr1	36384411	36384650	SINE/MIR	1010	-	120	36384531	25162
chr1	36359369	36559369	harbor2	chr1	36387131	36387257	SINE/MIR	447	-	63	36387194	27825
chr1	36359369	36559369	harbor2	chr1	36423043	36423230	SINE/MIR	410	-	94	36423137	63768
chr1	36359369	36559369	harbor2	chr1	36423912	36423952	SINE/MIR	465	-	20	36423932	64563
chr1	36359369	36559369	harbor2	chr1	36424240	36424413	SINE/MIR	535	-	86	36424326	64957
chr1	36359369	36559369	harbor2	chr1	36424467	36424604	SINE/MIR	426	-	68	36424535	65166
chr1	36359369	36559369	harbor2	chr1	36428506	36428633	SINE/MIR	431	-	64	36428570	69201
chr1	36359369	36559369	harbor2	chr1	36434189	36434385	SINE/MIR	443	-	98	36434287	74918
chr1	36359369	36559369	harbor2	chr1	36434938	36435052	SINE/MIR	422	-	57	36434995	75626
chr1	36359369	36559369	harbor2	chr1	36435496	36435632	SINE/MIR	540	-	68	36435564	76195
chr1	36359369	36559369	harbor2	chr1	36435932	36436007	SINE/MIR	540	-	38	36435970	76601
chr1	36359369	36559369	harbor2	chr1	36442698	36442953	SINE/MIR	641	-	128	36442826	83457
chr1	36359369	36559369	harbor2	chr1	36448053	36448240	SINE/MIR	522	-	94	36448147	88778
chr1	36359369	36559369	harbor2	chr1	36456479	36456672	SINE/MIR	477	-	96	36456575	97206
chr1	36359369	36559369	harbor2	chr1	36457510	36457692	SINE/MIR	556	-	91	36457601	98232
chr1	245948405	246148405	harbor2	chr1	245987561	245987760	SINE/MIR	519	-	100	245987661	39256
chr1	245948405	246148405	harbor2	chr1	245993103	245993344	SINE/MIR	705	-	120	245993223	44818
chr1	245948405	246148405	harbor2	chr1	245999326	245999560	SINE/MIR	758	-	117	245999443	51038
chr1	245948405	246148405	harbor2	chr1	246020597	246020844	SINE/MIR	523	-	124	246020721	72316
chr1	245948405	246148405	harbor2	chr1	246041949	246042117	SINE/MIR	449	-	84	246042033	93628
chr1	186195385	186395385	harbor2	chr1	186195390	186195550	SINE/MIR	480	-	80	186195470	85
chr1	186195385	186395385	harbor2	chr1	186207146	186207382	SINE/MIR	521	-	118	186207264	11879
chr1	186195385	186395385	harbor2	chr1	186213258	186213437	SINE/MIR	439	-	90	186213348	17963
chr1	186195385	186395385	harbor2	chr1	186228280	186228434	SINE/MIR	470	-	77	186228357	32972
chr1	186195385	186395385	harbor2	chr1	186240417	186240625	SINE/MIR	653	-	104	186240521	45136
chr1	186195385	186395385	harbor2	chr1	186241110	186241282	SINE/MIR	521	-	86	186241196	45811
chr1	186195385	186395385	harbor2	chr1	186285374	186285554	SINE/MIR	426	-	90	186285464	90079
chr1	186195385	186395385	harbor2	chr1	186291685	186291838	SINE/MIR	429	-	76	186291761	96376
chr1	36439499	36639499	harbor2	chr1	36442698	36442953	SINE/MIR	641	-	128	36442826	3327
chr1	36439499	36639499	harbor2	chr1	36448053	36448240	SINE/MIR	522	-	94	36448147	8648
chr1	36439499	36639499	harbor2	chr1	36456479	36456672	SINE/MIR	477	-	96	36456575	17076
chr1	36439499	36639499	harbor2	chr1	36457510	36457692	SINE/MIR	556	-	91	36457601	18102
chr1	36439499	36639499	harbor2	chr1	36470486	36470641	SINE/MIR	626	-	78	36470564	31065
chr1	36439499	36639499	harbor2	chr1	36470857	36471039	SINE/MIR	636	-	91	36470948	31449
chr1	36439499	36639499	harbor2	chr1	36471347	36471414	SINE/MIR	636	-	34	36471381	31882
chr1	36439499	36639499	harbor2	chr1	36518586	36518789	SINE/MIR	483	-	102	36518688	79189
chr1	36439499	36639499	harbor2	chr1	36519387	36519643	SINE/MIR	763	-	128	36519515	80016
chr1	36439499	36639499	harbor2	chr1	36528243	36528420	SINE/MIR	738	-	88	36528331	88832
chr1	36439499	36639499	harbor2	chr1	36537284	36537454	SINE/MIR	621	-	85	36537369	97870
chr1	36439499	36639499	harbor2	chr1	36537487	36537700	SINE/MIR	631	-	106	36537593	98094
chr1	114944279	115144279	harbor2	chr1	114986159	114986282	SINE/MIR	475	-	62	114986221	41942
chr1	202037199	202237199	harbor2	chr1	202049304	202049465	SINE/MIR	511	-	80	202049384	12185
chr1	202037199	202237199	harbor2	chr1	202105459	202105692	SINE/MIR	566	-	116	202105575	68376
chr1	202037199	202237199	harbor2	chr1	202118092	202118250	SINE/MIR	691	-	79	202118171	80972
chr1	202037199	202237199	harbor2	chr1	202134857	202135027	SINE/MIR	536	-	85	202134942	97743
chr1	235679347	235879347	harbor2	chr1	235691217	235691433	SINE/MIR	525	-	108	235691325	11978
chr1	235679347	235879347	harbor2	chr1	235695149	235695366	SINE/MIR	741	-	108	235695257	15910
chr1	235679347	235879347	harbor2	chr1	235705015	235705236	SINE/MIR	544	-	110	235705125	25778
chr1	235679347	235879347	harbor2	chr1	235730256	235730404	SINE/MIR	631	-	74	235730330	50983
chr1	40086215	40286215	harbor2	chr1	40089912	40090128	SINE/MIR	675	-	108	40090020	3805
chr1	40086215	40286215	harbor2	chr1	40097466	40097687	SINE/MIR	495	-	110	40097576	11361
chr1	40086215	40286215	harbor2	chr1	40125060	40125280	SINE/MIR	460	-	110	40125170	38955
chr1	40086215	40286215	harbor2	chr1	40136036	40136204	SINE/MIR	450	-	84	40136120	49905
chr1	40086215	40286215	harbor2	chr1	40143566	40143709	SINE/MIR	549	-	72	40143638	57423
chr1	40086215	40286215	harbor2	chr1	40144258	40144376	SINE/MIR	432	-	59	40144317	58102
chr1	40086215	40286215	harbor2	chr1	40146354	40146567	SINE/MIR	512	-	106	40146460	60245
chr1	40086215	40286215	harbor2	chr1	40169139	40169233	SINE/MIR	477	-	47	40169186	82971
chr1	230019583	230219583	harbor2	chr1	230032599	230032816	SINE/MIR	753	-	108	230032707	13124
chr1	230019583	230219583	harbor2	chr1	230074784	230074879	SINE/MIR	476	-	48	230074832	55249
chr1	230019583	230219583	harbor2	chr1	230095261	230095506	SINE/MIR	530	-	122	230095383	75800
chr1	246220510	246420510	harbor2	chr1	246252376	246252515	SINE/MIR	417	-	70	246252446	31936
chr1	246220510	246420510	harbor2	chr1	246262369	246262513	SINE/MIR	537	-	72	246262441	41931
chr1	173501886	173701886	harbor2	chr1	173505782	173505964	SINE/MIR	693	-	91	173505873	3987
chr1	173501886	173701886	harbor2	chr1	173517203	173517424	SINE/MIR	501	-	110	173517313	15427
chr1	173501886	173701886	harbor2	chr1	173580305	173580355	SINE/MIR	680	-	25	173580330	78444
chr1	173501886	173701886	harbor2	chr1	173580653	173580776	SINE/MIR	680	-	62	173580715	78829
chr1	173501886	173701886	harbor2	chr1	173571951	173572130	SINE/MIR	772	-	90	173572041	70155
chr1	186336020	186536020	harbor2	chr1	186342963	186343179	SINE/MIR	687	-	108	186343071	7051
chr1	186336020	186536020	harbor2	chr1	186408029	186408264	SINE/MIR	934	-	118	186408147	72127
chr1	95391895	95591895	harbor2	chr1	95406961	95407180	SINE/MIR	727	-	110	95407071	15176
chr1	95391895	95591895	harbor2	chr1	95445784	95445993	SINE/MIR	614	-	104	95445888	53993
chr1	95391895	95591895	harbor2	chr1	95473575	95473804	SINE/MIR	635	-	114	95473689	81794
chr1	95391895	95591895	harbor2	chr1	95473889	95474067	SINE/MIR	439	-	89	95473978	82083
chr1	172655810	172855810	harbor2	chr1	172655891	172656144	SINE/MIR	901	-	126	172656017	207
chr1	172655810	172855810	harbor2	chr1	172675935	172676066	SINE/MIR	459	-	66	172676001	20191
chr1	172655810	172855810	harbor2	chr1	172676375	172676483	SINE/MIR	459	-	54	172676429	20619
chr1	172655810	172855810	harbor2	chr1	172695841	172695986	SINE/MIR	444	-	72	172695913	40103
chr1	172655810	172855810	harbor2	chr1	172700640	172700856	SINE/MIR	664	-	108	172700748	44938
chr1	181809342	182009342	harbor2	chr1	181902838	181903011	SINE/MIR	429	-	86	181902924	93582
chr1	245851156	246051156	harbor2	chr1	245868131	245868309	SINE/MIR	474	-	89	245868220	17064
chr1	245851156	246051156	harbor2	chr1	245880511	245880744	SINE/MIR	440	-	116	245880627	29471
chr1	245851156	246051156	harbor2	chr1	245892291	245892531	SINE/MIR	539	-	120	245892411	41255
chr1	245851156	246051156	harbor2	chr1	245899420	245899604	SINE/MIR	420	-	92	245899512	48356
chr1	245851156	246051156	harbor2	chr1	245928972	245929183	SINE/MIR	806	-	106	245929078	77922
chr1	176185069	176385069	harbor2	chr1	176185220	176185393	SINE/MIR	518	-	86	176185306	237
chr1	120271097	120471097	harbor2	chr1	120288938	120289059	SINE/MIR	520	-	60	120288998	17901
chr1	120271097	120471097	harbor2	chr1	120297347	120297493	SINE/MIR	420	-	73	120297420	26323
chr1	120271097	120471097	harbor2	chr1	120311917	120312128	SINE/MIR	696	-	106	120312023	40926
chr1	120271097	120471097	harbor2	chr1	120313178	120313397	SINE/MIR	602	-	110	120313288	42191
chr1	120271097	120471097	harbor2	chr1	120313841	120314053	SINE/MIR	697	-	106	120313947	42850
chr1	222805769	223005769	harbor2	chr1	222820010	222820115	SINE/MIR	413	-	52	222820062	14293
chr1	222805769	223005769	harbor2	chr1	222828040	222828238	SINE/MIR	420	-	99	222828139	22370
chr1	222805769	223005769	harbor2	chr1	222841307	222841534	SINE/MIR	859	-	114	222841421	35652
chr1	222805769	223005769	harbor2	chr1	222867578	222867751	SINE/MIR	487	-	86	222867664	61895
chr1	144379811	144579811	harbor2	chr1	144438663	144438826	SINE/MIR	482	-	82	144438745	58934
chr1	152050291	152250291	harbor2	chr1	152090448	152090626	SINE/MIR	459	-	89	152090537	40246
chr1	152050291	152250291	harbor2	chr1	152125677	152125880	SINE/MIR	642	-	102	152125779	75488
chr1	152050291	152250291	harbor2	chr1	152142266	152142455	SINE/MIR	501	-	94	152142360	92069
chr1	229758380	229958380	harbor2	chr1	229772212	229772363	SINE/MIR	404	-	76	229772288	13908
chr1	229758380	229958380	harbor2	chr1	229820677	229820921	SINE/MIR	552	-	122	229820799	62419
chr1	231146247	231346247	harbor2	chr1	231148013	231148180	SINE/MIR	423	-	84	231148097	1850
chr1	231146247	231346247	harbor2	chr1	231154763	231155006	SINE/MIR	764	-	122	231154885	8638
chr1	231146247	231346247	harbor2	chr1	231183724	231183913	SINE/MIR	714	-	94	231183818	37571
chr1	231146247	231346247	harbor2	chr1	231210626	231210759	SINE/MIR	441	-	66	231210692	64445
chr1	187440259	187640259	harbor2	chr1	187473481	187473685	SINE/MIR	688	-	102	187473583	33324
chr1	187440259	187640259	harbor2	chr1	187490712	187490839	SINE/MIR	584	-	64	187490776	50517
chr1	187440259	187640259	harbor2	chr1	187500424	187500625	SINE/MIR	586	-	100	187500524	60265
chr1	187440259	187640259	harbor2	chr1	187501699	187501946	SINE/MIR	423	-	124	187501823	61564
chr1	187440259	187640259	harbor2	chr1	187512932	187513139	SINE/MIR	610	-	104	187513036	72777
chr1	244095961	244295961	harbor2	chr1	244096166	244096412	SINE/MIR	438	-	123	244096289	328
chr1	244095961	244295961	harbor2	chr1	244098572	244098767	SINE/MIR	430	-	98	244098670	2709
chr1	244095961	244295961	harbor2	chr1	244112142	244112336	SINE/MIR	412	-	97	244112239	16278
chr1	244095961	244295961	harbor2	chr1	244125601	244125783	SINE/MIR	438	-	91	244125692	29731
chr1	145599117	145799117	harbor2	chr1	145604006	145604185	SINE/MIR	655	-	90	145604096	4979
chr1	145599117	145799117	harbor2	chr1	145644155	145644316	SINE/MIR	428	-	80	145644235	45118
chr1	145599117	145799117	harbor2	chr1	145672240	145672447	SINE/MIR	540	-	104	145672344	73227
chr1	145599117	145799117	harbor2	chr1	145676918	145677054	SINE/MIR	426	-	68	145676986	77869
chr1	154425596	154625596	harbor2	chr1	154430745	154430984	SINE/MIR	563	-	120	154430865	5269
chr1	154425596	154625596	harbor2	chr1	154458965	154459055	SINE/MIR	474	-	45	154459010	33414
chr1	154425596	154625596	harbor2	chr1	154473894	154474037	SINE/MIR	456	-	72	154473966	48370
chr1	154425596	154625596	harbor2	chr1	154490271	154490496	SINE/MIR	860	-	112	154490383	64787
chr1	154425596	154625596	harbor2	chr1	154509385	154509585	SINE/MIR	561	-	100	154509485	83889
chr1	198328657	198528657	harbor2	chr1	198338490	198338729	SINE/MIR	732	-	120	198338610	9953
chr1	198328657	198528657	harbor2	chr1	198359249	198359469	SINE/MIR	445	-	110	198359359	30702
chr1	198328657	198528657	harbor2	chr1	198379088	198379292	SINE/MIR	485	-	102	198379190	50533
chr1	198328657	198528657	harbor2	chr1	198401258	198401415	SINE/MIR	679	-	78	198401336	72679
chr1	230857768	231057768	harbor2	chr1	230867731	230867874	SINE/MIR	634	-	72	230867803	10035
chr1	230857768	231057768	harbor2	chr1	230937744	230937948	SINE/MIR	425	-	102	230937846	80078
chr1	230857768	231057768	harbor2	chr1	230953449	230953655	SINE/MIR	539	-	103	230953552	95784
chr1	230857768	231057768	harbor2	chr1	230956013	230956213	SINE/MIR	681	-	100	230956113	98345
chr1	247451404	247651404	harbor2	chr1	247484379	247484610	SINE/MIR	514	-	116	247484495	33091
chr1	143899942	144099942	harbor2	chr1	143907274	143907428	SINE/MIR	450	-	77	143907351	7409
chr1	143899942	144099942	harbor2	chr1	143909967	143910171	SINE/MIR	758	-	102	143910069	10127
chr1	143899942	144099942	harbor2	chr1	143942207	143942381	SINE/MIR	743	-	87	143942294	42352
chr1	143899942	144099942	harbor2	chr1	143977184	143977304	SINE/MIR	479	-	60	143977244	77302
chr1	143899942	144099942	harbor2	chr1	143977415	143977605	SINE/MIR	574	-	95	143977510	77568
chr1	143899942	144099942	harbor2	chr1	143983362	143983593	SINE/MIR	503	-	116	143983478	83536
chr1	143899942	144099942	harbor2	chr1	143986663	143986866	SINE/MIR	790	-	102	143986765	86823
chr1	164322431	164522431	harbor2	chr1	164380757	164380909	SINE/MIR	480	-	76	164380833	58402
chr1	164322431	164522431	harbor2	chr1	164388687	164388843	SINE/MIR	545	-	78	164388765	66334
chr1	164322431	164522431	harbor2	chr1	164404827	164404996	SINE/MIR	557	-	84	164404911	82480
chr1	164322431	164522431	harbor2	chr1	164419651	164419852	SINE/MIR	678	-	100	164419751	97320
chr1	237384465	237584465	harbor2	chr1	237411600	237411748	SINE/MIR	526	-	74	237411674	27209
chr1	237384465	237584465	harbor2	chr1	237435205	237435382	SINE/MIR	623	-	88	237435293	50828
chr1	237384465	237584465	harbor2	chr1	237440792	237440993	SINE/MIR	605	-	100	237440892	56427
chr1	237384465	237584465	harbor2	chr1	237475030	237475240	SINE/MIR	677	-	105	237475135	90670
chr1	237384465	237584465	harbor2	chr1	237478584	237478835	SINE/MIR	713	-	126	237478710	94245
chr1	237384465	237584465	harbor2	chr1	237479783	237479975	SINE/MIR	439	-	96	237479879	95414
chr1	237384465	237584465	harbor2	chr1	237483312	237483498	SINE/MIR	474	-	93	237483405	98940
chr1	64527261	64727261	harbor2	chr1	64529547	64529768	SINE/MIR	514	-	110	64529657	2396
chr1	64527261	64727261	harbor2	chr1	64537733	64537898	SINE/MIR	545	-	82	64537815	10554
chr1	64527261	64727261	harbor2	chr1	64565704	64565914	SINE/MIR	463	-	105	64565809	38548
chr1	64527261	64727261	harbor2	chr1	64567486	64567672	SINE/MIR	557	-	93	64567579	40318
chr1	64527261	64727261	harbor2	chr1	64574656	64574880	SINE/MIR	655	-	112	64574768	47507
chr1	64527261	64727261	harbor2	chr1	64575109	64575277	SINE/MIR	436	-	84	64575193	47932
chr1	239570054	239770054	harbor2	chr1	239579732	239580020	SINE/MIR	653	-	144	239579876	9822
chr1	239570054	239770054	harbor2	chr1	239581632	239581841	SINE/MIR	702	-	104	239581736	11682
chr1	239570054	239770054	harbor2	chr1	239610556	239610725	SINE/MIR	417	-	84	239610640	40586
chr1	239570054	239770054	harbor2	chr1	239633928	239634129	SINE/MIR	464	-	100	239634028	63974
chr1	239570054	239770054	harbor2	chr1	239660890	239661084	SINE/MIR	664	-	97	239660987	90933
chr1	181805898	182005898	harbor2	chr1	181902838	181903011	SINE/MIR	429	-	86	181902924	97026
chr1	200611413	200811413	harbor2	chr1	200611768	200612000	SINE/MIR	851	-	116	200611884	471
chr1	200611413	200811413	harbor2	chr1	200621115	200621318	SINE/MIR	475	-	102	200621217	9804
chr1	200611413	200811413	harbor2	chr1	200623243	200623415	SINE/MIR	583	-	86	200623329	11916
chr1	200611413	200811413	harbor2	chr1	200673625	200673854	SINE/MIR	893	-	114	200673739	62326
chr1	44370169	44570169	harbor2	chr1	44397800	44398017	SINE/MIR	556	-	108	44397908	27739
chr1	44370169	44570169	harbor2	chr1	44427015	44427239	SINE/MIR	978	-	112	44427127	56958
chr1	44370169	44570169	harbor2	chr1	44440515	44440682	SINE/MIR	589	-	84	44440599	70430
chr1	44370169	44570169	harbor2	chr1	44447631	44447847	SINE/MIR	520	-	108	44447739	77570
chr1	200225745	200425745	harbor2	chr1	200236832	200237035	SINE/MIR	429	-	102	200236934	11189
chr1	200225745	200425745	harbor2	chr1	200262592	200262813	SINE/MIR	786	-	110	200262702	36957
chr1	200225745	200425745	harbor2	chr1	200279621	200279865	SINE/MIR	619	-	122	200279743	53998
chr1	200225745	200425745	harbor2	chr1	200300912	200301143	SINE/MIR	413	-	116	200301028	75283
chr1	200225745	200425745	harbor2	chr1	200317186	200317421	SINE/MIR	612	-	118	200317304	91559
chr1	228587677	228787677	harbor2	chr1	228664960	228665153	SINE/MIR	493	-	96	228665056	77379
chr1	228587677	228787677	harbor2	chr1	228665175	228665344	SINE/MIR	551	-	84	228665259	77582
chr1	243095345	243295345	harbor2	chr1	243144212	243144368	SINE/MIR	506	-	78	243144290	48945
chr1	243095345	243295345	harbor2	chr1	243150769	243150998	SINE/MIR	450	-	114	243150883	55538
chr1	243095345	243295345	harbor2	chr1	243184117	243184361	SINE/MIR	566	-	122	243184239	88894
chr1	144244969	144444969	harbor2	chr1	144261496	144261624	SINE/MIR	435	-	64	144261560	16591
chr1	144244969	144444969	harbor2	chr1	144302690	144302854	SINE/MIR	592	-	82	144302772	57803
chr1	144244969	144444969	harbor2	chr1	144314546	144314726	SINE/MIR	417	-	90	144314636	69667
chr1	185836540	186036540	harbor2	chr1	185852838	185853061	SINE/MIR	438	-	112	185852950	16410
chr1	242473934	242673934	harbor2	chr1	242528582	242528813	SINE/MIR	446	-	116	242528698	54764
chr1	242473934	242673934	harbor2	chr1	242529362	242529592	SINE/MIR	574	-	115	242529477	55543
chr1	242473934	242673934	harbor2	chr1	242533359	242533560	SINE/MIR	795	-	100	242533459	59525
chr1	242473934	242673934	harbor2	chr1	242569793	242570017	SINE/MIR	488	-	112	242569905	95971
chr1	55998891	56198891	harbor2	chr1	56005703	56005931	SINE/MIR	681	-	114	56005817	6926
chr1	55998891	56198891	harbor2	chr1	56016976	56017212	SINE/MIR	704	-	118	56017094	18203
chr1	55998891	56198891	harbor2	chr1	56030044	56030228	SINE/MIR	404	-	92	56030136	31245
chr1	55998891	56198891	harbor2	chr1	56056403	56056547	SINE/MIR	441	-	72	56056475	57584
chr1	55998891	56198891	harbor2	chr1	56059818	56059992	SINE/MIR	645	-	87	56059905	61014
chr1	55998891	56198891	harbor2	chr1	56060568	56060748	SINE/MIR	497	-	90	56060658	61767
chr1	55998891	56198891	harbor2	chr1	56067727	56067939	SINE/MIR	450	-	106	56067833	68942
chr1	55998891	56198891	harbor2	chr1	56073509	56073749	SINE/MIR	710	-	120	56073629	74738
chr1	55998891	56198891	harbor2	chr1	56075313	56075542	SINE/MIR	548	-	114	56075427	76536
chr1	55998891	56198891	harbor2	chr1	56076236	56076400	SINE/MIR	570	-	82	56076318	77427
chr1	55998891	56198891	harbor2	chr1	56077211	56077352	SINE/MIR	432	-	70	56077281	78390
chr1	55998891	56198891	harbor2	chr1	56096908	56097121	SINE/MIR	460	-	106	56097014	98123
chr1	231806707	232006707	harbor2	chr1	231849024	231849122	SINE/MIR	596	-	49	231849073	42366
chr1	231806707	232006707	harbor2	chr1	231849420	231849516	SINE/MIR	596	-	48	231849468	42761
chr1	231806707	232006707	harbor2	chr1	231866441	231866653	SINE/MIR	420	-	106	231866547	59840
chr1	229400048	229600048	harbor2	chr1	229402768	229403022	SINE/MIR	419	-	127	229402895	2847
chr1	200258718	200458718	harbor2	chr1	200262592	200262813	SINE/MIR	786	-	110	200262702	3984
chr1	200258718	200458718	harbor2	chr1	200279621	200279865	SINE/MIR	619	-	122	200279743	21025
chr1	200258718	200458718	harbor2	chr1	200300912	200301143	SINE/MIR	413	-	116	200301028	42310
chr1	200258718	200458718	harbor2	chr1	200317186	200317421	SINE/MIR	612	-	118	200317304	58586
chr1	247094582	247294582	harbor2	chr1	247153300	247153483	SINE/MIR	460	-	92	247153392	58810
chr1	242606595	242806595	harbor2	chr1	242610447	242610675	SINE/MIR	531	-	114	242610561	3966
chr1	242606595	242806595	harbor2	chr1	242663611	242663878	SINE/MIR	796	-	134	242663745	57150
chr1	242606595	242806595	harbor2	chr1	242665354	242665482	SINE/MIR	439	-	64	242665418	58823
chr1	242606595	242806595	harbor2	chr1	242689039	242689225	SINE/MIR	411	-	93	242689132	82537
chr1	143745955	143945955	harbor2	chr1	143828001	143828111	SINE/MIR	530	-	55	143828056	82101
chr1	143745955	143945955	harbor2	chr1	143828440	143828565	SINE/MIR	530	-	62	143828502	82547
chr1	221903777	222103777	harbor2	chr1	221922152	221922358	SINE/MIR	575	-	103	221922255	18478
chr1	221903777	222103777	harbor2	chr1	221937871	221938034	SINE/MIR	507	-	82	221937953	34176
chr1	221903777	222103777	harbor2	chr1	221962817	221963011	SINE/MIR	414	-	97	221962914	59137
chr1	221903777	222103777	harbor2	chr1	221965781	221965920	SINE/MIR	415	-	70	221965851	62074
chr1	66653305	66853305	harbor2	chr1	66676056	66676261	SINE/MIR	486	-	102	66676158	22853
chr1	66653305	66853305	harbor2	chr1	66684034	66684215	SINE/MIR	696	-	90	66684124	30819
chr1	66653305	66853305	harbor2	chr1	66686005	66686225	SINE/MIR	663	-	110	66686115	32810
chr1	66653305	66853305	harbor2	chr1	66702066	66702248	SINE/MIR	667	-	91	66702157	48852
chr1	66653305	66853305	harbor2	chr1	66711272	66711453	SINE/MIR	491	-	90	66711362	58057
chr1	66653305	66853305	harbor2	chr1	66714126	66714337	SINE/MIR	579	-	106	66714232	60927
chr1	66653305	66853305	harbor2	chr1	66715938	66716155	SINE/MIR	405	-	108	66716046	62741
chr1	66653305	66853305	harbor2	chr1	66738812	66739089	SINE/MIR	693	-	138	66738950	85645
chr1	66653305	66853305	harbor2	chr1	66746545	66746759	SINE/MIR	470	-	107	66746652	93347
chr1	107408456	107608456	harbor2	chr1	107414716	107414914	SINE/MIR	494	-	99	107414815	6359
chr1	107408456	107608456	harbor2	chr1	107448272	107448427	SINE/MIR	471	-	78	107448350	39894
chr1	107408456	107608456	harbor2	chr1	107448585	107448636	SINE/MIR	471	-	26	107448611	40155
chr1	107408456	107608456	harbor2	chr1	107453769	107453966	SINE/MIR	605	-	98	107453867	45411
chr1	107408456	107608456	harbor2	chr1	107462820	107462990	SINE/MIR	498	-	85	107462905	54449
chr1	107408456	107608456	harbor2	chr1	107471921	107472152	SINE/MIR	540	-	116	107472037	63581
chr1	82768688	82968688	harbor2	chr1	82812010	82812202	SINE/MIR	609	-	96	82812106	43418
chr1	82768688	82968688	harbor2	chr1	82831233	82831451	SINE/MIR	456	-	109	82831342	62654
chr1	82768688	82968688	harbor2	chr1	82835720	82835940	SINE/MIR	466	-	110	82835830	67142
chr1	82768688	82968688	harbor2	chr1	82842293	82842467	SINE/MIR	449	-	87	82842380	73692
chr1	82768688	82968688	harbor2	chr1	82854108	82854220	SINE/MIR	527	-	56	82854164	85476
chr1	82768688	82968688	harbor2	chr1	82857761	82857952	SINE/MIR	652	-	96	82857857	89169
chr1	164842370	165042370	harbor2	chr1	164846117	164846307	SINE/MIR	459	-	95	164846212	3842
chr1	164842370	165042370	harbor2	chr1	164865515	164865722	SINE/MIR	613	-	104	164865619	23249
chr1	164842370	165042370	harbor2	chr1	164872945	164873178	SINE/MIR	587	-	116	164873061	30691
chr1	164842370	165042370	harbor2	chr1	164876990	164877224	SINE/MIR	493	-	117	164877107	34737
chr1	164842370	165042370	harbor2	chr1	164884998	164885214	SINE/MIR	530	-	108	164885106	42736
chr1	164842370	165042370	harbor2	chr1	164893781	164893970	SINE/MIR	659	-	94	164893875	51505
chr1	164842370	165042370	harbor2	chr1	164905210	164905431	SINE/MIR	788	-	110	164905320	62950
chr1	164842370	165042370	harbor2	chr1	164911614	164911842	SINE/MIR	991	-	114	164911728	69358
chr1	164842370	165042370	harbor2	chr1	164913286	164913484	SINE/MIR	420	-	99	164913385	71015
chr1	164842370	165042370	harbor2	chr1	164931757	164931952	SINE/MIR	518	-	98	164931855	89485
chr1	164842370	165042370	harbor2	chr1	164936447	164936653	SINE/MIR	527	-	103	164936550	94180
chr1	243746763	243946763	harbor2	chr1	243770262	243770462	SINE/MIR	476	-	100	243770362	23599
chr1	243746763	243946763	harbor2	chr1	243792961	243793158	SINE/MIR	407	-	98	243793059	46296
chr1	243746763	243946763	harbor2	chr1	243818186	243818332	SINE/MIR	690	-	73	243818259	71496
chr1	243746763	243946763	harbor2	chr1	243828204	243828419	SINE/MIR	520	-	108	243828312	81549
chr1	243746763	243946763	harbor2	chr1	243844121	243844348	SINE/MIR	849	-	114	243844235	97472
chr1	243746763	243946763	harbor2	chr1	243793807	243794022	SINE/MIR	428	-	108	243793915	47152
chr1	229011022	229211022	harbor2	chr1	229067857	229068072	SINE/MIR	518	-	108	229067965	56943
chr1	229011022	229211022	harbor2	chr1	229105535	229105773	SINE/MIR	648	-	119	229105654	94632
chr1	215210141	215410141	harbor2	chr1	215231435	215231637	SINE/MIR	685	-	101	215231536	21395
chr1	215210141	215410141	harbor2	chr1	215291142	215291396	SINE/MIR	742	-	127	215291269	81128
chr1	215210141	215410141	harbor2	chr1	215295781	215295903	SINE/MIR	450	-	61	215295842	85701
chr1	244372121	244572121	harbor2	chr1	244380446	244380654	SINE/MIR	475	-	104	244380550	8429
chr1	244372121	244572121	harbor2	chr1	244417052	244417293	SINE/MIR	566	-	120	244417172	45051
chr1	192413260	192613260	harbor2	chr1	192416399	192416599	SINE/MIR	433	-	100	192416499	3239
chr1	192413260	192613260	harbor2	chr1	192449673	192449883	SINE/MIR	564	-	105	192449778	36518
chr1	184898608	185098608	harbor2	chr1	184953098	184953328	SINE/MIR	685	-	115	184953213	54605
chr1	184898608	185098608	harbor2	chr1	184980193	184980354	SINE/MIR	547	-	80	184980273	81665
chr1	184898608	185098608	harbor2	chr1	184996777	184997006	SINE/MIR	475	-	114	184996891	98283
chr1	79255836	79455836	harbor2	chr1	79255890	79256021	SINE/MIR	427	-	66	79255956	120
chr1	79255836	79455836	harbor2	chr1	79279434	79279692	SINE/MIR	591	-	129	79279563	23727
chr1	79255836	79455836	harbor2	chr1	79282491	79282624	SINE/MIR	448	-	66	79282557	26721
chr1	79255836	79455836	harbor2	chr1	79282737	79282974	SINE/MIR	678	-	118	79282855	27019
chr1	79255836	79455836	harbor2	chr1	79345872	79346125	SINE/MIR	584	-	126	79345998	90162
chr1	79255836	79455836	harbor2	chr1	79314934	79315153	SINE/MIR	551	-	110	79315044	59208
chr1	183793100	183993100	harbor2	chr1	183796073	183796164	SINE/MIR	461	-	46	183796119	3019
chr1	183793100	183993100	harbor2	chr1	183796462	183796484	SINE/MIR	461	-	11	183796473	3373
chr1	183793100	183993100	harbor2	chr1	183796533	183796642	SINE/MIR	461	-	54	183796587	3487
chr1	183793100	183993100	harbor2	chr1	183803290	183803492	SINE/MIR	470	-	101	183803391	10291
chr1	183793100	183993100	harbor2	chr1	183808713	183808873	SINE/MIR	456	-	80	183808793	15693
chr1	183793100	183993100	harbor2	chr1	183873321	183873531	SINE/MIR	591	-	105	183873426	80326
chr1	183793100	183993100	harbor2	chr1	183874088	183874295	SINE/MIR	648	-	104	183874192	81092
chr1	183793100	183993100	harbor2	chr1	183892874	183893035	SINE/MIR	485	-	80	183892954	99854
chr1	185988450	186188450	harbor2	chr1	185994507	185994701	SINE/MIR	408	-	97	185994604	6154
chr1	185988450	186188450	harbor2	chr1	186084768	186085013	SINE/MIR	602	-	122	186084890	96440
chr1	217624939	217824939	harbor2	chr1	217667441	217667640	SINE/MIR	621	-	100	217667541	42602
chr1	217624939	217824939	harbor2	chr1	217675626	217675879	SINE/MIR	731	-	126	217675752	50813
chr1	222989637	223189637	harbor2	chr1	222994114	222994305	SINE/MIR	744	-	96	222994210	4573
chr1	222989637	223189637	harbor2	chr1	222996576	222996793	SINE/MIR	586	-	108	222996684	7047
chr1	222989637	223189637	harbor2	chr1	223014122	223014310	SINE/MIR	604	-	94	223014216	24579
chr1	144233986	144433986	harbor2	chr1	144234806	144234913	SINE/MIR	444	-	54	144234860	874
chr1	144233986	144433986	harbor2	chr1	144261496	144261624	SINE/MIR	435	-	64	144261560	27574
chr1	144233986	144433986	harbor2	chr1	144302690	144302854	SINE/MIR	592	-	82	144302772	68786
chr1	144233986	144433986	harbor2	chr1	144314546	144314726	SINE/MIR	417	-	90	144314636	80650
chr1	55932620	56132620	harbor2	chr1	55948347	55948518	SINE/MIR	594	-	86	55948433	15813
chr1	55932620	56132620	harbor2	chr1	55957616	55957828	SINE/MIR	514	-	106	55957722	25102
chr1	55932620	56132620	harbor2	chr1	55988239	55988378	SINE/MIR	434	-	70	55988309	55689
chr1	55932620	56132620	harbor2	chr1	55992931	55993140	SINE/MIR	457	-	104	55993035	60415
chr1	55932620	56132620	harbor2	chr1	55993533	55993721	SINE/MIR	651	-	94	55993627	61007
chr1	55932620	56132620	harbor2	chr1	56005703	56005931	SINE/MIR	681	-	114	56005817	73197
chr1	55932620	56132620	harbor2	chr1	56016976	56017212	SINE/MIR	704	-	118	56017094	84474
chr1	55932620	56132620	harbor2	chr1	56030044	56030228	SINE/MIR	404	-	92	56030136	97516
chr1	237003724	237203724	harbor2	chr1	237012279	237012515	SINE/MIR	441	-	118	237012397	8673
chr1	237003724	237203724	harbor2	chr1	237035051	237035272	SINE/MIR	528	-	110	237035161	31437
chr1	237003724	237203724	harbor2	chr1	237099773	237099970	SINE/MIR	557	-	98	237099871	96147
chr1	232677111	232877111	harbor2	chr1	232707124	232707320	SINE/MIR	473	-	98	232707222	30111
chr1	232677111	232877111	harbor2	chr1	232770807	232771003	SINE/MIR	533	-	98	232770905	93794
chr1	232677111	232877111	harbor2	chr1	232771339	232771565	SINE/MIR	624	-	113	232771452	94341
chr1	198647514	198847514	harbor2	chr1	198655319	198655455	SINE/MIR	431	-	68	198655387	7873
chr1	198647514	198847514	harbor2	chr1	198662194	198662418	SINE/MIR	657	-	112	198662306	14792
chr1	198647514	198847514	harbor2	chr1	198726452	198726604	SINE/MIR	405	-	76	198726528	79014
chr1	198647514	198847514	harbor2	chr1	198727537	198727683	SINE/MIR	409	-	73	198727610	80096
chr1	205885743	206085743	harbor2	chr1	205919780	205919976	SINE/MIR	530	-	98	205919878	34135
chr1	205885743	206085743	harbor2	chr1	205926175	205926410	SINE/MIR	490	-	118	205926293	40550
chr1	205885743	206085743	harbor2	chr1	205928133	205928341	SINE/MIR	525	-	104	205928237	42494
chr1	205885743	206085743	harbor2	chr1	205947742	205947924	SINE/MIR	438	-	91	205947833	62090
chr1	205885743	206085743	harbor2	chr1	205960992	205961159	SINE/MIR	485	-	84	205961076	75333
chr1	205885743	206085743	harbor2	chr1	205963694	205963902	SINE/MIR	593	-	104	205963798	78055
chr1	205885743	206085743	harbor2	chr1	205969807	205969959	SINE/MIR	478	-	76	205969883	84140
chr1	205885743	206085743	harbor2	chr1	205982495	205982710	SINE/MIR	608	-	108	205982603	96860
chr1	69841007	70041007	harbor2	chr1	69860257	69860475	SINE/MIR	550	-	109	69860366	19359
chr1	69841007	70041007	harbor2	chr1	69892646	69892880	SINE/MIR	610	-	117	69892763	51756
chr1	69841007	70041007	harbor2	chr1	69894167	69894364	SINE/MIR	922	-	98	69894265	53258
chr1	69841007	70041007	harbor2	chr1	69897049	69897252	SINE/MIR	632	-	102	69897151	56144
chr1	69841007	70041007	harbor2	chr1	69915781	69916023	SINE/MIR	1098	-	121	69915902	74895
chr1	235623434	235823434	harbor2	chr1	235691217	235691433	SINE/MIR	525	-	108	235691325	67891
chr1	235623434	235823434	harbor2	chr1	235695149	235695366	SINE/MIR	741	-	108	235695257	71823
chr1	235623434	235823434	harbor2	chr1	235705015	235705236	SINE/MIR	544	-	110	235705125	81691
chr1	242274026	242474026	harbor2	chr1	242282130	242282401	SINE/MIR	733	-	136	242282266	8240
chr1	242274026	242474026	harbor2	chr1	242299397	242299559	SINE/MIR	579	-	81	242299478	25452
chr1	242274026	242474026	harbor2	chr1	242329756	242329983	SINE/MIR	425	-	114	242329870	55844
chr1	242274026	242474026	harbor2	chr1	242340559	242340800	SINE/MIR	628	-	120	242340679	66653
chr1	113179548	113379548	harbor2	chr1	113234263	113234435	SINE/MIR	598	-	86	113234349	54801
chr1	113179548	113379548	harbor2	chr1	113235428	113235594	SINE/MIR	445	-	83	113235511	55963
chr1	113179548	113379548	harbor2	chr1	113277273	113277449	SINE/MIR	450	-	88	113277361	97813
chr1	187470261	187670261	harbor2	chr1	187473481	187473685	SINE/MIR	688	-	102	187473583	3322
chr1	187470261	187670261	harbor2	chr1	187490712	187490839	SINE/MIR	584	-	64	187490776	20515
chr1	187470261	187670261	harbor2	chr1	187500424	187500625	SINE/MIR	586	-	100	187500524	30263
chr1	187470261	187670261	harbor2	chr1	187501699	187501946	SINE/MIR	423	-	124	187501823	31562
chr1	187470261	187670261	harbor2	chr1	187512932	187513139	SINE/MIR	610	-	104	187513036	42775
chr1	248023155	248223155	harbor2	chr1	248094385	248094619	SINE/MIR	432	-	117	248094502	71347
chr1	230339685	230539685	harbor2	chr1	230370459	230370731	SINE/MIR	711	-	136	230370595	30910
chr1	230339685	230539685	harbor2	chr1	230379758	230379988	SINE/MIR	631	-	115	230379873	40188
chr1	230339685	230539685	harbor2	chr1	230381027	230381260	SINE/MIR	467	-	116	230381143	41458
chr1	230339685	230539685	harbor2	chr1	230434727	230434933	SINE/MIR	627	-	103	230434830	95145
chr1	212636205	212836205	harbor2	chr1	212636947	212637171	SINE/MIR	767	-	112	212637059	854
chr1	212636205	212836205	harbor2	chr1	212640304	212640453	SINE/MIR	658	-	74	212640378	4173
chr1	212636205	212836205	harbor2	chr1	212642307	212642374	SINE/MIR	551	-	34	212642341	6136
chr1	212636205	212836205	harbor2	chr1	212642678	212642831	SINE/MIR	551	-	76	212642754	6549
chr1	212636205	212836205	harbor2	chr1	212654777	212654970	SINE/MIR	952	-	96	212654873	18668
chr1	212636205	212836205	harbor2	chr1	212664390	212664599	SINE/MIR	580	-	104	212664494	28289
chr1	212636205	212836205	harbor2	chr1	212668286	212668393	SINE/MIR	627	-	54	212668340	32135
chr1	212636205	212836205	harbor2	chr1	212670588	212670778	SINE/MIR	894	-	95	212670683	34478
chr1	212636205	212836205	harbor2	chr1	212671117	212671229	SINE/MIR	587	-	56	212671173	34968
chr1	212636205	212836205	harbor2	chr1	212697249	212697403	SINE/MIR	454	-	77	212697326	61121
chr1	212636205	212836205	harbor2	chr1	212698808	212698966	SINE/MIR	615	-	79	212698887	62682
chr1	212636205	212836205	harbor2	chr1	212734935	212735172	SINE/MIR	1075	-	118	212735053	98848
chr1	212636205	212836205	harbor2	chr1	212735193	212735290	SINE/MIR	477	-	48	212735241	99036
chr1	168291066	168491066	harbor2	chr1	168312114	168312340	SINE/MIR	633	-	113	168312227	21161
chr1	168291066	168491066	harbor2	chr1	168330823	168331034	SINE/MIR	776	-	106	168330929	39863
chr1	168291066	168491066	harbor2	chr1	168331088	168331276	SINE/MIR	709	-	94	168331182	40116
chr1	168291066	168491066	harbor2	chr1	168364161	168364414	SINE/MIR	628	-	126	168364287	73221
chr1	168291066	168491066	harbor2	chr1	168367831	168367979	SINE/MIR	532	-	74	168367905	76839
chr1	168291066	168491066	harbor2	chr1	168381075	168381205	SINE/MIR	535	-	65	168381140	90074
chr1	118109234	118309234	harbor2	chr1	118124626	118124855	SINE/MIR	657	-	114	118124740	15506
chr1	118109234	118309234	harbor2	chr1	118142588	118142840	SINE/MIR	921	-	126	118142714	33480
chr1	118109234	118309234	harbor2	chr1	118153213	118153370	SINE/MIR	466	-	78	118153291	44057
chr1	118109234	118309234	harbor2	chr1	118170533	118170789	SINE/MIR	508	-	128	118170661	61427
chr1	222839275	223039275	harbor2	chr1	222841307	222841534	SINE/MIR	859	-	114	222841421	2146
chr1	222839275	223039275	harbor2	chr1	222867578	222867751	SINE/MIR	487	-	86	222867664	28389
chr1	222839275	223039275	harbor2	chr1	222924327	222924493	SINE/MIR	541	-	83	222924410	85135
chr1	199810339	200010339	harbor2	chr1	199812461	199812700	SINE/MIR	696	-	120	199812581	2242
chr1	199810339	200010339	harbor2	chr1	199822235	199822374	SINE/MIR	582	-	70	199822305	11966
chr1	199810339	200010339	harbor2	chr1	199843993	199844127	SINE/MIR	423	-	67	199844060	33721
chr1	226120827	226320827	harbor2	chr1	226158417	226158646	SINE/MIR	456	-	114	226158531	37704
chr1	226120827	226320827	harbor2	chr1	226159619	226159824	SINE/MIR	678	-	102	226159721	38894
chr1	226120827	226320827	harbor2	chr1	226187088	226187249	SINE/MIR	462	-	80	226187168	66341
chr1	226120827	226320827	harbor2	chr1	226131827	226132044	SINE/MIR	792	-	108	226131935	11108
chr1	121235311	121435311	harbor2	chr1	121247481	121247596	SINE/MIR	437	-	58	121247539	12228
chr1	121235311	121435311	harbor2	chr1	121272196	121272427	SINE/MIR	858	-	116	121272312	37001
chr1	121235311	121435311	harbor2	chr1	121272852	121273100	SINE/MIR	746	-	124	121272976	37665
chr1	121235311	121435311	harbor2	chr1	121285204	121285377	SINE/MIR	639	-	86	121285290	49979
chr1	121235311	121435311	harbor2	chr1	121319088	121319209	SINE/MIR	445	-	60	121319148	83837
chr1	121235311	121435311	harbor2	chr1	121328431	121328592	SINE/MIR	531	-	80	121328511	93200
chr1	165052531	165252531	harbor2	chr1	165054348	165054584	SINE/MIR	592	-	118	165054466	1935
chr1	165052531	165252531	harbor2	chr1	165059844	165060089	SINE/MIR	929	-	122	165059966	7435
chr1	165052531	165252531	harbor2	chr1	165110240	165110457	SINE/MIR	411	-	108	165110348	57817
chr1	228917927	229117927	harbor2	chr1	228923309	228923467	SINE/MIR	612	-	79	228923388	5461
chr1	228917927	229117927	harbor2	chr1	228937661	228937804	SINE/MIR	418	-	72	228937733	19806
chr1	228917927	229117927	harbor2	chr1	228941730	228941937	SINE/MIR	416	-	104	228941834	23907
chr1	228917927	229117927	harbor2	chr1	228956134	228956162	SINE/MIR	449	-	14	228956148	38221
chr1	228917927	229117927	harbor2	chr1	228957340	228957527	SINE/MIR	449	-	94	228957434	39507
chr1	228917927	229117927	harbor2	chr1	229005398	229005630	SINE/MIR	466	-	116	229005514	87587
chr1	52056818	52256818	harbor2	chr1	52068423	52068619	SINE/MIR	461	-	98	52068521	11703
chr1	52056818	52256818	harbor2	chr1	52106277	52106430	SINE/MIR	501	-	76	52106353	49535
chr1	222526275	222726275	harbor2	chr1	222560307	222560522	SINE/MIR	439	-	108	222560415	34140
chr1	222526275	222726275	harbor2	chr1	222588898	222589124	SINE/MIR	492	-	113	222589011	62736
chr1	152136836	152336836	harbor2	chr1	152142266	152142455	SINE/MIR	501	-	94	152142360	5524
chr1	152136836	152336836	harbor2	chr1	152162273	152162350	SINE/MIR	792	-	38	152162311	25475
chr1	152136836	152336836	harbor2	chr1	152162668	152162894	SINE/MIR	792	-	113	152162781	25945
chr1	152136836	152336836	harbor2	chr1	152174782	152175006	SINE/MIR	769	-	112	152174894	38058
chr1	152136836	152336836	harbor2	chr1	152179950	152180175	SINE/MIR	559	-	112	152180062	43226
chr1	152136836	152336836	harbor2	chr1	152186142	152186279	SINE/MIR	649	-	68	152186210	49374
chr1	152136836	152336836	harbor2	chr1	152227126	152227312	SINE/MIR	731	-	93	152227219	90383
chr1	152136836	152336836	harbor2	chr1	152230350	152230531	SINE/MIR	491	-	90	152230440	93604
chr1	163043195	163243195	harbor2	chr1	163081033	163081145	SINE/MIR	405	-	56	163081089	37894
chr1	163043195	163243195	harbor2	chr1	163082242	163082466	SINE/MIR	511	-	112	163082354	39159
chr1	163043195	163243195	harbor2	chr1	163085031	163085233	SINE/MIR	566	-	101	163085132	41937
chr1	163043195	163243195	harbor2	chr1	163106701	163106898	SINE/MIR	427	-	98	163106799	63604
chr1	163043195	163243195	harbor2	chr1	163135322	163135481	SINE/MIR	444	-	80	163135402	92207
chr1	217184339	217384339	harbor2	chr1	217223980	217224136	SINE/MIR	451	-	78	217224058	39719
chr1	182524918	182724918	harbor2	chr1	182531792	182532015	SINE/MIR	501	-	112	182531904	6986
chr1	182524918	182724918	harbor2	chr1	182550060	182550277	SINE/MIR	831	-	108	182550168	25250
chr1	182524918	182724918	harbor2	chr1	182553583	182553751	SINE/MIR	566	-	84	182553667	28749
chr1	182524918	182724918	harbor2	chr1	182556470	182556661	SINE/MIR	488	-	96	182556566	31648
chr1	182524918	182724918	harbor2	chr1	182584564	182584799	SINE/MIR	479	-	118	182584682	59764
chr1	182524918	182724918	harbor2	chr1	182591083	182591254	SINE/MIR	669	-	86	182591169	66251
chr1	182524918	182724918	harbor2	chr1	182594619	182594868	SINE/MIR	564	-	124	182594743	69825
chr1	182524918	182724918	harbor2	chr1	182608572	182608834	SINE/MIR	874	-	131	182608703	83785
chr1	182524918	182724918	harbor2	chr1	182612262	182612390	SINE/MIR	415	-	64	182612326	87408
chr1	182524918	182724918	harbor2	chr1	182616692	182616818	SINE/MIR	458	-	63	182616755	91837
chr1	204675813	204875813	harbor2	chr1	204677040	204677202	SINE/MIR	487	-	81	204677121	1308
chr1	204675813	204875813	harbor2	chr1	204681341	204681582	SINE/MIR	1119	-	120	204681461	5648
chr1	204675813	204875813	harbor2	chr1	204700830	204700886	SINE/MIR	553	-	28	204700858	25045
chr1	204675813	204875813	harbor2	chr1	204701192	204701334	SINE/MIR	553	-	71	204701263	25450
chr1	204675813	204875813	harbor2	chr1	204724166	204724415	SINE/MIR	846	-	124	204724290	48477
chr1	204675813	204875813	harbor2	chr1	204763277	204763502	SINE/MIR	533	-	112	204763389	87576
chr1	239182052	239382052	harbor2	chr1	239265309	239265539	SINE/MIR	690	-	115	239265424	83372
chr1	239182052	239382052	harbor2	chr1	239275821	239275967	SINE/MIR	466	-	73	239275894	93842
chr1	216601103	216801103	harbor2	chr1	216610744	216610928	SINE/MIR	468	-	92	216610836	9733
chr1	216601103	216801103	harbor2	chr1	216635957	216636192	SINE/MIR	732	-	118	216636075	34972
chr1	216601103	216801103	harbor2	chr1	216638165	216638366	SINE/MIR	647	-	100	216638265	37162
chr1	216601103	216801103	harbor2	chr1	216660356	216660535	SINE/MIR	635	-	90	216660446	59343
chr1	216601103	216801103	harbor2	chr1	216680181	216680389	SINE/MIR	855	-	104	216680285	79182
chr1	212511727	212711727	harbor2	chr1	212519907	212520106	SINE/MIR	473	-	100	212520007	8280
chr1	212511727	212711727	harbor2	chr1	212520681	212520904	SINE/MIR	469	-	112	212520793	9066
chr1	212511727	212711727	harbor2	chr1	212527480	212527601	SINE/MIR	526	-	60	212527540	15813
chr1	212511727	212711727	harbor2	chr1	212527682	212527845	SINE/MIR	496	-	82	212527764	16037
chr1	212511727	212711727	harbor2	chr1	212559725	212559936	SINE/MIR	443	-	106	212559831	48104
chr1	212511727	212711727	harbor2	chr1	212582819	212583011	SINE/MIR	438	-	96	212582915	71188
chr1	220330149	220530149	harbor2	chr1	220352215	220352427	SINE/MIR	570	-	106	220352321	22172
chr1	220330149	220530149	harbor2	chr1	220357339	220357569	SINE/MIR	471	-	115	220357454	27305
chr1	220330149	220530149	harbor2	chr1	220381595	220381659	SINE/MIR	481	-	32	220381627	51478
chr1	220330149	220530149	harbor2	chr1	220382111	220382245	SINE/MIR	481	-	67	220382178	52029
chr1	220330149	220530149	harbor2	chr1	220404221	220404388	SINE/MIR	477	-	84	220404305	74156
chr1	220330149	220530149	harbor2	chr1	220425846	220425913	SINE/MIR	645	-	34	220425880	95731
chr1	220330149	220530149	harbor2	chr1	220426426	220426585	SINE/MIR	645	-	80	220426506	96357
chr1	56836709	57036709	harbor2	chr1	56838092	56838305	SINE/MIR	661	-	106	56838198	1489
chr1	56836709	57036709	harbor2	chr1	56844695	56844917	SINE/MIR	655	-	111	56844806	8097
chr1	56836709	57036709	harbor2	chr1	56867114	56867323	SINE/MIR	490	-	104	56867218	30509
chr1	56836709	57036709	harbor2	chr1	56871447	56871636	SINE/MIR	409	-	94	56871541	34832
chr1	56836709	57036709	harbor2	chr1	56873270	56873499	SINE/MIR	568	-	114	56873384	36675
chr1	56836709	57036709	harbor2	chr1	56880357	56880595	SINE/MIR	768	-	119	56880476	43767
chr1	56836709	57036709	harbor2	chr1	56880731	56880942	SINE/MIR	779	-	106	56880837	44128
chr1	56836709	57036709	harbor2	chr1	56882294	56882513	SINE/MIR	589	-	110	56882404	45695
chr1	56836709	57036709	harbor2	chr1	56886235	56886422	SINE/MIR	418	-	94	56886329	49620
chr1	56836709	57036709	harbor2	chr1	56895249	56895449	SINE/MIR	655	-	100	56895349	58640
chr1	56836709	57036709	harbor2	chr1	56896840	56897077	SINE/MIR	595	-	118	56896958	60249
chr1	56836709	57036709	harbor2	chr1	56899744	56899989	SINE/MIR	772	-	122	56899866	63157
chr1	56836709	57036709	harbor2	chr1	56911274	56911498	SINE/MIR	486	-	112	56911386	74677
chr1	56836709	57036709	harbor2	chr1	56915592	56915791	SINE/MIR	639	-	100	56915692	78983
chr1	56836709	57036709	harbor2	chr1	56925312	56925552	SINE/MIR	683	-	120	56925432	88723
chr1	56836709	57036709	harbor2	chr1	56930816	56931023	SINE/MIR	660	-	104	56930920	94211
chr1	56836709	57036709	harbor2	chr1	56935578	56935776	SINE/MIR	597	-	99	56935677	98968
chr1	149009529	149209529	harbor2	chr1	149080799	149080945	SINE/MIR	410	-	73	149080872	71343
chr1	231835838	232035838	harbor2	chr1	231849024	231849122	SINE/MIR	596	-	49	231849073	13235
chr1	231835838	232035838	harbor2	chr1	231849420	231849516	SINE/MIR	596	-	48	231849468	13630
chr1	231835838	232035838	harbor2	chr1	231866441	231866653	SINE/MIR	420	-	106	231866547	30709
chr1	231835838	232035838	harbor2	chr1	231922320	231922574	SINE/MIR	602	-	127	231922447	86609
chr1	231835838	232035838	harbor2	chr1	231930348	231930603	SINE/MIR	442	-	128	231930476	94638
chr1	231835838	232035838	harbor2	chr1	231932380	231932599	SINE/MIR	518	-	110	231932490	96652
chr1	231835838	232035838	harbor2	chr1	231933106	231933277	SINE/MIR	407	-	86	231933192	97354
chr1	51237034	51437034	harbor2	chr1	51295498	51295725	SINE/MIR	491	-	114	51295612	58578
chr1	51237034	51437034	harbor2	chr1	51325497	51325709	SINE/MIR	470	-	106	51325603	88569
chr1	51237034	51437034	harbor2	chr1	51331086	51331234	SINE/MIR	489	-	74	51331160	94126
chr1	197571289	197771289	harbor2	chr1	197581474	197581595	SINE/MIR	437	-	60	197581534	10245
chr1	197571289	197771289	harbor2	chr1	197590206	197590367	SINE/MIR	478	-	80	197590286	18997
chr1	197571289	197771289	harbor2	chr1	197595894	197596074	SINE/MIR	566	-	90	197595984	24695
chr1	197571289	197771289	harbor2	chr1	197622191	197622433	SINE/MIR	642	-	121	197622312	51023
chr1	197571289	197771289	harbor2	chr1	197640508	197640659	SINE/MIR	466	-	76	197640584	69295
chr1	161097778	161297778	harbor2	chr1	161114565	161114803	SINE/MIR	445	-	119	161114684	16906
chr1	161097778	161297778	harbor2	chr1	161184312	161184540	SINE/MIR	577	-	114	161184426	86648
chr1	161097778	161297778	harbor2	chr1	161189145	161189368	SINE/MIR	569	-	112	161189257	91479
chr1	161097778	161297778	harbor2	chr1	161189708	161189855	SINE/MIR	512	-	74	161189782	92004
chr1	161097778	161297778	harbor2	chr1	161192439	161192673	SINE/MIR	450	-	117	161192556	94778
chr1	161097778	161297778	harbor2	chr1	161194718	161194874	SINE/MIR	456	-	78	161194796	97018
chr1	149979090	150179090	harbor2	chr1	149987050	149987261	SINE/MIR	674	-	106	149987156	8066
chr1	149979090	150179090	harbor2	chr1	149991557	149991741	SINE/MIR	404	-	92	149991649	12559
chr1	149979090	150179090	harbor2	chr1	150034040	150034147	SINE/MIR	443	-	54	150034094	55004
chr1	149979090	150179090	harbor2	chr1	150035625	150035867	SINE/MIR	564	-	121	150035746	56656
chr1	149979090	150179090	harbor2	chr1	150056507	150056687	SINE/MIR	736	-	90	150056597	77507
chr1	149979090	150179090	harbor2	chr1	150064133	150064286	SINE/MIR	567	-	76	150064209	85119
chr1	246966034	247166034	harbor2	chr1	246973653	246973841	SINE/MIR	532	-	94	246973747	7713
chr1	214138646	214338646	harbor2	chr1	214148785	214148960	SINE/MIR	516	-	88	214148873	10227
chr1	214138646	214338646	harbor2	chr1	214156945	214157207	SINE/MIR	488	-	131	214157076	18430
chr1	214138646	214338646	harbor2	chr1	214190500	214190673	SINE/MIR	411	-	86	214190586	51940
chr1	214138646	214338646	harbor2	chr1	214197659	214197850	SINE/MIR	475	-	96	214197755	59109
chr1	214138646	214338646	harbor2	chr1	214210851	214211072	SINE/MIR	574	-	110	214210961	72315
chr1	214138646	214338646	harbor2	chr1	214211333	214211519	SINE/MIR	417	-	93	214211426	72780
chr1	214138646	214338646	harbor2	chr1	214213669	214213894	SINE/MIR	628	-	112	214213781	75135
chr1	214138646	214338646	harbor2	chr1	214222941	214222987	SINE/MIR	550	-	23	214222964	84318
chr1	214138646	214338646	harbor2	chr1	214223116	214223298	SINE/MIR	550	-	91	214223207	84561
chr1	214138646	214338646	harbor2	chr1	214236549	214236726	SINE/MIR	522	-	88	214236637	97991
chr1	11234036	11434036	harbor2	chr1	11240917	11241040	SINE/MIR	561	-	62	11240979	6943
chr1	11234036	11434036	harbor2	chr1	11241342	11241451	SINE/MIR	561	-	54	11241396	7360
chr1	11234036	11434036	harbor2	chr1	11246891	11247109	SINE/MIR	523	-	109	11247000	12964
chr1	11234036	11434036	harbor2	chr1	11254445	11254601	SINE/MIR	572	-	78	11254523	20487
chr1	11234036	11434036	harbor2	chr1	11294074	11294297	SINE/MIR	817	-	112	11294186	60150
chr1	11234036	11434036	harbor2	chr1	11313743	11313971	SINE/MIR	831	-	114	11313857	79821
chr1	11234036	11434036	harbor2	chr1	11317857	11318061	SINE/MIR	770	-	102	11317959	83923
chr1	11234036	11434036	harbor2	chr1	11319802	11319999	SINE/MIR	469	-	98	11319900	85864
chr1	175381369	175581369	harbor2	chr1	175398570	175398780	SINE/MIR	504	-	105	175398675	17306
chr1	175381369	175581369	harbor2	chr1	175398769	175399022	SINE/MIR	499	-	126	175398895	17526
chr1	175381369	175581369	harbor2	chr1	175421938	175422142	SINE/MIR	700	-	102	175422040	40671
chr1	175381369	175581369	harbor2	chr1	175428443	175428606	SINE/MIR	429	-	82	175428525	47156
chr1	175381369	175581369	harbor2	chr1	175460550	175460789	SINE/MIR	495	-	120	175460670	79301
chr1	175381369	175581369	harbor2	chr1	175466061	175466306	SINE/MIR	593	-	122	175466183	84814
chr1	240276024	240476024	harbor2	chr1	240355425	240355567	SINE/MIR	571	-	71	240355496	79472
chr1	240276024	240476024	harbor2	chr1	240364095	240364219	SINE/MIR	412	-	62	240364157	88133
chr1	240276024	240476024	harbor2	chr1	240287729	240287865	SINE/MIR	429	-	68	240287797	11773
chr1	235779671	235979671	harbor2	chr1	235854145	235854353	SINE/MIR	728	-	104	235854249	74578
chr1	209472166	209672166	harbor2	chr1	209473675	209473868	SINE/MIR	535	-	96	209473771	1605
chr1	209472166	209672166	harbor2	chr1	209474657	209474839	SINE/MIR	598	-	91	209474748	2582
chr1	209472166	209672166	harbor2	chr1	209490751	209490991	SINE/MIR	667	-	120	209490871	18705
chr1	209472166	209672166	harbor2	chr1	209507152	209507351	SINE/MIR	432	-	100	209507252	35086
chr1	209472166	209672166	harbor2	chr1	209527025	209527251	SINE/MIR	635	-	113	209527138	54972
chr1	209472166	209672166	harbor2	chr1	209549255	209549494	SINE/MIR	568	-	120	209549375	77209
chr1	209472166	209672166	harbor2	chr1	209568537	209568777	SINE/MIR	1141	-	120	209568657	96491
chr1	185353866	185553866	harbor2	chr1	185368228	185368412	SINE/MIR	432	-	92	185368320	14454
chr1	185353866	185553866	harbor2	chr1	185385494	185385742	SINE/MIR	463	-	124	185385618	31752
chr1	185353866	185553866	harbor2	chr1	185436316	185436525	SINE/MIR	412	-	104	185436420	82554
chr1	185353866	185553866	harbor2	chr1	185449063	185449228	SINE/MIR	423	-	82	185449145	95279
chr1	185353866	185553866	harbor2	chr1	185450880	185451013	SINE/MIR	510	-	66	185450946	97080
chr1	82002432	82202432	harbor2	chr1	82003828	82004040	SINE/MIR	493	-	106	82003934	1502
chr1	82002432	82202432	harbor2	chr1	82040170	82040417	SINE/MIR	719	-	124	82040294	37862
chr1	82002432	82202432	harbor2	chr1	82047188	82047291	SINE/MIR	469	-	52	82047240	44808
chr1	82002432	82202432	harbor2	chr1	82058640	82058866	SINE/MIR	533	-	113	82058753	56321
chr1	82002432	82202432	harbor2	chr1	82094201	82094372	SINE/MIR	489	-	86	82094287	91855
chr1	242317646	242517646	harbor2	chr1	242329756	242329983	SINE/MIR	425	-	114	242329870	12224
chr1	242317646	242517646	harbor2	chr1	242340559	242340800	SINE/MIR	628	-	120	242340679	23033
chr1	154661658	154861658	harbor2	chr1	154667091	154667260	SINE/MIR	832	-	84	154667175	5517
chr1	154661658	154861658	harbor2	chr1	154680017	154680193	SINE/MIR	639	-	88	154680105	18447
chr1	154661658	154861658	harbor2	chr1	154686047	154686234	SINE/MIR	615	-	94	154686141	24483
chr1	154661658	154861658	harbor2	chr1	154717117	154717290	SINE/MIR	615	-	86	154717203	55545
chr1	154661658	154861658	harbor2	chr1	154732047	154732218	SINE/MIR	443	-	86	154732133	70475
chr1	154661658	154861658	harbor2	chr1	154748547	154748678	SINE/MIR	424	-	66	154748613	86955
chr1	154661658	154861658	harbor2	chr1	154748883	154748996	SINE/MIR	424	-	56	154748939	87281
chr1	218443782	218643782	harbor2	chr1	218459042	218459274	SINE/MIR	488	-	116	218459158	15376
chr1	218443782	218643782	harbor2	chr1	218461071	218461288	SINE/MIR	443	-	108	218461179	17397
chr1	218443782	218643782	harbor2	chr1	218483630	218483879	SINE/MIR	1010	-	124	218483754	39972
chr1	218443782	218643782	harbor2	chr1	218493886	218494047	SINE/MIR	409	-	80	218493966	50184
chr1	77186693	77386693	harbor2	chr1	77189848	77190071	SINE/MIR	567	-	112	77189960	3267
chr1	77186693	77386693	harbor2	chr1	77238973	77239222	SINE/MIR	602	-	124	77239097	52404
chr1	77186693	77386693	harbor2	chr1	77265793	77266030	SINE/MIR	848	-	118	77265911	79218
chr1	77186693	77386693	harbor2	chr1	77269050	77269283	SINE/MIR	651	-	116	77269166	82473
chr1	77186693	77386693	harbor2	chr1	77271315	77271480	SINE/MIR	513	-	82	77271397	84704
chr1	77186693	77386693	harbor2	chr1	77274515	77274696	SINE/MIR	513	-	90	77274605	87912
chr1	77186693	77386693	harbor2	chr1	77286120	77286271	SINE/MIR	626	-	76	77286196	99503
chr1	228952988	229152988	harbor2	chr1	228956134	228956162	SINE/MIR	449	-	14	228956148	3160
chr1	228952988	229152988	harbor2	chr1	228957340	228957527	SINE/MIR	449	-	94	228957434	4446
chr1	228952988	229152988	harbor2	chr1	229005398	229005630	SINE/MIR	466	-	116	229005514	52526
chr1	114527150	114727150	harbor2	chr1	114553671	114553868	SINE/MIR	691	-	98	114553769	26619
chr1	114527150	114727150	harbor2	chr1	114607851	114608001	SINE/MIR	891	-	75	114607926	80776
chr1	114527150	114727150	harbor2	chr1	114608295	114608381	SINE/MIR	891	-	43	114608338	81188
chr1	241599865	241799865	harbor2	chr1	241613188	241613435	SINE/MIR	988	-	124	241613312	13447
chr1	241599865	241799865	harbor2	chr1	241617020	241617247	SINE/MIR	440	-	114	241617134	17269
chr1	241599865	241799865	harbor2	chr1	241630084	241630271	SINE/MIR	408	-	94	241630178	30313
chr1	241599865	241799865	harbor2	chr1	241666770	241666993	SINE/MIR	579	-	112	241666882	67017
chr1	241599865	241799865	harbor2	chr1	241669018	241669290	SINE/MIR	430	-	136	241669154	69289
chr1	233840834	234040834	harbor2	chr1	233897210	233897424	SINE/MIR	426	-	107	233897317	56483
chr1	233840834	234040834	harbor2	chr1	233897600	233897745	SINE/MIR	476	-	72	233897672	56838
chr1	234983094	235183094	harbor2	chr1	234983606	234983797	SINE/MIR	482	-	96	234983702	608
chr1	234983094	235183094	harbor2	chr1	235058119	235058344	SINE/MIR	580	-	112	235058231	75137
chr1	234983094	235183094	harbor2	chr1	235028371	235028590	SINE/MIR	589	-	110	235028481	45387
chr1	213635920	213835920	harbor2	chr1	213649948	213650147	SINE/MIR	564	-	100	213650048	14128
chr1	213635920	213835920	harbor2	chr1	213651561	213651738	SINE/MIR	460	-	88	213651649	15729
chr1	213635920	213835920	harbor2	chr1	213652204	213652449	SINE/MIR	970	-	122	213652326	16406
chr1	213635920	213835920	harbor2	chr1	213656023	213656237	SINE/MIR	487	-	107	213656130	20210
chr1	213635920	213835920	harbor2	chr1	213684239	213684443	SINE/MIR	428	-	102	213684341	48421
chr1	210268422	210468422	harbor2	chr1	210314676	210314819	SINE/MIR	450	-	72	210314748	46326
chr1	210268422	210468422	harbor2	chr1	210330314	210330518	SINE/MIR	426	-	102	210330416	61994
chr1	210268422	210468422	harbor2	chr1	210338523	210338769	SINE/MIR	778	-	123	210338646	70224
chr1	222861826	223061826	harbor2	chr1	222867578	222867751	SINE/MIR	487	-	86	222867664	5838
chr1	222861826	223061826	harbor2	chr1	222924327	222924493	SINE/MIR	541	-	83	222924410	62584
chr1	222861826	223061826	harbor2	chr1	222959270	222959400	SINE/MIR	588	-	65	222959335	97509
chr1	154807861	155007861	harbor2	chr1	154817068	154817130	SINE/MIR	502	-	31	154817099	9238
chr1	154807861	155007861	harbor2	chr1	154817493	154817631	SINE/MIR	502	-	69	154817562	9701
chr1	154807861	155007861	harbor2	chr1	154821022	154821213	SINE/MIR	463	-	96	154821118	13257
chr1	154807861	155007861	harbor2	chr1	154826382	154826532	SINE/MIR	411	-	75	154826457	18596
chr1	154807861	155007861	harbor2	chr1	154833532	154833709	SINE/MIR	407	-	88	154833620	25759
chr1	154807861	155007861	harbor2	chr1	154834637	154834839	SINE/MIR	491	-	101	154834738	26877
chr1	154807861	155007861	harbor2	chr1	154835747	154835892	SINE/MIR	414	-	72	154835819	27958
chr1	154807861	155007861	harbor2	chr1	154841272	154841330	SINE/MIR	543	-	29	154841301	33440
chr1	154807861	155007861	harbor2	chr1	154841507	154841664	SINE/MIR	543	-	78	154841585	33724
chr1	154807861	155007861	harbor2	chr1	154844575	154844723	SINE/MIR	414	-	74	154844649	36788
chr1	154807861	155007861	harbor2	chr1	154856600	154856834	SINE/MIR	494	-	117	154856717	48856
chr1	154807861	155007861	harbor2	chr1	154866372	154866494	SINE/MIR	411	-	61	154866433	58572
chr1	154807861	155007861	harbor2	chr1	154873691	154873832	SINE/MIR	436	-	70	154873761	65900
chr1	154807861	155007861	harbor2	chr1	154875721	154875968	SINE/MIR	505	-	124	154875845	67984
chr1	154807861	155007861	harbor2	chr1	154896405	154896609	SINE/MIR	471	-	102	154896507	88646
chr1	179360560	179560560	harbor2	chr1	179427653	179427875	SINE/MIR	576	-	111	179427764	67204
chr1	179360560	179560560	harbor2	chr1	179429970	179430202	SINE/MIR	591	-	116	179430086	69526
chr1	179360560	179560560	harbor2	chr1	179444143	179444399	SINE/MIR	649	-	128	179444271	83711
chr1	217358436	217558436	harbor2	chr1	217371815	217372093	SINE/MIR	503	-	139	217371954	13518
chr1	217358436	217558436	harbor2	chr1	217436671	217436888	SINE/MIR	493	-	108	217436779	78343
chr1	243691294	243891294	harbor2	chr1	243770262	243770462	SINE/MIR	476	-	100	243770362	79068
chr1	172094351	172294351	harbor2	chr1	172101551	172101775	SINE/MIR	883	-	112	172101663	7312
chr1	172094351	172294351	harbor2	chr1	172105200	172105419	SINE/MIR	589	-	110	172105310	10959
chr1	172094351	172294351	harbor2	chr1	172111420	172111642	SINE/MIR	592	-	111	172111531	17180
chr1	172094351	172294351	harbor2	chr1	172112155	172112385	SINE/MIR	780	-	115	172112270	17919
chr1	172094351	172294351	harbor2	chr1	172122311	172122521	SINE/MIR	806	-	105	172122416	28065
chr1	172094351	172294351	harbor2	chr1	172132870	172133001	SINE/MIR	524	-	66	172132936	38585
chr1	172094351	172294351	harbor2	chr1	172147900	172148056	SINE/MIR	444	-	78	172147978	53627
chr1	172094351	172294351	harbor2	chr1	172150523	172150639	SINE/MIR	422	-	58	172150581	56230
chr1	172094351	172294351	harbor2	chr1	172170191	172170362	SINE/MIR	420	-	86	172170277	75926
chr1	166299022	166499022	harbor2	chr1	166302450	166302707	SINE/MIR	733	-	128	166302578	3556
chr1	166299022	166499022	harbor2	chr1	166302918	166303072	SINE/MIR	634	-	77	166302995	3973
chr1	166299022	166499022	harbor2	chr1	166322018	166322195	SINE/MIR	415	-	88	166322106	23084
chr1	166299022	166499022	harbor2	chr1	166355534	166355766	SINE/MIR	458	-	116	166355650	56628
chr1	166299022	166499022	harbor2	chr1	166366497	166366747	SINE/MIR	591	-	125	166366622	67600
chr1	166299022	166499022	harbor2	chr1	166368561	166368804	SINE/MIR	458	-	122	166368683	69661
chr1	166299022	166499022	harbor2	chr1	166377458	166377605	SINE/MIR	478	-	74	166377532	78510
chr1	166299022	166499022	harbor2	chr1	166377949	166378126	SINE/MIR	406	-	88	166378037	79015
chr1	166299022	166499022	harbor2	chr1	166383090	166383196	SINE/MIR	446	-	53	166383143	84121
chr1	166299022	166499022	harbor2	chr1	166383538	166383772	SINE/MIR	768	-	117	166383655	84633
chr1	209242541	209442541	harbor2	chr1	209258499	209258748	SINE/MIR	585	-	124	209258623	16082
chr1	209242541	209442541	harbor2	chr1	209296973	209297169	SINE/MIR	466	-	98	209297071	54530
chr1	209242541	209442541	harbor2	chr1	209317018	209317207	SINE/MIR	706	-	94	209317112	74571
chr1	209242541	209442541	harbor2	chr1	209327844	209328100	SINE/MIR	486	-	128	209327972	85431
chr1	242733648	242933648	harbor2	chr1	242789343	242789508	SINE/MIR	484	-	82	242789425	55777
chr1	242733648	242933648	harbor2	chr1	242799924	242800150	SINE/MIR	897	-	113	242800037	66389
chr1	242733648	242933648	harbor2	chr1	242824862	242825005	SINE/MIR	522	-	72	242824934	91286
chr1	242733648	242933648	harbor2	chr1	242829859	242830064	SINE/MIR	483	-	102	242829961	96313
chr1	242733648	242933648	harbor2	chr1	242831030	242831233	SINE/MIR	668	-	102	242831132	97484
chr1	152389453	152589453	harbor2	chr1	152392506	152392699	SINE/MIR	609	-	96	152392602	3149
chr1	152389453	152589453	harbor2	chr1	152395542	152395772	SINE/MIR	544	-	115	152395657	6204
chr1	152389453	152589453	harbor2	chr1	152416352	152416492	SINE/MIR	569	-	70	152416422	26969
chr1	152389453	152589453	harbor2	chr1	152417609	152417816	SINE/MIR	667	-	104	152417713	28260
chr1	152389453	152589453	harbor2	chr1	152428804	152428945	SINE/MIR	534	-	70	152428874	39421
chr1	152389453	152589453	harbor2	chr1	152436976	152437181	SINE/MIR	811	-	102	152437078	47625
chr1	152389453	152589453	harbor2	chr1	152471163	152471301	SINE/MIR	442	-	69	152471232	81779
chr1	29030525	29230525	harbor2	chr1	29044153	29044308	SINE/MIR	542	-	78	29044231	13706
chr1	29030525	29230525	harbor2	chr1	29107218	29107313	SINE/MIR	459	-	48	29107266	76741
chr1	178440239	178640239	harbor2	chr1	178450198	178450439	SINE/MIR	728	-	120	178450318	10079
chr1	178440239	178640239	harbor2	chr1	178466551	178466768	SINE/MIR	570	-	108	178466659	26420
chr1	178440239	178640239	harbor2	chr1	178481832	178482049	SINE/MIR	851	-	108	178481940	41701
chr1	178440239	178640239	harbor2	chr1	178482844	178482984	SINE/MIR	443	-	70	178482914	42675
chr1	178440239	178640239	harbor2	chr1	178491450	178491616	SINE/MIR	478	-	83	178491533	51294
chr1	178440239	178640239	harbor2	chr1	178502685	178502921	SINE/MIR	691	-	118	178502803	62564
chr1	178440239	178640239	harbor2	chr1	178513545	178513711	SINE/MIR	578	-	83	178513628	73389
chr1	178440239	178640239	harbor2	chr1	178529392	178529559	SINE/MIR	406	-	84	178529476	89237
chr1	178440239	178640239	harbor2	chr1	178531084	178531133	SINE/MIR	468	-	24	178531108	90869
chr1	178440239	178640239	harbor2	chr1	178531438	178531649	SINE/MIR	468	-	106	178531544	91305
chr1	225893835	226093835	harbor2	chr1	225937971	225938228	SINE/MIR	633	-	128	225938099	44264
chr1	225893835	226093835	harbor2	chr1	225943838	225944048	SINE/MIR	704	-	105	225943943	50108
chr1	225893835	226093835	harbor2	chr1	225979620	225979870	SINE/MIR	746	-	125	225979745	85910
chr1	89454558	89654558	harbor2	chr1	89463818	89464069	SINE/MIR	900	-	126	89463944	9386
chr1	89454558	89654558	harbor2	chr1	89498978	89499177	SINE/MIR	605	-	100	89499078	44520
chr1	89454558	89654558	harbor2	chr1	89515339	89515541	SINE/MIR	553	-	101	89515440	60882
chr1	162654864	162854864	harbor2	chr1	162667221	162667451	SINE/MIR	429	-	115	162667336	12472
chr1	162654864	162854864	harbor2	chr1	162685722	162685915	SINE/MIR	882	-	96	162685818	30954
chr1	162654864	162854864	harbor2	chr1	162688307	162688555	SINE/MIR	473	-	124	162688431	33567
chr1	162654864	162854864	harbor2	chr1	162689303	162689486	SINE/MIR	564	-	92	162689395	34531
chr1	162654864	162854864	harbor2	chr1	162690094	162690324	SINE/MIR	908	-	115	162690209	35345
chr1	162654864	162854864	harbor2	chr1	162695744	162695999	SINE/MIR	850	-	128	162695872	41008
chr1	162654864	162854864	harbor2	chr1	162697701	162697915	SINE/MIR	612	-	107	162697808	42944
chr1	162654864	162854864	harbor2	chr1	162708980	162709181	SINE/MIR	684	-	100	162709080	54216
chr1	162654864	162854864	harbor2	chr1	162724041	162724227	SINE/MIR	731	-	93	162724134	69270
chr1	162654864	162854864	harbor2	chr1	162725074	162725305	SINE/MIR	618	-	116	162725190	70326
chr1	162654864	162854864	harbor2	chr1	162731699	162731919	SINE/MIR	419	-	110	162731809	76945
chr1	162654864	162854864	harbor2	chr1	162676628	162676874	SINE/MIR	591	-	123	162676751	21887
chr1	224736203	224936203	harbor2	chr1	224741777	224741992	SINE/MIR	505	-	108	224741885	5682
chr1	224736203	224936203	harbor2	chr1	224743020	224743254	SINE/MIR	724	-	117	224743137	6934
chr1	224736203	224936203	harbor2	chr1	224749749	224750004	SINE/MIR	926	-	128	224749877	13674
chr1	224736203	224936203	harbor2	chr1	224757556	224757756	SINE/MIR	525	-	100	224757656	21453
chr1	224736203	224936203	harbor2	chr1	224761254	224761477	SINE/MIR	881	-	112	224761366	25163
chr1	224736203	224936203	harbor2	chr1	224764224	224764441	SINE/MIR	449	-	108	224764332	28129
chr1	224736203	224936203	harbor2	chr1	224801733	224801955	SINE/MIR	419	-	111	224801844	65641
chr1	224736203	224936203	harbor2	chr1	224827099	224827339	SINE/MIR	666	-	120	224827219	91016
chr1	117258018	117458018	harbor2	chr1	117312001	117312169	SINE/MIR	449	-	84	117312085	54067
chr1	117258018	117458018	harbor2	chr1	117312980	117313159	SINE/MIR	797	-	90	117313070	55052
chr1	117258018	117458018	harbor2	chr1	117328191	117328308	SINE/MIR	419	-	58	117328249	70231
chr1	117258018	117458018	harbor2	chr1	117340934	117341108	SINE/MIR	585	-	87	117341021	83003
chr1	117258018	117458018	harbor2	chr1	117346231	117346431	SINE/MIR	612	-	100	117346331	88313
chr1	245138876	245338876	harbor2	chr1	245193558	245193783	SINE/MIR	836	-	112	245193670	54794
chr1	245138876	245338876	harbor2	chr1	245199012	245199156	SINE/MIR	579	-	72	245199084	60208
chr1	245138876	245338876	harbor2	chr1	245201009	245201202	SINE/MIR	416	-	96	245201105	62229
chr1	245138876	245338876	harbor2	chr1	245228641	245228881	SINE/MIR	411	-	120	245228761	89885
chr1	241857430	242057430	harbor2	chr1	241863116	241863320	SINE/MIR	637	-	102	241863218	5788
chr1	241857430	242057430	harbor2	chr1	241876634	241876785	SINE/MIR	405	-	76	241876710	19280
chr1	241857430	242057430	harbor2	chr1	241899605	241899872	SINE/MIR	697	-	134	241899739	42309
chr1	211504587	211704587	harbor2	chr1	211513179	211513282	SINE/MIR	461	-	52	211513231	8644
chr1	211504587	211704587	harbor2	chr1	211513739	211513897	SINE/MIR	427	-	79	211513818	9231
chr1	211504587	211704587	harbor2	chr1	211522283	211522519	SINE/MIR	612	-	118	211522401	17814
chr1	211504587	211704587	harbor2	chr1	211523970	211524190	SINE/MIR	567	-	110	211524080	19493
chr1	211504587	211704587	harbor2	chr1	211560643	211560848	SINE/MIR	430	-	102	211560745	56158
chr1	211504587	211704587	harbor2	chr1	211564362	211564498	SINE/MIR	437	-	68	211564430	59843
chr1	211504587	211704587	harbor2	chr1	211565072	211565279	SINE/MIR	937	-	104	211565176	60589
chr1	233384298	233584298	harbor2	chr1	233437511	233437707	SINE/MIR	467	-	98	233437609	53311
chr1	233384298	233584298	harbor2	chr1	233457575	233457694	SINE/MIR	540	-	60	233457635	73337
chr1	96665744	96865744	harbor2	chr1	96749753	96749913	SINE/MIR	423	-	80	96749833	84089
chr1	205669662	205869662	harbor2	chr1	205677401	205677563	SINE/MIR	671	-	81	205677482	7820
chr1	205669662	205869662	harbor2	chr1	205682135	205682149	SINE/MIR	428	-	7	205682142	12480
chr1	205669662	205869662	harbor2	chr1	205682458	205682571	SINE/MIR	428	-	56	205682514	12852
chr1	205669662	205869662	harbor2	chr1	205689290	205689463	SINE/MIR	514	-	86	205689376	19714
chr1	205669662	205869662	harbor2	chr1	205693049	205693180	SINE/MIR	435	-	66	205693115	23453
chr1	205669662	205869662	harbor2	chr1	205695112	205695278	SINE/MIR	605	-	83	205695195	25533
chr1	205669662	205869662	harbor2	chr1	205698525	205698747	SINE/MIR	662	-	111	205698636	28974
chr1	205669662	205869662	harbor2	chr1	205704388	205704614	SINE/MIR	578	-	113	205704501	34839
chr1	184456653	184656653	harbor2	chr1	184457898	184458143	SINE/MIR	815	-	122	184458020	1367
chr1	184456653	184656653	harbor2	chr1	184479352	184479589	SINE/MIR	674	-	118	184479470	22817
chr1	184456653	184656653	harbor2	chr1	184534115	184534235	SINE/MIR	427	-	60	184534175	77522
chr1	184456653	184656653	harbor2	chr1	184542236	184542419	SINE/MIR	646	-	92	184542328	85675
chr1	232793852	232993852	harbor2	chr1	232802647	232802883	SINE/MIR	664	-	118	232802765	8913
chr1	232793852	232993852	harbor2	chr1	232856787	232857016	SINE/MIR	608	-	114	232856901	63049
chr1	232793852	232993852	harbor2	chr1	232891691	232891902	SINE/MIR	433	-	106	232891797	97945
chr1	239494288	239694288	harbor2	chr1	239517245	239517465	SINE/MIR	474	-	110	239517355	23067
chr1	239494288	239694288	harbor2	chr1	239527155	239527338	SINE/MIR	449	-	92	239527247	32959
chr1	239494288	239694288	harbor2	chr1	239579732	239580020	SINE/MIR	653	-	144	239579876	85588
chr1	239494288	239694288	harbor2	chr1	239581632	239581841	SINE/MIR	702	-	104	239581736	87448
chr1	99234566	99434566	harbor2	chr1	99235435	99235581	SINE/MIR	464	-	73	99235508	942
chr1	99234566	99434566	harbor2	chr1	99261237	99261441	SINE/MIR	480	-	102	99261339	26773
chr1	99234566	99434566	harbor2	chr1	99267855	99268089	SINE/MIR	575	-	117	99267972	33406
chr1	99234566	99434566	harbor2	chr1	99271201	99271403	SINE/MIR	475	-	101	99271302	36736
chr1	238228258	238428258	harbor2	chr1	238270995	238271261	SINE/MIR	417	-	133	238271128	42870
chr1	238228258	238428258	harbor2	chr1	238289263	238289529	SINE/MIR	684	-	133	238289396	61138
chr1	238228258	238428258	harbor2	chr1	238296573	238296678	SINE/MIR	494	-	52	238296625	68367
chr1	238228258	238428258	harbor2	chr1	238299168	238299232	SINE/MIR	494	-	32	238299200	70942
chr1	179563681	179763681	harbor2	chr1	179574937	179575097	SINE/MIR	439	-	80	179575017	11336
chr1	179563681	179763681	harbor2	chr1	179594330	179594523	SINE/MIR	438	-	96	179594426	30745
chr1	179563681	179763681	harbor2	chr1	179617356	179617480	SINE/MIR	474	-	62	179617418	53737
chr1	179563681	179763681	harbor2	chr1	179621773	179621957	SINE/MIR	544	-	92	179621865	58184
chr1	179563681	179763681	harbor2	chr1	179652592	179652721	SINE/MIR	406	-	64	179652656	88975
chr1	179563681	179763681	harbor2	chr1	179653075	179653101	SINE/MIR	406	-	13	179653088	89407
chr1	203442744	203642744	harbor2	chr1	203454579	203454625	SINE/MIR	429	-	23	203454602	11858
chr1	203442744	203642744	harbor2	chr1	203454916	203454991	SINE/MIR	429	-	38	203454954	12210
chr1	203442744	203642744	harbor2	chr1	203474265	203474464	SINE/MIR	572	-	100	203474365	31621
chr1	203442744	203642744	harbor2	chr1	203506609	203506849	SINE/MIR	590	-	120	203506729	63985
chr1	203442744	203642744	harbor2	chr1	203507933	203508086	SINE/MIR	446	-	76	203508009	65265
chr1	203442744	203642744	harbor2	chr1	203510939	203511045	SINE/MIR	445	-	53	203510992	68248
chr1	203442744	203642744	harbor2	chr1	203511322	203511428	SINE/MIR	445	-	53	203511375	68631
chr1	203442744	203642744	harbor2	chr1	203522728	203522953	SINE/MIR	884	-	112	203522840	80096
chr1	203442744	203642744	harbor2	chr1	203528529	203528754	SINE/MIR	431	-	112	203528641	85897
chr1	203442744	203642744	harbor2	chr1	203534142	203534364	SINE/MIR	512	-	111	203534253	91509
chr1	203442744	203642744	harbor2	chr1	203537810	203537943	SINE/MIR	476	-	66	203537876	95132
chr1	203442744	203642744	harbor2	chr1	203472894	203473042	SINE/MIR	429	-	74	203472968	30224
chr1	212450520	212650520	harbor2	chr1	212456465	212456690	SINE/MIR	749	-	112	212456577	6057
chr1	212450520	212650520	harbor2	chr1	212472940	212473186	SINE/MIR	621	-	123	212473063	22543
chr1	212450520	212650520	harbor2	chr1	212485635	212485824	SINE/MIR	579	-	94	212485729	35209
chr1	212450520	212650520	harbor2	chr1	212504876	212505000	SINE/MIR	498	-	62	212504938	54418
chr1	212450520	212650520	harbor2	chr1	212519907	212520106	SINE/MIR	473	-	100	212520007	69487
chr1	212450520	212650520	harbor2	chr1	212520681	212520904	SINE/MIR	469	-	112	212520793	70273
chr1	212450520	212650520	harbor2	chr1	212527480	212527601	SINE/MIR	526	-	60	212527540	77020
chr1	212450520	212650520	harbor2	chr1	212527682	212527845	SINE/MIR	496	-	82	212527764	77244
chr1	246967665	247167665	harbor2	chr1	246973653	246973841	SINE/MIR	532	-	94	246973747	6082
chr1	179335867	179535867	harbor2	chr1	179336517	179336708	SINE/MIR	746	-	96	179336613	746
chr1	179335867	179535867	harbor2	chr1	179427653	179427875	SINE/MIR	576	-	111	179427764	91897
chr1	179335867	179535867	harbor2	chr1	179429970	179430202	SINE/MIR	591	-	116	179430086	94219
chr1	49622486	49822486	harbor2	chr1	49666683	49666923	SINE/MIR	928	-	120	49666803	44317
chr1	49622486	49822486	harbor2	chr1	49675968	49676208	SINE/MIR	693	-	120	49676088	53602
chr1	49622486	49822486	harbor2	chr1	49690767	49691000	SINE/MIR	653	-	116	49690883	68397
chr1	49622486	49822486	harbor2	chr1	49692146	49692356	SINE/MIR	714	-	105	49692251	69765
chr1	49622486	49822486	harbor2	chr1	49698378	49698625	SINE/MIR	806	-	124	49698502	76016
chr1	49622486	49822486	harbor2	chr1	49714004	49714196	SINE/MIR	459	-	96	49714100	91614
chr1	157563162	157763162	harbor2	chr1	157569672	157569845	SINE/MIR	408	-	86	157569758	6596
chr1	157563162	157763162	harbor2	chr1	157637445	157637608	SINE/MIR	628	-	82	157637527	74365
chr1	157563162	157763162	harbor2	chr1	157641822	157641978	SINE/MIR	641	-	78	157641900	78738
chr1	157563162	157763162	harbor2	chr1	157652156	157652343	SINE/MIR	719	-	94	157652250	89088
chr1	221589718	221789718	harbor2	chr1	221647909	221648137	SINE/MIR	526	-	114	221648023	58305
chr1	221589718	221789718	harbor2	chr1	221651708	221651912	SINE/MIR	576	-	102	221651810	62092
chr1	221589718	221789718	harbor2	chr1	221670876	221671056	SINE/MIR	460	-	90	221670966	81248
chr1	239745667	239945667	harbor2	chr1	239786318	239786555	SINE/MIR	902	-	118	239786436	40769
chr1	239745667	239945667	harbor2	chr1	239801100	239801271	SINE/MIR	428	-	86	239801186	55519
chr1	239745667	239945667	harbor2	chr1	239812710	239812933	SINE/MIR	462	-	112	239812822	67155
chr1	239745667	239945667	harbor2	chr1	239844697	239844845	SINE/MIR	415	-	74	239844771	99104
chr1	185598605	185798605	harbor2	chr1	185609759	185609901	SINE/MIR	468	-	71	185609830	11225
chr1	185598605	185798605	harbor2	chr1	185629603	185629701	SINE/MIR	424	-	49	185629652	31047
chr1	185598605	185798605	harbor2	chr1	185651400	185651613	SINE/MIR	524	-	106	185651506	52901
chr1	185598605	185798605	harbor2	chr1	185693154	185693356	SINE/MIR	534	-	101	185693255	94650
chr1	89252704	89452704	harbor2	chr1	89261906	89262152	SINE/MIR	896	-	123	89262029	9325
chr1	89252704	89452704	harbor2	chr1	89274931	89275116	SINE/MIR	436	-	92	89275023	22319
chr1	89252704	89452704	harbor2	chr1	89333829	89334013	SINE/MIR	524	-	92	89333921	81217
chr1	195283504	195483504	harbor2	chr1	195303259	195303380	SINE/MIR	420	-	60	195303319	19815
chr1	237289486	237489486	harbor2	chr1	237307140	237307333	SINE/MIR	453	-	96	237307236	17750
chr1	237289486	237489486	harbor2	chr1	237327718	237327955	SINE/MIR	519	-	118	237327836	38350
chr1	246336560	246536560	harbor2	chr1	246392348	246392461	SINE/MIR	479	-	56	246392404	55844
chr1	246336560	246536560	harbor2	chr1	246406585	246406801	SINE/MIR	845	-	108	246406693	70133
chr1	246336560	246536560	harbor2	chr1	246413131	246413348	SINE/MIR	819	-	108	246413239	76679
chr1	246336560	246536560	harbor2	chr1	246428433	246428683	SINE/MIR	915	-	125	246428558	91998
chr1	246336560	246536560	harbor2	chr1	246415358	246415552	SINE/MIR	408	-	97	246415455	78895
chr1	233721456	233921456	harbor2	chr1	233771786	233771902	SINE/MIR	430	-	58	233771844	50388
chr1	233721456	233921456	harbor2	chr1	233795476	233795695	SINE/MIR	492	-	110	233795586	74130
chr1	173880763	174080763	harbor2	chr1	173882889	173883120	SINE/MIR	664	-	116	173883005	2242
chr1	173880763	174080763	harbor2	chr1	173893663	173893804	SINE/MIR	648	-	70	173893733	12970
chr1	173880763	174080763	harbor2	chr1	173909309	173909505	SINE/MIR	410	-	98	173909407	28644
chr1	173880763	174080763	harbor2	chr1	173923163	173923358	SINE/MIR	596	-	98	173923261	42498
chr1	164499090	164699090	harbor2	chr1	164534815	164534986	SINE/MIR	435	-	86	164534901	35811
chr1	164499090	164699090	harbor2	chr1	164547024	164547220	SINE/MIR	453	-	98	164547122	48032
chr1	164499090	164699090	harbor2	chr1	164598818	164599010	SINE/MIR	439	-	96	164598914	99824
chr1	60647439	60847439	harbor2	chr1	60655199	60655377	SINE/MIR	563	-	89	60655288	7849
chr1	60647439	60847439	harbor2	chr1	60680173	60680331	SINE/MIR	635	-	79	60680252	32813
chr1	60647439	60847439	harbor2	chr1	60681306	60681531	SINE/MIR	550	-	112	60681418	33979
chr1	60647439	60847439	harbor2	chr1	60695361	60695537	SINE/MIR	581	-	88	60695449	48010
chr1	60647439	60847439	harbor2	chr1	60695635	60695721	SINE/MIR	581	-	43	60695678	48239
chr1	60647439	60847439	harbor2	chr1	60704232	60704449	SINE/MIR	446	-	108	60704340	56901
chr1	60647439	60847439	harbor2	chr1	60705034	60705200	SINE/MIR	405	-	83	60705117	57678
chr1	60647439	60847439	harbor2	chr1	60714354	60714480	SINE/MIR	499	-	63	60714417	66978
chr1	60647439	60847439	harbor2	chr1	60715262	60715431	SINE/MIR	419	-	84	60715346	67907
chr1	60647439	60847439	harbor2	chr1	60737377	60737578	SINE/MIR	473	-	100	60737477	90038
chr1	60647439	60847439	harbor2	chr1	60741231	60741455	SINE/MIR	434	-	112	60741343	93904
chr1	60647439	60847439	harbor2	chr1	60747202	60747398	SINE/MIR	559	-	98	60747300	99861
chr1	228655786	228855786	harbor2	chr1	228664960	228665153	SINE/MIR	493	-	96	228665056	9270
chr1	228655786	228855786	harbor2	chr1	228665175	228665344	SINE/MIR	551	-	84	228665259	9473
chr1	210578299	210778299	harbor2	chr1	210605120	210605320	SINE/MIR	462	-	100	210605220	26921
chr1	210578299	210778299	harbor2	chr1	210672020	210672236	SINE/MIR	540	-	108	210672128	93829
chr1	107255502	107455502	harbor2	chr1	107258511	107258733	SINE/MIR	614	-	111	107258622	3120
chr1	107255502	107455502	harbor2	chr1	107274010	107274225	SINE/MIR	554	-	108	107274118	18616
chr1	107255502	107455502	harbor2	chr1	107274388	107274569	SINE/MIR	558	-	90	107274478	18976
chr1	107255502	107455502	harbor2	chr1	107299462	107299697	SINE/MIR	942	-	118	107299580	44078
chr1	107255502	107455502	harbor2	chr1	107307403	107307554	SINE/MIR	592	-	76	107307479	51977
chr1	107255502	107455502	harbor2	chr1	107312357	107312592	SINE/MIR	459	-	118	107312475	56973
chr1	107255502	107455502	harbor2	chr1	107330968	107331217	SINE/MIR	716	-	124	107331092	75590
chr1	223277474	223477474	harbor2	chr1	223316703	223316832	SINE/MIR	508	-	64	223316767	39293
chr1	223277474	223477474	harbor2	chr1	223328190	223328392	SINE/MIR	534	-	101	223328291	50817
chr1	223277474	223477474	harbor2	chr1	223350991	223351193	SINE/MIR	713	-	101	223351092	73618
chr1	223277474	223477474	harbor2	chr1	223360030	223360159	SINE/MIR	411	-	64	223360094	82620
chr1	195908743	196108743	harbor2	chr1	195959644	195959840	SINE/MIR	480	-	98	195959742	50999
chr1	195908743	196108743	harbor2	chr1	196007632	196007854	SINE/MIR	487	-	111	196007743	99000
chr1	112300492	112500492	harbor2	chr1	112301146	112301358	SINE/MIR	750	-	106	112301252	760
chr1	112300492	112500492	harbor2	chr1	112302325	112302574	SINE/MIR	699	-	124	112302449	1957
chr1	112300492	112500492	harbor2	chr1	112303709	112303905	SINE/MIR	522	-	98	112303807	3315
chr1	112300492	112500492	harbor2	chr1	112311418	112311609	SINE/MIR	800	-	96	112311514	11022
chr1	112300492	112500492	harbor2	chr1	112330456	112330653	SINE/MIR	997	-	98	112330554	30062
chr1	112300492	112500492	harbor2	chr1	112343700	112343892	SINE/MIR	646	-	96	112343796	43304
chr1	112300492	112500492	harbor2	chr1	112345445	112345601	SINE/MIR	810	-	78	112345523	45031
chr1	112300492	112500492	harbor2	chr1	112346148	112346241	SINE/MIR	810	-	46	112346194	45702
chr1	112300492	112500492	harbor2	chr1	112360726	112360871	SINE/MIR	537	-	72	112360798	60306
chr1	112300492	112500492	harbor2	chr1	112380991	112381212	SINE/MIR	572	-	110	112381101	80609
chr1	112300492	112500492	harbor2	chr1	112384334	112384454	SINE/MIR	494	-	60	112384394	83902
chr1	159319332	159519332	harbor2	chr1	159320742	159320942	SINE/MIR	552	-	100	159320842	1510
chr1	180741127	180941127	harbor2	chr1	180765086	180765287	SINE/MIR	420	-	100	180765186	24059
chr1	180741127	180941127	harbor2	chr1	180801756	180801785	SINE/MIR	513	-	14	180801770	60643
chr1	180741127	180941127	harbor2	chr1	180802096	180802269	SINE/MIR	513	-	86	180802182	61055
chr1	180741127	180941127	harbor2	chr1	180822645	180822866	SINE/MIR	435	-	110	180822755	81628
chr1	180741127	180941127	harbor2	chr1	180828633	180828822	SINE/MIR	700	-	94	180828727	87600
chr1	189833316	190033316	harbor2	chr1	189850882	189851043	SINE/MIR	409	-	80	189850962	17646
chr1	107967690	108167690	harbor2	chr1	107972334	107972568	SINE/MIR	657	-	117	107972451	4761
chr1	107967690	108167690	harbor2	chr1	107993719	107993863	SINE/MIR	520	-	72	107993791	26101
chr1	107967690	108167690	harbor2	chr1	108034093	108034337	SINE/MIR	462	-	122	108034215	66525
chr1	107967690	108167690	harbor2	chr1	108052959	108053081	SINE/MIR	412	-	61	108053020	85330
chr1	74840426	75040426	harbor2	chr1	74854679	74854849	SINE/MIR	518	-	85	74854764	14338
chr1	74840426	75040426	harbor2	chr1	74855604	74855818	SINE/MIR	515	-	107	74855711	15285
chr1	74840426	75040426	harbor2	chr1	74868664	74868882	SINE/MIR	690	-	109	74868773	28347
chr1	74840426	75040426	harbor2	chr1	74871299	74871314	SINE/MIR	690	-	8	74871307	30881
chr1	74840426	75040426	harbor2	chr1	74875274	74875464	SINE/MIR	434	-	95	74875369	34943
chr1	74840426	75040426	harbor2	chr1	74891757	74891913	SINE/MIR	458	-	78	74891835	51409
chr1	74840426	75040426	harbor2	chr1	74908482	74908723	SINE/MIR	709	-	120	74908602	68176
chr1	74840426	75040426	harbor2	chr1	74930105	74930282	SINE/MIR	489	-	88	74930193	89767
chr1	74840426	75040426	harbor2	chr1	74940211	74940387	SINE/MIR	623	-	88	74940299	99873
chr1	190603115	190803115	harbor2	chr1	190685862	190686120	SINE/MIR	479	-	129	190685991	82876
chr1	195565940	195765940	harbor2	chr1	195626951	195627167	SINE/MIR	500	-	108	195627059	61119
chr1	195565940	195765940	harbor2	chr1	195635682	195635846	SINE/MIR	455	-	82	195635764	69824
chr1	233891345	234091345	harbor2	chr1	233897210	233897424	SINE/MIR	426	-	107	233897317	5972
chr1	233891345	234091345	harbor2	chr1	233897600	233897745	SINE/MIR	476	-	72	233897672	6327
chr1	233891345	234091345	harbor2	chr1	233980823	233981016	SINE/MIR	499	-	96	233980919	89574
chr1	103213189	103413189	harbor2	chr1	103247816	103247998	SINE/MIR	514	-	91	103247907	34718
chr1	103213189	103413189	harbor2	chr1	103308975	103309166	SINE/MIR	633	-	96	103309071	95882
chr1	203341510	203541510	harbor2	chr1	203356333	203356522	SINE/MIR	715	-	94	203356427	14917
chr1	203341510	203541510	harbor2	chr1	203386569	203386771	SINE/MIR	714	-	101	203386670	45160
chr1	203341510	203541510	harbor2	chr1	203430227	203430364	SINE/MIR	455	-	68	203430295	88785
chr1	203341510	203541510	harbor2	chr1	203433523	203433712	SINE/MIR	603	-	94	203433617	92107
chr1	203341510	203541510	harbor2	chr1	203434916	203434972	SINE/MIR	519	-	28	203434944	93434
chr1	203341510	203541510	harbor2	chr1	203435307	203435442	SINE/MIR	519	-	68	203435375	93865
chr1	203341510	203541510	harbor2	chr1	203438702	203438928	SINE/MIR	513	-	113	203438815	97305
chr1	230695390	230895390	harbor2	chr1	230713329	230713448	SINE/MIR	412	-	60	230713389	17999
chr1	230695390	230895390	harbor2	chr1	230713490	230713646	SINE/MIR	477	-	78	230713568	18178
chr1	230695390	230895390	harbor2	chr1	230726169	230726382	SINE/MIR	487	-	106	230726275	30885
chr1	230695390	230895390	harbor2	chr1	230755728	230755918	SINE/MIR	599	-	95	230755823	60433
chr1	230695390	230895390	harbor2	chr1	230760952	230761106	SINE/MIR	534	-	77	230761029	65639
chr1	230695390	230895390	harbor2	chr1	230767156	230767331	SINE/MIR	514	-	88	230767244	71854
chr1	172160997	172360997	harbor2	chr1	172170191	172170362	SINE/MIR	420	-	86	172170277	9280
chr1	172160997	172360997	harbor2	chr1	172209981	172210256	SINE/MIR	613	-	138	172210119	49122
chr1	172160997	172360997	harbor2	chr1	172212899	172213110	SINE/MIR	582	-	106	172213005	52008
chr1	172160997	172360997	harbor2	chr1	172237282	172237421	SINE/MIR	406	-	70	172237352	76355
chr1	172160997	172360997	harbor2	chr1	172254435	172254645	SINE/MIR	570	-	105	172254540	93543
chr1	213588315	213788315	harbor2	chr1	213603093	213603250	SINE/MIR	459	-	78	213603171	14856
chr1	213588315	213788315	harbor2	chr1	213606859	213606979	SINE/MIR	406	-	60	213606919	18604
chr1	213588315	213788315	harbor2	chr1	213620048	213620129	SINE/MIR	577	-	40	213620088	31773
chr1	213588315	213788315	harbor2	chr1	213620653	213620840	SINE/MIR	577	-	94	213620747	32432
chr1	213588315	213788315	harbor2	chr1	213649948	213650147	SINE/MIR	564	-	100	213650048	61733
chr1	213588315	213788315	harbor2	chr1	213651561	213651738	SINE/MIR	460	-	88	213651649	63334
chr1	213588315	213788315	harbor2	chr1	213652204	213652449	SINE/MIR	970	-	122	213652326	64011
chr1	213588315	213788315	harbor2	chr1	213656023	213656237	SINE/MIR	487	-	107	213656130	67815
chr1	213588315	213788315	harbor2	chr1	213684239	213684443	SINE/MIR	428	-	102	213684341	96026
chr1	239280898	239480898	harbor2	chr1	239346420	239346634	SINE/MIR	432	-	107	239346527	65629
chr1	93624306	93824306	harbor2	chr1	93630775	93630960	SINE/MIR	452	-	92	93630867	6561
chr1	93624306	93824306	harbor2	chr1	93684527	93684628	SINE/MIR	462	-	50	93684577	60271
chr1	93624306	93824306	harbor2	chr1	93686482	93686649	SINE/MIR	408	-	84	93686566	62260
chr1	93624306	93824306	harbor2	chr1	93690342	93690555	SINE/MIR	918	-	106	93690448	66142
chr1	93624306	93824306	harbor2	chr1	93692507	93692702	SINE/MIR	577	-	98	93692605	68299
chr1	93624306	93824306	harbor2	chr1	93693924	93694134	SINE/MIR	795	-	105	93694029	69723
chr1	93624306	93824306	harbor2	chr1	93699064	93699266	SINE/MIR	606	-	101	93699165	74859
chr1	93624306	93824306	harbor2	chr1	93704416	93704569	SINE/MIR	625	-	76	93704492	80186
chr1	93624306	93824306	harbor2	chr1	93712632	93712861	SINE/MIR	578	-	114	93712746	88440
chr1	241742348	241942348	harbor2	chr1	241753099	241753288	SINE/MIR	467	-	94	241753193	10845
chr1	241742348	241942348	harbor2	chr1	241799523	241799719	SINE/MIR	562	-	98	241799621	57273
chr1	241742348	241942348	harbor2	chr1	241825590	241825801	SINE/MIR	576	-	106	241825696	83348
chr1	111666864	111866864	harbor2	chr1	111668422	111668660	SINE/MIR	854	-	119	111668541	1677
chr1	111666864	111866864	harbor2	chr1	111722884	111723082	SINE/MIR	561	-	99	111722983	56119
chr1	111666864	111866864	harbor2	chr1	111728291	111728504	SINE/MIR	633	-	106	111728397	61533
chr1	111666864	111866864	harbor2	chr1	111735328	111735588	SINE/MIR	699	-	130	111735458	68594
chr1	111666864	111866864	harbor2	chr1	111747010	111747153	SINE/MIR	412	-	72	111747082	80218
chr1	111666864	111866864	harbor2	chr1	111763072	111763243	SINE/MIR	708	-	86	111763158	96294
chr1	190209876	190409876	harbor2	chr1	190251270	190251506	SINE/MIR	861	-	118	190251388	41512
chr1	107412770	107612770	harbor2	chr1	107414716	107414914	SINE/MIR	494	-	99	107414815	2045
chr1	107412770	107612770	harbor2	chr1	107448272	107448427	SINE/MIR	471	-	78	107448350	35580
chr1	107412770	107612770	harbor2	chr1	107448585	107448636	SINE/MIR	471	-	26	107448611	35841
chr1	107412770	107612770	harbor2	chr1	107453769	107453966	SINE/MIR	605	-	98	107453867	41097
chr1	107412770	107612770	harbor2	chr1	107462820	107462990	SINE/MIR	498	-	85	107462905	50135
chr1	107412770	107612770	harbor2	chr1	107471921	107472152	SINE/MIR	540	-	116	107472037	59267
chr1	174343199	174543199	harbor2	chr1	174357859	174358094	SINE/MIR	915	-	118	174357977	14778
chr1	174343199	174543199	harbor2	chr1	174386169	174386376	SINE/MIR	730	-	104	174386273	43074
chr1	174343199	174543199	harbor2	chr1	174433040	174433257	SINE/MIR	741	-	108	174433148	89949
chr1	220423985	220623985	harbor2	chr1	220425846	220425913	SINE/MIR	645	-	34	220425880	1895
chr1	220423985	220623985	harbor2	chr1	220426426	220426585	SINE/MIR	645	-	80	220426506	2521
chr1	220423985	220623985	harbor2	chr1	220433557	220433694	SINE/MIR	488	-	68	220433625	9640
chr1	220423985	220623985	harbor2	chr1	220480459	220480569	SINE/MIR	763	-	55	220480514	56529
chr1	220423985	220623985	harbor2	chr1	220480860	220480972	SINE/MIR	763	-	56	220480916	56931
chr1	220423985	220623985	harbor2	chr1	220485481	220485599	SINE/MIR	470	-	59	220485540	61555
chr1	220423985	220623985	harbor2	chr1	220501197	220501347	SINE/MIR	576	-	75	220501272	77287
chr1	187655702	187855702	harbor2	chr1	187698354	187698513	SINE/MIR	469	-	80	187698434	42732
chr1	187655702	187855702	harbor2	chr1	187705096	187705266	SINE/MIR	510	-	85	187705181	49479
chr1	187655702	187855702	harbor2	chr1	187745498	187745726	SINE/MIR	467	-	114	187745612	89910
chr1	187655702	187855702	harbor2	chr1	187752722	187752906	SINE/MIR	494	-	92	187752814	97112
chr1	232760383	232960383	harbor2	chr1	232770807	232771003	SINE/MIR	533	-	98	232770905	10522
chr1	232760383	232960383	harbor2	chr1	232771339	232771565	SINE/MIR	624	-	113	232771452	11069
chr1	232760383	232960383	harbor2	chr1	232802647	232802883	SINE/MIR	664	-	118	232802765	42382
chr1	232760383	232960383	harbor2	chr1	232856787	232857016	SINE/MIR	608	-	114	232856901	96518
chr1	223133189	223333189	harbor2	chr1	223146504	223146760	SINE/MIR	934	-	128	223146632	13443
chr1	223133189	223333189	harbor2	chr1	223177355	223177549	SINE/MIR	436	-	97	223177452	44263
chr1	223133189	223333189	harbor2	chr1	223197207	223197341	SINE/MIR	495	-	67	223197274	64085
chr1	223133189	223333189	harbor2	chr1	223210087	223210287	SINE/MIR	611	-	100	223210187	76998
chr1	223133189	223333189	harbor2	chr1	223211813	223212032	SINE/MIR	454	-	110	223211923	78734
chr1	223133189	223333189	harbor2	chr1	223212893	223213049	SINE/MIR	660	-	78	223212971	79782
chr1	170865001	171065001	harbor2	chr1	170877661	170877908	SINE/MIR	640	-	124	170877785	12784
chr1	170865001	171065001	harbor2	chr1	170896373	170896588	SINE/MIR	773	-	108	170896481	31480
chr1	170865001	171065001	harbor2	chr1	170949953	170950188	SINE/MIR	695	-	118	170950071	85070
chr1	242712003	242912003	harbor2	chr1	242789343	242789508	SINE/MIR	484	-	82	242789425	77422
chr1	242712003	242912003	harbor2	chr1	242799924	242800150	SINE/MIR	897	-	113	242800037	88034
chr1	186265567	186465567	harbor2	chr1	186285374	186285554	SINE/MIR	426	-	90	186285464	19897
chr1	186265567	186465567	harbor2	chr1	186291685	186291838	SINE/MIR	429	-	76	186291761	26194
chr1	186265567	186465567	harbor2	chr1	186303746	186303900	SINE/MIR	438	-	77	186303823	38256
chr1	186265567	186465567	harbor2	chr1	186321846	186322098	SINE/MIR	719	-	126	186321972	56405
chr1	186265567	186465567	harbor2	chr1	186342963	186343179	SINE/MIR	687	-	108	186343071	77504
chr1	236078850	236278850	harbor2	chr1	236082045	236082230	SINE/MIR	467	-	92	236082137	3287
chr1	236078850	236278850	harbor2	chr1	236083563	236083707	SINE/MIR	460	-	72	236083635	4785
chr1	236078850	236278850	harbor2	chr1	236100544	236100778	SINE/MIR	504	-	117	236100661	21811
chr1	236078850	236278850	harbor2	chr1	236145657	236145853	SINE/MIR	580	-	98	236145755	66905
chr1	236078850	236278850	harbor2	chr1	236157006	236157226	SINE/MIR	847	-	110	236157116	78266
chr1	236078850	236278850	harbor2	chr1	236157522	236157542	SINE/MIR	768	-	10	236157532	78682
chr1	236078850	236278850	harbor2	chr1	236109582	236109836	SINE/MIR	432	-	127	236109709	30859
chr1	43831152	44031152	harbor2	chr1	43833447	43833670	SINE/MIR	553	-	112	43833559	2407
chr1	43831152	44031152	harbor2	chr1	43853291	43853506	SINE/MIR	704	-	108	43853399	22247
chr1	43831152	44031152	harbor2	chr1	43856269	43856457	SINE/MIR	433	-	94	43856363	25211
chr1	43831152	44031152	harbor2	chr1	43872538	43872622	SINE/MIR	443	-	42	43872580	41428
chr1	43831152	44031152	harbor2	chr1	43897306	43897493	SINE/MIR	452	-	94	43897400	66248
chr1	43831152	44031152	harbor2	chr1	43906747	43906952	SINE/MIR	677	-	102	43906849	75697
chr1	43831152	44031152	harbor2	chr1	43913263	43913481	SINE/MIR	542	-	109	43913372	82220
chr2	221107524	221307524	harbor2	chr2	221150972	221151126	SINE/MIR	505	-	77	221151049	43525
chr2	221107524	221307524	harbor2	chr2	221164670	221164917	SINE/MIR	477	-	124	221164794	57270
chr2	221107524	221307524	harbor2	chr2	221199588	221199726	SINE/MIR	691	-	69	221199657	92133
chr2	221107524	221307524	harbor2	chr2	221202079	221202257	SINE/MIR	552	-	89	221202168	94644
chr2	221107524	221307524	harbor2	chr2	221205596	221205744	SINE/MIR	463	-	74	221205670	98146
chr2	177555837	177755837	harbor2	chr2	177598695	177598843	SINE/MIR	662	-	74	177598769	42932
chr2	177555837	177755837	harbor2	chr2	177636476	177636669	SINE/MIR	427	-	96	177636572	80735
chr2	177555837	177755837	harbor2	chr2	177637064	177637292	SINE/MIR	806	-	114	177637178	81341
chr2	177555837	177755837	harbor2	chr2	177641862	177642067	SINE/MIR	636	-	102	177641964	86127
chr2	177555837	177755837	harbor2	chr2	177646385	177646602	SINE/MIR	427	-	108	177646493	90656
chr2	202732409	202932409	harbor2	chr2	202772081	202772280	SINE/MIR	488	-	100	202772181	39772
chr2	210034896	210234896	harbor2	chr2	210098528	210098774	SINE/MIR	563	-	123	210098651	63755
chr2	240695085	240895085	harbor2	chr2	240739872	240740023	SINE/MIR	461	-	76	240739948	44863
chr2	196527741	196727741	harbor2	chr2	196558933	196559184	SINE/MIR	855	-	126	196559059	31318
chr2	196527741	196727741	harbor2	chr2	196566477	196566523	SINE/MIR	510	-	23	196566500	38759
chr2	196527741	196727741	harbor2	chr2	196566812	196566925	SINE/MIR	510	-	56	196566868	39127
chr2	196527741	196727741	harbor2	chr2	196626164	196626209	SINE/MIR	482	-	22	196626186	98445
chr2	196527741	196727741	harbor2	chr2	196626509	196626534	SINE/MIR	482	-	12	196626521	98780
chr2	196527741	196727741	harbor2	chr2	196626997	196627104	SINE/MIR	482	-	54	196627051	99310
chr2	165989780	166189780	harbor2	chr2	166031708	166031918	SINE/MIR	508	-	105	166031813	42033
chr2	165989780	166189780	harbor2	chr2	166039710	166039910	SINE/MIR	841	-	100	166039810	50030
chr2	165989780	166189780	harbor2	chr2	166040218	166040265	SINE/MIR	841	-	24	166040242	50462
chr2	171865461	172065461	harbor2	chr2	171883260	171883446	SINE/MIR	508	-	93	171883353	17892
chr2	171865461	172065461	harbor2	chr2	171906953	171907136	SINE/MIR	602	-	92	171907045	41584
chr2	171865461	172065461	harbor2	chr2	171918955	171919086	SINE/MIR	473	-	66	171919021	53560
chr2	171865461	172065461	harbor2	chr2	171952599	171952742	SINE/MIR	475	-	72	171952671	87210
chr2	97098765	97298765	harbor2	chr2	97117670	97117920	SINE/MIR	532	-	125	97117795	19030
chr2	97098765	97298765	harbor2	chr2	97146569	97146795	SINE/MIR	500	-	113	97146682	47917
chr2	97098765	97298765	harbor2	chr2	97152593	97152807	SINE/MIR	423	-	107	97152700	53935
chr2	131623531	131823531	harbor2	chr2	131660448	131660587	SINE/MIR	472	-	70	131660518	36987
chr2	131623531	131823531	harbor2	chr2	131708918	131709103	SINE/MIR	493	-	92	131709010	85479
chr2	225496683	225696683	harbor2	chr2	225565665	225565866	SINE/MIR	538	-	100	225565765	69082
chr2	225496683	225696683	harbor2	chr2	225591549	225591726	SINE/MIR	469	-	88	225591637	94954
chr2	217805971	218005971	harbor2	chr2	217818923	217819057	SINE/MIR	515	-	67	217818990	13019
chr2	217805971	218005971	harbor2	chr2	217840417	217840566	SINE/MIR	490	-	74	217840491	34520
chr2	217805971	218005971	harbor2	chr2	217868558	217868806	SINE/MIR	770	-	124	217868682	62711
chr2	217805971	218005971	harbor2	chr2	217874435	217874567	SINE/MIR	472	-	66	217874501	68530
chr2	217805971	218005971	harbor2	chr2	217874703	217874947	SINE/MIR	480	-	122	217874825	68854
chr2	217805971	218005971	harbor2	chr2	217896002	217896233	SINE/MIR	694	-	116	217896118	90147
chr2	56279915	56479915	harbor2	chr2	56305285	56305473	SINE/MIR	891	-	94	56305379	25464
chr2	56279915	56479915	harbor2	chr2	56307560	56307788	SINE/MIR	673	-	114	56307674	27759
chr2	56279915	56479915	harbor2	chr2	56311633	56311799	SINE/MIR	448	-	83	56311716	31801
chr2	56279915	56479915	harbor2	chr2	56319154	56319364	SINE/MIR	869	-	105	56319259	39344
chr2	56279915	56479915	harbor2	chr2	56327893	56328117	SINE/MIR	724	-	112	56328005	48090
chr2	56279915	56479915	harbor2	chr2	56367809	56368055	SINE/MIR	803	-	123	56367932	88017
chr2	218241789	218441789	harbor2	chr2	218260130	218260324	SINE/MIR	457	-	97	218260227	18438
chr2	218241789	218441789	harbor2	chr2	218285171	218285341	SINE/MIR	607	-	85	218285256	43467
chr2	218241789	218441789	harbor2	chr2	218333481	218333716	SINE/MIR	660	-	118	218333599	91810
chr2	155997332	156197332	harbor2	chr2	156020538	156020737	SINE/MIR	562	-	100	156020638	23306
chr2	155997332	156197332	harbor2	chr2	156072766	156073016	SINE/MIR	672	-	125	156072891	75559
chr2	178988765	179188765	harbor2	chr2	179023181	179023393	SINE/MIR	945	-	106	179023287	34522
chr2	122889025	123089025	harbor2	chr2	122893781	122894002	SINE/MIR	700	-	110	122893891	4866
chr2	122889025	123089025	harbor2	chr2	122900936	122901146	SINE/MIR	610	-	105	122901041	12016
chr2	122889025	123089025	harbor2	chr2	122919699	122919909	SINE/MIR	528	-	105	122919804	30779
chr2	122889025	123089025	harbor2	chr2	122954395	122954623	SINE/MIR	642	-	114	122954509	65484
chr2	164507673	164707673	harbor2	chr2	164559975	164560162	SINE/MIR	428	-	94	164560069	52396
chr2	164507673	164707673	harbor2	chr2	164562650	164562883	SINE/MIR	501	-	116	164562766	55093
chr2	222658626	222858626	harbor2	chr2	222673444	222673667	SINE/MIR	785	-	112	222673556	14930
chr2	222658626	222858626	harbor2	chr2	222673993	222674124	SINE/MIR	465	-	66	222674059	15433
chr2	97102137	97302137	harbor2	chr2	97117670	97117920	SINE/MIR	532	-	125	97117795	15658
chr2	97102137	97302137	harbor2	chr2	97146569	97146795	SINE/MIR	500	-	113	97146682	44545
chr2	97102137	97302137	harbor2	chr2	97152593	97152807	SINE/MIR	423	-	107	97152700	50563
chr2	193872606	194072606	harbor2	chr2	193949284	193949517	SINE/MIR	624	-	116	193949400	76794
chr2	193872606	194072606	harbor2	chr2	193962384	193962549	SINE/MIR	564	-	82	193962466	89860
chr2	232512730	232712730	harbor2	chr2	232531095	232531225	SINE/MIR	719	-	65	232531160	18430
chr2	232512730	232712730	harbor2	chr2	232543885	232544037	SINE/MIR	489	-	76	232543961	31231
chr2	232512730	232712730	harbor2	chr2	232557397	232557602	SINE/MIR	739	-	102	232557499	44769
chr2	232512730	232712730	harbor2	chr2	232586772	232586963	SINE/MIR	503	-	96	232586868	74138
chr2	223424772	223624772	harbor2	chr2	223434590	223434774	SINE/MIR	543	-	92	223434682	9910
chr2	223424772	223624772	harbor2	chr2	223448863	223449050	SINE/MIR	550	-	94	223448957	24185
chr2	223424772	223624772	harbor2	chr2	223453574	223453826	SINE/MIR	577	-	126	223453700	28928
chr2	223424772	223624772	harbor2	chr2	223482203	223482228	SINE/MIR	427	-	12	223482215	57443
chr2	223424772	223624772	harbor2	chr2	223482980	223483118	SINE/MIR	427	-	69	223483049	58277
chr2	223424772	223624772	harbor2	chr2	223501110	223501333	SINE/MIR	759	-	112	223501222	76450
chr2	220630416	220830416	harbor2	chr2	220691800	220691957	SINE/MIR	445	-	78	220691878	61462
chr2	220630416	220830416	harbor2	chr2	220705471	220705688	SINE/MIR	592	-	108	220705579	75163
chr2	220630416	220830416	harbor2	chr2	220705777	220706027	SINE/MIR	730	-	125	220705902	75486
chr2	147463212	147663212	harbor2	chr2	147468182	147468406	SINE/MIR	804	-	112	147468294	5082
chr2	147463212	147663212	harbor2	chr2	147472408	147472591	SINE/MIR	430	-	92	147472500	9288
chr2	147463212	147663212	harbor2	chr2	147515915	147516012	SINE/MIR	442	-	48	147515963	52751
chr2	147463212	147663212	harbor2	chr2	147526530	147526660	SINE/MIR	428	-	65	147526595	63383
chr2	147463212	147663212	harbor2	chr2	147545792	147546045	SINE/MIR	775	-	126	147545918	82706
chr2	217892866	218092866	harbor2	chr2	217896002	217896233	SINE/MIR	694	-	116	217896118	3252
chr2	217892866	218092866	harbor2	chr2	217906561	217906739	SINE/MIR	644	-	89	217906650	13784
chr2	217892866	218092866	harbor2	chr2	217910798	217910971	SINE/MIR	497	-	86	217910884	18018
chr2	217892866	218092866	harbor2	chr2	217911551	217911776	SINE/MIR	586	-	112	217911663	18797
chr2	217892866	218092866	harbor2	chr2	217921752	217921969	SINE/MIR	868	-	108	217921860	28994
chr2	217892866	218092866	harbor2	chr2	217924605	217924799	SINE/MIR	542	-	97	217924702	31836
chr2	217892866	218092866	harbor2	chr2	217926676	217926910	SINE/MIR	424	-	117	217926793	33927
chr2	217892866	218092866	harbor2	chr2	217930146	217930330	SINE/MIR	489	-	92	217930238	37372
chr2	217892866	218092866	harbor2	chr2	217932529	217932675	SINE/MIR	534	-	73	217932602	39736
chr2	217892866	218092866	harbor2	chr2	217933998	217934182	SINE/MIR	601	-	92	217934090	41224
chr2	217892866	218092866	harbor2	chr2	217934886	217935083	SINE/MIR	427	-	98	217934984	42118
chr2	217892866	218092866	harbor2	chr2	217935798	217935952	SINE/MIR	464	-	77	217935875	43009
chr2	217892866	218092866	harbor2	chr2	217936783	217936924	SINE/MIR	564	-	70	217936853	43987
chr2	217892866	218092866	harbor2	chr2	217939060	217939291	SINE/MIR	879	-	116	217939176	46310
chr2	217892866	218092866	harbor2	chr2	217951357	217951506	SINE/MIR	499	-	74	217951431	58565
chr2	217892866	218092866	harbor2	chr2	217952159	217952405	SINE/MIR	558	-	123	217952282	59416
chr2	217892866	218092866	harbor2	chr2	217954419	217954638	SINE/MIR	448	-	110	217954529	61663
chr2	217892866	218092866	harbor2	chr2	217958534	217958744	SINE/MIR	548	-	105	217958639	65773
chr2	217892866	218092866	harbor2	chr2	217964200	217964428	SINE/MIR	506	-	114	217964314	71448
chr2	217892866	218092866	harbor2	chr2	217965216	217965428	SINE/MIR	434	-	106	217965322	72456
chr2	217892866	218092866	harbor2	chr2	217972057	217972310	SINE/MIR	789	-	126	217972183	79317
chr2	217892866	218092866	harbor2	chr2	217977572	217977801	SINE/MIR	837	-	114	217977686	84820
chr2	217892866	218092866	harbor2	chr2	217985285	217985405	SINE/MIR	577	-	60	217985345	92479
chr2	217892866	218092866	harbor2	chr2	217985721	217985833	SINE/MIR	577	-	56	217985777	92911
chr2	217892866	218092866	harbor2	chr2	217923383	217923585	SINE/MIR	737	-	101	217923484	30618
chr2	136938450	137138450	harbor2	chr2	137016045	137016273	SINE/MIR	663	-	114	137016159	77709
chr2	223319760	223519760	harbor2	chr2	223363791	223363950	SINE/MIR	519	-	80	223363871	44111
chr2	223319760	223519760	harbor2	chr2	223399459	223399604	SINE/MIR	589	-	72	223399531	79771
chr2	223319760	223519760	harbor2	chr2	223400043	223400116	SINE/MIR	589	-	36	223400079	80319
chr2	223319760	223519760	harbor2	chr2	223401080	223401273	SINE/MIR	451	-	96	223401176	81416
chr2	223319760	223519760	harbor2	chr2	223409846	223410066	SINE/MIR	781	-	110	223409956	90196
chr2	223319760	223519760	harbor2	chr2	223410971	223411104	SINE/MIR	478	-	66	223411037	91277
chr2	227707502	227907502	harbor2	chr2	227766236	227766474	SINE/MIR	675	-	119	227766355	58853
chr2	112346919	112546919	harbor2	chr2	112390374	112390629	SINE/MIR	950	-	128	112390502	43583
chr2	219500497	219700497	harbor2	chr2	219524536	219524728	SINE/MIR	425	-	96	219524632	24135
chr2	219500497	219700497	harbor2	chr2	219524954	219525135	SINE/MIR	572	-	90	219525044	24547
chr2	219500497	219700497	harbor2	chr2	219525244	219525453	SINE/MIR	625	-	104	219525348	24851
chr2	219500497	219700497	harbor2	chr2	219556978	219557162	SINE/MIR	569	-	92	219557070	56573
chr2	219500497	219700497	harbor2	chr2	219558573	219558837	SINE/MIR	493	-	132	219558705	58208
chr2	219500497	219700497	harbor2	chr2	219560057	219560221	SINE/MIR	563	-	82	219560139	59642
chr2	219500497	219700497	harbor2	chr2	219580838	219580980	SINE/MIR	772	-	71	219580909	80412
chr2	219500497	219700497	harbor2	chr2	219581284	219581379	SINE/MIR	772	-	48	219581332	80835
chr2	180184112	180384112	harbor2	chr2	180188808	180188956	SINE/MIR	450	-	74	180188882	4770
chr2	180184112	180384112	harbor2	chr2	180248037	180248240	SINE/MIR	469	-	102	180248139	64027
chr2	180184112	180384112	harbor2	chr2	180257389	180257442	SINE/MIR	653	-	26	180257415	73303
chr2	180184112	180384112	harbor2	chr2	180257728	180257863	SINE/MIR	653	-	68	180257796	73684
chr2	235560770	235760770	harbor2	chr2	235563754	235563984	SINE/MIR	619	-	115	235563869	3099
chr2	235560770	235760770	harbor2	chr2	235619246	235619347	SINE/MIR	442	-	50	235619296	58526
chr2	120693471	120893471	harbor2	chr2	120704590	120704773	SINE/MIR	584	-	92	120704682	11211
chr2	120693471	120893471	harbor2	chr2	120709040	120709196	SINE/MIR	476	-	78	120709118	15647
chr2	120693471	120893471	harbor2	chr2	120779617	120779818	SINE/MIR	543	-	100	120779717	86246
chr2	52119616	52319616	harbor2	chr2	52135261	52135467	SINE/MIR	564	-	103	52135364	15748
chr2	202646408	202846408	harbor2	chr2	202730110	202730306	SINE/MIR	589	-	98	202730208	83800
chr2	202710707	202910707	harbor2	chr2	202730110	202730306	SINE/MIR	589	-	98	202730208	19501
chr2	202710707	202910707	harbor2	chr2	202772081	202772280	SINE/MIR	488	-	100	202772181	61474
chr2	237488705	237688705	harbor2	chr2	237539667	237539837	SINE/MIR	467	-	85	237539752	51047
chr2	237488705	237688705	harbor2	chr2	237548501	237548587	SINE/MIR	422	-	43	237548544	59839
chr2	237488705	237688705	harbor2	chr2	237548893	237548989	SINE/MIR	422	-	48	237548941	60236
chr2	159410390	159610390	harbor2	chr2	159415825	159416047	SINE/MIR	469	-	111	159415936	5546
chr2	159410390	159610390	harbor2	chr2	159452310	159452551	SINE/MIR	939	-	120	159452430	42040
chr2	233823818	234023818	harbor2	chr2	233875195	233875399	SINE/MIR	419	-	102	233875297	51479
chr2	233823818	234023818	harbor2	chr2	233907305	233907522	SINE/MIR	692	-	108	233907413	83595
chr2	186901366	187101366	harbor2	chr2	186921813	186921913	SINE/MIR	429	-	50	186921863	20497
chr2	186901366	187101366	harbor2	chr2	186941752	186941941	SINE/MIR	520	-	94	186941846	40480
chr2	186901366	187101366	harbor2	chr2	186992160	186992415	SINE/MIR	420	-	128	186992288	90922
chr2	217657933	217857933	harbor2	chr2	217710699	217710892	SINE/MIR	477	-	96	217710795	52862
chr2	217657933	217857933	harbor2	chr2	217742765	217742973	SINE/MIR	626	-	104	217742869	84936
chr2	210481910	210681910	harbor2	chr2	210504368	210504585	SINE/MIR	937	-	108	210504476	22566
chr2	210481910	210681910	harbor2	chr2	210533346	210533562	SINE/MIR	901	-	108	210533454	51544
chr2	210481910	210681910	harbor2	chr2	210535951	210536096	SINE/MIR	430	-	72	210536023	54113
chr2	210481910	210681910	harbor2	chr2	210540596	210540724	SINE/MIR	482	-	64	210540660	58750
chr2	181460396	181660396	harbor2	chr2	181492875	181493100	SINE/MIR	636	-	112	181492987	32591
chr2	181460396	181660396	harbor2	chr2	181506329	181506536	SINE/MIR	581	-	104	181506433	46037
chr2	181460396	181660396	harbor2	chr2	181558255	181558495	SINE/MIR	479	-	120	181558375	97979
chr2	137853701	138053701	harbor2	chr2	137909686	137909885	SINE/MIR	441	-	100	137909786	56085
chr2	137853701	138053701	harbor2	chr2	137929491	137929692	SINE/MIR	452	-	100	137929591	75890
chr2	137853701	138053701	harbor2	chr2	137934275	137934499	SINE/MIR	555	-	112	137934387	80686
chr2	236432858	236632858	harbor2	chr2	236434418	236434672	SINE/MIR	478	-	127	236434545	1687
chr2	236432858	236632858	harbor2	chr2	236456167	236456398	SINE/MIR	1061	-	116	236456283	23425
chr2	236432858	236632858	harbor2	chr2	236461675	236461843	SINE/MIR	590	-	84	236461759	28901
chr2	236432858	236632858	harbor2	chr2	236471011	236471258	SINE/MIR	853	-	124	236471135	38277
chr2	236432858	236632858	harbor2	chr2	236471571	236471823	SINE/MIR	891	-	126	236471697	38839
chr2	236432858	236632858	harbor2	chr2	236472709	236472866	SINE/MIR	440	-	78	236472787	39929
chr2	236432858	236632858	harbor2	chr2	236500127	236500362	SINE/MIR	1005	-	118	236500245	67387
chr2	149786890	149986890	harbor2	chr2	149796906	149797091	SINE/MIR	519	-	92	149796998	10108
chr2	149786890	149986890	harbor2	chr2	149870794	149871035	SINE/MIR	518	-	120	149870914	84024
chr2	57815971	58015971	harbor2	chr2	57839737	57839915	SINE/MIR	482	-	89	57839826	23855
chr2	57815971	58015971	harbor2	chr2	57872279	57872490	SINE/MIR	533	-	106	57872385	56414
chr2	57815971	58015971	harbor2	chr2	57906810	57906948	SINE/MIR	496	-	69	57906879	90908
chr2	57815971	58015971	harbor2	chr2	57907259	57907357	SINE/MIR	496	-	49	57907308	91337
chr2	138171787	138371787	harbor2	chr2	138173385	138173567	SINE/MIR	494	-	91	138173476	1689
chr2	138171787	138371787	harbor2	chr2	138192109	138192333	SINE/MIR	653	-	112	138192221	20434
chr2	138171787	138371787	harbor2	chr2	138221361	138221533	SINE/MIR	448	-	86	138221447	49660
chr2	235784638	235984638	harbor2	chr2	235818148	235818392	SINE/MIR	438	-	122	235818270	33632
chr2	235784638	235984638	harbor2	chr2	235823869	235824037	SINE/MIR	534	-	84	235823953	39315
chr2	235784638	235984638	harbor2	chr2	235828362	235828478	SINE/MIR	433	-	58	235828420	43782
chr2	218191633	218391633	harbor2	chr2	218223588	218223717	SINE/MIR	500	-	64	218223652	32019
chr2	218191633	218391633	harbor2	chr2	218260130	218260324	SINE/MIR	457	-	97	218260227	68594
chr2	218191633	218391633	harbor2	chr2	218285171	218285341	SINE/MIR	607	-	85	218285256	93623
chr2	141996710	142196710	harbor2	chr2	142027550	142027673	SINE/MIR	523	-	62	142027612	30902
chr2	141996710	142196710	harbor2	chr2	142027699	142027739	SINE/MIR	523	-	20	142027719	31009
chr2	141996710	142196710	harbor2	chr2	142045684	142045865	SINE/MIR	434	-	90	142045774	49064
chr2	141996710	142196710	harbor2	chr2	142046892	142047063	SINE/MIR	427	-	86	142046978	50268
chr2	141996710	142196710	harbor2	chr2	142070237	142070480	SINE/MIR	686	-	122	142070359	73649
chr2	141996710	142196710	harbor2	chr2	142081797	142082009	SINE/MIR	696	-	106	142081903	85193
chr2	205978205	206178205	harbor2	chr2	205988166	205988389	SINE/MIR	768	-	112	205988278	10073
chr2	214472167	214672167	harbor2	chr2	214504720	214504862	SINE/MIR	446	-	71	214504791	32624
chr2	214472167	214672167	harbor2	chr2	214544798	214544933	SINE/MIR	543	-	68	214544866	72699
chr2	214472167	214672167	harbor2	chr2	214556889	214557090	SINE/MIR	428	-	100	214556989	84822
chr2	214472167	214672167	harbor2	chr2	214565730	214565961	SINE/MIR	455	-	116	214565846	93679
chr2	239677790	239877790	harbor2	chr2	239679444	239679624	SINE/MIR	457	-	90	239679534	1744
chr2	148935040	149135040	harbor2	chr2	148991599	148991812	SINE/MIR	731	-	106	148991705	56665
chr2	148935040	149135040	harbor2	chr2	149004681	149004858	SINE/MIR	699	-	88	149004769	69729
chr2	148935040	149135040	harbor2	chr2	149005871	149006070	SINE/MIR	487	-	100	149005971	70931
chr2	148935040	149135040	harbor2	chr2	149028575	149028807	SINE/MIR	1063	-	116	149028691	93651
chr2	148935040	149135040	harbor2	chr2	149031884	149032068	SINE/MIR	432	-	92	149031976	96936
chr2	189661820	189861820	harbor2	chr2	189757457	189757695	SINE/MIR	501	-	119	189757576	95756
chr2	189661820	189861820	harbor2	chr2	189759166	189759247	SINE/MIR	584	-	40	189759206	97386
chr2	189661820	189861820	harbor2	chr2	189759550	189759683	SINE/MIR	584	-	66	189759616	97796
chr2	147424710	147624710	harbor2	chr2	147425496	147425679	SINE/MIR	732	-	92	147425588	878
chr2	147424710	147624710	harbor2	chr2	147427935	147428102	SINE/MIR	470	-	84	147428019	3309
chr2	147424710	147624710	harbor2	chr2	147428403	147428641	SINE/MIR	930	-	119	147428522	3812
chr2	147424710	147624710	harbor2	chr2	147455250	147455474	SINE/MIR	905	-	112	147455362	30652
chr2	147424710	147624710	harbor2	chr2	147468182	147468406	SINE/MIR	804	-	112	147468294	43584
chr2	147424710	147624710	harbor2	chr2	147472408	147472591	SINE/MIR	430	-	92	147472500	47790
chr2	147424710	147624710	harbor2	chr2	147515915	147516012	SINE/MIR	442	-	48	147515963	91253
chr2	148810158	149010158	harbor2	chr2	148852599	148852836	SINE/MIR	925	-	118	148852717	42559
chr2	148810158	149010158	harbor2	chr2	148871127	148871161	SINE/MIR	583	-	17	148871144	60986
chr2	148810158	149010158	harbor2	chr2	148871192	148871369	SINE/MIR	583	-	88	148871280	61122
chr2	148810158	149010158	harbor2	chr2	148891990	148892179	SINE/MIR	589	-	94	148892084	81926
chr2	148810158	149010158	harbor2	chr2	148903599	148903791	SINE/MIR	563	-	96	148903695	93537
chr2	219568824	219768824	harbor2	chr2	219580838	219580980	SINE/MIR	772	-	71	219580909	12085
chr2	219568824	219768824	harbor2	chr2	219581284	219581379	SINE/MIR	772	-	48	219581332	12508
chr2	219568824	219768824	harbor2	chr2	219623039	219623268	SINE/MIR	900	-	114	219623153	54329
chr2	219568824	219768824	harbor2	chr2	219663430	219663626	SINE/MIR	784	-	98	219663528	94704
chr2	219568824	219768824	harbor2	chr2	219611081	219611216	SINE/MIR	528	-	68	219611149	42325
chr2	84614207	84814207	harbor2	chr2	84628622	84628789	SINE/MIR	420	-	84	84628706	14499
chr2	84614207	84814207	harbor2	chr2	84674118	84674324	SINE/MIR	668	-	103	84674221	60014
chr2	84614207	84814207	harbor2	chr2	84711521	84711686	SINE/MIR	667	-	82	84711603	97396
chr2	231366305	231566305	harbor2	chr2	231466158	231466339	SINE/MIR	515	-	90	231466248	99943
chr2	160728722	160928722	harbor2	chr2	160811266	160811394	SINE/MIR	428	-	64	160811330	82608
chr2	229992265	230192265	harbor2	chr2	230005976	230006094	SINE/MIR	489	-	59	230006035	13770
chr2	229992265	230192265	harbor2	chr2	230006396	230006465	SINE/MIR	489	-	34	230006430	14165
chr2	229992265	230192265	harbor2	chr2	230048100	230048331	SINE/MIR	653	-	116	230048216	55951
chr2	229992265	230192265	harbor2	chr2	230080877	230081105	SINE/MIR	786	-	114	230080991	88726
chr2	210737037	210937037	harbor2	chr2	210797974	210798202	SINE/MIR	444	-	114	210798088	61051
chr2	226580562	226780562	harbor2	chr2	226599690	226599854	SINE/MIR	573	-	82	226599772	19210
chr2	226580562	226780562	harbor2	chr2	226599887	226600052	SINE/MIR	458	-	82	226599969	19407
chr2	226580562	226780562	harbor2	chr2	226600169	226600378	SINE/MIR	471	-	104	226600273	19711
chr2	226580562	226780562	harbor2	chr2	226666022	226666242	SINE/MIR	442	-	110	226666132	85570
chr2	239957143	240157143	harbor2	chr2	240001390	240001568	SINE/MIR	657	-	89	240001479	44336
chr2	223784150	223984150	harbor2	chr2	223801137	223801349	SINE/MIR	586	-	106	223801243	17093
chr2	223784150	223984150	harbor2	chr2	223813391	223813602	SINE/MIR	825	-	106	223813497	29347
chr2	223784150	223984150	harbor2	chr2	223856298	223856437	SINE/MIR	430	-	70	223856368	72218
chr2	165142667	165342667	harbor2	chr2	165161204	165161441	SINE/MIR	727	-	118	165161322	18655
chr2	165142667	165342667	harbor2	chr2	165184287	165184448	SINE/MIR	534	-	80	165184367	41700
chr2	165142667	165342667	harbor2	chr2	165192348	165192521	SINE/MIR	539	-	86	165192434	49767
chr2	165142667	165342667	harbor2	chr2	165201516	165201649	SINE/MIR	509	-	66	165201582	58915
chr2	165142667	165342667	harbor2	chr2	165206513	165206658	SINE/MIR	547	-	72	165206585	63918
chr2	232235480	232435480	harbor2	chr2	232283093	232283257	SINE/MIR	469	-	82	232283175	47695
chr2	232235480	232435480	harbor2	chr2	232301052	232301251	SINE/MIR	605	-	100	232301152	65672
chr2	105815027	106015027	harbor2	chr2	105865213	105865409	SINE/MIR	556	-	98	105865311	50284
chr2	105815027	106015027	harbor2	chr2	105894677	105894861	SINE/MIR	437	-	92	105894769	79742
chr2	105140289	105340289	harbor2	chr2	105142256	105142389	SINE/MIR	498	-	66	105142322	2033
chr2	105140289	105340289	harbor2	chr2	105151731	105151862	SINE/MIR	474	-	66	105151797	11508
chr2	105140289	105340289	harbor2	chr2	105189596	105189775	SINE/MIR	518	-	90	105189686	49397
chr2	105140289	105340289	harbor2	chr2	105218300	105218451	SINE/MIR	458	-	76	105218376	78087
chr2	105140289	105340289	harbor2	chr2	105227902	105228047	SINE/MIR	422	-	72	105227974	87685
chr2	105140289	105340289	harbor2	chr2	105232053	105232236	SINE/MIR	429	-	92	105232145	91856
chr2	51098790	51298790	harbor2	chr2	51149288	51149509	SINE/MIR	514	-	110	51149398	50608
chr2	157785407	157985407	harbor2	chr2	157843370	157843632	SINE/MIR	683	-	131	157843501	58094
chr2	228036581	228236581	harbor2	chr2	228059860	228060118	SINE/MIR	574	-	129	228059989	23408
chr2	228036581	228236581	harbor2	chr2	228073074	228073190	SINE/MIR	423	-	58	228073132	36551
chr2	228036581	228236581	harbor2	chr2	228101540	228101774	SINE/MIR	803	-	117	228101657	65076
chr2	228036581	228236581	harbor2	chr2	228130350	228130575	SINE/MIR	765	-	112	228130462	93881
chr2	187778446	187978446	harbor2	chr2	187789825	187789954	SINE/MIR	444	-	64	187789889	11443
chr2	187778446	187978446	harbor2	chr2	187871487	187871725	SINE/MIR	597	-	119	187871606	93160
chr2	222285873	222485873	harbor2	chr2	222310456	222310642	SINE/MIR	494	-	93	222310549	24676
chr2	222285873	222485873	harbor2	chr2	222315526	222315767	SINE/MIR	522	-	120	222315646	29773
chr2	222830527	223030527	harbor2	chr2	222862140	222862375	SINE/MIR	540	-	118	222862258	31731
chr2	222830527	223030527	harbor2	chr2	222866075	222866151	SINE/MIR	570	-	38	222866113	35586
chr2	222830527	223030527	harbor2	chr2	222866440	222866589	SINE/MIR	570	-	74	222866514	35987
chr2	222830527	223030527	harbor2	chr2	222909784	222910002	SINE/MIR	792	-	109	222909893	79366
chr2	152681588	152881588	harbor2	chr2	152720363	152720462	SINE/MIR	428	-	50	152720413	38825
chr2	152681588	152881588	harbor2	chr2	152749541	152749759	SINE/MIR	565	-	109	152749650	68062
chr2	157980377	158180377	harbor2	chr2	157994562	157994766	SINE/MIR	564	-	102	157994664	14287
chr2	157980377	158180377	harbor2	chr2	158070403	158070566	SINE/MIR	520	-	82	158070485	90108
chr2	157980377	158180377	harbor2	chr2	158007125	158007356	SINE/MIR	617	-	116	158007241	26864
chr2	193976037	194176037	harbor2	chr2	194035560	194035801	SINE/MIR	629	-	120	194035680	59643
chr2	104548284	104748284	harbor2	chr2	104571124	104571338	SINE/MIR	604	-	107	104571231	22947
chr2	104548284	104748284	harbor2	chr2	104579639	104579769	SINE/MIR	433	-	65	104579704	31420
chr2	104548284	104748284	harbor2	chr2	104580086	104580112	SINE/MIR	433	-	13	104580099	31815
chr2	104548284	104748284	harbor2	chr2	104599684	104599866	SINE/MIR	682	-	91	104599775	51491
chr2	97552791	97752791	harbor2	chr2	97579796	97579997	SINE/MIR	559	-	100	97579896	27105
chr2	59195522	59395522	harbor2	chr2	59195869	59196092	SINE/MIR	660	-	112	59195981	459
chr2	59195522	59395522	harbor2	chr2	59209947	59210088	SINE/MIR	484	-	70	59210017	14495
chr2	59195522	59395522	harbor2	chr2	59210805	59210873	SINE/MIR	484	-	34	59210839	15317
chr2	59195522	59395522	harbor2	chr2	59223688	59223899	SINE/MIR	487	-	106	59223794	28272
chr2	59195522	59395522	harbor2	chr2	59242825	59243073	SINE/MIR	949	-	124	59242949	47427
chr2	59195522	59395522	harbor2	chr2	59275049	59275286	SINE/MIR	795	-	118	59275167	79645
chr2	59195522	59395522	harbor2	chr2	59276397	59276620	SINE/MIR	503	-	112	59276509	80987
chr2	175156201	175356201	harbor2	chr2	175161357	175161546	SINE/MIR	580	-	94	175161451	5250
chr2	175156201	175356201	harbor2	chr2	175203330	175203581	SINE/MIR	714	-	126	175203456	47255
chr2	175156201	175356201	harbor2	chr2	175206662	175206803	SINE/MIR	533	-	70	175206732	50531
chr2	175156201	175356201	harbor2	chr2	175235295	175235519	SINE/MIR	637	-	112	175235407	79206
chr2	175156201	175356201	harbor2	chr2	175253358	175253569	SINE/MIR	563	-	106	175253464	97263
chr2	203944036	204144036	harbor2	chr2	203993662	203993836	SINE/MIR	574	-	87	203993749	49713
chr2	203944036	204144036	harbor2	chr2	204019946	204020100	SINE/MIR	663	-	77	204020023	75987
chr2	203944036	204144036	harbor2	chr2	204022825	204022890	SINE/MIR	439	-	32	204022857	78821
chr2	203944036	204144036	harbor2	chr2	204023645	204023804	SINE/MIR	439	-	80	204023725	79689
chr2	51298428	51498428	harbor2	chr2	51321871	51322098	SINE/MIR	860	-	114	51321985	23557
chr2	51298428	51498428	harbor2	chr2	51355851	51356098	SINE/MIR	635	-	124	51355975	57547
chr2	230087964	230287964	harbor2	chr2	230170920	230171097	SINE/MIR	530	-	88	230171008	83044
chr2	230087964	230287964	harbor2	chr2	230171391	230171415	SINE/MIR	530	-	12	230171403	83439
chr2	161814416	162014416	harbor2	chr2	161900661	161900801	SINE/MIR	522	-	70	161900731	86315
chr2	230019281	230219281	harbor2	chr2	230048100	230048331	SINE/MIR	653	-	116	230048216	28935
chr2	230019281	230219281	harbor2	chr2	230080877	230081105	SINE/MIR	786	-	114	230080991	61710
chr2	190193282	190393282	harbor2	chr2	190251937	190252098	SINE/MIR	459	-	80	190252017	58735
chr2	202602746	202802746	harbor2	chr2	202604492	202604670	SINE/MIR	568	-	89	202604581	1835
chr2	137187473	137387473	harbor2	chr2	137207200	137207361	SINE/MIR	429	-	80	137207280	19807
chr2	137187473	137387473	harbor2	chr2	137217376	137217589	SINE/MIR	471	-	106	137217482	30009
chr2	137187473	137387473	harbor2	chr2	137263337	137263507	SINE/MIR	455	-	85	137263422	75949
chr2	137187473	137387473	harbor2	chr2	137266177	137266352	SINE/MIR	457	-	88	137266265	78792
chr2	237983261	238183261	harbor2	chr2	238039460	238039664	SINE/MIR	426	-	102	238039562	56301
chr2	206576457	206776457	harbor2	chr2	206596704	206596897	SINE/MIR	420	-	96	206596800	20343
chr2	206576457	206776457	harbor2	chr2	206637974	206638131	SINE/MIR	477	-	78	206638052	61595
chr2	206576457	206776457	harbor2	chr2	206662636	206662739	SINE/MIR	462	-	52	206662688	86231
chr2	57652558	57852558	harbor2	chr2	57673893	57674092	SINE/MIR	432	-	100	57673993	21435
chr2	57652558	57852558	harbor2	chr2	57678497	57678631	SINE/MIR	495	-	67	57678564	26006
chr2	57652558	57852558	harbor2	chr2	57705511	57705745	SINE/MIR	548	-	117	57705628	53070
chr2	88717162	88917162	harbor2	chr2	88732866	88733063	SINE/MIR	614	-	98	88732964	15802
chr2	88717162	88917162	harbor2	chr2	88769918	88770076	SINE/MIR	443	-	79	88769997	52835
chr2	196066688	196266688	harbor2	chr2	196107682	196107865	SINE/MIR	704	-	92	196107774	41086
chr2	196066688	196266688	harbor2	chr2	196137893	196138129	SINE/MIR	620	-	118	196138011	71323
chr2	196066688	196266688	harbor2	chr2	196162487	196162615	SINE/MIR	701	-	64	196162551	95863
chr2	196066688	196266688	harbor2	chr2	196162908	196163006	SINE/MIR	701	-	49	196162957	96269
chr2	235327843	235527843	harbor2	chr2	235348770	235348969	SINE/MIR	611	-	100	235348870	21027
chr2	235327843	235527843	harbor2	chr2	235419710	235419886	SINE/MIR	477	-	88	235419798	91955
chr2	168187282	168387282	harbor2	chr2	168241764	168241980	SINE/MIR	622	-	108	168241872	54590
chr2	168187282	168387282	harbor2	chr2	168265290	168265505	SINE/MIR	421	-	108	168265398	78116
chr2	213500804	213700804	harbor2	chr2	213564685	213564932	SINE/MIR	827	-	124	213564809	64005
chr2	180370491	180570491	harbor2	chr2	180375365	180375520	SINE/MIR	520	-	78	180375443	4952
chr2	133096679	133296679	harbor2	chr2	133130196	133130389	SINE/MIR	486	-	96	133130292	33613
chr2	133096679	133296679	harbor2	chr2	133133698	133133929	SINE/MIR	422	-	116	133133814	37135
chr2	133096679	133296679	harbor2	chr2	133167409	133167653	SINE/MIR	464	-	122	133167531	70852
chr2	133096679	133296679	harbor2	chr2	133167975	133168210	SINE/MIR	934	-	118	133168093	71414
chr2	75235873	75435873	harbor2	chr2	75261678	75261910	SINE/MIR	688	-	116	75261794	25921
chr2	75235873	75435873	harbor2	chr2	75276140	75276321	SINE/MIR	630	-	90	75276230	40357
chr2	157121547	157321547	harbor2	chr2	157123812	157124075	SINE/MIR	659	-	132	157123944	2397
chr2	157121547	157321547	harbor2	chr2	157158555	157158732	SINE/MIR	440	-	88	157158643	37096
chr2	157121547	157321547	harbor2	chr2	157160981	157161133	SINE/MIR	521	-	76	157161057	39510
chr2	157121547	157321547	harbor2	chr2	157168142	157168371	SINE/MIR	603	-	114	157168256	46709
chr2	157121547	157321547	harbor2	chr2	157175007	157175237	SINE/MIR	543	-	115	157175122	53575
chr2	157121547	157321547	harbor2	chr2	157183545	157183775	SINE/MIR	633	-	115	157183660	62113
chr2	157121547	157321547	harbor2	chr2	157194859	157194979	SINE/MIR	427	-	60	157194919	73372
chr2	227430707	227630707	harbor2	chr2	227453878	227454084	SINE/MIR	776	-	103	227453981	23274
chr2	227430707	227630707	harbor2	chr2	227461701	227461942	SINE/MIR	1006	-	120	227461821	31114
chr2	227430707	227630707	harbor2	chr2	227514522	227514702	SINE/MIR	529	-	90	227514612	83905
chr2	227430707	227630707	harbor2	chr2	227522483	227522695	SINE/MIR	648	-	106	227522589	91882
chr2	214070347	214270347	harbor2	chr2	214091195	214091437	SINE/MIR	813	-	121	214091316	20969
chr2	214070347	214270347	harbor2	chr2	214097832	214098060	SINE/MIR	820	-	114	214097946	27599
chr2	214070347	214270347	harbor2	chr2	214105332	214105596	SINE/MIR	770	-	132	214105464	35117
chr2	214070347	214270347	harbor2	chr2	214155792	214155982	SINE/MIR	572	-	95	214155887	85540
chr2	168000046	168200046	harbor2	chr2	168024715	168024891	SINE/MIR	462	-	88	168024803	24757
chr2	168000046	168200046	harbor2	chr2	168026348	168026481	SINE/MIR	650	-	66	168026414	26368
chr2	168000046	168200046	harbor2	chr2	168074647	168074886	SINE/MIR	431	-	120	168074767	74721
chr2	168000046	168200046	harbor2	chr2	168076142	168076321	SINE/MIR	543	-	90	168076232	76186
chr2	168000046	168200046	harbor2	chr2	168079801	168080022	SINE/MIR	489	-	110	168079911	79865
chr2	189621028	189821028	harbor2	chr2	189635727	189635892	SINE/MIR	537	-	82	189635809	14781
chr2	189621028	189821028	harbor2	chr2	189649468	189649630	SINE/MIR	584	-	81	189649549	28521
chr2	126761804	126961804	harbor2	chr2	126763230	126763449	SINE/MIR	826	-	110	126763340	1536
chr2	126761804	126961804	harbor2	chr2	126763479	126763641	SINE/MIR	500	-	81	126763560	1756
chr2	126761804	126961804	harbor2	chr2	126825767	126826015	SINE/MIR	780	-	124	126825891	64087
chr2	126761804	126961804	harbor2	chr2	126833852	126834023	SINE/MIR	491	-	86	126833938	72134
chr2	126761804	126961804	harbor2	chr2	126837837	126837976	SINE/MIR	601	-	70	126837907	76103
chr2	231714500	231914500	harbor2	chr2	231736793	231737017	SINE/MIR	417	-	112	231736905	22405
chr2	231714500	231914500	harbor2	chr2	231778542	231778771	SINE/MIR	1028	-	114	231778656	64156
chr2	231714500	231914500	harbor2	chr2	231782037	231782210	SINE/MIR	607	-	86	231782123	67623
chr2	215062130	215262130	harbor2	chr2	215071267	215071400	SINE/MIR	421	-	66	215071333	9203
chr2	195308671	195508671	harbor2	chr2	195341591	195341763	SINE/MIR	434	-	86	195341677	33006
chr2	195308671	195508671	harbor2	chr2	195344406	195344602	SINE/MIR	647	-	98	195344504	35833
chr2	195308671	195508671	harbor2	chr2	195393895	195394071	SINE/MIR	517	-	88	195393983	85312
chr2	195308671	195508671	harbor2	chr2	195405390	195405624	SINE/MIR	661	-	117	195405507	96836
chr2	134986039	135186039	harbor2	chr2	135009694	135009756	SINE/MIR	761	-	31	135009725	23686
chr2	134986039	135186039	harbor2	chr2	135009886	135010047	SINE/MIR	761	-	80	135009966	23927
chr2	134986039	135186039	harbor2	chr2	135044095	135044257	SINE/MIR	558	-	81	135044176	58137
chr2	30538778	30738778	harbor2	chr2	30570402	30570630	SINE/MIR	455	-	114	30570516	31738
chr2	232958026	233158026	harbor2	chr2	232998177	232998346	SINE/MIR	575	-	84	232998261	40235
chr2	232958026	233158026	harbor2	chr2	233006699	233006896	SINE/MIR	593	-	98	233006797	48771
chr2	232958026	233158026	harbor2	chr2	233013722	233013941	SINE/MIR	666	-	110	233013832	55806
chr2	232958026	233158026	harbor2	chr2	233024563	233024723	SINE/MIR	420	-	80	233024643	66617
chr2	232958026	233158026	harbor2	chr2	233047100	233047323	SINE/MIR	846	-	112	233047212	89186
chr2	224376401	224576401	harbor2	chr2	224402612	224402669	SINE/MIR	673	-	28	224402640	26239
chr2	224376401	224576401	harbor2	chr2	224402967	224403119	SINE/MIR	673	-	76	224403043	26642
chr2	224376401	224576401	harbor2	chr2	224411239	224411387	SINE/MIR	705	-	74	224411313	34912
chr2	224376401	224576401	harbor2	chr2	224474993	224475018	SINE/MIR	467	-	12	224475005	98604
chr2	224376401	224576401	harbor2	chr2	224475317	224475485	SINE/MIR	467	-	84	224475401	99000
chr2	234544632	234744632	harbor2	chr2	234547838	234548020	SINE/MIR	448	-	91	234547929	3297
chr2	234544632	234744632	harbor2	chr2	234620113	234620243	SINE/MIR	438	-	65	234620178	75546
chr2	80662229	80862229	harbor2	chr2	80724841	80725025	SINE/MIR	530	-	92	80724933	62704
chr2	240955978	241155978	harbor2	chr2	240990377	240990495	SINE/MIR	427	-	59	240990436	34458
chr2	180930014	181130014	harbor2	chr2	180937435	180937503	SINE/MIR	475	-	34	180937469	7455
chr2	180930014	181130014	harbor2	chr2	180937878	180938026	SINE/MIR	475	-	74	180937952	7938
chr2	180930014	181130014	harbor2	chr2	180953716	180953964	SINE/MIR	689	-	124	180953840	23826
chr2	180930014	181130014	harbor2	chr2	180967783	180968043	SINE/MIR	710	-	130	180967913	37899
chr2	180930014	181130014	harbor2	chr2	181003828	181004033	SINE/MIR	511	-	102	181003930	73916
chr2	180930014	181130014	harbor2	chr2	181008250	181008457	SINE/MIR	735	-	104	181008354	78340
chr2	238977811	239177811	harbor2	chr2	238998909	238999067	SINE/MIR	472	-	79	238998988	21177
chr2	239663856	239863856	harbor2	chr2	239679444	239679624	SINE/MIR	457	-	90	239679534	15678
chr2	124783512	124983512	harbor2	chr2	124797056	124797266	SINE/MIR	492	-	105	124797161	13649
chr2	124783512	124983512	harbor2	chr2	124807427	124807638	SINE/MIR	734	-	106	124807533	24021
chr2	124783512	124983512	harbor2	chr2	124877852	124878081	SINE/MIR	495	-	114	124877966	94454
chr2	142012740	142212740	harbor2	chr2	142027550	142027673	SINE/MIR	523	-	62	142027612	14872
chr2	142012740	142212740	harbor2	chr2	142027699	142027739	SINE/MIR	523	-	20	142027719	14979
chr2	142012740	142212740	harbor2	chr2	142045684	142045865	SINE/MIR	434	-	90	142045774	33034
chr2	142012740	142212740	harbor2	chr2	142046892	142047063	SINE/MIR	427	-	86	142046978	34238
chr2	142012740	142212740	harbor2	chr2	142070237	142070480	SINE/MIR	686	-	122	142070359	57619
chr2	142012740	142212740	harbor2	chr2	142081797	142082009	SINE/MIR	696	-	106	142081903	69163
chr2	142012740	142212740	harbor2	chr2	142106317	142106543	SINE/MIR	519	-	113	142106430	93690
chr2	229326559	229526559	harbor2	chr2	229374491	229374729	SINE/MIR	667	-	119	229374610	48051
chr2	229326559	229526559	harbor2	chr2	229407857	229408010	SINE/MIR	552	-	76	229407933	81374
chr2	229326559	229526559	harbor2	chr2	229424215	229424357	SINE/MIR	500	-	71	229424286	97727
chr2	128375405	128575405	harbor2	chr2	128388473	128388597	SINE/MIR	418	-	62	128388535	13130
chr2	128375405	128575405	harbor2	chr2	128405385	128405545	SINE/MIR	450	-	80	128405465	30060
chr2	47234697	47434697	harbor2	chr2	47253555	47253728	SINE/MIR	417	-	86	47253641	18944
chr2	47234697	47434697	harbor2	chr2	47304385	47304619	SINE/MIR	543	-	117	47304502	69805
chr2	47234697	47434697	harbor2	chr2	47318852	47318979	SINE/MIR	434	-	64	47318916	84219
chr2	47234697	47434697	harbor2	chr2	47319272	47319413	SINE/MIR	434	-	70	47319342	84645
chr2	154370036	154570036	harbor2	chr2	154398826	154399055	SINE/MIR	482	-	114	154398940	28904
chr2	178129470	178329470	harbor2	chr2	178141166	178141367	SINE/MIR	634	-	100	178141266	11796
chr2	178129470	178329470	harbor2	chr2	178142325	178142518	SINE/MIR	462	-	96	178142421	12951
chr2	178129470	178329470	harbor2	chr2	178219184	178219418	SINE/MIR	659	-	117	178219301	89831
chr2	223873712	224073712	harbor2	chr2	223937444	223937676	SINE/MIR	837	-	116	223937560	63848
chr2	223873712	224073712	harbor2	chr2	223945732	223945889	SINE/MIR	557	-	78	223945810	72098
chr2	223873712	224073712	harbor2	chr2	223946398	223946473	SINE/MIR	557	-	38	223946436	72724
chr2	227299710	227499710	harbor2	chr2	227309950	227310121	SINE/MIR	530	-	86	227310036	10326
chr2	227299710	227499710	harbor2	chr2	227367730	227367866	SINE/MIR	565	-	68	227367798	68088
chr2	227299710	227499710	harbor2	chr2	227372152	227372363	SINE/MIR	772	-	106	227372258	72548
chr2	227299710	227499710	harbor2	chr2	227372668	227372698	SINE/MIR	772	-	15	227372683	72973
chr2	227299710	227499710	harbor2	chr2	227373014	227373040	SINE/MIR	772	-	13	227373027	73317
chr2	127310590	127510590	harbor2	chr2	127314288	127314480	SINE/MIR	716	-	96	127314384	3794
chr2	127310590	127510590	harbor2	chr2	127365149	127365299	SINE/MIR	580	-	75	127365224	54634
chr2	127310590	127510590	harbor2	chr2	127379294	127379433	SINE/MIR	465	-	70	127379364	68774
chr2	169791976	169991976	harbor2	chr2	169798281	169798459	SINE/MIR	467	-	89	169798370	6394
chr2	169791976	169991976	harbor2	chr2	169818757	169819046	SINE/MIR	624	-	144	169818901	26925
chr2	169791976	169991976	harbor2	chr2	169876033	169876081	SINE/MIR	567	-	24	169876057	84081
chr2	169791976	169991976	harbor2	chr2	169876379	169876530	SINE/MIR	567	-	76	169876455	84479
chr2	169791976	169991976	harbor2	chr2	169882821	169883003	SINE/MIR	431	-	91	169882912	90936
chr2	44089780	44289780	harbor2	chr2	44090171	44090324	SINE/MIR	597	-	76	44090247	467
chr2	44089780	44289780	harbor2	chr2	44104670	44104922	SINE/MIR	725	-	126	44104796	15016
chr2	44089780	44289780	harbor2	chr2	44120330	44120515	SINE/MIR	728	-	92	44120422	30642
chr2	44089780	44289780	harbor2	chr2	44126222	44126335	SINE/MIR	466	-	56	44126278	36498
chr2	44089780	44289780	harbor2	chr2	44161363	44161579	SINE/MIR	791	-	108	44161471	71691
chr2	206423268	206623268	harbor2	chr2	206505277	206505376	SINE/MIR	481	-	50	206505327	82059
chr2	206423268	206623268	harbor2	chr2	206505758	206505814	SINE/MIR	481	-	28	206505786	82518
chr2	153479060	153679060	harbor2	chr2	153555550	153555759	SINE/MIR	726	-	104	153555654	76594
chr2	153479060	153679060	harbor2	chr2	153566874	153567003	SINE/MIR	473	-	64	153566938	87878
chr2	141491650	141691650	harbor2	chr2	141492992	141493246	SINE/MIR	842	-	127	141493119	1469
chr2	141491650	141691650	harbor2	chr2	141499104	141499346	SINE/MIR	521	-	121	141499225	7575
chr2	141491650	141691650	harbor2	chr2	141525749	141525764	SINE/MIR	458	-	8	141525757	34107
chr2	141491650	141691650	harbor2	chr2	141525962	141526138	SINE/MIR	458	-	88	141526050	34400
chr2	141491650	141691650	harbor2	chr2	141544983	141545126	SINE/MIR	554	-	72	141545055	53405
chr2	141491650	141691650	harbor2	chr2	141546215	141546404	SINE/MIR	467	-	94	141546309	54659
chr2	160773273	160973273	harbor2	chr2	160811266	160811394	SINE/MIR	428	-	64	160811330	38057
chr2	160773273	160973273	harbor2	chr2	160861502	160861657	SINE/MIR	458	-	78	160861580	88307
chr2	225368080	225568080	harbor2	chr2	225378777	225378992	SINE/MIR	651	-	108	225378885	10805
chr2	225368080	225568080	harbor2	chr2	225389478	225389654	SINE/MIR	473	-	88	225389566	21486
chr2	225368080	225568080	harbor2	chr2	225392497	225392736	SINE/MIR	590	-	120	225392617	24537
chr2	225368080	225568080	harbor2	chr2	225428922	225429125	SINE/MIR	485	-	102	225429024	60944
chr2	225368080	225568080	harbor2	chr2	225430505	225430697	SINE/MIR	531	-	96	225430601	62521
chr2	225368080	225568080	harbor2	chr2	225437723	225437861	SINE/MIR	435	-	69	225437792	69712
chr2	234594479	234794479	harbor2	chr2	234620113	234620243	SINE/MIR	438	-	65	234620178	25699
chr2	168486188	168686188	harbor2	chr2	168510766	168511032	SINE/MIR	472	-	133	168510899	24711
chr2	168486188	168686188	harbor2	chr2	168526487	168526699	SINE/MIR	549	-	106	168526593	40405
chr2	42626650	42826650	harbor2	chr2	42678945	42679082	SINE/MIR	592	-	68	42679013	52363
chr2	102468938	102668938	harbor2	chr2	102472451	102472626	SINE/MIR	481	-	88	102472539	3601
chr2	102468938	102668938	harbor2	chr2	102506988	102507199	SINE/MIR	426	-	106	102507094	38156
chr2	102468938	102668938	harbor2	chr2	102540032	102540260	SINE/MIR	498	-	114	102540146	71208
chr2	124335582	124535582	harbor2	chr2	124430960	124431115	SINE/MIR	441	-	78	124431038	95456
chr2	231248904	231448904	harbor2	chr2	231251474	231251578	SINE/MIR	453	-	52	231251526	2622
chr2	231248904	231448904	harbor2	chr2	231278074	231278349	SINE/MIR	670	-	138	231278212	29308
chr2	231248904	231448904	harbor2	chr2	231300505	231300728	SINE/MIR	974	-	112	231300617	51713
chr2	231248904	231448904	harbor2	chr2	231308184	231308402	SINE/MIR	614	-	109	231308293	59389
chr2	231248904	231448904	harbor2	chr2	231336268	231336432	SINE/MIR	477	-	82	231336350	87446
chr2	197408396	197608396	harbor2	chr2	197464619	197464774	SINE/MIR	457	-	78	197464697	56301
chr2	197408396	197608396	harbor2	chr2	197477721	197477908	SINE/MIR	539	-	94	197477815	69419
chr2	197408396	197608396	harbor2	chr2	197505751	197505971	SINE/MIR	875	-	110	197505861	97465
chr3	33635352	33835352	harbor2	chr3	33691701	33691876	SINE/MIR	468	-	88	33691789	56437
chr3	33635352	33835352	harbor2	chr3	33722324	33722485	SINE/MIR	468	-	80	33722404	87052
chr3	33635352	33835352	harbor2	chr3	33729481	33729715	SINE/MIR	809	-	117	33729598	94246
chr3	33635352	33835352	harbor2	chr3	33730591	33730700	SINE/MIR	400	-	54	33730645	95293
chr3	180017578	180217578	harbor2	chr3	180020497	180020692	SINE/MIR	430	-	98	180020595	3017
chr3	180017578	180217578	harbor2	chr3	180025853	180026061	SINE/MIR	441	-	104	180025957	8379
chr3	180017578	180217578	harbor2	chr3	180100604	180100833	SINE/MIR	544	-	114	180100718	83140
chr3	180017578	180217578	harbor2	chr3	180114036	180114248	SINE/MIR	528	-	106	180114142	96564
chr3	180017578	180217578	harbor2	chr3	180115289	180115463	SINE/MIR	443	-	87	180115376	97798
chr3	156896875	157096875	harbor2	chr3	156943403	156943594	SINE/MIR	538	-	96	156943499	46624
chr3	156896875	157096875	harbor2	chr3	156963640	156963857	SINE/MIR	503	-	108	156963748	66873
chr3	156896875	157096875	harbor2	chr3	156974998	156975219	SINE/MIR	455	-	110	156975108	78233
chr3	123706681	123906681	harbor2	chr3	123719493	123719719	SINE/MIR	530	-	113	123719606	12925
chr3	123706681	123906681	harbor2	chr3	123740099	123740344	SINE/MIR	583	-	122	123740221	33540
chr3	123706681	123906681	harbor2	chr3	123752561	123752764	SINE/MIR	754	-	102	123752663	45982
chr3	123706681	123906681	harbor2	chr3	123780467	123780573	SINE/MIR	433	-	53	123780520	73839
chr3	123706681	123906681	harbor2	chr3	123794806	123795030	SINE/MIR	930	-	112	123794918	88237
chr3	123706681	123906681	harbor2	chr3	123796119	123796388	SINE/MIR	1003	-	134	123796253	89572
chr3	123706681	123906681	harbor2	chr3	123806211	123806299	SINE/MIR	415	-	44	123806255	99574
chr3	123706681	123906681	harbor2	chr3	123806575	123806657	SINE/MIR	426	-	41	123806616	99935
chr3	5573316	5773316	harbor2	chr3	5575204	5575401	SINE/MIR	848	-	98	5575302	1986
chr3	5573316	5773316	harbor2	chr3	5575430	5575656	SINE/MIR	685	-	113	5575543	2227
chr3	5573316	5773316	harbor2	chr3	5583376	5583548	SINE/MIR	484	-	86	5583462	10146
chr3	5573316	5773316	harbor2	chr3	5616524	5616768	SINE/MIR	596	-	122	5616646	43330
chr3	5573316	5773316	harbor2	chr3	5669217	5669393	SINE/MIR	424	-	88	5669305	95989
chr3	194522490	194722490	harbor2	chr3	194574031	194574217	SINE/MIR	502	-	93	194574124	51634
chr3	194522490	194722490	harbor2	chr3	194574241	194574382	SINE/MIR	440	-	70	194574311	51821
chr3	194522490	194722490	harbor2	chr3	194576464	194576563	SINE/MIR	431	-	50	194576514	54024
chr3	194522490	194722490	harbor2	chr3	194585811	194585975	SINE/MIR	398	-	82	194585893	63403
chr3	171469667	171669667	harbor2	chr3	171470909	171471016	SINE/MIR	528	-	54	171470963	1296
chr3	171469667	171669667	harbor2	chr3	171497214	171497417	SINE/MIR	605	-	102	171497316	27649
chr3	171469667	171669667	harbor2	chr3	171507420	171507610	SINE/MIR	704	-	95	171507515	37848
chr3	171469667	171669667	harbor2	chr3	171516373	171516552	SINE/MIR	418	-	90	171516463	46796
chr3	171469667	171669667	harbor2	chr3	171546156	171546268	SINE/MIR	432	-	56	171546212	76545
chr3	171469667	171669667	harbor2	chr3	171561239	171561351	SINE/MIR	437	-	56	171561295	91628
chr3	153893189	154093189	harbor2	chr3	153909279	153909435	SINE/MIR	478	-	78	153909357	16168
chr3	153893189	154093189	harbor2	chr3	153925454	153925635	SINE/MIR	472	-	90	153925544	32355
chr3	153893189	154093189	harbor2	chr3	153951180	153951345	SINE/MIR	528	-	82	153951262	58073
chr3	153893189	154093189	harbor2	chr3	153958519	153958658	SINE/MIR	446	-	70	153958589	65400
chr3	153893189	154093189	harbor2	chr3	153958973	153959100	SINE/MIR	446	-	64	153959037	65848
chr3	153893189	154093189	harbor2	chr3	153943859	153944092	SINE/MIR	627	-	116	153943975	50786
chr3	140218809	140418809	harbor2	chr3	140219879	140220098	SINE/MIR	609	-	110	140219989	1180
chr3	140218809	140418809	harbor2	chr3	140237820	140237902	SINE/MIR	399	-	41	140237861	19052
chr3	140218809	140418809	harbor2	chr3	140265002	140265223	SINE/MIR	496	-	110	140265112	46303
chr3	140218809	140418809	harbor2	chr3	140287661	140287850	SINE/MIR	563	-	94	140287755	68946
chr3	140218809	140418809	harbor2	chr3	140289107	140289311	SINE/MIR	869	-	102	140289209	70400
chr3	140218809	140418809	harbor2	chr3	140311608	140311833	SINE/MIR	666	-	112	140311720	92911
chr3	140218809	140418809	harbor2	chr3	140318001	140318169	SINE/MIR	414	-	84	140318085	99276
chr3	184292703	184492703	harbor2	chr3	184295569	184295783	SINE/MIR	415	-	107	184295676	2973
chr3	184292703	184492703	harbor2	chr3	184332385	184332497	SINE/MIR	394	-	56	184332441	39738
chr3	184292703	184492703	harbor2	chr3	184349623	184349843	SINE/MIR	920	-	110	184349733	57030
chr3	184292703	184492703	harbor2	chr3	184380962	184381147	SINE/MIR	794	-	92	184381054	88351
chr3	184292703	184492703	harbor2	chr3	184382033	184382265	SINE/MIR	922	-	116	184382149	89446
chr3	184292703	184492703	harbor2	chr3	184389071	184389313	SINE/MIR	518	-	121	184389192	96489
chr3	173703845	173903845	harbor2	chr3	173712124	173712363	SINE/MIR	482	-	120	173712244	8399
chr3	173703845	173903845	harbor2	chr3	173751751	173751977	SINE/MIR	734	-	113	173751864	48019
chr3	173703845	173903845	harbor2	chr3	173788449	173788673	SINE/MIR	643	-	112	173788561	84716
chr3	173703845	173903845	harbor2	chr3	173789420	173789648	SINE/MIR	480	-	114	173789534	85689
chr3	139111427	139311427	harbor2	chr3	139113702	139113833	SINE/MIR	518	-	66	139113768	2341
chr3	139111427	139311427	harbor2	chr3	139121665	139121904	SINE/MIR	740	-	120	139121785	10358
chr3	139111427	139311427	harbor2	chr3	139125993	139126214	SINE/MIR	737	-	110	139126103	14676
chr3	139111427	139311427	harbor2	chr3	139138657	139138896	SINE/MIR	547	-	120	139138777	27350
chr3	139111427	139311427	harbor2	chr3	139156825	139156964	SINE/MIR	475	-	70	139156895	45468
chr3	139111427	139311427	harbor2	chr3	139159438	139159660	SINE/MIR	878	-	111	139159549	48122
chr3	139111427	139311427	harbor2	chr3	139183296	139183522	SINE/MIR	794	-	113	139183409	71982
chr3	139111427	139311427	harbor2	chr3	139186724	139186918	SINE/MIR	565	-	97	139186821	75394
chr3	192055168	192255168	harbor2	chr3	192077685	192077852	SINE/MIR	450	-	84	192077769	22601
chr3	147763687	147963687	harbor2	chr3	147794077	147794243	SINE/MIR	450	-	83	147794160	30473
chr3	135581877	135781877	harbor2	chr3	135637355	135637516	SINE/MIR	601	-	80	135637435	55558
chr3	135581877	135781877	harbor2	chr3	135679327	135679540	SINE/MIR	518	-	106	135679433	97556
chr3	183346138	183546138	harbor2	chr3	183387583	183387650	SINE/MIR	671	-	34	183387617	41479
chr3	183346138	183546138	harbor2	chr3	183387958	183388100	SINE/MIR	671	-	71	183388029	41891
chr3	174518543	174718543	harbor2	chr3	174535513	174535657	SINE/MIR	469	-	72	174535585	17042
chr3	174518543	174718543	harbor2	chr3	174572847	174573050	SINE/MIR	884	-	102	174572949	54406
chr3	174518543	174718543	harbor2	chr3	174593297	174593549	SINE/MIR	698	-	126	174593423	74880
chr3	194142880	194342880	harbor2	chr3	194149407	194149590	SINE/MIR	610	-	92	194149499	6619
chr3	194142880	194342880	harbor2	chr3	194168992	194169204	SINE/MIR	447	-	106	194169098	26218
chr3	194142880	194342880	harbor2	chr3	194174091	194174260	SINE/MIR	606	-	84	194174175	31295
chr3	194142880	194342880	harbor2	chr3	194185826	194186095	SINE/MIR	587	-	134	194185960	43080
chr3	194142880	194342880	harbor2	chr3	194186942	194187066	SINE/MIR	391	-	62	194187004	44124
chr3	194142880	194342880	harbor2	chr3	194217561	194217775	SINE/MIR	719	-	107	194217668	74788
chr3	194360080	194560080	harbor2	chr3	194366740	194366904	SINE/MIR	411	-	82	194366822	6742
chr3	194360080	194560080	harbor2	chr3	194371919	194372052	SINE/MIR	425	-	66	194371985	11905
chr3	194360080	194560080	harbor2	chr3	194383939	194384073	SINE/MIR	468	-	67	194384006	23926
chr3	194360080	194560080	harbor2	chr3	194395017	194395269	SINE/MIR	901	-	126	194395143	35063
chr3	194360080	194560080	harbor2	chr3	194398840	194398992	SINE/MIR	617	-	76	194398916	38836
chr3	194360080	194560080	harbor2	chr3	194413915	194414123	SINE/MIR	516	-	104	194414019	53939
chr3	194360080	194560080	harbor2	chr3	194441922	194442126	SINE/MIR	824	-	102	194442024	81944
chr3	194222210	194422210	harbor2	chr3	194247375	194247487	SINE/MIR	415	-	56	194247431	25221
chr3	194222210	194422210	harbor2	chr3	194263091	194263291	SINE/MIR	496	-	100	194263191	40981
chr3	194222210	194422210	harbor2	chr3	194278675	194278727	SINE/MIR	576	-	26	194278701	56491
chr3	194222210	194422210	harbor2	chr3	194279013	194279204	SINE/MIR	576	-	96	194279109	56899
chr3	172082388	172282388	harbor2	chr3	172157160	172157289	SINE/MIR	420	-	64	172157224	74836
chr3	186415162	186615162	harbor2	chr3	186417543	186417780	SINE/MIR	932	-	118	186417661	2499
chr3	186415162	186615162	harbor2	chr3	186432599	186432724	SINE/MIR	485	-	62	186432661	17499
chr3	186415162	186615162	harbor2	chr3	186458821	186459049	SINE/MIR	650	-	114	186458935	43773
chr3	186415162	186615162	harbor2	chr3	186509255	186509478	SINE/MIR	631	-	112	186509367	94205
chr3	186415162	186615162	harbor2	chr3	186511023	186511071	SINE/MIR	413	-	24	186511047	95885
chr3	186415162	186615162	harbor2	chr3	186511104	186511179	SINE/MIR	413	-	38	186511142	95980
chr3	186415162	186615162	harbor2	chr3	186514460	186514631	SINE/MIR	477	-	86	186514546	99384
chr3	178257860	178457860	harbor2	chr3	178261807	178261981	SINE/MIR	450	-	87	178261894	4034
chr3	178257860	178457860	harbor2	chr3	178266200	178266453	SINE/MIR	438	-	126	178266326	8466
chr3	178257860	178457860	harbor2	chr3	178294743	178294902	SINE/MIR	453	-	80	178294823	36963
chr3	178257860	178457860	harbor2	chr3	178303956	178304141	SINE/MIR	399	-	92	178304048	46188
chr3	178257860	178457860	harbor2	chr3	178323056	178323204	SINE/MIR	451	-	74	178323130	65270
chr3	178257860	178457860	harbor2	chr3	178329931	178330151	SINE/MIR	557	-	110	178330041	72181
chr3	181725823	181925823	harbor2	chr3	181755405	181755632	SINE/MIR	605	-	114	181755519	29696
chr3	181725823	181925823	harbor2	chr3	181767176	181767331	SINE/MIR	418	-	78	181767254	41431
chr3	181725823	181925823	harbor2	chr3	181781580	181781759	SINE/MIR	408	-	90	181781670	55847
chr3	181725823	181925823	harbor2	chr3	181804572	181804695	SINE/MIR	435	-	62	181804634	78811
chr3	181725823	181925823	harbor2	chr3	181814492	181814634	SINE/MIR	509	-	71	181814563	88740
chr3	181725823	181925823	harbor2	chr3	181816672	181816854	SINE/MIR	410	-	91	181816763	90940
chr3	181725823	181925823	harbor2	chr3	181764056	181764206	SINE/MIR	484	-	75	181764131	38308
chr3	192576347	192776347	harbor2	chr3	192576235	192576392	SINE/MIR	489	-	78	192576313	34
chr3	192576347	192776347	harbor2	chr3	192578203	192578445	SINE/MIR	831	-	121	192578324	1977
chr3	192576347	192776347	harbor2	chr3	192588562	192588794	SINE/MIR	588	-	116	192588678	12331
chr3	192576347	192776347	harbor2	chr3	192596411	192596650	SINE/MIR	627	-	120	192596531	20184
chr3	192576347	192776347	harbor2	chr3	192606574	192606794	SINE/MIR	622	-	110	192606684	30337
chr3	192576347	192776347	harbor2	chr3	192647949	192648139	SINE/MIR	483	-	95	192648044	71697
chr3	192576347	192776347	harbor2	chr3	192671959	192672116	SINE/MIR	467	-	78	192672037	95690
chr3	184220229	184420229	harbor2	chr3	184232205	184232378	SINE/MIR	480	-	86	184232291	12062
chr3	184220229	184420229	harbor2	chr3	184257247	184257356	SINE/MIR	464	-	54	184257301	37072
chr3	184220229	184420229	harbor2	chr3	184272495	184272688	SINE/MIR	653	-	96	184272591	52362
chr3	184220229	184420229	harbor2	chr3	184273456	184273542	SINE/MIR	488	-	43	184273499	53270
chr3	184220229	184420229	harbor2	chr3	184273846	184273890	SINE/MIR	488	-	22	184273868	53639
chr3	184220229	184420229	harbor2	chr3	184295569	184295783	SINE/MIR	415	-	107	184295676	75447
chr3	192149615	192349615	harbor2	chr3	192157835	192158049	SINE/MIR	473	-	107	192157942	8327
chr3	192149615	192349615	harbor2	chr3	192213461	192213648	SINE/MIR	391	-	94	192213555	63940
chr3	192149615	192349615	harbor2	chr3	192214132	192214327	SINE/MIR	400	-	98	192214230	64615
chr3	141850124	142050124	harbor2	chr3	141878078	141878235	SINE/MIR	450	-	78	141878156	28032
chr3	188837705	189037705	harbor2	chr3	188848562	188848684	SINE/MIR	399	-	61	188848623	10918
chr3	188837705	189037705	harbor2	chr3	188884142	188884305	SINE/MIR	538	-	82	188884224	46519
chr3	188837705	189037705	harbor2	chr3	188891858	188892014	SINE/MIR	517	-	78	188891936	54231
chr3	186166894	186366894	harbor2	chr3	186182331	186182566	SINE/MIR	450	-	118	186182449	15555
chr3	186166894	186366894	harbor2	chr3	186184148	186184347	SINE/MIR	584	-	100	186184248	17354
chr3	186166894	186366894	harbor2	chr3	186184994	186185176	SINE/MIR	666	-	91	186185085	18191
chr3	186166894	186366894	harbor2	chr3	186189418	186189553	SINE/MIR	410	-	68	186189486	22592
chr3	186166894	186366894	harbor2	chr3	186189973	186190211	SINE/MIR	755	-	119	186190092	23198
chr3	186166894	186366894	harbor2	chr3	186192450	186192676	SINE/MIR	434	-	113	186192563	25669
chr3	186166894	186366894	harbor2	chr3	186196465	186196607	SINE/MIR	439	-	71	186196536	29642
chr3	186166894	186366894	harbor2	chr3	186207561	186207723	SINE/MIR	409	-	81	186207642	40748
chr3	186166894	186366894	harbor2	chr3	186227302	186227459	SINE/MIR	560	-	78	186227380	60486
chr3	186166894	186366894	harbor2	chr3	186233850	186233961	SINE/MIR	441	-	56	186233906	67012
chr3	186166894	186366894	harbor2	chr3	186236424	186236576	SINE/MIR	434	-	76	186236500	69606
chr3	186166894	186366894	harbor2	chr3	186261482	186261634	SINE/MIR	544	-	76	186261558	94664
chr3	186166894	186366894	harbor2	chr3	186264245	186264257	SINE/MIR	408	-	6	186264251	97357
chr3	186166894	186366894	harbor2	chr3	186264564	186264683	SINE/MIR	408	-	60	186264624	97730
chr3	114679858	114879858	harbor2	chr3	114701487	114701718	SINE/MIR	442	-	116	114701603	21745
chr3	114679858	114879858	harbor2	chr3	114704948	114705157	SINE/MIR	506	-	104	114705052	25194
chr3	114679858	114879858	harbor2	chr3	114721472	114721709	SINE/MIR	952	-	118	114721590	41732
chr3	114679858	114879858	harbor2	chr3	114728231	114728372	SINE/MIR	447	-	70	114728301	48443
chr3	114679858	114879858	harbor2	chr3	114742497	114742701	SINE/MIR	914	-	102	114742599	62741
chr3	114679858	114879858	harbor2	chr3	114752026	114752264	SINE/MIR	796	-	119	114752145	72287
chr3	114679858	114879858	harbor2	chr3	114761265	114761426	SINE/MIR	681	-	80	114761345	81487
chr3	114679858	114879858	harbor2	chr3	114768664	114768898	SINE/MIR	583	-	117	114768781	88923
chr3	81839121	82039121	harbor2	chr3	81857032	81857216	SINE/MIR	554	-	92	81857124	18003
chr3	81839121	82039121	harbor2	chr3	81889241	81889429	SINE/MIR	485	-	94	81889335	50214
chr3	108581324	108781324	harbor2	chr3	108586556	108586700	SINE/MIR	714	-	72	108586628	5304
chr3	108581324	108781324	harbor2	chr3	108593181	108593368	SINE/MIR	855	-	94	108593275	11951
chr3	108581324	108781324	harbor2	chr3	108600705	108600827	SINE/MIR	399	-	61	108600766	19442
chr3	108581324	108781324	harbor2	chr3	108606079	108606241	SINE/MIR	406	-	81	108606160	24836
chr3	108581324	108781324	harbor2	chr3	108618361	108618547	SINE/MIR	447	-	93	108618454	37130
chr3	108581324	108781324	harbor2	chr3	108671732	108671902	SINE/MIR	802	-	85	108671817	90493
chr3	108581324	108781324	harbor2	chr3	108672262	108672356	SINE/MIR	802	-	47	108672309	90985
chr3	160272170	160472170	harbor2	chr3	160365572	160365831	SINE/MIR	525	-	130	160365702	93532
chr3	189932515	190132515	harbor2	chr3	189940482	189940654	SINE/MIR	430	-	86	189940568	8053
chr3	189932515	190132515	harbor2	chr3	190018276	190018425	SINE/MIR	485	-	74	190018350	85835
chr3	189932515	190132515	harbor2	chr3	190018724	190018737	SINE/MIR	485	-	6	190018730	86215
chr3	189932515	190132515	harbor2	chr3	190027000	190027222	SINE/MIR	781	-	111	190027111	94596
chr3	185462160	185662160	harbor2	chr3	185494811	185495010	SINE/MIR	701	-	100	185494911	32751
chr3	185462160	185662160	harbor2	chr3	185516829	185516964	SINE/MIR	564	-	68	185516897	54737
chr3	185462160	185662160	harbor2	chr3	185528452	185528584	SINE/MIR	402	-	66	185528518	66358
chr3	185462160	185662160	harbor2	chr3	185533775	185533942	SINE/MIR	606	-	84	185533859	71699
chr3	185462160	185662160	harbor2	chr3	185499491	185499670	SINE/MIR	391	-	90	185499581	37421
chr3	129158473	129358473	harbor2	chr3	129187862	129188055	SINE/MIR	512	-	96	129187958	29485
chr3	129158473	129358473	harbor2	chr3	129232342	129232427	SINE/MIR	432	-	42	129232384	73911
chr3	176316278	176516278	harbor2	chr3	176331777	176331990	SINE/MIR	509	-	106	176331883	15605
chr3	176316278	176516278	harbor2	chr3	176346450	176346580	SINE/MIR	408	-	65	176346515	30237
chr3	176316278	176516278	harbor2	chr3	176383027	176383251	SINE/MIR	406	-	112	176383139	66861
chr3	176316278	176516278	harbor2	chr3	176385162	176385303	SINE/MIR	457	-	70	176385232	68954
chr3	176316278	176516278	harbor2	chr3	176409268	176409490	SINE/MIR	399	-	111	176409379	93101
chr3	176316278	176516278	harbor2	chr3	176414118	176414231	SINE/MIR	425	-	56	176414174	97896
chr3	192730605	192930605	harbor2	chr3	192735666	192735768	SINE/MIR	449	-	51	192735717	5112
chr3	192730605	192930605	harbor2	chr3	192747276	192747399	SINE/MIR	415	-	62	192747338	16733
chr3	192730605	192930605	harbor2	chr3	192749684	192749894	SINE/MIR	527	-	105	192749789	19184
chr3	192730605	192930605	harbor2	chr3	192751188	192751387	SINE/MIR	488	-	100	192751288	20683
chr3	192730605	192930605	harbor2	chr3	192757259	192757477	SINE/MIR	669	-	109	192757368	26763
chr3	192730605	192930605	harbor2	chr3	192822718	192822867	SINE/MIR	411	-	74	192822792	92187
chr3	192730605	192930605	harbor2	chr3	192827521	192827689	SINE/MIR	480	-	84	192827605	97000
chr3	177696616	177896616	harbor2	chr3	177706794	177707027	SINE/MIR	541	-	116	177706910	10294
chr3	177696616	177896616	harbor2	chr3	177732565	177732712	SINE/MIR	430	-	74	177732639	36023
chr3	177696616	177896616	harbor2	chr3	177733785	177733937	SINE/MIR	517	-	76	177733861	37245
chr3	177696616	177896616	harbor2	chr3	177754729	177754906	SINE/MIR	419	-	88	177754817	58201
chr3	177696616	177896616	harbor2	chr3	177777440	177777681	SINE/MIR	416	-	120	177777560	80944
chr3	177696616	177896616	harbor2	chr3	177793132	177793254	SINE/MIR	478	-	61	177793193	96577
chr3	124312167	124512167	harbor2	chr3	124322281	124322414	SINE/MIR	419	-	66	124322347	10180
chr3	124312167	124512167	harbor2	chr3	124333321	124333483	SINE/MIR	658	-	81	124333402	21235
chr3	124312167	124512167	harbor2	chr3	124350364	124350543	SINE/MIR	497	-	90	124350454	38287
chr3	124312167	124512167	harbor2	chr3	124358639	124358894	SINE/MIR	834	-	128	124358767	46600
chr3	124312167	124512167	harbor2	chr3	124387437	124387567	SINE/MIR	478	-	65	124387502	75335
chr3	124312167	124512167	harbor2	chr3	124392379	124392534	SINE/MIR	744	-	78	124392457	80290
chr3	124312167	124512167	harbor2	chr3	124393677	124393761	SINE/MIR	439	-	42	124393719	81552
chr3	124312167	124512167	harbor2	chr3	124397946	124398120	SINE/MIR	570	-	87	124398033	85866
chr3	147066064	147266064	harbor2	chr3	147091676	147091916	SINE/MIR	481	-	120	147091796	25732
chr3	147066064	147266064	harbor2	chr3	147116580	147116816	SINE/MIR	527	-	118	147116698	50634
chr3	147066064	147266064	harbor2	chr3	147118607	147118772	SINE/MIR	393	-	82	147118689	52625
chr3	42690649	42890649	harbor2	chr3	42706795	42706985	SINE/MIR	629	-	95	42706890	16241
chr3	42690649	42890649	harbor2	chr3	42736551	42736703	SINE/MIR	399	-	76	42736627	45978
chr3	42690649	42890649	harbor2	chr3	42744867	42745053	SINE/MIR	466	-	93	42744960	54311
chr3	42690649	42890649	harbor2	chr3	42745245	42745490	SINE/MIR	1268	-	122	42745367	54718
chr3	42690649	42890649	harbor2	chr3	42747429	42747657	SINE/MIR	689	-	114	42747543	56894
chr3	42690649	42890649	harbor2	chr3	42748174	42748314	SINE/MIR	434	-	70	42748244	57595
chr3	42690649	42890649	harbor2	chr3	42782358	42782503	SINE/MIR	409	-	72	42782430	91781
chr3	188719330	188919330	harbor2	chr3	188724076	188724262	SINE/MIR	410	-	93	188724169	4839
chr3	188719330	188919330	harbor2	chr3	188727670	188727879	SINE/MIR	663	-	104	188727774	8444
chr3	188719330	188919330	harbor2	chr3	188738288	188738477	SINE/MIR	426	-	94	188738382	19052
chr3	188719330	188919330	harbor2	chr3	188745853	188746006	SINE/MIR	402	-	76	188745929	26599
chr3	188719330	188919330	harbor2	chr3	188766425	188766644	SINE/MIR	405	-	110	188766535	47205
chr3	188719330	188919330	harbor2	chr3	188769546	188769705	SINE/MIR	494	-	80	188769626	50296
chr3	184718575	184918575	harbor2	chr3	184728807	184729009	SINE/MIR	420	-	101	184728908	10333
chr3	184718575	184918575	harbor2	chr3	184733143	184733354	SINE/MIR	584	-	106	184733249	14674
chr3	184718575	184918575	harbor2	chr3	184734338	184734472	SINE/MIR	585	-	67	184734405	15830
chr3	184718575	184918575	harbor2	chr3	184734652	184734843	SINE/MIR	485	-	96	184734748	16173
chr3	184718575	184918575	harbor2	chr3	184736400	184736553	SINE/MIR	478	-	76	184736476	17901
chr3	184718575	184918575	harbor2	chr3	184737483	184737673	SINE/MIR	421	-	95	184737578	19003
chr3	184718575	184918575	harbor2	chr3	184738736	184738841	SINE/MIR	468	-	52	184738788	20213
chr3	184718575	184918575	harbor2	chr3	184741760	184741911	SINE/MIR	556	-	76	184741836	23261
chr3	184718575	184918575	harbor2	chr3	184743262	184743494	SINE/MIR	995	-	116	184743378	24803
chr3	184718575	184918575	harbor2	chr3	184749642	184749827	SINE/MIR	530	-	92	184749734	31159
chr3	184718575	184918575	harbor2	chr3	184751585	184751775	SINE/MIR	586	-	95	184751680	33105
chr3	184718575	184918575	harbor2	chr3	184755295	184755450	SINE/MIR	553	-	78	184755373	36798
chr3	184718575	184918575	harbor2	chr3	184763160	184763389	SINE/MIR	705	-	114	184763274	44699
chr3	184718575	184918575	harbor2	chr3	184763994	184764201	SINE/MIR	764	-	104	184764098	45523
chr3	184718575	184918575	harbor2	chr3	184764953	184765136	SINE/MIR	517	-	92	184765045	46470
chr3	184718575	184918575	harbor2	chr3	184765597	184765825	SINE/MIR	481	-	114	184765711	47136
chr3	184718575	184918575	harbor2	chr3	184777369	184777544	SINE/MIR	521	-	88	184777457	58882
chr3	184718575	184918575	harbor2	chr3	184778300	184778463	SINE/MIR	502	-	82	184778382	59807
chr3	184718575	184918575	harbor2	chr3	184787367	184787553	SINE/MIR	417	-	93	184787460	68885
chr3	184718575	184918575	harbor2	chr3	184801927	184802140	SINE/MIR	391	-	106	184802033	83458
chr3	69567932	69767932	harbor2	chr3	69569802	69570030	SINE/MIR	732	-	114	69569916	1984
chr3	69567932	69767932	harbor2	chr3	69577814	69578038	SINE/MIR	554	-	112	69577926	9994
chr3	69567932	69767932	harbor2	chr3	69599893	69600099	SINE/MIR	805	-	103	69599996	32064
chr3	69567932	69767932	harbor2	chr3	69600750	69600806	SINE/MIR	805	-	28	69600778	32846
chr3	69567932	69767932	harbor2	chr3	69618290	69618481	SINE/MIR	538	-	96	69618386	50454
chr3	69567932	69767932	harbor2	chr3	69646279	69646494	SINE/MIR	436	-	108	69646387	78455
chr3	69567932	69767932	harbor2	chr3	69650050	69650264	SINE/MIR	584	-	107	69650157	82225
chr3	69567932	69767932	harbor2	chr3	69650533	69650553	SINE/MIR	752	-	10	69650543	82611
chr3	69567932	69767932	harbor2	chr3	69651014	69651228	SINE/MIR	752	-	107	69651121	83189
chr3	69567932	69767932	harbor2	chr3	69651326	69651561	SINE/MIR	729	-	118	69651444	83512
chr3	69567932	69767932	harbor2	chr3	69652162	69652223	SINE/MIR	396	-	30	69652192	84260
chr3	69567932	69767932	harbor2	chr3	69652586	69652751	SINE/MIR	396	-	82	69652668	84736
chr3	69567932	69767932	harbor2	chr3	69659304	69659518	SINE/MIR	586	-	107	69659411	91479
chr3	69567932	69767932	harbor2	chr3	69659558	69659756	SINE/MIR	408	-	99	69659657	91725
chr3	164181606	164381606	harbor2	chr3	164200045	164200231	SINE/MIR	475	-	93	164200138	18532
chr3	164181606	164381606	harbor2	chr3	164252259	164252415	SINE/MIR	439	-	78	164252337	70731
chr3	130418039	130618039	harbor2	chr3	130432131	130432272	SINE/MIR	615	-	70	130432201	14162
chr3	130418039	130618039	harbor2	chr3	130432569	130432665	SINE/MIR	615	-	48	130432617	14578
chr3	130418039	130618039	harbor2	chr3	130461362	130461610	SINE/MIR	685	-	124	130461486	43447
chr3	130418039	130618039	harbor2	chr3	130469729	130469953	SINE/MIR	634	-	112	130469841	51802
chr3	130418039	130618039	harbor2	chr3	130475793	130475939	SINE/MIR	544	-	73	130475866	57827
chr3	130418039	130618039	harbor2	chr3	130490746	130490952	SINE/MIR	513	-	103	130490849	72810
chr3	182748486	182948486	harbor2	chr3	182750884	182751028	SINE/MIR	436	-	72	182750956	2470
chr3	182748486	182948486	harbor2	chr3	182751337	182751468	SINE/MIR	436	-	66	182751403	2917
chr3	182748486	182948486	harbor2	chr3	182761620	182761766	SINE/MIR	480	-	73	182761693	13207
chr3	182748486	182948486	harbor2	chr3	182820890	182821103	SINE/MIR	414	-	106	182820996	72510
chr3	182748486	182948486	harbor2	chr3	182821407	182821459	SINE/MIR	414	-	26	182821433	72947
chr3	182748486	182948486	harbor2	chr3	182827287	182827537	SINE/MIR	718	-	125	182827412	78926
chr3	182748486	182948486	harbor2	chr3	182847722	182847852	SINE/MIR	520	-	65	182847787	99301
chr3	195325420	195525420	harbor2	chr3	195387826	195388066	SINE/MIR	1091	-	120	195387946	62526
chr3	99641127	99841127	harbor2	chr3	99648086	99648297	SINE/MIR	597	-	106	99648192	7065
chr3	99641127	99841127	harbor2	chr3	99666939	99667165	SINE/MIR	433	-	113	99667052	25925
chr3	99641127	99841127	harbor2	chr3	99681761	99681990	SINE/MIR	492	-	114	99681875	40748
chr3	99641127	99841127	harbor2	chr3	99684210	99684426	SINE/MIR	435	-	108	99684318	43191
chr3	99641127	99841127	harbor2	chr3	99691729	99691857	SINE/MIR	408	-	64	99691793	50666
chr3	99641127	99841127	harbor2	chr3	99703248	99703413	SINE/MIR	493	-	82	99703330	62203
chr3	99641127	99841127	harbor2	chr3	99707796	99708031	SINE/MIR	718	-	118	99707914	66787
chr3	99641127	99841127	harbor2	chr3	99710710	99710846	SINE/MIR	462	-	68	99710778	69651
chr3	99641127	99841127	harbor2	chr3	99713048	99713254	SINE/MIR	851	-	103	99713151	72024
chr3	100682571	100882571	harbor2	chr3	100710268	100710424	SINE/MIR	430	-	78	100710346	27775
chr3	100682571	100882571	harbor2	chr3	100735430	100735636	SINE/MIR	1011	-	103	100735533	52962
chr3	100682571	100882571	harbor2	chr3	100781790	100781993	SINE/MIR	620	-	102	100781892	99321
chr3	187821813	188021813	harbor2	chr3	187822052	187822247	SINE/MIR	454	-	98	187822150	337
chr3	187821813	188021813	harbor2	chr3	187836256	187836477	SINE/MIR	487	-	110	187836366	14553
chr3	187821813	188021813	harbor2	chr3	187849226	187849455	SINE/MIR	453	-	114	187849340	27527
chr3	187821813	188021813	harbor2	chr3	187852195	187852380	SINE/MIR	419	-	92	187852287	30474
chr3	187821813	188021813	harbor2	chr3	187858495	187858704	SINE/MIR	658	-	104	187858599	36786
chr3	187821813	188021813	harbor2	chr3	187874400	187874524	SINE/MIR	411	-	62	187874462	52649
chr3	187821813	188021813	harbor2	chr3	187888827	187888965	SINE/MIR	417	-	69	187888896	67083
chr3	187821813	188021813	harbor2	chr3	187900074	187900237	SINE/MIR	489	-	82	187900156	78343
chr3	187821813	188021813	harbor2	chr3	187901163	187901396	SINE/MIR	620	-	116	187901279	79466
chr3	187821813	188021813	harbor2	chr3	187912704	187912846	SINE/MIR	404	-	71	187912775	90962
chr3	187821813	188021813	harbor2	chr3	187919844	187920069	SINE/MIR	472	-	112	187919956	98143
chr3	142894737	143094737	harbor2	chr3	142909711	142909856	SINE/MIR	402	-	72	142909783	15046
chr3	142894737	143094737	harbor2	chr3	142911926	142912052	SINE/MIR	417	-	63	142911989	17252
chr3	129172198	129372198	harbor2	chr3	129187862	129188055	SINE/MIR	512	-	96	129187958	15760
chr3	129172198	129372198	harbor2	chr3	129232342	129232427	SINE/MIR	432	-	42	129232384	60186
chr3	105980377	106180377	harbor2	chr3	106007974	106008197	SINE/MIR	548	-	112	106008086	27709
chr3	132431302	132631302	harbor2	chr3	132440380	132440480	SINE/MIR	739	-	50	132440430	9128
chr3	132431302	132631302	harbor2	chr3	132440799	132440955	SINE/MIR	739	-	78	132440877	9575
chr3	132431302	132631302	harbor2	chr3	132459004	132459238	SINE/MIR	658	-	117	132459121	27819
chr3	132431302	132631302	harbor2	chr3	132459635	132459870	SINE/MIR	583	-	118	132459753	28451
chr3	132431302	132631302	harbor2	chr3	132481014	132481209	SINE/MIR	719	-	98	132481112	49810
chr3	132710912	132910912	harbor2	chr3	132782353	132782559	SINE/MIR	491	-	103	132782456	71544
chr3	174820738	175020738	harbor2	chr3	174872199	174872416	SINE/MIR	509	-	108	174872307	51569
chr3	196556187	196756187	harbor2	chr3	196625141	196625273	SINE/MIR	403	-	66	196625207	69020
chr3	196556187	196756187	harbor2	chr3	196626120	196626251	SINE/MIR	475	-	66	196626186	69999
chr3	196556187	196756187	harbor2	chr3	196652323	196652571	SINE/MIR	524	-	124	196652447	96260
chr3	168078660	168278660	harbor2	chr3	168088411	168088626	SINE/MIR	465	-	108	168088519	9859
chr3	168078660	168278660	harbor2	chr3	168089431	168089643	SINE/MIR	613	-	106	168089537	10877
chr3	168078660	168278660	harbor2	chr3	168091672	168091829	SINE/MIR	490	-	78	168091750	13090
chr3	168078660	168278660	harbor2	chr3	168141374	168141584	SINE/MIR	438	-	105	168141479	62819
chr3	143551626	143751626	harbor2	chr3	143589159	143589308	SINE/MIR	598	-	74	143589233	37607
chr3	143551626	143751626	harbor2	chr3	143594347	143594578	SINE/MIR	594	-	116	143594463	42837
chr3	143551626	143751626	harbor2	chr3	143615644	143615880	SINE/MIR	485	-	118	143615762	64136
chr3	143551626	143751626	harbor2	chr3	143616183	143616216	SINE/MIR	485	-	16	143616199	64573
chr3	143551626	143751626	harbor2	chr3	143647074	143647262	SINE/MIR	519	-	94	143647168	95542
chr3	174853697	175053697	harbor2	chr3	174872199	174872416	SINE/MIR	509	-	108	174872307	18610
chr3	174853697	175053697	harbor2	chr3	174945190	174945409	SINE/MIR	527	-	110	174945300	91603
chr3	174853697	175053697	harbor2	chr3	174953003	174953225	SINE/MIR	660	-	111	174953114	99417
chr3	120526005	120726005	harbor2	chr3	120527355	120527565	SINE/MIR	619	-	105	120527460	1455
chr3	120526005	120726005	harbor2	chr3	120568592	120568814	SINE/MIR	782	-	111	120568703	42698
chr3	120526005	120726005	harbor2	chr3	120595854	120596055	SINE/MIR	622	-	100	120595954	69949
chr3	120526005	120726005	harbor2	chr3	120597532	120597759	SINE/MIR	534	-	114	120597646	71641
chr3	120526005	120726005	harbor2	chr3	120611583	120611804	SINE/MIR	510	-	110	120611693	85688
chr3	120526005	120726005	harbor2	chr3	120613948	120614170	SINE/MIR	464	-	111	120614059	88054
chr3	120526005	120726005	harbor2	chr3	120614271	120614536	SINE/MIR	885	-	132	120614403	88398
chr3	57304370	57504370	harbor2	chr3	57309418	57309594	SINE/MIR	582	-	88	57309506	5136
chr3	57304370	57504370	harbor2	chr3	57355883	57356103	SINE/MIR	833	-	110	57355993	51623
chr3	57304370	57504370	harbor2	chr3	57370323	57370532	SINE/MIR	587	-	104	57370427	66057
chr3	57304370	57504370	harbor2	chr3	57381479	57381726	SINE/MIR	691	-	124	57381603	77233
chr3	170382953	170582953	harbor2	chr3	170411150	170411264	SINE/MIR	490	-	57	170411207	28254
chr3	170382953	170582953	harbor2	chr3	170411530	170411696	SINE/MIR	490	-	83	170411613	28660
chr3	170382953	170582953	harbor2	chr3	170415902	170416059	SINE/MIR	418	-	78	170415980	33027
chr3	170382953	170582953	harbor2	chr3	170416857	170416906	SINE/MIR	609	-	24	170416881	33928
chr3	170382953	170582953	harbor2	chr3	170416969	170417139	SINE/MIR	609	-	85	170417054	34101
chr3	170382953	170582953	harbor2	chr3	170422286	170422411	SINE/MIR	529	-	62	170422348	39395
chr3	170382953	170582953	harbor2	chr3	170422723	170422814	SINE/MIR	529	-	46	170422769	39816
chr3	170382953	170582953	harbor2	chr3	170438757	170438942	SINE/MIR	613	-	92	170438849	55896
chr3	170382953	170582953	harbor2	chr3	170445761	170445926	SINE/MIR	474	-	82	170445843	62890
chr3	170382953	170582953	harbor2	chr3	170446056	170446182	SINE/MIR	593	-	63	170446119	63166
chr3	170382953	170582953	harbor2	chr3	170476696	170476890	SINE/MIR	578	-	97	170476793	93840
chr3	194974835	195174835	harbor2	chr3	194982963	194983154	SINE/MIR	566	-	96	194983059	8224
chr3	194974835	195174835	harbor2	chr3	195046001	195046212	SINE/MIR	483	-	106	195046107	71272
chr3	194974835	195174835	harbor2	chr3	195047866	195047989	SINE/MIR	471	-	62	195047928	73093
chr3	194974835	195174835	harbor2	chr3	195070332	195070563	SINE/MIR	749	-	116	195070448	95613
chr3	174984077	175184077	harbor2	chr3	174998126	174998266	SINE/MIR	506	-	70	174998196	14119
chr3	174984077	175184077	harbor2	chr3	175000756	175000924	SINE/MIR	500	-	84	175000840	16763
chr3	174984077	175184077	harbor2	chr3	175005120	175005321	SINE/MIR	821	-	100	175005220	21143
chr3	174984077	175184077	harbor2	chr3	175075040	175075200	SINE/MIR	624	-	80	175075120	91043
chr3	80379818	80579818	harbor2	chr3	80475745	80475950	SINE/MIR	480	-	102	80475847	96029
chr3	94364214	94564214	harbor2	chr3	94377799	94378034	SINE/MIR	955	-	118	94377917	13703
chr3	94364214	94564214	harbor2	chr3	94463992	94464215	SINE/MIR	485	-	112	94464104	99890
chr3	196530737	196730737	harbor2	chr3	196625141	196625273	SINE/MIR	403	-	66	196625207	94470
chr3	196530737	196730737	harbor2	chr3	196626120	196626251	SINE/MIR	475	-	66	196626186	95449
chr3	115744367	115944367	harbor2	chr3	115774127	115774363	SINE/MIR	930	-	118	115774245	29878
chr3	115744367	115944367	harbor2	chr3	115804302	115804475	SINE/MIR	677	-	86	115804388	60021
chr3	115744367	115944367	harbor2	chr3	115811827	115811995	SINE/MIR	642	-	84	115811911	67544
chr3	176893865	177093865	harbor2	chr3	176949458	176949667	SINE/MIR	425	-	104	176949562	55697
chr3	176893865	177093865	harbor2	chr3	176969161	176969390	SINE/MIR	783	-	114	176969275	75410
chr3	191475634	191675634	harbor2	chr3	191498778	191499003	SINE/MIR	857	-	112	191498890	23256
chr3	191475634	191675634	harbor2	chr3	191514161	191514428	SINE/MIR	784	-	134	191514295	38661
chr3	191475634	191675634	harbor2	chr3	191525010	191525211	SINE/MIR	634	-	100	191525110	49476
chr3	191475634	191675634	harbor2	chr3	191539516	191539739	SINE/MIR	557	-	112	191539628	63994
chr3	191475634	191675634	harbor2	chr3	191543669	191543838	SINE/MIR	410	-	84	191543753	68119
chr3	191475634	191675634	harbor2	chr3	191557762	191558031	SINE/MIR	730	-	134	191557896	82262
chr3	182201849	182401849	harbor2	chr3	182206858	182207076	SINE/MIR	400	-	109	182206967	5118
chr3	182201849	182401849	harbor2	chr3	182213436	182213630	SINE/MIR	427	-	97	182213533	11684
chr3	182201849	182401849	harbor2	chr3	182219739	182219828	SINE/MIR	499	-	44	182219783	17934
chr3	182201849	182401849	harbor2	chr3	182219863	182219987	SINE/MIR	499	-	62	182219925	18076
chr3	182201849	182401849	harbor2	chr3	182236001	182236177	SINE/MIR	422	-	88	182236089	34240
chr3	182201849	182401849	harbor2	chr3	182237470	182237734	SINE/MIR	872	-	132	182237602	35753
chr3	182201849	182401849	harbor2	chr3	182237741	182237910	SINE/MIR	494	-	84	182237825	35976
chr3	182201849	182401849	harbor2	chr3	182267249	182267466	SINE/MIR	544	-	108	182267357	65508
chr3	182201849	182401849	harbor2	chr3	182273075	182273216	SINE/MIR	394	-	70	182273145	71296
chr3	182201849	182401849	harbor2	chr3	182282495	182282741	SINE/MIR	665	-	123	182282618	80769
chr3	182201849	182401849	harbor2	chr3	182289224	182289429	SINE/MIR	770	-	102	182289326	87477
chr3	182201849	182401849	harbor2	chr3	182295621	182295709	SINE/MIR	465	-	44	182295665	93816
chr3	182201849	182401849	harbor2	chr3	182296053	182296134	SINE/MIR	465	-	40	182296093	94244
chr3	161835301	162035301	harbor2	chr3	161868320	161868522	SINE/MIR	802	-	101	161868421	33120
chr3	161835301	162035301	harbor2	chr3	161913813	161914033	SINE/MIR	659	-	110	161913923	78622
chr3	183857819	184057819	harbor2	chr3	183904977	183905086	SINE/MIR	458	-	54	183905031	47212
chr3	183857819	184057819	harbor2	chr3	183908917	183909157	SINE/MIR	433	-	120	183909037	51218
chr3	183857819	184057819	harbor2	chr3	183937480	183937681	SINE/MIR	621	-	100	183937580	79761
chr3	168274428	168474428	harbor2	chr3	168278244	168278474	SINE/MIR	467	-	115	168278359	3931
chr3	168274428	168474428	harbor2	chr3	168290246	168290399	SINE/MIR	456	-	76	168290322	15894
chr3	168274428	168474428	harbor2	chr3	168319701	168319916	SINE/MIR	404	-	108	168319809	45381
chr3	168274428	168474428	harbor2	chr3	168322525	168322758	SINE/MIR	1001	-	116	168322641	48213
chr3	168274428	168474428	harbor2	chr3	168325722	168325937	SINE/MIR	665	-	108	168325830	51402
chr3	168274428	168474428	harbor2	chr3	168332654	168332833	SINE/MIR	416	-	90	168332744	58316
chr3	168274428	168474428	harbor2	chr3	168337140	168337372	SINE/MIR	701	-	116	168337256	62828
chr3	168274428	168474428	harbor2	chr3	168280000	168280146	SINE/MIR	470	-	73	168280073	5645
chr3	131694563	131894563	harbor2	chr3	131707543	131707654	SINE/MIR	578	-	56	131707599	13036
chr3	131694563	131894563	harbor2	chr3	131713523	131713685	SINE/MIR	525	-	81	131713604	19041
chr3	131694563	131894563	harbor2	chr3	131716678	131716907	SINE/MIR	663	-	114	131716792	22229
chr3	131694563	131894563	harbor2	chr3	131728255	131728427	SINE/MIR	646	-	86	131728341	33778
chr3	131694563	131894563	harbor2	chr3	131732976	131733149	SINE/MIR	587	-	86	131733062	38499
chr3	131694563	131894563	harbor2	chr3	131739705	131739872	SINE/MIR	407	-	84	131739789	45226
chr3	131694563	131894563	harbor2	chr3	131760257	131760423	SINE/MIR	503	-	83	131760340	65777
chr3	131694563	131894563	harbor2	chr3	131762325	131762471	SINE/MIR	500	-	73	131762398	67835
chr3	131694563	131894563	harbor2	chr3	131763922	131764164	SINE/MIR	898	-	121	131764043	69480
chr3	131694563	131894563	harbor2	chr3	131785156	131785239	SINE/MIR	398	-	42	131785198	90635
chr3	131694563	131894563	harbor2	chr3	131786435	131786612	SINE/MIR	422	-	88	131786523	91960
chr3	137000372	137200372	harbor2	chr3	137048300	137048392	SINE/MIR	460	-	46	137048346	47974
chr3	137000372	137200372	harbor2	chr3	137048794	137048907	SINE/MIR	460	-	56	137048850	48478
chr3	137000372	137200372	harbor2	chr3	137050604	137050739	SINE/MIR	495	-	68	137050672	50300
chr3	137000372	137200372	harbor2	chr3	137078921	137079118	SINE/MIR	722	-	98	137079019	78647
chr3	137000372	137200372	harbor2	chr3	137080882	137081031	SINE/MIR	422	-	74	137080956	80584
chr3	137000372	137200372	harbor2	chr3	137096721	137096947	SINE/MIR	639	-	113	137096834	96462
chr3	192528866	192728866	harbor2	chr3	192566115	192566293	SINE/MIR	444	-	89	192566204	37338
chr3	192528866	192728866	harbor2	chr3	192569643	192569772	SINE/MIR	584	-	64	192569707	40841
chr3	192528866	192728866	harbor2	chr3	192576235	192576392	SINE/MIR	489	-	78	192576313	47447
chr3	192528866	192728866	harbor2	chr3	192578203	192578445	SINE/MIR	831	-	121	192578324	49458
chr3	192528866	192728866	harbor2	chr3	192588562	192588794	SINE/MIR	588	-	116	192588678	59812
chr3	192528866	192728866	harbor2	chr3	192596411	192596650	SINE/MIR	627	-	120	192596531	67665
chr3	192528866	192728866	harbor2	chr3	192606574	192606794	SINE/MIR	622	-	110	192606684	77818
chr3	190749329	190949329	harbor2	chr3	190792053	190792268	SINE/MIR	410	-	108	190792161	42832
chr3	190749329	190949329	harbor2	chr3	190811438	190811640	SINE/MIR	452	-	101	190811539	62210
chr3	190749329	190949329	harbor2	chr3	190842704	190842893	SINE/MIR	477	-	94	190842798	93469
chr3	102827992	103027992	harbor2	chr3	102844112	102844300	SINE/MIR	438	-	94	102844206	16214
chr3	102827992	103027992	harbor2	chr3	102885266	102885472	SINE/MIR	445	-	103	102885369	57377
chr3	154678789	154878789	harbor2	chr3	154774785	154775012	SINE/MIR	932	-	114	154774899	96110
chr3	158296989	158496989	harbor2	chr3	158315413	158315568	SINE/MIR	588	-	78	158315491	18502
chr3	158296989	158496989	harbor2	chr3	158363066	158363255	SINE/MIR	494	-	94	158363160	66171
chr3	158296989	158496989	harbor2	chr3	158388335	158388546	SINE/MIR	544	-	106	158388441	91452
chr3	158296989	158496989	harbor2	chr3	158396813	158396976	SINE/MIR	568	-	82	158396895	99906
chr3	186762604	186962604	harbor2	chr3	186854937	186855143	SINE/MIR	504	-	103	186855040	92436
chr3	186762604	186962604	harbor2	chr3	186860624	186860806	SINE/MIR	648	-	91	186860715	98111
chr3	160693021	160893021	harbor2	chr3	160765033	160765277	SINE/MIR	872	-	122	160765155	72134
chr3	160693021	160893021	harbor2	chr3	160775050	160775279	SINE/MIR	600	-	114	160775164	82143
chr3	160693021	160893021	harbor2	chr3	160743249	160743425	SINE/MIR	791	-	88	160743337	50316
chr3	174196473	174396473	harbor2	chr3	174196787	174196997	SINE/MIR	472	-	105	174196892	419
chr3	174196473	174396473	harbor2	chr3	174198185	174198379	SINE/MIR	403	-	97	174198282	1809
chr3	174196473	174396473	harbor2	chr3	174279953	174280167	SINE/MIR	450	-	107	174280060	83587
chr3	148710126	148910126	harbor2	chr3	148736527	148736758	SINE/MIR	612	-	116	148736643	26517
chr3	148710126	148910126	harbor2	chr3	148749348	148749586	SINE/MIR	519	-	119	148749467	39341
chr3	148710126	148910126	harbor2	chr3	148773827	148774027	SINE/MIR	669	-	100	148773927	63801
chr3	148710126	148910126	harbor2	chr3	148774235	148774455	SINE/MIR	480	-	110	148774345	64219
chr3	152101744	152301744	harbor2	chr3	152108148	152108374	SINE/MIR	489	-	113	152108261	6517
chr3	152101744	152301744	harbor2	chr3	152122123	152122269	SINE/MIR	398	-	73	152122196	20452
chr3	152101744	152301744	harbor2	chr3	152160571	152160783	SINE/MIR	428	-	106	152160677	58933
chr3	152101744	152301744	harbor2	chr3	152200450	152200711	SINE/MIR	684	-	130	152200580	98836
chr3	158265521	158465521	harbor2	chr3	158292765	158292977	SINE/MIR	450	-	106	158292871	27350
chr3	158265521	158465521	harbor2	chr3	158315413	158315568	SINE/MIR	588	-	78	158315491	49970
chr3	158265521	158465521	harbor2	chr3	158363066	158363255	SINE/MIR	494	-	94	158363160	97639
chr3	191224515	191424515	harbor2	chr3	191274345	191274559	SINE/MIR	809	-	107	191274452	49937
chr3	191224515	191424515	harbor2	chr3	191276472	191276589	SINE/MIR	425	-	58	191276530	52015
chr3	186683583	186883583	harbor2	chr3	186703381	186703468	SINE/MIR	429	-	44	186703425	19842
chr3	186683583	186883583	harbor2	chr3	186703768	186703839	SINE/MIR	429	-	36	186703804	20221
chr3	186683583	186883583	harbor2	chr3	186705479	186705523	SINE/MIR	439	-	22	186705501	21918
chr3	186683583	186883583	harbor2	chr3	186705832	186705979	SINE/MIR	439	-	74	186705906	22323
chr3	186683583	186883583	harbor2	chr3	186721474	186721704	SINE/MIR	526	-	115	186721589	38006
chr3	186683583	186883583	harbor2	chr3	186740277	186740412	SINE/MIR	414	-	68	186740345	56762
chr3	186683583	186883583	harbor2	chr3	186695489	186695704	SINE/MIR	510	-	108	186695597	12014
chr3	186683583	186883583	harbor2	chr3	186711916	186712094	SINE/MIR	539	-	89	186712005	28422
chr3	186683583	186883583	harbor2	chr3	186744736	186744935	SINE/MIR	479	-	100	186744836	61253
chr3	99962278	100162278	harbor2	chr3	99964408	99964578	SINE/MIR	441	-	85	99964493	2215
chr3	99962278	100162278	harbor2	chr3	99970027	99970048	SINE/MIR	653	-	10	99970037	7759
chr3	99962278	100162278	harbor2	chr3	99970123	99970302	SINE/MIR	653	-	90	99970213	7935
chr3	99962278	100162278	harbor2	chr3	99989068	99989231	SINE/MIR	396	-	82	99989150	26872
chr3	99962278	100162278	harbor2	chr3	100003422	100003623	SINE/MIR	478	-	100	100003522	41244
chr3	99962278	100162278	harbor2	chr3	100028104	100028339	SINE/MIR	754	-	118	100028222	65944
chr3	99962278	100162278	harbor2	chr3	100030034	100030216	SINE/MIR	536	-	91	100030125	67847
chr3	99962278	100162278	harbor2	chr3	100032827	100033035	SINE/MIR	445	-	104	100032931	70653
chr3	99962278	100162278	harbor2	chr3	100061623	100061860	SINE/MIR	739	-	118	100061741	99463
chr3	153492172	153692172	harbor2	chr3	153548528	153548667	SINE/MIR	454	-	70	153548598	56426
chr3	153492172	153692172	harbor2	chr3	153591462	153591644	SINE/MIR	453	-	91	153591553	99381
chr3	168478026	168678026	harbor2	chr3	168485186	168485274	SINE/MIR	435	-	44	168485230	7204
chr3	168478026	168678026	harbor2	chr3	168485456	168485509	SINE/MIR	435	-	26	168485482	7456
chr3	168478026	168678026	harbor2	chr3	168498699	168498930	SINE/MIR	454	-	116	168498815	20789
chr3	168478026	168678026	harbor2	chr3	168512859	168513080	SINE/MIR	414	-	110	168512969	34943
chr3	168478026	168678026	harbor2	chr3	168524259	168524495	SINE/MIR	469	-	118	168524377	46351
chr3	168478026	168678026	harbor2	chr3	168527627	168527829	SINE/MIR	415	-	101	168527728	49702
chr3	168478026	168678026	harbor2	chr3	168535655	168535842	SINE/MIR	402	-	94	168535749	57723
chr3	142043927	142243927	harbor2	chr3	142055396	142055613	SINE/MIR	596	-	108	142055504	11577
chr3	142043927	142243927	harbor2	chr3	142072168	142072396	SINE/MIR	480	-	114	142072282	28355
chr3	142043927	142243927	harbor2	chr3	142101880	142102081	SINE/MIR	698	-	100	142101980	58053
chr3	142043927	142243927	harbor2	chr3	142107592	142107802	SINE/MIR	569	-	105	142107697	63770
chr3	142043927	142243927	harbor2	chr3	142113858	142113882	SINE/MIR	442	-	12	142113870	69943
chr3	142043927	142243927	harbor2	chr3	142114178	142114247	SINE/MIR	442	-	34	142114212	70285
chr3	55468506	55668506	harbor2	chr3	55470877	55471050	SINE/MIR	542	-	86	55470963	2457
chr3	55468506	55668506	harbor2	chr3	55471151	55471325	SINE/MIR	410	-	87	55471238	2732
chr3	55468506	55668506	harbor2	chr3	55492702	55492855	SINE/MIR	461	-	76	55492778	24272
chr3	55468506	55668506	harbor2	chr3	55497591	55497723	SINE/MIR	490	-	66	55497657	29151
chr3	55468506	55668506	harbor2	chr3	55500961	55501170	SINE/MIR	452	-	104	55501065	32559
chr3	55468506	55668506	harbor2	chr3	55527482	55527676	SINE/MIR	543	-	97	55527579	59073
chr3	55468506	55668506	harbor2	chr3	55532492	55532708	SINE/MIR	638	-	108	55532600	64094
chr3	55468506	55668506	harbor2	chr3	55541952	55542131	SINE/MIR	452	-	90	55542042	73536
chr3	55468506	55668506	harbor2	chr3	55549506	55549719	SINE/MIR	423	-	106	55549612	81106
chr3	55468506	55668506	harbor2	chr3	55550564	55550704	SINE/MIR	441	-	70	55550634	82128
chr3	193740598	193940598	harbor2	chr3	193788551	193788738	SINE/MIR	477	-	94	193788645	48047
chr3	193740598	193940598	harbor2	chr3	193791386	193791604	SINE/MIR	500	-	109	193791495	50897
chr3	193740598	193940598	harbor2	chr3	193809634	193809826	SINE/MIR	455	-	96	193809730	69132
chr3	193740598	193940598	harbor2	chr3	193817496	193817730	SINE/MIR	702	-	117	193817613	77015
chr3	193740598	193940598	harbor2	chr3	193829749	193829963	SINE/MIR	579	-	107	193829856	89258
chr3	193740598	193940598	harbor2	chr3	193832202	193832433	SINE/MIR	416	-	116	193832318	91720
chr3	183141577	183341577	harbor2	chr3	183142482	183142651	SINE/MIR	509	-	84	183142566	989
chr3	183141577	183341577	harbor2	chr3	183145295	183145473	SINE/MIR	460	-	89	183145384	3807
chr3	183141577	183341577	harbor2	chr3	183151054	183151215	SINE/MIR	418	-	80	183151134	9557
chr3	183141577	183341577	harbor2	chr3	183161060	183161250	SINE/MIR	524	-	95	183161155	19578
chr3	183141577	183341577	harbor2	chr3	183165009	183165207	SINE/MIR	497	-	99	183165108	23531
chr3	183141577	183341577	harbor2	chr3	183221303	183221512	SINE/MIR	859	-	104	183221407	79830
chr3	183141577	183341577	harbor2	chr3	183225802	183225985	SINE/MIR	397	-	92	183225894	84317
chr3	183141577	183341577	harbor2	chr3	183156652	183156881	SINE/MIR	461	-	114	183156766	15189
chr3	54757702	54957702	harbor2	chr3	54757687	54757924	SINE/MIR	620	-	118	54757805	103
chr3	54757702	54957702	harbor2	chr3	54789165	54789251	SINE/MIR	440	-	43	54789208	31506
chr3	54757702	54957702	harbor2	chr3	54808961	54809176	SINE/MIR	634	-	108	54809069	51367
chr3	54757702	54957702	harbor2	chr3	54840254	54840399	SINE/MIR	403	-	72	54840326	82624
chr3	102198228	102398228	harbor2	chr3	102209452	102209623	SINE/MIR	402	-	86	102209538	11310
chr3	102198228	102398228	harbor2	chr3	102225667	102225838	SINE/MIR	442	-	86	102225753	27525
chr3	167211957	167411957	harbor2	chr3	167251595	167251888	SINE/MIR	490	-	146	167251741	39784
chr3	194784824	194984824	harbor2	chr3	194801144	194801403	SINE/MIR	685	-	130	194801274	16450
chr3	194784824	194984824	harbor2	chr3	194811049	194811222	SINE/MIR	506	-	86	194811135	26311
chr3	194784824	194984824	harbor2	chr3	194816442	194816673	SINE/MIR	719	-	116	194816558	31734
chr3	194784824	194984824	harbor2	chr3	194825372	194825520	SINE/MIR	442	-	74	194825446	40622
chr3	194784824	194984824	harbor2	chr3	194840169	194840299	SINE/MIR	500	-	65	194840234	55410
chr3	194784824	194984824	harbor2	chr3	194856160	194856359	SINE/MIR	618	-	100	194856260	71436
chr3	194784824	194984824	harbor2	chr3	194865670	194865900	SINE/MIR	543	-	115	194865785	80961
chr3	194784824	194984824	harbor2	chr3	194873016	194873188	SINE/MIR	484	-	86	194873102	88278
chr3	194784824	194984824	harbor2	chr3	194879486	194879654	SINE/MIR	443	-	84	194879570	94746
chr3	185694572	185894572	harbor2	chr3	185727814	185727965	SINE/MIR	517	-	76	185727890	33318
chr3	185694572	185894572	harbor2	chr3	185728653	185728807	SINE/MIR	579	-	77	185728730	34158
chr3	185694572	185894572	harbor2	chr3	185734217	185734427	SINE/MIR	656	-	105	185734322	39750
chr3	185694572	185894572	harbor2	chr3	185780776	185780948	SINE/MIR	482	-	86	185780862	86290
chr3	191353355	191553355	harbor2	chr3	191452985	191453223	SINE/MIR	395	-	119	191453104	99749
chr3	183736683	183936683	harbor2	chr3	183763468	183763659	SINE/MIR	580	-	96	183763564	26881
chr3	183736683	183936683	harbor2	chr3	183801831	183802058	SINE/MIR	737	-	114	183801945	65262
chr3	183736683	183936683	harbor2	chr3	183809469	183809692	SINE/MIR	504	-	112	183809581	72898
chr3	183736683	183936683	harbor2	chr3	183829896	183830092	SINE/MIR	399	-	98	183829994	93311
chr3	179215299	179415299	harbor2	chr3	179241150	179241390	SINE/MIR	509	-	120	179241270	25971
chr3	179215299	179415299	harbor2	chr3	179266079	179266208	SINE/MIR	522	-	64	179266143	50844
chr3	179215299	179415299	harbor2	chr3	179270782	179271007	SINE/MIR	389	-	112	179270894	55595
chr3	179215299	179415299	harbor2	chr3	179282210	179282330	SINE/MIR	431	-	60	179282270	66971
chr3	179215299	179415299	harbor2	chr3	179286897	179287084	SINE/MIR	664	-	94	179286991	71692
chr3	179215299	179415299	harbor2	chr3	179287972	179288109	SINE/MIR	492	-	68	179288040	72741
chr3	115318936	115518936	harbor2	chr3	115375757	115375976	SINE/MIR	587	-	110	115375867	56931
chr3	115318936	115518936	harbor2	chr3	115403734	115403925	SINE/MIR	413	-	96	115403830	84894
chr3	115318936	115518936	harbor2	chr3	115406082	115406272	SINE/MIR	485	-	95	115406177	87241
chr3	115318936	115518936	harbor2	chr3	115411034	115411293	SINE/MIR	458	-	130	115411164	92228
chr3	193212525	193412525	harbor2	chr3	193213939	193214079	SINE/MIR	675	-	70	193214009	1484
chr3	193212525	193412525	harbor2	chr3	193229953	193230170	SINE/MIR	486	-	108	193230061	17536
chr3	193212525	193412525	harbor2	chr3	193232040	193232260	SINE/MIR	594	-	110	193232150	19625
chr3	193212525	193412525	harbor2	chr3	193238110	193238270	SINE/MIR	499	-	80	193238190	25665
chr3	193212525	193412525	harbor2	chr3	193241639	193241786	SINE/MIR	394	-	74	193241713	29188
chr3	193212525	193412525	harbor2	chr3	193284407	193284591	SINE/MIR	401	-	92	193284499	71974
chr3	193212525	193412525	harbor2	chr3	193292935	193293178	SINE/MIR	537	-	122	193293057	80532
chr3	196863918	197063918	harbor2	chr3	196922132	196922373	SINE/MIR	728	-	120	196922252	58334
chr3	196863918	197063918	harbor2	chr3	196928444	196928621	SINE/MIR	470	-	88	196928532	64614
chr3	196863918	197063918	harbor2	chr3	196952134	196952283	SINE/MIR	432	-	74	196952208	88290
chr3	173957326	174157326	harbor2	chr3	173997600	173997699	SINE/MIR	436	-	50	173997650	40324
chr3	173957326	174157326	harbor2	chr3	174009390	174009606	SINE/MIR	734	-	108	174009498	52172
chr3	173957326	174157326	harbor2	chr3	174042618	174042881	SINE/MIR	541	-	132	174042750	85424
chr3	173957326	174157326	harbor2	chr3	174055994	174056146	SINE/MIR	570	-	76	174056070	98744
chr3	177055350	177255350	harbor2	chr3	177120325	177120493	SINE/MIR	433	-	84	177120409	65059
chr3	140441782	140641782	harbor2	chr3	140444698	140444869	SINE/MIR	466	-	86	140444784	3002
chr3	140441782	140641782	harbor2	chr3	140450064	140450272	SINE/MIR	630	-	104	140450168	8386
chr3	140441782	140641782	harbor2	chr3	140458722	140458945	SINE/MIR	418	-	112	140458834	17052
chr3	140441782	140641782	harbor2	chr3	140465681	140465816	SINE/MIR	395	-	68	140465749	23967
chr3	140441782	140641782	harbor2	chr3	140507194	140507391	SINE/MIR	565	-	98	140507292	65510
chr3	140441782	140641782	harbor2	chr3	140539673	140539873	SINE/MIR	474	-	100	140539773	97991
chr3	197434790	197634790	harbor2	chr3	197444481	197444617	SINE/MIR	555	-	68	197444549	9759
chr3	197434790	197634790	harbor2	chr3	197451156	197451287	SINE/MIR	440	-	66	197451222	16432
chr3	197434790	197634790	harbor2	chr3	197465972	197466153	SINE/MIR	564	-	90	197466062	31272
chr3	197434790	197634790	harbor2	chr3	197472005	197472240	SINE/MIR	474	-	118	197472123	37333
chr3	197434790	197634790	harbor2	chr3	197478242	197478295	SINE/MIR	427	-	26	197478268	43478
chr3	197434790	197634790	harbor2	chr3	197478601	197478805	SINE/MIR	427	-	102	197478703	43913
chr3	197434790	197634790	harbor2	chr3	197504346	197504477	SINE/MIR	397	-	66	197504412	69622
chr3	197434790	197634790	harbor2	chr3	197516844	197517026	SINE/MIR	667	-	91	197516935	82145
chr3	153486213	153686213	harbor2	chr3	153488816	153489026	SINE/MIR	655	-	105	153488921	2708
chr3	153486213	153686213	harbor2	chr3	153548528	153548667	SINE/MIR	454	-	70	153548598	62385
chr3	141044228	141244228	harbor2	chr3	141070681	141070847	SINE/MIR	508	-	83	141070764	26536
chr3	141044228	141244228	harbor2	chr3	141071431	141071635	SINE/MIR	537	-	102	141071533	27305
chr3	141044228	141244228	harbor2	chr3	141074928	141075070	SINE/MIR	417	-	71	141074999	30771
chr3	141044228	141244228	harbor2	chr3	141080148	141080274	SINE/MIR	425	-	63	141080211	35983
chr3	141044228	141244228	harbor2	chr3	141086728	141086980	SINE/MIR	620	-	126	141086854	42626
chr3	141044228	141244228	harbor2	chr3	141087532	141087727	SINE/MIR	616	-	98	141087630	43402
chr3	141044228	141244228	harbor2	chr3	141093267	141093498	SINE/MIR	671	-	116	141093383	49155
chr3	141044228	141244228	harbor2	chr3	141105420	141105695	SINE/MIR	469	-	138	141105558	61330
chr3	141044228	141244228	harbor2	chr3	141110410	141110486	SINE/MIR	485	-	38	141110448	66220
chr3	141044228	141244228	harbor2	chr3	141110873	141110976	SINE/MIR	485	-	52	141110925	66697
chr3	156031316	156231316	harbor2	chr3	156089940	156090173	SINE/MIR	460	-	116	156090056	58740
chr3	156031316	156231316	harbor2	chr3	156101403	156101546	SINE/MIR	413	-	72	156101475	70159
chr3	156031316	156231316	harbor2	chr3	156118551	156118694	SINE/MIR	644	-	72	156118623	87307
chr3	75993788	76193788	harbor2	chr3	76075748	76075975	SINE/MIR	412	-	114	76075862	82074
chr3	75993788	76193788	harbor2	chr3	76084345	76084586	SINE/MIR	612	-	120	76084465	90677
chr3	138422083	138622083	harbor2	chr3	138429865	138430043	SINE/MIR	421	-	89	138429954	7871
chr3	138422083	138622083	harbor2	chr3	138445724	138445919	SINE/MIR	448	-	98	138445822	23739
chr3	138422083	138622083	harbor2	chr3	138461670	138461823	SINE/MIR	622	-	76	138461746	39663
chr3	138422083	138622083	harbor2	chr3	138469593	138469783	SINE/MIR	432	-	95	138469688	47605
chr3	176377798	176577798	harbor2	chr3	176383027	176383251	SINE/MIR	406	-	112	176383139	5341
chr3	176377798	176577798	harbor2	chr3	176385162	176385303	SINE/MIR	457	-	70	176385232	7434
chr3	176377798	176577798	harbor2	chr3	176409268	176409490	SINE/MIR	399	-	111	176409379	31581
chr3	176377798	176577798	harbor2	chr3	176414118	176414231	SINE/MIR	425	-	56	176414174	36376
chr3	176377798	176577798	harbor2	chr3	176431993	176432176	SINE/MIR	442	-	92	176432085	54287
chr3	176377798	176577798	harbor2	chr3	176442401	176442619	SINE/MIR	570	-	109	176442510	64712
chr3	122991355	123191355	harbor2	chr3	122998901	122999110	SINE/MIR	557	-	104	122999005	7650
chr3	122991355	123191355	harbor2	chr3	123000474	123000696	SINE/MIR	505	-	111	123000585	9230
chr3	122991355	123191355	harbor2	chr3	123013411	123013635	SINE/MIR	670	-	112	123013523	22168
chr3	122991355	123191355	harbor2	chr3	123031671	123031759	SINE/MIR	418	-	44	123031715	40360
chr3	122991355	123191355	harbor2	chr3	123047400	123047564	SINE/MIR	622	-	82	123047482	56127
chr3	122991355	123191355	harbor2	chr3	123053828	123054042	SINE/MIR	814	-	107	123053935	62580
chr3	122991355	123191355	harbor2	chr3	123059200	123059365	SINE/MIR	655	-	82	123059282	67927
chr3	122991355	123191355	harbor2	chr3	123071172	123071331	SINE/MIR	528	-	80	123071252	79897
chr3	122991355	123191355	harbor2	chr3	123082706	123082935	SINE/MIR	657	-	114	123082820	91465
chr3	122991355	123191355	harbor2	chr3	123086227	123086419	SINE/MIR	528	-	96	123086323	94968
chr3	108963622	109163622	harbor2	chr3	109031315	109031465	SINE/MIR	518	-	75	109031390	67768
chr3	108963622	109163622	harbor2	chr3	109033781	109033957	SINE/MIR	549	-	88	109033869	70247
chr3	184217654	184417654	harbor2	chr3	184232205	184232378	SINE/MIR	480	-	86	184232291	14637
chr3	184217654	184417654	harbor2	chr3	184257247	184257356	SINE/MIR	464	-	54	184257301	39647
chr3	184217654	184417654	harbor2	chr3	184272495	184272688	SINE/MIR	653	-	96	184272591	54937
chr3	184217654	184417654	harbor2	chr3	184273456	184273542	SINE/MIR	488	-	43	184273499	55845
chr3	184217654	184417654	harbor2	chr3	184273846	184273890	SINE/MIR	488	-	22	184273868	56214
chr3	184217654	184417654	harbor2	chr3	184295569	184295783	SINE/MIR	415	-	107	184295676	78022
chr3	192575339	192775339	harbor2	chr3	192576235	192576392	SINE/MIR	489	-	78	192576313	974
chr3	192575339	192775339	harbor2	chr3	192578203	192578445	SINE/MIR	831	-	121	192578324	2985
chr3	192575339	192775339	harbor2	chr3	192588562	192588794	SINE/MIR	588	-	116	192588678	13339
chr3	192575339	192775339	harbor2	chr3	192596411	192596650	SINE/MIR	627	-	120	192596531	21192
chr3	192575339	192775339	harbor2	chr3	192606574	192606794	SINE/MIR	622	-	110	192606684	31345
chr3	192575339	192775339	harbor2	chr3	192647949	192648139	SINE/MIR	483	-	95	192648044	72705
chr3	192575339	192775339	harbor2	chr3	192671959	192672116	SINE/MIR	467	-	78	192672037	96698
chr3	153547307	153747307	harbor2	chr3	153548528	153548667	SINE/MIR	454	-	70	153548598	1291
chr3	153547307	153747307	harbor2	chr3	153591462	153591644	SINE/MIR	453	-	91	153591553	44246
chr3	153547307	153747307	harbor2	chr3	153592505	153592705	SINE/MIR	459	-	100	153592605	45298
chr3	153547307	153747307	harbor2	chr3	153625788	153625914	SINE/MIR	532	-	63	153625851	78544
chr3	161595064	161795064	harbor2	chr3	161640708	161640892	SINE/MIR	441	-	92	161640800	45736
chr3	161595064	161795064	harbor2	chr3	161686877	161687126	SINE/MIR	441	-	124	161687001	91937
chr3	158946320	159146320	harbor2	chr3	158950560	158950766	SINE/MIR	508	-	103	158950663	4343
chr3	158946320	159146320	harbor2	chr3	158973161	158973381	SINE/MIR	888	-	110	158973271	26951
chr3	158946320	159146320	harbor2	chr3	158978376	158978487	SINE/MIR	700	-	56	158978432	32112
chr3	158946320	159146320	harbor2	chr3	158978780	158978900	SINE/MIR	700	-	60	158978840	32520
chr3	158946320	159146320	harbor2	chr3	159002586	159002820	SINE/MIR	696	-	117	159002703	56383
chr3	158946320	159146320	harbor2	chr3	159042716	159042843	SINE/MIR	828	-	64	159042780	96460
chr3	158946320	159146320	harbor2	chr3	159043392	159043501	SINE/MIR	828	-	54	159043446	97126
chr3	172633074	172833074	harbor2	chr3	172634953	172635163	SINE/MIR	546	-	105	172635058	1984
chr3	172633074	172833074	harbor2	chr3	172696082	172696262	SINE/MIR	538	-	90	172696172	63098
chr3	172633074	172833074	harbor2	chr3	172696443	172696697	SINE/MIR	390	-	127	172696570	63496
chr3	172633074	172833074	harbor2	chr3	172713900	172714123	SINE/MIR	523	-	112	172714012	80938
chr3	172633074	172833074	harbor2	chr3	172732151	172732244	SINE/MIR	389	-	46	172732197	99123
chr3	121697415	121897415	harbor2	chr3	121744137	121744306	SINE/MIR	396	-	84	121744221	46806
chr3	121697415	121897415	harbor2	chr3	121746780	121746893	SINE/MIR	475	-	56	121746836	49421
chr3	121697415	121897415	harbor2	chr3	121750228	121750339	SINE/MIR	440	-	56	121750284	52869
chr3	121697415	121897415	harbor2	chr3	121751357	121751474	SINE/MIR	391	-	58	121751415	54000
chr3	121697415	121897415	harbor2	chr3	121788146	121788280	SINE/MIR	517	-	67	121788213	90798
chr3	121697415	121897415	harbor2	chr3	121794311	121794523	SINE/MIR	499	-	106	121794417	97002
chr3	147777992	147977992	harbor2	chr3	147794077	147794243	SINE/MIR	450	-	83	147794160	16168
chr3	147777992	147977992	harbor2	chr3	147874276	147874468	SINE/MIR	570	-	96	147874372	96380
chr3	145058469	145258469	harbor2	chr3	145127637	145127848	SINE/MIR	391	-	106	145127743	69274
chr3	189765879	189965879	harbor2	chr3	189772230	189772411	SINE/MIR	534	-	90	189772320	6441
chr3	189765879	189965879	harbor2	chr3	189787327	189787463	SINE/MIR	439	-	68	189787395	21516
chr3	189765879	189965879	harbor2	chr3	189802485	189802704	SINE/MIR	390	-	110	189802595	36716
chr3	189765879	189965879	harbor2	chr3	189811602	189811808	SINE/MIR	424	-	103	189811705	45826
chr3	169725217	169925217	harbor2	chr3	169750806	169751028	SINE/MIR	736	-	111	169750917	25700
chr3	169725217	169925217	harbor2	chr3	169823122	169823333	SINE/MIR	680	-	106	169823228	98011
chr3	190773709	190973709	harbor2	chr3	190792053	190792268	SINE/MIR	410	-	108	190792161	18452
chr3	190773709	190973709	harbor2	chr3	190811438	190811640	SINE/MIR	452	-	101	190811539	37830
chr3	190773709	190973709	harbor2	chr3	190842704	190842893	SINE/MIR	477	-	94	190842798	69089
chr3	190773709	190973709	harbor2	chr3	190858572	190858737	SINE/MIR	421	-	82	190858654	84945
chr3	190773709	190973709	harbor2	chr3	190863767	190863929	SINE/MIR	473	-	81	190863848	90139
chr3	197488270	197688270	harbor2	chr3	197504346	197504477	SINE/MIR	397	-	66	197504412	16142
chr3	197488270	197688270	harbor2	chr3	197516844	197517026	SINE/MIR	667	-	91	197516935	28665
chr3	197488270	197688270	harbor2	chr3	197568920	197569150	SINE/MIR	609	-	115	197569035	80765
chr3	149425678	149625678	harbor2	chr3	149436890	149437081	SINE/MIR	599	-	96	149436986	11308
chr3	149425678	149625678	harbor2	chr3	149446565	149446599	SINE/MIR	484	-	17	149446582	20904
chr3	149425678	149625678	harbor2	chr3	149446952	149446964	SINE/MIR	484	-	6	149446958	21280
chr3	149425678	149625678	harbor2	chr3	149447198	149447398	SINE/MIR	484	-	100	149447298	21620
chr3	149425678	149625678	harbor2	chr3	149461131	149461246	SINE/MIR	422	-	58	149461189	35511
chr3	149425678	149625678	harbor2	chr3	149486239	149486408	SINE/MIR	389	-	84	149486323	60645
chr3	149425678	149625678	harbor2	chr3	149490382	149490580	SINE/MIR	623	-	99	149490481	64803
chr3	149425678	149625678	harbor2	chr3	149491010	149491150	SINE/MIR	395	-	70	149491080	65402
chr3	149425678	149625678	harbor2	chr3	149497180	149497319	SINE/MIR	523	-	70	149497250	71572
chr3	149425678	149625678	harbor2	chr3	149508446	149508620	SINE/MIR	426	-	87	149508533	82855
chr3	149425678	149625678	harbor2	chr3	149509407	149509568	SINE/MIR	414	-	80	149509487	83809
chr3	149425678	149625678	harbor2	chr3	149524057	149524221	SINE/MIR	517	-	82	149524139	98461
chr3	56676733	56876733	harbor2	chr3	56684246	56684356	SINE/MIR	408	-	55	56684301	7568
chr3	56676733	56876733	harbor2	chr3	56687784	56687820	SINE/MIR	620	-	18	56687802	11069
chr3	56676733	56876733	harbor2	chr3	56688129	56688332	SINE/MIR	620	-	102	56688231	11498
chr3	56676733	56876733	harbor2	chr3	56689986	56690021	SINE/MIR	434	-	18	56690004	13271
chr3	56676733	56876733	harbor2	chr3	56690356	56690445	SINE/MIR	434	-	44	56690400	13667
chr3	56676733	56876733	harbor2	chr3	56731963	56732175	SINE/MIR	482	-	106	56732069	55336
chr3	56676733	56876733	harbor2	chr3	56744948	56745138	SINE/MIR	454	-	95	56745043	68310
chr3	56676733	56876733	harbor2	chr3	56760559	56760659	SINE/MIR	409	-	50	56760609	83876
chr3	56676733	56876733	harbor2	chr3	56761628	56761770	SINE/MIR	411	-	71	56761699	84966
chr3	149106754	149306754	harbor2	chr3	149160830	149161049	SINE/MIR	884	-	110	149160940	54186
chr3	149106754	149306754	harbor2	chr3	149170416	149170656	SINE/MIR	516	-	120	149170536	63782
chr3	149106754	149306754	harbor2	chr3	149193712	149193905	SINE/MIR	432	-	96	149193808	87054
chr3	149106754	149306754	harbor2	chr3	149200370	149200494	SINE/MIR	489	-	62	149200432	93678
chr3	149106754	149306754	harbor2	chr3	149200810	149200843	SINE/MIR	489	-	16	149200826	94072
chr3	149106754	149306754	harbor2	chr3	149203213	149203256	SINE/MIR	411	-	22	149203235	96481
chr3	149106754	149306754	harbor2	chr3	149203564	149203687	SINE/MIR	411	-	62	149203626	96872
chr3	170681530	170881530	harbor2	chr3	170712650	170712826	SINE/MIR	630	-	88	170712738	31208
chr3	170681530	170881530	harbor2	chr3	170723433	170723594	SINE/MIR	442	-	80	170723513	41983
chr3	170681530	170881530	harbor2	chr3	170728947	170729169	SINE/MIR	607	-	111	170729058	47528
chr3	170681530	170881530	harbor2	chr3	170740206	170740307	SINE/MIR	450	-	50	170740256	58726
chr3	170681530	170881530	harbor2	chr3	170751425	170751662	SINE/MIR	551	-	118	170751543	70013
chr3	170681530	170881530	harbor2	chr3	170759846	170760063	SINE/MIR	705	-	108	170759954	78424
chr3	170681530	170881530	harbor2	chr3	170760070	170760228	SINE/MIR	442	-	79	170760149	78619
chr3	170681530	170881530	harbor2	chr3	170762829	170763073	SINE/MIR	893	-	122	170762951	81421
chr3	197108554	197308554	harbor2	chr3	197138711	197138919	SINE/MIR	761	-	104	197138815	30261
chr3	197108554	197308554	harbor2	chr3	197152060	197152237	SINE/MIR	389	-	88	197152148	43594
chr3	197108554	197308554	harbor2	chr3	197160007	197160163	SINE/MIR	417	-	78	197160085	51531
chr3	197108554	197308554	harbor2	chr3	197173332	197173544	SINE/MIR	592	-	106	197173438	64884
chr3	78311001	78511001	harbor2	chr3	78371874	78371980	SINE/MIR	543	-	53	78371927	60926
chr3	166610478	166810478	harbor2	chr3	166624401	166624634	SINE/MIR	505	-	116	166624517	14039
chr3	166610478	166810478	harbor2	chr3	166641345	166641500	SINE/MIR	415	-	78	166641423	30945
chr3	166610478	166810478	harbor2	chr3	166641798	166641847	SINE/MIR	415	-	24	166641822	31344
chr3	112209896	112409896	harbor2	chr3	112231712	112231777	SINE/MIR	484	-	32	112231744	21848
chr3	112209896	112409896	harbor2	chr3	112231956	112232163	SINE/MIR	514	-	104	112232060	22164
chr3	112209896	112409896	harbor2	chr3	112240206	112240353	SINE/MIR	389	-	74	112240280	30384
chr3	112209896	112409896	harbor2	chr3	112261397	112261571	SINE/MIR	477	-	87	112261484	51588
chr3	112209896	112409896	harbor2	chr3	112261745	112261837	SINE/MIR	450	-	46	112261791	51895
chr3	112209896	112409896	harbor2	chr3	112262027	112262147	SINE/MIR	450	-	60	112262087	52191
chr3	146856426	147056426	harbor2	chr3	146864201	146864367	SINE/MIR	394	-	83	146864284	7858
chr3	146856426	147056426	harbor2	chr3	146878532	146878701	SINE/MIR	659	-	84	146878616	22190
chr3	146856426	147056426	harbor2	chr3	146900397	146900631	SINE/MIR	637	-	117	146900514	44088
chr4	179410745	179610745	harbor2	chr4	179465180	179465371	SINE/MIR	493	-	96	179465276	54531
chr4	179410745	179610745	harbor2	chr4	179479508	179479732	SINE/MIR	580	-	112	179479620	68875
chr4	57528894	57728894	harbor2	chr4	57547866	57548101	SINE/MIR	658	-	118	57547984	19090
chr4	57528894	57728894	harbor2	chr4	57574903	57575043	SINE/MIR	452	-	70	57574973	46079
chr4	57528894	57728894	harbor2	chr4	57616932	57617084	SINE/MIR	564	-	76	57617008	88114
chr4	185854361	186054361	harbor2	chr4	185941122	185941351	SINE/MIR	766	-	114	185941236	86875
chr4	121875958	122075958	harbor2	chr4	121901652	121901830	SINE/MIR	460	-	89	121901741	25783
chr4	121875958	122075958	harbor2	chr4	121906080	121906292	SINE/MIR	647	-	106	121906186	30228
chr4	121875958	122075958	harbor2	chr4	121909902	121910036	SINE/MIR	452	-	67	121909969	34011
chr4	121875958	122075958	harbor2	chr4	121923563	121923802	SINE/MIR	592	-	120	121923683	47725
chr4	121875958	122075958	harbor2	chr4	121924298	121924478	SINE/MIR	559	-	90	121924388	48430
chr4	121875958	122075958	harbor2	chr4	121938537	121938765	SINE/MIR	581	-	114	121938651	62693
chr4	151867175	152067175	harbor2	chr4	151868284	151868480	SINE/MIR	524	-	98	151868382	1207
chr4	151867175	152067175	harbor2	chr4	151922329	151922560	SINE/MIR	499	-	116	151922445	55270
chr4	151867175	152067175	harbor2	chr4	151936223	151936444	SINE/MIR	591	-	110	151936333	69158
chr4	151867175	152067175	harbor2	chr4	151939032	151939196	SINE/MIR	509	-	82	151939114	71939
chr4	161905581	162105581	harbor2	chr4	161996094	161996253	SINE/MIR	435	-	80	161996174	90593
chr4	119055749	119255749	harbor2	chr4	119083700	119083913	SINE/MIR	532	-	106	119083806	28057
chr4	119055749	119255749	harbor2	chr4	119087305	119087543	SINE/MIR	854	-	119	119087424	31675
chr4	119055749	119255749	harbor2	chr4	119113882	119114109	SINE/MIR	833	-	114	119113996	58247
chr4	119055749	119255749	harbor2	chr4	119150620	119150803	SINE/MIR	632	-	92	119150712	94963
chr4	109287094	109487094	harbor2	chr4	109297826	109297857	SINE/MIR	468	-	16	109297842	10748
chr4	109287094	109487094	harbor2	chr4	109297892	109298010	SINE/MIR	468	-	59	109297951	10857
chr4	109287094	109487094	harbor2	chr4	109374908	109375133	SINE/MIR	575	-	112	109375020	87926
chr4	184766898	184966898	harbor2	chr4	184768057	184768306	SINE/MIR	573	-	124	184768181	1283
chr4	184766898	184966898	harbor2	chr4	184826879	184827090	SINE/MIR	592	-	106	184826985	60087
chr4	187310816	187510816	harbor2	chr4	187317697	187317837	SINE/MIR	430	-	70	187317767	6951
chr4	187310816	187510816	harbor2	chr4	187401268	187401458	SINE/MIR	578	-	95	187401363	90547
chr4	141789647	141989647	harbor2	chr4	141791375	141791565	SINE/MIR	800	-	95	141791470	1823
chr4	141789647	141989647	harbor2	chr4	141887355	141887563	SINE/MIR	701	-	104	141887459	97812
chr4	185453674	185653674	harbor2	chr4	185482456	185482650	SINE/MIR	555	-	97	185482553	28879
chr4	185453674	185653674	harbor2	chr4	185529736	185529921	SINE/MIR	422	-	92	185529828	76154
chr4	185453674	185653674	harbor2	chr4	185553159	185553395	SINE/MIR	869	-	118	185553277	99603
chr4	58027995	58227995	harbor2	chr4	58069484	58069728	SINE/MIR	641	-	122	58069606	41611
chr4	58027995	58227995	harbor2	chr4	58087275	58087520	SINE/MIR	436	-	122	58087397	59402
chr4	58027995	58227995	harbor2	chr4	58094302	58094499	SINE/MIR	592	-	98	58094400	66405
chr4	178839647	179039647	harbor2	chr4	178876646	178876779	SINE/MIR	483	-	66	178876712	37065
chr4	178839647	179039647	harbor2	chr4	178910083	178910330	SINE/MIR	430	-	124	178910207	70560
chr4	179089414	179289414	harbor2	chr4	179147307	179147458	SINE/MIR	535	-	76	179147383	57969
chr4	179089414	179289414	harbor2	chr4	179151168	179151376	SINE/MIR	617	-	104	179151272	61858
chr4	154344083	154544083	harbor2	chr4	154378590	154378787	SINE/MIR	470	-	98	154378688	34605
chr4	177039932	177239932	harbor2	chr4	177046948	177047078	SINE/MIR	499	-	65	177047013	7081
chr4	177039932	177239932	harbor2	chr4	177087043	177087244	SINE/MIR	590	-	100	177087143	47211
chr4	168612068	168812068	harbor2	chr4	168635994	168636197	SINE/MIR	698	-	102	168636096	24028
chr4	168612068	168812068	harbor2	chr4	168636503	168636554	SINE/MIR	698	-	26	168636529	24461
chr4	168612068	168812068	harbor2	chr4	168638142	168638333	SINE/MIR	543	-	96	168638238	26170
chr4	168612068	168812068	harbor2	chr4	168643780	168643981	SINE/MIR	595	-	100	168643880	31812
chr4	168612068	168812068	harbor2	chr4	168708346	168708506	SINE/MIR	511	-	80	168708426	96358
chr4	187333683	187533683	harbor2	chr4	187401268	187401458	SINE/MIR	578	-	95	187401363	67680
chr4	187333683	187533683	harbor2	chr4	187433500	187433762	SINE/MIR	498	-	131	187433631	99948
chr4	137402808	137602808	harbor2	chr4	137459999	137460234	SINE/MIR	468	-	118	137460117	57309
chr4	137402808	137602808	harbor2	chr4	137477402	137477608	SINE/MIR	549	-	103	137477505	74697
chr4	137402808	137602808	harbor2	chr4	137491048	137491265	SINE/MIR	544	-	108	137491156	88348
chr4	33356515	33556515	harbor2	chr4	33356484	33356636	SINE/MIR	475	-	76	33356560	45
chr4	189886700	190086700	harbor2	chr4	189918473	189918647	SINE/MIR	485	-	87	189918560	31860
chr4	189886700	190086700	harbor2	chr4	189942860	189943011	SINE/MIR	541	-	76	189942936	56236
chr4	153043869	153243869	harbor2	chr4	153096434	153096641	SINE/MIR	1023	-	104	153096538	52669
chr4	153043869	153243869	harbor2	chr4	153124690	153124922	SINE/MIR	469	-	116	153124806	80937
chr4	109647825	109847825	harbor2	chr4	109682775	109683011	SINE/MIR	685	-	118	109682893	35068
chr4	109647825	109847825	harbor2	chr4	109692287	109692447	SINE/MIR	529	-	80	109692367	44542
chr4	109647825	109847825	harbor2	chr4	109741424	109741644	SINE/MIR	813	-	110	109741534	93709
chr4	109647825	109847825	harbor2	chr4	109742174	109742275	SINE/MIR	474	-	50	109742224	94399
chr4	188424485	188624485	harbor2	chr4	188426605	188426780	SINE/MIR	522	-	88	188426693	2208
chr4	140506263	140706263	harbor2	chr4	140574244	140574471	SINE/MIR	685	-	114	140574358	68095
chr4	122072547	122272547	harbor2	chr4	122153424	122153597	SINE/MIR	458	-	86	122153510	80963
chr4	122072547	122272547	harbor2	chr4	122163573	122163813	SINE/MIR	932	-	120	122163693	91146
chr4	124972812	125172812	harbor2	chr4	125001130	125001303	SINE/MIR	563	-	86	125001216	28404
chr4	178886762	179086762	harbor2	chr4	178910083	178910330	SINE/MIR	430	-	124	178910207	23445
chr4	154671835	154871835	harbor2	chr4	154695472	154695667	SINE/MIR	660	-	98	154695570	23735
chr4	154671835	154871835	harbor2	chr4	154734150	154734401	SINE/MIR	1004	-	126	154734276	62441
chr4	154671835	154871835	harbor2	chr4	154738860	154739046	SINE/MIR	495	-	93	154738953	67118
chr4	154671835	154871835	harbor2	chr4	154697655	154697868	SINE/MIR	761	-	106	154697761	25926
chr4	180151781	180351781	harbor2	chr4	180236113	180236329	SINE/MIR	576	-	108	180236221	84440
chr4	180151781	180351781	harbor2	chr4	180247419	180247649	SINE/MIR	615	-	115	180247534	95753
chr4	189291574	189491574	harbor2	chr4	189311018	189311197	SINE/MIR	491	-	90	189311108	19534
chr4	189291574	189491574	harbor2	chr4	189368958	189369182	SINE/MIR	676	-	112	189369070	77496
chr4	189291574	189491574	harbor2	chr4	189382957	189383171	SINE/MIR	433	-	107	189383064	91490
chr4	189291574	189491574	harbor2	chr4	189389146	189389290	SINE/MIR	436	-	72	189389218	97644
chr4	177051446	177251446	harbor2	chr4	177087043	177087244	SINE/MIR	590	-	100	177087143	35697
chr4	177051446	177251446	harbor2	chr4	177145205	177145372	SINE/MIR	429	-	84	177145289	93843
chr4	184244382	184444382	harbor2	chr4	184258206	184258385	SINE/MIR	530	-	90	184258296	13914
chr4	184244382	184444382	harbor2	chr4	184273795	184274000	SINE/MIR	667	-	102	184273897	29515
chr4	134128954	134328954	harbor2	chr4	134218772	134218987	SINE/MIR	613	-	108	134218880	89926
chr4	141559591	141759591	harbor2	chr4	141571444	141571639	SINE/MIR	646	-	98	141571542	11951
chr4	141559591	141759591	harbor2	chr4	141639036	141639206	SINE/MIR	530	-	85	141639121	79530
chr4	141559591	141759591	harbor2	chr4	141650783	141650933	SINE/MIR	598	-	75	141650858	91267
chr4	161542686	161742686	harbor2	chr4	161591733	161591981	SINE/MIR	566	-	124	161591857	49171
chr4	161542686	161742686	harbor2	chr4	161594819	161595052	SINE/MIR	532	-	116	161594935	52249
chr4	88944871	89144871	harbor2	chr4	88969660	88969916	SINE/MIR	740	-	128	88969788	24917
chr4	88944871	89144871	harbor2	chr4	89006317	89006417	SINE/MIR	712	-	50	89006367	61496
chr4	88944871	89144871	harbor2	chr4	89007117	89007143	SINE/MIR	712	-	13	89007130	62259
chr4	88944871	89144871	harbor2	chr4	89007668	89007784	SINE/MIR	712	-	58	89007726	62855
chr4	88944871	89144871	harbor2	chr4	89033247	89033493	SINE/MIR	456	-	123	89033370	88499
chr4	101613330	101813330	harbor2	chr4	101642401	101642564	SINE/MIR	420	-	82	101642483	29153
chr4	63396685	63596685	harbor2	chr4	63453063	63453273	SINE/MIR	499	-	105	63453168	56483
chr4	104273120	104473120	harbor2	chr4	104341959	104342156	SINE/MIR	455	-	98	104342057	68937
chr4	53120112	53320112	harbor2	chr4	53120340	53120502	SINE/MIR	427	-	81	53120421	309
chr4	53120112	53320112	harbor2	chr4	53124923	53125010	SINE/MIR	488	-	44	53124967	4855
chr4	53120112	53320112	harbor2	chr4	53131581	53131771	SINE/MIR	502	-	95	53131676	11564
chr4	53120112	53320112	harbor2	chr4	53159222	53159369	SINE/MIR	447	-	74	53159296	39184
chr4	53120112	53320112	harbor2	chr4	53186062	53186181	SINE/MIR	498	-	60	53186122	66010
chr4	101155520	101355520	harbor2	chr4	101155911	101156110	SINE/MIR	432	-	100	101156011	491
chr4	101155520	101355520	harbor2	chr4	101159023	101159196	SINE/MIR	583	-	86	101159109	3589
chr4	101155520	101355520	harbor2	chr4	101171458	101171675	SINE/MIR	601	-	108	101171566	16046
chr4	101155520	101355520	harbor2	chr4	101174804	101174964	SINE/MIR	469	-	80	101174884	19364
chr4	101155520	101355520	harbor2	chr4	101211040	101211221	SINE/MIR	540	-	90	101211130	55610
chr4	101155520	101355520	harbor2	chr4	101213609	101213814	SINE/MIR	562	-	102	101213711	58191
chr4	101155520	101355520	harbor2	chr4	101217220	101217388	SINE/MIR	480	-	84	101217304	61784
chr4	101155520	101355520	harbor2	chr4	101252078	101252237	SINE/MIR	443	-	80	101252158	96638
chr4	164512770	164712770	harbor2	chr4	164529969	164530179	SINE/MIR	516	-	105	164530074	17304
chr4	164512770	164712770	harbor2	chr4	164537498	164537687	SINE/MIR	522	-	94	164537592	24822
chr4	164512770	164712770	harbor2	chr4	164577835	164578081	SINE/MIR	843	-	123	164577958	65188
chr4	63650230	63850230	harbor2	chr4	63734688	63734856	SINE/MIR	467	-	84	63734772	84542
chr4	95534468	95734468	harbor2	chr4	95544125	95544244	SINE/MIR	462	-	60	95544185	9717
chr4	95534468	95734468	harbor2	chr4	95553305	95553503	SINE/MIR	782	-	99	95553404	18936
chr4	95534468	95734468	harbor2	chr4	95600698	95600886	SINE/MIR	469	-	94	95600792	66324
chr4	95534468	95734468	harbor2	chr4	95601660	95601880	SINE/MIR	569	-	110	95601770	67302
chr4	95534468	95734468	harbor2	chr4	95627516	95627742	SINE/MIR	587	-	113	95627629	93161
chr4	70954344	71154344	harbor2	chr4	70959594	70959839	SINE/MIR	512	-	122	70959716	5372
chr4	70954344	71154344	harbor2	chr4	70981672	70981846	SINE/MIR	568	-	87	70981759	27415
chr4	156590058	156790058	harbor2	chr4	156658147	156658336	SINE/MIR	555	-	94	156658241	68183
chr5	181073602	181273602	harbor2	chr5	181162246	181162398	SINE/MIR	485	-	76	181162322	88720
chr5	176921320	177121320	harbor2	chr5	176940784	176940996	SINE/MIR	570	-	106	176940890	19570
chr5	176921320	177121320	harbor2	chr5	176944860	176945086	SINE/MIR	415	-	113	176944973	23653
chr5	176921320	177121320	harbor2	chr5	176960045	176960252	SINE/MIR	564	-	104	176960149	38829
chr5	176921320	177121320	harbor2	chr5	176966204	176966407	SINE/MIR	548	-	102	176966306	44986
chr5	176921320	177121320	harbor2	chr5	177015135	177015301	SINE/MIR	748	-	83	177015218	93898
chr5	82401398	82601398	harbor2	chr5	82401974	82402171	SINE/MIR	600	-	98	82402072	674
chr5	82401398	82601398	harbor2	chr5	82407933	82408172	SINE/MIR	494	-	120	82408053	6655
chr5	82401398	82601398	harbor2	chr5	82465305	82465513	SINE/MIR	497	-	104	82465409	64011
chr5	82401398	82601398	harbor2	chr5	82475945	82476124	SINE/MIR	434	-	90	82476035	74637
chr5	31458572	31658572	harbor2	chr5	31487077	31487303	SINE/MIR	570	-	113	31487190	28618
chr5	31458572	31658572	harbor2	chr5	31491263	31491452	SINE/MIR	478	-	94	31491357	32785
chr5	31458572	31658572	harbor2	chr5	31510217	31510376	SINE/MIR	504	-	80	31510297	51725
chr5	31458572	31658572	harbor2	chr5	31518612	31518771	SINE/MIR	559	-	80	31518692	60120
chr5	31458572	31658572	harbor2	chr5	31520461	31520651	SINE/MIR	485	-	95	31520556	61984
chr5	31458572	31658572	harbor2	chr5	31541820	31541987	SINE/MIR	559	-	84	31541904	83332
chr5	161766411	161966411	harbor2	chr5	161834920	161835143	SINE/MIR	504	-	112	161835032	68621
chr5	181188832	181388832	harbor2	chr5	181225447	181225628	SINE/MIR	533	-	90	181225537	36705
chr5	181188832	181388832	harbor2	chr5	181287271	181287512	SINE/MIR	609	-	120	181287391	98559
chr5	145988895	146188895	harbor2	chr5	146014209	146014335	SINE/MIR	449	-	63	146014272	25377
chr5	145988895	146188895	harbor2	chr5	146029179	146029314	SINE/MIR	401	-	68	146029247	40352
chr5	145988895	146188895	harbor2	chr5	146035471	146035603	SINE/MIR	431	-	66	146035537	46642
chr5	145988895	146188895	harbor2	chr5	146037123	146037348	SINE/MIR	708	-	112	146037235	48340
chr5	145988895	146188895	harbor2	chr5	146042356	146042555	SINE/MIR	697	-	100	146042456	53561
chr5	145988895	146188895	harbor2	chr5	146058976	146059136	SINE/MIR	495	-	80	146059056	70161
chr5	145988895	146188895	harbor2	chr5	146061099	146061326	SINE/MIR	614	-	114	146061213	72318
chr5	145988895	146188895	harbor2	chr5	146065960	146066155	SINE/MIR	409	-	98	146066058	77163
chr5	145988895	146188895	harbor2	chr5	146070020	146070234	SINE/MIR	518	-	107	146070127	81232
chr5	145988895	146188895	harbor2	chr5	146075246	146075501	SINE/MIR	743	-	128	146075374	86479
chr5	145988895	146188895	harbor2	chr5	146082849	146083059	SINE/MIR	511	-	105	146082954	94059
chr5	177002174	177202174	harbor2	chr5	177015135	177015301	SINE/MIR	748	-	83	177015218	13044
chr5	177002174	177202174	harbor2	chr5	177059123	177059352	SINE/MIR	611	-	114	177059237	57063
chr5	177002174	177202174	harbor2	chr5	177080348	177080531	SINE/MIR	570	-	92	177080440	78266
chr5	177002174	177202174	harbor2	chr5	177080817	177080856	SINE/MIR	570	-	20	177080837	78663
chr5	177002174	177202174	harbor2	chr5	177095092	177095270	SINE/MIR	406	-	89	177095181	93007
chr5	159589011	159789011	harbor2	chr5	159618763	159619006	SINE/MIR	421	-	122	159618885	29874
chr5	159589011	159789011	harbor2	chr5	159632674	159632878	SINE/MIR	568	-	102	159632776	43765
chr5	159589011	159789011	harbor2	chr5	159640236	159640400	SINE/MIR	503	-	82	159640318	51307
chr5	159589011	159789011	harbor2	chr5	159642057	159642128	SINE/MIR	503	-	36	159642093	53082
chr5	159589011	159789011	harbor2	chr5	159666248	159666525	SINE/MIR	781	-	138	159666386	77375
chr5	159589011	159789011	harbor2	chr5	159668167	159668402	SINE/MIR	558	-	118	159668285	79274
chr5	118836607	119036607	harbor2	chr5	118890030	118890261	SINE/MIR	642	-	116	118890146	53539
chr5	142828247	143028247	harbor2	chr5	142835810	142836048	SINE/MIR	531	-	119	142835929	7682
chr5	142828247	143028247	harbor2	chr5	142836767	142836980	SINE/MIR	527	-	106	142836873	8626
chr5	142828247	143028247	harbor2	chr5	142838769	142838926	SINE/MIR	455	-	78	142838847	10600
chr5	142828247	143028247	harbor2	chr5	142839279	142839500	SINE/MIR	554	-	110	142839389	11142
chr5	142828247	143028247	harbor2	chr5	142845227	142845397	SINE/MIR	508	-	85	142845312	17065
chr5	142828247	143028247	harbor2	chr5	142864740	142864888	SINE/MIR	411	-	74	142864814	36567
chr5	142828247	143028247	harbor2	chr5	142876305	142876463	SINE/MIR	711	-	79	142876384	48137
chr5	142828247	143028247	harbor2	chr5	142878296	142878387	SINE/MIR	407	-	46	142878342	50095
chr5	142828247	143028247	harbor2	chr5	142888069	142888244	SINE/MIR	463	-	88	142888157	59910
chr5	142828247	143028247	harbor2	chr5	142897682	142897845	SINE/MIR	594	-	82	142897764	69517
chr5	177904189	178104189	harbor2	chr5	177904530	177904689	SINE/MIR	484	-	80	177904610	421
chr5	177904189	178104189	harbor2	chr5	177926870	177927093	SINE/MIR	487	-	112	177926982	22793
chr5	177904189	178104189	harbor2	chr5	177930987	177931193	SINE/MIR	496	-	103	177931090	26901
chr5	177904189	178104189	harbor2	chr5	177948654	177948806	SINE/MIR	407	-	76	177948730	44541
chr5	167891917	168091917	harbor2	chr5	167895325	167895541	SINE/MIR	435	-	108	167895433	3516
chr5	167891917	168091917	harbor2	chr5	167899429	167899623	SINE/MIR	476	-	97	167899526	7609
chr5	167891917	168091917	harbor2	chr5	167921764	167921973	SINE/MIR	473	-	104	167921868	29951
chr5	167891917	168091917	harbor2	chr5	167942253	167942398	SINE/MIR	448	-	72	167942325	50408
chr5	167891917	168091917	harbor2	chr5	167947287	167947493	SINE/MIR	464	-	103	167947390	55473
chr5	167891917	168091917	harbor2	chr5	167949542	167949752	SINE/MIR	562	-	105	167949647	57730
chr5	167891917	168091917	harbor2	chr5	167961614	167961752	SINE/MIR	405	-	69	167961683	69766
chr5	167891917	168091917	harbor2	chr5	167965674	167965874	SINE/MIR	558	-	100	167965774	73857
chr5	167891917	168091917	harbor2	chr5	167983983	167984190	SINE/MIR	492	-	104	167984087	92170
chr5	159756297	159956297	harbor2	chr5	159804234	159804456	SINE/MIR	640	-	111	159804345	48048
chr5	159756297	159956297	harbor2	chr5	159817644	159817802	SINE/MIR	508	-	79	159817723	61426
chr5	159756297	159956297	harbor2	chr5	159826049	159826237	SINE/MIR	494	-	94	159826143	69846
chr5	159756297	159956297	harbor2	chr5	159844644	159844835	SINE/MIR	425	-	96	159844740	88443
chr5	159756297	159956297	harbor2	chr5	159849488	159849653	SINE/MIR	699	-	82	159849570	93273
chr5	159756297	159956297	harbor2	chr5	159851575	159851684	SINE/MIR	473	-	54	159851629	95332
chr5	61111041	61311041	harbor2	chr5	61148564	61148734	SINE/MIR	655	-	85	61148649	37608
chr5	61111041	61311041	harbor2	chr5	61149311	61149441	SINE/MIR	460	-	65	61149376	38335
chr5	61111041	61311041	harbor2	chr5	61167238	61167410	SINE/MIR	464	-	86	61167324	56283
chr5	61111041	61311041	harbor2	chr5	61190027	61190264	SINE/MIR	449	-	118	61190145	79104
chr5	163637416	163837416	harbor2	chr5	163643497	163643702	SINE/MIR	441	-	102	163643599	6183
chr5	163637416	163837416	harbor2	chr5	163654480	163654626	SINE/MIR	484	-	73	163654553	17137
chr5	163637416	163837416	harbor2	chr5	163654944	163655029	SINE/MIR	484	-	42	163654986	17570
chr5	163637416	163837416	harbor2	chr5	163681574	163681820	SINE/MIR	749	-	123	163681697	44281
chr5	163637416	163837416	harbor2	chr5	163704447	163704690	SINE/MIR	726	-	122	163704569	67153
chr5	163637416	163837416	harbor2	chr5	163706621	163706772	SINE/MIR	398	-	76	163706697	69281
chr5	163637416	163837416	harbor2	chr5	163713968	163714132	SINE/MIR	530	-	82	163714050	76634
chr5	163637416	163837416	harbor2	chr5	163733163	163733320	SINE/MIR	410	-	78	163733241	95825
chr5	163637416	163837416	harbor2	chr5	163734002	163734241	SINE/MIR	789	-	120	163734122	96706
chr5	126826315	127026315	harbor2	chr5	126876377	126876512	SINE/MIR	434	-	68	126876445	50130
chr5	126826315	127026315	harbor2	chr5	126881958	126882157	SINE/MIR	440	-	100	126882058	55743
chr5	126826315	127026315	harbor2	chr5	126882748	126882973	SINE/MIR	644	-	112	126882860	56545
chr5	175697246	175897246	harbor2	chr5	175701083	175701191	SINE/MIR	445	-	54	175701137	3891
chr5	175697246	175897246	harbor2	chr5	175708434	175708601	SINE/MIR	472	-	84	175708518	11272
chr5	175697246	175897246	harbor2	chr5	175737931	175738148	SINE/MIR	483	-	108	175738039	40793
chr5	175697246	175897246	harbor2	chr5	175749357	175749450	SINE/MIR	500	-	46	175749403	52157
chr5	175697246	175897246	harbor2	chr5	175774606	175774761	SINE/MIR	451	-	78	175774684	77438
chr5	175697246	175897246	harbor2	chr5	175775716	175775846	SINE/MIR	512	-	65	175775781	78535
chr5	175697246	175897246	harbor2	chr5	175788880	175789091	SINE/MIR	554	-	106	175788986	91740
chr5	144213599	144413599	harbor2	chr5	144226151	144226393	SINE/MIR	609	-	121	144226272	12673
chr5	144213599	144413599	harbor2	chr5	144232378	144232534	SINE/MIR	495	-	78	144232456	18857
chr5	144213599	144413599	harbor2	chr5	144239947	144240217	SINE/MIR	843	-	135	144240082	26483
chr5	144213599	144413599	harbor2	chr5	144249684	144249881	SINE/MIR	456	-	98	144249782	36183
chr5	144213599	144413599	harbor2	chr5	144286886	144286972	SINE/MIR	553	-	43	144286929	73330
chr5	144213599	144413599	harbor2	chr5	144287438	144287579	SINE/MIR	553	-	70	144287508	73909
chr5	144213599	144413599	harbor2	chr5	144301918	144302158	SINE/MIR	612	-	120	144302038	88439
chr5	144213599	144413599	harbor2	chr5	144307451	144307683	SINE/MIR	712	-	116	144307567	93968
chr5	169999990	170199990	harbor2	chr5	170001927	170002074	SINE/MIR	433	-	74	170002001	2011
chr5	169999990	170199990	harbor2	chr5	170003152	170003400	SINE/MIR	706	-	124	170003276	3286
chr5	169999990	170199990	harbor2	chr5	170011256	170011404	SINE/MIR	406	-	74	170011330	11340
chr5	169999990	170199990	harbor2	chr5	170015177	170015396	SINE/MIR	706	-	110	170015287	15297
chr5	169999990	170199990	harbor2	chr5	170017583	170017824	SINE/MIR	864	-	120	170017703	17713
chr5	169999990	170199990	harbor2	chr5	170020482	170020715	SINE/MIR	595	-	116	170020598	20608
chr5	169999990	170199990	harbor2	chr5	170024540	170024773	SINE/MIR	641	-	116	170024656	24666
chr5	169999990	170199990	harbor2	chr5	170052520	170052686	SINE/MIR	542	-	83	170052603	52613
chr5	169999990	170199990	harbor2	chr5	170052736	170052921	SINE/MIR	731	-	92	170052828	52838
chr5	169999990	170199990	harbor2	chr5	170058953	170059085	SINE/MIR	584	-	66	170059019	59029
chr5	169999990	170199990	harbor2	chr5	170076335	170076567	SINE/MIR	602	-	116	170076451	76461
chr5	169999990	170199990	harbor2	chr5	170076651	170076752	SINE/MIR	435	-	50	170076701	76711
chr5	169999990	170199990	harbor2	chr5	170078498	170078727	SINE/MIR	561	-	114	170078612	78622
chr5	169999990	170199990	harbor2	chr5	170080985	170081232	SINE/MIR	536	-	124	170081109	81119
chr5	169999990	170199990	harbor2	chr5	170084124	170084354	SINE/MIR	576	-	115	170084239	84249
chr5	169999990	170199990	harbor2	chr5	170098355	170098548	SINE/MIR	647	-	96	170098451	98461
chr5	169999990	170199990	harbor2	chr5	170000309	170000492	SINE/MIR	519	-	92	170000401	411
chr5	150220775	150420775	harbor2	chr5	150229444	150229536	SINE/MIR	445	-	46	150229490	8715
chr5	150220775	150420775	harbor2	chr5	150231464	150231616	SINE/MIR	541	-	76	150231540	10765
chr5	150220775	150420775	harbor2	chr5	150236389	150236615	SINE/MIR	643	-	113	150236502	15727
chr5	150220775	150420775	harbor2	chr5	150240661	150240792	SINE/MIR	523	-	66	150240727	19952
chr5	150220775	150420775	harbor2	chr5	150243661	150243842	SINE/MIR	453	-	90	150243751	22976
chr5	150220775	150420775	harbor2	chr5	150252697	150252934	SINE/MIR	902	-	118	150252815	32040
chr5	150220775	150420775	harbor2	chr5	150254366	150254497	SINE/MIR	551	-	66	150254432	33657
chr5	150220775	150420775	harbor2	chr5	150256116	150256280	SINE/MIR	416	-	82	150256198	35423
chr5	150220775	150420775	harbor2	chr5	150262658	150262909	SINE/MIR	947	-	126	150262784	42009
chr5	150220775	150420775	harbor2	chr5	150263082	150263255	SINE/MIR	568	-	86	150263168	42393
chr5	150220775	150420775	harbor2	chr5	150266482	150266706	SINE/MIR	789	-	112	150266594	45819
chr5	150220775	150420775	harbor2	chr5	150284958	150285116	SINE/MIR	418	-	79	150285037	64262
chr5	150220775	150420775	harbor2	chr5	150298750	150298923	SINE/MIR	753	-	86	150298836	78061
chr5	150220775	150420775	harbor2	chr5	150298938	150299185	SINE/MIR	799	-	124	150299062	78287
chr5	150220775	150420775	harbor2	chr5	150300216	150300398	SINE/MIR	482	-	91	150300307	79532
chr5	150220775	150420775	harbor2	chr5	150301600	150301760	SINE/MIR	402	-	80	150301680	80905
chr5	150220775	150420775	harbor2	chr5	150303122	150303259	SINE/MIR	404	-	68	150303190	82415
chr5	150220775	150420775	harbor2	chr5	150308970	150309187	SINE/MIR	814	-	108	150309078	88303
chr5	150220775	150420775	harbor2	chr5	150316886	150317006	SINE/MIR	398	-	60	150316946	96171
chr5	150220775	150420775	harbor2	chr5	150319567	150319800	SINE/MIR	649	-	116	150319683	98908
chr5	52189204	52389204	harbor2	chr5	52266239	52266456	SINE/MIR	455	-	108	52266347	77143
chr5	94575234	94775234	harbor2	chr5	94578210	94578430	SINE/MIR	655	-	110	94578320	3086
chr5	94575234	94775234	harbor2	chr5	94612621	94612822	SINE/MIR	693	-	100	94612721	37487
chr5	94575234	94775234	harbor2	chr5	94612916	94613091	SINE/MIR	408	-	88	94613004	37770
chr5	94575234	94775234	harbor2	chr5	94646880	94647074	SINE/MIR	576	-	97	94646977	71743
chr5	40531462	40731462	harbor2	chr5	40585059	40585240	SINE/MIR	753	-	90	40585149	53687
chr5	40531462	40731462	harbor2	chr5	40596108	40596262	SINE/MIR	633	-	77	40596185	64723
chr5	40531462	40731462	harbor2	chr5	40605317	40605549	SINE/MIR	409	-	116	40605433	73971
chr5	40531462	40731462	harbor2	chr5	40616838	40617002	SINE/MIR	479	-	82	40616920	85458
chr5	179132808	179332808	harbor2	chr5	179205383	179205570	SINE/MIR	464	-	94	179205477	72669
chr5	179132808	179332808	harbor2	chr5	179232308	179232538	SINE/MIR	750	-	115	179232423	99615
chr5	102909710	103109710	harbor2	chr5	102914577	102914816	SINE/MIR	684	-	120	102914697	4987
chr5	102909710	103109710	harbor2	chr5	102991089	102991232	SINE/MIR	452	-	72	102991161	81451
chr5	138841551	139041551	harbor2	chr5	138857711	138857821	SINE/MIR	506	-	55	138857766	16215
chr5	171824318	172024318	harbor2	chr5	171837582	171837792	SINE/MIR	662	-	105	171837687	13369
chr5	171824318	172024318	harbor2	chr5	171847504	171847741	SINE/MIR	538	-	118	171847622	23304
chr5	171824318	172024318	harbor2	chr5	171864236	171864442	SINE/MIR	524	-	103	171864339	40021
chr5	171824318	172024318	harbor2	chr5	171892314	171892473	SINE/MIR	479	-	80	171892394	68076
chr5	171824318	172024318	harbor2	chr5	171906585	171906804	SINE/MIR	612	-	110	171906695	82377
chr5	171824318	172024318	harbor2	chr5	171919568	171919761	SINE/MIR	441	-	96	171919664	95346
chr5	133835261	134035261	harbor2	chr5	133841489	133841765	SINE/MIR	541	-	138	133841627	6366
chr5	133835261	134035261	harbor2	chr5	133870330	133870537	SINE/MIR	659	-	104	133870434	35173
chr5	133835261	134035261	harbor2	chr5	133896858	133897092	SINE/MIR	796	-	117	133896975	61714
chr5	133835261	134035261	harbor2	chr5	133899222	133899394	SINE/MIR	513	-	86	133899308	64047
chr5	133835261	134035261	harbor2	chr5	133900204	133900399	SINE/MIR	614	-	98	133900302	65041
chr5	133835261	134035261	harbor2	chr5	133913962	133914166	SINE/MIR	494	-	102	133914064	78803
chr5	122360405	122560405	harbor2	chr5	122362121	122362255	SINE/MIR	479	-	67	122362188	1783
chr5	122360405	122560405	harbor2	chr5	122393279	122393490	SINE/MIR	650	-	106	122393385	32980
chr5	122360405	122560405	harbor2	chr5	122394813	122394984	SINE/MIR	528	-	86	122394899	34494
chr5	122360405	122560405	harbor2	chr5	122396985	122397224	SINE/MIR	650	-	120	122397105	36700
chr5	122360405	122560405	harbor2	chr5	122399241	122399436	SINE/MIR	592	-	98	122399339	38934
chr5	122360405	122560405	harbor2	chr5	122405377	122405636	SINE/MIR	966	-	130	122405507	45102
chr5	122360405	122560405	harbor2	chr5	122408801	122408992	SINE/MIR	603	-	96	122408897	48492
chr5	122360405	122560405	harbor2	chr5	122417366	122417451	SINE/MIR	421	-	42	122417408	57003
chr5	122360405	122560405	harbor2	chr5	122430379	122430600	SINE/MIR	660	-	110	122430489	70084
chr5	122360405	122560405	harbor2	chr5	122433212	122433416	SINE/MIR	737	-	102	122433314	72909
chr5	122360405	122560405	harbor2	chr5	122460026	122460123	SINE/MIR	816	-	48	122460074	99669
chr5	122360405	122560405	harbor2	chr5	122460286	122460437	SINE/MIR	816	-	76	122460362	99957
chr5	168783581	168983581	harbor2	chr5	168797722	168797895	SINE/MIR	512	-	86	168797808	14227
chr5	168783581	168983581	harbor2	chr5	168798757	168799008	SINE/MIR	806	-	126	168798883	15302
chr5	168783581	168983581	harbor2	chr5	168799725	168799967	SINE/MIR	715	-	121	168799846	16265
chr5	168783581	168983581	harbor2	chr5	168800922	168801140	SINE/MIR	437	-	109	168801031	17450
chr5	168783581	168983581	harbor2	chr5	168802780	168803012	SINE/MIR	585	-	116	168802896	19315
chr5	168783581	168983581	harbor2	chr5	168805822	168806042	SINE/MIR	583	-	110	168805932	22351
chr5	168783581	168983581	harbor2	chr5	168811228	168811421	SINE/MIR	739	-	96	168811324	27743
chr5	168783581	168983581	harbor2	chr5	168816698	168816909	SINE/MIR	728	-	106	168816804	33223
chr5	168783581	168983581	harbor2	chr5	168821680	168821878	SINE/MIR	544	-	99	168821779	38198
chr5	168783581	168983581	harbor2	chr5	168830580	168830820	SINE/MIR	686	-	120	168830700	47119
chr5	168783581	168983581	harbor2	chr5	168843560	168843674	SINE/MIR	585	-	57	168843617	60036
chr5	168783581	168983581	harbor2	chr5	168871758	168871927	SINE/MIR	572	-	84	168871842	88261
chr5	168783581	168983581	harbor2	chr5	168880583	168880812	SINE/MIR	463	-	114	168880697	97116
chr5	45181799	45381799	harbor2	chr5	45230528	45230773	SINE/MIR	772	-	122	45230650	48851
chr5	173442534	173642534	harbor2	chr5	173450006	173450255	SINE/MIR	554	-	124	173450130	7596
chr5	173442534	173642534	harbor2	chr5	173451601	173451831	SINE/MIR	912	-	115	173451716	9182
chr5	173442534	173642534	harbor2	chr5	173457577	173457817	SINE/MIR	449	-	120	173457697	15163
chr5	173442534	173642534	harbor2	chr5	173462535	173462713	SINE/MIR	532	-	89	173462624	20090
chr5	173442534	173642534	harbor2	chr5	173484139	173484355	SINE/MIR	655	-	108	173484247	41713
chr5	173442534	173642534	harbor2	chr5	173489814	173489986	SINE/MIR	512	-	86	173489900	47366
chr5	173442534	173642534	harbor2	chr5	173532527	173532699	SINE/MIR	492	-	86	173532613	90079
chr5	173442534	173642534	harbor2	chr5	173539941	173540167	SINE/MIR	481	-	113	173540054	97520
chr5	136916114	137116114	harbor2	chr5	136919681	136919873	SINE/MIR	547	-	96	136919777	3663
chr5	136916114	137116114	harbor2	chr5	136979691	136979904	SINE/MIR	396	-	106	136979797	63683
chr5	136916114	137116114	harbor2	chr5	136989500	136989712	SINE/MIR	519	-	106	136989606	73492
chr5	136916114	137116114	harbor2	chr5	137012068	137012262	SINE/MIR	403	-	97	137012165	96051
chr5	136916114	137116114	harbor2	chr5	137012464	137012625	SINE/MIR	479	-	80	137012544	96430
chr5	156503327	156703327	harbor2	chr5	156536138	156536352	SINE/MIR	423	-	107	156536245	32918
chr5	156503327	156703327	harbor2	chr5	156541665	156541917	SINE/MIR	486	-	126	156541791	38464
chr5	156503327	156703327	harbor2	chr5	156542548	156542760	SINE/MIR	522	-	106	156542654	39327
chr5	156503327	156703327	harbor2	chr5	156563328	156563474	SINE/MIR	406	-	73	156563401	60074
chr5	156503327	156703327	harbor2	chr5	156567895	156568107	SINE/MIR	543	-	106	156568001	64674
chr5	156503327	156703327	harbor2	chr5	156574029	156574239	SINE/MIR	418	-	105	156574134	70807
chr5	156503327	156703327	harbor2	chr5	156593012	156593237	SINE/MIR	505	-	112	156593124	89797
chr5	149064585	149264585	harbor2	chr5	149064574	149064784	SINE/MIR	488	-	105	149064679	94
chr5	149064585	149264585	harbor2	chr5	149111015	149111200	SINE/MIR	834	-	92	149111107	46522
chr5	149064585	149264585	harbor2	chr5	149115439	149115601	SINE/MIR	566	-	81	149115520	50935
chr5	149064585	149264585	harbor2	chr5	149126771	149126958	SINE/MIR	483	-	94	149126865	62280
chr5	149064585	149264585	harbor2	chr5	149138919	149139094	SINE/MIR	513	-	88	149139007	74422
chr5	127471103	127671103	harbor2	chr5	127488464	127488687	SINE/MIR	769	-	112	127488576	17473
chr5	127471103	127671103	harbor2	chr5	127513314	127513541	SINE/MIR	626	-	114	127513428	42325
chr5	127471103	127671103	harbor2	chr5	127516730	127516955	SINE/MIR	466	-	112	127516842	45739
chr5	127471103	127671103	harbor2	chr5	127565580	127565864	SINE/MIR	407	-	142	127565722	94619
chr5	164357347	164557347	harbor2	chr5	164357435	164357698	SINE/MIR	523	-	132	164357567	220
chr5	164357347	164557347	harbor2	chr5	164408364	164408519	SINE/MIR	448	-	78	164408442	51095
chr5	164357347	164557347	harbor2	chr5	164442108	164442290	SINE/MIR	464	-	91	164442199	84852
chr5	139313290	139513290	harbor2	chr5	139324075	139324282	SINE/MIR	557	-	104	139324179	10889
chr5	139313290	139513290	harbor2	chr5	139344044	139344266	SINE/MIR	664	-	111	139344155	30865
chr5	139313290	139513290	harbor2	chr5	139344922	139345034	SINE/MIR	557	-	56	139344978	31688
chr5	139313290	139513290	harbor2	chr5	139345339	139345372	SINE/MIR	557	-	16	139345355	32065
chr5	139313290	139513290	harbor2	chr5	139367473	139367633	SINE/MIR	396	-	80	139367553	54263
chr5	139313290	139513290	harbor2	chr5	139404846	139405043	SINE/MIR	397	-	98	139404944	91654
chr5	139313290	139513290	harbor2	chr5	139405346	139405379	SINE/MIR	397	-	16	139405362	92072
chr5	167911709	168111709	harbor2	chr5	167921764	167921973	SINE/MIR	473	-	104	167921868	10159
chr5	167911709	168111709	harbor2	chr5	167942253	167942398	SINE/MIR	448	-	72	167942325	30616
chr5	167911709	168111709	harbor2	chr5	167947287	167947493	SINE/MIR	464	-	103	167947390	35681
chr5	167911709	168111709	harbor2	chr5	167949542	167949752	SINE/MIR	562	-	105	167949647	37938
chr5	167911709	168111709	harbor2	chr5	167961614	167961752	SINE/MIR	405	-	69	167961683	49974
chr5	167911709	168111709	harbor2	chr5	167965674	167965874	SINE/MIR	558	-	100	167965774	54065
chr5	167911709	168111709	harbor2	chr5	167983983	167984190	SINE/MIR	492	-	104	167984087	72378
chr5	95518556	95718556	harbor2	chr5	95601420	95601594	SINE/MIR	567	-	87	95601507	82951
chr5	95518556	95718556	harbor2	chr5	95600490	95600723	SINE/MIR	617	-	116	95600606	82050
chr5	118920277	119120277	harbor2	chr5	118940631	118940804	SINE/MIR	549	-	86	118940717	20440
chr5	118920277	119120277	harbor2	chr5	118962697	118962897	SINE/MIR	608	-	100	118962797	42520
chr5	118920277	119120277	harbor2	chr5	119004981	119005134	SINE/MIR	477	-	76	119005057	84780
chr5	118920277	119120277	harbor2	chr5	119018344	119018584	SINE/MIR	637	-	120	119018464	98187
chr5	162608921	162808921	harbor2	chr5	162632360	162632507	SINE/MIR	636	-	74	162632434	23513
chr5	124542505	124742505	harbor2	chr5	124573245	124573428	SINE/MIR	515	-	92	124573337	30832
chr5	124542505	124742505	harbor2	chr5	124578515	124578701	SINE/MIR	598	-	93	124578608	36103
chr5	124542505	124742505	harbor2	chr5	124599246	124599371	SINE/MIR	477	-	62	124599308	56803
chr5	160658958	160858958	harbor2	chr5	160669244	160669499	SINE/MIR	797	-	128	160669372	10414
chr5	160658958	160858958	harbor2	chr5	160678685	160678880	SINE/MIR	502	-	98	160678783	19825
chr5	160658958	160858958	harbor2	chr5	160681281	160681468	SINE/MIR	412	-	94	160681375	22417
chr5	160658958	160858958	harbor2	chr5	160684238	160684478	SINE/MIR	573	-	120	160684358	25400
chr5	160658958	160858958	harbor2	chr5	160716281	160716523	SINE/MIR	905	-	121	160716402	57444
chr5	160658958	160858958	harbor2	chr5	160717563	160717810	SINE/MIR	561	-	124	160717687	58729
chr5	160658958	160858958	harbor2	chr5	160719705	160719898	SINE/MIR	495	-	96	160719801	60843
chr5	160658958	160858958	harbor2	chr5	160723419	160723573	SINE/MIR	531	-	77	160723496	64538
chr5	160658958	160858958	harbor2	chr5	160726724	160726744	SINE/MIR	498	-	10	160726734	67776
chr5	160658958	160858958	harbor2	chr5	160727182	160727394	SINE/MIR	498	-	106	160727288	68330
chr5	160658958	160858958	harbor2	chr5	160743030	160743272	SINE/MIR	739	-	121	160743151	84193
chr5	160658958	160858958	harbor2	chr5	160746726	160746923	SINE/MIR	432	-	98	160746824	87866
chr5	160658958	160858958	harbor2	chr5	160747271	160747294	SINE/MIR	399	-	12	160747283	88325
chr5	160658958	160858958	harbor2	chr5	160748874	160749106	SINE/MIR	537	-	116	160748990	90032
chr5	160658958	160858958	harbor2	chr5	160753705	160753928	SINE/MIR	629	-	112	160753817	94859
chr5	114127597	114327597	harbor2	chr5	114164878	114165115	SINE/MIR	918	-	118	114164996	37399
chr5	114127597	114327597	harbor2	chr5	114189616	114189777	SINE/MIR	588	-	80	114189696	62099
chr5	114127597	114327597	harbor2	chr5	114213948	114214070	SINE/MIR	547	-	61	114214009	86412
chr5	153729797	153929797	harbor2	chr5	153737322	153737471	SINE/MIR	406	-	74	153737396	7599
chr5	153729797	153929797	harbor2	chr5	153742374	153742384	SINE/MIR	395	-	5	153742379	12582
chr5	153729797	153929797	harbor2	chr5	153742982	153743110	SINE/MIR	395	-	64	153743046	13249
chr5	153729797	153929797	harbor2	chr5	153745962	153746156	SINE/MIR	460	-	97	153746059	16262
chr5	153729797	153929797	harbor2	chr5	153750709	153750815	SINE/MIR	454	-	53	153750762	20965
chr5	153729797	153929797	harbor2	chr5	153751112	153751219	SINE/MIR	454	-	54	153751166	21369
chr5	153729797	153929797	harbor2	chr5	153765723	153765937	SINE/MIR	439	-	107	153765830	36033
chr5	153729797	153929797	harbor2	chr5	153767180	153767364	SINE/MIR	644	-	92	153767272	37475
chr5	153729797	153929797	harbor2	chr5	153768303	153768499	SINE/MIR	434	-	98	153768401	38604
chr5	153729797	153929797	harbor2	chr5	153773092	153773334	SINE/MIR	770	-	121	153773213	43416
chr5	153729797	153929797	harbor2	chr5	153782072	153782338	SINE/MIR	1061	-	133	153782205	52408
chr5	153729797	153929797	harbor2	chr5	153789720	153789851	SINE/MIR	420	-	66	153789786	59989
chr5	153729797	153929797	harbor2	chr5	153814728	153814909	SINE/MIR	418	-	90	153814818	85021
chr5	153729797	153929797	harbor2	chr5	153819259	153819384	SINE/MIR	426	-	62	153819321	89524
chr5	153729797	153929797	harbor2	chr5	153823300	153823545	SINE/MIR	468	-	122	153823422	93625
chr5	153729797	153929797	harbor2	chr5	153824062	153824249	SINE/MIR	464	-	94	153824156	94359
chr5	153729797	153929797	harbor2	chr5	153824611	153824753	SINE/MIR	529	-	71	153824682	94885
chr5	153729797	153929797	harbor2	chr5	153826079	153826138	SINE/MIR	535	-	30	153826109	96312
chr5	153729797	153929797	harbor2	chr5	153826434	153826589	SINE/MIR	535	-	78	153826512	96715
chr5	125025909	125225909	harbor2	chr5	125031183	125031395	SINE/MIR	494	-	106	125031289	5380
chr5	125025909	125225909	harbor2	chr5	125043557	125043806	SINE/MIR	558	-	124	125043681	17772
chr5	125025909	125225909	harbor2	chr5	125051689	125051792	SINE/MIR	421	-	52	125051741	25832
chr5	125025909	125225909	harbor2	chr5	125052083	125052215	SINE/MIR	421	-	66	125052149	26240
chr5	125025909	125225909	harbor2	chr5	125062696	125062884	SINE/MIR	649	-	94	125062790	36881
chr5	125025909	125225909	harbor2	chr5	125123867	125124007	SINE/MIR	445	-	70	125123937	98028
chr5	137063624	137263624	harbor2	chr5	137080098	137080311	SINE/MIR	568	-	106	137080204	16580
chr5	137063624	137263624	harbor2	chr5	137086801	137087047	SINE/MIR	441	-	123	137086924	23300
chr5	137063624	137263624	harbor2	chr5	137098064	137098305	SINE/MIR	648	-	120	137098184	34560
chr5	137063624	137263624	harbor2	chr5	137115234	137115372	SINE/MIR	433	-	69	137115303	51679
chr5	137063624	137263624	harbor2	chr5	137162896	137163084	SINE/MIR	455	-	94	137162990	99366
chr5	55075675	55275675	harbor2	chr5	55116000	55116135	SINE/MIR	453	-	68	55116068	40393
chr5	55075675	55275675	harbor2	chr5	55147813	55147926	SINE/MIR	496	-	56	55147869	72194
chr5	55075675	55275675	harbor2	chr5	55148762	55148983	SINE/MIR	723	-	110	55148872	73197
chr5	152085270	152285270	harbor2	chr5	152101065	152101318	SINE/MIR	613	-	126	152101191	15921
chr5	152085270	152285270	harbor2	chr5	152103921	152104111	SINE/MIR	442	-	95	152104016	18746
chr5	152085270	152285270	harbor2	chr5	152104867	152104999	SINE/MIR	411	-	66	152104933	19663
chr5	152085270	152285270	harbor2	chr5	152122372	152122619	SINE/MIR	698	-	124	152122496	37226
chr5	152085270	152285270	harbor2	chr5	152164017	152164244	SINE/MIR	577	-	114	152164131	78861
chr5	152085270	152285270	harbor2	chr5	152169914	152170137	SINE/MIR	787	-	112	152170026	84756
chr5	152085270	152285270	harbor2	chr5	152176617	152176827	SINE/MIR	567	-	105	152176722	91452
chr5	152085270	152285270	harbor2	chr5	152181763	152181978	SINE/MIR	498	-	108	152181871	96601
chr5	152085270	152285270	harbor2	chr5	152184924	152185123	SINE/MIR	590	-	100	152185024	99754
chr5	151857548	152057548	harbor2	chr5	151864343	151864517	SINE/MIR	412	-	87	151864430	6882
chr5	151857548	152057548	harbor2	chr5	151867540	151867792	SINE/MIR	665	-	126	151867666	10118
chr5	151857548	152057548	harbor2	chr5	151868332	151868581	SINE/MIR	801	-	124	151868456	10908
chr5	151857548	152057548	harbor2	chr5	151869760	151869939	SINE/MIR	486	-	90	151869850	12302
chr5	151857548	152057548	harbor2	chr5	151883671	151883813	SINE/MIR	476	-	71	151883742	26194
chr5	151857548	152057548	harbor2	chr5	151887431	151887663	SINE/MIR	705	-	116	151887547	29999
chr5	151857548	152057548	harbor2	chr5	151887944	151888155	SINE/MIR	451	-	106	151888050	30502
chr5	151857548	152057548	harbor2	chr5	151900456	151900590	SINE/MIR	484	-	67	151900523	42975
chr5	151857548	152057548	harbor2	chr5	151901785	151901973	SINE/MIR	492	-	94	151901879	44331
chr5	151857548	152057548	harbor2	chr5	151902708	151902886	SINE/MIR	571	-	89	151902797	45249
chr5	151857548	152057548	harbor2	chr5	151903733	151903911	SINE/MIR	514	-	89	151903822	46274
chr5	151857548	152057548	harbor2	chr5	151906618	151906858	SINE/MIR	420	-	120	151906738	49190
chr5	151857548	152057548	harbor2	chr5	151911387	151911595	SINE/MIR	505	-	104	151911491	53943
chr5	151857548	152057548	harbor2	chr5	151913190	151913336	SINE/MIR	494	-	73	151913263	55715
chr5	151857548	152057548	harbor2	chr5	151919642	151919827	SINE/MIR	481	-	92	151919734	62186
chr5	151857548	152057548	harbor2	chr5	151934287	151934489	SINE/MIR	434	-	101	151934388	76840
chr5	151857548	152057548	harbor2	chr5	151938572	151938726	SINE/MIR	402	-	77	151938649	81101
chr5	151857548	152057548	harbor2	chr5	151939991	151940230	SINE/MIR	796	-	120	151940111	82563
chr5	151857548	152057548	harbor2	chr5	151945284	151945487	SINE/MIR	609	-	102	151945386	87838
chr5	114120565	114320565	harbor2	chr5	114164878	114165115	SINE/MIR	918	-	118	114164996	44431
chr5	114120565	114320565	harbor2	chr5	114189616	114189777	SINE/MIR	588	-	80	114189696	69131
chr5	114120565	114320565	harbor2	chr5	114213948	114214070	SINE/MIR	547	-	61	114214009	93444
chr5	171176720	171376720	harbor2	chr5	171181870	171182037	SINE/MIR	484	-	84	171181954	5234
chr5	171176720	171376720	harbor2	chr5	171191269	171191406	SINE/MIR	417	-	68	171191337	14617
chr5	171176720	171376720	harbor2	chr5	171191710	171191764	SINE/MIR	417	-	27	171191737	15017
chr5	171176720	171376720	harbor2	chr5	171196601	171196815	SINE/MIR	516	-	107	171196708	19988
chr5	171176720	171376720	harbor2	chr5	171197325	171197512	SINE/MIR	563	-	94	171197419	20699
chr5	171176720	171376720	harbor2	chr5	171204756	171204981	SINE/MIR	533	-	112	171204868	28148
chr5	171176720	171376720	harbor2	chr5	171236679	171236908	SINE/MIR	466	-	114	171236793	60073
chr5	171176720	171376720	harbor2	chr5	171247045	171247191	SINE/MIR	550	-	73	171247118	70398
chr5	171176720	171376720	harbor2	chr5	171266224	171266393	SINE/MIR	427	-	84	171266308	89588
chr5	171176720	171376720	harbor2	chr5	171268291	171268451	SINE/MIR	632	-	80	171268371	91651
chr5	171176720	171376720	harbor2	chr5	171272390	171272629	SINE/MIR	704	-	120	171272510	95790
chr5	126460969	126660969	harbor2	chr5	126471666	126471853	SINE/MIR	703	-	94	126471760	10791
chr5	126460969	126660969	harbor2	chr5	126476862	126476990	SINE/MIR	451	-	64	126476926	15957
chr5	126460969	126660969	harbor2	chr5	126477219	126477285	SINE/MIR	451	-	33	126477252	16283
chr5	126460969	126660969	harbor2	chr5	126479466	126479686	SINE/MIR	508	-	110	126479576	18607
chr5	126460969	126660969	harbor2	chr5	126520856	126520981	SINE/MIR	403	-	62	126520918	59949
chr5	126460969	126660969	harbor2	chr5	126521524	126521661	SINE/MIR	548	-	68	126521592	60623
chr5	126460969	126660969	harbor2	chr5	126550544	126550716	SINE/MIR	558	-	86	126550630	89661
chr5	126835857	127035857	harbor2	chr5	126876377	126876512	SINE/MIR	434	-	68	126876445	40588
chr5	126835857	127035857	harbor2	chr5	126881958	126882157	SINE/MIR	440	-	100	126882058	46201
chr5	126835857	127035857	harbor2	chr5	126882748	126882973	SINE/MIR	644	-	112	126882860	47003
chr5	136458615	136658615	harbor2	chr5	136484365	136484594	SINE/MIR	445	-	114	136484479	25864
chr5	136458615	136658615	harbor2	chr5	136518399	136518650	SINE/MIR	558	-	126	136518525	59910
chr5	136458615	136658615	harbor2	chr5	136522520	136522756	SINE/MIR	680	-	118	136522638	64023
chr5	123064590	123264590	harbor2	chr5	123066814	123067054	SINE/MIR	540	-	120	123066934	2344
chr5	123064590	123264590	harbor2	chr5	123076304	123076438	SINE/MIR	688	-	67	123076371	11781
chr5	123064590	123264590	harbor2	chr5	123076850	123076941	SINE/MIR	688	-	46	123076896	12306
chr5	123064590	123264590	harbor2	chr5	123113364	123113640	SINE/MIR	567	-	138	123113502	48912
chr5	123064590	123264590	harbor2	chr5	123150088	123150335	SINE/MIR	540	-	124	123150212	85622
chr5	165094344	165294344	harbor2	chr5	165133978	165134156	SINE/MIR	398	-	89	165134067	39723
chr5	165094344	165294344	harbor2	chr5	165165336	165165580	SINE/MIR	592	-	122	165165458	71114
chr5	118015574	118215574	harbor2	chr5	118048802	118048984	SINE/MIR	515	-	91	118048893	33319
chr5	118015574	118215574	harbor2	chr5	118067854	118068079	SINE/MIR	453	-	112	118067966	52392
chr5	118015574	118215574	harbor2	chr5	118075457	118075628	SINE/MIR	593	-	86	118075543	59969
chr5	118015574	118215574	harbor2	chr5	118075813	118075878	SINE/MIR	593	-	32	118075845	60271
chr5	118015574	118215574	harbor2	chr5	118114065	118114183	SINE/MIR	419	-	59	118114124	98550
chr5	77920231	78120231	harbor2	chr5	77932086	77932266	SINE/MIR	484	-	90	77932176	11945
chr5	77920231	78120231	harbor2	chr5	78006076	78006282	SINE/MIR	709	-	103	78006179	85948
chr5	148006738	148206738	harbor2	chr5	148037264	148037418	SINE/MIR	500	-	77	148037341	30603
chr5	148006738	148206738	harbor2	chr5	148044473	148044681	SINE/MIR	512	-	104	148044577	37839
chr5	148006738	148206738	harbor2	chr5	148061907	148062082	SINE/MIR	630	-	88	148061995	55257
chr5	148006738	148206738	harbor2	chr5	148085808	148086011	SINE/MIR	708	-	102	148085910	79172
chr5	148006738	148206738	harbor2	chr5	148092896	148093076	SINE/MIR	403	-	90	148092986	86248
chr5	148006738	148206738	harbor2	chr5	148098001	148098202	SINE/MIR	410	-	100	148098101	91363
chr5	148006738	148206738	harbor2	chr5	148104099	148104312	SINE/MIR	640	-	106	148104205	97467
chr5	174853857	175053857	harbor2	chr5	174877060	174877216	SINE/MIR	421	-	78	174877138	23281
chr5	174853857	175053857	harbor2	chr5	174913389	174913622	SINE/MIR	650	-	116	174913505	59648
chr5	174853857	175053857	harbor2	chr5	174948925	174949065	SINE/MIR	533	-	70	174948995	95138
chr5	161804975	162004975	harbor2	chr5	161834920	161835143	SINE/MIR	504	-	112	161835032	30057
chr5	161804975	162004975	harbor2	chr5	161870022	161870241	SINE/MIR	423	-	110	161870132	65157
chr5	161804975	162004975	harbor2	chr5	161886020	161886205	SINE/MIR	780	-	92	161886112	81137
chr5	161804975	162004975	harbor2	chr5	161889348	161889475	SINE/MIR	428	-	64	161889412	84437
chr5	161804975	162004975	harbor2	chr5	161891892	161892102	SINE/MIR	567	-	105	161891997	87022
chr5	151143263	151343263	harbor2	chr5	151185653	151185849	SINE/MIR	414	-	98	151185751	42488
chr5	151143263	151343263	harbor2	chr5	151202949	151203201	SINE/MIR	868	-	126	151203075	59812
chr5	151143263	151343263	harbor2	chr5	151220271	151220457	SINE/MIR	493	-	93	151220364	77101
chr5	151143263	151343263	harbor2	chr5	151224352	151224545	SINE/MIR	607	-	96	151224448	81185
chr5	151143263	151343263	harbor2	chr5	151237973	151238180	SINE/MIR	536	-	104	151238077	94814
chr5	168449687	168649687	harbor2	chr5	168458192	168458349	SINE/MIR	409	-	78	168458270	8583
chr5	168449687	168649687	harbor2	chr5	168505032	168505159	SINE/MIR	564	-	64	168505096	55409
chr5	168449687	168649687	harbor2	chr5	168531090	168531263	SINE/MIR	396	-	86	168531176	81489
chr5	168449687	168649687	harbor2	chr5	168532331	168532496	SINE/MIR	421	-	82	168532413	82726
chr5	168449687	168649687	harbor2	chr5	168536953	168537128	SINE/MIR	414	-	88	168537041	87354
chr5	126152987	126352987	harbor2	chr5	126191728	126191933	SINE/MIR	789	-	102	126191830	38843
chr5	61047037	61247037	harbor2	chr5	61047203	61047400	SINE/MIR	577	-	98	61047301	264
chr5	61047037	61247037	harbor2	chr5	61098085	61098343	SINE/MIR	968	-	129	61098214	51177
chr5	132619090	132819090	harbor2	chr5	132668943	132669156	SINE/MIR	653	-	106	132669049	49959
chr5	132619090	132819090	harbor2	chr5	132669189	132669379	SINE/MIR	438	-	95	132669284	50194
chr5	132619090	132819090	harbor2	chr5	132681844	132682004	SINE/MIR	436	-	80	132681924	62834
chr5	116550415	116750415	harbor2	chr5	116551424	116551638	SINE/MIR	913	-	107	116551531	1116
chr5	116550415	116750415	harbor2	chr5	116556444	116556662	SINE/MIR	739	-	109	116556553	6138
chr5	116550415	116750415	harbor2	chr5	116567473	116567655	SINE/MIR	488	-	91	116567564	17149
chr5	116550415	116750415	harbor2	chr5	116568215	116568421	SINE/MIR	544	-	103	116568318	17903
chr5	116550415	116750415	harbor2	chr5	116586904	116587103	SINE/MIR	400	-	100	116587004	36589
chr5	116550415	116750415	harbor2	chr5	116597653	116597859	SINE/MIR	433	-	103	116597756	47341
chr5	116550415	116750415	harbor2	chr5	116603714	116603873	SINE/MIR	404	-	80	116603794	53379
chr5	116550415	116750415	harbor2	chr5	116624322	116624543	SINE/MIR	556	-	110	116624432	74017
chr5	116550415	116750415	harbor2	chr5	116626988	116627151	SINE/MIR	509	-	82	116627070	76655
chr5	116550415	116750415	harbor2	chr5	116636939	116637177	SINE/MIR	558	-	119	116637058	86643
chr5	71982624	72182624	harbor2	chr5	72006894	72007117	SINE/MIR	713	-	112	72007006	24382
chr5	71982624	72182624	harbor2	chr5	72018450	72018562	SINE/MIR	412	-	56	72018506	35882
chr5	71982624	72182624	harbor2	chr5	72033736	72033874	SINE/MIR	455	-	69	72033805	51181
chr5	71982624	72182624	harbor2	chr5	72073916	72074043	SINE/MIR	440	-	64	72073980	91356
chr5	71982624	72182624	harbor2	chr5	72078034	72078185	SINE/MIR	524	-	76	72078110	95486
chr5	111847443	112047443	harbor2	chr5	111876748	111876977	SINE/MIR	956	-	114	111876862	29419
chr5	111847443	112047443	harbor2	chr5	111897104	111897328	SINE/MIR	415	-	112	111897216	49773
chr5	111847443	112047443	harbor2	chr5	111911817	111912035	SINE/MIR	636	-	109	111911926	64483
chr5	111847443	112047443	harbor2	chr5	111913026	111913282	SINE/MIR	462	-	128	111913154	65711
chr5	83878015	84078015	harbor2	chr5	83912699	83912928	SINE/MIR	637	-	114	83912813	34798
chr5	90721858	90921858	harbor2	chr5	90809267	90809293	SINE/MIR	546	-	13	90809280	87422
chr5	90721858	90921858	harbor2	chr5	90809328	90809522	SINE/MIR	546	-	97	90809425	87567
chr5	155389242	155589242	harbor2	chr5	155394951	155395056	SINE/MIR	514	-	52	155395003	5761
chr5	155389242	155589242	harbor2	chr5	155408915	155409167	SINE/MIR	403	-	126	155409041	19799
chr5	155389242	155589242	harbor2	chr5	155432884	155433068	SINE/MIR	637	-	92	155432976	43734
chr5	155389242	155589242	harbor2	chr5	155433207	155433378	SINE/MIR	569	-	86	155433293	44051
chr5	155389242	155589242	harbor2	chr5	155438840	155439055	SINE/MIR	537	-	108	155438948	49706
chr5	155389242	155589242	harbor2	chr5	155444309	155444496	SINE/MIR	488	-	94	155444403	55161
chr5	155389242	155589242	harbor2	chr5	155451587	155451826	SINE/MIR	643	-	120	155451707	62465
chr5	155389242	155589242	harbor2	chr5	155459481	155459616	SINE/MIR	448	-	68	155459549	70307
chr5	155389242	155589242	harbor2	chr5	155473829	155474048	SINE/MIR	403	-	110	155473939	84697
chr5	144690452	144890452	harbor2	chr5	144699044	144699265	SINE/MIR	522	-	110	144699154	8702
chr5	144690452	144890452	harbor2	chr5	144760241	144760470	SINE/MIR	560	-	114	144760355	69903
chr5	144690452	144890452	harbor2	chr5	144772606	144772807	SINE/MIR	414	-	100	144772706	82254
chr5	147461876	147661876	harbor2	chr5	147474375	147474581	SINE/MIR	487	-	103	147474478	12602
chr5	147461876	147661876	harbor2	chr5	147475967	147476118	SINE/MIR	705	-	76	147476043	14167
chr5	147461876	147661876	harbor2	chr5	147479100	147479340	SINE/MIR	469	-	120	147479220	17344
chr5	147461876	147661876	harbor2	chr5	147506714	147506851	SINE/MIR	413	-	68	147506782	44906
chr5	147461876	147661876	harbor2	chr5	147513170	147513402	SINE/MIR	466	-	116	147513286	51410
chr5	147461876	147661876	harbor2	chr5	147525353	147525381	SINE/MIR	500	-	14	147525367	63491
chr5	147461876	147661876	harbor2	chr5	147525814	147526010	SINE/MIR	500	-	98	147525912	64036
chr5	147461876	147661876	harbor2	chr5	147530690	147530841	SINE/MIR	616	-	76	147530766	68890
chr5	147461876	147661876	harbor2	chr5	147531027	147531122	SINE/MIR	616	-	48	147531075	69199
chr5	147461876	147661876	harbor2	chr5	147535923	147536155	SINE/MIR	671	-	116	147536039	74163
chr5	147461876	147661876	harbor2	chr5	147543595	147543826	SINE/MIR	642	-	116	147543711	81835
chr5	160319745	160519745	harbor2	chr5	160328937	160329045	SINE/MIR	451	-	54	160328991	9246
chr5	160319745	160519745	harbor2	chr5	160334449	160334674	SINE/MIR	1009	-	112	160334561	14816
chr5	160319745	160519745	harbor2	chr5	160352898	160353053	SINE/MIR	543	-	78	160352976	33231
chr5	160319745	160519745	harbor2	chr5	160355571	160355697	SINE/MIR	660	-	63	160355634	35889
chr5	160319745	160519745	harbor2	chr5	160355915	160356001	SINE/MIR	660	-	43	160355958	36213
chr5	160319745	160519745	harbor2	chr5	160358745	160358807	SINE/MIR	565	-	31	160358776	39031
chr5	160319745	160519745	harbor2	chr5	160359076	160359295	SINE/MIR	565	-	110	160359186	39441
chr5	160319745	160519745	harbor2	chr5	160359297	160359436	SINE/MIR	399	-	70	160359367	39622
chr5	160319745	160519745	harbor2	chr5	160418225	160418409	SINE/MIR	579	-	92	160418317	98572
chr5	124424350	124624350	harbor2	chr5	124440870	124441021	SINE/MIR	403	-	76	124440946	16596
chr5	124424350	124624350	harbor2	chr5	124464110	124464306	SINE/MIR	447	-	98	124464208	39858
chr5	124424350	124624350	harbor2	chr5	124464564	124464713	SINE/MIR	485	-	74	124464638	40288
chr5	124424350	124624350	harbor2	chr5	124480095	124480341	SINE/MIR	684	-	123	124480218	55868
chr5	162483327	162683327	harbor2	chr5	162497488	162497653	SINE/MIR	543	-	82	162497570	14243
chr5	162483327	162683327	harbor2	chr5	162527288	162527462	SINE/MIR	657	-	87	162527375	44048
chr5	91971377	92171377	harbor2	chr5	91997328	91997520	SINE/MIR	520	-	96	91997424	26047
chr5	91971377	92171377	harbor2	chr5	92001675	92001880	SINE/MIR	678	-	102	92001777	30400
chr5	91971377	92171377	harbor2	chr5	92016952	92017130	SINE/MIR	762	-	89	92017041	45664
chr5	144809963	145009963	harbor2	chr5	144820640	144820763	SINE/MIR	399	-	62	144820702	10739
chr5	144809963	145009963	harbor2	chr5	144873112	144873276	SINE/MIR	655	-	82	144873194	63231
chr5	144809963	145009963	harbor2	chr5	144900703	144900891	SINE/MIR	464	-	94	144900797	90834
chr5	167263623	167463623	harbor2	chr5	167288589	167288835	SINE/MIR	778	-	123	167288712	25089
chr5	167263623	167463623	harbor2	chr5	167307494	167307667	SINE/MIR	462	-	86	167307580	43957
chr5	167263623	167463623	harbor2	chr5	167330201	167330440	SINE/MIR	527	-	120	167330321	66698
chr5	167263623	167463623	harbor2	chr5	167334041	167334280	SINE/MIR	655	-	120	167334161	70538
chr5	167263623	167463623	harbor2	chr5	167349304	167349456	SINE/MIR	578	-	76	167349380	85757
chr5	178983177	179183177	harbor2	chr5	179063620	179063757	SINE/MIR	515	-	68	179063688	80511
chr5	166197600	166397600	harbor2	chr5	166244300	166244522	SINE/MIR	527	-	111	166244411	46811
chr5	166197600	166397600	harbor2	chr5	166277648	166277856	SINE/MIR	542	-	104	166277752	80152
chr5	166197600	166397600	harbor2	chr5	166283098	166283306	SINE/MIR	708	-	104	166283202	85602
chr5	166197600	166397600	harbor2	chr5	166294490	166294746	SINE/MIR	771	-	128	166294618	97018
chr5	109027941	109227941	harbor2	chr5	109074110	109074342	SINE/MIR	674	-	116	109074226	46285
chr5	109027941	109227941	harbor2	chr5	109097022	109097263	SINE/MIR	404	-	120	109097142	69201
chr5	109027941	109227941	harbor2	chr5	109105944	109106097	SINE/MIR	462	-	76	109106020	78079
chr5	109027941	109227941	harbor2	chr5	109108113	109108310	SINE/MIR	544	-	98	109108211	80270
chr5	97130270	97330270	harbor2	chr5	97161071	97161240	SINE/MIR	575	-	84	97161155	30885
chr5	180036602	180236602	harbor2	chr5	180115627	180115854	SINE/MIR	539	-	114	180115741	79139
chr5	180036602	180236602	harbor2	chr5	180133435	180133524	SINE/MIR	395	-	44	180133479	96877
chr5	180036602	180236602	harbor2	chr5	180133904	180134106	SINE/MIR	426	-	101	180134005	97403
chr5	169119782	169319782	harbor2	chr5	169120952	169121153	SINE/MIR	498	-	100	169121052	1270
chr5	169119782	169319782	harbor2	chr5	169143242	169143470	SINE/MIR	491	-	114	169143356	23574
chr5	169119782	169319782	harbor2	chr5	169146082	169146282	SINE/MIR	773	-	100	169146182	26400
chr5	169119782	169319782	harbor2	chr5	169148905	169149113	SINE/MIR	623	-	104	169149009	29227
chr5	169119782	169319782	harbor2	chr5	169149876	169150087	SINE/MIR	498	-	106	169149982	30200
chr5	169119782	169319782	harbor2	chr5	169160158	169160371	SINE/MIR	480	-	106	169160264	40482
chr5	169119782	169319782	harbor2	chr5	169165974	169166099	SINE/MIR	553	-	62	169166036	46254
chr5	169119782	169319782	harbor2	chr5	169167214	169167268	SINE/MIR	568	-	27	169167241	47459
chr5	169119782	169319782	harbor2	chr5	169167576	169167734	SINE/MIR	568	-	79	169167655	47873
chr5	169119782	169319782	harbor2	chr5	169168469	169168735	SINE/MIR	466	-	133	169168602	48820
chr5	169119782	169319782	harbor2	chr5	169188471	169188571	SINE/MIR	417	-	50	169188521	68739
chr5	169119782	169319782	harbor2	chr5	169188697	169188877	SINE/MIR	406	-	90	169188787	69005
chr5	169119782	169319782	harbor2	chr5	169196491	169196722	SINE/MIR	502	-	116	169196607	76825
chr5	169119782	169319782	harbor2	chr5	169199548	169199764	SINE/MIR	630	-	108	169199656	79874
chr5	169119782	169319782	harbor2	chr5	169202328	169202553	SINE/MIR	603	-	112	169202440	82658
chr5	169119782	169319782	harbor2	chr5	169219305	169219476	SINE/MIR	442	-	86	169219391	99609
chr5	38740800	38940800	harbor2	chr5	38746922	38747088	SINE/MIR	583	-	83	38747005	6205
chr5	38740800	38940800	harbor2	chr5	38749095	38749286	SINE/MIR	570	-	96	38749191	8391
chr5	38740800	38940800	harbor2	chr5	38761971	38762194	SINE/MIR	873	-	112	38762083	21283
chr5	38740800	38940800	harbor2	chr5	38779865	38780077	SINE/MIR	790	-	106	38779971	39171
chr5	38740800	38940800	harbor2	chr5	38801320	38801536	SINE/MIR	733	-	108	38801428	60628
chr5	150859961	151059961	harbor2	chr5	150877599	150877712	SINE/MIR	480	-	56	150877655	17694
chr5	179805175	180005175	harbor2	chr5	179901880	179902112	SINE/MIR	825	-	116	179901996	96821
chr5	151692759	151892759	harbor2	chr5	151696204	151696358	SINE/MIR	531	-	77	151696281	3522
chr5	151692759	151892759	harbor2	chr5	151722743	151722806	SINE/MIR	404	-	32	151722775	30016
chr5	151692759	151892759	harbor2	chr5	151722878	151722948	SINE/MIR	404	-	35	151722913	30154
chr5	151692759	151892759	harbor2	chr5	151735325	151735503	SINE/MIR	668	-	89	151735414	42655
chr5	151692759	151892759	harbor2	chr5	151738151	151738316	SINE/MIR	542	-	82	151738233	45474
chr5	151692759	151892759	harbor2	chr5	151742301	151742526	SINE/MIR	536	-	112	151742413	49654
chr5	151692759	151892759	harbor2	chr5	151742622	151742751	SINE/MIR	443	-	64	151742686	49927
chr5	151692759	151892759	harbor2	chr5	151756818	151757044	SINE/MIR	740	-	113	151756931	64172
chr5	161360024	161560024	harbor2	chr5	161365591	161365766	SINE/MIR	414	-	88	161365679	5655
chr5	161360024	161560024	harbor2	chr5	161406547	161406739	SINE/MIR	407	-	96	161406643	46619
chr5	161360024	161560024	harbor2	chr5	161417263	161417489	SINE/MIR	790	-	113	161417376	57352
chr5	161360024	161560024	harbor2	chr5	161447051	161447276	SINE/MIR	519	-	112	161447163	87139
chr5	155149715	155349715	harbor2	chr5	155155917	155156170	SINE/MIR	747	-	126	155156043	6328
chr5	155149715	155349715	harbor2	chr5	155182942	155183128	SINE/MIR	619	-	93	155183035	33320
chr5	155149715	155349715	harbor2	chr5	155193481	155193710	SINE/MIR	919	-	114	155193595	43880
chr5	155149715	155349715	harbor2	chr5	155193735	155193893	SINE/MIR	396	-	79	155193814	44099
chr5	155149715	155349715	harbor2	chr5	155220157	155220316	SINE/MIR	682	-	80	155220237	70522
chr5	155149715	155349715	harbor2	chr5	155220319	155220550	SINE/MIR	638	-	116	155220435	70720
chr5	155149715	155349715	harbor2	chr5	155228315	155228536	SINE/MIR	596	-	110	155228425	78710
chr5	120151233	120351233	harbor2	chr5	120193737	120193957	SINE/MIR	477	-	110	120193847	42614
chr5	120151233	120351233	harbor2	chr5	120202212	120202450	SINE/MIR	418	-	119	120202331	51098
chr5	120151233	120351233	harbor2	chr5	120219094	120219349	SINE/MIR	412	-	128	120219222	67989
chr5	112815799	113015799	harbor2	chr5	112817702	112817928	SINE/MIR	617	-	113	112817815	2016
chr5	112815799	113015799	harbor2	chr5	112819719	112819972	SINE/MIR	1157	-	126	112819845	4046
chr5	112815799	113015799	harbor2	chr5	112906166	112906348	SINE/MIR	458	-	91	112906257	90458
chr5	173476958	173676958	harbor2	chr5	173484139	173484355	SINE/MIR	655	-	108	173484247	7289
chr5	173476958	173676958	harbor2	chr5	173489814	173489986	SINE/MIR	512	-	86	173489900	12942
chr5	173476958	173676958	harbor2	chr5	173532527	173532699	SINE/MIR	492	-	86	173532613	55655
chr5	173476958	173676958	harbor2	chr5	173539941	173540167	SINE/MIR	481	-	113	173540054	63096
chr5	173476958	173676958	harbor2	chr5	173543502	173543656	SINE/MIR	489	-	77	173543579	66621
chr5	173476958	173676958	harbor2	chr5	173563375	173563607	SINE/MIR	641	-	116	173563491	86533
chr5	173476958	173676958	harbor2	chr5	173565190	173565339	SINE/MIR	402	-	74	173565264	88306
chr5	173476958	173676958	harbor2	chr5	173572222	173572394	SINE/MIR	622	-	86	173572308	95350
chr5	113969908	114169908	harbor2	chr5	114009138	114009340	SINE/MIR	428	-	101	114009239	39331
chr5	113969908	114169908	harbor2	chr5	114009394	114009573	SINE/MIR	403	-	90	114009484	39576
chr5	113969908	114169908	harbor2	chr5	114057234	114057498	SINE/MIR	954	-	132	114057366	87458
chr5	173217071	173417071	harbor2	chr5	173239077	173239236	SINE/MIR	415	-	80	173239157	22086
chr5	173217071	173417071	harbor2	chr5	173279110	173279251	SINE/MIR	582	-	70	173279180	62109
chr5	173217071	173417071	harbor2	chr5	173282687	173282920	SINE/MIR	512	-	116	173282803	65732
chr5	173217071	173417071	harbor2	chr5	173286503	173286731	SINE/MIR	529	-	114	173286617	69546
chr5	173217071	173417071	harbor2	chr5	173288671	173288897	SINE/MIR	495	-	113	173288784	71713
chr5	173217071	173417071	harbor2	chr5	173291975	173292111	SINE/MIR	405	-	68	173292043	74972
chr5	173217071	173417071	harbor2	chr5	173293138	173293350	SINE/MIR	400	-	106	173293244	76173
chr5	173217071	173417071	harbor2	chr5	173295954	173296161	SINE/MIR	888	-	104	173296058	78987
chr5	173217071	173417071	harbor2	chr5	173296459	173296711	SINE/MIR	469	-	126	173296585	79514
chr5	173217071	173417071	harbor2	chr5	173299235	173299464	SINE/MIR	652	-	114	173299349	82278
chr5	177855315	178055315	harbor2	chr5	177892680	177892864	SINE/MIR	398	-	92	177892772	37457
chr5	177855315	178055315	harbor2	chr5	177903428	177903623	SINE/MIR	688	-	98	177903526	48211
chr5	177855315	178055315	harbor2	chr5	177904530	177904689	SINE/MIR	484	-	80	177904610	49295
chr5	177855315	178055315	harbor2	chr5	177926870	177927093	SINE/MIR	487	-	112	177926982	71667
chr5	177855315	178055315	harbor2	chr5	177930987	177931193	SINE/MIR	496	-	103	177931090	75775
chr5	177855315	178055315	harbor2	chr5	177948654	177948806	SINE/MIR	407	-	76	177948730	93415
chr6	154853193	155053193	harbor2	chr6	154876004	154876208	SINE/MIR	479	-	102	154876106	22913
chr6	147752902	147952902	harbor2	chr6	147803575	147803803	SINE/MIR	451	-	114	147803689	50787
chr6	147752902	147952902	harbor2	chr6	147810673	147810816	SINE/MIR	515	-	72	147810745	57843
chr6	147752902	147952902	harbor2	chr6	147839805	147840030	SINE/MIR	657	-	112	147839917	87015
chr6	147752902	147952902	harbor2	chr6	147848392	147848639	SINE/MIR	688	-	124	147848516	95614
chr6	134559762	134759762	harbor2	chr6	134575727	134575960	SINE/MIR	485	-	116	134575843	16081
chr6	134559762	134759762	harbor2	chr6	134586318	134586551	SINE/MIR	716	-	116	134586434	26672
chr6	134559762	134759762	harbor2	chr6	134598444	134598560	SINE/MIR	523	-	58	134598502	38740
chr6	32911606	33111606	harbor2	chr6	32934298	32934417	SINE/MIR	442	-	60	32934358	22752
chr6	32911606	33111606	harbor2	chr6	32946989	32947089	SINE/MIR	531	-	50	32947039	35433
chr6	32911606	33111606	harbor2	chr6	32947614	32947760	SINE/MIR	463	-	73	32947687	36081
chr6	32911606	33111606	harbor2	chr6	32984254	32984509	SINE/MIR	926	-	128	32984382	72776
chr6	32911606	33111606	harbor2	chr6	32986330	32986449	SINE/MIR	430	-	60	32986390	74784
chr6	117391994	117591994	harbor2	chr6	117419986	117420198	SINE/MIR	742	-	106	117420092	28098
chr6	117391994	117591994	harbor2	chr6	117442850	117443066	SINE/MIR	560	-	108	117442958	50964
chr6	87619038	87819038	harbor2	chr6	87619350	87619401	SINE/MIR	494	-	26	87619376	338
chr6	87619038	87819038	harbor2	chr6	87619706	87619848	SINE/MIR	494	-	71	87619777	739
chr6	87619038	87819038	harbor2	chr6	87652682	87652893	SINE/MIR	484	-	106	87652788	33750
chr6	87619038	87819038	harbor2	chr6	87692296	87692478	SINE/MIR	423	-	91	87692387	73349
chr6	87619038	87819038	harbor2	chr6	87714285	87714497	SINE/MIR	902	-	106	87714391	95353
chr6	87619038	87819038	harbor2	chr6	87715120	87715286	SINE/MIR	510	-	83	87715203	96165
chr6	87619038	87819038	harbor2	chr6	87637818	87638061	SINE/MIR	764	-	122	87637940	18902
chr6	87619038	87819038	harbor2	chr6	87654378	87654606	SINE/MIR	419	-	114	87654492	35454
chr6	64360058	64560058	harbor2	chr6	64417192	64417428	SINE/MIR	461	-	118	64417310	57252
chr6	146996369	147196369	harbor2	chr6	147007238	147007406	SINE/MIR	607	-	84	147007322	10953
chr6	146996369	147196369	harbor2	chr6	147043570	147043813	SINE/MIR	566	-	122	147043692	47323
chr6	146996369	147196369	harbor2	chr6	147055648	147055770	SINE/MIR	511	-	61	147055709	59340
chr6	146996369	147196369	harbor2	chr6	147080433	147080591	SINE/MIR	510	-	79	147080512	84143
chr6	169805082	170005082	harbor2	chr6	169881526	169881640	SINE/MIR	462	-	57	169881583	76501
chr6	157449195	157649195	harbor2	chr6	157509433	157509598	SINE/MIR	558	-	82	157509515	60320
chr6	157449195	157649195	harbor2	chr6	157512067	157512261	SINE/MIR	790	-	97	157512164	62969
chr6	157449195	157649195	harbor2	chr6	157543907	157544121	SINE/MIR	453	-	107	157544014	94819
chr6	167018813	167218813	harbor2	chr6	167028620	167028747	SINE/MIR	533	-	64	167028684	9871
chr6	161278062	161478062	harbor2	chr6	161282598	161282763	SINE/MIR	414	-	82	161282680	4618
chr6	147994489	148194489	harbor2	chr6	148084681	148084888	SINE/MIR	681	-	104	148084785	90296
chr6	147994489	148194489	harbor2	chr6	148078554	148078781	SINE/MIR	589	-	114	148078668	84179
chr6	160076132	160276132	harbor2	chr6	160139090	160139256	SINE/MIR	683	-	83	160139173	63041
chr6	160076132	160276132	harbor2	chr6	160144114	160144268	SINE/MIR	510	-	77	160144191	68059
chr6	160076132	160276132	harbor2	chr6	160162716	160162955	SINE/MIR	730	-	120	160162836	86704
chr6	126662571	126862571	harbor2	chr6	126700061	126700231	SINE/MIR	559	-	85	126700146	37575
chr6	126662571	126862571	harbor2	chr6	126737063	126737257	SINE/MIR	410	-	97	126737160	74589
chr6	126662571	126862571	harbor2	chr6	126737731	126737898	SINE/MIR	676	-	84	126737815	75244
chr6	136668064	136868064	harbor2	chr6	136677877	136678103	SINE/MIR	434	-	113	136677990	9926
chr6	136668064	136868064	harbor2	chr6	136727271	136727467	SINE/MIR	637	-	98	136727369	59305
chr6	136668064	136868064	harbor2	chr6	136765830	136765948	SINE/MIR	453	-	59	136765889	97825
chr6	109862555	110062555	harbor2	chr6	109865588	109865840	SINE/MIR	725	-	126	109865714	3159
chr6	109862555	110062555	harbor2	chr6	109912917	109913136	SINE/MIR	539	-	110	109913027	50472
chr6	109862555	110062555	harbor2	chr6	109919278	109919339	SINE/MIR	515	-	30	109919308	56753
chr6	109862555	110062555	harbor2	chr6	109919713	109919773	SINE/MIR	515	-	30	109919743	57188
chr6	109862555	110062555	harbor2	chr6	109924934	109925103	SINE/MIR	440	-	84	109925018	62463
chr6	109862555	110062555	harbor2	chr6	109927755	109927961	SINE/MIR	501	-	103	109927858	65303
chr6	109862555	110062555	harbor2	chr6	109935020	109935273	SINE/MIR	683	-	126	109935146	72591
chr6	156251792	156451792	harbor2	chr6	156335381	156335623	SINE/MIR	450	-	121	156335502	83710
chr6	156251792	156451792	harbor2	chr6	156337007	156337250	SINE/MIR	576	-	122	156337129	85337
chr6	141482985	141682985	harbor2	chr6	141579702	141579928	SINE/MIR	625	-	113	141579815	96830
chr6	137792133	137992133	harbor2	chr6	137802118	137802239	SINE/MIR	476	-	60	137802178	10045
chr6	137792133	137992133	harbor2	chr6	137816730	137816933	SINE/MIR	791	-	102	137816832	24699
chr6	137792133	137992133	harbor2	chr6	137830996	137831212	SINE/MIR	531	-	108	137831104	38971
chr6	137792133	137992133	harbor2	chr6	137858213	137858436	SINE/MIR	999	-	112	137858325	66192
chr6	137792133	137992133	harbor2	chr6	137874458	137874628	SINE/MIR	495	-	85	137874543	82410
chr6	137792133	137992133	harbor2	chr6	137876606	137876862	SINE/MIR	758	-	128	137876734	84601
chr6	64803152	65003152	harbor2	chr6	64820594	64820783	SINE/MIR	492	-	94	64820688	17536
chr6	168080923	168280923	harbor2	chr6	168164646	168164889	SINE/MIR	717	-	122	168164768	83845
chr6	164838514	165038514	harbor2	chr6	164881099	164881352	SINE/MIR	663	-	126	164881225	42711
chr6	143322697	143522697	harbor2	chr6	143383103	143383336	SINE/MIR	595	-	116	143383219	60522
chr6	143322697	143522697	harbor2	chr6	143395858	143396032	SINE/MIR	451	-	87	143395945	73248
chr6	151326930	151526930	harbor2	chr6	151367546	151367663	SINE/MIR	416	-	58	151367604	40674
chr6	151326930	151526930	harbor2	chr6	151373728	151373982	SINE/MIR	409	-	127	151373855	46925
chr6	151326930	151526930	harbor2	chr6	151402408	151402587	SINE/MIR	578	-	90	151402498	75568
chr6	117397691	117597691	harbor2	chr6	117419986	117420198	SINE/MIR	742	-	106	117420092	22401
chr6	117397691	117597691	harbor2	chr6	117442850	117443066	SINE/MIR	560	-	108	117442958	45267
chr6	117397691	117597691	harbor2	chr6	117495384	117495601	SINE/MIR	426	-	108	117495492	97801
chr6	137038447	137238447	harbor2	chr6	137082140	137082322	SINE/MIR	538	-	91	137082231	43784
chr6	125615891	125815891	harbor2	chr6	125620113	125620323	SINE/MIR	437	-	105	125620218	4327
chr6	125615891	125815891	harbor2	chr6	125661677	125661907	SINE/MIR	665	-	115	125661792	45901
chr6	125615891	125815891	harbor2	chr6	125664669	125664900	SINE/MIR	522	-	116	125664785	48894
chr6	125615891	125815891	harbor2	chr6	125670110	125670242	SINE/MIR	465	-	66	125670176	54285
chr6	170009053	170209053	harbor2	chr6	170084104	170084304	SINE/MIR	549	-	100	170084204	75151
chr6	142768397	142968397	harbor2	chr6	142778574	142778733	SINE/MIR	415	-	80	142778654	10257
chr6	142768397	142968397	harbor2	chr6	142806741	142806953	SINE/MIR	536	-	106	142806847	38450
chr6	116415250	116615250	harbor2	chr6	116447118	116447192	SINE/MIR	413	-	37	116447155	31905
chr6	116415250	116615250	harbor2	chr6	116450139	116450350	SINE/MIR	851	-	106	116450245	34995
chr6	116415250	116615250	harbor2	chr6	116460773	116460942	SINE/MIR	419	-	84	116460857	45607
chr6	160075488	160275488	harbor2	chr6	160139090	160139256	SINE/MIR	683	-	83	160139173	63685
chr6	160075488	160275488	harbor2	chr6	160144114	160144268	SINE/MIR	510	-	77	160144191	68703
chr6	160075488	160275488	harbor2	chr6	160162716	160162955	SINE/MIR	730	-	120	160162836	87348
chr6	166757498	166957498	harbor2	chr6	166785604	166785744	SINE/MIR	480	-	70	166785674	28176
chr6	166757498	166957498	harbor2	chr6	166833041	166833180	SINE/MIR	411	-	70	166833111	75613
chr6	166596510	166796510	harbor2	chr6	166616168	166616329	SINE/MIR	431	-	80	166616248	19738
chr6	138742411	138942411	harbor2	chr6	138762664	138762805	SINE/MIR	478	-	70	138762734	20323
chr6	138742411	138942411	harbor2	chr6	138762994	138763191	SINE/MIR	433	-	98	138763092	20681
chr6	125604701	125804701	harbor2	chr6	125620113	125620323	SINE/MIR	437	-	105	125620218	15517
chr6	125604701	125804701	harbor2	chr6	125661677	125661907	SINE/MIR	665	-	115	125661792	57091
chr6	125604701	125804701	harbor2	chr6	125664669	125664900	SINE/MIR	522	-	116	125664785	60084
chr6	125604701	125804701	harbor2	chr6	125670110	125670242	SINE/MIR	465	-	66	125670176	65475
chr6	143926713	144126713	harbor2	chr6	143936267	143936397	SINE/MIR	544	-	65	143936332	9619
chr6	143926713	144126713	harbor2	chr6	143959593	143959743	SINE/MIR	455	-	75	143959668	32955
chr6	143926713	144126713	harbor2	chr6	143963462	143963633	SINE/MIR	448	-	86	143963548	36835
chr6	143926713	144126713	harbor2	chr6	143974924	143975183	SINE/MIR	565	-	130	143975054	48341
chr6	143926713	144126713	harbor2	chr6	143986012	143986169	SINE/MIR	465	-	78	143986090	59377
chr6	143926713	144126713	harbor2	chr6	143999852	144000000	SINE/MIR	618	-	74	143999926	73213
chr6	143926713	144126713	harbor2	chr6	144008774	144008892	SINE/MIR	411	-	59	144008833	82120
chr6	131478144	131678144	harbor2	chr6	131509825	131510007	SINE/MIR	614	-	91	131509916	31772
chr6	158458891	158658891	harbor2	chr6	158542317	158542494	SINE/MIR	531	-	88	158542405	83514
chr6	156640321	156840321	harbor2	chr6	156644265	156644406	SINE/MIR	531	-	70	156644335	4014
chr6	156640321	156840321	harbor2	chr6	156697686	156697908	SINE/MIR	471	-	111	156697797	57476
chr6	104354913	104554913	harbor2	chr6	104354769	104354916	SINE/MIR	435	-	74	104354843	70
chr6	104354913	104554913	harbor2	chr6	104426782	104426965	SINE/MIR	515	-	92	104426874	71961
chr6	169299841	169499841	harbor2	chr6	169331394	169331593	SINE/MIR	627	-	100	169331494	31653
chr6	138272525	138472525	harbor2	chr6	138296306	138296547	SINE/MIR	613	-	120	138296426	23901
chr6	138272525	138472525	harbor2	chr6	138340583	138340792	SINE/MIR	674	-	104	138340687	68162
chr6	138272525	138472525	harbor2	chr6	138352028	138352239	SINE/MIR	674	-	106	138352134	79609
chr6	138272525	138472525	harbor2	chr6	138353749	138353951	SINE/MIR	559	-	101	138353850	81325
chr6	163858386	164058386	harbor2	chr6	163899272	163899420	SINE/MIR	596	-	74	163899346	40960
chr6	163858386	164058386	harbor2	chr6	163930022	163930220	SINE/MIR	616	-	99	163930121	71735
chr6	162897383	163097383	harbor2	chr6	162910127	162910321	SINE/MIR	581	-	97	162910224	12841
chr6	162897383	163097383	harbor2	chr6	162974680	162974898	SINE/MIR	510	-	109	162974789	77406
chr6	52232936	52432936	harbor2	chr6	52232780	52233013	SINE/MIR	732	-	116	52232896	40
chr6	52232936	52432936	harbor2	chr6	52241614	52241838	SINE/MIR	462	-	112	52241726	8790
chr6	52232936	52432936	harbor2	chr6	52242929	52243094	SINE/MIR	525	-	82	52243011	10075
chr6	52232936	52432936	harbor2	chr6	52280356	52280587	SINE/MIR	838	-	116	52280472	47536
chr6	52232936	52432936	harbor2	chr6	52289973	52290178	SINE/MIR	652	-	102	52290075	57139
chr6	52232936	52432936	harbor2	chr6	52311805	52311994	SINE/MIR	707	-	94	52311899	78963
chr6	52232936	52432936	harbor2	chr6	52318238	52318504	SINE/MIR	590	-	133	52318371	85435
chr6	52232936	52432936	harbor2	chr6	52320987	52321173	SINE/MIR	473	-	93	52321080	88144
chr6	167637920	167837920	harbor2	chr6	167719054	167719208	SINE/MIR	491	-	77	167719131	81211
chr6	140734169	140934169	harbor2	chr6	140758191	140758342	SINE/MIR	511	-	76	140758267	24098
chr6	132518305	132718305	harbor2	chr6	132582527	132582750	SINE/MIR	752	-	112	132582639	64334
chr6	165866052	166066052	harbor2	chr6	165877754	165877980	SINE/MIR	585	-	113	165877867	11815
chr6	165866052	166066052	harbor2	chr6	165951954	165952182	SINE/MIR	447	-	114	165952068	86016
chr6	100687550	100887550	harbor2	chr6	100689246	100689480	SINE/MIR	513	-	117	100689363	1813
chr6	100687550	100887550	harbor2	chr6	100746036	100746273	SINE/MIR	583	-	118	100746154	58604
chr6	100687550	100887550	harbor2	chr6	100768229	100768340	SINE/MIR	460	-	56	100768285	80735
chr6	100687550	100887550	harbor2	chr6	100772960	100773162	SINE/MIR	559	-	101	100773061	85511
chr6	100687550	100887550	harbor2	chr6	100775398	100775499	SINE/MIR	434	-	50	100775448	87898
chr6	100687550	100887550	harbor2	chr6	100783827	100784055	SINE/MIR	735	-	114	100783941	96391
chr6	117141258	117341258	harbor2	chr6	117206469	117206669	SINE/MIR	441	-	100	117206569	65311
chr6	117141258	117341258	harbor2	chr6	117216668	117216752	SINE/MIR	461	-	42	117216710	75452
chr6	117141258	117341258	harbor2	chr6	117217164	117217279	SINE/MIR	429	-	58	117217222	75964
chr6	133039814	133239814	harbor2	chr6	133058704	133058911	SINE/MIR	741	-	104	133058808	18994
chr6	133039814	133239814	harbor2	chr6	133072750	133072947	SINE/MIR	632	-	98	133072848	33034
chr6	133039814	133239814	harbor2	chr6	133080529	133080688	SINE/MIR	525	-	80	133080609	40795
chr6	133039814	133239814	harbor2	chr6	133111779	133112004	SINE/MIR	601	-	112	133111891	72077
chr6	133039814	133239814	harbor2	chr6	133126014	133126269	SINE/MIR	583	-	128	133126142	86328
chr6	40958407	41158407	harbor2	chr6	40961289	40961465	SINE/MIR	426	-	88	40961377	2970
chr6	40958407	41158407	harbor2	chr6	40967156	40967349	SINE/MIR	494	-	96	40967252	8845
chr6	40958407	41158407	harbor2	chr6	40968685	40968880	SINE/MIR	748	-	98	40968783	10376
chr6	40958407	41158407	harbor2	chr6	40986414	40986628	SINE/MIR	567	-	107	40986521	28114
chr6	40958407	41158407	harbor2	chr6	40988418	40988555	SINE/MIR	425	-	68	40988486	30079
chr6	40958407	41158407	harbor2	chr6	41016938	41017106	SINE/MIR	576	-	84	41017022	58615
chr6	40958407	41158407	harbor2	chr6	41019741	41019955	SINE/MIR	720	-	107	41019848	61441
chr6	40958407	41158407	harbor2	chr6	41021558	41021776	SINE/MIR	507	-	109	41021667	63260
chr6	40958407	41158407	harbor2	chr6	41037868	41038007	SINE/MIR	545	-	70	41037938	79531
chr6	40958407	41158407	harbor2	chr6	41050107	41050259	SINE/MIR	451	-	76	41050183	91776
chr6	40958407	41158407	harbor2	chr6	41054996	41055205	SINE/MIR	666	-	104	41055100	96693
chr6	40958407	41158407	harbor2	chr6	41056448	41056585	SINE/MIR	404	-	68	41056516	98109
chr6	40958407	41158407	harbor2	chr6	40959864	40960099	SINE/MIR	835	-	118	40959982	1575
chr6	154028228	154228228	harbor2	chr6	154037663	154037859	SINE/MIR	426	-	98	154037761	9533
chr6	154028228	154228228	harbor2	chr6	154096563	154096787	SINE/MIR	524	-	112	154096675	68447
chr6	154669208	154869208	harbor2	chr6	154674956	154675068	SINE/MIR	444	-	56	154675012	5804
chr6	154669208	154869208	harbor2	chr6	154675392	154675445	SINE/MIR	444	-	26	154675418	6210
chr6	154669208	154869208	harbor2	chr6	154744489	154744633	SINE/MIR	412	-	72	154744561	75353
chr6	99849662	100049662	harbor2	chr6	99913899	99914126	SINE/MIR	602	-	114	99914013	64351
chr6	99849662	100049662	harbor2	chr6	99934801	99935012	SINE/MIR	849	-	106	99934907	85245
chr6	136112426	136312426	harbor2	chr6	136118473	136118647	SINE/MIR	571	-	87	136118560	6134
chr6	136112426	136312426	harbor2	chr6	136152340	136152591	SINE/MIR	698	-	126	136152466	40040
chr6	136112426	136312426	harbor2	chr6	136152829	136152999	SINE/MIR	559	-	85	136152914	40488
chr6	136112426	136312426	harbor2	chr6	136156940	136157192	SINE/MIR	711	-	126	136157066	44640
chr6	136112426	136312426	harbor2	chr6	136191063	136191245	SINE/MIR	772	-	91	136191154	78728
chr6	136112426	136312426	harbor2	chr6	136211509	136211715	SINE/MIR	635	-	103	136211612	99186
chr6	71396240	71596240	harbor2	chr6	71416598	71416852	SINE/MIR	608	-	127	71416725	20485
chr6	71396240	71596240	harbor2	chr6	71445681	71445914	SINE/MIR	642	-	116	71445797	49557
chr6	71396240	71596240	harbor2	chr6	71452461	71452679	SINE/MIR	563	-	109	71452570	56330
chr6	71396240	71596240	harbor2	chr6	71480440	71480685	SINE/MIR	1004	-	122	71480562	84322
chr6	71396240	71596240	harbor2	chr6	71490408	71490612	SINE/MIR	458	-	102	71490510	94270
chr6	71396240	71596240	harbor2	chr6	71495549	71495768	SINE/MIR	492	-	110	71495659	99419
chr6	151647523	151847523	harbor2	chr6	151658680	151658891	SINE/MIR	624	-	106	151658786	11263
chr6	151647523	151847523	harbor2	chr6	151694053	151694261	SINE/MIR	667	-	104	151694157	46634
chr6	151647523	151847523	harbor2	chr6	151704710	151704867	SINE/MIR	426	-	78	151704788	57265
chr6	151647523	151847523	harbor2	chr6	151720155	151720337	SINE/MIR	545	-	91	151720246	72723
chr6	151647523	151847523	harbor2	chr6	151729583	151729789	SINE/MIR	812	-	103	151729686	82163
chr6	151647523	151847523	harbor2	chr6	151733062	151733302	SINE/MIR	834	-	120	151733182	85659
chr6	151647523	151847523	harbor2	chr6	151736349	151736375	SINE/MIR	575	-	13	151736362	88839
chr6	151647523	151847523	harbor2	chr6	151736679	151736894	SINE/MIR	575	-	108	151736787	89264
chr6	169166830	169366830	harbor2	chr6	169200343	169200501	SINE/MIR	556	-	79	169200422	33592
chr6	121739027	121939027	harbor2	chr6	121745355	121745555	SINE/MIR	629	-	100	121745455	6428
chr6	121739027	121939027	harbor2	chr6	121766302	121766470	SINE/MIR	499	-	84	121766386	27359
chr6	121739027	121939027	harbor2	chr6	121770065	121770261	SINE/MIR	665	-	98	121770163	31136
chr6	121739027	121939027	harbor2	chr6	121772409	121772622	SINE/MIR	575	-	106	121772515	33488
chr6	121739027	121939027	harbor2	chr6	121776315	121776566	SINE/MIR	730	-	126	121776441	37414
chr6	121739027	121939027	harbor2	chr6	121781865	121782071	SINE/MIR	447	-	103	121781968	42941
chr6	121739027	121939027	harbor2	chr6	121789316	121789500	SINE/MIR	433	-	92	121789408	50381
chr6	101347768	101547768	harbor2	chr6	101364540	101364707	SINE/MIR	517	-	84	101364624	16856
chr6	101347768	101547768	harbor2	chr6	101419572	101419784	SINE/MIR	406	-	106	101419678	71910
chr6	101347768	101547768	harbor2	chr6	101420060	101420293	SINE/MIR	608	-	116	101420176	72408
chr6	23470817	23670817	harbor2	chr6	23506825	23507029	SINE/MIR	490	-	102	23506927	36110
chr6	23470817	23670817	harbor2	chr6	23507344	23507532	SINE/MIR	406	-	94	23507438	36621
chr6	23470817	23670817	harbor2	chr6	23557102	23557351	SINE/MIR	436	-	124	23557226	86409
chr6	23470817	23670817	harbor2	chr6	23566302	23566473	SINE/MIR	443	-	86	23566388	95571
chr6	136670815	136870815	harbor2	chr6	136677877	136678103	SINE/MIR	434	-	113	136677990	7175
chr6	136670815	136870815	harbor2	chr6	136727271	136727467	SINE/MIR	637	-	98	136727369	56554
chr6	136670815	136870815	harbor2	chr6	136765830	136765948	SINE/MIR	453	-	59	136765889	95074
chr6	152706295	152906295	harbor2	chr6	152737428	152737541	SINE/MIR	404	-	56	152737484	31189
chr6	152706295	152906295	harbor2	chr6	152801283	152801507	SINE/MIR	521	-	112	152801395	95100
chr6	140311037	140511037	harbor2	chr6	140325192	140325414	SINE/MIR	449	-	111	140325303	14266
chr6	140311037	140511037	harbor2	chr6	140354269	140354507	SINE/MIR	584	-	119	140354388	43351
chr6	82833365	83033365	harbor2	chr6	82869738	82869941	SINE/MIR	606	-	102	82869840	36475
chr6	82833365	83033365	harbor2	chr6	82870913	82871164	SINE/MIR	551	-	126	82871039	37674
chr6	82833365	83033365	harbor2	chr6	82876544	82876681	SINE/MIR	428	-	68	82876612	43247
chr6	82833365	83033365	harbor2	chr6	82885417	82885624	SINE/MIR	625	-	104	82885521	52156
chr6	82833365	83033365	harbor2	chr6	82895587	82895799	SINE/MIR	458	-	106	82895693	62328
chr6	145366836	145566836	harbor2	chr6	145457021	145457194	SINE/MIR	510	-	86	145457107	90271
chr6	152370457	152570457	harbor2	chr6	152384036	152384267	SINE/MIR	527	-	116	152384152	13695
chr6	152370457	152570457	harbor2	chr6	152386149	152386394	SINE/MIR	707	-	122	152386271	15814
chr6	152370457	152570457	harbor2	chr6	152429137	152429274	SINE/MIR	521	-	68	152429205	58748
chr6	152370457	152570457	harbor2	chr6	152446916	152447140	SINE/MIR	524	-	112	152447028	76571
chr6	163623889	163823889	harbor2	chr6	163637450	163637637	SINE/MIR	443	-	94	163637544	13655
chr6	163623889	163823889	harbor2	chr6	163687222	163687432	SINE/MIR	793	-	105	163687327	63438
chr6	163623889	163823889	harbor2	chr6	163691934	163692173	SINE/MIR	551	-	120	163692054	68165
chr6	163623889	163823889	harbor2	chr6	163721014	163721158	SINE/MIR	688	-	72	163721086	97197
chr6	139086959	139286959	harbor2	chr6	139158702	139158791	SINE/MIR	608	-	44	139158746	71787
chr6	139086959	139286959	harbor2	chr6	139159099	139159221	SINE/MIR	608	-	61	139159160	72201
chr6	139086959	139286959	harbor2	chr6	139162313	139162540	SINE/MIR	720	-	114	139162427	75468
chr6	139086959	139286959	harbor2	chr6	139165047	139165220	SINE/MIR	556	-	86	139165133	78174
chr6	134063581	134263581	harbor2	chr6	134124046	134124229	SINE/MIR	598	-	92	134124138	60557
chr6	149453618	149653618	harbor2	chr6	149455003	149455195	SINE/MIR	497	-	96	149455099	1481
chr6	149453618	149653618	harbor2	chr6	149473940	149474161	SINE/MIR	656	-	110	149474050	20432
chr6	149453618	149653618	harbor2	chr6	149486772	149487005	SINE/MIR	419	-	116	149486888	33270
chr6	149453618	149653618	harbor2	chr6	149510885	149511087	SINE/MIR	437	-	101	149510986	57368
chr6	149453618	149653618	harbor2	chr6	149521274	149521454	SINE/MIR	422	-	90	149521364	67746
chr6	149453618	149653618	harbor2	chr6	149526966	149527076	SINE/MIR	529	-	55	149527021	73403
chr6	149453618	149653618	harbor2	chr6	149527374	149527502	SINE/MIR	529	-	64	149527438	73820
chr6	78471644	78671644	harbor2	chr6	78492033	78492271	SINE/MIR	524	-	119	78492152	20508
chr6	78471644	78671644	harbor2	chr6	78515727	78515900	SINE/MIR	644	-	86	78515813	44169
chr6	78471644	78671644	harbor2	chr6	78522878	78523069	SINE/MIR	481	-	96	78522974	51330
chr6	113261684	113461684	harbor2	chr6	113276362	113276568	SINE/MIR	445	-	103	113276465	14781
chr6	113261684	113461684	harbor2	chr6	113304900	113305177	SINE/MIR	742	-	138	113305038	43354
chr6	162923589	163123589	harbor2	chr6	162974680	162974898	SINE/MIR	510	-	109	162974789	51200
chr6	162923589	163123589	harbor2	chr6	163003726	163003959	SINE/MIR	506	-	116	163003842	80253
chr6	131091366	131291366	harbor2	chr6	131157154	131157379	SINE/MIR	869	-	112	131157266	65900
chr6	131091366	131291366	harbor2	chr6	131177112	131177205	SINE/MIR	841	-	46	131177158	85792
chr6	131091366	131291366	harbor2	chr6	131177660	131177803	SINE/MIR	841	-	72	131177732	86366
chr6	140810647	141010647	harbor2	chr6	140852119	140852229	SINE/MIR	455	-	55	140852174	41527
chr6	140810647	141010647	harbor2	chr6	140852725	140852855	SINE/MIR	455	-	65	140852790	42143
chr6	140810647	141010647	harbor2	chr6	140879206	140879371	SINE/MIR	503	-	82	140879288	68641
chr6	146555565	146755565	harbor2	chr6	146591573	146591770	SINE/MIR	420	-	98	146591671	36106
chr6	73313950	73513950	harbor2	chr6	73340260	73340417	SINE/MIR	578	-	78	73340338	26388
chr6	73313950	73513950	harbor2	chr6	73352007	73352261	SINE/MIR	803	-	127	73352134	38184
chr6	154264818	154464818	harbor2	chr6	154287378	154287634	SINE/MIR	996	-	128	154287506	22688
chr6	135040120	135240120	harbor2	chr6	135096515	135096723	SINE/MIR	585	-	104	135096619	56499
chr6	135040120	135240120	harbor2	chr6	135129696	135129748	SINE/MIR	463	-	26	135129722	89602
chr6	135040120	135240120	harbor2	chr6	135130050	135130189	SINE/MIR	463	-	70	135130120	90000
chr6	154031366	154231366	harbor2	chr6	154037663	154037859	SINE/MIR	426	-	98	154037761	6395
chr6	154031366	154231366	harbor2	chr6	154096563	154096787	SINE/MIR	524	-	112	154096675	65309
chr6	99309516	99509516	harbor2	chr6	99318646	99318849	SINE/MIR	534	-	102	99318748	9232
chr6	99309516	99509516	harbor2	chr6	99343418	99343645	SINE/MIR	1006	-	114	99343532	34016
chr6	99309516	99509516	harbor2	chr6	99345249	99345471	SINE/MIR	787	-	111	99345360	35844
chr6	99309516	99509516	harbor2	chr6	99380927	99381135	SINE/MIR	935	-	104	99381031	71515
chr6	99309516	99509516	harbor2	chr6	99408391	99408561	SINE/MIR	548	-	85	99408476	98960
chr6	138174642	138374642	harbor2	chr6	138185841	138186056	SINE/MIR	611	-	108	138185949	11307
chr6	138174642	138374642	harbor2	chr6	138258328	138258485	SINE/MIR	409	-	78	138258406	83764
chr6	138174642	138374642	harbor2	chr6	138271438	138271669	SINE/MIR	823	-	116	138271554	96912
chr6	109200460	109400460	harbor2	chr6	109226006	109226177	SINE/MIR	440	-	86	109226092	25632
chr6	109200460	109400460	harbor2	chr6	109238871	109239081	SINE/MIR	435	-	105	109238976	38516
chr6	109200460	109400460	harbor2	chr6	109261602	109261813	SINE/MIR	650	-	106	109261708	61248
chr6	109200460	109400460	harbor2	chr6	109262797	109262981	SINE/MIR	615	-	92	109262889	62429
chr6	109200460	109400460	harbor2	chr6	109266958	109267128	SINE/MIR	451	-	85	109267043	66583
chr6	141204771	141404771	harbor2	chr6	141290985	141291127	SINE/MIR	438	-	71	141291056	86285
chr6	141204771	141404771	harbor2	chr6	141299870	141299986	SINE/MIR	439	-	58	141299928	95157
chr6	151078002	151278002	harbor2	chr6	151112003	151112274	SINE/MIR	626	-	136	151112139	34137
chr6	151078002	151278002	harbor2	chr6	151120005	151120248	SINE/MIR	514	-	122	151120127	42125
chr6	151078002	151278002	harbor2	chr6	151141145	151141361	SINE/MIR	640	-	108	151141253	63251
chr6	151078002	151278002	harbor2	chr6	151149931	151150088	SINE/MIR	408	-	78	151150009	72007
chr6	151078002	151278002	harbor2	chr6	151159727	151159920	SINE/MIR	458	-	96	151159823	81821
chr6	151078002	151278002	harbor2	chr6	151177414	151177605	SINE/MIR	544	-	96	151177510	99508
chr6	163383938	163583938	harbor2	chr6	163385111	163385258	SINE/MIR	530	-	74	163385185	1247
chr6	163383938	163583938	harbor2	chr6	163390853	163391022	SINE/MIR	483	-	84	163390937	6999
chr6	163383938	163583938	harbor2	chr6	163399742	163399928	SINE/MIR	575	-	93	163399835	15897
chr6	163383938	163583938	harbor2	chr6	163400679	163400785	SINE/MIR	424	-	53	163400732	16794
chr6	163383938	163583938	harbor2	chr6	163401204	163401276	SINE/MIR	424	-	36	163401240	17302
chr6	160511069	160711069	harbor2	chr6	160519110	160519282	SINE/MIR	460	-	86	160519196	8127
chr6	160511069	160711069	harbor2	chr6	160533295	160533446	SINE/MIR	428	-	76	160533371	22302
chr6	160511069	160711069	harbor2	chr6	160535762	160535885	SINE/MIR	418	-	62	160535824	24755
chr6	154991087	155191087	harbor2	chr6	154998667	154998866	SINE/MIR	525	-	100	154998767	7680
chr6	154991087	155191087	harbor2	chr6	155058531	155058774	SINE/MIR	483	-	122	155058653	67566
chr6	154991087	155191087	harbor2	chr6	155088482	155088691	SINE/MIR	462	-	104	155088586	97499
chr6	133797457	133997457	harbor2	chr6	133809508	133809658	SINE/MIR	423	-	75	133809583	12126
chr6	133797457	133997457	harbor2	chr6	133833028	133833216	SINE/MIR	466	-	94	133833122	35665
chr6	133797457	133997457	harbor2	chr6	133868614	133868835	SINE/MIR	515	-	110	133868724	71267
chr6	133797457	133997457	harbor2	chr6	133879699	133879916	SINE/MIR	458	-	108	133879807	82350
chr6	158748514	158948514	harbor2	chr6	158768715	158768914	SINE/MIR	456	-	100	158768815	20301
chr6	40351030	40551030	harbor2	chr6	40352594	40352811	SINE/MIR	576	-	108	40352702	1672
chr6	40351030	40551030	harbor2	chr6	40395146	40395342	SINE/MIR	520	-	98	40395244	44214
chr6	40351030	40551030	harbor2	chr6	40395649	40395836	SINE/MIR	469	-	94	40395743	44713
chr6	40351030	40551030	harbor2	chr6	40396093	40396353	SINE/MIR	892	-	130	40396223	45193
chr6	40351030	40551030	harbor2	chr6	40402155	40402378	SINE/MIR	733	-	112	40402267	51237
chr6	40351030	40551030	harbor2	chr6	40402483	40402836	SINE/MIR	852	-	176	40402659	51629
chr6	40351030	40551030	harbor2	chr6	40423434	40423588	SINE/MIR	523	-	77	40423511	72481
chr6	40351030	40551030	harbor2	chr6	40431169	40431294	SINE/MIR	423	-	62	40431231	80201
chr6	40351030	40551030	harbor2	chr6	40447634	40447799	SINE/MIR	423	-	82	40447716	96686
chr6	54952777	55152777	harbor2	chr6	54956544	54956764	SINE/MIR	443	-	110	54956654	3877
chr6	54952777	55152777	harbor2	chr6	54990466	54990683	SINE/MIR	441	-	108	54990574	37797
chr6	158289474	158489474	harbor2	chr6	158324678	158324867	SINE/MIR	443	-	94	158324772	35298
chr6	158289474	158489474	harbor2	chr6	158328204	158328442	SINE/MIR	689	-	119	158328323	38849
chr6	96721693	96921693	harbor2	chr6	96754681	96754819	SINE/MIR	482	-	69	96754750	33057
chr6	96721693	96921693	harbor2	chr6	96758632	96758802	SINE/MIR	613	-	85	96758717	37024
chr6	96721693	96921693	harbor2	chr6	96807809	96808014	SINE/MIR	721	-	102	96807911	86218
chr6	96721693	96921693	harbor2	chr6	96814199	96814292	SINE/MIR	522	-	46	96814245	92552
chr6	96721693	96921693	harbor2	chr6	96814383	96814619	SINE/MIR	605	-	118	96814501	92808
chr6	120058674	120258674	harbor2	chr6	120137810	120138022	SINE/MIR	486	-	106	120137916	79242
chr6	159816175	160016175	harbor2	chr6	159878133	159878282	SINE/MIR	599	-	74	159878207	62032
chr6	104888556	105088556	harbor2	chr6	104929642	104929840	SINE/MIR	437	-	99	104929741	41185
chr6	104888556	105088556	harbor2	chr6	104951746	104951917	SINE/MIR	534	-	86	104951832	63276
chr6	157056258	157256258	harbor2	chr6	157072762	157072945	SINE/MIR	586	-	92	157072854	16596
chr6	157056258	157256258	harbor2	chr6	157073549	157073760	SINE/MIR	437	-	106	157073655	17397
chr6	157056258	157256258	harbor2	chr6	157123739	157123965	SINE/MIR	586	-	113	157123852	67594
chr6	157056258	157256258	harbor2	chr6	157127979	157128099	SINE/MIR	523	-	60	157128039	71781
chr6	157056258	157256258	harbor2	chr6	157136040	157136268	SINE/MIR	760	-	114	157136154	79896
chr6	157056258	157256258	harbor2	chr6	157143598	157143723	SINE/MIR	417	-	62	157143660	87402
chr6	81507147	81707147	harbor2	chr6	81566627	81566870	SINE/MIR	638	-	122	81566749	59602
chr6	81507147	81707147	harbor2	chr6	81598657	81598797	SINE/MIR	429	-	70	81598727	91580
chr6	53214744	53414744	harbor2	chr6	53231109	53231300	SINE/MIR	454	-	96	53231205	16461
chr6	53214744	53414744	harbor2	chr6	53250390	53250589	SINE/MIR	860	-	100	53250490	35746
chr6	53214744	53414744	harbor2	chr6	53262317	53262514	SINE/MIR	479	-	98	53262415	47671
chr6	53214744	53414744	harbor2	chr6	53265491	53265690	SINE/MIR	413	-	100	53265591	50847
chr6	112807492	113007492	harbor2	chr6	112827419	112827629	SINE/MIR	770	-	105	112827524	20032
chr6	112807492	113007492	harbor2	chr6	112829176	112829398	SINE/MIR	506	-	111	112829287	21795
chr6	112807492	113007492	harbor2	chr6	112852154	112852399	SINE/MIR	415	-	122	112852276	44784
chr6	112807492	113007492	harbor2	chr6	112890216	112890411	SINE/MIR	521	-	98	112890314	82822
chr6	112807492	113007492	harbor2	chr6	112905389	112905576	SINE/MIR	678	-	94	112905483	97991
chr6	138118626	138318626	harbor2	chr6	138121325	138121603	SINE/MIR	591	-	139	138121464	2838
chr6	138118626	138318626	harbor2	chr6	138168997	138169236	SINE/MIR	525	-	120	138169117	50491
chr6	138118626	138318626	harbor2	chr6	138185841	138186056	SINE/MIR	611	-	108	138185949	67323
chr6	167436237	167636237	harbor2	chr6	167482293	167482457	SINE/MIR	439	-	82	167482375	46138
chr6	167436237	167636237	harbor2	chr6	167512350	167512575	SINE/MIR	408	-	112	167512462	76225
chr6	167436237	167636237	harbor2	chr6	167516667	167516891	SINE/MIR	516	-	112	167516779	80542
chr6	150052694	150252694	harbor2	chr6	150110997	150111183	SINE/MIR	905	-	93	150111090	58396
chr6	150052694	150252694	harbor2	chr6	150127939	150128162	SINE/MIR	725	-	112	150128051	75357
chr6	150052694	150252694	harbor2	chr6	150136776	150136983	SINE/MIR	573	-	104	150136880	84186
chr6	150052694	150252694	harbor2	chr6	150146084	150146303	SINE/MIR	613	-	110	150146194	93500
chr6	142190375	142390375	harbor2	chr6	142222797	142222969	SINE/MIR	755	-	86	142222883	32508
chr6	142190375	142390375	harbor2	chr6	142233672	142233833	SINE/MIR	579	-	80	142233752	43377
chr6	142190375	142390375	harbor2	chr6	142253856	142254038	SINE/MIR	846	-	91	142253947	63572
chr6	142190375	142390375	harbor2	chr6	142273589	142273741	SINE/MIR	417	-	76	142273665	83290
chr6	160064466	160264466	harbor2	chr6	160139090	160139256	SINE/MIR	683	-	83	160139173	74707
chr6	160064466	160264466	harbor2	chr6	160144114	160144268	SINE/MIR	510	-	77	160144191	79725
chr6	160064466	160264466	harbor2	chr6	160162716	160162955	SINE/MIR	730	-	120	160162836	98370
chr6	145395459	145595459	harbor2	chr6	145457021	145457194	SINE/MIR	510	-	86	145457107	61648
chr6	133063806	133263806	harbor2	chr6	133072750	133072947	SINE/MIR	632	-	98	133072848	9042
chr6	133063806	133263806	harbor2	chr6	133080529	133080688	SINE/MIR	525	-	80	133080609	16803
chr6	133063806	133263806	harbor2	chr6	133111779	133112004	SINE/MIR	601	-	112	133111891	48085
chr6	133063806	133263806	harbor2	chr6	133126014	133126269	SINE/MIR	583	-	128	133126142	62336
chr6	75257980	75457980	harbor2	chr6	75271575	75271768	SINE/MIR	559	-	96	75271671	13691
chr6	75257980	75457980	harbor2	chr6	75282102	75282283	SINE/MIR	404	-	90	75282192	24212
chr6	75257980	75457980	harbor2	chr6	75282741	75282947	SINE/MIR	648	-	103	75282844	24864
chr6	75257980	75457980	harbor2	chr6	75315615	75315806	SINE/MIR	586	-	96	75315711	57731
chr6	75257980	75457980	harbor2	chr6	75341950	75342145	SINE/MIR	582	-	98	75342048	84068
chr6	46453536	46653536	harbor2	chr6	46457267	46457524	SINE/MIR	725	-	128	46457395	3859
chr6	46453536	46653536	harbor2	chr6	46476095	46476264	SINE/MIR	510	-	84	46476179	22643
chr6	46453536	46653536	harbor2	chr6	46493604	46493827	SINE/MIR	576	-	112	46493716	40180
chr6	46453536	46653536	harbor2	chr6	46499057	46499257	SINE/MIR	619	-	100	46499157	45621
chr6	46453536	46653536	harbor2	chr6	46501745	46501933	SINE/MIR	816	-	94	46501839	48303
chr6	46453536	46653536	harbor2	chr6	46509693	46509917	SINE/MIR	473	-	112	46509805	56269
chr6	46453536	46653536	harbor2	chr6	46512193	46512389	SINE/MIR	486	-	98	46512291	58755
chr6	46453536	46653536	harbor2	chr6	46513309	46513512	SINE/MIR	595	-	102	46513411	59875
chr6	46453536	46653536	harbor2	chr6	46524571	46524783	SINE/MIR	585	-	106	46524677	71141
chr6	46453536	46653536	harbor2	chr6	46535824	46535953	SINE/MIR	451	-	64	46535888	82352
chr6	123604277	123804277	harbor2	chr6	123654323	123654531	SINE/MIR	825	-	104	123654427	50150
chr6	123604277	123804277	harbor2	chr6	123679085	123679262	SINE/MIR	739	-	88	123679173	74896
chr6	167655624	167855624	harbor2	chr6	167719054	167719208	SINE/MIR	491	-	77	167719131	63507
chr6	163561697	163761697	harbor2	chr6	163613200	163613239	SINE/MIR	515	-	20	163613220	51523
chr6	163561697	163761697	harbor2	chr6	163613426	163613535	SINE/MIR	515	-	54	163613480	51783
chr6	163561697	163761697	harbor2	chr6	163637450	163637637	SINE/MIR	443	-	94	163637544	75847
chr6	161055761	161255761	harbor2	chr6	161058061	161058177	SINE/MIR	438	-	58	161058119	2358
chr6	161055761	161255761	harbor2	chr6	161105281	161105536	SINE/MIR	909	-	128	161105409	49648
chr6	161055761	161255761	harbor2	chr6	161134491	161134661	SINE/MIR	428	-	85	161134576	78815
chr6	161055761	161255761	harbor2	chr6	161151570	161151770	SINE/MIR	606	-	100	161151670	95909
chr6	105165346	105365346	harbor2	chr6	105165920	105166089	SINE/MIR	485	-	84	105166004	658
chr6	105165346	105365346	harbor2	chr6	105169731	105169884	SINE/MIR	409	-	76	105169807	4461
chr6	105165346	105365346	harbor2	chr6	105190927	105191154	SINE/MIR	783	-	114	105191041	25695
chr6	144464360	144664360	harbor2	chr6	144534193	144534385	SINE/MIR	411	-	96	144534289	69929
chr6	144464360	144664360	harbor2	chr6	144549395	144549565	SINE/MIR	507	-	85	144549480	85120
chr6	144464360	144664360	harbor2	chr6	144560045	144560247	SINE/MIR	787	-	101	144560146	95786
chr6	160396511	160596511	harbor2	chr6	160455012	160455162	SINE/MIR	470	-	75	160455087	58576
chr6	160396511	160596511	harbor2	chr6	160456971	160457110	SINE/MIR	429	-	70	160457041	60530
chr6	158267681	158467681	harbor2	chr6	158272562	158272756	SINE/MIR	594	-	97	158272659	4978
chr6	158267681	158467681	harbor2	chr6	158273785	158273963	SINE/MIR	770	-	89	158273874	6193
chr6	158267681	158467681	harbor2	chr6	158324678	158324867	SINE/MIR	443	-	94	158324772	57091
chr6	158267681	158467681	harbor2	chr6	158328204	158328442	SINE/MIR	689	-	119	158328323	60642
chr6	109809641	110009641	harbor2	chr6	109865588	109865840	SINE/MIR	725	-	126	109865714	56073
chr6	123724269	123924269	harbor2	chr6	123743567	123743767	SINE/MIR	648	-	100	123743667	19398
chr6	123724269	123924269	harbor2	chr6	123762060	123762267	SINE/MIR	457	-	104	123762164	37895
chr6	123724269	123924269	harbor2	chr6	123776397	123776614	SINE/MIR	563	-	108	123776505	52236
chr6	123724269	123924269	harbor2	chr6	123785835	123786016	SINE/MIR	476	-	90	123785925	61656
chr6	123724269	123924269	harbor2	chr6	123799686	123799880	SINE/MIR	677	-	97	123799783	75514
chr6	123724269	123924269	harbor2	chr6	123810022	123810280	SINE/MIR	550	-	129	123810151	85882
chr6	163221141	163421141	harbor2	chr6	163259031	163259213	SINE/MIR	429	-	91	163259122	37981
chr6	163221141	163421141	harbor2	chr6	163266616	163266787	SINE/MIR	475	-	86	163266702	45561
chr6	132759691	132959691	harbor2	chr6	132773528	132773710	SINE/MIR	604	-	91	132773619	13928
chr6	132759691	132959691	harbor2	chr6	132843212	132843449	SINE/MIR	714	-	118	132843330	83639
chr6	125733260	125933260	harbor2	chr6	125736597	125736812	SINE/MIR	646	-	108	125736705	3445
chr6	125733260	125933260	harbor2	chr6	125787872	125788052	SINE/MIR	432	-	90	125787962	54702
chr6	125733260	125933260	harbor2	chr6	125805937	125806059	SINE/MIR	553	-	61	125805998	72738
chr6	125733260	125933260	harbor2	chr6	125806362	125806376	SINE/MIR	496	-	7	125806369	73109
chr6	125733260	125933260	harbor2	chr6	125828852	125829010	SINE/MIR	462	-	79	125828931	95671
chr6	71937132	72137132	harbor2	chr6	71981191	71981335	SINE/MIR	471	-	72	71981263	44131
chr6	44714436	44914436	harbor2	chr6	44728647	44728817	SINE/MIR	412	-	85	44728732	14296
chr6	44714436	44914436	harbor2	chr6	44731554	44731754	SINE/MIR	538	-	100	44731654	17218
chr6	44714436	44914436	harbor2	chr6	44733191	44733418	SINE/MIR	507	-	114	44733305	18869
chr6	44714436	44914436	harbor2	chr6	44779802	44779974	SINE/MIR	528	-	86	44779888	65452
chr6	44714436	44914436	harbor2	chr6	44798431	44798584	SINE/MIR	571	-	76	44798507	84071
chr6	75266533	75466533	harbor2	chr6	75271575	75271768	SINE/MIR	559	-	96	75271671	5138
chr6	75266533	75466533	harbor2	chr6	75282102	75282283	SINE/MIR	404	-	90	75282192	15659
chr6	75266533	75466533	harbor2	chr6	75282741	75282947	SINE/MIR	648	-	103	75282844	16311
chr6	75266533	75466533	harbor2	chr6	75315615	75315806	SINE/MIR	586	-	96	75315711	49178
chr6	75266533	75466533	harbor2	chr6	75341950	75342145	SINE/MIR	582	-	98	75342048	75515
chr6	75266533	75466533	harbor2	chr6	75361587	75361819	SINE/MIR	722	-	116	75361703	95170
chr6	98349827	98549827	harbor2	chr6	98351219	98351352	SINE/MIR	424	-	66	98351285	1458
chr6	98349827	98549827	harbor2	chr6	98355889	98356084	SINE/MIR	635	-	98	98355987	6160
chr6	98349827	98549827	harbor2	chr6	98356574	98356795	SINE/MIR	518	-	110	98356684	6857
chr6	98349827	98549827	harbor2	chr6	98361211	98361447	SINE/MIR	730	-	118	98361329	11502
chr6	98349827	98549827	harbor2	chr6	98364587	98364838	SINE/MIR	679	-	126	98364713	14886
chr6	50335995	50535995	harbor2	chr6	50339330	50339570	SINE/MIR	520	-	120	50339450	3455
chr6	50335995	50535995	harbor2	chr6	50414271	50414498	SINE/MIR	509	-	114	50414385	78390
chr6	156748774	156948774	harbor2	chr6	156818552	156818706	SINE/MIR	437	-	77	156818629	69855
chr6	156748774	156948774	harbor2	chr6	156841570	156841872	SINE/MIR	663	-	151	156841721	92947
chr6	156748774	156948774	harbor2	chr6	156842745	156842911	SINE/MIR	455	-	83	156842828	94054
chr6	170632755	170832755	harbor2	chr6	170691313	170691543	SINE/MIR	676	-	115	170691428	58673
chr7	143347054	143547054	harbor2	chr7	143400156	143400385	SINE/MIR	723	-	114	143400270	53216
chr7	143347054	143547054	harbor2	chr7	143402652	143402831	SINE/MIR	570	-	90	143402742	55688
chr7	143347054	143547054	harbor2	chr7	143413313	143413545	SINE/MIR	787	-	116	143413429	66375
chr7	34074399	34274399	harbor2	chr7	34099086	34099293	SINE/MIR	494	-	104	34099190	24791
chr7	34074399	34274399	harbor2	chr7	34146535	34146769	SINE/MIR	560	-	117	34146652	72253
chr7	81272803	81472803	harbor2	chr7	81305204	81305397	SINE/MIR	595	-	96	81305300	32497
chr7	81272803	81472803	harbor2	chr7	81280935	81281157	SINE/MIR	536	-	111	81281046	8243
chr7	138641220	138841220	harbor2	chr7	138710922	138711045	SINE/MIR	443	-	62	138710984	69764
chr7	138641220	138841220	harbor2	chr7	138722119	138722249	SINE/MIR	525	-	65	138722184	80964
chr7	138641220	138841220	harbor2	chr7	138736451	138736561	SINE/MIR	654	-	55	138736506	95286
chr7	138641220	138841220	harbor2	chr7	138736871	138736990	SINE/MIR	654	-	60	138736931	95711
chr7	100678309	100878309	harbor2	chr7	100727530	100727724	SINE/MIR	486	-	97	100727627	49318
chr7	80303039	80503039	harbor2	chr7	80302995	80303214	SINE/MIR	803	-	110	80303105	66
chr7	80303039	80503039	harbor2	chr7	80307321	80307455	SINE/MIR	487	-	67	80307388	4349
chr7	80303039	80503039	harbor2	chr7	80347668	80347908	SINE/MIR	595	-	120	80347788	44749
chr7	141088105	141288105	harbor2	chr7	141102757	141102969	SINE/MIR	433	-	106	141102863	14758
chr7	141088105	141288105	harbor2	chr7	141146007	141146194	SINE/MIR	786	-	94	141146101	57996
chr7	141088105	141288105	harbor2	chr7	141151240	141151487	SINE/MIR	695	-	124	141151364	63259
chr7	141088105	141288105	harbor2	chr7	141152846	141153053	SINE/MIR	598	-	104	141152950	64845
chr7	141088105	141288105	harbor2	chr7	141171314	141171508	SINE/MIR	675	-	97	141171411	83306
chr7	141088105	141288105	harbor2	chr7	141171975	141172159	SINE/MIR	618	-	92	141172067	83962
chr7	130462702	130662702	harbor2	chr7	130495964	130496112	SINE/MIR	460	-	74	130496038	33336
chr7	154865854	155065854	harbor2	chr7	154902922	154903134	SINE/MIR	506	-	106	154903028	37174
chr7	159018406	159218406	harbor2	chr7	159057898	159058124	SINE/MIR	711	-	113	159058011	39605
chr7	134833240	135033240	harbor2	chr7	134905275	134905443	SINE/MIR	647	-	84	134905359	72119
chr7	137471679	137671679	harbor2	chr7	137502629	137502791	SINE/MIR	515	-	81	137502710	31031
chr7	137471679	137671679	harbor2	chr7	137518154	137518320	SINE/MIR	496	-	83	137518237	46558
chr7	137471679	137671679	harbor2	chr7	137523775	137523964	SINE/MIR	491	-	94	137523869	52190
chr7	153923444	154123444	harbor2	chr7	153953202	153953387	SINE/MIR	476	-	92	153953294	29850
chr7	153923444	154123444	harbor2	chr7	153955344	153955448	SINE/MIR	489	-	52	153955396	31952
chr7	153923444	154123444	harbor2	chr7	153955739	153955876	SINE/MIR	489	-	68	153955807	32363
chr7	154231077	154431077	harbor2	chr7	154280762	154280940	SINE/MIR	541	-	89	154280851	49774
chr7	148575030	148775030	harbor2	chr7	148655003	148655174	SINE/MIR	463	-	86	148655089	80059
chr7	68075046	68275046	harbor2	chr7	68104834	68105018	SINE/MIR	443	-	92	68104926	29880
chr7	68075046	68275046	harbor2	chr7	68134986	68135021	SINE/MIR	636	-	18	68135004	59958
chr7	68075046	68275046	harbor2	chr7	68135079	68135249	SINE/MIR	636	-	85	68135164	60118
chr7	68075046	68275046	harbor2	chr7	68160971	68161182	SINE/MIR	638	-	106	68161077	86031
chr7	68075046	68275046	harbor2	chr7	68171898	68172129	SINE/MIR	522	-	116	68172014	96968
chr7	130145931	130345931	harbor2	chr7	130203143	130203321	SINE/MIR	479	-	89	130203232	57301
chr7	130145931	130345931	harbor2	chr7	130223027	130223220	SINE/MIR	533	-	96	130223123	77192
chr7	150351971	150551971	harbor2	chr7	150430399	150430538	SINE/MIR	438	-	70	150430469	78498
chr7	123244286	123444286	harbor2	chr7	123266184	123266396	SINE/MIR	602	-	106	123266290	22004
chr7	36761576	36961576	harbor2	chr7	36778254	36778423	SINE/MIR	467	-	84	36778338	16762
chr7	36761576	36961576	harbor2	chr7	36809550	36809664	SINE/MIR	529	-	57	36809607	48031
chr7	36761576	36961576	harbor2	chr7	36811315	36811522	SINE/MIR	526	-	104	36811419	49843
chr7	36761576	36961576	harbor2	chr7	36855846	36856053	SINE/MIR	509	-	104	36855950	94374
chr7	108085840	108285840	harbor2	chr7	108133940	108134060	SINE/MIR	649	-	60	108134000	48160
chr7	108085840	108285840	harbor2	chr7	108183863	108184083	SINE/MIR	766	-	110	108183973	98133
chr7	154433924	154633924	harbor2	chr7	154475847	154476003	SINE/MIR	464	-	78	154475925	42001
chr7	154433924	154633924	harbor2	chr7	154478499	154478703	SINE/MIR	574	-	102	154478601	44677
chr7	154433924	154633924	harbor2	chr7	154492591	154492755	SINE/MIR	443	-	82	154492673	58749
chr7	81767718	81967718	harbor2	chr7	81841856	81842063	SINE/MIR	579	-	104	81841960	74242
chr7	143199672	143399672	harbor2	chr7	143279306	143279448	SINE/MIR	619	-	71	143279377	79705
chr7	153604371	153804371	harbor2	chr7	153618135	153618324	SINE/MIR	561	-	94	153618229	13858
chr7	138885366	139085366	harbor2	chr7	138942053	138942212	SINE/MIR	575	-	80	138942133	56767
chr7	134825766	135025766	harbor2	chr7	134827398	134827598	SINE/MIR	617	-	100	134827498	1732
chr7	134825766	135025766	harbor2	chr7	134905275	134905443	SINE/MIR	647	-	84	134905359	79593
chr7	151590692	151790692	harbor2	chr7	151623614	151623775	SINE/MIR	496	-	80	151623694	33002
chr7	151590692	151790692	harbor2	chr7	151630414	151630595	SINE/MIR	828	-	90	151630504	39812
chr7	39285867	39485867	harbor2	chr7	39306302	39306501	SINE/MIR	504	-	100	39306402	20535
chr7	39285867	39485867	harbor2	chr7	39305150	39305295	SINE/MIR	500	-	72	39305222	19355
chr7	126327114	126527114	harbor2	chr7	126334058	126334274	SINE/MIR	456	-	108	126334166	7052
chr7	126327114	126527114	harbor2	chr7	126362202	126362374	SINE/MIR	472	-	86	126362288	35174
chr7	79360313	79560313	harbor2	chr7	79378261	79378472	SINE/MIR	594	-	106	79378367	18054
chr7	79360313	79560313	harbor2	chr7	79402432	79402602	SINE/MIR	496	-	85	79402517	42204
chr7	79360313	79560313	harbor2	chr7	79455770	79455995	SINE/MIR	651	-	112	79455882	95569
chr7	158413458	158613458	harbor2	chr7	158464890	158465021	SINE/MIR	451	-	66	158464956	51498
chr7	127673361	127873361	harbor2	chr7	127698356	127698526	SINE/MIR	474	-	85	127698441	25080
chr7	127673361	127873361	harbor2	chr7	127770449	127770664	SINE/MIR	669	-	108	127770557	97196
chr7	133216138	133416138	harbor2	chr7	133233918	133234134	SINE/MIR	969	-	108	133234026	17888
chr7	133216138	133416138	harbor2	chr7	133248336	133248510	SINE/MIR	603	-	87	133248423	32285
chr7	133216138	133416138	harbor2	chr7	133268057	133268274	SINE/MIR	586	-	108	133268165	52027
chr7	133216138	133416138	harbor2	chr7	133272074	133272287	SINE/MIR	585	-	106	133272180	56042
chr7	154982640	155182640	harbor2	chr7	154983967	154984212	SINE/MIR	561	-	122	154984089	1449
chr7	71270501	71470501	harbor2	chr7	71346391	71346632	SINE/MIR	573	-	120	71346511	76010
chr7	143873197	144073197	harbor2	chr7	143880147	143880389	SINE/MIR	705	-	121	143880268	7071
chr7	69591430	69791430	harbor2	chr7	69612958	69613173	SINE/MIR	536	-	108	69613066	21636
chr7	69591430	69791430	harbor2	chr7	69617937	69618171	SINE/MIR	815	-	117	69618054	26624
chr7	69591430	69791430	harbor2	chr7	69621081	69621288	SINE/MIR	503	-	104	69621185	29755
chr7	69591430	69791430	harbor2	chr7	69654404	69654658	SINE/MIR	717	-	127	69654531	63101
chr7	140576854	140776854	harbor2	chr7	140587184	140587413	SINE/MIR	561	-	114	140587298	10444
chr7	140576854	140776854	harbor2	chr7	140599428	140599626	SINE/MIR	714	-	99	140599527	22673
chr7	155152888	155352888	harbor2	chr7	155163723	155163948	SINE/MIR	571	-	112	155163835	10947
chr7	134775112	134975112	harbor2	chr7	134789222	134789362	SINE/MIR	612	-	70	134789292	14180
chr7	134775112	134975112	harbor2	chr7	134827398	134827598	SINE/MIR	617	-	100	134827498	52386
chr7	108250940	108450940	harbor2	chr7	108262432	108262562	SINE/MIR	434	-	65	108262497	11557
chr7	108250940	108450940	harbor2	chr7	108265604	108265717	SINE/MIR	444	-	56	108265660	14720
chr7	108250940	108450940	harbor2	chr7	108268878	108269067	SINE/MIR	878	-	94	108268972	18032
chr7	108250940	108450940	harbor2	chr7	108293684	108293900	SINE/MIR	695	-	108	108293792	42852
chr7	108250940	108450940	harbor2	chr7	108334962	108335152	SINE/MIR	584	-	95	108335057	84117
chr7	134860919	135060919	harbor2	chr7	134905275	134905443	SINE/MIR	647	-	84	134905359	44440
chr7	134860919	135060919	harbor2	chr7	134939315	134939459	SINE/MIR	474	-	72	134939387	78468
chr7	134860919	135060919	harbor2	chr7	134947880	134948004	SINE/MIR	659	-	62	134947942	87023
chr7	134860919	135060919	harbor2	chr7	134948031	134948047	SINE/MIR	659	-	8	134948039	87120
chr7	134860919	135060919	harbor2	chr7	134950036	134950216	SINE/MIR	849	-	90	134950126	89207
chr7	78904852	79104852	harbor2	chr7	78957595	78957791	SINE/MIR	862	-	98	78957693	52841
chr7	78904852	79104852	harbor2	chr7	78960596	78960808	SINE/MIR	476	-	106	78960702	55850
chr7	78904852	79104852	harbor2	chr7	78969823	78970054	SINE/MIR	469	-	116	78969939	65087
chr7	78904852	79104852	harbor2	chr7	78990064	78990271	SINE/MIR	794	-	104	78990168	85316
chr7	22686869	22886869	harbor2	chr7	22717048	22717297	SINE/MIR	650	-	124	22717172	30303
chr7	22686869	22886869	harbor2	chr7	22717630	22717843	SINE/MIR	539	-	106	22717736	30867
chr7	22686869	22886869	harbor2	chr7	22725066	22725238	SINE/MIR	524	-	86	22725152	38283
chr7	22686869	22886869	harbor2	chr7	22728375	22728545	SINE/MIR	528	-	85	22728460	41591
chr7	129165780	129365780	harbor2	chr7	129202106	129202363	SINE/MIR	1028	-	128	129202234	36454
chr7	129165780	129365780	harbor2	chr7	129217285	129217499	SINE/MIR	515	-	107	129217392	51612
chr7	129165780	129365780	harbor2	chr7	129229038	129229061	SINE/MIR	756	-	12	129229050	63270
chr7	129165780	129365780	harbor2	chr7	129229355	129229576	SINE/MIR	756	-	110	129229465	63685
chr7	129165780	129365780	harbor2	chr7	129230023	129230076	SINE/MIR	530	-	26	129230049	64269
chr7	129165780	129365780	harbor2	chr7	129230381	129230547	SINE/MIR	530	-	83	129230464	64684
chr7	129165780	129365780	harbor2	chr7	129232213	129232425	SINE/MIR	502	-	106	129232319	66539
chr7	138511604	138711604	harbor2	chr7	138514751	138514871	SINE/MIR	435	-	60	138514811	3207
chr7	138511604	138711604	harbor2	chr7	138539065	138539294	SINE/MIR	520	-	114	138539179	27575
chr7	138511604	138711604	harbor2	chr7	138583028	138583204	SINE/MIR	480	-	88	138583116	71512
chr7	149475710	149675710	harbor2	chr7	149566665	149566884	SINE/MIR	686	-	110	149566775	91065
chr7	106542437	106742437	harbor2	chr7	106594790	106594987	SINE/MIR	515	-	98	106594888	52451
chr7	106542437	106742437	harbor2	chr7	106596834	106597045	SINE/MIR	602	-	106	106596940	54503
chr7	106542437	106742437	harbor2	chr7	106598153	106598363	SINE/MIR	746	-	105	106598258	55821
chr7	106542437	106742437	harbor2	chr7	106623164	106623330	SINE/MIR	498	-	83	106623247	80810
chr7	106542437	106742437	harbor2	chr7	106624409	106624597	SINE/MIR	494	-	94	106624503	82066
chr7	100501569	100701569	harbor2	chr7	100505275	100505312	SINE/MIR	512	-	18	100505293	3724
chr7	100501569	100701569	harbor2	chr7	100505390	100505489	SINE/MIR	512	-	50	100505440	3871
chr7	106548645	106748645	harbor2	chr7	106594790	106594987	SINE/MIR	515	-	98	106594888	46243
chr7	106548645	106748645	harbor2	chr7	106596834	106597045	SINE/MIR	602	-	106	106596940	48295
chr7	106548645	106748645	harbor2	chr7	106598153	106598363	SINE/MIR	746	-	105	106598258	49613
chr7	106548645	106748645	harbor2	chr7	106623164	106623330	SINE/MIR	498	-	83	106623247	74602
chr7	106548645	106748645	harbor2	chr7	106624409	106624597	SINE/MIR	494	-	94	106624503	75858
chr7	82671931	82871931	harbor2	chr7	82756983	82757242	SINE/MIR	593	-	130	82757113	85182
chr7	34222224	34422224	harbor2	chr7	34270146	34270307	SINE/MIR	436	-	80	34270226	48002
chr7	34222224	34422224	harbor2	chr7	34307080	34307257	SINE/MIR	512	-	88	34307168	84944
chr7	34222224	34422224	harbor2	chr7	34319964	34320221	SINE/MIR	469	-	128	34320092	97868
chr7	158539820	158739820	harbor2	chr7	158540894	158541115	SINE/MIR	723	-	110	158541004	1184
chr7	154941378	155141378	harbor2	chr7	154983967	154984212	SINE/MIR	561	-	122	154984089	42711
chr7	132637756	132837756	harbor2	chr7	132667851	132668054	SINE/MIR	624	-	102	132667953	30197
chr7	132637756	132837756	harbor2	chr7	132702349	132702566	SINE/MIR	708	-	108	132702457	64701
chr7	100198211	100398211	harbor2	chr7	100267654	100267873	SINE/MIR	686	-	110	100267764	69553
chr7	111752459	111952459	harbor2	chr7	111794632	111794794	SINE/MIR	626	-	81	111794713	42254
chr7	111752459	111952459	harbor2	chr7	111835012	111835208	SINE/MIR	588	-	98	111835110	82651
chr7	111752459	111952459	harbor2	chr7	111841056	111841152	SINE/MIR	484	-	48	111841104	88645
chr7	111752459	111952459	harbor2	chr7	111841461	111841566	SINE/MIR	484	-	52	111841513	89054
chr7	131757430	131957430	harbor2	chr7	131758521	131758662	SINE/MIR	482	-	70	131758591	1161
chr7	131757430	131957430	harbor2	chr7	131758689	131758923	SINE/MIR	460	-	117	131758806	1376
chr7	131757430	131957430	harbor2	chr7	131763771	131763962	SINE/MIR	597	-	96	131763867	6437
chr7	131757430	131957430	harbor2	chr7	131766797	131766957	SINE/MIR	612	-	80	131766877	9447
chr7	131757430	131957430	harbor2	chr7	131773456	131773708	SINE/MIR	919	-	126	131773582	16152
chr7	131757430	131957430	harbor2	chr7	131799619	131799811	SINE/MIR	475	-	96	131799715	42285
chr7	131757430	131957430	harbor2	chr7	131839586	131839643	SINE/MIR	895	-	28	131839614	82184
chr7	131757430	131957430	harbor2	chr7	131839934	131840078	SINE/MIR	895	-	72	131840006	82576
chr7	123584971	123784971	harbor2	chr7	123635951	123636202	SINE/MIR	912	-	126	123636077	51106
chr7	123584971	123784971	harbor2	chr7	123643104	123643338	SINE/MIR	573	-	117	123643221	58250
chr7	107757520	107957520	harbor2	chr7	107781899	107782126	SINE/MIR	923	-	114	107782013	24493
chr7	107757520	107957520	harbor2	chr7	107785138	107785364	SINE/MIR	552	-	113	107785251	27731
chr7	140197844	140397844	harbor2	chr7	140231749	140231977	SINE/MIR	580	-	114	140231863	34019
chr7	140197844	140397844	harbor2	chr7	140237474	140237688	SINE/MIR	580	-	107	140237581	39737
chr7	140197844	140397844	harbor2	chr7	140256677	140256845	SINE/MIR	454	-	84	140256761	58917
chr7	140197844	140397844	harbor2	chr7	140264178	140264414	SINE/MIR	702	-	118	140264296	66452
chr7	140197844	140397844	harbor2	chr7	140265376	140265523	SINE/MIR	468	-	74	140265450	67606
chr7	140197844	140397844	harbor2	chr7	140275064	140275212	SINE/MIR	455	-	74	140275138	77294
chr7	77126223	77326223	harbor2	chr7	77152868	77153087	SINE/MIR	503	-	110	77152978	26755
chr7	77126223	77326223	harbor2	chr7	77192239	77192430	SINE/MIR	861	-	96	77192335	66112
chr7	77126223	77326223	harbor2	chr7	77197262	77197519	SINE/MIR	509	-	128	77197390	71167
chr7	124578158	124778158	harbor2	chr7	124663435	124663601	SINE/MIR	516	-	83	124663518	85360
chr7	124578158	124778158	harbor2	chr7	124677002	124677217	SINE/MIR	559	-	108	124677110	98952
chr7	123062364	123262364	harbor2	chr7	123104755	123104989	SINE/MIR	797	-	117	123104872	42508
chr7	123062364	123262364	harbor2	chr7	123117962	123118188	SINE/MIR	506	-	113	123118075	55711
chr7	123062364	123262364	harbor2	chr7	123128344	123128540	SINE/MIR	473	-	98	123128442	66078
chr7	123062364	123262364	harbor2	chr7	123145129	123145284	SINE/MIR	549	-	78	123145207	82843
chr7	123062364	123262364	harbor2	chr7	123151527	123151781	SINE/MIR	847	-	127	123151654	89290
chr7	41910497	42110497	harbor2	chr7	41919131	41919259	SINE/MIR	446	-	64	41919195	8698
chr7	118192898	118392898	harbor2	chr7	118243238	118243515	SINE/MIR	619	-	138	118243376	50478
chr7	152712452	152912452	harbor2	chr7	152734752	152734994	SINE/MIR	738	-	121	152734873	22421
chr7	152712452	152912452	harbor2	chr7	152746663	152746835	SINE/MIR	631	-	86	152746749	34297
chr7	152712452	152912452	harbor2	chr7	152780968	152781105	SINE/MIR	552	-	68	152781036	68584
chr7	152712452	152912452	harbor2	chr7	152796432	152796640	SINE/MIR	452	-	104	152796536	84084
chr7	152712452	152912452	harbor2	chr7	152808803	152808949	SINE/MIR	510	-	73	152808876	96424
chr7	152712452	152912452	harbor2	chr7	152811244	152811462	SINE/MIR	532	-	109	152811353	98901
chr7	155044992	155244992	harbor2	chr7	155088003	155088235	SINE/MIR	510	-	116	155088119	43127
chr7	140548804	140748804	harbor2	chr7	140587184	140587413	SINE/MIR	561	-	114	140587298	38494
chr7	140548804	140748804	harbor2	chr7	140599428	140599626	SINE/MIR	714	-	99	140599527	50723
chr7	88569015	88769015	harbor2	chr7	88584016	88584238	SINE/MIR	544	-	111	88584127	15112
chr7	88569015	88769015	harbor2	chr7	88628319	88628485	SINE/MIR	544	-	83	88628402	59387
chr7	88569015	88769015	harbor2	chr7	88667673	88667920	SINE/MIR	925	-	124	88667797	98782
chr7	87868850	88068850	harbor2	chr7	87874639	87874840	SINE/MIR	464	-	100	87874739	5889
chr7	87868850	88068850	harbor2	chr7	87943172	87943345	SINE/MIR	597	-	86	87943258	74408
chr7	87868850	88068850	harbor2	chr7	87962749	87962950	SINE/MIR	743	-	100	87962849	93999
chr7	158636509	158836509	harbor2	chr7	158724909	158725130	SINE/MIR	474	-	110	158725019	88510
chr7	69877572	70077572	harbor2	chr7	69879551	69879757	SINE/MIR	688	-	103	69879654	2082
chr7	69877572	70077572	harbor2	chr7	69900854	69901095	SINE/MIR	547	-	120	69900974	23402
chr7	69877572	70077572	harbor2	chr7	69939984	69940215	SINE/MIR	883	-	116	69940100	62528
chr7	69877572	70077572	harbor2	chr7	69947756	69947936	SINE/MIR	780	-	90	69947846	70274
chr7	69877572	70077572	harbor2	chr7	69949309	69949512	SINE/MIR	704	-	102	69949411	71839
chr7	69877572	70077572	harbor2	chr7	69963607	69963846	SINE/MIR	600	-	120	69963727	86155
chr7	125428773	125628773	harbor2	chr7	125507011	125507259	SINE/MIR	523	-	124	125507135	78362
chr7	93960603	94160603	harbor2	chr7	93968498	93968728	SINE/MIR	494	-	115	93968613	8010
chr7	93960603	94160603	harbor2	chr7	93972344	93972581	SINE/MIR	624	-	118	93972462	11859
chr7	93960603	94160603	harbor2	chr7	93991627	93991771	SINE/MIR	517	-	72	93991699	31096
chr7	147695910	147895910	harbor2	chr7	147714030	147714157	SINE/MIR	540	-	64	147714094	18184
chr7	147695910	147895910	harbor2	chr7	147723005	147723160	SINE/MIR	478	-	78	147723083	27173
chr7	147695910	147895910	harbor2	chr7	147727541	147727752	SINE/MIR	556	-	106	147727647	31737
chr7	147695910	147895910	harbor2	chr7	147751804	147752000	SINE/MIR	460	-	98	147751902	55992
chr7	147695910	147895910	harbor2	chr7	147774432	147774459	SINE/MIR	452	-	14	147774446	78536
chr7	147695910	147895910	harbor2	chr7	147774825	147774989	SINE/MIR	452	-	82	147774907	78997
chr7	108176499	108376499	harbor2	chr7	108183863	108184083	SINE/MIR	766	-	110	108183973	7474
chr7	108176499	108376499	harbor2	chr7	108244994	108245238	SINE/MIR	458	-	122	108245116	68617
chr7	108176499	108376499	harbor2	chr7	108262432	108262562	SINE/MIR	434	-	65	108262497	85998
chr7	108176499	108376499	harbor2	chr7	108265604	108265717	SINE/MIR	444	-	56	108265660	89161
chr7	108176499	108376499	harbor2	chr7	108268878	108269067	SINE/MIR	878	-	94	108268972	92473
chr7	141565929	141765929	harbor2	chr7	141569556	141569795	SINE/MIR	886	-	120	141569676	3747
chr7	141565929	141765929	harbor2	chr7	141605644	141605829	SINE/MIR	552	-	92	141605736	39807
chr7	22656234	22856234	harbor2	chr7	22675465	22675669	SINE/MIR	722	-	102	22675567	19333
chr7	22656234	22856234	harbor2	chr7	22675971	22676020	SINE/MIR	722	-	24	22675995	19761
chr7	22656234	22856234	harbor2	chr7	22717048	22717297	SINE/MIR	650	-	124	22717172	60938
chr7	22656234	22856234	harbor2	chr7	22717630	22717843	SINE/MIR	539	-	106	22717736	61502
chr7	22656234	22856234	harbor2	chr7	22725066	22725238	SINE/MIR	524	-	86	22725152	68918
chr7	22656234	22856234	harbor2	chr7	22728375	22728545	SINE/MIR	528	-	85	22728460	72226
chr7	116815448	117015448	harbor2	chr7	116835984	116836229	SINE/MIR	568	-	122	116836106	20658
chr7	116815448	117015448	harbor2	chr7	116857160	116857397	SINE/MIR	643	-	118	116857278	41830
chr7	153413820	153613820	harbor2	chr7	153424691	153424906	SINE/MIR	601	-	108	153424799	10979
chr7	153413820	153613820	harbor2	chr7	153445462	153445639	SINE/MIR	433	-	88	153445550	31730
chr7	153413820	153613820	harbor2	chr7	153460485	153460611	SINE/MIR	436	-	63	153460548	46728
chr7	44413868	44613868	harbor2	chr7	44484378	44484555	SINE/MIR	679	-	88	44484466	70598
chr7	93289258	93489258	harbor2	chr7	93354066	93354260	SINE/MIR	440	-	97	93354163	64905
chr7	136576774	136776774	harbor2	chr7	136620424	136620576	SINE/MIR	540	-	76	136620500	43726
chr7	147815470	148015470	harbor2	chr7	147829462	147829689	SINE/MIR	578	-	114	147829576	14106
chr7	147815470	148015470	harbor2	chr7	147842054	147842248	SINE/MIR	456	-	97	147842151	26681
chr7	147815470	148015470	harbor2	chr7	147869928	147870100	SINE/MIR	515	-	86	147870014	54544
chr7	147815470	148015470	harbor2	chr7	147870548	147870605	SINE/MIR	515	-	28	147870576	55106
chr7	147815470	148015470	harbor2	chr7	147910300	147910493	SINE/MIR	452	-	96	147910396	94926
chr7	130015509	130215509	harbor2	chr7	130086990	130087155	SINE/MIR	605	-	82	130087072	71563
chr7	154047004	154247004	harbor2	chr7	154071255	154071449	SINE/MIR	579	-	97	154071352	24348
chr7	30230387	30430387	harbor2	chr7	30248784	30249005	SINE/MIR	587	-	110	30248894	18507
chr7	30230387	30430387	harbor2	chr7	30255202	30255441	SINE/MIR	645	-	120	30255322	24935
chr7	30230387	30430387	harbor2	chr7	30262809	30262937	SINE/MIR	501	-	64	30262873	32486
chr7	30230387	30430387	harbor2	chr7	30270785	30270939	SINE/MIR	606	-	77	30270862	40475
chr7	30230387	30430387	harbor2	chr7	30271324	30271367	SINE/MIR	606	-	22	30271346	40959
chr7	30230387	30430387	harbor2	chr7	30280692	30280893	SINE/MIR	478	-	100	30280792	50405
chr7	30230387	30430387	harbor2	chr7	30319310	30319544	SINE/MIR	468	-	117	30319427	89040
chr7	145234781	145434781	harbor2	chr7	145254233	145254469	SINE/MIR	462	-	118	145254351	19570
chr7	145234781	145434781	harbor2	chr7	145289003	145289223	SINE/MIR	474	-	110	145289113	54332
chr7	145234781	145434781	harbor2	chr7	145326386	145326591	SINE/MIR	473	-	102	145326488	91707
chr7	145234781	145434781	harbor2	chr7	145326078	145326314	SINE/MIR	663	-	118	145326196	91415
chr7	79231160	79431160	harbor2	chr7	79263200	79263451	SINE/MIR	463	-	126	79263326	32166
chr7	79231160	79431160	harbor2	chr7	79286270	79286464	SINE/MIR	534	-	97	79286367	55207
chr7	79231160	79431160	harbor2	chr7	79293544	79293757	SINE/MIR	621	-	106	79293650	62490
chr7	79231160	79431160	harbor2	chr7	79316743	79316973	SINE/MIR	895	-	115	79316858	85698
chr7	144886029	145086029	harbor2	chr7	144903846	144904053	SINE/MIR	514	-	104	144903950	17921
chr7	144886029	145086029	harbor2	chr7	144956381	144956566	SINE/MIR	444	-	92	144956473	70444
chr7	81882661	82082661	harbor2	chr7	81885958	81886144	SINE/MIR	463	-	93	81886051	3390
chr7	81882661	82082661	harbor2	chr7	81935173	81935366	SINE/MIR	433	-	96	81935269	52608
chr7	81882661	82082661	harbor2	chr7	81943626	81943882	SINE/MIR	668	-	128	81943754	61093
chr7	135355644	135555644	harbor2	chr7	135365413	135365597	SINE/MIR	644	-	92	135365505	9861
chr7	111278166	111478166	harbor2	chr7	111302533	111302654	SINE/MIR	525	-	60	111302593	24427
chr7	111278166	111478166	harbor2	chr7	111346142	111346313	SINE/MIR	437	-	86	111346228	68062
chr7	111278166	111478166	harbor2	chr7	111367531	111367785	SINE/MIR	633	-	127	111367658	89492
chr7	145991526	146191526	harbor2	chr7	146046923	146047132	SINE/MIR	440	-	104	146047027	55501
chr7	154853224	155053224	harbor2	chr7	154858142	154858382	SINE/MIR	688	-	120	154858262	5038
chr7	154853224	155053224	harbor2	chr7	154902922	154903134	SINE/MIR	506	-	106	154903028	49804
chr8	118930682	119130682	harbor2	chr8	118942597	118942803	SINE/MIR	569	-	103	118942700	12018
chr8	118930682	119130682	harbor2	chr8	118961059	118961275	SINE/MIR	408	-	108	118961167	30485
chr8	118930682	119130682	harbor2	chr8	118970727	118970936	SINE/MIR	425	-	104	118970831	40149
chr8	118930682	119130682	harbor2	chr8	118994448	118994694	SINE/MIR	484	-	123	118994571	63889
chr8	118930682	119130682	harbor2	chr8	118995453	118995608	SINE/MIR	374	-	78	118995531	64849
chr8	118930682	119130682	harbor2	chr8	119017136	119017274	SINE/MIR	578	-	69	119017205	86523
chr8	59520608	59720608	harbor2	chr8	59599988	59600130	SINE/MIR	459	-	71	59600059	79451
chr8	59520608	59720608	harbor2	chr8	59612238	59612459	SINE/MIR	600	-	110	59612348	91740
chr8	59520608	59720608	harbor2	chr8	59616102	59616281	SINE/MIR	535	-	90	59616192	95584
chr8	108165434	108365434	harbor2	chr8	108190218	108190382	SINE/MIR	456	-	82	108190300	24866
chr8	108165434	108365434	harbor2	chr8	108245487	108245709	SINE/MIR	438	-	111	108245598	80164
chr8	64779174	64979174	harbor2	chr8	64811002	64811160	SINE/MIR	517	-	79	64811081	31907
chr8	64779174	64979174	harbor2	chr8	64873614	64873832	SINE/MIR	857	-	109	64873723	94549
chr8	64779174	64979174	harbor2	chr8	64874337	64874382	SINE/MIR	857	-	22	64874359	95185
chr8	126848017	127048017	harbor2	chr8	126863865	126864075	SINE/MIR	399	-	105	126863970	15953
chr8	126848017	127048017	harbor2	chr8	126865044	126865256	SINE/MIR	442	-	106	126865150	17133
chr8	126848017	127048017	harbor2	chr8	126868662	126868751	SINE/MIR	468	-	44	126868706	20689
chr8	126848017	127048017	harbor2	chr8	126869052	126869193	SINE/MIR	468	-	70	126869122	21105
chr8	126848017	127048017	harbor2	chr8	126871030	126871260	SINE/MIR	772	-	115	126871145	23128
chr8	126848017	127048017	harbor2	chr8	126891982	126892141	SINE/MIR	480	-	80	126892062	44045
chr8	126848017	127048017	harbor2	chr8	126894885	126895105	SINE/MIR	727	-	110	126894995	46978
chr8	126848017	127048017	harbor2	chr8	126902446	126902565	SINE/MIR	372	-	60	126902506	54489
chr8	126848017	127048017	harbor2	chr8	126917180	126917383	SINE/MIR	400	-	102	126917282	69265
chr8	126848017	127048017	harbor2	chr8	126924958	126925127	SINE/MIR	526	-	84	126925042	77025
chr8	126848017	127048017	harbor2	chr8	126925150	126925334	SINE/MIR	404	-	92	126925242	77225
chr8	126848017	127048017	harbor2	chr8	126926048	126926262	SINE/MIR	505	-	107	126926155	78138
chr8	126848017	127048017	harbor2	chr8	126939857	126940030	SINE/MIR	408	-	86	126939943	91926
chr8	119941684	120141684	harbor2	chr8	119941659	119941869	SINE/MIR	440	-	105	119941764	80
chr8	119941684	120141684	harbor2	chr8	119945348	119945510	SINE/MIR	437	-	81	119945429	3745
chr8	119941684	120141684	harbor2	chr8	119947013	119947148	SINE/MIR	396	-	68	119947081	5397
chr8	119941684	120141684	harbor2	chr8	119972204	119972340	SINE/MIR	617	-	68	119972272	30588
chr8	119941684	120141684	harbor2	chr8	119972646	119972735	SINE/MIR	617	-	44	119972690	31006
chr8	119941684	120141684	harbor2	chr8	120017226	120017388	SINE/MIR	407	-	81	120017307	75623
chr8	119941684	120141684	harbor2	chr8	120037181	120037355	SINE/MIR	388	-	87	120037268	95584
chr8	122251802	122451802	harbor2	chr8	122271852	122272030	SINE/MIR	450	-	89	122271941	20139
chr8	122251802	122451802	harbor2	chr8	122309896	122310100	SINE/MIR	483	-	102	122309998	58196
chr8	122251802	122451802	harbor2	chr8	122316573	122316757	SINE/MIR	612	-	92	122316665	64863
chr8	122251802	122451802	harbor2	chr8	122320229	122320421	SINE/MIR	403	-	96	122320325	68523
chr8	122251802	122451802	harbor2	chr8	122333252	122333341	SINE/MIR	407	-	44	122333296	81494
chr8	122251802	122451802	harbor2	chr8	122333644	122333835	SINE/MIR	407	-	96	122333740	81938
chr8	122251802	122451802	harbor2	chr8	122338234	122338414	SINE/MIR	404	-	90	122338324	86522
chr8	122251802	122451802	harbor2	chr8	122340027	122340236	SINE/MIR	394	-	104	122340131	88329
chr8	108904432	109104432	harbor2	chr8	108911207	108911408	SINE/MIR	573	-	100	108911307	6875
chr8	108904432	109104432	harbor2	chr8	108964301	108964527	SINE/MIR	568	-	113	108964414	59982
chr8	108904432	109104432	harbor2	chr8	108978678	108978936	SINE/MIR	529	-	129	108978807	74375
chr8	108904432	109104432	harbor2	chr8	108978987	108979194	SINE/MIR	475	-	104	108979091	74659
chr8	136811473	137011473	harbor2	chr8	136813567	136813782	SINE/MIR	370	-	108	136813675	2202
chr8	136811473	137011473	harbor2	chr8	136816145	136816325	SINE/MIR	579	-	90	136816235	4762
chr8	136811473	137011473	harbor2	chr8	136816410	136816595	SINE/MIR	384	-	92	136816502	5029
chr8	136811473	137011473	harbor2	chr8	136887838	136887963	SINE/MIR	400	-	62	136887900	76427
chr8	83658035	83858035	harbor2	chr8	83678637	83678838	SINE/MIR	500	-	100	83678737	20702
chr8	138789940	138989940	harbor2	chr8	138793403	138793540	SINE/MIR	511	-	68	138793471	3531
chr8	138789940	138989940	harbor2	chr8	138800475	138800611	SINE/MIR	440	-	68	138800543	10603
chr8	138789940	138989940	harbor2	chr8	138802057	138802177	SINE/MIR	570	-	60	138802117	12177
chr8	138789940	138989940	harbor2	chr8	138816954	138817111	SINE/MIR	509	-	78	138817032	27092
chr8	138789940	138989940	harbor2	chr8	138817561	138817627	SINE/MIR	509	-	33	138817594	27654
chr8	138789940	138989940	harbor2	chr8	138817757	138817897	SINE/MIR	496	-	70	138817827	27887
chr8	138789940	138989940	harbor2	chr8	138826087	138826320	SINE/MIR	821	-	116	138826203	36263
chr8	138789940	138989940	harbor2	chr8	138839853	138840043	SINE/MIR	449	-	95	138839948	50008
chr8	138789940	138989940	harbor2	chr8	138849309	138849541	SINE/MIR	510	-	116	138849425	59485
chr8	138789940	138989940	harbor2	chr8	138849748	138849860	SINE/MIR	484	-	56	138849804	59864
chr8	138789940	138989940	harbor2	chr8	138855195	138855425	SINE/MIR	655	-	115	138855310	65370
chr8	138789940	138989940	harbor2	chr8	138867491	138867617	SINE/MIR	388	-	63	138867554	77614
chr8	138789940	138989940	harbor2	chr8	138868633	138868734	SINE/MIR	532	-	50	138868683	78743
chr8	138789940	138989940	harbor2	chr8	138869031	138869165	SINE/MIR	532	-	67	138869098	79158
chr8	138789940	138989940	harbor2	chr8	138889021	138889239	SINE/MIR	478	-	109	138889130	99190
chr8	138789940	138989940	harbor2	chr8	138854370	138854542	SINE/MIR	461	-	86	138854456	64516
chr8	59244790	59444790	harbor2	chr8	59267925	59268176	SINE/MIR	615	-	126	59268051	23261
chr8	59244790	59444790	harbor2	chr8	59288616	59288865	SINE/MIR	682	-	124	59288740	43950
chr8	59244790	59444790	harbor2	chr8	59325328	59325568	SINE/MIR	598	-	120	59325448	80658
chr8	131612658	131812658	harbor2	chr8	131630510	131630703	SINE/MIR	654	-	96	131630606	17948
chr8	131612658	131812658	harbor2	chr8	131631574	131631767	SINE/MIR	579	-	96	131631670	19012
chr8	131612658	131812658	harbor2	chr8	131652187	131652396	SINE/MIR	459	-	104	131652291	39633
chr8	131612658	131812658	harbor2	chr8	131659563	131659784	SINE/MIR	759	-	110	131659673	47015
chr8	131612658	131812658	harbor2	chr8	131677983	131678118	SINE/MIR	451	-	68	131678051	65393
chr8	70555451	70755451	harbor2	chr8	70605190	70605423	SINE/MIR	544	-	116	70605306	49855
chr8	70555451	70755451	harbor2	chr8	70616301	70616450	SINE/MIR	587	-	74	70616375	60924
chr8	70555451	70755451	harbor2	chr8	70641348	70641585	SINE/MIR	859	-	118	70641466	86015
chr8	111913913	112113913	harbor2	chr8	111924745	111924975	SINE/MIR	548	-	115	111924860	10947
chr8	111913913	112113913	harbor2	chr8	111936706	111936912	SINE/MIR	600	-	103	111936809	22896
chr8	111913913	112113913	harbor2	chr8	111947632	111947849	SINE/MIR	375	-	108	111947740	33827
chr8	111913913	112113913	harbor2	chr8	111975171	111975424	SINE/MIR	381	-	126	111975297	61384
chr8	124440870	124640870	harbor2	chr8	124476268	124476502	SINE/MIR	522	-	117	124476385	35515
chr8	124440870	124640870	harbor2	chr8	124521025	124521242	SINE/MIR	565	-	108	124521133	80263
chr8	124440870	124640870	harbor2	chr8	124539666	124539822	SINE/MIR	404	-	78	124539744	98874
chr8	115792420	115992420	harbor2	chr8	115866647	115866873	SINE/MIR	410	-	113	115866760	74340
chr8	115792420	115992420	harbor2	chr8	115885599	115885744	SINE/MIR	410	-	72	115885671	93251
chr8	115792420	115992420	harbor2	chr8	115892322	115892464	SINE/MIR	497	-	71	115892393	99973
chr8	90219208	90419208	harbor2	chr8	90276798	90277012	SINE/MIR	578	-	107	90276905	57697
chr8	90219208	90419208	harbor2	chr8	90277989	90278207	SINE/MIR	437	-	109	90278098	58890
chr8	90219208	90419208	harbor2	chr8	90281881	90282075	SINE/MIR	533	-	97	90281978	62770
chr8	90219208	90419208	harbor2	chr8	90290936	90291139	SINE/MIR	383	-	102	90291038	71830
chr8	90219208	90419208	harbor2	chr8	90311837	90312077	SINE/MIR	478	-	120	90311957	92749
chr8	90219208	90419208	harbor2	chr8	90313316	90313505	SINE/MIR	393	-	94	90313410	94202
chr8	101635464	101835464	harbor2	chr8	101639345	101639582	SINE/MIR	709	-	118	101639463	3999
chr8	101635464	101835464	harbor2	chr8	101642837	101643044	SINE/MIR	454	-	104	101642941	7477
chr8	101635464	101835464	harbor2	chr8	101648461	101648696	SINE/MIR	672	-	118	101648579	13115
chr8	101635464	101835464	harbor2	chr8	101656288	101656469	SINE/MIR	432	-	90	101656378	20914
chr8	101635464	101835464	harbor2	chr8	101664998	101665235	SINE/MIR	493	-	118	101665116	29652
chr8	101635464	101835464	harbor2	chr8	101665661	101665853	SINE/MIR	413	-	96	101665757	30293
chr8	101635464	101835464	harbor2	chr8	101708532	101708771	SINE/MIR	661	-	120	101708652	73188
chr8	101635464	101835464	harbor2	chr8	101724637	101724851	SINE/MIR	392	-	107	101724744	89280
chr8	125999393	126199393	harbor2	chr8	126022155	126022330	SINE/MIR	423	-	88	126022243	22850
chr8	125999393	126199393	harbor2	chr8	126057544	126057674	SINE/MIR	383	-	65	126057609	58216
chr8	125999393	126199393	harbor2	chr8	126076214	126076413	SINE/MIR	469	-	100	126076314	76921
chr8	125999393	126199393	harbor2	chr8	126087568	126087747	SINE/MIR	390	-	90	126087658	88265
chr8	125999393	126199393	harbor2	chr8	126091096	126091330	SINE/MIR	666	-	117	126091213	91820
chr8	119461796	119661796	harbor2	chr8	119494588	119494766	SINE/MIR	441	-	89	119494677	32881
chr8	119461796	119661796	harbor2	chr8	119495420	119495571	SINE/MIR	548	-	76	119495496	33700
chr8	119461796	119661796	harbor2	chr8	119510541	119510712	SINE/MIR	481	-	86	119510627	48831
chr8	119461796	119661796	harbor2	chr8	119537193	119537351	SINE/MIR	507	-	79	119537272	75476
chr8	119461796	119661796	harbor2	chr8	119541431	119541619	SINE/MIR	398	-	94	119541525	79729
chr8	109646305	109846305	harbor2	chr8	109677612	109677742	SINE/MIR	380	-	65	109677677	31372
chr8	109646305	109846305	harbor2	chr8	109722001	109722206	SINE/MIR	587	-	102	109722103	75798
chr8	109646305	109846305	harbor2	chr8	109730638	109730861	SINE/MIR	612	-	112	109730750	84445
chr8	109646305	109846305	harbor2	chr8	109742092	109742259	SINE/MIR	560	-	84	109742176	95871
chr8	139336514	139536514	harbor2	chr8	139383857	139384020	SINE/MIR	391	-	82	139383939	47425
chr8	139336514	139536514	harbor2	chr8	139384714	139384968	SINE/MIR	576	-	127	139384841	48327
chr8	139336514	139536514	harbor2	chr8	139405026	139405259	SINE/MIR	424	-	116	139405142	68628
chr8	139336514	139536514	harbor2	chr8	139407307	139407472	SINE/MIR	547	-	82	139407389	70875
chr8	139336514	139536514	harbor2	chr8	139430649	139430849	SINE/MIR	368	-	100	139430749	94235
chr8	34234136	34434136	harbor2	chr8	34311420	34311607	SINE/MIR	425	-	94	34311514	77378
chr8	34234136	34434136	harbor2	chr8	34316056	34316286	SINE/MIR	402	-	115	34316171	82035
chr8	83279564	83479564	harbor2	chr8	83371771	83372002	SINE/MIR	642	-	116	83371887	92323
chr8	134602053	134802053	harbor2	chr8	134604131	134604344	SINE/MIR	469	-	106	134604237	2184
chr8	134602053	134802053	harbor2	chr8	134636378	134636592	SINE/MIR	705	-	107	134636485	34432
chr8	134602053	134802053	harbor2	chr8	134641985	134642239	SINE/MIR	472	-	127	134642112	40059
chr8	134602053	134802053	harbor2	chr8	134643048	134643276	SINE/MIR	768	-	114	134643162	41109
chr8	134602053	134802053	harbor2	chr8	134657094	134657343	SINE/MIR	591	-	124	134657218	55165
chr8	134602053	134802053	harbor2	chr8	134660129	134660259	SINE/MIR	390	-	65	134660194	58141
chr8	66791204	66991204	harbor2	chr8	66804018	66804193	SINE/MIR	466	-	88	66804106	12902
chr8	66791204	66991204	harbor2	chr8	66804584	66804784	SINE/MIR	832	-	100	66804684	13480
chr8	66791204	66991204	harbor2	chr8	66812674	66812859	SINE/MIR	396	-	92	66812766	21562
chr8	66791204	66991204	harbor2	chr8	66837007	66837198	SINE/MIR	396	-	96	66837103	45899
chr8	66791204	66991204	harbor2	chr8	66838376	66838493	SINE/MIR	460	-	58	66838434	47230
chr8	66791204	66991204	harbor2	chr8	66850455	66850600	SINE/MIR	383	-	72	66850527	59323
chr8	66791204	66991204	harbor2	chr8	66855877	66856066	SINE/MIR	547	-	94	66855971	64767
chr8	66791204	66991204	harbor2	chr8	66856676	66856827	SINE/MIR	416	-	76	66856752	65548
chr8	66791204	66991204	harbor2	chr8	66857102	66857144	SINE/MIR	416	-	21	66857123	65919
chr8	66791204	66991204	harbor2	chr8	66873239	66873396	SINE/MIR	442	-	78	66873317	82113
chr8	52847118	53047118	harbor2	chr8	52890785	52890972	SINE/MIR	511	-	94	52890879	43761
chr8	52847118	53047118	harbor2	chr8	52926916	52927093	SINE/MIR	456	-	88	52927004	79886
chr8	121120761	121320761	harbor2	chr8	121159376	121159546	SINE/MIR	468	-	85	121159461	38700
chr8	121120761	121320761	harbor2	chr8	121161379	121161536	SINE/MIR	600	-	78	121161457	40696
chr8	121120761	121320761	harbor2	chr8	121162685	121162805	SINE/MIR	389	-	60	121162745	41984
chr8	121120761	121320761	harbor2	chr8	121185081	121185315	SINE/MIR	602	-	117	121185198	64437
chr8	121120761	121320761	harbor2	chr8	121206865	121207086	SINE/MIR	439	-	110	121206975	86214
chr8	121120761	121320761	harbor2	chr8	121208854	121209071	SINE/MIR	394	-	108	121208962	88201
chr8	121120761	121320761	harbor2	chr8	121216876	121217038	SINE/MIR	469	-	81	121216957	96196
chr8	104256930	104456930	harbor2	chr8	104258991	104259037	SINE/MIR	489	-	23	104259014	2084
chr8	104256930	104456930	harbor2	chr8	104259558	104259727	SINE/MIR	489	-	84	104259642	2712
chr8	104256930	104456930	harbor2	chr8	104318306	104318435	SINE/MIR	422	-	64	104318370	61440
chr8	104256930	104456930	harbor2	chr8	104321549	104321738	SINE/MIR	445	-	94	104321643	64713
chr8	104256930	104456930	harbor2	chr8	104321912	104322087	SINE/MIR	542	-	88	104322000	65070
chr8	104199899	104399899	harbor2	chr8	104206514	104206761	SINE/MIR	497	-	124	104206638	6739
chr8	104199899	104399899	harbor2	chr8	104225100	104225349	SINE/MIR	886	-	124	104225224	25325
chr8	104199899	104399899	harbor2	chr8	104226953	104227113	SINE/MIR	377	-	80	104227033	27134
chr8	104199899	104399899	harbor2	chr8	104240829	104241098	SINE/MIR	693	-	134	104240963	41064
chr8	104199899	104399899	harbor2	chr8	104258991	104259037	SINE/MIR	489	-	23	104259014	59115
chr8	104199899	104399899	harbor2	chr8	104259558	104259727	SINE/MIR	489	-	84	104259642	59743
chr8	138332511	138532511	harbor2	chr8	138391686	138391933	SINE/MIR	894	-	124	138391810	59299
chr8	138332511	138532511	harbor2	chr8	138394286	138394538	SINE/MIR	566	-	126	138394412	61901
chr8	138332511	138532511	harbor2	chr8	138402518	138402729	SINE/MIR	519	-	106	138402624	70113
chr8	138332511	138532511	harbor2	chr8	138424504	138424744	SINE/MIR	559	-	120	138424624	92113
chr8	138332511	138532511	harbor2	chr8	138425144	138425345	SINE/MIR	434	-	100	138425244	92733
chr8	135665959	135865959	harbor2	chr8	135679136	135679290	SINE/MIR	467	-	77	135679213	13254
chr8	135665959	135865959	harbor2	chr8	135680721	135680938	SINE/MIR	489	-	108	135680829	14870
chr8	135665959	135865959	harbor2	chr8	135684724	135684873	SINE/MIR	400	-	74	135684798	18839
chr8	135665959	135865959	harbor2	chr8	135685754	135685914	SINE/MIR	635	-	80	135685834	19875
chr8	135665959	135865959	harbor2	chr8	135709408	135709557	SINE/MIR	459	-	74	135709482	43523
chr8	135665959	135865959	harbor2	chr8	135724789	135724961	SINE/MIR	403	-	86	135724875	58916
chr8	135665959	135865959	harbor2	chr8	135725578	135725800	SINE/MIR	567	-	111	135725689	59730
chr8	135665959	135865959	harbor2	chr8	135747735	135747881	SINE/MIR	477	-	73	135747808	81849
chr8	137010071	137210071	harbor2	chr8	137026732	137026802	SINE/MIR	401	-	35	137026767	16696
chr8	137010071	137210071	harbor2	chr8	137032782	137033014	SINE/MIR	633	-	116	137032898	22827
chr8	137010071	137210071	harbor2	chr8	137087525	137087736	SINE/MIR	437	-	106	137087631	77560
chr8	137010071	137210071	harbor2	chr8	137100689	137100865	SINE/MIR	499	-	88	137100777	90706
chr8	140484073	140684073	harbor2	chr8	140570637	140570827	SINE/MIR	480	-	95	140570732	86659
chr8	21130615	21330615	harbor2	chr8	21132385	21132544	SINE/MIR	562	-	80	21132465	1850
chr8	21130615	21330615	harbor2	chr8	21193835	21194042	SINE/MIR	418	-	104	21193939	63324
chr8	21130615	21330615	harbor2	chr8	21196046	21196262	SINE/MIR	586	-	108	21196154	65539
chr8	21130615	21330615	harbor2	chr8	21198081	21198236	SINE/MIR	442	-	78	21198159	67544
chr8	21130615	21330615	harbor2	chr8	21210631	21210838	SINE/MIR	527	-	104	21210735	80120
chr8	21130615	21330615	harbor2	chr8	21229766	21229923	SINE/MIR	425	-	78	21229844	99229
chr8	143066382	143266382	harbor2	chr8	143161246	143161481	SINE/MIR	651	-	118	143161364	94982
chr8	131591598	131791598	harbor2	chr8	131601126	131601315	SINE/MIR	406	-	94	131601220	9622
chr8	131591598	131791598	harbor2	chr8	131630510	131630703	SINE/MIR	654	-	96	131630606	39008
chr8	131591598	131791598	harbor2	chr8	131631574	131631767	SINE/MIR	579	-	96	131631670	40072
chr8	131591598	131791598	harbor2	chr8	131652187	131652396	SINE/MIR	459	-	104	131652291	60693
chr8	131591598	131791598	harbor2	chr8	131659563	131659784	SINE/MIR	759	-	110	131659673	68075
chr8	131591598	131791598	harbor2	chr8	131677983	131678118	SINE/MIR	451	-	68	131678051	86453
chr8	76612256	76812256	harbor2	chr8	76624101	76624278	SINE/MIR	425	-	88	76624189	11933
chr8	76612256	76812256	harbor2	chr8	76659227	76659459	SINE/MIR	389	-	116	76659343	47087
chr8	109192330	109392330	harbor2	chr8	109192939	109193127	SINE/MIR	750	-	94	109193033	703
chr8	109192330	109392330	harbor2	chr8	109224088	109224277	SINE/MIR	640	-	94	109224182	31852
chr8	109192330	109392330	harbor2	chr8	109231637	109231855	SINE/MIR	797	-	109	109231746	39416
chr8	109192330	109392330	harbor2	chr8	109245564	109245781	SINE/MIR	628	-	108	109245672	53342
chr8	109192330	109392330	harbor2	chr8	109254911	109255128	SINE/MIR	438	-	108	109255019	62689
chr8	109192330	109392330	harbor2	chr8	109277030	109277256	SINE/MIR	655	-	113	109277143	84813
chr8	127348380	127548380	harbor2	chr8	127352597	127352800	SINE/MIR	585	-	102	127352699	4319
chr8	127348380	127548380	harbor2	chr8	127370501	127370742	SINE/MIR	479	-	120	127370621	22241
chr8	127348380	127548380	harbor2	chr8	127390606	127390783	SINE/MIR	650	-	88	127390694	42314
chr8	127348380	127548380	harbor2	chr8	127393055	127393262	SINE/MIR	396	-	104	127393159	44779
chr8	127348380	127548380	harbor2	chr8	127419327	127419556	SINE/MIR	390	-	114	127419441	71061
chr8	127348380	127548380	harbor2	chr8	127424027	127424242	SINE/MIR	490	-	108	127424135	75755
chr8	127348380	127548380	harbor2	chr8	127441088	127441315	SINE/MIR	576	-	114	127441202	92822
chr8	127348380	127548380	harbor2	chr8	127447050	127447247	SINE/MIR	440	-	98	127447148	98768
chr8	107925272	108125272	harbor2	chr8	107930069	107930275	SINE/MIR	370	-	103	107930172	4900
chr8	107925272	108125272	harbor2	chr8	107946119	107946321	SINE/MIR	597	-	101	107946220	20948
chr8	107925272	108125272	harbor2	chr8	107955226	107955398	SINE/MIR	507	-	86	107955312	30040
chr8	111967363	112167363	harbor2	chr8	111975171	111975424	SINE/MIR	381	-	126	111975297	7934
chr8	111967363	112167363	harbor2	chr8	112024701	112024943	SINE/MIR	424	-	121	112024822	57459
chr8	111967363	112167363	harbor2	chr8	112065114	112065316	SINE/MIR	408	-	101	112065215	97852
chr8	132968794	133168794	harbor2	chr8	132974392	132974592	SINE/MIR	671	-	100	132974492	5698
chr8	132968794	133168794	harbor2	chr8	132975624	132975816	SINE/MIR	598	-	96	132975720	6926
chr8	132968794	133168794	harbor2	chr8	132982071	132982313	SINE/MIR	741	-	121	132982192	13398
chr8	132968794	133168794	harbor2	chr8	132982637	132982818	SINE/MIR	528	-	90	132982727	13933
chr8	132968794	133168794	harbor2	chr8	132983220	132983275	SINE/MIR	436	-	28	132983248	14454
chr8	132968794	133168794	harbor2	chr8	132990630	132990836	SINE/MIR	510	-	103	132990733	21939
chr8	132968794	133168794	harbor2	chr8	133005501	133005662	SINE/MIR	566	-	80	133005581	36787
chr8	132968794	133168794	harbor2	chr8	133014002	133014261	SINE/MIR	737	-	130	133014132	45338
chr8	132968794	133168794	harbor2	chr8	133019957	133020211	SINE/MIR	392	-	127	133020084	51290
chr8	132968794	133168794	harbor2	chr8	133026883	133027116	SINE/MIR	651	-	116	133026999	58205
chr8	132968794	133168794	harbor2	chr8	133028544	133028756	SINE/MIR	706	-	106	133028650	59856
chr8	132968794	133168794	harbor2	chr8	133032793	133033036	SINE/MIR	521	-	122	133032915	64121
chr8	132968794	133168794	harbor2	chr8	133043473	133043712	SINE/MIR	398	-	120	133043593	74799
chr8	132968794	133168794	harbor2	chr8	133043954	133044159	SINE/MIR	397	-	102	133044056	75262
chr8	132968794	133168794	harbor2	chr8	133047996	133048212	SINE/MIR	433	-	108	133048104	79310
chr8	132968794	133168794	harbor2	chr8	133049334	133049601	SINE/MIR	654	-	134	133049468	80674
chr8	132968794	133168794	harbor2	chr8	133055895	133056077	SINE/MIR	463	-	91	133055986	87192
chr8	132968794	133168794	harbor2	chr8	133060723	133060899	SINE/MIR	467	-	88	133060811	92017
chr8	132968794	133168794	harbor2	chr8	133065212	133065399	SINE/MIR	553	-	94	133065306	96512
chr8	63312357	63512357	harbor2	chr8	63364197	63364323	SINE/MIR	423	-	63	63364260	51903
chr8	63312357	63512357	harbor2	chr8	63376431	63376629	SINE/MIR	458	-	99	63376530	64173
chr8	63312357	63512357	harbor2	chr8	63388443	63388570	SINE/MIR	435	-	64	63388507	76150
chr8	63312357	63512357	harbor2	chr8	63395063	63395240	SINE/MIR	525	-	88	63395151	82794
chr8	63312357	63512357	harbor2	chr8	63404786	63404961	SINE/MIR	585	-	88	63404874	92517
chr8	85537303	85737303	harbor2	chr8	85538560	85538822	SINE/MIR	564	-	131	85538691	1388
chr8	85537303	85737303	harbor2	chr8	85541472	85541674	SINE/MIR	619	-	101	85541573	4270
chr8	85537303	85737303	harbor2	chr8	85555289	85555486	SINE/MIR	682	-	98	85555387	18084
chr8	85537303	85737303	harbor2	chr8	85567154	85567385	SINE/MIR	493	-	116	85567270	29967
chr8	85537303	85737303	harbor2	chr8	85570820	85571035	SINE/MIR	466	-	108	85570928	33625
chr8	85537303	85737303	harbor2	chr8	85590497	85590713	SINE/MIR	847	-	108	85590605	53302
chr8	85537303	85737303	harbor2	chr8	85592789	85592918	SINE/MIR	446	-	64	85592853	55550
chr8	85537303	85737303	harbor2	chr8	85608478	85608695	SINE/MIR	475	-	108	85608586	71283
chr8	105947177	106147177	harbor2	chr8	105949335	105949547	SINE/MIR	666	-	106	105949441	2264
chr8	105947177	106147177	harbor2	chr8	106002522	106002692	SINE/MIR	889	-	85	106002607	55430
chr8	105947177	106147177	harbor2	chr8	106031151	106031308	SINE/MIR	472	-	78	106031229	84052
chr8	105947177	106147177	harbor2	chr8	106045659	106045857	SINE/MIR	510	-	99	106045758	98581
chr8	39910805	40110805	harbor2	chr8	39915076	39915222	SINE/MIR	475	-	73	39915149	4344
chr8	39910805	40110805	harbor2	chr8	39921548	39921691	SINE/MIR	410	-	72	39921620	10815
chr8	39910805	40110805	harbor2	chr8	39923694	39923861	SINE/MIR	376	-	84	39923778	12973
chr8	39910805	40110805	harbor2	chr8	39929622	39929808	SINE/MIR	533	-	93	39929715	18910
chr8	39910805	40110805	harbor2	chr8	39933478	39933694	SINE/MIR	477	-	108	39933586	22781
chr8	39910805	40110805	harbor2	chr8	39934237	39934482	SINE/MIR	524	-	122	39934359	23554
chr8	39910805	40110805	harbor2	chr8	39980176	39980353	SINE/MIR	388	-	88	39980264	69459
chr8	40368612	40568612	harbor2	chr8	40374258	40374521	SINE/MIR	442	-	132	40374390	5778
chr8	40368612	40568612	harbor2	chr8	40396977	40397184	SINE/MIR	371	-	104	40397081	28469
chr8	40368612	40568612	harbor2	chr8	40456750	40456960	SINE/MIR	477	-	105	40456855	88243
chr8	40368612	40568612	harbor2	chr8	40456946	40457137	SINE/MIR	598	-	96	40457042	88430
chr8	40368612	40568612	harbor2	chr8	40460037	40460215	SINE/MIR	413	-	89	40460126	91514
chr8	40368612	40568612	harbor2	chr8	40465892	40466108	SINE/MIR	596	-	108	40466000	97388
chr8	128058087	128258087	harbor2	chr8	128059324	128059358	SINE/MIR	515	-	17	128059341	1254
chr8	128058087	128258087	harbor2	chr8	128059704	128059868	SINE/MIR	515	-	82	128059786	1699
chr8	128058087	128258087	harbor2	chr8	128064973	128065112	SINE/MIR	440	-	70	128065043	6956
chr8	128058087	128258087	harbor2	chr8	128072039	128072202	SINE/MIR	463	-	82	128072121	14034
chr8	128058087	128258087	harbor2	chr8	128082117	128082330	SINE/MIR	553	-	106	128082223	24136
chr8	128058087	128258087	harbor2	chr8	128087056	128087222	SINE/MIR	438	-	83	128087139	29052
chr8	128058087	128258087	harbor2	chr8	128097621	128097799	SINE/MIR	653	-	89	128097710	39623
chr8	128058087	128258087	harbor2	chr8	128098989	128099161	SINE/MIR	376	-	86	128099075	40988
chr8	128058087	128258087	harbor2	chr8	128104090	128104335	SINE/MIR	757	-	122	128104212	46125
chr8	128058087	128258087	harbor2	chr8	128108873	128109027	SINE/MIR	458	-	77	128108950	50863
chr8	128058087	128258087	harbor2	chr8	128109665	128109882	SINE/MIR	596	-	108	128109773	51686
chr8	128058087	128258087	harbor2	chr8	128110864	128111027	SINE/MIR	510	-	82	128110946	52859
chr8	128058087	128258087	harbor2	chr8	128116931	128117088	SINE/MIR	416	-	78	128117009	58922
chr8	128058087	128258087	harbor2	chr8	128124973	128125158	SINE/MIR	470	-	92	128125065	66978
chr8	128058087	128258087	harbor2	chr8	128127189	128127332	SINE/MIR	453	-	72	128127261	69174
chr8	128058087	128258087	harbor2	chr8	128138922	128139056	SINE/MIR	368	-	67	128138989	80902
chr8	128058087	128258087	harbor2	chr8	128150608	128150758	SINE/MIR	404	-	75	128150683	92596
chr8	86639356	86839356	harbor2	chr8	86662502	86662578	SINE/MIR	430	-	38	86662540	23184
chr8	86639356	86839356	harbor2	chr8	86662911	86663035	SINE/MIR	430	-	62	86662973	23617
chr8	86639356	86839356	harbor2	chr8	86666579	86666730	SINE/MIR	517	-	76	86666655	27299
chr8	86639356	86839356	harbor2	chr8	86734843	86735041	SINE/MIR	617	-	99	86734942	95586
chr8	2430297	2630297	harbor2	chr8	2486574	2486777	SINE/MIR	413	-	102	2486676	56379
chr8	38776023	38976023	harbor2	chr8	38828150	38828308	SINE/MIR	399	-	79	38828229	52206
chr8	83716537	83916537	harbor2	chr8	83759338	83759522	SINE/MIR	453	-	92	83759430	42893
chr8	103245934	103445934	harbor2	chr8	103251263	103251389	SINE/MIR	524	-	63	103251326	5392
chr8	103245934	103445934	harbor2	chr8	103257936	103258171	SINE/MIR	664	-	118	103258054	12120
chr8	103245934	103445934	harbor2	chr8	103258804	103258941	SINE/MIR	538	-	68	103258872	12938
chr8	103245934	103445934	harbor2	chr8	103280043	103280251	SINE/MIR	613	-	104	103280147	34213
chr8	103245934	103445934	harbor2	chr8	103280837	103281051	SINE/MIR	783	-	107	103280944	35010
chr8	103245934	103445934	harbor2	chr8	103282115	103282358	SINE/MIR	759	-	122	103282237	36303
chr8	103245934	103445934	harbor2	chr8	103297188	103297312	SINE/MIR	580	-	62	103297250	51316
chr8	123036703	123236703	harbor2	chr8	123037449	123037583	SINE/MIR	420	-	67	123037516	813
chr8	123036703	123236703	harbor2	chr8	123045091	123045311	SINE/MIR	498	-	110	123045201	8498
chr8	123036703	123236703	harbor2	chr8	123055857	123056063	SINE/MIR	484	-	103	123055960	19257
chr8	123036703	123236703	harbor2	chr8	123064324	123064478	SINE/MIR	503	-	77	123064401	27698
chr8	123036703	123236703	harbor2	chr8	123082175	123082277	SINE/MIR	369	-	51	123082226	45523
chr8	123036703	123236703	harbor2	chr8	123090108	123090368	SINE/MIR	386	-	130	123090238	53535
chr8	123036703	123236703	harbor2	chr8	123097663	123097859	SINE/MIR	477	-	98	123097761	61058
chr8	131166543	131366543	harbor2	chr8	131181089	131181279	SINE/MIR	470	-	95	131181184	14641
chr8	131166543	131366543	harbor2	chr8	131187959	131188167	SINE/MIR	425	-	104	131188063	21520
chr8	131166543	131366543	harbor2	chr8	131204912	131205070	SINE/MIR	380	-	79	131204991	38448
chr8	131166543	131366543	harbor2	chr8	131207058	131207255	SINE/MIR	538	-	98	131207156	40613
chr8	131166543	131366543	harbor2	chr8	131214619	131214829	SINE/MIR	406	-	105	131214724	48181
chr8	131166543	131366543	harbor2	chr8	131220718	131220947	SINE/MIR	489	-	114	131220832	54289
chr8	131166543	131366543	harbor2	chr8	131228847	131229024	SINE/MIR	446	-	88	131228935	62392
chr8	131166543	131366543	harbor2	chr8	131229440	131229622	SINE/MIR	415	-	91	131229531	62988
chr8	131166543	131366543	harbor2	chr8	131257853	131258089	SINE/MIR	603	-	118	131257971	91428
chr8	78564748	78764748	harbor2	chr8	78604184	78604412	SINE/MIR	447	-	114	78604298	39550
chr8	78564748	78764748	harbor2	chr8	78604416	78604567	SINE/MIR	398	-	76	78604492	39744
chr8	78564748	78764748	harbor2	chr8	78638435	78638611	SINE/MIR	389	-	88	78638523	73775
chr8	128928583	129128583	harbor2	chr8	128950056	128950239	SINE/MIR	455	-	92	128950148	21565
chr8	128928583	129128583	harbor2	chr8	128956714	128956880	SINE/MIR	374	-	83	128956797	28214
chr8	128928583	129128583	harbor2	chr8	128959568	128959631	SINE/MIR	482	-	32	128959600	31017
chr8	128928583	129128583	harbor2	chr8	128960013	128960186	SINE/MIR	482	-	86	128960099	31516
chr8	128928583	129128583	harbor2	chr8	128962002	128962051	SINE/MIR	371	-	24	128962026	33443
chr8	128928583	129128583	harbor2	chr8	128962269	128962486	SINE/MIR	371	-	108	128962377	33794
chr8	128928583	129128583	harbor2	chr8	128967644	128967874	SINE/MIR	482	-	115	128967759	39176
chr8	128928583	129128583	harbor2	chr8	128973886	128974146	SINE/MIR	668	-	130	128974016	45433
chr8	128928583	129128583	harbor2	chr8	128992168	128992342	SINE/MIR	404	-	87	128992255	63672
chr8	128928583	129128583	harbor2	chr8	129027079	129027277	SINE/MIR	538	-	99	129027178	98595
chr8	128928583	129128583	harbor2	chr8	129027289	129027469	SINE/MIR	387	-	90	129027379	98796
chr8	53435652	53635652	harbor2	chr8	53453766	53453954	SINE/MIR	400	-	94	53453860	18208
chr8	53435652	53635652	harbor2	chr8	53526859	53527053	SINE/MIR	663	-	97	53526956	91304
chr8	53435652	53635652	harbor2	chr8	53531079	53531301	SINE/MIR	632	-	111	53531190	95538
chr8	31978400	32178400	harbor2	chr8	31979936	31980160	SINE/MIR	648	-	112	31980048	1648
chr8	31978400	32178400	harbor2	chr8	31997445	31997691	SINE/MIR	740	-	123	31997568	19168
chr8	31978400	32178400	harbor2	chr8	31997757	31998001	SINE/MIR	820	-	122	31997879	19479
chr8	97173533	97373533	harbor2	chr8	97182755	97182991	SINE/MIR	370	-	118	97182873	9340
chr8	97173533	97373533	harbor2	chr8	97184044	97184201	SINE/MIR	456	-	78	97184122	10589
chr8	97173533	97373533	harbor2	chr8	97193232	97193384	SINE/MIR	414	-	76	97193308	19775
chr8	97173533	97373533	harbor2	chr8	97197977	97198041	SINE/MIR	446	-	32	97198009	24476
chr8	97173533	97373533	harbor2	chr8	97198190	97198314	SINE/MIR	446	-	62	97198252	24719
chr8	97173533	97373533	harbor2	chr8	97215268	97215490	SINE/MIR	641	-	111	97215379	41846
chr8	97173533	97373533	harbor2	chr8	97216391	97216637	SINE/MIR	398	-	123	97216514	42981
chr8	97173533	97373533	harbor2	chr8	97235621	97235799	SINE/MIR	659	-	89	97235710	62177
chr8	97173533	97373533	harbor2	chr8	97252259	97252480	SINE/MIR	755	-	110	97252369	78836
chr8	97173533	97373533	harbor2	chr8	97258916	97259055	SINE/MIR	500	-	70	97258986	85453
chr8	122992816	123192816	harbor2	chr8	122996252	122996456	SINE/MIR	408	-	102	122996354	3538
chr8	122992816	123192816	harbor2	chr8	123000951	123001145	SINE/MIR	407	-	97	123001048	8232
chr8	122992816	123192816	harbor2	chr8	123016522	123016733	SINE/MIR	534	-	106	123016628	23812
chr8	122992816	123192816	harbor2	chr8	123034526	123034640	SINE/MIR	377	-	57	123034583	41767
chr8	122992816	123192816	harbor2	chr8	123037449	123037583	SINE/MIR	420	-	67	123037516	44700
chr8	122992816	123192816	harbor2	chr8	123045091	123045311	SINE/MIR	498	-	110	123045201	52385
chr8	122992816	123192816	harbor2	chr8	123055857	123056063	SINE/MIR	484	-	103	123055960	63144
chr8	122992816	123192816	harbor2	chr8	123064324	123064478	SINE/MIR	503	-	77	123064401	71585
chr8	122992816	123192816	harbor2	chr8	123082175	123082277	SINE/MIR	369	-	51	123082226	89410
chr8	122992816	123192816	harbor2	chr8	123090108	123090368	SINE/MIR	386	-	130	123090238	97422
chr8	144913422	145113422	harbor2	chr8	145009663	145009786	SINE/MIR	403	-	62	145009725	96303
chr8	122624213	122824213	harbor2	chr8	122635485	122635635	SINE/MIR	441	-	75	122635560	11347
chr8	131606213	131806213	harbor2	chr8	131630510	131630703	SINE/MIR	654	-	96	131630606	24393
chr8	131606213	131806213	harbor2	chr8	131631574	131631767	SINE/MIR	579	-	96	131631670	25457
chr8	131606213	131806213	harbor2	chr8	131652187	131652396	SINE/MIR	459	-	104	131652291	46078
chr8	131606213	131806213	harbor2	chr8	131659563	131659784	SINE/MIR	759	-	110	131659673	53460
chr8	131606213	131806213	harbor2	chr8	131677983	131678118	SINE/MIR	451	-	68	131678051	71838
chr8	118419566	118619566	harbor2	chr8	118424261	118424448	SINE/MIR	382	-	94	118424355	4789
chr8	118419566	118619566	harbor2	chr8	118426176	118426285	SINE/MIR	400	-	54	118426230	6664
chr8	118419566	118619566	harbor2	chr8	118436241	118436445	SINE/MIR	371	-	102	118436343	16777
chr8	118419566	118619566	harbor2	chr8	118437514	118437638	SINE/MIR	477	-	62	118437576	18010
chr8	118419566	118619566	harbor2	chr8	118451019	118451194	SINE/MIR	550	-	88	118451107	31541
chr8	118419566	118619566	harbor2	chr8	118474690	118474762	SINE/MIR	864	-	36	118474726	55160
chr8	118419566	118619566	harbor2	chr8	118475502	118475634	SINE/MIR	864	-	66	118475568	56002
chr8	118419566	118619566	harbor2	chr8	118478513	118478695	SINE/MIR	454	-	91	118478604	59038
chr8	118419566	118619566	harbor2	chr8	118481893	118482067	SINE/MIR	640	-	87	118481980	62414
chr8	118419566	118619566	harbor2	chr8	118483726	118483896	SINE/MIR	399	-	85	118483811	64245
chr8	118419566	118619566	harbor2	chr8	118487588	118487821	SINE/MIR	459	-	116	118487704	68138
chr8	113712483	113912483	harbor2	chr8	113732972	113733201	SINE/MIR	603	-	114	113733086	20603
chr8	113712483	113912483	harbor2	chr8	113747920	113748154	SINE/MIR	529	-	117	113748037	35554
chr8	85482121	85682121	harbor2	chr8	85516892	85517011	SINE/MIR	392	-	60	85516952	34831
chr8	85482121	85682121	harbor2	chr8	85538560	85538822	SINE/MIR	564	-	131	85538691	56570
chr8	85482121	85682121	harbor2	chr8	85541472	85541674	SINE/MIR	619	-	101	85541573	59452
chr8	85482121	85682121	harbor2	chr8	85555289	85555486	SINE/MIR	682	-	98	85555387	73266
chr8	85482121	85682121	harbor2	chr8	85567154	85567385	SINE/MIR	493	-	116	85567270	85149
chr8	85482121	85682121	harbor2	chr8	85570820	85571035	SINE/MIR	466	-	108	85570928	88807
chr8	115793057	115993057	harbor2	chr8	115866647	115866873	SINE/MIR	410	-	113	115866760	73703
chr8	115793057	115993057	harbor2	chr8	115885599	115885744	SINE/MIR	410	-	72	115885671	92614
chr8	115793057	115993057	harbor2	chr8	115892322	115892464	SINE/MIR	497	-	71	115892393	99336
chr8	137851357	138051357	harbor2	chr8	137852902	137853090	SINE/MIR	382	-	94	137852996	1639
chr8	137851357	138051357	harbor2	chr8	137880980	137881234	SINE/MIR	394	-	127	137881107	29750
chr8	137851357	138051357	harbor2	chr8	137881286	137881500	SINE/MIR	766	-	107	137881393	30036
chr8	137851357	138051357	harbor2	chr8	137886977	137887174	SINE/MIR	521	-	98	137887075	35718
chr8	137851357	138051357	harbor2	chr8	137888502	137888596	SINE/MIR	421	-	47	137888549	37192
chr8	137851357	138051357	harbor2	chr8	137888952	137889037	SINE/MIR	421	-	42	137888994	37637
chr8	137851357	138051357	harbor2	chr8	137928579	137928802	SINE/MIR	481	-	112	137928691	77334
chr8	137851357	138051357	harbor2	chr8	137928996	137929006	SINE/MIR	481	-	5	137929001	77644
chr8	137851357	138051357	harbor2	chr8	137943143	137943360	SINE/MIR	400	-	108	137943251	91894
chr8	137851357	138051357	harbor2	chr8	137948898	137949111	SINE/MIR	633	-	106	137949004	97647
chr8	133694195	133894195	harbor2	chr8	133694855	133695049	SINE/MIR	663	-	97	133694952	757
chr8	133694195	133894195	harbor2	chr8	133701634	133701826	SINE/MIR	397	-	96	133701730	7535
chr8	133694195	133894195	harbor2	chr8	133702367	133702599	SINE/MIR	550	-	116	133702483	8288
chr8	133694195	133894195	harbor2	chr8	133708707	133708804	SINE/MIR	371	-	48	133708755	14560
chr8	133694195	133894195	harbor2	chr8	133709094	133709195	SINE/MIR	371	-	50	133709144	14949
chr8	133694195	133894195	harbor2	chr8	133713335	133713455	SINE/MIR	373	-	60	133713395	19200
chr8	133694195	133894195	harbor2	chr8	133719712	133719940	SINE/MIR	609	-	114	133719826	25631
chr8	133694195	133894195	harbor2	chr8	133724744	133725001	SINE/MIR	757	-	128	133724872	30677
chr8	133694195	133894195	harbor2	chr8	133725589	133725758	SINE/MIR	665	-	84	133725673	31478
chr8	133694195	133894195	harbor2	chr8	133730641	133730775	SINE/MIR	545	-	67	133730708	36513
chr8	133694195	133894195	harbor2	chr8	133735967	133736157	SINE/MIR	430	-	95	133736062	41867
chr8	133694195	133894195	harbor2	chr8	133747897	133748076	SINE/MIR	422	-	90	133747987	53792
chr8	133694195	133894195	harbor2	chr8	133774092	133774234	SINE/MIR	434	-	71	133774163	79968
chr8	133694195	133894195	harbor2	chr8	133777040	133777243	SINE/MIR	665	-	102	133777142	82947
chr8	28051271	28251271	harbor2	chr8	28079555	28079701	SINE/MIR	471	-	73	28079628	28357
chr8	28051271	28251271	harbor2	chr8	28097735	28097996	SINE/MIR	949	-	130	28097865	46594
chr8	28051271	28251271	harbor2	chr8	28108187	28108396	SINE/MIR	495	-	104	28108291	57020
chr8	28051271	28251271	harbor2	chr8	28115533	28115735	SINE/MIR	654	-	101	28115634	64363
chr8	28051271	28251271	harbor2	chr8	28129242	28129415	SINE/MIR	808	-	86	28129328	78057
chr8	81433329	81633329	harbor2	chr8	81448183	81448425	SINE/MIR	679	-	121	81448304	14975
chr8	81433329	81633329	harbor2	chr8	81455026	81455197	SINE/MIR	406	-	86	81455112	21783
chr8	81433329	81633329	harbor2	chr8	81507145	81507398	SINE/MIR	652	-	126	81507271	73942
chr8	81433329	81633329	harbor2	chr8	81525797	81526038	SINE/MIR	578	-	120	81525917	92588
chr8	69729267	69929267	harbor2	chr8	69730020	69730205	SINE/MIR	526	-	92	69730112	845
chr8	69729267	69929267	harbor2	chr8	69733325	69733502	SINE/MIR	436	-	88	69733413	4146
chr8	69729267	69929267	harbor2	chr8	69759416	69759635	SINE/MIR	772	-	110	69759526	30259
chr8	69729267	69929267	harbor2	chr8	69779521	69779753	SINE/MIR	590	-	116	69779637	50370
chr8	69729267	69929267	harbor2	chr8	69781531	69781632	SINE/MIR	447	-	50	69781581	52314
chr8	69729267	69929267	harbor2	chr8	69793862	69794115	SINE/MIR	651	-	126	69793988	64721
chr8	69729267	69929267	harbor2	chr8	69822669	69822873	SINE/MIR	388	-	102	69822771	93504
chr8	141717402	141917402	harbor2	chr8	141726823	141726959	SINE/MIR	374	-	68	141726891	9489
chr8	141717402	141917402	harbor2	chr8	141731384	141731516	SINE/MIR	388	-	66	141731450	14048
chr8	141717402	141917402	harbor2	chr8	141756250	141756469	SINE/MIR	588	-	110	141756360	38958
chr8	141717402	141917402	harbor2	chr8	141784328	141784494	SINE/MIR	388	-	83	141784411	67009
chr8	137187072	137387072	harbor2	chr8	137255359	137255550	SINE/MIR	536	-	96	137255455	68383
chr8	112812475	113012475	harbor2	chr8	112848599	112848763	SINE/MIR	568	-	82	112848681	36206
chr8	112812475	113012475	harbor2	chr8	112891717	112891868	SINE/MIR	371	-	76	112891793	79318
chr8	112812475	113012475	harbor2	chr8	112893151	112893279	SINE/MIR	439	-	64	112893215	80740
chr8	136759594	136959594	harbor2	chr8	136777019	136777246	SINE/MIR	480	-	114	136777133	17539
chr8	136759594	136959594	harbor2	chr8	136777600	136777790	SINE/MIR	708	-	95	136777695	18101
chr8	136759594	136959594	harbor2	chr8	136779238	136779435	SINE/MIR	468	-	98	136779336	19742
chr8	136759594	136959594	harbor2	chr8	136813567	136813782	SINE/MIR	370	-	108	136813675	54081
chr8	136759594	136959594	harbor2	chr8	136816145	136816325	SINE/MIR	579	-	90	136816235	56641
chr8	136759594	136959594	harbor2	chr8	136816410	136816595	SINE/MIR	384	-	92	136816502	56908
chr8	133392409	133592409	harbor2	chr8	133413475	133413725	SINE/MIR	793	-	125	133413600	21191
chr8	133392409	133592409	harbor2	chr8	133427522	133427603	SINE/MIR	423	-	40	133427562	35153
chr8	133392409	133592409	harbor2	chr8	133428374	133428475	SINE/MIR	423	-	50	133428424	36015
chr8	133392409	133592409	harbor2	chr8	133434494	133434645	SINE/MIR	413	-	76	133434570	42161
chr8	133392409	133592409	harbor2	chr8	133449197	133449291	SINE/MIR	375	-	47	133449244	56835
chr8	133392409	133592409	harbor2	chr8	133451729	133451878	SINE/MIR	376	-	74	133451803	59394
chr8	133392409	133592409	harbor2	chr8	133453881	133454076	SINE/MIR	538	-	98	133453979	61570
chr8	133392409	133592409	harbor2	chr8	133462413	133462567	SINE/MIR	542	-	77	133462490	70081
chr8	133392409	133592409	harbor2	chr8	133471438	133471640	SINE/MIR	476	-	101	133471539	79130
chr8	133392409	133592409	harbor2	chr8	133477354	133477515	SINE/MIR	395	-	80	133477434	85025
chr8	133392409	133592409	harbor2	chr8	133480560	133480714	SINE/MIR	370	-	77	133480637	88228
chr8	131538625	131738625	harbor2	chr8	131541014	131541205	SINE/MIR	374	-	96	131541110	2485
chr8	131538625	131738625	harbor2	chr8	131601126	131601315	SINE/MIR	406	-	94	131601220	62595
chr8	131538625	131738625	harbor2	chr8	131630510	131630703	SINE/MIR	654	-	96	131630606	91981
chr8	131538625	131738625	harbor2	chr8	131631574	131631767	SINE/MIR	579	-	96	131631670	93045
chr8	137994976	138194976	harbor2	chr8	138027268	138027469	SINE/MIR	658	-	100	138027368	32392
chr8	137994976	138194976	harbor2	chr8	138080063	138080282	SINE/MIR	417	-	110	138080173	85197
chr8	127955550	128155550	harbor2	chr8	127957088	127957193	SINE/MIR	399	-	52	127957140	1590
chr8	127955550	128155550	harbor2	chr8	127958548	127958704	SINE/MIR	400	-	78	127958626	3076
chr8	127955550	128155550	harbor2	chr8	127966263	127966387	SINE/MIR	380	-	62	127966325	10775
chr8	127955550	128155550	harbor2	chr8	127969737	127969854	SINE/MIR	428	-	58	127969795	14245
chr8	127955550	128155550	harbor2	chr8	127973306	127973536	SINE/MIR	476	-	115	127973421	17871
chr8	127955550	128155550	harbor2	chr8	127976607	127976864	SINE/MIR	405	-	128	127976735	21185
chr8	127955550	128155550	harbor2	chr8	127984275	127984443	SINE/MIR	438	-	84	127984359	28809
chr8	127955550	128155550	harbor2	chr8	128012348	128012541	SINE/MIR	397	-	96	128012444	56894
chr8	127955550	128155550	harbor2	chr8	128025726	128025933	SINE/MIR	691	-	104	128025830	70280
chr8	127955550	128155550	harbor2	chr8	128026408	128026597	SINE/MIR	483	-	94	128026502	70952
chr8	127955550	128155550	harbor2	chr8	128031659	128031879	SINE/MIR	900	-	110	128031769	76219
chr8	127955550	128155550	harbor2	chr8	128046226	128046452	SINE/MIR	700	-	113	128046339	90789
chr8	127955550	128155550	harbor2	chr8	128052729	128052979	SINE/MIR	769	-	125	128052854	97304
chr8	127955550	128155550	harbor2	chr8	128054420	128054521	SINE/MIR	372	-	50	128054470	98920
chr8	104586968	104786968	harbor2	chr8	104594409	104594581	SINE/MIR	596	-	86	104594495	7527
chr8	104586968	104786968	harbor2	chr8	104600228	104600311	SINE/MIR	392	-	42	104600270	13302
chr8	104586968	104786968	harbor2	chr8	104604896	104605084	SINE/MIR	630	-	94	104604990	18022
chr8	104586968	104786968	harbor2	chr8	104605113	104605302	SINE/MIR	685	-	94	104605207	18239
chr8	104586968	104786968	harbor2	chr8	104605307	104605441	SINE/MIR	429	-	67	104605374	18406
chr8	104586968	104786968	harbor2	chr8	104631443	104631586	SINE/MIR	441	-	72	104631515	44547
chr8	104586968	104786968	harbor2	chr8	104663348	104663539	SINE/MIR	511	-	96	104663444	76476
chr8	74276742	74476742	harbor2	chr8	74280821	74281061	SINE/MIR	596	-	120	74280941	4199
chr8	74276742	74476742	harbor2	chr8	74293349	74293528	SINE/MIR	641	-	90	74293439	16697
chr8	74276742	74476742	harbor2	chr8	74294766	74295022	SINE/MIR	549	-	128	74294894	18152
chr8	74276742	74476742	harbor2	chr8	74295478	74295612	SINE/MIR	426	-	67	74295545	18803
chr8	74276742	74476742	harbor2	chr8	74325005	74325215	SINE/MIR	407	-	105	74325110	48368
chr8	74276742	74476742	harbor2	chr8	74341919	74342140	SINE/MIR	478	-	110	74342029	65287
chr8	74276742	74476742	harbor2	chr8	74348819	74349013	SINE/MIR	421	-	97	74348916	72174
chr8	74276742	74476742	harbor2	chr8	74361310	74361388	SINE/MIR	433	-	39	74361349	84607
chr8	74276742	74476742	harbor2	chr8	74361695	74361822	SINE/MIR	433	-	64	74361759	85017
chr8	141165071	141365071	harbor2	chr8	141222430	141222591	SINE/MIR	538	-	80	141222510	57439
chr8	141691577	141891577	harbor2	chr8	141714143	141714307	SINE/MIR	381	-	82	141714225	22648
chr8	141691577	141891577	harbor2	chr8	141726823	141726959	SINE/MIR	374	-	68	141726891	35314
chr8	141691577	141891577	harbor2	chr8	141731384	141731516	SINE/MIR	388	-	66	141731450	39873
chr8	141691577	141891577	harbor2	chr8	141756250	141756469	SINE/MIR	588	-	110	141756360	64783
chr8	141691577	141891577	harbor2	chr8	141784328	141784494	SINE/MIR	388	-	83	141784411	92834
chr8	136365675	136565675	harbor2	chr8	136409051	136409239	SINE/MIR	532	-	94	136409145	43470
chr8	136365675	136565675	harbor2	chr8	136456823	136457007	SINE/MIR	485	-	92	136456915	91240
chr8	134687359	134887359	harbor2	chr8	134714646	134714823	SINE/MIR	534	-	88	134714734	27375
chr8	134687359	134887359	harbor2	chr8	134731863	134732054	SINE/MIR	434	-	96	134731959	44600
chr8	134687359	134887359	harbor2	chr8	134745759	134745938	SINE/MIR	596	-	90	134745849	58490
chr8	134687359	134887359	harbor2	chr8	134765492	134765620	SINE/MIR	371	-	64	134765556	78197
chr8	134687359	134887359	harbor2	chr8	134766683	134766883	SINE/MIR	701	-	100	134766783	79424
chr8	76504478	76704478	harbor2	chr8	76523077	76523292	SINE/MIR	436	-	108	76523185	18707
chr8	76504478	76704478	harbor2	chr8	76531973	76532157	SINE/MIR	368	-	92	76532065	27587
chr8	76504478	76704478	harbor2	chr8	76555128	76555359	SINE/MIR	490	-	116	76555244	50766
chr8	76504478	76704478	harbor2	chr8	76562893	76563065	SINE/MIR	368	-	86	76562979	58501
chr8	76504478	76704478	harbor2	chr8	76578023	76578243	SINE/MIR	757	-	110	76578133	73655
chr8	76504478	76704478	harbor2	chr8	76592690	76592837	SINE/MIR	473	-	74	76592764	88286
chr8	76504478	76704478	harbor2	chr8	76601520	76601775	SINE/MIR	496	-	128	76601648	97170
chr8	41896222	42096222	harbor2	chr8	41899254	41899342	SINE/MIR	603	-	44	41899298	3076
chr8	41896222	42096222	harbor2	chr8	41899677	41899760	SINE/MIR	603	-	42	41899719	3497
chr8	41896222	42096222	harbor2	chr8	41900731	41900850	SINE/MIR	410	-	60	41900791	4569
chr8	41896222	42096222	harbor2	chr8	41901264	41901352	SINE/MIR	410	-	44	41901308	5086
chr8	41896222	42096222	harbor2	chr8	41902064	41902282	SINE/MIR	706	-	109	41902173	5951
chr8	41896222	42096222	harbor2	chr8	41941553	41941819	SINE/MIR	770	-	133	41941686	45464
chr8	41896222	42096222	harbor2	chr8	41954578	41954786	SINE/MIR	846	-	104	41954682	58460
chr8	54227342	54427342	harbor2	chr8	54267712	54267849	SINE/MIR	406	-	68	54267780	40438
chr8	81163964	81363964	harbor2	chr8	81190854	81191022	SINE/MIR	398	-	84	81190938	26974
chr8	81163964	81363964	harbor2	chr8	81238212	81238297	SINE/MIR	588	-	42	81238254	74290
chr8	81163964	81363964	harbor2	chr8	81238650	81238826	SINE/MIR	588	-	88	81238738	74774
chr8	111603804	111803804	harbor2	chr8	111663153	111663237	SINE/MIR	510	-	42	111663195	59391
chr8	111603804	111803804	harbor2	chr8	111663579	111663824	SINE/MIR	657	-	122	111663701	59897
chr8	108471765	108671765	harbor2	chr8	108477807	108478027	SINE/MIR	691	-	110	108477917	6152
chr8	108471765	108671765	harbor2	chr8	108523898	108524032	SINE/MIR	408	-	67	108523965	52200
chr8	108471765	108671765	harbor2	chr8	108536574	108536750	SINE/MIR	389	-	88	108536662	64897
chr8	108471765	108671765	harbor2	chr8	108537814	108538058	SINE/MIR	597	-	122	108537936	66171
chr8	108471765	108671765	harbor2	chr8	108559678	108559909	SINE/MIR	569	-	116	108559794	88029
chr8	88834263	89034263	harbor2	chr8	88844747	88844954	SINE/MIR	463	-	104	88844851	10588
chr8	88834263	89034263	harbor2	chr8	88922180	88922354	SINE/MIR	482	-	87	88922267	88004
chr8	138107804	138307804	harbor2	chr8	138183177	138183407	SINE/MIR	531	-	115	138183292	75488
chr8	138107804	138307804	harbor2	chr8	138192907	138193042	SINE/MIR	545	-	68	138192975	85171
chr8	138107804	138307804	harbor2	chr8	138205110	138205314	SINE/MIR	392	-	102	138205212	97408
chr8	71526168	71726168	harbor2	chr8	71528769	71528936	SINE/MIR	521	-	84	71528853	2685
chr8	71526168	71726168	harbor2	chr8	71528972	71529207	SINE/MIR	403	-	118	71529090	2922
chr8	71526168	71726168	harbor2	chr8	71531202	71531433	SINE/MIR	507	-	116	71531318	5150
chr8	71526168	71726168	harbor2	chr8	71564318	71564456	SINE/MIR	508	-	69	71564387	38219
chr8	71526168	71726168	harbor2	chr8	71592845	71593034	SINE/MIR	418	-	94	71592939	66771
chr8	71526168	71726168	harbor2	chr8	71597531	71597742	SINE/MIR	371	-	106	71597637	71469
chr8	75409963	75609963	harbor2	chr8	75410952	75411183	SINE/MIR	692	-	116	75411068	1105
chr8	75409963	75609963	harbor2	chr8	75417310	75417529	SINE/MIR	585	-	110	75417420	7457
chr8	75409963	75609963	harbor2	chr8	75422851	75422979	SINE/MIR	556	-	64	75422915	12952
chr8	75409963	75609963	harbor2	chr8	75484803	75485006	SINE/MIR	376	-	102	75484905	74942
chr8	75409963	75609963	harbor2	chr8	75492559	75492700	SINE/MIR	482	-	70	75492629	82666
chr8	110040239	110240239	harbor2	chr8	110057271	110057510	SINE/MIR	460	-	120	110057391	17152
chr8	110040239	110240239	harbor2	chr8	110077536	110077753	SINE/MIR	559	-	108	110077644	37405
chr8	110040239	110240239	harbor2	chr8	110097802	110097978	SINE/MIR	478	-	88	110097890	57651
chr8	110040239	110240239	harbor2	chr8	110109846	110110063	SINE/MIR	640	-	108	110109954	69715
chr8	110040239	110240239	harbor2	chr8	110110438	110110457	SINE/MIR	640	-	10	110110448	70209
chr8	110040239	110240239	harbor2	chr8	110127857	110128096	SINE/MIR	575	-	120	110127977	87738
chr8	110040239	110240239	harbor2	chr8	110129790	110130055	SINE/MIR	631	-	132	110129922	89683
chr8	107602859	107802859	harbor2	chr8	107672373	107672619	SINE/MIR	676	-	123	107672496	69637
chr8	107602859	107802859	harbor2	chr8	107688891	107689119	SINE/MIR	501	-	114	107689005	86146
chr8	107602859	107802859	harbor2	chr8	107698078	107698275	SINE/MIR	530	-	98	107698176	95317
chr8	107602859	107802859	harbor2	chr8	107701236	107701443	SINE/MIR	595	-	104	107701340	98481
chr8	136067400	136267400	harbor2	chr8	136075703	136075918	SINE/MIR	472	-	108	136075811	8411
chr8	136067400	136267400	harbor2	chr8	136103312	136103433	SINE/MIR	456	-	60	136103372	35972
chr8	136067400	136267400	harbor2	chr8	136108023	136108270	SINE/MIR	480	-	124	136108147	40747
chr8	136067400	136267400	harbor2	chr8	136139531	136139797	SINE/MIR	491	-	133	136139664	72264
chr8	128332732	128532732	harbor2	chr8	128339568	128339772	SINE/MIR	648	-	102	128339670	6938
chr8	128332732	128532732	harbor2	chr8	128350152	128350363	SINE/MIR	550	-	106	128350258	17526
chr8	128332732	128532732	harbor2	chr8	128356265	128356474	SINE/MIR	384	-	104	128356369	23637
chr8	128332732	128532732	harbor2	chr8	128387989	128388216	SINE/MIR	503	-	114	128388103	55371
chr8	128332732	128532732	harbor2	chr8	128393559	128393718	SINE/MIR	407	-	80	128393639	60907
chr8	128332732	128532732	harbor2	chr8	128398447	128398638	SINE/MIR	396	-	96	128398543	65811
chr8	128332732	128532732	harbor2	chr8	128398998	128399047	SINE/MIR	396	-	24	128399022	66290
chr8	128332732	128532732	harbor2	chr8	128404033	128404246	SINE/MIR	419	-	106	128404139	71407
chr8	105143614	105343614	harbor2	chr8	105153213	105153428	SINE/MIR	731	-	108	105153321	9707
chr8	105143614	105343614	harbor2	chr8	105158813	105159034	SINE/MIR	735	-	110	105158923	15309
chr8	105143614	105343614	harbor2	chr8	105162575	105162797	SINE/MIR	766	-	111	105162686	19072
chr8	128154020	128354020	harbor2	chr8	128166304	128166522	SINE/MIR	561	-	109	128166413	12393
chr8	128154020	128354020	harbor2	chr8	128167000	128167161	SINE/MIR	377	-	80	128167080	13060
chr8	128154020	128354020	harbor2	chr8	128170521	128170767	SINE/MIR	491	-	123	128170644	16624
chr8	128154020	128354020	harbor2	chr8	128179387	128179610	SINE/MIR	746	-	112	128179499	25479
chr8	128154020	128354020	harbor2	chr8	128179720	128179923	SINE/MIR	384	-	102	128179822	25802
chr8	128154020	128354020	harbor2	chr8	128197887	128198124	SINE/MIR	608	-	118	128198005	43985
chr8	128154020	128354020	harbor2	chr8	128200834	128201067	SINE/MIR	962	-	116	128200950	46930
chr8	128154020	128354020	harbor2	chr8	128214438	128214654	SINE/MIR	643	-	108	128214546	60526
chr8	128154020	128354020	harbor2	chr8	128216009	128216213	SINE/MIR	456	-	102	128216111	62091
chr8	128154020	128354020	harbor2	chr8	128224064	128224314	SINE/MIR	932	-	125	128224189	70169
chr8	128154020	128354020	harbor2	chr8	128224378	128224510	SINE/MIR	423	-	66	128224444	70424
chr8	128154020	128354020	harbor2	chr8	128234935	128235141	SINE/MIR	911	-	103	128235038	81018
chr8	128154020	128354020	harbor2	chr8	128252635	128252888	SINE/MIR	716	-	126	128252761	98741
chr8	85107879	85307879	harbor2	chr8	85108294	85108519	SINE/MIR	463	-	112	85108406	527
chr8	85107879	85307879	harbor2	chr8	85126182	85126274	SINE/MIR	652	-	46	85126228	18349
chr8	85107879	85307879	harbor2	chr8	85126570	85126671	SINE/MIR	652	-	50	85126620	18741
chr8	85107879	85307879	harbor2	chr8	85140264	85140426	SINE/MIR	392	-	81	85140345	32466
chr8	85107879	85307879	harbor2	chr8	85182219	85182426	SINE/MIR	409	-	104	85182323	74444
chr8	85107879	85307879	harbor2	chr8	85194902	85195076	SINE/MIR	551	-	87	85194989	87110
chr8	85107879	85307879	harbor2	chr8	85199748	85199944	SINE/MIR	383	-	98	85199846	91967
chr8	85107879	85307879	harbor2	chr8	85207206	85207380	SINE/MIR	429	-	87	85207293	99414
chr8	125487789	125687789	harbor2	chr8	125492179	125492330	SINE/MIR	492	-	76	125492255	4466
chr8	125487789	125687789	harbor2	chr8	125499261	125499428	SINE/MIR	658	-	84	125499345	11556
chr8	125487789	125687789	harbor2	chr8	125509375	125509532	SINE/MIR	383	-	78	125509453	21664
chr8	125487789	125687789	harbor2	chr8	125518329	125518518	SINE/MIR	461	-	94	125518423	30634
chr8	125487789	125687789	harbor2	chr8	125535784	125535961	SINE/MIR	569	-	88	125535872	48083
chr8	125487789	125687789	harbor2	chr8	125539190	125539333	SINE/MIR	513	-	72	125539262	51473
chr8	125487789	125687789	harbor2	chr8	125546530	125546751	SINE/MIR	931	-	110	125546640	58851
chr8	125487789	125687789	harbor2	chr8	125552239	125552411	SINE/MIR	468	-	86	125552325	64536
chr8	125487789	125687789	harbor2	chr8	125553991	125554096	SINE/MIR	509	-	52	125554043	66254
chr8	125487789	125687789	harbor2	chr8	125559863	125560099	SINE/MIR	603	-	118	125559981	72192
chr8	125487789	125687789	harbor2	chr8	125571206	125571404	SINE/MIR	696	-	99	125571305	83516
chr8	125487789	125687789	harbor2	chr8	125581894	125582085	SINE/MIR	407	-	96	125581990	94201
chr8	36351779	36551779	harbor2	chr8	36373117	36373332	SINE/MIR	530	-	108	36373225	21446
chr8	36351779	36551779	harbor2	chr8	36376181	36376377	SINE/MIR	396	-	98	36376279	24500
chr8	36351779	36551779	harbor2	chr8	36404524	36404703	SINE/MIR	656	-	90	36404614	52835
chr8	126352903	126552903	harbor2	chr8	126373671	126373846	SINE/MIR	731	-	88	126373759	20856
chr8	126352903	126552903	harbor2	chr8	126383473	126383619	SINE/MIR	399	-	73	126383546	30643
chr8	126352903	126552903	harbor2	chr8	126384209	126384464	SINE/MIR	868	-	128	126384337	31434
chr8	126352903	126552903	harbor2	chr8	126422689	126422888	SINE/MIR	582	-	100	126422789	69886
chr8	126352903	126552903	harbor2	chr8	126430938	126431161	SINE/MIR	600	-	112	126431050	78147
chr8	126352903	126552903	harbor2	chr8	126449049	126449253	SINE/MIR	602	-	102	126449151	96248
chr8	103088136	103288136	harbor2	chr8	103117656	103117846	SINE/MIR	369	-	95	103117751	29615
chr8	103088136	103288136	harbor2	chr8	103137774	103137971	SINE/MIR	637	-	98	103137872	49736
chr8	103088136	103288136	harbor2	chr8	103144849	103145008	SINE/MIR	368	-	80	103144929	56793
chr8	103088136	103288136	harbor2	chr8	103148929	103149149	SINE/MIR	377	-	110	103149039	60903
chr8	103088136	103288136	harbor2	chr8	103175860	103176031	SINE/MIR	528	-	86	103175946	87810
chr8	103088136	103288136	harbor2	chr8	103177806	103177974	SINE/MIR	467	-	84	103177890	89754
chr8	103088136	103288136	harbor2	chr8	103184412	103184607	SINE/MIR	489	-	98	103184510	96374
chr8	103088136	103288136	harbor2	chr8	103186219	103186431	SINE/MIR	468	-	106	103186325	98189
chr8	91339462	91539462	harbor2	chr8	91344191	91344332	SINE/MIR	653	-	70	91344261	4799
chr8	91339462	91539462	harbor2	chr8	91394705	91394926	SINE/MIR	484	-	110	91394815	55353
chr8	91339462	91539462	harbor2	chr8	91415792	91415974	SINE/MIR	405	-	91	91415883	76421
chr8	141085042	141285042	harbor2	chr8	141140367	141140543	SINE/MIR	396	-	88	141140455	55413
chr8	137803723	138003723	harbor2	chr8	137847936	137848156	SINE/MIR	439	-	110	137848046	44323
chr8	137803723	138003723	harbor2	chr8	137852902	137853090	SINE/MIR	382	-	94	137852996	49273
chr8	137803723	138003723	harbor2	chr8	137880980	137881234	SINE/MIR	394	-	127	137881107	77384
chr8	137803723	138003723	harbor2	chr8	137881286	137881500	SINE/MIR	766	-	107	137881393	77670
chr8	137803723	138003723	harbor2	chr8	137886977	137887174	SINE/MIR	521	-	98	137887075	83352
chr8	137803723	138003723	harbor2	chr8	137888502	137888596	SINE/MIR	421	-	47	137888549	84826
chr8	137803723	138003723	harbor2	chr8	137888952	137889037	SINE/MIR	421	-	42	137888994	85271
chr8	137504807	137704807	harbor2	chr8	137578034	137578218	SINE/MIR	376	-	92	137578126	73319
chr8	137504807	137704807	harbor2	chr8	137581529	137581700	SINE/MIR	485	-	86	137581615	76808
chr8	137504807	137704807	harbor2	chr8	137589889	137590113	SINE/MIR	752	-	112	137590001	85194
chr8	123991439	124191439	harbor2	chr8	124012517	124012717	SINE/MIR	494	-	100	124012617	21178
chr8	123991439	124191439	harbor2	chr8	124036393	124036586	SINE/MIR	384	-	96	124036489	45050
chr8	123991439	124191439	harbor2	chr8	124038572	124038689	SINE/MIR	373	-	58	124038630	47191
chr8	123991439	124191439	harbor2	chr8	124042333	124042569	SINE/MIR	591	-	118	124042451	51012
chr8	123991439	124191439	harbor2	chr8	124043539	124043705	SINE/MIR	570	-	83	124043622	52183
chr8	123991439	124191439	harbor2	chr8	124048643	124048873	SINE/MIR	568	-	115	124048758	57319
chr8	123991439	124191439	harbor2	chr8	124050088	124050285	SINE/MIR	403	-	98	124050186	58747
chr8	123991439	124191439	harbor2	chr8	124068346	124068502	SINE/MIR	466	-	78	124068424	76985
chr8	123991439	124191439	harbor2	chr8	124043185	124043391	SINE/MIR	425	-	103	124043288	51849
chr8	127526900	127726900	harbor2	chr8	127537130	127537320	SINE/MIR	481	-	95	127537225	10325
chr8	127526900	127726900	harbor2	chr8	127538226	127538343	SINE/MIR	440	-	58	127538284	11384
chr8	127526900	127726900	harbor2	chr8	127546033	127546209	SINE/MIR	379	-	88	127546121	19221
chr8	127526900	127726900	harbor2	chr8	127547670	127547867	SINE/MIR	536	-	98	127547768	20868
chr8	127526900	127726900	harbor2	chr8	127563433	127563565	SINE/MIR	431	-	66	127563499	36599
chr8	127526900	127726900	harbor2	chr8	127566852	127566996	SINE/MIR	527	-	72	127566924	40024
chr8	127526900	127726900	harbor2	chr8	127568973	127569103	SINE/MIR	485	-	65	127569038	42138
chr8	127526900	127726900	harbor2	chr8	127569901	127569995	SINE/MIR	377	-	47	127569948	43048
chr8	127526900	127726900	harbor2	chr8	127573600	127573791	SINE/MIR	470	-	96	127573696	46796
chr8	127526900	127726900	harbor2	chr8	127600844	127601048	SINE/MIR	513	-	102	127600946	74046
chr8	127526900	127726900	harbor2	chr8	127601963	127602178	SINE/MIR	528	-	108	127602071	75171
chr8	127526900	127726900	harbor2	chr8	127626725	127626846	SINE/MIR	478	-	60	127626785	99885
chr8	117481186	117681186	harbor2	chr8	117516160	117516374	SINE/MIR	400	-	107	117516267	35081
chr8	117481186	117681186	harbor2	chr8	117522484	117522583	SINE/MIR	396	-	50	117522534	41348
chr8	117481186	117681186	harbor2	chr8	117522887	117523041	SINE/MIR	386	-	77	117522964	41778
chr8	117481186	117681186	harbor2	chr8	117537836	117537976	SINE/MIR	373	-	70	117537906	56720
chr8	117481186	117681186	harbor2	chr8	117539022	117539211	SINE/MIR	781	-	94	117539116	57930
chr8	117481186	117681186	harbor2	chr8	117539468	117539556	SINE/MIR	781	-	44	117539512	58326
chr8	117481186	117681186	harbor2	chr8	117547223	117547420	SINE/MIR	804	-	98	117547321	66135
chr8	117481186	117681186	harbor2	chr8	117548900	117549042	SINE/MIR	488	-	71	117548971	67785
chr8	140131467	140331467	harbor2	chr8	140150090	140150165	SINE/MIR	517	-	38	140150128	18661
chr8	140131467	140331467	harbor2	chr8	140150462	140150540	SINE/MIR	517	-	39	140150501	19034
chr8	140131467	140331467	harbor2	chr8	140160931	140161126	SINE/MIR	424	-	98	140161029	29562
chr8	140131467	140331467	harbor2	chr8	140161184	140161364	SINE/MIR	497	-	90	140161274	29807
chr8	140131467	140331467	harbor2	chr8	140161716	140161747	SINE/MIR	459	-	16	140161732	30265
chr8	140131467	140331467	harbor2	chr8	140165666	140165822	SINE/MIR	528	-	78	140165744	34277
chr8	140131467	140331467	harbor2	chr8	140170284	140170466	SINE/MIR	437	-	91	140170375	38908
chr8	140131467	140331467	harbor2	chr8	140191155	140191325	SINE/MIR	383	-	85	140191240	59773
chr8	140131467	140331467	harbor2	chr8	140197309	140197501	SINE/MIR	376	-	96	140197405	65938
chr8	140131467	140331467	harbor2	chr8	140199374	140199548	SINE/MIR	545	-	87	140199461	67994
chr8	140131467	140331467	harbor2	chr8	140209696	140209783	SINE/MIR	392	-	44	140209740	78273
chr8	140131467	140331467	harbor2	chr8	140227770	140227906	SINE/MIR	533	-	68	140227838	96371
chr8	90682712	90882712	harbor2	chr8	90698794	90699019	SINE/MIR	799	-	112	90698906	16194
chr8	90682712	90882712	harbor2	chr8	90711975	90712169	SINE/MIR	433	-	97	90712072	29360
chr8	90682712	90882712	harbor2	chr8	90723016	90723282	SINE/MIR	776	-	133	90723149	40437
chr8	90682712	90882712	harbor2	chr8	90770410	90770594	SINE/MIR	462	-	92	90770502	87790
chr8	32317202	32517202	harbor2	chr8	32332528	32332772	SINE/MIR	797	-	122	32332650	15448
chr8	32317202	32517202	harbor2	chr8	32339571	32339792	SINE/MIR	507	-	110	32339681	22479
chr8	32317202	32517202	harbor2	chr8	32340584	32340794	SINE/MIR	446	-	105	32340689	23487
chr8	32317202	32517202	harbor2	chr8	32342364	32342592	SINE/MIR	522	-	114	32342478	25276
chr8	32317202	32517202	harbor2	chr8	32379580	32379800	SINE/MIR	441	-	110	32379690	62488
chr8	32317202	32517202	harbor2	chr8	32382040	32382233	SINE/MIR	427	-	96	32382136	64934
chr8	32317202	32517202	harbor2	chr8	32403344	32403550	SINE/MIR	502	-	103	32403447	86245
chr8	32317202	32517202	harbor2	chr8	32412874	32413047	SINE/MIR	433	-	86	32412960	95758
chr8	121579772	121779772	harbor2	chr8	121581211	121581401	SINE/MIR	402	-	95	121581306	1534
chr8	121579772	121779772	harbor2	chr8	121585450	121585572	SINE/MIR	372	-	61	121585511	5739
chr8	121579772	121779772	harbor2	chr8	121598598	121598719	SINE/MIR	391	-	60	121598658	18886
chr8	121579772	121779772	harbor2	chr8	121603043	121603253	SINE/MIR	474	-	105	121603148	23376
chr8	121579772	121779772	harbor2	chr8	121627618	121627729	SINE/MIR	390	-	56	121627674	47902
chr8	121579772	121779772	harbor2	chr8	121664080	121664282	SINE/MIR	757	-	101	121664181	84409
chr8	121579772	121779772	harbor2	chr8	121665639	121665703	SINE/MIR	369	-	32	121665671	85899
chr8	121579772	121779772	harbor2	chr8	121666004	121666089	SINE/MIR	369	-	42	121666046	86274
chr8	121579772	121779772	harbor2	chr8	121672023	121672212	SINE/MIR	398	-	94	121672117	92345
chr8	87552542	87752542	harbor2	chr8	87602652	87602859	SINE/MIR	433	-	104	87602756	50214
chr8	87552542	87752542	harbor2	chr8	87633920	87634138	SINE/MIR	485	-	109	87634029	81487
chr8	118380376	118580376	harbor2	chr8	118393065	118393216	SINE/MIR	384	-	76	118393141	12765
chr8	118380376	118580376	harbor2	chr8	118396558	118396682	SINE/MIR	421	-	62	118396620	16244
chr8	118380376	118580376	harbor2	chr8	118400171	118400405	SINE/MIR	420	-	117	118400288	19912
chr8	118380376	118580376	harbor2	chr8	118424261	118424448	SINE/MIR	382	-	94	118424355	43979
chr8	118380376	118580376	harbor2	chr8	118426176	118426285	SINE/MIR	400	-	54	118426230	45854
chr8	118380376	118580376	harbor2	chr8	118436241	118436445	SINE/MIR	371	-	102	118436343	55967
chr8	118380376	118580376	harbor2	chr8	118437514	118437638	SINE/MIR	477	-	62	118437576	57200
chr8	118380376	118580376	harbor2	chr8	118451019	118451194	SINE/MIR	550	-	88	118451107	70731
chr8	118380376	118580376	harbor2	chr8	118474690	118474762	SINE/MIR	864	-	36	118474726	94350
chr8	118380376	118580376	harbor2	chr8	118475502	118475634	SINE/MIR	864	-	66	118475568	95192
chr8	118380376	118580376	harbor2	chr8	118478513	118478695	SINE/MIR	454	-	91	118478604	98228
chr8	144088260	144288260	harbor2	chr8	144103290	144103558	SINE/MIR	408	-	134	144103424	15164
chr8	123887206	124087206	harbor2	chr8	123895419	123895606	SINE/MIR	660	-	94	123895513	8307
chr8	123887206	124087206	harbor2	chr8	123911372	123911591	SINE/MIR	376	-	110	123911482	24276
chr8	123887206	124087206	harbor2	chr8	123911617	123911819	SINE/MIR	457	-	101	123911718	24512
chr8	123887206	124087206	harbor2	chr8	123912538	123912759	SINE/MIR	527	-	110	123912648	25442
chr8	123887206	124087206	harbor2	chr8	123923617	123923757	SINE/MIR	593	-	70	123923687	36481
chr8	123887206	124087206	harbor2	chr8	123926985	123927161	SINE/MIR	642	-	88	123927073	39867
chr8	123887206	124087206	harbor2	chr8	123944579	123944732	SINE/MIR	452	-	76	123944655	57449
chr8	123887206	124087206	harbor2	chr8	123948107	123948317	SINE/MIR	536	-	105	123948212	61006
chr8	123887206	124087206	harbor2	chr8	123954024	123954170	SINE/MIR	513	-	73	123954097	66891
chr8	123887206	124087206	harbor2	chr8	123954562	123954756	SINE/MIR	444	-	97	123954659	67453
chr8	123887206	124087206	harbor2	chr8	123957539	123957689	SINE/MIR	463	-	75	123957614	70408
chr8	123887206	124087206	harbor2	chr8	123965720	123965862	SINE/MIR	386	-	71	123965791	78585
chr8	123887206	124087206	harbor2	chr8	123979367	123979522	SINE/MIR	604	-	78	123979445	92239
chr8	139226797	139426797	harbor2	chr8	139243503	139243690	SINE/MIR	455	-	94	139243597	16800
chr8	139226797	139426797	harbor2	chr8	139244639	139244825	SINE/MIR	510	-	93	139244732	17935
chr8	139226797	139426797	harbor2	chr8	139251710	139251914	SINE/MIR	472	-	102	139251812	25015
chr8	139226797	139426797	harbor2	chr8	139288251	139288410	SINE/MIR	534	-	80	139288331	61534
chr8	139226797	139426797	harbor2	chr8	139318579	139318823	SINE/MIR	453	-	122	139318701	91904
chr8	57062066	57262066	harbor2	chr8	57063568	57063737	SINE/MIR	461	-	84	57063652	1586
chr8	57062066	57262066	harbor2	chr8	57068346	57068532	SINE/MIR	457	-	93	57068439	6373
chr8	57062066	57262066	harbor2	chr8	57095379	57095516	SINE/MIR	423	-	68	57095447	33381
chr8	57062066	57262066	harbor2	chr8	57154116	57154366	SINE/MIR	580	-	125	57154241	92175
chr8	66072721	66272721	harbor2	chr8	66103134	66103324	SINE/MIR	605	-	95	66103229	30508
chr8	66072721	66272721	harbor2	chr8	66103922	66104164	SINE/MIR	1016	-	121	66104043	31322
chr8	66072721	66272721	harbor2	chr8	66166605	66166751	SINE/MIR	404	-	73	66166678	93957
chr8	66072721	66272721	harbor2	chr8	66172123	66172327	SINE/MIR	802	-	102	66172225	99504
chr8	52715336	52915336	harbor2	chr8	52720674	52720912	SINE/MIR	411	-	119	52720793	5457
chr8	52715336	52915336	harbor2	chr8	52741218	52741341	SINE/MIR	399	-	62	52741280	25944
chr8	52715336	52915336	harbor2	chr8	52772877	52772933	SINE/MIR	504	-	28	52772905	57569
chr8	52715336	52915336	harbor2	chr8	52773222	52773341	SINE/MIR	504	-	60	52773282	57946
chr8	52715336	52915336	harbor2	chr8	52790778	52790845	SINE/MIR	506	-	34	52790812	75476
chr8	52715336	52915336	harbor2	chr8	52791421	52791488	SINE/MIR	506	-	34	52791455	76119
chr8	67819923	68019923	harbor2	chr8	67831649	67831868	SINE/MIR	513	-	110	67831759	11836
chr8	58758424	58958424	harbor2	chr8	58770499	58770725	SINE/MIR	738	-	113	58770612	12188
chr8	58758424	58958424	harbor2	chr8	58821758	58821932	SINE/MIR	525	-	87	58821845	63421
chr8	135624091	135824091	harbor2	chr8	135650447	135650662	SINE/MIR	448	-	108	135650555	26464
chr8	135624091	135824091	harbor2	chr8	135679136	135679290	SINE/MIR	467	-	77	135679213	55122
chr8	135624091	135824091	harbor2	chr8	135680721	135680938	SINE/MIR	489	-	108	135680829	56738
chr8	135624091	135824091	harbor2	chr8	135684724	135684873	SINE/MIR	400	-	74	135684798	60707
chr8	135624091	135824091	harbor2	chr8	135685754	135685914	SINE/MIR	635	-	80	135685834	61743
chr8	135624091	135824091	harbor2	chr8	135709408	135709557	SINE/MIR	459	-	74	135709482	85391
chr8	134503652	134703652	harbor2	chr8	134537082	134537261	SINE/MIR	624	-	90	134537172	33520
chr8	134503652	134703652	harbor2	chr8	134580099	134580276	SINE/MIR	413	-	88	134580187	76535
chr8	134503652	134703652	harbor2	chr8	134586312	134586497	SINE/MIR	450	-	92	134586404	82752
chr8	134503652	134703652	harbor2	chr8	134595382	134595574	SINE/MIR	450	-	96	134595478	91826
chr8	134503652	134703652	harbor2	chr8	134598789	134598975	SINE/MIR	387	-	93	134598882	95230
chr8	134503652	134703652	harbor2	chr8	134599477	134599590	SINE/MIR	379	-	56	134599533	95881
chr8	134503652	134703652	harbor2	chr8	134528970	134529179	SINE/MIR	429	-	104	134529074	25422
chr8	94861883	95061883	harbor2	chr8	94899426	94899601	SINE/MIR	492	-	88	94899514	37631
chr8	94861883	95061883	harbor2	chr8	94908675	94908863	SINE/MIR	437	-	94	94908769	46886
chr8	94861883	95061883	harbor2	chr8	94947039	94947178	SINE/MIR	387	-	70	94947109	85226
chr8	120068491	120268491	harbor2	chr8	120075481	120075684	SINE/MIR	499	-	102	120075583	7092
chr8	120068491	120268491	harbor2	chr8	120082086	120082312	SINE/MIR	912	-	113	120082199	13708
chr8	120068491	120268491	harbor2	chr8	120088328	120088397	SINE/MIR	392	-	34	120088362	19871
chr8	120068491	120268491	harbor2	chr8	120088697	120088854	SINE/MIR	392	-	78	120088775	20284
chr8	120068491	120268491	harbor2	chr8	120088909	120089119	SINE/MIR	439	-	105	120089014	20523
chr8	120068491	120268491	harbor2	chr8	120111922	120112135	SINE/MIR	502	-	106	120112028	43537
chr8	126045451	126245451	harbor2	chr8	126057544	126057674	SINE/MIR	383	-	65	126057609	12158
chr8	126045451	126245451	harbor2	chr8	126076214	126076413	SINE/MIR	469	-	100	126076314	30863
chr8	126045451	126245451	harbor2	chr8	126087568	126087747	SINE/MIR	390	-	90	126087658	42207
chr8	126045451	126245451	harbor2	chr8	126101940	126102115	SINE/MIR	538	-	88	126102028	56577
chr8	126045451	126245451	harbor2	chr8	126108791	126109005	SINE/MIR	622	-	107	126108898	63447
chr8	126045451	126245451	harbor2	chr8	126123204	126123372	SINE/MIR	421	-	84	126123288	77837
chr8	126045451	126245451	harbor2	chr8	126124579	126124813	SINE/MIR	505	-	117	126124696	79245
chr8	126045451	126245451	harbor2	chr8	126139468	126139636	SINE/MIR	772	-	84	126139552	94101
chr8	126045451	126245451	harbor2	chr8	126139762	126139839	SINE/MIR	772	-	38	126139800	94349
chr8	126045451	126245451	harbor2	chr8	126091096	126091330	SINE/MIR	666	-	117	126091213	45762
chr8	138799288	138999288	harbor2	chr8	138800475	138800611	SINE/MIR	440	-	68	138800543	1255
chr8	138799288	138999288	harbor2	chr8	138802057	138802177	SINE/MIR	570	-	60	138802117	2829
chr8	138799288	138999288	harbor2	chr8	138816954	138817111	SINE/MIR	509	-	78	138817032	17744
chr8	138799288	138999288	harbor2	chr8	138817561	138817627	SINE/MIR	509	-	33	138817594	18306
chr8	138799288	138999288	harbor2	chr8	138817757	138817897	SINE/MIR	496	-	70	138817827	18539
chr8	138799288	138999288	harbor2	chr8	138826087	138826320	SINE/MIR	821	-	116	138826203	26915
chr8	138799288	138999288	harbor2	chr8	138839853	138840043	SINE/MIR	449	-	95	138839948	40660
chr8	138799288	138999288	harbor2	chr8	138849309	138849541	SINE/MIR	510	-	116	138849425	50137
chr8	138799288	138999288	harbor2	chr8	138849748	138849860	SINE/MIR	484	-	56	138849804	50516
chr8	138799288	138999288	harbor2	chr8	138855195	138855425	SINE/MIR	655	-	115	138855310	56022
chr8	138799288	138999288	harbor2	chr8	138867491	138867617	SINE/MIR	388	-	63	138867554	68266
chr8	138799288	138999288	harbor2	chr8	138868633	138868734	SINE/MIR	532	-	50	138868683	69395
chr8	138799288	138999288	harbor2	chr8	138869031	138869165	SINE/MIR	532	-	67	138869098	69810
chr8	138799288	138999288	harbor2	chr8	138889021	138889239	SINE/MIR	478	-	109	138889130	89842
chr8	138799288	138999288	harbor2	chr8	138891291	138891451	SINE/MIR	428	-	80	138891371	92083
chr8	138799288	138999288	harbor2	chr8	138891470	138891703	SINE/MIR	425	-	116	138891586	92298
chr8	138799288	138999288	harbor2	chr8	138897015	138897187	SINE/MIR	410	-	86	138897101	97813
chr8	138799288	138999288	harbor2	chr8	138854370	138854542	SINE/MIR	461	-	86	138854456	55168
chr8	102781874	102981874	harbor2	chr8	102825292	102825394	SINE/MIR	768	-	51	102825343	43469
chr8	102781874	102981874	harbor2	chr8	102825680	102825825	SINE/MIR	768	-	72	102825752	43878
chr8	102781874	102981874	harbor2	chr8	102874939	102875190	SINE/MIR	568	-	126	102875065	93191
chr8	138679488	138879488	harbor2	chr8	138680276	138680453	SINE/MIR	386	-	88	138680364	876
chr8	138679488	138879488	harbor2	chr8	138701640	138701829	SINE/MIR	376	-	94	138701734	22246
chr8	138679488	138879488	harbor2	chr8	138710509	138710718	SINE/MIR	584	-	104	138710613	31125
chr8	138679488	138879488	harbor2	chr8	138722635	138722790	SINE/MIR	499	-	78	138722713	43225
chr8	138679488	138879488	harbor2	chr8	138736817	138736944	SINE/MIR	430	-	64	138736881	57393
chr8	138679488	138879488	harbor2	chr8	138749616	138749778	SINE/MIR	390	-	81	138749697	70209
chr8	138679488	138879488	harbor2	chr8	138757620	138757800	SINE/MIR	441	-	90	138757710	78222
chr8	138679488	138879488	harbor2	chr8	138765297	138765476	SINE/MIR	480	-	90	138765387	85899
chr8	138679488	138879488	harbor2	chr8	138770906	138771143	SINE/MIR	535	-	118	138771024	91536
chr8	135352639	135552639	harbor2	chr8	135392042	135392126	SINE/MIR	646	-	42	135392084	39445
chr8	135352639	135552639	harbor2	chr8	135392426	135392586	SINE/MIR	646	-	80	135392506	39867
chr8	135352639	135552639	harbor2	chr8	135403002	135403185	SINE/MIR	444	-	92	135403094	50455
chr8	135352639	135552639	harbor2	chr8	135430381	135430538	SINE/MIR	385	-	78	135430459	77820
chr8	135352639	135552639	harbor2	chr8	135433876	135434010	SINE/MIR	433	-	67	135433943	81304
chr8	135352639	135552639	harbor2	chr8	135438237	135438435	SINE/MIR	397	-	99	135438336	85697
chr8	135352639	135552639	harbor2	chr8	135443866	135444047	SINE/MIR	398	-	90	135443956	91317
chr8	135352639	135552639	harbor2	chr8	135446923	135447102	SINE/MIR	668	-	90	135447013	94374
chr8	135352639	135552639	harbor2	chr8	135447455	135447686	SINE/MIR	687	-	116	135447571	94932
chr8	138099717	138299717	harbor2	chr8	138104976	138105154	SINE/MIR	517	-	89	138105065	5348
chr8	138099717	138299717	harbor2	chr8	138183177	138183407	SINE/MIR	531	-	115	138183292	83575
chr8	138099717	138299717	harbor2	chr8	138192907	138193042	SINE/MIR	545	-	68	138192975	93258
chr8	127597199	127797199	harbor2	chr8	127600844	127601048	SINE/MIR	513	-	102	127600946	3747
chr8	127597199	127797199	harbor2	chr8	127601963	127602178	SINE/MIR	528	-	108	127602071	4872
chr8	127597199	127797199	harbor2	chr8	127626725	127626846	SINE/MIR	478	-	60	127626785	29586
chr8	127597199	127797199	harbor2	chr8	127637510	127637741	SINE/MIR	485	-	116	127637626	40427
chr8	127597199	127797199	harbor2	chr8	127638797	127638928	SINE/MIR	410	-	66	127638863	41664
chr8	127597199	127797199	harbor2	chr8	127642785	127643028	SINE/MIR	486	-	122	127642907	45708
chr8	127597199	127797199	harbor2	chr8	127666144	127666267	SINE/MIR	455	-	62	127666206	69007
chr8	127597199	127797199	harbor2	chr8	127677795	127678033	SINE/MIR	697	-	119	127677914	80715
chr8	127597199	127797199	harbor2	chr8	127682283	127682310	SINE/MIR	609	-	14	127682297	85098
chr8	127597199	127797199	harbor2	chr8	127682605	127682788	SINE/MIR	609	-	92	127682697	85498
chr8	127597199	127797199	harbor2	chr8	127687251	127687419	SINE/MIR	399	-	84	127687335	90136
chr8	127597199	127797199	harbor2	chr8	127680402	127680572	SINE/MIR	579	-	85	127680487	83288
chr8	114873710	115073710	harbor2	chr8	114949166	114949378	SINE/MIR	373	-	106	114949272	75562
chr8	114873710	115073710	harbor2	chr8	114958871	114959089	SINE/MIR	443	-	109	114958980	85270
chr8	114873710	115073710	harbor2	chr8	114970708	114970946	SINE/MIR	422	-	119	114970827	97117
chr8	122708832	122908832	harbor2	chr8	122724735	122724841	SINE/MIR	378	-	53	122724788	15956
chr8	122708832	122908832	harbor2	chr8	122729359	122729577	SINE/MIR	551	-	109	122729468	20636
chr8	122708832	122908832	harbor2	chr8	122738008	122738144	SINE/MIR	476	-	68	122738076	29244
chr8	122708832	122908832	harbor2	chr8	122747712	122747929	SINE/MIR	700	-	108	122747820	38988
chr8	122708832	122908832	harbor2	chr8	122750653	122750770	SINE/MIR	422	-	58	122750711	41879
chr8	122708832	122908832	harbor2	chr8	122753391	122753591	SINE/MIR	767	-	100	122753491	44659
chr8	122708832	122908832	harbor2	chr8	122754851	122755089	SINE/MIR	599	-	119	122754970	46138
chr8	122708832	122908832	harbor2	chr8	122756303	122756388	SINE/MIR	378	-	42	122756345	47513
chr8	122708832	122908832	harbor2	chr8	122757458	122757715	SINE/MIR	587	-	128	122757586	48754
chr8	122708832	122908832	harbor2	chr8	122758533	122758737	SINE/MIR	514	-	102	122758635	49803
chr8	122708832	122908832	harbor2	chr8	122759257	122759449	SINE/MIR	415	-	96	122759353	50521
chr8	122708832	122908832	harbor2	chr8	122784266	122784435	SINE/MIR	681	-	84	122784350	75518
chr8	122708832	122908832	harbor2	chr8	122784663	122784878	SINE/MIR	724	-	108	122784771	75939
chr8	122708832	122908832	harbor2	chr8	122788155	122788285	SINE/MIR	622	-	65	122788220	79388
chr8	122708832	122908832	harbor2	chr8	122788589	122788689	SINE/MIR	622	-	50	122788639	79807
chr8	122708832	122908832	harbor2	chr8	122790181	122790286	SINE/MIR	374	-	52	122790233	81401
chr8	122708832	122908832	harbor2	chr8	122795629	122795852	SINE/MIR	639	-	112	122795741	86909
chr8	122708832	122908832	harbor2	chr8	122804677	122804870	SINE/MIR	597	-	96	122804773	95941
chr8	122708832	122908832	harbor2	chr8	122806753	122806903	SINE/MIR	518	-	75	122806828	97996
chr8	122708832	122908832	harbor2	chr8	122807682	122807891	SINE/MIR	632	-	104	122807786	98954
chr8	109628355	109828355	harbor2	chr8	109629282	109629551	SINE/MIR	536	-	134	109629416	1061
chr8	109628355	109828355	harbor2	chr8	109641333	109641592	SINE/MIR	603	-	130	109641463	13108
chr8	109628355	109828355	harbor2	chr8	109643687	109643911	SINE/MIR	440	-	112	109643799	15444
chr8	109628355	109828355	harbor2	chr8	109677612	109677742	SINE/MIR	380	-	65	109677677	49322
chr8	109628355	109828355	harbor2	chr8	109722001	109722206	SINE/MIR	587	-	102	109722103	93748
chr8	124087151	124287151	harbor2	chr8	124095783	124095958	SINE/MIR	395	-	88	124095871	8720
chr8	124087151	124287151	harbor2	chr8	124100374	124100519	SINE/MIR	492	-	72	124100446	13295
chr8	124087151	124287151	harbor2	chr8	124110222	124110426	SINE/MIR	582	-	102	124110324	23173
chr8	124087151	124287151	harbor2	chr8	124115650	124115891	SINE/MIR	713	-	120	124115770	28619
chr8	124087151	124287151	harbor2	chr8	124140311	124140436	SINE/MIR	488	-	62	124140373	53222
chr8	124087151	124287151	harbor2	chr8	124143923	124144124	SINE/MIR	504	-	100	124144023	56872
chr8	124087151	124287151	harbor2	chr8	124183101	124183287	SINE/MIR	441	-	93	124183194	96043
chr8	124087151	124287151	harbor2	chr8	124185014	124185198	SINE/MIR	589	-	92	124185106	97955
chr8	132921795	133121795	harbor2	chr8	132925093	132925312	SINE/MIR	434	-	110	132925203	3408
chr8	132921795	133121795	harbor2	chr8	132926702	132926897	SINE/MIR	369	-	98	132926800	5005
chr8	132921795	133121795	harbor2	chr8	132929511	132929721	SINE/MIR	432	-	105	132929616	7821
chr8	132921795	133121795	harbor2	chr8	132938359	132938431	SINE/MIR	404	-	36	132938395	16600
chr8	132921795	133121795	harbor2	chr8	132941726	132941920	SINE/MIR	494	-	97	132941823	20028
chr8	132921795	133121795	harbor2	chr8	132950823	132951070	SINE/MIR	452	-	124	132950947	29152
chr8	132921795	133121795	harbor2	chr8	132974392	132974592	SINE/MIR	671	-	100	132974492	52697
chr8	132921795	133121795	harbor2	chr8	132975624	132975816	SINE/MIR	598	-	96	132975720	53925
chr8	132921795	133121795	harbor2	chr8	132982071	132982313	SINE/MIR	741	-	121	132982192	60397
chr8	132921795	133121795	harbor2	chr8	132982637	132982818	SINE/MIR	528	-	90	132982727	60932
chr8	132921795	133121795	harbor2	chr8	132983220	132983275	SINE/MIR	436	-	28	132983248	61453
chr8	132921795	133121795	harbor2	chr8	132990630	132990836	SINE/MIR	510	-	103	132990733	68938
chr8	132921795	133121795	harbor2	chr8	133005501	133005662	SINE/MIR	566	-	80	133005581	83786
chr8	132921795	133121795	harbor2	chr8	133014002	133014261	SINE/MIR	737	-	130	133014132	92337
chr8	132921795	133121795	harbor2	chr8	133019957	133020211	SINE/MIR	392	-	127	133020084	98289
chr8	99874130	100074130	harbor2	chr8	99904357	99904431	SINE/MIR	385	-	37	99904394	30264
chr8	99874130	100074130	harbor2	chr8	99904724	99904763	SINE/MIR	385	-	20	99904744	30614
chr8	80972715	81172715	harbor2	chr8	80994421	80994616	SINE/MIR	505	-	98	80994519	21804
chr8	80972715	81172715	harbor2	chr8	81001639	81001788	SINE/MIR	511	-	74	81001713	28998
chr8	80972715	81172715	harbor2	chr8	81054699	81054866	SINE/MIR	498	-	84	81054783	82068
chr8	139721502	139921502	harbor2	chr8	139741250	139741468	SINE/MIR	454	-	109	139741359	19857
chr8	139721502	139921502	harbor2	chr8	139759101	139759246	SINE/MIR	560	-	72	139759173	37671
chr8	139721502	139921502	harbor2	chr8	139759291	139759439	SINE/MIR	407	-	74	139759365	37863
chr8	139721502	139921502	harbor2	chr8	139767094	139767304	SINE/MIR	530	-	105	139767199	45697
chr8	139721502	139921502	harbor2	chr8	139787332	139787529	SINE/MIR	370	-	98	139787430	65928
chr8	105677264	105877264	harbor2	chr8	105677239	105677450	SINE/MIR	502	-	106	105677345	81
chr8	105677264	105877264	harbor2	chr8	105705988	105706200	SINE/MIR	515	-	106	105706094	28830
chr8	105677264	105877264	harbor2	chr8	105750057	105750242	SINE/MIR	374	-	92	105750149	72885
chr8	105677264	105877264	harbor2	chr8	105763525	105763768	SINE/MIR	637	-	122	105763647	86383
chr8	115413793	115613793	harbor2	chr8	115427426	115427589	SINE/MIR	484	-	82	115427508	13715
chr8	115413793	115613793	harbor2	chr8	115483172	115483250	SINE/MIR	520	-	39	115483211	69418
chr8	115413793	115613793	harbor2	chr8	115483553	115483695	SINE/MIR	520	-	71	115483624	69831
chr8	115413793	115613793	harbor2	chr8	115492516	115492666	SINE/MIR	482	-	75	115492591	78798
chr8	115413793	115613793	harbor2	chr8	115496070	115496302	SINE/MIR	378	-	116	115496186	82393
chr9	6839634	7039634	harbor2	chr9	6910282	6910424	SINE/MIR	522	-	71	6910353	70719
chr9	133995964	134195964	harbor2	chr9	133997077	133997207	SINE/MIR	414	-	65	133997142	1178
chr9	133995964	134195964	harbor2	chr9	134071690	134071844	SINE/MIR	546	-	77	134071767	75803
chr9	125505580	125705580	harbor2	chr9	125510031	125510230	SINE/MIR	627	-	100	125510131	4551
chr9	125505580	125705580	harbor2	chr9	125511267	125511505	SINE/MIR	561	-	119	125511386	5806
chr9	125505580	125705580	harbor2	chr9	125516973	125517162	SINE/MIR	510	-	94	125517067	11487
chr9	125505580	125705580	harbor2	chr9	125525200	125525389	SINE/MIR	430	-	94	125525294	19714
chr9	125505580	125705580	harbor2	chr9	125530912	125531134	SINE/MIR	745	-	111	125531023	25443
chr9	125505580	125705580	harbor2	chr9	125548008	125548182	SINE/MIR	568	-	87	125548095	42515
chr9	125505580	125705580	harbor2	chr9	125548800	125548998	SINE/MIR	493	-	99	125548899	43319
chr9	125505580	125705580	harbor2	chr9	125555285	125555447	SINE/MIR	593	-	81	125555366	49786
chr9	125505580	125705580	harbor2	chr9	125556073	125556315	SINE/MIR	870	-	121	125556194	50614
chr9	125505580	125705580	harbor2	chr9	125562678	125562900	SINE/MIR	787	-	111	125562789	57209
chr9	125505580	125705580	harbor2	chr9	125563034	125563175	SINE/MIR	447	-	70	125563104	57524
chr9	125505580	125705580	harbor2	chr9	125574785	125574996	SINE/MIR	419	-	106	125574891	69311
chr9	125505580	125705580	harbor2	chr9	125590675	125590782	SINE/MIR	629	-	54	125590729	85149
chr9	125505580	125705580	harbor2	chr9	125591074	125591201	SINE/MIR	629	-	64	125591138	85558
chr9	129171771	129371771	harbor2	chr9	129183058	129183230	SINE/MIR	472	-	86	129183144	11373
chr9	129171771	129371771	harbor2	chr9	129186082	129186235	SINE/MIR	438	-	76	129186158	14387
chr9	129171771	129371771	harbor2	chr9	129198061	129198236	SINE/MIR	452	-	88	129198149	26378
chr9	129171771	129371771	harbor2	chr9	129207829	129208043	SINE/MIR	398	-	107	129207936	36165
chr9	129171771	129371771	harbor2	chr9	129217126	129217313	SINE/MIR	509	-	94	129217220	45449
chr9	129171771	129371771	harbor2	chr9	129227661	129227860	SINE/MIR	395	-	100	129227761	55990
chr9	129171771	129371771	harbor2	chr9	129227940	129228076	SINE/MIR	729	-	68	129228008	56237
chr9	129171771	129371771	harbor2	chr9	129236482	129236663	SINE/MIR	456	-	90	129236572	64801
chr9	129171771	129371771	harbor2	chr9	129247822	129248083	SINE/MIR	457	-	130	129247952	76181
chr9	129171771	129371771	harbor2	chr9	129260679	129260807	SINE/MIR	418	-	64	129260743	88972
chr9	127519830	127719830	harbor2	chr9	127521146	127521312	SINE/MIR	469	-	83	127521229	1399
chr9	127519830	127719830	harbor2	chr9	127523297	127523456	SINE/MIR	399	-	80	127523377	3547
chr9	127519830	127719830	harbor2	chr9	127534324	127534472	SINE/MIR	682	-	74	127534398	14568
chr9	127519830	127719830	harbor2	chr9	127539337	127539504	SINE/MIR	584	-	84	127539421	19591
chr9	127519830	127719830	harbor2	chr9	127541306	127541489	SINE/MIR	406	-	92	127541398	21568
chr9	127519830	127719830	harbor2	chr9	127543909	127544093	SINE/MIR	450	-	92	127544001	24171
chr9	127519830	127719830	harbor2	chr9	127561459	127561604	SINE/MIR	407	-	72	127561531	41701
chr9	127519830	127719830	harbor2	chr9	127566237	127566390	SINE/MIR	406	-	76	127566313	46483
chr9	127519830	127719830	harbor2	chr9	127570831	127570980	SINE/MIR	576	-	74	127570905	51075
chr9	127519830	127719830	harbor2	chr9	127585364	127585554	SINE/MIR	538	-	95	127585459	65629
chr9	127519830	127719830	harbor2	chr9	127617191	127617264	SINE/MIR	701	-	36	127617227	97397
chr9	127519830	127719830	harbor2	chr9	127617563	127617748	SINE/MIR	701	-	92	127617655	97825
chr9	127519830	127719830	harbor2	chr9	127618519	127618685	SINE/MIR	569	-	83	127618602	98772
chr9	127519830	127719830	harbor2	chr9	127619034	127619264	SINE/MIR	612	-	115	127619149	99319
chr9	126283861	126483861	harbor2	chr9	126295285	126295509	SINE/MIR	648	-	112	126295397	11536
chr9	126283861	126483861	harbor2	chr9	126331614	126331793	SINE/MIR	489	-	90	126331704	47843
chr9	126283861	126483861	harbor2	chr9	126339779	126340044	SINE/MIR	579	-	132	126339911	56050
chr9	126283861	126483861	harbor2	chr9	126368155	126368311	SINE/MIR	462	-	78	126368233	84372
chr9	126283861	126483861	harbor2	chr9	126371795	126371865	SINE/MIR	571	-	35	126371830	87969
chr9	126283861	126483861	harbor2	chr9	126372609	126372796	SINE/MIR	571	-	94	126372703	88842
chr9	86395629	86595629	harbor2	chr9	86401311	86401365	SINE/MIR	567	-	27	86401338	5709
chr9	86395629	86595629	harbor2	chr9	86401660	86401803	SINE/MIR	567	-	72	86401732	6103
chr9	86395629	86595629	harbor2	chr9	86402117	86402157	SINE/MIR	445	-	20	86402137	6508
chr9	86395629	86595629	harbor2	chr9	86405070	86405307	SINE/MIR	423	-	118	86405188	9559
chr9	86395629	86595629	harbor2	chr9	86425662	86425834	SINE/MIR	472	-	86	86425748	30119
chr9	86395629	86595629	harbor2	chr9	86494363	86494576	SINE/MIR	720	-	106	86494469	98840
chr9	134006116	134206116	harbor2	chr9	134071690	134071844	SINE/MIR	546	-	77	134071767	65651
chr9	131975283	132175283	harbor2	chr9	131982536	131982696	SINE/MIR	481	-	80	131982616	7333
chr9	131975283	132175283	harbor2	chr9	131992926	131993070	SINE/MIR	458	-	72	131992998	17715
chr9	131975283	132175283	harbor2	chr9	132026786	132027010	SINE/MIR	674	-	112	132026898	51615
chr9	131975283	132175283	harbor2	chr9	132053474	132053712	SINE/MIR	559	-	119	132053593	78310
chr9	131975283	132175283	harbor2	chr9	132055837	132056070	SINE/MIR	542	-	116	132055953	80670
chr9	131975283	132175283	harbor2	chr9	132059899	132060065	SINE/MIR	609	-	83	132059982	84699
chr9	131975283	132175283	harbor2	chr9	132067130	132067304	SINE/MIR	422	-	87	132067217	91934
chr9	131975283	132175283	harbor2	chr9	132069735	132069915	SINE/MIR	490	-	90	132069825	94542
chr9	131975283	132175283	harbor2	chr9	132069981	132070189	SINE/MIR	544	-	104	132070085	94802
chr9	131975283	132175283	harbor2	chr9	132071074	132071288	SINE/MIR	743	-	107	132071181	95898
chr9	131975283	132175283	harbor2	chr9	132072187	132072413	SINE/MIR	726	-	113	132072300	97017
chr9	62693597	62893597	harbor2	chr9	62695215	62695368	SINE/MIR	576	-	76	62695291	1694
chr9	62693597	62893597	harbor2	chr9	62740971	62741140	SINE/MIR	525	-	84	62741055	47458
chr9	89188340	89388340	harbor2	chr9	89189227	89189405	SINE/MIR	711	-	89	89189316	976
chr9	89188340	89388340	harbor2	chr9	89233218	89233386	SINE/MIR	428	-	84	89233302	44962
chr9	89188340	89388340	harbor2	chr9	89261633	89261813	SINE/MIR	506	-	90	89261723	73383
chr9	89188340	89388340	harbor2	chr9	89210858	89211070	SINE/MIR	564	-	106	89210964	22624
chr9	118317055	118517055	harbor2	chr9	118332180	118332425	SINE/MIR	662	-	122	118332302	15247
chr9	118317055	118517055	harbor2	chr9	118348428	118348646	SINE/MIR	399	-	109	118348537	31482
chr9	118317055	118517055	harbor2	chr9	118359132	118359346	SINE/MIR	698	-	107	118359239	42184
chr9	118317055	118517055	harbor2	chr9	118407660	118407903	SINE/MIR	436	-	122	118407782	90727
chr9	105638242	105838242	harbor2	chr9	105648491	105648733	SINE/MIR	575	-	121	105648612	10370
chr9	105638242	105838242	harbor2	chr9	105654446	105654649	SINE/MIR	609	-	102	105654548	16306
chr9	105638242	105838242	harbor2	chr9	105660712	105660938	SINE/MIR	757	-	113	105660825	22583
chr9	105638242	105838242	harbor2	chr9	105666275	105666447	SINE/MIR	416	-	86	105666361	28119
chr9	105638242	105838242	harbor2	chr9	105669104	105669354	SINE/MIR	413	-	125	105669229	30987
chr9	105638242	105838242	harbor2	chr9	105684725	105684957	SINE/MIR	634	-	116	105684841	46599
chr9	105638242	105838242	harbor2	chr9	105685076	105685226	SINE/MIR	520	-	75	105685151	46909
chr9	105638242	105838242	harbor2	chr9	105700373	105700523	SINE/MIR	500	-	75	105700448	62206
chr9	105638242	105838242	harbor2	chr9	105707603	105707820	SINE/MIR	482	-	108	105707711	69469
chr9	105638242	105838242	harbor2	chr9	105717839	105718076	SINE/MIR	769	-	118	105717957	79715
chr9	70822425	71022425	harbor2	chr9	70828745	70828946	SINE/MIR	593	-	100	70828845	6420
chr9	70822425	71022425	harbor2	chr9	70852212	70852412	SINE/MIR	391	-	100	70852312	29887
chr9	70822425	71022425	harbor2	chr9	70860130	70860347	SINE/MIR	521	-	108	70860238	37813
chr9	70822425	71022425	harbor2	chr9	70860415	70860621	SINE/MIR	683	-	103	70860518	38093
chr9	70822425	71022425	harbor2	chr9	70866819	70866964	SINE/MIR	520	-	72	70866891	44466
chr9	70822425	71022425	harbor2	chr9	70878978	70879168	SINE/MIR	612	-	95	70879073	56648
chr9	70822425	71022425	harbor2	chr9	70891716	70891910	SINE/MIR	516	-	97	70891813	69388
chr9	70822425	71022425	harbor2	chr9	70910728	70910826	SINE/MIR	396	-	49	70910777	88352
chr9	117913215	118113215	harbor2	chr9	117924085	117924315	SINE/MIR	423	-	115	117924200	10985
chr9	117913215	118113215	harbor2	chr9	117963197	117963395	SINE/MIR	567	-	99	117963296	50081
chr9	117913215	118113215	harbor2	chr9	117990553	117990736	SINE/MIR	423	-	92	117990645	77430
chr9	117913215	118113215	harbor2	chr9	118004945	118005132	SINE/MIR	595	-	94	118005039	91824
chr9	14200108	14400108	harbor2	chr9	14207029	14207235	SINE/MIR	564	-	103	14207132	7024
chr9	14200108	14400108	harbor2	chr9	14212770	14212914	SINE/MIR	629	-	72	14212842	12734
chr9	14200108	14400108	harbor2	chr9	14227644	14227884	SINE/MIR	465	-	120	14227764	27656
chr9	14200108	14400108	harbor2	chr9	14249140	14249340	SINE/MIR	420	-	100	14249240	49132
chr9	14200108	14400108	harbor2	chr9	14282586	14282783	SINE/MIR	410	-	98	14282684	82576
chr9	14200108	14400108	harbor2	chr9	14285858	14286006	SINE/MIR	400	-	74	14285932	85824
chr9	14200108	14400108	harbor2	chr9	14290397	14290615	SINE/MIR	419	-	109	14290506	90398
chr9	14200108	14400108	harbor2	chr9	14296254	14296405	SINE/MIR	673	-	76	14296330	96222
chr9	91365178	91565178	harbor2	chr9	91366288	91366448	SINE/MIR	555	-	80	91366368	1190
chr9	91365178	91565178	harbor2	chr9	91394997	91395114	SINE/MIR	416	-	58	91395055	29877
chr9	91365178	91565178	harbor2	chr9	91415291	91415481	SINE/MIR	471	-	95	91415386	50208
chr9	117135775	117335775	harbor2	chr9	117136787	117136991	SINE/MIR	419	-	102	117136889	1114
chr9	117135775	117335775	harbor2	chr9	117139222	117139463	SINE/MIR	603	-	120	117139342	3567
chr9	117135775	117335775	harbor2	chr9	117147603	117147858	SINE/MIR	573	-	128	117147731	11956
chr9	117135775	117335775	harbor2	chr9	117164837	117165085	SINE/MIR	547	-	124	117164961	29186
chr9	117135775	117335775	harbor2	chr9	117177220	117177409	SINE/MIR	491	-	94	117177314	41539
chr9	117135775	117335775	harbor2	chr9	117181207	117181348	SINE/MIR	522	-	70	117181277	45502
chr9	117135775	117335775	harbor2	chr9	117183381	117183665	SINE/MIR	693	-	142	117183523	47748
chr9	117135775	117335775	harbor2	chr9	117205337	117205555	SINE/MIR	448	-	109	117205446	69671
chr9	117135775	117335775	harbor2	chr9	117216853	117217037	SINE/MIR	398	-	92	117216945	81170
chr9	117135775	117335775	harbor2	chr9	117235265	117235503	SINE/MIR	397	-	119	117235384	99609
chr9	106084886	106284886	harbor2	chr9	106114892	106115096	SINE/MIR	588	-	102	106114994	30108
chr9	106084886	106284886	harbor2	chr9	106116763	106116972	SINE/MIR	492	-	104	106116867	31981
chr9	106084886	106284886	harbor2	chr9	106131958	106132109	SINE/MIR	392	-	76	106132034	47148
chr9	106084886	106284886	harbor2	chr9	106138869	106139056	SINE/MIR	493	-	94	106138963	54077
chr9	106084886	106284886	harbor2	chr9	106145056	106145307	SINE/MIR	499	-	126	106145182	60296
chr9	106084886	106284886	harbor2	chr9	106145444	106145543	SINE/MIR	404	-	50	106145494	60608
chr9	106084886	106284886	harbor2	chr9	106151159	106151346	SINE/MIR	580	-	94	106151253	66367
chr9	106084886	106284886	harbor2	chr9	106155391	106155599	SINE/MIR	625	-	104	106155495	70609
chr9	106084886	106284886	harbor2	chr9	106156208	106156410	SINE/MIR	470	-	101	106156309	71423
chr9	79996081	80196081	harbor2	chr9	80037813	80037990	SINE/MIR	397	-	88	80037901	41820
chr9	79996081	80196081	harbor2	chr9	80078975	80079066	SINE/MIR	403	-	46	80079021	82940
chr9	79996081	80196081	harbor2	chr9	80091105	80091266	SINE/MIR	441	-	80	80091185	95104
chr9	128614084	128814084	harbor2	chr9	128644091	128644275	SINE/MIR	573	-	92	128644183	30099
chr9	109367266	109567266	harbor2	chr9	109385410	109385585	SINE/MIR	548	-	88	109385498	18232
chr9	109367266	109567266	harbor2	chr9	109387570	109387748	SINE/MIR	516	-	89	109387659	20393
chr9	109367266	109567266	harbor2	chr9	109400294	109400495	SINE/MIR	500	-	100	109400394	33128
chr9	109367266	109567266	harbor2	chr9	109411185	109411306	SINE/MIR	400	-	60	109411245	43979
chr9	109367266	109567266	harbor2	chr9	109422070	109422210	SINE/MIR	399	-	70	109422140	54874
chr9	109367266	109567266	harbor2	chr9	109428098	109428302	SINE/MIR	508	-	102	109428200	60934
chr9	109367266	109567266	harbor2	chr9	109429129	109429377	SINE/MIR	748	-	124	109429253	61987
chr9	109367266	109567266	harbor2	chr9	109442692	109442894	SINE/MIR	551	-	101	109442793	75527
chr9	109367266	109567266	harbor2	chr9	109449950	109450038	SINE/MIR	400	-	44	109449994	82728
chr9	109367266	109567266	harbor2	chr9	109454913	109455114	SINE/MIR	564	-	100	109455013	87747
chr9	109367266	109567266	harbor2	chr9	109458861	109459085	SINE/MIR	457	-	112	109458973	91707
chr9	100513280	100713280	harbor2	chr9	100555819	100556014	SINE/MIR	535	-	98	100555917	42637
chr9	100513280	100713280	harbor2	chr9	100558796	100559067	SINE/MIR	937	-	136	100558932	45652
chr9	70818910	71018910	harbor2	chr9	70828745	70828946	SINE/MIR	593	-	100	70828845	9935
chr9	70818910	71018910	harbor2	chr9	70852212	70852412	SINE/MIR	391	-	100	70852312	33402
chr9	70818910	71018910	harbor2	chr9	70860130	70860347	SINE/MIR	521	-	108	70860238	41328
chr9	70818910	71018910	harbor2	chr9	70860415	70860621	SINE/MIR	683	-	103	70860518	41608
chr9	70818910	71018910	harbor2	chr9	70866819	70866964	SINE/MIR	520	-	72	70866891	47981
chr9	70818910	71018910	harbor2	chr9	70878978	70879168	SINE/MIR	612	-	95	70879073	60163
chr9	70818910	71018910	harbor2	chr9	70891716	70891910	SINE/MIR	516	-	97	70891813	72903
chr9	70818910	71018910	harbor2	chr9	70910728	70910826	SINE/MIR	396	-	49	70910777	91867
chr9	98767974	98967974	harbor2	chr9	98787608	98787826	SINE/MIR	494	-	109	98787717	19743
chr9	98767974	98967974	harbor2	chr9	98799251	98799432	SINE/MIR	562	-	90	98799341	31367
chr9	98767974	98967974	harbor2	chr9	98805395	98805577	SINE/MIR	640	-	91	98805486	37512
chr9	98767974	98967974	harbor2	chr9	98831200	98831383	SINE/MIR	509	-	92	98831292	63318
chr9	98767974	98967974	harbor2	chr9	98838785	98839006	SINE/MIR	481	-	110	98838895	70921
chr9	98767974	98967974	harbor2	chr9	98861696	98861900	SINE/MIR	646	-	102	98861798	93824
chr9	98767974	98967974	harbor2	chr9	98865164	98865341	SINE/MIR	476	-	88	98865252	97278
chr9	98767974	98967974	harbor2	chr9	98866221	98866359	SINE/MIR	500	-	69	98866290	98316
chr9	134492700	134692700	harbor2	chr9	134537650	134537871	SINE/MIR	544	-	110	134537760	45060
chr9	134492700	134692700	harbor2	chr9	134539129	134539318	SINE/MIR	428	-	94	134539223	46523
chr9	134492700	134692700	harbor2	chr9	134549098	134549272	SINE/MIR	413	-	87	134549185	56485
chr9	78322709	78522709	harbor2	chr9	78327438	78327580	SINE/MIR	649	-	71	78327509	4800
chr9	78322709	78522709	harbor2	chr9	78327698	78327843	SINE/MIR	418	-	72	78327770	5061
chr9	78322709	78522709	harbor2	chr9	78383938	78384154	SINE/MIR	520	-	108	78384046	61337
chr9	78322709	78522709	harbor2	chr9	78384620	78384816	SINE/MIR	536	-	98	78384718	62009
chr9	78322709	78522709	harbor2	chr9	78405868	78406076	SINE/MIR	540	-	104	78405972	83263
chr9	116929359	117129359	harbor2	chr9	116935815	116936052	SINE/MIR	780	-	118	116935933	6574
chr9	116929359	117129359	harbor2	chr9	116944008	116944264	SINE/MIR	1020	-	128	116944136	14777
chr9	116929359	117129359	harbor2	chr9	116953206	116953351	SINE/MIR	563	-	72	116953278	23919
chr9	116929359	117129359	harbor2	chr9	116953673	116953900	SINE/MIR	433	-	114	116953787	24428
chr9	116929359	117129359	harbor2	chr9	116954071	116954302	SINE/MIR	566	-	116	116954187	24828
chr9	116929359	117129359	harbor2	chr9	116961897	116962080	SINE/MIR	486	-	92	116961989	32630
chr9	116929359	117129359	harbor2	chr9	116967186	116967385	SINE/MIR	619	-	100	116967286	37927
chr9	116929359	117129359	harbor2	chr9	116971750	116971970	SINE/MIR	391	-	110	116971860	42501
chr9	116929359	117129359	harbor2	chr9	116973331	116973495	SINE/MIR	484	-	82	116973413	44054
chr9	116929359	117129359	harbor2	chr9	116981463	116981639	SINE/MIR	455	-	88	116981551	52192
chr9	116929359	117129359	harbor2	chr9	116986580	116986823	SINE/MIR	625	-	122	116986702	57343
chr9	116929359	117129359	harbor2	chr9	116988511	116988694	SINE/MIR	632	-	92	116988603	59244
chr9	116929359	117129359	harbor2	chr9	116994861	116995111	SINE/MIR	511	-	125	116994986	65627
chr9	116929359	117129359	harbor2	chr9	116995263	116995429	SINE/MIR	425	-	83	116995346	65987
chr9	116929359	117129359	harbor2	chr9	117000107	117000332	SINE/MIR	485	-	112	117000219	70860
chr9	116929359	117129359	harbor2	chr9	117011686	117011843	SINE/MIR	506	-	78	117011764	82405
chr9	116929359	117129359	harbor2	chr9	117018847	117019016	SINE/MIR	565	-	84	117018931	89572
chr9	116929359	117129359	harbor2	chr9	117026860	117027013	SINE/MIR	548	-	76	117026936	97577
chr9	116929359	117129359	harbor2	chr9	117027872	117028058	SINE/MIR	607	-	93	117027965	98606
chr9	116929359	117129359	harbor2	chr9	117028882	117029009	SINE/MIR	394	-	64	117028946	99587
chr9	132609057	132809057	harbor2	chr9	132633001	132633210	SINE/MIR	652	-	104	132633105	24048
chr9	132609057	132809057	harbor2	chr9	132643527	132643753	SINE/MIR	804	-	113	132643640	34583
chr9	132609057	132809057	harbor2	chr9	132644322	132644526	SINE/MIR	751	-	102	132644424	35367
chr9	132609057	132809057	harbor2	chr9	132665739	132665958	SINE/MIR	393	-	110	132665849	56792
chr9	132609057	132809057	harbor2	chr9	132667845	132668071	SINE/MIR	872	-	113	132667958	58901
chr9	132609057	132809057	harbor2	chr9	132675083	132675293	SINE/MIR	601	-	105	132675188	66131
chr9	132609057	132809057	harbor2	chr9	132688687	132688814	SINE/MIR	417	-	64	132688751	79694
chr9	71242022	71442022	harbor2	chr9	71258166	71258346	SINE/MIR	591	-	90	71258256	16234
chr9	71242022	71442022	harbor2	chr9	71297315	71297363	SINE/MIR	557	-	24	71297339	55317
chr9	71242022	71442022	harbor2	chr9	71297735	71297849	SINE/MIR	557	-	57	71297792	55770
chr9	71242022	71442022	harbor2	chr9	71304939	71305157	SINE/MIR	467	-	109	71305048	63026
chr9	82614346	82814346	harbor2	chr9	82614670	82614862	SINE/MIR	537	-	96	82614766	420
chr9	82614346	82814346	harbor2	chr9	82708172	82708394	SINE/MIR	758	-	111	82708283	93937
chr9	131307406	131507406	harbor2	chr9	131312880	131313000	SINE/MIR	594	-	60	131312940	5534
chr9	83965099	84165099	harbor2	chr9	83999268	83999501	SINE/MIR	428	-	116	83999384	34285
chr9	83965099	84165099	harbor2	chr9	84064830	84065028	SINE/MIR	621	-	99	84064929	99830
chr9	83965099	84165099	harbor2	chr9	84000558	84000799	SINE/MIR	598	-	120	84000678	35579
chr9	110082390	110282390	harbor2	chr9	110101950	110102175	SINE/MIR	392	-	112	110102062	19672
chr9	110082390	110282390	harbor2	chr9	110144869	110144980	SINE/MIR	455	-	56	110144925	62535
chr9	110082390	110282390	harbor2	chr9	110154162	110154376	SINE/MIR	695	-	107	110154269	71879
chr9	110082390	110282390	harbor2	chr9	110166132	110166295	SINE/MIR	502	-	82	110166214	83824
chr9	131756660	131956660	harbor2	chr9	131785439	131785660	SINE/MIR	703	-	110	131785549	28889
chr9	131756660	131956660	harbor2	chr9	131787913	131788102	SINE/MIR	562	-	94	131788007	31347
chr9	131756660	131956660	harbor2	chr9	131792435	131792655	SINE/MIR	619	-	110	131792545	35885
chr9	131756660	131956660	harbor2	chr9	131800477	131800681	SINE/MIR	501	-	102	131800579	43919
chr9	131756660	131956660	harbor2	chr9	131817028	131817217	SINE/MIR	585	-	94	131817122	60462
chr9	105279905	105479905	harbor2	chr9	105296880	105297058	SINE/MIR	412	-	89	105296969	17064
chr9	105279905	105479905	harbor2	chr9	105300082	105300237	SINE/MIR	634	-	78	105300160	20255
chr9	105279905	105479905	harbor2	chr9	105303488	105303684	SINE/MIR	693	-	98	105303586	23681
chr9	105279905	105479905	harbor2	chr9	105307092	105307328	SINE/MIR	867	-	118	105307210	27305
chr9	105279905	105479905	harbor2	chr9	105308009	105308236	SINE/MIR	597	-	114	105308123	28218
chr9	105279905	105479905	harbor2	chr9	105308266	105308415	SINE/MIR	666	-	74	105308340	28435
chr9	105279905	105479905	harbor2	chr9	105332859	105333046	SINE/MIR	530	-	94	105332953	53048
chr9	105279905	105479905	harbor2	chr9	105351727	105351945	SINE/MIR	492	-	109	105351836	71931
chr9	105279905	105479905	harbor2	chr9	105374834	105375006	SINE/MIR	759	-	86	105374920	95015
chr9	39693318	39893318	harbor2	chr9	39694132	39694325	SINE/MIR	603	-	96	39694228	910
chr9	39693318	39893318	harbor2	chr9	39769112	39769212	SINE/MIR	462	-	50	39769162	75844
chr9	39693318	39893318	harbor2	chr9	39771860	39771959	SINE/MIR	462	-	50	39771910	78592
chr9	109700567	109900567	harbor2	chr9	109724594	109724816	SINE/MIR	785	-	111	109724705	24138
chr9	109700567	109900567	harbor2	chr9	109739473	109739655	SINE/MIR	454	-	91	109739564	38997
chr9	109700567	109900567	harbor2	chr9	109746680	109746891	SINE/MIR	889	-	106	109746786	46219
chr9	109700567	109900567	harbor2	chr9	109766770	109766936	SINE/MIR	574	-	83	109766853	66286
chr9	109700567	109900567	harbor2	chr9	109766964	109767225	SINE/MIR	617	-	130	109767094	66527
chr9	109700567	109900567	harbor2	chr9	109770855	109771046	SINE/MIR	543	-	96	109770951	70384
chr9	109700567	109900567	harbor2	chr9	109773639	109773779	SINE/MIR	547	-	70	109773709	73142
chr9	109700567	109900567	harbor2	chr9	109779463	109779635	SINE/MIR	455	-	86	109779549	78982
chr9	109700567	109900567	harbor2	chr9	109800266	109800484	SINE/MIR	430	-	109	109800375	99808
chr9	117891421	118091421	harbor2	chr9	117897681	117897928	SINE/MIR	499	-	124	117897805	6384
chr9	117891421	118091421	harbor2	chr9	117924085	117924315	SINE/MIR	423	-	115	117924200	32779
chr9	117891421	118091421	harbor2	chr9	117963197	117963395	SINE/MIR	567	-	99	117963296	71875
chr9	117891421	118091421	harbor2	chr9	117990553	117990736	SINE/MIR	423	-	92	117990645	99224
chr9	113500555	113700555	harbor2	chr9	113511994	113512224	SINE/MIR	407	-	115	113512109	11554
chr9	113500555	113700555	harbor2	chr9	113513526	113513757	SINE/MIR	786	-	116	113513642	13087
chr9	113500555	113700555	harbor2	chr9	113519034	113519256	SINE/MIR	505	-	111	113519145	18590
chr9	113500555	113700555	harbor2	chr9	113544689	113544815	SINE/MIR	425	-	63	113544752	44197
chr9	113500555	113700555	harbor2	chr9	113545723	113545975	SINE/MIR	667	-	126	113545849	45294
chr9	113500555	113700555	harbor2	chr9	113546498	113546648	SINE/MIR	487	-	75	113546573	46018
chr9	113500555	113700555	harbor2	chr9	113556436	113556635	SINE/MIR	645	-	100	113556536	55981
chr9	113500555	113700555	harbor2	chr9	113559923	113560118	SINE/MIR	541	-	98	113560021	59466
chr9	113500555	113700555	harbor2	chr9	113564407	113564606	SINE/MIR	585	-	100	113564507	63952
chr9	113500555	113700555	harbor2	chr9	113573030	113573257	SINE/MIR	591	-	114	113573144	72589
chr9	113500555	113700555	harbor2	chr9	113578267	113578454	SINE/MIR	637	-	94	113578361	77806
chr9	113500555	113700555	harbor2	chr9	113578788	113579021	SINE/MIR	600	-	116	113578904	78349
chr9	113500555	113700555	harbor2	chr9	113580463	113580626	SINE/MIR	438	-	82	113580545	79990
chr9	113500555	113700555	harbor2	chr9	113584796	113585017	SINE/MIR	888	-	110	113584906	84351
chr9	113500555	113700555	harbor2	chr9	113588735	113588955	SINE/MIR	866	-	110	113588845	88290
chr9	113500555	113700555	harbor2	chr9	113596323	113596561	SINE/MIR	792	-	119	113596442	95887
chr9	113500555	113700555	harbor2	chr9	113597898	113598092	SINE/MIR	587	-	97	113597995	97440
chr9	109676786	109876786	harbor2	chr9	109682452	109682601	SINE/MIR	452	-	74	109682526	5740
chr9	109676786	109876786	harbor2	chr9	109724594	109724816	SINE/MIR	785	-	111	109724705	47919
chr9	109676786	109876786	harbor2	chr9	109739473	109739655	SINE/MIR	454	-	91	109739564	62778
chr9	109676786	109876786	harbor2	chr9	109746680	109746891	SINE/MIR	889	-	106	109746786	70000
chr9	109676786	109876786	harbor2	chr9	109766770	109766936	SINE/MIR	574	-	83	109766853	90067
chr9	109676786	109876786	harbor2	chr9	109766964	109767225	SINE/MIR	617	-	130	109767094	90308
chr9	109676786	109876786	harbor2	chr9	109770855	109771046	SINE/MIR	543	-	96	109770951	94165
chr9	109676786	109876786	harbor2	chr9	109773639	109773779	SINE/MIR	547	-	70	109773709	96923
chr9	108938793	109138793	harbor2	chr9	108962759	108962977	SINE/MIR	587	-	109	108962868	24075
chr9	108938793	109138793	harbor2	chr9	108965941	108966224	SINE/MIR	482	-	142	108966083	27290
chr9	108938793	109138793	harbor2	chr9	108995758	108995965	SINE/MIR	530	-	104	108995862	57069
chr9	108938793	109138793	harbor2	chr9	109004162	109004480	SINE/MIR	509	-	159	109004321	65528
chr9	108938793	109138793	harbor2	chr9	109006242	109006430	SINE/MIR	652	-	94	109006336	67543
chr9	92476254	92676254	harbor2	chr9	92476696	92476869	SINE/MIR	409	-	86	92476782	528
chr9	92476254	92676254	harbor2	chr9	92490110	92490307	SINE/MIR	413	-	98	92490208	13954
chr9	92476254	92676254	harbor2	chr9	92561820	92561967	SINE/MIR	410	-	74	92561894	85640
chr9	109871215	110071215	harbor2	chr9	109877594	109877800	SINE/MIR	747	-	103	109877697	6482
chr9	134304205	134504205	harbor2	chr9	134324449	134324604	SINE/MIR	527	-	78	134324527	20322
chr9	70329039	70529039	harbor2	chr9	70389292	70389483	SINE/MIR	587	-	96	70389388	60349
chr9	70329039	70529039	harbor2	chr9	70404743	70404959	SINE/MIR	689	-	108	70404851	75812
chr9	119355842	119555842	harbor2	chr9	119359088	119359206	SINE/MIR	527	-	59	119359147	3305
chr9	119355842	119555842	harbor2	chr9	119359497	119359651	SINE/MIR	527	-	77	119359574	3732
chr9	119355842	119555842	harbor2	chr9	119374879	119375082	SINE/MIR	616	-	102	119374981	19139
chr9	119355842	119555842	harbor2	chr9	119378179	119378308	SINE/MIR	397	-	64	119378243	22401
chr9	119355842	119555842	harbor2	chr9	119408562	119408820	SINE/MIR	522	-	129	119408691	52849
chr9	119355842	119555842	harbor2	chr9	119415037	119415240	SINE/MIR	568	-	102	119415139	59297
chr9	119355842	119555842	harbor2	chr9	119437230	119437416	SINE/MIR	594	-	93	119437323	81481
chr9	119355842	119555842	harbor2	chr9	119442162	119442412	SINE/MIR	530	-	125	119442287	86445
chr9	119355842	119555842	harbor2	chr9	119443478	119443728	SINE/MIR	556	-	125	119443603	87761
chr9	119355842	119555842	harbor2	chr9	119444930	119445142	SINE/MIR	829	-	106	119445036	89194
chr9	119355842	119555842	harbor2	chr9	119451525	119451682	SINE/MIR	495	-	78	119451603	95761
chr9	119355842	119555842	harbor2	chr9	119439278	119439543	SINE/MIR	776	-	132	119439410	83568
chr9	110881716	111081716	harbor2	chr9	110916121	110916373	SINE/MIR	622	-	126	110916247	34531
chr9	110881716	111081716	harbor2	chr9	110925756	110925914	SINE/MIR	422	-	79	110925835	44119
chr9	110881716	111081716	harbor2	chr9	110926220	110926292	SINE/MIR	422	-	36	110926256	44540
chr9	110881716	111081716	harbor2	chr9	110927295	110927461	SINE/MIR	469	-	83	110927378	45662
chr9	110881716	111081716	harbor2	chr9	110933392	110933606	SINE/MIR	555	-	107	110933499	51783
chr9	110881716	111081716	harbor2	chr9	110975394	110975554	SINE/MIR	430	-	80	110975474	93758
chr9	110881716	111081716	harbor2	chr9	110968821	110969044	SINE/MIR	519	-	112	110968933	87217
chr9	71813459	72013459	harbor2	chr9	71814308	71814484	SINE/MIR	491	-	88	71814396	937
chr9	71813459	72013459	harbor2	chr9	71818390	71818520	SINE/MIR	534	-	65	71818455	4996
chr9	71813459	72013459	harbor2	chr9	71819822	71819992	SINE/MIR	425	-	85	71819907	6448
chr9	71813459	72013459	harbor2	chr9	71848611	71848806	SINE/MIR	433	-	98	71848709	35250
chr9	71813459	72013459	harbor2	chr9	71872091	71872208	SINE/MIR	470	-	58	71872149	58690
chr9	71813459	72013459	harbor2	chr9	71879706	71879942	SINE/MIR	790	-	118	71879824	66365
chr9	71813459	72013459	harbor2	chr9	71895187	71895329	SINE/MIR	517	-	71	71895258	81799
chr9	30589911	30789911	harbor2	chr9	30665201	30665402	SINE/MIR	554	-	100	30665301	75390
chr9	89725639	89925639	harbor2	chr9	89803995	89804199	SINE/MIR	470	-	102	89804097	78458
chr9	81297213	81497213	harbor2	chr9	81311287	81311492	SINE/MIR	548	-	102	81311389	14176
chr9	110833765	111033765	harbor2	chr9	110834319	110834510	SINE/MIR	803	-	96	110834415	650
chr9	110833765	111033765	harbor2	chr9	110834789	110834976	SINE/MIR	730	-	94	110834883	1118
chr9	110833765	111033765	harbor2	chr9	110876406	110876629	SINE/MIR	674	-	112	110876518	42753
chr9	110833765	111033765	harbor2	chr9	110916121	110916373	SINE/MIR	622	-	126	110916247	82482
chr9	110833765	111033765	harbor2	chr9	110925756	110925914	SINE/MIR	422	-	79	110925835	92070
chr9	110833765	111033765	harbor2	chr9	110926220	110926292	SINE/MIR	422	-	36	110926256	92491
chr9	110833765	111033765	harbor2	chr9	110927295	110927461	SINE/MIR	469	-	83	110927378	93613
chr9	110833765	111033765	harbor2	chr9	110933392	110933606	SINE/MIR	555	-	107	110933499	99734
chr9	108970538	109170538	harbor2	chr9	108995758	108995965	SINE/MIR	530	-	104	108995862	25324
chr9	108970538	109170538	harbor2	chr9	109004162	109004480	SINE/MIR	509	-	159	109004321	33783
chr9	108970538	109170538	harbor2	chr9	109006242	109006430	SINE/MIR	652	-	94	109006336	35798
chr9	108970538	109170538	harbor2	chr9	109052252	109052392	SINE/MIR	455	-	70	109052322	81784
chr9	93396182	93596182	harbor2	chr9	93449226	93449382	SINE/MIR	452	-	78	93449304	53122
chr9	93396182	93596182	harbor2	chr9	93463901	93464049	SINE/MIR	516	-	74	93463975	67793
chr9	133701992	133901992	harbor2	chr9	133703437	133703570	SINE/MIR	416	-	66	133703503	1511
chr9	133701992	133901992	harbor2	chr9	133729570	133729730	SINE/MIR	407	-	80	133729650	27658
chr9	118973349	119173349	harbor2	chr9	118999651	118999883	SINE/MIR	952	-	116	118999767	26418
chr9	118973349	119173349	harbor2	chr9	119003647	119003878	SINE/MIR	653	-	116	119003763	30414
chr9	118973349	119173349	harbor2	chr9	119013985	119014225	SINE/MIR	931	-	120	119014105	40756
chr9	118973349	119173349	harbor2	chr9	119035059	119035185	SINE/MIR	437	-	63	119035122	61773
chr9	118973349	119173349	harbor2	chr9	119040649	119040840	SINE/MIR	485	-	96	119040745	67396
chr9	118973349	119173349	harbor2	chr9	119042782	119042898	SINE/MIR	481	-	58	119042840	69491
chr9	118973349	119173349	harbor2	chr9	119045391	119045593	SINE/MIR	636	-	101	119045492	72143
chr9	132918176	133118176	harbor2	chr9	132929714	132929956	SINE/MIR	403	-	121	132929835	11659
chr9	132918176	133118176	harbor2	chr9	132988609	132988809	SINE/MIR	502	-	100	132988709	70533
chr9	132918176	133118176	harbor2	chr9	132992877	132992993	SINE/MIR	446	-	58	132992935	74759
chr9	123100604	123300604	harbor2	chr9	123166311	123166476	SINE/MIR	450	-	82	123166393	65789
chr9	123100604	123300604	harbor2	chr9	123187009	123187203	SINE/MIR	470	-	97	123187106	86502
chr9	85284733	85484733	harbor2	chr9	85384178	85384295	SINE/MIR	595	-	58	85384236	99503
chr9	122240584	122440584	harbor2	chr9	122242359	122242532	SINE/MIR	532	-	86	122242445	1861
chr9	122240584	122440584	harbor2	chr9	122242599	122242663	SINE/MIR	416	-	32	122242631	2047
chr9	122240584	122440584	harbor2	chr9	122243272	122243444	SINE/MIR	416	-	86	122243358	2774
chr9	122240584	122440584	harbor2	chr9	122249207	122249373	SINE/MIR	439	-	83	122249290	8706
chr9	122240584	122440584	harbor2	chr9	122265199	122265379	SINE/MIR	482	-	90	122265289	24705
chr9	122240584	122440584	harbor2	chr9	122267863	122268011	SINE/MIR	490	-	74	122267937	27353
chr9	122240584	122440584	harbor2	chr9	122269801	122270012	SINE/MIR	609	-	106	122269907	29323
chr9	122240584	122440584	harbor2	chr9	122280037	122280249	SINE/MIR	513	-	106	122280143	39559
chr9	122240584	122440584	harbor2	chr9	122283021	122283092	SINE/MIR	442	-	36	122283057	42473
chr9	122240584	122440584	harbor2	chr9	122283391	122283528	SINE/MIR	442	-	68	122283459	42875
chr9	122240584	122440584	harbor2	chr9	122288308	122288535	SINE/MIR	518	-	114	122288422	47838
chr9	122240584	122440584	harbor2	chr9	122290993	122291228	SINE/MIR	547	-	118	122291111	50527
chr9	122240584	122440584	harbor2	chr9	122293847	122293952	SINE/MIR	460	-	52	122293899	53315
chr9	122240584	122440584	harbor2	chr9	122296369	122296581	SINE/MIR	482	-	106	122296475	55891
chr9	122240584	122440584	harbor2	chr9	122303715	122303855	SINE/MIR	552	-	70	122303785	63201
chr9	122240584	122440584	harbor2	chr9	122305916	122306120	SINE/MIR	588	-	102	122306018	65434
chr9	122240584	122440584	harbor2	chr9	122306415	122306555	SINE/MIR	580	-	70	122306485	65901
chr9	122240584	122440584	harbor2	chr9	122307560	122307799	SINE/MIR	650	-	120	122307680	67096
chr9	122240584	122440584	harbor2	chr9	122310023	122310227	SINE/MIR	612	-	102	122310125	69541
chr9	122240584	122440584	harbor2	chr9	122310984	122311236	SINE/MIR	622	-	126	122311110	70526
chr9	122240584	122440584	harbor2	chr9	122313580	122313769	SINE/MIR	557	-	94	122313674	73090
chr9	122240584	122440584	harbor2	chr9	122326723	122326964	SINE/MIR	624	-	120	122326843	86259
chr9	122240584	122440584	harbor2	chr9	122334758	122334902	SINE/MIR	521	-	72	122334830	94246
chr9	122240584	122440584	harbor2	chr9	122340337	122340570	SINE/MIR	740	-	116	122340453	99869
chr9	95871047	96071047	harbor2	chr9	95953962	95954206	SINE/MIR	1015	-	122	95954084	83037
chr9	132717881	132917881	harbor2	chr9	132725257	132725499	SINE/MIR	454	-	121	132725378	7497
chr9	132717881	132917881	harbor2	chr9	132740209	132740434	SINE/MIR	648	-	112	132740321	22440
chr9	132717881	132917881	harbor2	chr9	132742819	132742994	SINE/MIR	440	-	88	132742907	25026
chr9	132717881	132917881	harbor2	chr9	132743701	132743857	SINE/MIR	463	-	78	132743779	25898
chr9	132717881	132917881	harbor2	chr9	132749198	132749404	SINE/MIR	393	-	103	132749301	31420
chr9	132717881	132917881	harbor2	chr9	132773613	132773752	SINE/MIR	474	-	70	132773683	55802
chr9	132717881	132917881	harbor2	chr9	132796039	132796207	SINE/MIR	428	-	84	132796123	78242
chr9	132717881	132917881	harbor2	chr9	132801709	132801950	SINE/MIR	761	-	120	132801829	83948
chr9	132717881	132917881	harbor2	chr9	132816415	132816594	SINE/MIR	789	-	90	132816505	98624
chr9	101924713	102124713	harbor2	chr9	101931285	101931519	SINE/MIR	475	-	117	101931402	6689
chr9	132123633	132323633	harbor2	chr9	132145068	132145271	SINE/MIR	579	-	102	132145170	21537
chr9	132123633	132323633	harbor2	chr9	132145813	132146020	SINE/MIR	490	-	104	132145917	22284
chr9	132123633	132323633	harbor2	chr9	132147994	132148168	SINE/MIR	555	-	87	132148081	24448
chr9	132123633	132323633	harbor2	chr9	132155547	132155694	SINE/MIR	466	-	74	132155621	31988
chr9	132123633	132323633	harbor2	chr9	132157632	132157872	SINE/MIR	845	-	120	132157752	34119
chr9	132123633	132323633	harbor2	chr9	132159412	132159547	SINE/MIR	434	-	68	132159480	35847
chr9	132123633	132323633	harbor2	chr9	132181659	132181899	SINE/MIR	630	-	120	132181779	58146
chr9	132123633	132323633	harbor2	chr9	132204639	132204780	SINE/MIR	468	-	70	132204709	81076
chr9	132123633	132323633	harbor2	chr9	132217644	132217846	SINE/MIR	562	-	101	132217745	94112
chr9	132123633	132323633	harbor2	chr9	132153278	132153449	SINE/MIR	477	-	86	132153364	29731
chr9	72414895	72614895	harbor2	chr9	72422534	72422780	SINE/MIR	783	-	123	72422657	7762
chr9	72414895	72614895	harbor2	chr9	72474350	72474537	SINE/MIR	715	-	94	72474444	59549
chr9	72414895	72614895	harbor2	chr9	72481566	72481779	SINE/MIR	798	-	106	72481672	66777
chr9	72414895	72614895	harbor2	chr9	72502340	72502507	SINE/MIR	534	-	84	72502424	87529
chr9	129780568	129980568	harbor2	chr9	129782421	129782559	SINE/MIR	505	-	69	129782490	1922
chr9	129780568	129980568	harbor2	chr9	129788172	129788359	SINE/MIR	470	-	94	129788266	7698
chr9	129780568	129980568	harbor2	chr9	129799279	129799488	SINE/MIR	510	-	104	129799383	18815
chr9	129780568	129980568	harbor2	chr9	129818990	129819236	SINE/MIR	719	-	123	129819113	38545
chr9	129780568	129980568	harbor2	chr9	129820065	129820132	SINE/MIR	541	-	34	129820099	39531
chr9	129780568	129980568	harbor2	chr9	129820420	129820598	SINE/MIR	541	-	89	129820509	39941
chr9	129780568	129980568	harbor2	chr9	129836272	129836465	SINE/MIR	624	-	96	129836368	55800
chr9	129780568	129980568	harbor2	chr9	129842090	129842251	SINE/MIR	472	-	80	129842170	61602
chr9	129780568	129980568	harbor2	chr9	129852282	129852455	SINE/MIR	463	-	86	129852368	71800
chr9	129780568	129980568	harbor2	chr9	129863365	129863555	SINE/MIR	499	-	95	129863460	82892
chr9	129780568	129980568	harbor2	chr9	129865504	129865653	SINE/MIR	407	-	74	129865578	85010
chr9	129780568	129980568	harbor2	chr9	129866348	129866554	SINE/MIR	410	-	103	129866451	85883
chr9	118238513	118438513	harbor2	chr9	118266428	118266586	SINE/MIR	567	-	79	118266507	27994
chr9	118238513	118438513	harbor2	chr9	118279356	118279574	SINE/MIR	485	-	109	118279465	40952
chr9	118238513	118438513	harbor2	chr9	118287466	118287683	SINE/MIR	432	-	108	118287574	49061
chr9	118238513	118438513	harbor2	chr9	118287785	118287955	SINE/MIR	518	-	85	118287870	49357
chr9	118238513	118438513	harbor2	chr9	118294630	118294814	SINE/MIR	593	-	92	118294722	56209
chr9	118238513	118438513	harbor2	chr9	118294930	118295054	SINE/MIR	407	-	62	118294992	56479
chr9	118238513	118438513	harbor2	chr9	118300795	118301030	SINE/MIR	580	-	118	118300913	62400
chr9	118238513	118438513	harbor2	chr9	118332180	118332425	SINE/MIR	662	-	122	118332302	93789
chr9	100451892	100651892	harbor2	chr9	100459950	100460113	SINE/MIR	513	-	82	100460032	8140
chr9	100451892	100651892	harbor2	chr9	100460241	100460291	SINE/MIR	513	-	25	100460266	8374
chr9	100451892	100651892	harbor2	chr9	100467037	100467282	SINE/MIR	1134	-	122	100467159	15267
chr9	100451892	100651892	harbor2	chr9	100488577	100488826	SINE/MIR	669	-	124	100488701	36809
chr9	100451892	100651892	harbor2	chr9	100504550	100504769	SINE/MIR	486	-	110	100504660	52768
chr9	82999737	83199737	harbor2	chr9	83021161	83021374	SINE/MIR	573	-	106	83021267	21530
chr9	82999737	83199737	harbor2	chr9	83025270	83025463	SINE/MIR	406	-	96	83025366	25629
chr9	82999737	83199737	harbor2	chr9	83031377	83031575	SINE/MIR	578	-	99	83031476	31739
chr9	82999737	83199737	harbor2	chr9	83081008	83081233	SINE/MIR	746	-	112	83081120	81383
chr9	82999737	83199737	harbor2	chr9	83097865	83098090	SINE/MIR	474	-	112	83097977	98240
chr9	119251666	119451666	harbor2	chr9	119254912	119255079	SINE/MIR	438	-	84	119254996	3330
chr9	119251666	119451666	harbor2	chr9	119258535	119258721	SINE/MIR	542	-	93	119258628	6962
chr9	119251666	119451666	harbor2	chr9	119259682	119259873	SINE/MIR	404	-	96	119259778	8112
chr9	119251666	119451666	harbor2	chr9	119269542	119269722	SINE/MIR	499	-	90	119269632	17966
chr9	119251666	119451666	harbor2	chr9	119274939	119275122	SINE/MIR	502	-	92	119275031	23365
chr9	119251666	119451666	harbor2	chr9	119278935	119279141	SINE/MIR	408	-	103	119279038	27372
chr9	119251666	119451666	harbor2	chr9	119285367	119285567	SINE/MIR	509	-	100	119285467	33801
chr9	119251666	119451666	harbor2	chr9	119292066	119292256	SINE/MIR	569	-	95	119292161	40495
chr9	119251666	119451666	harbor2	chr9	119303824	119303867	SINE/MIR	829	-	22	119303846	52180
chr9	119251666	119451666	harbor2	chr9	119304179	119304358	SINE/MIR	829	-	90	119304269	52603
chr9	119251666	119451666	harbor2	chr9	119310081	119310282	SINE/MIR	613	-	100	119310181	58515
chr9	119251666	119451666	harbor2	chr9	119320836	119320932	SINE/MIR	467	-	48	119320884	69218
chr9	119251666	119451666	harbor2	chr9	119321231	119321336	SINE/MIR	467	-	52	119321283	69617
chr9	119251666	119451666	harbor2	chr9	119332916	119333081	SINE/MIR	682	-	82	119332998	81332
chr9	119251666	119451666	harbor2	chr9	119339630	119339796	SINE/MIR	422	-	83	119339713	88047
chr9	119251666	119451666	harbor2	chr9	119345659	119345761	SINE/MIR	400	-	51	119345710	94044
chr9	119251666	119451666	harbor2	chr9	119345794	119346042	SINE/MIR	619	-	124	119345918	94252
chr9	119725011	119925011	harbor2	chr9	119725657	119725920	SINE/MIR	678	-	132	119725789	778
chr9	119725011	119925011	harbor2	chr9	119727438	119727623	SINE/MIR	532	-	92	119727530	2519
chr9	119725011	119925011	harbor2	chr9	119763111	119763312	SINE/MIR	481	-	100	119763211	38200
chr9	119725011	119925011	harbor2	chr9	119768847	119769057	SINE/MIR	393	-	105	119768952	43941
chr9	119725011	119925011	harbor2	chr9	119770345	119770501	SINE/MIR	485	-	78	119770423	45412
chr9	119725011	119925011	harbor2	chr9	119774800	119774968	SINE/MIR	529	-	84	119774884	49873
chr9	119725011	119925011	harbor2	chr9	119784418	119784606	SINE/MIR	429	-	94	119784512	59501
chr9	119725011	119925011	harbor2	chr9	119785209	119785436	SINE/MIR	1004	-	114	119785323	60312
chr9	119725011	119925011	harbor2	chr9	119792645	119792763	SINE/MIR	402	-	59	119792704	67693
chr9	119725011	119925011	harbor2	chr9	119795869	119796032	SINE/MIR	485	-	82	119795951	70940
chr9	119725011	119925011	harbor2	chr9	119800522	119800764	SINE/MIR	498	-	121	119800643	75632
chr9	119725011	119925011	harbor2	chr9	119800908	119801028	SINE/MIR	450	-	60	119800968	75957
chr9	119725011	119925011	harbor2	chr9	119807266	119807507	SINE/MIR	685	-	120	119807386	82375
chr9	119725011	119925011	harbor2	chr9	119809616	119809791	SINE/MIR	452	-	88	119809704	84693
chr9	119725011	119925011	harbor2	chr9	119817458	119817594	SINE/MIR	420	-	68	119817526	92515
chr9	131897088	132097088	harbor2	chr9	131915701	131915888	SINE/MIR	418	-	94	131915795	18707
chr9	131897088	132097088	harbor2	chr9	131949340	131949562	SINE/MIR	502	-	111	131949451	52363
chr9	131897088	132097088	harbor2	chr9	131974507	131974651	SINE/MIR	413	-	72	131974579	77491
chr9	131897088	132097088	harbor2	chr9	131982536	131982696	SINE/MIR	481	-	80	131982616	85528
chr9	131897088	132097088	harbor2	chr9	131992926	131993070	SINE/MIR	458	-	72	131992998	95910
chr9	133046911	133246911	harbor2	chr9	133053221	133053302	SINE/MIR	562	-	40	133053261	6350
chr9	133046911	133246911	harbor2	chr9	133053598	133053756	SINE/MIR	562	-	79	133053677	6766
chr9	133046911	133246911	harbor2	chr9	133088018	133088206	SINE/MIR	490	-	94	133088112	41201
chr9	133046911	133246911	harbor2	chr9	133102215	133102415	SINE/MIR	526	-	100	133102315	55404
chr9	133046911	133246911	harbor2	chr9	133117185	133117381	SINE/MIR	442	-	98	133117283	70372
chr9	133046911	133246911	harbor2	chr9	133134413	133134592	SINE/MIR	427	-	90	133134503	87592
chr9	110419906	110619906	harbor2	chr9	110435751	110435987	SINE/MIR	711	-	118	110435869	15963
chr9	110419906	110619906	harbor2	chr9	110447358	110447559	SINE/MIR	642	-	100	110447458	27552
chr9	110419906	110619906	harbor2	chr9	110455259	110455369	SINE/MIR	396	-	55	110455314	35408
chr9	110419906	110619906	harbor2	chr9	110475301	110475508	SINE/MIR	879	-	104	110475405	55499
chr9	110419906	110619906	harbor2	chr9	110487720	110487938	SINE/MIR	426	-	109	110487829	67923
chr9	110419906	110619906	harbor2	chr9	110515651	110515801	SINE/MIR	413	-	75	110515726	95820
chr9	110419906	110619906	harbor2	chr9	110515806	110516052	SINE/MIR	979	-	123	110515929	96023
chr9	132781938	132981938	harbor2	chr9	132796039	132796207	SINE/MIR	428	-	84	132796123	14185
chr9	132781938	132981938	harbor2	chr9	132801709	132801950	SINE/MIR	761	-	120	132801829	19891
chr9	132781938	132981938	harbor2	chr9	132816415	132816594	SINE/MIR	789	-	90	132816505	34567
chr9	132781938	132981938	harbor2	chr9	132826072	132826289	SINE/MIR	479	-	108	132826180	44242
chr9	132781938	132981938	harbor2	chr9	132827296	132827496	SINE/MIR	535	-	100	132827396	45458
chr9	132781938	132981938	harbor2	chr9	132879517	132879649	SINE/MIR	394	-	66	132879583	97645
chr9	132781938	132981938	harbor2	chr9	132879727	132879919	SINE/MIR	436	-	96	132879823	97885
chr9	118479280	118679280	harbor2	chr9	118528255	118528404	SINE/MIR	407	-	74	118528329	49049
chr9	118479280	118679280	harbor2	chr9	118538692	118538816	SINE/MIR	456	-	62	118538754	59474
chr9	118479280	118679280	harbor2	chr9	118563024	118563256	SINE/MIR	519	-	116	118563140	83860
chr9	115984281	116184281	harbor2	chr9	115985672	115985797	SINE/MIR	495	-	62	115985734	1453
chr9	115984281	116184281	harbor2	chr9	116037862	116038066	SINE/MIR	534	-	102	116037964	53683
chr9	115984281	116184281	harbor2	chr9	116038591	116038845	SINE/MIR	853	-	127	116038718	54437
chr9	115984281	116184281	harbor2	chr9	116044178	116044344	SINE/MIR	517	-	83	116044261	59980
chr9	115984281	116184281	harbor2	chr9	116046950	116047153	SINE/MIR	407	-	102	116047052	62771
chr9	115984281	116184281	harbor2	chr9	116069382	116069647	SINE/MIR	427	-	132	116069514	85233
chr9	115984281	116184281	harbor2	chr9	116074206	116074413	SINE/MIR	812	-	104	116074310	90029
chr9	115984281	116184281	harbor2	chr9	116083252	116083472	SINE/MIR	667	-	110	116083362	99081
chr9	123011150	123211150	harbor2	chr9	123011606	123011675	SINE/MIR	642	-	34	123011640	490
chr9	123011150	123211150	harbor2	chr9	123011987	123012092	SINE/MIR	642	-	52	123012039	889
chr9	123011150	123211150	harbor2	chr9	123032202	123032322	SINE/MIR	456	-	60	123032262	21112
chr9	123011150	123211150	harbor2	chr9	123041103	123041310	SINE/MIR	512	-	104	123041207	30057
chr9	123011150	123211150	harbor2	chr9	123041335	123041502	SINE/MIR	665	-	84	123041419	30269
chr9	123011150	123211150	harbor2	chr9	123049822	123050040	SINE/MIR	671	-	109	123049931	38781
chr9	123011150	123211150	harbor2	chr9	123084705	123084974	SINE/MIR	720	-	134	123084839	73689
chr9	123011150	123211150	harbor2	chr9	123092664	123092898	SINE/MIR	789	-	117	123092781	81631
chr9	123011150	123211150	harbor2	chr9	123097348	123097559	SINE/MIR	428	-	106	123097454	86304
chr9	67049230	67249230	harbor2	chr9	67131419	67131649	SINE/MIR	708	-	115	67131534	82304
chr9	27383537	27583537	harbor2	chr9	27393636	27393873	SINE/MIR	834	-	118	27393754	10217
chr9	27383537	27583537	harbor2	chr9	27408965	27409149	SINE/MIR	500	-	92	27409057	25520
chr9	27383537	27583537	harbor2	chr9	27423815	27424063	SINE/MIR	1038	-	124	27423939	40402
chr9	27383537	27583537	harbor2	chr9	27426029	27426227	SINE/MIR	543	-	99	27426128	42591
chr9	27383537	27583537	harbor2	chr9	27445180	27445395	SINE/MIR	518	-	108	27445288	61751
chr9	27383537	27583537	harbor2	chr9	27446661	27446898	SINE/MIR	545	-	118	27446779	63242
chr9	27383537	27583537	harbor2	chr9	27449360	27449583	SINE/MIR	476	-	112	27449472	65935
chr9	27383537	27583537	harbor2	chr9	27463245	27463414	SINE/MIR	440	-	84	27463329	79792
chr9	135144890	135344890	harbor2	chr9	135157311	135157549	SINE/MIR	633	-	119	135157430	12540
chr9	135144890	135344890	harbor2	chr9	135159290	135159439	SINE/MIR	409	-	74	135159364	14474
chr9	135144890	135344890	harbor2	chr9	135165675	135165910	SINE/MIR	464	-	118	135165793	20903
chr9	135144890	135344890	harbor2	chr9	135203795	135203980	SINE/MIR	407	-	92	135203887	58997
chr9	135144890	135344890	harbor2	chr9	135204088	135204330	SINE/MIR	580	-	121	135204209	59319
chr9	106369535	106569535	harbor2	chr9	106376667	106376850	SINE/MIR	603	-	92	106376759	7224
chr9	106369535	106569535	harbor2	chr9	106382543	106382669	SINE/MIR	448	-	63	106382606	13071
chr9	106369535	106569535	harbor2	chr9	106393724	106393878	SINE/MIR	471	-	77	106393801	24266
chr9	106369535	106569535	harbor2	chr9	106409211	106409415	SINE/MIR	556	-	102	106409313	39778
chr9	106369535	106569535	harbor2	chr9	106413379	106413587	SINE/MIR	948	-	104	106413483	43948
chr9	106369535	106569535	harbor2	chr9	106424374	106424555	SINE/MIR	453	-	90	106424464	54929
chr9	106369535	106569535	harbor2	chr9	106426719	106426925	SINE/MIR	668	-	103	106426822	57287
chr9	106369535	106569535	harbor2	chr9	106435558	106435781	SINE/MIR	461	-	112	106435670	66135
chr9	106369535	106569535	harbor2	chr9	106442642	106442890	SINE/MIR	693	-	124	106442766	73231
chr9	106369535	106569535	harbor2	chr9	106449418	106449539	SINE/MIR	414	-	60	106449478	79943
chr9	106369535	106569535	harbor2	chr9	106466888	106467021	SINE/MIR	444	-	66	106466954	97419
chr9	108547897	108747897	harbor2	chr9	108586718	108586923	SINE/MIR	547	-	102	108586820	38923
chr9	108547897	108747897	harbor2	chr9	108607713	108607936	SINE/MIR	692	-	112	108607825	59928
chr9	108547897	108747897	harbor2	chr9	108609094	108609334	SINE/MIR	714	-	120	108609214	61317
chr9	108547897	108747897	harbor2	chr9	108616539	108616768	SINE/MIR	513	-	114	108616653	68756
chr9	108547897	108747897	harbor2	chr9	108621412	108621621	SINE/MIR	604	-	104	108621516	73619
chr9	108547897	108747897	harbor2	chr9	108631508	108631667	SINE/MIR	590	-	80	108631588	83691
chr9	108547897	108747897	harbor2	chr9	108643256	108643438	SINE/MIR	411	-	91	108643347	95450
chr9	125652003	125852003	harbor2	chr9	125658426	125658579	SINE/MIR	565	-	76	125658502	6499
chr9	125652003	125852003	harbor2	chr9	125680952	125681127	SINE/MIR	600	-	88	125681040	29037
chr9	125652003	125852003	harbor2	chr9	125688771	125688920	SINE/MIR	560	-	74	125688845	36842
chr9	125652003	125852003	harbor2	chr9	125716822	125717014	SINE/MIR	786	-	96	125716918	64915
chr9	125652003	125852003	harbor2	chr9	125738220	125738289	SINE/MIR	563	-	34	125738254	86251
chr9	125652003	125852003	harbor2	chr9	125738581	125738742	SINE/MIR	563	-	80	125738661	86658
chr9	137682195	137882195	harbor2	chr9	137693414	137693547	SINE/MIR	496	-	66	137693480	11285
chr9	121279757	121479757	harbor2	chr9	121285560	121285704	SINE/MIR	460	-	72	121285632	5875
chr9	121279757	121479757	harbor2	chr9	121288474	121288672	SINE/MIR	477	-	99	121288573	8816
chr9	121279757	121479757	harbor2	chr9	121293798	121294036	SINE/MIR	881	-	119	121293917	14160
chr9	121279757	121479757	harbor2	chr9	121296546	121296698	SINE/MIR	532	-	76	121296622	16865
chr9	121279757	121479757	harbor2	chr9	121303847	121304033	SINE/MIR	561	-	93	121303940	24183
chr9	121279757	121479757	harbor2	chr9	121304629	121304792	SINE/MIR	428	-	82	121304711	24954
chr9	121279757	121479757	harbor2	chr9	121305196	121305337	SINE/MIR	593	-	70	121305266	25509
chr9	121279757	121479757	harbor2	chr9	121305350	121305541	SINE/MIR	761	-	96	121305446	25689
chr9	121279757	121479757	harbor2	chr9	121320747	121320997	SINE/MIR	718	-	125	121320872	41115
chr9	121279757	121479757	harbor2	chr9	121352587	121352812	SINE/MIR	772	-	112	121352699	72942
chr9	121279757	121479757	harbor2	chr9	121355570	121355790	SINE/MIR	660	-	110	121355680	75923
chr9	121279757	121479757	harbor2	chr9	121359562	121359763	SINE/MIR	625	-	100	121359662	79905
chr9	134624061	134824061	harbor2	chr9	134638161	134638351	SINE/MIR	475	-	95	134638256	14195
chr9	134624061	134824061	harbor2	chr9	134627294	134627413	SINE/MIR	451	-	60	134627354	3293
chr9	95515073	95715073	harbor2	chr9	95565669	95565745	SINE/MIR	452	-	38	95565707	50634
chr9	95515073	95715073	harbor2	chr9	95566031	95566179	SINE/MIR	452	-	74	95566105	51032
chr9	95515073	95715073	harbor2	chr9	95573350	95573571	SINE/MIR	423	-	110	95573460	58387
chr9	95515073	95715073	harbor2	chr9	95588396	95588553	SINE/MIR	459	-	78	95588474	73401
chr9	95515073	95715073	harbor2	chr9	95598019	95598172	SINE/MIR	630	-	76	95598095	83022
chr9	109883190	110083190	harbor2	chr9	109973671	109973843	SINE/MIR	520	-	86	109973757	90567
chr9	109883190	110083190	harbor2	chr9	109976213	109976412	SINE/MIR	844	-	100	109976313	93123
chr9	109883190	110083190	harbor2	chr9	109976666	109976878	SINE/MIR	982	-	106	109976772	93582
chr9	87208935	87408935	harbor2	chr9	87214264	87214390	SINE/MIR	415	-	63	87214327	5392
chr9	87208935	87408935	harbor2	chr9	87254836	87255081	SINE/MIR	737	-	122	87254958	46023
chr9	105919668	106119668	harbor2	chr9	105934343	105934465	SINE/MIR	426	-	61	105934404	14736
chr9	105919668	106119668	harbor2	chr9	105957587	105957760	SINE/MIR	506	-	86	105957673	38005
chr9	105919668	106119668	harbor2	chr9	105960724	105960845	SINE/MIR	636	-	60	105960784	41116
chr9	105919668	106119668	harbor2	chr9	105963151	105963368	SINE/MIR	682	-	108	105963259	43591
chr9	105919668	106119668	harbor2	chr9	105970586	105970821	SINE/MIR	580	-	118	105970704	51036
chr9	105919668	106119668	harbor2	chr9	105990800	105991025	SINE/MIR	579	-	112	105990912	71244
chr9	105919668	106119668	harbor2	chr9	105997453	105997667	SINE/MIR	649	-	107	105997560	77892
chr9	105919668	106119668	harbor2	chr9	105998505	105998736	SINE/MIR	627	-	116	105998621	78953
chr9	105919668	106119668	harbor2	chr9	106001721	106001879	SINE/MIR	491	-	79	106001800	82132
chr9	105919668	106119668	harbor2	chr9	106017246	106017446	SINE/MIR	437	-	100	106017346	97678
chr9	121723821	121923821	harbor2	chr9	121724644	121724832	SINE/MIR	496	-	94	121724738	917
chr9	121723821	121923821	harbor2	chr9	121729032	121729276	SINE/MIR	688	-	122	121729154	5333
chr9	121723821	121923821	harbor2	chr9	121740774	121740982	SINE/MIR	574	-	104	121740878	17057
chr9	121723821	121923821	harbor2	chr9	121741796	121742007	SINE/MIR	687	-	106	121741902	18081
chr9	121723821	121923821	harbor2	chr9	121750079	121750272	SINE/MIR	486	-	96	121750175	26354
chr9	121723821	121923821	harbor2	chr9	121823014	121823194	SINE/MIR	417	-	90	121823104	99283
chr9	132997285	133197285	harbor2	chr9	133053221	133053302	SINE/MIR	562	-	40	133053261	55976
chr9	132997285	133197285	harbor2	chr9	133053598	133053756	SINE/MIR	562	-	79	133053677	56392
chr9	132997285	133197285	harbor2	chr9	133088018	133088206	SINE/MIR	490	-	94	133088112	90827
chr9	38175548	38375548	harbor2	chr9	38184667	38184803	SINE/MIR	479	-	68	38184735	9187
chr9	38175548	38375548	harbor2	chr9	38250664	38250828	SINE/MIR	532	-	82	38250746	75198
chr9	38175548	38375548	harbor2	chr9	38256158	38256336	SINE/MIR	530	-	89	38256247	80699
chr9	38175548	38375548	harbor2	chr9	38258643	38258885	SINE/MIR	579	-	121	38258764	83216
chr9	127673319	127873319	harbor2	chr9	127696351	127696553	SINE/MIR	859	-	101	127696452	23133
chr9	127673319	127873319	harbor2	chr9	127707949	127708091	SINE/MIR	405	-	71	127708020	34701
chr9	127673319	127873319	harbor2	chr9	127732867	127733119	SINE/MIR	471	-	126	127732993	59674
chr9	127673319	127873319	harbor2	chr9	127733655	127733822	SINE/MIR	451	-	84	127733739	60420
chr9	127673319	127873319	harbor2	chr9	127735892	127736032	SINE/MIR	482	-	70	127735962	62643
chr9	127673319	127873319	harbor2	chr9	127740541	127740670	SINE/MIR	423	-	64	127740605	67286
chr9	127673319	127873319	harbor2	chr9	127748900	127749054	SINE/MIR	402	-	77	127748977	75658
chr9	127673319	127873319	harbor2	chr9	127750897	127751070	SINE/MIR	613	-	86	127750983	77664
chr9	127673319	127873319	harbor2	chr9	127767693	127767879	SINE/MIR	609	-	93	127767786	94467
chr9	127673319	127873319	harbor2	chr9	127771859	127772060	SINE/MIR	738	-	100	127771959	98640
chr9	127673319	127873319	harbor2	chr9	127745894	127746120	SINE/MIR	767	-	113	127746007	72688
chr9	122012853	122212853	harbor2	chr9	122013101	122013245	SINE/MIR	447	-	72	122013173	320
chr9	122012853	122212853	harbor2	chr9	122039574	122039802	SINE/MIR	635	-	114	122039688	26835
chr9	122012853	122212853	harbor2	chr9	122049194	122049464	SINE/MIR	564	-	135	122049329	36476
chr9	122012853	122212853	harbor2	chr9	122056354	122056535	SINE/MIR	540	-	90	122056444	43591
chr9	122012853	122212853	harbor2	chr9	122059297	122059514	SINE/MIR	1060	-	108	122059405	46552
chr9	122012853	122212853	harbor2	chr9	122060280	122060543	SINE/MIR	527	-	132	122060412	47559
chr9	122012853	122212853	harbor2	chr9	122068471	122068703	SINE/MIR	807	-	116	122068587	55734
chr9	122012853	122212853	harbor2	chr9	122078602	122078823	SINE/MIR	445	-	110	122078712	65859
chr9	122012853	122212853	harbor2	chr9	122085701	122085946	SINE/MIR	845	-	122	122085823	72970
chr9	122012853	122212853	harbor2	chr9	122092069	122092285	SINE/MIR	544	-	108	122092177	79324
chr9	122012853	122212853	harbor2	chr9	122098259	122098484	SINE/MIR	729	-	112	122098371	85518
chr9	122012853	122212853	harbor2	chr9	122101536	122101721	SINE/MIR	482	-	92	122101628	88775
chr9	122012853	122212853	harbor2	chr9	122105428	122105602	SINE/MIR	523	-	87	122105515	92662
chr9	124870898	125070898	harbor2	chr9	124910462	124910628	SINE/MIR	576	-	83	124910545	39647
chr9	124870898	125070898	harbor2	chr9	124910969	124911030	SINE/MIR	576	-	30	124910999	40101
chr9	124870898	125070898	harbor2	chr9	124950261	124950437	SINE/MIR	607	-	88	124950349	79451
chr9	124870898	125070898	harbor2	chr9	124954429	124954571	SINE/MIR	497	-	71	124954500	83602
chr9	124870898	125070898	harbor2	chr9	124967330	124967480	SINE/MIR	416	-	75	124967405	96507
chr9	99499498	99699498	harbor2	chr9	99508761	99508978	SINE/MIR	462	-	108	99508869	9371
chr9	99499498	99699498	harbor2	chr9	99513325	99513541	SINE/MIR	595	-	108	99513433	13935
chr9	99499498	99699498	harbor2	chr9	99532399	99532597	SINE/MIR	568	-	99	99532498	33000
chr9	99499498	99699498	harbor2	chr9	99543585	99543737	SINE/MIR	537	-	76	99543661	44163
chr9	99499498	99699498	harbor2	chr9	99562005	99562199	SINE/MIR	489	-	97	99562102	62604
chr9	99499498	99699498	harbor2	chr9	99565110	99565308	SINE/MIR	575	-	99	99565209	65711
chr9	99499498	99699498	harbor2	chr9	99578756	99578966	SINE/MIR	875	-	105	99578861	79363
chr9	99499498	99699498	harbor2	chr9	99582566	99582719	SINE/MIR	487	-	76	99582642	83144
chr9	99499498	99699498	harbor2	chr9	99592695	99592923	SINE/MIR	652	-	114	99592809	93311
chr9	99499498	99699498	harbor2	chr9	99593314	99593432	SINE/MIR	475	-	59	99593373	93875
chr9	99499498	99699498	harbor2	chr9	99596401	99596608	SINE/MIR	429	-	104	99596505	97007
chr9	99499498	99699498	harbor2	chr9	99597122	99597359	SINE/MIR	660	-	118	99597240	97742
chr9	137776208	137976208	harbor2	chr9	137863190	137863408	SINE/MIR	726	-	109	137863299	87091
chr9	133029694	133229694	harbor2	chr9	133053221	133053302	SINE/MIR	562	-	40	133053261	23567
chr9	133029694	133229694	harbor2	chr9	133053598	133053756	SINE/MIR	562	-	79	133053677	23983
chr9	133029694	133229694	harbor2	chr9	133088018	133088206	SINE/MIR	490	-	94	133088112	58418
chr9	133029694	133229694	harbor2	chr9	133102215	133102415	SINE/MIR	526	-	100	133102315	72621
chr9	133029694	133229694	harbor2	chr9	133117185	133117381	SINE/MIR	442	-	98	133117283	87589
chr9	130565910	130765910	harbor2	chr9	130658057	130658239	SINE/MIR	504	-	91	130658148	92238
chr9	106473733	106673733	harbor2	chr9	106480508	106480754	SINE/MIR	602	-	123	106480631	6898
chr9	106473733	106673733	harbor2	chr9	106499039	106499206	SINE/MIR	618	-	84	106499123	25390
chr9	106473733	106673733	harbor2	chr9	106513577	106513697	SINE/MIR	394	-	60	106513637	39904
chr9	106473733	106673733	harbor2	chr9	106514061	106514175	SINE/MIR	394	-	57	106514118	40385
chr9	106473733	106673733	harbor2	chr9	106558514	106558735	SINE/MIR	669	-	110	106558624	84891
chr9	97573307	97773307	harbor2	chr9	97596398	97596631	SINE/MIR	779	-	116	97596514	23207
chr9	97573307	97773307	harbor2	chr9	97615250	97615456	SINE/MIR	637	-	103	97615353	42046
chr9	97573307	97773307	harbor2	chr9	97618234	97618426	SINE/MIR	488	-	96	97618330	45023
chr9	97573307	97773307	harbor2	chr9	97619051	97619207	SINE/MIR	543	-	78	97619129	45822
chr9	97573307	97773307	harbor2	chr9	97665301	97665498	SINE/MIR	685	-	98	97665399	92092
chr9	97573307	97773307	harbor2	chr9	97667526	97667690	SINE/MIR	516	-	82	97667608	94301
chr9	83832502	84032502	harbor2	chr9	83874157	83874293	SINE/MIR	596	-	68	83874225	41723
chr9	90836569	91036569	harbor2	chr9	90909502	90909696	SINE/MIR	392	-	97	90909599	73030
chr9	130476862	130676862	harbor2	chr9	130493310	130493430	SINE/MIR	403	-	60	130493370	16508
chr9	130476862	130676862	harbor2	chr9	130502325	130502554	SINE/MIR	690	-	114	130502439	25577
chr9	130476862	130676862	harbor2	chr9	130524536	130524722	SINE/MIR	483	-	93	130524629	47767
chr9	130476862	130676862	harbor2	chr9	130538964	130539188	SINE/MIR	396	-	112	130539076	62214
chr9	130476862	130676862	harbor2	chr9	130548345	130548549	SINE/MIR	728	-	102	130548447	71585
chr9	96658218	96858218	harbor2	chr9	96675179	96675379	SINE/MIR	675	-	100	96675279	17061
chr9	115159525	115359525	harbor2	chr9	115159771	115159995	SINE/MIR	459	-	112	115159883	358
chr9	115159525	115359525	harbor2	chr9	115202098	115202330	SINE/MIR	488	-	116	115202214	42689
chr9	115159525	115359525	harbor2	chr9	115208913	115209126	SINE/MIR	458	-	106	115209019	49494
chr9	115159525	115359525	harbor2	chr9	115209458	115209696	SINE/MIR	791	-	119	115209577	50052
chr9	115159525	115359525	harbor2	chr9	115210675	115210920	SINE/MIR	585	-	122	115210797	51272
chr9	115159525	115359525	harbor2	chr9	115214469	115214674	SINE/MIR	557	-	102	115214571	55046
chr9	119589567	119789567	harbor2	chr9	119596452	119596574	SINE/MIR	473	-	61	119596513	6946
chr9	119589567	119789567	harbor2	chr9	119597100	119597204	SINE/MIR	473	-	52	119597152	7585
chr9	119589567	119789567	harbor2	chr9	119597895	119598130	SINE/MIR	559	-	118	119598013	8446
chr9	119589567	119789567	harbor2	chr9	119602236	119602466	SINE/MIR	871	-	115	119602351	12784
chr9	119589567	119789567	harbor2	chr9	119603899	119604115	SINE/MIR	431	-	108	119604007	14440
chr9	119589567	119789567	harbor2	chr9	119617852	119618096	SINE/MIR	569	-	122	119617974	28407
chr9	119589567	119789567	harbor2	chr9	119635103	119635319	SINE/MIR	551	-	108	119635211	45644
chr9	119589567	119789567	harbor2	chr9	119638808	119639033	SINE/MIR	691	-	112	119638920	49353
chr9	119589567	119789567	harbor2	chr9	119646602	119646861	SINE/MIR	877	-	130	119646732	57165
chr9	119589567	119789567	harbor2	chr9	119647142	119647358	SINE/MIR	731	-	108	119647250	57683
chr9	119589567	119789567	harbor2	chr9	119648765	119648959	SINE/MIR	739	-	97	119648862	59295
chr9	119589567	119789567	harbor2	chr9	119652409	119652638	SINE/MIR	493	-	114	119652523	62956
chr9	119589567	119789567	harbor2	chr9	119603149	119603329	SINE/MIR	463	-	90	119603239	13672
chr9	118149696	118349696	harbor2	chr9	118166067	118166306	SINE/MIR	549	-	120	118166187	16491
chr9	118149696	118349696	harbor2	chr9	118170863	118170924	SINE/MIR	408	-	30	118170893	21197
chr9	118149696	118349696	harbor2	chr9	118171097	118171200	SINE/MIR	408	-	52	118171149	21453
chr9	118149696	118349696	harbor2	chr9	118182655	118182868	SINE/MIR	708	-	106	118182761	33065
chr9	113484107	113684107	harbor2	chr9	113487028	113487097	SINE/MIR	702	-	34	113487062	2955
chr9	113484107	113684107	harbor2	chr9	113487411	113487592	SINE/MIR	752	-	90	113487501	3394
chr9	113484107	113684107	harbor2	chr9	113489009	113489181	SINE/MIR	635	-	86	113489095	4988
chr9	113484107	113684107	harbor2	chr9	113489170	113489421	SINE/MIR	816	-	126	113489296	5189
chr9	113484107	113684107	harbor2	chr9	113511994	113512224	SINE/MIR	407	-	115	113512109	28002
chr9	113484107	113684107	harbor2	chr9	113513526	113513757	SINE/MIR	786	-	116	113513642	29535
chr9	113484107	113684107	harbor2	chr9	113519034	113519256	SINE/MIR	505	-	111	113519145	35038
chr9	113484107	113684107	harbor2	chr9	113544689	113544815	SINE/MIR	425	-	63	113544752	60645
chr9	113484107	113684107	harbor2	chr9	113545723	113545975	SINE/MIR	667	-	126	113545849	61742
chr9	113484107	113684107	harbor2	chr9	113546498	113546648	SINE/MIR	487	-	75	113546573	62466
chr9	113484107	113684107	harbor2	chr9	113556436	113556635	SINE/MIR	645	-	100	113556536	72429
chr9	113484107	113684107	harbor2	chr9	113559923	113560118	SINE/MIR	541	-	98	113560021	75914
chr9	113484107	113684107	harbor2	chr9	113564407	113564606	SINE/MIR	585	-	100	113564507	80400
chr9	113484107	113684107	harbor2	chr9	113573030	113573257	SINE/MIR	591	-	114	113573144	89037
chr9	113484107	113684107	harbor2	chr9	113578267	113578454	SINE/MIR	637	-	94	113578361	94254
chr9	113484107	113684107	harbor2	chr9	113578788	113579021	SINE/MIR	600	-	116	113578904	94797
chr9	113484107	113684107	harbor2	chr9	113580463	113580626	SINE/MIR	438	-	82	113580545	96438
chr9	81221419	81421419	harbor2	chr9	81235957	81236203	SINE/MIR	759	-	123	81236080	14661
chr9	81221419	81421419	harbor2	chr9	81255066	81255294	SINE/MIR	700	-	114	81255180	33761
chr9	81221419	81421419	harbor2	chr9	81278128	81278362	SINE/MIR	509	-	117	81278245	56826
chr9	81221419	81421419	harbor2	chr9	81311287	81311492	SINE/MIR	548	-	102	81311389	89970
chr9	24092785	24292785	harbor2	chr9	24110903	24111059	SINE/MIR	487	-	78	24110981	18196
chr9	5662104	5862104	harbor2	chr9	5676401	5676561	SINE/MIR	743	-	80	5676481	14377
chr9	5662104	5862104	harbor2	chr9	5692837	5693039	SINE/MIR	735	-	101	5692938	30834
chr9	5662104	5862104	harbor2	chr9	5731707	5731907	SINE/MIR	437	-	100	5731807	69703
chr9	5662104	5862104	harbor2	chr9	5745327	5745532	SINE/MIR	428	-	102	5745429	83325
chr9	5662104	5862104	harbor2	chr9	5749018	5749150	SINE/MIR	517	-	66	5749084	86980
chr9	124230962	124430962	harbor2	chr9	124248032	124248219	SINE/MIR	589	-	94	124248126	17164
chr9	124230962	124430962	harbor2	chr9	124260707	124260928	SINE/MIR	701	-	110	124260817	29855
chr9	124230962	124430962	harbor2	chr9	124260971	124261117	SINE/MIR	434	-	73	124261044	30082
chr9	124230962	124430962	harbor2	chr9	124266219	124266353	SINE/MIR	484	-	67	124266286	35324
chr9	124230962	124430962	harbor2	chr9	124269061	124269301	SINE/MIR	608	-	120	124269181	38219
chr9	124230962	124430962	harbor2	chr9	124271453	124271672	SINE/MIR	554	-	110	124271563	40601
chr9	124230962	124430962	harbor2	chr9	124272709	124272915	SINE/MIR	428	-	103	124272812	41850
chr9	124230962	124430962	harbor2	chr9	124288588	124288841	SINE/MIR	472	-	126	124288714	57752
chr9	124230962	124430962	harbor2	chr9	124289782	124289879	SINE/MIR	413	-	48	124289830	58868
chr9	124230962	124430962	harbor2	chr9	124308028	124308235	SINE/MIR	668	-	104	124308132	77170
chr9	124230962	124430962	harbor2	chr9	124322020	124322161	SINE/MIR	426	-	70	124322090	91128
chr9	124230962	124430962	harbor2	chr9	124327102	124327213	SINE/MIR	418	-	56	124327158	96196
chr9	98713448	98913448	harbor2	chr9	98713197	98713473	SINE/MIR	543	-	138	98713335	113
chr9	98713448	98913448	harbor2	chr9	98720358	98720546	SINE/MIR	398	-	94	98720452	7004
chr9	98713448	98913448	harbor2	chr9	98724876	98725042	SINE/MIR	581	-	83	98724959	11511
chr9	98713448	98913448	harbor2	chr9	98727041	98727253	SINE/MIR	444	-	106	98727147	13699
chr9	98713448	98913448	harbor2	chr9	98745112	98745291	SINE/MIR	502	-	90	98745202	31754
chr9	98713448	98913448	harbor2	chr9	98746466	98746694	SINE/MIR	630	-	114	98746580	33132
chr9	98713448	98913448	harbor2	chr9	98752592	98752775	SINE/MIR	715	-	92	98752684	39236
chr9	98713448	98913448	harbor2	chr9	98787608	98787826	SINE/MIR	494	-	109	98787717	74269
chr9	98713448	98913448	harbor2	chr9	98799251	98799432	SINE/MIR	562	-	90	98799341	85893
chr9	98713448	98913448	harbor2	chr9	98805395	98805577	SINE/MIR	640	-	91	98805486	92038
chr9	85857890	86057890	harbor2	chr9	85911211	85911332	SINE/MIR	418	-	60	85911271	53381
chr9	85857890	86057890	harbor2	chr9	85911617	85911728	SINE/MIR	418	-	56	85911673	53783
chr9	85857890	86057890	harbor2	chr9	85950557	85950633	SINE/MIR	403	-	38	85950595	92705
chr9	76208649	76408649	harbor2	chr9	76212710	76212957	SINE/MIR	711	-	124	76212834	4185
chr9	76208649	76408649	harbor2	chr9	76217390	76217631	SINE/MIR	826	-	120	76217510	8861
chr9	76208649	76408649	harbor2	chr9	76218602	76218813	SINE/MIR	449	-	106	76218708	10059
chr9	76208649	76408649	harbor2	chr9	76251669	76251895	SINE/MIR	555	-	113	76251782	43133
chr9	76208649	76408649	harbor2	chr9	76255855	76255975	SINE/MIR	634	-	60	76255915	47266
chr9	76208649	76408649	harbor2	chr9	76304535	76304648	SINE/MIR	490	-	56	76304591	95942
chr9	76208649	76408649	harbor2	chr9	76304649	76304781	SINE/MIR	509	-	66	76304715	96066
chr9	76208649	76408649	harbor2	chr9	76304782	76304914	SINE/MIR	509	-	66	76304848	96199
chr9	76208649	76408649	harbor2	chr9	76304915	76305047	SINE/MIR	509	-	66	76304981	96332
chr9	76208649	76408649	harbor2	chr9	76305048	76305180	SINE/MIR	509	-	66	76305114	96465
chr9	76208649	76408649	harbor2	chr9	76305181	76305313	SINE/MIR	509	-	66	76305247	96598
chr9	76208649	76408649	harbor2	chr9	76305314	76305446	SINE/MIR	509	-	66	76305380	96731
chr9	76208649	76408649	harbor2	chr9	76305447	76305579	SINE/MIR	509	-	66	76305513	96864
chr9	76208649	76408649	harbor2	chr9	76305580	76305712	SINE/MIR	509	-	66	76305646	96997
chr9	76208649	76408649	harbor2	chr9	76305713	76305845	SINE/MIR	509	-	66	76305779	97130
chr9	76208649	76408649	harbor2	chr9	76305846	76305978	SINE/MIR	509	-	66	76305912	97263
chr9	76208649	76408649	harbor2	chr9	76305979	76306111	SINE/MIR	509	-	66	76306045	97396
chr9	76208649	76408649	harbor2	chr9	76306112	76306244	SINE/MIR	509	-	66	76306178	97529
chr9	76208649	76408649	harbor2	chr9	76306245	76306377	SINE/MIR	513	-	66	76306311	97662
chr9	76208649	76408649	harbor2	chr9	76306378	76306522	SINE/MIR	517	-	72	76306450	97801
chr9	76208649	76408649	harbor2	chr9	76306511	76306643	SINE/MIR	497	-	66	76306577	97928
chr9	76208649	76408649	harbor2	chr9	76306644	76306776	SINE/MIR	496	-	66	76306710	98061
chr9	76208649	76408649	harbor2	chr9	76306777	76306909	SINE/MIR	509	-	66	76306843	98194
chr9	76208649	76408649	harbor2	chr9	76306910	76307042	SINE/MIR	509	-	66	76306976	98327
chr9	76208649	76408649	harbor2	chr9	76307043	76307239	SINE/MIR	615	-	98	76307141	98492
chr9	98441531	98641531	harbor2	chr9	98446284	98446424	SINE/MIR	505	-	70	98446354	4823
chr9	98441531	98641531	harbor2	chr9	98454288	98454493	SINE/MIR	736	-	102	98454390	12859
chr9	98441531	98641531	harbor2	chr9	98466570	98466737	SINE/MIR	695	-	84	98466654	25123
chr9	98441531	98641531	harbor2	chr9	98472891	98473065	SINE/MIR	486	-	87	98472978	31447
chr9	98441531	98641531	harbor2	chr9	98474085	98474249	SINE/MIR	579	-	82	98474167	32636
chr9	98441531	98641531	harbor2	chr9	98477792	98478000	SINE/MIR	743	-	104	98477896	36365
chr9	98441531	98641531	harbor2	chr9	98479279	98479488	SINE/MIR	613	-	104	98479383	37852
chr9	98441531	98641531	harbor2	chr9	98515781	98515931	SINE/MIR	478	-	75	98515856	74325
chr9	98441531	98641531	harbor2	chr9	98519551	98519690	SINE/MIR	412	-	70	98519621	78090
chr9	98441531	98641531	harbor2	chr9	98527154	98527361	SINE/MIR	606	-	104	98527258	85727
chr9	98441531	98641531	harbor2	chr9	98534485	98534579	SINE/MIR	414	-	47	98534532	93001
chr9	98441531	98641531	harbor2	chr9	98540278	98540457	SINE/MIR	652	-	90	98540368	98837
chr9	128197107	128397107	harbor2	chr9	128197773	128198008	SINE/MIR	865	-	118	128197891	784
chr9	128197107	128397107	harbor2	chr9	128205346	128205565	SINE/MIR	526	-	110	128205456	8349
chr9	128197107	128397107	harbor2	chr9	128214298	128214415	SINE/MIR	454	-	58	128214356	17249
chr9	128197107	128397107	harbor2	chr9	128224959	128225208	SINE/MIR	632	-	124	128225083	27976
chr9	128197107	128397107	harbor2	chr9	128226428	128226637	SINE/MIR	607	-	104	128226532	29425
chr9	128197107	128397107	harbor2	chr9	128231748	128231917	SINE/MIR	586	-	84	128231832	34725
chr9	128197107	128397107	harbor2	chr9	128247135	128247323	SINE/MIR	617	-	94	128247229	50122
chr9	128197107	128397107	harbor2	chr9	128259628	128259817	SINE/MIR	417	-	94	128259722	62615
chr9	128197107	128397107	harbor2	chr9	128264802	128265013	SINE/MIR	567	-	106	128264908	67801
chr9	128197107	128397107	harbor2	chr9	128266761	128266915	SINE/MIR	468	-	77	128266838	69731
chr9	128197107	128397107	harbor2	chr9	128273297	128273437	SINE/MIR	418	-	70	128273367	76260
chr9	128197107	128397107	harbor2	chr9	128289029	128289283	SINE/MIR	1071	-	127	128289156	92049
chr9	128197107	128397107	harbor2	chr9	128293120	128293261	SINE/MIR	432	-	70	128293190	96083
chr9	122322318	122522318	harbor2	chr9	122326723	122326964	SINE/MIR	624	-	120	122326843	4525
chr9	122322318	122522318	harbor2	chr9	122334758	122334902	SINE/MIR	521	-	72	122334830	12512
chr9	122322318	122522318	harbor2	chr9	122340337	122340570	SINE/MIR	740	-	116	122340453	18135
chr9	122322318	122522318	harbor2	chr9	122345023	122345249	SINE/MIR	661	-	113	122345136	22818
chr9	122322318	122522318	harbor2	chr9	122354475	122354682	SINE/MIR	483	-	104	122354579	32261
chr9	122322318	122522318	harbor2	chr9	122361694	122361919	SINE/MIR	959	-	112	122361806	39488
chr9	122322318	122522318	harbor2	chr9	122365558	122365783	SINE/MIR	802	-	112	122365670	43352
chr9	122322318	122522318	harbor2	chr9	122367696	122367920	SINE/MIR	544	-	112	122367808	45490
chr9	122322318	122522318	harbor2	chr9	122369247	122369407	SINE/MIR	409	-	80	122369327	47009
chr9	122322318	122522318	harbor2	chr9	122370211	122370449	SINE/MIR	788	-	119	122370330	48012
chr9	122322318	122522318	harbor2	chr9	122371801	122371932	SINE/MIR	420	-	66	122371867	49549
chr9	122322318	122522318	harbor2	chr9	122380750	122380931	SINE/MIR	513	-	90	122380840	58522
chr9	122322318	122522318	harbor2	chr9	122384877	122384957	SINE/MIR	661	-	40	122384917	62599
chr9	122322318	122522318	harbor2	chr9	122385258	122385401	SINE/MIR	661	-	72	122385330	63012
chr9	122322318	122522318	harbor2	chr9	122402162	122402370	SINE/MIR	441	-	104	122402266	79948
chr9	122322318	122522318	harbor2	chr9	122403136	122403355	SINE/MIR	640	-	110	122403246	80928
chr9	86988386	87188386	harbor2	chr9	86996152	86996375	SINE/MIR	483	-	112	86996264	7878
chr9	86988386	87188386	harbor2	chr9	86998467	86998701	SINE/MIR	998	-	117	86998584	10198
chr9	86988386	87188386	harbor2	chr9	87005759	87005825	SINE/MIR	500	-	33	87005792	17406
chr9	86988386	87188386	harbor2	chr9	87006166	87006303	SINE/MIR	500	-	68	87006234	17848
chr9	86988386	87188386	harbor2	chr9	87037851	87037977	SINE/MIR	473	-	63	87037914	49528
chr9	86988386	87188386	harbor2	chr9	87070510	87070738	SINE/MIR	410	-	114	87070624	82238
chr9	86988386	87188386	harbor2	chr9	87076010	87076154	SINE/MIR	494	-	72	87076082	87696
chr9	78032699	78232699	harbor2	chr9	78126996	78127149	SINE/MIR	478	-	76	78127072	94373
chr9	78032699	78232699	harbor2	chr9	78127875	78128075	SINE/MIR	481	-	100	78127975	95276
chr9	78032699	78232699	harbor2	chr9	78131622	78131829	SINE/MIR	698	-	104	78131726	99027
chr9	123382303	123582303	harbor2	chr9	123391365	123391555	SINE/MIR	477	-	95	123391460	9157
chr9	123382303	123582303	harbor2	chr9	123408418	123408635	SINE/MIR	720	-	108	123408526	26223
chr9	123382303	123582303	harbor2	chr9	123417334	123417573	SINE/MIR	609	-	120	123417454	35151
chr9	123382303	123582303	harbor2	chr9	123421178	123421403	SINE/MIR	650	-	112	123421290	38987
chr9	123382303	123582303	harbor2	chr9	123433086	123433326	SINE/MIR	791	-	120	123433206	50903
chr9	123382303	123582303	harbor2	chr9	123442981	123443164	SINE/MIR	507	-	92	123443073	60770
chr9	123382303	123582303	harbor2	chr9	123445900	123446108	SINE/MIR	522	-	104	123446004	63701
chr9	123382303	123582303	harbor2	chr9	123456862	123457101	SINE/MIR	490	-	120	123456982	74679
chr9	123382303	123582303	harbor2	chr9	123476690	123476887	SINE/MIR	651	-	98	123476788	94485
chr9	123382303	123582303	harbor2	chr9	123469710	123469931	SINE/MIR	813	-	110	123469820	87517
chr9	27491305	27691305	harbor2	chr9	27507077	27507264	SINE/MIR	477	-	94	27507171	15866
chr9	27491305	27691305	harbor2	chr9	27536802	27536953	SINE/MIR	542	-	76	27536878	45573
chr9	27491305	27691305	harbor2	chr9	27542108	27542330	SINE/MIR	909	-	111	27542219	50914
chr9	27491305	27691305	harbor2	chr9	27560973	27561198	SINE/MIR	753	-	112	27561085	69780
chr9	27491305	27691305	harbor2	chr9	27579309	27579480	SINE/MIR	398	-	86	27579395	88090
chr9	75773390	75973390	harbor2	chr9	75796107	75796348	SINE/MIR	632	-	120	75796227	22837
chr9	75773390	75973390	harbor2	chr9	75801215	75801306	SINE/MIR	461	-	46	75801261	27871
chr9	75773390	75973390	harbor2	chr9	75801832	75801977	SINE/MIR	461	-	72	75801904	28514
chr9	75773390	75973390	harbor2	chr9	75803991	75804158	SINE/MIR	670	-	84	75804075	30685
chr9	75773390	75973390	harbor2	chr9	75824099	75824311	SINE/MIR	465	-	106	75824205	50815
chr9	75773390	75973390	harbor2	chr9	75871424	75871639	SINE/MIR	413	-	108	75871532	98142
chr9	133970410	134170410	harbor2	chr9	133997077	133997207	SINE/MIR	414	-	65	133997142	26732
chr9	117613313	117813313	harbor2	chr9	117615526	117615697	SINE/MIR	418	-	86	117615612	2299
chr9	117613313	117813313	harbor2	chr9	117615847	117615992	SINE/MIR	454	-	72	117615919	2606
chr9	117613313	117813313	harbor2	chr9	117617114	117617282	SINE/MIR	452	-	84	117617198	3885
chr9	117613313	117813313	harbor2	chr9	117617996	117618196	SINE/MIR	620	-	100	117618096	4783
chr9	117613313	117813313	harbor2	chr9	117644121	117644286	SINE/MIR	417	-	82	117644203	30890
chr9	117613313	117813313	harbor2	chr9	117674579	117674717	SINE/MIR	502	-	69	117674648	61335
chr9	117613313	117813313	harbor2	chr9	117676874	117677099	SINE/MIR	660	-	112	117676986	63673
chr9	117613313	117813313	harbor2	chr9	117681874	117682057	SINE/MIR	484	-	92	117681966	68653
chr9	117613313	117813313	harbor2	chr9	117695117	117695253	SINE/MIR	391	-	68	117695185	81872
chr9	117613313	117813313	harbor2	chr9	117702196	117702355	SINE/MIR	401	-	80	117702276	88963
chr9	137952595	138152595	harbor2	chr9	138048129	138048309	SINE/MIR	629	-	90	138048219	95624
chr9	69606659	69806659	harbor2	chr9	69606792	69606860	SINE/MIR	525	-	34	69606826	167
chr9	128028605	128228605	harbor2	chr9	128064446	128064701	SINE/MIR	671	-	128	128064574	35969
chr9	128028605	128228605	harbor2	chr9	128089286	128089524	SINE/MIR	741	-	119	128089405	60800
chr9	128028605	128228605	harbor2	chr9	128092715	128092861	SINE/MIR	526	-	73	128092788	64183
chr9	128028605	128228605	harbor2	chr9	128124827	128125038	SINE/MIR	540	-	106	128124933	96328
chr9	115743197	115943197	harbor2	chr9	115762465	115762669	SINE/MIR	468	-	102	115762567	19370
chr9	115743197	115943197	harbor2	chr9	115772904	115773055	SINE/MIR	428	-	76	115772980	29783
chr9	121870900	122070900	harbor2	chr9	121870772	121870939	SINE/MIR	428	-	84	121870856	44
chr9	121870900	122070900	harbor2	chr9	121875962	121876193	SINE/MIR	753	-	116	121876078	5178
chr9	121870900	122070900	harbor2	chr9	121877651	121877885	SINE/MIR	599	-	117	121877768	6868
chr9	121870900	122070900	harbor2	chr9	121877934	121878060	SINE/MIR	502	-	63	121877997	7097
chr9	121870900	122070900	harbor2	chr9	121880757	121880937	SINE/MIR	494	-	90	121880847	9947
chr9	121870900	122070900	harbor2	chr9	121885455	121885716	SINE/MIR	532	-	130	121885585	14685
chr9	121870900	122070900	harbor2	chr9	121888837	121889022	SINE/MIR	409	-	92	121888929	18029
chr9	121870900	122070900	harbor2	chr9	121889065	121889246	SINE/MIR	486	-	90	121889155	18255
chr9	121870900	122070900	harbor2	chr9	121893421	121893611	SINE/MIR	656	-	95	121893516	22616
chr9	121870900	122070900	harbor2	chr9	121899914	121900105	SINE/MIR	406	-	96	121900010	29110
chr9	121870900	122070900	harbor2	chr9	121910003	121910165	SINE/MIR	419	-	81	121910084	39184
chr9	121870900	122070900	harbor2	chr9	121912752	121912989	SINE/MIR	463	-	118	121912870	41970
chr9	121870900	122070900	harbor2	chr9	121913935	121914107	SINE/MIR	512	-	86	121914021	43121
chr9	121870900	122070900	harbor2	chr9	121937220	121937486	SINE/MIR	450	-	133	121937353	66453
chr9	121870900	122070900	harbor2	chr9	121948049	121948273	SINE/MIR	626	-	112	121948161	77261
chr9	121870900	122070900	harbor2	chr9	121948531	121948728	SINE/MIR	574	-	98	121948629	77729
chr9	121870900	122070900	harbor2	chr9	121949543	121949662	SINE/MIR	394	-	60	121949603	78703
chr9	121870900	122070900	harbor2	chr9	121955434	121955690	SINE/MIR	804	-	128	121955562	84662
chr9	121870900	122070900	harbor2	chr9	121958069	121958185	SINE/MIR	506	-	58	121958127	87227
chr9	121870900	122070900	harbor2	chr9	121963231	121963379	SINE/MIR	422	-	74	121963305	92405
chr9	121870900	122070900	harbor2	chr9	121969189	121969311	SINE/MIR	445	-	61	121969250	98350
chr9	112086015	112286015	harbor2	chr9	112121968	112122165	SINE/MIR	573	-	98	112122066	36051
chr9	112086015	112286015	harbor2	chr9	112135781	112136002	SINE/MIR	516	-	110	112135891	49876
chr9	86930419	87130419	harbor2	chr9	86987584	86987796	SINE/MIR	487	-	106	86987690	57271
chr9	86930419	87130419	harbor2	chr9	86996152	86996375	SINE/MIR	483	-	112	86996264	65845
chr9	86930419	87130419	harbor2	chr9	86998467	86998701	SINE/MIR	998	-	117	86998584	68165
chr9	86930419	87130419	harbor2	chr9	87005759	87005825	SINE/MIR	500	-	33	87005792	75373
chr9	86930419	87130419	harbor2	chr9	87006166	87006303	SINE/MIR	500	-	68	87006234	75815
chr9	128845792	129045792	harbor2	chr9	128888981	128889163	SINE/MIR	584	-	91	128889072	43280
chr9	128845792	129045792	harbor2	chr9	128891975	128892168	SINE/MIR	617	-	96	128892071	46279
chr9	128845792	129045792	harbor2	chr9	128898644	128898809	SINE/MIR	489	-	82	128898726	52934
chr9	128845792	129045792	harbor2	chr9	128914400	128914503	SINE/MIR	391	-	52	128914452	68660
chr9	128845792	129045792	harbor2	chr9	128927305	128927370	SINE/MIR	558	-	32	128927337	81545
chr9	128845792	129045792	harbor2	chr9	128927657	128927805	SINE/MIR	558	-	74	128927731	81939
chr9	128845792	129045792	harbor2	chr9	128935980	128936159	SINE/MIR	551	-	90	128936070	90278
chr9	128845792	129045792	harbor2	chr9	128940054	128940275	SINE/MIR	582	-	110	128940164	94372
chr9	128845792	129045792	harbor2	chr9	128942474	128942707	SINE/MIR	642	-	116	128942590	96798
chr9	128845792	129045792	harbor2	chr9	128944578	128944681	SINE/MIR	399	-	52	128944630	98838
chr9	128845792	129045792	harbor2	chr9	128944988	128945084	SINE/MIR	399	-	48	128945036	99244
chr9	115326097	115526097	harbor2	chr9	115330039	115330253	SINE/MIR	564	-	107	115330146	4049
chr9	115326097	115526097	harbor2	chr9	115334247	115334461	SINE/MIR	435	-	107	115334354	8257
chr9	115326097	115526097	harbor2	chr9	115341233	115341444	SINE/MIR	567	-	106	115341339	15242
chr9	115326097	115526097	harbor2	chr9	115350050	115350303	SINE/MIR	605	-	126	115350176	24079
chr9	115326097	115526097	harbor2	chr9	115360629	115360847	SINE/MIR	596	-	109	115360738	34641
chr9	115326097	115526097	harbor2	chr9	115369859	115370097	SINE/MIR	765	-	119	115369978	43881
chr9	115326097	115526097	harbor2	chr9	115394555	115394705	SINE/MIR	443	-	75	115394630	68533
chr9	115326097	115526097	harbor2	chr9	115403814	115404057	SINE/MIR	612	-	122	115403936	77839
chr9	115326097	115526097	harbor2	chr9	115423480	115423649	SINE/MIR	437	-	84	115423564	97467
chr9	116662037	116862037	harbor2	chr9	116672561	116672746	SINE/MIR	551	-	92	116672653	10616
chr9	116662037	116862037	harbor2	chr9	116689439	116689621	SINE/MIR	503	-	91	116689530	27493
chr9	116662037	116862037	harbor2	chr9	116690230	116690393	SINE/MIR	476	-	82	116690312	28275
chr9	116662037	116862037	harbor2	chr9	116692404	116692664	SINE/MIR	600	-	130	116692534	30497
chr9	116662037	116862037	harbor2	chr9	116697250	116697446	SINE/MIR	509	-	98	116697348	35311
chr9	116662037	116862037	harbor2	chr9	116714462	116714651	SINE/MIR	636	-	94	116714556	52519
chr9	116662037	116862037	harbor2	chr9	116721157	116721300	SINE/MIR	477	-	72	116721229	59192
chr9	116662037	116862037	harbor2	chr9	116723260	116723416	SINE/MIR	434	-	78	116723338	61301
chr9	116662037	116862037	harbor2	chr9	116725546	116725692	SINE/MIR	453	-	73	116725619	63582
chr9	116662037	116862037	harbor2	chr9	116734048	116734216	SINE/MIR	502	-	84	116734132	72095
chr9	116662037	116862037	harbor2	chr9	116734946	116735126	SINE/MIR	460	-	90	116735036	72999
chr9	116662037	116862037	harbor2	chr9	116738640	116738787	SINE/MIR	538	-	74	116738714	76677
chr9	116662037	116862037	harbor2	chr9	116747109	116747264	SINE/MIR	498	-	78	116747187	85150
chr9	116662037	116862037	harbor2	chr9	116747430	116747575	SINE/MIR	436	-	72	116747502	85465
chr9	116662037	116862037	harbor2	chr9	116735928	116736125	SINE/MIR	503	-	98	116736026	73989
chr9	103861232	104061232	harbor2	chr9	103958341	103958583	SINE/MIR	542	-	121	103958462	97230
chr9	75844880	76044880	harbor2	chr9	75871424	75871639	SINE/MIR	413	-	108	75871532	26652
chr9	84618937	84818937	harbor2	chr9	84620833	84621069	SINE/MIR	672	-	118	84620951	2014
chr9	84618937	84818937	harbor2	chr9	84631846	84632025	SINE/MIR	885	-	90	84631936	12999
chr9	84618937	84818937	harbor2	chr9	84693684	84693800	SINE/MIR	495	-	58	84693742	74805
chr9	61698262	61898262	harbor2	chr9	61728064	61728257	SINE/MIR	432	-	96	61728160	29898
chr9	69687220	69887220	harbor2	chr9	69729538	69729786	SINE/MIR	541	-	124	69729662	42442
chr9	69687220	69887220	harbor2	chr9	69730893	69731086	SINE/MIR	458	-	96	69730989	43769
chr9	69687220	69887220	harbor2	chr9	69733814	69734063	SINE/MIR	993	-	124	69733938	46718
chr9	69687220	69887220	harbor2	chr9	69737677	69737782	SINE/MIR	436	-	52	69737729	50509
chr9	69687220	69887220	harbor2	chr9	69743088	69743295	SINE/MIR	626	-	104	69743192	55972
chr9	69687220	69887220	harbor2	chr9	69746238	69746424	SINE/MIR	467	-	93	69746331	59111
chr9	69687220	69887220	harbor2	chr9	69755860	69756081	SINE/MIR	417	-	110	69755970	68750
chr9	85458883	85658883	harbor2	chr9	85495529	85495722	SINE/MIR	480	-	96	85495625	36742
chr9	85458883	85658883	harbor2	chr9	85506959	85507131	SINE/MIR	447	-	86	85507045	48162
chr9	85458883	85658883	harbor2	chr9	85527239	85527411	SINE/MIR	436	-	86	85527325	68442
chr9	85458883	85658883	harbor2	chr9	85537502	85537749	SINE/MIR	554	-	124	85537626	78743
chr9	116733952	116933952	harbor2	chr9	116734048	116734216	SINE/MIR	502	-	84	116734132	180
chr9	116733952	116933952	harbor2	chr9	116734946	116735126	SINE/MIR	460	-	90	116735036	1084
chr9	116733952	116933952	harbor2	chr9	116738640	116738787	SINE/MIR	538	-	74	116738714	4762
chr9	116733952	116933952	harbor2	chr9	116747109	116747264	SINE/MIR	498	-	78	116747187	13235
chr9	116733952	116933952	harbor2	chr9	116747430	116747575	SINE/MIR	436	-	72	116747502	13550
chr9	116733952	116933952	harbor2	chr9	116762465	116762504	SINE/MIR	412	-	20	116762485	28533
chr9	116733952	116933952	harbor2	chr9	116762872	116763070	SINE/MIR	484	-	99	116762971	29019
chr9	116733952	116933952	harbor2	chr9	116773646	116773830	SINE/MIR	553	-	92	116773738	39786
chr9	116733952	116933952	harbor2	chr9	116774450	116774678	SINE/MIR	411	-	114	116774564	40612
chr9	116733952	116933952	harbor2	chr9	116776310	116776531	SINE/MIR	405	-	110	116776420	42468
chr9	116733952	116933952	harbor2	chr9	116781908	116782040	SINE/MIR	548	-	66	116781974	48022
chr9	116733952	116933952	harbor2	chr9	116783488	116783717	SINE/MIR	554	-	114	116783602	49650
chr9	116733952	116933952	harbor2	chr9	116795781	116795963	SINE/MIR	413	-	91	116795872	61920
chr9	116733952	116933952	harbor2	chr9	116812649	116812778	SINE/MIR	409	-	64	116812713	78761
chr9	116733952	116933952	harbor2	chr9	116813334	116813511	SINE/MIR	503	-	88	116813422	79470
chr9	116733952	116933952	harbor2	chr9	116818684	116818887	SINE/MIR	721	-	102	116818786	84834
chr9	116733952	116933952	harbor2	chr9	116735928	116736125	SINE/MIR	503	-	98	116736026	2074
chr9	116733952	116933952	harbor2	chr9	116817772	116817965	SINE/MIR	489	-	96	116817868	83916
chr9	28376405	28576405	harbor2	chr9	28425361	28425536	SINE/MIR	436	-	88	28425449	49044
chr9	28376405	28576405	harbor2	chr9	28427399	28427612	SINE/MIR	549	-	106	28427505	51100
chr9	28376405	28576405	harbor2	chr9	28461858	28462051	SINE/MIR	575	-	96	28461954	85549
chr9	41043103	41243103	harbor2	chr9	41064918	41065081	SINE/MIR	523	-	82	41065000	21897
chr9	41043103	41243103	harbor2	chr9	41084329	41084388	SINE/MIR	413	-	30	41084359	41256
chr9	41043103	41243103	harbor2	chr9	41084740	41084834	SINE/MIR	413	-	47	41084787	41684
chr9	41043103	41243103	harbor2	chr9	41120146	41120424	SINE/MIR	973	-	139	41120285	77182
chr9	133570776	133770776	harbor2	chr9	133576612	133576789	SINE/MIR	510	-	88	133576700	5924
chr9	133570776	133770776	harbor2	chr9	133579600	133579715	SINE/MIR	432	-	58	133579658	8882
chr9	133570776	133770776	harbor2	chr9	133605226	133605378	SINE/MIR	444	-	76	133605302	34526
chr9	133570776	133770776	harbor2	chr9	133607157	133607333	SINE/MIR	392	-	88	133607245	36469
chr9	133570776	133770776	harbor2	chr9	133611084	133611232	SINE/MIR	471	-	74	133611158	40382
chr9	133570776	133770776	harbor2	chr9	133654020	133654102	SINE/MIR	402	-	41	133654061	83285
chr9	133570776	133770776	harbor2	chr9	133654382	133654499	SINE/MIR	419	-	58	133654440	83664
chr9	133570776	133770776	harbor2	chr9	133660245	133660404	SINE/MIR	403	-	80	133660325	89549
chr9	133570776	133770776	harbor2	chr9	133665482	133665630	SINE/MIR	469	-	74	133665556	94780
chr9	134373509	134573509	harbor2	chr9	134406046	134406112	SINE/MIR	444	-	33	134406079	32570
chr9	134373509	134573509	harbor2	chr9	134406422	134406590	SINE/MIR	444	-	84	134406506	32997
chr9	134373509	134573509	harbor2	chr9	134433741	134433934	SINE/MIR	476	-	96	134433837	60328
chr9	84298587	84498587	harbor2	chr9	84317035	84317176	SINE/MIR	435	-	70	84317105	18518
chr9	84298587	84498587	harbor2	chr9	84347284	84347453	SINE/MIR	576	-	84	84347368	48781
chr9	99904739	100104739	harbor2	chr9	99958478	99958662	SINE/MIR	505	-	92	99958570	53831
chr9	99904739	100104739	harbor2	chr9	99965855	99966033	SINE/MIR	494	-	89	99965944	61205
chr9	106073443	106273443	harbor2	chr9	106077094	106077132	SINE/MIR	459	-	19	106077113	3670
chr9	106073443	106273443	harbor2	chr9	106077437	106077598	SINE/MIR	460	-	80	106077517	4074
chr9	106073443	106273443	harbor2	chr9	106078773	106078925	SINE/MIR	479	-	76	106078849	5406
chr9	106073443	106273443	harbor2	chr9	106114892	106115096	SINE/MIR	588	-	102	106114994	41551
chr9	106073443	106273443	harbor2	chr9	106116763	106116972	SINE/MIR	492	-	104	106116867	43424
chr9	106073443	106273443	harbor2	chr9	106131958	106132109	SINE/MIR	392	-	76	106132034	58591
chr9	106073443	106273443	harbor2	chr9	106138869	106139056	SINE/MIR	493	-	94	106138963	65520
chr9	106073443	106273443	harbor2	chr9	106145056	106145307	SINE/MIR	499	-	126	106145182	71739
chr9	106073443	106273443	harbor2	chr9	106145444	106145543	SINE/MIR	404	-	50	106145494	72051
chr9	106073443	106273443	harbor2	chr9	106151159	106151346	SINE/MIR	580	-	94	106151253	77810
chr9	106073443	106273443	harbor2	chr9	106155391	106155599	SINE/MIR	625	-	104	106155495	82052
chr9	106073443	106273443	harbor2	chr9	106156208	106156410	SINE/MIR	470	-	101	106156309	82866
chr9	120533377	120733377	harbor2	chr9	120537493	120537575	SINE/MIR	401	-	41	120537534	4157
chr9	120533377	120733377	harbor2	chr9	120537853	120537962	SINE/MIR	401	-	54	120537907	4530
chr9	120533377	120733377	harbor2	chr9	120563505	120563725	SINE/MIR	476	-	110	120563615	30238
chr9	120533377	120733377	harbor2	chr9	120566594	120566793	SINE/MIR	614	-	100	120566694	33317
chr9	120533377	120733377	harbor2	chr9	120577634	120577844	SINE/MIR	662	-	105	120577739	44362
chr9	120533377	120733377	harbor2	chr9	120579234	120579480	SINE/MIR	755	-	123	120579357	45980
chr9	120533377	120733377	harbor2	chr9	120583074	120583283	SINE/MIR	568	-	104	120583178	49801
chr9	120533377	120733377	harbor2	chr9	120585699	120585848	SINE/MIR	458	-	74	120585773	52396
chr9	120533377	120733377	harbor2	chr9	120586996	120587175	SINE/MIR	512	-	90	120587086	53709
chr9	120533377	120733377	harbor2	chr9	120590781	120590962	SINE/MIR	407	-	90	120590871	57494
chr9	120533377	120733377	harbor2	chr9	120619388	120619547	SINE/MIR	579	-	80	120619468	86091
chr9	134313228	134513228	harbor2	chr9	134324449	134324604	SINE/MIR	527	-	78	134324527	11299
chr9	134313228	134513228	harbor2	chr9	134406046	134406112	SINE/MIR	444	-	33	134406079	92851
chr9	134313228	134513228	harbor2	chr9	134406422	134406590	SINE/MIR	444	-	84	134406506	93278
chr9	86206953	86406953	harbor2	chr9	86211059	86211259	SINE/MIR	526	-	100	86211159	4206
chr9	86206953	86406953	harbor2	chr9	86240051	86240316	SINE/MIR	591	-	132	86240183	33230
chr9	86206953	86406953	harbor2	chr9	86296130	86296355	SINE/MIR	883	-	112	86296242	89289
chr9	86206953	86406953	harbor2	chr9	86297267	86297415	SINE/MIR	600	-	74	86297341	90388
chr9	132809308	133009308	harbor2	chr9	132816415	132816594	SINE/MIR	789	-	90	132816505	7197
chr9	132809308	133009308	harbor2	chr9	132826072	132826289	SINE/MIR	479	-	108	132826180	16872
chr9	132809308	133009308	harbor2	chr9	132827296	132827496	SINE/MIR	535	-	100	132827396	18088
chr9	132809308	133009308	harbor2	chr9	132879517	132879649	SINE/MIR	394	-	66	132879583	70275
chr9	132809308	133009308	harbor2	chr9	132879727	132879919	SINE/MIR	436	-	96	132879823	70515
chr9	132809308	133009308	harbor2	chr9	132903107	132903318	SINE/MIR	569	-	106	132903213	93905
chr9	125877857	126077857	harbor2	chr9	125898558	125898726	SINE/MIR	395	-	84	125898642	20785
chr9	125877857	126077857	harbor2	chr9	125918955	125919104	SINE/MIR	540	-	74	125919029	41172
chr9	125877857	126077857	harbor2	chr9	125942097	125942222	SINE/MIR	408	-	62	125942159	64302
chr9	125877857	126077857	harbor2	chr9	125951584	125951808	SINE/MIR	758	-	112	125951696	73839
chr9	125877857	126077857	harbor2	chr9	125956131	125956313	SINE/MIR	525	-	91	125956222	78365
chr9	125877857	126077857	harbor2	chr9	125967533	125967743	SINE/MIR	488	-	105	125967638	89781
chr9	132175098	132375098	harbor2	chr9	132181659	132181899	SINE/MIR	630	-	120	132181779	6681
chr9	132175098	132375098	harbor2	chr9	132204639	132204780	SINE/MIR	468	-	70	132204709	29611
chr9	132175098	132375098	harbor2	chr9	132217644	132217846	SINE/MIR	562	-	101	132217745	42647
chr9	132175098	132375098	harbor2	chr9	132245568	132245617	SINE/MIR	535	-	24	132245592	70494
chr9	132175098	132375098	harbor2	chr9	132245829	132245995	SINE/MIR	535	-	83	132245912	70814
chr9	120695551	120895551	harbor2	chr9	120711909	120711974	SINE/MIR	903	-	32	120711941	16390
chr9	120695551	120895551	harbor2	chr9	120712284	120712468	SINE/MIR	903	-	92	120712376	16825
chr9	120695551	120895551	harbor2	chr9	120717791	120717895	SINE/MIR	792	-	52	120717843	22292
chr9	120695551	120895551	harbor2	chr9	120718178	120718291	SINE/MIR	792	-	56	120718234	22683
chr9	120695551	120895551	harbor2	chr9	120727409	120727652	SINE/MIR	765	-	122	120727531	31980
chr9	120695551	120895551	harbor2	chr9	120734780	120735010	SINE/MIR	573	-	115	120734895	39344
chr9	120695551	120895551	harbor2	chr9	120741516	120741661	SINE/MIR	472	-	72	120741588	46037
chr9	120695551	120895551	harbor2	chr9	120742298	120742478	SINE/MIR	543	-	90	120742388	46837
chr9	120695551	120895551	harbor2	chr9	120789077	120789242	SINE/MIR	409	-	82	120789159	93608
chr9	120695551	120895551	harbor2	chr9	120793617	120793770	SINE/MIR	402	-	76	120793693	98142
chr9	120695551	120895551	harbor2	chr9	120794142	120794330	SINE/MIR	631	-	94	120794236	98685
chr9	36146755	36346755	harbor2	chr9	36168508	36168610	SINE/MIR	394	-	51	36168559	21804
chr9	36146755	36346755	harbor2	chr9	36190486	36190587	SINE/MIR	440	-	50	36190536	43781
chr9	30103985	30303985	harbor2	chr9	30141601	30141782	SINE/MIR	498	-	90	30141691	37706
chr9	77869414	78069414	harbor2	chr9	77876601	77876812	SINE/MIR	460	-	106	77876707	7293
chr9	77869414	78069414	harbor2	chr9	77895234	77895457	SINE/MIR	581	-	112	77895346	25932
chr9	77869414	78069414	harbor2	chr9	77908510	77908684	SINE/MIR	417	-	87	77908597	39183
chr9	77869414	78069414	harbor2	chr9	77910729	77910946	SINE/MIR	452	-	108	77910837	41423
chr9	123151996	123351996	harbor2	chr9	123166311	123166476	SINE/MIR	450	-	82	123166393	14397
chr9	123151996	123351996	harbor2	chr9	123187009	123187203	SINE/MIR	470	-	97	123187106	35110
chr9	123151996	123351996	harbor2	chr9	123213465	123213642	SINE/MIR	566	-	88	123213553	61557
chr9	123151996	123351996	harbor2	chr9	123216754	123216982	SINE/MIR	524	-	114	123216868	64872
chr9	123151996	123351996	harbor2	chr9	123218851	123219104	SINE/MIR	566	-	126	123218977	66981
chr9	123151996	123351996	harbor2	chr9	123220823	123220948	SINE/MIR	507	-	62	123220885	68889
chr9	123151996	123351996	harbor2	chr9	123239881	123240048	SINE/MIR	442	-	84	123239965	87969
chr9	123151996	123351996	harbor2	chr9	123251285	123251509	SINE/MIR	594	-	112	123251397	99401
chr9	127978353	128178353	harbor2	chr9	127993752	127993998	SINE/MIR	782	-	123	127993875	15522
chr9	127978353	128178353	harbor2	chr9	128014090	128014304	SINE/MIR	711	-	107	128014197	35844
chr9	127978353	128178353	harbor2	chr9	128014610	128014644	SINE/MIR	613	-	17	128014627	36274
chr9	127978353	128178353	harbor2	chr9	128025708	128025849	SINE/MIR	458	-	70	128025778	47425
chr9	127978353	128178353	harbor2	chr9	128064446	128064701	SINE/MIR	671	-	128	128064574	86221
chr9	96116739	96316739	harbor2	chr9	96123198	96123399	SINE/MIR	575	-	100	96123298	6559
chr9	96116739	96316739	harbor2	chr9	96163646	96163862	SINE/MIR	545	-	108	96163754	47015
chr9	62867693	63067693	harbor2	chr9	62955464	62955667	SINE/MIR	512	-	102	62955566	87873
chr9	129067734	129267734	harbor2	chr9	129068735	129068919	SINE/MIR	393	-	92	129068827	1093
chr9	129067734	129267734	harbor2	chr9	129083678	129083863	SINE/MIR	452	-	92	129083770	16036
chr9	129067734	129267734	harbor2	chr9	129086854	129087064	SINE/MIR	673	-	105	129086959	19225
chr9	129067734	129267734	harbor2	chr9	129128059	129128188	SINE/MIR	487	-	64	129128123	60389
chr9	129067734	129267734	harbor2	chr9	129135424	129135592	SINE/MIR	600	-	84	129135508	67774
chr9	129067734	129267734	harbor2	chr9	129137273	129137447	SINE/MIR	437	-	87	129137360	69626
chr9	118902212	119102212	harbor2	chr9	118906378	118906546	SINE/MIR	455	-	84	118906462	4250
chr9	118902212	119102212	harbor2	chr9	118908089	118908315	SINE/MIR	397	-	113	118908202	5990
chr9	118902212	119102212	harbor2	chr9	118931953	118932146	SINE/MIR	653	-	96	118932049	29837
chr9	118902212	119102212	harbor2	chr9	118940354	118940607	SINE/MIR	684	-	126	118940480	38268
chr9	118902212	119102212	harbor2	chr9	118952981	118953100	SINE/MIR	489	-	60	118953041	50829
chr9	118902212	119102212	harbor2	chr9	118953415	118953481	SINE/MIR	489	-	33	118953448	51236
chr9	118902212	119102212	harbor2	chr9	118954128	118954344	SINE/MIR	396	-	108	118954236	52024
chr9	118902212	119102212	harbor2	chr9	118958896	118959048	SINE/MIR	453	-	76	118958972	56760
chr9	118902212	119102212	harbor2	chr9	118966143	118966371	SINE/MIR	653	-	114	118966257	64045
chr9	118902212	119102212	harbor2	chr9	118999651	118999883	SINE/MIR	952	-	116	118999767	97555
chr9	116971445	117171445	harbor2	chr9	116971750	116971970	SINE/MIR	391	-	110	116971860	415
chr9	116971445	117171445	harbor2	chr9	116973331	116973495	SINE/MIR	484	-	82	116973413	1968
chr9	116971445	117171445	harbor2	chr9	116981463	116981639	SINE/MIR	455	-	88	116981551	10106
chr9	116971445	117171445	harbor2	chr9	116986580	116986823	SINE/MIR	625	-	122	116986702	15257
chr9	116971445	117171445	harbor2	chr9	116988511	116988694	SINE/MIR	632	-	92	116988603	17158
chr9	116971445	117171445	harbor2	chr9	116994861	116995111	SINE/MIR	511	-	125	116994986	23541
chr9	116971445	117171445	harbor2	chr9	116995263	116995429	SINE/MIR	425	-	83	116995346	23901
chr9	116971445	117171445	harbor2	chr9	117000107	117000332	SINE/MIR	485	-	112	117000219	28774
chr9	116971445	117171445	harbor2	chr9	117011686	117011843	SINE/MIR	506	-	78	117011764	40319
chr9	116971445	117171445	harbor2	chr9	117018847	117019016	SINE/MIR	565	-	84	117018931	47486
chr9	116971445	117171445	harbor2	chr9	117026860	117027013	SINE/MIR	548	-	76	117026936	55491
chr9	116971445	117171445	harbor2	chr9	117027872	117028058	SINE/MIR	607	-	93	117027965	56520
chr9	116971445	117171445	harbor2	chr9	117028882	117029009	SINE/MIR	394	-	64	117028946	57501
chr9	116971445	117171445	harbor2	chr9	117033366	117033567	SINE/MIR	612	-	100	117033466	62021
chr9	116971445	117171445	harbor2	chr9	117035997	117036227	SINE/MIR	475	-	115	117036112	64667
chr9	116971445	117171445	harbor2	chr9	117037419	117037594	SINE/MIR	534	-	88	117037507	66062
chr9	116971445	117171445	harbor2	chr9	117047897	117048113	SINE/MIR	530	-	108	117048005	76560
chr9	116971445	117171445	harbor2	chr9	117049515	117049635	SINE/MIR	407	-	60	117049575	78130
chr9	116971445	117171445	harbor2	chr9	117051259	117051444	SINE/MIR	406	-	92	117051351	79906
chr9	116971445	117171445	harbor2	chr9	117052685	117052877	SINE/MIR	499	-	96	117052781	81336
chr9	116971445	117171445	harbor2	chr9	117061885	117062098	SINE/MIR	400	-	106	117061991	90546
chr9	124115967	124315967	harbor2	chr9	124127644	124127837	SINE/MIR	435	-	96	124127740	11773
chr9	124115967	124315967	harbor2	chr9	124128918	124129125	SINE/MIR	544	-	104	124129022	13055
chr9	124115967	124315967	harbor2	chr9	124206751	124206922	SINE/MIR	684	-	86	124206837	90870
chr9	124115967	124315967	harbor2	chr9	124211847	124211925	SINE/MIR	538	-	39	124211886	95919
chr9	124115967	124315967	harbor2	chr9	124212228	124212375	SINE/MIR	538	-	74	124212302	96335
chr9	124115967	124315967	harbor2	chr9	124215661	124215782	SINE/MIR	473	-	60	124215721	99754
chr9	97298511	97498511	harbor2	chr9	97317973	97318194	SINE/MIR	666	-	110	97318083	19572
chr9	97298511	97498511	harbor2	chr9	97321346	97321523	SINE/MIR	472	-	88	97321434	22923
chr9	97298511	97498511	harbor2	chr9	97329260	97329399	SINE/MIR	457	-	70	97329330	30819
chr9	97298511	97498511	harbor2	chr9	97334039	97334243	SINE/MIR	414	-	102	97334141	35630
chr9	97298511	97498511	harbor2	chr9	97334286	97334524	SINE/MIR	508	-	119	97334405	35894
chr9	97298511	97498511	harbor2	chr9	97344474	97344692	SINE/MIR	602	-	109	97344583	46072
chr9	97298511	97498511	harbor2	chr9	97355469	97355701	SINE/MIR	679	-	116	97355585	57074
chr9	97298511	97498511	harbor2	chr9	97375962	97376163	SINE/MIR	619	-	100	97376062	77551
chr9	97298511	97498511	harbor2	chr9	97393148	97393309	SINE/MIR	394	-	80	97393228	94717
chr9	75531404	75731404	harbor2	chr9	75577733	75577972	SINE/MIR	496	-	120	75577853	46449
chr9	75531404	75731404	harbor2	chr9	75614003	75614225	SINE/MIR	664	-	111	75614114	82710
chr9	80142132	80342132	harbor2	chr9	80152800	80152961	SINE/MIR	475	-	80	80152880	10748
chr9	80142132	80342132	harbor2	chr9	80187083	80187324	SINE/MIR	392	-	120	80187203	45071
chr9	80142132	80342132	harbor2	chr9	80206541	80206786	SINE/MIR	715	-	122	80206663	64531
chr9	109903026	110103026	harbor2	chr9	109973671	109973843	SINE/MIR	520	-	86	109973757	70731
chr9	109903026	110103026	harbor2	chr9	109976213	109976412	SINE/MIR	844	-	100	109976313	73287
chr9	109903026	110103026	harbor2	chr9	109976666	109976878	SINE/MIR	982	-	106	109976772	73746
chr9	116899007	117099007	harbor2	chr9	116906985	116907180	SINE/MIR	448	-	98	116907083	8076
chr9	116899007	117099007	harbor2	chr9	116916359	116916546	SINE/MIR	448	-	94	116916453	17446
chr9	116899007	117099007	harbor2	chr9	116920769	116920893	SINE/MIR	534	-	62	116920831	21824
chr9	116899007	117099007	harbor2	chr9	116926626	116926839	SINE/MIR	510	-	106	116926732	27725
chr9	116899007	117099007	harbor2	chr9	116928833	116929004	SINE/MIR	489	-	86	116928919	29912
chr9	116899007	117099007	harbor2	chr9	116935815	116936052	SINE/MIR	780	-	118	116935933	36926
chr9	116899007	117099007	harbor2	chr9	116944008	116944264	SINE/MIR	1020	-	128	116944136	45129
chr9	116899007	117099007	harbor2	chr9	116953206	116953351	SINE/MIR	563	-	72	116953278	54271
chr9	116899007	117099007	harbor2	chr9	116953673	116953900	SINE/MIR	433	-	114	116953787	54780
chr9	116899007	117099007	harbor2	chr9	116954071	116954302	SINE/MIR	566	-	116	116954187	55180
chr9	116899007	117099007	harbor2	chr9	116961897	116962080	SINE/MIR	486	-	92	116961989	62982
chr9	116899007	117099007	harbor2	chr9	116967186	116967385	SINE/MIR	619	-	100	116967286	68279
chr9	116899007	117099007	harbor2	chr9	116971750	116971970	SINE/MIR	391	-	110	116971860	72853
chr9	116899007	117099007	harbor2	chr9	116973331	116973495	SINE/MIR	484	-	82	116973413	74406
chr9	116899007	117099007	harbor2	chr9	116981463	116981639	SINE/MIR	455	-	88	116981551	82544
chr9	116899007	117099007	harbor2	chr9	116986580	116986823	SINE/MIR	625	-	122	116986702	87695
chr9	116899007	117099007	harbor2	chr9	116988511	116988694	SINE/MIR	632	-	92	116988603	89596
chr9	116899007	117099007	harbor2	chr9	116994861	116995111	SINE/MIR	511	-	125	116994986	95979
chr9	116899007	117099007	harbor2	chr9	116995263	116995429	SINE/MIR	425	-	83	116995346	96339
chr9	82638776	82838776	harbor2	chr9	82708172	82708394	SINE/MIR	758	-	111	82708283	69507
chr9	82638776	82838776	harbor2	chr9	82715159	82715322	SINE/MIR	496	-	82	82715241	76465
chr9	136668599	136868599	harbor2	chr9	136681931	136682123	SINE/MIR	596	-	96	136682027	13428
chr9	28172524	28372524	harbor2	chr9	28176559	28176727	SINE/MIR	539	-	84	28176643	4119
chr9	28172524	28372524	harbor2	chr9	28194308	28194526	SINE/MIR	697	-	109	28194417	21893
chr9	28172524	28372524	harbor2	chr9	28270755	28270975	SINE/MIR	580	-	110	28270865	98341
chr9	106818348	107018348	harbor2	chr9	106818411	106818639	SINE/MIR	678	-	114	106818525	177
chr9	106818348	107018348	harbor2	chr9	106854212	106854407	SINE/MIR	471	-	98	106854310	35962
chr9	106818348	107018348	harbor2	chr9	106868613	106868782	SINE/MIR	534	-	84	106868697	50349
chr9	106818348	107018348	harbor2	chr9	106893722	106893888	SINE/MIR	473	-	83	106893805	75457
chr9	106818348	107018348	harbor2	chr9	106893993	106894216	SINE/MIR	621	-	112	106894105	75757
chr9	106818348	107018348	harbor2	chr9	106898963	106899165	SINE/MIR	625	-	101	106899064	80716
chr9	120473271	120673271	harbor2	chr9	120475029	120475260	SINE/MIR	435	-	116	120475145	1874
chr9	120473271	120673271	harbor2	chr9	120481064	120481268	SINE/MIR	542	-	102	120481166	7895
chr9	120473271	120673271	harbor2	chr9	120482033	120482149	SINE/MIR	408	-	58	120482091	8820
chr9	120473271	120673271	harbor2	chr9	120483622	120483782	SINE/MIR	517	-	80	120483702	10431
chr9	120473271	120673271	harbor2	chr9	120502870	120503111	SINE/MIR	603	-	120	120502990	29719
chr9	120473271	120673271	harbor2	chr9	120507312	120507441	SINE/MIR	450	-	64	120507376	34105
chr9	120473271	120673271	harbor2	chr9	120509663	120509884	SINE/MIR	401	-	110	120509773	36502
chr9	120473271	120673271	harbor2	chr9	120537493	120537575	SINE/MIR	401	-	41	120537534	64263
chr9	120473271	120673271	harbor2	chr9	120537853	120537962	SINE/MIR	401	-	54	120537907	64636
chr9	120473271	120673271	harbor2	chr9	120563505	120563725	SINE/MIR	476	-	110	120563615	90344
chr9	120473271	120673271	harbor2	chr9	120566594	120566793	SINE/MIR	614	-	100	120566694	93423
chr9	68911145	69111145	harbor2	chr9	68912509	68912746	SINE/MIR	604	-	118	68912627	1482
chr9	68911145	69111145	harbor2	chr9	68915017	68915188	SINE/MIR	748	-	86	68915103	3958
chr9	68911145	69111145	harbor2	chr9	68945587	68945768	SINE/MIR	538	-	90	68945677	34532
chr9	68911145	69111145	harbor2	chr9	68970026	68970159	SINE/MIR	415	-	66	68970092	58947
chr9	68911145	69111145	harbor2	chr9	68984086	68984274	SINE/MIR	599	-	94	68984180	73035
chr9	102137962	102337962	harbor2	chr9	102161936	102162182	SINE/MIR	741	-	123	102162059	24097
chr9	102137962	102337962	harbor2	chr9	102182955	102183150	SINE/MIR	548	-	98	102183053	45091
chr9	102137962	102337962	harbor2	chr9	102229262	102229433	SINE/MIR	474	-	86	102229348	91386
chr9	120814186	121014186	harbor2	chr9	120826940	120827177	SINE/MIR	440	-	118	120827058	12872
chr9	120814186	121014186	harbor2	chr9	120827920	120827999	SINE/MIR	466	-	40	120827960	13774
chr9	120814186	121014186	harbor2	chr9	120828300	120828440	SINE/MIR	466	-	70	120828370	14184
chr9	120814186	121014186	harbor2	chr9	120828726	120828761	SINE/MIR	466	-	18	120828744	14558
chr9	120814186	121014186	harbor2	chr9	120850827	120851053	SINE/MIR	550	-	113	120850940	36754
chr9	120814186	121014186	harbor2	chr9	120867071	120867300	SINE/MIR	449	-	114	120867185	52999
chr9	120814186	121014186	harbor2	chr9	120870612	120870837	SINE/MIR	664	-	112	120870724	56538
chr9	120814186	121014186	harbor2	chr9	120872962	120873164	SINE/MIR	674	-	101	120873063	58877
chr9	120814186	121014186	harbor2	chr9	120874846	120874962	SINE/MIR	395	-	58	120874904	60718
chr9	120814186	121014186	harbor2	chr9	120895033	120895183	SINE/MIR	519	-	75	120895108	80922
chr9	120814186	121014186	harbor2	chr9	120896214	120896353	SINE/MIR	417	-	70	120896284	82098
chr9	120814186	121014186	harbor2	chr9	120909058	120909198	SINE/MIR	428	-	70	120909128	94942
chr9	132351991	132551991	harbor2	chr9	132376273	132376453	SINE/MIR	538	-	90	132376363	24372
chr9	132351991	132551991	harbor2	chr9	132379465	132379684	SINE/MIR	655	-	110	132379575	27584
chr9	132351991	132551991	harbor2	chr9	132423433	132423623	SINE/MIR	724	-	95	132423528	71537
chr9	132351991	132551991	harbor2	chr9	132440371	132440625	SINE/MIR	716	-	127	132440498	88507
chr9	132351991	132551991	harbor2	chr9	132450479	132450673	SINE/MIR	595	-	97	132450576	98585
chr9	131670337	131870337	harbor2	chr9	131696883	131697060	SINE/MIR	541	-	88	131696971	26634
chr9	131670337	131870337	harbor2	chr9	131703443	131703657	SINE/MIR	836	-	107	131703550	33213
chr9	131670337	131870337	harbor2	chr9	131703994	131704183	SINE/MIR	530	-	94	131704088	33751
chr9	131670337	131870337	harbor2	chr9	131719610	131719847	SINE/MIR	446	-	118	131719728	49391
chr9	131670337	131870337	harbor2	chr9	131728806	131729070	SINE/MIR	565	-	132	131728938	58601
chr9	109179900	109379900	harbor2	chr9	109198330	109198531	SINE/MIR	551	-	100	109198430	18530
chr9	109179900	109379900	harbor2	chr9	109205731	109205939	SINE/MIR	720	-	104	109205835	25935
chr9	109179900	109379900	harbor2	chr9	109209696	109209949	SINE/MIR	659	-	126	109209822	29922
chr9	109179900	109379900	harbor2	chr9	109230120	109230315	SINE/MIR	671	-	98	109230218	50318
chr9	109179900	109379900	harbor2	chr9	109263662	109263905	SINE/MIR	451	-	122	109263784	83884
chr9	109179900	109379900	harbor2	chr9	109276925	109277089	SINE/MIR	409	-	82	109277007	97107
chr9	109179900	109379900	harbor2	chr9	109248292	109248546	SINE/MIR	578	-	127	109248419	68519
chr9	131032401	131232401	harbor2	chr9	131046004	131046139	SINE/MIR	424	-	68	131046072	13671
chr9	131032401	131232401	harbor2	chr9	131060688	131060909	SINE/MIR	694	-	110	131060798	28397
chr9	131032401	131232401	harbor2	chr9	131066631	131066856	SINE/MIR	796	-	112	131066743	34342
chr9	131032401	131232401	harbor2	chr9	131074786	131074913	SINE/MIR	461	-	64	131074850	42449
chr9	131032401	131232401	harbor2	chr9	131089793	131089964	SINE/MIR	420	-	86	131089879	57478
chr9	131032401	131232401	harbor2	chr9	131090096	131090191	SINE/MIR	420	-	48	131090144	57743
chr9	131032401	131232401	harbor2	chr9	131100339	131100498	SINE/MIR	441	-	80	131100419	68018
chr9	131032401	131232401	harbor2	chr9	131101314	131101355	SINE/MIR	575	-	20	131101334	68933
chr9	131032401	131232401	harbor2	chr9	131101645	131101756	SINE/MIR	575	-	56	131101701	69300
chr9	131032401	131232401	harbor2	chr9	131103672	131103858	SINE/MIR	426	-	93	131103765	71364
chr9	131032401	131232401	harbor2	chr9	131128802	131129013	SINE/MIR	686	-	106	131128908	96507
chr9	123445329	123645329	harbor2	chr9	123445900	123446108	SINE/MIR	522	-	104	123446004	675
chr9	123445329	123645329	harbor2	chr9	123456862	123457101	SINE/MIR	490	-	120	123456982	11653
chr9	123445329	123645329	harbor2	chr9	123476690	123476887	SINE/MIR	651	-	98	123476788	31459
chr9	123445329	123645329	harbor2	chr9	123498203	123498392	SINE/MIR	438	-	94	123498297	52968
chr9	123445329	123645329	harbor2	chr9	123499476	123499690	SINE/MIR	582	-	107	123499583	54254
chr9	123445329	123645329	harbor2	chr9	123506642	123506806	SINE/MIR	535	-	82	123506724	61395
chr9	123445329	123645329	harbor2	chr9	123510432	123510631	SINE/MIR	439	-	100	123510532	65203
chr9	123445329	123645329	harbor2	chr9	123525010	123525174	SINE/MIR	412	-	82	123525092	79763
chr9	123445329	123645329	harbor2	chr9	123540190	123540399	SINE/MIR	684	-	104	123540294	94965
chr9	123445329	123645329	harbor2	chr9	123541777	123541918	SINE/MIR	417	-	70	123541847	96518
chr9	123445329	123645329	harbor2	chr9	123542287	123542421	SINE/MIR	392	-	67	123542354	97025
chr9	123445329	123645329	harbor2	chr9	123469710	123469931	SINE/MIR	813	-	110	123469820	24491
chr9	98115336	98315336	harbor2	chr9	98125294	98125516	SINE/MIR	425	-	111	98125405	10069
chr9	98115336	98315336	harbor2	chr9	98128307	98128461	SINE/MIR	418	-	77	98128384	13048
chr9	98115336	98315336	harbor2	chr9	98134098	98134281	SINE/MIR	443	-	92	98134190	18854
chr9	98115336	98315336	harbor2	chr9	98144221	98144442	SINE/MIR	423	-	110	98144331	28995
chr9	98115336	98315336	harbor2	chr9	98157280	98157416	SINE/MIR	570	-	68	98157348	42012
chr9	98115336	98315336	harbor2	chr9	98168404	98168579	SINE/MIR	646	-	88	98168492	53156
chr9	98115336	98315336	harbor2	chr9	98178824	98178978	SINE/MIR	498	-	77	98178901	63565
chr9	98115336	98315336	harbor2	chr9	98184912	98185068	SINE/MIR	632	-	78	98184990	69654
chr9	98115336	98315336	harbor2	chr9	98189576	98189764	SINE/MIR	539	-	94	98189670	74334
chr9	98115336	98315336	harbor2	chr9	98193302	98193483	SINE/MIR	594	-	90	98193392	78056
chr9	98115336	98315336	harbor2	chr9	98205042	98205202	SINE/MIR	523	-	80	98205122	89786
chr9	113409679	113609679	harbor2	chr9	113413094	113413280	SINE/MIR	514	-	93	113413187	3508
chr9	113409679	113609679	harbor2	chr9	113423661	113423782	SINE/MIR	409	-	60	113423721	14042
chr9	113409679	113609679	harbor2	chr9	113431194	113431369	SINE/MIR	393	-	88	113431282	21603
chr9	113409679	113609679	harbor2	chr9	113482250	113482503	SINE/MIR	418	-	126	113482376	72697
chr9	113409679	113609679	harbor2	chr9	113487028	113487097	SINE/MIR	702	-	34	113487062	77383
chr9	113409679	113609679	harbor2	chr9	113487411	113487592	SINE/MIR	752	-	90	113487501	77822
chr9	113409679	113609679	harbor2	chr9	113489009	113489181	SINE/MIR	635	-	86	113489095	79416
chr9	113409679	113609679	harbor2	chr9	113489170	113489421	SINE/MIR	816	-	126	113489296	79617
chr9	102725256	102925256	harbor2	chr9	102737074	102737268	SINE/MIR	409	-	97	102737171	11915
chr9	79309932	79509932	harbor2	chr9	79311243	79311415	SINE/MIR	460	-	86	79311329	1397
chr9	79309932	79509932	harbor2	chr9	79331393	79331584	SINE/MIR	473	-	96	79331489	21557
chr9	79309932	79509932	harbor2	chr9	79341204	79341381	SINE/MIR	456	-	88	79341292	31360
chr9	79309932	79509932	harbor2	chr9	79387913	79388113	SINE/MIR	688	-	100	79388013	78081
chr9	79309932	79509932	harbor2	chr9	79389281	79389416	SINE/MIR	590	-	68	79389349	79417
chr9	79309932	79509932	harbor2	chr9	79389445	79389628	SINE/MIR	490	-	92	79389537	79605
chr9	79309932	79509932	harbor2	chr9	79409168	79409287	SINE/MIR	519	-	60	79409228	99296
chr9	94689313	94889313	harbor2	chr9	94702094	94702237	SINE/MIR	424	-	72	94702166	12853
chr9	94689313	94889313	harbor2	chr9	94727835	94728050	SINE/MIR	769	-	108	94727943	38630
chr9	94689313	94889313	harbor2	chr9	94786159	94786374	SINE/MIR	592	-	108	94786267	96954
chr9	78644620	78844620	harbor2	chr9	78665060	78665222	SINE/MIR	480	-	81	78665141	20521
chr9	78644620	78844620	harbor2	chr9	78721105	78721262	SINE/MIR	541	-	78	78721183	76563
chr9	72680664	72880664	harbor2	chr9	72720067	72720216	SINE/MIR	470	-	74	72720141	39477
chr9	72680664	72880664	harbor2	chr9	72722072	72722293	SINE/MIR	434	-	110	72722182	41518
chr9	72680664	72880664	harbor2	chr9	72732939	72733048	SINE/MIR	423	-	54	72732993	52329
chr9	72680664	72880664	harbor2	chr9	72734281	72734415	SINE/MIR	520	-	67	72734348	53684
chr9	72680664	72880664	harbor2	chr9	72740661	72740781	SINE/MIR	400	-	60	72740721	60057
chr9	127856450	128056450	harbor2	chr9	127856897	127857028	SINE/MIR	457	-	66	127856963	513
chr9	127856450	128056450	harbor2	chr9	127871461	127871643	SINE/MIR	421	-	91	127871552	15102
chr9	127856450	128056450	harbor2	chr9	127898571	127898766	SINE/MIR	395	-	98	127898669	42219
chr9	127856450	128056450	harbor2	chr9	127904085	127904203	SINE/MIR	417	-	59	127904144	47694
chr9	127856450	128056450	harbor2	chr9	127925286	127925457	SINE/MIR	443	-	86	127925372	68922
chr9	127856450	128056450	harbor2	chr9	127925764	127925777	SINE/MIR	443	-	6	127925770	69320
chr9	127856450	128056450	harbor2	chr9	127929364	127929564	SINE/MIR	430	-	100	127929464	73014
chr9	127856450	128056450	harbor2	chr9	127949003	127949033	SINE/MIR	399	-	15	127949018	92568
chr9	127856450	128056450	harbor2	chr9	127949337	127949529	SINE/MIR	399	-	96	127949433	92983
chr9	127856450	128056450	harbor2	chr9	127955244	127955443	SINE/MIR	461	-	100	127955344	98894
chr9	104899122	105099122	harbor2	chr9	104974498	104974731	SINE/MIR	642	-	116	104974614	75492
chr9	104899122	105099122	harbor2	chr9	104983642	104983754	SINE/MIR	409	-	56	104983698	84576
chr9	104899122	105099122	harbor2	chr9	104985485	104985624	SINE/MIR	427	-	70	104985555	86433
chr9	104899122	105099122	harbor2	chr9	104992307	104992426	SINE/MIR	416	-	60	104992367	93245
chr9	104899122	105099122	harbor2	chr9	104993918	104994121	SINE/MIR	416	-	102	104994020	94898
chr9	104899122	105099122	harbor2	chr9	104988485	104988693	SINE/MIR	638	-	104	104988589	89467
chr9	107770114	107970114	harbor2	chr9	107771870	107772090	SINE/MIR	744	-	110	107771980	1866
chr9	107770114	107970114	harbor2	chr9	107781957	107782106	SINE/MIR	446	-	74	107782031	11917
chr9	107770114	107970114	harbor2	chr9	107801590	107801786	SINE/MIR	609	-	98	107801688	31574
chr9	107770114	107970114	harbor2	chr9	107814577	107814724	SINE/MIR	449	-	74	107814651	44537
chr9	107770114	107970114	harbor2	chr9	107827913	107828114	SINE/MIR	476	-	100	107828013	57899
chr9	107770114	107970114	harbor2	chr9	107835014	107835230	SINE/MIR	464	-	108	107835122	65008
chr9	107770114	107970114	harbor2	chr9	107846557	107846784	SINE/MIR	461	-	114	107846671	76557
chr9	119425434	119625434	harbor2	chr9	119437230	119437416	SINE/MIR	594	-	93	119437323	11889
chr9	119425434	119625434	harbor2	chr9	119442162	119442412	SINE/MIR	530	-	125	119442287	16853
chr9	119425434	119625434	harbor2	chr9	119443478	119443728	SINE/MIR	556	-	125	119443603	18169
chr9	119425434	119625434	harbor2	chr9	119444930	119445142	SINE/MIR	829	-	106	119445036	19602
chr9	119425434	119625434	harbor2	chr9	119451525	119451682	SINE/MIR	495	-	78	119451603	26169
chr9	119425434	119625434	harbor2	chr9	119485975	119486143	SINE/MIR	444	-	84	119486059	60625
chr9	119425434	119625434	harbor2	chr9	119508296	119508539	SINE/MIR	573	-	122	119508418	82984
chr9	119425434	119625434	harbor2	chr9	119519940	119520141	SINE/MIR	442	-	100	119520040	94606
chr9	119425434	119625434	harbor2	chr9	119439278	119439543	SINE/MIR	776	-	132	119439410	13976
chr9	129855447	130055447	harbor2	chr9	129863365	129863555	SINE/MIR	499	-	95	129863460	8013
chr9	129855447	130055447	harbor2	chr9	129865504	129865653	SINE/MIR	407	-	74	129865578	10131
chr9	129855447	130055447	harbor2	chr9	129866348	129866554	SINE/MIR	410	-	103	129866451	11004
chr9	105087336	105287336	harbor2	chr9	105120307	105120453	SINE/MIR	417	-	73	105120380	33044
chr9	105087336	105287336	harbor2	chr9	105127647	105127874	SINE/MIR	498	-	114	105127761	40425
chr9	105087336	105287336	harbor2	chr9	105131092	105131348	SINE/MIR	1013	-	128	105131220	43884
chr9	105087336	105287336	harbor2	chr9	105145202	105145294	SINE/MIR	402	-	46	105145248	57912
chr9	105087336	105287336	harbor2	chr9	105147693	105147912	SINE/MIR	644	-	110	105147803	60467
chr9	105087336	105287336	harbor2	chr9	105153743	105153866	SINE/MIR	545	-	62	105153805	66469
chr9	105087336	105287336	harbor2	chr9	105164469	105164714	SINE/MIR	641	-	122	105164591	77255
chr9	105087336	105287336	harbor2	chr9	105168792	105169016	SINE/MIR	543	-	112	105168904	81568
chr9	78695848	78895848	harbor2	chr9	78721105	78721262	SINE/MIR	541	-	78	78721183	25335
chr9	78695848	78895848	harbor2	chr9	78780383	78780537	SINE/MIR	435	-	77	78780460	84612
chr9	102570403	102770403	harbor2	chr9	102588625	102588829	SINE/MIR	550	-	102	102588727	18324
chr9	102570403	102770403	harbor2	chr9	102589002	102589196	SINE/MIR	662	-	97	102589099	18696
chr9	74197115	74397115	harbor2	chr9	74272387	74272566	SINE/MIR	779	-	90	74272477	75362
chr9	74197115	74397115	harbor2	chr9	74281675	74281791	SINE/MIR	438	-	58	74281733	84618
chr9	74197115	74397115	harbor2	chr9	74295003	74295096	SINE/MIR	432	-	46	74295049	97934
chr9	91505643	91705643	harbor2	chr9	91533550	91533785	SINE/MIR	904	-	118	91533668	28025
chr9	93652092	93852092	harbor2	chr9	93667669	93667791	SINE/MIR	444	-	61	93667730	15638
chr9	88186376	88386376	harbor2	chr9	88228140	88228337	SINE/MIR	452	-	98	88228238	41862
chr9	36438385	36638385	harbor2	chr9	36511231	36511363	SINE/MIR	520	-	66	36511297	72912
chr9	105749179	105949179	harbor2	chr9	105758223	105758340	SINE/MIR	447	-	58	105758281	9102
chr9	112453345	112653345	harbor2	chr9	112461624	112461805	SINE/MIR	444	-	90	112461714	8369
chr9	112453345	112653345	harbor2	chr9	112538787	112538882	SINE/MIR	505	-	48	112538835	85490
chr9	99166838	99366838	harbor2	chr9	99173630	99173864	SINE/MIR	631	-	117	99173747	6909
chr9	99166838	99366838	harbor2	chr9	99183428	99183647	SINE/MIR	588	-	110	99183538	16700
chr9	99166838	99366838	harbor2	chr9	99228705	99228922	SINE/MIR	570	-	108	99228813	61975
chr9	99166838	99366838	harbor2	chr9	99241461	99241631	SINE/MIR	548	-	85	99241546	74708
chr9	99166838	99366838	harbor2	chr9	99255698	99255890	SINE/MIR	663	-	96	99255794	88956
chr9	99166838	99366838	harbor2	chr9	99265839	99266069	SINE/MIR	639	-	115	99265954	99116
chr9	84683411	84883411	harbor2	chr9	84693684	84693800	SINE/MIR	495	-	58	84693742	10331
chr9	84683411	84883411	harbor2	chr9	84749606	84749844	SINE/MIR	603	-	119	84749725	66314
chr9	84683411	84883411	harbor2	chr9	84765428	84765604	SINE/MIR	460	-	88	84765516	82105
chr9	84683411	84883411	harbor2	chr9	84773820	84773973	SINE/MIR	529	-	76	84773896	90485
chr9	84683411	84883411	harbor2	chr9	84774389	84774576	SINE/MIR	423	-	94	84774483	91072
chr9	84683411	84883411	harbor2	chr9	84770776	84770916	SINE/MIR	429	-	70	84770846	87435
chr9	82962441	83162441	harbor2	chr9	82962841	82963034	SINE/MIR	457	-	96	82962937	496
chr9	82962441	83162441	harbor2	chr9	82966735	82966916	SINE/MIR	516	-	90	82966825	4384
chr9	82962441	83162441	harbor2	chr9	82978704	82978938	SINE/MIR	839	-	117	82978821	16380
chr9	82962441	83162441	harbor2	chr9	82982915	82983096	SINE/MIR	562	-	90	82983005	20564
chr9	82962441	83162441	harbor2	chr9	82987736	82987909	SINE/MIR	529	-	86	82987822	25381
chr9	82962441	83162441	harbor2	chr9	83021161	83021374	SINE/MIR	573	-	106	83021267	58826
chr9	82962441	83162441	harbor2	chr9	83025270	83025463	SINE/MIR	406	-	96	83025366	62925
chr9	82962441	83162441	harbor2	chr9	83031377	83031575	SINE/MIR	578	-	99	83031476	69035
chr9	79354958	79554958	harbor2	chr9	79387913	79388113	SINE/MIR	688	-	100	79388013	33055
chr9	79354958	79554958	harbor2	chr9	79389281	79389416	SINE/MIR	590	-	68	79389349	34391
chr9	79354958	79554958	harbor2	chr9	79389445	79389628	SINE/MIR	490	-	92	79389537	34579
chr9	79354958	79554958	harbor2	chr9	79409168	79409287	SINE/MIR	519	-	60	79409228	54270
chr9	105556173	105756173	harbor2	chr9	105583178	105583386	SINE/MIR	522	-	104	105583282	27109
chr9	105556173	105756173	harbor2	chr9	105620436	105620535	SINE/MIR	482	-	50	105620486	64313
chr9	105556173	105756173	harbor2	chr9	105622457	105622699	SINE/MIR	588	-	121	105622578	66405
chr9	105556173	105756173	harbor2	chr9	105623227	105623374	SINE/MIR	573	-	74	105623301	67128
chr9	105556173	105756173	harbor2	chr9	105648491	105648733	SINE/MIR	575	-	121	105648612	92439
chr9	105556173	105756173	harbor2	chr9	105654446	105654649	SINE/MIR	609	-	102	105654548	98375
chr9	130234003	130434003	harbor2	chr9	130243311	130243475	SINE/MIR	404	-	82	130243393	9390
chr9	130234003	130434003	harbor2	chr9	130244147	130244247	SINE/MIR	481	-	50	130244197	10194
chr9	130234003	130434003	harbor2	chr9	130282221	130282467	SINE/MIR	477	-	123	130282344	48341
chr9	130234003	130434003	harbor2	chr9	130311966	130312215	SINE/MIR	861	-	124	130312090	78087
chr9	130453428	130653428	harbor2	chr9	130475373	130475465	SINE/MIR	474	-	46	130475419	21991
chr9	130453428	130653428	harbor2	chr9	130493310	130493430	SINE/MIR	403	-	60	130493370	39942
chr9	130453428	130653428	harbor2	chr9	130502325	130502554	SINE/MIR	690	-	114	130502439	49011
chr9	130453428	130653428	harbor2	chr9	130524536	130524722	SINE/MIR	483	-	93	130524629	71201
chr9	130453428	130653428	harbor2	chr9	130538964	130539188	SINE/MIR	396	-	112	130539076	85648
chr9	130453428	130653428	harbor2	chr9	130548345	130548549	SINE/MIR	728	-	102	130548447	95019
chr9	130920616	131120616	harbor2	chr9	130931683	130931807	SINE/MIR	434	-	62	130931745	11129
chr9	130920616	131120616	harbor2	chr9	130936056	130936248	SINE/MIR	625	-	96	130936152	15536
chr9	130920616	131120616	harbor2	chr9	130942742	130942934	SINE/MIR	671	-	96	130942838	22222
chr9	130920616	131120616	harbor2	chr9	130943231	130943308	SINE/MIR	671	-	38	130943269	22653
chr9	130920616	131120616	harbor2	chr9	130976206	130976389	SINE/MIR	600	-	92	130976298	55682
chr9	130920616	131120616	harbor2	chr9	130985103	130985226	SINE/MIR	418	-	62	130985165	64549
chr9	130920616	131120616	harbor2	chr9	130993595	130993729	SINE/MIR	474	-	67	130993662	73046
chr9	132666176	132866176	harbor2	chr9	132667845	132668071	SINE/MIR	872	-	113	132667958	1782
chr9	132666176	132866176	harbor2	chr9	132675083	132675293	SINE/MIR	601	-	105	132675188	9012
chr9	132666176	132866176	harbor2	chr9	132688687	132688814	SINE/MIR	417	-	64	132688751	22575
chr9	132666176	132866176	harbor2	chr9	132725257	132725499	SINE/MIR	454	-	121	132725378	59202
chr9	132666176	132866176	harbor2	chr9	132740209	132740434	SINE/MIR	648	-	112	132740321	74145
chr9	132666176	132866176	harbor2	chr9	132742819	132742994	SINE/MIR	440	-	88	132742907	76731
chr9	132666176	132866176	harbor2	chr9	132743701	132743857	SINE/MIR	463	-	78	132743779	77603
chr9	132666176	132866176	harbor2	chr9	132749198	132749404	SINE/MIR	393	-	103	132749301	83125
chr9	132563497	132763497	harbor2	chr9	132596540	132596702	SINE/MIR	541	-	81	132596621	33124
chr9	132563497	132763497	harbor2	chr9	132599164	132599325	SINE/MIR	663	-	80	132599244	35747
chr9	132563497	132763497	harbor2	chr9	132606563	132606753	SINE/MIR	453	-	95	132606658	43161
chr9	132563497	132763497	harbor2	chr9	132633001	132633210	SINE/MIR	652	-	104	132633105	69608
chr9	132563497	132763497	harbor2	chr9	132643527	132643753	SINE/MIR	804	-	113	132643640	80143
chr9	132563497	132763497	harbor2	chr9	132644322	132644526	SINE/MIR	751	-	102	132644424	80927
chr9	126922145	127122145	harbor2	chr9	126939477	126939704	SINE/MIR	567	-	114	126939591	17446
chr9	126922145	127122145	harbor2	chr9	126941935	126942113	SINE/MIR	442	-	89	126942024	19879
chr9	126922145	127122145	harbor2	chr9	126963586	126963826	SINE/MIR	802	-	120	126963706	41561
chr9	126922145	127122145	harbor2	chr9	126964439	126964649	SINE/MIR	481	-	105	126964544	42399
chr9	126922145	127122145	harbor2	chr9	126968477	126968695	SINE/MIR	656	-	109	126968586	46441
chr9	126922145	127122145	harbor2	chr9	126976475	126976694	SINE/MIR	412	-	110	126976585	54440
chr9	126922145	127122145	harbor2	chr9	126981583	126981751	SINE/MIR	496	-	84	126981667	59522
chr9	126922145	127122145	harbor2	chr9	126982271	126982313	SINE/MIR	496	-	21	126982292	60147
chr9	126922145	127122145	harbor2	chr9	127006565	127006783	SINE/MIR	875	-	109	127006674	84529
chr9	126922145	127122145	harbor2	chr9	127016346	127016510	SINE/MIR	395	-	82	127016428	94283
chr9	119545959	119745959	harbor2	chr9	119548091	119548332	SINE/MIR	708	-	120	119548211	2252
chr9	119545959	119745959	harbor2	chr9	119559563	119559787	SINE/MIR	470	-	112	119559675	13716
chr9	119545959	119745959	harbor2	chr9	119565676	119565897	SINE/MIR	477	-	110	119565786	19827
chr9	119545959	119745959	harbor2	chr9	119567099	119567257	SINE/MIR	399	-	79	119567178	21219
chr9	119545959	119745959	harbor2	chr9	119568811	119569012	SINE/MIR	524	-	100	119568911	22952
chr9	119545959	119745959	harbor2	chr9	119576903	119577098	SINE/MIR	566	-	98	119577001	31042
chr9	119545959	119745959	harbor2	chr9	119578391	119578651	SINE/MIR	501	-	130	119578521	32562
chr9	119545959	119745959	harbor2	chr9	119596452	119596574	SINE/MIR	473	-	61	119596513	50554
chr9	119545959	119745959	harbor2	chr9	119597100	119597204	SINE/MIR	473	-	52	119597152	51193
chr9	119545959	119745959	harbor2	chr9	119597895	119598130	SINE/MIR	559	-	118	119598013	52054
chr9	119545959	119745959	harbor2	chr9	119602236	119602466	SINE/MIR	871	-	115	119602351	56392
chr9	119545959	119745959	harbor2	chr9	119603899	119604115	SINE/MIR	431	-	108	119604007	58048
chr9	119545959	119745959	harbor2	chr9	119617852	119618096	SINE/MIR	569	-	122	119617974	72015
chr9	119545959	119745959	harbor2	chr9	119635103	119635319	SINE/MIR	551	-	108	119635211	89252
chr9	119545959	119745959	harbor2	chr9	119638808	119639033	SINE/MIR	691	-	112	119638920	92961
chr9	119545959	119745959	harbor2	chr9	119603149	119603329	SINE/MIR	463	-	90	119603239	57280
chr9	110955803	111155803	harbor2	chr9	110975394	110975554	SINE/MIR	430	-	80	110975474	19671
chr9	110955803	111155803	harbor2	chr9	110968821	110969044	SINE/MIR	519	-	112	110968933	13130
chr9	75901308	76101308	harbor2	chr9	75955897	75956067	SINE/MIR	485	-	85	75955982	54674
chr9	75901308	76101308	harbor2	chr9	75956232	75956470	SINE/MIR	526	-	119	75956351	55043
chr9	75901308	76101308	harbor2	chr9	75990996	75991189	SINE/MIR	550	-	96	75991092	89784
chr9	134936939	135136939	harbor2	chr9	134963101	134963200	SINE/MIR	403	-	50	134963151	26212
chr9	134936939	135136939	harbor2	chr9	135022123	135022235	SINE/MIR	397	-	56	135022179	85240
chr9	127458378	127658378	harbor2	chr9	127461905	127462103	SINE/MIR	470	-	99	127462004	3626
chr9	127458378	127658378	harbor2	chr9	127463855	127464022	SINE/MIR	556	-	84	127463939	5561
chr9	127458378	127658378	harbor2	chr9	127480595	127480683	SINE/MIR	391	-	44	127480639	22261
chr9	127458378	127658378	harbor2	chr9	127480978	127481105	SINE/MIR	391	-	64	127481042	22664
chr9	127458378	127658378	harbor2	chr9	127486049	127486271	SINE/MIR	502	-	111	127486160	27782
chr9	127458378	127658378	harbor2	chr9	127496529	127496755	SINE/MIR	627	-	113	127496642	38264
chr9	127458378	127658378	harbor2	chr9	127497811	127498020	SINE/MIR	428	-	104	127497915	39537
chr9	127458378	127658378	harbor2	chr9	127521146	127521312	SINE/MIR	469	-	83	127521229	62851
chr9	127458378	127658378	harbor2	chr9	127523297	127523456	SINE/MIR	399	-	80	127523377	64999
chr9	127458378	127658378	harbor2	chr9	127534324	127534472	SINE/MIR	682	-	74	127534398	76020
chr9	127458378	127658378	harbor2	chr9	127539337	127539504	SINE/MIR	584	-	84	127539421	81043
chr9	127458378	127658378	harbor2	chr9	127541306	127541489	SINE/MIR	406	-	92	127541398	83020
chr9	127458378	127658378	harbor2	chr9	127543909	127544093	SINE/MIR	450	-	92	127544001	85623
chr9	24973030	25173030	harbor2	chr9	24997181	24997409	SINE/MIR	574	-	114	24997295	24265
chr9	24973030	25173030	harbor2	chr9	25067189	25067347	SINE/MIR	423	-	79	25067268	94238
chr9	24973030	25173030	harbor2	chr9	25068253	25068417	SINE/MIR	434	-	82	25068335	95305
chr9	96952606	97152606	harbor2	chr9	96994383	96994607	SINE/MIR	752	-	112	96994495	41889
chr9	96952606	97152606	harbor2	chr9	97026548	97026773	SINE/MIR	544	-	112	97026660	74054
chr9	104902077	105102077	harbor2	chr9	104974498	104974731	SINE/MIR	642	-	116	104974614	72537
chr9	104902077	105102077	harbor2	chr9	104983642	104983754	SINE/MIR	409	-	56	104983698	81621
chr9	104902077	105102077	harbor2	chr9	104985485	104985624	SINE/MIR	427	-	70	104985555	83478
chr9	104902077	105102077	harbor2	chr9	104992307	104992426	SINE/MIR	416	-	60	104992367	90290
chr9	104902077	105102077	harbor2	chr9	104993918	104994121	SINE/MIR	416	-	102	104994020	91943
chr9	104902077	105102077	harbor2	chr9	104988485	104988693	SINE/MIR	638	-	104	104988589	86512
chr9	123158330	123358330	harbor2	chr9	123166311	123166476	SINE/MIR	450	-	82	123166393	8063
chr9	123158330	123358330	harbor2	chr9	123187009	123187203	SINE/MIR	470	-	97	123187106	28776
chr9	123158330	123358330	harbor2	chr9	123213465	123213642	SINE/MIR	566	-	88	123213553	55223
chr9	123158330	123358330	harbor2	chr9	123216754	123216982	SINE/MIR	524	-	114	123216868	58538
chr9	123158330	123358330	harbor2	chr9	123218851	123219104	SINE/MIR	566	-	126	123218977	60647
chr9	123158330	123358330	harbor2	chr9	123220823	123220948	SINE/MIR	507	-	62	123220885	62555
chr9	123158330	123358330	harbor2	chr9	123239881	123240048	SINE/MIR	442	-	84	123239965	81635
chr9	123158330	123358330	harbor2	chr9	123251285	123251509	SINE/MIR	594	-	112	123251397	93067
chr9	123158330	123358330	harbor2	chr9	123252270	123252464	SINE/MIR	402	-	97	123252367	94037
chr9	128155396	128355396	harbor2	chr9	128167428	128167643	SINE/MIR	553	-	108	128167536	12140
chr9	128155396	128355396	harbor2	chr9	128176794	128176904	SINE/MIR	432	-	55	128176849	21453
chr9	128155396	128355396	harbor2	chr9	128177188	128177302	SINE/MIR	432	-	57	128177245	21849
chr9	128155396	128355396	harbor2	chr9	128177855	128177960	SINE/MIR	426	-	52	128177907	22511
chr9	128155396	128355396	harbor2	chr9	128185401	128185541	SINE/MIR	395	-	70	128185471	30075
chr9	128155396	128355396	harbor2	chr9	128186160	128186316	SINE/MIR	416	-	78	128186238	30842
chr9	128155396	128355396	harbor2	chr9	128197773	128198008	SINE/MIR	865	-	118	128197891	42495
chr9	128155396	128355396	harbor2	chr9	128205346	128205565	SINE/MIR	526	-	110	128205456	50060
chr9	128155396	128355396	harbor2	chr9	128214298	128214415	SINE/MIR	454	-	58	128214356	58960
chr9	128155396	128355396	harbor2	chr9	128224959	128225208	SINE/MIR	632	-	124	128225083	69687
chr9	128155396	128355396	harbor2	chr9	128226428	128226637	SINE/MIR	607	-	104	128226532	71136
chr9	128155396	128355396	harbor2	chr9	128231748	128231917	SINE/MIR	586	-	84	128231832	76436
chr9	128155396	128355396	harbor2	chr9	128247135	128247323	SINE/MIR	617	-	94	128247229	91833
chr9	130366842	130566842	harbor2	chr9	130402489	130402662	SINE/MIR	425	-	86	130402575	35733
chr9	130366842	130566842	harbor2	chr9	130409252	130409399	SINE/MIR	428	-	74	130409326	42484
chr9	130366842	130566842	harbor2	chr9	130409592	130409849	SINE/MIR	674	-	128	130409720	42878
chr9	130366842	130566842	harbor2	chr9	130429162	130429335	SINE/MIR	486	-	86	130429248	62406
chr9	130366842	130566842	harbor2	chr9	130438094	130438279	SINE/MIR	473	-	92	130438186	71344
chr9	134585587	134785587	harbor2	chr9	134638161	134638351	SINE/MIR	475	-	95	134638256	52669
chr9	134585587	134785587	harbor2	chr9	134627294	134627413	SINE/MIR	451	-	60	134627354	41767
chr9	69328208	69528208	harbor2	chr9	69333993	69334150	SINE/MIR	420	-	78	69334071	5863
chr9	69328208	69528208	harbor2	chr9	69352558	69352699	SINE/MIR	763	-	70	69352628	24420
chr9	69328208	69528208	harbor2	chr9	69359903	69360145	SINE/MIR	410	-	121	69360024	31816
chr9	69328208	69528208	harbor2	chr9	69364139	69364351	SINE/MIR	532	-	106	69364245	36037
chr9	69328208	69528208	harbor2	chr9	69392962	69393173	SINE/MIR	676	-	106	69393068	64860
chr9	69328208	69528208	harbor2	chr9	69424625	69424773	SINE/MIR	420	-	74	69424699	96491
chr9	128366718	128566718	harbor2	chr9	128368150	128368283	SINE/MIR	720	-	66	128368216	1498
chr9	128366718	128566718	harbor2	chr9	128383987	128384204	SINE/MIR	437	-	108	128384095	17377
chr9	128366718	128566718	harbor2	chr9	128384689	128384885	SINE/MIR	712	-	98	128384787	18069
chr9	128366718	128566718	harbor2	chr9	128388872	128389077	SINE/MIR	493	-	102	128388974	22256
chr9	128366718	128566718	harbor2	chr9	128394804	128394933	SINE/MIR	566	-	64	128394868	28150
chr9	128366718	128566718	harbor2	chr9	128401419	128401589	SINE/MIR	497	-	85	128401504	34786
chr9	128366718	128566718	harbor2	chr9	128404336	128404498	SINE/MIR	433	-	81	128404417	37699
chr9	128366718	128566718	harbor2	chr9	128407206	128407415	SINE/MIR	470	-	104	128407310	40592
chr9	128366718	128566718	harbor2	chr9	128408750	128408883	SINE/MIR	544	-	66	128408816	42098
chr9	128366718	128566718	harbor2	chr9	128409908	128410133	SINE/MIR	568	-	112	128410020	43302
chr9	88777907	88977907	harbor2	chr9	88791818	88792005	SINE/MIR	464	-	94	88791912	14005
chr9	104410202	104610202	harbor2	chr9	104457311	104457527	SINE/MIR	533	-	108	104457419	47217
chr9	104410202	104610202	harbor2	chr9	104481328	104481513	SINE/MIR	398	-	92	104481420	71218
chr9	104410202	104610202	harbor2	chr9	104502368	104502603	SINE/MIR	544	-	118	104502486	92284
chr9	129053454	129253454	harbor2	chr9	129068735	129068919	SINE/MIR	393	-	92	129068827	15373
chr9	129053454	129253454	harbor2	chr9	129083678	129083863	SINE/MIR	452	-	92	129083770	30316
chr9	129053454	129253454	harbor2	chr9	129086854	129087064	SINE/MIR	673	-	105	129086959	33505
chr9	129053454	129253454	harbor2	chr9	129128059	129128188	SINE/MIR	487	-	64	129128123	74669
chr9	129053454	129253454	harbor2	chr9	129135424	129135592	SINE/MIR	600	-	84	129135508	82054
chr9	129053454	129253454	harbor2	chr9	129137273	129137447	SINE/MIR	437	-	87	129137360	83906
chr9	127788209	127988209	harbor2	chr9	127824048	127824211	SINE/MIR	483	-	82	127824130	35921
chr9	127788209	127988209	harbor2	chr9	127824637	127824724	SINE/MIR	405	-	44	127824681	36472
chr9	127788209	127988209	harbor2	chr9	127832375	127832518	SINE/MIR	436	-	72	127832447	44238
chr9	127788209	127988209	harbor2	chr9	127839997	127840243	SINE/MIR	567	-	123	127840120	51911
chr9	127788209	127988209	harbor2	chr9	127843303	127843466	SINE/MIR	406	-	82	127843385	55176
chr9	127788209	127988209	harbor2	chr9	127847120	127847312	SINE/MIR	727	-	96	127847216	59007
chr9	127788209	127988209	harbor2	chr9	127856897	127857028	SINE/MIR	457	-	66	127856963	68754
chr9	127788209	127988209	harbor2	chr9	127871461	127871643	SINE/MIR	421	-	91	127871552	83343
chr9	33362837	33562837	harbor2	chr9	33374753	33374878	SINE/MIR	506	-	62	33374815	11978
chr9	33362837	33562837	harbor2	chr9	33383141	33383315	SINE/MIR	766	-	87	33383228	20391
chr9	33362837	33562837	harbor2	chr9	33386657	33386804	SINE/MIR	400	-	74	33386731	23894
chr9	33362837	33562837	harbor2	chr9	33388575	33388780	SINE/MIR	726	-	102	33388677	25840
chr9	33362837	33562837	harbor2	chr9	33436074	33436222	SINE/MIR	501	-	74	33436148	73311
chr9	33362837	33562837	harbor2	chr9	33439393	33439574	SINE/MIR	434	-	90	33439483	76646
chr9	33362837	33562837	harbor2	chr9	33453605	33453750	SINE/MIR	451	-	72	33453677	90840
chr9	131056292	131256292	harbor2	chr9	131060688	131060909	SINE/MIR	694	-	110	131060798	4506
chr9	131056292	131256292	harbor2	chr9	131066631	131066856	SINE/MIR	796	-	112	131066743	10451
chr9	131056292	131256292	harbor2	chr9	131074786	131074913	SINE/MIR	461	-	64	131074850	18558
chr9	131056292	131256292	harbor2	chr9	131089793	131089964	SINE/MIR	420	-	86	131089879	33587
chr9	131056292	131256292	harbor2	chr9	131090096	131090191	SINE/MIR	420	-	48	131090144	33852
chr9	131056292	131256292	harbor2	chr9	131100339	131100498	SINE/MIR	441	-	80	131100419	44127
chr9	131056292	131256292	harbor2	chr9	131101314	131101355	SINE/MIR	575	-	20	131101334	45042
chr9	131056292	131256292	harbor2	chr9	131101645	131101756	SINE/MIR	575	-	56	131101701	45409
chr9	131056292	131256292	harbor2	chr9	131103672	131103858	SINE/MIR	426	-	93	131103765	47473
chr9	131056292	131256292	harbor2	chr9	131128802	131129013	SINE/MIR	686	-	106	131128908	72616
chr9	131056292	131256292	harbor2	chr9	131134504	131134747	SINE/MIR	456	-	122	131134626	78334
chr9	131056292	131256292	harbor2	chr9	131151196	131151413	SINE/MIR	770	-	108	131151304	95012
chr9	131056292	131256292	harbor2	chr9	131152504	131152742	SINE/MIR	442	-	119	131152623	96331
chr9	85133926	85333926	harbor2	chr9	85152880	85152993	SINE/MIR	503	-	56	85152936	19010
chr9	85133926	85333926	harbor2	chr9	85153305	85153441	SINE/MIR	503	-	68	85153373	19447
chr9	85133926	85333926	harbor2	chr9	85168031	85168283	SINE/MIR	696	-	126	85168157	34231
chr9	85133926	85333926	harbor2	chr9	85170397	85170643	SINE/MIR	765	-	123	85170520	36594
chr9	85133926	85333926	harbor2	chr9	85174035	85174197	SINE/MIR	540	-	81	85174116	40190
chr9	85133926	85333926	harbor2	chr9	85182298	85182533	SINE/MIR	711	-	118	85182416	48490
chr9	85133926	85333926	harbor2	chr9	85183337	85183411	SINE/MIR	685	-	37	85183374	49448
chr9	85133926	85333926	harbor2	chr9	85184037	85184198	SINE/MIR	685	-	80	85184117	50191
chr9	85133926	85333926	harbor2	chr9	85189709	85189894	SINE/MIR	397	-	92	85189801	55875
chr9	112043701	112243701	harbor2	chr9	112064951	112065126	SINE/MIR	411	-	88	112065039	21338
chr9	112043701	112243701	harbor2	chr9	112085327	112085582	SINE/MIR	828	-	128	112085455	41754
chr9	112043701	112243701	harbor2	chr9	112121968	112122165	SINE/MIR	573	-	98	112122066	78365
chr9	112043701	112243701	harbor2	chr9	112135781	112136002	SINE/MIR	516	-	110	112135891	92190
chr9	110306872	110506872	harbor2	chr9	110325205	110325457	SINE/MIR	561	-	126	110325331	18459
chr9	110306872	110506872	harbor2	chr9	110335511	110335690	SINE/MIR	654	-	90	110335601	28729
chr9	110306872	110506872	harbor2	chr9	110352577	110352730	SINE/MIR	508	-	76	110352653	45781
chr9	110306872	110506872	harbor2	chr9	110403808	110403996	SINE/MIR	392	-	94	110403902	97030
chr9	90768921	90968921	harbor2	chr9	90785434	90785566	SINE/MIR	601	-	66	90785500	16579
chr9	134789919	134989919	harbor2	chr9	134867892	134868054	SINE/MIR	423	-	81	134867973	78054
chr9	120061184	120261184	harbor2	chr9	120065292	120065427	SINE/MIR	430	-	68	120065360	4176
chr9	120061184	120261184	harbor2	chr9	120069540	120069740	SINE/MIR	837	-	100	120069640	8456
chr9	120061184	120261184	harbor2	chr9	120077688	120077865	SINE/MIR	528	-	88	120077776	16592
chr9	120061184	120261184	harbor2	chr9	120082781	120082987	SINE/MIR	464	-	103	120082884	21700
chr9	120061184	120261184	harbor2	chr9	120083575	120083791	SINE/MIR	646	-	108	120083683	22499
chr9	120061184	120261184	harbor2	chr9	120089021	120089239	SINE/MIR	494	-	109	120089130	27946
chr9	120061184	120261184	harbor2	chr9	120107131	120107341	SINE/MIR	455	-	105	120107236	46052
chr9	120061184	120261184	harbor2	chr9	120112368	120112493	SINE/MIR	393	-	62	120112430	51246
chr9	120061184	120261184	harbor2	chr9	120114964	120115166	SINE/MIR	414	-	101	120115065	53881
chr9	120061184	120261184	harbor2	chr9	120121126	120121336	SINE/MIR	670	-	105	120121231	60047
chr9	120061184	120261184	harbor2	chr9	120152760	120153017	SINE/MIR	728	-	128	120152888	91704
chr9	120061184	120261184	harbor2	chr9	120153105	120153270	SINE/MIR	404	-	82	120153187	92003
chr9	108080712	108280712	harbor2	chr9	108081096	108081336	SINE/MIR	1040	-	120	108081216	504
chr9	108080712	108280712	harbor2	chr9	108093410	108093596	SINE/MIR	513	-	93	108093503	12791
chr9	108080712	108280712	harbor2	chr9	108112164	108112326	SINE/MIR	546	-	81	108112245	31533
chr9	108080712	108280712	harbor2	chr9	108120015	108120191	SINE/MIR	476	-	88	108120103	39391
chr9	108080712	108280712	harbor2	chr9	108162255	108162470	SINE/MIR	415	-	108	108162363	81651
chr9	108080712	108280712	harbor2	chr9	108168768	108169030	SINE/MIR	533	-	131	108168899	88187
chr10	120908444	121108444	harbor2	chr10	121001548	121001766	SINE/MIR	508	-	109	121001657	93213
chr10	120908444	121108444	harbor2	chr10	121002543	121002758	SINE/MIR	454	-	108	121002651	94207
chr10	131819487	132019487	harbor2	chr10	131905562	131905782	SINE/MIR	584	-	110	131905672	86185
chr10	131819487	132019487	harbor2	chr10	131912522	131912766	SINE/MIR	475	-	122	131912644	93157
chr10	127750951	127950951	harbor2	chr10	127755075	127755237	SINE/MIR	507	-	81	127755156	4205
chr10	127750951	127950951	harbor2	chr10	127781081	127781292	SINE/MIR	701	-	106	127781187	30236
chr10	93820572	94020572	harbor2	chr10	93873970	93874164	SINE/MIR	712	-	97	93874067	53495
chr10	93820572	94020572	harbor2	chr10	93889091	93889291	SINE/MIR	719	-	100	93889191	68619
chr10	93820572	94020572	harbor2	chr10	93892847	93893053	SINE/MIR	536	-	103	93892950	72378
chr10	93820572	94020572	harbor2	chr10	93908236	93908433	SINE/MIR	448	-	98	93908334	87762
chr10	93820572	94020572	harbor2	chr10	93909120	93909340	SINE/MIR	480	-	110	93909230	88658
chr10	93820572	94020572	harbor2	chr10	93912401	93912628	SINE/MIR	607	-	114	93912515	91943
chr10	93820572	94020572	harbor2	chr10	93917497	93917727	SINE/MIR	449	-	115	93917612	97040
chr10	120812399	121012399	harbor2	chr10	120838546	120838776	SINE/MIR	583	-	115	120838661	26262
chr10	120812399	121012399	harbor2	chr10	120864084	120864248	SINE/MIR	470	-	82	120864166	51767
chr10	120812399	121012399	harbor2	chr10	120868504	120868720	SINE/MIR	672	-	108	120868612	56213
chr10	120812399	121012399	harbor2	chr10	120873148	120873373	SINE/MIR	508	-	112	120873260	60861
chr10	120812399	121012399	harbor2	chr10	120876710	120876849	SINE/MIR	429	-	70	120876780	64381
chr10	120812399	121012399	harbor2	chr10	120887020	120887220	SINE/MIR	531	-	100	120887120	74721
chr10	120812399	121012399	harbor2	chr10	120888185	120888434	SINE/MIR	695	-	124	120888309	75910
chr10	126173816	126373816	harbor2	chr10	126177341	126177551	SINE/MIR	419	-	105	126177446	3630
chr10	126173816	126373816	harbor2	chr10	126249006	126249129	SINE/MIR	468	-	62	126249068	75252
chr10	126173816	126373816	harbor2	chr10	126251333	126251405	SINE/MIR	418	-	36	126251369	77553
chr10	126173816	126373816	harbor2	chr10	126252819	126252905	SINE/MIR	418	-	43	126252862	79046
chr10	126173816	126373816	harbor2	chr10	126189532	126189748	SINE/MIR	537	-	108	126189640	15824
chr10	74107930	74307930	harbor2	chr10	74108263	74108389	SINE/MIR	439	-	63	74108326	396
chr10	74107930	74307930	harbor2	chr10	74124721	74124937	SINE/MIR	560	-	108	74124829	16899
chr10	74107930	74307930	harbor2	chr10	74129371	74129556	SINE/MIR	419	-	92	74129463	21533
chr10	74107930	74307930	harbor2	chr10	74143573	74143779	SINE/MIR	630	-	103	74143676	35746
chr10	74107930	74307930	harbor2	chr10	74169869	74170040	SINE/MIR	449	-	86	74169955	62025
chr10	106861069	107061069	harbor2	chr10	106935608	106935780	SINE/MIR	469	-	86	106935694	74625
chr10	125848272	126048272	harbor2	chr10	125848788	125849001	SINE/MIR	605	-	106	125848894	622
chr10	125848272	126048272	harbor2	chr10	125861954	125862155	SINE/MIR	683	-	100	125862054	13782
chr10	125848272	126048272	harbor2	chr10	125863927	125864084	SINE/MIR	501	-	78	125864005	15733
chr10	125848272	126048272	harbor2	chr10	125889758	125890001	SINE/MIR	508	-	122	125889880	41608
chr10	125848272	126048272	harbor2	chr10	125918642	125918777	SINE/MIR	512	-	68	125918710	70438
chr10	118957634	119157634	harbor2	chr10	118977776	118977955	SINE/MIR	599	-	90	118977866	20232
chr10	115614119	115814119	harbor2	chr10	115644327	115644536	SINE/MIR	544	-	104	115644431	30312
chr10	115614119	115814119	harbor2	chr10	115663103	115663308	SINE/MIR	669	-	102	115663205	49086
chr10	115614119	115814119	harbor2	chr10	115665244	115665428	SINE/MIR	432	-	92	115665336	51217
chr10	115614119	115814119	harbor2	chr10	115672141	115672358	SINE/MIR	636	-	108	115672249	58130
chr10	115614119	115814119	harbor2	chr10	115675734	115675949	SINE/MIR	680	-	108	115675842	61723
chr10	115614119	115814119	harbor2	chr10	115681350	115681553	SINE/MIR	752	-	102	115681452	67333
chr10	117681690	117881690	harbor2	chr10	117687669	117687866	SINE/MIR	480	-	98	117687767	6077
chr10	117681690	117881690	harbor2	chr10	117689973	117690088	SINE/MIR	450	-	58	117690031	8341
chr10	117681690	117881690	harbor2	chr10	117698330	117698540	SINE/MIR	441	-	105	117698435	16745
chr10	117681690	117881690	harbor2	chr10	117702443	117702652	SINE/MIR	594	-	104	117702547	20857
chr10	117681690	117881690	harbor2	chr10	117710199	117710414	SINE/MIR	498	-	108	117710307	28617
chr10	117681690	117881690	harbor2	chr10	117723154	117723391	SINE/MIR	701	-	118	117723272	41582
chr10	117681690	117881690	harbor2	chr10	117737225	117737449	SINE/MIR	622	-	112	117737337	55647
chr10	117681690	117881690	harbor2	chr10	117737585	117737798	SINE/MIR	560	-	106	117737691	56001
chr10	117681690	117881690	harbor2	chr10	117745547	117745724	SINE/MIR	554	-	88	117745635	63945
chr10	117681690	117881690	harbor2	chr10	117745880	117746059	SINE/MIR	543	-	90	117745970	64280
chr10	117681690	117881690	harbor2	chr10	117747271	117747417	SINE/MIR	466	-	73	117747344	65654
chr10	75529164	75729164	harbor2	chr10	75545609	75545755	SINE/MIR	634	-	73	75545682	16518
chr10	75529164	75729164	harbor2	chr10	75596139	75596317	SINE/MIR	510	-	89	75596228	67064
chr10	75529164	75729164	harbor2	chr10	75601684	75601805	SINE/MIR	466	-	60	75601744	72580
chr10	75529164	75729164	harbor2	chr10	75625189	75625443	SINE/MIR	922	-	127	75625316	96152
chr10	132261625	132461625	harbor2	chr10	132336645	132336786	SINE/MIR	603	-	70	132336715	75090
chr10	120238616	120438616	harbor2	chr10	120272081	120272223	SINE/MIR	689	-	71	120272152	33536
chr10	120238616	120438616	harbor2	chr10	120291458	120291639	SINE/MIR	488	-	90	120291548	52932
chr10	120238616	120438616	harbor2	chr10	120295812	120296025	SINE/MIR	859	-	106	120295918	57302
chr10	120238616	120438616	harbor2	chr10	120297379	120297486	SINE/MIR	480	-	54	120297433	58817
chr10	120238616	120438616	harbor2	chr10	120312991	120313140	SINE/MIR	454	-	74	120313065	74449
chr10	120238616	120438616	harbor2	chr10	120319008	120319150	SINE/MIR	527	-	71	120319079	80463
chr10	120238616	120438616	harbor2	chr10	120327149	120327317	SINE/MIR	418	-	84	120327233	88617
chr10	127606390	127806390	harbor2	chr10	127617749	127617958	SINE/MIR	473	-	104	127617853	11463
chr10	127606390	127806390	harbor2	chr10	127658635	127658844	SINE/MIR	448	-	104	127658739	52349
chr10	90021500	90221500	harbor2	chr10	90062466	90062507	SINE/MIR	620	-	20	90062486	40986
chr10	90021500	90221500	harbor2	chr10	90098648	90098815	SINE/MIR	539	-	84	90098732	77232
chr10	90021500	90221500	harbor2	chr10	90062707	90062892	SINE/MIR	620	-	92	90062799	41299
chr10	123737951	123937951	harbor2	chr10	123739314	123739556	SINE/MIR	550	-	121	123739435	1484
chr10	123737951	123937951	harbor2	chr10	123757803	123758057	SINE/MIR	573	-	127	123757930	19979
chr10	123737951	123937951	harbor2	chr10	123760804	123760920	SINE/MIR	441	-	58	123760862	22911
chr10	123737951	123937951	harbor2	chr10	123826026	123826199	SINE/MIR	617	-	86	123826112	88161
chr10	123737951	123937951	harbor2	chr10	123833917	123834137	SINE/MIR	898	-	110	123834027	96076
chr10	124948233	125148233	harbor2	chr10	125013586	125013771	SINE/MIR	446	-	92	125013678	65445
chr10	71091616	71291616	harbor2	chr10	71126293	71126521	SINE/MIR	697	-	114	71126407	34791
chr10	71091616	71291616	harbor2	chr10	71187708	71187884	SINE/MIR	550	-	88	71187796	96180
chr10	82822001	83022001	harbor2	chr10	82900593	82900787	SINE/MIR	604	-	97	82900690	78689
chr10	123560554	123760554	harbor2	chr10	123561439	123561532	SINE/MIR	691	-	46	123561485	931
chr10	123560554	123760554	harbor2	chr10	123561721	123561812	SINE/MIR	691	-	46	123561767	1213
chr10	123560554	123760554	harbor2	chr10	123581475	123581617	SINE/MIR	476	-	71	123581546	20992
chr10	123560554	123760554	harbor2	chr10	123583216	123583424	SINE/MIR	863	-	104	123583320	22766
chr10	123560554	123760554	harbor2	chr10	123635136	123635279	SINE/MIR	521	-	72	123635208	74654
chr10	123560554	123760554	harbor2	chr10	123644160	123644297	SINE/MIR	412	-	68	123644228	83674
chr10	126338370	126538370	harbor2	chr10	126340330	126340552	SINE/MIR	637	-	111	126340441	2071
chr10	126338370	126538370	harbor2	chr10	126372322	126372532	SINE/MIR	522	-	105	126372427	34057
chr10	126338370	126538370	harbor2	chr10	126376856	126377015	SINE/MIR	623	-	80	126376936	38566
chr10	126338370	126538370	harbor2	chr10	126377121	126377210	SINE/MIR	623	-	44	126377165	38795
chr10	126338370	126538370	harbor2	chr10	126399230	126399428	SINE/MIR	425	-	99	126399329	60959
chr10	126338370	126538370	harbor2	chr10	126423582	126423734	SINE/MIR	511	-	76	126423658	85288
chr10	126338370	126538370	harbor2	chr10	126424374	126424427	SINE/MIR	511	-	26	126424400	86030
chr10	106835864	107035864	harbor2	chr10	106860426	106860665	SINE/MIR	865	-	120	106860546	24682
chr10	106835864	107035864	harbor2	chr10	106935608	106935780	SINE/MIR	469	-	86	106935694	99830
chr10	106323121	106523121	harbor2	chr10	106329430	106329516	SINE/MIR	448	-	43	106329473	6352
chr10	106323121	106523121	harbor2	chr10	106345405	106345606	SINE/MIR	590	-	100	106345505	22384
chr10	106323121	106523121	harbor2	chr10	106354956	106355198	SINE/MIR	517	-	121	106355077	31956
chr10	100098948	100298948	harbor2	chr10	100178682	100178828	SINE/MIR	552	-	73	100178755	79807
chr10	100098948	100298948	harbor2	chr10	100178925	100179007	SINE/MIR	552	-	41	100178966	80018
chr10	100098948	100298948	harbor2	chr10	100193021	100193238	SINE/MIR	493	-	108	100193129	94181
chr10	67762583	67962583	harbor2	chr10	67787843	67787961	SINE/MIR	450	-	59	67787902	25319
chr10	67762583	67962583	harbor2	chr10	67802780	67802833	SINE/MIR	579	-	26	67802806	40223
chr10	67762583	67962583	harbor2	chr10	67803138	67803306	SINE/MIR	579	-	84	67803222	40639
chr10	67762583	67962583	harbor2	chr10	67804524	67804652	SINE/MIR	653	-	64	67804588	42005
chr10	67762583	67962583	harbor2	chr10	67817191	67817380	SINE/MIR	417	-	94	67817285	54702
chr10	67762583	67962583	harbor2	chr10	67830659	67830870	SINE/MIR	1050	-	106	67830765	68182
chr10	67762583	67962583	harbor2	chr10	67834431	67834546	SINE/MIR	464	-	58	67834489	71906
chr10	61248730	61448730	harbor2	chr10	61250979	61251204	SINE/MIR	653	-	112	61251091	2361
chr10	61248730	61448730	harbor2	chr10	61285219	61285434	SINE/MIR	580	-	108	61285327	36597
chr10	61248730	61448730	harbor2	chr10	61295746	61295916	SINE/MIR	425	-	85	61295831	47101
chr10	61248730	61448730	harbor2	chr10	61303671	61303901	SINE/MIR	675	-	115	61303786	55056
chr10	125975318	126175318	harbor2	chr10	126035959	126036113	SINE/MIR	494	-	77	126036036	60718
chr10	130788353	130988353	harbor2	chr10	130803796	130803864	SINE/MIR	555	-	34	130803830	15477
chr10	130788353	130988353	harbor2	chr10	130804155	130804290	SINE/MIR	555	-	68	130804223	15870
chr10	130788353	130988353	harbor2	chr10	130832483	130832701	SINE/MIR	471	-	109	130832592	44239
chr10	130788353	130988353	harbor2	chr10	130845189	130845356	SINE/MIR	482	-	84	130845273	56920
chr10	108454057	108654057	harbor2	chr10	108457233	108457385	SINE/MIR	487	-	76	108457309	3252
chr10	124882393	125082393	harbor2	chr10	124882745	124882974	SINE/MIR	624	-	114	124882859	466
chr10	124882393	125082393	harbor2	chr10	124894983	124895095	SINE/MIR	465	-	56	124895039	12646
chr10	115998279	116198279	harbor2	chr10	116066556	116066717	SINE/MIR	460	-	80	116066636	68357
chr10	115998279	116198279	harbor2	chr10	116080147	116080355	SINE/MIR	599	-	104	116080251	81972
chr10	10322756	10522756	harbor2	chr10	10331186	10331362	SINE/MIR	473	-	88	10331274	8518
chr10	10322756	10522756	harbor2	chr10	10348973	10349172	SINE/MIR	483	-	100	10349073	26317
chr10	10322756	10522756	harbor2	chr10	10355988	10356199	SINE/MIR	466	-	106	10356094	33338
chr10	10322756	10522756	harbor2	chr10	10397859	10398022	SINE/MIR	533	-	82	10397941	75185
chr10	125342299	125542299	harbor2	chr10	125389021	125389260	SINE/MIR	780	-	120	125389141	46842
chr10	125342299	125542299	harbor2	chr10	125391950	125392107	SINE/MIR	419	-	78	125392028	49729
chr10	125342299	125542299	harbor2	chr10	125414791	125414916	SINE/MIR	528	-	62	125414853	72554
chr10	125342299	125542299	harbor2	chr10	125421720	125421805	SINE/MIR	430	-	42	125421762	79463
chr10	125342299	125542299	harbor2	chr10	125422099	125422194	SINE/MIR	430	-	48	125422147	79848
chr10	125342299	125542299	harbor2	chr10	125422528	125422549	SINE/MIR	430	-	10	125422538	80239
chr10	84620101	84820101	harbor2	chr10	84663593	84663831	SINE/MIR	674	-	119	84663712	43611
chr10	84620101	84820101	harbor2	chr10	84679046	84679283	SINE/MIR	659	-	118	84679164	59063
chr10	84620101	84820101	harbor2	chr10	84682516	84682719	SINE/MIR	736	-	102	84682618	62517
chr10	84620101	84820101	harbor2	chr10	84689634	84689849	SINE/MIR	597	-	108	84689742	69641
chr10	65892389	66092389	harbor2	chr10	65904971	65905219	SINE/MIR	629	-	124	65905095	12706
chr10	65892389	66092389	harbor2	chr10	65921971	65922152	SINE/MIR	721	-	90	65922061	29672
chr10	65892389	66092389	harbor2	chr10	65932382	65932635	SINE/MIR	701	-	126	65932508	40119
chr10	65892389	66092389	harbor2	chr10	65941109	65941317	SINE/MIR	688	-	104	65941213	48824
chr10	65892389	66092389	harbor2	chr10	65975624	65975775	SINE/MIR	477	-	76	65975700	83311
chr10	65892389	66092389	harbor2	chr10	65975916	65976137	SINE/MIR	501	-	110	65976026	83637
chr10	102901191	103101191	harbor2	chr10	102923301	102923520	SINE/MIR	534	-	110	102923411	22220
chr10	102901191	103101191	harbor2	chr10	102953868	102954100	SINE/MIR	630	-	116	102953984	52793
chr10	123228199	123428199	harbor2	chr10	123231951	123232050	SINE/MIR	438	-	50	123232001	3802
chr10	123228199	123428199	harbor2	chr10	123241837	123241979	SINE/MIR	416	-	71	123241908	13709
chr10	123228199	123428199	harbor2	chr10	123250252	123250464	SINE/MIR	707	-	106	123250358	22159
chr10	123228199	123428199	harbor2	chr10	123297834	123298059	SINE/MIR	498	-	112	123297946	69747
chr10	123228199	123428199	harbor2	chr10	123311932	123312088	SINE/MIR	566	-	78	123312010	83811
chr10	115793897	115993897	harbor2	chr10	115799835	115799939	SINE/MIR	414	-	52	115799887	5990
chr10	115793897	115993897	harbor2	chr10	115800244	115800352	SINE/MIR	414	-	54	115800298	6401
chr10	115793897	115993897	harbor2	chr10	115833139	115833382	SINE/MIR	732	-	122	115833261	39364
chr10	115793897	115993897	harbor2	chr10	115833561	115833802	SINE/MIR	797	-	120	115833681	39784
chr10	115793897	115993897	harbor2	chr10	115837974	115838135	SINE/MIR	455	-	80	115838054	44157
chr10	115793897	115993897	harbor2	chr10	115840425	115840664	SINE/MIR	656	-	120	115840545	46648
chr10	115793897	115993897	harbor2	chr10	115842458	115842619	SINE/MIR	609	-	80	115842538	48641
chr10	115793897	115993897	harbor2	chr10	115852464	115852686	SINE/MIR	721	-	111	115852575	58678
chr10	115793897	115993897	harbor2	chr10	115866391	115866620	SINE/MIR	581	-	114	115866505	72608
chr10	115793897	115993897	harbor2	chr10	115879332	115879456	SINE/MIR	424	-	62	115879394	85497
chr10	87748728	87948728	harbor2	chr10	87752404	87752605	SINE/MIR	633	-	100	87752504	3776
chr10	87748728	87948728	harbor2	chr10	87791740	87791927	SINE/MIR	550	-	94	87791834	43106
chr10	87748728	87948728	harbor2	chr10	87793398	87793642	SINE/MIR	562	-	122	87793520	44792
chr10	87748728	87948728	harbor2	chr10	87794982	87795192	SINE/MIR	646	-	105	87795087	46359
chr10	87748728	87948728	harbor2	chr10	87831803	87832036	SINE/MIR	1022	-	116	87831919	83191
chr10	87748728	87948728	harbor2	chr10	87841773	87841831	SINE/MIR	939	-	29	87841802	93074
chr10	87748728	87948728	harbor2	chr10	87841880	87841913	SINE/MIR	939	-	16	87841896	93168
chr10	87748728	87948728	harbor2	chr10	87842215	87842374	SINE/MIR	939	-	80	87842295	93567
chr10	43774270	43974270	harbor2	chr10	43774729	43774936	SINE/MIR	547	-	104	43774833	563
chr10	125084869	125284869	harbor2	chr10	125090845	125091036	SINE/MIR	636	-	96	125090941	6072
chr10	125084869	125284869	harbor2	chr10	125102026	125102229	SINE/MIR	413	-	102	125102128	17259
chr10	125084869	125284869	harbor2	chr10	125172160	125172271	SINE/MIR	447	-	56	125172216	87347
chr10	125084869	125284869	harbor2	chr10	125172875	125173014	SINE/MIR	447	-	70	125172945	88076
chr10	113681281	113881281	harbor2	chr10	113681329	113681524	SINE/MIR	716	-	98	113681427	146
chr10	113681281	113881281	harbor2	chr10	113713328	113713574	SINE/MIR	658	-	123	113713451	32170
chr10	113681281	113881281	harbor2	chr10	113722444	113722580	SINE/MIR	494	-	68	113722512	41231
chr10	113681281	113881281	harbor2	chr10	113722902	113723039	SINE/MIR	494	-	68	113722970	41689
chr10	113681281	113881281	harbor2	chr10	113724984	113725141	SINE/MIR	427	-	78	113725062	43781
chr10	113681281	113881281	harbor2	chr10	113743323	113743547	SINE/MIR	808	-	112	113743435	62154
chr10	113681281	113881281	harbor2	chr10	113750745	113750956	SINE/MIR	672	-	106	113750851	69570
chr10	113681281	113881281	harbor2	chr10	113752474	113752711	SINE/MIR	473	-	118	113752592	71311
chr10	125355264	125555264	harbor2	chr10	125389021	125389260	SINE/MIR	780	-	120	125389141	33877
chr10	125355264	125555264	harbor2	chr10	125391950	125392107	SINE/MIR	419	-	78	125392028	36764
chr10	125355264	125555264	harbor2	chr10	125414791	125414916	SINE/MIR	528	-	62	125414853	59589
chr10	125355264	125555264	harbor2	chr10	125421720	125421805	SINE/MIR	430	-	42	125421762	66498
chr10	125355264	125555264	harbor2	chr10	125422099	125422194	SINE/MIR	430	-	48	125422147	66883
chr10	125355264	125555264	harbor2	chr10	125422528	125422549	SINE/MIR	430	-	10	125422538	67274
chr10	125355264	125555264	harbor2	chr10	125449389	125449554	SINE/MIR	558	-	82	125449471	94207
chr10	125355264	125555264	harbor2	chr10	125453065	125453272	SINE/MIR	468	-	104	125453169	97905
chr10	121683166	121883166	harbor2	chr10	121696733	121696935	SINE/MIR	720	-	101	121696834	13668
chr10	111547818	111747818	harbor2	chr10	111554659	111554838	SINE/MIR	428	-	90	111554749	6931
chr10	111547818	111747818	harbor2	chr10	111557945	111558143	SINE/MIR	556	-	99	111558044	10226
chr10	111547818	111747818	harbor2	chr10	111560904	111561137	SINE/MIR	416	-	116	111561020	13202
chr10	111547818	111747818	harbor2	chr10	111614426	111614637	SINE/MIR	476	-	106	111614532	66714
chr10	111547818	111747818	harbor2	chr10	111646464	111646696	SINE/MIR	409	-	116	111646580	98762
chr10	117001516	117201516	harbor2	chr10	117071386	117071570	SINE/MIR	518	-	92	117071478	69962
chr10	117001516	117201516	harbor2	chr10	117073308	117073485	SINE/MIR	764	-	88	117073396	71880
chr10	117001516	117201516	harbor2	chr10	117091207	117091388	SINE/MIR	632	-	90	117091297	89781
chr10	117001516	117201516	harbor2	chr10	117091932	117092121	SINE/MIR	420	-	94	117092026	90510
chr10	126236799	126436799	harbor2	chr10	126249006	126249129	SINE/MIR	468	-	62	126249068	12269
chr10	126236799	126436799	harbor2	chr10	126251333	126251405	SINE/MIR	418	-	36	126251369	14570
chr10	126236799	126436799	harbor2	chr10	126252819	126252905	SINE/MIR	418	-	43	126252862	16063
chr10	42677636	42877636	harbor2	chr10	42697052	42697268	SINE/MIR	436	-	108	42697160	19524
chr10	42677636	42877636	harbor2	chr10	42726528	42726728	SINE/MIR	435	-	100	42726628	48992
chr10	42677636	42877636	harbor2	chr10	42730456	42730697	SINE/MIR	737	-	120	42730576	52940
chr10	42677636	42877636	harbor2	chr10	42739543	42739775	SINE/MIR	407	-	116	42739659	62023
chr10	112776422	112976422	harbor2	chr10	112780541	112780805	SINE/MIR	494	-	132	112780673	4251
chr10	112776422	112976422	harbor2	chr10	112800500	112800648	SINE/MIR	410	-	74	112800574	24152
chr10	112776422	112976422	harbor2	chr10	112823862	112824051	SINE/MIR	419	-	94	112823956	47534
chr10	112776422	112976422	harbor2	chr10	112836293	112836478	SINE/MIR	720	-	92	112836385	59963
chr10	112776422	112976422	harbor2	chr10	112854309	112854446	SINE/MIR	625	-	68	112854377	77955
chr10	112776422	112976422	harbor2	chr10	112861754	112862001	SINE/MIR	427	-	124	112861878	85456
chr10	125566545	125766545	harbor2	chr10	125574475	125574658	SINE/MIR	491	-	92	125574567	8022
chr10	125566545	125766545	harbor2	chr10	125628896	125629044	SINE/MIR	409	-	74	125628970	62425
chr10	125566545	125766545	harbor2	chr10	125635279	125635462	SINE/MIR	456	-	92	125635371	68826
chr10	90827380	91027380	harbor2	chr10	90840697	90840924	SINE/MIR	586	-	114	90840811	13431
chr10	90827380	91027380	harbor2	chr10	90874535	90874763	SINE/MIR	678	-	114	90874649	47269
chr10	90827380	91027380	harbor2	chr10	90881176	90881356	SINE/MIR	512	-	90	90881266	53886
chr10	90827380	91027380	harbor2	chr10	90916508	90916722	SINE/MIR	570	-	107	90916615	89235
chr10	90827380	91027380	harbor2	chr10	90918345	90918516	SINE/MIR	484	-	86	90918431	91051
chr10	93011111	93211111	harbor2	chr10	93068000	93068196	SINE/MIR	482	-	98	93068098	56987
chr10	93011111	93211111	harbor2	chr10	93086755	93086982	SINE/MIR	516	-	114	93086869	75758
chr10	93011111	93211111	harbor2	chr10	93087348	93087533	SINE/MIR	702	-	92	93087440	76329
chr10	93011111	93211111	harbor2	chr10	93105836	93105902	SINE/MIR	559	-	33	93105869	94758
chr10	93011111	93211111	harbor2	chr10	93106204	93106375	SINE/MIR	559	-	86	93106290	95179
chr10	99598013	99798013	harbor2	chr10	99631287	99631446	SINE/MIR	430	-	80	99631367	33354
chr10	99598013	99798013	harbor2	chr10	99677808	99677929	SINE/MIR	557	-	60	99677868	79855
chr10	113009159	113209159	harbor2	chr10	113010492	113010624	SINE/MIR	446	-	66	113010558	1399
chr10	113009159	113209159	harbor2	chr10	113020611	113020747	SINE/MIR	467	-	68	113020679	11520
chr10	113009159	113209159	harbor2	chr10	113021492	113021720	SINE/MIR	648	-	114	113021606	12447
chr10	113009159	113209159	harbor2	chr10	113022672	113022853	SINE/MIR	547	-	90	113022762	13603
chr10	113009159	113209159	harbor2	chr10	113025738	113025866	SINE/MIR	498	-	64	113025802	16643
chr10	113009159	113209159	harbor2	chr10	113041339	113041532	SINE/MIR	589	-	96	113041435	32276
chr10	113009159	113209159	harbor2	chr10	113053734	113053975	SINE/MIR	732	-	120	113053854	44695
chr10	113009159	113209159	harbor2	chr10	113056095	113056312	SINE/MIR	612	-	108	113056203	47044
chr10	113009159	113209159	harbor2	chr10	113070533	113070664	SINE/MIR	415	-	66	113070599	61440
chr10	113009159	113209159	harbor2	chr10	113093130	113093326	SINE/MIR	542	-	98	113093228	84069
chr10	113009159	113209159	harbor2	chr10	113102947	113103149	SINE/MIR	532	-	101	113103048	93889
chr10	87275270	87475270	harbor2	chr10	87288158	87288401	SINE/MIR	477	-	122	87288280	13010
chr10	87275270	87475270	harbor2	chr10	87291495	87291695	SINE/MIR	820	-	100	87291595	16325
chr10	87275270	87475270	harbor2	chr10	87307174	87307415	SINE/MIR	729	-	120	87307294	32024
chr10	87275270	87475270	harbor2	chr10	87329909	87330089	SINE/MIR	598	-	90	87329999	54729
chr10	33539298	33739298	harbor2	chr10	33560018	33560184	SINE/MIR	474	-	83	33560101	20803
chr10	33539298	33739298	harbor2	chr10	33590794	33590997	SINE/MIR	586	-	102	33590896	51598
chr10	33539298	33739298	harbor2	chr10	33629309	33629372	SINE/MIR	687	-	32	33629341	90043
chr10	33539298	33739298	harbor2	chr10	33629604	33629797	SINE/MIR	687	-	96	33629700	90402
chr10	118251980	118451980	harbor2	chr10	118254308	118254522	SINE/MIR	638	-	107	118254415	2435
chr10	118251980	118451980	harbor2	chr10	118267706	118267928	SINE/MIR	820	-	111	118267817	15837
chr10	118251980	118451980	harbor2	chr10	118300881	118301083	SINE/MIR	516	-	101	118300982	49002
chr10	118251980	118451980	harbor2	chr10	118301682	118301882	SINE/MIR	912	-	100	118301782	49802
chr10	118251980	118451980	harbor2	chr10	118326533	118326760	SINE/MIR	571	-	114	118326647	74667
chr10	118251980	118451980	harbor2	chr10	118346377	118346600	SINE/MIR	622	-	112	118346489	94509
chr10	63999781	64199781	harbor2	chr10	64057802	64057979	SINE/MIR	653	-	88	64057890	58109
chr10	63999781	64199781	harbor2	chr10	64064576	64064816	SINE/MIR	574	-	120	64064696	64915
chr10	63999781	64199781	harbor2	chr10	64080138	64080315	SINE/MIR	477	-	88	64080226	80445
chr10	63999781	64199781	harbor2	chr10	64089295	64089514	SINE/MIR	543	-	110	64089405	89624
chr10	63999781	64199781	harbor2	chr10	64090391	64090518	SINE/MIR	611	-	64	64090455	90674
chr10	116754167	116954167	harbor2	chr10	116756906	116757125	SINE/MIR	548	-	110	116757016	2849
chr10	116754167	116954167	harbor2	chr10	116775139	116775387	SINE/MIR	572	-	124	116775263	21096
chr10	116754167	116954167	harbor2	chr10	116815964	116816177	SINE/MIR	427	-	106	116816070	61903
chr10	116754167	116954167	harbor2	chr10	116826808	116827033	SINE/MIR	853	-	112	116826920	72753
chr10	94319252	94519252	harbor2	chr10	94351990	94352211	SINE/MIR	1032	-	110	94352100	32848
chr10	94319252	94519252	harbor2	chr10	94354309	94354464	SINE/MIR	410	-	78	94354387	35135
chr10	94319252	94519252	harbor2	chr10	94355192	94355391	SINE/MIR	454	-	100	94355292	36040
chr10	94319252	94519252	harbor2	chr10	94355689	94355717	SINE/MIR	454	-	14	94355703	36451
chr10	114601271	114801271	harbor2	chr10	114604055	114604283	SINE/MIR	438	-	114	114604169	2898
chr10	114601271	114801271	harbor2	chr10	114606677	114606892	SINE/MIR	584	-	108	114606785	5514
chr10	114601271	114801271	harbor2	chr10	114616826	114617035	SINE/MIR	841	-	104	114616930	15659
chr10	114601271	114801271	harbor2	chr10	114650865	114651074	SINE/MIR	606	-	104	114650969	49698
chr10	114601271	114801271	harbor2	chr10	114680182	114680409	SINE/MIR	874	-	114	114680296	79025
chr10	114601271	114801271	harbor2	chr10	114688525	114688747	SINE/MIR	622	-	111	114688636	87365
chr10	114601271	114801271	harbor2	chr10	114690986	114691209	SINE/MIR	408	-	112	114691098	89827
chr10	114601271	114801271	harbor2	chr10	114695283	114695497	SINE/MIR	561	-	107	114695390	94119
chr10	95795212	95995212	harbor2	chr10	95816945	95817056	SINE/MIR	452	-	56	95817001	21789
chr10	95795212	95995212	harbor2	chr10	95828607	95828709	SINE/MIR	416	-	51	95828658	33446
chr10	95795212	95995212	harbor2	chr10	95829011	95829125	SINE/MIR	416	-	57	95829068	33856
chr10	95795212	95995212	harbor2	chr10	95840025	95840247	SINE/MIR	730	-	111	95840136	44924
chr10	95795212	95995212	harbor2	chr10	95843392	95843576	SINE/MIR	667	-	92	95843484	48272
chr10	95795212	95995212	harbor2	chr10	95844906	95845152	SINE/MIR	655	-	123	95845029	49817
chr10	95795212	95995212	harbor2	chr10	95868029	95868192	SINE/MIR	756	-	82	95868111	72899
chr10	95795212	95995212	harbor2	chr10	95883496	95883652	SINE/MIR	495	-	78	95883574	88362
chr10	95795212	95995212	harbor2	chr10	95884567	95884704	SINE/MIR	638	-	68	95884635	89423
chr10	104457848	104657848	harbor2	chr10	104484140	104484381	SINE/MIR	663	-	120	104484260	26412
chr10	104457848	104657848	harbor2	chr10	104485989	104486221	SINE/MIR	933	-	116	104486105	28257
chr10	104457848	104657848	harbor2	chr10	104512464	104512638	SINE/MIR	449	-	87	104512551	54703
chr10	104457848	104657848	harbor2	chr10	104517954	104518104	SINE/MIR	471	-	75	104518029	60181
chr10	104457848	104657848	harbor2	chr10	104521667	104521892	SINE/MIR	763	-	112	104521779	63931
chr10	104457848	104657848	harbor2	chr10	104521913	104522044	SINE/MIR	432	-	66	104521979	64131
chr10	104457848	104657848	harbor2	chr10	104539264	104539441	SINE/MIR	530	-	88	104539352	81504
chr10	104457848	104657848	harbor2	chr10	104549658	104549862	SINE/MIR	452	-	102	104549760	91912
chr10	104457848	104657848	harbor2	chr10	104552578	104552820	SINE/MIR	930	-	121	104552699	94851
chr10	28714667	28914667	harbor2	chr10	28734273	28734463	SINE/MIR	490	-	95	28734368	19701
chr10	28714667	28914667	harbor2	chr10	28735046	28735144	SINE/MIR	482	-	49	28735095	20428
chr10	28714667	28914667	harbor2	chr10	28785962	28786153	SINE/MIR	443	-	96	28786058	71391
chr10	125265626	125465626	harbor2	chr10	125270098	125270236	SINE/MIR	670	-	69	125270167	4541
chr10	125265626	125465626	harbor2	chr10	125330340	125330532	SINE/MIR	417	-	96	125330436	64810
chr10	37479582	37679582	harbor2	chr10	37517360	37517527	SINE/MIR	561	-	84	37517444	37862
chr10	37479582	37679582	harbor2	chr10	37531728	37531874	SINE/MIR	438	-	73	37531801	52219
chr10	126496146	126696146	harbor2	chr10	126522564	126522744	SINE/MIR	408	-	90	126522654	26508
chr10	77013521	77213521	harbor2	chr10	77013639	77013874	SINE/MIR	1130	-	118	77013757	236
chr10	77013521	77213521	harbor2	chr10	77044722	77044855	SINE/MIR	473	-	66	77044788	31267
chr10	77013521	77213521	harbor2	chr10	77089632	77089864	SINE/MIR	912	-	116	77089748	76227
chr10	111723424	111923424	harbor2	chr10	111735951	111736197	SINE/MIR	674	-	123	111736074	12650
chr10	111723424	111923424	harbor2	chr10	111777311	111777461	SINE/MIR	552	-	75	111777386	53962
chr10	111723424	111923424	harbor2	chr10	111810359	111810562	SINE/MIR	777	-	102	111810461	87037
chr10	111723424	111923424	harbor2	chr10	111822219	111822377	SINE/MIR	431	-	79	111822298	98874
chr10	123436531	123636531	harbor2	chr10	123439147	123439279	SINE/MIR	408	-	66	123439213	2682
chr10	123436531	123636531	harbor2	chr10	123454490	123454687	SINE/MIR	627	-	98	123454588	18057
chr10	123436531	123636531	harbor2	chr10	123455961	123456146	SINE/MIR	500	-	92	123456053	19522
chr10	123436531	123636531	harbor2	chr10	123463404	123463584	SINE/MIR	478	-	90	123463494	26963
chr10	123436531	123636531	harbor2	chr10	123508907	123509022	SINE/MIR	519	-	58	123508965	72434
chr10	123436531	123636531	harbor2	chr10	123514903	123515052	SINE/MIR	657	-	74	123514977	78446
chr10	123436531	123636531	harbor2	chr10	123521060	123521248	SINE/MIR	465	-	94	123521154	84623
chr10	86631083	86831083	harbor2	chr10	86647104	86647295	SINE/MIR	471	-	96	86647200	16117
chr10	86631083	86831083	harbor2	chr10	86682015	86682141	SINE/MIR	438	-	63	86682078	50995
chr10	86631083	86831083	harbor2	chr10	86683215	86683451	SINE/MIR	734	-	118	86683333	52250
chr10	86631083	86831083	harbor2	chr10	86683811	86684043	SINE/MIR	569	-	116	86683927	52844
chr10	86631083	86831083	harbor2	chr10	86714057	86714265	SINE/MIR	779	-	104	86714161	83078
chr10	86631083	86831083	harbor2	chr10	86724771	86725010	SINE/MIR	638	-	120	86724891	93808
chr10	25617061	25817061	harbor2	chr10	25633728	25633900	SINE/MIR	616	-	86	25633814	16753
chr10	25617061	25817061	harbor2	chr10	25642673	25642848	SINE/MIR	420	-	88	25642761	25700
chr10	25617061	25817061	harbor2	chr10	25705595	25705755	SINE/MIR	423	-	80	25705675	88614
chr10	119497380	119697380	harbor2	chr10	119527536	119527687	SINE/MIR	631	-	76	119527612	30232
chr10	119497380	119697380	harbor2	chr10	119534927	119535142	SINE/MIR	761	-	108	119535035	37655
chr10	119497380	119697380	harbor2	chr10	119537419	119537597	SINE/MIR	601	-	89	119537508	40128
chr10	117002919	117202919	harbor2	chr10	117071386	117071570	SINE/MIR	518	-	92	117071478	68559
chr10	117002919	117202919	harbor2	chr10	117073308	117073485	SINE/MIR	764	-	88	117073396	70477
chr10	117002919	117202919	harbor2	chr10	117091207	117091388	SINE/MIR	632	-	90	117091297	88378
chr10	117002919	117202919	harbor2	chr10	117091932	117092121	SINE/MIR	420	-	94	117092026	89107
chr10	69806733	70006733	harbor2	chr10	69809369	69809620	SINE/MIR	1078	-	126	69809495	2762
chr10	69806733	70006733	harbor2	chr10	69814520	69814728	SINE/MIR	459	-	104	69814624	7891
chr10	69806733	70006733	harbor2	chr10	69834484	69834710	SINE/MIR	609	-	113	69834597	27864
chr10	69806733	70006733	harbor2	chr10	69835828	69836048	SINE/MIR	890	-	110	69835938	29205
chr10	69806733	70006733	harbor2	chr10	69848320	69848524	SINE/MIR	561	-	102	69848422	41689
chr10	69806733	70006733	harbor2	chr10	69852317	69852500	SINE/MIR	627	-	92	69852409	45676
chr10	69806733	70006733	harbor2	chr10	69858264	69858497	SINE/MIR	1087	-	116	69858380	51647
chr10	69806733	70006733	harbor2	chr10	69871782	69872004	SINE/MIR	873	-	111	69871893	65160
chr10	69806733	70006733	harbor2	chr10	69876080	69876334	SINE/MIR	757	-	127	69876207	69474
chr10	69806733	70006733	harbor2	chr10	69879004	69879233	SINE/MIR	576	-	114	69879118	72385
chr10	69806733	70006733	harbor2	chr10	69879302	69879517	SINE/MIR	893	-	108	69879410	72677
chr10	69806733	70006733	harbor2	chr10	69881714	69881968	SINE/MIR	900	-	127	69881841	75108
chr10	69806733	70006733	harbor2	chr10	69886233	69886426	SINE/MIR	606	-	96	69886329	79596
chr10	69806733	70006733	harbor2	chr10	69890738	69890987	SINE/MIR	723	-	124	69890862	84129
chr10	69806733	70006733	harbor2	chr10	69891761	69891949	SINE/MIR	483	-	94	69891855	85122
chr10	69806733	70006733	harbor2	chr10	69898984	69899183	SINE/MIR	794	-	100	69899084	92351
chr10	69806733	70006733	harbor2	chr10	69899353	69899529	SINE/MIR	516	-	88	69899441	92708
chr10	131290672	131490672	harbor2	chr10	131319611	131319812	SINE/MIR	425	-	100	131319711	29039
chr10	131290672	131490672	harbor2	chr10	131352009	131352037	SINE/MIR	466	-	14	131352023	61351
chr10	131290672	131490672	harbor2	chr10	131352372	131352548	SINE/MIR	466	-	88	131352460	61788
chr10	130568330	130768330	harbor2	chr10	130620840	130621066	SINE/MIR	437	-	113	130620953	52623
chr10	131267561	131467561	harbor2	chr10	131287797	131287918	SINE/MIR	420	-	60	131287857	20296
chr10	131267561	131467561	harbor2	chr10	131319611	131319812	SINE/MIR	425	-	100	131319711	52150
chr10	131267561	131467561	harbor2	chr10	131352009	131352037	SINE/MIR	466	-	14	131352023	84462
chr10	131267561	131467561	harbor2	chr10	131352372	131352548	SINE/MIR	466	-	88	131352460	84899
chr10	104749229	104949229	harbor2	chr10	104749509	104749733	SINE/MIR	442	-	112	104749621	392
chr10	104749229	104949229	harbor2	chr10	104765724	104765934	SINE/MIR	816	-	105	104765829	16600
chr10	104749229	104949229	harbor2	chr10	104804094	104804326	SINE/MIR	456	-	116	104804210	54981
chr10	104749229	104949229	harbor2	chr10	104806074	104806246	SINE/MIR	463	-	86	104806160	56931
chr10	104749229	104949229	harbor2	chr10	104811405	104811584	SINE/MIR	507	-	90	104811495	62266
chr10	104749229	104949229	harbor2	chr10	104825233	104825429	SINE/MIR	429	-	98	104825331	76102
chr10	74840912	75040912	harbor2	chr10	74849678	74849926	SINE/MIR	940	-	124	74849802	8890
chr10	74840912	75040912	harbor2	chr10	74861409	74861651	SINE/MIR	727	-	121	74861530	20618
chr10	74840912	75040912	harbor2	chr10	74868715	74868956	SINE/MIR	593	-	120	74868835	27923
chr10	74840912	75040912	harbor2	chr10	74932224	74932466	SINE/MIR	770	-	121	74932345	91433
chr10	124003783	124203783	harbor2	chr10	124020188	124020357	SINE/MIR	472	-	84	124020272	16489
chr10	124003783	124203783	harbor2	chr10	124027655	124027869	SINE/MIR	489	-	107	124027762	23979
chr10	124003783	124203783	harbor2	chr10	124031691	124031929	SINE/MIR	721	-	119	124031810	28027
chr10	124003783	124203783	harbor2	chr10	124058348	124058545	SINE/MIR	426	-	98	124058446	54663
chr10	124003783	124203783	harbor2	chr10	124058848	124058994	SINE/MIR	428	-	73	124058921	55138
chr10	124003783	124203783	harbor2	chr10	124060935	124061151	SINE/MIR	489	-	108	124061043	57260
chr10	124003783	124203783	harbor2	chr10	124086760	124086947	SINE/MIR	435	-	94	124086854	83071
chr10	93736984	93936984	harbor2	chr10	93753140	93753309	SINE/MIR	409	-	84	93753224	16240
chr10	93736984	93936984	harbor2	chr10	93754655	93754843	SINE/MIR	579	-	94	93754749	17765
chr10	93736984	93936984	harbor2	chr10	93766490	93766512	SINE/MIR	484	-	11	93766501	29517
chr10	93736984	93936984	harbor2	chr10	93766807	93766984	SINE/MIR	484	-	88	93766895	29911
chr10	93736984	93936984	harbor2	chr10	93788436	93788607	SINE/MIR	622	-	86	93788522	51538
chr10	93736984	93936984	harbor2	chr10	93804914	93805070	SINE/MIR	457	-	78	93804992	68008
chr10	93736984	93936984	harbor2	chr10	93808819	93809057	SINE/MIR	712	-	119	93808938	71954
chr10	28366450	28566450	harbor2	chr10	28372858	28373052	SINE/MIR	504	-	97	28372955	6505
chr10	28366450	28566450	harbor2	chr10	28375679	28375880	SINE/MIR	566	-	100	28375779	9329
chr10	28366450	28566450	harbor2	chr10	28377371	28377567	SINE/MIR	797	-	98	28377469	11019
chr10	28366450	28566450	harbor2	chr10	28383517	28383772	SINE/MIR	477	-	128	28383645	17195
chr10	28366450	28566450	harbor2	chr10	28389534	28389785	SINE/MIR	1038	-	126	28389660	23210
chr10	28366450	28566450	harbor2	chr10	28437861	28438099	SINE/MIR	705	-	119	28437980	71530
chr10	122797993	122997993	harbor2	chr10	122815006	122815136	SINE/MIR	414	-	65	122815071	17078
chr10	122797993	122997993	harbor2	chr10	122854274	122854462	SINE/MIR	433	-	94	122854368	56375
chr10	122797993	122997993	harbor2	chr10	122863212	122863460	SINE/MIR	676	-	124	122863336	65343
chr10	122295715	122495715	harbor2	chr10	122323711	122323889	SINE/MIR	523	-	89	122323800	28085
chr10	122295715	122495715	harbor2	chr10	122356683	122356915	SINE/MIR	879	-	116	122356799	61084
chr10	122295715	122495715	harbor2	chr10	122363230	122363453	SINE/MIR	808	-	112	122363342	67627
chr10	122295715	122495715	harbor2	chr10	122363455	122363678	SINE/MIR	599	-	112	122363567	67852
chr10	122295715	122495715	harbor2	chr10	122373184	122373375	SINE/MIR	463	-	96	122373280	77565
chr10	91935025	92135025	harbor2	chr10	92010127	92010295	SINE/MIR	501	-	84	92010211	75186
chr10	29036168	29236168	harbor2	chr10	29038684	29038867	SINE/MIR	604	-	92	29038776	2608
chr10	29036168	29236168	harbor2	chr10	29048048	29048194	SINE/MIR	542	-	73	29048121	11953
chr10	29036168	29236168	harbor2	chr10	29111871	29112100	SINE/MIR	440	-	114	29111985	75817
chr10	29036168	29236168	harbor2	chr10	29134216	29134398	SINE/MIR	442	-	91	29134307	98139
chr10	83828067	84028067	harbor2	chr10	83829118	83829340	SINE/MIR	503	-	111	83829229	1162
chr10	83828067	84028067	harbor2	chr10	83868919	83869146	SINE/MIR	467	-	114	83869033	40966
chr10	83828067	84028067	harbor2	chr10	83874499	83874713	SINE/MIR	498	-	107	83874606	46539
chr10	83828067	84028067	harbor2	chr10	83905103	83905341	SINE/MIR	454	-	119	83905222	77155
chr10	131755583	131955583	harbor2	chr10	131785772	131785999	SINE/MIR	662	-	114	131785886	30303
chr10	102961335	103161335	harbor2	chr10	103014314	103014491	SINE/MIR	524	-	88	103014402	53067
chr10	102961335	103161335	harbor2	chr10	103027784	103028024	SINE/MIR	556	-	120	103027904	66569
chr10	105237426	105437426	harbor2	chr10	105336711	105336841	SINE/MIR	576	-	65	105336776	99350
chr10	108276561	108476561	harbor2	chr10	108344372	108344564	SINE/MIR	451	-	96	108344468	67907
chr10	108276561	108476561	harbor2	chr10	108375284	108375473	SINE/MIR	412	-	94	108375378	98817
chr10	131877011	132077011	harbor2	chr10	131905562	131905782	SINE/MIR	584	-	110	131905672	28661
chr10	131877011	132077011	harbor2	chr10	131912522	131912766	SINE/MIR	475	-	122	131912644	35633
chr10	124709102	124909102	harbor2	chr10	124713171	124713361	SINE/MIR	596	-	95	124713266	4164
chr10	124709102	124909102	harbor2	chr10	124797161	124797257	SINE/MIR	482	-	48	124797209	88107
chr10	124709102	124909102	harbor2	chr10	124797526	124797599	SINE/MIR	482	-	36	124797562	88460
chr10	124709102	124909102	harbor2	chr10	124731257	124731445	SINE/MIR	474	-	94	124731351	22249
chr10	120208288	120408288	harbor2	chr10	120272081	120272223	SINE/MIR	689	-	71	120272152	63864
chr10	120208288	120408288	harbor2	chr10	120291458	120291639	SINE/MIR	488	-	90	120291548	83260
chr10	120208288	120408288	harbor2	chr10	120295812	120296025	SINE/MIR	859	-	106	120295918	87630
chr10	120208288	120408288	harbor2	chr10	120297379	120297486	SINE/MIR	480	-	54	120297433	89145
chr10	116804822	117004822	harbor2	chr10	116815964	116816177	SINE/MIR	427	-	106	116816070	11248
chr10	116804822	117004822	harbor2	chr10	116826808	116827033	SINE/MIR	853	-	112	116826920	22098
chr10	116804822	117004822	harbor2	chr10	116865883	116866104	SINE/MIR	557	-	110	116865993	61171
chr10	116804822	117004822	harbor2	chr10	116889504	116889701	SINE/MIR	545	-	98	116889602	84780
chr10	116804822	117004822	harbor2	chr10	116897637	116897809	SINE/MIR	553	-	86	116897723	92901
chr10	131741733	131941733	harbor2	chr10	131785772	131785999	SINE/MIR	662	-	114	131785886	44153
chr10	107208296	107408296	harbor2	chr10	107250007	107250243	SINE/MIR	490	-	118	107250125	41829
chr10	107208296	107408296	harbor2	chr10	107263118	107263268	SINE/MIR	421	-	75	107263193	54897
chr10	107208296	107408296	harbor2	chr10	107278610	107278794	SINE/MIR	581	-	92	107278702	70406
chr10	107208296	107408296	harbor2	chr10	107307492	107307739	SINE/MIR	742	-	124	107307616	99320
chr10	129072960	129272960	harbor2	chr10	129128808	129128923	SINE/MIR	454	-	58	129128866	55906
chr10	127618429	127818429	harbor2	chr10	127658635	127658844	SINE/MIR	448	-	104	127658739	40310
chr10	127618429	127818429	harbor2	chr10	127706546	127706796	SINE/MIR	617	-	125	127706671	88242
chr10	127618429	127818429	harbor2	chr10	127716231	127716427	SINE/MIR	631	-	98	127716329	97900
chr10	108318135	108518135	harbor2	chr10	108344372	108344564	SINE/MIR	451	-	96	108344468	26333
chr10	108318135	108518135	harbor2	chr10	108375284	108375473	SINE/MIR	412	-	94	108375378	57243
chr10	108318135	108518135	harbor2	chr10	108407703	108407934	SINE/MIR	437	-	116	108407819	89684
chr10	88574918	88774918	harbor2	chr10	88589751	88589919	SINE/MIR	602	-	84	88589835	14917
chr10	88574918	88774918	harbor2	chr10	88649227	88649416	SINE/MIR	621	-	94	88649321	74403
chr10	88574918	88774918	harbor2	chr10	88661609	88661870	SINE/MIR	606	-	130	88661739	86821
chr10	88574918	88774918	harbor2	chr10	88671197	88671436	SINE/MIR	703	-	120	88671317	96399
chr10	88574918	88774918	harbor2	chr10	88670013	88670220	SINE/MIR	438	-	104	88670117	95199
chr10	75516797	75716797	harbor2	chr10	75522129	75522274	SINE/MIR	544	-	72	75522201	5404
chr10	75516797	75716797	harbor2	chr10	75545609	75545755	SINE/MIR	634	-	73	75545682	28885
chr10	75516797	75716797	harbor2	chr10	75596139	75596317	SINE/MIR	510	-	89	75596228	79431
chr10	75516797	75716797	harbor2	chr10	75601684	75601805	SINE/MIR	466	-	60	75601744	84947
chr10	108846617	109046617	harbor2	chr10	108850859	108851038	SINE/MIR	413	-	90	108850949	4332
chr10	108846617	109046617	harbor2	chr10	108863415	108863638	SINE/MIR	650	-	112	108863527	16910
chr10	108846617	109046617	harbor2	chr10	108873078	108873301	SINE/MIR	579	-	112	108873190	26573
chr10	131256720	131456720	harbor2	chr10	131287797	131287918	SINE/MIR	420	-	60	131287857	31137
chr10	131256720	131456720	harbor2	chr10	131319611	131319812	SINE/MIR	425	-	100	131319711	62991
chr10	131256720	131456720	harbor2	chr10	131352009	131352037	SINE/MIR	466	-	14	131352023	95303
chr10	131256720	131456720	harbor2	chr10	131352372	131352548	SINE/MIR	466	-	88	131352460	95740
chr10	128050589	128250589	harbor2	chr10	128092974	128093157	SINE/MIR	573	-	92	128093066	42477
chr10	128050589	128250589	harbor2	chr10	128094982	128095234	SINE/MIR	752	-	126	128095108	44519
chr10	100593749	100793749	harbor2	chr10	100598520	100598693	SINE/MIR	572	-	86	100598606	4857
chr10	100593749	100793749	harbor2	chr10	100621014	100621227	SINE/MIR	788	-	106	100621120	27371
chr10	100593749	100793749	harbor2	chr10	100633525	100633746	SINE/MIR	888	-	110	100633635	39886
chr10	100593749	100793749	harbor2	chr10	100636809	100637017	SINE/MIR	489	-	104	100636913	43164
chr10	100593749	100793749	harbor2	chr10	100643470	100643688	SINE/MIR	738	-	109	100643579	49830
chr10	100593749	100793749	harbor2	chr10	100657515	100657687	SINE/MIR	473	-	86	100657601	63852
chr10	100593749	100793749	harbor2	chr10	100658953	100659104	SINE/MIR	491	-	76	100659029	65280
chr10	100593749	100793749	harbor2	chr10	100673359	100673521	SINE/MIR	621	-	81	100673440	79691
chr10	100593749	100793749	harbor2	chr10	100677890	100677919	SINE/MIR	504	-	14	100677904	84155
chr10	100593749	100793749	harbor2	chr10	100678214	100678387	SINE/MIR	504	-	86	100678300	84551
chr10	100593749	100793749	harbor2	chr10	100678602	100678782	SINE/MIR	707	-	90	100678692	84943
chr10	100593749	100793749	harbor2	chr10	100682050	100682221	SINE/MIR	570	-	86	100682136	88387
chr10	100593749	100793749	harbor2	chr10	100682522	100682574	SINE/MIR	570	-	26	100682548	88799
chr10	100593749	100793749	harbor2	chr10	100691732	100691958	SINE/MIR	665	-	113	100691845	98096
chr10	127942419	128142419	harbor2	chr10	127966438	127966530	SINE/MIR	419	-	46	127966484	24065
chr10	127942419	128142419	harbor2	chr10	127966643	127966809	SINE/MIR	419	-	83	127966726	24307
chr10	57524343	57724343	harbor2	chr10	57540103	57540266	SINE/MIR	458	-	82	57540185	15842
chr10	57524343	57724343	harbor2	chr10	57571440	57571653	SINE/MIR	468	-	106	57571546	47203
chr10	99882955	100082955	harbor2	chr10	99911990	99912238	SINE/MIR	676	-	124	99912114	29159
chr10	99882955	100082955	harbor2	chr10	99915735	99915935	SINE/MIR	611	-	100	99915835	32880
chr10	99882955	100082955	harbor2	chr10	99927359	99927562	SINE/MIR	439	-	102	99927461	44506
chr10	99882955	100082955	harbor2	chr10	99937305	99937517	SINE/MIR	476	-	106	99937411	54456
chr10	99882955	100082955	harbor2	chr10	99965114	99965346	SINE/MIR	912	-	116	99965230	82275
chr10	99882955	100082955	harbor2	chr10	99975872	99976088	SINE/MIR	464	-	108	99975980	93025
chr10	106842850	107042850	harbor2	chr10	106860426	106860665	SINE/MIR	865	-	120	106860546	17696
chr10	106842850	107042850	harbor2	chr10	106935608	106935780	SINE/MIR	469	-	86	106935694	92844
chr10	102489603	102689603	harbor2	chr10	102511519	102511710	SINE/MIR	493	-	96	102511615	22012
chr10	102489603	102689603	harbor2	chr10	102512012	102512042	SINE/MIR	419	-	15	102512027	22424
chr10	102489603	102689603	harbor2	chr10	102518111	102518347	SINE/MIR	1023	-	118	102518229	28626
chr10	102489603	102689603	harbor2	chr10	102529974	102530209	SINE/MIR	503	-	118	102530092	40489
chr10	102489603	102689603	harbor2	chr10	102538783	102538946	SINE/MIR	819	-	82	102538865	49262
chr10	102489603	102689603	harbor2	chr10	102543813	102543929	SINE/MIR	680	-	58	102543871	54268
chr10	68914592	69114592	harbor2	chr10	69003583	69003694	SINE/MIR	503	-	56	69003639	89047
chr10	90288138	90488138	harbor2	chr10	90324183	90324382	SINE/MIR	433	-	100	90324283	36145
chr10	90288138	90488138	harbor2	chr10	90373747	90373944	SINE/MIR	414	-	98	90373845	85707
chr11	88809305	89009305	harbor2	chr11	88812358	88812510	SINE/MIR	438	-	76	88812434	3129
chr11	88809305	89009305	harbor2	chr11	88817697	88817933	SINE/MIR	470	-	118	88817815	8510
chr11	88809305	89009305	harbor2	chr11	88859461	88859682	SINE/MIR	390	-	110	88859571	50266
chr11	88809305	89009305	harbor2	chr11	88871102	88871307	SINE/MIR	579	-	102	88871204	61899
chr11	94745263	94945263	harbor2	chr11	94750887	94751051	SINE/MIR	535	-	82	94750969	5706
chr11	94745263	94945263	harbor2	chr11	94753477	94753705	SINE/MIR	640	-	114	94753591	8328
chr11	94745263	94945263	harbor2	chr11	94757225	94757466	SINE/MIR	624	-	120	94757345	12082
chr11	94745263	94945263	harbor2	chr11	94764835	94764929	SINE/MIR	430	-	47	94764882	19619
chr11	94745263	94945263	harbor2	chr11	94766260	94766477	SINE/MIR	647	-	108	94766368	21105
chr11	94745263	94945263	harbor2	chr11	94780653	94780848	SINE/MIR	677	-	98	94780751	35488
chr11	94745263	94945263	harbor2	chr11	94797145	94797296	SINE/MIR	480	-	76	94797221	51958
chr11	94745263	94945263	harbor2	chr11	94800710	94800880	SINE/MIR	447	-	85	94800795	55532
chr11	94745263	94945263	harbor2	chr11	94804868	94805090	SINE/MIR	587	-	111	94804979	59716
chr11	94745263	94945263	harbor2	chr11	94839290	94839507	SINE/MIR	756	-	108	94839398	94135
chr11	114935676	115135676	harbor2	chr11	114952105	114952344	SINE/MIR	552	-	120	114952225	16549
chr11	114935676	115135676	harbor2	chr11	114958322	114958478	SINE/MIR	455	-	78	114958400	22724
chr11	114935676	115135676	harbor2	chr11	114979229	114979472	SINE/MIR	749	-	122	114979351	43675
chr11	114935676	115135676	harbor2	chr11	114984077	114984322	SINE/MIR	448	-	122	114984199	48523
chr11	114935676	115135676	harbor2	chr11	114985288	114985450	SINE/MIR	414	-	81	114985369	49693
chr11	114935676	115135676	harbor2	chr11	114987054	114987221	SINE/MIR	450	-	84	114987138	51462
chr11	114935676	115135676	harbor2	chr11	114998422	114998657	SINE/MIR	541	-	118	114998540	62864
chr11	134721797	134921797	harbor2	chr11	134810968	134811192	SINE/MIR	466	-	112	134811080	89283
chr11	20697519	20897519	harbor2	chr11	20715316	20715551	SINE/MIR	449	-	118	20715434	17915
chr11	20697519	20897519	harbor2	chr11	20745771	20745935	SINE/MIR	426	-	82	20745853	48334
chr11	20697519	20897519	harbor2	chr11	20768087	20768314	SINE/MIR	557	-	114	20768201	70682
chr11	20697519	20897519	harbor2	chr11	20773297	20773490	SINE/MIR	692	-	96	20773393	75874
chr11	20697519	20897519	harbor2	chr11	20773797	20773864	SINE/MIR	692	-	34	20773831	76312
chr11	20697519	20897519	harbor2	chr11	20779789	20779966	SINE/MIR	508	-	88	20779877	82358
chr11	20697519	20897519	harbor2	chr11	20782439	20782535	SINE/MIR	462	-	48	20782487	84968
chr11	132076026	132276026	harbor2	chr11	132077432	132077686	SINE/MIR	489	-	127	132077559	1533
chr11	132076026	132276026	harbor2	chr11	132089977	132090186	SINE/MIR	739	-	104	132090081	14055
chr11	132076026	132276026	harbor2	chr11	132130849	132130970	SINE/MIR	405	-	60	132130909	54883
chr11	132076026	132276026	harbor2	chr11	132163430	132163654	SINE/MIR	568	-	112	132163542	87516
chr11	132076026	132276026	harbor2	chr11	132163954	132164087	SINE/MIR	450	-	66	132164020	87994
chr11	132076026	132276026	harbor2	chr11	132165495	132165691	SINE/MIR	554	-	98	132165593	89567
chr11	133599692	133799692	harbor2	chr11	133604692	133604918	SINE/MIR	598	-	113	133604805	5113
chr11	133599692	133799692	harbor2	chr11	133633202	133633450	SINE/MIR	736	-	124	133633326	33634
chr11	133599692	133799692	harbor2	chr11	133669331	133669539	SINE/MIR	790	-	104	133669435	69743
chr11	80406593	80606593	harbor2	chr11	80427374	80427541	SINE/MIR	397	-	84	80427458	20865
chr11	80406593	80606593	harbor2	chr11	80437149	80437384	SINE/MIR	872	-	118	80437267	30674
chr11	80406593	80606593	harbor2	chr11	80443457	80443656	SINE/MIR	484	-	100	80443557	36964
chr11	80406593	80606593	harbor2	chr11	80471416	80471566	SINE/MIR	382	-	75	80471491	64898
chr11	80406593	80606593	harbor2	chr11	80474263	80474486	SINE/MIR	393	-	112	80474375	67782
chr11	80406593	80606593	harbor2	chr11	80477401	80477606	SINE/MIR	548	-	102	80477503	70910
chr11	33799228	33999228	harbor2	chr11	33821563	33821769	SINE/MIR	400	-	103	33821666	22438
chr11	33799228	33999228	harbor2	chr11	33845878	33846021	SINE/MIR	475	-	72	33845950	46722
chr11	33799228	33999228	harbor2	chr11	33863880	33864096	SINE/MIR	729	-	108	33863988	64760
chr11	33799228	33999228	harbor2	chr11	33882672	33882899	SINE/MIR	726	-	114	33882786	83558
chr11	33799228	33999228	harbor2	chr11	33883674	33883849	SINE/MIR	419	-	88	33883762	84534
chr11	33799228	33999228	harbor2	chr11	33888878	33889016	SINE/MIR	500	-	69	33888947	89719
chr11	67823502	68023502	harbor2	chr11	67828832	67829038	SINE/MIR	591	-	103	67828935	5433
chr11	67823502	68023502	harbor2	chr11	67829507	67829670	SINE/MIR	528	-	82	67829589	6087
chr11	113602741	113802741	harbor2	chr11	113618527	113618736	SINE/MIR	448	-	104	113618631	15890
chr11	113602741	113802741	harbor2	chr11	113646125	113646294	SINE/MIR	467	-	84	113646209	43468
chr11	113602741	113802741	harbor2	chr11	113671762	113671871	SINE/MIR	479	-	54	113671816	69075
chr11	113602741	113802741	harbor2	chr11	113672805	113672918	SINE/MIR	479	-	56	113672861	70120
chr11	113602741	113802741	harbor2	chr11	113674599	113674745	SINE/MIR	483	-	73	113674672	71931
chr11	113602741	113802741	harbor2	chr11	113679112	113679368	SINE/MIR	414	-	128	113679240	76499
chr11	113602741	113802741	harbor2	chr11	113689380	113689579	SINE/MIR	430	-	100	113689480	86739
chr11	113602741	113802741	harbor2	chr11	113697590	113697816	SINE/MIR	583	-	113	113697703	94962
chr11	113602741	113802741	harbor2	chr11	113697817	113697859	SINE/MIR	465	-	21	113697838	95097
chr11	113602741	113802741	harbor2	chr11	113698268	113698421	SINE/MIR	465	-	76	113698344	95603
chr11	97054077	97254077	harbor2	chr11	97080371	97080492	SINE/MIR	399	-	60	97080431	26354
chr11	97054077	97254077	harbor2	chr11	97093726	97093898	SINE/MIR	448	-	86	97093812	39735
chr11	97054077	97254077	harbor2	chr11	97108504	97108647	SINE/MIR	505	-	72	97108576	54499
chr11	97054077	97254077	harbor2	chr11	97144435	97144615	SINE/MIR	540	-	90	97144525	90448
chr11	97054077	97254077	harbor2	chr11	97153843	97154092	SINE/MIR	457	-	124	97153967	99890
chr11	132269289	132469289	harbor2	chr11	132300278	132300422	SINE/MIR	437	-	72	132300350	31061
chr11	132269289	132469289	harbor2	chr11	132359724	132359974	SINE/MIR	496	-	125	132359849	90560
chr11	105509477	105709477	harbor2	chr11	105520919	105521137	SINE/MIR	677	-	109	105521028	11551
chr11	105509477	105709477	harbor2	chr11	105530849	105531061	SINE/MIR	435	-	106	105530955	21478
chr11	105509477	105709477	harbor2	chr11	105532272	105532430	SINE/MIR	465	-	79	105532351	22874
chr11	64288974	64488974	harbor2	chr11	64296446	64296609	SINE/MIR	528	-	82	64296528	7554
chr11	64288974	64488974	harbor2	chr11	64302167	64302268	SINE/MIR	374	-	50	64302217	13243
chr11	64288974	64488974	harbor2	chr11	64302863	64302887	SINE/MIR	374	-	12	64302875	13901
chr11	64288974	64488974	harbor2	chr11	64303199	64303353	SINE/MIR	374	-	77	64303276	14302
chr11	64288974	64488974	harbor2	chr11	64309957	64310164	SINE/MIR	601	-	104	64310061	21087
chr11	64288974	64488974	harbor2	chr11	64311018	64311200	SINE/MIR	516	-	91	64311109	22135
chr11	64288974	64488974	harbor2	chr11	64354414	64354596	SINE/MIR	375	-	91	64354505	65531
chr11	64288974	64488974	harbor2	chr11	64362623	64362677	SINE/MIR	519	-	27	64362650	73676
chr11	64288974	64488974	harbor2	chr11	64362971	64363100	SINE/MIR	519	-	64	64363035	74061
chr11	64288974	64488974	harbor2	chr11	64290665	64290877	SINE/MIR	386	-	106	64290771	1797
chr11	105057885	105257885	harbor2	chr11	105136379	105136529	SINE/MIR	387	-	75	105136454	78569
chr11	105057885	105257885	harbor2	chr11	105147996	105148187	SINE/MIR	788	-	96	105148092	90207
chr11	105057885	105257885	harbor2	chr11	105148790	105149017	SINE/MIR	472	-	114	105148904	91019
chr11	121785436	121985436	harbor2	chr11	121796572	121796776	SINE/MIR	555	-	102	121796674	11238
chr11	121785436	121985436	harbor2	chr11	121803896	121804148	SINE/MIR	821	-	126	121804022	18586
chr11	121785436	121985436	harbor2	chr11	121809378	121809602	SINE/MIR	716	-	112	121809490	24054
chr11	121785436	121985436	harbor2	chr11	121832372	121832601	SINE/MIR	622	-	114	121832486	47050
chr11	121785436	121985436	harbor2	chr11	121845629	121845846	SINE/MIR	682	-	108	121845737	60301
chr11	121785436	121985436	harbor2	chr11	121867333	121867383	SINE/MIR	824	-	25	121867358	81922
chr11	121785436	121985436	harbor2	chr11	121867698	121867871	SINE/MIR	824	-	86	121867784	82348
chr11	121785436	121985436	harbor2	chr11	121871958	121872089	SINE/MIR	516	-	66	121872024	86588
chr11	121785436	121985436	harbor2	chr11	121876591	121876734	SINE/MIR	439	-	72	121876663	91227
chr11	106411230	106611230	harbor2	chr11	106436482	106436706	SINE/MIR	642	-	112	106436594	25364
chr11	106411230	106611230	harbor2	chr11	106448151	106448305	SINE/MIR	415	-	77	106448228	36998
chr11	106411230	106611230	harbor2	chr11	106456192	106456356	SINE/MIR	510	-	82	106456274	45044
chr11	106411230	106611230	harbor2	chr11	106464625	106464780	SINE/MIR	433	-	78	106464703	53473
chr11	106411230	106611230	harbor2	chr11	106466400	106466588	SINE/MIR	491	-	94	106466494	55264
chr11	106411230	106611230	harbor2	chr11	106506781	106506987	SINE/MIR	445	-	103	106506884	95654
chr11	63225256	63425256	harbor2	chr11	63268548	63268757	SINE/MIR	417	-	104	63268652	43396
chr11	63225256	63425256	harbor2	chr11	63298372	63298512	SINE/MIR	392	-	70	63298442	73186
chr11	122761608	122961608	harbor2	chr11	122762931	122763094	SINE/MIR	520	-	82	122763013	1405
chr11	122761608	122961608	harbor2	chr11	122833869	122834101	SINE/MIR	735	-	116	122833985	72377
chr11	122761608	122961608	harbor2	chr11	122835204	122835360	SINE/MIR	395	-	78	122835282	73674
chr11	122761608	122961608	harbor2	chr11	122847063	122847277	SINE/MIR	573	-	107	122847170	85562
chr11	87536864	87736864	harbor2	chr11	87554073	87554317	SINE/MIR	437	-	122	87554195	17331
chr11	87536864	87736864	harbor2	chr11	87578197	87578362	SINE/MIR	473	-	82	87578279	41415
chr11	87536864	87736864	harbor2	chr11	87595613	87595866	SINE/MIR	507	-	126	87595739	58875
chr11	87536864	87736864	harbor2	chr11	87597452	87597601	SINE/MIR	458	-	74	87597526	60662
chr11	87536864	87736864	harbor2	chr11	87599834	87600003	SINE/MIR	448	-	84	87599918	63054
chr11	87536864	87736864	harbor2	chr11	87614747	87614951	SINE/MIR	619	-	102	87614849	77985
chr11	87536864	87736864	harbor2	chr11	87627894	87628125	SINE/MIR	533	-	116	87628010	91146
chr11	89426752	89626752	harbor2	chr11	89447479	89447694	SINE/MIR	582	-	108	89447587	20835
chr11	89426752	89626752	harbor2	chr11	89453598	89453839	SINE/MIR	701	-	120	89453718	26966
chr11	89426752	89626752	harbor2	chr11	89481361	89481593	SINE/MIR	477	-	116	89481477	54725
chr11	89426752	89626752	harbor2	chr11	89508676	89508919	SINE/MIR	614	-	122	89508798	82046
chr11	89426752	89626752	harbor2	chr11	89513693	89513840	SINE/MIR	389	-	74	89513767	87015
chr11	50026457	50226457	harbor2	chr11	50045538	50045779	SINE/MIR	424	-	120	50045658	19201
chr11	50026457	50226457	harbor2	chr11	50099792	50099929	SINE/MIR	455	-	68	50099860	73403
chr11	104576591	104776591	harbor2	chr11	104666952	104667078	SINE/MIR	425	-	63	104667015	90424
chr11	134687844	134887844	harbor2	chr11	134705056	134705288	SINE/MIR	671	-	116	134705172	17328
chr11	119038352	119238352	harbor2	chr11	119126429	119126598	SINE/MIR	414	-	84	119126513	88161
chr11	119038352	119238352	harbor2	chr11	119128919	119129025	SINE/MIR	510	-	53	119128972	90620
chr11	119038352	119238352	harbor2	chr11	119132145	119132353	SINE/MIR	882	-	104	119132249	93897
chr11	133320641	133520641	harbor2	chr11	133335179	133335347	SINE/MIR	490	-	84	133335263	14622
chr11	133320641	133520641	harbor2	chr11	133339193	133339423	SINE/MIR	821	-	115	133339308	18667
chr11	133320641	133520641	harbor2	chr11	133360059	133360287	SINE/MIR	427	-	114	133360173	39532
chr11	133320641	133520641	harbor2	chr11	133388871	133389081	SINE/MIR	550	-	105	133388976	68335
chr11	133320641	133520641	harbor2	chr11	133391732	133391883	SINE/MIR	402	-	76	133391808	71167
chr11	133320641	133520641	harbor2	chr11	133391917	133391989	SINE/MIR	402	-	36	133391953	71312
chr11	133320641	133520641	harbor2	chr11	133392101	133392325	SINE/MIR	773	-	112	133392213	71572
chr11	133320641	133520641	harbor2	chr11	133401352	133401569	SINE/MIR	570	-	108	133401460	80819
chr11	133320641	133520641	harbor2	chr11	133404434	133404580	SINE/MIR	426	-	73	133404507	83866
chr11	133320641	133520641	harbor2	chr11	133417316	133417462	SINE/MIR	478	-	73	133417389	96748
chr11	122555078	122755078	harbor2	chr11	122561708	122561976	SINE/MIR	704	-	134	122561842	6764
chr11	122555078	122755078	harbor2	chr11	122605023	122605216	SINE/MIR	582	-	96	122605119	50041
chr11	122555078	122755078	harbor2	chr11	122633035	122633245	SINE/MIR	447	-	105	122633140	78062
chr11	130939077	131139077	harbor2	chr11	130983872	130984110	SINE/MIR	640	-	119	130983991	44914
chr11	130939077	131139077	harbor2	chr11	131029608	131029811	SINE/MIR	672	-	102	131029710	90633
chr11	130939077	131139077	harbor2	chr11	131032348	131032513	SINE/MIR	575	-	82	131032430	93353
chr11	130939077	131139077	harbor2	chr11	131033778	131033969	SINE/MIR	767	-	96	131033874	94797
chr11	96932710	97132710	harbor2	chr11	96955269	96955410	SINE/MIR	439	-	70	96955339	22629
chr11	96932710	97132710	harbor2	chr11	96970708	96970863	SINE/MIR	393	-	78	96970786	38076
chr11	96932710	97132710	harbor2	chr11	96979895	96980098	SINE/MIR	488	-	102	96979997	47287
chr11	96932710	97132710	harbor2	chr11	97005841	97006032	SINE/MIR	616	-	96	97005937	73227
chr11	85107485	85307485	harbor2	chr11	85112585	85112834	SINE/MIR	571	-	124	85112709	5224
chr11	85107485	85307485	harbor2	chr11	85124405	85124619	SINE/MIR	457	-	107	85124512	17027
chr11	85107485	85307485	harbor2	chr11	85128900	85129116	SINE/MIR	475	-	108	85129008	21523
chr11	85107485	85307485	harbor2	chr11	85137244	85137464	SINE/MIR	411	-	110	85137354	29869
chr11	85107485	85307485	harbor2	chr11	85153055	85153260	SINE/MIR	450	-	102	85153157	45672
chr11	85107485	85307485	harbor2	chr11	85179828	85180038	SINE/MIR	677	-	105	85179933	72448
chr11	85107485	85307485	harbor2	chr11	85180852	85180966	SINE/MIR	432	-	57	85180909	73424
chr11	85107485	85307485	harbor2	chr11	85182145	85182339	SINE/MIR	509	-	97	85182242	74757
chr11	85107485	85307485	harbor2	chr11	85183896	85184096	SINE/MIR	392	-	100	85183996	76511
chr11	85107485	85307485	harbor2	chr11	85185787	85186011	SINE/MIR	601	-	112	85185899	78414
chr11	85107485	85307485	harbor2	chr11	85191798	85191954	SINE/MIR	466	-	78	85191876	84391
chr11	129224657	129424657	harbor2	chr11	129239288	129239511	SINE/MIR	494	-	112	129239400	14743
chr11	129224657	129424657	harbor2	chr11	129244093	129244222	SINE/MIR	545	-	64	129244157	19500
chr11	129224657	129424657	harbor2	chr11	129275263	129275485	SINE/MIR	811	-	111	129275374	50717
chr11	129224657	129424657	harbor2	chr11	129276702	129276944	SINE/MIR	542	-	121	129276823	52166
chr11	129224657	129424657	harbor2	chr11	129293616	129293791	SINE/MIR	550	-	88	129293704	69047
chr11	129224657	129424657	harbor2	chr11	129318840	129319068	SINE/MIR	560	-	114	129318954	94297
chr11	128042982	128242982	harbor2	chr11	128050204	128050418	SINE/MIR	693	-	107	128050311	7329
chr11	128042982	128242982	harbor2	chr11	128056768	128057024	SINE/MIR	421	-	128	128056896	13914
chr11	128042982	128242982	harbor2	chr11	128063168	128063381	SINE/MIR	688	-	106	128063274	20292
chr11	128042982	128242982	harbor2	chr11	128106516	128106704	SINE/MIR	404	-	94	128106610	63628
chr11	128042982	128242982	harbor2	chr11	128136244	128136440	SINE/MIR	428	-	98	128136342	93360
chr11	115763104	115963104	harbor2	chr11	115778698	115778834	SINE/MIR	429	-	68	115778766	15662
chr11	115763104	115963104	harbor2	chr11	115788334	115788478	SINE/MIR	533	-	72	115788406	25302
chr11	115763104	115963104	harbor2	chr11	115788965	115789075	SINE/MIR	533	-	55	115789020	25916
chr11	115763104	115963104	harbor2	chr11	115796715	115796924	SINE/MIR	486	-	104	115796819	33715
chr11	115763104	115963104	harbor2	chr11	115808196	115808420	SINE/MIR	402	-	112	115808308	45204
chr11	115763104	115963104	harbor2	chr11	115847717	115847937	SINE/MIR	887	-	110	115847827	84723
chr11	115763104	115963104	harbor2	chr11	115802104	115802329	SINE/MIR	676	-	112	115802216	39112
chr11	104219399	104419399	harbor2	chr11	104242416	104242573	SINE/MIR	510	-	78	104242494	23095
chr11	104219399	104419399	harbor2	chr11	104255790	104255937	SINE/MIR	493	-	74	104255864	36465
chr11	104219399	104419399	harbor2	chr11	104318531	104318728	SINE/MIR	381	-	98	104318629	99230
chr11	133691837	133891837	harbor2	chr11	133701336	133701541	SINE/MIR	473	-	102	133701438	9601
chr11	133691837	133891837	harbor2	chr11	133703737	133703968	SINE/MIR	992	-	116	133703853	12016
chr11	133691837	133891837	harbor2	chr11	133745396	133745601	SINE/MIR	437	-	102	133745498	53661
chr11	133691837	133891837	harbor2	chr11	133748170	133748368	SINE/MIR	421	-	99	133748269	56432
chr11	133691837	133891837	harbor2	chr11	133788188	133788405	SINE/MIR	513	-	108	133788296	96459
chr11	133691837	133891837	harbor2	chr11	133790116	133790317	SINE/MIR	505	-	100	133790216	98379
chr11	128358885	128558885	harbor2	chr11	128360523	128360779	SINE/MIR	786	-	128	128360651	1766
chr11	128358885	128558885	harbor2	chr11	128387354	128387538	SINE/MIR	423	-	92	128387446	28561
chr11	128358885	128558885	harbor2	chr11	128400380	128400621	SINE/MIR	496	-	120	128400500	41615
chr11	128358885	128558885	harbor2	chr11	128402608	128402810	SINE/MIR	563	-	101	128402709	43824
chr11	128358885	128558885	harbor2	chr11	128423397	128423604	SINE/MIR	442	-	104	128423501	64616
chr11	128358885	128558885	harbor2	chr11	128448050	128448246	SINE/MIR	375	-	98	128448148	89263
chr11	128358885	128558885	harbor2	chr11	128449854	128450103	SINE/MIR	561	-	124	128449978	91093
chr11	128358885	128558885	harbor2	chr11	128452237	128452423	SINE/MIR	564	-	93	128452330	93445
chr11	72791212	72991212	harbor2	chr11	72790994	72791280	SINE/MIR	431	-	143	72791137	75
chr11	72791212	72991212	harbor2	chr11	72890639	72890833	SINE/MIR	394	-	97	72890736	99524
chr11	100220962	100420962	harbor2	chr11	100232854	100233014	SINE/MIR	416	-	80	100232934	11972
chr11	100220962	100420962	harbor2	chr11	100299865	100300032	SINE/MIR	375	-	84	100299949	78987
chr11	100220962	100420962	harbor2	chr11	100300908	100301077	SINE/MIR	539	-	84	100300992	80030
chr11	100220962	100420962	harbor2	chr11	100307822	100308074	SINE/MIR	415	-	126	100307948	86986
chr11	130078647	130278647	harbor2	chr11	130100007	130100250	SINE/MIR	666	-	122	130100129	21482
chr11	130078647	130278647	harbor2	chr11	130118386	130118504	SINE/MIR	494	-	59	130118445	39798
chr11	130078647	130278647	harbor2	chr11	130127428	130127578	SINE/MIR	375	-	75	130127503	48856
chr11	130078647	130278647	harbor2	chr11	130136328	130136549	SINE/MIR	612	-	110	130136438	57791
chr11	130078647	130278647	harbor2	chr11	130137884	130138079	SINE/MIR	487	-	98	130137982	59335
chr11	130078647	130278647	harbor2	chr11	130165043	130165161	SINE/MIR	577	-	59	130165102	86455
chr11	130078647	130278647	harbor2	chr11	130165732	130165909	SINE/MIR	510	-	88	130165820	87173
chr11	114097142	114297142	harbor2	chr11	114119675	114119914	SINE/MIR	507	-	120	114119795	22653
chr11	114097142	114297142	harbor2	chr11	114121543	114121760	SINE/MIR	913	-	108	114121651	24509
chr11	114097142	114297142	harbor2	chr11	114141498	114141709	SINE/MIR	433	-	106	114141604	44462
chr11	114097142	114297142	harbor2	chr11	114149135	114149274	SINE/MIR	430	-	70	114149205	52063
chr11	114097142	114297142	harbor2	chr11	114168442	114168647	SINE/MIR	590	-	102	114168544	71402
chr11	114097142	114297142	harbor2	chr11	114172336	114172557	SINE/MIR	823	-	110	114172446	75304
chr11	114097142	114297142	harbor2	chr11	114178259	114178513	SINE/MIR	803	-	127	114178386	81244
chr11	114097142	114297142	harbor2	chr11	114181276	114181470	SINE/MIR	378	-	97	114181373	84231
chr11	114097142	114297142	harbor2	chr11	114181493	114181727	SINE/MIR	451	-	117	114181610	84468
chr11	114097142	114297142	harbor2	chr11	114187629	114187670	SINE/MIR	492	-	20	114187649	90507
chr11	114097142	114297142	harbor2	chr11	114188206	114188318	SINE/MIR	492	-	56	114188262	91120
chr11	95485116	95685116	harbor2	chr11	95489035	95489202	SINE/MIR	688	-	84	95489119	4003
chr11	95485116	95685116	harbor2	chr11	95499377	95499604	SINE/MIR	519	-	114	95499491	14375
chr11	95485116	95685116	harbor2	chr11	95500990	95501152	SINE/MIR	395	-	81	95501071	15955
chr11	95485116	95685116	harbor2	chr11	95523410	95523557	SINE/MIR	548	-	74	95523484	38368
chr11	95485116	95685116	harbor2	chr11	95538316	95538493	SINE/MIR	395	-	88	95538404	53288
chr11	95485116	95685116	harbor2	chr11	95554370	95554600	SINE/MIR	579	-	115	95554485	69369
chr11	95485116	95685116	harbor2	chr11	95555556	95555802	SINE/MIR	941	-	123	95555679	70563
chr11	95485116	95685116	harbor2	chr11	95557711	95557886	SINE/MIR	552	-	88	95557799	72683
chr11	95485116	95685116	harbor2	chr11	95561133	95561290	SINE/MIR	557	-	78	95561211	76095
chr11	95485116	95685116	harbor2	chr11	95576235	95576431	SINE/MIR	691	-	98	95576333	91217
chr11	94562424	94762424	harbor2	chr11	94563549	94563627	SINE/MIR	650	-	39	94563588	1164
chr11	94562424	94762424	harbor2	chr11	94563841	94564008	SINE/MIR	650	-	84	94563925	1501
chr11	94562424	94762424	harbor2	chr11	94597371	94597614	SINE/MIR	963	-	122	94597493	35069
chr11	94562424	94762424	harbor2	chr11	94616062	94616293	SINE/MIR	571	-	116	94616178	53754
chr11	94562424	94762424	harbor2	chr11	94622590	94622784	SINE/MIR	465	-	97	94622687	60263
chr11	94562424	94762424	harbor2	chr11	94646849	94646902	SINE/MIR	647	-	26	94646875	84451
chr11	94562424	94762424	harbor2	chr11	94647312	94647450	SINE/MIR	680	-	69	94647381	84957
chr11	94562424	94762424	harbor2	chr11	94660569	94660735	SINE/MIR	481	-	83	94660652	98228
chr11	126756558	126956558	harbor2	chr11	126771137	126771395	SINE/MIR	659	-	129	126771266	14708
chr11	126756558	126956558	harbor2	chr11	126787909	126788101	SINE/MIR	561	-	96	126788005	31447
chr11	126756558	126956558	harbor2	chr11	126792311	126792499	SINE/MIR	759	-	94	126792405	35847
chr11	126756558	126956558	harbor2	chr11	126824324	126824464	SINE/MIR	389	-	70	126824394	67836
chr11	126756558	126956558	harbor2	chr11	126825726	126825856	SINE/MIR	733	-	65	126825791	69233
chr11	25046314	25246314	harbor2	chr11	25059962	25060149	SINE/MIR	389	-	94	25060056	13742
chr11	25046314	25246314	harbor2	chr11	25060510	25060527	SINE/MIR	389	-	8	25060518	14204
chr11	25046314	25246314	harbor2	chr11	25071939	25072171	SINE/MIR	478	-	116	25072055	25741
chr11	25046314	25246314	harbor2	chr11	25073852	25074075	SINE/MIR	406	-	112	25073964	27650
chr11	25046314	25246314	harbor2	chr11	25084131	25084371	SINE/MIR	465	-	120	25084251	37937
chr11	101525974	101725974	harbor2	chr11	101531252	101531424	SINE/MIR	584	-	86	101531338	5364
chr11	101525974	101725974	harbor2	chr11	101619785	101620007	SINE/MIR	450	-	111	101619896	93922
chr11	103600260	103800260	harbor2	chr11	103607743	103607929	SINE/MIR	386	-	93	103607836	7576
chr11	103600260	103800260	harbor2	chr11	103618910	103619044	SINE/MIR	377	-	67	103618977	18717
chr11	103600260	103800260	harbor2	chr11	103630476	103630639	SINE/MIR	680	-	82	103630558	30298
chr11	103600260	103800260	harbor2	chr11	103635807	103635945	SINE/MIR	483	-	69	103635876	35616
chr11	103600260	103800260	harbor2	chr11	103636253	103636367	SINE/MIR	483	-	57	103636310	36050
chr11	103600260	103800260	harbor2	chr11	103648884	103649064	SINE/MIR	607	-	90	103648974	48714
chr11	103600260	103800260	harbor2	chr11	103653248	103653408	SINE/MIR	478	-	80	103653328	53068
chr11	103600260	103800260	harbor2	chr11	103667208	103667406	SINE/MIR	450	-	99	103667307	67047
chr11	103600260	103800260	harbor2	chr11	103670924	103671140	SINE/MIR	590	-	108	103671032	70772
chr11	103600260	103800260	harbor2	chr11	103681197	103681299	SINE/MIR	392	-	51	103681248	80988
chr11	103600260	103800260	harbor2	chr11	103695478	103695661	SINE/MIR	495	-	92	103695570	95310
chr11	126600636	126800636	harbor2	chr11	126602395	126602615	SINE/MIR	608	-	110	126602505	1869
chr11	126600636	126800636	harbor2	chr11	126604396	126604526	SINE/MIR	433	-	65	126604461	3825
chr11	126600636	126800636	harbor2	chr11	126609858	126610096	SINE/MIR	693	-	119	126609977	9341
chr11	126600636	126800636	harbor2	chr11	126615315	126615547	SINE/MIR	744	-	116	126615431	14795
chr11	126600636	126800636	harbor2	chr11	126616539	126616640	SINE/MIR	377	-	50	126616589	15953
chr11	126600636	126800636	harbor2	chr11	126616942	126617039	SINE/MIR	377	-	48	126616990	16354
chr11	126600636	126800636	harbor2	chr11	126617619	126617863	SINE/MIR	1129	-	122	126617741	17105
chr11	126600636	126800636	harbor2	chr11	126622810	126623039	SINE/MIR	852	-	114	126622924	22288
chr11	126600636	126800636	harbor2	chr11	126631165	126631368	SINE/MIR	465	-	102	126631267	30631
chr11	126600636	126800636	harbor2	chr11	126631678	126631882	SINE/MIR	690	-	102	126631780	31144
chr11	126600636	126800636	harbor2	chr11	126652403	126652646	SINE/MIR	594	-	122	126652525	51889
chr11	126600636	126800636	harbor2	chr11	126677418	126677608	SINE/MIR	471	-	95	126677513	76877
chr11	126600636	126800636	harbor2	chr11	126679379	126679604	SINE/MIR	544	-	112	126679491	78855
chr11	130471575	130671575	harbor2	chr11	130472451	130472620	SINE/MIR	525	-	84	130472535	960
chr11	130471575	130671575	harbor2	chr11	130472735	130472943	SINE/MIR	513	-	104	130472839	1264
chr11	130471575	130671575	harbor2	chr11	130479945	130480150	SINE/MIR	407	-	102	130480047	8472
chr11	130471575	130671575	harbor2	chr11	130548836	130548970	SINE/MIR	380	-	67	130548903	77328
chr11	130471575	130671575	harbor2	chr11	130552667	130552880	SINE/MIR	376	-	106	130552773	81198
chr11	130471575	130671575	harbor2	chr11	130553926	130554045	SINE/MIR	467	-	60	130553986	82411
chr11	130471575	130671575	harbor2	chr11	130555884	130556093	SINE/MIR	379	-	104	130555988	84413
chr11	130489213	130689213	harbor2	chr11	130548836	130548970	SINE/MIR	380	-	67	130548903	59690
chr11	130489213	130689213	harbor2	chr11	130552667	130552880	SINE/MIR	376	-	106	130552773	63560
chr11	130489213	130689213	harbor2	chr11	130553926	130554045	SINE/MIR	467	-	60	130553986	64773
chr11	130489213	130689213	harbor2	chr11	130555884	130556093	SINE/MIR	379	-	104	130555988	66775
chr11	130489213	130689213	harbor2	chr11	130571763	130571986	SINE/MIR	590	-	112	130571875	82662
chr11	130489213	130689213	harbor2	chr11	130576020	130576223	SINE/MIR	390	-	102	130576122	86909
chr11	130489213	130689213	harbor2	chr11	130576357	130576530	SINE/MIR	375	-	86	130576443	87230
chr11	130489213	130689213	harbor2	chr11	130582201	130582374	SINE/MIR	471	-	86	130582287	93074
chr11	130489213	130689213	harbor2	chr11	130583036	130583201	SINE/MIR	492	-	82	130583118	93905
chr11	116169971	116369971	harbor2	chr11	116175570	116175756	SINE/MIR	553	-	93	116175663	5692
chr11	116169971	116369971	harbor2	chr11	116183651	116183760	SINE/MIR	404	-	54	116183705	13734
chr11	116169971	116369971	harbor2	chr11	116191168	116191313	SINE/MIR	466	-	72	116191240	21269
chr11	116169971	116369971	harbor2	chr11	116192642	116192729	SINE/MIR	390	-	44	116192686	22715
chr11	116169971	116369971	harbor2	chr11	116205978	116206195	SINE/MIR	1132	-	108	116206086	36115
chr11	116169971	116369971	harbor2	chr11	116206771	116206968	SINE/MIR	605	-	98	116206869	36898
chr11	116169971	116369971	harbor2	chr11	116210209	116210381	SINE/MIR	707	-	86	116210295	40324
chr11	116169971	116369971	harbor2	chr11	116216725	116216942	SINE/MIR	1062	-	108	116216833	46862
chr11	116169971	116369971	harbor2	chr11	116235987	116236120	SINE/MIR	448	-	66	116236053	66082
chr11	116169971	116369971	harbor2	chr11	116237155	116237293	SINE/MIR	528	-	69	116237224	67253
chr11	116169971	116369971	harbor2	chr11	116238578	116238709	SINE/MIR	401	-	66	116238644	68673
chr11	116169971	116369971	harbor2	chr11	116267581	116267830	SINE/MIR	495	-	124	116267705	97734
chr11	75456332	75656332	harbor2	chr11	75463244	75463433	SINE/MIR	383	-	94	75463338	7006
chr11	75456332	75656332	harbor2	chr11	75478723	75478931	SINE/MIR	461	-	104	75478827	22495
chr11	75456332	75656332	harbor2	chr11	75479186	75479360	SINE/MIR	398	-	87	75479273	22941
chr11	75456332	75656332	harbor2	chr11	75480595	75480725	SINE/MIR	566	-	65	75480660	24328
chr11	75456332	75656332	harbor2	chr11	75485566	75485674	SINE/MIR	396	-	54	75485620	29288
chr11	75456332	75656332	harbor2	chr11	75497978	75498069	SINE/MIR	395	-	46	75498024	41692
chr11	75456332	75656332	harbor2	chr11	75503391	75503552	SINE/MIR	775	-	80	75503471	47139
chr11	75456332	75656332	harbor2	chr11	75507365	75507475	SINE/MIR	410	-	55	75507420	51088
chr11	75456332	75656332	harbor2	chr11	75507949	75508128	SINE/MIR	427	-	90	75508039	51707
chr11	75456332	75656332	harbor2	chr11	75508354	75508542	SINE/MIR	419	-	94	75508448	52116
chr11	75456332	75656332	harbor2	chr11	75513356	75513512	SINE/MIR	426	-	78	75513434	57102
chr11	75456332	75656332	harbor2	chr11	75514884	75515068	SINE/MIR	659	-	92	75514976	58644
chr11	75456332	75656332	harbor2	chr11	75516670	75516878	SINE/MIR	487	-	104	75516774	60442
chr11	75456332	75656332	harbor2	chr11	75519530	75519706	SINE/MIR	837	-	88	75519618	63286
chr11	75456332	75656332	harbor2	chr11	75522163	75522335	SINE/MIR	422	-	86	75522249	65917
chr11	75456332	75656332	harbor2	chr11	75523126	75523282	SINE/MIR	473	-	78	75523204	66872
chr11	75456332	75656332	harbor2	chr11	75527212	75527320	SINE/MIR	426	-	54	75527266	70934
chr11	75456332	75656332	harbor2	chr11	75537098	75537279	SINE/MIR	584	-	90	75537188	80856
chr11	111194744	111394744	harbor2	chr11	111218584	111218737	SINE/MIR	485	-	76	111218660	23916
chr11	111194744	111394744	harbor2	chr11	111230090	111230247	SINE/MIR	697	-	78	111230168	35424
chr11	111194744	111394744	harbor2	chr11	111259134	111259288	SINE/MIR	402	-	77	111259211	64467
chr11	111194744	111394744	harbor2	chr11	111278144	111278319	SINE/MIR	472	-	88	111278232	83488
chr11	125925704	126125704	harbor2	chr11	125941086	125941210	SINE/MIR	394	-	62	125941148	15444
chr11	125925704	126125704	harbor2	chr11	126006831	126006968	SINE/MIR	608	-	68	126006899	81195
chr11	125925704	126125704	harbor2	chr11	126008931	126009169	SINE/MIR	821	-	119	126009050	83346
chr11	125925704	126125704	harbor2	chr11	126023908	126024066	SINE/MIR	591	-	79	126023987	98283
chr11	23274216	23474216	harbor2	chr11	23305677	23305913	SINE/MIR	454	-	118	23305795	31579
chr11	113508218	113708218	harbor2	chr11	113528317	113528506	SINE/MIR	490	-	94	113528411	20193
chr11	113508218	113708218	harbor2	chr11	113532663	113532846	SINE/MIR	566	-	92	113532755	24537
chr11	113508218	113708218	harbor2	chr11	113533946	113534209	SINE/MIR	583	-	132	113534078	25860
chr11	113508218	113708218	harbor2	chr11	113539752	113539891	SINE/MIR	434	-	70	113539822	31604
chr11	113508218	113708218	harbor2	chr11	113543175	113543378	SINE/MIR	776	-	102	113543277	35059
chr11	113508218	113708218	harbor2	chr11	113551637	113551790	SINE/MIR	615	-	76	113551713	43495
chr11	113508218	113708218	harbor2	chr11	113586229	113586460	SINE/MIR	457	-	116	113586345	78127
chr11	102412967	102612967	harbor2	chr11	102420435	102420652	SINE/MIR	942	-	108	102420543	7576
chr11	102412967	102612967	harbor2	chr11	102421778	102422014	SINE/MIR	423	-	118	102421896	8929
chr11	102412967	102612967	harbor2	chr11	102426276	102426378	SINE/MIR	461	-	51	102426327	13360
chr11	102412967	102612967	harbor2	chr11	102449753	102449935	SINE/MIR	449	-	91	102449844	36877
chr11	102412967	102612967	harbor2	chr11	102489852	102489999	SINE/MIR	438	-	74	102489926	76959
chr11	116627019	116827019	harbor2	chr11	116631739	116631970	SINE/MIR	636	-	116	116631855	4836
chr11	116627019	116827019	harbor2	chr11	116638912	116639117	SINE/MIR	456	-	102	116639014	11995
chr11	116627019	116827019	harbor2	chr11	116642330	116642452	SINE/MIR	444	-	61	116642391	15372
chr11	116627019	116827019	harbor2	chr11	116649543	116649653	SINE/MIR	402	-	55	116649598	22579
chr11	116627019	116827019	harbor2	chr11	116652266	116652504	SINE/MIR	571	-	119	116652385	25366
chr11	116627019	116827019	harbor2	chr11	116685949	116686085	SINE/MIR	578	-	68	116686017	58998
chr11	116627019	116827019	harbor2	chr11	116691031	116691257	SINE/MIR	544	-	113	116691144	64125
chr11	116627019	116827019	harbor2	chr11	116697241	116697348	SINE/MIR	380	-	54	116697295	70276
chr11	116627019	116827019	harbor2	chr11	116702238	116702390	SINE/MIR	467	-	76	116702314	75295
chr11	116627019	116827019	harbor2	chr11	116707754	116707927	SINE/MIR	390	-	86	116707840	80821
chr11	116627019	116827019	harbor2	chr11	116719671	116719795	SINE/MIR	409	-	62	116719733	92714
chr11	116627019	116827019	harbor2	chr11	116725288	116725441	SINE/MIR	403	-	76	116725364	98345
chr11	133417051	133617051	harbor2	chr11	133417316	133417462	SINE/MIR	478	-	73	133417389	338
chr11	133417051	133617051	harbor2	chr11	133441988	133442229	SINE/MIR	522	-	120	133442108	25057
chr11	133417051	133617051	harbor2	chr11	133481250	133481409	SINE/MIR	456	-	80	133481330	64279
chr11	36611572	36811572	harbor2	chr11	36690608	36690774	SINE/MIR	627	-	83	36690691	79119
chr11	36611572	36811572	harbor2	chr11	36691584	36691816	SINE/MIR	935	-	116	36691700	80128
chr11	36611572	36811572	harbor2	chr11	36693541	36693714	SINE/MIR	458	-	86	36693627	82055
chr11	36611572	36811572	harbor2	chr11	36701662	36701888	SINE/MIR	538	-	113	36701775	90203
chr11	36611572	36811572	harbor2	chr11	36710208	36710385	SINE/MIR	558	-	88	36710296	98724
chr11	130280572	130480572	harbor2	chr11	130290694	130290859	SINE/MIR	467	-	82	130290776	10204
chr11	130280572	130480572	harbor2	chr11	130302088	130302326	SINE/MIR	611	-	119	130302207	21635
chr11	130280572	130480572	harbor2	chr11	130342164	130342341	SINE/MIR	748	-	88	130342252	61680
chr11	130280572	130480572	harbor2	chr11	130342650	130342722	SINE/MIR	748	-	36	130342686	62114
chr11	130280572	130480572	harbor2	chr11	130370976	130371182	SINE/MIR	441	-	103	130371079	90507
chr11	134616501	134816501	harbor2	chr11	134665963	134666200	SINE/MIR	395	-	118	134666081	49580
chr11	134616501	134816501	harbor2	chr11	134705056	134705288	SINE/MIR	671	-	116	134705172	88671
chr11	76323871	76523871	harbor2	chr11	76327614	76327772	SINE/MIR	439	-	79	76327693	3822
chr11	76323871	76523871	harbor2	chr11	76339829	76340058	SINE/MIR	674	-	114	76339943	16072
chr11	76323871	76523871	harbor2	chr11	76353280	76353479	SINE/MIR	388	-	100	76353380	29509
chr11	76323871	76523871	harbor2	chr11	76421123	76421310	SINE/MIR	650	-	94	76421217	97346
chr11	100205624	100405624	harbor2	chr11	100220650	100220843	SINE/MIR	381	-	96	100220746	15122
chr11	100205624	100405624	harbor2	chr11	100232854	100233014	SINE/MIR	416	-	80	100232934	27310
chr11	100205624	100405624	harbor2	chr11	100299865	100300032	SINE/MIR	375	-	84	100299949	94325
chr11	100205624	100405624	harbor2	chr11	100300908	100301077	SINE/MIR	539	-	84	100300992	95368
chr11	122637951	122837951	harbor2	chr11	122658473	122658704	SINE/MIR	897	-	116	122658589	20638
chr11	122637951	122837951	harbor2	chr11	122661609	122661845	SINE/MIR	458	-	118	122661727	23776
chr11	122637951	122837951	harbor2	chr11	122667771	122667960	SINE/MIR	447	-	94	122667865	29914
chr11	122637951	122837951	harbor2	chr11	122669665	122669909	SINE/MIR	1062	-	122	122669787	31836
chr11	122637951	122837951	harbor2	chr11	122674317	122674353	SINE/MIR	449	-	18	122674335	36384
chr11	122637951	122837951	harbor2	chr11	122674354	122674379	SINE/MIR	488	-	12	122674366	36415
chr11	122637951	122837951	harbor2	chr11	122674681	122674724	SINE/MIR	488	-	22	122674703	36752
chr11	122637951	122837951	harbor2	chr11	122675029	122675145	SINE/MIR	488	-	58	122675087	37136
chr11	122637951	122837951	harbor2	chr11	122680344	122680465	SINE/MIR	436	-	60	122680404	42453
chr11	122637951	122837951	harbor2	chr11	122685823	122686075	SINE/MIR	705	-	126	122685949	47998
chr11	122637951	122837951	harbor2	chr11	122690880	122691037	SINE/MIR	480	-	78	122690958	53007
chr11	122637951	122837951	harbor2	chr11	122697839	122698071	SINE/MIR	582	-	116	122697955	60004
chr11	122637951	122837951	harbor2	chr11	122710350	122710549	SINE/MIR	543	-	100	122710450	72499
chr11	122637951	122837951	harbor2	chr11	122723218	122723415	SINE/MIR	442	-	98	122723316	85365
chr11	122637951	122837951	harbor2	chr11	122728848	122728973	SINE/MIR	444	-	62	122728910	90959
chr11	134931997	135131997	harbor2	chr11	134943549	134943725	SINE/MIR	512	-	88	134943637	11640
chr11	134931997	135131997	harbor2	chr11	134970821	134971048	SINE/MIR	488	-	114	134970935	38938
chr11	134931997	135131997	harbor2	chr11	134971055	134971287	SINE/MIR	633	-	116	134971171	39174
chr11	134931997	135131997	harbor2	chr11	134972446	134972634	SINE/MIR	422	-	94	134972540	40543
chr11	134931997	135131997	harbor2	chr11	135004284	135004433	SINE/MIR	447	-	74	135004358	72361
chr11	134931997	135131997	harbor2	chr11	135029353	135029527	SINE/MIR	398	-	87	135029440	97443
chr11	69199813	69399813	harbor2	chr11	69215246	69215394	SINE/MIR	408	-	74	69215320	15507
chr11	69199813	69399813	harbor2	chr11	69217403	69217560	SINE/MIR	458	-	78	69217481	17668
chr11	69199813	69399813	harbor2	chr11	69220358	69220577	SINE/MIR	681	-	110	69220468	20655
chr11	69199813	69399813	harbor2	chr11	69228260	69228482	SINE/MIR	832	-	111	69228371	28558
chr11	69199813	69399813	harbor2	chr11	69296383	69296532	SINE/MIR	573	-	74	69296457	96644
chr11	125946090	126146090	harbor2	chr11	126006831	126006968	SINE/MIR	608	-	68	126006899	60809
chr11	125946090	126146090	harbor2	chr11	126008931	126009169	SINE/MIR	821	-	119	126009050	62960
chr11	125946090	126146090	harbor2	chr11	126023908	126024066	SINE/MIR	591	-	79	126023987	77897
chr11	125946090	126146090	harbor2	chr11	126042547	126042609	SINE/MIR	469	-	31	126042578	96488
chr11	125946090	126146090	harbor2	chr11	126042923	126042939	SINE/MIR	469	-	8	126042931	96841
chr11	125946090	126146090	harbor2	chr11	126043538	126043709	SINE/MIR	469	-	86	126043624	97534
chr11	115500745	115700745	harbor2	chr11	115517585	115517815	SINE/MIR	436	-	115	115517700	16955
chr11	115500745	115700745	harbor2	chr11	115524686	115524800	SINE/MIR	431	-	57	115524743	23998
chr11	115500745	115700745	harbor2	chr11	115555112	115555348	SINE/MIR	705	-	118	115555230	54485
chr11	115500745	115700745	harbor2	chr11	115568764	115568855	SINE/MIR	898	-	46	115568810	68065
chr11	115500745	115700745	harbor2	chr11	115569157	115569293	SINE/MIR	898	-	68	115569225	68480
chr11	82367958	82567958	harbor2	chr11	82369449	82369635	SINE/MIR	617	-	93	82369542	1584
chr11	82367958	82567958	harbor2	chr11	82374733	82374973	SINE/MIR	648	-	120	82374853	6895
chr11	82367958	82567958	harbor2	chr11	82421698	82421911	SINE/MIR	407	-	106	82421804	53846
chr11	82367958	82567958	harbor2	chr11	82423969	82424140	SINE/MIR	485	-	86	82424055	56097
chr11	82367958	82567958	harbor2	chr11	82439660	82439907	SINE/MIR	472	-	124	82439784	71826
chr11	82367958	82567958	harbor2	chr11	82456964	82457100	SINE/MIR	417	-	68	82457032	89074
chr11	82367958	82567958	harbor2	chr11	82465988	82466170	SINE/MIR	520	-	91	82466079	98121
chr11	82367958	82567958	harbor2	chr11	82444104	82444314	SINE/MIR	388	-	105	82444209	76251
chr11	122268206	122468206	harbor2	chr11	122268499	122268724	SINE/MIR	848	-	112	122268611	405
chr11	122268206	122468206	harbor2	chr11	122271789	122272025	SINE/MIR	650	-	118	122271907	3701
chr11	122268206	122468206	harbor2	chr11	122282288	122282423	SINE/MIR	426	-	68	122282356	14150
chr11	122268206	122468206	harbor2	chr11	122283046	122283266	SINE/MIR	374	-	110	122283156	14950
chr11	122268206	122468206	harbor2	chr11	122313222	122313473	SINE/MIR	949	-	126	122313348	45142
chr11	122268206	122468206	harbor2	chr11	122323185	122323335	SINE/MIR	405	-	75	122323260	55054
chr11	122268206	122468206	harbor2	chr11	122348645	122348848	SINE/MIR	430	-	102	122348747	80541
chr11	122268206	122468206	harbor2	chr11	122356036	122356188	SINE/MIR	417	-	76	122356112	87906
chr11	122268206	122468206	harbor2	chr11	122356654	122356734	SINE/MIR	685	-	40	122356694	88488
chr11	122268206	122468206	harbor2	chr11	122356892	122357048	SINE/MIR	685	-	78	122356970	88764
chr11	122268206	122468206	harbor2	chr11	122362199	122362351	SINE/MIR	517	-	76	122362275	94069
chr11	122268206	122468206	harbor2	chr11	122364486	122364618	SINE/MIR	499	-	66	122364552	96346
chr11	90302240	90502240	harbor2	chr11	90350189	90350344	SINE/MIR	490	-	78	90350267	48027
chr11	90302240	90502240	harbor2	chr11	90366893	90367080	SINE/MIR	499	-	94	90366987	64747
chr11	90302240	90502240	harbor2	chr11	90388246	90388499	SINE/MIR	811	-	126	90388372	86132
chr11	97093032	97293032	harbor2	chr11	97093726	97093898	SINE/MIR	448	-	86	97093812	780
chr11	97093032	97293032	harbor2	chr11	97108504	97108647	SINE/MIR	505	-	72	97108576	15544
chr11	97093032	97293032	harbor2	chr11	97144435	97144615	SINE/MIR	540	-	90	97144525	51493
chr11	97093032	97293032	harbor2	chr11	97153843	97154092	SINE/MIR	457	-	124	97153967	60935
chr11	130437790	130637790	harbor2	chr11	130445359	130445587	SINE/MIR	609	-	114	130445473	7683
chr11	130437790	130637790	harbor2	chr11	130458629	130458744	SINE/MIR	427	-	58	130458687	20897
chr11	130437790	130637790	harbor2	chr11	130472451	130472620	SINE/MIR	525	-	84	130472535	34745
chr11	130437790	130637790	harbor2	chr11	130472735	130472943	SINE/MIR	513	-	104	130472839	35049
chr11	130437790	130637790	harbor2	chr11	130479945	130480150	SINE/MIR	407	-	102	130480047	42257
chr11	39943085	40143085	harbor2	chr11	39955007	39955106	SINE/MIR	442	-	50	39955057	11972
chr11	39943085	40143085	harbor2	chr11	39957586	39957817	SINE/MIR	467	-	116	39957702	14617
chr11	39943085	40143085	harbor2	chr11	40016268	40016480	SINE/MIR	503	-	106	40016374	73289
chr11	59501102	59701102	harbor2	chr11	59558876	59559020	SINE/MIR	394	-	72	59558948	57846
chr11	115379566	115579566	harbor2	chr11	115399010	115399212	SINE/MIR	416	-	101	115399111	19545
chr11	115379566	115579566	harbor2	chr11	115413416	115413641	SINE/MIR	839	-	112	115413528	33962
chr11	115379566	115579566	harbor2	chr11	115413942	115413969	SINE/MIR	839	-	14	115413956	34390
chr11	115379566	115579566	harbor2	chr11	115446120	115446385	SINE/MIR	707	-	132	115446252	66686
chr11	115379566	115579566	harbor2	chr11	115457040	115457262	SINE/MIR	770	-	111	115457151	77585
chr11	115379566	115579566	harbor2	chr11	115465511	115465726	SINE/MIR	538	-	108	115465619	86053
chr11	115379566	115579566	harbor2	chr11	115469254	115469486	SINE/MIR	954	-	116	115469370	89804
chr11	115379566	115579566	harbor2	chr11	115470731	115470962	SINE/MIR	517	-	116	115470847	91281
chr11	129036300	129236300	harbor2	chr11	129060788	129061037	SINE/MIR	706	-	124	129060912	24612
chr11	129036300	129236300	harbor2	chr11	129116876	129117022	SINE/MIR	469	-	73	129116949	80649
chr11	129036300	129236300	harbor2	chr11	129121958	129122138	SINE/MIR	387	-	90	129122048	85748
chr11	133309979	133509979	harbor2	chr11	133317914	133318058	SINE/MIR	403	-	72	133317986	8007
chr11	133309979	133509979	harbor2	chr11	133335179	133335347	SINE/MIR	490	-	84	133335263	25284
chr11	133309979	133509979	harbor2	chr11	133339193	133339423	SINE/MIR	821	-	115	133339308	29329
chr11	133309979	133509979	harbor2	chr11	133360059	133360287	SINE/MIR	427	-	114	133360173	50194
chr11	133309979	133509979	harbor2	chr11	133388871	133389081	SINE/MIR	550	-	105	133388976	78997
chr11	133309979	133509979	harbor2	chr11	133391732	133391883	SINE/MIR	402	-	76	133391808	81829
chr11	133309979	133509979	harbor2	chr11	133391917	133391989	SINE/MIR	402	-	36	133391953	81974
chr11	133309979	133509979	harbor2	chr11	133392101	133392325	SINE/MIR	773	-	112	133392213	82234
chr11	133309979	133509979	harbor2	chr11	133401352	133401569	SINE/MIR	570	-	108	133401460	91481
chr11	133309979	133509979	harbor2	chr11	133404434	133404580	SINE/MIR	426	-	73	133404507	94528
chr11	117695936	117895936	harbor2	chr11	117696976	117697224	SINE/MIR	565	-	124	117697100	1164
chr11	117695936	117895936	harbor2	chr11	117703896	117704026	SINE/MIR	438	-	65	117703961	8025
chr11	117695936	117895936	harbor2	chr11	117719046	117719152	SINE/MIR	503	-	53	117719099	23163
chr11	117695936	117895936	harbor2	chr11	117719467	117719540	SINE/MIR	503	-	36	117719503	23567
chr11	117695936	117895936	harbor2	chr11	117719636	117719777	SINE/MIR	561	-	70	117719706	23770
chr11	117695936	117895936	harbor2	chr11	117720994	117721124	SINE/MIR	471	-	65	117721059	25123
chr11	117695936	117895936	harbor2	chr11	117726990	117727208	SINE/MIR	773	-	109	117727099	31163
chr11	117695936	117895936	harbor2	chr11	117732181	117732384	SINE/MIR	470	-	102	117732283	36347
chr11	117695936	117895936	harbor2	chr11	117739029	117739229	SINE/MIR	445	-	100	117739129	43193
chr11	117695936	117895936	harbor2	chr11	117740172	117740350	SINE/MIR	577	-	89	117740261	44325
chr11	117695936	117895936	harbor2	chr11	117744076	117744304	SINE/MIR	1117	-	114	117744190	48254
chr11	117695936	117895936	harbor2	chr11	117760824	117760978	SINE/MIR	501	-	77	117760901	64965
chr11	117695936	117895936	harbor2	chr11	117765748	117765877	SINE/MIR	403	-	64	117765812	69876
chr11	117695936	117895936	harbor2	chr11	117768667	117768804	SINE/MIR	393	-	68	117768735	72799
chr11	117695936	117895936	harbor2	chr11	117774418	117774606	SINE/MIR	619	-	94	117774512	78576
chr11	117695936	117895936	harbor2	chr11	117782736	117782988	SINE/MIR	930	-	126	117782862	86926
chr11	117695936	117895936	harbor2	chr11	117783470	117783751	SINE/MIR	638	-	140	117783610	87674
chr11	117695936	117895936	harbor2	chr11	117785761	117785959	SINE/MIR	474	-	99	117785860	89924
chr11	117695936	117895936	harbor2	chr11	117788627	117788850	SINE/MIR	542	-	112	117788739	92803
chr11	117695936	117895936	harbor2	chr11	117789389	117789564	SINE/MIR	443	-	88	117789477	93541
chr11	117695936	117895936	harbor2	chr11	117791850	117792038	SINE/MIR	466	-	94	117791944	96008
chr11	117695936	117895936	harbor2	chr11	117735310	117735459	SINE/MIR	508	-	74	117735384	39448
chr11	126733061	126933061	harbor2	chr11	126736211	126736435	SINE/MIR	701	-	112	126736323	3262
chr11	126733061	126933061	harbor2	chr11	126738935	126739161	SINE/MIR	732	-	113	126739048	5987
chr11	126733061	126933061	harbor2	chr11	126739317	126739458	SINE/MIR	393	-	70	126739387	6326
chr11	126733061	126933061	harbor2	chr11	126742515	126742686	SINE/MIR	562	-	86	126742601	9540
chr11	126733061	126933061	harbor2	chr11	126750621	126750845	SINE/MIR	400	-	112	126750733	17672
chr11	126733061	126933061	harbor2	chr11	126771137	126771395	SINE/MIR	659	-	129	126771266	38205
chr11	126733061	126933061	harbor2	chr11	126787909	126788101	SINE/MIR	561	-	96	126788005	54944
chr11	126733061	126933061	harbor2	chr11	126792311	126792499	SINE/MIR	759	-	94	126792405	59344
chr11	126733061	126933061	harbor2	chr11	126824324	126824464	SINE/MIR	389	-	70	126824394	91333
chr11	126733061	126933061	harbor2	chr11	126825726	126825856	SINE/MIR	733	-	65	126825791	92730
chr11	110259290	110459290	harbor2	chr11	110262723	110262855	SINE/MIR	504	-	66	110262789	3499
chr11	110259290	110459290	harbor2	chr11	110270526	110270725	SINE/MIR	625	-	100	110270626	11336
chr11	110259290	110459290	harbor2	chr11	110272778	110272945	SINE/MIR	395	-	84	110272862	13572
chr11	110259290	110459290	harbor2	chr11	110273236	110273302	SINE/MIR	381	-	33	110273269	13979
chr11	110259290	110459290	harbor2	chr11	110298212	110298431	SINE/MIR	532	-	110	110298322	39032
chr11	110259290	110459290	harbor2	chr11	110355701	110355762	SINE/MIR	561	-	30	110355731	96441
chr11	110259290	110459290	harbor2	chr11	110356065	110356221	SINE/MIR	561	-	78	110356143	96853
chr11	110259290	110459290	harbor2	chr11	110357260	110357477	SINE/MIR	400	-	108	110357368	98078
chr11	103890630	104090630	harbor2	chr11	103917548	103917740	SINE/MIR	378	-	96	103917644	27014
chr11	103890630	104090630	harbor2	chr11	103930440	103930621	SINE/MIR	479	-	90	103930530	39900
chr11	103890630	104090630	harbor2	chr11	103933643	103933819	SINE/MIR	581	-	88	103933731	43101
chr11	103890630	104090630	harbor2	chr11	103935745	103935983	SINE/MIR	554	-	119	103935864	45234
chr11	103890630	104090630	harbor2	chr11	103941556	103941691	SINE/MIR	411	-	68	103941624	50994
chr11	103890630	104090630	harbor2	chr11	103981458	103981673	SINE/MIR	381	-	108	103981566	90936
chr11	55856429	56056429	harbor2	chr11	55938119	55938341	SINE/MIR	509	-	111	55938230	81801
chr11	55856429	56056429	harbor2	chr11	55934867	55935110	SINE/MIR	558	-	122	55934989	78560
chr11	128712559	128912559	harbor2	chr11	128717563	128717699	SINE/MIR	447	-	68	128717631	5072
chr11	128712559	128912559	harbor2	chr11	128730167	128730306	SINE/MIR	397	-	70	128730237	17678
chr11	128712559	128912559	harbor2	chr11	128744314	128744399	SINE/MIR	379	-	42	128744356	31797
chr11	128712559	128912559	harbor2	chr11	128744437	128744600	SINE/MIR	636	-	82	128744519	31960
chr11	128712559	128912559	harbor2	chr11	128752277	128752504	SINE/MIR	453	-	114	128752391	39832
chr11	128712559	128912559	harbor2	chr11	128779561	128779764	SINE/MIR	619	-	102	128779663	67104
chr11	128712559	128912559	harbor2	chr11	128785277	128785464	SINE/MIR	624	-	94	128785371	72812
chr11	128712559	128912559	harbor2	chr11	128787213	128787413	SINE/MIR	474	-	100	128787313	74754
chr11	128712559	128912559	harbor2	chr11	128792014	128792188	SINE/MIR	475	-	87	128792101	79542
chr11	128712559	128912559	harbor2	chr11	128795981	128796121	SINE/MIR	493	-	70	128796051	83492
chr11	128712559	128912559	harbor2	chr11	128799434	128799603	SINE/MIR	496	-	84	128799518	86959
chr11	128712559	128912559	harbor2	chr11	128804937	128805155	SINE/MIR	626	-	109	128805046	92487
chr11	128712559	128912559	harbor2	chr11	128807415	128807611	SINE/MIR	669	-	98	128807513	94954
chr11	128712559	128912559	harbor2	chr11	128808553	128808722	SINE/MIR	463	-	84	128808637	96078
chr11	132348085	132548085	harbor2	chr11	132359724	132359974	SINE/MIR	496	-	125	132359849	11764
chr11	132348085	132548085	harbor2	chr11	132401605	132401848	SINE/MIR	474	-	122	132401727	53642
chr11	132348085	132548085	harbor2	chr11	132409640	132409798	SINE/MIR	374	-	79	132409719	61634
chr11	132348085	132548085	harbor2	chr11	132422575	132422798	SINE/MIR	659	-	112	132422687	74602
chr11	131570265	131770265	harbor2	chr11	131571318	131571474	SINE/MIR	386	-	78	131571396	1131
chr11	131570265	131770265	harbor2	chr11	131587042	131587202	SINE/MIR	463	-	80	131587122	16857
chr11	131570265	131770265	harbor2	chr11	131587982	131588174	SINE/MIR	639	-	96	131588078	17813
chr11	131570265	131770265	harbor2	chr11	131590641	131590873	SINE/MIR	411	-	116	131590757	20492
chr11	131570265	131770265	harbor2	chr11	131593536	131593720	SINE/MIR	412	-	92	131593628	23363
chr11	131570265	131770265	harbor2	chr11	131638903	131639156	SINE/MIR	847	-	126	131639029	68764
chr11	131570265	131770265	harbor2	chr11	131645062	131645229	SINE/MIR	565	-	84	131645146	74881
chr11	131570265	131770265	harbor2	chr11	131663749	131663971	SINE/MIR	432	-	111	131663860	93595
chr11	131570265	131770265	harbor2	chr11	131667961	131668175	SINE/MIR	412	-	107	131668068	97803
chr11	128241785	128441785	harbor2	chr11	128251119	128251280	SINE/MIR	533	-	80	128251199	9414
chr11	128241785	128441785	harbor2	chr11	128283960	128284169	SINE/MIR	621	-	104	128284064	42279
chr11	128241785	128441785	harbor2	chr11	128296515	128296731	SINE/MIR	500	-	108	128296623	54838
chr11	128241785	128441785	harbor2	chr11	128299716	128299927	SINE/MIR	650	-	106	128299822	58037
chr11	125467299	125667299	harbor2	chr11	125484164	125484400	SINE/MIR	749	-	118	125484282	16983
chr11	125467299	125667299	harbor2	chr11	125515615	125515849	SINE/MIR	539	-	117	125515732	48433
chr11	131144361	131344361	harbor2	chr11	131145566	131145807	SINE/MIR	440	-	120	131145686	1325
chr11	131144361	131344361	harbor2	chr11	131155451	131155622	SINE/MIR	541	-	86	131155537	11176
chr11	131144361	131344361	harbor2	chr11	131181902	131182072	SINE/MIR	507	-	85	131181987	37626
chr11	131144361	131344361	harbor2	chr11	131184796	131185000	SINE/MIR	427	-	102	131184898	40537
chr11	131144361	131344361	harbor2	chr11	131214011	131214182	SINE/MIR	405	-	86	131214097	69736
chr11	131144361	131344361	harbor2	chr11	131236539	131236793	SINE/MIR	493	-	127	131236666	92305
chr11	106184289	106384289	harbor2	chr11	106202878	106202996	SINE/MIR	393	-	59	106202937	18648
chr11	106184289	106384289	harbor2	chr11	106249010	106249256	SINE/MIR	503	-	123	106249133	64844
chr11	89796103	89996103	harbor2	chr11	89880491	89880728	SINE/MIR	863	-	118	89880609	84506
chr11	129357157	129557157	harbor2	chr11	129365507	129365649	SINE/MIR	437	-	71	129365578	8421
chr11	129357157	129557157	harbor2	chr11	129387834	129388005	SINE/MIR	420	-	86	129387920	30763
chr11	129357157	129557157	harbor2	chr11	129392558	129392602	SINE/MIR	443	-	22	129392580	35423
chr11	129357157	129557157	harbor2	chr11	129392910	129392983	SINE/MIR	443	-	36	129392946	35789
chr11	129357157	129557157	harbor2	chr11	129406237	129406416	SINE/MIR	397	-	90	129406327	49170
chr11	129357157	129557157	harbor2	chr11	129413130	129413360	SINE/MIR	564	-	115	129413245	56088
chr11	129357157	129557157	harbor2	chr11	129449988	129450220	SINE/MIR	640	-	116	129450104	92947
chr11	129947930	130147930	harbor2	chr11	129970256	129970451	SINE/MIR	465	-	98	129970354	22424
chr11	95334600	95534600	harbor2	chr11	95341912	95342173	SINE/MIR	648	-	130	95342042	7442
chr11	95334600	95534600	harbor2	chr11	95342903	95343100	SINE/MIR	519	-	98	95343001	8401
chr11	95334600	95534600	harbor2	chr11	95358989	95359188	SINE/MIR	527	-	100	95359089	24489
chr11	95334600	95534600	harbor2	chr11	95361622	95361869	SINE/MIR	737	-	124	95361746	27146
chr11	95334600	95534600	harbor2	chr11	95364880	95365109	SINE/MIR	563	-	114	95364994	30394
chr11	95334600	95534600	harbor2	chr11	95371065	95371241	SINE/MIR	527	-	88	95371153	36553
chr11	95334600	95534600	harbor2	chr11	95379225	95379409	SINE/MIR	668	-	92	95379317	44717
chr11	95334600	95534600	harbor2	chr11	95388123	95388358	SINE/MIR	592	-	118	95388241	53641
chr11	95334600	95534600	harbor2	chr11	95390216	95390313	SINE/MIR	381	-	48	95390264	55664
chr11	95334600	95534600	harbor2	chr11	95390372	95390583	SINE/MIR	628	-	106	95390478	55878
chr11	95334600	95534600	harbor2	chr11	95407617	95407832	SINE/MIR	472	-	108	95407725	73125
chr11	95334600	95534600	harbor2	chr11	95419742	95419968	SINE/MIR	662	-	113	95419855	85255
chr11	103314444	103514444	harbor2	chr11	103335796	103335987	SINE/MIR	484	-	96	103335892	21448
chr11	103314444	103514444	harbor2	chr11	103401046	103401235	SINE/MIR	500	-	94	103401140	86696
chr11	96855014	97055014	harbor2	chr11	96886505	96886688	SINE/MIR	587	-	92	96886597	31583
chr11	96855014	97055014	harbor2	chr11	96892130	96892384	SINE/MIR	1045	-	127	96892257	37243
chr11	96855014	97055014	harbor2	chr11	96927505	96927741	SINE/MIR	438	-	118	96927623	72609
chr11	128412072	128612072	harbor2	chr11	128423397	128423604	SINE/MIR	442	-	104	128423501	11429
chr11	128412072	128612072	harbor2	chr11	128448050	128448246	SINE/MIR	375	-	98	128448148	36076
chr11	128412072	128612072	harbor2	chr11	128449854	128450103	SINE/MIR	561	-	124	128449978	37906
chr11	128412072	128612072	harbor2	chr11	128452237	128452423	SINE/MIR	564	-	93	128452330	40258
chr11	128412072	128612072	harbor2	chr11	128473342	128473532	SINE/MIR	690	-	95	128473437	61365
chr11	128412072	128612072	harbor2	chr11	128495011	128495259	SINE/MIR	542	-	124	128495135	83063
chr11	128412072	128612072	harbor2	chr11	128499333	128499576	SINE/MIR	499	-	122	128499455	87383
chr11	128412072	128612072	harbor2	chr11	128508261	128508493	SINE/MIR	550	-	116	128508377	96305
chr11	110857651	111057651	harbor2	chr11	110872005	110872215	SINE/MIR	670	-	105	110872110	14459
chr11	110857651	111057651	harbor2	chr11	110873818	110874059	SINE/MIR	733	-	120	110873938	16287
chr11	110857651	111057651	harbor2	chr11	110882538	110882751	SINE/MIR	731	-	106	110882644	24993
chr11	110857651	111057651	harbor2	chr11	110891075	110891298	SINE/MIR	655	-	112	110891187	33536
chr11	110857651	111057651	harbor2	chr11	110912407	110912646	SINE/MIR	998	-	120	110912527	54876
chr11	110857651	111057651	harbor2	chr11	110924015	110924059	SINE/MIR	451	-	22	110924037	66386
chr11	110857651	111057651	harbor2	chr11	110924206	110924369	SINE/MIR	451	-	82	110924288	66637
chr11	110857651	111057651	harbor2	chr11	110945425	110945593	SINE/MIR	590	-	84	110945509	87858
chr11	110857651	111057651	harbor2	chr11	110946411	110946577	SINE/MIR	434	-	83	110946494	88843
chr11	110857651	111057651	harbor2	chr11	110949544	110949763	SINE/MIR	442	-	110	110949654	92003
chr11	101883569	102083569	harbor2	chr11	101903917	101904091	SINE/MIR	497	-	87	101904004	20435
chr11	101883569	102083569	harbor2	chr11	101965659	101965884	SINE/MIR	594	-	112	101965771	82202
chr11	101883569	102083569	harbor2	chr11	101970746	101970964	SINE/MIR	712	-	109	101970855	87286
chr11	35095635	35295635	harbor2	chr11	35112123	35112360	SINE/MIR	584	-	118	35112241	16606
chr11	35095635	35295635	harbor2	chr11	35114239	35114383	SINE/MIR	522	-	72	35114311	18676
chr11	35095635	35295635	harbor2	chr11	35117300	35117529	SINE/MIR	498	-	114	35117414	21779
chr11	35095635	35295635	harbor2	chr11	35124359	35124584	SINE/MIR	593	-	112	35124471	28836
chr11	35095635	35295635	harbor2	chr11	35137037	35137321	SINE/MIR	555	-	142	35137179	41544
chr11	35095635	35295635	harbor2	chr11	35141044	35141291	SINE/MIR	497	-	124	35141168	45533
chr11	35095635	35295635	harbor2	chr11	35146475	35146726	SINE/MIR	1066	-	126	35146601	50966
chr11	35095635	35295635	harbor2	chr11	35153031	35153181	SINE/MIR	387	-	75	35153106	57471
chr11	35095635	35295635	harbor2	chr11	35161200	35161379	SINE/MIR	436	-	90	35161290	65655
chr11	35095635	35295635	harbor2	chr11	35170073	35170256	SINE/MIR	557	-	92	35170165	74530
chr11	35095635	35295635	harbor2	chr11	35189457	35189647	SINE/MIR	431	-	95	35189552	93917
chr11	79010269	79210269	harbor2	chr11	79015113	79015301	SINE/MIR	374	-	94	79015207	4938
chr11	79010269	79210269	harbor2	chr11	79022140	79022280	SINE/MIR	455	-	70	79022210	11941
chr11	79010269	79210269	harbor2	chr11	79022840	79023078	SINE/MIR	614	-	119	79022959	12690
chr11	79010269	79210269	harbor2	chr11	79027835	79028004	SINE/MIR	417	-	84	79027919	17650
chr11	79010269	79210269	harbor2	chr11	79030155	79030369	SINE/MIR	442	-	107	79030262	19993
chr11	79010269	79210269	harbor2	chr11	79032321	79032480	SINE/MIR	383	-	80	79032401	22132
chr11	79010269	79210269	harbor2	chr11	79051153	79051405	SINE/MIR	1052	-	126	79051279	41010
chr11	79010269	79210269	harbor2	chr11	79055627	79055829	SINE/MIR	542	-	101	79055728	45459
chr11	79010269	79210269	harbor2	chr11	79059785	79059934	SINE/MIR	516	-	74	79059859	49590
chr11	79010269	79210269	harbor2	chr11	79068183	79068389	SINE/MIR	452	-	103	79068286	58017
chr11	79010269	79210269	harbor2	chr11	79070722	79070862	SINE/MIR	544	-	70	79070792	60523
chr11	79010269	79210269	harbor2	chr11	79071712	79071862	SINE/MIR	456	-	75	79071787	61518
chr11	79010269	79210269	harbor2	chr11	79072922	79073097	SINE/MIR	400	-	88	79073010	62741
chr11	79010269	79210269	harbor2	chr11	79075099	79075325	SINE/MIR	545	-	113	79075212	64943
chr11	79010269	79210269	harbor2	chr11	79076783	79076995	SINE/MIR	416	-	106	79076889	66620
chr11	79010269	79210269	harbor2	chr11	79078739	79078937	SINE/MIR	656	-	99	79078838	68569
chr11	79010269	79210269	harbor2	chr11	79087145	79087282	SINE/MIR	440	-	68	79087213	76944
chr11	79010269	79210269	harbor2	chr11	79090066	79090200	SINE/MIR	401	-	67	79090133	79864
chr11	79010269	79210269	harbor2	chr11	79090491	79090682	SINE/MIR	443	-	96	79090587	80318
chr11	79010269	79210269	harbor2	chr11	79094243	79094477	SINE/MIR	645	-	117	79094360	84091
chr11	79010269	79210269	harbor2	chr11	79095192	79095351	SINE/MIR	497	-	80	79095272	85003
chr11	79010269	79210269	harbor2	chr11	79097000	79097194	SINE/MIR	383	-	97	79097097	86828
chr11	79010269	79210269	harbor2	chr11	79106015	79106216	SINE/MIR	616	-	100	79106115	95846
chr11	79010269	79210269	harbor2	chr11	79106628	79106803	SINE/MIR	657	-	88	79106716	96447
chr11	79010269	79210269	harbor2	chr11	79106970	79107217	SINE/MIR	991	-	124	79107094	96825
chr11	79010269	79210269	harbor2	chr11	79107746	79107942	SINE/MIR	446	-	98	79107844	97575
chr11	72470280	72670280	harbor2	chr11	72482628	72482741	SINE/MIR	434	-	56	72482684	12404
chr11	72470280	72670280	harbor2	chr11	72483042	72483112	SINE/MIR	434	-	35	72483077	12797
chr11	72470280	72670280	harbor2	chr11	72528542	72528688	SINE/MIR	563	-	73	72528615	58335
chr11	72470280	72670280	harbor2	chr11	72550049	72550273	SINE/MIR	570	-	112	72550161	79881
chr11	72470280	72670280	harbor2	chr11	72555999	72556126	SINE/MIR	386	-	64	72556063	85783
chr11	111436508	111636508	harbor2	chr11	111465423	111465651	SINE/MIR	771	-	114	111465537	29029
chr11	111436508	111636508	harbor2	chr11	111466052	111466245	SINE/MIR	391	-	96	111466148	29640
chr11	111436508	111636508	harbor2	chr11	111467105	111467339	SINE/MIR	674	-	117	111467222	30714
chr11	111436508	111636508	harbor2	chr11	111468309	111468523	SINE/MIR	764	-	107	111468416	31908
chr11	111436508	111636508	harbor2	chr11	111471078	111471271	SINE/MIR	407	-	96	111471174	34666
chr11	111436508	111636508	harbor2	chr11	111472926	111473138	SINE/MIR	429	-	106	111473032	36524
chr11	111436508	111636508	harbor2	chr11	111518416	111518628	SINE/MIR	524	-	106	111518522	82014
chr11	128939709	129139709	harbor2	chr11	128947406	128947645	SINE/MIR	599	-	120	128947526	7817
chr11	128939709	129139709	harbor2	chr11	128955022	128955192	SINE/MIR	428	-	85	128955107	15398
chr11	128939709	129139709	harbor2	chr11	128961585	128961713	SINE/MIR	393	-	64	128961649	21940
chr11	128939709	129139709	harbor2	chr11	128979317	128979562	SINE/MIR	769	-	122	128979439	39730
chr11	128939709	129139709	harbor2	chr11	128989285	128989500	SINE/MIR	615	-	108	128989393	49684
chr11	128939709	129139709	harbor2	chr11	129011136	129011365	SINE/MIR	515	-	114	129011250	71541
chr11	128939709	129139709	harbor2	chr11	129025092	129025268	SINE/MIR	648	-	88	129025180	85471
chr11	109407424	109607424	harbor2	chr11	109410725	109410935	SINE/MIR	451	-	105	109410830	3406
chr11	109407424	109607424	harbor2	chr11	109437049	109437228	SINE/MIR	713	-	90	109437139	29715
chr11	109407424	109607424	harbor2	chr11	109440196	109440442	SINE/MIR	673	-	123	109440319	32895
chr11	78135329	78335329	harbor2	chr11	78154023	78154256	SINE/MIR	709	-	116	78154139	18810
chr11	78135329	78335329	harbor2	chr11	78158543	78158777	SINE/MIR	612	-	117	78158660	23331
chr11	78135329	78335329	harbor2	chr11	78159064	78159245	SINE/MIR	430	-	90	78159154	23825
chr11	78135329	78335329	harbor2	chr11	78163143	78163331	SINE/MIR	417	-	94	78163237	27908
chr11	78135329	78335329	harbor2	chr11	78171021	78171219	SINE/MIR	486	-	99	78171120	35791
chr11	78135329	78335329	harbor2	chr11	78171242	78171422	SINE/MIR	768	-	90	78171332	36003
chr11	78135329	78335329	harbor2	chr11	78199116	78199277	SINE/MIR	690	-	80	78199196	63867
chr11	78135329	78335329	harbor2	chr11	78201682	78201835	SINE/MIR	403	-	76	78201758	66429
chr11	78135329	78335329	harbor2	chr11	78220539	78220776	SINE/MIR	418	-	118	78220657	85328
chr11	78135329	78335329	harbor2	chr11	78223167	78223319	SINE/MIR	480	-	76	78223243	87914
chr11	99332114	99532114	harbor2	chr11	99351242	99351437	SINE/MIR	423	-	98	99351340	19226
chr11	99332114	99532114	harbor2	chr11	99393391	99393614	SINE/MIR	591	-	112	99393503	61389
chr11	99332114	99532114	harbor2	chr11	99396874	99397085	SINE/MIR	433	-	106	99396980	64866
chr11	18510745	18710745	harbor2	chr11	18515550	18515772	SINE/MIR	416	-	111	18515661	4916
chr11	18510745	18710745	harbor2	chr11	18540046	18540119	SINE/MIR	445	-	36	18540082	29337
chr11	18510745	18710745	harbor2	chr11	18548993	18549198	SINE/MIR	778	-	102	18549095	38350
chr11	18510745	18710745	harbor2	chr11	18557754	18557909	SINE/MIR	414	-	78	18557832	47087
chr11	18510745	18710745	harbor2	chr11	18572832	18572969	SINE/MIR	438	-	68	18572900	62155
chr11	18510745	18710745	harbor2	chr11	18579170	18579421	SINE/MIR	374	-	126	18579296	68551
chr11	18510745	18710745	harbor2	chr11	18591284	18591406	SINE/MIR	383	-	61	18591345	80600
chr11	102129226	102329226	harbor2	chr11	102146963	102147188	SINE/MIR	675	-	112	102147075	17849
chr11	102129226	102329226	harbor2	chr11	102159611	102159812	SINE/MIR	380	-	100	102159711	30485
chr11	102129226	102329226	harbor2	chr11	102173541	102173770	SINE/MIR	378	-	114	102173655	44429
chr11	114495176	114695176	harbor2	chr11	114515981	114516149	SINE/MIR	571	-	84	114516065	20889
chr11	114495176	114695176	harbor2	chr11	114578891	114578984	SINE/MIR	539	-	46	114578937	83761
chr11	114495176	114695176	harbor2	chr11	114579392	114579510	SINE/MIR	539	-	59	114579451	84275
chr11	114495176	114695176	harbor2	chr11	114579605	114579811	SINE/MIR	769	-	103	114579708	84532
chr11	115384270	115584270	harbor2	chr11	115399010	115399212	SINE/MIR	416	-	101	115399111	14841
chr11	115384270	115584270	harbor2	chr11	115413416	115413641	SINE/MIR	839	-	112	115413528	29258
chr11	115384270	115584270	harbor2	chr11	115413942	115413969	SINE/MIR	839	-	14	115413956	29686
chr11	115384270	115584270	harbor2	chr11	115446120	115446385	SINE/MIR	707	-	132	115446252	61982
chr11	115384270	115584270	harbor2	chr11	115457040	115457262	SINE/MIR	770	-	111	115457151	72881
chr11	115384270	115584270	harbor2	chr11	115465511	115465726	SINE/MIR	538	-	108	115465619	81349
chr11	115384270	115584270	harbor2	chr11	115469254	115469486	SINE/MIR	954	-	116	115469370	85100
chr11	115384270	115584270	harbor2	chr11	115470731	115470962	SINE/MIR	517	-	116	115470847	86577
chr11	86975314	87175314	harbor2	chr11	86982729	86982846	SINE/MIR	427	-	58	86982787	7473
chr11	86975314	87175314	harbor2	chr11	87003071	87003262	SINE/MIR	412	-	96	87003167	27853
chr11	86975314	87175314	harbor2	chr11	87006033	87006276	SINE/MIR	770	-	122	87006155	30841
chr11	86975314	87175314	harbor2	chr11	87012140	87012369	SINE/MIR	473	-	114	87012254	36940
chr11	86975314	87175314	harbor2	chr11	87041110	87041276	SINE/MIR	548	-	83	87041193	65879
chr11	86975314	87175314	harbor2	chr11	87070898	87071050	SINE/MIR	416	-	76	87070974	95660
chr11	129868908	130068908	harbor2	chr11	129873261	129873431	SINE/MIR	387	-	85	129873346	4438
chr11	102151937	102351937	harbor2	chr11	102159611	102159812	SINE/MIR	380	-	100	102159711	7774
chr11	102151937	102351937	harbor2	chr11	102173541	102173770	SINE/MIR	378	-	114	102173655	21718
chr11	102151937	102351937	harbor2	chr11	102239431	102239633	SINE/MIR	487	-	101	102239532	87595
chr11	61752158	61952158	harbor2	chr11	61764348	61764525	SINE/MIR	711	-	88	61764436	12278
chr11	61752158	61952158	harbor2	chr11	61781931	61782145	SINE/MIR	629	-	107	61782038	29880
chr11	61752158	61952158	harbor2	chr11	61790097	61790225	SINE/MIR	473	-	64	61790161	38003
chr11	61752158	61952158	harbor2	chr11	61817826	61818056	SINE/MIR	839	-	115	61817941	65783
chr11	56347105	56547105	harbor2	chr11	56416791	56417021	SINE/MIR	435	-	115	56416906	69801
chr11	56347105	56547105	harbor2	chr11	56436453	56436652	SINE/MIR	528	-	100	56436553	89448
chr11	56347105	56547105	harbor2	chr11	56426421	56426593	SINE/MIR	555	-	86	56426507	79402
chr11	123884856	124084856	harbor2	chr11	123922883	123923048	SINE/MIR	424	-	82	123922965	38109
chr11	123884856	124084856	harbor2	chr11	123941120	123941335	SINE/MIR	628	-	108	123941228	56372
chr11	123884856	124084856	harbor2	chr11	123976467	123976628	SINE/MIR	389	-	80	123976547	91691
chr11	127181085	127381085	harbor2	chr11	127193583	127193720	SINE/MIR	393	-	68	127193651	12566
chr11	127181085	127381085	harbor2	chr11	127195078	127195293	SINE/MIR	698	-	108	127195186	14101
chr11	127181085	127381085	harbor2	chr11	127221760	127222011	SINE/MIR	565	-	126	127221886	40801
chr11	127181085	127381085	harbor2	chr11	127226351	127226562	SINE/MIR	551	-	106	127226457	45372
chr11	127181085	127381085	harbor2	chr11	127233555	127233777	SINE/MIR	378	-	111	127233666	52581
chr11	127181085	127381085	harbor2	chr11	127237085	127237327	SINE/MIR	450	-	121	127237206	56121
chr11	127181085	127381085	harbor2	chr11	127251519	127251643	SINE/MIR	411	-	62	127251581	70496
chr11	127181085	127381085	harbor2	chr11	127255904	127256037	SINE/MIR	405	-	66	127255970	74885
chr11	127181085	127381085	harbor2	chr11	127259942	127260159	SINE/MIR	418	-	108	127260050	78965
chr11	127181085	127381085	harbor2	chr11	127263336	127263530	SINE/MIR	537	-	97	127263433	82348
chr11	127181085	127381085	harbor2	chr11	127276998	127277208	SINE/MIR	510	-	105	127277103	96018
chr11	127181085	127381085	harbor2	chr11	127188875	127189030	SINE/MIR	394	-	78	127188953	7868
chr11	122968086	123168086	harbor2	chr11	122993713	122993932	SINE/MIR	514	-	110	122993823	25737
chr11	122968086	123168086	harbor2	chr11	122995856	122996017	SINE/MIR	382	-	80	122995936	27850
chr11	122968086	123168086	harbor2	chr11	123010548	123010791	SINE/MIR	784	-	122	123010670	42584
chr11	122968086	123168086	harbor2	chr11	123013426	123013611	SINE/MIR	745	-	92	123013518	45432
chr11	122968086	123168086	harbor2	chr11	123016107	123016299	SINE/MIR	421	-	96	123016203	48117
chr11	122968086	123168086	harbor2	chr11	123022785	123022976	SINE/MIR	430	-	96	123022881	54795
chr11	122968086	123168086	harbor2	chr11	123064616	123064739	SINE/MIR	416	-	62	123064678	96592
chr11	122968086	123168086	harbor2	chr11	123066044	123066252	SINE/MIR	591	-	104	123066148	98062
chr11	133382263	133582263	harbor2	chr11	133388871	133389081	SINE/MIR	550	-	105	133388976	6713
chr11	133382263	133582263	harbor2	chr11	133391732	133391883	SINE/MIR	402	-	76	133391808	9545
chr11	133382263	133582263	harbor2	chr11	133391917	133391989	SINE/MIR	402	-	36	133391953	9690
chr11	133382263	133582263	harbor2	chr11	133392101	133392325	SINE/MIR	773	-	112	133392213	9950
chr11	133382263	133582263	harbor2	chr11	133401352	133401569	SINE/MIR	570	-	108	133401460	19197
chr11	133382263	133582263	harbor2	chr11	133404434	133404580	SINE/MIR	426	-	73	133404507	22244
chr11	133382263	133582263	harbor2	chr11	133417316	133417462	SINE/MIR	478	-	73	133417389	35126
chr11	133382263	133582263	harbor2	chr11	133441988	133442229	SINE/MIR	522	-	120	133442108	59845
chr11	133382263	133582263	harbor2	chr11	133481250	133481409	SINE/MIR	456	-	80	133481330	99067
chr11	127824252	128024252	harbor2	chr11	127848730	127848921	SINE/MIR	430	-	96	127848826	24574
chr11	134029467	134229467	harbor2	chr11	134030220	134030435	SINE/MIR	667	-	108	134030328	861
chr11	134029467	134229467	harbor2	chr11	134039665	134039862	SINE/MIR	460	-	98	134039763	10296
chr11	134029467	134229467	harbor2	chr11	134071147	134071301	SINE/MIR	451	-	77	134071224	41757
chr11	134029467	134229467	harbor2	chr11	134100650	134100868	SINE/MIR	496	-	109	134100759	71292
chr11	134029467	134229467	harbor2	chr11	134101728	134101798	SINE/MIR	417	-	35	134101763	72296
chr11	134029467	134229467	harbor2	chr11	134102060	134102195	SINE/MIR	417	-	68	134102128	72661
chr11	134029467	134229467	harbor2	chr11	134112555	134112782	SINE/MIR	572	-	114	134112669	83202
chr11	120110322	120310322	harbor2	chr11	120112788	120113043	SINE/MIR	868	-	128	120112916	2594
chr11	120110322	120310322	harbor2	chr11	120113951	120114120	SINE/MIR	377	-	84	120114035	3713
chr11	120110322	120310322	harbor2	chr11	120123322	120123526	SINE/MIR	528	-	102	120123424	13102
chr11	120110322	120310322	harbor2	chr11	120131865	120132069	SINE/MIR	479	-	102	120131967	21645
chr11	120110322	120310322	harbor2	chr11	120138646	120138864	SINE/MIR	447	-	109	120138755	28433
chr11	120110322	120310322	harbor2	chr11	120145935	120146120	SINE/MIR	383	-	92	120146027	35705
chr11	120110322	120310322	harbor2	chr11	120146408	120146670	SINE/MIR	846	-	131	120146539	36217
chr11	120110322	120310322	harbor2	chr11	120172059	120172219	SINE/MIR	493	-	80	120172139	61817
chr11	120110322	120310322	harbor2	chr11	120177514	120177708	SINE/MIR	418	-	97	120177611	67289
chr11	120110322	120310322	harbor2	chr11	120198695	120198894	SINE/MIR	476	-	100	120198795	88473
chr11	120110322	120310322	harbor2	chr11	120201433	120201613	SINE/MIR	401	-	90	120201523	91201
chr11	120110322	120310322	harbor2	chr11	120207637	120207774	SINE/MIR	478	-	68	120207705	97383
chr11	89215898	89415898	harbor2	chr11	89224245	89224458	SINE/MIR	375	-	106	89224351	8453
chr11	89215898	89415898	harbor2	chr11	89250220	89250425	SINE/MIR	374	-	102	89250322	34424
chr11	89215898	89415898	harbor2	chr11	89274508	89274625	SINE/MIR	383	-	58	89274566	58668
chr11	89215898	89415898	harbor2	chr11	89283503	89283705	SINE/MIR	493	-	101	89283604	67706
chr11	89215898	89415898	harbor2	chr11	89285657	89285818	SINE/MIR	417	-	80	89285737	69839
chr11	89215898	89415898	harbor2	chr11	89286372	89286568	SINE/MIR	563	-	98	89286470	70572
chr11	89215898	89415898	harbor2	chr11	89288195	89288356	SINE/MIR	406	-	80	89288275	72377
chr11	89215898	89415898	harbor2	chr11	89294850	89295063	SINE/MIR	732	-	106	89294956	79058
chr11	89215898	89415898	harbor2	chr11	89305248	89305456	SINE/MIR	435	-	104	89305352	89454
chr11	125451074	125651074	harbor2	chr11	125484164	125484400	SINE/MIR	749	-	118	125484282	33208
chr11	125451074	125651074	harbor2	chr11	125515615	125515849	SINE/MIR	539	-	117	125515732	64658
chr11	120315101	120515101	harbor2	chr11	120316268	120316418	SINE/MIR	384	-	75	120316343	1242
chr11	120315101	120515101	harbor2	chr11	120316724	120316739	SINE/MIR	384	-	8	120316732	1631
chr11	120315101	120515101	harbor2	chr11	120324638	120324809	SINE/MIR	635	-	86	120324724	9623
chr11	120315101	120515101	harbor2	chr11	120351779	120351959	SINE/MIR	509	-	90	120351869	36768
chr11	120315101	120515101	harbor2	chr11	120355374	120355563	SINE/MIR	465	-	94	120355468	40367
chr11	120315101	120515101	harbor2	chr11	120357294	120357330	SINE/MIR	383	-	18	120357312	42211
chr11	120315101	120515101	harbor2	chr11	120368473	120368705	SINE/MIR	392	-	116	120368589	53488
chr11	120315101	120515101	harbor2	chr11	120386757	120386932	SINE/MIR	411	-	88	120386845	71744
chr11	120315101	120515101	harbor2	chr11	120401971	120402149	SINE/MIR	447	-	89	120402060	86959
chr11	120315101	120515101	harbor2	chr11	120356830	120357014	SINE/MIR	442	-	92	120356922	41821
chr11	105565680	105765680	harbor2	chr11	105648695	105648787	SINE/MIR	401	-	46	105648741	83061
chr11	105565680	105765680	harbor2	chr11	105648880	105649023	SINE/MIR	401	-	72	105648952	83272
chr11	105565680	105765680	harbor2	chr11	105662233	105662359	SINE/MIR	427	-	63	105662296	96616
chr11	105565680	105765680	harbor2	chr11	105665253	105665458	SINE/MIR	494	-	102	105665355	99675
chr11	122187515	122387515	harbor2	chr11	122189855	122190086	SINE/MIR	711	-	116	122189971	2456
chr11	122187515	122387515	harbor2	chr11	122202004	122202240	SINE/MIR	521	-	118	122202122	14607
chr11	122187515	122387515	harbor2	chr11	122220210	122220429	SINE/MIR	637	-	110	122220320	32805
chr11	122187515	122387515	harbor2	chr11	122220986	122221157	SINE/MIR	409	-	86	122221072	33557
chr11	122187515	122387515	harbor2	chr11	122222059	122222262	SINE/MIR	539	-	102	122222161	34646
chr11	122187515	122387515	harbor2	chr11	122226144	122226369	SINE/MIR	621	-	112	122226256	38741
chr11	122187515	122387515	harbor2	chr11	122228310	122228462	SINE/MIR	539	-	76	122228386	40871
chr11	122187515	122387515	harbor2	chr11	122228757	122228829	SINE/MIR	539	-	36	122228793	41278
chr11	122187515	122387515	harbor2	chr11	122239922	122240080	SINE/MIR	524	-	79	122240001	52486
chr11	122187515	122387515	harbor2	chr11	122267538	122267761	SINE/MIR	613	-	112	122267650	80135
chr11	122187515	122387515	harbor2	chr11	122268499	122268724	SINE/MIR	848	-	112	122268611	81096
chr11	122187515	122387515	harbor2	chr11	122271789	122272025	SINE/MIR	650	-	118	122271907	84392
chr11	122187515	122387515	harbor2	chr11	122282288	122282423	SINE/MIR	426	-	68	122282356	94841
chr11	122187515	122387515	harbor2	chr11	122283046	122283266	SINE/MIR	374	-	110	122283156	95641
chr11	65114277	65314277	harbor2	chr11	65150116	65150257	SINE/MIR	611	-	70	65150186	35909
chr11	65114277	65314277	harbor2	chr11	65150562	65150611	SINE/MIR	611	-	24	65150586	36309
chr11	65114277	65314277	harbor2	chr11	65207024	65207179	SINE/MIR	493	-	78	65207102	92825
chr11	90262225	90462225	harbor2	chr11	90350189	90350344	SINE/MIR	490	-	78	90350267	88042
chr11	106637112	106837112	harbor2	chr11	106704266	106704471	SINE/MIR	455	-	102	106704368	67256
chr11	120102211	120302211	harbor2	chr11	120106008	120106176	SINE/MIR	486	-	84	120106092	3881
chr11	120102211	120302211	harbor2	chr11	120109236	120109424	SINE/MIR	568	-	94	120109330	7119
chr11	120102211	120302211	harbor2	chr11	120112788	120113043	SINE/MIR	868	-	128	120112916	10705
chr11	120102211	120302211	harbor2	chr11	120113951	120114120	SINE/MIR	377	-	84	120114035	11824
chr11	120102211	120302211	harbor2	chr11	120123322	120123526	SINE/MIR	528	-	102	120123424	21213
chr11	120102211	120302211	harbor2	chr11	120131865	120132069	SINE/MIR	479	-	102	120131967	29756
chr11	120102211	120302211	harbor2	chr11	120138646	120138864	SINE/MIR	447	-	109	120138755	36544
chr11	120102211	120302211	harbor2	chr11	120145935	120146120	SINE/MIR	383	-	92	120146027	43816
chr11	120102211	120302211	harbor2	chr11	120146408	120146670	SINE/MIR	846	-	131	120146539	44328
chr11	120102211	120302211	harbor2	chr11	120172059	120172219	SINE/MIR	493	-	80	120172139	69928
chr11	120102211	120302211	harbor2	chr11	120177514	120177708	SINE/MIR	418	-	97	120177611	75400
chr11	120102211	120302211	harbor2	chr11	120198695	120198894	SINE/MIR	476	-	100	120198795	96584
chr11	120102211	120302211	harbor2	chr11	120201433	120201613	SINE/MIR	401	-	90	120201523	99312
chr11	62051408	62251408	harbor2	chr11	62057220	62057403	SINE/MIR	487	-	92	62057312	5904
chr11	62051408	62251408	harbor2	chr11	62132113	62132246	SINE/MIR	376	-	66	62132179	80771
chr11	62051408	62251408	harbor2	chr11	62146272	62146417	SINE/MIR	416	-	72	62146344	94936
chr11	125898453	126098453	harbor2	chr11	125941086	125941210	SINE/MIR	394	-	62	125941148	42695
chr11	71413240	71613240	harbor2	chr11	71433546	71433696	SINE/MIR	465	-	75	71433621	20381
chr11	111024899	111224899	harbor2	chr11	111060069	111060305	SINE/MIR	401	-	118	111060187	35288
chr11	111024899	111224899	harbor2	chr11	111063361	111063597	SINE/MIR	517	-	118	111063479	38580
chr11	111024899	111224899	harbor2	chr11	111093940	111094134	SINE/MIR	429	-	97	111094037	69138
chr11	111024899	111224899	harbor2	chr11	111098769	111098989	SINE/MIR	434	-	110	111098879	73980
chr11	111024899	111224899	harbor2	chr11	111112541	111112803	SINE/MIR	791	-	131	111112672	87773
chr11	101117452	101317452	harbor2	chr11	101123912	101124034	SINE/MIR	441	-	61	101123973	6521
chr11	101117452	101317452	harbor2	chr11	101131871	101132061	SINE/MIR	477	-	95	101131966	14514
chr11	101117452	101317452	harbor2	chr11	101137945	101138163	SINE/MIR	419	-	109	101138054	20602
chr11	101117452	101317452	harbor2	chr11	101173643	101173841	SINE/MIR	525	-	99	101173742	56290
chr11	101117452	101317452	harbor2	chr11	101193359	101193607	SINE/MIR	705	-	124	101193483	76031
chr11	133844693	134044693	harbor2	chr11	133914119	133914350	SINE/MIR	514	-	116	133914235	69542
chr11	133844693	134044693	harbor2	chr11	133922992	133923236	SINE/MIR	390	-	122	133923114	78421
chr11	133844693	134044693	harbor2	chr11	133942192	133942412	SINE/MIR	455	-	110	133942302	97609
chr11	109426753	109626753	harbor2	chr11	109437049	109437228	SINE/MIR	713	-	90	109437139	10386
chr11	109426753	109626753	harbor2	chr11	109440196	109440442	SINE/MIR	673	-	123	109440319	13566
chr11	109426753	109626753	harbor2	chr11	109507791	109508054	SINE/MIR	573	-	132	109507923	81170
chr11	104412726	104612726	harbor2	chr11	104464929	104465195	SINE/MIR	500	-	133	104465062	52336
chr11	104412726	104612726	harbor2	chr11	104472810	104472941	SINE/MIR	448	-	66	104472876	60150
chr11	104412726	104612726	harbor2	chr11	104488735	104488949	SINE/MIR	597	-	107	104488842	76116
chr11	34958022	35158022	harbor2	chr11	34986914	34987144	SINE/MIR	480	-	115	34987029	29007
chr11	34958022	35158022	harbor2	chr11	34988251	34988475	SINE/MIR	518	-	112	34988363	30341
chr11	34958022	35158022	harbor2	chr11	35002859	35003101	SINE/MIR	657	-	121	35002980	44958
chr11	34958022	35158022	harbor2	chr11	35015537	35015721	SINE/MIR	562	-	92	35015629	57607
chr11	34958022	35158022	harbor2	chr11	35030327	35030525	SINE/MIR	457	-	99	35030426	72404
chr11	34958022	35158022	harbor2	chr11	35034453	35034641	SINE/MIR	390	-	94	35034547	76525
chr11	34958022	35158022	harbor2	chr11	35036371	35036489	SINE/MIR	544	-	59	35036430	78408
chr11	134000907	134200907	harbor2	chr11	134027620	134027804	SINE/MIR	503	-	92	134027712	26805
chr11	134000907	134200907	harbor2	chr11	134028220	134028464	SINE/MIR	397	-	122	134028342	27435
chr11	134000907	134200907	harbor2	chr11	134030220	134030435	SINE/MIR	667	-	108	134030328	29421
chr11	134000907	134200907	harbor2	chr11	134039665	134039862	SINE/MIR	460	-	98	134039763	38856
chr11	134000907	134200907	harbor2	chr11	134071147	134071301	SINE/MIR	451	-	77	134071224	70317
chr11	134000907	134200907	harbor2	chr11	134100650	134100868	SINE/MIR	496	-	109	134100759	99852
chr11	74694708	74894708	harbor2	chr11	74701151	74701328	SINE/MIR	575	-	88	74701239	6531
chr11	74694708	74894708	harbor2	chr11	74714936	74715130	SINE/MIR	441	-	97	74715033	20325
chr11	74694708	74894708	harbor2	chr11	74727100	74727298	SINE/MIR	503	-	99	74727199	32491
chr11	74694708	74894708	harbor2	chr11	74729306	74729506	SINE/MIR	744	-	100	74729406	34698
chr11	74694708	74894708	harbor2	chr11	74746515	74746639	SINE/MIR	446	-	62	74746577	51869
chr11	74694708	74894708	harbor2	chr11	74751173	74751276	SINE/MIR	528	-	52	74751225	56517
chr11	105307027	105507027	harbor2	chr11	105381100	105381258	SINE/MIR	491	-	79	105381179	74152
chr11	105307027	105507027	harbor2	chr11	105405865	105406054	SINE/MIR	662	-	94	105405959	98932
chr11	134951399	135151399	harbor2	chr11	134970821	134971048	SINE/MIR	488	-	114	134970935	19536
chr11	134951399	135151399	harbor2	chr11	134971055	134971287	SINE/MIR	633	-	116	134971171	19772
chr11	134951399	135151399	harbor2	chr11	134972446	134972634	SINE/MIR	422	-	94	134972540	21141
chr11	134951399	135151399	harbor2	chr11	135004284	135004433	SINE/MIR	447	-	74	135004358	52959
chr11	134951399	135151399	harbor2	chr11	135029353	135029527	SINE/MIR	398	-	87	135029440	78041
chr11	126175622	126375622	harbor2	chr11	126191816	126191980	SINE/MIR	417	-	82	126191898	16276
chr11	126175622	126375622	harbor2	chr11	126207094	126207307	SINE/MIR	533	-	106	126207200	31578
chr11	126175622	126375622	harbor2	chr11	126249992	126250088	SINE/MIR	384	-	48	126250040	74418
chr11	103404534	103604534	harbor2	chr11	103468972	103469171	SINE/MIR	586	-	100	103469072	64538
chr11	134289061	134489061	harbor2	chr11	134308718	134308937	SINE/MIR	482	-	110	134308828	19767
chr11	134289061	134489061	harbor2	chr11	134341283	134341470	SINE/MIR	397	-	94	134341377	52316
chr11	115704262	115904262	harbor2	chr11	115712265	115712411	SINE/MIR	581	-	73	115712338	8076
chr11	115704262	115904262	harbor2	chr11	115712623	115712824	SINE/MIR	404	-	100	115712723	8461
chr11	115704262	115904262	harbor2	chr11	115714611	115714857	SINE/MIR	602	-	123	115714734	10472
chr11	115704262	115904262	harbor2	chr11	115718790	115718994	SINE/MIR	497	-	102	115718892	14630
chr11	115704262	115904262	harbor2	chr11	115719937	115720141	SINE/MIR	506	-	102	115720039	15777
chr11	115704262	115904262	harbor2	chr11	115725912	115726067	SINE/MIR	569	-	78	115725990	21728
chr11	115704262	115904262	harbor2	chr11	115730502	115730748	SINE/MIR	564	-	123	115730625	26363
chr11	115704262	115904262	harbor2	chr11	115737218	115737294	SINE/MIR	504	-	38	115737256	32994
chr11	115704262	115904262	harbor2	chr11	115739677	115739900	SINE/MIR	666	-	112	115739789	35527
chr11	115704262	115904262	harbor2	chr11	115740882	115741095	SINE/MIR	513	-	106	115740988	36726
chr11	115704262	115904262	harbor2	chr11	115755310	115755505	SINE/MIR	710	-	98	115755408	51146
chr11	115704262	115904262	harbor2	chr11	115778698	115778834	SINE/MIR	429	-	68	115778766	74504
chr11	115704262	115904262	harbor2	chr11	115788334	115788478	SINE/MIR	533	-	72	115788406	84144
chr11	115704262	115904262	harbor2	chr11	115788965	115789075	SINE/MIR	533	-	55	115789020	84758
chr11	115704262	115904262	harbor2	chr11	115796715	115796924	SINE/MIR	486	-	104	115796819	92557
chr11	115704262	115904262	harbor2	chr11	115802104	115802329	SINE/MIR	676	-	112	115802216	97954
chr11	115704262	115904262	harbor2	chr11	115736488	115736593	SINE/MIR	504	-	52	115736540	32278
chr11	128925308	129125308	harbor2	chr11	128935952	128936196	SINE/MIR	744	-	122	128936074	10766
chr11	128925308	129125308	harbor2	chr11	128947406	128947645	SINE/MIR	599	-	120	128947526	22218
chr11	128925308	129125308	harbor2	chr11	128955022	128955192	SINE/MIR	428	-	85	128955107	29799
chr11	128925308	129125308	harbor2	chr11	128961585	128961713	SINE/MIR	393	-	64	128961649	36341
chr11	128925308	129125308	harbor2	chr11	128979317	128979562	SINE/MIR	769	-	122	128979439	54131
chr11	128925308	129125308	harbor2	chr11	128989285	128989500	SINE/MIR	615	-	108	128989393	64085
chr11	128925308	129125308	harbor2	chr11	129011136	129011365	SINE/MIR	515	-	114	129011250	85942
chr11	128925308	129125308	harbor2	chr11	129025092	129025268	SINE/MIR	648	-	88	129025180	99872
chr11	133670627	133870627	harbor2	chr11	133701336	133701541	SINE/MIR	473	-	102	133701438	30811
chr11	133670627	133870627	harbor2	chr11	133703737	133703968	SINE/MIR	992	-	116	133703853	33226
chr11	133670627	133870627	harbor2	chr11	133745396	133745601	SINE/MIR	437	-	102	133745498	74871
chr11	133670627	133870627	harbor2	chr11	133748170	133748368	SINE/MIR	421	-	99	133748269	77642
chr11	119745066	119945066	harbor2	chr11	119746559	119746632	SINE/MIR	762	-	36	119746595	1529
chr11	119745066	119945066	harbor2	chr11	119747499	119747682	SINE/MIR	762	-	92	119747591	2525
chr11	119745066	119945066	harbor2	chr11	119751856	119752074	SINE/MIR	484	-	109	119751965	6899
chr11	119745066	119945066	harbor2	chr11	119754313	119754436	SINE/MIR	384	-	62	119754375	9309
chr11	119745066	119945066	harbor2	chr11	119757291	119757430	SINE/MIR	396	-	70	119757361	12295
chr11	119745066	119945066	harbor2	chr11	119761931	119762130	SINE/MIR	565	-	100	119762031	16965
chr11	119745066	119945066	harbor2	chr11	119772340	119772514	SINE/MIR	609	-	87	119772427	27361
chr11	119745066	119945066	harbor2	chr11	119779370	119779496	SINE/MIR	412	-	63	119779433	34367
chr11	119745066	119945066	harbor2	chr11	119785099	119785258	SINE/MIR	470	-	80	119785179	40113
chr11	119745066	119945066	harbor2	chr11	119824322	119824517	SINE/MIR	579	-	98	119824420	79354
chr11	119745066	119945066	harbor2	chr11	119840594	119840642	SINE/MIR	768	-	24	119840618	95552
chr11	119745066	119945066	harbor2	chr11	119840669	119840828	SINE/MIR	768	-	80	119840749	95683
chr11	119745066	119945066	harbor2	chr11	119750620	119750870	SINE/MIR	1057	-	125	119750745	5679
chr11	120359289	120559289	harbor2	chr11	120368473	120368705	SINE/MIR	392	-	116	120368589	9300
chr11	120359289	120559289	harbor2	chr11	120386757	120386932	SINE/MIR	411	-	88	120386845	27556
chr11	120359289	120559289	harbor2	chr11	120401971	120402149	SINE/MIR	447	-	89	120402060	42771
chr11	120359289	120559289	harbor2	chr11	120421290	120421429	SINE/MIR	573	-	70	120421360	62071
chr11	120359289	120559289	harbor2	chr11	120421700	120421734	SINE/MIR	573	-	17	120421717	62428
chr11	120359289	120559289	harbor2	chr11	120430212	120430421	SINE/MIR	595	-	104	120430316	71027
chr11	120359289	120559289	harbor2	chr11	120434217	120434365	SINE/MIR	495	-	74	120434291	75002
chr11	120008815	120208815	harbor2	chr11	120013040	120013206	SINE/MIR	386	-	83	120013123	4308
chr11	120008815	120208815	harbor2	chr11	120016966	120017072	SINE/MIR	440	-	53	120017019	8204
chr11	120008815	120208815	harbor2	chr11	120018804	120018992	SINE/MIR	578	-	94	120018898	10083
chr11	120008815	120208815	harbor2	chr11	120022425	120022575	SINE/MIR	407	-	75	120022500	13685
chr11	120008815	120208815	harbor2	chr11	120028058	120028247	SINE/MIR	659	-	94	120028152	19337
chr11	120008815	120208815	harbor2	chr11	120035958	120036109	SINE/MIR	387	-	76	120036034	27219
chr11	120008815	120208815	harbor2	chr11	120077523	120077652	SINE/MIR	535	-	64	120077587	68772
chr11	120008815	120208815	harbor2	chr11	120088066	120088271	SINE/MIR	440	-	102	120088168	79353
chr11	120008815	120208815	harbor2	chr11	120089947	120090153	SINE/MIR	731	-	103	120090050	81235
chr11	120008815	120208815	harbor2	chr11	120097442	120097699	SINE/MIR	541	-	128	120097570	88755
chr11	120008815	120208815	harbor2	chr11	120106008	120106176	SINE/MIR	486	-	84	120106092	97277
chr11	116798092	116998092	harbor2	chr11	116808361	116808566	SINE/MIR	525	-	102	116808463	10371
chr11	116798092	116998092	harbor2	chr11	116819385	116819600	SINE/MIR	400	-	108	116819493	21401
chr11	116798092	116998092	harbor2	chr11	116830200	116830385	SINE/MIR	402	-	92	116830292	32200
chr11	116798092	116998092	harbor2	chr11	116832240	116832350	SINE/MIR	561	-	55	116832295	34203
chr11	116798092	116998092	harbor2	chr11	116833874	116833974	SINE/MIR	395	-	50	116833924	35832
chr11	116798092	116998092	harbor2	chr11	116860609	116860717	SINE/MIR	696	-	54	116860663	62571
chr11	116798092	116998092	harbor2	chr11	116861068	116861180	SINE/MIR	696	-	56	116861124	63032
chr11	116798092	116998092	harbor2	chr11	116877872	116878072	SINE/MIR	744	-	100	116877972	79880
chr11	116798092	116998092	harbor2	chr11	116881779	116881998	SINE/MIR	489	-	110	116881889	83797
chr11	116798092	116998092	harbor2	chr11	116895900	116896114	SINE/MIR	379	-	107	116896007	97915
chr11	103019204	103219204	harbor2	chr11	103024656	103024853	SINE/MIR	570	-	98	103024754	5550
chr11	103019204	103219204	harbor2	chr11	103038217	103038463	SINE/MIR	594	-	123	103038340	19136
chr11	103019204	103219204	harbor2	chr11	103042709	103042811	SINE/MIR	384	-	51	103042760	23556
chr11	103019204	103219204	harbor2	chr11	103047865	103048066	SINE/MIR	560	-	100	103047965	28761
chr11	103019204	103219204	harbor2	chr11	103051653	103051856	SINE/MIR	415	-	102	103051755	32551
chr11	103019204	103219204	harbor2	chr11	103053890	103053981	SINE/MIR	383	-	46	103053936	34732
chr11	103019204	103219204	harbor2	chr11	103056908	103057047	SINE/MIR	416	-	70	103056978	37774
chr11	103019204	103219204	harbor2	chr11	103111286	103111436	SINE/MIR	588	-	75	103111361	92157
chr11	123703324	123903324	harbor2	chr11	123711607	123711761	SINE/MIR	534	-	77	123711684	8360
chr11	123703324	123903324	harbor2	chr11	123770844	123771046	SINE/MIR	703	-	101	123770945	67621
chr11	78232384	78432384	harbor2	chr11	78248651	78248852	SINE/MIR	568	-	100	78248751	16367
chr11	78232384	78432384	harbor2	chr11	78257779	78257945	SINE/MIR	477	-	83	78257862	25478
chr11	78232384	78432384	harbor2	chr11	78264967	78265120	SINE/MIR	477	-	76	78265043	32659
chr11	78232384	78432384	harbor2	chr11	78292803	78292949	SINE/MIR	411	-	73	78292876	60492
chr11	78232384	78432384	harbor2	chr11	78312331	78312423	SINE/MIR	606	-	46	78312377	79993
chr11	78232384	78432384	harbor2	chr11	78312729	78312869	SINE/MIR	606	-	70	78312799	80415
chr11	78232384	78432384	harbor2	chr11	78314349	78314465	SINE/MIR	374	-	58	78314407	82023
chr11	78232384	78432384	harbor2	chr11	78324616	78324749	SINE/MIR	471	-	66	78324682	92298
chr11	78232384	78432384	harbor2	chr11	78325322	78325483	SINE/MIR	569	-	80	78325402	93018
chr11	86282361	86482361	harbor2	chr11	86290514	86290738	SINE/MIR	627	-	112	86290626	8265
chr11	86282361	86482361	harbor2	chr11	86300879	86301082	SINE/MIR	793	-	102	86300981	18620
chr11	86282361	86482361	harbor2	chr11	86301548	86301739	SINE/MIR	639	-	96	86301644	19283
chr11	86282361	86482361	harbor2	chr11	86362030	86362217	SINE/MIR	419	-	94	86362124	79763
chr11	113645760	113845760	harbor2	chr11	113646125	113646294	SINE/MIR	467	-	84	113646209	449
chr11	113645760	113845760	harbor2	chr11	113671762	113671871	SINE/MIR	479	-	54	113671816	26056
chr11	113645760	113845760	harbor2	chr11	113672805	113672918	SINE/MIR	479	-	56	113672861	27101
chr11	113645760	113845760	harbor2	chr11	113674599	113674745	SINE/MIR	483	-	73	113674672	28912
chr11	113645760	113845760	harbor2	chr11	113679112	113679368	SINE/MIR	414	-	128	113679240	33480
chr11	113645760	113845760	harbor2	chr11	113689380	113689579	SINE/MIR	430	-	100	113689480	43720
chr11	113645760	113845760	harbor2	chr11	113697590	113697816	SINE/MIR	583	-	113	113697703	51943
chr11	113645760	113845760	harbor2	chr11	113697817	113697859	SINE/MIR	465	-	21	113697838	52078
chr11	113645760	113845760	harbor2	chr11	113698268	113698421	SINE/MIR	465	-	76	113698344	52584
chr11	113645760	113845760	harbor2	chr11	113723267	113723441	SINE/MIR	483	-	87	113723354	77594
chr11	113645760	113845760	harbor2	chr11	113726021	113726232	SINE/MIR	658	-	106	113726127	80367
chr11	125429628	125629628	harbor2	chr11	125440637	125440793	SINE/MIR	420	-	78	125440715	11087
chr11	125429628	125629628	harbor2	chr11	125484164	125484400	SINE/MIR	749	-	118	125484282	54654
chr11	125429628	125629628	harbor2	chr11	125515615	125515849	SINE/MIR	539	-	117	125515732	86104
chr11	92187926	92387926	harbor2	chr11	92191284	92191469	SINE/MIR	467	-	92	92191376	3450
chr11	92187926	92387926	harbor2	chr11	92208143	92208322	SINE/MIR	660	-	90	92208233	20307
chr11	92187926	92387926	harbor2	chr11	92238973	92239208	SINE/MIR	637	-	118	92239091	51165
chr11	92187926	92387926	harbor2	chr11	92248876	92249030	SINE/MIR	393	-	77	92248953	61027
chr11	92187926	92387926	harbor2	chr11	92251124	92251337	SINE/MIR	388	-	106	92251230	63304
chr11	92187926	92387926	harbor2	chr11	92256663	92256894	SINE/MIR	551	-	116	92256779	68853
chr11	92187926	92387926	harbor2	chr11	92268110	92268333	SINE/MIR	784	-	112	92268222	80296
chr11	92187926	92387926	harbor2	chr11	92279429	92279553	SINE/MIR	389	-	62	92279491	91565
chr11	92187926	92387926	harbor2	chr11	92279824	92279975	SINE/MIR	389	-	76	92279900	91974
chr11	134310279	134510279	harbor2	chr11	134341283	134341470	SINE/MIR	397	-	94	134341377	31098
chr11	134310279	134510279	harbor2	chr11	134390631	134390798	SINE/MIR	504	-	84	134390715	80436
chr11	134310279	134510279	harbor2	chr11	134394258	134394462	SINE/MIR	447	-	102	134394360	84081
chr11	134310279	134510279	harbor2	chr11	134398477	134398632	SINE/MIR	374	-	78	134398555	88276
chr11	134310279	134510279	harbor2	chr11	134406633	134406844	SINE/MIR	670	-	106	134406739	96460
chr11	110415488	110615488	harbor2	chr11	110454657	110454918	SINE/MIR	511	-	130	110454787	39299
chr11	110415488	110615488	harbor2	chr11	110459366	110459583	SINE/MIR	534	-	108	110459474	43986
chr11	110415488	110615488	harbor2	chr11	110474930	110475090	SINE/MIR	405	-	80	110475010	59522
chr11	110415488	110615488	harbor2	chr11	110488269	110488451	SINE/MIR	629	-	91	110488360	72872
chr11	110415488	110615488	harbor2	chr11	110505471	110505610	SINE/MIR	445	-	70	110505541	90053
chr11	110415488	110615488	harbor2	chr11	110507010	110507163	SINE/MIR	382	-	76	110507086	91598
chr11	62072585	62272585	harbor2	chr11	62132113	62132246	SINE/MIR	376	-	66	62132179	59594
chr11	62072585	62272585	harbor2	chr11	62146272	62146417	SINE/MIR	416	-	72	62146344	73759
chr11	42563328	42763328	harbor2	chr11	42564498	42564734	SINE/MIR	640	-	118	42564616	1288
chr11	42563328	42763328	harbor2	chr11	42568725	42568982	SINE/MIR	967	-	128	42568853	5525
chr11	42563328	42763328	harbor2	chr11	42569033	42569157	SINE/MIR	511	-	62	42569095	5767
chr11	42563328	42763328	harbor2	chr11	42604437	42604672	SINE/MIR	491	-	118	42604555	41227
chr11	42563328	42763328	harbor2	chr11	42615357	42615535	SINE/MIR	420	-	89	42615446	52118
chr11	42563328	42763328	harbor2	chr11	42620803	42621028	SINE/MIR	545	-	112	42620915	57587
chr11	59552895	59752895	harbor2	chr11	59558876	59559020	SINE/MIR	394	-	72	59558948	6053
chr11	59552895	59752895	harbor2	chr11	59605738	59605931	SINE/MIR	408	-	96	59605834	52939
chr11	59552895	59752895	harbor2	chr11	59641987	59642187	SINE/MIR	595	-	100	59642087	89192
chr11	59552895	59752895	harbor2	chr11	59650149	59650315	SINE/MIR	620	-	83	59650232	97337
chr11	123672640	123872640	harbor2	chr11	123673318	123673567	SINE/MIR	612	-	124	123673442	802
chr11	123672640	123872640	harbor2	chr11	123676468	123676700	SINE/MIR	551	-	116	123676584	3944
chr11	123672640	123872640	harbor2	chr11	123695172	123695318	SINE/MIR	389	-	73	123695245	22605
chr11	123672640	123872640	harbor2	chr11	123700639	123700783	SINE/MIR	523	-	72	123700711	28071
chr11	123672640	123872640	harbor2	chr11	123711607	123711761	SINE/MIR	534	-	77	123711684	39044
chr11	123672640	123872640	harbor2	chr11	123770844	123771046	SINE/MIR	703	-	101	123770945	98305
chr11	104776868	104976868	harbor2	chr11	104790321	104790533	SINE/MIR	509	-	106	104790427	13559
chr11	104776868	104976868	harbor2	chr11	104805491	104805643	SINE/MIR	458	-	76	104805567	28699
chr11	104776868	104976868	harbor2	chr11	104857806	104857979	SINE/MIR	518	-	86	104857892	81024
chr11	35068434	35268434	harbor2	chr11	35112123	35112360	SINE/MIR	584	-	118	35112241	43807
chr11	35068434	35268434	harbor2	chr11	35114239	35114383	SINE/MIR	522	-	72	35114311	45877
chr11	35068434	35268434	harbor2	chr11	35117300	35117529	SINE/MIR	498	-	114	35117414	48980
chr11	35068434	35268434	harbor2	chr11	35124359	35124584	SINE/MIR	593	-	112	35124471	56037
chr11	35068434	35268434	harbor2	chr11	35137037	35137321	SINE/MIR	555	-	142	35137179	68745
chr11	35068434	35268434	harbor2	chr11	35141044	35141291	SINE/MIR	497	-	124	35141168	72734
chr11	35068434	35268434	harbor2	chr11	35146475	35146726	SINE/MIR	1066	-	126	35146601	78167
chr11	35068434	35268434	harbor2	chr11	35153031	35153181	SINE/MIR	387	-	75	35153106	84672
chr11	35068434	35268434	harbor2	chr11	35161200	35161379	SINE/MIR	436	-	90	35161290	92856
chr11	132519723	132719723	harbor2	chr11	132541545	132541779	SINE/MIR	536	-	117	132541662	21939
chr11	132519723	132719723	harbor2	chr11	132556403	132556572	SINE/MIR	539	-	84	132556487	36764
chr11	26724293	26924293	harbor2	chr11	26744645	26744898	SINE/MIR	507	-	126	26744771	20478
chr11	26724293	26924293	harbor2	chr11	26745828	26746044	SINE/MIR	546	-	108	26745936	21643
chr11	26724293	26924293	harbor2	chr11	26746150	26746392	SINE/MIR	548	-	121	26746271	21978
chr11	26724293	26924293	harbor2	chr11	26747674	26747904	SINE/MIR	489	-	115	26747789	23496
chr11	26724293	26924293	harbor2	chr11	26774805	26775004	SINE/MIR	389	-	100	26774905	50612
chr11	26724293	26924293	harbor2	chr11	26781682	26781916	SINE/MIR	457	-	117	26781799	57506
chr11	26724293	26924293	harbor2	chr11	26800170	26800415	SINE/MIR	701	-	122	26800292	75999
chr11	132603948	132803948	harbor2	chr11	132632320	132632544	SINE/MIR	496	-	112	132632432	28484
chr11	132603948	132803948	harbor2	chr11	132642703	132642842	SINE/MIR	376	-	70	132642773	38825
chr11	132603948	132803948	harbor2	chr11	132661778	132661905	SINE/MIR	494	-	64	132661842	57894
chr11	132603948	132803948	harbor2	chr11	132684240	132684424	SINE/MIR	441	-	92	132684332	80384
chr11	132603948	132803948	harbor2	chr11	132691054	132691148	SINE/MIR	374	-	47	132691101	87153
chr11	117884533	118084533	harbor2	chr11	117885225	117885399	SINE/MIR	511	-	87	117885312	779
chr11	117884533	118084533	harbor2	chr11	117887268	117887492	SINE/MIR	948	-	112	117887380	2847
chr11	117884533	118084533	harbor2	chr11	117897521	117897736	SINE/MIR	593	-	108	117897629	13096
chr11	117884533	118084533	harbor2	chr11	117904380	117904559	SINE/MIR	415	-	90	117904470	19937
chr11	117884533	118084533	harbor2	chr11	117915923	117916061	SINE/MIR	436	-	69	117915992	31459
chr11	117884533	118084533	harbor2	chr11	117916838	117916982	SINE/MIR	418	-	72	117916910	32377
chr11	117884533	118084533	harbor2	chr11	117917497	117917703	SINE/MIR	641	-	103	117917600	33067
chr11	117884533	118084533	harbor2	chr11	117919638	117919849	SINE/MIR	444	-	106	117919744	35211
chr11	117884533	118084533	harbor2	chr11	117921034	117921195	SINE/MIR	578	-	80	117921114	36581
chr11	117884533	118084533	harbor2	chr11	117924020	117924062	SINE/MIR	520	-	21	117924041	39508
chr11	117884533	118084533	harbor2	chr11	117924206	117924357	SINE/MIR	520	-	76	117924282	39749
chr11	117884533	118084533	harbor2	chr11	117926890	117926964	SINE/MIR	485	-	37	117926927	42394
chr11	117884533	118084533	harbor2	chr11	117927341	117927411	SINE/MIR	485	-	35	117927376	42843
chr11	117884533	118084533	harbor2	chr11	117930260	117930388	SINE/MIR	383	-	64	117930324	45791
chr11	117884533	118084533	harbor2	chr11	117939260	117939352	SINE/MIR	434	-	46	117939306	54773
chr11	117884533	118084533	harbor2	chr11	117939653	117939784	SINE/MIR	434	-	66	117939719	55186
chr11	117884533	118084533	harbor2	chr11	117949617	117949821	SINE/MIR	702	-	102	117949719	65186
chr11	117884533	118084533	harbor2	chr11	117969056	117969186	SINE/MIR	486	-	65	117969121	84588
chr11	117884533	118084533	harbor2	chr11	117969908	117970029	SINE/MIR	505	-	60	117969968	85435
chr11	117884533	118084533	harbor2	chr11	117970546	117970669	SINE/MIR	398	-	62	117970608	86075
chr11	117884533	118084533	harbor2	chr11	117975920	117976131	SINE/MIR	499	-	106	117976026	91493
chr11	134699327	134899327	harbor2	chr11	134705056	134705288	SINE/MIR	671	-	116	134705172	5845
chr11	121965504	122165504	harbor2	chr11	121980759	121980986	SINE/MIR	486	-	114	121980873	15369
chr11	121965504	122165504	harbor2	chr11	121991877	121991927	SINE/MIR	414	-	25	121991902	26398
chr11	121965504	122165504	harbor2	chr11	121992102	121992225	SINE/MIR	414	-	62	121992164	26660
chr11	121965504	122165504	harbor2	chr11	122021197	122021410	SINE/MIR	738	-	106	122021303	55799
chr11	121965504	122165504	harbor2	chr11	122021521	122021631	SINE/MIR	443	-	55	122021576	56072
chr11	121965504	122165504	harbor2	chr11	122037194	122037459	SINE/MIR	743	-	132	122037326	71822
chr11	121965504	122165504	harbor2	chr11	122065056	122065201	SINE/MIR	425	-	72	122065128	99624
chr11	129851915	130051915	harbor2	chr11	129857941	129858108	SINE/MIR	633	-	84	129858025	6110
chr11	129851915	130051915	harbor2	chr11	129873261	129873431	SINE/MIR	387	-	85	129873346	21431
chr11	56424504	56624504	harbor2	chr11	56436453	56436652	SINE/MIR	528	-	100	56436553	12049
chr11	56424504	56624504	harbor2	chr11	56453390	56453629	SINE/MIR	391	-	120	56453510	29006
chr11	56424504	56624504	harbor2	chr11	56464272	56464389	SINE/MIR	407	-	58	56464330	39826
chr11	56424504	56624504	harbor2	chr11	56473821	56473972	SINE/MIR	418	-	76	56473897	49393
chr11	56424504	56624504	harbor2	chr11	56523024	56523179	SINE/MIR	518	-	78	56523102	98598
chr11	56424504	56624504	harbor2	chr11	56426421	56426593	SINE/MIR	555	-	86	56426507	2003
chr11	100487827	100687827	harbor2	chr11	100543947	100544144	SINE/MIR	561	-	98	100544045	56218
chr11	100487827	100687827	harbor2	chr11	100544770	100545050	SINE/MIR	407	-	140	100544910	57083
chr11	100487827	100687827	harbor2	chr11	100547475	100547634	SINE/MIR	545	-	80	100547555	59728
chr11	100487827	100687827	harbor2	chr11	100550722	100550945	SINE/MIR	399	-	112	100550834	63007
chr11	100487827	100687827	harbor2	chr11	100574903	100575120	SINE/MIR	767	-	108	100575011	87184
chr11	108283173	108483173	harbor2	chr11	108309342	108309588	SINE/MIR	501	-	123	108309465	26292
chr11	108283173	108483173	harbor2	chr11	108320530	108320714	SINE/MIR	583	-	92	108320622	37449
chr11	108283173	108483173	harbor2	chr11	108321140	108321156	SINE/MIR	583	-	8	108321148	37975
chr11	108283173	108483173	harbor2	chr11	108343919	108344127	SINE/MIR	459	-	104	108344023	60850
chr11	118166450	118366450	harbor2	chr11	118172223	118172419	SINE/MIR	728	-	98	118172321	5871
chr11	118166450	118366450	harbor2	chr11	118175186	118175338	SINE/MIR	429	-	76	118175262	8812
chr11	118166450	118366450	harbor2	chr11	118179727	118179872	SINE/MIR	383	-	72	118179799	13349
chr11	118166450	118366450	harbor2	chr11	118194471	118194703	SINE/MIR	992	-	116	118194587	28137
chr11	118166450	118366450	harbor2	chr11	118197601	118197783	SINE/MIR	500	-	91	118197692	31242
chr11	118166450	118366450	harbor2	chr11	118207220	118207463	SINE/MIR	489	-	122	118207342	40892
chr11	118166450	118366450	harbor2	chr11	118217676	118217863	SINE/MIR	821	-	94	118217770	51320
chr11	118166450	118366450	harbor2	chr11	118237722	118237854	SINE/MIR	514	-	66	118237788	71338
chr11	118166450	118366450	harbor2	chr11	118238165	118238228	SINE/MIR	514	-	32	118238197	71747
chr11	118166450	118366450	harbor2	chr11	118264894	118265073	SINE/MIR	478	-	90	118264984	98534
chr11	120305102	120505102	harbor2	chr11	120309116	120309332	SINE/MIR	918	-	108	120309224	4122
chr11	120305102	120505102	harbor2	chr11	120314449	120314684	SINE/MIR	706	-	118	120314567	9465
chr11	120305102	120505102	harbor2	chr11	120316268	120316418	SINE/MIR	384	-	75	120316343	11241
chr11	120305102	120505102	harbor2	chr11	120316724	120316739	SINE/MIR	384	-	8	120316732	11630
chr11	120305102	120505102	harbor2	chr11	120324638	120324809	SINE/MIR	635	-	86	120324724	19622
chr11	120305102	120505102	harbor2	chr11	120351779	120351959	SINE/MIR	509	-	90	120351869	46767
chr11	120305102	120505102	harbor2	chr11	120355374	120355563	SINE/MIR	465	-	94	120355468	50366
chr11	120305102	120505102	harbor2	chr11	120357294	120357330	SINE/MIR	383	-	18	120357312	52210
chr11	120305102	120505102	harbor2	chr11	120368473	120368705	SINE/MIR	392	-	116	120368589	63487
chr11	120305102	120505102	harbor2	chr11	120386757	120386932	SINE/MIR	411	-	88	120386845	81743
chr11	120305102	120505102	harbor2	chr11	120401971	120402149	SINE/MIR	447	-	89	120402060	96958
chr11	120305102	120505102	harbor2	chr11	120356830	120357014	SINE/MIR	442	-	92	120356922	51820
chr11	126023267	126223267	harbor2	chr11	126023908	126024066	SINE/MIR	591	-	79	126023987	720
chr11	126023267	126223267	harbor2	chr11	126042547	126042609	SINE/MIR	469	-	31	126042578	19311
chr11	126023267	126223267	harbor2	chr11	126042923	126042939	SINE/MIR	469	-	8	126042931	19664
chr11	126023267	126223267	harbor2	chr11	126043538	126043709	SINE/MIR	469	-	86	126043624	20357
chr11	126023267	126223267	harbor2	chr11	126057860	126058044	SINE/MIR	506	-	92	126057952	34685
chr11	126023267	126223267	harbor2	chr11	126067112	126067321	SINE/MIR	527	-	104	126067216	43949
chr11	126023267	126223267	harbor2	chr11	126082013	126082157	SINE/MIR	430	-	72	126082085	58818
chr11	79507506	79707506	harbor2	chr11	79510414	79510644	SINE/MIR	677	-	115	79510529	3023
chr11	79507506	79707506	harbor2	chr11	79513566	79513717	SINE/MIR	504	-	76	79513642	6136
chr11	79507506	79707506	harbor2	chr11	79514049	79514265	SINE/MIR	451	-	108	79514157	6651
chr11	79507506	79707506	harbor2	chr11	79545920	79546123	SINE/MIR	420	-	102	79546022	38516
chr11	79507506	79707506	harbor2	chr11	79550303	79550462	SINE/MIR	508	-	80	79550383	42877
chr11	79507506	79707506	harbor2	chr11	79562065	79562292	SINE/MIR	690	-	114	79562179	54673
chr11	79507506	79707506	harbor2	chr11	79563482	79563723	SINE/MIR	563	-	120	79563602	56096
chr11	79507506	79707506	harbor2	chr11	79570808	79571042	SINE/MIR	640	-	117	79570925	63419
chr11	79507506	79707506	harbor2	chr11	79571769	79571970	SINE/MIR	821	-	100	79571869	64363
chr11	79507506	79707506	harbor2	chr11	79579421	79579593	SINE/MIR	470	-	86	79579507	72001
chr11	79507506	79707506	harbor2	chr11	79581847	79582003	SINE/MIR	398	-	78	79581925	74419
chr11	79507506	79707506	harbor2	chr11	79595742	79595895	SINE/MIR	531	-	76	79595818	88312
chr11	79507506	79707506	harbor2	chr11	79602792	79602872	SINE/MIR	397	-	40	79602832	95326
chr11	128139939	128339939	harbor2	chr11	128153271	128153476	SINE/MIR	469	-	102	128153373	13434
chr11	128139939	128339939	harbor2	chr11	128199281	128199510	SINE/MIR	540	-	114	128199395	59456
chr11	125389658	125589658	harbor2	chr11	125390135	125390356	SINE/MIR	762	-	110	125390245	587
chr11	125389658	125589658	harbor2	chr11	125390400	125390592	SINE/MIR	399	-	96	125390496	838
chr11	125389658	125589658	harbor2	chr11	125390606	125390764	SINE/MIR	485	-	79	125390685	1027
chr11	125389658	125589658	harbor2	chr11	125392139	125392375	SINE/MIR	646	-	118	125392257	2599
chr11	125389658	125589658	harbor2	chr11	125397375	125397621	SINE/MIR	734	-	123	125397498	7840
chr11	125389658	125589658	harbor2	chr11	125403436	125403662	SINE/MIR	702	-	113	125403549	13891
chr11	125389658	125589658	harbor2	chr11	125410929	125411044	SINE/MIR	385	-	58	125410987	21329
chr11	125389658	125589658	harbor2	chr11	125417416	125417596	SINE/MIR	621	-	90	125417506	27848
chr11	125389658	125589658	harbor2	chr11	125423102	125423292	SINE/MIR	702	-	95	125423197	33539
chr11	125389658	125589658	harbor2	chr11	125440637	125440793	SINE/MIR	420	-	78	125440715	51057
chr11	125389658	125589658	harbor2	chr11	125484164	125484400	SINE/MIR	749	-	118	125484282	94624
chr11	115428779	115628779	harbor2	chr11	115446120	115446385	SINE/MIR	707	-	132	115446252	17473
chr11	115428779	115628779	harbor2	chr11	115457040	115457262	SINE/MIR	770	-	111	115457151	28372
chr11	115428779	115628779	harbor2	chr11	115465511	115465726	SINE/MIR	538	-	108	115465619	36840
chr11	115428779	115628779	harbor2	chr11	115469254	115469486	SINE/MIR	954	-	116	115469370	40591
chr11	115428779	115628779	harbor2	chr11	115470731	115470962	SINE/MIR	517	-	116	115470847	42068
chr11	115428779	115628779	harbor2	chr11	115517585	115517815	SINE/MIR	436	-	115	115517700	88921
chr11	115428779	115628779	harbor2	chr11	115524686	115524800	SINE/MIR	431	-	57	115524743	95964
chr11	130205421	130405421	harbor2	chr11	130214331	130214510	SINE/MIR	378	-	90	130214421	9000
chr11	130205421	130405421	harbor2	chr11	130290694	130290859	SINE/MIR	467	-	82	130290776	85355
chr11	130205421	130405421	harbor2	chr11	130302088	130302326	SINE/MIR	611	-	119	130302207	96786
chr11	40442666	40642666	harbor2	chr11	40444074	40444308	SINE/MIR	649	-	117	40444191	1525
chr11	40442666	40642666	harbor2	chr11	40531981	40532226	SINE/MIR	567	-	122	40532103	89437
chr11	40442666	40642666	harbor2	chr11	40537259	40537460	SINE/MIR	447	-	100	40537359	94693
chr11	130089308	130289308	harbor2	chr11	130100007	130100250	SINE/MIR	666	-	122	130100129	10821
chr11	130089308	130289308	harbor2	chr11	130118386	130118504	SINE/MIR	494	-	59	130118445	29137
chr11	130089308	130289308	harbor2	chr11	130127428	130127578	SINE/MIR	375	-	75	130127503	38195
chr11	130089308	130289308	harbor2	chr11	130136328	130136549	SINE/MIR	612	-	110	130136438	47130
chr11	130089308	130289308	harbor2	chr11	130137884	130138079	SINE/MIR	487	-	98	130137982	48674
chr11	130089308	130289308	harbor2	chr11	130165043	130165161	SINE/MIR	577	-	59	130165102	75794
chr11	130089308	130289308	harbor2	chr11	130165732	130165909	SINE/MIR	510	-	88	130165820	76512
chr11	61316367	61516367	harbor2	chr11	61336577	61336729	SINE/MIR	378	-	76	61336653	20286
chr11	61316367	61516367	harbor2	chr11	61352030	61352180	SINE/MIR	588	-	75	61352105	35738
chr11	61316367	61516367	harbor2	chr11	61357896	61358070	SINE/MIR	424	-	87	61357983	41616
chr11	61316367	61516367	harbor2	chr11	61402094	61402300	SINE/MIR	431	-	103	61402197	85830
chr11	61316367	61516367	harbor2	chr11	61410488	61410712	SINE/MIR	513	-	112	61410600	94233
chr11	61316367	61516367	harbor2	chr11	61411292	61411526	SINE/MIR	737	-	117	61411409	95042
chr11	90324150	90524150	harbor2	chr11	90350189	90350344	SINE/MIR	490	-	78	90350267	26117
chr11	90324150	90524150	harbor2	chr11	90366893	90367080	SINE/MIR	499	-	94	90366987	42837
chr11	90324150	90524150	harbor2	chr11	90388246	90388499	SINE/MIR	811	-	126	90388372	64222
chr11	129039881	129239881	harbor2	chr11	129060788	129061037	SINE/MIR	706	-	124	129060912	21031
chr11	129039881	129239881	harbor2	chr11	129116876	129117022	SINE/MIR	469	-	73	129116949	77068
chr11	129039881	129239881	harbor2	chr11	129121958	129122138	SINE/MIR	387	-	90	129122048	82167
chr11	113867497	114067497	harbor2	chr11	113883943	113884118	SINE/MIR	553	-	88	113884031	16534
chr11	113867497	114067497	harbor2	chr11	113937504	113937726	SINE/MIR	612	-	111	113937615	70118
chr11	113867497	114067497	harbor2	chr11	113955543	113955717	SINE/MIR	681	-	87	113955630	88133
chr11	113867497	114067497	harbor2	chr11	113958579	113958762	SINE/MIR	426	-	92	113958671	91174
chr11	37025451	37225451	harbor2	chr11	37044536	37044652	SINE/MIR	420	-	58	37044594	19143
chr11	37025451	37225451	harbor2	chr11	37068962	37069128	SINE/MIR	449	-	83	37069045	43594
chr11	37025451	37225451	harbor2	chr11	37092123	37092291	SINE/MIR	487	-	84	37092207	66756
chr11	133340514	133540514	harbor2	chr11	133360059	133360287	SINE/MIR	427	-	114	133360173	19659
chr11	133340514	133540514	harbor2	chr11	133388871	133389081	SINE/MIR	550	-	105	133388976	48462
chr11	133340514	133540514	harbor2	chr11	133391732	133391883	SINE/MIR	402	-	76	133391808	51294
chr11	133340514	133540514	harbor2	chr11	133391917	133391989	SINE/MIR	402	-	36	133391953	51439
chr11	133340514	133540514	harbor2	chr11	133392101	133392325	SINE/MIR	773	-	112	133392213	51699
chr11	133340514	133540514	harbor2	chr11	133401352	133401569	SINE/MIR	570	-	108	133401460	60946
chr11	133340514	133540514	harbor2	chr11	133404434	133404580	SINE/MIR	426	-	73	133404507	63993
chr11	133340514	133540514	harbor2	chr11	133417316	133417462	SINE/MIR	478	-	73	133417389	76875
chr11	106366919	106566919	harbor2	chr11	106369992	106370145	SINE/MIR	381	-	76	106370068	3149
chr11	106366919	106566919	harbor2	chr11	106370521	106370720	SINE/MIR	690	-	100	106370621	3702
chr11	106366919	106566919	harbor2	chr11	106436482	106436706	SINE/MIR	642	-	112	106436594	69675
chr11	106366919	106566919	harbor2	chr11	106448151	106448305	SINE/MIR	415	-	77	106448228	81309
chr11	106366919	106566919	harbor2	chr11	106456192	106456356	SINE/MIR	510	-	82	106456274	89355
chr11	106366919	106566919	harbor2	chr11	106464625	106464780	SINE/MIR	433	-	78	106464703	97784
chr11	106366919	106566919	harbor2	chr11	106466400	106466588	SINE/MIR	491	-	94	106466494	99575
chr11	102516293	102716293	harbor2	chr11	102524534	102524748	SINE/MIR	677	-	107	102524641	8348
chr11	102516293	102716293	harbor2	chr11	102528423	102528632	SINE/MIR	389	-	104	102528527	12234
chr11	102516293	102716293	harbor2	chr11	102528841	102529043	SINE/MIR	720	-	101	102528942	12649
chr11	102516293	102716293	harbor2	chr11	102530237	102530437	SINE/MIR	404	-	100	102530337	14044
chr11	102516293	102716293	harbor2	chr11	102542466	102542680	SINE/MIR	789	-	107	102542573	26280
chr11	102516293	102716293	harbor2	chr11	102550735	102550909	SINE/MIR	576	-	87	102550822	34529
chr11	102516293	102716293	harbor2	chr11	102574878	102575109	SINE/MIR	599	-	116	102574994	58701
chr11	102516293	102716293	harbor2	chr11	102589483	102589702	SINE/MIR	426	-	110	102589593	73300
chr11	102516293	102716293	harbor2	chr11	102594048	102594227	SINE/MIR	443	-	90	102594138	77845
chr11	58925397	59125397	harbor2	chr11	58948701	58948827	SINE/MIR	393	-	63	58948764	23367
chr11	58925397	59125397	harbor2	chr11	59025050	59025260	SINE/MIR	626	-	105	59025155	99758
chr11	121460603	121660603	harbor2	chr11	121461918	121462099	SINE/MIR	585	-	90	121462008	1405
chr11	121460603	121660603	harbor2	chr11	121533259	121533412	SINE/MIR	535	-	76	121533335	72732
chr11	121460603	121660603	harbor2	chr11	121551086	121551302	SINE/MIR	484	-	108	121551194	90591
chr11	78064651	78264651	harbor2	chr11	78065565	78065746	SINE/MIR	573	-	90	78065655	1004
chr11	78064651	78264651	harbor2	chr11	78066465	78066588	SINE/MIR	395	-	62	78066527	1876
chr11	78064651	78264651	harbor2	chr11	78077396	78077553	SINE/MIR	659	-	78	78077474	12823
chr11	78064651	78264651	harbor2	chr11	78077855	78077908	SINE/MIR	659	-	26	78077881	13230
chr11	78064651	78264651	harbor2	chr11	78111148	78111321	SINE/MIR	467	-	86	78111234	46583
chr11	78064651	78264651	harbor2	chr11	78111323	78111507	SINE/MIR	383	-	92	78111415	46764
chr11	78064651	78264651	harbor2	chr11	78120369	78120580	SINE/MIR	433	-	106	78120475	55824
chr11	78064651	78264651	harbor2	chr11	78126654	78126836	SINE/MIR	531	-	91	78126745	62094
chr11	78064651	78264651	harbor2	chr11	78154023	78154256	SINE/MIR	709	-	116	78154139	89488
chr11	78064651	78264651	harbor2	chr11	78158543	78158777	SINE/MIR	612	-	117	78158660	94009
chr11	78064651	78264651	harbor2	chr11	78159064	78159245	SINE/MIR	430	-	90	78159154	94503
chr11	78064651	78264651	harbor2	chr11	78163143	78163331	SINE/MIR	417	-	94	78163237	98586
chr11	95268107	95468107	harbor2	chr11	95273028	95273204	SINE/MIR	486	-	88	95273116	5009
chr11	95268107	95468107	harbor2	chr11	95276720	95276908	SINE/MIR	401	-	94	95276814	8707
chr11	95268107	95468107	harbor2	chr11	95291808	95291961	SINE/MIR	418	-	76	95291884	23777
chr11	95268107	95468107	harbor2	chr11	95300579	95300764	SINE/MIR	716	-	92	95300671	32564
chr11	95268107	95468107	harbor2	chr11	95303700	95303829	SINE/MIR	426	-	64	95303764	35657
chr11	95268107	95468107	harbor2	chr11	95327618	95327844	SINE/MIR	498	-	113	95327731	59624
chr11	95268107	95468107	harbor2	chr11	95341912	95342173	SINE/MIR	648	-	130	95342042	73935
chr11	95268107	95468107	harbor2	chr11	95342903	95343100	SINE/MIR	519	-	98	95343001	74894
chr11	95268107	95468107	harbor2	chr11	95358989	95359188	SINE/MIR	527	-	100	95359089	90982
chr11	95268107	95468107	harbor2	chr11	95361622	95361869	SINE/MIR	737	-	124	95361746	93639
chr11	95268107	95468107	harbor2	chr11	95364880	95365109	SINE/MIR	563	-	114	95364994	96887
chr11	95942367	96142367	harbor2	chr11	95953645	95953819	SINE/MIR	411	-	87	95953732	11365
chr11	95942367	96142367	harbor2	chr11	95986562	95986795	SINE/MIR	602	-	116	95986678	44311
chr11	95942367	96142367	harbor2	chr11	96000684	96000812	SINE/MIR	378	-	64	96000748	58381
chr11	95942367	96142367	harbor2	chr11	96014909	96015137	SINE/MIR	664	-	114	96015023	72656
chr11	95942367	96142367	harbor2	chr11	96017045	96017251	SINE/MIR	712	-	103	96017148	74781
chr11	95942367	96142367	harbor2	chr11	96025943	96026127	SINE/MIR	652	-	92	96026035	83668
chr11	95942367	96142367	harbor2	chr11	96027252	96027464	SINE/MIR	630	-	106	96027358	84991
chr11	95942367	96142367	harbor2	chr11	95993814	95994066	SINE/MIR	788	-	126	95993940	51573
chr11	127507687	127707687	harbor2	chr11	127530013	127530217	SINE/MIR	425	-	102	127530115	22428
chr11	127507687	127707687	harbor2	chr11	127588882	127589058	SINE/MIR	496	-	88	127588970	81283
chr11	127507687	127707687	harbor2	chr11	127596257	127596483	SINE/MIR	501	-	113	127596370	88683
chr11	100080912	100280912	harbor2	chr11	100085643	100085833	SINE/MIR	376	-	95	100085738	4826
chr11	100080912	100280912	harbor2	chr11	100097218	100097314	SINE/MIR	492	-	48	100097266	16354
chr11	100080912	100280912	harbor2	chr11	100099117	100099236	SINE/MIR	385	-	60	100099177	18265
chr11	100080912	100280912	harbor2	chr11	100099330	100099363	SINE/MIR	385	-	16	100099346	18434
chr11	100080912	100280912	harbor2	chr11	100114799	100114909	SINE/MIR	405	-	55	100114854	33942
chr11	100080912	100280912	harbor2	chr11	100124028	100124268	SINE/MIR	744	-	120	100124148	43236
chr11	100080912	100280912	harbor2	chr11	100152795	100152913	SINE/MIR	419	-	59	100152854	71942
chr11	100080912	100280912	harbor2	chr11	100160744	100160989	SINE/MIR	398	-	122	100160866	79954
chr11	100080912	100280912	harbor2	chr11	100163848	100163987	SINE/MIR	575	-	70	100163918	83006
chr11	100080912	100280912	harbor2	chr11	100165748	100165960	SINE/MIR	527	-	106	100165854	84942
chr11	100080912	100280912	harbor2	chr11	100166861	100167027	SINE/MIR	476	-	83	100166944	86032
chr11	94883562	95083562	harbor2	chr11	94884337	94884562	SINE/MIR	484	-	112	94884449	887
chr11	94883562	95083562	harbor2	chr11	94884780	94884897	SINE/MIR	395	-	58	94884838	1276
chr11	94883562	95083562	harbor2	chr11	94907497	94907698	SINE/MIR	485	-	100	94907597	24035
chr11	94883562	95083562	harbor2	chr11	94916436	94916633	SINE/MIR	501	-	98	94916534	32972
chr11	94883562	95083562	harbor2	chr11	94918387	94918523	SINE/MIR	464	-	68	94918455	34893
chr11	94883562	95083562	harbor2	chr11	94933505	94933742	SINE/MIR	661	-	118	94933623	50061
chr11	94883562	95083562	harbor2	chr11	94942654	94942777	SINE/MIR	524	-	62	94942716	59154
chr11	94883562	95083562	harbor2	chr11	94947995	94948200	SINE/MIR	490	-	102	94948097	64535
chr11	94883562	95083562	harbor2	chr11	94959734	94959921	SINE/MIR	477	-	94	94959828	76266
chr11	94883562	95083562	harbor2	chr11	94896006	94896236	SINE/MIR	700	-	115	94896121	12559
chr11	133615248	133815248	harbor2	chr11	133633202	133633450	SINE/MIR	736	-	124	133633326	18078
chr11	133615248	133815248	harbor2	chr11	133669331	133669539	SINE/MIR	790	-	104	133669435	54187
chr11	133615248	133815248	harbor2	chr11	133701336	133701541	SINE/MIR	473	-	102	133701438	86190
chr11	133615248	133815248	harbor2	chr11	133703737	133703968	SINE/MIR	992	-	116	133703853	88605
chr11	133967710	134167710	harbor2	chr11	133968985	133969218	SINE/MIR	674	-	116	133969101	1391
chr11	133967710	134167710	harbor2	chr11	133996465	133996609	SINE/MIR	417	-	72	133996537	28827
chr11	133967710	134167710	harbor2	chr11	134027620	134027804	SINE/MIR	503	-	92	134027712	60002
chr11	133967710	134167710	harbor2	chr11	134028220	134028464	SINE/MIR	397	-	122	134028342	60632
chr11	133967710	134167710	harbor2	chr11	134030220	134030435	SINE/MIR	667	-	108	134030328	62618
chr11	133967710	134167710	harbor2	chr11	134039665	134039862	SINE/MIR	460	-	98	134039763	72053
chr11	13320805	13520805	harbor2	chr11	13321287	13321529	SINE/MIR	434	-	121	13321408	603
chr11	13320805	13520805	harbor2	chr11	13326440	13326558	SINE/MIR	621	-	59	13326499	5694
chr11	13320805	13520805	harbor2	chr11	13334001	13334232	SINE/MIR	815	-	116	13334117	13312
chr11	13320805	13520805	harbor2	chr11	13340861	13341067	SINE/MIR	459	-	103	13340964	20159
chr11	13320805	13520805	harbor2	chr11	13342971	13343186	SINE/MIR	636	-	108	13343079	22274
chr11	13320805	13520805	harbor2	chr11	13401661	13401859	SINE/MIR	386	-	99	13401760	80955
chr11	13320805	13520805	harbor2	chr11	13402303	13402552	SINE/MIR	882	-	124	13402427	81622
chr11	54653570	54853570	harbor2	chr11	54681215	54681495	SINE/MIR	690	-	140	54681355	27785
chr11	54653570	54853570	harbor2	chr11	54690895	54691097	SINE/MIR	441	-	101	54690996	37426
chr11	54653570	54853570	harbor2	chr11	54705268	54705513	SINE/MIR	641	-	122	54705390	51820
chr11	54653570	54853570	harbor2	chr11	54723334	54723547	SINE/MIR	583	-	106	54723440	69870
chr11	63250458	63450458	harbor2	chr11	63268548	63268757	SINE/MIR	417	-	104	63268652	18194
chr11	63250458	63450458	harbor2	chr11	63298372	63298512	SINE/MIR	392	-	70	63298442	47984
chr11	116678321	116878321	harbor2	chr11	116685949	116686085	SINE/MIR	578	-	68	116686017	7696
chr11	116678321	116878321	harbor2	chr11	116691031	116691257	SINE/MIR	544	-	113	116691144	12823
chr11	116678321	116878321	harbor2	chr11	116697241	116697348	SINE/MIR	380	-	54	116697295	18974
chr11	116678321	116878321	harbor2	chr11	116702238	116702390	SINE/MIR	467	-	76	116702314	23993
chr11	116678321	116878321	harbor2	chr11	116707754	116707927	SINE/MIR	390	-	86	116707840	29519
chr11	116678321	116878321	harbor2	chr11	116719671	116719795	SINE/MIR	409	-	62	116719733	41412
chr11	116678321	116878321	harbor2	chr11	116725288	116725441	SINE/MIR	403	-	76	116725364	47043
chr11	116678321	116878321	harbor2	chr11	116740166	116740282	SINE/MIR	510	-	58	116740224	61903
chr11	116678321	116878321	harbor2	chr11	116740592	116740627	SINE/MIR	510	-	18	116740610	62289
chr11	116678321	116878321	harbor2	chr11	116746732	116746948	SINE/MIR	944	-	108	116746840	68519
chr11	116678321	116878321	harbor2	chr11	116760182	116760426	SINE/MIR	855	-	122	116760304	81983
chr11	116678321	116878321	harbor2	chr11	116763442	116763682	SINE/MIR	562	-	120	116763562	85241
chr11	116678321	116878321	harbor2	chr11	116763874	116764090	SINE/MIR	758	-	108	116763982	85661
chr11	116678321	116878321	harbor2	chr11	116766210	116766412	SINE/MIR	663	-	101	116766311	87990
chr11	116678321	116878321	harbor2	chr11	116771499	116771687	SINE/MIR	670	-	94	116771593	93272
chr11	116678321	116878321	harbor2	chr11	116773837	116773990	SINE/MIR	439	-	76	116773913	95592
chr11	129635173	129835173	harbor2	chr11	129694256	129694461	SINE/MIR	593	-	102	129694358	59185
chr11	129635173	129835173	harbor2	chr11	129700303	129700535	SINE/MIR	519	-	116	129700419	65246
chr11	129635173	129835173	harbor2	chr11	129721280	129721481	SINE/MIR	398	-	100	129721380	86207
chr11	91599682	91799682	harbor2	chr11	91634002	91634221	SINE/MIR	504	-	110	91634112	34430
chr11	91599682	91799682	harbor2	chr11	91635221	91635489	SINE/MIR	464	-	134	91635355	35673
chr11	91599682	91799682	harbor2	chr11	91644891	91645075	SINE/MIR	422	-	92	91644983	45301
chr11	91599682	91799682	harbor2	chr11	91661678	91661904	SINE/MIR	622	-	113	91661791	62109
chr11	91599682	91799682	harbor2	chr11	91663359	91663575	SINE/MIR	536	-	108	91663467	63785
chr11	91599682	91799682	harbor2	chr11	91663768	91664025	SINE/MIR	761	-	128	91663896	64214
chr11	91599682	91799682	harbor2	chr11	91664404	91664572	SINE/MIR	524	-	84	91664488	64806
chr11	91599682	91799682	harbor2	chr11	91680953	91681139	SINE/MIR	557	-	93	91681046	81364
chr11	91599682	91799682	harbor2	chr11	91684997	91685168	SINE/MIR	390	-	86	91685083	85401
chr11	123420345	123620345	harbor2	chr11	123424990	123425233	SINE/MIR	704	-	122	123425112	4767
chr11	123420345	123620345	harbor2	chr11	123431456	123431625	SINE/MIR	471	-	84	123431540	11195
chr11	123420345	123620345	harbor2	chr11	123438126	123438342	SINE/MIR	459	-	108	123438234	17889
chr11	123420345	123620345	harbor2	chr11	123457498	123457688	SINE/MIR	425	-	95	123457593	37248
chr11	123420345	123620345	harbor2	chr11	123470697	123470864	SINE/MIR	422	-	84	123470781	50436
chr11	123420345	123620345	harbor2	chr11	123487090	123487280	SINE/MIR	465	-	95	123487185	66840
chr11	123420345	123620345	harbor2	chr11	123503489	123503552	SINE/MIR	515	-	32	123503521	83176
chr11	123420345	123620345	harbor2	chr11	123503847	123504056	SINE/MIR	515	-	104	123503951	83606
chr11	123420345	123620345	harbor2	chr11	123505495	123505724	SINE/MIR	835	-	114	123505609	85264
chr11	123420345	123620345	harbor2	chr11	123517442	123517638	SINE/MIR	506	-	98	123517540	97195
chr11	84433158	84633158	harbor2	chr11	84450027	84450170	SINE/MIR	398	-	72	84450099	16941
chr11	84433158	84633158	harbor2	chr11	84453596	84453814	SINE/MIR	484	-	109	84453705	20547
chr11	84433158	84633158	harbor2	chr11	84458854	84459082	SINE/MIR	841	-	114	84458968	25810
chr11	84433158	84633158	harbor2	chr11	84461164	84461396	SINE/MIR	385	-	116	84461280	28122
chr11	84433158	84633158	harbor2	chr11	84472996	84473184	SINE/MIR	446	-	94	84473090	39932
chr11	84433158	84633158	harbor2	chr11	84476122	84476226	SINE/MIR	399	-	52	84476174	43016
chr11	84433158	84633158	harbor2	chr11	84477899	84478109	SINE/MIR	738	-	105	84478004	44846
chr11	84433158	84633158	harbor2	chr11	84484924	84485125	SINE/MIR	441	-	100	84485024	51866
chr11	84433158	84633158	harbor2	chr11	84505273	84505510	SINE/MIR	473	-	118	84505391	72233
chr11	84433158	84633158	harbor2	chr11	84511914	84512084	SINE/MIR	402	-	85	84511999	78841
chr11	84433158	84633158	harbor2	chr11	84523205	84523437	SINE/MIR	519	-	116	84523321	90163
chr11	112850025	113050025	harbor2	chr11	112851991	112852119	SINE/MIR	454	-	64	112852055	2030
chr11	112850025	113050025	harbor2	chr11	112855630	112855760	SINE/MIR	397	-	65	112855695	5670
chr11	112850025	113050025	harbor2	chr11	112863664	112863849	SINE/MIR	786	-	92	112863756	13731
chr11	112850025	113050025	harbor2	chr11	112873319	112873546	SINE/MIR	593	-	114	112873433	23408
chr11	112850025	113050025	harbor2	chr11	112886956	112887158	SINE/MIR	416	-	101	112887057	37032
chr11	112850025	113050025	harbor2	chr11	112919893	112920140	SINE/MIR	422	-	124	112920017	69992
chr11	112850025	113050025	harbor2	chr11	112921701	112921901	SINE/MIR	434	-	100	112921801	71776
chr11	112850025	113050025	harbor2	chr11	112923631	112923669	SINE/MIR	789	-	19	112923650	73625
chr11	112850025	113050025	harbor2	chr11	112924204	112924364	SINE/MIR	789	-	80	112924284	74259
chr11	112850025	113050025	harbor2	chr11	112942505	112942728	SINE/MIR	399	-	112	112942617	92592
chr11	134301432	134501432	harbor2	chr11	134308718	134308937	SINE/MIR	482	-	110	134308828	7396
chr11	134301432	134501432	harbor2	chr11	134341283	134341470	SINE/MIR	397	-	94	134341377	39945
chr11	134301432	134501432	harbor2	chr11	134390631	134390798	SINE/MIR	504	-	84	134390715	89283
chr11	134301432	134501432	harbor2	chr11	134394258	134394462	SINE/MIR	447	-	102	134394360	92928
chr11	134301432	134501432	harbor2	chr11	134398477	134398632	SINE/MIR	374	-	78	134398555	97123
chr11	133986799	134186799	harbor2	chr11	133996465	133996609	SINE/MIR	417	-	72	133996537	9738
chr11	133986799	134186799	harbor2	chr11	134027620	134027804	SINE/MIR	503	-	92	134027712	40913
chr11	133986799	134186799	harbor2	chr11	134028220	134028464	SINE/MIR	397	-	122	134028342	41543
chr11	133986799	134186799	harbor2	chr11	134030220	134030435	SINE/MIR	667	-	108	134030328	43529
chr11	133986799	134186799	harbor2	chr11	134039665	134039862	SINE/MIR	460	-	98	134039763	52964
chr11	133986799	134186799	harbor2	chr11	134071147	134071301	SINE/MIR	451	-	77	134071224	84425
chr11	72272748	72472748	harbor2	chr11	72296816	72296982	SINE/MIR	602	-	83	72296899	24151
chr11	72272748	72472748	harbor2	chr11	72301379	72301524	SINE/MIR	541	-	72	72301451	28703
chr11	72272748	72472748	harbor2	chr11	72303744	72303951	SINE/MIR	718	-	104	72303848	31100
chr11	72272748	72472748	harbor2	chr11	72304218	72304461	SINE/MIR	738	-	122	72304340	31592
chr11	72272748	72472748	harbor2	chr11	72306926	72307105	SINE/MIR	547	-	90	72307016	34268
chr11	72272748	72472748	harbor2	chr11	72307351	72307464	SINE/MIR	410	-	56	72307407	34659
chr11	72272748	72472748	harbor2	chr11	72309457	72309637	SINE/MIR	444	-	90	72309547	36799
chr11	72272748	72472748	harbor2	chr11	72311368	72311572	SINE/MIR	508	-	102	72311470	38722
chr11	72272748	72472748	harbor2	chr11	72328421	72328559	SINE/MIR	525	-	69	72328490	55742
chr11	72272748	72472748	harbor2	chr11	72332983	72333184	SINE/MIR	516	-	100	72333083	60335
chr11	72272748	72472748	harbor2	chr11	72349116	72349283	SINE/MIR	455	-	84	72349200	76452
chr11	72272748	72472748	harbor2	chr11	72354026	72354181	SINE/MIR	505	-	78	72354104	81356
chr11	72272748	72472748	harbor2	chr11	72355481	72355701	SINE/MIR	613	-	110	72355591	82843
chr11	72272748	72472748	harbor2	chr11	72360741	72360897	SINE/MIR	508	-	78	72360819	88071
chr11	72272748	72472748	harbor2	chr11	72363542	72363801	SINE/MIR	726	-	130	72363672	90924
chr11	72272748	72472748	harbor2	chr11	72368258	72368462	SINE/MIR	567	-	102	72368360	95612
chr11	72272748	72472748	harbor2	chr11	72371981	72372165	SINE/MIR	460	-	92	72372073	99325
chr11	130087869	130287869	harbor2	chr11	130100007	130100250	SINE/MIR	666	-	122	130100129	12260
chr11	130087869	130287869	harbor2	chr11	130118386	130118504	SINE/MIR	494	-	59	130118445	30576
chr11	130087869	130287869	harbor2	chr11	130127428	130127578	SINE/MIR	375	-	75	130127503	39634
chr11	130087869	130287869	harbor2	chr11	130136328	130136549	SINE/MIR	612	-	110	130136438	48569
chr11	130087869	130287869	harbor2	chr11	130137884	130138079	SINE/MIR	487	-	98	130137982	50113
chr11	130087869	130287869	harbor2	chr11	130165043	130165161	SINE/MIR	577	-	59	130165102	77233
chr11	130087869	130287869	harbor2	chr11	130165732	130165909	SINE/MIR	510	-	88	130165820	77951
chr11	118051190	118251190	harbor2	chr11	118073241	118073417	SINE/MIR	629	-	88	118073329	22139
chr11	118051190	118251190	harbor2	chr11	118084059	118084301	SINE/MIR	375	-	121	118084180	32990
chr11	118051190	118251190	harbor2	chr11	118084693	118084899	SINE/MIR	750	-	103	118084796	33606
chr11	118051190	118251190	harbor2	chr11	118092911	118093091	SINE/MIR	511	-	90	118093001	41811
chr11	118051190	118251190	harbor2	chr11	118102271	118102425	SINE/MIR	578	-	77	118102348	51158
chr11	118051190	118251190	harbor2	chr11	118102724	118102809	SINE/MIR	578	-	42	118102766	51576
chr11	118051190	118251190	harbor2	chr11	118102850	118103028	SINE/MIR	424	-	89	118102939	51749
chr11	118051190	118251190	harbor2	chr11	118106428	118106486	SINE/MIR	541	-	29	118106457	55267
chr11	118051190	118251190	harbor2	chr11	118106784	118106923	SINE/MIR	541	-	70	118106854	55664
chr11	118051190	118251190	harbor2	chr11	118119537	118119776	SINE/MIR	797	-	120	118119657	68467
chr11	118051190	118251190	harbor2	chr11	118130103	118130154	SINE/MIR	689	-	26	118130129	78939
chr11	118051190	118251190	harbor2	chr11	118130451	118130639	SINE/MIR	689	-	94	118130545	79355
chr11	118051190	118251190	harbor2	chr11	118146727	118146869	SINE/MIR	453	-	71	118146798	95608
chr11	118051190	118251190	harbor2	chr11	118147162	118147302	SINE/MIR	396	-	70	118147232	96042
chr11	118051190	118251190	harbor2	chr11	118147293	118147510	SINE/MIR	525	-	108	118147401	96211
chr11	72463493	72663493	harbor2	chr11	72482628	72482741	SINE/MIR	434	-	56	72482684	19191
chr11	72463493	72663493	harbor2	chr11	72483042	72483112	SINE/MIR	434	-	35	72483077	19584
chr11	72463493	72663493	harbor2	chr11	72528542	72528688	SINE/MIR	563	-	73	72528615	65122
chr11	72463493	72663493	harbor2	chr11	72550049	72550273	SINE/MIR	570	-	112	72550161	86668
chr11	72463493	72663493	harbor2	chr11	72555999	72556126	SINE/MIR	386	-	64	72556063	92570
chr11	66026136	66226136	harbor2	chr11	66028213	66028389	SINE/MIR	410	-	88	66028301	2165
chr11	66026136	66226136	harbor2	chr11	66046024	66046252	SINE/MIR	738	-	114	66046138	20002
chr11	66026136	66226136	harbor2	chr11	66058495	66058685	SINE/MIR	496	-	95	66058590	32454
chr11	66026136	66226136	harbor2	chr11	66080509	66080676	SINE/MIR	377	-	84	66080593	54457
chr11	106075382	106275382	harbor2	chr11	106090979	106091159	SINE/MIR	511	-	90	106091069	15687
chr11	106075382	106275382	harbor2	chr11	106110111	106110348	SINE/MIR	432	-	118	106110229	34847
chr11	106075382	106275382	harbor2	chr11	106128554	106128686	SINE/MIR	447	-	66	106128620	53238
chr11	106075382	106275382	harbor2	chr11	106133221	106133453	SINE/MIR	789	-	116	106133337	57955
chr11	106075382	106275382	harbor2	chr11	106148451	106148612	SINE/MIR	507	-	80	106148531	73149
chr11	106075382	106275382	harbor2	chr11	106156462	106156646	SINE/MIR	764	-	92	106156554	81172
chr11	106075382	106275382	harbor2	chr11	106119010	106119235	SINE/MIR	547	-	112	106119122	43740
chr11	121108420	121308420	harbor2	chr11	121111137	121111396	SINE/MIR	477	-	130	121111267	2847
chr11	121108420	121308420	harbor2	chr11	121128577	121128794	SINE/MIR	755	-	108	121128685	20265
chr11	121108420	121308420	harbor2	chr11	121128891	121129050	SINE/MIR	398	-	80	121128971	20551
chr11	121108420	121308420	harbor2	chr11	121138115	121138264	SINE/MIR	505	-	74	121138189	29769
chr11	121108420	121308420	harbor2	chr11	121146801	121147020	SINE/MIR	517	-	110	121146911	38491
chr11	121108420	121308420	harbor2	chr11	121149007	121149244	SINE/MIR	622	-	118	121149125	40705
chr11	121108420	121308420	harbor2	chr11	121149447	121149688	SINE/MIR	931	-	120	121149567	41147
chr11	121108420	121308420	harbor2	chr11	121151936	121152107	SINE/MIR	498	-	86	121152022	43602
chr11	121108420	121308420	harbor2	chr11	121156063	121156188	SINE/MIR	489	-	62	121156125	47705
chr11	121108420	121308420	harbor2	chr11	121156795	121156940	SINE/MIR	489	-	72	121156867	48447
chr11	121108420	121308420	harbor2	chr11	121161201	121161387	SINE/MIR	379	-	93	121161294	52874
chr11	121108420	121308420	harbor2	chr11	121169007	121169156	SINE/MIR	436	-	74	121169081	60661
chr11	121108420	121308420	harbor2	chr11	121199928	121200082	SINE/MIR	423	-	77	121200005	91585
chr11	113629346	113829346	harbor2	chr11	113646125	113646294	SINE/MIR	467	-	84	113646209	16863
chr11	113629346	113829346	harbor2	chr11	113671762	113671871	SINE/MIR	479	-	54	113671816	42470
chr11	113629346	113829346	harbor2	chr11	113672805	113672918	SINE/MIR	479	-	56	113672861	43515
chr11	113629346	113829346	harbor2	chr11	113674599	113674745	SINE/MIR	483	-	73	113674672	45326
chr11	113629346	113829346	harbor2	chr11	113679112	113679368	SINE/MIR	414	-	128	113679240	49894
chr11	113629346	113829346	harbor2	chr11	113689380	113689579	SINE/MIR	430	-	100	113689480	60134
chr11	113629346	113829346	harbor2	chr11	113697590	113697816	SINE/MIR	583	-	113	113697703	68357
chr11	113629346	113829346	harbor2	chr11	113697817	113697859	SINE/MIR	465	-	21	113697838	68492
chr11	113629346	113829346	harbor2	chr11	113698268	113698421	SINE/MIR	465	-	76	113698344	68998
chr11	113629346	113829346	harbor2	chr11	113723267	113723441	SINE/MIR	483	-	87	113723354	94008
chr11	113629346	113829346	harbor2	chr11	113726021	113726232	SINE/MIR	658	-	106	113726127	96781
chr11	118165776	118365776	harbor2	chr11	118172223	118172419	SINE/MIR	728	-	98	118172321	6545
chr11	118165776	118365776	harbor2	chr11	118175186	118175338	SINE/MIR	429	-	76	118175262	9486
chr11	118165776	118365776	harbor2	chr11	118179727	118179872	SINE/MIR	383	-	72	118179799	14023
chr11	118165776	118365776	harbor2	chr11	118194471	118194703	SINE/MIR	992	-	116	118194587	28811
chr11	118165776	118365776	harbor2	chr11	118197601	118197783	SINE/MIR	500	-	91	118197692	31916
chr11	118165776	118365776	harbor2	chr11	118207220	118207463	SINE/MIR	489	-	122	118207342	41566
chr11	118165776	118365776	harbor2	chr11	118217676	118217863	SINE/MIR	821	-	94	118217770	51994
chr11	118165776	118365776	harbor2	chr11	118237722	118237854	SINE/MIR	514	-	66	118237788	72012
chr11	118165776	118365776	harbor2	chr11	118238165	118238228	SINE/MIR	514	-	32	118238197	72421
chr11	118165776	118365776	harbor2	chr11	118264894	118265073	SINE/MIR	478	-	90	118264984	99208
chr11	134159015	134359015	harbor2	chr11	134207948	134208138	SINE/MIR	394	-	95	134208043	49028
chr11	134159015	134359015	harbor2	chr11	134222823	134223064	SINE/MIR	599	-	120	134222943	63928
chr11	134159015	134359015	harbor2	chr11	134234217	134234395	SINE/MIR	406	-	89	134234306	75291
chr11	134159015	134359015	harbor2	chr11	134244338	134244516	SINE/MIR	424	-	89	134244427	85412
chr11	128279504	128479504	harbor2	chr11	128283960	128284169	SINE/MIR	621	-	104	128284064	4560
chr11	128279504	128479504	harbor2	chr11	128296515	128296731	SINE/MIR	500	-	108	128296623	17119
chr11	128279504	128479504	harbor2	chr11	128299716	128299927	SINE/MIR	650	-	106	128299822	20318
chr11	128279504	128479504	harbor2	chr11	128343474	128343749	SINE/MIR	797	-	138	128343612	64108
chr11	128279504	128479504	harbor2	chr11	128349068	128349219	SINE/MIR	486	-	76	128349144	69640
chr11	128279504	128479504	harbor2	chr11	128354536	128354736	SINE/MIR	528	-	100	128354636	75132
chr11	128279504	128479504	harbor2	chr11	128360523	128360779	SINE/MIR	786	-	128	128360651	81147
chr11	68094377	68294377	harbor2	chr11	68142314	68142431	SINE/MIR	414	-	58	68142372	47995
chr11	68094377	68294377	harbor2	chr11	68143461	68143671	SINE/MIR	429	-	105	68143566	49189
chr11	68094377	68294377	harbor2	chr11	68147581	68147727	SINE/MIR	390	-	73	68147654	53277
chr11	68094377	68294377	harbor2	chr11	68169128	68169240	SINE/MIR	379	-	56	68169184	74807
chr11	68094377	68294377	harbor2	chr11	68169524	68169764	SINE/MIR	866	-	120	68169644	75267
chr11	68094377	68294377	harbor2	chr11	68140946	68141180	SINE/MIR	688	-	117	68141063	46686
chr11	94229243	94429243	harbor2	chr11	94254529	94254704	SINE/MIR	495	-	88	94254617	25374
chr11	94229243	94429243	harbor2	chr11	94276355	94276567	SINE/MIR	720	-	106	94276461	47218
chr11	94229243	94429243	harbor2	chr11	94277307	94277491	SINE/MIR	479	-	92	94277399	48156
chr11	94229243	94429243	harbor2	chr11	94304444	94304649	SINE/MIR	394	-	102	94304546	75303
chr11	117853044	118053044	harbor2	chr11	117860760	117861028	SINE/MIR	862	-	134	117860894	7850
chr11	117853044	118053044	harbor2	chr11	117862994	117863218	SINE/MIR	422	-	112	117863106	10062
chr11	117853044	118053044	harbor2	chr11	117885225	117885399	SINE/MIR	511	-	87	117885312	32268
chr11	117853044	118053044	harbor2	chr11	117887268	117887492	SINE/MIR	948	-	112	117887380	34336
chr11	117853044	118053044	harbor2	chr11	117897521	117897736	SINE/MIR	593	-	108	117897629	44585
chr11	117853044	118053044	harbor2	chr11	117904380	117904559	SINE/MIR	415	-	90	117904470	51426
chr11	117853044	118053044	harbor2	chr11	117915923	117916061	SINE/MIR	436	-	69	117915992	62948
chr11	117853044	118053044	harbor2	chr11	117916838	117916982	SINE/MIR	418	-	72	117916910	63866
chr11	117853044	118053044	harbor2	chr11	117917497	117917703	SINE/MIR	641	-	103	117917600	64556
chr11	117853044	118053044	harbor2	chr11	117919638	117919849	SINE/MIR	444	-	106	117919744	66700
chr11	117853044	118053044	harbor2	chr11	117921034	117921195	SINE/MIR	578	-	80	117921114	68070
chr11	117853044	118053044	harbor2	chr11	117924020	117924062	SINE/MIR	520	-	21	117924041	70997
chr11	117853044	118053044	harbor2	chr11	117924206	117924357	SINE/MIR	520	-	76	117924282	71238
chr11	117853044	118053044	harbor2	chr11	117926890	117926964	SINE/MIR	485	-	37	117926927	73883
chr11	117853044	118053044	harbor2	chr11	117927341	117927411	SINE/MIR	485	-	35	117927376	74332
chr11	117853044	118053044	harbor2	chr11	117930260	117930388	SINE/MIR	383	-	64	117930324	77280
chr11	117853044	118053044	harbor2	chr11	117939260	117939352	SINE/MIR	434	-	46	117939306	86262
chr11	117853044	118053044	harbor2	chr11	117939653	117939784	SINE/MIR	434	-	66	117939719	86675
chr11	117853044	118053044	harbor2	chr11	117949617	117949821	SINE/MIR	702	-	102	117949719	96675
chr11	87279615	87479615	harbor2	chr11	87320076	87320342	SINE/MIR	791	-	133	87320209	40594
chr11	87279615	87479615	harbor2	chr11	87330863	87330990	SINE/MIR	423	-	64	87330927	51312
chr11	87279615	87479615	harbor2	chr11	87369507	87369675	SINE/MIR	490	-	84	87369591	89976
chr11	92857148	93057148	harbor2	chr11	92860236	92860384	SINE/MIR	448	-	74	92860310	3162
chr11	92857148	93057148	harbor2	chr11	92862772	92862918	SINE/MIR	379	-	73	92862845	5697
chr11	92857148	93057148	harbor2	chr11	92870801	92871021	SINE/MIR	515	-	110	92870911	13763
chr11	92857148	93057148	harbor2	chr11	92883563	92883693	SINE/MIR	496	-	65	92883628	26480
chr11	92857148	93057148	harbor2	chr11	92893869	92894035	SINE/MIR	394	-	83	92893952	36804
chr11	92857148	93057148	harbor2	chr11	92940108	92940304	SINE/MIR	569	-	98	92940206	83058
chr11	129335746	129535746	harbor2	chr11	129365507	129365649	SINE/MIR	437	-	71	129365578	29832
chr11	129335746	129535746	harbor2	chr11	129387834	129388005	SINE/MIR	420	-	86	129387920	52174
chr11	129335746	129535746	harbor2	chr11	129392558	129392602	SINE/MIR	443	-	22	129392580	56834
chr11	129335746	129535746	harbor2	chr11	129392910	129392983	SINE/MIR	443	-	36	129392946	57200
chr11	129335746	129535746	harbor2	chr11	129406237	129406416	SINE/MIR	397	-	90	129406327	70581
chr11	129335746	129535746	harbor2	chr11	129413130	129413360	SINE/MIR	564	-	115	129413245	77499
chr11	95053867	95253867	harbor2	chr11	95083828	95084037	SINE/MIR	709	-	104	95083932	30065
chr11	95053867	95253867	harbor2	chr11	95095638	95095870	SINE/MIR	659	-	116	95095754	41887
chr11	95053867	95253867	harbor2	chr11	95098655	95098869	SINE/MIR	590	-	107	95098762	44895
chr11	95053867	95253867	harbor2	chr11	95141031	95141154	SINE/MIR	399	-	62	95141093	87226
chr11	95053867	95253867	harbor2	chr11	95148979	95149188	SINE/MIR	436	-	104	95149083	95216
chr11	95053867	95253867	harbor2	chr11	95153531	95153758	SINE/MIR	538	-	114	95153645	99778
chr11	104756804	104956804	harbor2	chr11	104765029	104765254	SINE/MIR	461	-	112	104765141	8337
chr11	104756804	104956804	harbor2	chr11	104790321	104790533	SINE/MIR	509	-	106	104790427	33623
chr11	104756804	104956804	harbor2	chr11	104805491	104805643	SINE/MIR	458	-	76	104805567	48763
chr11	122556278	122756278	harbor2	chr11	122561708	122561976	SINE/MIR	704	-	134	122561842	5564
chr11	122556278	122756278	harbor2	chr11	122605023	122605216	SINE/MIR	582	-	96	122605119	48841
chr11	122556278	122756278	harbor2	chr11	122633035	122633245	SINE/MIR	447	-	105	122633140	76862
chr11	122825604	123025604	harbor2	chr11	122833869	122834101	SINE/MIR	735	-	116	122833985	8381
chr11	122825604	123025604	harbor2	chr11	122835204	122835360	SINE/MIR	395	-	78	122835282	9678
chr11	122825604	123025604	harbor2	chr11	122861918	122862117	SINE/MIR	529	-	100	122862018	36414
chr11	122825604	123025604	harbor2	chr11	122888394	122888506	SINE/MIR	433	-	56	122888450	62846
chr11	122825604	123025604	harbor2	chr11	122890187	122890405	SINE/MIR	714	-	109	122890296	64692
chr11	122825604	123025604	harbor2	chr11	122891641	122891848	SINE/MIR	495	-	104	122891745	66141
chr11	122825604	123025604	harbor2	chr11	122893798	122893991	SINE/MIR	603	-	96	122893894	68290
chr11	122825604	123025604	harbor2	chr11	122896798	122896848	SINE/MIR	813	-	25	122896823	71219
chr11	122825604	123025604	harbor2	chr11	122897155	122897217	SINE/MIR	813	-	31	122897186	71582
chr11	122825604	123025604	harbor2	chr11	122897532	122897673	SINE/MIR	813	-	70	122897602	71998
chr11	122825604	123025604	harbor2	chr11	122899724	122899947	SINE/MIR	441	-	112	122899836	74232
chr11	122825604	123025604	harbor2	chr11	122847063	122847277	SINE/MIR	573	-	107	122847170	21566
chr11	86541039	86741039	harbor2	chr11	86548687	86548848	SINE/MIR	530	-	80	86548767	7728
chr11	86541039	86741039	harbor2	chr11	86550289	86550467	SINE/MIR	420	-	89	86550378	9339
chr11	86541039	86741039	harbor2	chr11	86552107	86552323	SINE/MIR	560	-	108	86552215	11176
chr11	86541039	86741039	harbor2	chr11	86554559	86554711	SINE/MIR	440	-	76	86554635	13596
chr11	86541039	86741039	harbor2	chr11	86556882	86557097	SINE/MIR	629	-	108	86556990	15951
chr11	86541039	86741039	harbor2	chr11	86558756	86558956	SINE/MIR	683	-	100	86558856	17817
chr11	86541039	86741039	harbor2	chr11	86569631	86569884	SINE/MIR	784	-	126	86569757	28718
chr11	86541039	86741039	harbor2	chr11	86577746	86577920	SINE/MIR	400	-	87	86577833	36794
chr11	86541039	86741039	harbor2	chr11	86578781	86579000	SINE/MIR	436	-	110	86578891	37852
chr11	86541039	86741039	harbor2	chr11	86595333	86595525	SINE/MIR	710	-	96	86595429	54390
chr11	86541039	86741039	harbor2	chr11	86604625	86604789	SINE/MIR	427	-	82	86604707	63668
chr11	86541039	86741039	harbor2	chr11	86608951	86609162	SINE/MIR	758	-	106	86609057	68018
chr11	86541039	86741039	harbor2	chr11	86609900	86610022	SINE/MIR	411	-	61	86609961	68922
chr11	86541039	86741039	harbor2	chr11	86615340	86615478	SINE/MIR	538	-	69	86615409	74370
chr11	86541039	86741039	harbor2	chr11	86631698	86631745	SINE/MIR	442	-	24	86631722	90683
chr11	86541039	86741039	harbor2	chr11	86632033	86632161	SINE/MIR	442	-	64	86632097	91058
chr11	86541039	86741039	harbor2	chr11	86633244	86633487	SINE/MIR	874	-	122	86633366	92327
chr11	86541039	86741039	harbor2	chr11	86638627	86638878	SINE/MIR	969	-	126	86638753	97714
chr11	86541039	86741039	harbor2	chr11	86605694	86605873	SINE/MIR	385	-	90	86605784	64745
chr11	111201435	111401435	harbor2	chr11	111218584	111218737	SINE/MIR	485	-	76	111218660	17225
chr11	111201435	111401435	harbor2	chr11	111230090	111230247	SINE/MIR	697	-	78	111230168	28733
chr11	111201435	111401435	harbor2	chr11	111259134	111259288	SINE/MIR	402	-	77	111259211	57776
chr11	111201435	111401435	harbor2	chr11	111278144	111278319	SINE/MIR	472	-	88	111278232	76797
chr11	107209862	107409862	harbor2	chr11	107243848	107244007	SINE/MIR	613	-	80	107243928	34066
chr11	107209862	107409862	harbor2	chr11	107274998	107275171	SINE/MIR	419	-	86	107275084	65222
chr11	40026292	40226292	harbor2	chr11	40088158	40088384	SINE/MIR	438	-	113	40088271	61979
chr11	133316121	133516121	harbor2	chr11	133317914	133318058	SINE/MIR	403	-	72	133317986	1865
chr11	133316121	133516121	harbor2	chr11	133335179	133335347	SINE/MIR	490	-	84	133335263	19142
chr11	133316121	133516121	harbor2	chr11	133339193	133339423	SINE/MIR	821	-	115	133339308	23187
chr11	133316121	133516121	harbor2	chr11	133360059	133360287	SINE/MIR	427	-	114	133360173	44052
chr11	133316121	133516121	harbor2	chr11	133388871	133389081	SINE/MIR	550	-	105	133388976	72855
chr11	133316121	133516121	harbor2	chr11	133391732	133391883	SINE/MIR	402	-	76	133391808	75687
chr11	133316121	133516121	harbor2	chr11	133391917	133391989	SINE/MIR	402	-	36	133391953	75832
chr11	133316121	133516121	harbor2	chr11	133392101	133392325	SINE/MIR	773	-	112	133392213	76092
chr11	133316121	133516121	harbor2	chr11	133401352	133401569	SINE/MIR	570	-	108	133401460	85339
chr11	133316121	133516121	harbor2	chr11	133404434	133404580	SINE/MIR	426	-	73	133404507	88386
chr11	22184829	22384829	harbor2	chr11	22184796	22184966	SINE/MIR	383	-	85	22184881	52
chr11	22184829	22384829	harbor2	chr11	22187045	22187256	SINE/MIR	445	-	106	22187151	2322
chr11	22184829	22384829	harbor2	chr11	22192262	22192389	SINE/MIR	456	-	64	22192326	7497
chr11	22184829	22384829	harbor2	chr11	22249992	22250203	SINE/MIR	459	-	106	22250098	65269
chr11	129617131	129817131	harbor2	chr11	129694256	129694461	SINE/MIR	593	-	102	129694358	77227
chr11	129617131	129817131	harbor2	chr11	129700303	129700535	SINE/MIR	519	-	116	129700419	83288
chr11	85271180	85471180	harbor2	chr11	85280243	85280472	SINE/MIR	619	-	114	85280357	9177
chr11	85271180	85471180	harbor2	chr11	85299087	85299322	SINE/MIR	756	-	118	85299205	28025
chr11	85271180	85471180	harbor2	chr11	85301537	85301717	SINE/MIR	445	-	90	85301627	30447
chr11	85271180	85471180	harbor2	chr11	85302828	85303078	SINE/MIR	905	-	125	85302953	31773
chr11	85271180	85471180	harbor2	chr11	85311263	85311480	SINE/MIR	701	-	108	85311371	40191
chr11	85271180	85471180	harbor2	chr11	85320206	85320381	SINE/MIR	538	-	88	85320294	49114
chr11	85271180	85471180	harbor2	chr11	85345415	85345616	SINE/MIR	448	-	100	85345515	74335
chr11	85271180	85471180	harbor2	chr11	85357795	85357979	SINE/MIR	532	-	92	85357887	86707
chr11	85271180	85471180	harbor2	chr11	85360930	85361160	SINE/MIR	389	-	115	85361045	89865
chr11	106705018	106905018	harbor2	chr11	106739429	106739595	SINE/MIR	377	-	83	106739512	34494
chr11	106705018	106905018	harbor2	chr11	106803594	106803760	SINE/MIR	419	-	83	106803677	98659
chr11	128108103	128308103	harbor2	chr11	128136244	128136440	SINE/MIR	428	-	98	128136342	28239
chr11	128108103	128308103	harbor2	chr11	128153271	128153476	SINE/MIR	469	-	102	128153373	45270
chr11	128108103	128308103	harbor2	chr11	128199281	128199510	SINE/MIR	540	-	114	128199395	91292
chr11	115099626	115299626	harbor2	chr11	115103502	115103689	SINE/MIR	470	-	94	115103596	3970
chr11	115099626	115299626	harbor2	chr11	115106271	115106525	SINE/MIR	562	-	127	115106398	6772
chr11	115099626	115299626	harbor2	chr11	115109990	115110189	SINE/MIR	384	-	100	115110090	10464
chr11	115099626	115299626	harbor2	chr11	115110223	115110419	SINE/MIR	869	-	98	115110321	10695
chr11	115099626	115299626	harbor2	chr11	115115432	115115629	SINE/MIR	607	-	98	115115530	15904
chr11	115099626	115299626	harbor2	chr11	115122754	115122982	SINE/MIR	746	-	114	115122868	23242
chr11	115099626	115299626	harbor2	chr11	115123541	115123785	SINE/MIR	1009	-	122	115123663	24037
chr11	115099626	115299626	harbor2	chr11	115127302	115127446	SINE/MIR	443	-	72	115127374	27748
chr11	115099626	115299626	harbor2	chr11	115128146	115128357	SINE/MIR	1026	-	106	115128252	28626
chr11	115099626	115299626	harbor2	chr11	115130399	115130582	SINE/MIR	505	-	92	115130491	30865
chr11	115099626	115299626	harbor2	chr11	115139102	115139340	SINE/MIR	514	-	119	115139221	39595
chr11	115099626	115299626	harbor2	chr11	115143616	115143863	SINE/MIR	389	-	124	115143740	44114
chr11	115099626	115299626	harbor2	chr11	115149263	115149457	SINE/MIR	418	-	97	115149360	49734
chr11	115099626	115299626	harbor2	chr11	115150473	115150660	SINE/MIR	514	-	94	115150567	50941
chr11	115099626	115299626	harbor2	chr11	115162931	115163039	SINE/MIR	404	-	54	115162985	63359
chr11	133904623	134104623	harbor2	chr11	133914119	133914350	SINE/MIR	514	-	116	133914235	9612
chr11	133904623	134104623	harbor2	chr11	133922992	133923236	SINE/MIR	390	-	122	133923114	18491
chr11	133904623	134104623	harbor2	chr11	133942192	133942412	SINE/MIR	455	-	110	133942302	37679
chr11	133904623	134104623	harbor2	chr11	133954525	133954761	SINE/MIR	584	-	118	133954643	50020
chr11	133904623	134104623	harbor2	chr11	133968985	133969218	SINE/MIR	674	-	116	133969101	64478
chr11	133904623	134104623	harbor2	chr11	133996465	133996609	SINE/MIR	417	-	72	133996537	91914
chr11	114390856	114590856	harbor2	chr11	114403609	114403834	SINE/MIR	571	-	112	114403721	12865
chr11	114390856	114590856	harbor2	chr11	114440037	114440216	SINE/MIR	488	-	90	114440127	49271
chr11	114390856	114590856	harbor2	chr11	114440987	114441237	SINE/MIR	756	-	125	114441112	50256
chr11	114390856	114590856	harbor2	chr11	114442595	114442745	SINE/MIR	376	-	75	114442670	51814
chr11	114390856	114590856	harbor2	chr11	114468481	114468532	SINE/MIR	429	-	26	114468507	77651
chr11	114390856	114590856	harbor2	chr11	114468739	114468855	SINE/MIR	429	-	58	114468797	77941
chr11	114853136	115053136	harbor2	chr11	114881606	114881806	SINE/MIR	439	-	100	114881706	28570
chr11	114853136	115053136	harbor2	chr11	114889354	114889474	SINE/MIR	379	-	60	114889414	36278
chr11	114853136	115053136	harbor2	chr11	114893806	114893978	SINE/MIR	380	-	86	114893892	40756
chr11	114853136	115053136	harbor2	chr11	114909088	114909288	SINE/MIR	383	-	100	114909188	56052
chr11	114853136	115053136	harbor2	chr11	114909309	114909500	SINE/MIR	485	-	96	114909405	56269
chr11	114853136	115053136	harbor2	chr11	114919296	114919421	SINE/MIR	391	-	62	114919358	66222
chr11	114853136	115053136	harbor2	chr11	114952105	114952344	SINE/MIR	552	-	120	114952225	99089
chr11	67228684	67428684	harbor2	chr11	67229098	67229290	SINE/MIR	533	-	96	67229194	510
chr11	67228684	67428684	harbor2	chr11	67261239	67261413	SINE/MIR	424	-	87	67261326	32642
chr11	67228684	67428684	harbor2	chr11	67267722	67267948	SINE/MIR	427	-	113	67267835	39151
chr11	67228684	67428684	harbor2	chr11	67269223	67269434	SINE/MIR	401	-	106	67269329	40645
chr11	67228684	67428684	harbor2	chr11	67283477	67283662	SINE/MIR	533	-	92	67283569	54885
chr11	126183424	126383424	harbor2	chr11	126191816	126191980	SINE/MIR	417	-	82	126191898	8474
chr11	126183424	126383424	harbor2	chr11	126207094	126207307	SINE/MIR	533	-	106	126207200	23776
chr11	126183424	126383424	harbor2	chr11	126249992	126250088	SINE/MIR	384	-	48	126250040	66616
chr11	126183424	126383424	harbor2	chr11	126281905	126282085	SINE/MIR	458	-	90	126281995	98571
chr11	41412398	41612398	harbor2	chr11	41419618	41419876	SINE/MIR	450	-	129	41419747	7349
chr11	41412398	41612398	harbor2	chr11	41499223	41499388	SINE/MIR	444	-	82	41499305	86907
chr11	76310129	76510129	harbor2	chr11	76321060	76321202	SINE/MIR	394	-	71	76321131	11002
chr11	76310129	76510129	harbor2	chr11	76327614	76327772	SINE/MIR	439	-	79	76327693	17564
chr11	76310129	76510129	harbor2	chr11	76339829	76340058	SINE/MIR	674	-	114	76339943	29814
chr11	76310129	76510129	harbor2	chr11	76353280	76353479	SINE/MIR	388	-	100	76353380	43251
chr11	65093760	65293760	harbor2	chr11	65150116	65150257	SINE/MIR	611	-	70	65150186	56426
chr11	65093760	65293760	harbor2	chr11	65150562	65150611	SINE/MIR	611	-	24	65150586	56826
chr11	96178268	96378268	harbor2	chr11	96182559	96182791	SINE/MIR	651	-	116	96182675	4407
chr11	96178268	96378268	harbor2	chr11	96186647	96186848	SINE/MIR	615	-	100	96186747	8479
chr11	96178268	96378268	harbor2	chr11	96190211	96190407	SINE/MIR	416	-	98	96190309	12041
chr11	96178268	96378268	harbor2	chr11	96213028	96213209	SINE/MIR	509	-	90	96213118	34850
chr11	96178268	96378268	harbor2	chr11	96244570	96244794	SINE/MIR	406	-	112	96244682	66414
chr11	96178268	96378268	harbor2	chr11	96252648	96252833	SINE/MIR	493	-	92	96252740	74472
chr11	96178268	96378268	harbor2	chr11	96255286	96255438	SINE/MIR	432	-	76	96255362	77094
chr11	128940531	129140531	harbor2	chr11	128947406	128947645	SINE/MIR	599	-	120	128947526	6995
chr11	128940531	129140531	harbor2	chr11	128955022	128955192	SINE/MIR	428	-	85	128955107	14576
chr11	128940531	129140531	harbor2	chr11	128961585	128961713	SINE/MIR	393	-	64	128961649	21118
chr11	128940531	129140531	harbor2	chr11	128979317	128979562	SINE/MIR	769	-	122	128979439	38908
chr11	128940531	129140531	harbor2	chr11	128989285	128989500	SINE/MIR	615	-	108	128989393	48862
chr11	128940531	129140531	harbor2	chr11	129011136	129011365	SINE/MIR	515	-	114	129011250	70719
chr11	128940531	129140531	harbor2	chr11	129025092	129025268	SINE/MIR	648	-	88	129025180	84649
chr11	131806099	132006099	harbor2	chr11	131806565	131806724	SINE/MIR	528	-	80	131806645	546
chr11	131806099	132006099	harbor2	chr11	131833312	131833506	SINE/MIR	688	-	97	131833409	27310
chr11	131806099	132006099	harbor2	chr11	131834651	131834832	SINE/MIR	547	-	90	131834741	28642
chr11	131806099	132006099	harbor2	chr11	131865138	131865273	SINE/MIR	514	-	68	131865206	59107
chr11	131806099	132006099	harbor2	chr11	131883979	131884127	SINE/MIR	585	-	74	131884053	77954
chr11	131806099	132006099	harbor2	chr11	131884440	131884550	SINE/MIR	585	-	55	131884495	78396
chr11	131806099	132006099	harbor2	chr11	131886869	131886978	SINE/MIR	396	-	54	131886923	80824
chr11	131806099	132006099	harbor2	chr11	131887861	131888024	SINE/MIR	467	-	82	131887943	81844
chr11	131806099	132006099	harbor2	chr11	131901053	131901310	SINE/MIR	647	-	128	131901181	95082
chr11	131806099	132006099	harbor2	chr11	131905101	131905299	SINE/MIR	416	-	99	131905200	99101
chr11	126418489	126618489	harbor2	chr11	126460306	126460528	SINE/MIR	660	-	111	126460417	41928
chr11	126418489	126618489	harbor2	chr11	126463840	126463994	SINE/MIR	378	-	77	126463917	45428
chr11	126418489	126618489	harbor2	chr11	126469026	126469217	SINE/MIR	529	-	96	126469122	50633
chr11	126418489	126618489	harbor2	chr11	126474268	126474424	SINE/MIR	533	-	78	126474346	55857
chr11	126418489	126618489	harbor2	chr11	126480369	126480565	SINE/MIR	548	-	98	126480467	61978
chr11	126418489	126618489	harbor2	chr11	126496259	126496493	SINE/MIR	793	-	117	126496376	77887
chr11	126418489	126618489	harbor2	chr11	126498015	126498101	SINE/MIR	447	-	43	126498058	79569
chr11	126418489	126618489	harbor2	chr11	126514576	126514808	SINE/MIR	871	-	116	126514692	96203
chr11	126418489	126618489	harbor2	chr11	126517766	126517905	SINE/MIR	411	-	70	126517836	99347
chr11	126418489	126618489	harbor2	chr11	126484349	126484545	SINE/MIR	760	-	98	126484447	65958
chr11	125651284	125851284	harbor2	chr11	125694032	125694256	SINE/MIR	429	-	112	125694144	42860
chr11	125651284	125851284	harbor2	chr11	125723569	125723698	SINE/MIR	444	-	64	125723633	72349
chr11	125651284	125851284	harbor2	chr11	125728243	125728370	SINE/MIR	418	-	64	125728307	77023
chr11	125651284	125851284	harbor2	chr11	125730689	125730808	SINE/MIR	430	-	60	125730749	79465
chr11	133061478	133261478	harbor2	chr11	133067138	133067353	SINE/MIR	469	-	108	133067246	5768
chr11	133061478	133261478	harbor2	chr11	133087019	133087189	SINE/MIR	500	-	85	133087104	25626
chr11	133061478	133261478	harbor2	chr11	133120427	133120660	SINE/MIR	409	-	116	133120543	59065
chr11	133061478	133261478	harbor2	chr11	133139274	133139509	SINE/MIR	752	-	118	133139392	77914
chr11	133061478	133261478	harbor2	chr11	133150222	133150441	SINE/MIR	593	-	110	133150332	88854
chr11	108187439	108387439	harbor2	chr11	108224067	108224287	SINE/MIR	661	-	110	108224177	36738
chr11	108187439	108387439	harbor2	chr11	108249602	108249706	SINE/MIR	424	-	52	108249654	62215
chr11	108187439	108387439	harbor2	chr11	108272941	108273118	SINE/MIR	454	-	88	108273029	85590
chr11	101043426	101243426	harbor2	chr11	101095399	101095575	SINE/MIR	833	-	88	101095487	52061
chr11	101043426	101243426	harbor2	chr11	101123912	101124034	SINE/MIR	441	-	61	101123973	80547
chr11	101043426	101243426	harbor2	chr11	101131871	101132061	SINE/MIR	477	-	95	101131966	88540
chr11	101043426	101243426	harbor2	chr11	101137945	101138163	SINE/MIR	419	-	109	101138054	94628
chr11	117648754	117848754	harbor2	chr11	117655339	117655546	SINE/MIR	691	-	104	117655443	6689
chr11	117648754	117848754	harbor2	chr11	117656437	117656496	SINE/MIR	521	-	30	117656467	7713
chr11	117648754	117848754	harbor2	chr11	117656548	117656744	SINE/MIR	521	-	98	117656646	7892
chr11	117648754	117848754	harbor2	chr11	117658385	117658500	SINE/MIR	417	-	58	117658443	9689
chr11	117648754	117848754	harbor2	chr11	117665612	117665748	SINE/MIR	530	-	68	117665680	16926
chr11	117648754	117848754	harbor2	chr11	117668024	117668101	SINE/MIR	377	-	38	117668062	19308
chr11	117648754	117848754	harbor2	chr11	117671792	117671830	SINE/MIR	416	-	19	117671811	23057
chr11	117648754	117848754	harbor2	chr11	117672131	117672274	SINE/MIR	416	-	72	117672203	23449
chr11	117648754	117848754	harbor2	chr11	117677682	117677904	SINE/MIR	610	-	111	117677793	29039
chr11	117648754	117848754	harbor2	chr11	117682865	117683004	SINE/MIR	491	-	70	117682935	34181
chr11	117648754	117848754	harbor2	chr11	117685193	117685369	SINE/MIR	534	-	88	117685281	36527
chr11	117648754	117848754	harbor2	chr11	117690520	117690674	SINE/MIR	455	-	77	117690597	41843
chr11	117648754	117848754	harbor2	chr11	117696976	117697224	SINE/MIR	565	-	124	117697100	48346
chr11	117648754	117848754	harbor2	chr11	117703896	117704026	SINE/MIR	438	-	65	117703961	55207
chr11	117648754	117848754	harbor2	chr11	117719046	117719152	SINE/MIR	503	-	53	117719099	70345
chr11	117648754	117848754	harbor2	chr11	117719467	117719540	SINE/MIR	503	-	36	117719503	70749
chr11	117648754	117848754	harbor2	chr11	117719636	117719777	SINE/MIR	561	-	70	117719706	70952
chr11	117648754	117848754	harbor2	chr11	117720994	117721124	SINE/MIR	471	-	65	117721059	72305
chr11	117648754	117848754	harbor2	chr11	117726990	117727208	SINE/MIR	773	-	109	117727099	78345
chr11	117648754	117848754	harbor2	chr11	117732181	117732384	SINE/MIR	470	-	102	117732283	83529
chr11	117648754	117848754	harbor2	chr11	117739029	117739229	SINE/MIR	445	-	100	117739129	90375
chr11	117648754	117848754	harbor2	chr11	117740172	117740350	SINE/MIR	577	-	89	117740261	91507
chr11	117648754	117848754	harbor2	chr11	117744076	117744304	SINE/MIR	1117	-	114	117744190	95436
chr11	117648754	117848754	harbor2	chr11	117735310	117735459	SINE/MIR	508	-	74	117735384	86630
chr11	106771742	106971742	harbor2	chr11	106803594	106803760	SINE/MIR	419	-	83	106803677	31935
chr11	106771742	106971742	harbor2	chr11	106813827	106814045	SINE/MIR	452	-	109	106813936	42194
chr11	106771742	106971742	harbor2	chr11	106829128	106829344	SINE/MIR	391	-	108	106829236	57494
chr11	106771742	106971742	harbor2	chr11	106858424	106858600	SINE/MIR	589	-	88	106858512	86770
chr11	56809705	57009705	harbor2	chr11	56875957	56876186	SINE/MIR	644	-	114	56876071	66366
chr11	56809705	57009705	harbor2	chr11	56885939	56886072	SINE/MIR	539	-	66	56886005	76300
chr11	56809705	57009705	harbor2	chr11	56886733	56886951	SINE/MIR	605	-	109	56886842	77137
chr11	56809705	57009705	harbor2	chr11	56898856	56899049	SINE/MIR	588	-	96	56898952	89247
chr11	56809705	57009705	harbor2	chr11	56903970	56904181	SINE/MIR	686	-	106	56904076	94371
chr11	56809705	57009705	harbor2	chr11	56907637	56907738	SINE/MIR	378	-	50	56907687	97982
chr11	56809705	57009705	harbor2	chr11	56907932	56907946	SINE/MIR	378	-	7	56907939	98234
chr11	130913332	131113332	harbor2	chr11	130983872	130984110	SINE/MIR	640	-	119	130983991	70659
chr11	74524261	74724261	harbor2	chr11	74551914	74552138	SINE/MIR	618	-	112	74552026	27765
chr11	74524261	74724261	harbor2	chr11	74563367	74563580	SINE/MIR	486	-	106	74563473	39212
chr11	74524261	74724261	harbor2	chr11	74564280	74564395	SINE/MIR	399	-	58	74564338	40077
chr11	74524261	74724261	harbor2	chr11	74565555	74565726	SINE/MIR	491	-	86	74565641	41380
chr11	74524261	74724261	harbor2	chr11	74569285	74569433	SINE/MIR	505	-	74	74569359	45098
chr11	74524261	74724261	harbor2	chr11	74571552	74571722	SINE/MIR	642	-	85	74571637	47376
chr11	74524261	74724261	harbor2	chr11	74572671	74572748	SINE/MIR	404	-	38	74572709	48448
chr11	74524261	74724261	harbor2	chr11	74587650	74587759	SINE/MIR	385	-	54	74587704	63443
chr11	74524261	74724261	harbor2	chr11	74591664	74591839	SINE/MIR	687	-	88	74591752	67491
chr11	74524261	74724261	harbor2	chr11	74619471	74619708	SINE/MIR	421	-	118	74619589	95328
chr11	132351591	132551591	harbor2	chr11	132359724	132359974	SINE/MIR	496	-	125	132359849	8258
chr11	132351591	132551591	harbor2	chr11	132401605	132401848	SINE/MIR	474	-	122	132401727	50136
chr11	132351591	132551591	harbor2	chr11	132409640	132409798	SINE/MIR	374	-	79	132409719	58128
chr11	132351591	132551591	harbor2	chr11	132422575	132422798	SINE/MIR	659	-	112	132422687	71096
chr11	42340154	42540154	harbor2	chr11	42353947	42354142	SINE/MIR	530	-	98	42354045	13891
chr11	42340154	42540154	harbor2	chr11	42412161	42412400	SINE/MIR	719	-	120	42412281	72127
chr11	42340154	42540154	harbor2	chr11	42415269	42415482	SINE/MIR	396	-	106	42415375	75221
chr11	42340154	42540154	harbor2	chr11	42425643	42425820	SINE/MIR	387	-	88	42425731	85577
chr11	131413767	131613767	harbor2	chr11	131422954	131423018	SINE/MIR	627	-	32	131422986	9219
chr11	131413767	131613767	harbor2	chr11	131423182	131423363	SINE/MIR	627	-	90	131423272	9505
chr11	131413767	131613767	harbor2	chr11	131449371	131449520	SINE/MIR	442	-	74	131449445	35678
chr11	131413767	131613767	harbor2	chr11	131466283	131466446	SINE/MIR	486	-	82	131466365	52598
chr11	131413767	131613767	harbor2	chr11	131472690	131472874	SINE/MIR	494	-	92	131472782	59015
chr11	131413767	131613767	harbor2	chr11	131487366	131487519	SINE/MIR	389	-	76	131487442	73675
chr11	131413767	131613767	harbor2	chr11	131491895	131492138	SINE/MIR	666	-	122	131492017	78250
chr11	131413767	131613767	harbor2	chr11	131492143	131492368	SINE/MIR	671	-	112	131492255	78488
chr11	131413767	131613767	harbor2	chr11	131493590	131493727	SINE/MIR	458	-	68	131493658	79891
chr11	131413767	131613767	harbor2	chr11	131500399	131500536	SINE/MIR	548	-	68	131500467	86700
chr11	68987581	69187581	harbor2	chr11	69043324	69043529	SINE/MIR	524	-	102	69043426	55845
chr11	68987581	69187581	harbor2	chr11	69049501	69049638	SINE/MIR	413	-	68	69049569	61988
chr11	68987581	69187581	harbor2	chr11	69049872	69049937	SINE/MIR	379	-	32	69049904	62323
chr11	110143754	110343754	harbor2	chr11	110144296	110144502	SINE/MIR	592	-	103	110144399	645
chr11	110143754	110343754	harbor2	chr11	110193655	110193803	SINE/MIR	574	-	74	110193729	49975
chr11	110143754	110343754	harbor2	chr11	110220260	110220497	SINE/MIR	452	-	118	110220378	76624
chr11	19002533	19202533	harbor2	chr11	19016017	19016245	SINE/MIR	499	-	114	19016131	13598
chr11	19002533	19202533	harbor2	chr11	19056470	19056650	SINE/MIR	459	-	90	19056560	54027
chr11	19002533	19202533	harbor2	chr11	19057741	19057935	SINE/MIR	622	-	97	19057838	55305
chr11	19002533	19202533	harbor2	chr11	19074693	19074858	SINE/MIR	839	-	82	19074775	72242
chr11	19002533	19202533	harbor2	chr11	19079212	19079369	SINE/MIR	446	-	78	19079290	76757
chr11	19002533	19202533	harbor2	chr11	19080198	19080403	SINE/MIR	388	-	102	19080300	77767
chr11	19002533	19202533	harbor2	chr11	19080912	19081114	SINE/MIR	525	-	101	19081013	78480
chr11	19002533	19202533	harbor2	chr11	19098580	19098786	SINE/MIR	626	-	103	19098683	96150
chr11	87481462	87681462	harbor2	chr11	87517094	87517299	SINE/MIR	451	-	102	87517196	35734
chr11	87481462	87681462	harbor2	chr11	87517845	87518002	SINE/MIR	910	-	78	87517923	36461
chr11	87481462	87681462	harbor2	chr11	87518307	87518398	SINE/MIR	910	-	46	87518353	36891
chr11	87481462	87681462	harbor2	chr11	87554073	87554317	SINE/MIR	437	-	122	87554195	72733
chr11	87481462	87681462	harbor2	chr11	87578197	87578362	SINE/MIR	473	-	82	87578279	96817
chr11	92115716	92315716	harbor2	chr11	92122155	92122379	SINE/MIR	596	-	112	92122267	6551
chr11	92115716	92315716	harbor2	chr11	92124495	92124684	SINE/MIR	486	-	94	92124589	8873
chr11	92115716	92315716	harbor2	chr11	92128090	92128247	SINE/MIR	566	-	78	92128168	12452
chr11	92115716	92315716	harbor2	chr11	92130549	92130671	SINE/MIR	466	-	61	92130610	14894
chr11	92115716	92315716	harbor2	chr11	92131516	92131686	SINE/MIR	464	-	85	92131601	15885
chr11	92115716	92315716	harbor2	chr11	92140722	92140939	SINE/MIR	393	-	108	92140830	25114
chr11	92115716	92315716	harbor2	chr11	92146797	92147006	SINE/MIR	543	-	104	92146901	31185
chr11	92115716	92315716	harbor2	chr11	92153524	92153714	SINE/MIR	460	-	95	92153619	37903
chr11	92115716	92315716	harbor2	chr11	92155153	92155336	SINE/MIR	618	-	92	92155245	39529
chr11	92115716	92315716	harbor2	chr11	92191284	92191469	SINE/MIR	467	-	92	92191376	75660
chr11	92115716	92315716	harbor2	chr11	92208143	92208322	SINE/MIR	660	-	90	92208233	92517
chr11	22006693	22206693	harbor2	chr11	22087966	22088212	SINE/MIR	729	-	123	22088089	81396
chr11	22006693	22206693	harbor2	chr11	22103868	22104046	SINE/MIR	412	-	89	22103957	97264
chr11	22006693	22206693	harbor2	chr11	22105948	22106158	SINE/MIR	479	-	105	22106053	99360
chr11	133861856	134061856	harbor2	chr11	133914119	133914350	SINE/MIR	514	-	116	133914235	52379
chr11	133861856	134061856	harbor2	chr11	133922992	133923236	SINE/MIR	390	-	122	133923114	61258
chr11	133861856	134061856	harbor2	chr11	133942192	133942412	SINE/MIR	455	-	110	133942302	80446
chr11	133861856	134061856	harbor2	chr11	133954525	133954761	SINE/MIR	584	-	118	133954643	92787
chr11	11183438	11383438	harbor2	chr11	11183641	11183802	SINE/MIR	404	-	80	11183721	283
chr11	11183438	11383438	harbor2	chr11	11209872	11210076	SINE/MIR	490	-	102	11209974	26536
chr11	11183438	11383438	harbor2	chr11	11218287	11218354	SINE/MIR	379	-	34	11218321	34883
chr11	11183438	11383438	harbor2	chr11	11227942	11228149	SINE/MIR	480	-	104	11228046	44608
chr11	11183438	11383438	harbor2	chr11	11233229	11233445	SINE/MIR	836	-	108	11233337	49899
chr11	11183438	11383438	harbor2	chr11	11240739	11240943	SINE/MIR	675	-	102	11240841	57403
chr11	11183438	11383438	harbor2	chr11	11243053	11243242	SINE/MIR	632	-	94	11243147	59709
chr11	11183438	11383438	harbor2	chr11	11245973	11246213	SINE/MIR	771	-	120	11246093	62655
chr11	11183438	11383438	harbor2	chr11	11247299	11247515	SINE/MIR	400	-	108	11247407	63969
chr11	11183438	11383438	harbor2	chr11	11282324	11282550	SINE/MIR	752	-	113	11282437	98999
chr11	124816573	125016573	harbor2	chr11	124843751	124843994	SINE/MIR	682	-	122	124843873	27300
chr11	124816573	125016573	harbor2	chr11	124867253	124867464	SINE/MIR	503	-	106	124867359	50786
chr11	123958012	124158012	harbor2	chr11	123976467	123976628	SINE/MIR	389	-	80	123976547	18535
chr11	123958012	124158012	harbor2	chr11	124008637	124008773	SINE/MIR	475	-	68	124008705	50693
chr11	123958012	124158012	harbor2	chr11	124021939	124022068	SINE/MIR	377	-	64	124022003	63991
chr11	123958012	124158012	harbor2	chr11	124028587	124028719	SINE/MIR	532	-	66	124028653	70641
chr11	123958012	124158012	harbor2	chr11	124049905	124050081	SINE/MIR	548	-	88	124049993	91981
chr11	123958012	124158012	harbor2	chr11	124055789	124056013	SINE/MIR	434	-	112	124055901	97889
chr11	119842945	120042945	harbor2	chr11	119850619	119850850	SINE/MIR	787	-	116	119850735	7790
chr11	119842945	120042945	harbor2	chr11	119860014	119860237	SINE/MIR	754	-	112	119860126	17181
chr11	119842945	120042945	harbor2	chr11	119869050	119869198	SINE/MIR	539	-	74	119869124	26179
chr11	119842945	120042945	harbor2	chr11	119880815	119881011	SINE/MIR	519	-	98	119880913	37968
chr11	119842945	120042945	harbor2	chr11	119893313	119893505	SINE/MIR	726	-	96	119893409	50464
chr11	119842945	120042945	harbor2	chr11	119902440	119902659	SINE/MIR	661	-	110	119902550	59605
chr11	119842945	120042945	harbor2	chr11	119914695	119914930	SINE/MIR	764	-	118	119914813	71868
chr11	119842945	120042945	harbor2	chr11	119919399	119919584	SINE/MIR	426	-	92	119919491	76546
chr11	119842945	120042945	harbor2	chr11	119936913	119937153	SINE/MIR	926	-	120	119937033	94088
chr11	119842945	120042945	harbor2	chr11	119939167	119939305	SINE/MIR	411	-	69	119939236	96291
chr11	119842945	120042945	harbor2	chr11	119941552	119941741	SINE/MIR	475	-	94	119941646	98701
chr11	124383607	124583607	harbor2	chr11	124462396	124462610	SINE/MIR	376	-	107	124462503	78896
chr11	124383607	124583607	harbor2	chr11	124466770	124466983	SINE/MIR	377	-	106	124466876	83269
chr11	96396643	96596643	harbor2	chr11	96470439	96470700	SINE/MIR	432	-	130	96470569	73926
chr11	117129464	117329464	harbor2	chr11	117194326	117194519	SINE/MIR	500	-	96	117194422	64958
chr11	117129464	117329464	harbor2	chr11	117228954	117229209	SINE/MIR	1121	-	128	117229082	99618
chr11	82010381	82210381	harbor2	chr11	82014521	82014748	SINE/MIR	427	-	114	82014635	4254
chr11	82010381	82210381	harbor2	chr11	82033210	82033413	SINE/MIR	405	-	102	82033312	22931
chr11	82010381	82210381	harbor2	chr11	82056884	82057091	SINE/MIR	817	-	104	82056988	46607
chr11	82010381	82210381	harbor2	chr11	82059822	82060024	SINE/MIR	544	-	101	82059923	49542
chr11	82010381	82210381	harbor2	chr11	82075324	82075532	SINE/MIR	503	-	104	82075428	65047
chr11	82010381	82210381	harbor2	chr11	82077727	82077935	SINE/MIR	475	-	104	82077831	67450
chr11	82010381	82210381	harbor2	chr11	82078101	82078200	SINE/MIR	401	-	50	82078151	67770
chr11	107042222	107242222	harbor2	chr11	107044254	107044462	SINE/MIR	586	-	104	107044358	2136
chr11	107042222	107242222	harbor2	chr11	107134243	107134490	SINE/MIR	506	-	124	107134367	92145
chr11	45122909	45322909	harbor2	chr11	45140275	45140429	SINE/MIR	402	-	77	45140352	17443
chr11	45122909	45322909	harbor2	chr11	45145086	45145304	SINE/MIR	585	-	109	45145195	22286
chr11	45122909	45322909	harbor2	chr11	45150802	45151004	SINE/MIR	464	-	101	45150903	27994
chr11	45122909	45322909	harbor2	chr11	45152617	45152815	SINE/MIR	697	-	99	45152716	29807
chr11	45122909	45322909	harbor2	chr11	45154755	45154906	SINE/MIR	518	-	76	45154831	31922
chr11	45122909	45322909	harbor2	chr11	45155896	45156077	SINE/MIR	762	-	90	45155986	33077
chr11	45122909	45322909	harbor2	chr11	45161857	45161981	SINE/MIR	447	-	62	45161919	39010
chr11	45122909	45322909	harbor2	chr11	45162550	45162759	SINE/MIR	528	-	104	45162654	39745
chr11	45122909	45322909	harbor2	chr11	45164839	45164943	SINE/MIR	409	-	52	45164891	41982
chr11	45122909	45322909	harbor2	chr11	45165001	45165181	SINE/MIR	545	-	90	45165091	42182
chr11	45122909	45322909	harbor2	chr11	45169445	45169552	SINE/MIR	847	-	54	45169499	46590
chr11	45122909	45322909	harbor2	chr11	45169682	45169813	SINE/MIR	847	-	66	45169748	46839
chr11	45122909	45322909	harbor2	chr11	45188190	45188442	SINE/MIR	949	-	126	45188316	65407
chr11	45122909	45322909	harbor2	chr11	45194513	45194587	SINE/MIR	378	-	37	45194550	71641
chr11	45122909	45322909	harbor2	chr11	45194898	45195006	SINE/MIR	378	-	54	45194952	72043
chr11	45122909	45322909	harbor2	chr11	45200429	45200584	SINE/MIR	397	-	78	45200507	77598
chr11	45122909	45322909	harbor2	chr11	45220450	45220628	SINE/MIR	420	-	89	45220539	97630
chr11	126992181	127192181	harbor2	chr11	127034360	127034583	SINE/MIR	655	-	112	127034472	42291
chr11	126992181	127192181	harbor2	chr11	127036505	127036708	SINE/MIR	590	-	102	127036607	44426
chr11	126992181	127192181	harbor2	chr11	127050040	127050234	SINE/MIR	406	-	97	127050137	57956
chr11	126992181	127192181	harbor2	chr11	127051026	127051205	SINE/MIR	652	-	90	127051116	58935
chr11	126992181	127192181	harbor2	chr11	127063445	127063633	SINE/MIR	425	-	94	127063539	71358
chr11	126992181	127192181	harbor2	chr11	127071306	127071402	SINE/MIR	433	-	48	127071354	79173
chr11	126992181	127192181	harbor2	chr11	127077725	127077885	SINE/MIR	426	-	80	127077805	85624
chr11	127994744	128194744	harbor2	chr11	128050204	128050418	SINE/MIR	693	-	107	128050311	55567
chr11	127994744	128194744	harbor2	chr11	128056768	128057024	SINE/MIR	421	-	128	128056896	62152
chr11	127994744	128194744	harbor2	chr11	128063168	128063381	SINE/MIR	688	-	106	128063274	68530
chr11	46179357	46379357	harbor2	chr11	46194894	46195024	SINE/MIR	377	-	65	46194959	15602
chr11	46179357	46379357	harbor2	chr11	46216085	46216264	SINE/MIR	495	-	90	46216175	36818
chr11	46179357	46379357	harbor2	chr11	46222942	46223186	SINE/MIR	701	-	122	46223064	43707
chr11	46179357	46379357	harbor2	chr11	46234050	46234237	SINE/MIR	409	-	94	46234144	54787
chr11	46179357	46379357	harbor2	chr11	46235345	46235489	SINE/MIR	401	-	72	46235417	56060
chr11	46179357	46379357	harbor2	chr11	46238631	46238832	SINE/MIR	997	-	100	46238731	59374
chr11	46179357	46379357	harbor2	chr11	46238837	46239023	SINE/MIR	491	-	93	46238930	59573
chr11	46179357	46379357	harbor2	chr11	46239790	46239998	SINE/MIR	451	-	104	46239894	60537
chr11	46179357	46379357	harbor2	chr11	46244610	46244828	SINE/MIR	764	-	109	46244719	65362
chr11	46179357	46379357	harbor2	chr11	46251024	46251161	SINE/MIR	470	-	68	46251092	71735
chr11	46179357	46379357	harbor2	chr11	46262719	46262948	SINE/MIR	412	-	114	46262833	83476
chr11	43704576	43904576	harbor2	chr11	43774634	43774768	SINE/MIR	581	-	67	43774701	70125
chr11	43704576	43904576	harbor2	chr11	43775351	43775424	SINE/MIR	581	-	36	43775387	70811
chr11	43704576	43904576	harbor2	chr11	43797427	43797595	SINE/MIR	420	-	84	43797511	92935
chr11	88788636	88988636	harbor2	chr11	88795630	88795793	SINE/MIR	433	-	82	88795712	7076
chr11	88788636	88988636	harbor2	chr11	88800114	88800264	SINE/MIR	391	-	75	88800189	11553
chr11	88788636	88988636	harbor2	chr11	88812358	88812510	SINE/MIR	438	-	76	88812434	23798
chr11	88788636	88988636	harbor2	chr11	88817697	88817933	SINE/MIR	470	-	118	88817815	29179
chr11	88788636	88988636	harbor2	chr11	88859461	88859682	SINE/MIR	390	-	110	88859571	70935
chr11	88788636	88988636	harbor2	chr11	88871102	88871307	SINE/MIR	579	-	102	88871204	82568
chr11	131937136	132137136	harbor2	chr11	131963745	131963904	SINE/MIR	483	-	80	131963825	26689
chr11	131937136	132137136	harbor2	chr11	131987030	131987223	SINE/MIR	404	-	96	131987126	49990
chr11	131937136	132137136	harbor2	chr11	131996535	131996711	SINE/MIR	477	-	88	131996623	59487
chr11	131937136	132137136	harbor2	chr11	132011563	132011786	SINE/MIR	672	-	112	132011675	74539
chr11	65191509	65391509	harbor2	chr11	65207024	65207179	SINE/MIR	493	-	78	65207102	15593
chr11	65191509	65391509	harbor2	chr11	65222973	65223179	SINE/MIR	425	-	103	65223076	31567
chr11	65191509	65391509	harbor2	chr11	65235994	65236144	SINE/MIR	584	-	75	65236069	44560
chr11	112605671	112805671	harbor2	chr11	112658006	112658163	SINE/MIR	378	-	78	112658084	52413
chr11	112605671	112805671	harbor2	chr11	112658174	112658367	SINE/MIR	733	-	96	112658270	52599
chr11	112605671	112805671	harbor2	chr11	112660601	112660805	SINE/MIR	597	-	102	112660703	55032
chr11	112605671	112805671	harbor2	chr11	112686648	112686819	SINE/MIR	515	-	86	112686734	81063
chr11	103665059	103865059	harbor2	chr11	103667208	103667406	SINE/MIR	450	-	99	103667307	2248
chr11	103665059	103865059	harbor2	chr11	103670924	103671140	SINE/MIR	590	-	108	103671032	5973
chr11	103665059	103865059	harbor2	chr11	103681197	103681299	SINE/MIR	392	-	51	103681248	16189
chr11	103665059	103865059	harbor2	chr11	103695478	103695661	SINE/MIR	495	-	92	103695570	30511
chr11	103665059	103865059	harbor2	chr11	103712228	103712397	SINE/MIR	505	-	84	103712312	47253
chr11	103665059	103865059	harbor2	chr11	103757326	103757561	SINE/MIR	401	-	118	103757444	92385
chr11	79772948	79972948	harbor2	chr11	79773207	79773311	SINE/MIR	400	-	52	79773259	311
chr11	79772948	79972948	harbor2	chr11	79778634	79778830	SINE/MIR	478	-	98	79778732	5784
chr11	79772948	79972948	harbor2	chr11	79788606	79788804	SINE/MIR	546	-	99	79788705	15757
chr11	79772948	79972948	harbor2	chr11	79793958	79794160	SINE/MIR	684	-	101	79794059	21111
chr11	79772948	79972948	harbor2	chr11	79802525	79802653	SINE/MIR	399	-	64	79802589	29641
chr11	79772948	79972948	harbor2	chr11	79809476	79809734	SINE/MIR	625	-	129	79809605	36657
chr11	79772948	79972948	harbor2	chr11	79822126	79822301	SINE/MIR	476	-	88	79822214	49266
chr11	79772948	79972948	harbor2	chr11	79824341	79824593	SINE/MIR	817	-	126	79824467	51519
chr11	79772948	79972948	harbor2	chr11	79825797	79825996	SINE/MIR	453	-	100	79825897	52949
chr11	79772948	79972948	harbor2	chr11	79843202	79843398	SINE/MIR	453	-	98	79843300	70352
chr11	79772948	79972948	harbor2	chr11	79850930	79851103	SINE/MIR	378	-	86	79851016	78068
chr11	79772948	79972948	harbor2	chr11	79853704	79853841	SINE/MIR	378	-	68	79853772	80824
chr11	79772948	79972948	harbor2	chr11	79859193	79859407	SINE/MIR	588	-	107	79859300	86352
chr11	79772948	79972948	harbor2	chr11	79859488	79859697	SINE/MIR	640	-	104	79859592	86644
chr11	61375550	61575550	harbor2	chr11	61402094	61402300	SINE/MIR	431	-	103	61402197	26647
chr11	61375550	61575550	harbor2	chr11	61410488	61410712	SINE/MIR	513	-	112	61410600	35050
chr11	61375550	61575550	harbor2	chr11	61411292	61411526	SINE/MIR	737	-	117	61411409	35859
chr11	61375550	61575550	harbor2	chr11	61419599	61419768	SINE/MIR	574	-	84	61419683	44133
chr11	61375550	61575550	harbor2	chr11	61447270	61447469	SINE/MIR	591	-	100	61447370	71820
chr11	61375550	61575550	harbor2	chr11	61450321	61450557	SINE/MIR	750	-	118	61450439	74889
chr11	61375550	61575550	harbor2	chr11	61453562	61453730	SINE/MIR	448	-	84	61453646	78096
chr11	61375550	61575550	harbor2	chr11	61467056	61467277	SINE/MIR	622	-	110	61467166	91616
chr11	61375550	61575550	harbor2	chr11	61473951	61474197	SINE/MIR	568	-	123	61474074	98524
chr11	115271401	115471401	harbor2	chr11	115282135	115282320	SINE/MIR	554	-	92	115282227	10826
chr11	115271401	115471401	harbor2	chr11	115285312	115285511	SINE/MIR	805	-	100	115285412	14011
chr11	115271401	115471401	harbor2	chr11	115292591	115292816	SINE/MIR	505	-	112	115292703	21302
chr11	115271401	115471401	harbor2	chr11	115311306	115311370	SINE/MIR	510	-	32	115311338	39937
chr11	115271401	115471401	harbor2	chr11	115311609	115311720	SINE/MIR	510	-	56	115311665	40264
chr11	115271401	115471401	harbor2	chr11	115318916	115319091	SINE/MIR	595	-	88	115319004	47603
chr11	115271401	115471401	harbor2	chr11	115336895	115337133	SINE/MIR	521	-	119	115337014	65613
chr11	115271401	115471401	harbor2	chr11	115338153	115338363	SINE/MIR	828	-	105	115338258	66857
chr11	115271401	115471401	harbor2	chr11	115343074	115343279	SINE/MIR	567	-	102	115343176	71775
chr11	115271401	115471401	harbor2	chr11	115352693	115352866	SINE/MIR	463	-	86	115352779	81378
chr11	115271401	115471401	harbor2	chr11	115354192	115354386	SINE/MIR	520	-	97	115354289	82888
chr11	115271401	115471401	harbor2	chr11	115343280	115343512	SINE/MIR	921	-	116	115343396	71995
chr12	109963141	110163141	harbor2	chr12	109963402	109963585	SINE/MIR	535	-	92	109963494	353
chr12	109963141	110163141	harbor2	chr12	110000007	110000153	SINE/MIR	479	-	73	110000080	36939
chr12	109963141	110163141	harbor2	chr12	110058861	110059098	SINE/MIR	530	-	118	110058979	95838
chr12	120861620	121061620	harbor2	chr12	120920075	120920306	SINE/MIR	567	-	116	120920191	58571
chr12	120861620	121061620	harbor2	chr12	120930102	120930254	SINE/MIR	549	-	76	120930178	68558
chr12	120861620	121061620	harbor2	chr12	120951308	120951467	SINE/MIR	451	-	80	120951388	89768
chr12	110156236	110356236	harbor2	chr12	110167724	110167827	SINE/MIR	644	-	52	110167776	11540
chr12	110156236	110356236	harbor2	chr12	110168157	110168289	SINE/MIR	644	-	66	110168223	11987
chr12	110156236	110356236	harbor2	chr12	110225066	110225254	SINE/MIR	767	-	94	110225160	68924
chr12	102599169	102799169	harbor2	chr12	102633372	102633548	SINE/MIR	667	-	88	102633460	34291
chr12	102599169	102799169	harbor2	chr12	102668303	102668488	SINE/MIR	619	-	92	102668395	69226
chr12	102599169	102799169	harbor2	chr12	102683979	102684216	SINE/MIR	500	-	118	102684097	84928
chr12	102599169	102799169	harbor2	chr12	102684515	102684549	SINE/MIR	500	-	17	102684532	85363
chr12	123040621	123240621	harbor2	chr12	123086574	123086751	SINE/MIR	624	-	88	123086662	46041
chr12	124026480	124226480	harbor2	chr12	124065569	124065800	SINE/MIR	814	-	116	124065685	39205
chr12	124026480	124226480	harbor2	chr12	124075670	124075725	SINE/MIR	498	-	28	124075698	49218
chr12	124026480	124226480	harbor2	chr12	124076156	124076229	SINE/MIR	498	-	36	124076192	49712
chr12	124026480	124226480	harbor2	chr12	124109169	124109396	SINE/MIR	531	-	114	124109283	82803
chr12	73285478	73485478	harbor2	chr12	73358851	73359079	SINE/MIR	700	-	114	73358965	73487
chr12	78970332	79170332	harbor2	chr12	79004682	79004846	SINE/MIR	462	-	82	79004764	34432
chr12	78970332	79170332	harbor2	chr12	79009497	79009698	SINE/MIR	500	-	100	79009597	39265
chr12	78970332	79170332	harbor2	chr12	79036867	79037003	SINE/MIR	471	-	68	79036935	66603
chr12	78970332	79170332	harbor2	chr12	79061343	79061522	SINE/MIR	571	-	90	79061433	91101
chr12	78970332	79170332	harbor2	chr12	79062804	79062966	SINE/MIR	662	-	81	79062885	92553
chr12	84775325	84975325	harbor2	chr12	84803193	84803435	SINE/MIR	687	-	121	84803314	27989
chr12	84775325	84975325	harbor2	chr12	84822178	84822397	SINE/MIR	863	-	110	84822288	46963
chr12	84775325	84975325	harbor2	chr12	84843011	84843236	SINE/MIR	657	-	112	84843123	67798
chr12	84775325	84975325	harbor2	chr12	84868310	84868488	SINE/MIR	554	-	89	84868399	93074
chr12	84775325	84975325	harbor2	chr12	84874390	84874576	SINE/MIR	526	-	93	84874483	99158
chr12	106591788	106791788	harbor2	chr12	106595073	106595273	SINE/MIR	592	-	100	106595173	3385
chr12	106591788	106791788	harbor2	chr12	106597204	106597387	SINE/MIR	455	-	92	106597296	5508
chr12	106591788	106791788	harbor2	chr12	106597499	106597692	SINE/MIR	600	-	96	106597595	5807
chr12	106591788	106791788	harbor2	chr12	106625081	106625234	SINE/MIR	643	-	76	106625157	33369
chr12	106591788	106791788	harbor2	chr12	106625768	106625984	SINE/MIR	709	-	108	106625876	34088
chr12	106591788	106791788	harbor2	chr12	106631979	106632135	SINE/MIR	720	-	78	106632057	40269
chr12	106591788	106791788	harbor2	chr12	106633516	106633714	SINE/MIR	537	-	99	106633615	41827
chr12	106591788	106791788	harbor2	chr12	106640117	106640302	SINE/MIR	653	-	92	106640209	48421
chr12	106591788	106791788	harbor2	chr12	106647791	106647964	SINE/MIR	614	-	86	106647877	56089
chr12	106591788	106791788	harbor2	chr12	106653365	106653550	SINE/MIR	583	-	92	106653457	61669
chr12	106591788	106791788	harbor2	chr12	106659572	106659816	SINE/MIR	1110	-	122	106659694	67906
chr12	106591788	106791788	harbor2	chr12	106680762	106681004	SINE/MIR	872	-	121	106680883	89095
chr12	30264568	30464568	harbor2	chr12	30268868	30269053	SINE/MIR	501	-	92	30268960	4392
chr12	30264568	30464568	harbor2	chr12	30346800	30346911	SINE/MIR	464	-	56	30346856	82288
chr12	30264568	30464568	harbor2	chr12	30351729	30351956	SINE/MIR	656	-	114	30351843	87275
chr12	30264568	30464568	harbor2	chr12	30360787	30360984	SINE/MIR	507	-	98	30360885	96317
chr12	122197163	122397163	harbor2	chr12	122236653	122236871	SINE/MIR	819	-	109	122236762	39599
chr12	76683788	76883788	harbor2	chr12	76698814	76698962	SINE/MIR	528	-	74	76698888	15100
chr12	76683788	76883788	harbor2	chr12	76718412	76718664	SINE/MIR	776	-	126	76718538	34750
chr12	76683788	76883788	harbor2	chr12	76772051	76772164	SINE/MIR	505	-	56	76772107	88319
chr12	76683788	76883788	harbor2	chr12	76773512	76773691	SINE/MIR	508	-	90	76773602	89814
chr12	23859089	24059089	harbor2	chr12	23883479	23883679	SINE/MIR	499	-	100	23883579	24490
chr12	23859089	24059089	harbor2	chr12	23884097	23884344	SINE/MIR	456	-	124	23884221	25132
chr12	23859089	24059089	harbor2	chr12	23930579	23930835	SINE/MIR	743	-	128	23930707	71618
chr12	23859089	24059089	harbor2	chr12	23931228	23931439	SINE/MIR	643	-	106	23931334	72245
chr12	125956424	126156424	harbor2	chr12	125992327	125992492	SINE/MIR	482	-	82	125992409	35985
chr12	125956424	126156424	harbor2	chr12	126019667	126019870	SINE/MIR	573	-	102	126019769	63345
chr12	116640061	116840061	harbor2	chr12	116687776	116687953	SINE/MIR	457	-	88	116687864	47803
chr12	116640061	116840061	harbor2	chr12	116695005	116695178	SINE/MIR	495	-	86	116695091	55030
chr12	116640061	116840061	harbor2	chr12	116700914	116701108	SINE/MIR	470	-	97	116701011	60950
chr12	77389379	77589379	harbor2	chr12	77419171	77419405	SINE/MIR	602	-	117	77419288	29909
chr12	77389379	77589379	harbor2	chr12	77466945	77467186	SINE/MIR	646	-	120	77467065	77686
chr12	122750886	122950886	harbor2	chr12	122776090	122776313	SINE/MIR	739	-	112	122776202	25316
chr12	49479926	49679926	harbor2	chr12	49536916	49537087	SINE/MIR	699	-	86	49537002	57076
chr12	49479926	49679926	harbor2	chr12	49550935	49551142	SINE/MIR	472	-	104	49551039	71113
chr12	26621911	26821911	harbor2	chr12	26652950	26653159	SINE/MIR	450	-	104	26653054	31143
chr12	26621911	26821911	harbor2	chr12	26693843	26694017	SINE/MIR	526	-	87	26693930	72019
chr12	26621911	26821911	harbor2	chr12	26700386	26700607	SINE/MIR	448	-	110	26700496	78585
chr12	61415900	61615900	harbor2	chr12	61424506	61424694	SINE/MIR	486	-	94	61424600	8700
chr12	61415900	61615900	harbor2	chr12	61508297	61508471	SINE/MIR	649	-	87	61508384	92484
chr12	54887212	55087212	harbor2	chr12	54937109	54937235	SINE/MIR	442	-	63	54937172	49960
chr12	60771286	60971286	harbor2	chr12	60862776	60862968	SINE/MIR	671	-	96	60862872	91586
chr12	92883775	93083775	harbor2	chr12	92893240	92893416	SINE/MIR	557	-	88	92893328	9553
chr12	92883775	93083775	harbor2	chr12	92924515	92924693	SINE/MIR	622	-	89	92924604	40829
chr12	63087259	63287259	harbor2	chr12	63089363	63089399	SINE/MIR	445	-	18	63089381	2122
chr12	63087259	63287259	harbor2	chr12	63089758	63089915	SINE/MIR	445	-	78	63089836	2577
chr12	63087259	63287259	harbor2	chr12	63096331	63096559	SINE/MIR	460	-	114	63096445	9186
chr12	63087259	63287259	harbor2	chr12	63127568	63127748	SINE/MIR	747	-	90	63127658	40399
chr12	63087259	63287259	harbor2	chr12	63134020	63134246	SINE/MIR	445	-	113	63134133	46874
chr12	63087259	63287259	harbor2	chr12	63146064	63146287	SINE/MIR	593	-	112	63146176	58917
chr12	63087259	63287259	harbor2	chr12	63155803	63156038	SINE/MIR	476	-	118	63155921	68662
chr12	63087259	63287259	harbor2	chr12	63160286	63160488	SINE/MIR	619	-	101	63160387	73128
chr12	111938858	112138858	harbor2	chr12	111954482	111954659	SINE/MIR	528	-	88	111954570	15712
chr12	111938858	112138858	harbor2	chr12	112020737	112020969	SINE/MIR	681	-	116	112020853	81995
chr12	111938858	112138858	harbor2	chr12	112021913	112022045	SINE/MIR	449	-	66	112021979	83121
chr12	111938858	112138858	harbor2	chr12	112031416	112031574	SINE/MIR	633	-	79	112031495	92637
chr12	80329699	80529699	harbor2	chr12	80349258	80349404	SINE/MIR	520	-	73	80349331	19632
chr12	80329699	80529699	harbor2	chr12	80366002	80366239	SINE/MIR	1035	-	118	80366120	36421
chr12	80329699	80529699	harbor2	chr12	80408408	80408592	SINE/MIR	672	-	92	80408500	78801
chr12	80329699	80529699	harbor2	chr12	80410915	80411113	SINE/MIR	477	-	99	80411014	81315
chr12	80329699	80529699	harbor2	chr12	80411447	80411632	SINE/MIR	607	-	92	80411539	81840
chr12	80329699	80529699	harbor2	chr12	80419893	80420106	SINE/MIR	551	-	106	80419999	90300
chr12	99107050	99307050	harbor2	chr12	99133851	99134059	SINE/MIR	624	-	104	99133955	26905
chr12	99107050	99307050	harbor2	chr12	99169647	99169893	SINE/MIR	477	-	123	99169770	62720
chr12	75768933	75968933	harbor2	chr12	75775518	75775751	SINE/MIR	757	-	116	75775634	6701
chr12	75768933	75968933	harbor2	chr12	75798761	75798865	SINE/MIR	841	-	52	75798813	29880
chr12	75768933	75968933	harbor2	chr12	75800247	75800381	SINE/MIR	841	-	67	75800314	31381
chr12	75768933	75968933	harbor2	chr12	75815765	75815945	SINE/MIR	476	-	90	75815855	46922
chr12	75768933	75968933	harbor2	chr12	75832799	75832941	SINE/MIR	470	-	71	75832870	63937
chr12	75768933	75968933	harbor2	chr12	75851380	75851605	SINE/MIR	560	-	112	75851492	82559
chr12	75768933	75968933	harbor2	chr12	75852620	75852853	SINE/MIR	968	-	116	75852736	83803
chr12	75768933	75968933	harbor2	chr12	75854358	75854570	SINE/MIR	513	-	106	75854464	85531
chr12	75768933	75968933	harbor2	chr12	75863476	75863537	SINE/MIR	547	-	30	75863506	94573
chr12	75768933	75968933	harbor2	chr12	75864047	75864196	SINE/MIR	547	-	74	75864121	95188
chr12	107776546	107976546	harbor2	chr12	107830803	107830965	SINE/MIR	547	-	81	107830884	54338
chr12	107776546	107976546	harbor2	chr12	107831615	107831840	SINE/MIR	831	-	112	107831727	55181
chr12	107776546	107976546	harbor2	chr12	107839103	107839365	SINE/MIR	635	-	131	107839234	62688
chr12	107776546	107976546	harbor2	chr12	107859403	107859560	SINE/MIR	500	-	78	107859481	82935
chr12	93890624	94090624	harbor2	chr12	93891677	93891828	SINE/MIR	447	-	76	93891753	1129
chr12	93890624	94090624	harbor2	chr12	93930099	93930352	SINE/MIR	614	-	126	93930225	39601
chr12	108005229	108205229	harbor2	chr12	108012598	108012814	SINE/MIR	614	-	108	108012706	7477
chr12	108005229	108205229	harbor2	chr12	108052027	108052262	SINE/MIR	464	-	118	108052145	46916
chr12	108005229	108205229	harbor2	chr12	108063873	108064124	SINE/MIR	521	-	126	108063999	58770
chr12	108005229	108205229	harbor2	chr12	108066653	108066904	SINE/MIR	661	-	126	108066779	61550
chr12	108005229	108205229	harbor2	chr12	108102943	108103148	SINE/MIR	596	-	102	108103045	97816
chr12	108005229	108205229	harbor2	chr12	108019675	108019833	SINE/MIR	594	-	79	108019754	14525
chr12	119383067	119583067	harbor2	chr12	119394076	119394311	SINE/MIR	541	-	118	119394194	11127
chr12	119383067	119583067	harbor2	chr12	119398852	119399040	SINE/MIR	556	-	94	119398946	15879
chr12	119383067	119583067	harbor2	chr12	119421670	119421810	SINE/MIR	528	-	70	119421740	38673
chr12	119383067	119583067	harbor2	chr12	119428287	119428535	SINE/MIR	669	-	124	119428411	45344
chr12	119383067	119583067	harbor2	chr12	119461200	119461342	SINE/MIR	466	-	71	119461271	78204
chr12	119383067	119583067	harbor2	chr12	119480138	119480372	SINE/MIR	510	-	117	119480255	97188
chr12	96941451	97141451	harbor2	chr12	96942123	96942343	SINE/MIR	689	-	110	96942233	782
chr12	96941451	97141451	harbor2	chr12	96982821	96983034	SINE/MIR	489	-	106	96982927	41476
chr12	96941451	97141451	harbor2	chr12	97009349	97009524	SINE/MIR	466	-	88	97009437	67986
chr12	96941451	97141451	harbor2	chr12	97035597	97035778	SINE/MIR	468	-	90	97035687	94236
chr12	102960457	103160457	harbor2	chr12	103030554	103030741	SINE/MIR	545	-	94	103030648	70191
chr12	102960457	103160457	harbor2	chr12	103037527	103037713	SINE/MIR	569	-	93	103037620	77163
chr12	132986248	133186248	harbor2	chr12	133048351	133048601	SINE/MIR	878	-	125	133048476	62228
chr12	110694826	110894826	harbor2	chr12	110707946	110708087	SINE/MIR	485	-	70	110708016	13190
chr12	110694826	110894826	harbor2	chr12	110735266	110735437	SINE/MIR	496	-	86	110735352	40526
chr12	110694826	110894826	harbor2	chr12	110744633	110744852	SINE/MIR	739	-	110	110744743	49917
chr12	110694826	110894826	harbor2	chr12	110765900	110766034	SINE/MIR	467	-	67	110765967	71141
chr12	110694826	110894826	harbor2	chr12	110766416	110766619	SINE/MIR	655	-	102	110766518	71692
chr12	110694826	110894826	harbor2	chr12	110768904	110769107	SINE/MIR	732	-	102	110769006	74180
chr12	110694826	110894826	harbor2	chr12	110778136	110778302	SINE/MIR	527	-	83	110778219	83393
chr12	30723482	30923482	harbor2	chr12	30725715	30725912	SINE/MIR	453	-	98	30725813	2331
chr12	30723482	30923482	harbor2	chr12	30729936	30730191	SINE/MIR	887	-	128	30730064	6582
chr12	30723482	30923482	harbor2	chr12	30792269	30792499	SINE/MIR	713	-	115	30792384	68902
chr12	62775459	62975459	harbor2	chr12	62779508	62779747	SINE/MIR	786	-	120	62779628	4169
chr12	62775459	62975459	harbor2	chr12	62808139	62808361	SINE/MIR	524	-	111	62808250	32791
chr12	62775459	62975459	harbor2	chr12	62815618	62815853	SINE/MIR	838	-	118	62815736	40277
chr12	62775459	62975459	harbor2	chr12	62869339	62869526	SINE/MIR	559	-	94	62869433	93974
chr12	62775459	62975459	harbor2	chr12	62872912	62873165	SINE/MIR	515	-	126	62873038	97579
chr12	104756567	104956567	harbor2	chr12	104781915	104782139	SINE/MIR	719	-	112	104782027	25460
chr12	104756567	104956567	harbor2	chr12	104783795	104784020	SINE/MIR	832	-	112	104783907	27340
chr12	104756567	104956567	harbor2	chr12	104815994	104816150	SINE/MIR	759	-	78	104816072	59505
chr12	125555688	125755688	harbor2	chr12	125564999	125565216	SINE/MIR	513	-	108	125565107	9419
chr12	125555688	125755688	harbor2	chr12	125565971	125565996	SINE/MIR	468	-	12	125565983	10295
chr12	125555688	125755688	harbor2	chr12	125582709	125582864	SINE/MIR	461	-	78	125582787	27099
chr12	125555688	125755688	harbor2	chr12	125590720	125590960	SINE/MIR	628	-	120	125590840	35152
chr12	125555688	125755688	harbor2	chr12	125595465	125595537	SINE/MIR	847	-	36	125595501	39813
chr12	125555688	125755688	harbor2	chr12	125595613	125595797	SINE/MIR	847	-	92	125595705	40017
chr12	103903386	104103386	harbor2	chr12	103969103	103969338	SINE/MIR	833	-	118	103969221	65835
chr12	103903386	104103386	harbor2	chr12	103995898	103996081	SINE/MIR	680	-	92	103995990	92604
chr12	115262982	115462982	harbor2	chr12	115262888	115263060	SINE/MIR	497	-	86	115262974	8
chr12	115262982	115462982	harbor2	chr12	115268208	115268427	SINE/MIR	646	-	110	115268318	5336
chr12	115262982	115462982	harbor2	chr12	115274231	115274256	SINE/MIR	442	-	12	115274243	11261
chr12	115262982	115462982	harbor2	chr12	115274656	115274846	SINE/MIR	487	-	95	115274751	11769
chr12	115262982	115462982	harbor2	chr12	115295530	115295691	SINE/MIR	692	-	80	115295610	32628
chr12	115262982	115462982	harbor2	chr12	115309242	115309448	SINE/MIR	608	-	103	115309345	46363
chr12	115262982	115462982	harbor2	chr12	115313336	115313545	SINE/MIR	487	-	104	115313440	50458
chr12	115262982	115462982	harbor2	chr12	115326651	115326896	SINE/MIR	766	-	122	115326773	63791
chr12	115262982	115462982	harbor2	chr12	115345118	115345322	SINE/MIR	519	-	102	115345220	82238
chr12	131563802	131763802	harbor2	chr12	131563961	131564203	SINE/MIR	455	-	121	131564082	280
chr12	121765627	121965627	harbor2	chr12	121788054	121788209	SINE/MIR	710	-	78	121788132	22505
chr12	121765627	121965627	harbor2	chr12	121813865	121814089	SINE/MIR	493	-	112	121813977	48350
chr12	121765627	121965627	harbor2	chr12	121824072	121824254	SINE/MIR	794	-	91	121824163	58536
chr12	121765627	121965627	harbor2	chr12	121836622	121836831	SINE/MIR	686	-	104	121836726	71099
chr12	121765627	121965627	harbor2	chr12	121849335	121849536	SINE/MIR	720	-	100	121849435	83808
chr12	121765627	121965627	harbor2	chr12	121855173	121855380	SINE/MIR	667	-	104	121855277	89650
chr12	41281235	41481235	harbor2	chr12	41332856	41333109	SINE/MIR	656	-	126	41332982	51747
chr12	41281235	41481235	harbor2	chr12	41375430	41375568	SINE/MIR	571	-	69	41375499	94264
chr12	51845020	52045020	harbor2	chr12	51894765	51894931	SINE/MIR	638	-	83	51894848	49828
chr12	51845020	52045020	harbor2	chr12	51906146	51906397	SINE/MIR	500	-	126	51906272	61252
chr12	51845020	52045020	harbor2	chr12	51908473	51908662	SINE/MIR	449	-	94	51908567	63547
chr12	51845020	52045020	harbor2	chr12	51908663	51908890	SINE/MIR	615	-	114	51908777	63757
chr12	51845020	52045020	harbor2	chr12	51908891	51908960	SINE/MIR	449	-	34	51908925	63905
chr12	51845020	52045020	harbor2	chr12	51916475	51916571	SINE/MIR	502	-	48	51916523	71503
chr12	51845020	52045020	harbor2	chr12	51917092	51917237	SINE/MIR	502	-	72	51917164	72144
chr12	51845020	52045020	harbor2	chr12	51938299	51938444	SINE/MIR	588	-	72	51938371	93351
chr12	51845020	52045020	harbor2	chr12	51938484	51938698	SINE/MIR	756	-	107	51938591	93571
chr12	88930080	89130080	harbor2	chr12	88950427	88950649	SINE/MIR	617	-	111	88950538	20458
chr12	88930080	89130080	harbor2	chr12	88951295	88951505	SINE/MIR	515	-	105	88951400	21320
chr12	88930080	89130080	harbor2	chr12	88954888	88955072	SINE/MIR	760	-	92	88954980	24900
chr12	88930080	89130080	harbor2	chr12	89007116	89007306	SINE/MIR	552	-	95	89007211	77131
chr12	127874295	128074295	harbor2	chr12	127894920	127895125	SINE/MIR	606	-	102	127895022	20727
chr12	127874295	128074295	harbor2	chr12	127913566	127913692	SINE/MIR	475	-	63	127913629	39334
chr12	131382006	131582006	harbor2	chr12	131399446	131399679	SINE/MIR	735	-	116	131399562	17556
chr12	131382006	131582006	harbor2	chr12	131417251	131417478	SINE/MIR	513	-	114	131417365	35359
chr12	131382006	131582006	harbor2	chr12	131425421	131425630	SINE/MIR	483	-	104	131425525	43519
chr12	131382006	131582006	harbor2	chr12	131453476	131453705	SINE/MIR	619	-	114	131453590	71584
chr12	131382006	131582006	harbor2	chr12	131432348	131432477	SINE/MIR	503	-	64	131432412	50406
chr12	77381298	77581298	harbor2	chr12	77419171	77419405	SINE/MIR	602	-	117	77419288	37990
chr12	77381298	77581298	harbor2	chr12	77466945	77467186	SINE/MIR	646	-	120	77467065	85767
chr12	101943227	102143227	harbor2	chr12	101945171	101945282	SINE/MIR	452	-	56	101945227	2000
chr12	101943227	102143227	harbor2	chr12	101956648	101956839	SINE/MIR	479	-	96	101956744	13517
chr12	101943227	102143227	harbor2	chr12	101968564	101968733	SINE/MIR	495	-	84	101968648	25421
chr12	101943227	102143227	harbor2	chr12	101968845	101969038	SINE/MIR	551	-	96	101968941	25714
chr12	101943227	102143227	harbor2	chr12	102022366	102022556	SINE/MIR	687	-	95	102022461	79234
chr12	129899596	130099596	harbor2	chr12	129948565	129948789	SINE/MIR	664	-	112	129948677	49081
chr12	129899596	130099596	harbor2	chr12	129997847	129998031	SINE/MIR	500	-	92	129997939	98343
chr12	26512012	26712012	harbor2	chr12	26592921	26593153	SINE/MIR	788	-	116	26593037	81025
chr12	126304453	126504453	harbor2	chr12	126305285	126305519	SINE/MIR	663	-	117	126305402	949
chr12	126304453	126504453	harbor2	chr12	126368257	126368414	SINE/MIR	564	-	78	126368335	63882
chr12	126304453	126504453	harbor2	chr12	126370880	126371069	SINE/MIR	458	-	94	126370974	66521
chr12	126304453	126504453	harbor2	chr12	126392631	126392759	SINE/MIR	465	-	64	126392695	88242
chr12	101620465	101820465	harbor2	chr12	101637981	101638085	SINE/MIR	468	-	52	101638033	17568
chr12	101620465	101820465	harbor2	chr12	101671893	101672086	SINE/MIR	728	-	96	101671989	51524
chr12	101620465	101820465	harbor2	chr12	101672913	101673077	SINE/MIR	655	-	82	101672995	52530
chr12	101620465	101820465	harbor2	chr12	101701379	101701577	SINE/MIR	702	-	99	101701478	81013
chr12	101620465	101820465	harbor2	chr12	101704820	101705048	SINE/MIR	727	-	114	101704934	84469
chr12	101620465	101820465	harbor2	chr12	101705476	101705710	SINE/MIR	732	-	117	101705593	85128
chr12	101620465	101820465	harbor2	chr12	101715466	101715621	SINE/MIR	543	-	78	101715544	95079
chr12	127659911	127859911	harbor2	chr12	127741238	127741421	SINE/MIR	488	-	92	127741330	81419
chr12	108776157	108976157	harbor2	chr12	108821476	108821715	SINE/MIR	520	-	120	108821596	45439
chr12	121254299	121454299	harbor2	chr12	121343351	121343564	SINE/MIR	719	-	106	121343457	89158
chr12	121972637	122172637	harbor2	chr12	121974378	121974551	SINE/MIR	632	-	86	121974464	1827
chr12	121972637	122172637	harbor2	chr12	121994991	121995225	SINE/MIR	835	-	117	121995108	22471
chr12	121972637	122172637	harbor2	chr12	122016383	122016436	SINE/MIR	482	-	26	122016409	43772
chr12	121972637	122172637	harbor2	chr12	122016740	122016833	SINE/MIR	482	-	46	122016786	44149
chr12	121972637	122172637	harbor2	chr12	122031440	122031658	SINE/MIR	530	-	109	122031549	58912
chr12	121972637	122172637	harbor2	chr12	122040035	122040201	SINE/MIR	502	-	83	122040118	67481
chr12	118976237	119176237	harbor2	chr12	118977762	118977990	SINE/MIR	695	-	114	118977876	1639
chr12	118976237	119176237	harbor2	chr12	118978313	118978447	SINE/MIR	457	-	67	118978380	2143
chr12	118976237	119176237	harbor2	chr12	118990024	118990221	SINE/MIR	544	-	98	118990122	13885
chr12	118976237	119176237	harbor2	chr12	118995123	118995332	SINE/MIR	732	-	104	118995227	18990
chr12	118976237	119176237	harbor2	chr12	118996610	118996802	SINE/MIR	591	-	96	118996706	20469
chr12	118976237	119176237	harbor2	chr12	118997770	118997966	SINE/MIR	540	-	98	118997868	21631
chr12	118976237	119176237	harbor2	chr12	119002861	119003118	SINE/MIR	505	-	128	119002989	26752
chr12	118976237	119176237	harbor2	chr12	119007627	119007743	SINE/MIR	453	-	58	119007685	31448
chr12	118976237	119176237	harbor2	chr12	119027990	119028020	SINE/MIR	503	-	15	119028005	51768
chr12	118976237	119176237	harbor2	chr12	119028198	119028272	SINE/MIR	503	-	37	119028235	51998
chr12	118976237	119176237	harbor2	chr12	119028629	119028736	SINE/MIR	503	-	54	119028683	52446
chr12	118976237	119176237	harbor2	chr12	119041059	119041252	SINE/MIR	715	-	96	119041155	64918
chr12	118976237	119176237	harbor2	chr12	119042006	119042201	SINE/MIR	536	-	98	119042104	65867
chr12	118976237	119176237	harbor2	chr12	119054291	119054519	SINE/MIR	735	-	114	119054405	78168
chr12	118976237	119176237	harbor2	chr12	119064966	119065210	SINE/MIR	717	-	122	119065088	88851
chr12	22809745	23009745	harbor2	chr12	22837386	22837613	SINE/MIR	660	-	114	22837500	27755
chr12	131965157	132165157	harbor2	chr12	131984264	131984422	SINE/MIR	457	-	79	131984343	19186
chr12	97457389	97657389	harbor2	chr12	97469463	97469682	SINE/MIR	668	-	110	97469573	12184
chr12	97457389	97657389	harbor2	chr12	97485611	97485779	SINE/MIR	473	-	84	97485695	28306
chr12	97457389	97657389	harbor2	chr12	97489765	97489983	SINE/MIR	697	-	109	97489874	32485
chr12	97457389	97657389	harbor2	chr12	97543631	97543757	SINE/MIR	489	-	63	97543694	86305
chr13	107390325	107590325	harbor2	chr13	107428156	107428365	SINE/MIR	579	-	104	107428260	37935
chr13	107390325	107590325	harbor2	chr13	107447510	107447658	SINE/MIR	465	-	74	107447584	57259
chr13	107390325	107590325	harbor2	chr13	107449720	107449917	SINE/MIR	549	-	98	107449818	59493
chr13	70834930	71034930	harbor2	chr13	70918102	70918291	SINE/MIR	438	-	94	70918196	83266
chr13	95067801	95267801	harbor2	chr13	95084121	95084306	SINE/MIR	733	-	92	95084213	16412
chr13	95067801	95267801	harbor2	chr13	95085769	95085933	SINE/MIR	443	-	82	95085851	18050
chr13	95067801	95267801	harbor2	chr13	95101924	95102129	SINE/MIR	429	-	102	95102026	34225
chr13	95067801	95267801	harbor2	chr13	95148172	95148363	SINE/MIR	443	-	96	95148268	80467
chr13	95067801	95267801	harbor2	chr13	95159931	95160189	SINE/MIR	663	-	129	95160060	92259
chr13	63117841	63317841	harbor2	chr13	63173230	63173451	SINE/MIR	624	-	110	63173340	55499
chr13	75106175	75306175	harbor2	chr13	75129062	75129316	SINE/MIR	825	-	127	75129189	23014
chr13	75106175	75306175	harbor2	chr13	75200451	75200651	SINE/MIR	515	-	100	75200551	94376
chr13	108290102	108490102	harbor2	chr13	108303957	108304142	SINE/MIR	453	-	92	108304049	13947
chr13	108290102	108490102	harbor2	chr13	108324287	108324482	SINE/MIR	577	-	98	108324385	34283
chr13	108290102	108490102	harbor2	chr13	108366212	108366422	SINE/MIR	586	-	105	108366317	76215
chr13	40647677	40847677	harbor2	chr13	40680161	40680189	SINE/MIR	469	-	14	40680175	32498
chr13	40647677	40847677	harbor2	chr13	40680531	40680692	SINE/MIR	469	-	80	40680611	32934
chr13	40647677	40847677	harbor2	chr13	40746867	40746995	SINE/MIR	488	-	64	40746931	99254
chr13	57197435	57397435	harbor2	chr13	57253970	57254208	SINE/MIR	446	-	119	57254089	56654
chr13	57197435	57397435	harbor2	chr13	57283134	57283367	SINE/MIR	570	-	116	57283250	85815
chr13	57197435	57397435	harbor2	chr13	57296185	57296288	SINE/MIR	485	-	52	57296237	98802
chr13	57197435	57397435	harbor2	chr13	57296625	57296781	SINE/MIR	485	-	78	57296703	99268
chr13	84580156	84780156	harbor2	chr13	84672307	84672485	SINE/MIR	418	-	89	84672396	92240
chr13	80240365	80440365	harbor2	chr13	80245832	80245901	SINE/MIR	536	-	34	80245866	5501
chr13	80240365	80440365	harbor2	chr13	80246547	80246713	SINE/MIR	536	-	83	80246630	6265
chr13	80240365	80440365	harbor2	chr13	80280180	80280338	SINE/MIR	465	-	79	80280259	39894
chr13	80240365	80440365	harbor2	chr13	80311993	80312171	SINE/MIR	455	-	89	80312082	71717
chr13	80240365	80440365	harbor2	chr13	80313672	80313912	SINE/MIR	581	-	120	80313792	73427
chr13	80240365	80440365	harbor2	chr13	80326900	80327115	SINE/MIR	623	-	108	80327008	86643
chr13	111687787	111887787	harbor2	chr13	111759733	111759973	SINE/MIR	552	-	120	111759853	72066
chr13	18634038	18834038	harbor2	chr13	18693730	18693961	SINE/MIR	466	-	116	18693846	59808
chr13	18634038	18834038	harbor2	chr13	18695044	18695273	SINE/MIR	513	-	114	18695158	61120
chr13	18634038	18834038	harbor2	chr13	18708080	18708310	SINE/MIR	577	-	115	18708195	74157
chr13	111876994	112076994	harbor2	chr13	111927837	111928007	SINE/MIR	439	-	85	111927922	50928
chr13	111876994	112076994	harbor2	chr13	111962540	111962755	SINE/MIR	410	-	108	111962648	85654
chr13	103379104	103579104	harbor2	chr13	103405092	103405227	SINE/MIR	482	-	68	103405160	26056
chr13	91250147	91450147	harbor2	chr13	91276222	91276449	SINE/MIR	561	-	114	91276336	26189
chr13	99199216	99399216	harbor2	chr13	99211145	99211343	SINE/MIR	559	-	99	99211244	12028
chr13	99199216	99399216	harbor2	chr13	99211525	99211732	SINE/MIR	843	-	104	99211629	12413
chr13	99199216	99399216	harbor2	chr13	99234157	99234171	SINE/MIR	524	-	7	99234164	34948
chr13	99199216	99399216	harbor2	chr13	99234490	99234675	SINE/MIR	524	-	92	99234582	35366
chr13	67513368	67713368	harbor2	chr13	67548265	67548524	SINE/MIR	513	-	130	67548395	35027
chr13	106326599	106526599	harbor2	chr13	106326383	106326616	SINE/MIR	685	-	116	106326499	100
chr13	106326599	106526599	harbor2	chr13	106339274	106339489	SINE/MIR	515	-	108	106339382	12783
chr13	106326599	106526599	harbor2	chr13	106343280	106343437	SINE/MIR	458	-	78	106343358	16759
chr13	106326599	106526599	harbor2	chr13	106377948	106378130	SINE/MIR	636	-	91	106378039	51440
chr13	103262370	103462370	harbor2	chr13	103336476	103336672	SINE/MIR	446	-	98	103336574	74204
chr13	103262370	103462370	harbor2	chr13	103353433	103353645	SINE/MIR	496	-	106	103353539	91169
chr13	23528885	23728885	harbor2	chr13	23573016	23573185	SINE/MIR	406	-	84	23573100	44215
chr13	23528885	23728885	harbor2	chr13	23577007	23577199	SINE/MIR	626	-	96	23577103	48218
chr13	23528885	23728885	harbor2	chr13	23588065	23588265	SINE/MIR	700	-	100	23588165	59280
chr13	23528885	23728885	harbor2	chr13	23608362	23608520	SINE/MIR	476	-	79	23608441	79556
chr13	23528885	23728885	harbor2	chr13	23613253	23613418	SINE/MIR	691	-	82	23613335	84450
chr13	23528885	23728885	harbor2	chr13	23620878	23621046	SINE/MIR	411	-	84	23620962	92077
chr13	78445507	78645507	harbor2	chr13	78493892	78494085	SINE/MIR	513	-	96	78493988	48481
chr13	78445507	78645507	harbor2	chr13	78511246	78511429	SINE/MIR	443	-	92	78511338	65831
chr13	78445507	78645507	harbor2	chr13	78532879	78533010	SINE/MIR	398	-	66	78532945	87438
chr13	78445507	78645507	harbor2	chr13	78539321	78539546	SINE/MIR	511	-	112	78539433	93926
chr13	78445507	78645507	harbor2	chr13	78542885	78543084	SINE/MIR	461	-	100	78542985	97478
chr13	92841594	93041594	harbor2	chr13	92868914	92869089	SINE/MIR	477	-	88	92869002	27408
chr13	92841594	93041594	harbor2	chr13	92886037	92886262	SINE/MIR	490	-	112	92886149	44555
chr13	113889243	114089243	harbor2	chr13	113904582	113904712	SINE/MIR	404	-	65	113904647	15404
chr13	38974059	39174059	harbor2	chr13	39016241	39016451	SINE/MIR	621	-	105	39016346	42287
chr13	38974059	39174059	harbor2	chr13	39068567	39068798	SINE/MIR	671	-	116	39068683	94624
chr13	38974059	39174059	harbor2	chr13	39069103	39069350	SINE/MIR	647	-	124	39069227	95168
chr13	53426796	53626796	harbor2	chr13	53458386	53458607	SINE/MIR	670	-	110	53458496	31700
chr13	53426796	53626796	harbor2	chr13	53478913	53479155	SINE/MIR	760	-	121	53479034	52238
chr13	53426796	53626796	harbor2	chr13	53491907	53492135	SINE/MIR	713	-	114	53492021	65225
chr13	53426796	53626796	harbor2	chr13	53510231	53510413	SINE/MIR	540	-	91	53510322	83526
chr13	53426796	53626796	harbor2	chr13	53520581	53520741	SINE/MIR	458	-	80	53520661	93865
chr13	53426796	53626796	harbor2	chr13	53520754	53520997	SINE/MIR	504	-	122	53520876	94080
chr13	69458195	69658195	harbor2	chr13	69506085	69506343	SINE/MIR	455	-	129	69506214	48019
chr13	80823054	81023054	harbor2	chr13	80894133	80894362	SINE/MIR	579	-	114	80894247	71193
chr13	73842251	74042251	harbor2	chr13	73843262	73843306	SINE/MIR	567	-	22	73843284	1033
chr13	73842251	74042251	harbor2	chr13	73843607	73843786	SINE/MIR	567	-	90	73843697	1446
chr13	73842251	74042251	harbor2	chr13	73862269	73862486	SINE/MIR	469	-	108	73862377	20126
chr13	73842251	74042251	harbor2	chr13	73902349	73902570	SINE/MIR	416	-	110	73902459	60208
chr13	73842251	74042251	harbor2	chr13	73929280	73929464	SINE/MIR	669	-	92	73929372	87121
chr13	80150814	80350814	harbor2	chr13	80219075	80219282	SINE/MIR	634	-	104	80219179	68365
chr13	80150814	80350814	harbor2	chr13	80245832	80245901	SINE/MIR	536	-	34	80245866	95052
chr13	80150814	80350814	harbor2	chr13	80246547	80246713	SINE/MIR	536	-	83	80246630	95816
chr14	98937710	99137710	harbor2	chr14	98938675	98938909	SINE/MIR	525	-	117	98938792	1082
chr14	98937710	99137710	harbor2	chr14	98953340	98953488	SINE/MIR	417	-	74	98953414	15704
chr14	98937710	99137710	harbor2	chr14	98954056	98954190	SINE/MIR	450	-	67	98954123	16413
chr14	98937710	99137710	harbor2	chr14	98954219	98954403	SINE/MIR	527	-	92	98954311	16601
chr14	98937710	99137710	harbor2	chr14	98958904	98959095	SINE/MIR	649	-	96	98959000	21290
chr14	98937710	99137710	harbor2	chr14	98967779	98967975	SINE/MIR	628	-	98	98967877	30167
chr14	98937710	99137710	harbor2	chr14	98971140	98971372	SINE/MIR	515	-	116	98971256	33546
chr14	98937710	99137710	harbor2	chr14	98984434	98984686	SINE/MIR	421	-	126	98984560	46850
chr14	98937710	99137710	harbor2	chr14	99008857	99009020	SINE/MIR	581	-	82	99008939	71229
chr14	98937710	99137710	harbor2	chr14	99031969	99032104	SINE/MIR	630	-	68	99032037	94327
chr14	98937710	99137710	harbor2	chr14	99032458	99032518	SINE/MIR	630	-	30	99032488	94778
chr14	104156563	104356563	harbor2	chr14	104228613	104228791	SINE/MIR	536	-	89	104228702	72139
chr14	53498927	53698927	harbor2	chr14	53505241	53505406	SINE/MIR	575	-	82	53505323	6396
chr14	53498927	53698927	harbor2	chr14	53506124	53506335	SINE/MIR	634	-	106	53506230	7303
chr14	53498927	53698927	harbor2	chr14	53516373	53516612	SINE/MIR	825	-	120	53516493	17566
chr14	53498927	53698927	harbor2	chr14	53516963	53517203	SINE/MIR	520	-	120	53517083	18156
chr14	53498927	53698927	harbor2	chr14	53518789	53518962	SINE/MIR	672	-	86	53518875	19948
chr14	53498927	53698927	harbor2	chr14	53537027	53537247	SINE/MIR	635	-	110	53537137	38210
chr14	53498927	53698927	harbor2	chr14	53546679	53546908	SINE/MIR	632	-	114	53546793	47866
chr14	53498927	53698927	harbor2	chr14	53572709	53572868	SINE/MIR	636	-	80	53572789	73862
chr14	53498927	53698927	harbor2	chr14	53593082	53593198	SINE/MIR	440	-	58	53593140	94213
chr14	51413534	51613534	harbor2	chr14	51427511	51427668	SINE/MIR	448	-	78	51427589	14055
chr14	51413534	51613534	harbor2	chr14	51440732	51440906	SINE/MIR	574	-	87	51440819	27285
chr14	51413534	51613534	harbor2	chr14	51445867	51446110	SINE/MIR	529	-	122	51445989	32455
chr14	51413534	51613534	harbor2	chr14	51473983	51474157	SINE/MIR	542	-	87	51474070	60536
chr14	51413534	51613534	harbor2	chr14	51483849	51484030	SINE/MIR	605	-	90	51483939	70405
chr14	51413534	51613534	harbor2	chr14	51491495	51491734	SINE/MIR	582	-	120	51491615	78081
chr14	51413534	51613534	harbor2	chr14	51499412	51499640	SINE/MIR	686	-	114	51499526	85992
chr14	51413534	51613534	harbor2	chr14	51510151	51510364	SINE/MIR	470	-	106	51510257	96723
chr14	104995483	105195483	harbor2	chr14	105043321	105043477	SINE/MIR	592	-	78	105043399	47916
chr14	96926824	97126824	harbor2	chr14	96941684	96941827	SINE/MIR	573	-	72	96941756	14932
chr14	96926824	97126824	harbor2	chr14	96942808	96943038	SINE/MIR	837	-	115	96942923	16099
chr14	96926824	97126824	harbor2	chr14	96973509	96973626	SINE/MIR	424	-	58	96973567	46743
chr14	96926824	97126824	harbor2	chr14	96974818	96975056	SINE/MIR	527	-	119	96974937	48113
chr14	96926824	97126824	harbor2	chr14	96977084	96977342	SINE/MIR	703	-	129	96977213	50389
chr14	96926824	97126824	harbor2	chr14	96992609	96992761	SINE/MIR	544	-	76	96992685	65861
chr14	96926824	97126824	harbor2	chr14	97008512	97008663	SINE/MIR	446	-	76	97008588	81764
chr14	99071730	99271730	harbor2	chr14	99078900	99079068	SINE/MIR	466	-	84	99078984	7254
chr14	99071730	99271730	harbor2	chr14	99118742	99118865	SINE/MIR	615	-	62	99118804	47074
chr14	99071730	99271730	harbor2	chr14	99124275	99124444	SINE/MIR	473	-	84	99124359	52629
chr14	99071730	99271730	harbor2	chr14	99125734	99125935	SINE/MIR	508	-	100	99125834	54104
chr14	99071730	99271730	harbor2	chr14	99127292	99127549	SINE/MIR	622	-	128	99127420	55690
chr14	99071730	99271730	harbor2	chr14	99145934	99146069	SINE/MIR	463	-	68	99146002	74272
chr14	99071730	99271730	harbor2	chr14	99148629	99148833	SINE/MIR	623	-	102	99148731	77001
chr14	99071730	99271730	harbor2	chr14	99158391	99158564	SINE/MIR	678	-	86	99158477	86747
chr14	99071730	99271730	harbor2	chr14	99160563	99160773	SINE/MIR	626	-	105	99160668	88938
chr14	99071730	99271730	harbor2	chr14	99162667	99162888	SINE/MIR	775	-	110	99162777	91047
chr14	106462739	106662739	harbor2	chr14	106484759	106484917	SINE/MIR	445	-	79	106484838	22099
chr14	97477268	97677268	harbor2	chr14	97478242	97478457	SINE/MIR	465	-	108	97478350	1082
chr14	97477268	97677268	harbor2	chr14	97480677	97480902	SINE/MIR	700	-	112	97480789	3521
chr14	97477268	97677268	harbor2	chr14	97558088	97558282	SINE/MIR	511	-	97	97558185	80917
chr14	97477268	97677268	harbor2	chr14	97566428	97566675	SINE/MIR	652	-	124	97566552	89284
chr14	97477268	97677268	harbor2	chr14	97576068	97576224	SINE/MIR	445	-	78	97576146	98878
chr14	97477268	97677268	harbor2	chr14	97484735	97484919	SINE/MIR	685	-	92	97484827	7559
chr14	100190946	100390946	harbor2	chr14	100219231	100219402	SINE/MIR	482	-	86	100219317	28371
chr14	100190946	100390946	harbor2	chr14	100229770	100229960	SINE/MIR	428	-	95	100229865	38919
chr14	100190946	100390946	harbor2	chr14	100231393	100231531	SINE/MIR	449	-	69	100231462	40516
chr14	77320508	77520508	harbor2	chr14	77325434	77325719	SINE/MIR	909	-	142	77325576	5068
chr14	77320508	77520508	harbor2	chr14	77366672	77366936	SINE/MIR	418	-	132	77366804	46296
chr14	77320508	77520508	harbor2	chr14	77375825	77376007	SINE/MIR	441	-	91	77375916	55408
chr14	77320508	77520508	harbor2	chr14	77408561	77408711	SINE/MIR	462	-	75	77408636	88128
chr14	31214421	31414421	harbor2	chr14	31221024	31221070	SINE/MIR	603	-	23	31221047	6626
chr14	31214421	31414421	harbor2	chr14	31221369	31221531	SINE/MIR	603	-	81	31221450	7029
chr14	31214421	31414421	harbor2	chr14	31297710	31297897	SINE/MIR	653	-	94	31297804	83383
chr14	102379944	102579944	harbor2	chr14	102421680	102421907	SINE/MIR	501	-	114	102421794	41850
chr14	102379944	102579944	harbor2	chr14	102436030	102436247	SINE/MIR	660	-	108	102436138	56194
chr14	102379944	102579944	harbor2	chr14	102472962	102473166	SINE/MIR	474	-	102	102473064	93120
chr14	32485606	32685606	harbor2	chr14	32542009	32542227	SINE/MIR	722	-	109	32542118	56512
chr14	32485606	32685606	harbor2	chr14	32548052	32548093	SINE/MIR	442	-	20	32548072	62466
chr14	32485606	32685606	harbor2	chr14	32548402	32548529	SINE/MIR	442	-	64	32548466	62860
chr14	32485606	32685606	harbor2	chr14	32548589	32548628	SINE/MIR	442	-	20	32548609	63003
chr14	32485606	32685606	harbor2	chr14	32549623	32549809	SINE/MIR	608	-	93	32549716	64110
chr14	32485606	32685606	harbor2	chr14	32554352	32554533	SINE/MIR	479	-	90	32554442	68836
chr14	97118492	97318492	harbor2	chr14	97139435	97139620	SINE/MIR	618	-	92	97139527	21035
chr14	97118492	97318492	harbor2	chr14	97142089	97142324	SINE/MIR	838	-	118	97142207	23715
chr14	97118492	97318492	harbor2	chr14	97205316	97205493	SINE/MIR	425	-	88	97205404	86912
chr14	105859062	106059062	harbor2	chr14	105924811	105925037	SINE/MIR	429	-	113	105924924	65862
chr14	88698893	88898893	harbor2	chr14	88698817	88699019	SINE/MIR	715	-	101	88698918	25
chr14	88698893	88898893	harbor2	chr14	88703942	88704044	SINE/MIR	737	-	51	88703993	5100
chr14	88698893	88898893	harbor2	chr14	88704477	88704552	SINE/MIR	737	-	38	88704515	5622
chr14	88698893	88898893	harbor2	chr14	88743454	88743666	SINE/MIR	537	-	106	88743560	44667
chr14	88389482	88589482	harbor2	chr14	88488888	88489096	SINE/MIR	620	-	104	88488992	99510
chr14	75249928	75449928	harbor2	chr14	75250877	75251123	SINE/MIR	756	-	123	75251000	1072
chr14	75249928	75449928	harbor2	chr14	75290636	75290838	SINE/MIR	833	-	101	75290737	40809
chr14	75249928	75449928	harbor2	chr14	75293273	75293331	SINE/MIR	605	-	29	75293302	43374
chr14	75249928	75449928	harbor2	chr14	75293372	75293546	SINE/MIR	605	-	87	75293459	43531
chr14	75249928	75449928	harbor2	chr14	75313219	75313348	SINE/MIR	442	-	64	75313283	63355
chr14	75249928	75449928	harbor2	chr14	75314073	75314305	SINE/MIR	936	-	116	75314189	64261
chr14	75249928	75449928	harbor2	chr14	75318905	75319082	SINE/MIR	491	-	88	75318993	69065
chr14	75249928	75449928	harbor2	chr14	75338833	75339024	SINE/MIR	601	-	96	75338929	89001
chr14	75697845	75897845	harbor2	chr14	75725470	75725619	SINE/MIR	515	-	74	75725544	27699
chr14	75697845	75897845	harbor2	chr14	75766418	75766588	SINE/MIR	490	-	85	75766503	68658
chr14	75697845	75897845	harbor2	chr14	75772126	75772348	SINE/MIR	456	-	111	75772237	74392
chr14	75697845	75897845	harbor2	chr14	75779943	75780177	SINE/MIR	496	-	117	75780060	82215
chr14	99644325	99844325	harbor2	chr14	99648242	99648479	SINE/MIR	622	-	118	99648360	4035
chr14	99644325	99844325	harbor2	chr14	99653087	99653314	SINE/MIR	710	-	114	99653201	8876
chr14	99644325	99844325	harbor2	chr14	99668389	99668515	SINE/MIR	461	-	63	99668452	24127
chr14	99644325	99844325	harbor2	chr14	99678942	99679161	SINE/MIR	471	-	110	99679052	34727
chr14	99644325	99844325	harbor2	chr14	99684769	99684919	SINE/MIR	593	-	75	99684844	40519
chr14	99644325	99844325	harbor2	chr14	99691461	99691660	SINE/MIR	416	-	100	99691561	47236
chr14	99644325	99844325	harbor2	chr14	99698544	99698797	SINE/MIR	727	-	126	99698670	54345
chr14	99644325	99844325	harbor2	chr14	99722248	99722420	SINE/MIR	462	-	86	99722334	78009
chr14	99644325	99844325	harbor2	chr14	99740175	99740288	SINE/MIR	431	-	56	99740231	95906
chr14	85715869	85915869	harbor2	chr14	85763712	85763950	SINE/MIR	535	-	119	85763831	47962
chr14	85715869	85915869	harbor2	chr14	85787638	85787867	SINE/MIR	424	-	114	85787752	71883
chr14	91579399	91779399	harbor2	chr14	91579972	91580115	SINE/MIR	449	-	72	91580044	645
chr14	91579399	91779399	harbor2	chr14	91614143	91614335	SINE/MIR	674	-	96	91614239	34840
chr14	84307883	84507883	harbor2	chr14	84376897	84377122	SINE/MIR	480	-	112	84377009	69126
chr14	81685860	81885860	harbor2	chr14	81713686	81713823	SINE/MIR	501	-	68	81713754	27894
chr14	81685860	81885860	harbor2	chr14	81713840	81714086	SINE/MIR	799	-	123	81713963	28103
chr14	81685860	81885860	harbor2	chr14	81715820	81715958	SINE/MIR	435	-	69	81715889	30029
chr14	81685860	81885860	harbor2	chr14	81729186	81729345	SINE/MIR	436	-	80	81729266	43406
chr14	81685860	81885860	harbor2	chr14	81736516	81736731	SINE/MIR	511	-	108	81736624	50764
chr14	81685860	81885860	harbor2	chr14	81738800	81738964	SINE/MIR	469	-	82	81738882	53022
chr14	81685860	81885860	harbor2	chr14	81746236	81746407	SINE/MIR	535	-	86	81746322	60462
chr14	81685860	81885860	harbor2	chr14	81757049	81757157	SINE/MIR	441	-	54	81757103	71243
chr14	81685860	81885860	harbor2	chr14	81757527	81757636	SINE/MIR	441	-	54	81757581	71721
chr14	81685860	81885860	harbor2	chr14	81763430	81763626	SINE/MIR	432	-	98	81763528	77668
chr14	81685860	81885860	harbor2	chr14	81764798	81764992	SINE/MIR	454	-	97	81764895	79035
chr14	81685860	81885860	harbor2	chr14	81766044	81766252	SINE/MIR	524	-	104	81766148	80288
chr14	81685860	81885860	harbor2	chr14	81772906	81773169	SINE/MIR	860	-	132	81773038	87178
chr14	81685860	81885860	harbor2	chr14	81779625	81779857	SINE/MIR	551	-	116	81779741	93881
chr14	65125635	65325635	harbor2	chr14	65132194	65132243	SINE/MIR	708	-	24	65132218	6583
chr14	65125635	65325635	harbor2	chr14	65132555	65132728	SINE/MIR	708	-	86	65132641	7006
chr14	65125635	65325635	harbor2	chr14	65145928	65146137	SINE/MIR	817	-	104	65146032	20397
chr14	65125635	65325635	harbor2	chr14	65152314	65152378	SINE/MIR	763	-	32	65152346	26711
chr14	65125635	65325635	harbor2	chr14	65152683	65152855	SINE/MIR	763	-	86	65152769	27134
chr14	65125635	65325635	harbor2	chr14	65156082	65156317	SINE/MIR	895	-	118	65156200	30565
chr14	65125635	65325635	harbor2	chr14	65168279	65168364	SINE/MIR	446	-	42	65168321	42686
chr14	65125635	65325635	harbor2	chr14	65181494	65181697	SINE/MIR	637	-	102	65181596	55961
chr14	65125635	65325635	harbor2	chr14	65181851	65182091	SINE/MIR	626	-	120	65181971	56336
chr14	65125635	65325635	harbor2	chr14	65186421	65186591	SINE/MIR	558	-	85	65186506	60871
chr14	65125635	65325635	harbor2	chr14	65189653	65189809	SINE/MIR	604	-	78	65189731	64096
chr14	65125635	65325635	harbor2	chr14	65200431	65200684	SINE/MIR	854	-	126	65200557	74922
chr14	65125635	65325635	harbor2	chr14	65206687	65206928	SINE/MIR	679	-	120	65206807	81172
chr14	67474324	67674324	harbor2	chr14	67482909	67483000	SINE/MIR	538	-	46	67482955	8631
chr14	67474324	67674324	harbor2	chr14	67483311	67483406	SINE/MIR	538	-	48	67483359	9035
chr14	67474324	67674324	harbor2	chr14	67494353	67494457	SINE/MIR	458	-	52	67494405	20081
chr14	67474324	67674324	harbor2	chr14	67517716	67517905	SINE/MIR	587	-	94	67517810	43486
chr14	67474324	67674324	harbor2	chr14	67530188	67530424	SINE/MIR	581	-	118	67530306	55982
chr14	67474324	67674324	harbor2	chr14	67535927	67536081	SINE/MIR	470	-	77	67536004	61680
chr14	67474324	67674324	harbor2	chr14	67551350	67551586	SINE/MIR	600	-	118	67551468	77144
chr14	67474324	67674324	harbor2	chr14	67568865	67569072	SINE/MIR	671	-	104	67568969	94645
chr14	67474324	67674324	harbor2	chr14	67572596	67572721	SINE/MIR	479	-	62	67572658	98334
chr14	76704239	76904239	harbor2	chr14	76727380	76727618	SINE/MIR	728	-	119	76727499	23260
chr14	76704239	76904239	harbor2	chr14	76763504	76763679	SINE/MIR	674	-	88	76763592	59353
chr14	56366193	56566193	harbor2	chr14	56399629	56399807	SINE/MIR	453	-	89	56399718	33525
chr14	56366193	56566193	harbor2	chr14	56424553	56424787	SINE/MIR	444	-	117	56424670	58477
chr14	56366193	56566193	harbor2	chr14	56454411	56454499	SINE/MIR	461	-	44	56454455	88262
chr14	93021646	93221646	harbor2	chr14	93027356	93027563	SINE/MIR	682	-	104	93027460	5814
chr14	93021646	93221646	harbor2	chr14	93065404	93065656	SINE/MIR	463	-	126	93065530	43884
chr14	93021646	93221646	harbor2	chr14	93073089	93073247	SINE/MIR	589	-	79	93073168	51522
chr14	93021646	93221646	harbor2	chr14	93109984	93110158	SINE/MIR	520	-	87	93110071	88425
chr14	37948693	38148693	harbor2	chr14	37987731	37987986	SINE/MIR	792	-	128	37987859	39166
chr14	37948693	38148693	harbor2	chr14	38004484	38004642	SINE/MIR	599	-	79	38004563	55870
chr14	37948693	38148693	harbor2	chr14	38043131	38043308	SINE/MIR	427	-	88	38043219	94526
chr14	37948693	38148693	harbor2	chr14	38047240	38047449	SINE/MIR	604	-	104	38047344	98651
chr14	39445548	39645548	harbor2	chr14	39449007	39449267	SINE/MIR	728	-	130	39449137	3589
chr14	39445548	39645548	harbor2	chr14	39494718	39494994	SINE/MIR	508	-	138	39494856	49308
chr14	28573598	28773598	harbor2	chr14	28617810	28617962	SINE/MIR	433	-	76	28617886	44288
chr14	88008196	88208196	harbor2	chr14	88049160	88049306	SINE/MIR	454	-	73	88049233	41037
chr14	88008196	88208196	harbor2	chr14	88049977	88050174	SINE/MIR	688	-	98	88050075	41879
chr14	88008196	88208196	harbor2	chr14	88080508	88080738	SINE/MIR	544	-	115	88080623	72427
chr14	88008196	88208196	harbor2	chr14	88085031	88085286	SINE/MIR	763	-	128	88085159	76963
chr14	88008196	88208196	harbor2	chr14	88085363	88085473	SINE/MIR	517	-	55	88085418	77222
chr14	88008196	88208196	harbor2	chr14	88090471	88090650	SINE/MIR	511	-	90	88090561	82365
chr14	88008196	88208196	harbor2	chr14	88093575	88093728	SINE/MIR	536	-	76	88093651	85455
chr14	103938626	104138626	harbor2	chr14	103999711	103999970	SINE/MIR	704	-	130	103999841	61215
chr14	95402955	95602955	harbor2	chr14	95422334	95422486	SINE/MIR	436	-	76	95422410	19455
chr14	95402955	95602955	harbor2	chr14	95430463	95430541	SINE/MIR	420	-	39	95430502	27547
chr14	95402955	95602955	harbor2	chr14	95430840	95430983	SINE/MIR	420	-	72	95430912	27957
chr14	95402955	95602955	harbor2	chr14	95454381	95454512	SINE/MIR	433	-	66	95454447	51492
chr14	95402955	95602955	harbor2	chr14	95457690	95457931	SINE/MIR	773	-	120	95457810	54855
chr14	95402955	95602955	harbor2	chr14	95467202	95467413	SINE/MIR	623	-	106	95467308	64353
chr14	95402955	95602955	harbor2	chr14	95474894	95475073	SINE/MIR	563	-	90	95474984	72029
chr14	95402955	95602955	harbor2	chr14	95482726	95482982	SINE/MIR	513	-	128	95482854	79899
chr14	95402955	95602955	harbor2	chr14	95490435	95490591	SINE/MIR	455	-	78	95490513	87558
chr14	95402955	95602955	harbor2	chr14	95493235	95493501	SINE/MIR	637	-	133	95493368	90413
chr14	85978590	86178590	harbor2	chr14	86005524	86005731	SINE/MIR	609	-	104	86005628	27038
chr14	96131970	96331970	harbor2	chr14	96150151	96150353	SINE/MIR	557	-	101	96150252	18282
chr14	96131970	96331970	harbor2	chr14	96161478	96161692	SINE/MIR	628	-	107	96161585	29615
chr14	96131970	96331970	harbor2	chr14	96177370	96177626	SINE/MIR	631	-	128	96177498	45528
chr14	96131970	96331970	harbor2	chr14	96227232	96227439	SINE/MIR	735	-	104	96227336	95366
chr14	84321665	84521665	harbor2	chr14	84376897	84377122	SINE/MIR	480	-	112	84377009	55344
chr14	41464122	41664122	harbor2	chr14	41489208	41489334	SINE/MIR	432	-	63	41489271	25149
chr14	41464122	41664122	harbor2	chr14	41557295	41557519	SINE/MIR	564	-	112	41557407	93285
chr14	89180055	89380055	harbor2	chr14	89252036	89252219	SINE/MIR	473	-	92	89252128	72073
chr14	89180055	89380055	harbor2	chr14	89270410	89270661	SINE/MIR	641	-	126	89270536	90481
chr14	56358541	56558541	harbor2	chr14	56399629	56399807	SINE/MIR	453	-	89	56399718	41177
chr14	56358541	56558541	harbor2	chr14	56424553	56424787	SINE/MIR	444	-	117	56424670	66129
chr14	56358541	56558541	harbor2	chr14	56454411	56454499	SINE/MIR	461	-	44	56454455	95914
chr14	72897480	73097480	harbor2	chr14	72918102	72918379	SINE/MIR	456	-	138	72918240	20760
chr14	72897480	73097480	harbor2	chr14	72942174	72942400	SINE/MIR	459	-	113	72942287	44807
chr14	72897480	73097480	harbor2	chr14	72965650	72965812	SINE/MIR	457	-	81	72965731	68251
chr14	57400611	57600611	harbor2	chr14	57465359	57465566	SINE/MIR	756	-	104	57465463	64852
chr14	57400611	57600611	harbor2	chr14	57486232	57486431	SINE/MIR	491	-	100	57486332	85721
chr14	103548913	103748913	harbor2	chr14	103574878	103575060	SINE/MIR	475	-	91	103574969	26056
chr14	103053313	103253313	harbor2	chr14	103101366	103101535	SINE/MIR	497	-	84	103101450	48137
chr14	103053313	103253313	harbor2	chr14	103106042	103106252	SINE/MIR	433	-	105	103106147	52834
chr14	61182987	61382987	harbor2	chr14	61201182	61201379	SINE/MIR	695	-	98	61201280	18293
chr14	61182987	61382987	harbor2	chr14	61204211	61204397	SINE/MIR	586	-	93	61204304	21317
chr14	61182987	61382987	harbor2	chr14	61207623	61207867	SINE/MIR	571	-	122	61207745	24758
chr14	61182987	61382987	harbor2	chr14	61263427	61263592	SINE/MIR	525	-	82	61263509	80522
chr14	80194044	80394044	harbor2	chr14	80224054	80224219	SINE/MIR	568	-	82	80224136	30092
chr14	94284035	94484035	harbor2	chr14	94331966	94332122	SINE/MIR	422	-	78	94332044	48009
chr14	94284035	94484035	harbor2	chr14	94349177	94349302	SINE/MIR	444	-	62	94349239	65204
chr14	94284035	94484035	harbor2	chr14	94352977	94353158	SINE/MIR	586	-	90	94353067	69032
chr14	94284035	94484035	harbor2	chr14	94365444	94365655	SINE/MIR	493	-	106	94365550	81515
chr14	94284035	94484035	harbor2	chr14	94366871	94367097	SINE/MIR	717	-	113	94366984	82949
chr14	94284035	94484035	harbor2	chr14	94367901	94368036	SINE/MIR	420	-	68	94367969	83934
chr14	94284035	94484035	harbor2	chr14	94376774	94376951	SINE/MIR	496	-	88	94376862	92827
chr14	94284035	94484035	harbor2	chr14	94382022	94382225	SINE/MIR	415	-	102	94382124	98089
chr14	94284035	94484035	harbor2	chr14	94383393	94383601	SINE/MIR	762	-	104	94383497	99462
chr14	104309027	104509027	harbor2	chr14	104363706	104363924	SINE/MIR	451	-	109	104363815	54788
chr14	25316696	25516696	harbor2	chr14	25372616	25372869	SINE/MIR	860	-	126	25372742	56046
chr14	25316696	25516696	harbor2	chr14	25411459	25411646	SINE/MIR	462	-	94	25411553	94857
chr14	61605186	61805186	harbor2	chr14	61632003	61632201	SINE/MIR	546	-	99	61632102	26916
chr14	61605186	61805186	harbor2	chr14	61693751	61693975	SINE/MIR	748	-	112	61693863	88677
chr14	91308738	91508738	harbor2	chr14	91308723	91308842	SINE/MIR	536	-	60	91308783	45
chr14	91308738	91508738	harbor2	chr14	91323289	91323525	SINE/MIR	729	-	118	91323407	14669
chr14	91308738	91508738	harbor2	chr14	91386943	91387098	SINE/MIR	427	-	78	91387021	78283
chr14	29824980	30024980	harbor2	chr14	29831092	29831271	SINE/MIR	632	-	90	29831182	6202
chr14	29824980	30024980	harbor2	chr14	29834686	29834934	SINE/MIR	591	-	124	29834810	9830
chr14	29824980	30024980	harbor2	chr14	29899741	29899785	SINE/MIR	521	-	22	29899763	74783
chr14	29824980	30024980	harbor2	chr14	29900154	29900337	SINE/MIR	521	-	92	29900246	75266
chr14	65548062	65748062	harbor2	chr14	65563270	65563500	SINE/MIR	688	-	115	65563385	15323
chr14	65548062	65748062	harbor2	chr14	65572281	65572515	SINE/MIR	701	-	117	65572398	24336
chr14	65548062	65748062	harbor2	chr14	65597059	65597221	SINE/MIR	556	-	81	65597140	49078
chr14	27997397	28197397	harbor2	chr14	28025805	28026017	SINE/MIR	688	-	106	28025911	28514
chr14	27997397	28197397	harbor2	chr14	28026268	28026481	SINE/MIR	494	-	106	28026374	28977
chr14	89826324	90026324	harbor2	chr14	89848131	89848284	SINE/MIR	459	-	76	89848207	21883
chr14	89826324	90026324	harbor2	chr14	89853375	89853618	SINE/MIR	890	-	122	89853497	27173
chr14	89826324	90026324	harbor2	chr14	89908210	89908373	SINE/MIR	632	-	82	89908292	81968
chr14	89826324	90026324	harbor2	chr14	89911860	89912079	SINE/MIR	595	-	110	89911970	85646
chr14	89826324	90026324	harbor2	chr14	89914378	89914502	SINE/MIR	448	-	62	89914440	88116
chr14	89826324	90026324	harbor2	chr14	89914804	89914885	SINE/MIR	448	-	40	89914844	88520
chr14	99231684	99431684	harbor2	chr14	99256349	99256518	SINE/MIR	436	-	84	99256433	24749
chr14	99231684	99431684	harbor2	chr14	99310147	99310372	SINE/MIR	509	-	112	99310259	78575
chr14	80117377	80317377	harbor2	chr14	80143131	80143307	SINE/MIR	422	-	88	80143219	25842
chr14	80117377	80317377	harbor2	chr14	80143410	80143607	SINE/MIR	453	-	98	80143508	26131
chr14	80117377	80317377	harbor2	chr14	80177901	80178075	SINE/MIR	487	-	87	80177988	60611
chr14	93352361	93552361	harbor2	chr14	93382660	93382767	SINE/MIR	558	-	54	93382714	30353
chr14	93352361	93552361	harbor2	chr14	93399563	93399686	SINE/MIR	452	-	62	93399625	47264
chr14	93352361	93552361	harbor2	chr14	93428714	93428930	SINE/MIR	791	-	108	93428822	76461
chr14	93352361	93552361	harbor2	chr14	93429801	93429995	SINE/MIR	575	-	97	93429898	77537
chr14	84529393	84729393	harbor2	chr14	84534238	84534477	SINE/MIR	451	-	120	84534358	4965
chr14	84529393	84729393	harbor2	chr14	84537820	84538017	SINE/MIR	686	-	98	84537918	8525
chr14	105855004	106055004	harbor2	chr14	105924811	105925037	SINE/MIR	429	-	113	105924924	69920
chr14	100117316	100317316	harbor2	chr14	100128915	100129117	SINE/MIR	618	-	101	100129016	11700
chr14	100117316	100317316	harbor2	chr14	100160998	100161135	SINE/MIR	479	-	68	100161066	43750
chr14	103037678	103237678	harbor2	chr14	103101366	103101535	SINE/MIR	497	-	84	103101450	63772
chr14	103037678	103237678	harbor2	chr14	103106042	103106252	SINE/MIR	433	-	105	103106147	68469
chr14	97225595	97425595	harbor2	chr14	97232253	97232448	SINE/MIR	535	-	98	97232351	6756
chr14	97225595	97425595	harbor2	chr14	97250730	97250971	SINE/MIR	420	-	120	97250850	25255
chr14	97225595	97425595	harbor2	chr14	97303963	97304223	SINE/MIR	703	-	130	97304093	78498
chr14	97225595	97425595	harbor2	chr14	97311917	97312072	SINE/MIR	428	-	78	97311995	86400
chr14	97225595	97425595	harbor2	chr14	97304508	97304629	SINE/MIR	457	-	60	97304568	78973
chr14	67725211	67925211	harbor2	chr14	67728253	67728472	SINE/MIR	600	-	110	67728363	3152
chr14	67725211	67925211	harbor2	chr14	67730057	67730271	SINE/MIR	750	-	107	67730164	4953
chr14	67725211	67925211	harbor2	chr14	67765265	67765479	SINE/MIR	607	-	107	67765372	40161
chr14	67725211	67925211	harbor2	chr14	67771524	67771719	SINE/MIR	488	-	98	67771622	46411
chr14	67725211	67925211	harbor2	chr14	67808029	67808200	SINE/MIR	528	-	86	67808115	82904
chr14	102462608	102662608	harbor2	chr14	102472962	102473166	SINE/MIR	474	-	102	102473064	10456
chr14	72141644	72341644	harbor2	chr14	72171792	72171980	SINE/MIR	801	-	94	72171886	30242
chr14	74075768	74275768	harbor2	chr14	74131870	74132028	SINE/MIR	520	-	79	74131949	56181
chr14	74075768	74275768	harbor2	chr14	74132072	74132258	SINE/MIR	519	-	93	74132165	56397
chr14	78107797	78307797	harbor2	chr14	78128104	78128271	SINE/MIR	463	-	84	78128188	20391
chr14	78107797	78307797	harbor2	chr14	78138816	78139061	SINE/MIR	866	-	122	78138938	31141
chr14	78107797	78307797	harbor2	chr14	78151702	78151947	SINE/MIR	430	-	122	78151824	44027
chr14	78107797	78307797	harbor2	chr14	78159162	78159375	SINE/MIR	1056	-	106	78159268	51471
chr14	78107797	78307797	harbor2	chr14	78164694	78164944	SINE/MIR	825	-	125	78164819	57022
chr14	78107797	78307797	harbor2	chr14	78166867	78167102	SINE/MIR	653	-	118	78166985	59188
chr14	78107797	78307797	harbor2	chr14	78168091	78168284	SINE/MIR	496	-	96	78168187	60390
chr14	78107797	78307797	harbor2	chr14	78176326	78176539	SINE/MIR	432	-	106	78176432	68635
chr14	78107797	78307797	harbor2	chr14	78176554	78176750	SINE/MIR	523	-	98	78176652	68855
chr14	78107797	78307797	harbor2	chr14	78177951	78178195	SINE/MIR	1095	-	122	78178073	70276
chr14	78107797	78307797	harbor2	chr14	78182126	78182284	SINE/MIR	541	-	79	78182205	74408
chr14	78107797	78307797	harbor2	chr14	78182422	78182480	SINE/MIR	422	-	29	78182451	74654
chr14	78107797	78307797	harbor2	chr14	78182771	78182935	SINE/MIR	422	-	82	78182853	75056
chr14	78107797	78307797	harbor2	chr14	78187059	78187242	SINE/MIR	575	-	92	78187151	79354
chr14	78107797	78307797	harbor2	chr14	78193191	78193352	SINE/MIR	419	-	80	78193271	85474
chr14	78107797	78307797	harbor2	chr14	78195851	78196014	SINE/MIR	516	-	82	78195933	88136
chr14	78107797	78307797	harbor2	chr14	78199392	78199659	SINE/MIR	736	-	134	78199526	91729
chr14	90418717	90618717	harbor2	chr14	90427509	90427711	SINE/MIR	429	-	101	90427610	8893
chr14	90418717	90618717	harbor2	chr14	90432921	90432978	SINE/MIR	544	-	28	90432949	14232
chr14	90418717	90618717	harbor2	chr14	90433669	90433699	SINE/MIR	544	-	15	90433684	14967
chr14	90418717	90618717	harbor2	chr14	90434397	90434561	SINE/MIR	544	-	82	90434479	15762
chr14	90418717	90618717	harbor2	chr14	90435897	90436065	SINE/MIR	610	-	84	90435981	17264
chr14	90418717	90618717	harbor2	chr14	90444406	90444623	SINE/MIR	590	-	108	90444514	25797
chr14	90418717	90618717	harbor2	chr14	90449069	90449304	SINE/MIR	888	-	118	90449187	30470
chr14	90418717	90618717	harbor2	chr14	90454963	90455148	SINE/MIR	432	-	92	90455055	36338
chr14	90418717	90618717	harbor2	chr14	90462810	90462933	SINE/MIR	417	-	62	90462872	44155
chr14	90418717	90618717	harbor2	chr14	90463345	90463396	SINE/MIR	616	-	26	90463371	44654
chr14	90418717	90618717	harbor2	chr14	90463684	90463879	SINE/MIR	616	-	98	90463782	45065
chr14	90418717	90618717	harbor2	chr14	90466448	90466672	SINE/MIR	687	-	112	90466560	47843
chr14	90418717	90618717	harbor2	chr14	90486597	90486771	SINE/MIR	647	-	87	90486684	67967
chr14	71954555	72154555	harbor2	chr14	71961484	71961616	SINE/MIR	454	-	66	71961550	6995
chr14	71954555	72154555	harbor2	chr14	71984071	71984276	SINE/MIR	631	-	102	71984173	29618
chr14	71954555	72154555	harbor2	chr14	71992401	71992645	SINE/MIR	612	-	122	71992523	37968
chr14	71954555	72154555	harbor2	chr14	71993430	71993616	SINE/MIR	563	-	93	71993523	38968
chr14	71954555	72154555	harbor2	chr14	72001839	72001895	SINE/MIR	443	-	28	72001867	47312
chr14	71954555	72154555	harbor2	chr14	72002188	72002352	SINE/MIR	443	-	82	72002270	47715
chr14	71954555	72154555	harbor2	chr14	72025686	72025900	SINE/MIR	452	-	107	72025793	71238
chr14	71954555	72154555	harbor2	chr14	72047282	72047441	SINE/MIR	552	-	80	72047362	92807
chr14	71954555	72154555	harbor2	chr14	71958455	71958623	SINE/MIR	546	-	84	71958539	3984
chr14	85416455	85616455	harbor2	chr14	85470091	85470278	SINE/MIR	460	-	94	85470185	53730
chr14	85416455	85616455	harbor2	chr14	85494311	85494528	SINE/MIR	507	-	108	85494419	77964
chr14	85416455	85616455	harbor2	chr14	85505219	85505427	SINE/MIR	464	-	104	85505323	88868
chr14	104977186	105177186	harbor2	chr14	105043321	105043477	SINE/MIR	592	-	78	105043399	66213
chr14	94861120	95061120	harbor2	chr14	94868821	94869047	SINE/MIR	596	-	113	94868934	7814
chr14	94861120	95061120	harbor2	chr14	94878714	94878918	SINE/MIR	488	-	102	94878816	17696
chr14	94861120	95061120	harbor2	chr14	94881737	94881966	SINE/MIR	615	-	114	94881851	20731
chr14	94861120	95061120	harbor2	chr14	94888512	94888727	SINE/MIR	429	-	108	94888620	27500
chr14	94861120	95061120	harbor2	chr14	94902709	94902944	SINE/MIR	631	-	118	94902827	41707
chr14	94861120	95061120	harbor2	chr14	94935336	94935573	SINE/MIR	647	-	118	94935454	74334
chr14	94861120	95061120	harbor2	chr14	94943552	94943743	SINE/MIR	584	-	96	94943648	82528
chr14	76693222	76893222	harbor2	chr14	76696025	76696204	SINE/MIR	613	-	90	76696115	2893
chr14	76693222	76893222	harbor2	chr14	76727380	76727618	SINE/MIR	728	-	119	76727499	34277
chr14	76693222	76893222	harbor2	chr14	76763504	76763679	SINE/MIR	674	-	88	76763592	70370
chr14	105852447	106052447	harbor2	chr14	105924811	105925037	SINE/MIR	429	-	113	105924924	72477
chr14	85579658	85779658	harbor2	chr14	85586178	85586362	SINE/MIR	610	-	92	85586270	6612
chr14	85579658	85779658	harbor2	chr14	85599780	85599874	SINE/MIR	531	-	47	85599827	20169
chr14	85579658	85779658	harbor2	chr14	85614029	85614267	SINE/MIR	621	-	119	85614148	34490
chr14	85579658	85779658	harbor2	chr14	85614271	85614504	SINE/MIR	509	-	116	85614387	34729
chr14	85579658	85779658	harbor2	chr14	85617302	85617501	SINE/MIR	558	-	100	85617402	37744
chr14	85579658	85779658	harbor2	chr14	85663408	85663631	SINE/MIR	568	-	112	85663520	83862
chr14	62443539	62643539	harbor2	chr14	62458413	62458611	SINE/MIR	526	-	99	62458512	14973
chr14	95455982	95655982	harbor2	chr14	95457690	95457931	SINE/MIR	773	-	120	95457810	1828
chr14	95455982	95655982	harbor2	chr14	95467202	95467413	SINE/MIR	623	-	106	95467308	11326
chr14	95455982	95655982	harbor2	chr14	95474894	95475073	SINE/MIR	563	-	90	95474984	19002
chr14	95455982	95655982	harbor2	chr14	95482726	95482982	SINE/MIR	513	-	128	95482854	26872
chr14	95455982	95655982	harbor2	chr14	95490435	95490591	SINE/MIR	455	-	78	95490513	34531
chr14	95455982	95655982	harbor2	chr14	95493235	95493501	SINE/MIR	637	-	133	95493368	37386
chr14	95455982	95655982	harbor2	chr14	95503320	95503494	SINE/MIR	540	-	87	95503407	47425
chr14	95455982	95655982	harbor2	chr14	95506747	95506897	SINE/MIR	500	-	75	95506822	50840
chr14	95455982	95655982	harbor2	chr14	95514532	95514746	SINE/MIR	476	-	107	95514639	58657
chr14	95455982	95655982	harbor2	chr14	95522881	95523097	SINE/MIR	715	-	108	95522989	67007
chr14	95455982	95655982	harbor2	chr14	95540336	95540552	SINE/MIR	561	-	108	95540444	84462
chr14	93035290	93235290	harbor2	chr14	93065404	93065656	SINE/MIR	463	-	126	93065530	30240
chr14	93035290	93235290	harbor2	chr14	93073089	93073247	SINE/MIR	589	-	79	93073168	37878
chr14	93035290	93235290	harbor2	chr14	93109984	93110158	SINE/MIR	520	-	87	93110071	74781
chr14	93035290	93235290	harbor2	chr14	93132592	93132773	SINE/MIR	420	-	90	93132682	97392
chr14	94747755	94947755	harbor2	chr14	94766719	94766909	SINE/MIR	496	-	95	94766814	19059
chr14	94747755	94947755	harbor2	chr14	94786266	94786398	SINE/MIR	456	-	66	94786332	38577
chr14	94747755	94947755	harbor2	chr14	94789593	94789761	SINE/MIR	559	-	84	94789677	41922
chr14	94747755	94947755	harbor2	chr14	94816832	94816967	SINE/MIR	578	-	68	94816900	69145
chr14	93252936	93452936	harbor2	chr14	93268469	93268675	SINE/MIR	466	-	103	93268572	15636
chr14	93252936	93452936	harbor2	chr14	93291221	93291453	SINE/MIR	702	-	116	93291337	38401
chr14	93252936	93452936	harbor2	chr14	93309139	93309313	SINE/MIR	621	-	87	93309226	56290
chr14	93252936	93452936	harbor2	chr14	93309422	93309499	SINE/MIR	621	-	38	93309460	56524
chr14	93252936	93452936	harbor2	chr14	93325599	93325748	SINE/MIR	432	-	74	93325673	72737
chr14	74324589	74524589	harbor2	chr14	74325904	74326137	SINE/MIR	781	-	116	74326020	1431
chr14	74324589	74524589	harbor2	chr14	74333885	74334113	SINE/MIR	1067	-	114	74333999	9410
chr14	74324589	74524589	harbor2	chr14	74335461	74335657	SINE/MIR	554	-	98	74335559	10970
chr14	74324589	74524589	harbor2	chr14	74339222	74339375	SINE/MIR	494	-	76	74339298	14709
chr14	74324589	74524589	harbor2	chr14	74341154	74341371	SINE/MIR	467	-	108	74341262	16673
chr14	74324589	74524589	harbor2	chr14	74347099	74347280	SINE/MIR	570	-	90	74347189	22600
chr14	74324589	74524589	harbor2	chr14	74356143	74356177	SINE/MIR	487	-	17	74356160	31571
chr14	74324589	74524589	harbor2	chr14	74356484	74356628	SINE/MIR	487	-	72	74356556	31967
chr14	74324589	74524589	harbor2	chr14	74400741	74400925	SINE/MIR	424	-	92	74400833	76244
chr14	74324589	74524589	harbor2	chr14	74416769	74417014	SINE/MIR	847	-	122	74416891	92302
chr14	74324589	74524589	harbor2	chr14	74417019	74417217	SINE/MIR	676	-	99	74417118	92529
chr14	74324589	74524589	harbor2	chr14	74417493	74417701	SINE/MIR	610	-	104	74417597	93008
chr14	74324589	74524589	harbor2	chr14	74424195	74424351	SINE/MIR	595	-	78	74424273	99684
chr14	90123014	90323014	harbor2	chr14	90159660	90159797	SINE/MIR	555	-	68	90159728	36714
chr14	90123014	90323014	harbor2	chr14	90197904	90198049	SINE/MIR	499	-	72	90197976	74962
chr14	90123014	90323014	harbor2	chr14	90216446	90216644	SINE/MIR	462	-	99	90216545	93531
chr14	98014989	98214989	harbor2	chr14	98038252	98038431	SINE/MIR	471	-	90	98038342	23353
chr14	98014989	98214989	harbor2	chr14	98038524	98038690	SINE/MIR	494	-	83	98038607	23618
chr14	98014989	98214989	harbor2	chr14	98081923	98082141	SINE/MIR	572	-	109	98082032	67043
chr14	57356937	57556937	harbor2	chr14	57357119	57357247	SINE/MIR	463	-	64	57357183	246
chr14	57356937	57556937	harbor2	chr14	57377449	57377680	SINE/MIR	805	-	116	57377565	20628
chr14	57356937	57556937	harbor2	chr14	57385569	57385750	SINE/MIR	670	-	90	57385659	28722
chr14	66211764	66411764	harbor2	chr14	66254552	66254791	SINE/MIR	844	-	120	66254672	42908
chr14	66211764	66411764	harbor2	chr14	66262665	66262800	SINE/MIR	497	-	68	66262733	50969
chr14	66211764	66411764	harbor2	chr14	66266604	66266820	SINE/MIR	723	-	108	66266712	54948
chr14	66211764	66411764	harbor2	chr14	66270745	66270891	SINE/MIR	529	-	73	66270818	59054
chr14	87842251	88042251	harbor2	chr14	87874621	87874840	SINE/MIR	529	-	110	87874731	32480
chr14	87842251	88042251	harbor2	chr14	87883426	87883661	SINE/MIR	678	-	118	87883544	41293
chr14	87842251	88042251	harbor2	chr14	87886534	87886707	SINE/MIR	554	-	86	87886620	44369
chr14	87842251	88042251	harbor2	chr14	87889830	87890060	SINE/MIR	636	-	115	87889945	47694
chr14	87842251	88042251	harbor2	chr14	87893555	87893698	SINE/MIR	588	-	72	87893627	51376
chr14	87842251	88042251	harbor2	chr14	87898293	87898506	SINE/MIR	653	-	106	87898399	56148
chr14	87842251	88042251	harbor2	chr14	87936695	87936850	SINE/MIR	501	-	78	87936773	94522
chr14	88986589	89186589	harbor2	chr14	88997822	88998049	SINE/MIR	828	-	114	88997936	11347
chr14	93723743	93923743	harbor2	chr14	93752166	93752333	SINE/MIR	452	-	84	93752250	28507
chr14	93723743	93923743	harbor2	chr14	93767191	93767355	SINE/MIR	513	-	82	93767273	43530
chr14	93723743	93923743	harbor2	chr14	93772932	93773163	SINE/MIR	485	-	116	93773048	49305
chr14	93723743	93923743	harbor2	chr14	93786770	93787005	SINE/MIR	494	-	118	93786888	63145
chr14	93723743	93923743	harbor2	chr14	93802381	93802543	SINE/MIR	606	-	81	93802462	78719
chr14	93723743	93923743	harbor2	chr14	93812352	93812540	SINE/MIR	594	-	94	93812446	88703
chr14	93723743	93923743	harbor2	chr14	93821583	93821696	SINE/MIR	638	-	56	93821639	97896
chr14	93723743	93923743	harbor2	chr14	93822060	93822151	SINE/MIR	638	-	46	93822106	98363
chr14	93723743	93923743	harbor2	chr14	93823278	93823477	SINE/MIR	498	-	100	93823378	99635
chr14	39829467	40029467	harbor2	chr14	39838496	39838718	SINE/MIR	536	-	111	39838607	9140
chr14	39829467	40029467	harbor2	chr14	39847731	39847978	SINE/MIR	745	-	124	39847855	18388
chr14	39829467	40029467	harbor2	chr14	39849882	39850133	SINE/MIR	779	-	126	39850008	20541
chr14	39829467	40029467	harbor2	chr14	39879507	39879719	SINE/MIR	564	-	106	39879613	50146
chr14	39829467	40029467	harbor2	chr14	39913603	39913766	SINE/MIR	505	-	82	39913685	84218
chr14	39829467	40029467	harbor2	chr14	39926166	39926280	SINE/MIR	711	-	57	39926223	96756
chr14	39829467	40029467	harbor2	chr14	39926576	39926704	SINE/MIR	711	-	64	39926640	97173
chr14	39829467	40029467	harbor2	chr14	39845747	39845972	SINE/MIR	726	-	112	39845859	16392
chr14	102529878	102729878	harbor2	chr14	102604441	102604577	SINE/MIR	521	-	68	102604509	74631
chr14	102529878	102729878	harbor2	chr14	102629770	102629920	SINE/MIR	489	-	75	102629845	99967
chr14	85619175	85819175	harbor2	chr14	85663408	85663631	SINE/MIR	568	-	112	85663520	44345
chr14	85619175	85819175	harbor2	chr14	85694750	85694953	SINE/MIR	820	-	102	85694852	75677
chr14	50034455	50234455	harbor2	chr14	50088488	50088688	SINE/MIR	643	-	100	50088588	54133
chr14	50034455	50234455	harbor2	chr14	50103918	50104134	SINE/MIR	1083	-	108	50104026	69571
chr14	93519800	93719800	harbor2	chr14	93599129	93599313	SINE/MIR	483	-	92	93599221	79421
chr14	58040784	58240784	harbor2	chr14	58047398	58047656	SINE/MIR	1081	-	129	58047527	6743
chr14	58040784	58240784	harbor2	chr14	58057317	58057529	SINE/MIR	636	-	106	58057423	16639
chr14	58040784	58240784	harbor2	chr14	58062600	58062807	SINE/MIR	770	-	104	58062704	21920
chr14	58040784	58240784	harbor2	chr14	58077658	58077819	SINE/MIR	539	-	80	58077738	36954
chr14	58040784	58240784	harbor2	chr14	58082423	58082584	SINE/MIR	466	-	80	58082503	41719
chr14	105851184	106051184	harbor2	chr14	105924811	105925037	SINE/MIR	429	-	113	105924924	73740
chr14	86258141	86458141	harbor2	chr14	86304498	86304626	SINE/MIR	459	-	64	86304562	46421
chr14	76368307	76568307	harbor2	chr14	76387887	76388134	SINE/MIR	1201	-	124	76388011	19704
chr14	76368307	76568307	harbor2	chr14	76398124	76398357	SINE/MIR	676	-	116	76398240	29933
chr14	76368307	76568307	harbor2	chr14	76398705	76398897	SINE/MIR	443	-	96	76398801	30494
chr14	76368307	76568307	harbor2	chr14	76403099	76403335	SINE/MIR	615	-	118	76403217	34910
chr14	76368307	76568307	harbor2	chr14	76408844	76409028	SINE/MIR	572	-	92	76408936	40629
chr14	76368307	76568307	harbor2	chr14	76415805	76415985	SINE/MIR	435	-	90	76415895	47588
chr14	76368307	76568307	harbor2	chr14	76422616	76422832	SINE/MIR	771	-	108	76422724	54417
chr14	76368307	76568307	harbor2	chr14	76427681	76427911	SINE/MIR	773	-	115	76427796	59489
chr14	76368307	76568307	harbor2	chr14	76430559	76430738	SINE/MIR	505	-	90	76430649	62342
chr14	90296087	90496087	harbor2	chr14	90302025	90302204	SINE/MIR	462	-	90	90302115	6028
chr14	90296087	90496087	harbor2	chr14	90310085	90310251	SINE/MIR	505	-	83	90310168	14081
chr14	90296087	90496087	harbor2	chr14	90320738	90320903	SINE/MIR	609	-	82	90320820	24733
chr14	33233205	33433205	harbor2	chr14	33253268	33253416	SINE/MIR	448	-	74	33253342	20137
chr14	33233205	33433205	harbor2	chr14	33265556	33265753	SINE/MIR	485	-	98	33265654	32449
chr14	33233205	33433205	harbor2	chr14	33269196	33269458	SINE/MIR	628	-	131	33269327	36122
chr14	33233205	33433205	harbor2	chr14	33289060	33289307	SINE/MIR	618	-	124	33289184	55979
chr14	33233205	33433205	harbor2	chr14	33317271	33317453	SINE/MIR	596	-	91	33317362	84157
chr15	53028079	53228079	harbor2	chr15	53066278	53066519	SINE/MIR	924	-	120	53066398	38319
chr15	53028079	53228079	harbor2	chr15	53110915	53111180	SINE/MIR	616	-	132	53111047	82968
chr15	99311315	99511315	harbor2	chr15	99344141	99344390	SINE/MIR	502	-	124	99344265	32950
chr15	99311315	99511315	harbor2	chr15	99370069	99370205	SINE/MIR	433	-	68	99370137	58822
chr15	99311315	99511315	harbor2	chr15	99336137	99336408	SINE/MIR	754	-	136	99336273	24958
chr15	80116329	80316329	harbor2	chr15	80148172	80148347	SINE/MIR	498	-	88	80148260	31931
chr15	80116329	80316329	harbor2	chr15	80151906	80152070	SINE/MIR	779	-	82	80151988	35659
chr15	80116329	80316329	harbor2	chr15	80155320	80155522	SINE/MIR	725	-	101	80155421	39092
chr15	80116329	80316329	harbor2	chr15	80156468	80156500	SINE/MIR	725	-	16	80156484	40155
chr15	80116329	80316329	harbor2	chr15	80172474	80172690	SINE/MIR	580	-	108	80172582	56253
chr15	80116329	80316329	harbor2	chr15	80182561	80182769	SINE/MIR	549	-	104	80182665	66336
chr15	80116329	80316329	harbor2	chr15	80183720	80183938	SINE/MIR	905	-	109	80183829	67500
chr15	80116329	80316329	harbor2	chr15	80185230	80185447	SINE/MIR	742	-	108	80185338	69009
chr15	80116329	80316329	harbor2	chr15	80200263	80200450	SINE/MIR	661	-	94	80200357	84028
chr15	80116329	80316329	harbor2	chr15	80200661	80200771	SINE/MIR	529	-	55	80200716	84387
chr15	80116329	80316329	harbor2	chr15	80203245	80203388	SINE/MIR	416	-	72	80203317	86988
chr15	101834199	102034199	harbor2	chr15	101851261	101851474	SINE/MIR	778	-	106	101851367	17168
chr15	101834199	102034199	harbor2	chr15	101921195	101921427	SINE/MIR	557	-	116	101921311	87112
chr15	101496598	101696598	harbor2	chr15	101534221	101534416	SINE/MIR	624	-	98	101534319	37721
chr15	101496598	101696598	harbor2	chr15	101553981	101554135	SINE/MIR	510	-	77	101554058	57460
chr15	101496598	101696598	harbor2	chr15	101560596	101560779	SINE/MIR	538	-	92	101560688	64090
chr15	78083912	78283912	harbor2	chr15	78106282	78106424	SINE/MIR	406	-	71	78106353	22441
chr15	78083912	78283912	harbor2	chr15	78111593	78111788	SINE/MIR	553	-	98	78111691	27779
chr15	78083912	78283912	harbor2	chr15	78112916	78113165	SINE/MIR	758	-	124	78113040	29128
chr15	78083912	78283912	harbor2	chr15	78122539	78122699	SINE/MIR	444	-	80	78122619	38707
chr15	78083912	78283912	harbor2	chr15	78125939	78126144	SINE/MIR	434	-	102	78126041	42129
chr15	78083912	78283912	harbor2	chr15	78127810	78127985	SINE/MIR	548	-	88	78127898	43986
chr15	78083912	78283912	harbor2	chr15	78132902	78133054	SINE/MIR	523	-	76	78132978	49066
chr15	78083912	78283912	harbor2	chr15	78134546	78134701	SINE/MIR	645	-	78	78134624	50712
chr15	78083912	78283912	harbor2	chr15	78134793	78134993	SINE/MIR	524	-	100	78134893	50981
chr15	78083912	78283912	harbor2	chr15	78150174	78150325	SINE/MIR	451	-	76	78150250	66338
chr15	78083912	78283912	harbor2	chr15	78167158	78167361	SINE/MIR	647	-	102	78167260	83348
chr15	78083912	78283912	harbor2	chr15	78174861	78175104	SINE/MIR	953	-	122	78174983	91071
chr15	100031046	100231046	harbor2	chr15	100055767	100055961	SINE/MIR	547	-	97	100055864	24818
chr15	100417101	100617101	harbor2	chr15	100437676	100437896	SINE/MIR	662	-	110	100437786	20685
chr15	100417101	100617101	harbor2	chr15	100468174	100468402	SINE/MIR	713	-	114	100468288	51187
chr15	100417101	100617101	harbor2	chr15	100474358	100474400	SINE/MIR	885	-	21	100474379	57278
chr15	100417101	100617101	harbor2	chr15	100474703	100474899	SINE/MIR	885	-	98	100474801	57700
chr15	100417101	100617101	harbor2	chr15	100487298	100487550	SINE/MIR	1121	-	126	100487424	70323
chr15	76217764	76417764	harbor2	chr15	76239071	76239245	SINE/MIR	600	-	87	76239158	21394
chr15	76217764	76417764	harbor2	chr15	76239582	76239638	SINE/MIR	600	-	28	76239610	21846
chr15	76217764	76417764	harbor2	chr15	76246099	76246374	SINE/MIR	887	-	138	76246237	28473
chr15	76217764	76417764	harbor2	chr15	76298502	76298692	SINE/MIR	547	-	95	76298597	80833
chr15	66058456	66258456	harbor2	chr15	66063803	66064046	SINE/MIR	408	-	122	66063925	5469
chr15	66058456	66258456	harbor2	chr15	66067355	66067555	SINE/MIR	448	-	100	66067455	8999
chr15	66058456	66258456	harbor2	chr15	66068486	66068639	SINE/MIR	632	-	76	66068562	10106
chr15	66058456	66258456	harbor2	chr15	66069391	66069621	SINE/MIR	696	-	115	66069506	11050
chr15	66058456	66258456	harbor2	chr15	66102897	66103118	SINE/MIR	619	-	110	66103007	44551
chr15	66058456	66258456	harbor2	chr15	66106426	66106651	SINE/MIR	836	-	112	66106538	48082
chr15	66058456	66258456	harbor2	chr15	66124358	66124487	SINE/MIR	420	-	64	66124422	65966
chr15	66058456	66258456	harbor2	chr15	66124490	66124641	SINE/MIR	419	-	76	66124566	66110
chr15	66058456	66258456	harbor2	chr15	66127028	66127245	SINE/MIR	583	-	108	66127136	68680
chr15	66058456	66258456	harbor2	chr15	66109437	66109682	SINE/MIR	749	-	122	66109559	51103
chr15	61863291	62063291	harbor2	chr15	61917692	61917816	SINE/MIR	490	-	62	61917754	54463
chr15	61863291	62063291	harbor2	chr15	61955162	61955404	SINE/MIR	783	-	121	61955283	91992
chr15	37339815	37539815	harbor2	chr15	37367973	37368194	SINE/MIR	500	-	110	37368083	28268
chr15	37339815	37539815	harbor2	chr15	37398552	37398777	SINE/MIR	893	-	112	37398664	58849
chr15	37339815	37539815	harbor2	chr15	37418968	37419139	SINE/MIR	423	-	86	37419054	79239
chr15	91466573	91666573	harbor2	chr15	91485296	91485509	SINE/MIR	429	-	106	91485402	18829
chr15	91466573	91666573	harbor2	chr15	91509814	91510051	SINE/MIR	716	-	118	91509932	43359
chr15	91466573	91666573	harbor2	chr15	91526241	91526416	SINE/MIR	442	-	88	91526329	59756
chr15	91466573	91666573	harbor2	chr15	91526835	91526864	SINE/MIR	442	-	14	91526849	60276
chr15	91466573	91666573	harbor2	chr15	91530837	91531050	SINE/MIR	594	-	106	91530943	64370
chr15	91466573	91666573	harbor2	chr15	91537454	91537610	SINE/MIR	431	-	78	91537532	70959
chr15	91466573	91666573	harbor2	chr15	91550814	91551061	SINE/MIR	420	-	124	91550938	84365
chr15	91466573	91666573	harbor2	chr15	91561667	91561852	SINE/MIR	409	-	92	91561759	95186
chr15	43486840	43686840	harbor2	chr15	43504313	43504535	SINE/MIR	680	-	111	43504424	17584
chr15	43486840	43686840	harbor2	chr15	43565850	43566011	SINE/MIR	740	-	80	43565930	79090
chr15	49430110	49630110	harbor2	chr15	49436550	49436795	SINE/MIR	877	-	122	49436672	6562
chr15	49430110	49630110	harbor2	chr15	49440611	49440813	SINE/MIR	559	-	101	49440712	10602
chr15	49430110	49630110	harbor2	chr15	49456886	49457080	SINE/MIR	492	-	97	49456983	26873
chr15	91724690	91924690	harbor2	chr15	91725522	91725676	SINE/MIR	498	-	77	91725599	909
chr15	91724690	91924690	harbor2	chr15	91774254	91774496	SINE/MIR	754	-	121	91774375	49685
chr15	91724690	91924690	harbor2	chr15	91782454	91782642	SINE/MIR	542	-	94	91782548	57858
chr15	91724690	91924690	harbor2	chr15	91819418	91819619	SINE/MIR	494	-	100	91819518	94828
chr15	47112285	47312285	harbor2	chr15	47113076	47113317	SINE/MIR	490	-	120	47113196	911
chr15	64870675	65070675	harbor2	chr15	64883575	64883763	SINE/MIR	414	-	94	64883669	12994
chr15	64870675	65070675	harbor2	chr15	64894956	64895082	SINE/MIR	472	-	63	64895019	24344
chr15	64870675	65070675	harbor2	chr15	64912223	64912434	SINE/MIR	562	-	106	64912329	41654
chr15	64870675	65070675	harbor2	chr15	64913169	64913328	SINE/MIR	445	-	80	64913249	42574
chr15	64870675	65070675	harbor2	chr15	64913430	64913594	SINE/MIR	436	-	82	64913512	42837
chr15	64870675	65070675	harbor2	chr15	64928043	64928218	SINE/MIR	471	-	88	64928131	57456
chr15	65809653	66009653	harbor2	chr15	65824176	65824325	SINE/MIR	407	-	74	65824250	14597
chr15	65809653	66009653	harbor2	chr15	65899190	65899372	SINE/MIR	543	-	91	65899281	89628
chr15	65809653	66009653	harbor2	chr15	65903479	65903647	SINE/MIR	595	-	84	65903563	93910
chr15	65809653	66009653	harbor2	chr15	65905224	65905463	SINE/MIR	549	-	120	65905344	95691
chr15	65809653	66009653	harbor2	chr15	65907721	65907886	SINE/MIR	460	-	82	65907803	98150
chr15	83186874	83386874	harbor2	chr15	83252377	83252390	SINE/MIR	447	-	6	83252383	65509
chr15	83186874	83386874	harbor2	chr15	83252675	83252805	SINE/MIR	511	-	65	83252740	65866
chr15	83186874	83386874	harbor2	chr15	83274711	83274838	SINE/MIR	568	-	64	83274775	87901
chr15	50873935	51073935	harbor2	chr15	50882017	50882244	SINE/MIR	532	-	114	50882131	8196
chr15	86962707	87162707	harbor2	chr15	86970356	86970559	SINE/MIR	512	-	102	86970458	7751
chr15	86962707	87162707	harbor2	chr15	86990578	86990789	SINE/MIR	568	-	106	86990684	27977
chr15	98423008	98623008	harbor2	chr15	98424504	98424719	SINE/MIR	417	-	108	98424612	1604
chr15	98423008	98623008	harbor2	chr15	98486760	98486892	SINE/MIR	406	-	66	98486826	63818
chr15	98423008	98623008	harbor2	chr15	98511883	98511996	SINE/MIR	410	-	56	98511939	88931
chr15	98423008	98623008	harbor2	chr15	98513666	98513842	SINE/MIR	666	-	88	98513754	90746
chr15	98423008	98623008	harbor2	chr15	98519899	98520091	SINE/MIR	733	-	96	98519995	96987
chr15	73165131	73365131	harbor2	chr15	73207168	73207372	SINE/MIR	464	-	102	73207270	42139
chr15	73165131	73365131	harbor2	chr15	73233835	73234049	SINE/MIR	546	-	107	73233942	68811
chr15	73165131	73365131	harbor2	chr15	73241503	73241630	SINE/MIR	418	-	64	73241567	76436
chr15	46402636	46602636	harbor2	chr15	46419243	46419346	SINE/MIR	479	-	52	46419295	16659
chr15	46402636	46602636	harbor2	chr15	46459174	46459355	SINE/MIR	472	-	90	46459264	56628
chr15	46402636	46602636	harbor2	chr15	46470596	46470839	SINE/MIR	457	-	122	46470718	68082
chr15	72399976	72599976	harbor2	chr15	72456893	72457113	SINE/MIR	693	-	110	72457003	57027
chr15	72399976	72599976	harbor2	chr15	72463639	72463839	SINE/MIR	452	-	100	72463739	63763
chr15	72399976	72599976	harbor2	chr15	72470883	72471139	SINE/MIR	621	-	128	72471011	71035
chr15	82760015	82960015	harbor2	chr15	82765473	82765652	SINE/MIR	560	-	90	82765563	5548
chr15	82760015	82960015	harbor2	chr15	82774402	82774598	SINE/MIR	756	-	98	82774500	14485
chr15	82760015	82960015	harbor2	chr15	82789396	82789594	SINE/MIR	660	-	99	82789495	29480
chr15	82760015	82960015	harbor2	chr15	82828108	82828300	SINE/MIR	535	-	96	82828204	68189
chr15	72771118	72971118	harbor2	chr15	72852622	72852856	SINE/MIR	505	-	117	72852739	81621
chr15	74879453	75079453	harbor2	chr15	74892293	74892419	SINE/MIR	475	-	63	74892356	12903
chr15	74879453	75079453	harbor2	chr15	74941385	74941480	SINE/MIR	452	-	48	74941433	61980
chr15	74879453	75079453	harbor2	chr15	74941792	74941925	SINE/MIR	452	-	66	74941858	62405
chr15	74879453	75079453	harbor2	chr15	74961099	74961245	SINE/MIR	482	-	73	74961172	81719
chr15	74879453	75079453	harbor2	chr15	74963404	74963510	SINE/MIR	475	-	53	74963457	84004
chr15	75694448	75894448	harbor2	chr15	75705495	75705662	SINE/MIR	614	-	84	75705579	11131
chr15	75694448	75894448	harbor2	chr15	75733448	75733646	SINE/MIR	567	-	99	75733547	39099
chr15	75694448	75894448	harbor2	chr15	75736170	75736318	SINE/MIR	451	-	74	75736244	41796
chr15	75694448	75894448	harbor2	chr15	75737136	75737342	SINE/MIR	440	-	103	75737239	42791
chr15	90341848	90541848	harbor2	chr15	90358188	90358333	SINE/MIR	690	-	72	90358260	16412
chr15	90341848	90541848	harbor2	chr15	90401566	90401795	SINE/MIR	692	-	114	90401680	59832
chr15	90341848	90541848	harbor2	chr15	90413751	90413870	SINE/MIR	419	-	60	90413811	71963
chr15	90341848	90541848	harbor2	chr15	90419940	90420067	SINE/MIR	482	-	64	90420004	78156
chr15	90341848	90541848	harbor2	chr15	90420175	90420357	SINE/MIR	455	-	91	90420266	78418
chr15	79788996	79988996	harbor2	chr15	79806493	79806644	SINE/MIR	425	-	76	79806569	17573
chr15	79788996	79988996	harbor2	chr15	79829473	79829650	SINE/MIR	613	-	88	79829561	40565
chr15	79788996	79988996	harbor2	chr15	79851528	79851766	SINE/MIR	483	-	119	79851647	62651
chr15	79788996	79988996	harbor2	chr15	79861062	79861308	SINE/MIR	626	-	123	79861185	72189
chr15	79788996	79988996	harbor2	chr15	79883629	79883872	SINE/MIR	784	-	122	79883751	94755
chr15	79788996	79988996	harbor2	chr15	79884026	79884254	SINE/MIR	588	-	114	79884140	95144
chr15	32606916	32806916	harbor2	chr15	32618459	32618659	SINE/MIR	595	-	100	32618559	11643
chr15	32606916	32806916	harbor2	chr15	32618959	32619019	SINE/MIR	595	-	30	32618989	12073
chr15	32606916	32806916	harbor2	chr15	32642815	32643047	SINE/MIR	601	-	116	32642931	36015
chr15	32606916	32806916	harbor2	chr15	32654009	32654148	SINE/MIR	477	-	70	32654079	47163
chr15	32606916	32806916	harbor2	chr15	32654438	32654519	SINE/MIR	477	-	40	32654478	47562
chr15	32606916	32806916	harbor2	chr15	32664148	32664311	SINE/MIR	453	-	82	32664230	57314
chr15	32606916	32806916	harbor2	chr15	32666678	32666883	SINE/MIR	413	-	102	32666780	59864
chr15	32606916	32806916	harbor2	chr15	32670977	32671171	SINE/MIR	426	-	97	32671074	64158
chr15	32606916	32806916	harbor2	chr15	32681286	32681432	SINE/MIR	447	-	73	32681359	74443
chr15	32606916	32806916	harbor2	chr15	32700292	32700430	SINE/MIR	476	-	69	32700361	93445
chr15	80548489	80748489	harbor2	chr15	80552309	80552502	SINE/MIR	431	-	96	80552405	3916
chr15	80548489	80748489	harbor2	chr15	80556646	80556870	SINE/MIR	563	-	112	80556758	8269
chr15	80548489	80748489	harbor2	chr15	80575943	80576192	SINE/MIR	633	-	124	80576067	27578
chr15	80548489	80748489	harbor2	chr15	80583562	80583814	SINE/MIR	677	-	126	80583688	35199
chr15	80548489	80748489	harbor2	chr15	80598292	80598523	SINE/MIR	474	-	116	80598408	49919
chr15	80548489	80748489	harbor2	chr15	80619452	80619632	SINE/MIR	423	-	90	80619542	71053
chr15	83873308	84073308	harbor2	chr15	83886324	83886561	SINE/MIR	495	-	118	83886442	13134
chr15	83873308	84073308	harbor2	chr15	83904944	83905133	SINE/MIR	656	-	94	83905038	31730
chr15	83873308	84073308	harbor2	chr15	83944491	83944670	SINE/MIR	447	-	90	83944581	71273
chr15	83873308	84073308	harbor2	chr15	83972030	83972233	SINE/MIR	595	-	102	83972132	98824
chr15	91016288	91216288	harbor2	chr15	91044878	91045029	SINE/MIR	680	-	76	91044954	28666
chr15	89623825	89823825	harbor2	chr15	89640357	89640579	SINE/MIR	966	-	111	89640468	16643
chr15	89623825	89823825	harbor2	chr15	89644711	89644923	SINE/MIR	932	-	106	89644817	20992
chr15	89623825	89823825	harbor2	chr15	89675664	89675864	SINE/MIR	566	-	100	89675764	51939
chr15	89623825	89823825	harbor2	chr15	89703261	89703484	SINE/MIR	586	-	112	89703373	79548
chr15	101215872	101415872	harbor2	chr15	101226290	101226545	SINE/MIR	520	-	128	101226418	10546
chr15	101215872	101415872	harbor2	chr15	101284146	101284362	SINE/MIR	458	-	108	101284254	68382
chr15	74000853	74200853	harbor2	chr15	74015734	74015892	SINE/MIR	593	-	79	74015813	14960
chr15	74000853	74200853	harbor2	chr15	74026017	74026160	SINE/MIR	461	-	72	74026089	25236
chr15	74000853	74200853	harbor2	chr15	74031799	74031965	SINE/MIR	473	-	83	74031882	31029
chr15	74000853	74200853	harbor2	chr15	74050152	74050342	SINE/MIR	418	-	95	74050247	49394
chr15	74000853	74200853	harbor2	chr15	74057158	74057376	SINE/MIR	731	-	109	74057267	56414
chr15	74000853	74200853	harbor2	chr15	74076221	74076439	SINE/MIR	534	-	109	74076330	75477
chr15	74000853	74200853	harbor2	chr15	74080069	74080213	SINE/MIR	418	-	72	74080141	79288
chr15	74000853	74200853	harbor2	chr15	74080387	74080569	SINE/MIR	477	-	91	74080478	79625
chr15	59188238	59388238	harbor2	chr15	59197455	59197696	SINE/MIR	556	-	120	59197575	9337
chr15	59188238	59388238	harbor2	chr15	59243357	59243531	SINE/MIR	522	-	87	59243444	55206
chr15	59188238	59388238	harbor2	chr15	59264254	59264366	SINE/MIR	555	-	56	59264310	76072
chr15	59188238	59388238	harbor2	chr15	59269222	59269385	SINE/MIR	417	-	82	59269304	81066
chr15	59188238	59388238	harbor2	chr15	59283628	59283810	SINE/MIR	585	-	91	59283719	95481
chr15	99993813	100193813	harbor2	chr15	100011557	100011688	SINE/MIR	559	-	66	100011623	17810
chr15	99993813	100193813	harbor2	chr15	100028546	100028741	SINE/MIR	450	-	98	100028644	34831
chr15	99993813	100193813	harbor2	chr15	100055767	100055961	SINE/MIR	547	-	97	100055864	62051
chr15	53241676	53441676	harbor2	chr15	53263167	53263382	SINE/MIR	653	-	108	53263275	21599
chr15	53241676	53441676	harbor2	chr15	53281472	53281676	SINE/MIR	422	-	102	53281574	39898
chr15	53241676	53441676	harbor2	chr15	53287885	53288120	SINE/MIR	577	-	118	53288003	46327
chr15	53241676	53441676	harbor2	chr15	53295946	53296103	SINE/MIR	552	-	78	53296024	54348
chr15	53241676	53441676	harbor2	chr15	53307149	53307385	SINE/MIR	650	-	118	53307267	65591
chr15	53241676	53441676	harbor2	chr15	53313670	53313788	SINE/MIR	430	-	59	53313729	72053
chr15	53241676	53441676	harbor2	chr15	53318611	53318719	SINE/MIR	466	-	54	53318665	76989
chr15	53241676	53441676	harbor2	chr15	53322891	53323141	SINE/MIR	717	-	125	53323016	81340
chr15	53241676	53441676	harbor2	chr15	53324756	53325017	SINE/MIR	709	-	130	53324886	83210
chr15	53241676	53441676	harbor2	chr15	53329101	53329238	SINE/MIR	428	-	68	53329169	87493
chr15	53241676	53441676	harbor2	chr15	53338039	53338151	SINE/MIR	434	-	56	53338095	96419
chr15	64792502	64992502	harbor2	chr15	64806011	64806142	SINE/MIR	561	-	66	64806077	13575
chr15	64792502	64992502	harbor2	chr15	64846903	64847094	SINE/MIR	420	-	96	64846999	54497
chr15	64792502	64992502	harbor2	chr15	64883575	64883763	SINE/MIR	414	-	94	64883669	91167
chr15	100818455	101018455	harbor2	chr15	100890588	100890718	SINE/MIR	563	-	65	100890653	72198
chr15	100818455	101018455	harbor2	chr15	100891132	100891296	SINE/MIR	618	-	82	100891214	72759
chr15	100818455	101018455	harbor2	chr15	100907377	100907572	SINE/MIR	764	-	98	100907475	89020
chr15	100818455	101018455	harbor2	chr15	100907649	100907816	SINE/MIR	551	-	84	100907733	89278
chr15	85094668	85294668	harbor2	chr15	85099176	85099364	SINE/MIR	503	-	94	85099270	4602
chr15	85094668	85294668	harbor2	chr15	85100986	85101192	SINE/MIR	582	-	103	85101089	6421
chr15	100617304	100817304	harbor2	chr15	100641796	100642018	SINE/MIR	631	-	111	100641907	24603
chr15	100617304	100817304	harbor2	chr15	100668636	100668782	SINE/MIR	501	-	73	100668709	51405
chr15	100617304	100817304	harbor2	chr15	100693257	100693486	SINE/MIR	567	-	114	100693371	76067
chr15	100034651	100234651	harbor2	chr15	100055767	100055961	SINE/MIR	547	-	97	100055864	21213
chr15	56904795	57104795	harbor2	chr15	56943470	56943638	SINE/MIR	418	-	84	56943554	38759
chr15	70152281	70352281	harbor2	chr15	70153366	70153617	SINE/MIR	710	-	126	70153492	1211
chr15	70152281	70352281	harbor2	chr15	70153705	70153925	SINE/MIR	619	-	110	70153815	1534
chr15	70152281	70352281	harbor2	chr15	70167299	70167445	SINE/MIR	651	-	73	70167372	15091
chr15	70152281	70352281	harbor2	chr15	70172090	70172219	SINE/MIR	513	-	64	70172154	19873
chr15	70152281	70352281	harbor2	chr15	70174051	70174221	SINE/MIR	427	-	85	70174136	21855
chr15	70152281	70352281	harbor2	chr15	70178576	70178717	SINE/MIR	573	-	70	70178646	26365
chr15	70152281	70352281	harbor2	chr15	70179450	70179617	SINE/MIR	571	-	84	70179534	27253
chr15	70152281	70352281	harbor2	chr15	70181890	70182119	SINE/MIR	566	-	114	70182004	29723
chr15	70152281	70352281	harbor2	chr15	70183378	70183536	SINE/MIR	447	-	79	70183457	31176
chr15	70152281	70352281	harbor2	chr15	70205730	70205927	SINE/MIR	638	-	98	70205828	53547
chr15	70152281	70352281	harbor2	chr15	70218606	70218810	SINE/MIR	464	-	102	70218708	66427
chr15	70152281	70352281	harbor2	chr15	70220527	70220645	SINE/MIR	578	-	59	70220586	68305
chr15	70152281	70352281	harbor2	chr15	70225793	70225912	SINE/MIR	455	-	60	70225853	73572
chr15	70152281	70352281	harbor2	chr15	70247217	70247395	SINE/MIR	565	-	89	70247306	95025
chr15	70152281	70352281	harbor2	chr15	70205376	70205525	SINE/MIR	551	-	74	70205450	53169
chr15	70152281	70352281	harbor2	chr15	70221704	70221922	SINE/MIR	714	-	109	70221813	69532
chr15	34302930	34502930	harbor2	chr15	34311999	34312174	SINE/MIR	518	-	88	34312087	9157
chr15	34302930	34502930	harbor2	chr15	34384254	34384476	SINE/MIR	563	-	111	34384365	81435
chr15	34302930	34502930	harbor2	chr15	34387257	34387434	SINE/MIR	437	-	88	34387345	84415
chr15	46579099	46779099	harbor2	chr15	46605767	46605963	SINE/MIR	515	-	98	46605865	26766
chr15	46579099	46779099	harbor2	chr15	46638258	46638463	SINE/MIR	519	-	102	46638360	59261
chr15	46579099	46779099	harbor2	chr15	46641265	46641511	SINE/MIR	491	-	123	46641388	62289
chr15	46579099	46779099	harbor2	chr15	46652196	46652427	SINE/MIR	483	-	116	46652312	73213
chr15	46579099	46779099	harbor2	chr15	46668080	46668148	SINE/MIR	571	-	34	46668114	89015
chr15	46579099	46779099	harbor2	chr15	46668450	46668610	SINE/MIR	571	-	80	46668530	89431
chr15	94336859	94536859	harbor2	chr15	94388682	94388883	SINE/MIR	510	-	100	94388782	51923
chr15	94336859	94536859	harbor2	chr15	94401267	94401384	SINE/MIR	438	-	58	94401325	64466
chr15	94336859	94536859	harbor2	chr15	94406134	94406387	SINE/MIR	635	-	126	94406260	69401
chr15	94336859	94536859	harbor2	chr15	94423183	94423373	SINE/MIR	476	-	95	94423278	86419
chr15	96687571	96887571	harbor2	chr15	96689249	96689353	SINE/MIR	419	-	52	96689301	1730
chr15	96687571	96887571	harbor2	chr15	96691218	96691398	SINE/MIR	668	-	90	96691308	3737
chr15	96687571	96887571	harbor2	chr15	96699091	96699301	SINE/MIR	605	-	105	96699196	11625
chr15	96687571	96887571	harbor2	chr15	96719398	96719634	SINE/MIR	677	-	118	96719516	31945
chr15	95125754	95325754	harbor2	chr15	95143785	95144009	SINE/MIR	408	-	112	95143897	18143
chr15	95125754	95325754	harbor2	chr15	95156879	95157003	SINE/MIR	437	-	62	95156941	31187
chr15	95125754	95325754	harbor2	chr15	95157826	95158054	SINE/MIR	585	-	114	95157940	32186
chr15	95125754	95325754	harbor2	chr15	95161946	95162136	SINE/MIR	433	-	95	95162041	36287
chr15	95125754	95325754	harbor2	chr15	95171295	95171426	SINE/MIR	535	-	66	95171361	45607
chr15	53117023	53317023	harbor2	chr15	53130609	53130837	SINE/MIR	739	-	114	53130723	13700
chr15	53117023	53317023	harbor2	chr15	53131889	53132098	SINE/MIR	447	-	104	53131993	14970
chr15	53117023	53317023	harbor2	chr15	53132820	53133006	SINE/MIR	440	-	93	53132913	15890
chr15	53117023	53317023	harbor2	chr15	53145931	53146185	SINE/MIR	890	-	127	53146058	29035
chr15	53117023	53317023	harbor2	chr15	53149362	53149594	SINE/MIR	768	-	116	53149478	32455
chr15	53117023	53317023	harbor2	chr15	53157420	53157665	SINE/MIR	570	-	122	53157542	40519
chr15	53117023	53317023	harbor2	chr15	53158416	53158555	SINE/MIR	425	-	70	53158486	41463
chr15	53117023	53317023	harbor2	chr15	53162371	53162558	SINE/MIR	657	-	94	53162465	45442
chr15	53117023	53317023	harbor2	chr15	53176789	53177014	SINE/MIR	537	-	112	53176901	59878
chr15	53117023	53317023	harbor2	chr15	53181647	53181845	SINE/MIR	457	-	99	53181746	64723
chr15	53117023	53317023	harbor2	chr15	53211897	53212086	SINE/MIR	737	-	94	53211991	94968
chr15	96913477	97113477	harbor2	chr15	96984726	96984903	SINE/MIR	407	-	88	96984814	71337
chr15	33092032	33292032	harbor2	chr15	33122889	33123041	SINE/MIR	483	-	76	33122965	30933
chr15	33092032	33292032	harbor2	chr15	33129558	33129747	SINE/MIR	468	-	94	33129652	37620
chr15	33092032	33292032	harbor2	chr15	33157420	33157533	SINE/MIR	406	-	56	33157476	65444
chr15	33092032	33292032	harbor2	chr15	33166104	33166304	SINE/MIR	508	-	100	33166204	74172
chr15	33092032	33292032	harbor2	chr15	33168044	33168181	SINE/MIR	544	-	68	33168112	76080
chr15	33092032	33292032	harbor2	chr15	33176989	33177224	SINE/MIR	1016	-	118	33177107	85075
chr15	33092032	33292032	harbor2	chr15	33182847	33183078	SINE/MIR	590	-	116	33182963	90931
chr15	38845904	39045904	harbor2	chr15	38864521	38864674	SINE/MIR	427	-	76	38864597	18693
chr15	38845904	39045904	harbor2	chr15	38875564	38875613	SINE/MIR	448	-	24	38875588	29684
chr15	38845904	39045904	harbor2	chr15	38875912	38876027	SINE/MIR	448	-	58	38875970	30066
chr15	38845904	39045904	harbor2	chr15	38876291	38876394	SINE/MIR	452	-	52	38876343	30439
chr15	38845904	39045904	harbor2	chr15	38895130	38895290	SINE/MIR	518	-	80	38895210	49306
chr15	75063395	75263395	harbor2	chr15	75097694	75097923	SINE/MIR	914	-	114	75097808	34413
chr15	75063395	75263395	harbor2	chr15	75162765	75163005	SINE/MIR	878	-	120	75162885	99490
chr15	100141767	100341767	harbor2	chr15	100142507	100142724	SINE/MIR	578	-	108	100142615	848
chr15	100141767	100341767	harbor2	chr15	100210314	100210561	SINE/MIR	760	-	124	100210438	68671
chr15	100141767	100341767	harbor2	chr15	100212108	100212263	SINE/MIR	519	-	78	100212186	70419
chr15	100141767	100341767	harbor2	chr15	100219913	100220022	SINE/MIR	460	-	54	100219967	78200
chr15	61523963	61723963	harbor2	chr15	61536089	61536278	SINE/MIR	419	-	94	61536183	12220
chr15	61523963	61723963	harbor2	chr15	61550152	61550318	SINE/MIR	464	-	83	61550235	26272
chr15	61523963	61723963	harbor2	chr15	61573416	61573654	SINE/MIR	456	-	119	61573535	49572
chr15	61523963	61723963	harbor2	chr15	61597925	61598150	SINE/MIR	571	-	112	61598037	74074
chr15	61523963	61723963	harbor2	chr15	61621962	61622199	SINE/MIR	852	-	118	61622080	98117
chr15	46828330	47028330	harbor2	chr15	46899138	46899355	SINE/MIR	570	-	108	46899246	70916
chr15	46828330	47028330	harbor2	chr15	46920642	46920789	SINE/MIR	605	-	74	46920716	92386
chr15	42590564	42790564	harbor2	chr15	42591823	42592046	SINE/MIR	487	-	112	42591935	1371
chr15	42590564	42790564	harbor2	chr15	42592086	42592275	SINE/MIR	471	-	94	42592180	1616
chr15	42590564	42790564	harbor2	chr15	42633204	42633327	SINE/MIR	480	-	62	42633266	42702
chr15	70354617	70554617	harbor2	chr15	70401646	70401831	SINE/MIR	475	-	92	70401738	47121
chr15	70354617	70554617	harbor2	chr15	70405483	70405612	SINE/MIR	588	-	64	70405547	50930
chr15	70354617	70554617	harbor2	chr15	70426824	70426982	SINE/MIR	718	-	79	70426903	72286
chr15	70354617	70554617	harbor2	chr15	70427295	70427340	SINE/MIR	718	-	22	70427317	72700
chr15	70354617	70554617	harbor2	chr15	70427825	70428034	SINE/MIR	645	-	104	70427929	73312
chr15	70354617	70554617	harbor2	chr15	70436091	70436293	SINE/MIR	420	-	101	70436192	81575
chr15	70354617	70554617	harbor2	chr15	70436387	70436610	SINE/MIR	570	-	112	70436499	81882
chr15	44130173	44330173	harbor2	chr15	44173973	44174081	SINE/MIR	495	-	54	44174027	43854
chr15	44130173	44330173	harbor2	chr15	44204219	44204457	SINE/MIR	818	-	119	44204338	74165
chr15	44130173	44330173	harbor2	chr15	44211989	44212115	SINE/MIR	745	-	63	44212052	81879
chr15	71015917	71215917	harbor2	chr15	71052619	71052802	SINE/MIR	420	-	92	71052711	36794
chr15	71015917	71215917	harbor2	chr15	71091180	71091329	SINE/MIR	545	-	74	71091254	75337
chr15	71015917	71215917	harbor2	chr15	71091629	71091758	SINE/MIR	545	-	64	71091693	75776
chr15	91506756	91706756	harbor2	chr15	91509814	91510051	SINE/MIR	716	-	118	91509932	3176
chr15	91506756	91706756	harbor2	chr15	91526241	91526416	SINE/MIR	442	-	88	91526329	19573
chr15	91506756	91706756	harbor2	chr15	91526835	91526864	SINE/MIR	442	-	14	91526849	20093
chr15	91506756	91706756	harbor2	chr15	91530837	91531050	SINE/MIR	594	-	106	91530943	24187
chr15	91506756	91706756	harbor2	chr15	91537454	91537610	SINE/MIR	431	-	78	91537532	30776
chr15	91506756	91706756	harbor2	chr15	91550814	91551061	SINE/MIR	420	-	124	91550938	44182
chr15	91506756	91706756	harbor2	chr15	91561667	91561852	SINE/MIR	409	-	92	91561759	55003
chr15	89008472	89208472	harbor2	chr15	89020315	89020413	SINE/MIR	465	-	49	89020364	11892
chr15	89008472	89208472	harbor2	chr15	89042031	89042280	SINE/MIR	773	-	124	89042155	33683
chr15	89008472	89208472	harbor2	chr15	89084745	89084983	SINE/MIR	757	-	119	89084864	76392
chr15	89008472	89208472	harbor2	chr15	89087535	89087736	SINE/MIR	486	-	100	89087635	79163
chr15	78152046	78352046	harbor2	chr15	78167158	78167361	SINE/MIR	647	-	102	78167260	15214
chr15	78152046	78352046	harbor2	chr15	78174861	78175104	SINE/MIR	953	-	122	78174983	22937
chr15	78152046	78352046	harbor2	chr15	78195277	78195435	SINE/MIR	634	-	79	78195356	43310
chr15	78152046	78352046	harbor2	chr15	78213805	78214002	SINE/MIR	425	-	98	78213903	61857
chr15	78152046	78352046	harbor2	chr15	78218546	78218767	SINE/MIR	996	-	110	78218656	66610
chr15	78152046	78352046	harbor2	chr15	78231896	78232091	SINE/MIR	578	-	98	78231994	79948
chr15	78152046	78352046	harbor2	chr15	78232146	78232327	SINE/MIR	495	-	90	78232236	80190
chr15	78152046	78352046	harbor2	chr15	78234219	78234339	SINE/MIR	454	-	60	78234279	82233
chr15	78152046	78352046	harbor2	chr15	78246779	78246970	SINE/MIR	631	-	96	78246875	94829
chr15	78152046	78352046	harbor2	chr15	78217202	78217431	SINE/MIR	727	-	114	78217316	65270
chr15	67739019	67939019	harbor2	chr15	67784085	67784254	SINE/MIR	527	-	84	67784169	45150
chr15	67739019	67939019	harbor2	chr15	67809233	67809461	SINE/MIR	726	-	114	67809347	70328
chr15	42940846	43140846	harbor2	chr15	42997681	42997867	SINE/MIR	786	-	93	42997774	56928
chr15	42940846	43140846	harbor2	chr15	43008014	43008123	SINE/MIR	462	-	54	43008068	67222
chr15	42940846	43140846	harbor2	chr15	43009620	43009762	SINE/MIR	513	-	71	43009691	68845
chr15	42940846	43140846	harbor2	chr15	43030916	43031138	SINE/MIR	478	-	111	43031027	90181
chr15	58894219	59094219	harbor2	chr15	58919743	58919962	SINE/MIR	487	-	110	58919853	25634
chr15	58894219	59094219	harbor2	chr15	58934681	58934900	SINE/MIR	697	-	110	58934791	40572
chr15	58894219	59094219	harbor2	chr15	58986899	58987124	SINE/MIR	582	-	112	58987011	92792
chr15	28783766	28983766	harbor2	chr15	28800524	28800725	SINE/MIR	878	-	100	28800624	16858
chr15	28783766	28983766	harbor2	chr15	28812917	28813076	SINE/MIR	532	-	80	28812997	29231
chr15	28783766	28983766	harbor2	chr15	28844735	28844931	SINE/MIR	517	-	98	28844833	61067
chr15	93250665	93450665	harbor2	chr15	93253236	93253361	SINE/MIR	415	-	62	93253298	2633
chr15	93250665	93450665	harbor2	chr15	93255166	93255201	SINE/MIR	429	-	18	93255184	4519
chr15	93250665	93450665	harbor2	chr15	93255504	93255579	SINE/MIR	429	-	38	93255542	4877
chr15	93250665	93450665	harbor2	chr15	93275132	93275358	SINE/MIR	653	-	113	93275245	24580
chr15	93250665	93450665	harbor2	chr15	93285696	93285855	SINE/MIR	611	-	80	93285776	35111
chr15	93250665	93450665	harbor2	chr15	93312338	93312517	SINE/MIR	461	-	90	93312428	61763
chr15	93250665	93450665	harbor2	chr15	93321159	93321291	SINE/MIR	626	-	66	93321225	70560
chr15	93250665	93450665	harbor2	chr15	93341078	93341332	SINE/MIR	699	-	127	93341205	90540
chr15	101752643	101952643	harbor2	chr15	101776730	101776954	SINE/MIR	558	-	112	101776842	24199
chr15	101752643	101952643	harbor2	chr15	101820678	101820901	SINE/MIR	448	-	112	101820790	68147
chr15	101752643	101952643	harbor2	chr15	101851261	101851474	SINE/MIR	778	-	106	101851367	98724
chr15	71615979	71815979	harbor2	chr15	71623276	71623490	SINE/MIR	684	-	107	71623383	7404
chr15	71615979	71815979	harbor2	chr15	71635778	71636023	SINE/MIR	642	-	122	71635900	19921
chr15	71615979	71815979	harbor2	chr15	71641115	71641221	SINE/MIR	462	-	53	71641168	25189
chr15	71615979	71815979	harbor2	chr15	71661841	71662032	SINE/MIR	622	-	96	71661937	45958
chr15	44480594	44680594	harbor2	chr15	44507833	44508001	SINE/MIR	773	-	84	44507917	27323
chr15	60089029	60289029	harbor2	chr15	60099150	60099328	SINE/MIR	409	-	89	60099239	10210
chr15	60089029	60289029	harbor2	chr15	60100950	60101185	SINE/MIR	900	-	118	60101068	12039
chr15	60089029	60289029	harbor2	chr15	60106255	60106435	SINE/MIR	413	-	90	60106345	17316
chr15	60089029	60289029	harbor2	chr15	60120046	60120250	SINE/MIR	610	-	102	60120148	31119
chr15	60089029	60289029	harbor2	chr15	60135197	60135390	SINE/MIR	446	-	96	60135293	46264
chr15	60089029	60289029	harbor2	chr15	60153276	60153444	SINE/MIR	524	-	84	60153360	64331
chr15	60089029	60289029	harbor2	chr15	60167051	60167215	SINE/MIR	436	-	82	60167133	78104
chr15	60089029	60289029	harbor2	chr15	60174444	60174672	SINE/MIR	572	-	114	60174558	85529
chr15	99543281	99743281	harbor2	chr15	99558476	99558617	SINE/MIR	419	-	70	99558546	15265
chr15	99543281	99743281	harbor2	chr15	99585656	99585776	SINE/MIR	505	-	60	99585716	42435
chr15	99543281	99743281	harbor2	chr15	99615455	99615714	SINE/MIR	690	-	130	99615585	72304
chr15	99543281	99743281	harbor2	chr15	99615747	99615980	SINE/MIR	465	-	116	99615863	72582
chr15	91847856	92047856	harbor2	chr15	91884017	91884228	SINE/MIR	471	-	106	91884123	36267
chr15	91847856	92047856	harbor2	chr15	91914282	91914476	SINE/MIR	433	-	97	91914379	66523
chr15	91847856	92047856	harbor2	chr15	91928289	91928501	SINE/MIR	436	-	106	91928395	80539
chr15	91847856	92047856	harbor2	chr15	91930707	91930869	SINE/MIR	537	-	81	91930788	82932
chr15	91847856	92047856	harbor2	chr15	91933621	91933819	SINE/MIR	851	-	99	91933720	85864
chr15	91847856	92047856	harbor2	chr15	91938552	91938757	SINE/MIR	805	-	102	91938654	90798
chr15	91847856	92047856	harbor2	chr15	91914080	91914261	SINE/MIR	521	-	90	91914170	66314
chr15	89282749	89482749	harbor2	chr15	89284088	89284181	SINE/MIR	430	-	46	89284134	1385
chr15	89282749	89482749	harbor2	chr15	89284435	89284572	SINE/MIR	494	-	68	89284503	1754
chr15	89282749	89482749	harbor2	chr15	89291119	89291353	SINE/MIR	427	-	117	89291236	8487
chr15	89282749	89482749	harbor2	chr15	89337959	89338174	SINE/MIR	800	-	108	89338067	55318
chr15	89282749	89482749	harbor2	chr15	89351922	89352061	SINE/MIR	491	-	70	89351992	69243
chr15	89282749	89482749	harbor2	chr15	89352382	89352455	SINE/MIR	491	-	36	89352418	69669
chr15	89282749	89482749	harbor2	chr15	89380339	89380490	SINE/MIR	555	-	76	89380415	97666
chr15	78036193	78236193	harbor2	chr15	78039654	78039751	SINE/MIR	628	-	48	78039702	3509
chr15	78036193	78236193	harbor2	chr15	78039786	78039894	SINE/MIR	628	-	54	78039840	3647
chr15	78036193	78236193	harbor2	chr15	78041835	78042067	SINE/MIR	914	-	116	78041951	5758
chr15	78036193	78236193	harbor2	chr15	78076793	78076915	SINE/MIR	472	-	61	78076854	40661
chr15	78036193	78236193	harbor2	chr15	78106282	78106424	SINE/MIR	406	-	71	78106353	70160
chr15	78036193	78236193	harbor2	chr15	78111593	78111788	SINE/MIR	553	-	98	78111691	75498
chr15	78036193	78236193	harbor2	chr15	78112916	78113165	SINE/MIR	758	-	124	78113040	76847
chr15	78036193	78236193	harbor2	chr15	78122539	78122699	SINE/MIR	444	-	80	78122619	86426
chr15	78036193	78236193	harbor2	chr15	78125939	78126144	SINE/MIR	434	-	102	78126041	89848
chr15	78036193	78236193	harbor2	chr15	78127810	78127985	SINE/MIR	548	-	88	78127898	91705
chr15	78036193	78236193	harbor2	chr15	78132902	78133054	SINE/MIR	523	-	76	78132978	96785
chr15	78036193	78236193	harbor2	chr15	78134546	78134701	SINE/MIR	645	-	78	78134624	98431
chr15	78036193	78236193	harbor2	chr15	78134793	78134993	SINE/MIR	524	-	100	78134893	98700
chr15	77651376	77851376	harbor2	chr15	77653827	77653920	SINE/MIR	488	-	46	77653873	2497
chr15	77651376	77851376	harbor2	chr15	77654311	77654443	SINE/MIR	488	-	66	77654377	3001
chr15	77651376	77851376	harbor2	chr15	77655626	77655761	SINE/MIR	447	-	68	77655694	4318
chr15	77651376	77851376	harbor2	chr15	77679456	77679681	SINE/MIR	952	-	112	77679568	28192
chr15	77651376	77851376	harbor2	chr15	77681844	77682056	SINE/MIR	454	-	106	77681950	30574
chr15	77651376	77851376	harbor2	chr15	77684197	77684409	SINE/MIR	869	-	106	77684303	32927
chr15	77651376	77851376	harbor2	chr15	77689888	77690043	SINE/MIR	406	-	78	77689966	38590
chr15	77651376	77851376	harbor2	chr15	77692158	77692304	SINE/MIR	582	-	73	77692231	40855
chr15	77651376	77851376	harbor2	chr15	77694215	77694401	SINE/MIR	500	-	93	77694308	42932
chr15	77651376	77851376	harbor2	chr15	77695038	77695236	SINE/MIR	489	-	99	77695137	43761
chr15	77651376	77851376	harbor2	chr15	77701010	77701168	SINE/MIR	558	-	79	77701089	49713
chr15	77651376	77851376	harbor2	chr15	77715995	77716229	SINE/MIR	702	-	117	77716112	64736
chr15	77651376	77851376	harbor2	chr15	77723466	77723657	SINE/MIR	406	-	96	77723562	72186
chr15	77651376	77851376	harbor2	chr15	77727760	77727912	SINE/MIR	576	-	76	77727836	76460
chr15	77651376	77851376	harbor2	chr15	77730211	77730453	SINE/MIR	852	-	121	77730332	78956
chr15	77651376	77851376	harbor2	chr15	77736333	77736480	SINE/MIR	459	-	74	77736407	85031
chr15	77651376	77851376	harbor2	chr15	77736803	77736819	SINE/MIR	459	-	8	77736811	85435
chr15	77651376	77851376	harbor2	chr15	77742369	77742559	SINE/MIR	513	-	95	77742464	91088
chr15	77651376	77851376	harbor2	chr15	77744567	77744817	SINE/MIR	905	-	125	77744692	93316
chr15	77651376	77851376	harbor2	chr15	77745631	77745787	SINE/MIR	484	-	78	77745709	94333
chr15	77651376	77851376	harbor2	chr15	77746903	77747068	SINE/MIR	469	-	82	77746985	95609
chr15	77651376	77851376	harbor2	chr15	77725589	77725744	SINE/MIR	409	-	78	77725667	74291
chr15	94180151	94380151	harbor2	chr15	94230320	94230580	SINE/MIR	526	-	130	94230450	50299
chr15	94180151	94380151	harbor2	chr15	94232866	94233077	SINE/MIR	525	-	106	94232972	52821
chr15	94180151	94380151	harbor2	chr15	94235590	94235812	SINE/MIR	692	-	111	94235701	55550
chr15	94180151	94380151	harbor2	chr15	94240202	94240335	SINE/MIR	407	-	66	94240268	60117
chr15	54572176	54772176	harbor2	chr15	54584724	54584915	SINE/MIR	415	-	96	54584820	12644
chr15	54572176	54772176	harbor2	chr15	54610600	54610841	SINE/MIR	829	-	120	54610720	38544
chr15	54572176	54772176	harbor2	chr15	54665860	54666099	SINE/MIR	611	-	120	54665980	93804
chr15	100766367	100966367	harbor2	chr15	100776813	100776941	SINE/MIR	553	-	64	100776877	10510
chr15	98776356	98976356	harbor2	chr15	98779385	98779548	SINE/MIR	561	-	82	98779467	3111
chr15	98776356	98976356	harbor2	chr15	98798847	98798994	SINE/MIR	489	-	74	98798921	22565
chr15	98776356	98976356	harbor2	chr15	98839130	98839358	SINE/MIR	820	-	114	98839244	62888
chr15	46256172	46456172	harbor2	chr15	46301853	46302076	SINE/MIR	550	-	112	46301965	45793
chr15	46256172	46456172	harbor2	chr15	46309145	46309340	SINE/MIR	463	-	98	46309243	53071
chr15	46256172	46456172	harbor2	chr15	46314961	46315074	SINE/MIR	413	-	56	46315017	58845
chr15	46256172	46456172	harbor2	chr15	46318533	46318783	SINE/MIR	597	-	125	46318658	62486
chr15	100133680	100333680	harbor2	chr15	100142507	100142724	SINE/MIR	578	-	108	100142615	8935
chr15	100133680	100333680	harbor2	chr15	100210314	100210561	SINE/MIR	760	-	124	100210438	76758
chr15	100133680	100333680	harbor2	chr15	100212108	100212263	SINE/MIR	519	-	78	100212186	78506
chr15	100133680	100333680	harbor2	chr15	100219913	100220022	SINE/MIR	460	-	54	100219967	86287
chr15	89165022	89365022	harbor2	chr15	89172613	89172800	SINE/MIR	588	-	94	89172707	7685
chr15	89165022	89365022	harbor2	chr15	89190624	89190870	SINE/MIR	631	-	123	89190747	25725
chr15	89165022	89365022	harbor2	chr15	89217573	89217759	SINE/MIR	657	-	93	89217666	52644
chr15	89165022	89365022	harbor2	chr15	89218119	89218239	SINE/MIR	448	-	60	89218179	53157
chr15	89165022	89365022	harbor2	chr15	89219569	89219754	SINE/MIR	486	-	92	89219661	54639
chr15	89165022	89365022	harbor2	chr15	89255961	89256097	SINE/MIR	410	-	68	89256029	91007
chr15	101267964	101467964	harbor2	chr15	101284146	101284362	SINE/MIR	458	-	108	101284254	16290
chr15	101267964	101467964	harbor2	chr15	101362634	101362847	SINE/MIR	672	-	106	101362740	94776
chr15	62546554	62746554	harbor2	chr15	62641653	62641809	SINE/MIR	536	-	78	62641731	95177
chr15	92559666	92759666	harbor2	chr15	92568611	92568821	SINE/MIR	767	-	105	92568716	9050
chr15	92559666	92759666	harbor2	chr15	92612710	92612926	SINE/MIR	827	-	108	92612818	53152
chr15	92559666	92759666	harbor2	chr15	92636319	92636536	SINE/MIR	526	-	108	92636427	76761
chr15	92008538	92208538	harbor2	chr15	92027322	92027569	SINE/MIR	551	-	124	92027446	18908
chr15	92008538	92208538	harbor2	chr15	92034909	92035084	SINE/MIR	433	-	88	92034997	26459
chr15	92008538	92208538	harbor2	chr15	92048937	92049098	SINE/MIR	475	-	80	92049017	40479
chr15	92008538	92208538	harbor2	chr15	92083770	92084011	SINE/MIR	772	-	120	92083890	75352
chr15	92008538	92208538	harbor2	chr15	92084306	92084524	SINE/MIR	537	-	109	92084415	75877
chr15	92008538	92208538	harbor2	chr15	92090806	92091041	SINE/MIR	964	-	118	92090924	82386
chr15	92008538	92208538	harbor2	chr15	92097167	92097310	SINE/MIR	499	-	72	92097239	88701
chr15	92008538	92208538	harbor2	chr15	92102425	92102626	SINE/MIR	543	-	100	92102525	93987
chr15	92008538	92208538	harbor2	chr15	92103568	92103806	SINE/MIR	712	-	119	92103687	95149
chr15	38775966	38975966	harbor2	chr15	38780353	38780574	SINE/MIR	480	-	110	38780463	4497
chr15	38775966	38975966	harbor2	chr15	38864521	38864674	SINE/MIR	427	-	76	38864597	88631
chr15	38775966	38975966	harbor2	chr15	38875564	38875613	SINE/MIR	448	-	24	38875588	99622
chr15	38775966	38975966	harbor2	chr15	38830048	38830244	SINE/MIR	688	-	98	38830146	54180
chr15	87433606	87633606	harbor2	chr15	87470010	87470239	SINE/MIR	592	-	114	87470124	36518
chr15	87433606	87633606	harbor2	chr15	87502351	87502548	SINE/MIR	564	-	98	87502449	68843
chr15	87433606	87633606	harbor2	chr15	87505292	87505501	SINE/MIR	582	-	104	87505396	71790
chr15	87433606	87633606	harbor2	chr15	87518566	87518806	SINE/MIR	448	-	120	87518686	85080
chr15	87433606	87633606	harbor2	chr15	87520653	87520858	SINE/MIR	526	-	102	87520755	87149
chr15	87433606	87633606	harbor2	chr15	87522616	87522803	SINE/MIR	463	-	94	87522710	89104
chr15	31391082	31591082	harbor2	chr15	31401569	31401771	SINE/MIR	493	-	101	31401670	10588
chr15	31391082	31591082	harbor2	chr15	31434127	31434253	SINE/MIR	511	-	63	31434190	43108
chr16	83272094	83472094	harbor2	chr16	83293845	83294066	SINE/MIR	548	-	110	83293955	21861
chr16	83272094	83472094	harbor2	chr16	83330967	83331172	SINE/MIR	512	-	102	83331069	58975
chr16	83272094	83472094	harbor2	chr16	83339467	83339674	SINE/MIR	414	-	104	83339571	67477
chr16	83272094	83472094	harbor2	chr16	83347537	83347725	SINE/MIR	486	-	94	83347631	75537
chr16	83272094	83472094	harbor2	chr16	83355952	83356077	SINE/MIR	517	-	62	83356014	83920
chr16	59638626	59838626	harbor2	chr16	59683998	59684195	SINE/MIR	541	-	98	59684096	45470
chr16	59638626	59838626	harbor2	chr16	59711055	59711230	SINE/MIR	488	-	88	59711143	72517
chr16	85305309	85505309	harbor2	chr16	85332362	85332560	SINE/MIR	579	-	99	85332461	27152
chr16	85305309	85505309	harbor2	chr16	85338642	85338845	SINE/MIR	570	-	102	85338744	33435
chr16	85305309	85505309	harbor2	chr16	85344556	85344782	SINE/MIR	592	-	113	85344669	39360
chr16	85305309	85505309	harbor2	chr16	85372753	85372956	SINE/MIR	547	-	102	85372855	67546
chr16	85305309	85505309	harbor2	chr16	85389742	85389880	SINE/MIR	513	-	69	85389811	84502
chr16	85310590	85510590	harbor2	chr16	85332362	85332560	SINE/MIR	579	-	99	85332461	21871
chr16	85310590	85510590	harbor2	chr16	85338642	85338845	SINE/MIR	570	-	102	85338744	28154
chr16	85310590	85510590	harbor2	chr16	85344556	85344782	SINE/MIR	592	-	113	85344669	34079
chr16	85310590	85510590	harbor2	chr16	85372753	85372956	SINE/MIR	547	-	102	85372855	62265
chr16	85310590	85510590	harbor2	chr16	85389742	85389880	SINE/MIR	513	-	69	85389811	79221
chr16	87814657	88014657	harbor2	chr16	87858496	87858670	SINE/MIR	463	-	87	87858583	43926
chr16	87814657	88014657	harbor2	chr16	87910275	87910441	SINE/MIR	428	-	83	87910358	95701
chr16	57436404	57636404	harbor2	chr16	57441500	57441726	SINE/MIR	606	-	113	57441613	5209
chr16	57436404	57636404	harbor2	chr16	57474192	57474432	SINE/MIR	469	-	120	57474312	37908
chr16	57436404	57636404	harbor2	chr16	57511599	57511749	SINE/MIR	470	-	75	57511674	75270
chr16	57436404	57636404	harbor2	chr16	57512980	57513141	SINE/MIR	565	-	80	57513060	76656
chr16	57436404	57636404	harbor2	chr16	57514146	57514194	SINE/MIR	940	-	24	57514170	77766
chr16	57436404	57636404	harbor2	chr16	57514495	57514701	SINE/MIR	940	-	103	57514598	78194
chr16	69807420	70007420	harbor2	chr16	69838200	69838374	SINE/MIR	415	-	87	69838287	30867
chr16	19590965	19790965	harbor2	chr16	19596066	19596259	SINE/MIR	672	-	96	19596162	5197
chr16	19590965	19790965	harbor2	chr16	19638263	19638377	SINE/MIR	625	-	57	19638320	47355
chr16	19590965	19790965	harbor2	chr16	19639218	19639351	SINE/MIR	625	-	66	19639284	48319
chr16	19590965	19790965	harbor2	chr16	19673702	19673914	SINE/MIR	459	-	106	19673808	82843
chr16	19590965	19790965	harbor2	chr16	19684512	19684723	SINE/MIR	463	-	106	19684618	93653
chr16	52206352	52406352	harbor2	chr16	52206947	52207074	SINE/MIR	448	-	64	52207011	659
chr16	52206352	52406352	harbor2	chr16	52215304	52215538	SINE/MIR	720	-	117	52215421	9069
chr16	52206352	52406352	harbor2	chr16	52255959	52256192	SINE/MIR	561	-	116	52256075	49723
chr16	52206352	52406352	harbor2	chr16	52291323	52291518	SINE/MIR	610	-	98	52291421	85069
chr16	52206352	52406352	harbor2	chr16	52297091	52297317	SINE/MIR	434	-	113	52297204	90852
chr16	89385370	89585370	harbor2	chr16	89425137	89425331	SINE/MIR	743	-	97	89425234	39864
chr16	63195089	63395089	harbor2	chr16	63278549	63278758	SINE/MIR	669	-	104	63278653	83564
chr16	68870847	69070847	harbor2	chr16	68948352	68948513	SINE/MIR	632	-	80	68948432	77585
chr16	86002399	86202399	harbor2	chr16	86002509	86002748	SINE/MIR	494	-	120	86002629	230
chr16	86002399	86202399	harbor2	chr16	86010461	86010668	SINE/MIR	785	-	104	86010565	8166
chr16	86002399	86202399	harbor2	chr16	86020555	86020747	SINE/MIR	502	-	96	86020651	18252
chr16	86002399	86202399	harbor2	chr16	86022965	86023133	SINE/MIR	566	-	84	86023049	20650
chr16	86002399	86202399	harbor2	chr16	86024703	86024942	SINE/MIR	1158	-	120	86024823	22424
chr16	86002399	86202399	harbor2	chr16	86030495	86030611	SINE/MIR	448	-	58	86030553	28154
chr16	86002399	86202399	harbor2	chr16	86047490	86047680	SINE/MIR	478	-	95	86047585	45186
chr16	86002399	86202399	harbor2	chr16	86062290	86062464	SINE/MIR	475	-	87	86062377	59978
chr16	86002399	86202399	harbor2	chr16	86075918	86076100	SINE/MIR	893	-	91	86076009	73610
chr16	86002399	86202399	harbor2	chr16	86081107	86081248	SINE/MIR	417	-	70	86081177	78778
chr16	86002399	86202399	harbor2	chr16	86081415	86081522	SINE/MIR	417	-	54	86081469	79070
chr16	86002399	86202399	harbor2	chr16	86084339	86084486	SINE/MIR	438	-	74	86084413	82014
chr16	86002399	86202399	harbor2	chr16	86089841	86090049	SINE/MIR	532	-	104	86089945	87546
chr16	86002399	86202399	harbor2	chr16	86048729	86048960	SINE/MIR	638	-	116	86048845	46446
chr16	51915158	52115158	harbor2	chr16	51918642	51918820	SINE/MIR	417	-	89	51918731	3573
chr16	51915158	52115158	harbor2	chr16	51918844	51919063	SINE/MIR	494	-	110	51918954	3796
chr16	51915158	52115158	harbor2	chr16	51922318	51922542	SINE/MIR	553	-	112	51922430	7272
chr16	51915158	52115158	harbor2	chr16	51931341	51931589	SINE/MIR	660	-	124	51931465	16307
chr16	51915158	52115158	harbor2	chr16	51944653	51944830	SINE/MIR	573	-	88	51944741	29583
chr16	51915158	52115158	harbor2	chr16	51978067	51978266	SINE/MIR	637	-	100	51978167	63009
chr16	51915158	52115158	harbor2	chr16	52002348	52002552	SINE/MIR	635	-	102	52002450	87292
chr16	51915158	52115158	harbor2	chr16	52004490	52004685	SINE/MIR	420	-	98	52004588	89430
chr16	51915158	52115158	harbor2	chr16	52007364	52007583	SINE/MIR	633	-	110	52007474	92316
chr16	86209934	86409934	harbor2	chr16	86216150	86216324	SINE/MIR	449	-	87	86216237	6303
chr16	86209934	86409934	harbor2	chr16	86230781	86231008	SINE/MIR	582	-	114	86230895	20961
chr16	86209934	86409934	harbor2	chr16	86270071	86270266	SINE/MIR	813	-	98	86270169	60235
chr16	86209934	86409934	harbor2	chr16	86307998	86308206	SINE/MIR	637	-	104	86308102	98168
chr16	58303778	58503778	harbor2	chr16	58334989	58335212	SINE/MIR	807	-	112	58335101	31323
chr16	58303778	58503778	harbor2	chr16	58387227	58387383	SINE/MIR	417	-	78	58387305	83527
chr16	68926297	69126297	harbor2	chr16	68948352	68948513	SINE/MIR	632	-	80	68948432	22135
chr16	68926297	69126297	harbor2	chr16	68975100	68975282	SINE/MIR	503	-	91	68975191	48894
chr16	67660371	67860371	harbor2	chr16	67704320	67704448	SINE/MIR	448	-	64	67704384	44013
chr16	67660371	67860371	harbor2	chr16	67738940	67738971	SINE/MIR	514	-	16	67738956	78585
chr16	67660371	67860371	harbor2	chr16	67739266	67739418	SINE/MIR	514	-	76	67739342	78971
chr16	74688122	74888122	harbor2	chr16	74730746	74730900	SINE/MIR	521	-	77	74730823	42701
chr16	74688122	74888122	harbor2	chr16	74753121	74753290	SINE/MIR	466	-	84	74753205	65083
chr16	31168791	31368791	harbor2	chr16	31206935	31207076	SINE/MIR	436	-	70	31207005	38214
chr16	31168791	31368791	harbor2	chr16	31251557	31251698	SINE/MIR	517	-	70	31251627	82836
chr16	31168791	31368791	harbor2	chr16	31252006	31252060	SINE/MIR	517	-	27	31252033	83242
chr16	82630977	82830977	harbor2	chr16	82637349	82637428	SINE/MIR	448	-	40	82637389	6412
chr16	82630977	82830977	harbor2	chr16	82637737	82637832	SINE/MIR	448	-	48	82637785	6808
chr16	82630977	82830977	harbor2	chr16	82642724	82642935	SINE/MIR	422	-	106	82642830	11853
chr16	82630977	82830977	harbor2	chr16	82649112	82649235	SINE/MIR	438	-	62	82649174	18197
chr16	82630977	82830977	harbor2	chr16	82651305	82651491	SINE/MIR	419	-	93	82651398	20421
chr16	82630977	82830977	harbor2	chr16	82651542	82651755	SINE/MIR	458	-	106	82651648	20671
chr16	82630977	82830977	harbor2	chr16	82711833	82712018	SINE/MIR	610	-	92	82711925	80948
chr16	67253672	67453672	harbor2	chr16	67300160	67300379	SINE/MIR	576	-	110	67300270	46598
chr16	67253672	67453672	harbor2	chr16	67341323	67341471	SINE/MIR	611	-	74	67341397	87725
chr16	79686610	79886610	harbor2	chr16	79721750	79721979	SINE/MIR	464	-	114	79721864	35254
chr16	79686610	79886610	harbor2	chr16	79745491	79745619	SINE/MIR	527	-	64	79745555	58945
chr16	79686610	79886610	harbor2	chr16	79761711	79761954	SINE/MIR	560	-	122	79761833	75223
chr16	79686610	79886610	harbor2	chr16	79773053	79773268	SINE/MIR	424	-	108	79773161	86551
chr16	79686610	79886610	harbor2	chr16	79783872	79784093	SINE/MIR	518	-	110	79783982	97372
chr16	55365595	55565595	harbor2	chr16	55381078	55381263	SINE/MIR	515	-	92	55381170	15575
chr16	55365595	55565595	harbor2	chr16	55383042	55383206	SINE/MIR	475	-	82	55383124	17529
chr16	55365595	55565595	harbor2	chr16	55388722	55388918	SINE/MIR	623	-	98	55388820	23225
chr16	55365595	55565595	harbor2	chr16	55389259	55389473	SINE/MIR	807	-	107	55389366	23771
chr16	55365595	55565595	harbor2	chr16	55420429	55420643	SINE/MIR	663	-	107	55420536	54941
chr16	55365595	55565595	harbor2	chr16	55422776	55422910	SINE/MIR	479	-	67	55422843	57248
chr16	55365595	55565595	harbor2	chr16	55457612	55457832	SINE/MIR	717	-	110	55457722	92127
chr16	85191342	85391342	harbor2	chr16	85209164	85209324	SINE/MIR	669	-	80	85209244	17902
chr16	85191342	85391342	harbor2	chr16	85216531	85216722	SINE/MIR	532	-	96	85216627	25285
chr16	85191342	85391342	harbor2	chr16	85251954	85252087	SINE/MIR	520	-	66	85252020	60678
chr16	85191342	85391342	harbor2	chr16	85261924	85262094	SINE/MIR	499	-	85	85262009	70667
chr16	85191342	85391342	harbor2	chr16	85269954	85270095	SINE/MIR	478	-	70	85270024	78682
chr16	85191342	85391342	harbor2	chr16	85276092	85276179	SINE/MIR	543	-	44	85276136	84794
chr16	85191342	85391342	harbor2	chr16	85283694	85283922	SINE/MIR	903	-	114	85283808	92466
chr16	85191342	85391342	harbor2	chr16	85291048	85291235	SINE/MIR	600	-	94	85291142	99800
chr16	85191342	85391342	harbor2	chr16	85229474	85229680	SINE/MIR	803	-	103	85229577	38235
chr16	25546714	25746714	harbor2	chr16	25568137	25568347	SINE/MIR	509	-	105	25568242	21528
chr16	25546714	25746714	harbor2	chr16	25616217	25616359	SINE/MIR	516	-	71	25616288	69574
chr16	25546714	25746714	harbor2	chr16	25617799	25617942	SINE/MIR	590	-	72	25617871	71157
chr16	25546714	25746714	harbor2	chr16	25626801	25626954	SINE/MIR	541	-	76	25626877	80163
chr16	25546714	25746714	harbor2	chr16	25636683	25636965	SINE/MIR	975	-	141	25636824	90110
chr16	48168410	48368410	harbor2	chr16	48178031	48178275	SINE/MIR	714	-	122	48178153	9743
chr16	48168410	48368410	harbor2	chr16	48181384	48181608	SINE/MIR	727	-	112	48181496	13086
chr16	48168410	48368410	harbor2	chr16	48181909	48181941	SINE/MIR	727	-	16	48181925	13515
chr16	48168410	48368410	harbor2	chr16	48194391	48194504	SINE/MIR	433	-	56	48194447	26037
chr16	48168410	48368410	harbor2	chr16	48194907	48194988	SINE/MIR	433	-	40	48194947	26537
chr16	48168410	48368410	harbor2	chr16	48197345	48197546	SINE/MIR	476	-	100	48197445	29035
chr16	48168410	48368410	harbor2	chr16	48202118	48202232	SINE/MIR	511	-	57	48202175	33765
chr16	48168410	48368410	harbor2	chr16	48220526	48220703	SINE/MIR	499	-	88	48220614	52204
chr16	48168410	48368410	harbor2	chr16	48223868	48224137	SINE/MIR	450	-	134	48224002	55592
chr16	66219986	66419986	harbor2	chr16	66235629	66235713	SINE/MIR	416	-	42	66235671	15685
chr16	66219986	66419986	harbor2	chr16	66243300	66243497	SINE/MIR	534	-	98	66243398	23412
chr16	66219986	66419986	harbor2	chr16	66258947	66259098	SINE/MIR	559	-	76	66259023	39037
chr16	66219986	66419986	harbor2	chr16	66268415	66268629	SINE/MIR	688	-	107	66268522	48536
chr16	66219986	66419986	harbor2	chr16	66269003	66269233	SINE/MIR	876	-	115	66269118	49132
chr16	66219986	66419986	harbor2	chr16	66271077	66271184	SINE/MIR	455	-	54	66271131	51145
chr16	66219986	66419986	harbor2	chr16	66303868	66304108	SINE/MIR	739	-	120	66303988	84002
chr16	66219986	66419986	harbor2	chr16	66311972	66312165	SINE/MIR	705	-	96	66312068	92082
chr16	66219986	66419986	harbor2	chr16	66316859	66317036	SINE/MIR	477	-	88	66316947	96961
chr16	69725319	69925319	harbor2	chr16	69745314	69745471	SINE/MIR	612	-	78	69745392	20073
chr16	69725319	69925319	harbor2	chr16	69753481	69753641	SINE/MIR	428	-	80	69753561	28242
chr16	69725319	69925319	harbor2	chr16	69754259	69754456	SINE/MIR	574	-	98	69754357	29038
chr16	69725319	69925319	harbor2	chr16	69763966	69764176	SINE/MIR	433	-	105	69764071	38752
chr16	69725319	69925319	harbor2	chr16	69769646	69769784	SINE/MIR	467	-	69	69769715	44396
chr16	71750767	71950767	harbor2	chr16	71757557	71757732	SINE/MIR	691	-	88	71757645	6878
chr16	71750767	71950767	harbor2	chr16	71784172	71784352	SINE/MIR	589	-	90	71784262	33495
chr16	71750767	71950767	harbor2	chr16	71828442	71828660	SINE/MIR	549	-	109	71828551	77784
chr16	71750767	71950767	harbor2	chr16	71836584	71836776	SINE/MIR	453	-	96	71836680	85913
chr16	64182656	64382656	harbor2	chr16	64184035	64184173	SINE/MIR	420	-	69	64184104	1448
chr16	64182656	64382656	harbor2	chr16	64210998	64211190	SINE/MIR	533	-	96	64211094	28438
chr16	64182656	64382656	harbor2	chr16	64217588	64217774	SINE/MIR	434	-	93	64217681	35025
chr16	84902493	85102493	harbor2	chr16	84937404	84937539	SINE/MIR	524	-	68	84937472	34979
chr16	84902493	85102493	harbor2	chr16	84969166	84969352	SINE/MIR	515	-	93	84969259	66766
chr16	47702617	47902617	harbor2	chr16	47709971	47710145	SINE/MIR	529	-	87	47710058	7441
chr16	47702617	47902617	harbor2	chr16	47712912	47713121	SINE/MIR	426	-	104	47713016	10399
chr16	47702617	47902617	harbor2	chr16	47727671	47727908	SINE/MIR	621	-	118	47727789	25172
chr16	55133832	55333832	harbor2	chr16	55144484	55144698	SINE/MIR	563	-	107	55144591	10759
chr16	55133832	55333832	harbor2	chr16	55146437	55146625	SINE/MIR	727	-	94	55146531	12699
chr16	55133832	55333832	harbor2	chr16	55153910	55154094	SINE/MIR	646	-	92	55154002	20170
chr16	55133832	55333832	harbor2	chr16	55154489	55154636	SINE/MIR	503	-	74	55154563	20731
chr16	55133832	55333832	harbor2	chr16	55164304	55164442	SINE/MIR	413	-	69	55164373	30541
chr16	55133832	55333832	harbor2	chr16	55173399	55173531	SINE/MIR	503	-	66	55173465	39633
chr16	55133832	55333832	harbor2	chr16	55175802	55175992	SINE/MIR	538	-	95	55175897	42065
chr16	55133832	55333832	harbor2	chr16	55205386	55205629	SINE/MIR	487	-	122	55205508	71676
chr16	55133832	55333832	harbor2	chr16	55208967	55209074	SINE/MIR	434	-	54	55209021	75189
chr16	55133832	55333832	harbor2	chr16	55221917	55222111	SINE/MIR	625	-	97	55222014	88182
chr16	55133832	55333832	harbor2	chr16	55223659	55223829	SINE/MIR	595	-	85	55223744	89912
chr16	55727263	55927263	harbor2	chr16	55738698	55738926	SINE/MIR	685	-	114	55738812	11549
chr16	55727263	55927263	harbor2	chr16	55764497	55764651	SINE/MIR	473	-	77	55764574	37311
chr16	55727263	55927263	harbor2	chr16	55776347	55776522	SINE/MIR	435	-	88	55776435	49172
chr16	55727263	55927263	harbor2	chr16	55782057	55782274	SINE/MIR	715	-	108	55782165	54902
chr16	55727263	55927263	harbor2	chr16	55824457	55824655	SINE/MIR	590	-	99	55824556	97293
chr16	55727263	55927263	harbor2	chr16	55824765	55824897	SINE/MIR	539	-	66	55824831	97568
chr16	55727263	55927263	harbor2	chr16	55826873	55827045	SINE/MIR	823	-	86	55826959	99696
chr16	88811014	89011014	harbor2	chr16	88904279	88904476	SINE/MIR	474	-	98	88904377	93363
chr16	88811014	89011014	harbor2	chr16	88906695	88906802	SINE/MIR	421	-	54	88906749	95735
chr16	72858727	73058727	harbor2	chr16	72913897	72914129	SINE/MIR	630	-	116	72914013	55286
chr16	72858727	73058727	harbor2	chr16	72932823	72932987	SINE/MIR	442	-	82	72932905	74178
chr16	31252007	31452007	harbor2	chr16	31252006	31252060	SINE/MIR	517	-	27	31252033	26
chr16	31252007	31452007	harbor2	chr16	31323616	31323739	SINE/MIR	449	-	62	31323678	71671
chr16	31252007	31452007	harbor2	chr16	31329482	31329659	SINE/MIR	554	-	88	31329570	77563
chr16	31252007	31452007	harbor2	chr16	31334104	31334278	SINE/MIR	541	-	87	31334191	82184
chr16	63181513	63381513	harbor2	chr16	63278549	63278758	SINE/MIR	669	-	104	63278653	97140
chr16	67070755	67270755	harbor2	chr16	67079149	67079317	SINE/MIR	467	-	84	67079233	8478
chr16	67070755	67270755	harbor2	chr16	67106300	67106443	SINE/MIR	473	-	72	67106372	35617
chr16	67070755	67270755	harbor2	chr16	67125094	67125231	SINE/MIR	449	-	68	67125162	54407
chr16	67070755	67270755	harbor2	chr16	67128025	67128171	SINE/MIR	479	-	73	67128098	57343
chr16	67070755	67270755	harbor2	chr16	67162353	67162561	SINE/MIR	888	-	104	67162457	91702
chr16	56750865	56950865	harbor2	chr16	56751515	56751719	SINE/MIR	496	-	102	56751617	752
chr16	56750865	56950865	harbor2	chr16	56768921	56769073	SINE/MIR	596	-	76	56768997	18132
chr16	56750865	56950865	harbor2	chr16	56815718	56815848	SINE/MIR	548	-	65	56815783	64918
chr16	88190828	88390828	harbor2	chr16	88220539	88220763	SINE/MIR	508	-	112	88220651	29823
chr16	88190828	88390828	harbor2	chr16	88289493	88289694	SINE/MIR	600	-	100	88289593	98765
chr16	84881189	85081189	harbor2	chr16	84895099	84895290	SINE/MIR	802	-	96	84895195	14006
chr16	84881189	85081189	harbor2	chr16	84937404	84937539	SINE/MIR	524	-	68	84937472	56283
chr16	84881189	85081189	harbor2	chr16	84969166	84969352	SINE/MIR	515	-	93	84969259	88070
chr16	64417972	64617972	harbor2	chr16	64425059	64425201	SINE/MIR	468	-	71	64425130	7158
chr16	64417972	64617972	harbor2	chr16	64425752	64425959	SINE/MIR	445	-	104	64425856	7884
chr16	64417972	64617972	harbor2	chr16	64485594	64485823	SINE/MIR	415	-	114	64485708	67736
chr16	64417972	64617972	harbor2	chr16	64489292	64489523	SINE/MIR	822	-	116	64489408	71436
chr16	77268992	77468992	harbor2	chr16	77286482	77286674	SINE/MIR	499	-	96	77286578	17586
chr16	77268992	77468992	harbor2	chr16	77306706	77306926	SINE/MIR	588	-	110	77306816	37824
chr16	77268992	77468992	harbor2	chr16	77314837	77315014	SINE/MIR	425	-	88	77314925	45933
chr16	77268992	77468992	harbor2	chr16	77331991	77332217	SINE/MIR	537	-	113	77332104	63112
chr16	77268992	77468992	harbor2	chr16	77346521	77346725	SINE/MIR	428	-	102	77346623	77631
chr16	77268992	77468992	harbor2	chr16	77360319	77360456	SINE/MIR	442	-	68	77360387	91395
chr16	71158240	71358240	harbor2	chr16	71191937	71192175	SINE/MIR	1021	-	119	71192056	33816
chr16	71158240	71358240	harbor2	chr16	71240230	71240442	SINE/MIR	534	-	106	71240336	82096
chr16	87626676	87826676	harbor2	chr16	87627663	87627791	SINE/MIR	551	-	64	87627727	1051
chr16	87626676	87826676	harbor2	chr16	87639211	87639339	SINE/MIR	428	-	64	87639275	12599
chr16	87626676	87826676	harbor2	chr16	87666767	87666947	SINE/MIR	528	-	90	87666857	40181
chr16	27088730	27288730	harbor2	chr16	27124998	27125194	SINE/MIR	649	-	98	27125096	36366
chr16	27088730	27288730	harbor2	chr16	27128510	27128708	SINE/MIR	750	-	99	27128609	39879
chr16	27088730	27288730	harbor2	chr16	27131716	27131891	SINE/MIR	445	-	88	27131804	43074
chr16	27088730	27288730	harbor2	chr16	27149592	27149715	SINE/MIR	549	-	62	27149654	60924
chr16	27088730	27288730	harbor2	chr16	27150015	27150090	SINE/MIR	549	-	38	27150053	61323
chr16	27088730	27288730	harbor2	chr16	27161273	27161418	SINE/MIR	459	-	72	27161345	72615
chr16	27088730	27288730	harbor2	chr16	27166600	27166804	SINE/MIR	484	-	102	27166702	77972
chr16	27088730	27288730	harbor2	chr16	27171012	27171228	SINE/MIR	728	-	108	27171120	82390
chr16	27088730	27288730	harbor2	chr16	27182673	27182822	SINE/MIR	745	-	74	27182747	94017
chr16	59790577	59990577	harbor2	chr16	59837577	59837678	SINE/MIR	483	-	50	59837627	47050
chr16	59790577	59990577	harbor2	chr16	59860834	59861094	SINE/MIR	451	-	130	59860964	70387
chr16	59790577	59990577	harbor2	chr16	59878475	59878673	SINE/MIR	538	-	99	59878574	87997
chr16	84296737	84496737	harbor2	chr16	84314925	84315080	SINE/MIR	471	-	78	84315003	18266
chr16	84296737	84496737	harbor2	chr16	84331184	84331343	SINE/MIR	469	-	80	84331264	34527
chr16	84296737	84496737	harbor2	chr16	84343056	84343236	SINE/MIR	518	-	90	84343146	46409
chr16	84296737	84496737	harbor2	chr16	84367091	84367249	SINE/MIR	415	-	79	84367170	70433
chr16	84296737	84496737	harbor2	chr16	84386725	84386859	SINE/MIR	516	-	67	84386792	90055
chr16	68557194	68757194	harbor2	chr16	68565164	68565313	SINE/MIR	434	-	74	68565238	8044
chr16	68557194	68757194	harbor2	chr16	68606217	68606376	SINE/MIR	529	-	80	68606297	49103
chr16	68557194	68757194	harbor2	chr16	68612562	68612714	SINE/MIR	556	-	76	68612638	55444
chr16	68557194	68757194	harbor2	chr16	68626407	68626631	SINE/MIR	498	-	112	68626519	69325
chr16	68557194	68757194	harbor2	chr16	68637308	68637531	SINE/MIR	714	-	112	68637420	80226
chr16	68557194	68757194	harbor2	chr16	68643140	68643382	SINE/MIR	683	-	121	68643261	86067
chr16	68557194	68757194	harbor2	chr16	68656455	68656656	SINE/MIR	496	-	100	68656555	99361
chr16	55829308	56029308	harbor2	chr16	55831492	55831601	SINE/MIR	434	-	54	55831546	2238
chr16	55829308	56029308	harbor2	chr16	55832435	55832665	SINE/MIR	769	-	115	55832550	3242
chr16	55829308	56029308	harbor2	chr16	55835170	55835288	SINE/MIR	473	-	59	55835229	5921
chr16	55829308	56029308	harbor2	chr16	55853083	55853306	SINE/MIR	721	-	112	55853195	23887
chr16	55829308	56029308	harbor2	chr16	55857734	55857903	SINE/MIR	521	-	84	55857818	28510
chr16	55829308	56029308	harbor2	chr16	55877684	55877876	SINE/MIR	489	-	96	55877780	48472
chr16	55829308	56029308	harbor2	chr16	55888678	55888868	SINE/MIR	536	-	95	55888773	59465
chr16	55829308	56029308	harbor2	chr16	55896715	55896927	SINE/MIR	507	-	106	55896821	67513
chr16	55829308	56029308	harbor2	chr16	55904572	55904733	SINE/MIR	421	-	80	55904652	75344
chr16	55829308	56029308	harbor2	chr16	55905917	55906093	SINE/MIR	542	-	88	55906005	76697
chr16	55829308	56029308	harbor2	chr16	55919800	55919959	SINE/MIR	427	-	80	55919880	90572
chr16	66765186	66965186	harbor2	chr16	66806713	66806875	SINE/MIR	702	-	81	66806794	41608
chr16	89401222	89601222	harbor2	chr16	89425137	89425331	SINE/MIR	743	-	97	89425234	24012
chr16	63648030	63848030	harbor2	chr16	63665792	63666017	SINE/MIR	644	-	112	63665904	17874
chr16	63648030	63848030	harbor2	chr16	63721274	63721401	SINE/MIR	442	-	64	63721338	73308
chr16	82255839	82455839	harbor2	chr16	82279463	82279713	SINE/MIR	802	-	125	82279588	23749
chr16	82255839	82455839	harbor2	chr16	82288187	82288437	SINE/MIR	521	-	125	82288312	32473
chr16	82255839	82455839	harbor2	chr16	82295693	82295935	SINE/MIR	774	-	121	82295814	39975
chr16	82255839	82455839	harbor2	chr16	82311989	82312161	SINE/MIR	585	-	86	82312075	56236
chr16	82255839	82455839	harbor2	chr16	82330063	82330283	SINE/MIR	515	-	110	82330173	74334
chr16	82255839	82455839	harbor2	chr16	82344802	82345037	SINE/MIR	467	-	118	82344920	89081
chr16	82255839	82455839	harbor2	chr16	82349006	82349251	SINE/MIR	704	-	122	82349128	93289
chr16	69708865	69908865	harbor2	chr16	69720824	69720876	SINE/MIR	630	-	26	69720850	11985
chr16	69708865	69908865	harbor2	chr16	69721191	69721218	SINE/MIR	630	-	14	69721205	12340
chr16	69708865	69908865	harbor2	chr16	69721580	69721691	SINE/MIR	630	-	56	69721636	12771
chr16	69708865	69908865	harbor2	chr16	69745314	69745471	SINE/MIR	612	-	78	69745392	36527
chr16	69708865	69908865	harbor2	chr16	69753481	69753641	SINE/MIR	428	-	80	69753561	44696
chr16	69708865	69908865	harbor2	chr16	69754259	69754456	SINE/MIR	574	-	98	69754357	45492
chr16	69708865	69908865	harbor2	chr16	69763966	69764176	SINE/MIR	433	-	105	69764071	55206
chr16	69708865	69908865	harbor2	chr16	69769646	69769784	SINE/MIR	467	-	69	69769715	60850
chr16	71433858	71633858	harbor2	chr16	71434601	71434791	SINE/MIR	432	-	95	71434696	838
chr16	71433858	71633858	harbor2	chr16	71452686	71452879	SINE/MIR	428	-	96	71452782	18924
chr16	71433858	71633858	harbor2	chr16	71491120	71491284	SINE/MIR	583	-	82	71491202	57344
chr16	74683048	74883048	harbor2	chr16	74730746	74730900	SINE/MIR	521	-	77	74730823	47775
chr16	74683048	74883048	harbor2	chr16	74753121	74753290	SINE/MIR	466	-	84	74753205	70157
chr16	78449054	78649054	harbor2	chr16	78482549	78482729	SINE/MIR	599	-	90	78482639	33585
chr16	78449054	78649054	harbor2	chr16	78521970	78522099	SINE/MIR	478	-	64	78522034	72980
chr16	78449054	78649054	harbor2	chr16	78544325	78544544	SINE/MIR	443	-	110	78544435	95381
chr16	78449054	78649054	harbor2	chr16	78547219	78547420	SINE/MIR	550	-	100	78547319	98265
chr16	81648674	81848674	harbor2	chr16	81653887	81654036	SINE/MIR	473	-	74	81653961	5287
chr16	81648674	81848674	harbor2	chr16	81654666	81654817	SINE/MIR	415	-	76	81654742	6068
chr16	81648674	81848674	harbor2	chr16	81709271	81709480	SINE/MIR	513	-	104	81709375	60701
chr16	81648674	81848674	harbor2	chr16	81720018	81720221	SINE/MIR	518	-	102	81720120	71446
chr16	81648674	81848674	harbor2	chr16	81741215	81741402	SINE/MIR	583	-	94	81741309	92635
chr16	52305392	52505392	harbor2	chr16	52307580	52307743	SINE/MIR	612	-	82	52307662	2270
chr16	52305392	52505392	harbor2	chr16	52315714	52315906	SINE/MIR	517	-	96	52315810	10418
chr16	52305392	52505392	harbor2	chr16	52341307	52341416	SINE/MIR	451	-	54	52341361	35969
chr16	52305392	52505392	harbor2	chr16	52351244	52351413	SINE/MIR	504	-	84	52351328	45936
chr16	52305392	52505392	harbor2	chr16	52378075	52378173	SINE/MIR	477	-	49	52378124	72732
chr16	52869549	53069549	harbor2	chr16	52879576	52879786	SINE/MIR	519	-	105	52879681	10132
chr16	52869549	53069549	harbor2	chr16	52911897	52912081	SINE/MIR	595	-	92	52911989	42440
chr16	52869549	53069549	harbor2	chr16	52918758	52918929	SINE/MIR	531	-	86	52918844	49295
chr16	52869549	53069549	harbor2	chr16	52930769	52930980	SINE/MIR	851	-	106	52930875	61326
chr16	52869549	53069549	harbor2	chr16	52931090	52931262	SINE/MIR	612	-	86	52931176	61627
chr16	52869549	53069549	harbor2	chr16	52951998	52952223	SINE/MIR	911	-	112	52952110	82561
chr16	52869549	53069549	harbor2	chr16	52965675	52965820	SINE/MIR	667	-	72	52965747	96198
chr16	17117083	17317083	harbor2	chr16	17118070	17118218	SINE/MIR	561	-	74	17118144	1061
chr16	17117083	17317083	harbor2	chr16	17119607	17119829	SINE/MIR	531	-	111	17119718	2635
chr16	17117083	17317083	harbor2	chr16	17132928	17133127	SINE/MIR	625	-	100	17133028	15945
chr16	17117083	17317083	harbor2	chr16	17136082	17136307	SINE/MIR	687	-	112	17136194	19111
chr16	17117083	17317083	harbor2	chr16	17141466	17141659	SINE/MIR	509	-	96	17141562	24479
chr16	17117083	17317083	harbor2	chr16	17148612	17148739	SINE/MIR	490	-	64	17148676	31593
chr16	17117083	17317083	harbor2	chr16	17150477	17150717	SINE/MIR	859	-	120	17150597	33514
chr16	17117083	17317083	harbor2	chr16	17153149	17153378	SINE/MIR	879	-	114	17153263	36180
chr16	17117083	17317083	harbor2	chr16	17154985	17155129	SINE/MIR	457	-	72	17155057	37974
chr16	17117083	17317083	harbor2	chr16	17155990	17156231	SINE/MIR	632	-	120	17156110	39027
chr16	17117083	17317083	harbor2	chr16	17175327	17175559	SINE/MIR	721	-	116	17175443	58360
chr16	17117083	17317083	harbor2	chr16	17176301	17176543	SINE/MIR	659	-	121	17176422	59339
chr16	17117083	17317083	harbor2	chr16	17188714	17188952	SINE/MIR	940	-	119	17188833	71750
chr16	17117083	17317083	harbor2	chr16	17193239	17193443	SINE/MIR	538	-	102	17193341	76258
chr16	17117083	17317083	harbor2	chr16	17202911	17203141	SINE/MIR	738	-	115	17203026	85943
chr16	17117083	17317083	harbor2	chr16	17211498	17211701	SINE/MIR	466	-	102	17211600	94517
chr16	17117083	17317083	harbor2	chr16	17212974	17213014	SINE/MIR	699	-	20	17212994	95911
chr16	17117083	17317083	harbor2	chr16	17213408	17213600	SINE/MIR	699	-	96	17213504	96421
chr16	17117083	17317083	harbor2	chr16	17216578	17216809	SINE/MIR	784	-	116	17216694	99611
chr16	59507106	59707106	harbor2	chr16	59586463	59586730	SINE/MIR	667	-	134	59586597	79491
chr16	89449441	89649441	harbor2	chr16	89506107	89506328	SINE/MIR	512	-	110	89506217	56776
chr16	76155645	76355645	harbor2	chr16	76242445	76242673	SINE/MIR	509	-	114	76242559	86914
chr16	47907362	48107362	harbor2	chr16	47948081	47948261	SINE/MIR	640	-	90	47948171	40809
chr16	47907362	48107362	harbor2	chr16	47948431	47948622	SINE/MIR	589	-	96	47948527	41165
chr16	47907362	48107362	harbor2	chr16	47962880	47963042	SINE/MIR	585	-	81	47962961	55599
chr16	47907362	48107362	harbor2	chr16	47977082	47977111	SINE/MIR	518	-	14	47977096	69734
chr16	47907362	48107362	harbor2	chr16	47977587	47977746	SINE/MIR	518	-	80	47977667	70305
chr16	67732481	67932481	harbor2	chr16	67738940	67738971	SINE/MIR	514	-	16	67738956	6475
chr16	67732481	67932481	harbor2	chr16	67739266	67739418	SINE/MIR	514	-	76	67739342	6861
chr16	67732481	67932481	harbor2	chr16	67762283	67762508	SINE/MIR	789	-	112	67762395	29914
chr16	67732481	67932481	harbor2	chr16	67819579	67819637	SINE/MIR	484	-	29	67819608	87127
chr16	67732481	67932481	harbor2	chr16	67820256	67820436	SINE/MIR	484	-	90	67820346	87865
chr16	12748454	12948454	harbor2	chr16	12763517	12763748	SINE/MIR	842	-	116	12763633	15179
chr16	12748454	12948454	harbor2	chr16	12804551	12804752	SINE/MIR	671	-	100	12804651	56197
chr16	12748454	12948454	harbor2	chr16	12826425	12826593	SINE/MIR	532	-	84	12826509	78055
chr16	12748454	12948454	harbor2	chr16	12828594	12828804	SINE/MIR	766	-	105	12828699	80245
chr16	64840019	65040019	harbor2	chr16	64882045	64882234	SINE/MIR	476	-	94	64882139	42120
chr16	64840019	65040019	harbor2	chr16	64883367	64883571	SINE/MIR	616	-	102	64883469	43450
chr16	64840019	65040019	harbor2	chr16	64887733	64887899	SINE/MIR	438	-	83	64887816	47797
chr16	64840019	65040019	harbor2	chr16	64902414	64902548	SINE/MIR	450	-	67	64902481	62462
chr16	82505647	82705647	harbor2	chr16	82506183	82506358	SINE/MIR	449	-	88	82506271	624
chr16	82505647	82705647	harbor2	chr16	82517486	82517677	SINE/MIR	594	-	96	82517582	11935
chr16	82505647	82705647	harbor2	chr16	82530026	82530178	SINE/MIR	470	-	76	82530102	24455
chr16	82505647	82705647	harbor2	chr16	82559734	82559942	SINE/MIR	569	-	104	82559838	54191
chr16	73581244	73781244	harbor2	chr16	73618370	73618548	SINE/MIR	491	-	89	73618459	37215
chr16	74422183	74622183	harbor2	chr16	74429756	74429960	SINE/MIR	514	-	102	74429858	7675
chr16	89347997	89547997	harbor2	chr16	89425137	89425331	SINE/MIR	743	-	97	89425234	77237
chr16	83009664	83209664	harbor2	chr16	83035393	83035640	SINE/MIR	502	-	124	83035517	25853
chr16	83009664	83209664	harbor2	chr16	83035896	83036138	SINE/MIR	424	-	121	83036017	26353
chr16	83009664	83209664	harbor2	chr16	83047766	83047937	SINE/MIR	562	-	86	83047852	38188
chr16	83009664	83209664	harbor2	chr16	83069411	83069630	SINE/MIR	674	-	110	83069521	59857
chr16	83009664	83209664	harbor2	chr16	83071246	83071447	SINE/MIR	415	-	100	83071346	61682
chr16	83009664	83209664	harbor2	chr16	83080464	83080627	SINE/MIR	522	-	82	83080546	70882
chr16	83009664	83209664	harbor2	chr16	83083447	83083605	SINE/MIR	421	-	79	83083526	73862
chr16	84324346	84524346	harbor2	chr16	84331184	84331343	SINE/MIR	469	-	80	84331264	6918
chr16	84324346	84524346	harbor2	chr16	84343056	84343236	SINE/MIR	518	-	90	84343146	18800
chr16	84324346	84524346	harbor2	chr16	84367091	84367249	SINE/MIR	415	-	79	84367170	42824
chr16	84324346	84524346	harbor2	chr16	84386725	84386859	SINE/MIR	516	-	67	84386792	62446
chr16	80197618	80397618	harbor2	chr16	80198978	80199231	SINE/MIR	812	-	126	80199104	1486
chr16	80197618	80397618	harbor2	chr16	80234064	80234291	SINE/MIR	547	-	114	80234178	36560
chr16	80197618	80397618	harbor2	chr16	80236549	80236756	SINE/MIR	497	-	104	80236653	39035
chr16	80197618	80397618	harbor2	chr16	80256612	80256772	SINE/MIR	477	-	80	80256692	59074
chr16	80197618	80397618	harbor2	chr16	80257160	80257208	SINE/MIR	477	-	24	80257184	59566
chr16	80197618	80397618	harbor2	chr16	80273542	80273789	SINE/MIR	634	-	124	80273666	76048
chr16	51091425	51291425	harbor2	chr16	51182780	51182914	SINE/MIR	514	-	67	51182847	91422
chr16	75062971	75262971	harbor2	chr16	75078086	75078259	SINE/MIR	414	-	86	75078172	15201
chr16	80687316	80887316	harbor2	chr16	80689363	80689578	SINE/MIR	609	-	108	80689471	2155
chr16	80687316	80887316	harbor2	chr16	80718030	80718188	SINE/MIR	499	-	79	80718109	30793
chr16	80687316	80887316	harbor2	chr16	80718358	80718524	SINE/MIR	429	-	83	80718441	31125
chr16	80687316	80887316	harbor2	chr16	80721201	80721404	SINE/MIR	549	-	102	80721303	33987
chr16	80687316	80887316	harbor2	chr16	80737293	80737509	SINE/MIR	580	-	108	80737401	50085
chr16	80687316	80887316	harbor2	chr16	80741998	80742212	SINE/MIR	676	-	107	80742105	54789
chr16	80687316	80887316	harbor2	chr16	80744031	80744192	SINE/MIR	440	-	80	80744111	56795
chr16	80687316	80887316	harbor2	chr16	80744528	80744644	SINE/MIR	541	-	58	80744586	57270
chr16	80687316	80887316	harbor2	chr16	80754010	80754114	SINE/MIR	429	-	52	80754062	66746
chr16	80687316	80887316	harbor2	chr16	80766863	80767117	SINE/MIR	836	-	127	80766990	79674
chr16	80687316	80887316	harbor2	chr16	80769338	80769443	SINE/MIR	415	-	52	80769390	82074
chr16	65614012	65814012	harbor2	chr16	65629523	65629709	SINE/MIR	469	-	93	65629616	15604
chr16	65614012	65814012	harbor2	chr16	65644527	65644683	SINE/MIR	566	-	78	65644605	30593
chr16	65614012	65814012	harbor2	chr16	65711049	65711231	SINE/MIR	623	-	91	65711140	97128
chr16	87508778	87708778	harbor2	chr16	87539179	87539370	SINE/MIR	440	-	96	87539275	30497
chr16	87508778	87708778	harbor2	chr16	87590312	87590514	SINE/MIR	610	-	101	87590413	81635
chr16	87508778	87708778	harbor2	chr16	87600614	87600829	SINE/MIR	579	-	108	87600722	91944
chr16	65594336	65794336	harbor2	chr16	65602996	65603127	SINE/MIR	460	-	66	65603062	8726
chr16	65594336	65794336	harbor2	chr16	65629523	65629709	SINE/MIR	469	-	93	65629616	35280
chr16	65594336	65794336	harbor2	chr16	65644527	65644683	SINE/MIR	566	-	78	65644605	50269
chr16	82125554	82325554	harbor2	chr16	82162085	82162316	SINE/MIR	678	-	116	82162201	36647
chr16	82125554	82325554	harbor2	chr16	82181632	82181767	SINE/MIR	502	-	68	82181700	56146
chr16	64645605	64845605	harbor2	chr16	64666169	64666414	SINE/MIR	425	-	122	64666291	20686
chr16	64645605	64845605	harbor2	chr16	64707028	64707222	SINE/MIR	441	-	97	64707125	61520
chr16	20689644	20889644	harbor2	chr16	20697385	20697548	SINE/MIR	491	-	82	20697467	7823
chr16	20689644	20889644	harbor2	chr16	20704186	20704429	SINE/MIR	524	-	122	20704308	14664
chr16	20689644	20889644	harbor2	chr16	20711181	20711302	SINE/MIR	595	-	60	20711241	21597
chr16	20689644	20889644	harbor2	chr16	20768119	20768346	SINE/MIR	594	-	114	20768233	78589
chr16	20689644	20889644	harbor2	chr16	20776594	20776783	SINE/MIR	639	-	94	20776688	87044
chr16	20689644	20889644	harbor2	chr16	20778488	20778665	SINE/MIR	525	-	88	20778576	88932
chr16	20689644	20889644	harbor2	chr16	20786356	20786398	SINE/MIR	749	-	21	20786377	96733
chr16	20689644	20889644	harbor2	chr16	20786695	20786883	SINE/MIR	749	-	94	20786789	97145
chr16	50045039	50245039	harbor2	chr16	50065133	50065281	SINE/MIR	642	-	74	50065207	20168
chr16	50045039	50245039	harbor2	chr16	50069124	50069289	SINE/MIR	521	-	82	50069206	24167
chr16	71971474	72171474	harbor2	chr16	72012416	72012653	SINE/MIR	610	-	118	72012534	41060
chr16	71971474	72171474	harbor2	chr16	72039086	72039269	SINE/MIR	623	-	92	72039178	67704
chr16	71971474	72171474	harbor2	chr16	72056938	72057163	SINE/MIR	870	-	112	72057050	85576
chr16	71971474	72171474	harbor2	chr16	72058662	72058887	SINE/MIR	870	-	112	72058774	87300
chr16	71971474	72171474	harbor2	chr16	72061258	72061415	SINE/MIR	644	-	78	72061336	89862
chr16	50305798	50505798	harbor2	chr16	50336959	50337156	SINE/MIR	517	-	98	50337057	31259
chr16	50305798	50505798	harbor2	chr16	50338693	50338848	SINE/MIR	413	-	78	50338771	32973
chr16	50305798	50505798	harbor2	chr16	50388199	50388344	SINE/MIR	546	-	72	50388271	82473
chr16	74506532	74706532	harbor2	chr16	74592606	74592741	SINE/MIR	485	-	68	74592674	86142
chr16	78399454	78599454	harbor2	chr16	78482549	78482729	SINE/MIR	599	-	90	78482639	83185
chr16	83057426	83257426	harbor2	chr16	83069411	83069630	SINE/MIR	674	-	110	83069521	12095
chr16	83057426	83257426	harbor2	chr16	83071246	83071447	SINE/MIR	415	-	100	83071346	13920
chr16	83057426	83257426	harbor2	chr16	83080464	83080627	SINE/MIR	522	-	82	83080546	23120
chr16	83057426	83257426	harbor2	chr16	83083447	83083605	SINE/MIR	421	-	79	83083526	26100
chr16	83057426	83257426	harbor2	chr16	83130166	83130382	SINE/MIR	526	-	108	83130274	72848
chr16	83057426	83257426	harbor2	chr16	83135143	83135326	SINE/MIR	466	-	92	83135235	77809
chr16	73133967	73333967	harbor2	chr16	73134049	73134218	SINE/MIR	708	-	84	73134133	166
chr16	73133967	73333967	harbor2	chr16	73142733	73142966	SINE/MIR	526	-	116	73142849	8882
chr16	73133967	73333967	harbor2	chr16	73164752	73164991	SINE/MIR	604	-	120	73164872	30905
chr16	73133967	73333967	harbor2	chr16	73185225	73185459	SINE/MIR	778	-	117	73185342	51375
chr16	73133967	73333967	harbor2	chr16	73227907	73228139	SINE/MIR	636	-	116	73228023	94056
chr16	27295733	27495733	harbor2	chr16	27311118	27311339	SINE/MIR	913	-	110	27311228	15495
chr16	27295733	27495733	harbor2	chr16	27319256	27319445	SINE/MIR	767	-	94	27319350	23617
chr16	27295733	27495733	harbor2	chr16	27320476	27320615	SINE/MIR	452	-	70	27320546	24813
chr16	27295733	27495733	harbor2	chr16	27339387	27339589	SINE/MIR	728	-	101	27339488	43755
chr16	27295733	27495733	harbor2	chr16	27352063	27352350	SINE/MIR	777	-	144	27352207	56474
chr16	27295733	27495733	harbor2	chr16	27355337	27355503	SINE/MIR	549	-	83	27355420	59687
chr16	27295733	27495733	harbor2	chr16	27366665	27366920	SINE/MIR	703	-	128	27366793	71060
chr16	82951413	83151413	harbor2	chr16	82966103	82966141	SINE/MIR	419	-	19	82966122	14709
chr16	82951413	83151413	harbor2	chr16	82966447	82966579	SINE/MIR	419	-	66	82966513	15100
chr16	82951413	83151413	harbor2	chr16	82984546	82984773	SINE/MIR	611	-	114	82984660	33247
chr16	82951413	83151413	harbor2	chr16	83007256	83007492	SINE/MIR	535	-	118	83007374	55961
chr16	82951413	83151413	harbor2	chr16	83009438	83009631	SINE/MIR	450	-	96	83009534	58121
chr16	82951413	83151413	harbor2	chr16	83035393	83035640	SINE/MIR	502	-	124	83035517	84104
chr16	82951413	83151413	harbor2	chr16	83035896	83036138	SINE/MIR	424	-	121	83036017	84604
chr16	82951413	83151413	harbor2	chr16	83047766	83047937	SINE/MIR	562	-	86	83047852	96439
chr16	82613937	82813937	harbor2	chr16	82625518	82625727	SINE/MIR	552	-	104	82625622	11685
chr16	82613937	82813937	harbor2	chr16	82637349	82637428	SINE/MIR	448	-	40	82637389	23452
chr16	82613937	82813937	harbor2	chr16	82637737	82637832	SINE/MIR	448	-	48	82637785	23848
chr16	82613937	82813937	harbor2	chr16	82642724	82642935	SINE/MIR	422	-	106	82642830	28893
chr16	82613937	82813937	harbor2	chr16	82649112	82649235	SINE/MIR	438	-	62	82649174	35237
chr16	82613937	82813937	harbor2	chr16	82651305	82651491	SINE/MIR	419	-	93	82651398	37461
chr16	82613937	82813937	harbor2	chr16	82651542	82651755	SINE/MIR	458	-	106	82651648	37711
chr16	82613937	82813937	harbor2	chr16	82711833	82712018	SINE/MIR	610	-	92	82711925	97988
chr16	10565624	10765624	harbor2	chr16	10567896	10567991	SINE/MIR	523	-	48	10567944	2320
chr16	10565624	10765624	harbor2	chr16	10582218	10582441	SINE/MIR	543	-	112	10582330	16706
chr16	10565624	10765624	harbor2	chr16	10593590	10593763	SINE/MIR	513	-	86	10593676	28052
chr16	10565624	10765624	harbor2	chr16	10594069	10594080	SINE/MIR	513	-	6	10594075	28451
chr16	10565624	10765624	harbor2	chr16	10620244	10620458	SINE/MIR	481	-	107	10620351	54727
chr16	10565624	10765624	harbor2	chr16	10644174	10644303	SINE/MIR	534	-	64	10644238	78614
chr16	10565624	10765624	harbor2	chr16	10664911	10665045	SINE/MIR	444	-	67	10664978	99354
chr16	51621469	51821469	harbor2	chr16	51672701	51672926	SINE/MIR	417	-	112	51672813	51344
chr16	51621469	51821469	harbor2	chr16	51676022	51676288	SINE/MIR	790	-	133	51676155	54686
chr16	51621469	51821469	harbor2	chr16	51678601	51678799	SINE/MIR	417	-	99	51678700	57231
chr16	51621469	51821469	harbor2	chr16	51700705	51700811	SINE/MIR	428	-	53	51700758	79289
chr16	51621469	51821469	harbor2	chr16	51712560	51712741	SINE/MIR	505	-	90	51712650	91181
chr16	51621469	51821469	harbor2	chr16	51716935	51717200	SINE/MIR	739	-	132	51717067	95598
chr16	64909815	65109815	harbor2	chr16	65008497	65008712	SINE/MIR	766	-	108	65008605	98790
chr16	64909815	65109815	harbor2	chr16	65008876	65009116	SINE/MIR	747	-	120	65008996	99181
chr16	77612590	77812590	harbor2	chr16	77617106	77617341	SINE/MIR	467	-	118	77617224	4634
chr16	77612590	77812590	harbor2	chr16	77633777	77633936	SINE/MIR	586	-	80	77633857	21267
chr16	77612590	77812590	harbor2	chr16	77645077	77645311	SINE/MIR	617	-	117	77645194	32604
chr16	77612590	77812590	harbor2	chr16	77652193	77652430	SINE/MIR	542	-	118	77652311	39721
chr16	77612590	77812590	harbor2	chr16	77695993	77696186	SINE/MIR	474	-	96	77696089	83499
chr16	77612590	77812590	harbor2	chr16	77699798	77699992	SINE/MIR	851	-	97	77699895	87305
chr16	77612590	77812590	harbor2	chr16	77707514	77707683	SINE/MIR	678	-	84	77707598	95008
chr16	83433773	83633773	harbor2	chr16	83509735	83509949	SINE/MIR	481	-	107	83509842	76069
chr16	83433773	83633773	harbor2	chr16	83517839	83517977	SINE/MIR	562	-	69	83517908	84135
chr16	83433773	83633773	harbor2	chr16	83518986	83519073	SINE/MIR	562	-	44	83519030	85257
chr16	79614129	79814129	harbor2	chr16	79646205	79646423	SINE/MIR	428	-	109	79646314	32185
chr16	79614129	79814129	harbor2	chr16	79674121	79674333	SINE/MIR	423	-	106	79674227	60098
chr16	68483543	68683543	harbor2	chr16	68510923	68511094	SINE/MIR	592	-	86	68511009	27466
chr16	68483543	68683543	harbor2	chr16	68565164	68565313	SINE/MIR	434	-	74	68565238	81695
chr16	67349501	67549501	harbor2	chr16	67353715	67353887	SINE/MIR	609	-	86	67353801	4300
chr16	67349501	67549501	harbor2	chr16	67363307	67363538	SINE/MIR	563	-	116	67363423	13922
chr16	86233989	86433989	harbor2	chr16	86270071	86270266	SINE/MIR	813	-	98	86270169	36180
chr16	86233989	86433989	harbor2	chr16	86307998	86308206	SINE/MIR	637	-	104	86308102	74113
chr16	86233989	86433989	harbor2	chr16	86333124	86333335	SINE/MIR	583	-	106	86333230	99241
chr16	69191513	69391513	harbor2	chr16	69196297	69196362	SINE/MIR	441	-	32	69196329	4816
chr16	69191513	69391513	harbor2	chr16	69196673	69196868	SINE/MIR	441	-	98	69196771	5258
chr16	69191513	69391513	harbor2	chr16	69228745	69228951	SINE/MIR	512	-	103	69228848	37335
chr16	61692513	61892513	harbor2	chr16	61693921	61694172	SINE/MIR	538	-	126	61694047	1534
chr16	61692513	61892513	harbor2	chr16	61710092	61710249	SINE/MIR	435	-	78	61710170	17657
chr16	61692513	61892513	harbor2	chr16	61764032	61764276	SINE/MIR	548	-	122	61764154	71641
chr16	61692513	61892513	harbor2	chr16	61776153	61776365	SINE/MIR	429	-	106	61776259	83746
chr16	89877231	90077231	harbor2	chr16	89951001	89951218	SINE/MIR	891	-	108	89951109	73878
chr16	89877231	90077231	harbor2	chr16	89931598	89931790	SINE/MIR	486	-	96	89931694	54463
chr16	74990404	75190404	harbor2	chr16	75003424	75003628	SINE/MIR	640	-	102	75003526	13122
chr16	74990404	75190404	harbor2	chr16	75026937	75027114	SINE/MIR	615	-	88	75027025	36621
chr16	74990404	75190404	harbor2	chr16	75078086	75078259	SINE/MIR	414	-	86	75078172	87768
chr16	58071046	58271046	harbor2	chr16	58116568	58116831	SINE/MIR	896	-	132	58116700	45654
chr16	86864969	87064969	harbor2	chr16	86890777	86891007	SINE/MIR	464	-	115	86890892	25923
chr16	86864969	87064969	harbor2	chr16	86894610	86894746	SINE/MIR	417	-	68	86894678	29709
chr16	86864969	87064969	harbor2	chr16	86916257	86916351	SINE/MIR	528	-	47	86916304	51335
chr16	86864969	87064969	harbor2	chr16	86939439	86939679	SINE/MIR	547	-	120	86939559	74590
chr16	86864969	87064969	harbor2	chr16	86941675	86941899	SINE/MIR	545	-	112	86941787	76818
chr16	86864969	87064969	harbor2	chr16	86960634	86960830	SINE/MIR	491	-	98	86960732	95763
chr16	83964755	84164755	harbor2	chr16	83964595	83964824	SINE/MIR	503	-	114	83964709	46
chr16	83964755	84164755	harbor2	chr16	83964847	83965031	SINE/MIR	452	-	92	83964939	184
chr16	83964755	84164755	harbor2	chr16	83990131	83990321	SINE/MIR	501	-	95	83990226	25471
chr16	83964755	84164755	harbor2	chr16	84006313	84006540	SINE/MIR	514	-	114	84006427	41672
chr16	83175068	83375068	harbor2	chr16	83185020	83185201	SINE/MIR	597	-	90	83185110	10042
chr16	83175068	83375068	harbor2	chr16	83193223	83193396	SINE/MIR	440	-	86	83193309	18241
chr16	83175068	83375068	harbor2	chr16	83199698	83199933	SINE/MIR	553	-	118	83199816	24748
chr16	83175068	83375068	harbor2	chr16	83220899	83221112	SINE/MIR	553	-	106	83221005	45937
chr16	83175068	83375068	harbor2	chr16	83237913	83238045	SINE/MIR	422	-	66	83237979	62911
chr16	83175068	83375068	harbor2	chr16	83242905	83243132	SINE/MIR	742	-	114	83243019	67951
chr16	83175068	83375068	harbor2	chr16	83251281	83251494	SINE/MIR	649	-	106	83251387	76319
chr16	75515300	75715300	harbor2	chr16	75548015	75548207	SINE/MIR	560	-	96	75548111	32811
chr16	75515300	75715300	harbor2	chr16	75608519	75608682	SINE/MIR	505	-	82	75608601	93301
chr16	27197045	27397045	harbor2	chr16	27267312	27267517	SINE/MIR	483	-	102	27267414	70369
chr16	27197045	27397045	harbor2	chr16	27290910	27291075	SINE/MIR	483	-	82	27290992	93947
chr16	70161004	70361004	harbor2	chr16	70199679	70199728	SINE/MIR	445	-	24	70199703	38699
chr16	70161004	70361004	harbor2	chr16	70200031	70200130	SINE/MIR	445	-	50	70200081	39077
chr16	85607493	85807493	harbor2	chr16	85698607	85698779	SINE/MIR	549	-	86	85698693	91200
chr16	56536773	56736773	harbor2	chr16	56538910	56539126	SINE/MIR	828	-	108	56539018	2245
chr16	56536773	56736773	harbor2	chr16	56559065	56559290	SINE/MIR	452	-	112	56559177	22404
chr16	56536773	56736773	harbor2	chr16	56562654	56562783	SINE/MIR	443	-	64	56562718	25945
chr16	56536773	56736773	harbor2	chr16	56571420	56571575	SINE/MIR	471	-	78	56571498	34725
chr16	56536773	56736773	harbor2	chr16	56576689	56576827	SINE/MIR	454	-	69	56576758	39985
chr16	88897369	89097369	harbor2	chr16	88904279	88904476	SINE/MIR	474	-	98	88904377	7008
chr16	88897369	89097369	harbor2	chr16	88906695	88906802	SINE/MIR	421	-	54	88906749	9380
chr16	80249266	80449266	harbor2	chr16	80256612	80256772	SINE/MIR	477	-	80	80256692	7426
chr16	80249266	80449266	harbor2	chr16	80257160	80257208	SINE/MIR	477	-	24	80257184	7918
chr16	80249266	80449266	harbor2	chr16	80273542	80273789	SINE/MIR	634	-	124	80273666	24400
chr16	80249266	80449266	harbor2	chr16	80339073	80339242	SINE/MIR	455	-	84	80339157	89891
chr16	59781518	59981518	harbor2	chr16	59837577	59837678	SINE/MIR	483	-	50	59837627	56109
chr16	59781518	59981518	harbor2	chr16	59860834	59861094	SINE/MIR	451	-	130	59860964	79446
chr16	59781518	59981518	harbor2	chr16	59878475	59878673	SINE/MIR	538	-	99	59878574	97056
chr16	77373932	77573932	harbor2	chr16	77401333	77401553	SINE/MIR	510	-	110	77401443	27511
chr16	77373932	77573932	harbor2	chr16	77403014	77403200	SINE/MIR	616	-	93	77403107	29175
chr16	77373932	77573932	harbor2	chr16	77429786	77430011	SINE/MIR	496	-	112	77429898	55966
chr16	77373932	77573932	harbor2	chr16	77445431	77445581	SINE/MIR	499	-	75	77445506	71574
chr16	77373932	77573932	harbor2	chr16	77455906	77456162	SINE/MIR	711	-	128	77456034	82102
chr16	56085230	56285230	harbor2	chr16	56090708	56090901	SINE/MIR	631	-	96	56090804	5574
chr16	56085230	56285230	harbor2	chr16	56112173	56112418	SINE/MIR	571	-	122	56112295	27065
chr16	56085230	56285230	harbor2	chr16	56126004	56126179	SINE/MIR	466	-	88	56126092	40862
chr16	82627225	82827225	harbor2	chr16	82637349	82637428	SINE/MIR	448	-	40	82637389	10164
chr16	82627225	82827225	harbor2	chr16	82637737	82637832	SINE/MIR	448	-	48	82637785	10560
chr16	82627225	82827225	harbor2	chr16	82642724	82642935	SINE/MIR	422	-	106	82642830	15605
chr16	82627225	82827225	harbor2	chr16	82649112	82649235	SINE/MIR	438	-	62	82649174	21949
chr16	82627225	82827225	harbor2	chr16	82651305	82651491	SINE/MIR	419	-	93	82651398	24173
chr16	82627225	82827225	harbor2	chr16	82651542	82651755	SINE/MIR	458	-	106	82651648	24423
chr16	82627225	82827225	harbor2	chr16	82711833	82712018	SINE/MIR	610	-	92	82711925	84700
chr16	68049123	68249123	harbor2	chr16	68062321	68062437	SINE/MIR	507	-	58	68062379	13256
chr16	68049123	68249123	harbor2	chr16	68062741	68062833	SINE/MIR	507	-	46	68062787	13664
chr16	68049123	68249123	harbor2	chr16	68070726	68070869	SINE/MIR	450	-	72	68070798	21675
chr16	68049123	68249123	harbor2	chr16	68093308	68093459	SINE/MIR	495	-	76	68093384	44261
chr16	68049123	68249123	harbor2	chr16	68093624	68093822	SINE/MIR	435	-	99	68093723	44600
chr16	20665978	20865978	harbor2	chr16	20669187	20669410	SINE/MIR	492	-	112	20669299	3321
chr16	20665978	20865978	harbor2	chr16	20671962	20672209	SINE/MIR	1037	-	124	20672086	6108
chr16	20665978	20865978	harbor2	chr16	20697385	20697548	SINE/MIR	491	-	82	20697467	31489
chr16	20665978	20865978	harbor2	chr16	20704186	20704429	SINE/MIR	524	-	122	20704308	38330
chr16	20665978	20865978	harbor2	chr16	20711181	20711302	SINE/MIR	595	-	60	20711241	45263
chr16	81122240	81322240	harbor2	chr16	81166142	81166314	SINE/MIR	492	-	86	81166228	43988
chr16	81122240	81322240	harbor2	chr16	81167287	81167427	SINE/MIR	541	-	70	81167357	45117
chr16	81122240	81322240	harbor2	chr16	81179242	81179419	SINE/MIR	432	-	88	81179330	57090
chr16	81122240	81322240	harbor2	chr16	81183346	81183585	SINE/MIR	469	-	120	81183466	61226
chr16	88850236	89050236	harbor2	chr16	88904279	88904476	SINE/MIR	474	-	98	88904377	54141
chr16	88850236	89050236	harbor2	chr16	88906695	88906802	SINE/MIR	421	-	54	88906749	56513
chr16	80606320	80806320	harbor2	chr16	80616782	80616996	SINE/MIR	443	-	107	80616889	10569
chr16	80606320	80806320	harbor2	chr16	80622885	80623039	SINE/MIR	490	-	77	80622962	16642
chr16	80606320	80806320	harbor2	chr16	80629879	80630094	SINE/MIR	473	-	108	80629987	23667
chr16	80606320	80806320	harbor2	chr16	80685603	80685854	SINE/MIR	662	-	126	80685729	79409
chr16	80606320	80806320	harbor2	chr16	80689363	80689578	SINE/MIR	609	-	108	80689471	83151
chr16	81021343	81221343	harbor2	chr16	81025011	81025232	SINE/MIR	714	-	110	81025121	3778
chr16	72258615	72458615	harbor2	chr16	72261284	72261506	SINE/MIR	705	-	111	72261395	2780
chr16	72258615	72458615	harbor2	chr16	72263276	72263361	SINE/MIR	427	-	42	72263318	4703
chr16	72258615	72458615	harbor2	chr16	72311862	72312062	SINE/MIR	607	-	100	72311962	53347
chr16	72258615	72458615	harbor2	chr16	72313844	72313989	SINE/MIR	497	-	72	72313916	55301
chr16	72258615	72458615	harbor2	chr16	72349580	72349727	SINE/MIR	497	-	74	72349654	91039
chr16	72258615	72458615	harbor2	chr16	72357347	72357496	SINE/MIR	428	-	74	72357421	98806
chr16	53009274	53209274	harbor2	chr16	53016479	53016695	SINE/MIR	574	-	108	53016587	7313
chr16	53009274	53209274	harbor2	chr16	53044695	53044910	SINE/MIR	626	-	108	53044803	35529
chr16	53009274	53209274	harbor2	chr16	53045704	53045921	SINE/MIR	537	-	108	53045812	36538
chr16	53009274	53209274	harbor2	chr16	53056357	53056607	SINE/MIR	503	-	125	53056482	47208
chr16	53009274	53209274	harbor2	chr16	53058616	53058780	SINE/MIR	465	-	82	53058698	49424
chr16	53009274	53209274	harbor2	chr16	53063075	53063344	SINE/MIR	893	-	134	53063209	53935
chr16	53009274	53209274	harbor2	chr16	53089400	53089651	SINE/MIR	544	-	126	53089526	80252
chr16	53009274	53209274	harbor2	chr16	53093591	53093807	SINE/MIR	547	-	108	53093699	84425
chr16	53009274	53209274	harbor2	chr16	53096404	53096640	SINE/MIR	674	-	118	53096522	87248
chr16	53009274	53209274	harbor2	chr16	53102405	53102535	SINE/MIR	619	-	65	53102470	93196
chr16	53009274	53209274	harbor2	chr16	53103498	53103700	SINE/MIR	521	-	101	53103599	94325
chr16	86782651	86982651	harbor2	chr16	86810275	86810562	SINE/MIR	641	-	144	86810419	27768
chr16	86782651	86982651	harbor2	chr16	86841359	86841588	SINE/MIR	436	-	114	86841473	58822
chr17	77138558	77338558	harbor2	chr17	77166246	77166447	SINE/MIR	573	-	100	77166346	27788
chr17	77138558	77338558	harbor2	chr17	77196889	77197120	SINE/MIR	815	-	116	77197005	58447
chr17	81493077	81693077	harbor2	chr17	81493472	81493654	SINE/MIR	567	-	91	81493563	486
chr17	8644596	8844596	harbor2	chr17	8664034	8664196	SINE/MIR	533	-	81	8664115	19519
chr17	8644596	8844596	harbor2	chr17	8719625	8719817	SINE/MIR	654	-	96	8719721	75125
chr17	54893005	55093005	harbor2	chr17	54893918	54894161	SINE/MIR	543	-	122	54894040	1035
chr17	54893005	55093005	harbor2	chr17	54907293	54907476	SINE/MIR	522	-	92	54907385	14380
chr17	74419100	74619100	harbor2	chr17	74471440	74471607	SINE/MIR	563	-	84	74471524	52424
chr17	74419100	74619100	harbor2	chr17	74474908	74475010	SINE/MIR	655	-	51	74474959	55859
chr17	74419100	74619100	harbor2	chr17	74475378	74475510	SINE/MIR	655	-	66	74475444	56344
chr17	77021489	77221489	harbor2	chr17	77121326	77121368	SINE/MIR	612	-	21	77121347	99858
chr17	70396397	70596397	harbor2	chr17	70408638	70408859	SINE/MIR	872	-	110	70408748	12351
chr17	70396397	70596397	harbor2	chr17	70413416	70413611	SINE/MIR	612	-	98	70413514	17117
chr17	70396397	70596397	harbor2	chr17	70413914	70413949	SINE/MIR	612	-	18	70413932	17535
chr17	70396397	70596397	harbor2	chr17	70427681	70427875	SINE/MIR	510	-	97	70427778	31381
chr17	63853321	64053321	harbor2	chr17	63951203	63951421	SINE/MIR	529	-	109	63951312	97991
chr17	49316410	49516410	harbor2	chr17	49358039	49358254	SINE/MIR	653	-	108	49358147	41737
chr17	49316410	49516410	harbor2	chr17	49365352	49365534	SINE/MIR	633	-	91	49365443	49033
chr17	49316410	49516410	harbor2	chr17	49387726	49387953	SINE/MIR	729	-	114	49387840	71430
chr17	49316410	49516410	harbor2	chr17	49395868	49396044	SINE/MIR	561	-	88	49395956	79546
chr17	49316410	49516410	harbor2	chr17	49396657	49396718	SINE/MIR	561	-	30	49396687	80277
chr17	51367844	51567844	harbor2	chr17	51369461	51369644	SINE/MIR	535	-	92	51369553	1709
chr17	51367844	51567844	harbor2	chr17	51370909	51371144	SINE/MIR	701	-	118	51371027	3183
chr17	51367844	51567844	harbor2	chr17	51398072	51398135	SINE/MIR	504	-	32	51398104	30260
chr17	51367844	51567844	harbor2	chr17	51398620	51398767	SINE/MIR	504	-	74	51398694	30850
chr17	51367844	51567844	harbor2	chr17	51399408	51399625	SINE/MIR	616	-	108	51399516	31672
chr17	51367844	51567844	harbor2	chr17	51420910	51421081	SINE/MIR	523	-	86	51420996	53152
chr17	51367844	51567844	harbor2	chr17	51439273	51439427	SINE/MIR	569	-	77	51439350	71506
chr17	51367844	51567844	harbor2	chr17	51454720	51454944	SINE/MIR	914	-	112	51454832	86988
chr17	51367844	51567844	harbor2	chr17	51455799	51456063	SINE/MIR	779	-	132	51455931	88087
chr17	63754062	63954062	harbor2	chr17	63766960	63767192	SINE/MIR	727	-	116	63767076	13014
chr17	75401213	75601213	harbor2	chr17	75407846	75408016	SINE/MIR	579	-	85	75407931	6718
chr17	75401213	75601213	harbor2	chr17	75431430	75431600	SINE/MIR	505	-	85	75431515	30302
chr17	75401213	75601213	harbor2	chr17	75467931	75468157	SINE/MIR	678	-	113	75468044	66831
chr17	78956998	79156998	harbor2	chr17	78981941	78982115	SINE/MIR	549	-	87	78982028	25030
chr17	78956998	79156998	harbor2	chr17	78991319	78991547	SINE/MIR	659	-	114	78991433	34435
chr17	66501035	66701035	harbor2	chr17	66507246	66507394	SINE/MIR	515	-	74	66507320	6285
chr17	61475727	61675727	harbor2	chr17	61492418	61492646	SINE/MIR	660	-	114	61492532	16805
chr17	61475727	61675727	harbor2	chr17	61512752	61512945	SINE/MIR	631	-	96	61512848	37121
chr17	61475727	61675727	harbor2	chr17	61516194	61516430	SINE/MIR	518	-	118	61516312	40585
chr17	61475727	61675727	harbor2	chr17	61517254	61517444	SINE/MIR	742	-	95	61517349	41622
chr17	61475727	61675727	harbor2	chr17	61533690	61533946	SINE/MIR	687	-	128	61533818	58091
chr17	49317419	49517419	harbor2	chr17	49358039	49358254	SINE/MIR	653	-	108	49358147	40728
chr17	49317419	49517419	harbor2	chr17	49365352	49365534	SINE/MIR	633	-	91	49365443	48024
chr17	49317419	49517419	harbor2	chr17	49387726	49387953	SINE/MIR	729	-	114	49387840	70421
chr17	49317419	49517419	harbor2	chr17	49395868	49396044	SINE/MIR	561	-	88	49395956	78537
chr17	49317419	49517419	harbor2	chr17	49396657	49396718	SINE/MIR	561	-	30	49396687	79268
chr17	78895602	79095602	harbor2	chr17	78898175	78898365	SINE/MIR	576	-	95	78898270	2668
chr17	78895602	79095602	harbor2	chr17	78981941	78982115	SINE/MIR	549	-	87	78982028	86426
chr17	78895602	79095602	harbor2	chr17	78991319	78991547	SINE/MIR	659	-	114	78991433	95831
chr17	46315256	46515256	harbor2	chr17	46326604	46326822	SINE/MIR	665	-	109	46326713	11457
chr17	46315256	46515256	harbor2	chr17	46377022	46377194	SINE/MIR	525	-	86	46377108	61852
chr17	44295669	44495669	harbor2	chr17	44333767	44333933	SINE/MIR	528	-	83	44333850	38181
chr17	44295669	44495669	harbor2	chr17	44357806	44358055	SINE/MIR	775	-	124	44357930	62261
chr17	44295669	44495669	harbor2	chr17	44359355	44359535	SINE/MIR	507	-	90	44359445	63776
chr17	44295669	44495669	harbor2	chr17	44360285	44360330	SINE/MIR	512	-	22	44360307	64638
chr17	44295669	44495669	harbor2	chr17	44360507	44360629	SINE/MIR	512	-	61	44360568	64899
chr17	77863767	78063767	harbor2	chr17	77902023	77902116	SINE/MIR	502	-	46	77902069	38302
chr17	77863767	78063767	harbor2	chr17	77902504	77902645	SINE/MIR	502	-	70	77902574	38807
chr17	47312362	47512362	harbor2	chr17	47403218	47403414	SINE/MIR	519	-	98	47403316	90954
chr17	68911608	69111608	harbor2	chr17	68989166	68989256	SINE/MIR	630	-	45	68989211	77603
chr17	68911608	69111608	harbor2	chr17	68989296	68989431	SINE/MIR	630	-	68	68989364	77756
chr17	68911608	69111608	harbor2	chr17	69011060	69011282	SINE/MIR	593	-	111	69011171	99563
chr17	68059653	68259653	harbor2	chr17	68142620	68142757	SINE/MIR	704	-	68	68142688	83035
chr17	68059653	68259653	harbor2	chr17	68148712	68148926	SINE/MIR	861	-	107	68148819	89166
chr17	69225434	69425434	harbor2	chr17	69286358	69286599	SINE/MIR	521	-	120	69286478	61044
chr17	62734858	62934858	harbor2	chr17	62743001	62743218	SINE/MIR	585	-	108	62743109	8251
chr17	62734858	62934858	harbor2	chr17	62756590	62756842	SINE/MIR	775	-	126	62756716	21858
chr17	62734858	62934858	harbor2	chr17	62803850	62804052	SINE/MIR	830	-	101	62803951	69093
chr17	68581170	68781170	harbor2	chr17	68640951	68641065	SINE/MIR	770	-	57	68641008	59838
chr17	68581170	68781170	harbor2	chr17	68641368	68641515	SINE/MIR	770	-	74	68641442	60272
chr17	76005839	76205839	harbor2	chr17	76014757	76014878	SINE/MIR	532	-	60	76014817	8978
chr17	76005839	76205839	harbor2	chr17	76041205	76041450	SINE/MIR	677	-	122	76041327	35488
chr17	76005839	76205839	harbor2	chr17	76102742	76102956	SINE/MIR	569	-	107	76102849	97010
chr17	79070439	79270439	harbor2	chr17	79129174	79129372	SINE/MIR	574	-	99	79129273	58834
chr17	22686880	22886880	harbor2	chr17	22707662	22707816	SINE/MIR	567	-	77	22707739	20859
chr17	77056692	77256692	harbor2	chr17	77121326	77121368	SINE/MIR	612	-	21	77121347	64655
chr17	77056692	77256692	harbor2	chr17	77121657	77121842	SINE/MIR	612	-	92	77121749	65057
chr17	41415217	41615217	harbor2	chr17	41415900	41416143	SINE/MIR	606	-	122	41416022	805
chr17	41415217	41615217	harbor2	chr17	41425486	41425713	SINE/MIR	543	-	114	41425600	10383
chr17	41415217	41615217	harbor2	chr17	41455491	41455715	SINE/MIR	633	-	112	41455603	40386
chr17	41415217	41615217	harbor2	chr17	41466482	41466717	SINE/MIR	781	-	118	41466600	51383
chr17	41415217	41615217	harbor2	chr17	41490349	41490575	SINE/MIR	595	-	113	41490462	75245
chr17	73010629	73210629	harbor2	chr17	73047491	73047656	SINE/MIR	721	-	82	73047573	36944
chr17	73010629	73210629	harbor2	chr17	73053458	73053694	SINE/MIR	949	-	118	73053576	42947
chr17	73010629	73210629	harbor2	chr17	73096066	73096274	SINE/MIR	556	-	104	73096170	85541
chr17	48606975	48806975	harbor2	chr17	48672533	48672698	SINE/MIR	588	-	82	48672615	65640
chr17	73930199	74130199	harbor2	chr17	73940315	73940540	SINE/MIR	759	-	112	73940427	10228
chr17	73930199	74130199	harbor2	chr17	73950884	73951033	SINE/MIR	572	-	74	73950958	20759
chr17	73930199	74130199	harbor2	chr17	73986143	73986200	SINE/MIR	517	-	28	73986171	55972
chr17	73930199	74130199	harbor2	chr17	73986573	73986694	SINE/MIR	517	-	60	73986633	56434
chr17	37601190	37801190	harbor2	chr17	37610591	37610797	SINE/MIR	545	-	103	37610694	9504
chr17	37601190	37801190	harbor2	chr17	37614612	37614825	SINE/MIR	744	-	106	37614718	13528
chr17	37601190	37801190	harbor2	chr17	37620159	37620289	SINE/MIR	523	-	65	37620224	19034
chr17	37601190	37801190	harbor2	chr17	37622822	37623051	SINE/MIR	840	-	114	37622936	21746
chr17	37601190	37801190	harbor2	chr17	37642495	37642717	SINE/MIR	657	-	111	37642606	41416
chr17	37601190	37801190	harbor2	chr17	37650888	37651151	SINE/MIR	835	-	132	37651020	49830
chr17	37601190	37801190	harbor2	chr17	37668252	37668501	SINE/MIR	1048	-	124	37668376	67186
chr17	37601190	37801190	harbor2	chr17	37677936	37678156	SINE/MIR	679	-	110	37678046	76856
chr17	37601190	37801190	harbor2	chr17	37684456	37684576	SINE/MIR	504	-	60	37684516	83326
chr17	37601190	37801190	harbor2	chr17	37691559	37691813	SINE/MIR	864	-	127	37691686	90496
chr17	37601190	37801190	harbor2	chr17	37699962	37700186	SINE/MIR	670	-	112	37700074	98884
chr17	9610096	9810096	harbor2	chr17	9677139	9677362	SINE/MIR	835	-	112	9677251	67155
chr17	9610096	9810096	harbor2	chr17	9700519	9700765	SINE/MIR	860	-	123	9700642	90546
chr17	82627439	82827439	harbor2	chr17	82643034	82643152	SINE/MIR	642	-	59	82643093	15654
chr17	82627439	82827439	harbor2	chr17	82643454	82643548	SINE/MIR	642	-	47	82643501	16062
chr17	76941416	77141416	harbor2	chr17	76950777	76950947	SINE/MIR	586	-	85	76950862	9446
chr17	59609167	59809167	harbor2	chr17	59627286	59627456	SINE/MIR	552	-	85	59627371	18204
chr17	59609167	59809167	harbor2	chr17	59689748	59689901	SINE/MIR	533	-	76	59689824	80657
chr17	66777552	66977552	harbor2	chr17	66789553	66789789	SINE/MIR	840	-	118	66789671	12119
chr17	66777552	66977552	harbor2	chr17	66824960	66825194	SINE/MIR	616	-	117	66825077	47525
chr17	66777552	66977552	harbor2	chr17	66842392	66842516	SINE/MIR	521	-	62	66842454	64902
chr17	66777552	66977552	harbor2	chr17	66843037	66843272	SINE/MIR	692	-	118	66843155	65603
chr17	66777552	66977552	harbor2	chr17	66844742	66844855	SINE/MIR	525	-	56	66844798	67246
chr17	66777552	66977552	harbor2	chr17	66869456	66869620	SINE/MIR	546	-	82	66869538	91986
chr17	59691247	59891247	harbor2	chr17	59733755	59734005	SINE/MIR	1065	-	125	59733880	42633
chr17	78942454	79142454	harbor2	chr17	78981941	78982115	SINE/MIR	549	-	87	78982028	39574
chr17	78942454	79142454	harbor2	chr17	78991319	78991547	SINE/MIR	659	-	114	78991433	48979
chr17	48784283	48984283	harbor2	chr17	48789376	48789539	SINE/MIR	661	-	82	48789458	5175
chr17	48784283	48984283	harbor2	chr17	48794374	48794549	SINE/MIR	589	-	88	48794462	10179
chr17	77175939	77375939	harbor2	chr17	77196889	77197120	SINE/MIR	815	-	116	77197005	21066
chr17	21214544	21414544	harbor2	chr17	21252383	21252559	SINE/MIR	514	-	88	21252471	37927
chr17	21214544	21414544	harbor2	chr17	21283110	21283337	SINE/MIR	616	-	114	21283224	68680
chr17	82549413	82749413	harbor2	chr17	82643034	82643152	SINE/MIR	642	-	59	82643093	93680
chr17	82549413	82749413	harbor2	chr17	82643454	82643548	SINE/MIR	642	-	47	82643501	94088
chr17	72084347	72284347	harbor2	chr17	72130675	72130880	SINE/MIR	710	-	102	72130777	46430
chr17	72084347	72284347	harbor2	chr17	72141354	72141552	SINE/MIR	517	-	99	72141453	57106
chr17	72084347	72284347	harbor2	chr17	72150269	72150519	SINE/MIR	767	-	125	72150394	66047
chr17	72084347	72284347	harbor2	chr17	72164141	72164320	SINE/MIR	587	-	90	72164231	79884
chr17	72084347	72284347	harbor2	chr17	72177658	72177898	SINE/MIR	662	-	120	72177778	93431
chr17	54182066	54382066	harbor2	chr17	54210047	54210243	SINE/MIR	516	-	98	54210145	28079
chr17	54182066	54382066	harbor2	chr17	54224204	54224438	SINE/MIR	567	-	117	54224321	42255
chr17	54182066	54382066	harbor2	chr17	54270476	54270691	SINE/MIR	582	-	108	54270584	88518
chr17	40408717	40608717	harbor2	chr17	40432948	40433189	SINE/MIR	624	-	120	40433068	24351
chr17	40408717	40608717	harbor2	chr17	40434024	40434256	SINE/MIR	726	-	116	40434140	25423
chr17	40408717	40608717	harbor2	chr17	40434280	40434487	SINE/MIR	594	-	104	40434384	25667
chr17	40408717	40608717	harbor2	chr17	40481829	40482019	SINE/MIR	581	-	95	40481924	73207
chr17	40408717	40608717	harbor2	chr17	40491286	40491472	SINE/MIR	658	-	93	40491379	82662
chr17	40408717	40608717	harbor2	chr17	40496868	40497097	SINE/MIR	702	-	114	40496982	88265
chr17	40408717	40608717	harbor2	chr17	40498442	40498557	SINE/MIR	531	-	58	40498500	89783
chr17	40408717	40608717	harbor2	chr17	40498849	40498982	SINE/MIR	531	-	66	40498915	90198
chr17	33746554	33946554	harbor2	chr17	33779747	33779967	SINE/MIR	647	-	110	33779857	33303
chr17	33746554	33946554	harbor2	chr17	33780271	33780304	SINE/MIR	647	-	16	33780287	33733
chr17	33746554	33946554	harbor2	chr17	33784977	33784990	SINE/MIR	525	-	6	33784983	38429
chr17	33746554	33946554	harbor2	chr17	33785384	33785580	SINE/MIR	525	-	98	33785482	38928
chr17	33746554	33946554	harbor2	chr17	33815754	33815854	SINE/MIR	508	-	50	33815804	69250
chr17	33746554	33946554	harbor2	chr17	33844795	33845038	SINE/MIR	547	-	122	33844917	98363
chr17	78798454	78998454	harbor2	chr17	78894083	78894283	SINE/MIR	584	-	100	78894183	95729
chr17	78798454	78998454	harbor2	chr17	78898175	78898365	SINE/MIR	576	-	95	78898270	99816
chr17	57612072	57812072	harbor2	chr17	57640478	57640698	SINE/MIR	517	-	110	57640588	28516
chr17	57612072	57812072	harbor2	chr17	57648311	57648522	SINE/MIR	665	-	106	57648417	36345
chr17	57612072	57812072	harbor2	chr17	57662389	57662608	SINE/MIR	504	-	110	57662499	50427
chr17	71599467	71799467	harbor2	chr17	71673451	71673632	SINE/MIR	527	-	90	71673541	74074
chr17	59396195	59596195	harbor2	chr17	59413639	59413700	SINE/MIR	502	-	30	59413669	17474
chr17	59396195	59596195	harbor2	chr17	59414008	59414108	SINE/MIR	502	-	50	59414058	17863
chr17	59396195	59596195	harbor2	chr17	59418868	59419031	SINE/MIR	653	-	82	59418950	22755
chr17	59396195	59596195	harbor2	chr17	59422089	59422319	SINE/MIR	603	-	115	59422204	26009
chr17	59396195	59596195	harbor2	chr17	59471265	59471465	SINE/MIR	529	-	100	59471365	75170
chr17	68234243	68434243	harbor2	chr17	68328266	68328496	SINE/MIR	618	-	115	68328381	94138
chr17	74706402	74906402	harbor2	chr17	74716468	74716661	SINE/MIR	749	-	96	74716564	10162
chr17	74706402	74906402	harbor2	chr17	74772299	74772501	SINE/MIR	513	-	101	74772400	65998
chr17	37581907	37781907	harbor2	chr17	37610591	37610797	SINE/MIR	545	-	103	37610694	28787
chr17	37581907	37781907	harbor2	chr17	37614612	37614825	SINE/MIR	744	-	106	37614718	32811
chr17	37581907	37781907	harbor2	chr17	37620159	37620289	SINE/MIR	523	-	65	37620224	38317
chr17	37581907	37781907	harbor2	chr17	37622822	37623051	SINE/MIR	840	-	114	37622936	41029
chr17	37581907	37781907	harbor2	chr17	37642495	37642717	SINE/MIR	657	-	111	37642606	60699
chr17	37581907	37781907	harbor2	chr17	37650888	37651151	SINE/MIR	835	-	132	37651020	69113
chr17	37581907	37781907	harbor2	chr17	37668252	37668501	SINE/MIR	1048	-	124	37668376	86469
chr17	37581907	37781907	harbor2	chr17	37677936	37678156	SINE/MIR	679	-	110	37678046	96139
chr17	30928430	31128430	harbor2	chr17	30930869	30931092	SINE/MIR	530	-	112	30930981	2551
chr17	30928430	31128430	harbor2	chr17	30952172	30952359	SINE/MIR	516	-	94	30952266	23836
chr17	29921009	30121009	harbor2	chr17	30001779	30002025	SINE/MIR	727	-	123	30001902	80893
chr17	50870803	51070803	harbor2	chr17	50881161	50881381	SINE/MIR	881	-	110	50881271	10468
chr17	50870803	51070803	harbor2	chr17	50891773	50892003	SINE/MIR	892	-	115	50891888	21085
chr17	50870803	51070803	harbor2	chr17	50897397	50897572	SINE/MIR	785	-	88	50897485	26682
chr17	50870803	51070803	harbor2	chr17	50908618	50908807	SINE/MIR	557	-	94	50908712	37909
chr17	50870803	51070803	harbor2	chr17	50909953	50910184	SINE/MIR	514	-	116	50910069	39266
chr17	50870803	51070803	harbor2	chr17	50919531	50919702	SINE/MIR	549	-	86	50919617	48814
chr17	43031693	43231693	harbor2	chr17	43130617	43130840	SINE/MIR	705	-	112	43130729	99036
chr17	81466486	81666486	harbor2	chr17	81493472	81493654	SINE/MIR	567	-	91	81493563	27077
chr17	79613980	79813980	harbor2	chr17	79630731	79630868	SINE/MIR	502	-	68	79630799	16819
chr17	72551956	72751956	harbor2	chr17	72599155	72599320	SINE/MIR	550	-	82	72599237	47281
chr17	72551956	72751956	harbor2	chr17	72618712	72618861	SINE/MIR	616	-	74	72618786	66830
chr17	72551956	72751956	harbor2	chr17	72647773	72647927	SINE/MIR	658	-	77	72647850	95894
chr17	53363541	53563541	harbor2	chr17	53364139	53364372	SINE/MIR	658	-	116	53364255	714
chr17	56787403	56987403	harbor2	chr17	56788744	56788952	SINE/MIR	757	-	104	56788848	1445
chr17	56787403	56987403	harbor2	chr17	56793105	56793317	SINE/MIR	562	-	106	56793211	5808
chr17	56787403	56987403	harbor2	chr17	56813733	56814001	SINE/MIR	579	-	134	56813867	26464
chr17	56787403	56987403	harbor2	chr17	56858763	56858991	SINE/MIR	587	-	114	56858877	71474
chr17	81433345	81633345	harbor2	chr17	81493472	81493654	SINE/MIR	567	-	91	81493563	60218
chr17	63261221	63461221	harbor2	chr17	63279279	63279446	SINE/MIR	513	-	84	63279363	18142
chr17	63261221	63461221	harbor2	chr17	63292775	63292961	SINE/MIR	541	-	93	63292868	31647
chr17	63261221	63461221	harbor2	chr17	63315241	63315466	SINE/MIR	691	-	112	63315353	54132
chr17	63261221	63461221	harbor2	chr17	63323615	63323812	SINE/MIR	550	-	98	63323713	62492
chr17	63261221	63461221	harbor2	chr17	63323820	63323986	SINE/MIR	685	-	83	63323903	62682
chr17	79157998	79357998	harbor2	chr17	79216765	79216906	SINE/MIR	529	-	70	79216835	58837
chr17	79157998	79357998	harbor2	chr17	79253765	79254012	SINE/MIR	552	-	124	79253889	95891
chr17	63502090	63702090	harbor2	chr17	63517913	63518142	SINE/MIR	562	-	114	63518027	15937
chr17	63502090	63702090	harbor2	chr17	63518568	63518813	SINE/MIR	818	-	122	63518690	16600
chr17	63502090	63702090	harbor2	chr17	63532969	63533120	SINE/MIR	579	-	76	63533045	30955
chr17	63502090	63702090	harbor2	chr17	63542600	63542816	SINE/MIR	667	-	108	63542708	40618
chr17	63502090	63702090	harbor2	chr17	63546948	63547101	SINE/MIR	593	-	76	63547024	44934
chr17	38638117	38838117	harbor2	chr17	38652126	38652298	SINE/MIR	663	-	86	38652212	14095
chr17	38638117	38838117	harbor2	chr17	38652593	38652663	SINE/MIR	663	-	35	38652628	14511
chr17	38638117	38838117	harbor2	chr17	38680516	38680643	SINE/MIR	513	-	64	38680580	42463
chr17	38638117	38838117	harbor2	chr17	38709871	38710096	SINE/MIR	531	-	112	38709983	71866
chr17	38638117	38838117	harbor2	chr17	38714104	38714281	SINE/MIR	730	-	88	38714192	76075
chr17	38638117	38838117	harbor2	chr17	38716062	38716291	SINE/MIR	543	-	114	38716176	78059
chr17	38638117	38838117	harbor2	chr17	38721288	38721514	SINE/MIR	568	-	113	38721401	83284
chr17	55798655	55998655	harbor2	chr17	55811301	55811484	SINE/MIR	556	-	92	55811393	12738
chr17	55798655	55998655	harbor2	chr17	55811944	55812145	SINE/MIR	516	-	100	55812044	13389
chr17	55798655	55998655	harbor2	chr17	55812248	55812461	SINE/MIR	598	-	106	55812354	13699
chr17	55798655	55998655	harbor2	chr17	55821563	55821784	SINE/MIR	558	-	110	55821673	23018
chr17	55798655	55998655	harbor2	chr17	55890054	55890288	SINE/MIR	652	-	117	55890171	91516
chr17	73674996	73874996	harbor2	chr17	73709167	73709327	SINE/MIR	532	-	80	73709247	34251
chr17	73674996	73874996	harbor2	chr17	73770156	73770384	SINE/MIR	907	-	114	73770270	95274
chr17	73674996	73874996	harbor2	chr17	73773602	73773822	SINE/MIR	665	-	110	73773712	98716
chr17	35948284	36148284	harbor2	chr17	35972314	35972502	SINE/MIR	625	-	94	35972408	24124
chr17	35948284	36148284	harbor2	chr17	36034895	36035091	SINE/MIR	666	-	98	36034993	86709
chr17	59747333	59947333	harbor2	chr17	59814288	59814498	SINE/MIR	515	-	105	59814393	67060
chr17	62130759	62330759	harbor2	chr17	62218294	62218407	SINE/MIR	550	-	56	62218350	87591
chr17	62130759	62330759	harbor2	chr17	62218707	62218779	SINE/MIR	550	-	36	62218743	87984
chr17	78543385	78743385	harbor2	chr17	78605586	78605734	SINE/MIR	549	-	74	78605660	62275
chr17	67603675	67803675	harbor2	chr17	67612353	67612577	SINE/MIR	594	-	112	67612465	8790
chr17	74784158	74984158	harbor2	chr17	74878728	74878959	SINE/MIR	551	-	116	74878844	94686
chr17	76366237	76566237	harbor2	chr17	76408290	76408500	SINE/MIR	716	-	105	76408395	42158
chr17	28950331	29150331	harbor2	chr17	28967188	28967431	SINE/MIR	579	-	122	28967310	16979
chr17	28950331	29150331	harbor2	chr17	28968989	28969196	SINE/MIR	714	-	104	28969093	18762
chr17	28950331	29150331	harbor2	chr17	28974498	28974702	SINE/MIR	648	-	102	28974600	24269
chr17	28950331	29150331	harbor2	chr17	28984942	28985157	SINE/MIR	523	-	108	28985050	34719
chr17	28950331	29150331	harbor2	chr17	28987683	28987932	SINE/MIR	669	-	124	28987807	37476
chr17	28950331	29150331	harbor2	chr17	29014190	29014419	SINE/MIR	970	-	114	29014304	63973
chr17	28950331	29150331	harbor2	chr17	29017173	29017411	SINE/MIR	842	-	119	29017292	66961
chr17	72349274	72549274	harbor2	chr17	72364941	72365105	SINE/MIR	705	-	82	72365023	15749
chr17	72349274	72549274	harbor2	chr17	72372700	72372922	SINE/MIR	551	-	111	72372811	23537
chr17	72349274	72549274	harbor2	chr17	72420115	72420290	SINE/MIR	557	-	88	72420203	70929
chr17	72349274	72549274	harbor2	chr17	72426875	72427105	SINE/MIR	545	-	115	72426990	77716
chr17	81482389	81682389	harbor2	chr17	81493472	81493654	SINE/MIR	567	-	91	81493563	11174
chr17	66840222	67040222	harbor2	chr17	66842392	66842516	SINE/MIR	521	-	62	66842454	2232
chr17	66840222	67040222	harbor2	chr17	66843037	66843272	SINE/MIR	692	-	118	66843155	2933
chr17	66840222	67040222	harbor2	chr17	66844742	66844855	SINE/MIR	525	-	56	66844798	4576
chr17	66840222	67040222	harbor2	chr17	66869456	66869620	SINE/MIR	546	-	82	66869538	29316
chr17	66840222	67040222	harbor2	chr17	66930004	66930212	SINE/MIR	875	-	104	66930108	89886
chr17	66840222	67040222	harbor2	chr17	66934129	66934341	SINE/MIR	614	-	106	66934235	94013
chr17	50248967	50448967	harbor2	chr17	50258280	50258369	SINE/MIR	562	-	44	50258324	9357
chr17	50248967	50448967	harbor2	chr17	50258656	50258771	SINE/MIR	562	-	58	50258714	9747
chr17	42168736	42368736	harbor2	chr17	42172472	42172536	SINE/MIR	518	-	32	42172504	3768
chr17	42168736	42368736	harbor2	chr17	42172583	42172758	SINE/MIR	518	-	88	42172671	3935
chr17	42168736	42368736	harbor2	chr17	42215342	42215563	SINE/MIR	657	-	110	42215452	46716
chr17	53813942	54013942	harbor2	chr17	53815626	53815846	SINE/MIR	747	-	110	53815736	1794
chr17	53813942	54013942	harbor2	chr17	53895414	53895640	SINE/MIR	651	-	113	53895527	81585
chr17	72246043	72446043	harbor2	chr17	72250130	72250377	SINE/MIR	523	-	124	72250254	4211
chr17	72246043	72446043	harbor2	chr17	72262438	72262670	SINE/MIR	685	-	116	72262554	16511
chr17	72246043	72446043	harbor2	chr17	72280611	72280784	SINE/MIR	529	-	86	72280697	34654
chr17	76661932	76861932	harbor2	chr17	76751788	76751974	SINE/MIR	591	-	93	76751881	89949
chr17	65706559	65906559	harbor2	chr17	65720767	65720987	SINE/MIR	978	-	110	65720877	14318
chr17	65706559	65906559	harbor2	chr17	65748568	65748799	SINE/MIR	829	-	116	65748684	42125
chr17	65706559	65906559	harbor2	chr17	65751776	65751932	SINE/MIR	607	-	78	65751854	45295
chr17	65706559	65906559	harbor2	chr17	65795021	65795220	SINE/MIR	505	-	100	65795121	88562
chr17	65706559	65906559	harbor2	chr17	65795287	65795501	SINE/MIR	505	-	107	65795394	88835
chr17	49302852	49502852	harbor2	chr17	49358039	49358254	SINE/MIR	653	-	108	49358147	55295
chr17	49302852	49502852	harbor2	chr17	49365352	49365534	SINE/MIR	633	-	91	49365443	62591
chr17	49302852	49502852	harbor2	chr17	49387726	49387953	SINE/MIR	729	-	114	49387840	84988
chr17	49302852	49502852	harbor2	chr17	49395868	49396044	SINE/MIR	561	-	88	49395956	93104
chr17	49302852	49502852	harbor2	chr17	49396657	49396718	SINE/MIR	561	-	30	49396687	93835
chr17	78853434	79053434	harbor2	chr17	78894083	78894283	SINE/MIR	584	-	100	78894183	40749
chr17	78853434	79053434	harbor2	chr17	78898175	78898365	SINE/MIR	576	-	95	78898270	44836
chr17	57546062	57746062	harbor2	chr17	57549600	57549767	SINE/MIR	558	-	84	57549684	3622
chr17	57546062	57746062	harbor2	chr17	57554624	57554828	SINE/MIR	627	-	102	57554726	8664
chr17	57546062	57746062	harbor2	chr17	57580960	57581004	SINE/MIR	522	-	22	57580982	34920
chr17	57546062	57746062	harbor2	chr17	57581312	57581433	SINE/MIR	522	-	60	57581372	35310
chr17	57546062	57746062	harbor2	chr17	57585399	57585561	SINE/MIR	550	-	81	57585480	39418
chr17	57546062	57746062	harbor2	chr17	57600793	57601032	SINE/MIR	608	-	120	57600913	54851
chr17	57546062	57746062	harbor2	chr17	57640478	57640698	SINE/MIR	517	-	110	57640588	94526
chr17	61876160	62076160	harbor2	chr17	61958780	61959004	SINE/MIR	726	-	112	61958892	82732
chr17	61876160	62076160	harbor2	chr17	61959314	61959329	SINE/MIR	726	-	8	61959322	83162
chr17	61876160	62076160	harbor2	chr17	61970073	61970298	SINE/MIR	914	-	112	61970185	94025
chr17	79526805	79726805	harbor2	chr17	79560806	79561021	SINE/MIR	509	-	108	79560914	34109
chr17	79526805	79726805	harbor2	chr17	79571978	79572199	SINE/MIR	581	-	110	79572088	45283
chr17	76713880	76913880	harbor2	chr17	76751788	76751974	SINE/MIR	591	-	93	76751881	38001
chr17	77699199	77899199	harbor2	chr17	77710198	77710390	SINE/MIR	681	-	96	77710294	11095
chr17	77699199	77899199	harbor2	chr17	77778125	77778353	SINE/MIR	627	-	114	77778239	79040
chr17	64476919	64676919	harbor2	chr17	64523173	64523382	SINE/MIR	656	-	104	64523277	46358
chr17	64476919	64676919	harbor2	chr17	64557134	64557342	SINE/MIR	579	-	104	64557238	80319
chr17	73002059	73202059	harbor2	chr17	73047491	73047656	SINE/MIR	721	-	82	73047573	45514
chr17	73002059	73202059	harbor2	chr17	73053458	73053694	SINE/MIR	949	-	118	73053576	51517
chr17	73002059	73202059	harbor2	chr17	73096066	73096274	SINE/MIR	556	-	104	73096170	94111
chr17	61799300	61999300	harbor2	chr17	61842751	61842948	SINE/MIR	692	-	98	61842849	43549
chr17	61799300	61999300	harbor2	chr17	61868186	61868402	SINE/MIR	645	-	108	61868294	68994
chr17	18360677	18560677	harbor2	chr17	18379765	18380011	SINE/MIR	828	-	123	18379888	19211
chr17	18360677	18560677	harbor2	chr17	18401662	18401910	SINE/MIR	509	-	124	18401786	41109
chr17	18360677	18560677	harbor2	chr17	18443075	18443318	SINE/MIR	552	-	122	18443197	82520
chr17	18360677	18560677	harbor2	chr17	18449274	18449467	SINE/MIR	641	-	96	18449370	88693
chr17	52382385	52582385	harbor2	chr17	52435709	52435925	SINE/MIR	509	-	108	52435817	53432
chr17	76082968	76282968	harbor2	chr17	76102742	76102956	SINE/MIR	569	-	107	76102849	19881
chr17	76082968	76282968	harbor2	chr17	76178644	76178811	SINE/MIR	607	-	84	76178728	95760
chr17	76082968	76282968	harbor2	chr17	76181017	76181148	SINE/MIR	517	-	66	76181083	98115
chr17	56885787	57085787	harbor2	chr17	56909914	56910106	SINE/MIR	935	-	96	56910010	24223
chr17	56885787	57085787	harbor2	chr17	56934318	56934535	SINE/MIR	633	-	108	56934426	48639
chr17	69622601	69822601	harbor2	chr17	69636293	69636442	SINE/MIR	563	-	74	69636367	13766
chr17	69622601	69822601	harbor2	chr17	69648310	69648347	SINE/MIR	543	-	18	69648328	25727
chr17	69622601	69822601	harbor2	chr17	69648658	69648862	SINE/MIR	543	-	102	69648760	26159
chr17	69622601	69822601	harbor2	chr17	69688513	69688739	SINE/MIR	635	-	113	69688626	66025
chr17	65204426	65404426	harbor2	chr17	65263562	65263812	SINE/MIR	754	-	125	65263687	59261
chr17	65204426	65404426	harbor2	chr17	65284095	65284304	SINE/MIR	506	-	104	65284199	79773
chr17	65204426	65404426	harbor2	chr17	65286785	65286921	SINE/MIR	652	-	68	65286853	82427
chr17	65204426	65404426	harbor2	chr17	65289852	65290096	SINE/MIR	1075	-	122	65289974	85548
chr17	76098434	76298434	harbor2	chr17	76102742	76102956	SINE/MIR	569	-	107	76102849	4415
chr17	76098434	76298434	harbor2	chr17	76178644	76178811	SINE/MIR	607	-	84	76178728	80294
chr17	76098434	76298434	harbor2	chr17	76181017	76181148	SINE/MIR	517	-	66	76181083	82649
chr17	72461838	72661838	harbor2	chr17	72474332	72474526	SINE/MIR	518	-	97	72474429	12591
chr17	72461838	72661838	harbor2	chr17	72499308	72499368	SINE/MIR	767	-	30	72499338	37500
chr17	72461838	72661838	harbor2	chr17	72499674	72499865	SINE/MIR	767	-	96	72499770	37932
chr17	72461838	72661838	harbor2	chr17	72528748	72528928	SINE/MIR	701	-	90	72528838	67000
chr17	72461838	72661838	harbor2	chr17	72538517	72538680	SINE/MIR	662	-	82	72538599	76761
chr17	72461838	72661838	harbor2	chr17	72531905	72532073	SINE/MIR	505	-	84	72531989	70151
chr17	80544725	80744725	harbor2	chr17	80626513	80626725	SINE/MIR	658	-	106	80626619	81894
chr17	69386109	69586109	harbor2	chr17	69395678	69395903	SINE/MIR	840	-	112	69395790	9681
chr17	69386109	69586109	harbor2	chr17	69409339	69409499	SINE/MIR	573	-	80	69409419	23310
chr17	69386109	69586109	harbor2	chr17	69424393	69424595	SINE/MIR	657	-	101	69424494	38385
chr17	69386109	69586109	harbor2	chr17	69431043	69431272	SINE/MIR	638	-	114	69431157	45048
chr17	69386109	69586109	harbor2	chr17	69433160	69433329	SINE/MIR	516	-	84	69433244	47135
chr17	69386109	69586109	harbor2	chr17	69439834	69440052	SINE/MIR	633	-	109	69439943	53834
chr17	69386109	69586109	harbor2	chr17	69440348	69440373	SINE/MIR	633	-	12	69440360	54251
chr17	69386109	69586109	harbor2	chr17	69446478	69446689	SINE/MIR	509	-	106	69446584	60475
chr17	27943049	28143049	harbor2	chr17	27942937	27943075	SINE/MIR	509	-	69	27943006	43
chr17	27943049	28143049	harbor2	chr17	27951629	27951858	SINE/MIR	512	-	114	27951743	8694
chr17	27943049	28143049	harbor2	chr17	27956012	27956236	SINE/MIR	757	-	112	27956124	13075
chr17	27943049	28143049	harbor2	chr17	27964080	27964299	SINE/MIR	883	-	110	27964190	21141
chr17	27943049	28143049	harbor2	chr17	27986145	27986380	SINE/MIR	549	-	118	27986263	43214
chr17	27943049	28143049	harbor2	chr17	27993142	27993336	SINE/MIR	520	-	97	27993239	50190
chr17	27943049	28143049	harbor2	chr17	27997004	27997242	SINE/MIR	633	-	119	27997123	54074
chr17	27943049	28143049	harbor2	chr17	28006502	28006676	SINE/MIR	565	-	87	28006589	63540
chr17	27943049	28143049	harbor2	chr17	28010271	28010444	SINE/MIR	560	-	86	28010357	67308
chr17	27943049	28143049	harbor2	chr17	28034648	28034830	SINE/MIR	603	-	91	28034739	91690
chr17	27943049	28143049	harbor2	chr17	28038926	28039113	SINE/MIR	507	-	94	28039020	95971
chr17	47361660	47561660	harbor2	chr17	47403218	47403414	SINE/MIR	519	-	98	47403316	41656
chr17	78273104	78473104	harbor2	chr17	78299225	78299442	SINE/MIR	519	-	108	78299333	26229
chr17	78273104	78473104	harbor2	chr17	78330603	78330730	SINE/MIR	579	-	64	78330667	57563
chr17	72272874	72472874	harbor2	chr17	72280611	72280784	SINE/MIR	529	-	86	72280697	7823
chr17	72272874	72472874	harbor2	chr17	72364941	72365105	SINE/MIR	705	-	82	72365023	92149
chr17	72272874	72472874	harbor2	chr17	72372700	72372922	SINE/MIR	551	-	111	72372811	99937
chr17	75374946	75574946	harbor2	chr17	75407846	75408016	SINE/MIR	579	-	85	75407931	32985
chr17	75374946	75574946	harbor2	chr17	75431430	75431600	SINE/MIR	505	-	85	75431515	56569
chr17	75374946	75574946	harbor2	chr17	75467931	75468157	SINE/MIR	678	-	113	75468044	93098
chr17	45440492	45640492	harbor2	chr17	45440581	45440783	SINE/MIR	962	-	101	45440682	190
chr17	45440492	45640492	harbor2	chr17	45445762	45445914	SINE/MIR	659	-	76	45445838	5346
chr17	45440492	45640492	harbor2	chr17	45450928	45451105	SINE/MIR	633	-	88	45451016	10524
chr17	45440492	45640492	harbor2	chr17	45525540	45525661	SINE/MIR	632	-	60	45525600	85108
chr17	62446077	62646077	harbor2	chr17	62471001	62471215	SINE/MIR	668	-	107	62471108	25031
chr17	62893041	63093041	harbor2	chr17	62930332	62930524	SINE/MIR	567	-	96	62930428	37387
chr17	62893041	63093041	harbor2	chr17	62932299	62932436	SINE/MIR	540	-	68	62932367	39326
chr17	62893041	63093041	harbor2	chr17	62964445	62964661	SINE/MIR	645	-	108	62964553	71512
chr17	62893041	63093041	harbor2	chr17	62969154	62969389	SINE/MIR	681	-	118	62969272	76231
chr17	48787446	48987446	harbor2	chr17	48789376	48789539	SINE/MIR	661	-	82	48789458	2012
chr17	48787446	48987446	harbor2	chr17	48794374	48794549	SINE/MIR	589	-	88	48794462	7016
chr17	51265157	51465157	harbor2	chr17	51322855	51323034	SINE/MIR	772	-	90	51322945	57788
chr17	51265157	51465157	harbor2	chr17	51333801	51334026	SINE/MIR	554	-	112	51333913	68756
chr17	75332910	75532910	harbor2	chr17	75364346	75364574	SINE/MIR	631	-	114	75364460	31550
chr17	75332910	75532910	harbor2	chr17	75368921	75369141	SINE/MIR	645	-	110	75369031	36121
chr17	75332910	75532910	harbor2	chr17	75407846	75408016	SINE/MIR	579	-	85	75407931	75021
chr17	75332910	75532910	harbor2	chr17	75431430	75431600	SINE/MIR	505	-	85	75431515	98605
chr17	41748115	41948115	harbor2	chr17	41769917	41770058	SINE/MIR	609	-	70	41769987	21872
chr17	41748115	41948115	harbor2	chr17	41805627	41805760	SINE/MIR	503	-	66	41805693	57578
chr17	79897201	80097201	harbor2	chr17	79914245	79914442	SINE/MIR	542	-	98	79914343	17142
chr17	79897201	80097201	harbor2	chr17	79926982	79927144	SINE/MIR	546	-	81	79927063	29862
chr17	79897201	80097201	harbor2	chr17	79953366	79953619	SINE/MIR	989	-	126	79953492	56291
chr17	70189372	70389372	harbor2	chr17	70201062	70201289	SINE/MIR	830	-	114	70201176	11804
chr17	70189372	70389372	harbor2	chr17	70208810	70209055	SINE/MIR	644	-	122	70208932	19560
chr17	70189372	70389372	harbor2	chr17	70222379	70222616	SINE/MIR	587	-	118	70222497	33125
chr17	70189372	70389372	harbor2	chr17	70245697	70245899	SINE/MIR	693	-	101	70245798	56426
chr17	73188702	73388702	harbor2	chr17	73238638	73238870	SINE/MIR	547	-	116	73238754	50052
chr17	73188702	73388702	harbor2	chr17	73239392	73239520	SINE/MIR	577	-	64	73239456	50754
chr17	73188702	73388702	harbor2	chr17	73239821	73239904	SINE/MIR	577	-	42	73239863	51161
chr17	59200718	59400718	harbor2	chr17	59285787	59285986	SINE/MIR	733	-	100	59285887	85169
chr17	59200718	59400718	harbor2	chr17	59286286	59286302	SINE/MIR	733	-	8	59286294	85576
chr17	78191468	78391468	harbor2	chr17	78255097	78255360	SINE/MIR	662	-	132	78255229	63761
chr17	74415772	74615772	harbor2	chr17	74471440	74471607	SINE/MIR	563	-	84	74471524	55752
chr17	74415772	74615772	harbor2	chr17	74474908	74475010	SINE/MIR	655	-	51	74474959	59187
chr17	74415772	74615772	harbor2	chr17	74475378	74475510	SINE/MIR	655	-	66	74475444	59672
chr17	66301041	66501041	harbor2	chr17	66315132	66315371	SINE/MIR	947	-	120	66315252	14211
chr17	66301041	66501041	harbor2	chr17	66373232	66373409	SINE/MIR	638	-	88	66373320	72279
chr17	78587297	78787297	harbor2	chr17	78605586	78605734	SINE/MIR	549	-	74	78605660	18363
chr17	80422836	80622836	harbor2	chr17	80520833	80521067	SINE/MIR	895	-	117	80520950	98114
chr17	66476076	66676076	harbor2	chr17	66507246	66507394	SINE/MIR	515	-	74	66507320	31244
chr17	79125860	79325860	harbor2	chr17	79129174	79129372	SINE/MIR	574	-	99	79129273	3413
chr17	79125860	79325860	harbor2	chr17	79216765	79216906	SINE/MIR	529	-	70	79216835	90975
chr17	32888680	33088680	harbor2	chr17	32914427	32914613	SINE/MIR	527	-	93	32914520	25840
chr17	32888680	33088680	harbor2	chr17	32954294	32954534	SINE/MIR	561	-	120	32954414	65734
chr17	32888680	33088680	harbor2	chr17	32955207	32955396	SINE/MIR	817	-	94	32955301	66621
chr17	32888680	33088680	harbor2	chr17	32979920	32980160	SINE/MIR	699	-	120	32980040	91360
chr17	55360263	55560263	harbor2	chr17	55396225	55396329	SINE/MIR	566	-	52	55396277	36014
chr17	55360263	55560263	harbor2	chr17	55410699	55410932	SINE/MIR	587	-	116	55410815	50552
chr17	55360263	55560263	harbor2	chr17	55426757	55426980	SINE/MIR	602	-	112	55426869	66606
chr17	55360263	55560263	harbor2	chr17	55442918	55443098	SINE/MIR	585	-	90	55443008	82745
chr17	60958894	61158894	harbor2	chr17	60981665	60981852	SINE/MIR	745	-	94	60981759	22865
chr17	60958894	61158894	harbor2	chr17	61033385	61033568	SINE/MIR	675	-	92	61033477	74583
chr17	58688593	58888593	harbor2	chr17	58771995	58772153	SINE/MIR	676	-	79	58772074	83481
chr17	58688593	58888593	harbor2	chr17	58775199	58775424	SINE/MIR	829	-	112	58775311	86718
chr17	70296240	70496240	harbor2	chr17	70346514	70346746	SINE/MIR	628	-	116	70346630	50390
chr17	69152662	69352662	harbor2	chr17	69181914	69182122	SINE/MIR	743	-	104	69182018	29356
chr17	69152662	69352662	harbor2	chr17	69200179	69200411	SINE/MIR	559	-	116	69200295	47633
chr17	69152662	69352662	harbor2	chr17	69215295	69215538	SINE/MIR	664	-	122	69215417	62755
chr17	61767756	61967756	harbor2	chr17	61842751	61842948	SINE/MIR	692	-	98	61842849	75093
chr17	64742160	64942160	harbor2	chr17	64787665	64787867	SINE/MIR	885	-	101	64787766	45606
chr17	64742160	64942160	harbor2	chr17	64792641	64792794	SINE/MIR	662	-	76	64792717	50557
chr17	64742160	64942160	harbor2	chr17	64797574	64797751	SINE/MIR	639	-	88	64797662	55502
chr17	33595173	33795173	harbor2	chr17	33595248	33595307	SINE/MIR	723	-	30	33595278	105
chr17	33595173	33795173	harbor2	chr17	33596795	33596999	SINE/MIR	516	-	102	33596897	1724
chr17	33595173	33795173	harbor2	chr17	33628662	33628916	SINE/MIR	504	-	127	33628789	33616
chr17	33595173	33795173	harbor2	chr17	33645828	33646071	SINE/MIR	528	-	122	33645950	50777
chr17	33595173	33795173	harbor2	chr17	33652370	33652605	SINE/MIR	788	-	118	33652488	57315
chr17	33595173	33795173	harbor2	chr17	33663114	33663307	SINE/MIR	659	-	96	33663210	68037
chr17	33595173	33795173	harbor2	chr17	33674488	33674669	SINE/MIR	509	-	90	33674578	79405
chr17	28546968	28746968	harbor2	chr17	28551454	28551694	SINE/MIR	770	-	120	28551574	4606
chr17	28546968	28746968	harbor2	chr17	28553407	28553629	SINE/MIR	744	-	111	28553518	6550
chr17	28546968	28746968	harbor2	chr17	28568517	28568663	SINE/MIR	529	-	73	28568590	21622
chr17	28546968	28746968	harbor2	chr17	28599570	28599766	SINE/MIR	667	-	98	28599668	52700
chr17	79511783	79711783	harbor2	chr17	79560806	79561021	SINE/MIR	509	-	108	79560914	49131
chr17	79511783	79711783	harbor2	chr17	79571978	79572199	SINE/MIR	581	-	110	79572088	60305
chr17	70181525	70381525	harbor2	chr17	70201062	70201289	SINE/MIR	830	-	114	70201176	19651
chr17	70181525	70381525	harbor2	chr17	70208810	70209055	SINE/MIR	644	-	122	70208932	27407
chr17	70181525	70381525	harbor2	chr17	70222379	70222616	SINE/MIR	587	-	118	70222497	40972
chr17	70181525	70381525	harbor2	chr17	70245697	70245899	SINE/MIR	693	-	101	70245798	64273
chr17	61109322	61309322	harbor2	chr17	61142099	61142329	SINE/MIR	663	-	115	61142214	32892
chr17	61109322	61309322	harbor2	chr17	61165813	61166005	SINE/MIR	542	-	96	61165909	56587
chr17	61109322	61309322	harbor2	chr17	61207340	61207531	SINE/MIR	691	-	96	61207436	98114
chr17	59681254	59881254	harbor2	chr17	59689748	59689901	SINE/MIR	533	-	76	59689824	8570
chr17	59681254	59881254	harbor2	chr17	59733755	59734005	SINE/MIR	1065	-	125	59733880	52626
chr17	30338405	30538405	harbor2	chr17	30383244	30383501	SINE/MIR	555	-	128	30383372	44967
chr17	33535408	33735408	harbor2	chr17	33543627	33543848	SINE/MIR	709	-	110	33543737	8329
chr17	33535408	33735408	harbor2	chr17	33553651	33553854	SINE/MIR	587	-	102	33553753	18345
chr17	33535408	33735408	harbor2	chr17	33560714	33560965	SINE/MIR	781	-	126	33560840	25432
chr17	33535408	33735408	harbor2	chr17	33594436	33594546	SINE/MIR	723	-	55	33594491	59083
chr17	33535408	33735408	harbor2	chr17	33594845	33594938	SINE/MIR	723	-	46	33594891	59483
chr17	33535408	33735408	harbor2	chr17	33595248	33595307	SINE/MIR	723	-	30	33595278	59870
chr17	33535408	33735408	harbor2	chr17	33596795	33596999	SINE/MIR	516	-	102	33596897	61489
chr17	33535408	33735408	harbor2	chr17	33628662	33628916	SINE/MIR	504	-	127	33628789	93381
chr17	55195700	55395700	harbor2	chr17	55228788	55229023	SINE/MIR	548	-	118	55228906	33206
chr17	55195700	55395700	harbor2	chr17	55255205	55255455	SINE/MIR	741	-	125	55255330	59630
chr17	55195700	55395700	harbor2	chr17	55258606	55258792	SINE/MIR	627	-	93	55258699	62999
chr17	55195700	55395700	harbor2	chr17	55293500	55293742	SINE/MIR	554	-	121	55293621	97921
chr17	67813531	68013531	harbor2	chr17	67865347	67865601	SINE/MIR	606	-	127	67865474	51943
chr17	67813531	68013531	harbor2	chr17	67862324	67862572	SINE/MIR	1028	-	124	67862448	48917
chr17	42159207	42359207	harbor2	chr17	42161733	42161934	SINE/MIR	549	-	100	42161833	2626
chr17	42159207	42359207	harbor2	chr17	42172472	42172536	SINE/MIR	518	-	32	42172504	13297
chr17	42159207	42359207	harbor2	chr17	42172583	42172758	SINE/MIR	518	-	88	42172671	13464
chr17	42159207	42359207	harbor2	chr17	42215342	42215563	SINE/MIR	657	-	110	42215452	56245
chr17	65262835	65462835	harbor2	chr17	65263562	65263812	SINE/MIR	754	-	125	65263687	852
chr17	65262835	65462835	harbor2	chr17	65284095	65284304	SINE/MIR	506	-	104	65284199	21364
chr17	65262835	65462835	harbor2	chr17	65286785	65286921	SINE/MIR	652	-	68	65286853	24018
chr17	65262835	65462835	harbor2	chr17	65289852	65290096	SINE/MIR	1075	-	122	65289974	27139
chr17	65262835	65462835	harbor2	chr17	65311632	65311890	SINE/MIR	872	-	129	65311761	48926
chr17	65262835	65462835	harbor2	chr17	65317512	65317712	SINE/MIR	778	-	100	65317612	54777
chr17	65262835	65462835	harbor2	chr17	65318288	65318466	SINE/MIR	622	-	89	65318377	55542
chr17	76095738	76295738	harbor2	chr17	76102742	76102956	SINE/MIR	569	-	107	76102849	7111
chr17	76095738	76295738	harbor2	chr17	76178644	76178811	SINE/MIR	607	-	84	76178728	82990
chr17	76095738	76295738	harbor2	chr17	76181017	76181148	SINE/MIR	517	-	66	76181083	85345
chr18	63824874	64024874	harbor2	chr18	63849382	63849624	SINE/MIR	847	-	121	63849503	24629
chr18	63824874	64024874	harbor2	chr18	63893756	63893902	SINE/MIR	506	-	73	63893829	68955
chr18	63824874	64024874	harbor2	chr18	63920929	63921078	SINE/MIR	451	-	74	63921003	96129
chr18	43102168	43302168	harbor2	chr18	43143446	43143643	SINE/MIR	611	-	98	43143544	41376
chr18	42176356	42376356	harbor2	chr18	42201731	42201856	SINE/MIR	503	-	62	42201793	25437
chr18	42176356	42376356	harbor2	chr18	42232373	42232598	SINE/MIR	559	-	112	42232485	56129
chr18	42176356	42376356	harbor2	chr18	42239507	42239759	SINE/MIR	600	-	126	42239633	63277
chr18	42176356	42376356	harbor2	chr18	42246599	42246770	SINE/MIR	578	-	86	42246685	70329
chr18	46018483	46218483	harbor2	chr18	46036309	46036437	SINE/MIR	423	-	64	46036373	17890
chr18	46018483	46218483	harbor2	chr18	46069950	46070178	SINE/MIR	809	-	114	46070064	51581
chr18	54458323	54658323	harbor2	chr18	54459376	54459591	SINE/MIR	639	-	108	54459484	1161
chr18	77142677	77342677	harbor2	chr18	77226619	77226791	SINE/MIR	487	-	86	77226705	84028
chr18	77142677	77342677	harbor2	chr18	77238478	77238665	SINE/MIR	539	-	94	77238572	95895
chr18	33194929	33394929	harbor2	chr18	33229409	33229619	SINE/MIR	470	-	105	33229514	34585
chr18	33194929	33394929	harbor2	chr18	33233659	33233904	SINE/MIR	594	-	122	33233781	38852
chr18	35761091	35961091	harbor2	chr18	35781871	35782099	SINE/MIR	507	-	114	35781985	20894
chr18	31516987	31716987	harbor2	chr18	31523616	31523879	SINE/MIR	921	-	132	31523748	6761
chr18	31516987	31716987	harbor2	chr18	31590026	31590249	SINE/MIR	415	-	112	31590138	73151
chr18	31516987	31716987	harbor2	chr18	31595732	31595921	SINE/MIR	737	-	94	31595826	78839
chr18	77206532	77406532	harbor2	chr18	77226619	77226791	SINE/MIR	487	-	86	77226705	20173
chr18	77206532	77406532	harbor2	chr18	77238478	77238665	SINE/MIR	539	-	94	77238572	32040
chr18	78390464	78590464	harbor2	chr18	78479285	78479414	SINE/MIR	411	-	64	78479349	88885
chr18	65161972	65361972	harbor2	chr18	65214816	65215001	SINE/MIR	397	-	92	65214908	52936
chr18	65161972	65361972	harbor2	chr18	65227332	65227588	SINE/MIR	388	-	128	65227460	65488
chr18	71478694	71678694	harbor2	chr18	71526987	71527223	SINE/MIR	530	-	118	71527105	48411
chr18	76564250	76764250	harbor2	chr18	76594384	76594460	SINE/MIR	480	-	38	76594422	30172
chr18	76564250	76764250	harbor2	chr18	76594687	76594745	SINE/MIR	480	-	29	76594716	30466
chr18	76564250	76764250	harbor2	chr18	76656236	76656403	SINE/MIR	424	-	84	76656320	92070
chr18	76564250	76764250	harbor2	chr18	76662681	76662861	SINE/MIR	550	-	90	76662771	98521
chr18	22243581	22443581	harbor2	chr18	22244014	22244190	SINE/MIR	508	-	88	22244102	521
chr18	22243581	22443581	harbor2	chr18	22287919	22288105	SINE/MIR	609	-	93	22288012	44431
chr18	22243581	22443581	harbor2	chr18	22319689	22319914	SINE/MIR	568	-	112	22319801	76220
chr18	22243581	22443581	harbor2	chr18	22327054	22327174	SINE/MIR	505	-	60	22327114	83533
chr18	28673418	28873418	harbor2	chr18	28720551	28720785	SINE/MIR	796	-	117	28720668	47250
chr18	76049777	76249777	harbor2	chr18	76144416	76144644	SINE/MIR	453	-	114	76144530	94753
chr18	75862275	76062275	harbor2	chr18	75879706	75879951	SINE/MIR	521	-	122	75879828	17553
chr18	28715047	28915047	harbor2	chr18	28720551	28720785	SINE/MIR	796	-	117	28720668	5621
chr18	28715047	28915047	harbor2	chr18	28786295	28786537	SINE/MIR	457	-	121	28786416	71369
chr18	28715047	28915047	harbor2	chr18	28813210	28813316	SINE/MIR	507	-	53	28813263	98216
chr18	28715047	28915047	harbor2	chr18	28813674	28813817	SINE/MIR	507	-	72	28813746	98699
chr18	48914970	49114970	harbor2	chr18	49013802	49013922	SINE/MIR	447	-	60	49013862	98892
chr18	48914970	49114970	harbor2	chr18	49014663	49014898	SINE/MIR	466	-	118	49014781	99811
chr18	75337098	75537098	harbor2	chr18	75384204	75384380	SINE/MIR	435	-	88	75384292	47194
chr18	32688955	32888955	harbor2	chr18	32699442	32699630	SINE/MIR	402	-	94	32699536	10581
chr18	32688955	32888955	harbor2	chr18	32734650	32734885	SINE/MIR	601	-	118	32734768	45813
chr18	32688955	32888955	harbor2	chr18	32759433	32759649	SINE/MIR	588	-	108	32759541	70586
chr18	32688955	32888955	harbor2	chr18	32777463	32777614	SINE/MIR	460	-	76	32777539	88584
chr18	69016541	69216541	harbor2	chr18	69056004	69056131	SINE/MIR	397	-	64	69056068	39527
chr18	47861886	48061886	harbor2	chr18	47884251	47884423	SINE/MIR	555	-	86	47884337	22451
chr18	61902485	62102485	harbor2	chr18	61904945	61905131	SINE/MIR	450	-	93	61905038	2553
chr18	61902485	62102485	harbor2	chr18	61919489	61919711	SINE/MIR	466	-	111	61919600	17115
chr18	61902485	62102485	harbor2	chr18	61993721	61993937	SINE/MIR	460	-	108	61993829	91344
chr18	50654411	50854411	harbor2	chr18	50675023	50675226	SINE/MIR	804	-	102	50675125	20714
chr18	50654411	50854411	harbor2	chr18	50679460	50679618	SINE/MIR	486	-	79	50679539	25128
chr18	50654411	50854411	harbor2	chr18	50693727	50693908	SINE/MIR	580	-	90	50693817	39406
chr18	50654411	50854411	harbor2	chr18	50695838	50696027	SINE/MIR	701	-	94	50695932	41521
chr18	50654411	50854411	harbor2	chr18	50730187	50730362	SINE/MIR	406	-	88	50730275	75864
chr18	50654411	50854411	harbor2	chr18	50733896	50734070	SINE/MIR	591	-	87	50733983	79572
chr18	50654411	50854411	harbor2	chr18	50739504	50739701	SINE/MIR	553	-	98	50739602	85191
chr18	74231680	74431680	harbor2	chr18	74312479	74312686	SINE/MIR	386	-	104	74312583	80903
chr18	74231680	74431680	harbor2	chr18	74312761	74312990	SINE/MIR	846	-	114	74312875	81195
chr18	30375367	30575367	harbor2	chr18	30389203	30389419	SINE/MIR	453	-	108	30389311	13944
chr18	30375367	30575367	harbor2	chr18	30430119	30430377	SINE/MIR	386	-	129	30430248	54881
chr18	30375367	30575367	harbor2	chr18	30434340	30434575	SINE/MIR	392	-	118	30434458	59091
chr18	30375367	30575367	harbor2	chr18	30449573	30449733	SINE/MIR	438	-	80	30449653	74286
chr18	30375367	30575367	harbor2	chr18	30456502	30456676	SINE/MIR	473	-	87	30456589	81222
chr19	53911311	54111311	harbor2	chr19	53915708	53915926	SINE/MIR	807	-	109	53915817	4506
chr19	53911311	54111311	harbor2	chr19	53945048	53945244	SINE/MIR	713	-	98	53945146	33835
chr19	53911311	54111311	harbor2	chr19	53946197	53946427	SINE/MIR	626	-	115	53946312	35001
chr19	48400520	48600520	harbor2	chr19	48489596	48489808	SINE/MIR	856	-	106	48489702	89182
chr19	48400520	48600520	harbor2	chr19	48497069	48497301	SINE/MIR	777	-	116	48497185	96665
chr19	51587353	51787353	harbor2	chr19	51683697	51683913	SINE/MIR	1042	-	108	51683805	96452
chr19	56081040	56281040	harbor2	chr19	56142665	56142835	SINE/MIR	620	-	85	56142750	61710
chr19	34137642	34337642	harbor2	chr19	34222051	34222271	SINE/MIR	982	-	110	34222161	84519
chr19	43141963	43341963	harbor2	chr19	43171021	43171225	SINE/MIR	692	-	102	43171123	29160
chr19	57177118	57377118	harbor2	chr19	57219953	57220170	SINE/MIR	612	-	108	57220061	42943
chr19	57177118	57377118	harbor2	chr19	57260887	57261100	SINE/MIR	777	-	106	57260993	83875
chr19	57198910	57398910	harbor2	chr19	57219953	57220170	SINE/MIR	612	-	108	57220061	21151
chr19	57198910	57398910	harbor2	chr19	57260887	57261100	SINE/MIR	777	-	106	57260993	62083
chr19	42573414	42773414	harbor2	chr19	42584317	42584526	SINE/MIR	699	-	104	42584421	11007
chr19	42573414	42773414	harbor2	chr19	42621361	42621561	SINE/MIR	664	-	100	42621461	48047
chr19	51225260	51425260	harbor2	chr19	51272423	51272682	SINE/MIR	879	-	130	51272553	47293
chr19	51225260	51425260	harbor2	chr19	51317321	51317523	SINE/MIR	716	-	101	51317422	92162
chr19	41248258	41448258	harbor2	chr19	41258263	41258423	SINE/MIR	641	-	80	41258343	10085
chr19	41248258	41448258	harbor2	chr19	41258716	41258753	SINE/MIR	641	-	18	41258734	10476
chr19	41248258	41448258	harbor2	chr19	41259230	41259257	SINE/MIR	641	-	14	41259244	10986
chr19	39968938	40168938	harbor2	chr19	40008009	40008227	SINE/MIR	794	-	109	40008118	39180
chr19	34147386	34347386	harbor2	chr19	34222051	34222271	SINE/MIR	982	-	110	34222161	74775
chr19	40801032	41001032	harbor2	chr19	40819535	40819734	SINE/MIR	779	-	100	40819635	18603
chr19	46121451	46321451	harbor2	chr19	46175147	46175411	SINE/MIR	661	-	132	46175279	53828
chr19	43250493	43450493	harbor2	chr19	43254141	43254343	SINE/MIR	683	-	101	43254242	3749
chr19	33054978	33254978	harbor2	chr19	33072070	33072239	SINE/MIR	692	-	84	33072154	17176
chr19	57016344	57216344	harbor2	chr19	57070288	57070486	SINE/MIR	641	-	99	57070387	54043
chr19	57016344	57216344	harbor2	chr19	57102270	57102476	SINE/MIR	699	-	103	57102373	86029
chr19	56612059	56812059	harbor2	chr19	56624579	56624796	SINE/MIR	628	-	108	56624687	12628
chr19	56612059	56812059	harbor2	chr19	56640954	56641163	SINE/MIR	634	-	104	56641058	28999
chr19	56612059	56812059	harbor2	chr19	56651108	56651340	SINE/MIR	742	-	116	56651224	39165
chr19	57052158	57252158	harbor2	chr19	57070288	57070486	SINE/MIR	641	-	99	57070387	18229
chr19	57052158	57252158	harbor2	chr19	57102270	57102476	SINE/MIR	699	-	103	57102373	50215
chr19	57052158	57252158	harbor2	chr19	57118093	57118289	SINE/MIR	621	-	98	57118191	66033
chr19	38603135	38803135	harbor2	chr19	38636561	38636756	SINE/MIR	611	-	98	38636659	33524
chr19	6095437	6295437	harbor2	chr19	6111896	6112021	SINE/MIR	740	-	62	6111958	16521
chr19	6095437	6295437	harbor2	chr19	6112336	6112462	SINE/MIR	740	-	63	6112399	16962
chr19	6095437	6295437	harbor2	chr19	6165505	6165701	SINE/MIR	875	-	98	6165603	70166
chr19	55470764	55670764	harbor2	chr19	55498267	55498494	SINE/MIR	788	-	114	55498381	27617
chr19	55470764	55670764	harbor2	chr19	55514746	55514996	SINE/MIR	695	-	125	55514871	44107
chr19	50296445	50496445	harbor2	chr19	50307445	50307666	SINE/MIR	846	-	110	50307555	11110
chr19	49844172	50044172	harbor2	chr19	49923627	49923861	SINE/MIR	798	-	117	49923744	79572
chr19	49844172	50044172	harbor2	chr19	49926749	49926855	SINE/MIR	920	-	53	49926802	82630
chr19	49844172	50044172	harbor2	chr19	49927161	49927300	SINE/MIR	920	-	70	49927231	83059
chr19	55162020	55362020	harbor2	chr19	55182560	55182747	SINE/MIR	624	-	94	55182654	20634
chr19	35846873	36046873	harbor2	chr19	35881122	35881205	SINE/MIR	769	-	42	35881164	34291
chr19	35846873	36046873	harbor2	chr19	35881657	35881830	SINE/MIR	769	-	86	35881743	34870
chr19	35846873	36046873	harbor2	chr19	35932072	35932283	SINE/MIR	622	-	106	35932178	85305
chr19	40333190	40533190	harbor2	chr19	40413032	40413229	SINE/MIR	648	-	98	40413130	79940
chr19	44985726	45185726	harbor2	chr19	45008226	45008369	SINE/MIR	656	-	72	45008298	22572
chr19	40453323	40653323	harbor2	chr19	40490441	40490629	SINE/MIR	717	-	94	40490535	37212
chr19	40453323	40653323	harbor2	chr19	40517701	40517924	SINE/MIR	722	-	112	40517813	64490
chr19	17298841	17498841	harbor2	chr19	17334054	17334254	SINE/MIR	659	-	100	17334154	35313
chr19	14206293	14406293	harbor2	chr19	14245952	14246082	SINE/MIR	637	-	65	14246017	39724
chr19	14206293	14406293	harbor2	chr19	14298265	14298472	SINE/MIR	741	-	104	14298369	92076
chr19	48526960	48726960	harbor2	chr19	48609041	48609219	SINE/MIR	614	-	89	48609130	82170
chr19	15681986	15881986	harbor2	chr19	15759385	15759600	SINE/MIR	674	-	108	15759493	77507
chr19	57129292	57329292	harbor2	chr19	57219953	57220170	SINE/MIR	612	-	108	57220061	90769
chr19	41907367	42107367	harbor2	chr19	41931964	41932215	SINE/MIR	854	-	126	41932090	24723
chr19	55656300	55856300	harbor2	chr19	55656590	55656767	SINE/MIR	658	-	88	55656678	378
chr19	34171594	34371594	harbor2	chr19	34222051	34222271	SINE/MIR	982	-	110	34222161	50567
chr19	55534408	55734408	harbor2	chr19	55612677	55612910	SINE/MIR	790	-	116	55612793	78385
chr19	4581026	4781026	harbor2	chr19	4600983	4601145	SINE/MIR	751	-	81	4601064	20038
chr19	4581026	4781026	harbor2	chr19	4601459	4601491	SINE/MIR	751	-	16	4601475	20449
chr19	43076393	43276393	harbor2	chr19	43171021	43171225	SINE/MIR	692	-	102	43171123	94730
chr19	56632307	56832307	harbor2	chr19	56640954	56641163	SINE/MIR	634	-	104	56641058	8751
chr19	56632307	56832307	harbor2	chr19	56651108	56651340	SINE/MIR	742	-	116	56651224	18917
chr19	15680879	15880879	harbor2	chr19	15759385	15759600	SINE/MIR	674	-	108	15759493	78614
chr19	41068379	41268379	harbor2	chr19	41092446	41092678	SINE/MIR	699	-	116	41092562	24183
chr19	43564582	43764582	harbor2	chr19	43582571	43582827	SINE/MIR	788	-	128	43582699	18117
chr19	50391052	50591052	harbor2	chr19	50450202	50450251	SINE/MIR	734	-	24	50450226	59174
chr19	50391052	50591052	harbor2	chr19	50450564	50450715	SINE/MIR	734	-	76	50450640	59588
chr19	50391052	50591052	harbor2	chr19	50469915	50470115	SINE/MIR	629	-	100	50470015	78963
chr19	41168133	41368133	harbor2	chr19	41205086	41205321	SINE/MIR	694	-	118	41205204	37071
chr19	41168133	41368133	harbor2	chr19	41244382	41244467	SINE/MIR	990	-	42	41244424	76291
chr19	41168133	41368133	harbor2	chr19	41244791	41244933	SINE/MIR	990	-	71	41244862	76729
chr19	41168133	41368133	harbor2	chr19	41258263	41258423	SINE/MIR	641	-	80	41258343	90210
chr19	41168133	41368133	harbor2	chr19	41258716	41258753	SINE/MIR	641	-	18	41258734	90601
chr19	41168133	41368133	harbor2	chr19	41259230	41259257	SINE/MIR	641	-	14	41259244	91111
chr19	28805421	29005421	harbor2	chr19	28855172	28855356	SINE/MIR	614	-	92	28855264	49843
chr19	39292175	39492175	harbor2	chr19	39323246	39323438	SINE/MIR	881	-	96	39323342	31167
chr19	39292175	39492175	harbor2	chr19	39333605	39333843	SINE/MIR	834	-	119	39333724	41549
chr19	39292175	39492175	harbor2	chr19	39334637	39334837	SINE/MIR	664	-	100	39334737	42562
chr19	39292175	39492175	harbor2	chr19	39335151	39335186	SINE/MIR	643	-	18	39335169	42994
chr19	39292175	39492175	harbor2	chr19	39348980	39349110	SINE/MIR	617	-	65	39349045	56870
chr19	39292175	39492175	harbor2	chr19	39363540	39363787	SINE/MIR	698	-	124	39363664	71489
chr19	28635763	28835763	harbor2	chr19	28728106	28728340	SINE/MIR	713	-	117	28728223	92460
chr19	57250001	57450001	harbor2	chr19	57260887	57261100	SINE/MIR	777	-	106	57260993	10992
chr19	42610610	42810610	harbor2	chr19	42621361	42621561	SINE/MIR	664	-	100	42621461	10851
chr19	37901641	38101641	harbor2	chr19	37919317	37919551	SINE/MIR	899	-	117	37919434	17793
chr19	37901641	38101641	harbor2	chr19	37936522	37936781	SINE/MIR	636	-	130	37936652	35011
chr19	57138799	57338799	harbor2	chr19	57219953	57220170	SINE/MIR	612	-	108	57220061	81262
chr19	31858598	32058598	harbor2	chr19	31937373	31937600	SINE/MIR	703	-	114	31937487	78889
chr19	57197567	57397567	harbor2	chr19	57219953	57220170	SINE/MIR	612	-	108	57220061	22494
chr19	57197567	57397567	harbor2	chr19	57260887	57261100	SINE/MIR	777	-	106	57260993	63426
chr19	55289905	55489905	harbor2	chr19	55342528	55342681	SINE/MIR	628	-	76	55342604	52699
chr19	55289905	55489905	harbor2	chr19	55351161	55351345	SINE/MIR	615	-	92	55351253	61348
chr19	55234371	55434371	harbor2	chr19	55278433	55278631	SINE/MIR	787	-	99	55278532	44161
chr19	55234371	55434371	harbor2	chr19	55278942	55278971	SINE/MIR	787	-	14	55278956	44585
chr19	47188920	47388920	harbor2	chr19	47205681	47205912	SINE/MIR	740	-	116	47205797	16877
chr19	55375297	55575297	harbor2	chr19	55440049	55440270	SINE/MIR	845	-	110	55440159	64862
chr19	45526095	45726095	harbor2	chr19	45574497	45574661	SINE/MIR	666	-	82	45574579	48484
chr19	34926579	35126579	harbor2	chr19	34932537	34932777	SINE/MIR	615	-	120	34932657	6078
chr19	45543568	45743568	harbor2	chr19	45574497	45574661	SINE/MIR	666	-	82	45574579	31011
chr19	45350712	45550712	harbor2	chr19	45392517	45392724	SINE/MIR	651	-	104	45392621	41909
chr19	30992469	31192469	harbor2	chr19	31089956	31090159	SINE/MIR	698	-	102	31090058	97589
chr19	47407243	47607243	harbor2	chr19	47416268	47416503	SINE/MIR	917	-	118	47416386	9143
chr19	47407243	47607243	harbor2	chr19	47463791	47464038	SINE/MIR	949	-	124	47463915	56672
chr19	47407243	47607243	harbor2	chr19	47484507	47484702	SINE/MIR	678	-	98	47484605	77362
chr19	46078478	46278478	harbor2	chr19	46175147	46175411	SINE/MIR	661	-	132	46175279	96801
chr19	49281070	49481070	harbor2	chr19	49351424	49351653	SINE/MIR	666	-	114	49351538	70468
chr19	55976125	56176125	harbor2	chr19	56062768	56062922	SINE/MIR	671	-	77	56062845	86720
chr19	55976125	56176125	harbor2	chr19	56063216	56063283	SINE/MIR	671	-	34	56063250	87125
chr19	28698788	28898788	harbor2	chr19	28728106	28728340	SINE/MIR	713	-	117	28728223	29435
chr19	31118154	31318154	harbor2	chr19	31160051	31160262	SINE/MIR	679	-	106	31160157	42003
chr19	31118154	31318154	harbor2	chr19	31163856	31164095	SINE/MIR	805	-	120	31163976	45822
chr19	49444556	49644556	harbor2	chr19	49480104	49480283	SINE/MIR	669	-	90	49480194	35638
chr19	49444556	49644556	harbor2	chr19	49532976	49533183	SINE/MIR	950	-	104	49533080	88524
chr19	46415528	46615528	harbor2	chr19	46447074	46447318	SINE/MIR	775	-	122	46447196	31668
chr19	43854362	44054362	harbor2	chr19	43928883	43929116	SINE/MIR	626	-	116	43928999	74637
chr19	43854362	44054362	harbor2	chr19	43931645	43931811	SINE/MIR	794	-	83	43931728	77366
chr19	31960236	32160236	harbor2	chr19	32059624	32059828	SINE/MIR	650	-	102	32059726	99490
chr19	35214735	35414735	harbor2	chr19	35303299	35303527	SINE/MIR	1006	-	114	35303413	88678
chr19	43112886	43312886	harbor2	chr19	43171021	43171225	SINE/MIR	692	-	102	43171123	58237
chr19	54147656	54347656	harbor2	chr19	54199458	54199652	SINE/MIR	689	-	97	54199555	51899
chr19	41667605	41867605	harbor2	chr19	41678507	41678709	SINE/MIR	625	-	101	41678608	11003
chr19	49993774	50193774	harbor2	chr19	50064843	50064977	SINE/MIR	790	-	67	50064910	71136
chr19	49993774	50193774	harbor2	chr19	50065272	50065366	SINE/MIR	790	-	47	50065319	71545
chr19	49993774	50193774	harbor2	chr19	50065950	50066205	SINE/MIR	756	-	128	50066078	72304
chr19	42415703	42615703	harbor2	chr19	42463885	42464117	SINE/MIR	887	-	116	42464001	48298
chr19	42415703	42615703	harbor2	chr19	42471222	42471432	SINE/MIR	865	-	105	42471327	55624
chr19	42415703	42615703	harbor2	chr19	42498982	42499206	SINE/MIR	651	-	112	42499094	83391
chr19	42415703	42615703	harbor2	chr19	42510505	42510732	SINE/MIR	725	-	114	42510619	94916
chr19	42415703	42615703	harbor2	chr19	42514658	42514882	SINE/MIR	903	-	112	42514770	99067
chr19	55653392	55853392	harbor2	chr19	55656590	55656767	SINE/MIR	658	-	88	55656678	3286
chr19	42571010	42771010	harbor2	chr19	42584317	42584526	SINE/MIR	699	-	104	42584421	13411
chr19	42571010	42771010	harbor2	chr19	42621361	42621561	SINE/MIR	664	-	100	42621461	50451
chr19	50427167	50627167	harbor2	chr19	50450202	50450251	SINE/MIR	734	-	24	50450226	23059
chr19	50427167	50627167	harbor2	chr19	50450564	50450715	SINE/MIR	734	-	76	50450640	23473
chr19	50427167	50627167	harbor2	chr19	50469915	50470115	SINE/MIR	629	-	100	50470015	42848
chr19	56649419	56849419	harbor2	chr19	56651108	56651340	SINE/MIR	742	-	116	56651224	1805
chr19	38037250	38237250	harbor2	chr19	38047004	38047199	SINE/MIR	850	-	98	38047102	9852
chr19	38037250	38237250	harbor2	chr19	38053456	38053560	SINE/MIR	913	-	52	38053508	16258
chr19	38037250	38237250	harbor2	chr19	38053866	38053884	SINE/MIR	913	-	9	38053875	16625
chr19	38037250	38237250	harbor2	chr19	38053963	38054071	SINE/MIR	913	-	54	38054017	16767
chr19	38037250	38237250	harbor2	chr19	38064721	38064957	SINE/MIR	718	-	118	38064839	27589
chr19	38037250	38237250	harbor2	chr19	38091460	38091666	SINE/MIR	657	-	103	38091563	54313
chr19	38037250	38237250	harbor2	chr19	38095170	38095388	SINE/MIR	730	-	109	38095279	58029
chr19	38037250	38237250	harbor2	chr19	38099666	38099879	SINE/MIR	649	-	106	38099772	62522
chr19	57246428	57446428	harbor2	chr19	57260887	57261100	SINE/MIR	777	-	106	57260993	14565
chr19	48474969	48674969	harbor2	chr19	48489596	48489808	SINE/MIR	856	-	106	48489702	14733
chr19	48474969	48674969	harbor2	chr19	48497069	48497301	SINE/MIR	777	-	116	48497185	22216
chr19	48474969	48674969	harbor2	chr19	48513223	48513444	SINE/MIR	807	-	110	48513333	38364
chr19	41311424	41511424	harbor2	chr19	41349791	41349977	SINE/MIR	744	-	93	41349884	38460
chr19	41311424	41511424	harbor2	chr19	41410314	41410553	SINE/MIR	690	-	120	41410434	99010
chr19	49396837	49596837	harbor2	chr19	49418901	49419079	SINE/MIR	630	-	89	49418990	22153
chr19	49396837	49596837	harbor2	chr19	49480104	49480283	SINE/MIR	669	-	90	49480194	83357
chr19	46550734	46750734	harbor2	chr19	46580309	46580558	SINE/MIR	937	-	124	46580433	29699
chr19	46550734	46750734	harbor2	chr19	46612386	46612629	SINE/MIR	625	-	122	46612508	61774
chr19	47647389	47847389	harbor2	chr19	47684622	47684765	SINE/MIR	658	-	72	47684694	37305
chr19	47647389	47847389	harbor2	chr19	47723989	47724081	SINE/MIR	685	-	46	47724035	76646
chr19	47647389	47847389	harbor2	chr19	47724358	47724525	SINE/MIR	685	-	84	47724442	77053
chr19	50860417	51060417	harbor2	chr19	50898133	50898275	SINE/MIR	646	-	71	50898204	37787
chr19	50860417	51060417	harbor2	chr19	50915461	50915649	SINE/MIR	632	-	94	50915555	55138
chr19	56507974	56707974	harbor2	chr19	56568635	56568846	SINE/MIR	770	-	106	56568741	60767
chr19	32956302	33156302	harbor2	chr19	33000975	33001210	SINE/MIR	833	-	118	33001093	44791
chr19	32309562	32509562	harbor2	chr19	32358830	32358973	SINE/MIR	618	-	72	32358902	49340
chr19	44510056	44710056	harbor2	chr19	44515956	44516145	SINE/MIR	716	-	94	44516050	5994
chr19	44510056	44710056	harbor2	chr19	44548266	44548445	SINE/MIR	1126	-	90	44548356	38300
chr19	44510056	44710056	harbor2	chr19	44548752	44548814	SINE/MIR	1126	-	31	44548783	38727
chr19	44510056	44710056	harbor2	chr19	44573023	44573230	SINE/MIR	679	-	104	44573127	63071
chr19	44510056	44710056	harbor2	chr19	44573263	44573462	SINE/MIR	657	-	100	44573363	63307
chr19	44510056	44710056	harbor2	chr19	44578658	44578860	SINE/MIR	870	-	101	44578759	68703
chr19	44510056	44710056	harbor2	chr19	44584670	44584756	SINE/MIR	679	-	43	44584713	74657
chr19	44510056	44710056	harbor2	chr19	44585057	44585227	SINE/MIR	679	-	85	44585142	75086
chr19	57117215	57317215	harbor2	chr19	57118093	57118289	SINE/MIR	621	-	98	57118191	976
chr19	39936859	40136859	harbor2	chr19	40008009	40008227	SINE/MIR	794	-	109	40008118	71259
chr19	56646331	56846331	harbor2	chr19	56651108	56651340	SINE/MIR	742	-	116	56651224	4893
chr19	42045400	42245400	harbor2	chr19	42136508	42136704	SINE/MIR	633	-	98	42136606	91206
chr19	29189878	29389878	harbor2	chr19	29248339	29248558	SINE/MIR	624	-	110	29248449	58571
chr19	44813763	45013763	harbor2	chr19	44871582	44871787	SINE/MIR	693	-	102	44871684	57921
chr19	44813763	45013763	harbor2	chr19	44904654	44904855	SINE/MIR	626	-	100	44904754	90991
chr19	44813763	45013763	harbor2	chr19	44859292	44859480	SINE/MIR	634	-	94	44859386	45623
chr19	45504743	45704743	harbor2	chr19	45574497	45574661	SINE/MIR	666	-	82	45574579	69836
chr19	55197556	55397556	harbor2	chr19	55278433	55278631	SINE/MIR	787	-	99	55278532	80976
chr19	55197556	55397556	harbor2	chr19	55278942	55278971	SINE/MIR	787	-	14	55278956	81400
chr19	43168747	43368747	harbor2	chr19	43171021	43171225	SINE/MIR	692	-	102	43171123	2376
chr19	43168747	43368747	harbor2	chr19	43254141	43254343	SINE/MIR	683	-	101	43254242	85495
chr19	49907971	50107971	harbor2	chr19	49923627	49923861	SINE/MIR	798	-	117	49923744	15773
chr19	49907971	50107971	harbor2	chr19	49926749	49926855	SINE/MIR	920	-	53	49926802	18831
chr19	49907971	50107971	harbor2	chr19	49927161	49927300	SINE/MIR	920	-	70	49927231	19260
chr19	51213507	51413507	harbor2	chr19	51272423	51272682	SINE/MIR	879	-	130	51272553	59046
chr19	37967887	38167887	harbor2	chr19	38034264	38034503	SINE/MIR	735	-	120	38034384	66497
chr19	37967887	38167887	harbor2	chr19	38047004	38047199	SINE/MIR	850	-	98	38047102	79215
chr19	37967887	38167887	harbor2	chr19	38053456	38053560	SINE/MIR	913	-	52	38053508	85621
chr19	37967887	38167887	harbor2	chr19	38053866	38053884	SINE/MIR	913	-	9	38053875	85988
chr19	37967887	38167887	harbor2	chr19	38053963	38054071	SINE/MIR	913	-	54	38054017	86130
chr19	37967887	38167887	harbor2	chr19	38064721	38064957	SINE/MIR	718	-	118	38064839	96952
chr19	57126335	57326335	harbor2	chr19	57219953	57220170	SINE/MIR	612	-	108	57220061	93726
chr19	55268124	55468124	harbor2	chr19	55278433	55278631	SINE/MIR	787	-	99	55278532	10408
chr19	55268124	55468124	harbor2	chr19	55278942	55278971	SINE/MIR	787	-	14	55278956	10832
chr19	55268124	55468124	harbor2	chr19	55342528	55342681	SINE/MIR	628	-	76	55342604	74480
chr19	55268124	55468124	harbor2	chr19	55351161	55351345	SINE/MIR	615	-	92	55351253	83129
chr19	48629971	48829971	harbor2	chr19	48668309	48668548	SINE/MIR	897	-	120	48668429	38458
chr19	7859772	8059772	harbor2	chr19	7918537	7918710	SINE/MIR	652	-	86	7918623	58851
chr19	42110347	42310347	harbor2	chr19	42136508	42136704	SINE/MIR	633	-	98	42136606	26259
chr19	42110347	42310347	harbor2	chr19	42201020	42201237	SINE/MIR	754	-	108	42201128	90781
chr19	42110347	42310347	harbor2	chr19	42202935	42203194	SINE/MIR	842	-	130	42203065	92718
chr19	42110347	42310347	harbor2	chr19	42208815	42208955	SINE/MIR	615	-	70	42208885	98538
chr19	42110347	42310347	harbor2	chr19	42209270	42209389	SINE/MIR	615	-	60	42209330	98983
chr19	37546814	37746814	harbor2	chr19	37600506	37600741	SINE/MIR	670	-	118	37600624	53810
chr19	57171456	57371456	harbor2	chr19	57219953	57220170	SINE/MIR	612	-	108	57220061	48605
chr19	57171456	57371456	harbor2	chr19	57260887	57261100	SINE/MIR	777	-	106	57260993	89537
chr19	45834091	46034091	harbor2	chr19	45900815	45901003	SINE/MIR	797	-	94	45900909	66818
chr19	43501707	43701707	harbor2	chr19	43562831	43563035	SINE/MIR	626	-	102	43562933	61226
chr19	43501707	43701707	harbor2	chr19	43582571	43582827	SINE/MIR	788	-	128	43582699	80992
chr19	42180627	42380627	harbor2	chr19	42201020	42201237	SINE/MIR	754	-	108	42201128	20501
chr19	42180627	42380627	harbor2	chr19	42202935	42203194	SINE/MIR	842	-	130	42203065	22438
chr19	42180627	42380627	harbor2	chr19	42208815	42208955	SINE/MIR	615	-	70	42208885	28258
chr19	42180627	42380627	harbor2	chr19	42209270	42209389	SINE/MIR	615	-	60	42209330	28703
chr19	42180627	42380627	harbor2	chr19	42256592	42256865	SINE/MIR	706	-	136	42256728	76101
chr19	42180627	42380627	harbor2	chr19	42274982	42275189	SINE/MIR	648	-	104	42275086	94459
chr19	48260879	48460879	harbor2	chr19	48290859	48291079	SINE/MIR	777	-	110	48290969	30090
chr19	48260879	48460879	harbor2	chr19	48322741	48322902	SINE/MIR	677	-	80	48322821	61942
chr19	48260879	48460879	harbor2	chr19	48341556	48341804	SINE/MIR	987	-	124	48341680	80801
chr19	48260879	48460879	harbor2	chr19	48341848	48342007	SINE/MIR	614	-	80	48341928	81049
chr19	37524861	37724861	harbor2	chr19	37527420	37527651	SINE/MIR	772	-	116	37527536	2675
chr19	37524861	37724861	harbor2	chr19	37532879	37533112	SINE/MIR	1048	-	116	37532995	8134
chr19	37524861	37724861	harbor2	chr19	37600506	37600741	SINE/MIR	670	-	118	37600624	75763
chr19	47001383	47201383	harbor2	chr19	47017140	47017323	SINE/MIR	671	-	92	47017232	15849
chr19	43436508	43636508	harbor2	chr19	43480661	43480825	SINE/MIR	615	-	82	43480743	44235
chr19	15906386	16106386	harbor2	chr19	15912968	15913189	SINE/MIR	821	-	110	15913078	6692
chr19	15906386	16106386	harbor2	chr19	15978728	15978938	SINE/MIR	702	-	105	15978833	72447
chr19	34972912	35172912	harbor2	chr19	35038390	35038625	SINE/MIR	948	-	118	35038508	65596
chr19	34972912	35172912	harbor2	chr19	35038657	35038893	SINE/MIR	850	-	118	35038775	65863
chr19	34972912	35172912	harbor2	chr19	35050787	35050904	SINE/MIR	635	-	58	35050845	77933
chr19	34972912	35172912	harbor2	chr19	35051539	35051644	SINE/MIR	635	-	52	35051591	78679
chr19	40230630	40430630	harbor2	chr19	40281831	40282061	SINE/MIR	697	-	115	40281946	51316
chr19	46411587	46611587	harbor2	chr19	46414459	46414693	SINE/MIR	652	-	117	46414576	2989
chr19	46411587	46611587	harbor2	chr19	46447074	46447318	SINE/MIR	775	-	122	46447196	35609
chr19	37999378	38199378	harbor2	chr19	38034264	38034503	SINE/MIR	735	-	120	38034384	35006
chr19	37999378	38199378	harbor2	chr19	38047004	38047199	SINE/MIR	850	-	98	38047102	47724
chr19	37999378	38199378	harbor2	chr19	38053456	38053560	SINE/MIR	913	-	52	38053508	54130
chr19	37999378	38199378	harbor2	chr19	38053866	38053884	SINE/MIR	913	-	9	38053875	54497
chr19	37999378	38199378	harbor2	chr19	38053963	38054071	SINE/MIR	913	-	54	38054017	54639
chr19	37999378	38199378	harbor2	chr19	38064721	38064957	SINE/MIR	718	-	118	38064839	65461
chr19	37999378	38199378	harbor2	chr19	38091460	38091666	SINE/MIR	657	-	103	38091563	92185
chr19	37999378	38199378	harbor2	chr19	38095170	38095388	SINE/MIR	730	-	109	38095279	95901
chr19	56501095	56701095	harbor2	chr19	56568635	56568846	SINE/MIR	770	-	106	56568741	67646
chr19	33931450	34131450	harbor2	chr19	34026891	34027066	SINE/MIR	626	-	88	34026979	95529
chr19	47113754	47313754	harbor2	chr19	47146554	47146767	SINE/MIR	789	-	106	47146660	32906
chr19	47113754	47313754	harbor2	chr19	47205681	47205912	SINE/MIR	740	-	116	47205797	92043
chr19	45898559	46098559	harbor2	chr19	45900815	45901003	SINE/MIR	797	-	94	45900909	2350
chr19	45898559	46098559	harbor2	chr19	45968605	45968846	SINE/MIR	660	-	120	45968725	70166
chr19	33064635	33264635	harbor2	chr19	33072070	33072239	SINE/MIR	692	-	84	33072154	7519
chr19	48568672	48768672	harbor2	chr19	48609041	48609219	SINE/MIR	614	-	89	48609130	40458
chr19	48568672	48768672	harbor2	chr19	48668309	48668548	SINE/MIR	897	-	120	48668429	99757
chr19	31888380	32088380	harbor2	chr19	31937373	31937600	SINE/MIR	703	-	114	31937487	49107
chr19	46399734	46599734	harbor2	chr19	46414459	46414693	SINE/MIR	652	-	117	46414576	14842
chr19	46399734	46599734	harbor2	chr19	46447074	46447318	SINE/MIR	775	-	122	46447196	47462
chr19	45917382	46117382	harbor2	chr19	45968605	45968846	SINE/MIR	660	-	120	45968725	51343
chr19	45917382	46117382	harbor2	chr19	45998717	45998889	SINE/MIR	696	-	86	45998803	81421
chr19	45917382	46117382	harbor2	chr19	46002734	46002978	SINE/MIR	925	-	122	46002856	85474
chr19	45917382	46117382	harbor2	chr19	46009383	46009605	SINE/MIR	818	-	111	46009494	92112
chr19	41342200	41542200	harbor2	chr19	41349791	41349977	SINE/MIR	744	-	93	41349884	7684
chr19	41342200	41542200	harbor2	chr19	41410314	41410553	SINE/MIR	690	-	120	41410434	68234
chr19	38668345	38868345	harbor2	chr19	38707753	38707984	SINE/MIR	898	-	116	38707869	39524
chr19	15579470	15779470	harbor2	chr19	15591063	15591269	SINE/MIR	684	-	103	15591166	11696
chr19	33584439	33784439	harbor2	chr19	33670820	33671048	SINE/MIR	687	-	114	33670934	86495
chr19	55207015	55407015	harbor2	chr19	55278433	55278631	SINE/MIR	787	-	99	55278532	71517
chr19	55207015	55407015	harbor2	chr19	55278942	55278971	SINE/MIR	787	-	14	55278956	71941
chr19	41071794	41271794	harbor2	chr19	41092446	41092678	SINE/MIR	699	-	116	41092562	20768
chr19	56748409	56948409	harbor2	chr19	56804765	56804981	SINE/MIR	740	-	108	56804873	56464
chr19	56748409	56948409	harbor2	chr19	56821060	56821307	SINE/MIR	675	-	124	56821184	72775
chr19	34196161	34396161	harbor2	chr19	34222051	34222271	SINE/MIR	982	-	110	34222161	26000
chr19	34196161	34396161	harbor2	chr19	34283480	34283692	SINE/MIR	702	-	106	34283586	87425
chr19	42226662	42426662	harbor2	chr19	42256592	42256865	SINE/MIR	706	-	136	42256728	30066
chr19	42226662	42426662	harbor2	chr19	42274982	42275189	SINE/MIR	648	-	104	42275086	48424
chr19	38021354	38221354	harbor2	chr19	38034264	38034503	SINE/MIR	735	-	120	38034384	13030
chr19	38021354	38221354	harbor2	chr19	38047004	38047199	SINE/MIR	850	-	98	38047102	25748
chr19	38021354	38221354	harbor2	chr19	38053456	38053560	SINE/MIR	913	-	52	38053508	32154
chr19	38021354	38221354	harbor2	chr19	38053866	38053884	SINE/MIR	913	-	9	38053875	32521
chr19	38021354	38221354	harbor2	chr19	38053963	38054071	SINE/MIR	913	-	54	38054017	32663
chr19	38021354	38221354	harbor2	chr19	38064721	38064957	SINE/MIR	718	-	118	38064839	43485
chr19	38021354	38221354	harbor2	chr19	38091460	38091666	SINE/MIR	657	-	103	38091563	70209
chr19	38021354	38221354	harbor2	chr19	38095170	38095388	SINE/MIR	730	-	109	38095279	73925
chr19	38021354	38221354	harbor2	chr19	38099666	38099879	SINE/MIR	649	-	106	38099772	78418
chr19	46686890	46886890	harbor2	chr19	46758022	46758278	SINE/MIR	992	-	128	46758150	71260
chr19	46686890	46886890	harbor2	chr19	46776543	46776779	SINE/MIR	675	-	118	46776661	89771
chr19	46686890	46886890	harbor2	chr19	46785389	46785610	SINE/MIR	788	-	110	46785499	98609
chr19	53943380	54143380	harbor2	chr19	53945048	53945244	SINE/MIR	713	-	98	53945146	1766
chr19	53943380	54143380	harbor2	chr19	53946197	53946427	SINE/MIR	626	-	115	53946312	2932
chr19	50693387	50893387	harbor2	chr19	50701505	50701710	SINE/MIR	667	-	102	50701607	8220
chr19	50693387	50893387	harbor2	chr19	50705732	50705874	SINE/MIR	614	-	71	50705803	12416
chr19	50693387	50893387	harbor2	chr19	50706167	50706276	SINE/MIR	614	-	54	50706221	12834
chr19	50693387	50893387	harbor2	chr19	50720716	50720871	SINE/MIR	625	-	78	50720794	27407
chr19	50693387	50893387	harbor2	chr19	50778453	50778635	SINE/MIR	702	-	91	50778544	85157
chr19	50693387	50893387	harbor2	chr19	50778936	50778984	SINE/MIR	702	-	24	50778960	85573
chr19	46159094	46359094	harbor2	chr19	46175147	46175411	SINE/MIR	661	-	132	46175279	16185
chr19	45002855	45202855	harbor2	chr19	45008226	45008369	SINE/MIR	656	-	72	45008298	5443
chr19	45002855	45202855	harbor2	chr19	45100412	45100635	SINE/MIR	923	-	112	45100524	97669
chr19	50572064	50772064	harbor2	chr19	50632887	50632993	SINE/MIR	737	-	53	50632940	60876
chr19	50572064	50772064	harbor2	chr19	50633281	50633441	SINE/MIR	737	-	80	50633361	61297
chr19	50572064	50772064	harbor2	chr19	50633690	50633940	SINE/MIR	764	-	125	50633815	61751
chr19	50572064	50772064	harbor2	chr19	50636772	50636994	SINE/MIR	677	-	111	50636883	64819
chr19	50572064	50772064	harbor2	chr19	50662955	50663172	SINE/MIR	917	-	108	50663063	90999
chr19	55540936	55740936	harbor2	chr19	55612677	55612910	SINE/MIR	790	-	116	55612793	71857
chr19	54199078	54399078	harbor2	chr19	54199458	54199652	SINE/MIR	689	-	97	54199555	477
chr19	46738020	46938020	harbor2	chr19	46758022	46758278	SINE/MIR	992	-	128	46758150	20130
chr19	46738020	46938020	harbor2	chr19	46776543	46776779	SINE/MIR	675	-	118	46776661	38641
chr19	46738020	46938020	harbor2	chr19	46785389	46785610	SINE/MIR	788	-	110	46785499	47479
chr19	38548995	38748995	harbor2	chr19	38551863	38551942	SINE/MIR	690	-	40	38551903	2908
chr19	38548995	38748995	harbor2	chr19	38552551	38552683	SINE/MIR	690	-	66	38552617	3622
chr19	38548995	38748995	harbor2	chr19	38563249	38563270	SINE/MIR	1038	-	10	38563259	14264
chr19	38548995	38748995	harbor2	chr19	38563565	38563794	SINE/MIR	1038	-	114	38563679	14684
chr19	38548995	38748995	harbor2	chr19	38636561	38636756	SINE/MIR	611	-	98	38636659	87664
chr19	44577527	44777527	harbor2	chr19	44578658	44578860	SINE/MIR	870	-	101	44578759	1232
chr19	44577527	44777527	harbor2	chr19	44584670	44584756	SINE/MIR	679	-	43	44584713	7186
chr19	44577527	44777527	harbor2	chr19	44585057	44585227	SINE/MIR	679	-	85	44585142	7615
chr19	44577527	44777527	harbor2	chr19	44614739	44614957	SINE/MIR	705	-	109	44614848	37321
chr19	44577527	44777527	harbor2	chr19	44649247	44649423	SINE/MIR	628	-	88	44649335	71808
chr19	47444397	47644397	harbor2	chr19	47463791	47464038	SINE/MIR	949	-	124	47463915	19518
chr19	47444397	47644397	harbor2	chr19	47484507	47484702	SINE/MIR	678	-	98	47484605	40208
chr19	38450464	38650464	harbor2	chr19	38514716	38514910	SINE/MIR	847	-	97	38514813	64349
chr19	48489764	48689764	harbor2	chr19	48489596	48489808	SINE/MIR	856	-	106	48489702	62
chr19	48489764	48689764	harbor2	chr19	48497069	48497301	SINE/MIR	777	-	116	48497185	7421
chr19	48489764	48689764	harbor2	chr19	48513223	48513444	SINE/MIR	807	-	110	48513333	23569
chr19	28521046	28721046	harbor2	chr19	28549332	28549554	SINE/MIR	652	-	111	28549443	28397
chr19	45867809	46067809	harbor2	chr19	45900815	45901003	SINE/MIR	797	-	94	45900909	33100
chr19	42373683	42573683	harbor2	chr19	42463885	42464117	SINE/MIR	887	-	116	42464001	90318
chr19	42373683	42573683	harbor2	chr19	42471222	42471432	SINE/MIR	865	-	105	42471327	97644
chr19	54124536	54324536	harbor2	chr19	54199458	54199652	SINE/MIR	689	-	97	54199555	75019
chr19	42801653	43001653	harbor2	chr19	42840261	42840468	SINE/MIR	754	-	104	42840365	38712
chr19	39945937	40145937	harbor2	chr19	40008009	40008227	SINE/MIR	794	-	109	40008118	62181
chr19	35713852	35913852	harbor2	chr19	35804438	35804634	SINE/MIR	774	-	98	35804536	90684
chr19	35713852	35913852	harbor2	chr19	35808562	35808794	SINE/MIR	646	-	116	35808678	94826
chr19	35331093	35531093	harbor2	chr19	35424771	35424805	SINE/MIR	624	-	17	35424788	93695
chr19	35331093	35531093	harbor2	chr19	35425149	35425355	SINE/MIR	624	-	103	35425252	94159
chr19	35331093	35531093	harbor2	chr19	35429045	35429232	SINE/MIR	794	-	94	35429139	98046
chr19	40425787	40625787	harbor2	chr19	40490441	40490629	SINE/MIR	717	-	94	40490535	64748
chr19	40425787	40625787	harbor2	chr19	40517701	40517924	SINE/MIR	722	-	112	40517813	92026
chr19	46541734	46741734	harbor2	chr19	46580309	46580558	SINE/MIR	937	-	124	46580433	38699
chr19	46541734	46741734	harbor2	chr19	46612386	46612629	SINE/MIR	625	-	122	46612508	70774
chr19	56509919	56709919	harbor2	chr19	56568635	56568846	SINE/MIR	770	-	106	56568741	58822
chr19	38706640	38906640	harbor2	chr19	38707753	38707984	SINE/MIR	898	-	116	38707869	1229
chr19	32013552	32213552	harbor2	chr19	32059624	32059828	SINE/MIR	650	-	102	32059726	46174
chr19	51633721	51833721	harbor2	chr19	51683697	51683913	SINE/MIR	1042	-	108	51683805	50084
chr19	51633721	51833721	harbor2	chr19	51720939	51721187	SINE/MIR	863	-	124	51721063	87342
chr19	51633721	51833721	harbor2	chr19	51721906	51722068	SINE/MIR	719	-	81	51721987	88266
chr19	57079585	57279585	harbor2	chr19	57102270	57102476	SINE/MIR	699	-	103	57102373	22788
chr19	57079585	57279585	harbor2	chr19	57118093	57118289	SINE/MIR	621	-	98	57118191	38606
chr19	45565682	45765682	harbor2	chr19	45574497	45574661	SINE/MIR	666	-	82	45574579	8897
chr19	56975687	57175687	harbor2	chr19	57070288	57070486	SINE/MIR	641	-	99	57070387	94700
chr19	37840523	38040523	harbor2	chr19	37919317	37919551	SINE/MIR	899	-	117	37919434	78911
chr19	37840523	38040523	harbor2	chr19	37936522	37936781	SINE/MIR	636	-	130	37936652	96129
chr19	4527523	4727523	harbor2	chr19	4565839	4565920	SINE/MIR	650	-	40	4565879	38356
chr19	4527523	4727523	harbor2	chr19	4566229	4566307	SINE/MIR	650	-	39	4566268	38745
chr19	4527523	4727523	harbor2	chr19	4600983	4601145	SINE/MIR	751	-	81	4601064	73541
chr19	4527523	4727523	harbor2	chr19	4601459	4601491	SINE/MIR	751	-	16	4601475	73952
chr19	36706080	36906080	harbor2	chr19	36753673	36753880	SINE/MIR	759	-	104	36753777	47697
chr19	29390490	29590490	harbor2	chr19	29427266	29427499	SINE/MIR	1084	-	116	29427382	36892
chr19	29390490	29590490	harbor2	chr19	29449245	29449452	SINE/MIR	736	-	104	29449349	58859
chr19	50061353	50261353	harbor2	chr19	50064843	50064977	SINE/MIR	790	-	67	50064910	3557
chr19	50061353	50261353	harbor2	chr19	50065272	50065366	SINE/MIR	790	-	47	50065319	3966
chr19	50061353	50261353	harbor2	chr19	50065950	50066205	SINE/MIR	756	-	128	50066078	4725
chr19	55186979	55386979	harbor2	chr19	55278433	55278631	SINE/MIR	787	-	99	55278532	91553
chr19	55186979	55386979	harbor2	chr19	55278942	55278971	SINE/MIR	787	-	14	55278956	91977
chr19	51365223	51565223	harbor2	chr19	51383600	51383842	SINE/MIR	672	-	121	51383721	18498
chr19	51365223	51565223	harbor2	chr19	51413126	51413370	SINE/MIR	681	-	122	51413248	48025
chr20	62467995	62667995	harbor2	chr20	62478605	62478768	SINE/MIR	500	-	82	62478687	10692
chr20	62467995	62667995	harbor2	chr20	62481566	62481750	SINE/MIR	402	-	92	62481658	13663
chr20	42203949	42403949	harbor2	chr20	42213957	42214192	SINE/MIR	707	-	118	42214075	10126
chr20	42203949	42403949	harbor2	chr20	42217871	42218078	SINE/MIR	414	-	104	42217975	14026
chr20	42203949	42403949	harbor2	chr20	42219600	42219794	SINE/MIR	517	-	97	42219697	15748
chr20	42203949	42403949	harbor2	chr20	42223205	42223447	SINE/MIR	521	-	121	42223326	19377
chr20	42203949	42403949	harbor2	chr20	42230571	42230791	SINE/MIR	459	-	110	42230681	26732
chr20	42203949	42403949	harbor2	chr20	42234192	42234431	SINE/MIR	678	-	120	42234312	30363
chr20	42203949	42403949	harbor2	chr20	42238055	42238222	SINE/MIR	518	-	84	42238139	34190
chr20	42203949	42403949	harbor2	chr20	42239185	42239368	SINE/MIR	641	-	92	42239277	35328
chr20	42203949	42403949	harbor2	chr20	42240937	42241160	SINE/MIR	855	-	112	42241049	37100
chr20	42203949	42403949	harbor2	chr20	42248898	42249071	SINE/MIR	604	-	86	42248984	45035
chr20	42203949	42403949	harbor2	chr20	42249478	42249684	SINE/MIR	399	-	103	42249581	45632
chr20	42203949	42403949	harbor2	chr20	42257362	42257450	SINE/MIR	499	-	44	42257406	53457
chr20	42203949	42403949	harbor2	chr20	42257871	42258022	SINE/MIR	499	-	76	42257947	53998
chr20	64246677	64446677	harbor2	chr20	64315904	64316121	SINE/MIR	553	-	108	64316012	69335
chr20	64246677	64446677	harbor2	chr20	64321363	64321577	SINE/MIR	548	-	107	64321470	74793
chr20	60310247	60510247	harbor2	chr20	60363407	60363622	SINE/MIR	719	-	108	60363515	53268
chr20	60310247	60510247	harbor2	chr20	60398362	60398549	SINE/MIR	490	-	94	60398456	88209
chr20	56996882	57196882	harbor2	chr20	57001206	57001428	SINE/MIR	695	-	111	57001317	4435
chr20	56996882	57196882	harbor2	chr20	57012820	57012996	SINE/MIR	621	-	88	57012908	16026
chr20	56996882	57196882	harbor2	chr20	57014982	57015182	SINE/MIR	575	-	100	57015082	18200
chr20	56996882	57196882	harbor2	chr20	57021889	57022095	SINE/MIR	626	-	103	57021992	25110
chr20	56996882	57196882	harbor2	chr20	57071766	57071928	SINE/MIR	495	-	81	57071847	74965
chr20	56996882	57196882	harbor2	chr20	57089391	57089495	SINE/MIR	433	-	52	57089443	92561
chr20	56996882	57196882	harbor2	chr20	57093427	57093619	SINE/MIR	623	-	96	57093523	96641
chr20	32744295	32944295	harbor2	chr20	32757090	32757211	SINE/MIR	512	-	60	32757150	12855
chr20	32744295	32944295	harbor2	chr20	32757495	32757527	SINE/MIR	512	-	16	32757511	13216
chr20	32744295	32944295	harbor2	chr20	32804954	32805091	SINE/MIR	388	-	68	32805022	60727
chr20	32744295	32944295	harbor2	chr20	32821537	32821691	SINE/MIR	495	-	77	32821614	77319
chr20	32744295	32944295	harbor2	chr20	32822587	32822781	SINE/MIR	541	-	97	32822684	78389
chr20	32744295	32944295	harbor2	chr20	32842385	32842545	SINE/MIR	440	-	80	32842465	98170
chr20	45732769	45932769	harbor2	chr20	45783498	45783646	SINE/MIR	678	-	74	45783572	50803
chr20	45732769	45932769	harbor2	chr20	45784814	45784991	SINE/MIR	507	-	88	45784902	52133
chr20	45732769	45932769	harbor2	chr20	45803025	45803178	SINE/MIR	410	-	76	45803101	70332
chr20	45732769	45932769	harbor2	chr20	45803627	45803933	SINE/MIR	510	-	153	45803780	71011
chr20	45732769	45932769	harbor2	chr20	45805542	45805777	SINE/MIR	713	-	118	45805660	72891
chr20	45732769	45932769	harbor2	chr20	45821958	45822128	SINE/MIR	692	-	85	45822043	89274
chr20	45732769	45932769	harbor2	chr20	45776741	45776899	SINE/MIR	379	-	79	45776820	44051
chr20	46208767	46408767	harbor2	chr20	46210875	46211047	SINE/MIR	606	-	86	46210961	2194
chr20	46208767	46408767	harbor2	chr20	46219680	46219881	SINE/MIR	840	-	100	46219780	11013
chr20	46208767	46408767	harbor2	chr20	46231494	46231618	SINE/MIR	443	-	62	46231556	22789
chr20	46208767	46408767	harbor2	chr20	46243811	46243943	SINE/MIR	380	-	66	46243877	35110
chr20	46208767	46408767	harbor2	chr20	46245781	46245974	SINE/MIR	387	-	96	46245877	37110
chr20	46208767	46408767	harbor2	chr20	46247194	46247354	SINE/MIR	811	-	80	46247274	38507
chr20	46208767	46408767	harbor2	chr20	46247673	46247776	SINE/MIR	811	-	52	46247725	38958
chr20	46208767	46408767	harbor2	chr20	46249034	46249231	SINE/MIR	678	-	98	46249132	40365
chr20	46208767	46408767	harbor2	chr20	46262571	46262777	SINE/MIR	741	-	103	46262674	53907
chr20	46208767	46408767	harbor2	chr20	46264106	46264224	SINE/MIR	544	-	59	46264165	55398
chr20	46208767	46408767	harbor2	chr20	46264471	46264631	SINE/MIR	558	-	80	46264551	55784
chr20	46208767	46408767	harbor2	chr20	46267015	46267202	SINE/MIR	623	-	94	46267109	58342
chr20	46208767	46408767	harbor2	chr20	46269425	46269659	SINE/MIR	567	-	117	46269542	60775
chr20	46208767	46408767	harbor2	chr20	46271097	46271239	SINE/MIR	414	-	71	46271168	62401
chr20	46208767	46408767	harbor2	chr20	46276502	46276644	SINE/MIR	406	-	71	46276573	67806
chr20	46208767	46408767	harbor2	chr20	46279880	46280120	SINE/MIR	519	-	120	46280000	71233
chr20	46208767	46408767	harbor2	chr20	46291325	46291562	SINE/MIR	666	-	118	46291443	82676
chr20	46208767	46408767	harbor2	chr20	46295423	46295645	SINE/MIR	871	-	111	46295534	86767
chr20	46208767	46408767	harbor2	chr20	46296289	46296459	SINE/MIR	532	-	85	46296374	87607
chr20	46208767	46408767	harbor2	chr20	46299660	46299863	SINE/MIR	695	-	102	46299762	90995
chr20	46208767	46408767	harbor2	chr20	46301241	46301458	SINE/MIR	626	-	108	46301349	92582
chr20	46208767	46408767	harbor2	chr20	46304300	46304530	SINE/MIR	690	-	115	46304415	95648
chr20	41219780	41419780	harbor2	chr20	41242141	41242377	SINE/MIR	696	-	118	41242259	22479
chr20	41219780	41419780	harbor2	chr20	41260730	41260941	SINE/MIR	1035	-	106	41260836	41056
chr20	41219780	41419780	harbor2	chr20	41290578	41290756	SINE/MIR	417	-	89	41290667	70887
chr20	41219780	41419780	harbor2	chr20	41303086	41303227	SINE/MIR	407	-	70	41303156	83376
chr20	41219780	41419780	harbor2	chr20	41311276	41311430	SINE/MIR	389	-	77	41311353	91573
chr20	19587459	19787459	harbor2	chr20	19593468	19593628	SINE/MIR	388	-	80	19593548	6089
chr20	19587459	19787459	harbor2	chr20	19599033	19599227	SINE/MIR	640	-	97	19599130	11671
chr20	19587459	19787459	harbor2	chr20	19638540	19638733	SINE/MIR	711	-	96	19638636	51177
chr20	39034649	39234649	harbor2	chr20	39051413	39051477	SINE/MIR	531	-	32	39051445	16796
chr20	39034649	39234649	harbor2	chr20	39052005	39052121	SINE/MIR	531	-	58	39052063	17414
chr20	39034649	39234649	harbor2	chr20	39053917	39054143	SINE/MIR	507	-	113	39054030	19381
chr20	39034649	39234649	harbor2	chr20	39089811	39090011	SINE/MIR	499	-	100	39089911	55262
chr20	39034649	39234649	harbor2	chr20	39095829	39095966	SINE/MIR	393	-	68	39095897	61248
chr20	39034649	39234649	harbor2	chr20	39097372	39097586	SINE/MIR	532	-	107	39097479	62830
chr20	39034649	39234649	harbor2	chr20	39099980	39100176	SINE/MIR	624	-	98	39100078	65429
chr20	39034649	39234649	harbor2	chr20	39111088	39111279	SINE/MIR	570	-	96	39111184	76535
chr20	36011486	36211486	harbor2	chr20	36043927	36044071	SINE/MIR	378	-	72	36043999	32513
chr20	36011486	36211486	harbor2	chr20	36056757	36056949	SINE/MIR	634	-	96	36056853	45367
chr20	36011486	36211486	harbor2	chr20	36100490	36100701	SINE/MIR	787	-	106	36100596	89110
chr20	36011486	36211486	harbor2	chr20	36111031	36111245	SINE/MIR	717	-	107	36111138	99652
chr20	60471377	60671377	harbor2	chr20	60479505	60479705	SINE/MIR	504	-	100	60479605	8228
chr20	60214204	60414204	harbor2	chr20	60224016	60224215	SINE/MIR	408	-	100	60224116	9912
chr20	60214204	60414204	harbor2	chr20	60257068	60257249	SINE/MIR	532	-	90	60257158	42954
chr20	60214204	60414204	harbor2	chr20	60294059	60294215	SINE/MIR	414	-	78	60294137	79933
chr20	47852225	48052225	harbor2	chr20	47884725	47884909	SINE/MIR	480	-	92	47884817	32592
chr20	47852225	48052225	harbor2	chr20	47887123	47887324	SINE/MIR	461	-	100	47887223	34998
chr20	47852225	48052225	harbor2	chr20	47905510	47905678	SINE/MIR	433	-	84	47905594	53369
chr20	47852225	48052225	harbor2	chr20	47910561	47910772	SINE/MIR	1186	-	106	47910667	58442
chr20	47852225	48052225	harbor2	chr20	47928563	47928782	SINE/MIR	822	-	110	47928673	76448
chr20	47852225	48052225	harbor2	chr20	47932646	47932865	SINE/MIR	526	-	110	47932756	80531
chr20	47852225	48052225	harbor2	chr20	47940521	47940739	SINE/MIR	730	-	109	47940630	88405
chr20	47852225	48052225	harbor2	chr20	47947069	47947299	SINE/MIR	508	-	115	47947184	94959
chr20	50172323	50372323	harbor2	chr20	50196429	50196501	SINE/MIR	414	-	36	50196465	24142
chr20	50172323	50372323	harbor2	chr20	50196804	50196910	SINE/MIR	414	-	53	50196857	24534
chr20	50172323	50372323	harbor2	chr20	50208063	50208173	SINE/MIR	409	-	55	50208118	35795
chr20	50172323	50372323	harbor2	chr20	50226170	50226339	SINE/MIR	575	-	84	50226254	53931
chr20	50172323	50372323	harbor2	chr20	50231779	50231989	SINE/MIR	764	-	105	50231884	59561
chr20	50172323	50372323	harbor2	chr20	50244216	50244432	SINE/MIR	536	-	108	50244324	72001
chr20	50172323	50372323	harbor2	chr20	50245885	50246114	SINE/MIR	662	-	114	50245999	73676
chr20	50172323	50372323	harbor2	chr20	50246595	50246746	SINE/MIR	550	-	76	50246671	74348
chr20	50172323	50372323	harbor2	chr20	50247378	50247501	SINE/MIR	395	-	62	50247440	75117
chr20	50172323	50372323	harbor2	chr20	50249410	50249561	SINE/MIR	554	-	76	50249486	77163
chr20	50172323	50372323	harbor2	chr20	50250116	50250244	SINE/MIR	387	-	64	50250180	77857
chr20	50172323	50372323	harbor2	chr20	50252857	50253025	SINE/MIR	681	-	84	50252941	80618
chr20	50172323	50372323	harbor2	chr20	50256193	50256407	SINE/MIR	632	-	107	50256300	83977
chr20	50172323	50372323	harbor2	chr20	50266205	50266221	SINE/MIR	644	-	8	50266213	93890
chr20	50172323	50372323	harbor2	chr20	50266533	50266748	SINE/MIR	644	-	108	50266641	94318
chr20	50172323	50372323	harbor2	chr20	50267381	50267534	SINE/MIR	503	-	76	50267457	95134
chr20	60626925	60826925	harbor2	chr20	60651913	60652098	SINE/MIR	624	-	92	60652005	25080
chr20	10756220	10956220	harbor2	chr20	10791934	10792147	SINE/MIR	573	-	106	10792040	35820
chr20	10756220	10956220	harbor2	chr20	10840577	10840825	SINE/MIR	652	-	124	10840701	84481
chr20	10756220	10956220	harbor2	chr20	10851834	10852061	SINE/MIR	554	-	114	10851948	95728
chr20	53196618	53396618	harbor2	chr20	53198375	53198547	SINE/MIR	455	-	86	53198461	1843
chr20	53196618	53396618	harbor2	chr20	53204634	53204799	SINE/MIR	393	-	82	53204716	8098
chr20	53196618	53396618	harbor2	chr20	53205107	53205216	SINE/MIR	393	-	54	53205161	8543
chr20	53196618	53396618	harbor2	chr20	53208557	53208767	SINE/MIR	516	-	105	53208662	12044
chr20	53196618	53396618	harbor2	chr20	53211068	53211250	SINE/MIR	728	-	91	53211159	14541
chr20	53196618	53396618	harbor2	chr20	53225537	53225771	SINE/MIR	452	-	117	53225654	29036
chr20	53196618	53396618	harbor2	chr20	53233509	53233650	SINE/MIR	532	-	70	53233579	36961
chr20	53196618	53396618	harbor2	chr20	53241676	53241892	SINE/MIR	643	-	108	53241784	45166
chr20	53196618	53396618	harbor2	chr20	53260987	53261119	SINE/MIR	384	-	66	53261053	64435
chr20	53196618	53396618	harbor2	chr20	53264167	53264277	SINE/MIR	395	-	55	53264222	67604
chr20	53196618	53396618	harbor2	chr20	53267766	53267996	SINE/MIR	623	-	115	53267881	71263
chr20	53196618	53396618	harbor2	chr20	53270356	53270507	SINE/MIR	460	-	76	53270432	73814
chr20	53196618	53396618	harbor2	chr20	53282399	53282533	SINE/MIR	419	-	67	53282466	85848
chr20	53196618	53396618	harbor2	chr20	53283088	53283262	SINE/MIR	539	-	87	53283175	86557
chr20	53196618	53396618	harbor2	chr20	53283310	53283544	SINE/MIR	672	-	117	53283427	86809
chr20	53196618	53396618	harbor2	chr20	53283601	53283824	SINE/MIR	470	-	112	53283713	87095
chr20	53196618	53396618	harbor2	chr20	53264307	53264393	SINE/MIR	395	-	43	53264350	67732
chr20	57096752	57296752	harbor2	chr20	57111474	57111632	SINE/MIR	507	-	79	57111553	14801
chr20	57096752	57296752	harbor2	chr20	57121330	57121444	SINE/MIR	427	-	57	57121387	24635
chr20	57096752	57296752	harbor2	chr20	57122227	57122310	SINE/MIR	427	-	42	57122269	25517
chr20	57096752	57296752	harbor2	chr20	57138267	57138469	SINE/MIR	693	-	101	57138368	41616
chr20	57096752	57296752	harbor2	chr20	57140832	57141006	SINE/MIR	528	-	87	57140919	44167
chr20	57096752	57296752	harbor2	chr20	57141564	57141786	SINE/MIR	952	-	111	57141675	44923
chr20	57096752	57296752	harbor2	chr20	57147731	57147877	SINE/MIR	565	-	73	57147804	51052
chr20	57096752	57296752	harbor2	chr20	57160038	57160181	SINE/MIR	463	-	72	57160110	63358
chr20	57096752	57296752	harbor2	chr20	57164503	57164656	SINE/MIR	379	-	76	57164579	67827
chr20	57096752	57296752	harbor2	chr20	57194672	57194886	SINE/MIR	398	-	107	57194779	98027
chr20	34052845	34252845	harbor2	chr20	34054999	34055170	SINE/MIR	857	-	86	34055085	2240
chr20	34052845	34252845	harbor2	chr20	34057872	34057988	SINE/MIR	507	-	58	34057930	5085
chr20	34052845	34252845	harbor2	chr20	34059476	34059614	SINE/MIR	609	-	69	34059545	6700
chr20	34052845	34252845	harbor2	chr20	34060467	34060678	SINE/MIR	448	-	106	34060573	7728
chr20	34052845	34252845	harbor2	chr20	34064762	34065000	SINE/MIR	565	-	119	34064881	12036
chr20	34052845	34252845	harbor2	chr20	34065203	34065441	SINE/MIR	668	-	119	34065322	12477
chr20	34052845	34252845	harbor2	chr20	34077797	34078033	SINE/MIR	500	-	118	34077915	25070
chr20	34052845	34252845	harbor2	chr20	34123372	34123622	SINE/MIR	870	-	125	34123497	70652
chr20	34052845	34252845	harbor2	chr20	34123693	34123876	SINE/MIR	392	-	92	34123785	70940
chr20	54660516	54860516	harbor2	chr20	54668049	54668234	SINE/MIR	455	-	92	54668141	7625
chr20	54660516	54860516	harbor2	chr20	54697177	54697382	SINE/MIR	438	-	102	54697279	36763
chr20	54660516	54860516	harbor2	chr20	54714778	54714971	SINE/MIR	384	-	96	54714874	54358
chr20	54660516	54860516	harbor2	chr20	54722711	54722959	SINE/MIR	415	-	124	54722835	62319
chr20	54660516	54860516	harbor2	chr20	54729674	54729797	SINE/MIR	457	-	62	54729736	69220
chr20	54660516	54860516	harbor2	chr20	54730105	54730309	SINE/MIR	472	-	102	54730207	69691
chr20	44607412	44807412	harbor2	chr20	44623245	44623458	SINE/MIR	527	-	106	44623351	15939
chr20	44607412	44807412	harbor2	chr20	44623487	44623648	SINE/MIR	385	-	80	44623567	16155
chr20	44607412	44807412	harbor2	chr20	44636400	44636621	SINE/MIR	605	-	110	44636510	29098
chr20	44607412	44807412	harbor2	chr20	44643204	44643386	SINE/MIR	598	-	91	44643295	35883
chr20	44607412	44807412	harbor2	chr20	44643467	44643661	SINE/MIR	449	-	97	44643564	36152
chr20	44607412	44807412	harbor2	chr20	44645724	44645854	SINE/MIR	500	-	65	44645789	38377
chr20	44607412	44807412	harbor2	chr20	44646549	44646773	SINE/MIR	409	-	112	44646661	39249
chr20	44607412	44807412	harbor2	chr20	44654698	44654916	SINE/MIR	637	-	109	44654807	47395
chr20	44607412	44807412	harbor2	chr20	44683322	44683467	SINE/MIR	427	-	72	44683394	75982
chr20	44607412	44807412	harbor2	chr20	44685069	44685316	SINE/MIR	562	-	124	44685193	77781
chr20	44607412	44807412	harbor2	chr20	44691957	44692099	SINE/MIR	512	-	71	44692028	84616
chr20	44607412	44807412	harbor2	chr20	44694765	44694933	SINE/MIR	386	-	84	44694849	87437
chr20	44607412	44807412	harbor2	chr20	44694916	44695171	SINE/MIR	679	-	128	44695044	87632
chr20	44607412	44807412	harbor2	chr20	44698109	44698287	SINE/MIR	888	-	89	44698198	90786
chr20	44607412	44807412	harbor2	chr20	44700000	44700226	SINE/MIR	909	-	113	44700113	92701
chr20	44607412	44807412	harbor2	chr20	44702528	44702704	SINE/MIR	806	-	88	44702616	95204
chr20	44607412	44807412	harbor2	chr20	44703575	44703670	SINE/MIR	395	-	48	44703623	96211
chr20	44607412	44807412	harbor2	chr20	44706038	44706201	SINE/MIR	488	-	82	44706120	98708
chr20	20728993	20928993	harbor2	chr20	20752185	20752366	SINE/MIR	495	-	90	20752275	23282
chr20	20728993	20928993	harbor2	chr20	20786547	20786787	SINE/MIR	555	-	120	20786667	57674
chr20	62645420	62845420	harbor2	chr20	62702833	62702992	SINE/MIR	454	-	80	62702913	57493
chr20	54845685	55045685	harbor2	chr20	54846808	54846952	SINE/MIR	377	-	72	54846880	1195
chr20	54845685	55045685	harbor2	chr20	54869219	54869461	SINE/MIR	715	-	121	54869340	23655
chr20	54845685	55045685	harbor2	chr20	54880846	54880974	SINE/MIR	474	-	64	54880910	35225
chr20	54845685	55045685	harbor2	chr20	54915459	54915644	SINE/MIR	380	-	92	54915551	69866
chr20	54845685	55045685	harbor2	chr20	54937620	54937776	SINE/MIR	384	-	78	54937698	92013
chr20	54769884	54969884	harbor2	chr20	54769828	54770044	SINE/MIR	598	-	108	54769936	52
chr20	54769884	54969884	harbor2	chr20	54772388	54772592	SINE/MIR	406	-	102	54772490	2606
chr20	54769884	54969884	harbor2	chr20	54807037	54807263	SINE/MIR	476	-	113	54807150	37266
chr20	54769884	54969884	harbor2	chr20	54830473	54830705	SINE/MIR	629	-	116	54830589	60705
chr20	54769884	54969884	harbor2	chr20	54841465	54841521	SINE/MIR	462	-	28	54841493	71609
chr20	54769884	54969884	harbor2	chr20	54841933	54842096	SINE/MIR	462	-	82	54842015	72131
chr20	54769884	54969884	harbor2	chr20	54846808	54846952	SINE/MIR	377	-	72	54846880	76996
chr20	54769884	54969884	harbor2	chr20	54869219	54869461	SINE/MIR	715	-	121	54869340	99456
chr20	46337360	46537360	harbor2	chr20	46337599	46337713	SINE/MIR	619	-	57	46337656	296
chr20	46337360	46537360	harbor2	chr20	46347027	46347208	SINE/MIR	582	-	90	46347117	9757
chr20	46337360	46537360	harbor2	chr20	46349547	46349705	SINE/MIR	539	-	79	46349626	12266
chr20	46337360	46537360	harbor2	chr20	46370881	46371105	SINE/MIR	709	-	112	46370993	33633
chr20	46337360	46537360	harbor2	chr20	46378749	46378961	SINE/MIR	409	-	106	46378855	41495
chr20	46337360	46537360	harbor2	chr20	46382508	46382694	SINE/MIR	469	-	93	46382601	45241
chr20	46337360	46537360	harbor2	chr20	46382727	46382865	SINE/MIR	469	-	69	46382796	45436
chr20	46337360	46537360	harbor2	chr20	46385412	46385619	SINE/MIR	474	-	104	46385516	48156
chr20	46337360	46537360	harbor2	chr20	46395766	46395981	SINE/MIR	515	-	108	46395874	58514
chr20	46337360	46537360	harbor2	chr20	46398930	46399128	SINE/MIR	873	-	99	46399029	61669
chr20	46337360	46537360	harbor2	chr20	46407256	46407450	SINE/MIR	502	-	97	46407353	69993
chr20	46337360	46537360	harbor2	chr20	46407559	46407721	SINE/MIR	474	-	81	46407640	70280
chr20	46337360	46537360	harbor2	chr20	46410289	46410462	SINE/MIR	407	-	86	46410375	73015
chr20	46337360	46537360	harbor2	chr20	46410551	46410796	SINE/MIR	679	-	122	46410673	73313
chr20	46337360	46537360	harbor2	chr20	46411738	46411949	SINE/MIR	433	-	106	46411844	74484
chr20	60277524	60477524	harbor2	chr20	60294059	60294215	SINE/MIR	414	-	78	60294137	16613
chr20	60277524	60477524	harbor2	chr20	60363407	60363622	SINE/MIR	719	-	108	60363515	85991
chr20	48409098	48609098	harbor2	chr20	48413548	48413735	SINE/MIR	532	-	94	48413642	4544
chr20	48409098	48609098	harbor2	chr20	48413873	48414109	SINE/MIR	887	-	118	48413991	4893
chr20	48409098	48609098	harbor2	chr20	48443758	48443998	SINE/MIR	573	-	120	48443878	34780
chr20	48409098	48609098	harbor2	chr20	48450664	48450851	SINE/MIR	389	-	94	48450758	41660
chr20	48409098	48609098	harbor2	chr20	48452977	48453148	SINE/MIR	407	-	86	48453063	43965
chr20	23203992	23403992	harbor2	chr20	23275255	23275396	SINE/MIR	411	-	70	23275325	71333
chr20	50052804	50252804	harbor2	chr20	50054600	50054826	SINE/MIR	825	-	113	50054713	1909
chr20	50052804	50252804	harbor2	chr20	50116235	50116412	SINE/MIR	572	-	88	50116323	63519
chr20	50052804	50252804	harbor2	chr20	50118258	50118492	SINE/MIR	1083	-	117	50118375	65571
chr20	50052804	50252804	harbor2	chr20	50126178	50126367	SINE/MIR	423	-	94	50126272	73468
chr20	50052804	50252804	harbor2	chr20	50141449	50141644	SINE/MIR	564	-	98	50141547	88743
chr20	50052804	50252804	harbor2	chr20	50145876	50146015	SINE/MIR	408	-	70	50145946	93142
chr20	53374684	53574684	harbor2	chr20	53396301	53396491	SINE/MIR	589	-	95	53396396	21712
chr20	53374684	53574684	harbor2	chr20	53400421	53400648	SINE/MIR	479	-	114	53400535	25851
chr20	53374684	53574684	harbor2	chr20	53419404	53419633	SINE/MIR	638	-	114	53419518	44834
chr20	53374684	53574684	harbor2	chr20	53431522	53431652	SINE/MIR	595	-	65	53431587	56903
chr20	53374684	53574684	harbor2	chr20	53467563	53467656	SINE/MIR	462	-	46	53467609	92925
chr20	54289413	54489413	harbor2	chr20	54383022	54383202	SINE/MIR	439	-	90	54383112	93699
chr20	26224048	26424048	harbor2	chr20	26248817	26248988	SINE/MIR	469	-	86	26248903	24855
chr20	24624119	24824119	harbor2	chr20	24637942	24638067	SINE/MIR	383	-	62	24638004	13885
chr20	24624119	24824119	harbor2	chr20	24644859	24645064	SINE/MIR	588	-	102	24644961	20842
chr20	24624119	24824119	harbor2	chr20	24674634	24674844	SINE/MIR	402	-	105	24674739	50620
chr20	35952805	36152805	harbor2	chr20	35959730	35959815	SINE/MIR	415	-	42	35959772	6967
chr20	35952805	36152805	harbor2	chr20	35980817	35980970	SINE/MIR	504	-	76	35980893	28088
chr20	35952805	36152805	harbor2	chr20	35983501	35983671	SINE/MIR	466	-	85	35983586	30781
chr20	35952805	36152805	harbor2	chr20	35988999	35989217	SINE/MIR	966	-	109	35989108	36303
chr20	35952805	36152805	harbor2	chr20	35996410	35996502	SINE/MIR	445	-	46	35996456	43651
chr20	35952805	36152805	harbor2	chr20	35996808	35996953	SINE/MIR	445	-	72	35996880	44075
chr20	35952805	36152805	harbor2	chr20	36009850	36010024	SINE/MIR	702	-	87	36009937	57132
chr20	35952805	36152805	harbor2	chr20	36043927	36044071	SINE/MIR	378	-	72	36043999	91194
chr20	23420393	23620393	harbor2	chr20	23448817	23448954	SINE/MIR	473	-	68	23448885	28492
chr20	50274377	50474377	harbor2	chr20	50280357	50280452	SINE/MIR	380	-	48	50280405	6028
chr20	50274377	50474377	harbor2	chr20	50291581	50291742	SINE/MIR	543	-	80	50291661	17284
chr20	50274377	50474377	harbor2	chr20	50291792	50291950	SINE/MIR	558	-	79	50291871	17494
chr20	50274377	50474377	harbor2	chr20	50297811	50297980	SINE/MIR	474	-	84	50297895	23518
chr20	50274377	50474377	harbor2	chr20	50321810	50322003	SINE/MIR	684	-	96	50321906	47529
chr20	50274377	50474377	harbor2	chr20	50322346	50322528	SINE/MIR	489	-	91	50322437	48060
chr20	50274377	50474377	harbor2	chr20	50323396	50323578	SINE/MIR	409	-	91	50323487	49110
chr20	50274377	50474377	harbor2	chr20	50323597	50323743	SINE/MIR	517	-	73	50323670	49293
chr20	50274377	50474377	harbor2	chr20	50328970	50329093	SINE/MIR	516	-	62	50329032	54655
chr20	50274377	50474377	harbor2	chr20	50331112	50331261	SINE/MIR	384	-	74	50331186	56809
chr20	50274377	50474377	harbor2	chr20	50333752	50333970	SINE/MIR	600	-	109	50333861	59484
chr20	50274377	50474377	harbor2	chr20	50338124	50338347	SINE/MIR	634	-	112	50338236	63859
chr20	50274377	50474377	harbor2	chr20	50343041	50343486	SINE/MIR	526	-	222	50343263	68886
chr20	50274377	50474377	harbor2	chr20	50349671	50349849	SINE/MIR	383	-	89	50349760	75383
chr20	50274377	50474377	harbor2	chr20	50355910	50356067	SINE/MIR	579	-	78	50355988	81611
chr20	50274377	50474377	harbor2	chr20	50370258	50370399	SINE/MIR	500	-	70	50370328	95951
chr20	34143738	34343738	harbor2	chr20	34185827	34185982	SINE/MIR	584	-	78	34185905	42167
chr20	34143738	34343738	harbor2	chr20	34219270	34219489	SINE/MIR	520	-	110	34219380	75642
chr20	34143738	34343738	harbor2	chr20	34239542	34239736	SINE/MIR	537	-	97	34239639	95901
chr20	60277847	60477847	harbor2	chr20	60294059	60294215	SINE/MIR	414	-	78	60294137	16290
chr20	60277847	60477847	harbor2	chr20	60363407	60363622	SINE/MIR	719	-	108	60363515	85668
chr20	36065730	36265730	harbor2	chr20	36100490	36100701	SINE/MIR	787	-	106	36100596	34866
chr20	36065730	36265730	harbor2	chr20	36111031	36111245	SINE/MIR	717	-	107	36111138	45408
chr20	36065730	36265730	harbor2	chr20	36115042	36115296	SINE/MIR	735	-	127	36115169	49439
chr20	36065730	36265730	harbor2	chr20	36115545	36115611	SINE/MIR	558	-	33	36115578	49848
chr20	36065730	36265730	harbor2	chr20	36115895	36116051	SINE/MIR	558	-	78	36115973	50243
chr20	36065730	36265730	harbor2	chr20	36117519	36117727	SINE/MIR	708	-	104	36117623	51893
chr20	36065730	36265730	harbor2	chr20	36118816	36118939	SINE/MIR	449	-	62	36118878	53148
chr20	36065730	36265730	harbor2	chr20	36120134	36120338	SINE/MIR	555	-	102	36120236	54506
chr20	36065730	36265730	harbor2	chr20	36134822	36134834	SINE/MIR	467	-	6	36134828	69098
chr20	36065730	36265730	harbor2	chr20	36135163	36135379	SINE/MIR	592	-	108	36135271	69541
chr20	36065730	36265730	harbor2	chr20	36138576	36138823	SINE/MIR	635	-	124	36138700	72970
chr20	36065730	36265730	harbor2	chr20	36144155	36144315	SINE/MIR	443	-	80	36144235	78505
chr20	36065730	36265730	harbor2	chr20	36144777	36144966	SINE/MIR	620	-	94	36144871	79141
chr20	36065730	36265730	harbor2	chr20	36149062	36149214	SINE/MIR	519	-	76	36149138	83408
chr20	36065730	36265730	harbor2	chr20	36151343	36151470	SINE/MIR	476	-	64	36151407	85677
chr20	36065730	36265730	harbor2	chr20	36153645	36153779	SINE/MIR	407	-	67	36153712	87982
chr20	36065730	36265730	harbor2	chr20	36157299	36157512	SINE/MIR	629	-	106	36157405	91675
chr20	36065730	36265730	harbor2	chr20	36157951	36158202	SINE/MIR	845	-	126	36158077	92347
chr20	36065730	36265730	harbor2	chr20	36163293	36163459	SINE/MIR	557	-	83	36163376	97646
chr20	59913467	60113467	harbor2	chr20	59920541	59920721	SINE/MIR	432	-	90	59920631	7164
chr20	59913467	60113467	harbor2	chr20	59964799	59964903	SINE/MIR	387	-	52	59964851	51384
chr20	59913467	60113467	harbor2	chr20	59988125	59988276	SINE/MIR	456	-	76	59988201	74734
chr20	59913467	60113467	harbor2	chr20	60008234	60008453	SINE/MIR	589	-	110	60008344	94877
chr20	46261424	46461424	harbor2	chr20	46262571	46262777	SINE/MIR	741	-	103	46262674	1250
chr20	46261424	46461424	harbor2	chr20	46264106	46264224	SINE/MIR	544	-	59	46264165	2741
chr20	46261424	46461424	harbor2	chr20	46264471	46264631	SINE/MIR	558	-	80	46264551	3127
chr20	46261424	46461424	harbor2	chr20	46267015	46267202	SINE/MIR	623	-	94	46267109	5685
chr20	46261424	46461424	harbor2	chr20	46269425	46269659	SINE/MIR	567	-	117	46269542	8118
chr20	46261424	46461424	harbor2	chr20	46271097	46271239	SINE/MIR	414	-	71	46271168	9744
chr20	46261424	46461424	harbor2	chr20	46276502	46276644	SINE/MIR	406	-	71	46276573	15149
chr20	46261424	46461424	harbor2	chr20	46279880	46280120	SINE/MIR	519	-	120	46280000	18576
chr20	46261424	46461424	harbor2	chr20	46291325	46291562	SINE/MIR	666	-	118	46291443	30019
chr20	46261424	46461424	harbor2	chr20	46295423	46295645	SINE/MIR	871	-	111	46295534	34110
chr20	46261424	46461424	harbor2	chr20	46296289	46296459	SINE/MIR	532	-	85	46296374	34950
chr20	46261424	46461424	harbor2	chr20	46299660	46299863	SINE/MIR	695	-	102	46299762	38338
chr20	46261424	46461424	harbor2	chr20	46301241	46301458	SINE/MIR	626	-	108	46301349	39925
chr20	46261424	46461424	harbor2	chr20	46304300	46304530	SINE/MIR	690	-	115	46304415	42991
chr20	46261424	46461424	harbor2	chr20	46310616	46310760	SINE/MIR	385	-	72	46310688	49264
chr20	46261424	46461424	harbor2	chr20	46310990	46311224	SINE/MIR	738	-	117	46311107	49683
chr20	46261424	46461424	harbor2	chr20	46323357	46323538	SINE/MIR	494	-	90	46323447	62023
chr20	46261424	46461424	harbor2	chr20	46326814	46327051	SINE/MIR	671	-	118	46326932	65508
chr20	46261424	46461424	harbor2	chr20	46331047	46331207	SINE/MIR	531	-	80	46331127	69703
chr20	46261424	46461424	harbor2	chr20	46336777	46337019	SINE/MIR	618	-	121	46336898	75474
chr20	46261424	46461424	harbor2	chr20	46337166	46337304	SINE/MIR	619	-	69	46337235	75811
chr20	46261424	46461424	harbor2	chr20	46337599	46337713	SINE/MIR	619	-	57	46337656	76232
chr20	46261424	46461424	harbor2	chr20	46347027	46347208	SINE/MIR	582	-	90	46347117	85693
chr20	46261424	46461424	harbor2	chr20	46349547	46349705	SINE/MIR	539	-	79	46349626	88202
chr20	63555103	63755103	harbor2	chr20	63570267	63570447	SINE/MIR	472	-	90	63570357	15254
chr20	33119712	33319712	harbor2	chr20	33121391	33121447	SINE/MIR	641	-	28	33121419	1707
chr20	33119712	33319712	harbor2	chr20	33123731	33123917	SINE/MIR	641	-	93	33123824	4112
chr20	33119712	33319712	harbor2	chr20	33126075	33126309	SINE/MIR	507	-	117	33126192	6480
chr20	33119712	33319712	harbor2	chr20	33126751	33126917	SINE/MIR	458	-	83	33126834	7122
chr20	33119712	33319712	harbor2	chr20	33147102	33147267	SINE/MIR	476	-	82	33147184	27472
chr20	33119712	33319712	harbor2	chr20	33149971	33150115	SINE/MIR	479	-	72	33150043	30331
chr20	33119712	33319712	harbor2	chr20	33159375	33159507	SINE/MIR	536	-	66	33159441	39729
chr20	33119712	33319712	harbor2	chr20	33159691	33159849	SINE/MIR	491	-	79	33159770	40058
chr20	33119712	33319712	harbor2	chr20	33162537	33162760	SINE/MIR	769	-	112	33162649	42937
chr20	33119712	33319712	harbor2	chr20	33166472	33166693	SINE/MIR	595	-	110	33166582	46870
chr20	33119712	33319712	harbor2	chr20	33180280	33180481	SINE/MIR	602	-	100	33180380	60668
chr20	33119712	33319712	harbor2	chr20	33182223	33182378	SINE/MIR	531	-	78	33182301	62589
chr20	33119712	33319712	harbor2	chr20	33197553	33197753	SINE/MIR	511	-	100	33197653	77941
chr20	33119712	33319712	harbor2	chr20	33205484	33205705	SINE/MIR	586	-	110	33205594	85882
chr20	33119712	33319712	harbor2	chr20	33207252	33207499	SINE/MIR	719	-	124	33207376	87664
chr20	33119712	33319712	harbor2	chr20	33211093	33211272	SINE/MIR	590	-	90	33211183	91471
chr20	3440073	3640073	harbor2	chr20	3457177	3457401	SINE/MIR	609	-	112	3457289	17216
chr20	3440073	3640073	harbor2	chr20	3476229	3476360	SINE/MIR	453	-	66	3476295	36222
chr20	55998621	56198621	harbor2	chr20	56026019	56026268	SINE/MIR	432	-	124	56026143	27522
chr20	55998621	56198621	harbor2	chr20	56040058	56040289	SINE/MIR	574	-	116	56040174	41553
chr20	55998621	56198621	harbor2	chr20	56043345	56043515	SINE/MIR	480	-	85	56043430	44809
chr20	55998621	56198621	harbor2	chr20	56072246	56072417	SINE/MIR	378	-	86	56072332	73711
chr20	55998621	56198621	harbor2	chr20	56097645	56097821	SINE/MIR	575	-	88	56097733	99112
chr20	52708696	52908696	harbor2	chr20	52714166	52714407	SINE/MIR	492	-	120	52714286	5590
chr20	52708696	52908696	harbor2	chr20	52718579	52718737	SINE/MIR	517	-	79	52718658	9962
chr20	52708696	52908696	harbor2	chr20	52729130	52729350	SINE/MIR	575	-	110	52729240	20544
chr20	52708696	52908696	harbor2	chr20	52741531	52741672	SINE/MIR	452	-	70	52741601	32905
chr20	52708696	52908696	harbor2	chr20	52745250	52745440	SINE/MIR	614	-	95	52745345	36649
chr20	52708696	52908696	harbor2	chr20	52745718	52745903	SINE/MIR	527	-	92	52745810	37114
chr20	52708696	52908696	harbor2	chr20	52755659	52755768	SINE/MIR	404	-	54	52755713	47017
chr20	52708696	52908696	harbor2	chr20	52760277	52760402	SINE/MIR	649	-	62	52760339	51643
chr20	52708696	52908696	harbor2	chr20	52776550	52776753	SINE/MIR	487	-	102	52776652	67956
chr20	52708696	52908696	harbor2	chr20	52777437	52777669	SINE/MIR	741	-	116	52777553	68857
chr20	52708696	52908696	harbor2	chr20	52783802	52784016	SINE/MIR	434	-	107	52783909	75213
chr20	52708696	52908696	harbor2	chr20	52794768	52794924	SINE/MIR	528	-	78	52794846	86150
chr20	52708696	52908696	harbor2	chr20	52795651	52795836	SINE/MIR	627	-	92	52795743	87047
chr20	48444901	48644901	harbor2	chr20	48450664	48450851	SINE/MIR	389	-	94	48450758	5857
chr20	48444901	48644901	harbor2	chr20	48452977	48453148	SINE/MIR	407	-	86	48453063	8162
chr20	48444901	48644901	harbor2	chr20	48522142	48522364	SINE/MIR	465	-	111	48522253	77352
chr21	32461913	32661913	harbor2	chr21	32514346	32514621	SINE/MIR	1172	-	138	32514484	52571
chr21	32461913	32661913	harbor2	chr21	32515441	32515576	SINE/MIR	593	-	68	32515509	53596
chr21	40964138	41164138	harbor2	chr21	40966408	40966675	SINE/MIR	470	-	134	40966542	2404
chr21	40964138	41164138	harbor2	chr21	40977874	40978123	SINE/MIR	765	-	124	40977998	13860
chr21	43085593	43285593	harbor2	chr21	43176324	43176533	SINE/MIR	473	-	104	43176428	90835
chr21	40332699	40532699	harbor2	chr21	40377131	40377311	SINE/MIR	670	-	90	40377221	44522
chr21	26958869	27158869	harbor2	chr21	26983268	26983388	SINE/MIR	689	-	60	26983328	24459
chr21	26958869	27158869	harbor2	chr21	26983759	26983891	SINE/MIR	689	-	66	26983825	24956
chr21	17503818	17703818	harbor2	chr21	17516089	17516250	SINE/MIR	471	-	80	17516169	12351
chr21	38124793	38324793	harbor2	chr21	38167093	38167314	SINE/MIR	787	-	110	38167203	42410
chr21	38124793	38324793	harbor2	chr21	38171235	38171466	SINE/MIR	730	-	116	38171351	46558
chr21	38124793	38324793	harbor2	chr21	38180794	38181035	SINE/MIR	561	-	120	38180914	56121
chr21	32591316	32791316	harbor2	chr21	32639964	32640192	SINE/MIR	735	-	114	32640078	48762
chr21	32591316	32791316	harbor2	chr21	32641734	32641912	SINE/MIR	569	-	89	32641823	50507
chr21	38078052	38278052	harbor2	chr21	38167093	38167314	SINE/MIR	787	-	110	38167203	89151
chr21	38078052	38278052	harbor2	chr21	38171235	38171466	SINE/MIR	730	-	116	38171351	93299
chr21	45225959	45425959	harbor2	chr21	45248097	45248313	SINE/MIR	495	-	108	45248205	22246
chr21	45225959	45425959	harbor2	chr21	45297882	45298114	SINE/MIR	589	-	116	45297998	72039
chr21	27240520	27440520	harbor2	chr21	27285635	27285805	SINE/MIR	489	-	85	27285720	45200
chr21	27240520	27440520	harbor2	chr21	27286107	27286147	SINE/MIR	489	-	20	27286127	45607
chr21	24793042	24993042	harbor2	chr21	24820010	24820270	SINE/MIR	579	-	130	24820140	27098
chr21	37160666	37360666	harbor2	chr21	37163079	37163320	SINE/MIR	879	-	120	37163199	2533
chr21	35539288	35739288	harbor2	chr21	35551518	35551746	SINE/MIR	480	-	114	35551632	12344
chr21	35539288	35739288	harbor2	chr21	35558699	35558896	SINE/MIR	733	-	98	35558797	19509
chr21	35539288	35739288	harbor2	chr21	35592382	35592629	SINE/MIR	880	-	124	35592506	53218
chr21	35539288	35739288	harbor2	chr21	35606374	35606598	SINE/MIR	698	-	112	35606486	67198
chr21	38926642	39126642	harbor2	chr21	38940785	38940847	SINE/MIR	676	-	31	38940816	14174
chr21	38926642	39126642	harbor2	chr21	38941225	38941357	SINE/MIR	676	-	66	38941291	14649
chr21	38926642	39126642	harbor2	chr21	38948563	38948813	SINE/MIR	860	-	125	38948688	22046
chr21	38926642	39126642	harbor2	chr21	38956446	38956680	SINE/MIR	541	-	117	38956563	29921
chr21	38926642	39126642	harbor2	chr21	38966819	38967002	SINE/MIR	755	-	92	38966911	40269
chr21	38926642	39126642	harbor2	chr21	39008101	39008212	SINE/MIR	610	-	56	39008157	81515
chr21	45977867	46177867	harbor2	chr21	46029145	46029273	SINE/MIR	483	-	64	46029209	51342
chr21	36841204	37041204	harbor2	chr21	36860174	36860346	SINE/MIR	472	-	86	36860260	19056
chr21	44744645	44944645	harbor2	chr21	44808033	44808230	SINE/MIR	492	-	98	44808131	63486
chr21	44744645	44944645	harbor2	chr21	44808525	44808571	SINE/MIR	492	-	23	44808548	63903
chr21	32560557	32760557	harbor2	chr21	32639964	32640192	SINE/MIR	735	-	114	32640078	79521
chr21	32560557	32760557	harbor2	chr21	32641734	32641912	SINE/MIR	569	-	89	32641823	81266
chr21	31130468	31330468	harbor2	chr21	31154682	31154803	SINE/MIR	559	-	60	31154742	24274
chr21	31130468	31330468	harbor2	chr21	31177129	31177302	SINE/MIR	695	-	86	31177215	46747
chr22	20838466	21038466	harbor2	chr22	20844710	20844846	SINE/MIR	520	-	68	20844778	6312
chr22	20838466	21038466	harbor2	chr22	20857616	20857825	SINE/MIR	591	-	104	20857720	19254
chr22	20838466	21038466	harbor2	chr22	20858043	20858246	SINE/MIR	442	-	102	20858145	19679
chr22	46862547	47062547	harbor2	chr22	46870048	46870267	SINE/MIR	518	-	110	46870158	7611
chr22	16939699	17139699	harbor2	chr22	16965872	16966015	SINE/MIR	509	-	72	16965944	26245
chr22	16939699	17139699	harbor2	chr22	16986451	16986670	SINE/MIR	584	-	110	16986561	46862
chr22	24054852	24254852	harbor2	chr22	24087134	24087400	SINE/MIR	464	-	133	24087267	32415
chr22	24054852	24254852	harbor2	chr22	24108958	24109195	SINE/MIR	707	-	118	24109076	54224
chr22	24054852	24254852	harbor2	chr22	24114443	24114578	SINE/MIR	439	-	68	24114511	59659
chr22	24054852	24254852	harbor2	chr22	24146823	24147005	SINE/MIR	434	-	91	24146914	92062
chr22	39677995	39877995	harbor2	chr22	39728971	39729193	SINE/MIR	499	-	111	39729082	51087
chr22	39677995	39877995	harbor2	chr22	39755749	39756000	SINE/MIR	856	-	126	39755875	77880
chr22	49635739	49835739	harbor2	chr22	49685543	49685788	SINE/MIR	579	-	122	49685665	49926
chr22	43470625	43670625	harbor2	chr22	43472363	43472540	SINE/MIR	482	-	88	43472451	1826
chr22	43470625	43670625	harbor2	chr22	43475212	43475370	SINE/MIR	827	-	79	43475291	4666
chr22	43470625	43670625	harbor2	chr22	43492110	43492304	SINE/MIR	716	-	97	43492207	21582
chr22	43470625	43670625	harbor2	chr22	43501644	43501789	SINE/MIR	510	-	72	43501716	31091
chr22	43470625	43670625	harbor2	chr22	43505232	43505398	SINE/MIR	554	-	83	43505315	34690
chr22	43470625	43670625	harbor2	chr22	43507022	43507200	SINE/MIR	542	-	89	43507111	36486
chr22	45710349	45910349	harbor2	chr22	45744373	45744560	SINE/MIR	451	-	94	45744467	34118
chr22	45710349	45910349	harbor2	chr22	45755761	45755989	SINE/MIR	682	-	114	45755875	45526
chr22	45710349	45910349	harbor2	chr22	45760617	45760773	SINE/MIR	453	-	78	45760695	50346
chr22	45710349	45910349	harbor2	chr22	45803089	45803285	SINE/MIR	551	-	98	45803187	92838
chr22	42278960	42478960	harbor2	chr22	42280774	42281015	SINE/MIR	821	-	120	42280894	1934
chr22	42278960	42478960	harbor2	chr22	42287290	42287482	SINE/MIR	576	-	96	42287386	8426
chr22	42278960	42478960	harbor2	chr22	42294645	42294784	SINE/MIR	439	-	70	42294715	15755
chr22	42278960	42478960	harbor2	chr22	42296906	42297128	SINE/MIR	474	-	111	42297017	18057
chr22	42278960	42478960	harbor2	chr22	42304601	42304724	SINE/MIR	452	-	62	42304663	25703
chr22	42278960	42478960	harbor2	chr22	42308386	42308562	SINE/MIR	502	-	88	42308474	29514
chr22	42278960	42478960	harbor2	chr22	42334642	42334845	SINE/MIR	548	-	102	42334744	55784
chr22	42278960	42478960	harbor2	chr22	42356740	42356928	SINE/MIR	474	-	94	42356834	77874
chr22	42278960	42478960	harbor2	chr22	42363084	42363256	SINE/MIR	499	-	86	42363170	84210
chr22	42278960	42478960	harbor2	chr22	42365989	42366204	SINE/MIR	672	-	108	42366097	87137
chr22	16621610	16821610	harbor2	chr22	16696109	16696304	SINE/MIR	799	-	98	16696207	74597
chr22	47083476	47283476	harbor2	chr22	47167346	47167376	SINE/MIR	590	-	15	47167361	83885
chr22	47083476	47283476	harbor2	chr22	47167969	47168107	SINE/MIR	590	-	69	47168038	84562
chr22	29739598	29939598	harbor2	chr22	29751450	29751684	SINE/MIR	817	-	117	29751567	11969
chr22	29739598	29939598	harbor2	chr22	29803865	29804109	SINE/MIR	508	-	122	29803987	64389
chr22	29739598	29939598	harbor2	chr22	29813936	29814077	SINE/MIR	453	-	70	29814006	74408
chr22	29739598	29939598	harbor2	chr22	29819113	29819164	SINE/MIR	648	-	26	29819139	79541
chr22	29739598	29939598	harbor2	chr22	29819462	29819655	SINE/MIR	648	-	96	29819558	79960
chr22	29739598	29939598	harbor2	chr22	29830159	29830312	SINE/MIR	667	-	76	29830235	90637
chr22	29739598	29939598	harbor2	chr22	29834055	29834191	SINE/MIR	617	-	68	29834123	94525
chr22	27639704	27839704	harbor2	chr22	27648686	27648846	SINE/MIR	455	-	80	27648766	9062
chr22	27639704	27839704	harbor2	chr22	27652265	27652480	SINE/MIR	861	-	108	27652373	12669
chr22	27639704	27839704	harbor2	chr22	27668987	27669223	SINE/MIR	912	-	118	27669105	29401
chr22	27639704	27839704	harbor2	chr22	27688564	27688775	SINE/MIR	639	-	106	27688670	48966
chr22	27639704	27839704	harbor2	chr22	27689038	27689060	SINE/MIR	639	-	11	27689049	49345
chr22	27639704	27839704	harbor2	chr22	27689071	27689252	SINE/MIR	452	-	90	27689161	49457
chr22	27639704	27839704	harbor2	chr22	27689964	27690209	SINE/MIR	775	-	122	27690086	50382
chr22	27639704	27839704	harbor2	chr22	27698236	27698423	SINE/MIR	667	-	94	27698330	58626
chr22	27639704	27839704	harbor2	chr22	27715931	27715992	SINE/MIR	692	-	30	27715961	76257
chr22	27639704	27839704	harbor2	chr22	27716544	27716715	SINE/MIR	692	-	86	27716630	76926
chr22	42313571	42513571	harbor2	chr22	42334642	42334845	SINE/MIR	548	-	102	42334744	21173
chr22	42313571	42513571	harbor2	chr22	42356740	42356928	SINE/MIR	474	-	94	42356834	43263
chr22	42313571	42513571	harbor2	chr22	42363084	42363256	SINE/MIR	499	-	86	42363170	49599
chr22	42313571	42513571	harbor2	chr22	42365989	42366204	SINE/MIR	672	-	108	42366097	52526
chr22	42313571	42513571	harbor2	chr22	42386689	42386855	SINE/MIR	480	-	83	42386772	73201
chr22	42313571	42513571	harbor2	chr22	42397633	42397795	SINE/MIR	467	-	81	42397714	84143
chr22	42313571	42513571	harbor2	chr22	42399948	42400137	SINE/MIR	621	-	94	42400042	86471
chr22	42313571	42513571	harbor2	chr22	42400217	42400335	SINE/MIR	504	-	59	42400276	86705
chr22	42313571	42513571	harbor2	chr22	42400639	42400745	SINE/MIR	504	-	53	42400692	87121
chr22	42313571	42513571	harbor2	chr22	42412308	42412518	SINE/MIR	446	-	105	42412413	98842
chr22	44458426	44658426	harbor2	chr22	44530836	44530903	SINE/MIR	567	-	34	44530870	72444
chr22	44458426	44658426	harbor2	chr22	44531214	44531311	SINE/MIR	567	-	48	44531262	72836
chr22	44458426	44658426	harbor2	chr22	44537184	44537363	SINE/MIR	684	-	90	44537274	78848
chr22	44458426	44658426	harbor2	chr22	44538285	44538509	SINE/MIR	651	-	112	44538397	79971
chr22	44458426	44658426	harbor2	chr22	44538672	44538804	SINE/MIR	538	-	66	44538738	80312
chr22	44458426	44658426	harbor2	chr22	44544303	44544420	SINE/MIR	436	-	58	44544361	85935
chr22	44458426	44658426	harbor2	chr22	44531608	44531713	SINE/MIR	567	-	52	44531660	73234
chr22	46484342	46684342	harbor2	chr22	46503588	46503728	SINE/MIR	441	-	70	46503658	19316
chr22	46484342	46684342	harbor2	chr22	46560475	46560676	SINE/MIR	715	-	100	46560575	76233
chr22	46484342	46684342	harbor2	chr22	46581258	46581500	SINE/MIR	547	-	121	46581379	97037
chr22	50642824	50842824	harbor2	chr22	50716951	50717061	SINE/MIR	535	-	55	50717006	74182
chr22	34816010	35016010	harbor2	chr22	34831353	34831561	SINE/MIR	615	-	104	34831457	15447
chr22	34816010	35016010	harbor2	chr22	34860211	34860352	SINE/MIR	532	-	70	34860281	44271
chr22	34816010	35016010	harbor2	chr22	34865918	34866124	SINE/MIR	826	-	103	34866021	50011
chr22	34816010	35016010	harbor2	chr22	34882578	34882664	SINE/MIR	539	-	43	34882621	66611
chr22	34816010	35016010	harbor2	chr22	34882695	34882808	SINE/MIR	539	-	56	34882751	66741
chr22	34816010	35016010	harbor2	chr22	34899668	34899896	SINE/MIR	612	-	114	34899782	83772
chr22	34816010	35016010	harbor2	chr22	34904398	34904579	SINE/MIR	490	-	90	34904488	88478
chr22	34816010	35016010	harbor2	chr22	34906899	34906958	SINE/MIR	805	-	30	34906929	90919
chr22	34816010	35016010	harbor2	chr22	34907328	34907479	SINE/MIR	805	-	76	34907404	91394
chr22	39154963	39354963	harbor2	chr22	39238455	39238693	SINE/MIR	434	-	119	39238574	83611
chr22	39154963	39354963	harbor2	chr22	39247034	39247270	SINE/MIR	784	-	118	39247152	92189
chr22	39154963	39354963	harbor2	chr22	39251466	39251709	SINE/MIR	471	-	122	39251588	96625
chr22	39154963	39354963	harbor2	chr22	39252678	39252858	SINE/MIR	496	-	90	39252768	97805
chr22	26071598	26271598	harbor2	chr22	26072143	26072352	SINE/MIR	445	-	104	26072247	649
chr22	26071598	26271598	harbor2	chr22	26077757	26078002	SINE/MIR	512	-	122	26077879	6281
chr22	26071598	26271598	harbor2	chr22	26082119	26082311	SINE/MIR	640	-	96	26082215	10617
chr22	26071598	26271598	harbor2	chr22	26086930	26087136	SINE/MIR	554	-	103	26087033	15435
chr22	26071598	26271598	harbor2	chr22	26092141	26092317	SINE/MIR	518	-	88	26092229	20631
chr22	26071598	26271598	harbor2	chr22	26099717	26099876	SINE/MIR	489	-	80	26099797	28199
chr22	26071598	26271598	harbor2	chr22	26101146	26101283	SINE/MIR	453	-	68	26101214	29616
chr22	26071598	26271598	harbor2	chr22	26103407	26103559	SINE/MIR	547	-	76	26103483	31885
chr22	26071598	26271598	harbor2	chr22	26104074	26104340	SINE/MIR	614	-	133	26104207	32609
chr22	26071598	26271598	harbor2	chr22	26108393	26108574	SINE/MIR	517	-	90	26108483	36885
chr22	26071598	26271598	harbor2	chr22	26108957	26109108	SINE/MIR	700	-	76	26109033	37435
chr22	26071598	26271598	harbor2	chr22	26109576	26109669	SINE/MIR	700	-	46	26109622	38024
chr22	26071598	26271598	harbor2	chr22	26124960	26125135	SINE/MIR	531	-	88	26125048	53450
chr22	26071598	26271598	harbor2	chr22	26127541	26127800	SINE/MIR	534	-	130	26127671	56073
chr22	26071598	26271598	harbor2	chr22	26166007	26166140	SINE/MIR	438	-	66	26166073	94475
chr22	23060864	23260864	harbor2	chr22	23140525	23140713	SINE/MIR	520	-	94	23140619	79755
chr22	23060864	23260864	harbor2	chr22	23140792	23140971	SINE/MIR	443	-	90	23140882	80018
chr22	23060864	23260864	harbor2	chr22	23157565	23157768	SINE/MIR	570	-	102	23157667	96803
chr22	46127582	46327582	harbor2	chr22	46137469	46137661	SINE/MIR	665	-	96	46137565	9983
chr22	11078144	11278144	harbor2	chr22	11148795	11149009	SINE/MIR	502	-	107	11148902	70758
chr22	49419511	49619511	harbor2	chr22	49452132	49452334	SINE/MIR	510	-	101	49452233	32722
chr22	49419511	49619511	harbor2	chr22	49495602	49495713	SINE/MIR	667	-	56	49495658	76147
chr22	49419511	49619511	harbor2	chr22	49496449	49496587	SINE/MIR	667	-	69	49496518	77007
chr22	29388801	29588801	harbor2	chr22	29394680	29394914	SINE/MIR	589	-	117	29394797	5996
chr22	29388801	29588801	harbor2	chr22	29411143	29411351	SINE/MIR	640	-	104	29411247	22446
chr22	29388801	29588801	harbor2	chr22	29416696	29416834	SINE/MIR	444	-	69	29416765	27964
chr22	29388801	29588801	harbor2	chr22	29420945	29421142	SINE/MIR	543	-	98	29421043	32242
chr22	29388801	29588801	harbor2	chr22	29424357	29424604	SINE/MIR	615	-	124	29424481	35680
chr22	29388801	29588801	harbor2	chr22	29444835	29444992	SINE/MIR	682	-	78	29444913	56112
chr22	29388801	29588801	harbor2	chr22	29487779	29487950	SINE/MIR	645	-	86	29487865	99064
chr22	34077678	34277678	harbor2	chr22	34080312	34080555	SINE/MIR	765	-	122	34080434	2756
chr22	34077678	34277678	harbor2	chr22	34100536	34100780	SINE/MIR	556	-	122	34100658	22980
chr22	34077678	34277678	harbor2	chr22	34113105	34113314	SINE/MIR	731	-	104	34113209	35531
chr22	34077678	34277678	harbor2	chr22	34115025	34115183	SINE/MIR	447	-	79	34115104	37426
chr22	34077678	34277678	harbor2	chr22	34115862	34116067	SINE/MIR	484	-	102	34115964	38286
chr22	34077678	34277678	harbor2	chr22	34122984	34123229	SINE/MIR	716	-	122	34123106	45428
chr22	34077678	34277678	harbor2	chr22	34130227	34130471	SINE/MIR	437	-	122	34130349	52671
chr22	34077678	34277678	harbor2	chr22	34133130	34133258	SINE/MIR	469	-	64	34133194	55516
chr22	34077678	34277678	harbor2	chr22	34171332	34171543	SINE/MIR	703	-	106	34171438	93760
chr22	34077678	34277678	harbor2	chr22	34172029	34172191	SINE/MIR	518	-	81	34172110	94432
chr22	34077678	34277678	harbor2	chr22	34172748	34172974	SINE/MIR	500	-	113	34172861	95183
chr22	34077678	34277678	harbor2	chr22	34174032	34174234	SINE/MIR	448	-	101	34174133	96455
chr22	34077678	34277678	harbor2	chr22	34175814	34176039	SINE/MIR	690	-	112	34175926	98248
chr22	34077678	34277678	harbor2	chr22	34127671	34127916	SINE/MIR	760	-	122	34127793	50115
chr22	46122650	46322650	harbor2	chr22	46137469	46137661	SINE/MIR	665	-	96	46137565	14915
chr22	47804723	48004723	harbor2	chr22	47810434	47810600	SINE/MIR	578	-	83	47810517	5794
chr22	35685226	35885226	harbor2	chr22	35733692	35733947	SINE/MIR	608	-	128	35733820	48594
chr22	35685226	35885226	harbor2	chr22	35780662	35780859	SINE/MIR	570	-	98	35780760	95534
chr22	41063812	41263812	harbor2	chr22	41109568	41109695	SINE/MIR	500	-	64	41109632	45820
chr22	36576813	36776813	harbor2	chr22	36588151	36588308	SINE/MIR	590	-	78	36588229	11416
chr22	36576813	36776813	harbor2	chr22	36618996	36619219	SINE/MIR	691	-	112	36619108	42295
chr22	36576813	36776813	harbor2	chr22	36621973	36622186	SINE/MIR	820	-	106	36622079	45266
chr22	36576813	36776813	harbor2	chr22	36624313	36624535	SINE/MIR	478	-	111	36624424	47611
chr22	36576813	36776813	harbor2	chr22	36626905	36627069	SINE/MIR	687	-	82	36626987	50174
chr22	36576813	36776813	harbor2	chr22	36643791	36644006	SINE/MIR	733	-	108	36643899	67086
chr22	36576813	36776813	harbor2	chr22	36676698	36676823	SINE/MIR	470	-	62	36676760	99947
chr22	31936344	32136344	harbor2	chr22	31936343	31936463	SINE/MIR	435	-	60	31936403	59
chr22	31936344	32136344	harbor2	chr22	31967462	31967606	SINE/MIR	471	-	72	31967534	31190
chr22	31936344	32136344	harbor2	chr22	31969872	31970096	SINE/MIR	556	-	112	31969984	33640
chr22	31936344	32136344	harbor2	chr22	31998426	31998681	SINE/MIR	663	-	128	31998554	62210
chr22	31936344	32136344	harbor2	chr22	31999794	31999941	SINE/MIR	454	-	74	31999868	63524
chr22	31936344	32136344	harbor2	chr22	32030856	32031071	SINE/MIR	830	-	108	32030964	94620
chr22	47353644	47553644	harbor2	chr22	47357453	47357627	SINE/MIR	545	-	87	47357540	3896
chr22	47353644	47553644	harbor2	chr22	47420147	47420307	SINE/MIR	455	-	80	47420227	66583
chr22	47353644	47553644	harbor2	chr22	47443510	47443704	SINE/MIR	480	-	97	47443607	89963
chr22	33912921	34112921	harbor2	chr22	33931445	33931701	SINE/MIR	670	-	128	33931573	18652
chr22	33912921	34112921	harbor2	chr22	33936632	33936813	SINE/MIR	476	-	90	33936722	23801
chr22	44692581	44892581	harbor2	chr22	44716509	44716746	SINE/MIR	582	-	118	44716627	24046
chr22	44692581	44892581	harbor2	chr22	44727461	44727662	SINE/MIR	538	-	100	44727561	34980
chr22	44692581	44892581	harbor2	chr22	44773933	44774197	SINE/MIR	508	-	132	44774065	81484
chr22	38527245	38727245	harbor2	chr22	38551684	38551852	SINE/MIR	588	-	84	38551768	24523
chr22	38527245	38727245	harbor2	chr22	38552161	38552187	SINE/MIR	588	-	13	38552174	24929
chr22	38527245	38727245	harbor2	chr22	38578885	38579098	SINE/MIR	575	-	106	38578991	51746
chr22	38527245	38727245	harbor2	chr22	38583522	38583744	SINE/MIR	539	-	111	38583633	56388
chr22	38527245	38727245	harbor2	chr22	38598267	38598463	SINE/MIR	452	-	98	38598365	71120
chr22	38527245	38727245	harbor2	chr22	38598666	38598914	SINE/MIR	582	-	124	38598790	71545
chr22	38527245	38727245	harbor2	chr22	38613712	38613870	SINE/MIR	480	-	79	38613791	86546
chr22	29478240	29678240	harbor2	chr22	29487779	29487950	SINE/MIR	645	-	86	29487865	9625
chr22	29478240	29678240	harbor2	chr22	29493691	29493870	SINE/MIR	528	-	90	29493781	15541
chr22	29478240	29678240	harbor2	chr22	29512601	29512839	SINE/MIR	787	-	119	29512720	34480
chr22	29478240	29678240	harbor2	chr22	29521205	29521420	SINE/MIR	663	-	108	29521313	43073
chr22	29478240	29678240	harbor2	chr22	29528798	29529039	SINE/MIR	778	-	120	29528918	50678
chr22	29478240	29678240	harbor2	chr22	29530536	29530690	SINE/MIR	490	-	77	29530613	52373
chr22	29478240	29678240	harbor2	chr22	29536839	29537074	SINE/MIR	739	-	118	29536957	58717
chr22	29478240	29678240	harbor2	chr22	29540366	29540562	SINE/MIR	753	-	98	29540464	62224
chr22	29478240	29678240	harbor2	chr22	29550105	29550320	SINE/MIR	526	-	108	29550213	71973
chr22	31627822	31827822	harbor2	chr22	31662842	31662988	SINE/MIR	445	-	73	31662915	35093
chr22	30355952	30555952	harbor2	chr22	30372961	30373197	SINE/MIR	655	-	118	30373079	17127
chr22	30355952	30555952	harbor2	chr22	30399840	30400019	SINE/MIR	440	-	90	30399930	43978
chr22	30355952	30555952	harbor2	chr22	30402457	30402621	SINE/MIR	482	-	82	30402539	46587
chr22	30355952	30555952	harbor2	chr22	30392201	30392410	SINE/MIR	708	-	104	30392305	36353
chr22	37044680	37244680	harbor2	chr22	37045640	37045843	SINE/MIR	607	-	102	37045742	1062
chr22	37044680	37244680	harbor2	chr22	37096166	37096380	SINE/MIR	515	-	107	37096273	51593
chr22	37044680	37244680	harbor2	chr22	37104288	37104419	SINE/MIR	448	-	66	37104354	59674
chr22	37044680	37244680	harbor2	chr22	37106067	37106271	SINE/MIR	809	-	102	37106169	61489
chr22	37044680	37244680	harbor2	chr22	37108622	37108820	SINE/MIR	479	-	99	37108721	64041
chr22	37044680	37244680	harbor2	chr22	37117506	37117666	SINE/MIR	438	-	80	37117586	72906
chr22	37044680	37244680	harbor2	chr22	37121151	37121178	SINE/MIR	619	-	14	37121165	76485
chr22	37044680	37244680	harbor2	chr22	37121475	37121630	SINE/MIR	625	-	78	37121553	76873
chr22	37044680	37244680	harbor2	chr22	37123608	37123725	SINE/MIR	449	-	58	37123666	78986
chr22	37044680	37244680	harbor2	chr22	37132043	37132217	SINE/MIR	644	-	87	37132130	87450
chr22	37044680	37244680	harbor2	chr22	37140355	37140581	SINE/MIR	904	-	113	37140468	95788
chr22	37044680	37244680	harbor2	chr22	37141925	37142070	SINE/MIR	518	-	72	37141997	97317
chr22	50424052	50624052	harbor2	chr22	50453383	50453505	SINE/MIR	457	-	61	50453444	29392
chr22	50424052	50624052	harbor2	chr22	50453808	50453892	SINE/MIR	457	-	42	50453850	29798
chr22	50424052	50624052	harbor2	chr22	50472551	50472739	SINE/MIR	484	-	94	50472645	48593
chr22	35393936	35593936	harbor2	chr22	35413004	35413043	SINE/MIR	542	-	20	35413024	19088
chr22	35393936	35593936	harbor2	chr22	35413344	35413499	SINE/MIR	542	-	78	35413422	19486
chr22	35393936	35593936	harbor2	chr22	35414668	35414848	SINE/MIR	636	-	90	35414758	20822
chr22	35393936	35593936	harbor2	chr22	35418727	35418962	SINE/MIR	815	-	118	35418845	24909
chr22	35393936	35593936	harbor2	chr22	35459356	35459683	SINE/MIR	505	-	164	35459520	65584
chr22	35393936	35593936	harbor2	chr22	35469409	35469619	SINE/MIR	568	-	105	35469514	75578
chr22	35393936	35593936	harbor2	chr22	35473924	35474075	SINE/MIR	506	-	76	35474000	80064
chr22	35393936	35593936	harbor2	chr22	35477092	35477255	SINE/MIR	525	-	82	35477174	83238
chr22	35393936	35593936	harbor2	chr22	35479953	35480178	SINE/MIR	619	-	112	35480065	86129
chr22	35393936	35593936	harbor2	chr22	35484305	35484427	SINE/MIR	509	-	61	35484366	90430
chr22	35393936	35593936	harbor2	chr22	35484736	35484772	SINE/MIR	446	-	18	35484754	90818
chr22	35393936	35593936	harbor2	chr22	35487366	35487588	SINE/MIR	640	-	111	35487477	93541
chr22	35393936	35593936	harbor2	chr22	35488871	35489030	SINE/MIR	578	-	80	35488951	95015
chr22	35393936	35593936	harbor2	chr22	35489729	35489973	SINE/MIR	530	-	122	35489851	95915
chr22	36981680	37181680	harbor2	chr22	36982509	36982719	SINE/MIR	566	-	105	36982614	934
chr22	36981680	37181680	harbor2	chr22	36998841	36999062	SINE/MIR	560	-	110	36998951	17271
chr22	36981680	37181680	harbor2	chr22	37001082	37001119	SINE/MIR	607	-	18	37001100	19420
chr22	36981680	37181680	harbor2	chr22	37001277	37001439	SINE/MIR	607	-	81	37001358	19678
chr22	36981680	37181680	harbor2	chr22	37045640	37045843	SINE/MIR	607	-	102	37045742	64062
chr22	15252726	15452726	harbor2	chr22	15268359	15268604	SINE/MIR	536	-	122	15268481	15755
chr22	49178482	49378482	harbor2	chr22	49211102	49211309	SINE/MIR	710	-	104	49211206	32724
chr22	24207152	24407152	harbor2	chr22	24291648	24291811	SINE/MIR	494	-	82	24291730	84578
chr22	24207152	24407152	harbor2	chr22	24292454	24292634	SINE/MIR	502	-	90	24292544	85392
chrX	78341125	78541125	harbor2	chrX	78365865	78366087	SINE/MIR	839	-	111	78365976	24851
chrX	111769321	111969321	harbor2	chrX	111779620	111779862	SINE/MIR	670	-	121	111779741	10420
chrX	111769321	111969321	harbor2	chrX	111818903	111819106	SINE/MIR	528	-	102	111819005	49684
chrX	111769321	111969321	harbor2	chrX	111839499	111839557	SINE/MIR	634	-	29	111839528	70207
chrX	111769321	111969321	harbor2	chrX	111840574	111840742	SINE/MIR	634	-	84	111840658	71337
chrX	111769321	111969321	harbor2	chrX	111848850	111849000	SINE/MIR	511	-	75	111848925	79604
chrX	79962607	80162607	harbor2	chrX	80006692	80006908	SINE/MIR	702	-	108	80006800	44193
chrX	132815020	133015020	harbor2	chrX	132815267	132815522	SINE/MIR	1197	-	128	132815395	375
chrX	132815020	133015020	harbor2	chrX	132822009	132822217	SINE/MIR	892	-	104	132822113	7093
chrX	132815020	133015020	harbor2	chrX	132855227	132855447	SINE/MIR	592	-	110	132855337	40317
chrX	132815020	133015020	harbor2	chrX	132888892	132889133	SINE/MIR	655	-	120	132889012	73992
chrX	132815020	133015020	harbor2	chrX	132890087	132890353	SINE/MIR	758	-	133	132890220	75200
chrX	130532246	130732246	harbor2	chrX	130550161	130550343	SINE/MIR	564	-	91	130550252	18006
chrX	130532246	130732246	harbor2	chrX	130556643	130556836	SINE/MIR	608	-	96	130556739	24493
chrX	130532246	130732246	harbor2	chrX	130576693	130576906	SINE/MIR	708	-	106	130576799	44553
chrX	130532246	130732246	harbor2	chrX	130587224	130587439	SINE/MIR	747	-	108	130587332	55086
chrX	130532246	130732246	harbor2	chrX	130592980	130593210	SINE/MIR	922	-	115	130593095	60849
chrX	130532246	130732246	harbor2	chrX	130613350	130613548	SINE/MIR	720	-	99	130613449	81203
chrX	130532246	130732246	harbor2	chrX	130628143	130628354	SINE/MIR	960	-	106	130628249	96003
chrX	130532246	130732246	harbor2	chrX	130629922	130630147	SINE/MIR	693	-	112	130630034	97788
chrX	121434567	121634567	harbor2	chrX	121470427	121470612	SINE/MIR	636	-	92	121470519	35952
chrX	70224219	70424219	harbor2	chrX	70225687	70225917	SINE/MIR	640	-	115	70225802	1583
chrX	70224219	70424219	harbor2	chrX	70230880	70231081	SINE/MIR	626	-	100	70230980	6761
chrX	70224219	70424219	harbor2	chrX	70253215	70253407	SINE/MIR	624	-	96	70253311	29092
chrX	70224219	70424219	harbor2	chrX	70260601	70260845	SINE/MIR	679	-	122	70260723	36504
chrX	70224219	70424219	harbor2	chrX	70278883	70279116	SINE/MIR	639	-	116	70278999	54780
chrX	142711940	142911940	harbor2	chrX	142795656	142795893	SINE/MIR	525	-	118	142795774	83834
chrX	142711940	142911940	harbor2	chrX	142795933	142796159	SINE/MIR	602	-	113	142796046	84106
chrX	130681148	130881148	harbor2	chrX	130684204	130684409	SINE/MIR	559	-	102	130684306	3158
chrX	130681148	130881148	harbor2	chrX	130693319	130693553	SINE/MIR	816	-	117	130693436	12288
chrX	130681148	130881148	harbor2	chrX	130699930	130700189	SINE/MIR	1167	-	130	130700060	18912
chrX	130681148	130881148	harbor2	chrX	130700693	130700929	SINE/MIR	967	-	118	130700811	19663
chrX	130681148	130881148	harbor2	chrX	130701507	130701734	SINE/MIR	622	-	114	130701621	20473
chrX	130681148	130881148	harbor2	chrX	130703944	130704120	SINE/MIR	611	-	88	130704032	22884
chrX	130681148	130881148	harbor2	chrX	130710061	130710314	SINE/MIR	1180	-	126	130710187	29039
chrX	130681148	130881148	harbor2	chrX	130712181	130712238	SINE/MIR	882	-	28	130712209	31061
chrX	130681148	130881148	harbor2	chrX	130712956	130713153	SINE/MIR	882	-	98	130713054	31906
chrX	130681148	130881148	harbor2	chrX	130727136	130727359	SINE/MIR	653	-	112	130727248	46100
chrX	130681148	130881148	harbor2	chrX	130727344	130727567	SINE/MIR	717	-	112	130727456	46308
chrX	130681148	130881148	harbor2	chrX	130739550	130739780	SINE/MIR	752	-	115	130739665	58517
chrX	130681148	130881148	harbor2	chrX	130742675	130742817	SINE/MIR	679	-	71	130742746	61598
chrX	130681148	130881148	harbor2	chrX	130773170	130773300	SINE/MIR	518	-	65	130773235	92087
chrX	54200417	54400417	harbor2	chrX	54200444	54200680	SINE/MIR	747	-	118	54200562	145
chrX	54200417	54400417	harbor2	chrX	54244321	54244482	SINE/MIR	536	-	80	54244401	43984
chrX	101625919	101825919	harbor2	chrX	101684587	101684823	SINE/MIR	566	-	118	101684705	58786
chrX	149082167	149282167	harbor2	chrX	149123628	149123691	SINE/MIR	706	-	32	149123660	41493
chrX	149082167	149282167	harbor2	chrX	149124061	149124235	SINE/MIR	706	-	87	149124148	41981
chrX	128363396	128563396	harbor2	chrX	128372037	128372254	SINE/MIR	543	-	108	128372145	8749
chrX	128363396	128563396	harbor2	chrX	128405650	128405859	SINE/MIR	628	-	104	128405754	42358
chrX	128363396	128563396	harbor2	chrX	128409568	128409792	SINE/MIR	635	-	112	128409680	46284
chrX	128363396	128563396	harbor2	chrX	128437817	128438013	SINE/MIR	657	-	98	128437915	74519
chrX	128363396	128563396	harbor2	chrX	128440091	128440331	SINE/MIR	659	-	120	128440211	76815
chrX	128363396	128563396	harbor2	chrX	128443545	128443775	SINE/MIR	584	-	115	128443660	80264
chrX	136968343	137168343	harbor2	chrX	136972528	136972741	SINE/MIR	998	-	106	136972634	4291
chrX	136968343	137168343	harbor2	chrX	136973046	136973100	SINE/MIR	998	-	27	136973073	4730
chrX	136968343	137168343	harbor2	chrX	137061935	137062035	SINE/MIR	725	-	50	137061985	93642
chrX	136968343	137168343	harbor2	chrX	137062659	137062783	SINE/MIR	725	-	62	137062721	94378
chrX	136769059	136969059	harbor2	chrX	136778160	136778329	SINE/MIR	713	-	84	136778244	9185
chrX	136769059	136969059	harbor2	chrX	136861951	136862134	SINE/MIR	693	-	92	136862043	92984
chrX	136769059	136969059	harbor2	chrX	136773619	136773860	SINE/MIR	910	-	120	136773739	4680
chrX	45571090	45771090	harbor2	chrX	45583846	45584054	SINE/MIR	528	-	104	45583950	12860
chrX	45571090	45771090	harbor2	chrX	45651030	45651192	SINE/MIR	562	-	81	45651111	80021
